main/data/temperature/22.04.2023.grid
ncols 886
nrows 691
xllcenter 112.0000
yllcenter -44.5000
cellsize 0.0500
nodata_value 99999.90
[rows 340 to 373 of 691, columns 385 to 461 of 886]
25.67 25.92 25.96 25.82 25.69 25.76 25.76 25.86 25.77 25.78 25.89 25.97 26.01 25.90 26.11 26.09 26.05 25.97 26.03 25.92 25.85 25.82 25.76 25.53 25.27 25.32 25.48 25.63 25.68 25.52 25.80 26.15 26.11 26.12 26.07 26.12 26.19 26.26 25.85 25.82 25.82 25.82 26.50 26.60 26.70 26.61 26.64 26.84 26.82 26.88 26.94 26.95 27.00 27.12 27.06 27.26 27.32 27.29 27.41 27.31 27.48 27.63 27.80 27.84 27.90 27.92 27.98 28.07 28.12 28.16 28.21 28.28 28.35 28.44 28.53 28.63 28.71
25.98 26.01 26.10 25.96 25.90 25.76 25.91 26.00 26.01 25.87 26.05 26.02 26.05 25.96 26.15 26.09 26.11 25.99 25.91 25.67 25.70 25.68 25.45 25.70 25.61 25.70 25.62 25.74 25.88 25.97 26.04 26.14 26.21 26.21 26.08 26.22 26.29 26.37 26.40 26.41 26.38 26.33 26.44 26.53 26.55 26.53 26.59 26.57 26.88 26.95 27.03 27.10 27.00 27.00 27.21 27.22 27.21 27.21 27.23 27.35 27.55 27.65 27.70 27.81 27.92 27.96 28.00 28.06 28.12 28.16 28.23 28.29 28.40 28.49 28.57 28.63 28.70
26.10 26.09 26.07 25.94 25.74 25.69 25.80 25.99 26.05 26.09 26.02 26.08 26.06 26.06 26.09 26.15 26.09 25.95 25.80 25.76 25.61 24.78 25.81 25.90 25.86 25.89 25.55 25.86 25.49 25.73 26.01 26.17 26.26 26.23 26.09 26.29 26.29 26.39 26.43 26.48 26.49 26.47 26.52 26.47 26.50 26.47 26.49 26.67 26.81 26.93 26.94 26.92 26.97 26.98 27.09 27.05 27.00 27.20 27.23 27.30 27.32 27.69 27.80 27.85 27.93 27.98 28.02 28.07 28.14 28.16 28.26 28.30 28.38 28.45 28.55 28.66 28.74
26.18 26.11 25.99 25.95 25.84 25.86 25.99 25.97 26.08 26.09 26.03 26.00 26.09 26.07 26.19 26.19 25.88 25.99 25.91 25.86 25.98 26.00 25.78 25.62 25.88 25.96 25.97 25.26 26.05 26.10 26.10 25.82 26.23 26.31 26.22 26.32 26.41 26.42 26.48 26.51 26.56 26.57 26.57 26.28 26.53 26.65 26.44 26.57 26.70 26.83 26.57 26.66 26.80 26.95 27.14 27.07 26.95 27.24 27.23 27.34 27.64 27.71 27.77 27.89 27.94 27.97 28.04 28.08 28.16 28.21 28.30 28.38 28.45 28.52 28.58 28.66 28.64
26.19 26.09 26.07 25.98 25.92 25.97 26.09 26.12 26.14 26.05 25.82 26.00 26.08 26.07 26.03 26.17 26.13 26.21 26.16 26.12 26.21 26.23 26.11 26.16 26.16 26.15 26.19 26.16 26.20 26.22 26.19 26.14 26.32 26.36 26.37 26.43 26.42 26.47 26.51 26.55 26.61 26.65 26.57 26.43 26.63 26.78 26.80 26.73 26.82 26.90 26.89 26.89 26.95 26.78 27.10 27.17 27.22 27.29 27.45 27.59 27.54 27.69 27.75 27.46 27.49 27.33 27.97 28.04 28.08 28.09 28.24 28.34 28.39 28.44 28.51 28.65 28.55
26.25 26.18 26.15 26.09 25.93 25.94 26.07 26.14 26.17 26.13 26.04 26.00 26.14 26.16 26.23 26.22 26.17 26.27 26.29 26.26 26.33 26.32 26.26 26.26 26.27 26.25 26.29 26.29 26.31 26.31 26.30 26.31 26.31 26.28 26.41 26.44 26.45 26.41 26.40 26.42 26.40 26.70 26.77 26.59 26.57 26.73 26.86 26.79 26.80 26.91 27.00 26.99 27.01 27.01 27.07 27.14 27.16 27.18 27.18 27.18 27.22 27.37 27.50 27.41 27.61 27.68 27.93 27.97 28.06 28.12 28.19 28.32 28.39 28.45 28.54 28.65 28.62
26.22 26.26 26.23 26.05 25.83 25.85 25.94 26.03 26.13 26.17 26.23 26.12 26.26 26.21 26.24 26.25 26.26 26.25 26.34 26.37 26.36 26.36 26.35 26.36 26.35 26.35 26.37 26.39 26.39 26.28 26.17 26.23 26.39 26.41 26.42 26.45 26.40 26.38 26.45 26.49 26.46 26.77 26.75 26.83 26.73 26.76 26.88 26.85 26.89 26.98 27.02 27.06 27.05 27.00 27.00 27.03 27.09 27.06 27.13 27.19 27.25 27.20 27.29 27.47 27.67 27.78 27.89 27.95 28.01 28.09 28.16 28.25 28.36 28.46 28.55 28.64 28.70
26.33 26.32 26.25 26.08 26.04 25.98 25.80 25.95 25.97 26.19 26.20 26.24 26.22 26.26 26.26 26.25 26.26 26.30 26.33 26.34 26.36 26.36 26.41 26.44 26.45 26.44 26.44 26.47 26.45 26.36 26.22 26.23 26.24 26.40 26.48 26.48 26.42 26.40 26.55 26.63 26.52 26.57 26.54 26.76 26.73 26.85 26.90 26.88 26.92 26.98 27.02 27.08 27.02 26.99 26.97 27.01 27.07 27.09 27.11 27.16 27.26 27.36 27.42 27.50 27.60 27.68 27.80 27.86 27.97 28.06 28.14 28.24 28.33 28.41 28.52 28.58 28.62
26.31 26.25 26.17 26.10 26.14 26.07 26.00 26.02 26.13 26.25 26.26 26.33 26.22 26.29 26.22 26.27 26.26 26.24 26.21 26.32 26.36 26.38 26.44 26.46 26.52 26.49 26.53 26.54 26.53 26.45 26.37 26.26 26.30 26.38 26.51 26.51 26.51 26.53 26.62 26.61 26.58 26.58 26.65 26.80 26.93 26.91 26.96 26.95 26.95 27.02 27.04 27.09 27.06 26.93 26.96 27.03 27.04 27.10 26.95 27.13 27.14 27.17 27.33 27.43 27.41 27.27 27.47 27.69 27.86 28.03 28.10 28.17 28.22 28.41 28.50 28.55 28.54
26.35 26.29 26.22 26.15 26.25 26.15 26.01 26.02 26.05 26.24 26.05 26.25 26.25 26.17 26.15 26.33 26.27 26.18 26.07 26.16 26.35 26.43 26.45 26.47 26.51 26.53 26.55 26.58 26.58 26.50 26.39 26.45 26.44 26.46 26.60 26.56 26.55 26.64 26.66 26.58 26.58 26.70 26.77 26.96 26.97 26.97 26.98 27.01 27.01 27.05 27.09 27.10 27.04 26.97 26.96 27.03 27.02 27.08 27.15 27.16 27.19 27.19 27.29 27.49 27.51 27.55 27.66 27.74 27.88 28.01 28.10 28.16 28.25 28.34 28.43 28.49 28.53
26.41 26.38 26.28 26.26 26.26 26.28 26.11 26.10 26.09 26.02 25.91 26.12 25.93 26.13 26.17 26.18 26.04 26.17 26.18 26.17 26.28 26.46 26.48 26.50 26.53 26.52 26.54 26.50 26.58 26.62 26.55 26.52 26.58 26.59 26.59 26.58 26.58 26.62 26.68 26.54 26.48 26.72 26.80 26.90 26.98 26.98 27.00 27.03 27.06 27.11 27.14 27.09 27.02 26.95 26.97 27.04 27.04 27.01 27.11 27.27 27.18 27.25 27.43 27.57 27.65 27.65 27.74 27.84 27.93 28.01 28.06 28.13 28.20 28.25 28.25 28.42 28.53
26.46 26.42 26.44 26.46 26.39 26.38 26.19 26.22 26.14 25.74 25.90 25.97 26.07 26.22 26.37 26.36 26.25 26.19 26.38 26.38 26.32 26.39 26.46 26.49 26.51 26.52 26.53 26.54 26.59 26.60 26.62 26.65 26.67 26.64 26.58 26.62 26.62 26.60 26.51 26.57 26.66 26.64 26.70 26.80 26.95 26.98 27.05 27.09 27.09 27.17 27.09 26.97 27.02 26.92 26.94 27.05 27.02 27.04 27.09 27.27 27.36 27.20 27.42 27.65 27.73 27.77 27.82 27.87 27.92 27.98 28.06 28.11 28.16 28.30 28.39 28.50 28.50
26.49 26.47 26.47 26.41 26.50 26.34 26.30 26.30 26.24 26.04 26.08 26.18 26.14 26.15 26.27 26.43 26.42 26.41 26.41 26.50 26.54 26.50 26.50 26.50 26.55 26.52 26.52 26.57 26.59 26.62 26.64 26.60 26.65 26.69 26.63 26.61 26.63 26.64 26.62 26.68 26.70 26.63 26.57 26.91 26.93 27.05 27.08 27.13 27.11 27.17 27.11 26.98 26.98 26.96 26.93 27.10 27.00 27.00 27.06 27.30 27.43 27.25 27.46 27.66 27.63 27.75 27.81 27.88 27.97 27.99 28.07 28.09 28.25 28.35 28.42 28.43 28.43
26.50 26.49 26.50 26.50 26.57 26.50 26.47 26.39 26.16 25.99 26.16 26.35 26.35 26.42 26.46 26.58 26.43 26.53 26.18 26.49 26.53 26.53 26.47 26.51 26.55 26.56 26.57 26.57 26.60 26.62 26.62 26.58 26.50 26.51 26.53 26.52 26.57 26.64 26.71 26.72 26.71 26.70 26.76 26.92 27.05 27.07 27.12 27.16 27.15 27.17 27.09 26.98 26.94 26.98 27.04 27.14 27.15 27.01 27.03 27.18 27.43 27.54 27.59 27.64 27.52 27.71 27.77 27.84 27.91 27.92 28.01 28.07 28.15 28.24 28.42 28.57 28.58
26.45 26.57 26.22 26.58 26.26 26.39 26.36 26.05 25.99 25.97 26.05 26.16 26.12 26.41 26.30 26.36 26.41 26.38 26.23 26.31 26.53 26.51 26.59 26.48 26.54 26.57 26.57 26.60 26.60 26.62 26.58 26.41 26.31 26.37 26.64 26.63 26.69 26.70 26.73 26.74 26.75 26.75 26.89 26.96 27.06 27.11 27.13 27.17 27.15 27.13 27.11 27.05 26.96 26.65 26.85 26.92 27.18 27.31 27.12 27.21 27.08 27.54 27.68 27.66 27.70 27.78 27.88 27.84 27.91 27.95 28.06 28.10 28.05 28.08 28.28 28.54 28.64
26.42 26.34 26.19 26.42 26.15 26.09 26.16 25.91 26.21 26.30 26.25 26.20 26.31 26.15 26.20 26.24 26.24 26.28 26.32 26.42 26.32 26.42 26.41 26.43 26.64 26.45 26.54 26.60 26.63 26.63 26.64 26.64 26.50 26.46 26.49 26.71 26.77 26.76 26.76 26.77 26.79 26.86 26.91 26.95 27.03 27.13 27.18 27.20 27.20 27.20 27.19 27.14 27.04 26.92 26.77 26.78 27.12 27.29 27.37 27.42 27.50 27.60 27.65 27.74 27.76 27.75 27.87 28.02 27.83 27.92 27.93 27.98 28.04 28.08 28.29 28.45 28.52
26.24 26.31 26.22 26.20 26.13 26.02 26.01 25.98 26.07 26.27 26.57 26.39 26.31 26.40 26.22 26.20 26.50 26.48 26.41 26.55 26.53 26.42 26.14 26.31 26.49 26.40 26.70 26.61 26.63 26.62 26.62 26.58 26.53 26.56 26.55 26.73 26.80 26.79 26.77 26.76 26.79 26.85 26.90 26.93 27.01 27.06 27.15 27.18 27.19 27.19 27.20 27.12 27.08 27.04 26.98 26.90 26.96 27.07 27.28 27.36 27.45 27.53 27.59 27.61 27.61 27.70 27.77 27.87 28.06 27.99 27.68 27.90 28.00 28.01 28.29 28.41 28.53
26.19 26.66 26.36 26.48 26.16 26.21 26.23 26.20 26.21 26.15 26.44 26.55 26.52 26.65 26.46 26.25 26.53 26.57 26.66 26.49 26.41 26.45 26.36 26.40 26.37 26.36 26.49 26.67 26.65 26.62 26.61 26.52 26.60 26.69 26.69 26.68 26.81 26.79 26.81 26.81 26.83 26.88 26.88 26.93 27.02 27.08 27.13 27.19 27.21 27.20 27.21 27.16 27.10 27.08 26.99 26.83 26.93 27.13 26.95 26.91 27.06 27.32 27.28 26.97 27.54 27.63 27.71 27.85 28.05 28.12 28.06 27.96 28.01 27.96 28.24 28.37 28.49
26.28 26.64 26.53 26.50 26.50 26.21 26.45 26.48 26.23 26.29 26.22 26.37 26.57 26.80 26.58 26.35 26.42 26.19 26.59 26.48 26.60 26.66 26.57 26.52 26.53 26.57 26.59 26.60 26.70 26.68 26.69 26.57 26.54 26.64 26.69 26.80 26.78 26.75 26.79 26.84 26.87 26.83 26.83 26.92 26.99 27.03 27.11 27.12 27.19 27.18 27.20 27.17 27.14 27.08 26.98 26.89 26.88 27.02 27.12 27.18 27.20 27.35 27.35 27.34 27.38 27.61 27.69 27.71 28.01 28.11 28.14 27.96 27.89 28.13 28.39 28.33 28.35
26.38 26.74 26.62 26.75 26.63 26.28 26.64 26.57 26.16 26.23 26.37 26.40 26.50 26.76 26.48 26.30 26.32 26.36 26.39 26.59 26.53 26.62 26.59 26.76 26.53 26.70 26.66 26.67 26.69 26.68 26.67 26.63 26.55 26.50 26.63 26.73 26.76 26.76 26.79 26.83 26.86 26.83 26.84 26.91 26.92 26.96 27.05 27.14 27.15 27.15 27.22 27.15 27.09 27.03 26.91 26.87 26.89 26.96 27.09 27.23 27.30 27.39 27.50 27.47 27.51 27.32 27.63 27.67 27.90 28.04 28.14 28.19 28.24 28.30 28.16 28.47 28.51
26.48 26.86 26.86 26.57 26.39 26.59 26.64 26.35 26.25 26.21 26.70 26.38 26.76 26.85 26.42 26.27 26.24 26.51 26.22 26.30 26.62 26.31 26.67 26.85 26.61 26.66 26.77 26.72 26.65 26.69 26.67 26.62 26.51 26.46 26.56 26.59 26.74 26.72 26.82 26.84 26.90 26.85 26.90 26.90 26.89 27.02 26.99 27.10 27.19 27.26 27.21 27.14 27.06 26.94 26.99 26.92 26.88 26.91 26.84 27.16 27.19 27.28 27.37 27.48 27.29 27.57 27.58 27.56 27.68 27.91 28.06 28.17 28.26 28.32 28.38 28.40 28.51
26.90 26.83 26.59 26.55 26.51 26.75 26.72 26.37 26.22 26.48 26.68 26.27 26.83 26.41 26.27 26.30 26.37 26.43 26.66 26.32 26.34 26.52 26.61 26.78 26.82 26.50 26.77 26.74 26.74 26.73 26.65 26.59 26.63 26.61 26.58 26.69 26.64 26.71 26.71 26.81 26.95 26.81 26.92 26.90 26.90 27.04 27.02 27.10 27.18 27.21 27.19 27.09 27.03 27.03 27.03 26.98 26.90 26.87 26.78 26.84 27.01 27.07 27.35 27.39 27.48 27.56 27.64 27.41 27.56 27.74 27.96 28.09 28.20 28.27 28.35 28.41 28.44
26.79 26.70 26.43 26.47 26.60 26.84 26.64 26.47 26.44 26.65 26.74 26.86 26.84 26.54 26.53 26.31 26.34 26.42 26.62 26.60 26.32 26.49 26.52 26.57 26.80 26.77 26.75 26.74 26.73 26.56 26.56 26.56 26.65 26.78 26.75 26.86 26.82 26.85 26.79 26.91 26.95 26.90 26.93 26.92 26.95 27.04 27.15 27.22 27.18 27.18 27.17 27.14 27.11 27.05 27.02 26.98 26.92 26.88 26.69 26.81 27.04 27.17 27.28 27.34 27.46 27.53 27.62 27.55 27.51 27.72 27.84 27.95 28.11 28.13 28.27 28.37 28.44
26.86 26.70 26.39 26.41 26.80 26.91 26.64 26.53 26.47 26.45 26.50 26.60 26.83 26.80 26.52 26.36 26.73 26.28 26.82 26.57 26.34 26.40 26.27 26.39 26.59 26.76 26.73 26.71 26.55 26.56 26.57 26.50 26.55 26.79 26.94 26.96 26.95 26.86 26.79 26.75 26.97 26.81 26.75 26.94 27.01 27.08 27.20 27.15 27.14 27.09 27.15 27.12 27.08 27.02 26.96 26.96 26.93 26.89 26.84 26.69 26.96 27.09 27.30 27.37 27.39 27.40 27.56 27.69 27.70 27.63 27.50 27.80 27.96 28.06 28.15 28.24 28.36
26.85 26.83 26.60 26.52 26.82 26.75 26.61 26.36 26.58 26.42 26.62 26.86 26.93 26.61 26.35 26.30 26.55 26.67 26.68 26.39 26.44 26.64 26.37 26.48 26.65 26.66 26.70 26.75 26.57 26.59 26.65 26.47 26.66 26.86 26.87 26.99 26.93 26.89 26.69 26.83 26.95 26.77 26.89 26.96 27.04 27.12 27.14 27.11 26.95 26.96 26.93 26.99 26.99 26.99 26.93 26.85 26.82 26.80 26.78 26.82 27.01 27.11 27.25 27.32 27.44 27.68 27.70 27.70 27.74 27.70 27.52 27.74 27.88 27.99 28.09 28.12 28.20
26.84 26.86 26.84 26.87 26.97 26.80 26.67 26.45 26.43 26.84 26.71 26.92 26.57 26.49 26.47 26.29 26.43 26.55 26.79 26.46 26.36 26.61 26.53 26.50 26.50 26.68 26.69 26.72 26.75 26.62 26.69 26.73 26.68 26.87 26.84 26.83 26.69 26.71 26.84 26.82 26.87 26.87 26.99 27.02 27.07 27.11 27.07 26.88 26.88 26.94 26.89 26.89 26.90 26.89 26.88 26.80 26.76 26.79 26.74 26.79 26.98 27.11 27.15 27.24 27.33 27.50 27.64 27.74 27.77 27.78 27.52 27.69 27.82 27.95 28.01 28.06 28.08
26.81 26.86 26.85 26.93 26.90 26.88 26.59 26.76 26.53 26.81 26.86 26.78 26.52 26.43 26.60 26.49 26.54 26.67 26.77 26.52 26.59 26.72 26.68 26.68 26.65 26.64 26.71 26.74 26.70 26.70 26.73 26.65 26.67 26.71 26.64 26.64 26.61 26.73 26.79 26.84 26.90 26.94 26.91 26.96 27.04 27.10 27.11 27.06 27.03 27.04 26.94 26.91 26.92 26.92 26.90 26.78 26.76 26.71 26.62 26.65 26.71 26.99 27.06 27.12 27.21 27.38 27.46 27.58 27.66 27.71 27.79 27.81 27.86 27.95 27.93 28.01 28.03
26.86 26.83 26.84 26.92 26.91 26.62 26.74 26.91 26.69 26.94 26.92 26.62 26.39 26.40 26.72 26.70 26.62 26.78 26.87 26.60 26.76 26.86 26.90 26.82 26.80 26.74 26.73 26.68 26.65 26.66 26.67 26.60 26.58 26.58 26.55 26.61 26.63 26.62 26.77 26.83 26.83 26.86 26.84 27.01 26.94 27.05 27.12 27.11 27.11 27.10 27.06 27.02 26.96 26.88 26.87 26.85 26.79 26.67 26.61 26.80 26.91 26.93 26.99 27.05 27.14 27.18 27.30 27.43 27.48 27.60 27.58 27.27 27.75 27.83 27.89 27.94 28.04
26.92 26.86 26.81 26.82 26.90 26.59 26.74 26.83 26.92 26.91 26.80 26.53 26.39 26.54 26.66 26.81 26.61 26.88 26.97 26.97 26.93 26.87 26.85 26.79 26.80 26.70 26.66 26.54 26.66 26.57 26.51 26.49 26.50 26.53 26.58 26.60 26.68 26.76 26.70 26.82 26.82 26.83 26.85 26.90 27.00 27.05 27.10 27.10 27.10 27.03 27.10 27.06 26.99 26.97 26.87 26.80 26.77 26.71 26.68 26.85 26.89 26.95 26.90 27.00 27.07 27.13 27.22 27.29 27.35 27.27 27.33 27.48 27.64 27.69 27.73 27.82 27.86
26.82 26.88 26.91 26.77 26.90 26.74 26.71 27.01 26.98 26.90 26.54 26.56 26.61 26.60 26.80 27.03 27.06 26.98 26.99 26.94 26.90 26.85 26.73 26.64 26.77 26.68 26.71 26.52 26.47 26.62 26.47 26.50 26.48 26.55 26.60 26.53 26.75 26.74 26.73 26.84 26.75 26.79 26.76 26.83 26.90 27.03 27.06 27.05 27.04 27.06 27.07 26.94 26.92 26.90 26.82 26.78 26.67 26.65 26.62 26.79 26.85 26.88 26.92 26.98 27.03 27.06 27.12 27.12 27.13 27.25 27.21 27.37 27.51 27.54 27.72 27.58 27.69
26.97 26.92 26.92 26.94 26.93 26.95 26.77 26.95 26.90 26.73 26.88 26.85 26.67 26.96 27.01 27.00 27.01 27.02 27.00 26.88 26.73 26.73 26.58 26.54 26.55 26.65 26.58 26.60 26.38 26.44 26.49 26.53 26.57 26.55 26.69 26.70 26.70 26.77 26.73 26.80 26.73 26.81 26.85 26.84 26.93 27.00 27.02 27.05 27.02 26.95 27.03 26.94 26.88 26.85 26.77 26.69 26.64 26.63 26.62 26.71 26.74 26.80 26.74 26.86 26.91 26.96 26.97 27.04 27.16 27.22 27.29 27.38 27.39 27.54 27.61 27.47 27.50
27.04 27.00 27.02 27.04 26.97 26.93 26.95 26.95 26.98 26.86 26.97 26.99 26.97 27.09 26.99 26.95 26.92 26.91 26.87 26.90 26.72 26.60 26.55 26.34 26.44 26.44 26.38 26.38 26.43 26.56 26.62 26.58 26.66 26.77 26.72 26.74 26.73 26.69 26.72 26.73 26.76 26.71 26.76 26.89 26.87 26.98 27.10 27.05 27.08 26.99 26.94 26.80 26.76 26.71 26.71 26.66 26.62 26.64 26.56 26.55 26.40 26.39 26.56 26.59 26.72 26.79 26.93 27.02 27.12 27.21 27.29 27.35 27.42 27.42 27.42 27.26 27.27
26.98 26.83 26.99 26.77 26.99 26.95 26.97 26.91 26.89 27.01 27.04 26.92 27.06 26.97 26.95 26.91 26.88 26.79 26.78 26.84 26.80 26.66 26.55 26.41 26.35 26.30 26.35 26.39 26.50 26.54 26.60 26.80 26.75 26.72 26.72 26.66 26.73 26.72 26.69 26.76 26.87 26.79 26.78 26.81 26.98 26.98 26.98 26.96 27.00 26.95 26.90 26.75 26.72 26.69 26.70 26.67 26.63 26.66 26.59 26.58 26.52 26.36 26.45 26.56 26.59 26.81 26.90 27.02 27.12 27.19 27.24 27.33 27.37 27.42 27.42 27.43 27.45
26.95 26.94 27.04 27.02 27.04 26.95 26.93 26.89 26.93 26.96 26.96 26.85 27.00 26.91 27.03 26.84 26.86 26.82 26.59 26.76 26.73 26.65 26.58 26.45 26.35 26.41 26.36 26.44 26.52 26.58 26.65 26.79 26.78 26.73 26.74 26.71 26.64 26.68 26.89 26.83 26.86 26.90 26.80 26.85 26.85 27.02 27.02 26.99 26.98 26.91 26.83 26.73 26.73 26.73 26.66 26.58 26.60 26.68 26.65 26.59 26.54 26.45 26.44 26.54 26.48 26.65 26.82 26.90 27.09 27.16 27.22 27.29 27.37 27.42 27.51 27.53 27.53
