main/data/temperature/22.08.2023.grid
ncols 886
nrows 691
xllcenter 112.0000
yllcenter -44.5000
cellsize 0.0500
nodata_value 99999.90
[rows 612 to 645 of 691, columns 616 to 692 of 886]
13.09 13.13 13.17 13.20 13.24 13.29 13.32 13.37 13.40 13.43 13.46 13.48 13.49 13.49 13.48 13.46 13.42 13.40 13.37 13.35 13.32 13.30 13.30 13.29 13.29 13.29 13.29 13.30 13.32 13.34 13.36 13.39 13.42 13.46 13.49 13.54 13.59 13.63 13.68 13.72 13.79 13.85 13.90 13.97 14.03 14.10 14.17 14.24 14.30 14.38 14.46 14.55 14.64 14.74 14.84 14.95 15.04 15.14 15.24 15.34 15.42 15.50 15.58 15.65 15.71 15.77 15.82 15.86 15.90 15.93 15.95 15.96 15.99 16.00 16.01 16.01 16.03
13.08 13.11 13.15 13.19 13.23 13.26 13.29 13.33 13.36 13.38 13.40 13.42 13.42 13.42 13.40 13.37 13.32 13.30 13.27 13.26 13.24 13.24 13.23 13.22 13.23 13.24 13.26 13.27 13.29 13.32 13.35 13.38 13.42 13.46 13.50 13.55 13.60 13.65 13.70 13.75 13.80 13.86 13.93 13.99 14.06 14.13 14.19 14.26 14.33 14.40 14.47 14.56 14.65 14.75 14.85 14.96 15.06 15.16 15.26 15.35 15.44 15.52 15.59 15.66 15.72 15.78 15.83 15.86 15.90 15.93 15.95 15.97 16.00 16.01 16.02 16.04 16.04
13.07 13.10 13.14 13.17 13.21 13.24 13.27 13.30 13.33 13.34 13.36 13.37 13.37 13.35 13.34 13.30 13.25 13.21 13.18 13.18 13.18 13.17 13.17 13.18 13.19 13.21 13.23 13.26 13.28 13.31 13.35 13.38 13.42 13.46 13.51 13.56 13.61 13.66 13.12 13.77 13.83 13.88 13.61 13.96 14.01 14.14 14.22 14.28 14.34 14.41 14.48 14.57 14.66 14.77 14.87 14.96 15.07 15.17 15.27 15.36 15.45 15.53 15.61 15.67 15.74 15.78 15.83 15.88 15.91 15.94 15.97 15.99 16.01 16.02 16.03 16.05 16.07
13.07 13.09 13.13 13.16 13.19 13.22 13.25 13.27 13.30 13.31 13.33 13.32 13.32 13.30 13.28 13.24 13.19 13.13 13.12 13.12 13.12 13.12 13.14 13.15 13.17 13.19 13.21 13.24 13.28 13.31 13.34 13.38 13.42 13.47 13.51 13.57 13.62 13.67 13.71 13.68 13.80 13.87 13.97 14.04 14.11 14.17 14.24 14.30 14.36 14.42 14.48 14.58 14.67 14.77 14.87 14.97 15.08 15.18 15.28 15.38 15.46 15.54 15.62 15.68 15.74 15.80 15.84 15.89 15.92 15.95 15.98 16.00 16.03 16.04 16.06 16.07 16.09
13.06 13.09 13.12 13.15 13.18 13.20 13.23 13.25 13.27 13.28 13.30 13.29 13.29 13.27 13.24 13.20 13.14 13.09 13.07 13.06 13.08 13.09 13.10 13.12 13.14 13.18 13.20 13.23 13.27 13.30 13.34 13.38 13.43 13.47 13.52 13.57 13.63 13.68 13.73 13.62 13.76 13.54 13.65 13.95 14.03 14.13 14.27 14.33 14.38 14.43 14.50 14.58 14.68 14.78 14.88 14.98 15.09 15.19 15.29 15.38 15.47 15.55 15.62 15.69 15.75 15.81 15.86 15.90 15.93 15.97 15.99 16.01 16.04 16.05 16.08 16.09 16.10
13.06 13.09 13.12 13.14 13.17 13.20 13.22 13.24 13.26 13.27 13.28 13.28 13.26 13.25 13.21 13.18 13.11 13.05 13.02 13.03 13.04 13.06 13.08 13.11 13.13 13.16 13.19 13.23 13.26 13.30 13.35 13.39 13.44 13.48 13.53 13.58 13.64 13.69 13.74 13.44 13.67 13.43 13.65 13.71 13.67 14.12 14.26 14.02 14.07 14.10 14.47 14.60 14.69 14.78 14.88 14.99 15.10 15.21 15.31 15.40 15.48 15.57 15.63 15.70 15.76 15.82 15.87 15.90 15.94 15.97 16.00 16.03 16.05 16.08 16.09 16.11 16.13
13.06 13.09 13.11 13.14 13.16 13.19 13.21 13.23 13.24 13.26 13.26 13.26 13.25 13.23 13.20 13.16 13.10 13.04 12.99 13.00 13.01 13.04 13.07 13.09 13.12 13.15 13.19 13.22 13.26 13.30 13.35 13.40 13.44 13.49 13.53 13.59 13.64 13.69 13.64 13.59 13.46 13.36 13.75 13.58 13.31 14.02 14.19 13.90 13.81 13.70 14.27 14.02 14.34 14.29 13.06 15.00 15.10 15.21 15.32 15.42 15.50 15.57 15.64 15.71 15.77 15.82 15.86 15.91 15.95 15.98 16.02 16.04 16.07 16.09 16.12 16.14 16.16
13.05 13.08 13.11 13.14 13.16 13.19 13.20 13.23 13.24 13.25 13.25 13.25 13.24 13.23 13.20 13.15 13.11 13.03 12.98 12.98 13.00 13.02 13.05 13.08 13.12 13.14 13.18 13.23 13.26 13.31 13.34 13.39 13.44 13.49 13.54 13.59 13.65 13.52 13.12 12.95 13.58 13.44 13.65 13.40 13.50 13.99 13.94 12.92 12.80 14.00 13.81 13.44 13.59 13.46 13.92 13.97 14.13 14.55 14.76 15.42 15.51 15.58 15.65 15.72 15.78 15.82 15.87 15.92 15.95 15.99 16.03 16.05 16.08 16.11 16.14 16.16 16.18
13.05 13.08 13.10 13.13 13.15 13.18 13.21 13.22 13.23 13.25 13.26 13.25 13.25 13.22 13.20 13.16 13.11 13.04 12.98 12.96 12.99 13.02 13.05 13.08 13.11 13.15 13.18 13.22 13.27 13.30 13.35 13.39 13.44 13.48 13.54 13.58 13.64 13.48 13.38 13.16 13.36 13.47 13.71 13.75 13.60 13.95 13.71 13.14 12.86 12.89 13.42 13.81 13.30 13.18 13.18 13.58 14.51 14.94 15.18 15.38 15.50 15.58 15.65 15.72 15.78 15.83 15.88 15.92 15.96 16.00 16.04 16.06 16.10 16.13 16.16 16.19 16.21
13.05 13.08 13.11 13.13 13.16 13.18 13.20 13.22 13.24 13.24 13.25 13.25 13.25 13.23 13.21 13.18 13.13 13.07 13.00 12.97 12.98 13.01 13.04 13.08 13.11 13.14 13.19 13.22 13.26 13.30 13.35 13.40 13.44 13.49 13.53 13.58 13.63 13.68 13.64 13.41 13.43 13.41 13.28 13.56 13.76 12.81 12.64 12.85 13.18 13.19 12.46 12.50 12.59 12.20 12.70 13.47 14.29 13.65 14.49 14.19 14.99 15.01 15.31 15.72 15.79 15.83 15.88 15.93 15.97 16.01 16.05 16.08 16.12 16.15 16.18 16.22 16.24
13.05 13.08 13.11 13.13 13.16 13.17 13.20 13.21 13.24 13.24 13.25 13.26 13.25 13.24 13.22 13.19 13.15 13.10 13.03 12.98 12.97 13.00 13.04 13.07 13.11 13.14 13.18 13.22 13.26 13.30 13.34 13.39 13.43 13.48 13.52 13.58 13.62 13.67 13.52 13.16 12.94 13.15 13.56 13.81 12.81 12.81 13.09 12.75 12.71 13.13 13.33 13.28 13.70 12.51 12.63 12.37 14.26 12.32 12.96 13.81 14.09 14.13 13.25 14.67 15.39 15.83 15.89 15.94 15.98 16.02 16.06 16.10 16.13 16.18 16.21 16.25 16.29
13.05 13.07 13.10 13.12 13.15 13.17 13.20 13.21 13.23 13.25 13.26 13.26 13.26 13.25 13.23 13.21 13.17 13.13 13.08 13.01 12.98 13.00 13.04 13.06 13.10 13.15 13.18 13.22 13.26 13.30 13.34 13.38 13.43 13.47 13.52 13.56 13.61 13.66 13.51 13.27 12.92 12.86 12.79 13.40 12.59 12.85 13.71 11.78 12.61 11.53 11.51 11.63 12.97 12.56 11.23 12.24 12.34 12.26 12.29 14.38 14.11 13.34 13.54 14.68 14.03 13.45 15.67 15.52 15.98 16.02 16.07 16.12 16.16 16.20 16.21 16.29 16.31
13.05 13.07 13.10 13.12 13.15 13.18 13.19 13.22 13.23 13.25 13.26 13.27 13.27 13.26 13.26 13.23 13.21 13.16 13.12 13.05 13.00 13.01 13.03 13.07 13.10 13.14 13.18 13.21 13.26 13.29 13.33 13.37 13.42 13.46 13.51 13.55 13.59 13.65 13.66 13.01 12.57 12.65 12.80 12.40 12.17 12.36 12.25 11.83 12.67 11.29 10.87 11.58 13.07 11.14 13.00 12.07 11.01 11.24 12.87 12.20 12.24 12.97 13.02 13.19 13.43 14.92 14.67 15.11 14.81 15.85 15.88 15.94 15.79 15.77 15.69 16.18 16.15
13.04 13.07 13.09 13.12 13.14 13.17 13.19 13.22 13.23 13.25 13.26 13.27 13.28 13.27 13.27 13.25 13.23 13.20 13.16 13.11 13.04 13.01 13.04 13.06 13.10 13.13 13.17 13.20 13.25 13.29 13.32 13.37 13.40 13.45 13.49 13.54 13.58 13.62 13.60 13.21 12.39 12.10 12.45 12.99 12.59 12.41 12.35 10.82 11.10 10.95 11.98 10.62 9.69 10.47 12.55 11.36 10.94 11.03 11.09 11.63 11.84 12.03 12.67 13.03 13.61 13.32 14.22 14.73 14.32 15.80 14.88 15.77 16.04 15.83 15.74 16.12 16.25
13.03 13.06 13.09 13.12 13.14 13.17 13.19 13.21 13.24 13.25 13.27 13.27 13.28 13.28 13.28 13.28 13.25 13.23 13.19 13.15 13.10 13.04 13.04 13.06 13.10 13.12 13.16 13.20 13.24 13.28 13.31 13.35 13.39 13.43 13.47 13.52 13.56 13.61 13.65 13.11 12.78 12.37 12.03 12.30 12.37 11.99 12.00 11.19 10.28 10.10 10.47 9.49 9.99 9.53 11.89 11.22 10.64 11.19 10.87 11.31 11.18 11.49 11.89 12.42 15.01 12.99 13.12 13.59 15.39 15.46 14.24 13.49 15.94 15.91 15.44 15.53 14.47
13.03 13.06 13.09 13.11 13.14 13.16 13.19 13.20 13.23 13.24 13.26 13.28 13.29 13.30 13.29 13.29 13.27 13.26 13.23 13.19 13.15 13.09 13.05 13.06 13.09 13.12 13.15 13.19 13.22 13.26 13.30 13.34 13.38 13.41 13.46 13.50 13.54 13.58 13.63 13.68 13.19 12.91 12.17 11.32 12.26 12.00 11.26 10.68 10.24 10.99 9.88 10.91 9.36 10.45 11.96 10.14 10.50 11.33 10.45 8.97 10.69 11.16 11.69 11.73 14.69 12.17 13.09 13.79 13.34 14.02 14.40 13.32 14.82 15.60 15.15 15.33 14.47
13.03 13.05 13.08 13.10 13.13 13.15 13.18 13.20 13.22 13.25 13.26 13.28 13.29 13.30 13.30 13.30 13.30 13.28 13.26 13.23 13.20 13.15 13.10 13.07 13.08 13.12 13.15 13.18 13.22 13.25 13.29 13.33 13.36 13.40 13.44 13.48 13.52 13.56 13.61 13.65 13.66 13.09 12.20 10.62 11.26 11.38 11.61 10.64 11.39 10.57 12.21 10.24 11.15 10.14 11.83 11.03 10.17 10.07 10.47 10.43 10.70 10.75 11.83 12.00 13.02 11.43 13.60 13.16 14.97 13.59 14.23 14.21 14.60 15.02 15.95 15.02 15.35
13.01 13.04 13.07 13.09 13.12 13.14 13.17 13.20 13.21 13.24 13.25 13.28 13.29 13.30 13.31 13.31 13.31 13.30 13.29 13.27 13.23 13.20 13.15 13.11 13.09 13.11 13.14 13.18 13.21 13.24 13.27 13.31 13.34 13.38 13.41 13.46 13.50 13.54 13.57 13.62 13.57 13.05 12.19 10.94 8.32 11.60 12.01 10.91 12.51 11.36 11.03 11.78 10.88 10.32 10.57 10.21 9.96 10.16 10.21 10.12 10.55 10.54 8.91 6.24 10.40 11.48 12.19 14.89 11.93 13.26 12.79 14.24 14.74 14.82 14.62 14.85 13.19
13.00 13.02 13.06 13.09 13.11 13.14 13.16 13.19 13.20 13.23 13.26 13.27 13.29 13.30 13.31 13.31 13.32 13.32 13.30 13.29 13.27 13.24 13.20 13.15 13.11 13.11 13.13 13.17 13.20 13.23 13.27 13.29 13.33 13.36 13.40 13.43 13.47 13.52 13.55 13.60 13.63 13.51 12.42 12.28 11.56 11.14 11.76 11.29 12.00 12.72 12.12 12.23 9.92 9.21 9.83 9.72 9.67 9.70 9.82 9.86 10.08 9.32 7.36 9.61 10.55 10.13 11.79 11.71 10.79 11.19 13.68 12.37 13.38 14.73 15.43 14.52 14.21
12.99 13.02 13.04 13.07 13.09 13.12 13.14 13.17 13.20 13.22 13.24 13.26 13.28 13.30 13.31 13.32 13.32 13.33 13.33 13.31 13.30 13.28 13.24 13.21 13.15 13.12 13.13 13.16 13.19 13.21 13.25 13.29 13.31 13.35 13.38 13.41 13.45 13.48 13.53 13.56 13.60 13.65 12.83 12.22 12.21 12.41 10.53 13.36 12.07 10.40 9.59 9.52 10.12 10.40 10.29 10.52 11.84 10.17 9.52 9.75 9.73 8.19 8.57 9.56 9.76 10.28 12.35 12.54 11.63 12.49 13.05 13.91 14.04 14.11 14.70 14.13 14.77
12.97 13.00 13.03 13.06 13.09 13.11 13.14 13.16 13.19 13.20 13.23 13.26 13.27 13.29 13.30 13.32 13.33 13.33 13.33 13.32 13.31 13.30 13.27 13.24 13.20 13.15 13.13 13.16 13.18 13.21 13.24 13.27 13.30 13.33 13.36 13.40 13.43 13.46 13.50 13.53 13.58 13.62 13.23 12.53 12.45 13.41 12.48 12.10 13.58 11.10 9.22 9.69 11.43 9.97 11.60 10.94 11.11 10.18 10.32 12.55 12.49 9.06 8.48 9.37 10.56 10.10 11.85 13.08 10.11 11.86 8.91 11.88 13.70 14.37 14.44 14.59 14.53
12.96 12.99 13.02 13.04 13.07 13.09 13.12 13.14 13.17 13.20 13.21 13.24 13.26 13.28 13.30 13.31 13.32 13.32 13.33 13.33 13.32 13.31 13.30 13.27 13.24 13.20 13.15 13.15 13.18 13.20 13.23 13.26 13.29 13.32 13.35 13.38 13.41 13.45 13.47 13.51 13.55 13.59 13.63 13.66 12.84 12.94 13.55 12.56 12.39 11.70 10.14 11.17 11.08 13.18 11.54 10.13 11.60 9.74 13.30 12.17 9.04 7.81 7.34 8.04 7.95 9.73 10.69 11.14 9.80 11.30 7.14 7.87 7.41 11.01 13.76 12.36 14.42
12.95 12.97 13.00 13.02 13.05 13.07 13.10 13.13 13.15 13.18 13.21 13.22 13.25 13.26 13.28 13.29 13.31 13.32 13.32 13.33 13.33 13.32 13.31 13.29 13.26 13.22 13.18 13.15 13.17 13.20 13.22 13.25 13.28 13.30 13.33 13.36 13.40 13.42 13.45 13.48 13.52 13.56 13.59 13.01 12.73 12.81 12.64 13.52 12.09 10.94 11.72 11.29 12.87 13.19 11.75 11.34 12.87 12.59 11.94 9.07 10.42 10.13 6.41 5.53 7.96 9.66 11.05 9.25 10.59 11.80 11.07 6.55 7.60 7.34 8.14 12.07 13.66
12.93 12.95 12.98 13.01 13.03 13.06 13.08 13.11 13.13 13.16 13.18 13.20 13.23 13.25 13.26 13.29 13.29 13.31 13.32 13.32 13.33 13.33 13.31 13.30 13.28 13.24 13.20 13.17 13.17 13.19 13.22 13.24 13.27 13.30 13.32 13.35 13.37 13.40 13.43 13.46 13.49 13.53 13.56 13.61 13.54 13.02 12.19 13.15 12.39 12.40 12.12 12.11 13.16 13.33 12.53 11.51 13.02 12.03 10.57 9.56 9.07 8.55 7.92 7.03 7.43 11.23 7.00 11.17 10.66 6.30 7.22 5.65 6.90 6.47 6.92 7.13 9.83
12.91 12.94 12.96 12.99 13.01 13.04 13.07 13.08 13.11 13.13 13.16 13.19 13.20 13.23 13.24 13.27 13.29 13.29 13.31 13.32 13.31 13.32 13.31 13.29 13.28 13.25 13.21 13.18 13.17 13.19 13.21 13.24 13.26 13.29 13.31 13.33 13.36 13.39 13.41 13.44 13.47 13.50 13.54 13.57 13.62 12.69 12.72 12.34 12.39 13.37 11.79 11.56 10.40 13.21 10.58 12.68 11.19 12.69 10.07 11.18 9.67 12.24 9.39 9.00 9.72 6.72 7.71 8.44 11.69 7.34 7.47 6.37 6.97 7.20 7.34 6.35 7.67
12.88 12.91 12.93 12.96 12.99 13.01 13.04 13.06 13.09 13.12 13.14 13.16 13.18 13.20 13.23 13.24 13.26 13.28 13.29 13.30 13.31 13.30 13.30 13.30 13.27 13.25 13.22 13.18 13.17 13.19 13.21 13.23 13.25 13.27 13.30 13.32 13.35 13.37 13.40 13.42 13.45 13.47 13.51 13.54 13.58 13.62 12.61 11.98 10.49 12.16 12.28 12.40 12.10 10.18 10.34 8.10 8.67 11.18 12.78 10.47 9.97 12.03 10.87 8.07 8.79 8.34 9.17 7.40 7.79 7.77 7.08 6.79 7.14 7.08 7.71 7.81 7.77
12.87 12.89 12.92 12.94 12.97 12.99 13.01 13.04 13.06 13.09 13.12 13.14 13.16 13.18 13.20 13.23 13.24 13.26 13.27 13.28 13.29 13.29 13.29 13.28 13.27 13.24 13.22 13.19 13.17 13.18 13.20 13.22 13.24 13.27 13.29 13.30 13.32 13.34 13.38 13.40 13.42 13.45 13.48 13.51 13.55 13.59 13.64 12.96 10.14 12.31 11.69 12.77 12.60 10.19 7.83 10.35 9.88 6.41 8.15 8.14 8.56 8.76 12.44 10.68 10.34 7.91 8.94 6.07 7.26 6.61 7.46 8.23 8.11 7.53 7.88 7.75 8.20
12.84 12.86 12.89 12.91 12.94 12.97 12.99 13.01 13.04 13.06 13.09 13.11 13.13 13.16 13.17 13.20 13.22 13.23 13.25 13.26 13.26 13.27 13.27 13.26 13.25 13.24 13.21 13.18 13.16 13.17 13.19 13.20 13.23 13.25 13.27 13.29 13.31 13.33 13.35 13.37 13.40 13.42 13.46 13.49 13.52 13.56 13.60 13.65 13.67 13.38 13.46 12.64 12.66 12.49 10.17 10.07 7.61 8.32 11.84 10.20 7.05 8.03 9.13 11.39 7.38 8.69 8.15 6.18 6.36 7.65 8.06 7.31 8.20 9.97 7.42 8.39 8.61
12.82 12.85 12.86 12.89 12.91 12.94 12.97 12.98 13.01 13.03 13.06 13.08 13.10 13.13 13.15 13.16 13.19 13.21 13.22 13.23 13.24 13.24 13.25 13.25 13.23 13.22 13.20 13.17 13.14 13.16 13.18 13.20 13.21 13.23 13.25 13.27 13.29 13.31 13.33 13.35 13.38 13.40 13.43 13.45 13.48 13.52 13.56 13.61 13.65 13.45 12.99 12.76 11.87 12.29 12.34 10.26 7.85 9.50 12.36 9.81 5.88 7.51 7.14 7.92 8.62 8.59 9.47 6.78 6.64 7.54 8.29 8.77 9.16 9.06 7.47 8.33 8.69
12.79 12.82 12.83 12.86 12.89 12.91 12.94 12.95 12.98 13.01 13.02 13.05 13.08 13.09 13.12 13.13 13.15 13.17 13.19 13.20 13.21 13.22 13.22 13.22 13.22 13.21 13.18 13.15 13.13 13.15 13.16 13.17 13.19 13.21 13.23 13.24 13.26 13.28 13.31 13.32 13.34 13.37 13.39 13.42 13.45 13.48 13.52 13.56 13.61 13.66 12.99 13.62 13.47 13.11 12.04 11.92 8.81 11.86 11.53 10.56 9.34 7.81 9.20 7.52 6.42 8.16 6.63 9.67 6.53 8.26 7.99 8.30 9.77 9.83 10.21 9.47 7.64
12.76 12.79 12.81 12.83 12.86 12.88 12.90 12.93 12.95 12.97 13.00 13.02 13.04 13.06 13.08 13.11 13.12 13.14 13.16 13.18 13.18 13.19 13.20 13.19 13.19 13.18 13.16 13.13 13.11 13.12 13.14 13.16 13.17 13.19 13.21 13.22 13.24 13.26 13.27 13.29 13.32 13.33 13.36 13.39 13.41 13.45 13.48 13.51 13.56 13.61 12.88 12.64 12.24 12.27 11.90 12.36 6.09 12.33 12.05 11.04 10.42 10.09 9.98 8.56 10.73 6.80 7.25 8.93 9.44 9.54 8.67 8.84 8.16 10.09 9.85 9.04 8.53
12.74 12.75 12.78 12.80 12.82 12.85 12.87 12.90 12.92 12.94 12.96 12.98 13.01 13.03 13.05 13.07 13.09 13.11 13.12 13.14 13.15 13.16 13.16 13.17 13.16 13.15 13.13 13.11 13.09 13.10 13.12 13.13 13.14 13.16 13.17 13.19 13.20 13.23 13.25 13.26 13.29 13.30 13.33 13.35 13.37 13.40 13.43 13.46 13.50 13.56 13.53 13.15 12.54 12.09 11.55 13.20 10.95 12.25 10.67 10.87 6.26 9.58 10.46 11.72 9.62 8.13 9.43 8.82 8.74 8.25 9.37 10.09 10.49 11.06 11.18 9.78 9.48
12.71 12.72 12.75 12.77 12.79 12.82 12.84 12.86 12.89 12.90 12.93 12.95 12.97 12.99 13.02 13.04 13.05 13.07 13.09 13.10 13.12 13.13 13.13 13.13 13.13 13.12 13.11 13.08 13.06 13.07 13.09 13.10 13.12 13.13 13.15 13.16 13.18 13.19 13.21 13.23 13.25 13.26 13.29 13.31 13.33 13.36 13.38 13.41 13.45 13.36 13.56 13.62 12.77 13.61 12.86 12.30 9.58 11.90 12.05 10.49 9.25 10.78 8.98 11.76 11.52 7.71 8.95 9.14 9.43 9.61 6.59 9.12 10.50 10.43 10.62 10.09 9.38
12.67 12.70 12.71 12.74 12.77 12.78 12.81 12.82 12.85 12.87 12.89 12.91 12.94 12.95 12.98 13.00 13.02 13.03 13.05 13.07 13.08 13.09 13.10 13.10 13.09 13.09 13.08 13.06 13.04 13.04 13.05 13.06 13.08 13.09 13.11 13.12 13.13 13.16 13.17 13.19 13.21 13.23 13.25 13.27 13.29 13.32 13.34 13.37 13.28 13.45 13.51 13.56 12.81 11.70 11.44 10.66 9.63 12.55 11.94 11.23 9.24 8.60 7.89 11.21 10.92 8.94 8.84 7.80 9.39 9.52 10.01 8.05 9.92 10.75 10.72 10.19 9.69
