main/data/temperature/23.04.2023.grid
ncols 886
nrows 691
xllcenter 112.0000
yllcenter -44.5000
cellsize 0.0500
nodata_value 99999.90
[rows 476 to 509 of 691, columns 308 to 384 of 886]
30.62 30.53 30.46 30.38 30.30 30.21 30.13 30.05 29.97 29.88 29.80 29.71 29.62 29.54 29.45 29.37 29.28 29.20 29.11 29.03 28.95 28.86 28.77 28.68 28.60 28.52 28.43 28.35 28.27 28.19 28.11 28.03 27.95 27.86 27.79 27.70 27.62 27.54 27.46 27.39 27.31 27.24 27.16 27.09 27.01 26.94 26.87 26.80 26.72 26.65 26.59 26.52 26.46 26.39 26.33 26.27 26.21 26.15 26.10 26.04 25.98 25.93 25.88 25.84 25.79 25.75 25.71 25.67 25.63 25.59 25.56 25.53 25.50 25.47 25.44 25.42 25.40
30.57 30.49 30.40 30.32 30.24 30.16 30.08 29.99 29.91 29.82 29.74 29.66 29.56 29.48 29.40 29.31 29.23 29.14 29.06 28.97 28.89 28.80 28.71 28.63 28.54 28.46 28.38 28.29 28.21 28.13 28.05 27.97 27.89 27.80 27.72 27.64 27.56 27.48 27.40 27.33 27.25 27.17 27.10 27.03 26.95 26.88 26.81 26.74 26.67 26.59 26.52 26.46 26.39 26.33 26.27 26.21 26.15 26.09 26.04 25.98 25.92 25.87 25.83 25.78 25.73 25.69 25.65 25.61 25.58 25.54 25.51 25.48 25.45 25.42 25.40 25.37 25.35
30.50 30.43 30.35 30.26 30.18 30.10 30.02 29.93 29.85 29.76 29.68 29.60 29.52 29.42 29.34 29.25 29.17 29.08 29.00 28.92 28.83 28.75 28.65 28.57 28.49 28.40 28.32 28.24 28.15 28.07 27.99 27.91 27.83 27.75 27.67 27.58 27.50 27.42 27.34 27.26 27.19 27.11 27.04 26.96 26.89 26.82 26.75 26.68 26.61 26.53 26.46 26.40 26.33 26.27 26.21 26.15 26.09 26.03 25.98 25.93 25.88 25.82 25.77 25.72 25.68 25.64 25.60 25.56 25.52 25.49 25.46 25.43 25.40 25.37 25.35 25.32 25.31
30.45 30.36 30.28 30.21 30.12 30.04 29.96 29.88 29.80 29.71 29.62 29.54 29.46 29.37 29.29 29.20 29.11 29.03 28.94 28.86 28.77 28.69 28.61 28.51 28.43 28.34 28.26 28.18 28.09 28.01 27.93 27.85 27.77 27.68 27.60 27.51 27.43 27.36 27.28 27.20 27.12 27.05 26.97 26.90 26.82 26.75 26.68 26.61 26.54 26.46 26.40 26.33 26.27 26.21 26.15 26.09 26.03 25.97 25.92 25.87 25.82 25.76 25.71 25.67 25.62 25.58 25.54 25.50 25.47 25.44 25.40 25.37 25.35 25.33 25.31 25.29 25.27
30.38 30.31 30.22 30.14 30.07 29.98 29.90 29.82 29.74 29.66 29.56 29.48 29.40 29.32 29.23 29.15 29.05 28.97 28.89 28.80 28.72 28.63 28.54 28.46 28.38 28.28 28.20 28.11 28.03 27.94 27.86 27.78 27.69 27.61 27.53 27.44 27.35 27.27 27.19 27.12 27.04 26.96 26.89 26.81 26.74 26.67 26.60 26.53 26.45 26.39 26.32 26.26 26.20 26.14 26.08 26.02 25.97 25.91 25.86 25.81 25.76 25.71 25.66 25.62 25.57 25.54 25.49 25.46 25.43 25.39 25.36 25.33 25.31 25.28 25.26 25.24 25.22
30.32 30.24 30.17 30.08 30.01 29.93 29.85 29.76 29.68 29.59 29.51 29.42 29.34 29.25 29.17 29.08 29.00 28.91 28.82 28.73 28.64 28.55 28.46 28.37 28.29 28.20 28.11 28.02 27.93 27.85 27.76 27.68 27.59 27.51 27.43 27.35 27.27 27.18 27.10 27.02 26.95 26.87 26.80 26.72 26.65 26.58 26.51 26.44 26.38 26.31 26.24 26.17 26.11 26.05 26.00 25.94 25.89 25.84 25.79 25.74 25.69 25.65 25.60 25.56 25.52 25.48 25.44 25.41 25.37 25.34 25.31 25.28 25.25 25.23 25.21 25.20 25.18
30.26 30.17 30.10 30.02 29.93 29.86 29.78 29.69 29.60 29.51 29.43 29.34 29.25 29.16 29.07 28.98 28.89 28.81 28.72 28.62 28.53 28.44 28.35 28.27 28.18 28.09 28.01 27.92 27.83 27.74 27.66 27.58 27.49 27.41 27.33 27.25 27.17 27.09 27.01 26.93 26.85 26.78 26.71 26.63 26.56 26.49 26.42 26.35 26.29 26.22 26.16 26.10 26.04 25.97 25.91 25.86 25.81 25.76 25.71 25.66 25.62 25.57 25.53 25.50 25.46 25.42 25.39 25.35 25.32 25.29 25.26 25.23 25.20 25.19 25.17 25.15 25.13
30.15 30.08 29.99 29.91 29.83 29.74 29.65 29.57 29.48 29.39 29.30 29.22 29.13 29.04 28.95 28.86 28.77 28.69 28.60 28.51 28.43 28.34 28.24 28.16 28.07 27.99 27.90 27.82 27.73 27.65 27.57 27.48 27.39 27.31 27.23 27.15 27.08 27.00 26.92 26.85 26.77 26.70 26.61 26.54 26.47 26.40 26.33 26.27 26.20 26.14 26.08 26.01 25.95 25.90 25.84 25.79 25.72 25.67 25.63 25.58 25.54 25.50 25.46 25.42 25.39 25.35 25.32 25.29 25.26 25.24 25.21 25.19 25.16 25.14 25.12 25.10 25.09
30.01 29.94 29.86 29.77 29.69 29.61 29.53 29.44 29.35 29.27 29.19 29.09 29.01 28.92 28.84 28.75 28.67 28.57 28.48 28.40 28.31 28.23 28.14 28.05 27.96 27.88 27.80 27.71 27.63 27.55 27.47 27.39 27.30 27.22 27.14 27.06 26.98 26.90 26.83 26.75 26.68 26.61 26.53 26.45 26.38 26.31 26.25 26.18 26.12 26.05 25.99 25.93 25.87 25.81 25.76 25.70 25.65 25.60 25.56 25.51 25.47 25.43 25.39 25.35 25.32 25.29 25.26 25.23 25.21 25.18 25.16 25.13 25.11 25.09 25.07 25.05 25.04
29.88 29.80 29.72 29.64 29.56 29.48 29.40 29.32 29.22 29.14 29.06 28.98 28.89 28.80 28.72 28.63 28.55 28.47 28.38 28.29 28.20 28.12 28.04 27.95 27.87 27.79 27.69 27.61 27.53 27.45 27.37 27.29 27.21 27.13 27.05 26.96 26.89 26.81 26.74 26.66 26.59 26.51 26.44 26.37 26.30 26.24 26.17 26.10 26.03 25.97 25.90 25.84 25.79 25.73 25.68 25.62 25.57 25.52 25.48 25.43 25.39 25.35 25.31 25.27 25.24 25.21 25.18 25.16 25.14 25.12 25.10 25.08 25.06 25.04 25.02 25.00 25.00
29.74 29.67 29.59 29.51 29.43 29.35 29.27 29.19 29.11 29.03 28.94 28.85 28.77 28.69 28.61 28.52 28.43 28.35 28.27 28.19 28.10 28.01 27.93 27.85 27.76 27.68 27.60 27.52 27.44 27.35 27.27 27.19 27.11 27.03 26.96 26.88 26.80 26.73 26.64 26.57 26.50 26.42 26.35 26.28 26.22 26.15 26.08 26.02 25.95 25.89 25.83 25.77 25.70 25.66 25.59 25.54 25.49 25.44 25.39 25.35 25.31 25.27 25.23 25.20 25.16 25.13 25.12 25.09 25.07 25.05 25.04 25.02 25.01 24.99 24.98 24.96 24.94
29.61 29.53 29.46 29.38 29.30 29.22 29.15 29.07 28.98 28.90 28.82 28.74 28.65 28.57 28.49 28.41 28.33 28.24 28.16 28.08 28.00 27.91 27.83 27.74 27.66 27.58 27.50 27.42 27.34 27.26 27.18 27.10 27.02 26.94 26.86 26.79 26.71 26.64 26.56 26.49 26.42 26.34 26.26 26.20 26.13 26.06 25.99 25.93 25.87 25.81 25.75 25.69 25.63 25.57 25.52 25.47 25.42 25.37 25.32 25.28 25.24 25.20 25.16 25.13 25.09 25.07 25.04 25.01 24.99 24.97 24.96 24.95 24.95 24.94 24.92 24.91 24.90
29.48 29.41 29.33 29.25 29.18 29.11 29.02 28.95 28.87 28.79 28.71 28.63 28.55 28.47 28.38 28.30 28.22 28.14 28.06 27.97 27.89 27.81 27.73 27.65 27.57 27.49 27.40 27.32 27.24 27.16 27.09 27.01 26.93 26.85 26.77 26.69 26.62 26.54 26.47 26.40 26.33 26.26 26.19 26.12 26.05 25.98 25.91 25.85 25.78 25.72 25.66 25.60 25.55 25.49 25.44 25.39 25.34 25.29 25.24 25.20 25.16 25.12 25.08 25.05 25.02 24.99 24.96 24.95 24.92 24.91 24.89 24.88 24.87 24.86 24.87 24.86 24.85
29.36 29.28 29.21 29.14 29.06 28.98 28.91 28.84 28.75 28.67 28.60 28.51 28.43 28.36 28.28 28.20 28.11 28.03 27.95 27.88 27.80 27.71 27.63 27.55 27.47 27.39 27.31 27.23 27.16 27.07 26.99 26.91 26.84 26.76 26.69 26.61 26.54 26.46 26.39 26.31 26.24 26.17 26.10 26.03 25.96 25.90 25.83 25.77 25.71 25.65 25.59 25.53 25.47 25.42 25.36 25.30 25.26 25.21 25.17 25.12 25.08 25.05 25.01 24.98 24.95 24.92 24.89 24.87 24.85 24.83 24.81 24.81 24.80 24.80 24.79 24.79 24.80
29.23 29.16 29.09 29.01 28.94 28.86 28.79 28.72 28.64 28.56 28.48 28.41 28.33 28.25 28.17 28.09 28.02 27.94 27.86 27.77 27.69 27.62 27.54 27.46 27.38 27.29 27.22 27.14 27.06 26.98 26.91 26.83 26.74 26.67 26.59 26.52 26.45 26.37 26.30 26.23 26.16 26.09 26.02 25.95 25.88 25.81 25.75 25.68 25.62 25.56 25.50 25.45 25.39 25.34 25.28 25.23 25.18 25.14 25.09 25.05 25.01 24.97 24.93 24.90 24.87 24.84 24.81 24.80 24.78 24.76 24.74 24.73 24.72 24.73 24.72 24.72 24.73
29.11 29.04 28.97 28.90 28.82 28.75 28.68 28.60 28.53 28.46 28.38 28.30 28.22 28.15 28.07 27.99 27.91 27.83 27.76 27.68 27.60 27.52 27.44 27.36 27.28 27.21 27.13 27.05 26.97 26.89 26.81 26.74 26.66 26.59 26.51 26.44 26.36 26.29 26.21 26.14 26.07 26.00 25.94 25.87 25.80 25.74 25.67 25.61 25.55 25.49 25.43 25.36 25.31 25.25 25.20 25.16 25.10 25.07 25.01 24.98 24.93 24.90 24.86 24.83 24.80 24.77 24.74 24.72 24.70 24.68 24.67 24.66 24.65 24.65 24.64 24.65 24.66
28.99 28.93 28.86 28.78 28.72 28.64 28.57 28.50 28.43 28.35 28.27 28.20 28.13 28.04 27.97 27.89 27.82 27.74 27.66 27.58 27.51 27.43 27.35 27.28 27.19 27.11 27.04 26.96 26.88 26.81 26.73 26.65 26.57 26.50 26.43 26.35 26.28 26.21 26.14 26.07 26.00 25.93 25.86 25.78 25.72 25.65 25.59 25.53 25.47 25.41 25.35 25.29 25.24 25.18 25.13 25.08 25.03 24.99 24.94 24.90 24.86 24.82 24.78 24.75 24.72 24.69 24.67 24.65 24.63 24.61 24.60 24.58 24.58 24.58 24.57 24.57 24.59
28.88 28.81 28.74 28.68 28.60 28.53 28.47 28.39 28.32 28.25 28.18 28.09 28.02 27.95 27.88 27.80 27.72 27.64 27.57 27.49 27.41 27.33 27.26 27.18 27.11 27.03 26.95 26.88 26.79 26.72 26.64 26.57 26.49 26.42 26.35 26.27 26.19 26.12 26.05 25.98 25.91 25.84 25.78 25.71 25.64 25.58 25.52 25.45 25.39 25.33 25.28 25.21 25.16 25.11 25.05 25.01 24.95 24.91 24.86 24.83 24.79 24.75 24.71 24.68 24.65 24.62 24.59 24.57 24.55 24.54 24.53 24.51 24.50 24.51 24.50 24.50 24.50
28.77 28.70 28.64 28.57 28.50 28.43 28.36 28.29 28.22 28.14 28.07 28.00 27.93 27.86 27.78 27.70 27.63 27.56 27.47 27.40 27.32 27.25 27.17 27.10 27.01 26.94 26.86 26.79 26.71 26.64 26.57 26.49 26.41 26.33 26.26 26.19 26.12 26.05 25.98 25.91 25.84 25.76 25.70 25.62 25.56 25.50 25.43 25.37 25.31 25.25 25.19 25.14 25.08 25.03 24.98 24.93 24.88 24.83 24.79 24.75 24.71 24.67 24.64 24.60 24.58 24.55 24.53 24.50 24.48 24.46 24.45 24.44 24.43 24.42 24.42 24.43 24.43
28.66 28.60 28.53 28.47 28.39 28.33 28.26 28.20 28.12 28.05 27.98 27.90 27.83 27.76 27.69 27.62 27.53 27.46 27.39 27.31 27.24 27.16 27.08 27.01 26.93 26.86 26.78 26.71 26.63 26.55 26.48 26.40 26.33 26.26 26.19 26.11 26.04 25.96 25.89 25.82 25.75 25.68 25.62 25.55 25.49 25.42 25.36 25.30 25.24 25.18 25.12 25.07 25.01 24.96 24.91 24.86 24.81 24.76 24.72 24.68 24.64 24.60 24.57 24.53 24.50 24.47 24.45 24.43 24.41 24.39 24.37 24.36 24.36 24.35 24.35 24.35 24.36
28.55 28.49 28.43 28.36 28.30 28.23 28.16 28.09 28.03 27.96 27.88 27.81 27.74 27.67 27.59 27.52 27.45 27.38 27.31 27.22 27.15 27.08 27.00 26.93 26.85 26.77 26.70 26.62 26.55 26.48 26.40 26.33 26.26 26.17 26.10 26.03 25.96 25.89 25.82 25.75 25.68 25.61 25.54 25.47 25.41 25.34 25.28 25.22 25.16 25.10 25.04 24.99 24.93 24.88 24.83 24.78 24.73 24.68 24.64 24.60 24.56 24.53 24.50 24.46 24.43 24.40 24.38 24.35 24.33 24.32 24.30 24.29 24.28 24.28 24.28 24.27 24.27
28.46 28.40 28.33 28.27 28.20 28.13 28.07 28.00 27.93 27.86 27.79 27.73 27.65 27.58 27.51 27.44 27.37 27.29 27.22 27.14 27.07 27.00 26.91 26.84 26.77 26.69 26.62 26.55 26.46 26.39 26.32 26.24 26.17 26.10 26.03 25.96 25.88 25.81 25.73 25.66 25.60 25.53 25.46 25.40 25.33 25.27 25.21 25.15 25.09 25.03 24.97 24.91 24.86 24.81 24.76 24.71 24.66 24.61 24.57 24.53 24.49 24.45 24.42 24.38 24.36 24.33 24.31 24.28 24.26 24.24 24.23 24.22 24.21 24.20 24.20 24.20 24.20
28.36 28.29 28.24 28.18 28.10 28.04 27.98 27.91 27.84 27.78 27.71 27.63 27.57 27.50 27.43 27.35 27.28 27.21 27.14 27.07 26.98 26.91 26.84 26.76 26.69 26.62 26.54 26.46 26.39 26.32 26.24 26.17 26.10 26.03 25.95 25.87 25.80 25.73 25.66 25.59 25.52 25.46 25.39 25.33 25.26 25.20 25.14 25.07 25.01 24.95 24.89 24.84 24.79 24.74 24.68 24.64 24.59 24.54 24.50 24.46 24.42 24.38 24.35 24.31 24.28 24.25 24.23 24.21 24.19 24.17 24.15 24.14 24.14 24.13 24.12 24.13 24.12
28.26 28.20 28.15 28.08 28.02 27.96 27.88 27.82 27.76 27.68 27.62 27.55 27.49 27.41 27.34 27.27 27.20 27.13 27.05 26.98 26.91 26.84 26.76 26.69 26.61 26.54 26.46 26.39 26.32 26.24 26.17 26.09 26.02 25.94 25.87 25.80 25.73 25.66 25.59 25.52 25.45 25.39 25.31 25.24 25.18 25.12 25.05 24.99 24.93 24.88 24.82 24.76 24.71 24.66 24.61 24.56 24.51 24.46 24.42 24.39 24.34 24.31 24.28 24.24 24.21 24.18 24.16 24.14 24.12 24.10 24.08 24.07 24.06 24.05 24.05 24.05 24.05
28.17 28.11 28.05 27.99 27.93 27.86 27.80 27.74 27.67 27.60 27.54 27.47 27.40 27.33 27.26 27.19 27.12 27.05 26.98 26.90 26.83 26.76 26.68 26.61 26.54 26.46 26.39 26.32 26.23 26.16 26.09 26.02 25.94 25.87 25.80 25.73 25.66 25.58 25.51 25.44 25.37 25.31 25.24 25.17 25.11 25.05 24.98 24.92 24.86 24.81 24.75 24.69 24.64 24.59 24.54 24.49 24.44 24.40 24.35 24.31 24.27 24.23 24.20 24.17 24.14 24.11 24.09 24.06 24.04 24.03 24.01 23.99 23.98 23.98 23.97 23.97 23.98
28.09 28.02 27.97 27.91 27.84 27.78 27.72 27.65 27.59 27.52 27.45 27.39 27.32 27.25 27.19 27.11 27.04 26.97 26.90 26.82 26.75 26.68 26.61 26.54 26.46 26.39 26.31 26.24 26.16 26.09 26.02 25.95 25.87 25.80 25.72 25.65 25.58 25.51 25.44 25.37 25.30 25.24 25.17 25.10 25.04 24.98 24.91 24.85 24.79 24.74 24.68 24.62 24.57 24.52 24.47 24.42 24.37 24.33 24.28 24.24 24.20 24.16 24.13 24.09 24.07 24.04 24.01 23.99 23.97 23.95 23.94 23.92 23.91 23.91 23.90 23.89 23.89
27.99 27.94 27.88 27.82 27.76 27.70 27.63 27.57 27.51 27.44 27.38 27.31 27.25 27.17 27.10 27.04 26.97 26.90 26.82 26.75 26.68 26.61 26.54 26.46 26.38 26.31 26.24 26.17 26.09 26.02 25.95 25.88 25.79 25.72 25.65 25.58 25.51 25.44 25.37 25.30 25.23 25.17 25.09 25.02 24.96 24.90 24.83 24.77 24.71 24.66 24.60 24.54 24.49 24.44 24.39 24.35 24.30 24.26 24.21 24.17 24.13 24.09 24.06 24.02 23.99 23.96 23.94 23.92 23.90 23.87 23.86 23.85 23.84 23.82 23.83 23.82 23.81
27.91 27.86 27.80 27.74 27.67 27.62 27.56 27.50 27.43 27.36 27.30 27.24 27.16 27.10 27.03 26.97 26.89 26.82 26.75 26.68 26.61 26.54 26.46 26.39 26.31 26.24 26.17 26.10 26.02 25.94 25.87 25.80 25.73 25.65 25.58 25.51 25.44 25.37 25.30 25.22 25.15 25.09 25.02 24.95 24.89 24.83 24.76 24.70 24.64 24.59 24.53 24.47 24.42 24.37 24.32 24.27 24.22 24.18 24.14 24.10 24.06 24.02 23.99 23.95 23.92 23.89 23.86 23.85 23.83 23.80 23.78 23.78 23.76 23.75 23.74 23.74 23.74
27.83 27.77 27.72 27.66 27.60 27.54 27.48 27.41 27.35 27.29 27.23 27.16 27.09 27.03 26.96 26.89 26.82 26.75 26.68 26.61 26.54 26.46 26.39 26.32 26.25 26.17 26.09 26.02 25.95 25.87 25.80 25.73 25.66 25.59 25.51 25.43 25.36 25.29 25.22 25.15 25.08 25.02 24.95 24.89 24.82 24.76 24.70 24.63 24.58 24.52 24.46 24.41 24.35 24.30 24.25 24.20 24.15 24.11 24.06 24.02 23.98 23.95 23.92 23.88 23.85 23.82 23.79 23.77 23.75 23.73 23.71 23.71 23.69 23.68 23.67 23.67 23.66
27.75 27.70 27.64 27.58 27.53 27.47 27.40 27.34 27.28 27.21 27.15 27.09 27.02 26.96 26.88 26.82 26.75 26.68 26.61 26.54 26.47 26.39 26.32 26.25 26.18 26.10 26.03 25.95 25.88 25.81 25.74 25.66 25.59 25.51 25.44 25.36 25.29 25.22 25.15 25.08 25.02 24.95 24.88 24.82 24.75 24.69 24.63 24.57 24.51 24.45 24.39 24.34 24.28 24.23 24.18 24.13 24.08 24.04 23.99 23.95 23.91 23.87 23.85 23.81 23.78 23.75 23.72 23.70 23.68 23.66 23.64 23.62 23.62 23.60 23.59 23.59 23.59
27.68 27.62 27.56 27.51 27.46 27.39 27.33 27.27 27.20 27.14 27.08 27.02 26.96 26.88 26.82 26.75 26.69 26.61 26.54 26.47 26.40 26.33 26.26 26.18 26.10 26.03 25.96 25.89 25.81 25.74 25.67 25.59 25.51 25.44 25.37 25.30 25.23 25.16 25.09 25.02 24.95 24.88 24.81 24.75 24.68 24.62 24.55 24.49 24.43 24.38 24.32 24.27 24.21 24.16 24.11 24.06 24.01 23.97 23.93 23.88 23.84 23.81 23.77 23.74 23.71 23.68 23.65 23.63 23.61 23.59 23.57 23.55 23.55 23.53 23.52 23.51 23.51
27.61 27.55 27.49 27.44 27.38 27.32 27.26 27.20 27.14 27.08 27.02 26.95 26.88 26.82 26.75 26.69 26.61 26.54 26.47 26.40 26.33 26.26 26.18 26.11 26.04 25.97 25.89 25.82 25.75 25.68 25.59 25.52 25.45 25.37 25.30 25.23 25.16 25.09 25.02 24.95 24.88 24.80 24.74 24.67 24.61 24.54 24.48 24.42 24.36 24.30 24.24 24.19 24.13 24.09 24.04 23.99 23.95 23.90 23.86 23.81 23.77 23.74 23.70 23.68 23.64 23.61 23.58 23.56 23.53 23.52 23.50 23.48 23.46 23.46 23.45 23.44 23.44
27.53 27.48 27.43 27.36 27.31 27.25 27.20 27.13 27.07 27.01 26.95 26.88 26.82 26.75 26.69 26.61 26.55 26.48 26.41 26.34 26.27 26.19 26.12 26.05 25.98 25.90 25.83 25.76 25.67 25.60 25.53 25.45 25.38 25.31 25.24 25.16 25.09 25.02 24.95 24.88 24.80 24.73 24.67 24.60 24.54 24.47 24.41 24.35 24.29 24.23 24.18 24.12 24.07 24.01 23.96 23.91 23.88 23.83 23.79 23.75 23.71 23.67 23.63 23.60 23.57 23.54 23.51 23.49 23.46 23.45 23.43 23.41 23.39 23.38 23.37 23.36 23.36
27.46 27.41 27.35 27.30 27.24 27.19 27.12 27.07 27.01 26.95 26.88 26.82 26.75 26.69 26.62 26.55 26.48 26.42 26.35 26.27 26.20 26.13 26.06 25.98 25.91 25.84 25.76 25.68 25.61 25.54 25.46 25.39 25.32 25.24 25.17 25.10 25.03 24.94 24.87 24.80 24.74 24.67 24.60 24.53 24.47 24.41 24.34 24.28 24.22 24.16 24.11 24.05 24.00 23.94 23.89 23.85 23.80 23.76 23.72 23.68 23.64 23.60 23.56 23.53 23.50 23.47 23.44 23.42 23.39 23.38 23.35 23.34 23.32 23.31 23.30 23.29 23.29
