main/data/temperature/23.04.2023.grid
ncols 886
nrows 691
xllcenter 112.0000
yllcenter -44.5000
cellsize 0.0500
nodata_value 99999.90
[rows 170 to 203 of 691, columns 77 to 153 of 886]
29.77 29.80 29.83 29.86 29.88 29.92 29.95 29.99 30.01 30.05 30.09 30.12 30.16 30.20 30.24 30.29 30.33 30.37 30.42 30.46 30.50 30.56 30.61 30.65 30.70 30.77 30.82 30.88 30.93 30.99 31.05 31.12 31.19 31.26 31.33 31.40 31.47 31.54 31.61 31.69 31.76 31.85 31.93 32.01 32.09 32.18 32.26 32.35 32.43 32.52 32.61 32.70 32.79 32.87 32.96 33.05 33.14 33.23 33.32 33.40 33.48 33.56 33.64 33.72 33.81 33.88 33.95 34.02 34.09 34.15 34.22 34.27 34.33 34.39 34.43 34.48 34.53
29.81 29.84 29.87 29.90 29.93 29.96 30.00 30.02 30.06 30.10 30.12 30.16 30.21 30.24 30.28 30.32 30.37 30.41 30.46 30.50 30.54 30.60 30.64 30.69 30.74 30.80 30.86 30.91 30.97 31.03 31.09 31.15 31.21 31.29 31.36 31.42 31.49 31.57 31.64 31.72 31.80 31.87 31.95 32.03 32.12 32.20 32.28 32.37 32.46 32.54 32.63 32.72 32.80 32.90 32.99 33.08 33.16 33.25 33.33 33.43 33.51 33.59 33.67 33.75 33.83 33.90 33.98 34.05 34.11 34.18 34.24 34.30 34.36 34.41 34.47 34.51 34.55
29.86 29.89 29.90 29.93 29.97 30.00 30.03 30.07 30.10 30.13 30.17 30.21 30.24 30.28 30.32 30.36 30.41 30.45 30.49 30.54 30.58 30.64 30.68 30.73 30.78 30.83 30.89 30.95 31.00 31.06 31.12 31.18 31.25 31.32 31.38 31.45 31.52 31.60 31.67 31.75 31.82 31.90 31.98 32.06 32.14 32.22 32.31 32.39 32.48 32.56 32.65 32.74 32.83 32.92 33.01 33.09 33.18 33.27 33.36 33.44 33.53 33.61 33.69 33.77 33.85 33.93 34.00 34.07 34.14 34.20 34.27 34.33 34.38 34.44 34.49 34.54 34.59
29.90 29.92 29.95 29.98 30.01 30.05 30.08 30.10 30.14 30.18 30.21 30.24 30.28 30.33 30.36 30.40 30.44 30.49 30.53 30.58 30.62 30.66 30.72 30.77 30.82 30.88 30.93 30.98 31.04 31.10 31.16 31.22 31.28 31.34 31.41 31.48 31.56 31.63 31.70 31.77 31.85 31.93 32.01 32.09 32.17 32.25 32.33 32.41 32.50 32.58 32.67 32.76 32.85 32.94 33.02 33.12 33.20 33.29 33.38 33.46 33.55 33.63 33.72 33.79 33.87 33.95 34.02 34.09 34.16 34.24 34.30 34.36 34.42 34.48 34.53 34.58 34.63
29.94 29.96 29.99 30.02 30.05 30.08 30.12 30.15 30.18 30.22 30.25 30.29 30.33 30.36 30.40 30.45 30.48 30.53 30.57 30.62 30.66 30.70 30.76 30.81 30.85 30.91 30.97 31.02 31.08 31.13 31.19 31.25 31.31 31.38 31.45 31.52 31.59 31.66 31.73 31.80 31.88 31.95 32.03 32.11 32.19 32.27 32.35 32.44 32.52 32.61 32.70 32.78 32.87 32.96 33.05 33.14 33.22 33.31 33.40 33.48 33.57 33.65 33.74 33.82 33.89 33.98 34.05 34.12 34.20 34.26 34.32 34.39 34.45 34.51 34.56 34.61 34.66
29.98 30.01 30.04 30.07 30.10 30.13 30.16 30.20 30.22 30.26 30.29 30.33 30.37 30.40 30.44 30.48 30.52 30.57 30.61 30.66 30.70 30.74 30.80 30.84 30.89 30.95 31.00 31.06 31.11 31.17 31.23 31.29 31.36 31.42 31.48 31.55 31.62 31.69 31.76 31.83 31.91 31.98 32.06 32.14 32.22 32.30 32.38 32.46 32.54 32.64 32.72 32.81 32.89 32.98 33.07 33.15 33.25 33.33 33.42 33.51 33.59 33.68 33.75 33.84 33.92 34.00 34.07 34.15 34.22 34.29 34.35 34.42 34.48 34.54 34.59 34.65 34.70
30.03 30.05 30.08 30.11 30.14 30.17 30.20 30.23 30.27 30.30 30.34 30.38 30.40 30.45 30.49 30.52 30.56 30.61 30.65 30.70 30.74 30.78 30.84 30.88 30.93 30.99 31.04 31.09 31.15 31.20 31.26 31.32 31.39 31.45 31.52 31.58 31.65 31.72 31.79 31.86 31.94 32.01 32.09 32.16 32.24 32.32 32.40 32.48 32.57 32.66 32.74 32.83 32.92 33.00 33.09 33.18 33.27 33.35 33.44 33.52 33.61 33.70 33.78 33.87 33.94 34.02 34.10 34.18 34.24 34.31 34.38 34.45 34.51 34.57 34.63 34.68 34.73
30.07 30.10 30.13 30.16 30.19 30.22 30.25 30.28 30.31 30.35 30.38 30.41 30.45 30.49 30.53 30.56 30.60 30.65 30.69 30.74 30.78 30.83 30.87 30.92 30.98 31.02 31.07 31.13 31.18 31.24 31.30 31.36 31.42 31.49 31.55 31.62 31.68 31.75 31.82 31.89 31.97 32.04 32.12 32.19 32.27 32.35 32.43 32.51 32.60 32.68 32.77 32.85 32.94 33.03 33.12 33.20 33.28 33.38 33.47 33.55 33.64 33.72 33.81 33.89 33.97 34.05 34.12 34.20 34.27 34.34 34.41 34.48 34.54 34.60 34.66 34.72 34.77
30.12 30.14 30.17 30.20 30.23 30.26 30.29 30.32 30.36 30.39 30.43 30.45 30.49 30.53 30.57 30.60 30.64 30.69 30.73 30.77 30.81 30.87 30.91 30.95 31.01 31.06 31.11 31.16 31.22 31.28 31.34 31.40 31.46 31.52 31.58 31.65 31.71 31.78 31.85 31.92 32.00 32.07 32.14 32.22 32.30 32.38 32.45 32.53 32.63 32.71 32.79 32.87 32.96 33.05 33.14 33.22 33.31 33.40 33.49 33.58 33.66 33.74 33.83 33.91 33.99 34.07 34.15 34.23 34.30 34.37 34.44 34.51 34.58 34.63 34.69 34.75 34.80
30.16 30.19 30.22 30.24 30.27 30.30 30.33 30.37 30.40 30.43 30.47 30.49 30.53 30.57 30.61 30.64 30.68 30.73 30.76 30.81 30.85 30.90 30.94 31.00 31.04 31.09 31.14 31.20 31.26 31.31 31.37 31.43 31.49 31.55 31.62 31.68 31.75 31.81 31.88 31.95 32.03 32.10 32.17 32.25 32.33 32.40 32.48 32.56 32.65 32.73 32.81 32.90 32.99 33.07 33.16 33.24 33.33 33.43 33.51 33.60 33.68 33.77 33.85 33.93 34.02 34.10 34.17 34.25 34.33 34.40 34.47 34.54 34.60 34.67 34.73 34.78 34.83
30.21 30.23 30.26 30.29 30.32 30.35 30.37 30.40 30.45 30.48 30.50 30.53 30.57 30.61 30.64 30.68 30.72 30.76 30.80 30.84 30.89 30.93 30.97 31.03 31.08 31.12 31.18 31.24 31.29 31.35 31.40 31.46 31.52 31.58 31.65 31.71 31.78 31.85 31.91 31.98 32.06 32.13 32.20 32.28 32.35 32.43 32.51 32.59 32.68 32.76 32.84 32.93 33.01 33.10 33.18 33.28 33.36 33.45 33.54 33.62 33.71 33.79 33.88 33.96 34.04 34.13 34.21 34.28 34.35 34.43 34.50 34.57 34.64 34.69 34.76 34.82 34.87
30.25 30.28 30.30 30.34 30.36 30.39 30.42 30.45 30.49 30.51 30.55 30.58 30.61 30.64 30.68 30.72 30.76 30.79 30.83 30.87 30.92 30.96 31.01 31.06 31.11 31.16 31.21 31.27 31.32 31.38 31.43 31.49 31.56 31.62 31.69 31.75 31.81 31.88 31.95 32.02 32.09 32.16 32.23 32.31 32.38 32.46 32.54 32.62 32.71 32.79 32.87 32.96 33.04 33.13 33.21 33.30 33.39 33.47 33.56 33.65 33.73 33.82 33.90 33.99 34.07 34.15 34.23 34.31 34.39 34.46 34.53 34.60 34.67 34.73 34.80 34.85 34.91
30.29 30.32 30.35 30.38 30.41 30.44 30.46 30.49 30.53 30.56 30.59 30.62 30.65 30.67 30.71 30.75 30.78 30.83 30.86 30.90 30.94 30.99 31.03 31.09 31.14 31.19 31.24 31.30 31.36 31.41 31.47 31.53 31.59 31.65 31.72 31.78 31.85 31.91 31.98 32.05 32.12 32.19 32.26 32.34 32.41 32.49 32.57 32.65 32.73 32.81 32.89 32.98 33.06 33.15 33.23 33.32 33.41 33.50 33.59 33.68 33.76 33.85 33.93 34.02 34.10 34.18 34.26 34.34 34.42 34.49 34.56 34.64 34.70 34.77 34.83 34.89 34.94
30.34 30.36 30.40 30.42 30.45 30.48 30.50 30.53 30.56 30.59 30.62 30.65 30.68 30.71 30.74 30.77 30.81 30.84 30.88 30.92 30.97 31.01 31.06 31.11 31.15 31.21 31.27 31.32 31.38 31.44 31.50 31.56 31.62 31.68 31.75 31.81 31.88 31.95 32.02 32.08 32.15 32.22 32.30 32.37 32.45 32.52 32.60 32.68 32.76 32.84 32.92 33.01 33.09 33.18 33.26 33.35 33.44 33.53 33.62 33.70 33.79 33.87 33.96 34.05 34.13 34.21 34.29 34.37 34.44 34.52 34.59 34.66 34.73 34.80 34.86 34.92 34.98
30.38 30.41 30.44 30.46 30.49 30.52 30.54 30.57 30.60 30.62 30.65 30.67 30.70 30.73 30.76 30.79 30.83 30.86 30.90 30.94 30.98 31.03 31.07 31.12 31.17 31.23 31.28 31.35 31.40 31.46 31.53 31.59 31.65 31.71 31.77 31.84 31.91 31.98 32.05 32.12 32.18 32.25 32.33 32.40 32.48 32.55 32.63 32.71 32.79 32.88 32.96 33.05 33.12 33.21 33.29 33.38 33.47 33.56 33.64 33.73 33.82 33.91 33.99 34.08 34.16 34.24 34.32 34.41 34.48 34.55 34.63 34.70 34.77 34.84 34.89 34.96 35.02
30.42 30.45 30.47 30.50 30.53 30.55 30.57 30.60 30.62 30.64 30.67 30.70 30.71 30.74 30.77 30.80 30.83 30.87 30.90 30.94 30.98 31.02 31.08 31.12 31.17 31.24 31.29 31.35 31.41 31.48 31.54 31.61 31.67 31.74 31.81 31.88 31.95 32.01 32.08 32.15 32.22 32.29 32.36 32.44 32.51 32.59 32.67 32.74 32.82 32.91 32.99 33.07 33.16 33.25 33.33 33.41 33.50 33.59 33.68 33.77 33.85 33.94 34.03 34.11 34.20 34.27 34.35 34.44 34.51 34.58 34.67 34.74 34.81 34.87 34.93 35.00 35.06
30.46 30.49 30.51 30.54 30.56 30.58 30.61 30.63 30.64 30.67 30.69 30.71 30.73 30.75 30.77 30.80 30.83 30.85 30.89 30.93 30.97 31.02 31.06 31.12 31.17 31.23 31.30 31.36 31.43 31.49 31.56 31.63 31.70 31.76 31.83 31.90 31.97 32.05 32.11 32.18 32.26 32.32 32.40 32.47 32.55 32.63 32.70 32.78 32.86 32.94 33.03 33.11 33.20 33.28 33.36 33.45 33.54 33.62 33.72 33.80 33.88 33.98 34.07 34.14 34.23 34.31 34.39 34.47 34.55 34.62 34.69 34.77 34.84 34.91 34.97 35.03 35.10
30.50 30.52 30.55 30.57 30.59 30.61 30.63 30.64 30.67 30.68 30.69 30.71 30.73 30.74 30.77 30.78 30.81 30.84 30.87 30.90 30.95 30.99 31.04 31.09 31.16 31.22 31.28 31.35 31.42 31.49 31.56 31.63 31.71 31.78 31.86 31.93 32.00 32.07 32.15 32.21 32.29 32.36 32.43 32.51 32.59 32.66 32.74 32.82 32.90 32.98 33.06 33.15 33.24 33.32 33.41 33.49 33.58 33.67 33.76 33.84 33.93 34.01 34.10 34.19 34.27 34.35 34.43 34.51 34.58 34.66 34.73 34.80 34.88 34.95 35.01 35.07 35.14
30.53 30.55 30.58 30.59 30.61 30.63 30.64 30.66 30.67 30.68 30.69 30.70 30.71 30.72 30.73 30.75 30.77 30.80 30.83 30.86 30.91 30.95 31.00 31.06 31.12 31.19 31.26 31.33 31.41 31.48 31.56 31.64 31.72 31.80 31.87 31.95 32.03 32.10 32.18 32.25 32.32 32.40 32.47 32.55 32.63 32.70 32.78 32.87 32.95 33.03 33.11 33.20 33.28 33.36 33.45 33.54 33.62 33.72 33.80 33.89 33.97 34.06 34.14 34.23 34.30 34.39 34.47 34.55 34.63 34.70 34.78 34.84 34.92 34.99 35.05 35.12 35.17
30.55 30.57 30.59 30.62 30.62 30.64 30.66 30.66 30.67 30.67 30.67 30.68 30.68 30.69 30.69 30.70 30.72 30.74 30.76 30.80 30.84 30.89 30.95 31.00 31.07 31.15 31.22 31.30 31.38 31.47 31.55 31.64 31.73 31.80 31.89 31.97 32.05 32.13 32.20 32.28 32.35 32.44 32.52 32.59 32.67 32.75 32.82 32.90 32.98 33.08 33.16 33.24 33.33 33.42 33.50 33.59 33.68 33.76 33.85 33.94 34.03 34.10 34.19 34.27 34.36 34.43 34.51 34.60 34.67 34.74 34.82 34.89 34.96 35.03 35.09 35.16 35.22
30.56 30.58 30.60 30.62 30.64 30.65 30.65 30.65 30.65 30.65 30.64 30.64 30.64 30.63 30.63 30.64 30.65 30.65 30.68 30.71 30.76 30.80 30.86 30.93 31.00 31.08 31.17 31.25 31.35 31.44 31.53 31.63 31.72 31.81 31.90 31.98 32.07 32.15 32.24 32.31 32.40 32.47 32.56 32.63 32.71 32.79 32.87 32.95 33.04 33.12 33.20 33.30 33.38 33.47 33.55 33.64 33.73 33.82 33.90 33.99 34.08 34.16 34.24 34.32 34.40 34.49 34.57 34.64 34.72 34.79 34.86 34.93 35.00 35.07 35.14 35.20 35.26
30.57 30.58 30.61 30.62 30.63 30.63 30.64 30.63 30.62 30.62 30.60 30.58 30.56 30.55 30.55 30.54 30.55 30.55 30.57 30.60 30.65 30.69 30.76 30.83 30.90 31.00 31.09 31.19 31.29 31.40 31.50 31.61 31.71 31.81 31.91 32.00 32.10 32.18 32.26 32.35 32.43 32.51 32.60 32.67 32.76 32.84 32.92 33.01 33.10 33.18 33.27 33.35 33.44 33.53 33.62 33.71 33.79 33.88 33.97 34.05 34.14 34.22 34.30 34.38 34.46 34.54 34.61 34.70 34.77 34.84 34.91 34.98 35.05 35.12 35.18 35.24 35.31
30.56 30.58 30.59 30.61 30.61 30.61 30.61 30.59 30.58 30.55 30.54 30.51 30.48 30.46 30.44 30.43 30.42 30.43 30.44 30.47 30.51 30.56 30.63 30.70 30.80 30.89 31.00 31.11 31.22 31.34 31.46 31.58 31.69 31.80 31.90 32.01 32.11 32.21 32.30 32.38 32.48 32.56 32.64 32.72 32.81 32.89 32.98 33.06 33.15 33.24 33.33 33.42 33.50 33.60 33.68 33.77 33.86 33.95 34.04 34.12 34.20 34.29 34.36 34.45 34.52 34.60 34.68 34.75 34.81 34.89 34.96 35.03 35.10 35.16 35.23 35.29 35.34
30.53 30.55 30.57 30.58 30.58 30.58 30.56 30.54 30.52 30.48 30.45 30.41 30.37 30.34 30.31 30.29 30.27 30.27 30.27 30.30 30.35 30.41 30.47 30.55 30.66 30.77 30.89 31.01 31.14 31.27 31.41 31.54 31.66 31.79 31.90 32.02 32.12 32.22 32.33 32.42 32.51 32.60 32.69 32.77 32.87 32.95 33.04 33.13 33.22 33.31 33.40 33.49 33.57 33.67 33.76 33.85 33.93 34.02 34.10 34.19 34.27 34.36 34.44 34.51 34.58 34.66 34.73 34.81 34.87 34.95 35.01 35.08 35.15 35.21 35.27 35.33 35.39
30.50 30.51 30.52 30.53 30.54 30.53 30.50 30.48 30.44 30.40 30.35 30.30 30.25 30.20 30.16 30.12 30.10 30.09 30.10 30.11 30.16 30.22 30.29 30.40 30.50 30.62 30.77 30.91 31.05 31.20 31.34 31.49 31.64 31.77 31.90 32.03 32.14 32.25 32.35 32.45 32.56 32.66 32.75 32.84 32.93 33.02 33.10 33.20 33.29 33.38 33.47 33.56 33.66 33.75 33.83 33.93 34.02 34.11 34.19 34.27 34.35 34.43 34.51 34.58 34.65 34.73 34.80 34.87 34.94 35.01 35.07 35.14 35.20 35.26 35.33 35.38 35.44
30.43 30.45 30.46 30.47 30.46 30.45 30.43 30.39 30.35 30.30 30.23 30.18 30.11 30.04 29.99 29.95 29.92 29.92 29.93 29.96 30.00 30.06 30.15 30.24 30.36 30.48 30.62 30.78 30.94 31.11 31.28 31.45 31.60 31.76 31.90 32.03 32.16 32.28 32.39 32.50 32.60 32.70 32.80 32.90 32.99 33.08 33.18 33.27 33.37 33.46 33.55 33.65 33.75 33.83 33.93 34.02 34.11 34.19 34.28 34.36 34.44 34.51 34.59 34.66 34.73 34.81 34.87 34.94 35.00 35.07 35.13 35.19 35.25 35.31 35.38 35.43 35.49
30.34 30.36 30.38 30.39 30.39 30.37 30.34 30.30 30.24 30.18 30.10 30.03 29.95 29.89 29.85 29.85 29.88 29.91 29.95 30.00 30.05 30.12 30.18 30.25 30.32 30.41 30.52 30.68 30.84 31.03 31.20 31.39 31.57 31.73 31.89 32.03 32.18 32.30 32.43 32.54 32.65 32.76 32.87 32.96 33.06 33.16 33.25 33.35 33.45 33.54 33.64 33.73 33.84 33.92 34.02 34.11 34.20 34.29 34.37 34.45 34.53 34.60 34.68 34.75 34.81 34.88 34.95 35.01 35.07 35.13 35.19 35.26 35.31 35.37 35.43 35.48 35.54
30.24 30.26 30.28 30.29 30.29 30.27 30.24 30.19 30.13 30.04 29.97 29.90 29.86 29.87 29.89 29.93 29.97 30.02 30.08 30.13 30.19 30.24 30.31 30.37 30.44 30.51 30.60 30.69 30.80 30.95 31.14 31.34 31.53 31.72 31.89 32.05 32.20 32.34 32.47 32.59 32.71 32.81 32.92 33.03 33.13 33.23 33.34 33.43 33.53 33.63 33.73 33.83 33.92 34.02 34.11 34.20 34.29 34.38 34.46 34.54 34.63 34.70 34.76 34.83 34.90 34.96 35.02 35.09 35.14 35.21 35.26 35.32 35.37 35.43 35.49 35.54 35.59
30.10 30.14 30.16 30.18 30.17 30.15 30.11 30.06 30.00 29.94 29.90 29.92 29.94 29.98 30.03 30.07 30.12 30.17 30.22 30.27 30.32 30.39 30.45 30.51 30.59 30.66 30.73 30.82 30.91 31.00 31.13 31.31 31.51 31.70 31.89 32.06 32.23 32.38 32.52 32.64 32.77 32.88 33.00 33.10 33.21 33.31 33.42 33.52 33.62 33.72 33.82 33.92 34.00 34.09 34.17 34.25 34.34 34.43 34.53 34.63 34.72 34.79 34.86 34.92 34.98 35.05 35.11 35.16 35.22 35.27 35.33 35.39 35.44 35.49 35.54 35.60 35.64
29.94 29.99 30.03 30.04 30.05 30.03 30.01 29.97 29.96 29.98 30.00 30.04 30.08 30.12 30.16 30.21 30.25 30.30 30.35 30.41 30.47 30.53 30.60 30.66 30.74 30.81 30.89 30.97 31.06 31.14 31.24 31.36 31.52 31.71 31.91 32.09 32.27 32.43 32.57 32.71 32.83 32.95 33.07 33.18 33.29 33.40 33.51 33.61 33.71 33.81 33.89 33.97 34.04 34.11 34.18 34.27 34.36 34.45 34.55 34.65 34.77 34.86 34.95 35.02 35.08 35.13 35.19 35.24 35.29 35.35 35.40 35.45 35.50 35.55 35.60 35.65 35.69
29.78 29.84 29.89 29.92 29.94 29.96 29.99 30.02 30.06 30.11 30.14 30.19 30.23 30.27 30.31 30.35 30.40 30.45 30.50 30.56 30.62 30.68 30.75 30.81 30.89 30.96 31.05 31.13 31.21 31.30 31.39 31.50 31.61 31.75 31.94 32.13 32.32 32.48 32.64 32.77 32.90 33.03 33.15 33.27 33.38 33.49 33.60 33.70 33.79 33.86 33.92 33.98 34.05 34.12 34.20 34.28 34.38 34.47 34.58 34.68 34.78 34.90 35.00 35.10 35.17 35.18 35.27 35.31 35.33 35.42 35.38 35.52 35.57 35.61 35.65 35.70 35.74
29.75 29.81 29.88 29.94 29.99 30.05 30.10 30.16 30.21 30.26 30.29 30.34 30.38 30.42 30.46 30.51 30.55 30.60 30.66 30.71 30.77 30.84 30.91 30.97 31.05 31.13 31.20 31.28 31.37 31.46 31.56 31.65 31.77 31.89 32.03 32.19 32.38 32.55 32.71 32.86 32.99 33.12 33.24 33.36 33.46 33.58 33.69 33.78 33.84 33.90 33.95 34.01 34.07 34.13 34.21 34.29 34.39 34.48 34.60 34.70 34.81 34.92 35.04 35.12 35.22 35.24 35.33 35.40 35.43 35.49 35.52 35.56 35.60 35.64 35.71 35.75 35.79
29.84 29.91 29.99 30.06 30.12 30.19 30.25 30.30 30.36 30.41 30.45 30.49 30.53 30.57 30.62 30.66 30.71 30.76 30.81 30.87 30.93 31.00 31.06 31.14 31.21 31.29 31.37 31.45 31.54 31.63 31.72 31.82 31.92 32.04 32.16 32.31 32.46 32.64 32.80 32.94 33.08 33.21 33.33 33.45 33.56 33.67 33.76 33.83 33.88 33.93 33.98 34.03 34.08 34.15 34.22 34.31 34.40 34.50 34.62 34.73 34.84 34.96 35.06 35.15 35.23 35.34 35.40 35.44 35.47 35.51 35.54 35.59 35.59 35.66 35.74 35.73 35.75
29.96 30.04 30.12 30.19 30.27 30.33 30.40 30.46 30.52 30.56 30.61 30.65 30.69 30.73 30.77 30.82 30.86 30.92 30.97 31.03 31.09 31.15 31.22 31.30 31.37 31.45 31.53 31.62 31.71 31.80 31.88 31.99 32.09 32.20 32.32 32.44 32.59 32.74 32.89 33.04 33.18 33.30 33.43 33.54 33.66 33.75 33.82 33.88 33.92 33.97 34.01 34.06 34.11 34.16 34.22 34.31 34.41 34.52 34.63 34.76 34.87 34.98 35.08 35.18 35.25 35.38 35.44 35.48 35.50 35.54 35.57 35.58 35.56 35.70 35.73 35.69 35.64
