main/data/temperature/23.08.2023.grid
ncols 886
nrows 691
xllcenter 112.0000
yllcenter -44.5000
cellsize 0.0500
nodata_value 99999.90
[rows 136 to 169 of 691, columns 539 to 615 of 886]
29.46 29.38 29.31 29.25 29.21 29.21 29.23 29.26 29.32 29.37 29.44 29.51 29.58 29.64 29.72 29.80 29.90 30.02 30.16 30.29 30.42 30.54 30.65 30.76 30.87 30.99 31.09 31.19 31.29 31.39 31.48 31.58 31.67 31.77 31.86 31.95 32.03 32.13 32.22 32.29 32.38 32.46 32.54 32.62 32.68 32.75 32.82 32.88 32.94 32.97 33.02 33.06 33.10 33.12 33.15 33.20 33.25 33.28 33.31 33.35 33.37 33.41 33.43 33.44 33.44 33.46 33.46 33.46 33.46 33.49 33.47 33.49 33.48 33.48 33.44 33.41 33.41
29.56 29.49 29.42 29.37 29.34 29.33 29.34 29.37 29.42 29.46 29.52 29.58 29.65 29.71 29.79 29.86 29.96 30.08 30.21 30.34 30.46 30.58 30.70 30.81 30.92 31.02 31.13 31.23 31.33 31.42 31.52 31.62 31.71 31.80 31.89 31.98 32.08 32.16 32.25 32.33 32.42 32.49 32.58 32.62 32.71 32.78 32.85 32.91 32.95 33.00 33.03 33.05 33.09 33.12 33.19 33.21 33.24 33.28 33.27 33.33 33.35 33.37 33.38 33.41 33.43 33.44 33.40 33.44 33.44 33.43 33.45 33.45 33.43 33.41 33.39 33.38 33.37
29.65 29.59 29.54 29.50 29.47 29.46 29.46 29.48 29.52 29.57 29.61 29.67 29.74 29.80 29.86 29.94 30.02 30.14 30.26 30.38 30.51 30.63 30.74 30.84 30.95 31.06 31.16 31.26 31.36 31.46 31.56 31.66 31.74 31.84 31.94 32.02 32.12 32.21 32.29 32.38 32.46 32.54 32.62 32.67 32.75 32.81 32.86 32.93 32.99 33.04 33.06 33.08 33.13 33.12 33.17 33.21 33.25 33.26 33.25 33.30 33.33 33.34 33.37 33.36 33.39 33.41 33.41 33.39 33.41 33.40 33.42 33.39 33.40 33.37 33.36 33.34 33.30
29.77 29.69 29.66 29.62 29.59 29.58 29.58 29.60 29.62 29.66 29.71 29.76 29.82 29.88 29.94 30.01 30.09 30.20 30.32 30.44 30.55 30.67 30.79 30.89 31.00 31.10 31.21 31.30 31.40 31.50 31.60 31.69 31.79 31.89 31.98 32.07 32.17 32.25 32.34 32.42 32.51 32.59 32.63 32.71 32.78 32.84 32.90 32.97 33.00 33.04 33.08 33.11 33.14 33.15 33.18 33.23 33.26 33.27 33.28 33.29 33.31 33.28 33.32 33.38 33.37 33.39 33.37 33.38 33.38 33.38 33.37 33.35 33.35 33.33 33.31 33.31 33.27
29.81 29.75 29.76 29.74 29.72 29.70 29.71 29.71 29.74 29.77 29.82 29.85 29.91 29.97 30.03 30.10 30.17 30.27 30.39 30.50 30.61 30.73 30.83 30.94 31.04 31.15 31.24 31.35 31.44 31.54 31.65 31.74 31.84 31.94 32.03 32.12 32.21 32.31 32.39 32.47 32.56 32.63 32.70 32.76 32.80 32.88 32.92 32.95 33.01 33.07 33.05 33.06 33.15 33.15 33.18 33.21 33.24 33.26 33.26 33.28 33.30 33.32 33.28 33.35 33.36 33.36 33.35 33.34 33.34 33.34 33.34 33.32 33.31 33.30 33.30 33.24 33.19
29.88 29.79 29.87 29.83 29.84 29.83 29.83 29.83 29.86 29.89 29.92 29.95 30.01 30.06 30.12 30.18 30.24 30.34 30.45 30.56 30.66 30.77 30.87 30.99 31.09 31.19 31.29 31.39 31.49 31.59 31.69 31.78 31.89 31.98 32.08 32.17 32.27 32.36 32.46 32.54 32.62 32.70 32.74 32.81 32.89 32.92 32.98 33.02 33.04 33.05 33.08 33.12 33.15 33.19 33.20 33.21 33.23 33.23 33.27 33.27 33.28 33.26 33.31 33.33 33.33 33.34 33.33 33.31 33.33 33.33 33.31 33.29 33.29 33.25 33.23 33.20 33.15
29.98 29.89 30.01 29.91 29.97 29.95 29.95 29.95 29.97 30.00 30.03 30.04 30.11 30.16 30.21 30.27 30.34 30.41 30.51 30.61 30.72 30.82 30.93 31.03 31.13 31.23 31.34 31.44 31.54 31.64 31.74 31.83 31.94 32.04 32.14 32.23 32.33 32.43 32.51 32.60 32.68 32.75 32.83 32.88 32.92 32.97 33.01 33.05 33.08 33.09 33.12 33.15 33.18 33.19 33.22 33.22 33.23 33.24 33.24 33.25 33.27 33.28 33.30 33.30 33.31 33.31 33.31 33.30 33.29 33.31 33.29 33.27 33.22 33.20 33.17 33.15 33.13
30.14 30.07 30.07 30.08 30.09 30.07 30.07 30.08 30.09 30.12 30.14 30.17 30.21 30.26 30.30 30.36 30.42 30.49 30.57 30.67 30.77 30.88 30.98 31.08 31.18 31.28 31.38 31.49 31.59 31.69 31.79 31.89 32.00 32.09 32.19 32.30 32.39 32.48 32.58 32.67 32.75 32.79 32.88 32.95 33.01 33.06 33.10 33.13 33.16 33.14 33.16 33.17 33.18 33.20 33.22 33.23 33.24 33.22 33.23 33.24 33.24 33.23 33.28 33.28 33.30 33.28 33.28 33.29 33.28 33.28 33.27 33.25 33.22 33.19 33.18 33.15 33.14
30.22 30.15 30.20 30.17 30.20 30.20 30.19 30.20 30.21 30.23 30.25 30.28 30.32 30.36 30.41 30.46 30.50 30.57 30.64 30.73 30.82 30.93 31.02 31.13 31.23 31.33 31.43 31.53 31.63 31.74 31.84 31.95 32.05 32.15 32.25 32.35 32.46 32.56 32.64 32.73 32.79 32.88 32.94 33.01 33.05 33.08 33.12 33.15 33.16 33.17 33.18 33.21 33.22 33.21 33.20 33.20 33.20 33.24 33.23 33.21 33.22 33.23 33.25 33.27 33.27 33.26 33.27 33.28 33.27 33.25 33.21 33.19 33.20 33.18 33.17 33.14 33.14
30.32 30.31 30.30 30.30 30.30 30.32 30.31 30.32 30.33 30.34 30.36 30.39 30.42 30.46 30.49 30.54 30.60 30.65 30.71 30.78 30.87 30.98 31.08 31.17 31.28 31.37 31.48 31.58 31.69 31.79 31.90 32.00 32.11 32.22 32.32 32.42 32.52 32.61 32.69 32.76 32.84 32.89 32.94 33.02 33.05 33.08 33.12 33.17 33.21 33.22 33.22 33.22 33.23 33.22 33.22 33.20 33.19 33.22 33.22 33.23 33.23 33.22 33.24 33.24 33.24 33.25 33.26 33.26 33.23 33.25 33.19 33.16 33.14 33.14 33.13 33.09 33.07
30.44 30.43 30.40 30.40 30.39 30.43 30.44 30.43 30.43 30.45 30.46 30.50 30.52 30.55 30.59 30.63 30.68 30.73 30.78 30.85 30.93 31.02 31.12 31.22 31.32 31.42 31.53 31.62 31.73 31.84 31.95 32.06 32.17 32.28 32.38 32.48 32.57 32.65 32.72 32.80 32.85 32.88 32.96 33.01 33.09 33.14 33.17 33.22 33.24 33.24 33.25 33.24 33.28 33.24 33.25 33.25 33.23 33.23 33.23 33.22 33.21 33.21 33.21 33.22 33.22 33.22 33.21 33.21 33.20 33.19 33.15 33.14 33.10 33.08 33.08 33.06 33.05
30.54 30.55 30.51 30.54 30.53 30.53 30.53 30.54 30.55 30.56 30.57 30.59 30.62 30.64 30.68 30.72 30.76 30.81 30.86 30.92 30.99 31.07 31.17 31.26 31.36 31.46 31.58 31.68 31.79 31.89 32.00 32.11 32.23 32.33 32.43 32.52 32.60 32.67 32.74 32.82 32.88 32.94 32.95 33.00 33.05 33.13 33.20 33.23 33.23 33.25 33.27 33.30 33.28 33.28 33.27 33.23 33.25 33.23 33.20 33.20 33.20 33.19 33.21 33.18 33.18 33.17 33.19 33.19 33.17 33.17 33.14 33.11 33.10 33.08 33.02 33.00 32.97
30.67 30.66 30.63 30.62 30.63 30.63 30.64 30.64 30.64 30.64 30.67 30.69 30.71 30.74 30.77 30.81 30.84 30.89 30.94 31.00 31.05 31.12 31.22 31.31 31.41 31.51 31.61 31.73 31.83 31.94 32.05 32.17 32.27 32.38 32.47 32.55 32.63 32.70 32.78 32.84 32.89 32.96 33.03 33.08 33.09 33.13 33.18 33.21 33.24 33.28 33.32 33.33 33.32 33.29 33.28 33.25 33.25 33.24 33.22 33.20 33.19 33.16 33.18 33.16 33.16 33.15 33.14 33.15 33.14 33.12 33.11 33.06 33.05 33.04 33.00 32.93 32.93
30.77 30.71 30.73 30.72 30.73 30.73 30.75 30.75 30.75 30.76 30.77 30.79 30.81 30.83 30.86 30.89 30.92 30.97 31.01 31.06 31.12 31.18 31.26 31.36 31.45 31.56 31.66 31.77 31.88 31.99 32.10 32.22 32.32 32.42 32.51 32.58 32.65 32.73 32.77 32.85 32.91 32.97 33.01 33.11 33.14 33.19 33.23 33.24 33.29 33.27 33.32 33.33 33.34 33.32 33.29 33.27 33.26 33.23 33.20 33.19 33.19 33.16 33.14 33.15 33.13 33.13 33.11 33.13 33.11 33.07 33.07 33.06 33.00 32.99 32.93 32.90 32.87
30.84 30.84 30.82 30.81 30.81 30.81 30.82 30.84 30.84 30.84 30.85 30.89 30.90 30.92 30.94 30.97 31.01 31.05 31.08 31.13 31.18 31.25 31.32 31.40 31.50 31.60 31.71 31.82 31.93 32.04 32.15 32.26 32.36 32.45 32.53 32.61 32.67 32.74 32.79 32.88 32.95 32.99 33.08 33.10 33.16 33.17 33.21 33.25 33.26 33.29 33.31 33.32 33.35 33.33 33.31 33.28 33.26 33.23 33.20 33.16 33.15 33.17 33.13 33.12 33.11 33.09 33.08 33.09 33.08 33.06 32.99 32.97 32.96 32.90 32.87 32.86 32.85
30.98 30.94 30.94 30.93 30.92 30.90 30.91 30.92 30.93 30.95 30.97 30.96 30.98 30.96 31.02 31.05 31.08 31.11 31.15 31.19 31.25 31.30 31.37 31.45 31.54 31.65 31.75 31.86 31.97 32.08 32.20 32.30 32.39 32.48 32.56 32.63 32.69 32.77 32.81 32.89 32.96 33.03 33.08 33.13 33.16 33.20 33.22 33.25 33.27 33.29 33.31 33.34 33.35 33.34 33.30 33.28 33.26 33.22 33.18 33.16 33.15 33.16 33.12 33.10 33.09 33.07 33.08 33.06 33.04 33.02 33.01 32.97 32.91 32.89 32.85 32.80 32.74
31.05 31.04 31.01 31.01 30.99 31.00 31.01 31.01 31.04 31.03 31.02 31.06 31.04 31.06 31.09 31.10 31.15 31.19 31.22 31.26 31.30 31.36 31.42 31.50 31.59 31.69 31.80 31.90 32.01 32.13 32.24 32.34 32.43 32.51 32.57 32.64 32.72 32.77 32.79 32.94 32.98 33.04 33.10 33.14 33.19 33.21 33.24 33.27 33.29 33.32 33.32 33.34 33.35 33.36 33.31 33.28 33.24 33.23 33.20 33.19 33.16 33.15 33.13 33.11 33.08 33.03 33.01 33.02 33.00 32.97 32.97 32.95 32.90 32.86 32.82 32.79 32.73
31.17 31.13 31.10 31.09 31.08 31.07 31.07 31.09 31.11 31.12 31.13 31.14 31.13 31.11 31.15 31.19 31.22 31.24 31.27 31.32 31.37 31.42 31.49 31.55 31.64 31.73 31.83 31.94 32.05 32.17 32.26 32.35 32.43 32.53 32.59 32.63 32.72 32.80 32.75 32.83 32.97 33.04 33.13 33.18 33.20 33.22 33.25 33.28 33.30 33.30 33.32 33.35 33.35 33.37 33.33 33.30 33.26 33.24 33.20 33.17 33.14 33.11 33.12 33.09 33.04 33.03 33.01 32.97 32.98 32.94 32.97 32.95 32.92 32.90 32.88 32.77 32.77
31.23 31.22 31.19 31.17 31.15 31.15 31.12 31.18 31.21 31.20 31.22 31.20 31.20 31.20 31.24 31.21 31.27 31.30 31.33 31.37 31.41 31.47 31.54 31.60 31.68 31.77 31.87 31.98 32.06 32.15 32.28 32.37 32.44 32.53 32.62 32.66 32.73 32.82 32.81 32.87 32.99 33.04 33.08 33.20 33.23 33.22 33.25 33.28 33.30 33.31 33.34 33.33 33.34 33.34 33.31 33.30 33.26 33.24 33.22 33.17 33.14 33.11 33.08 33.09 33.04 33.02 33.00 32.94 32.95 32.91 32.90 32.92 32.89 32.84 32.82 32.74 32.65
31.33 31.29 31.26 31.25 31.23 31.22 31.23 31.23 31.21 31.27 31.27 31.27 31.29 31.30 31.32 31.29 31.32 31.36 31.36 31.39 31.43 31.51 31.57 31.64 31.71 31.81 31.90 31.99 32.09 32.18 32.30 32.38 32.47 32.54 32.63 32.70 32.75 32.84 32.86 32.89 33.00 32.98 33.03 33.20 33.21 33.22 33.25 33.27 33.31 33.33 33.33 33.36 33.34 33.35 33.31 33.30 33.26 33.23 33.18 33.14 33.12 33.10 33.05 33.01 33.01 33.00 32.96 32.90 32.90 32.86 32.87 32.83 32.82 32.84 32.80 32.74 32.68
31.41 31.38 31.34 31.33 31.30 31.29 31.30 31.30 31.30 31.32 31.35 31.34 31.34 31.34 31.38 31.34 31.37 31.39 31.38 31.38 31.47 31.52 31.58 31.65 31.74 31.82 31.93 32.03 32.08 32.19 32.31 32.40 32.48 32.55 32.63 32.70 32.75 32.81 32.88 32.90 32.92 32.98 33.04 33.18 33.20 33.22 33.25 33.27 33.29 33.30 33.33 33.33 33.33 33.31 33.30 33.27 33.21 33.19 33.15 33.13 33.11 33.08 33.02 33.01 32.99 32.98 32.92 32.90 32.87 32.86 32.82 32.81 32.79 32.77 32.76 32.72 32.67
31.50 31.48 31.43 31.39 31.37 31.37 31.37 31.37 31.38 31.40 31.42 31.37 31.37 31.42 31.40 31.36 31.46 31.43 31.39 31.44 31.42 31.48 31.60 31.66 31.73 31.87 31.97 32.06 32.10 32.23 32.32 32.40 32.49 32.57 32.63 32.74 32.79 32.83 32.88 32.90 32.91 32.93 33.05 33.10 33.23 33.23 33.23 33.27 33.30 33.31 33.33 33.34 33.37 33.33 33.29 33.25 33.21 33.18 33.15 33.11 33.08 33.06 33.04 32.99 32.97 32.94 32.91 32.85 32.84 32.80 32.78 32.76 32.76 32.72 32.70 32.65 32.61
31.62 31.56 31.51 31.51 31.51 31.51 31.49 31.46 31.46 31.47 31.50 31.50 31.42 31.43 31.47 31.49 31.50 31.49 31.47 31.48 31.52 31.53 31.57 31.62 31.76 31.89 31.97 32.07 32.09 32.25 32.36 32.45 32.51 32.58 32.66 32.74 32.79 32.86 32.89 32.84 32.91 32.90 33.05 33.21 33.22 33.24 33.24 33.28 33.31 33.31 33.33 33.35 33.36 33.33 33.28 33.24 33.21 33.16 33.12 33.10 33.05 33.02 33.00 32.98 32.96 32.94 32.90 32.85 32.84 32.80 32.74 32.70 32.69 32.67 32.59 32.60 32.60
31.75 31.72 31.71 31.68 31.62 31.58 31.57 31.55 31.52 31.52 31.54 31.50 31.48 31.46 31.50 31.49 31.50 31.57 31.56 31.59 31.55 31.57 31.60 31.70 31.82 31.93 31.96 32.05 32.12 32.26 32.35 32.38 32.53 32.60 32.66 32.74 32.81 32.86 32.91 32.75 32.82 33.00 33.04 33.15 33.22 33.25 33.27 33.29 33.31 33.33 33.34 33.36 33.34 33.31 33.27 33.24 33.17 33.12 33.09 33.07 33.04 33.00 32.97 32.98 32.96 32.92 32.89 32.84 32.81 32.78 32.76 32.67 32.58 32.56 32.58 32.54 32.53
31.92 31.83 31.79 31.74 31.70 31.68 31.65 31.58 31.60 31.58 31.58 31.55 31.52 31.52 31.56 31.55 31.58 31.59 31.60 31.61 31.61 31.55 31.57 31.73 31.82 31.95 32.03 32.07 32.19 32.28 32.27 32.37 32.49 32.61 32.68 32.74 32.81 32.85 32.92 32.90 32.97 33.07 33.10 33.16 33.23 33.24 33.25 33.29 33.33 33.34 33.36 33.33 33.32 33.28 33.26 33.20 33.15 33.12 33.08 33.06 33.01 32.96 32.95 32.94 32.92 32.90 32.89 32.59 32.65 32.76 32.55 32.50 32.36 32.34 32.58 32.44 32.38
32.00 31.95 31.88 31.82 31.81 31.77 31.72 31.70 31.66 31.65 31.62 31.61 31.59 31.59 31.59 31.61 31.63 31.63 31.63 31.64 31.65 31.67 31.53 31.54 31.70 31.96 32.01 32.05 32.16 32.24 32.27 32.40 32.47 32.59 32.67 32.74 32.82 32.86 32.92 32.93 32.99 33.06 33.10 33.19 33.21 33.24 33.26 33.29 33.31 33.32 33.32 33.29 33.29 33.24 33.21 33.20 33.16 33.13 33.08 33.06 33.04 33.03 32.97 32.94 32.92 32.86 32.69 32.72 32.53 31.99 32.44 32.02 32.17 32.15 32.38 32.47 32.38
32.13 32.05 32.00 31.98 31.88 31.82 31.78 31.77 31.70 31.71 31.67 31.66 31.66 31.64 31.64 31.65 31.65 31.67 31.72 31.68 31.68 31.72 31.65 31.68 31.88 31.87 31.95 32.03 32.15 32.20 32.22 32.38 32.47 32.57 32.65 32.72 32.80 32.85 32.92 32.93 32.99 33.06 33.13 33.19 33.19 33.22 33.26 33.29 33.30 33.30 33.30 33.28 33.24 33.21 33.18 33.17 33.16 33.14 33.08 33.06 33.03 33.01 32.99 32.96 32.91 32.81 32.61 32.25 32.18 32.55 32.15 32.27 32.12 32.08 32.40 32.44 32.36
32.20 32.22 32.15 32.07 31.99 31.90 31.87 31.83 31.78 31.76 31.72 31.69 31.70 31.69 31.69 31.69 31.67 31.68 31.74 31.73 31.75 31.77 31.78 31.70 31.80 31.89 31.91 31.99 32.04 32.05 32.16 32.31 32.46 32.54 32.63 32.70 32.76 32.84 32.91 32.93 32.97 33.04 33.11 33.17 33.21 33.22 33.25 33.25 33.25 33.24 33.23 33.23 33.21 33.18 33.16 33.13 33.12 33.12 33.09 33.04 33.01 33.02 32.98 32.99 32.95 32.83 32.60 32.31 32.26 32.42 32.33 32.12 32.20 32.32 32.09 32.35 32.34
32.36 32.31 32.20 32.14 32.08 31.99 31.93 31.89 31.85 31.80 31.78 31.74 31.74 31.73 31.71 31.70 31.69 31.72 31.77 31.83 31.81 31.80 31.76 31.76 31.75 31.78 31.92 31.97 32.08 31.91 32.16 32.31 32.41 32.49 32.58 32.65 32.73 32.80 32.88 32.93 32.97 33.02 33.08 33.13 33.17 33.20 33.21 33.22 33.21 33.21 33.19 33.21 33.19 33.16 33.14 33.13 33.10 33.09 33.07 33.06 33.02 33.02 33.01 32.99 32.96 32.85 32.62 32.17 32.36 32.20 32.37 32.20 32.18 32.33 32.36 32.35 31.93
32.46 32.37 32.30 32.25 32.19 32.11 32.03 31.96 31.91 31.87 31.85 31.81 31.80 31.80 31.76 31.75 31.76 31.80 31.81 31.86 31.86 31.86 31.78 31.86 31.84 31.79 31.91 31.80 31.91 32.02 32.03 32.29 32.34 32.43 32.54 32.61 32.68 32.75 32.83 32.88 32.92 32.98 33.03 33.08 33.10 33.14 33.17 33.16 33.15 33.15 33.17 33.16 33.15 33.13 33.11 33.10 33.09 33.08 33.07 33.05 33.05 33.01 33.00 32.97 32.91 32.85 32.76 32.65 32.61 32.47 32.33 32.23 32.12 32.15 32.06 32.06 31.99
32.52 32.43 32.41 32.35 32.26 32.19 32.11 32.05 32.00 31.94 31.92 31.87 31.88 31.84 31.81 31.80 31.85 31.81 31.85 31.88 31.90 31.93 31.85 31.90 31.95 31.96 31.97 31.75 31.95 31.90 31.97 32.21 32.31 32.37 32.50 32.56 32.63 32.69 32.80 32.81 32.85 32.94 32.98 33.02 33.04 33.08 33.10 33.12 33.13 33.15 33.15 33.12 33.12 33.11 33.11 33.09 33.07 33.07 33.04 33.02 33.01 33.01 32.96 32.92 32.87 32.82 32.77 32.70 32.59 32.42 32.40 32.08 31.87 32.12 32.09 32.09 31.97
32.54 32.57 32.46 32.44 32.36 32.27 32.20 32.13 32.08 32.03 31.98 31.94 31.91 31.89 31.88 31.89 31.88 31.88 31.94 31.90 31.92 31.94 32.01 32.01 32.04 32.05 31.97 31.89 31.76 31.82 32.02 32.19 32.26 32.35 32.44 32.52 32.57 32.64 32.74 32.77 32.82 32.88 32.94 32.96 32.98 33.02 33.05 33.08 33.08 33.08 33.10 33.09 33.09 33.10 33.08 33.08 33.06 33.06 33.03 32.99 32.98 32.98 32.94 32.88 32.85 32.83 32.77 32.69 32.45 32.41 32.30 31.86 31.81 32.16 31.71 31.89 31.86
32.59 32.56 32.51 32.46 32.38 32.36 32.27 32.20 32.15 32.12 32.06 32.00 31.97 31.95 31.95 31.96 31.93 31.95 32.01 31.96 31.98 31.99 32.02 32.00 32.05 32.10 32.05 32.03 31.98 31.90 32.01 32.06 32.10 32.28 32.34 32.51 32.54 32.65 32.70 32.75 32.75 32.82 32.88 32.90 32.92 32.95 32.98 33.04 33.05 33.05 33.05 33.06 33.06 33.07 33.07 33.06 33.06 33.06 33.02 32.99 32.96 32.93 32.89 32.87 32.81 32.76 32.73 32.65 32.59 32.54 32.47 32.06 31.76 31.84 31.20 31.74 31.50
32.68 32.60 32.56 32.51 32.46 32.43 32.36 32.29 32.20 32.16 32.12 32.08 32.06 32.01 32.00 32.01 32.04 32.04 32.08 32.00 32.00 32.05 32.05 32.04 32.06 32.10 31.97 31.92 31.96 31.97 32.04 31.99 32.05 32.32 32.36 32.46 32.53 32.61 32.65 32.70 32.72 32.76 32.82 32.84 32.88 32.88 32.93 32.99 33.00 33.04 33.04 33.02 33.03 33.02 33.03 33.04 33.02 33.01 32.96 32.95 32.91 32.91 32.87 32.82 32.79 32.74 32.68 32.60 32.59 32.48 32.44 31.91 32.09 31.47 31.29 31.73 31.22
