main/data/temperature/23.04.2023.grid
ncols 886
nrows 691
xllcenter 112.0000
yllcenter -44.5000
cellsize 0.0500
nodata_value 99999.90
[rows 476 to 509 of 691, columns 231 to 307 of 886]
31.36 31.44 31.51 31.58 31.62 31.63 31.64 31.66 31.67 31.68 31.69 31.69 31.71 31.72 31.74 31.75 31.76 31.77 31.79 31.80 31.82 31.84 31.86 31.88 31.90 31.92 31.95 31.97 32.00 32.02 32.04 32.07 32.09 32.11 32.12 32.14 32.17 32.18 32.19 32.20 32.20 32.21 32.21 32.21 32.20 32.20 32.19 32.17 32.16 32.13 32.11 32.08 32.05 32.02 31.99 31.95 31.91 31.86 31.82 31.77 31.72 31.67 31.61 31.55 31.50 31.44 31.38 31.32 31.25 31.19 31.12 31.05 30.98 30.91 30.83 30.76 30.69
31.41 31.46 31.47 31.54 31.54 31.56 31.57 31.58 31.59 31.60 31.61 31.62 31.64 31.64 31.65 31.67 31.68 31.69 31.71 31.72 31.74 31.76 31.78 31.81 31.82 31.85 31.86 31.89 31.91 31.94 31.96 31.99 32.01 32.03 32.05 32.08 32.09 32.10 32.12 32.13 32.14 32.14 32.15 32.15 32.15 32.15 32.13 32.11 32.10 32.08 32.06 32.04 32.01 31.98 31.95 31.91 31.86 31.82 31.78 31.73 31.68 31.64 31.58 31.53 31.47 31.41 31.35 31.29 31.23 31.15 31.08 31.01 30.95 30.87 30.80 30.71 30.64
31.29 31.44 31.45 31.46 31.48 31.48 31.49 31.51 31.52 31.53 31.54 31.55 31.56 31.57 31.58 31.60 31.61 31.62 31.64 31.65 31.67 31.68 31.70 31.72 31.75 31.76 31.79 31.82 31.84 31.86 31.88 31.91 31.93 31.95 31.98 32.00 32.01 32.04 32.05 32.06 32.08 32.08 32.08 32.09 32.08 32.08 32.07 32.06 32.04 32.02 32.00 31.97 31.95 31.91 31.88 31.85 31.81 31.77 31.72 31.68 31.63 31.58 31.52 31.46 31.40 31.35 31.29 31.23 31.16 31.09 31.02 30.95 30.88 30.81 30.73 30.66 30.58
31.35 31.36 31.38 31.39 31.40 31.41 31.42 31.43 31.45 31.46 31.46 31.47 31.48 31.50 31.50 31.52 31.53 31.54 31.56 31.58 31.59 31.61 31.63 31.64 31.66 31.69 31.71 31.73 31.76 31.79 31.81 31.83 31.86 31.88 31.90 31.92 31.95 31.96 31.98 31.99 32.00 32.01 32.01 32.01 32.00 32.00 31.98 31.97 31.95 31.94 31.91 31.89 31.87 31.84 31.80 31.76 31.73 31.69 31.64 31.60 31.55 31.50 31.45 31.40 31.34 31.28 31.22 31.16 31.09 31.03 30.95 30.89 30.81 30.74 30.67 30.59 30.52
31.28 31.30 31.31 31.32 31.33 31.34 31.35 31.36 31.37 31.38 31.39 31.40 31.41 31.42 31.43 31.44 31.45 31.47 31.48 31.50 31.51 31.53 31.55 31.57 31.59 31.61 31.63 31.66 31.68 31.70 31.73 31.76 31.78 31.81 31.83 31.85 31.87 31.89 31.90 31.91 31.91 31.91 31.92 31.91 31.91 31.91 31.89 31.88 31.86 31.85 31.83 31.80 31.78 31.75 31.72 31.69 31.64 31.61 31.56 31.52 31.48 31.43 31.38 31.32 31.26 31.21 31.15 31.08 31.02 30.95 30.89 30.82 30.75 30.68 30.61 30.54 30.46
31.21 31.23 31.23 31.25 31.26 31.27 31.28 31.29 31.30 31.30 31.31 31.32 31.34 31.35 31.35 31.37 31.38 31.40 31.41 31.42 31.43 31.46 31.48 31.50 31.51 31.53 31.55 31.58 31.61 31.62 31.65 31.68 31.70 31.73 31.75 31.77 31.79 31.80 31.80 31.82 31.82 31.82 31.83 31.82 31.82 31.81 31.80 31.80 31.77 31.76 31.74 31.71 31.69 31.67 31.64 31.61 31.57 31.53 31.49 31.45 31.40 31.35 31.30 31.25 31.20 31.14 31.07 31.02 30.95 30.89 30.82 30.76 30.69 30.62 30.54 30.47 30.40
31.14 31.15 31.16 31.18 31.18 31.20 31.20 31.22 31.22 31.23 31.24 31.25 31.26 31.27 31.29 31.29 31.31 31.32 31.33 31.35 31.36 31.38 31.39 31.41 31.43 31.45 31.48 31.50 31.53 31.55 31.57 31.60 31.62 31.65 31.67 31.68 31.70 31.71 31.72 31.73 31.73 31.73 31.73 31.73 31.73 31.72 31.71 31.71 31.69 31.67 31.66 31.64 31.61 31.58 31.55 31.52 31.49 31.45 31.41 31.37 31.32 31.28 31.23 31.18 31.12 31.07 31.01 30.95 30.89 30.82 30.76 30.69 30.63 30.55 30.48 30.40 30.33
31.07 31.08 31.10 31.11 31.11 31.13 31.13 31.15 31.15 31.16 31.17 31.18 31.19 31.20 31.21 31.22 31.23 31.24 31.26 31.27 31.28 31.31 31.32 31.34 31.36 31.38 31.40 31.43 31.45 31.47 31.50 31.52 31.55 31.56 31.58 31.60 31.60 31.62 31.63 31.63 31.64 31.64 31.64 31.64 31.64 31.63 31.63 31.62 31.60 31.59 31.57 31.55 31.53 31.51 31.47 31.45 31.41 31.38 31.34 31.30 31.25 31.20 31.15 31.10 31.05 30.99 30.93 30.88 30.81 30.75 30.68 30.62 30.54 30.47 30.39 30.31 30.23
31.00 31.01 31.03 31.04 31.05 31.06 31.07 31.08 31.08 31.09 31.10 31.10 31.11 31.13 31.14 31.15 31.16 31.17 31.18 31.20 31.21 31.23 31.24 31.26 31.28 31.30 31.33 31.35 31.37 31.39 31.42 31.44 31.46 31.48 31.49 31.50 31.52 31.52 31.53 31.54 31.55 31.55 31.55 31.55 31.54 31.54 31.54 31.53 31.51 31.50 31.48 31.47 31.45 31.42 31.39 31.36 31.33 31.29 31.25 31.21 31.16 31.10 31.06 31.00 30.94 30.88 30.82 30.75 30.69 30.62 30.55 30.48 30.41 30.33 30.26 30.17 30.10
30.94 30.95 30.96 30.97 30.98 30.99 31.00 31.00 31.01 31.02 31.03 31.04 31.05 31.05 31.06 31.07 31.09 31.09 31.11 31.12 31.14 31.15 31.17 31.18 31.20 31.23 31.25 31.27 31.30 31.32 31.34 31.36 31.37 31.39 31.40 31.41 31.42 31.43 31.44 31.45 31.45 31.46 31.46 31.47 31.46 31.45 31.45 31.44 31.43 31.41 31.40 31.38 31.35 31.33 31.29 31.25 31.21 31.16 31.11 31.06 31.02 30.96 30.90 30.84 30.79 30.73 30.66 30.60 30.53 30.46 30.40 30.32 30.26 30.18 30.11 30.04 29.96
30.87 30.89 30.89 30.90 30.91 30.92 30.93 30.93 30.95 30.95 30.96 30.97 30.98 30.98 31.00 31.00 31.01 31.03 31.03 31.05 31.06 31.08 31.10 31.11 31.13 31.14 31.17 31.20 31.22 31.24 31.26 31.27 31.28 31.30 31.31 31.32 31.34 31.35 31.35 31.36 31.36 31.37 31.38 31.37 31.37 31.37 31.36 31.36 31.34 31.33 31.29 31.26 31.22 31.18 31.14 31.09 31.05 31.01 30.96 30.91 30.85 30.80 30.74 30.69 30.63 30.57 30.51 30.45 30.39 30.32 30.25 30.18 30.11 30.04 29.96 29.89 29.82
30.81 30.82 30.83 30.83 30.84 30.85 30.86 30.86 30.87 30.88 30.89 30.89 30.90 30.91 30.92 30.93 30.94 30.95 30.96 30.97 30.99 31.00 31.02 31.04 31.05 31.07 31.10 31.12 31.14 31.16 31.17 31.19 31.20 31.21 31.23 31.23 31.24 31.25 31.26 31.27 31.28 31.28 31.28 31.28 31.28 31.28 31.27 31.25 31.22 31.19 31.15 31.11 31.06 31.03 30.99 30.94 30.90 30.85 30.80 30.75 30.69 30.65 30.59 30.54 30.48 30.42 30.36 30.30 30.24 30.17 30.11 30.04 29.97 29.90 29.83 29.76 29.68
30.74 30.75 30.76 30.77 30.77 30.78 30.79 30.80 30.80 30.81 30.82 30.83 30.84 30.84 30.85 30.85 30.87 30.88 30.88 30.90 30.92 30.93 30.94 30.96 30.98 30.99 31.01 31.04 31.06 31.07 31.09 31.10 31.11 31.12 31.13 31.15 31.16 31.17 31.18 31.19 31.18 31.19 31.19 31.19 31.19 31.17 31.14 31.10 31.07 31.03 30.99 30.95 30.91 30.87 30.83 30.78 30.74 30.69 30.64 30.60 30.55 30.49 30.44 30.39 30.33 30.27 30.22 30.16 30.09 30.03 29.96 29.90 29.83 29.77 29.70 29.63 29.56
30.68 30.69 30.69 30.70 30.71 30.71 30.72 30.73 30.74 30.74 30.75 30.75 30.76 30.77 30.78 30.79 30.80 30.80 30.82 30.83 30.84 30.86 30.87 30.89 30.90 30.92 30.95 30.96 30.97 30.99 31.00 31.01 31.02 31.03 31.04 31.05 31.07 31.08 31.08 31.09 31.10 31.10 31.10 31.08 31.05 31.02 30.98 30.95 30.91 30.87 30.83 30.80 30.75 30.71 30.67 30.63 30.58 30.54 30.50 30.45 30.40 30.34 30.30 30.24 30.18 30.13 30.07 30.01 29.96 29.89 29.83 29.76 29.70 29.63 29.57 29.49 29.42
30.61 30.62 30.63 30.64 30.64 30.65 30.65 30.66 30.67 30.67 30.68 30.69 30.69 30.70 30.71 30.72 30.73 30.73 30.75 30.76 30.77 30.78 30.79 30.82 30.83 30.84 30.87 30.88 30.89 30.90 30.92 30.93 30.94 30.95 30.96 30.97 30.98 30.99 31.00 31.01 31.01 31.00 30.97 30.94 30.90 30.87 30.83 30.79 30.76 30.72 30.68 30.64 30.60 30.56 30.52 30.49 30.44 30.39 30.35 30.30 30.26 30.20 30.15 30.10 30.05 29.99 29.93 29.88 29.81 29.76 29.69 29.64 29.57 29.51 29.43 29.37 29.30
30.55 30.56 30.56 30.57 30.58 30.58 30.59 30.59 30.60 30.61 30.61 30.61 30.62 30.64 30.63 30.64 30.65 30.66 30.68 30.69 30.70 30.71 30.72 30.74 30.75 30.77 30.79 30.80 30.81 30.82 30.83 30.84 30.85 30.86 30.87 30.88 30.90 30.91 30.92 30.92 30.90 30.87 30.83 30.79 30.76 30.72 30.68 30.65 30.61 30.57 30.53 30.49 30.45 30.41 30.38 30.34 30.29 30.25 30.20 30.16 30.11 30.06 30.01 29.96 29.91 29.86 29.80 29.74 29.69 29.62 29.57 29.50 29.44 29.37 29.31 29.25 29.18
30.48 30.48 30.49 30.50 30.50 30.51 30.51 30.53 30.53 30.54 30.54 30.55 30.55 30.56 30.57 30.57 30.58 30.59 30.61 30.61 30.62 30.64 30.65 30.67 30.68 30.70 30.71 30.71 30.73 30.74 30.75 30.76 30.78 30.79 30.79 30.80 30.81 30.82 30.81 30.80 30.76 30.72 30.68 30.65 30.61 30.57 30.54 30.50 30.46 30.42 30.39 30.36 30.32 30.28 30.24 30.19 30.15 30.11 30.07 30.02 29.97 29.93 29.88 29.82 29.78 29.72 29.67 29.61 29.55 29.50 29.44 29.38 29.31 29.26 29.20 29.13 29.06
30.41 30.42 30.43 30.43 30.44 30.45 30.45 30.46 30.46 30.47 30.48 30.48 30.49 30.49 30.50 30.51 30.52 30.53 30.54 30.54 30.55 30.57 30.58 30.59 30.60 30.62 30.63 30.64 30.65 30.66 30.67 30.68 30.69 30.70 30.71 30.72 30.73 30.72 30.69 30.65 30.61 30.57 30.54 30.50 30.47 30.43 30.39 30.36 30.32 30.28 30.24 30.21 30.18 30.14 30.09 30.05 30.02 29.97 29.93 29.89 29.84 29.79 29.74 29.70 29.64 29.60 29.54 29.48 29.43 29.37 29.32 29.25 29.20 29.13 29.07 29.01 28.94
30.35 30.36 30.37 30.37 30.38 30.39 30.39 30.39 30.40 30.40 30.40 30.42 30.42 30.43 30.43 30.44 30.45 30.46 30.47 30.47 30.48 30.50 30.50 30.52 30.52 30.54 30.55 30.56 30.57 30.58 30.59 30.60 30.61 30.62 30.63 30.63 30.62 30.59 30.55 30.51 30.47 30.43 30.39 30.37 30.33 30.29 30.25 30.22 30.18 30.14 30.11 30.08 30.04 30.00 29.96 29.92 29.88 29.84 29.79 29.76 29.71 29.67 29.62 29.57 29.52 29.47 29.42 29.37 29.31 29.26 29.19 29.14 29.08 29.02 28.95 28.90 28.84
30.29 30.30 30.30 30.31 30.32 30.31 30.32 30.32 30.34 30.34 30.34 30.35 30.36 30.36 30.37 30.37 30.38 30.39 30.40 30.40 30.41 30.43 30.44 30.44 30.46 30.46 30.47 30.48 30.49 30.50 30.51 30.52 30.53 30.54 30.55 30.53 30.49 30.45 30.41 30.37 30.33 30.29 30.26 30.23 30.19 30.16 30.12 30.08 30.05 30.02 29.98 29.94 29.90 29.87 29.83 29.79 29.75 29.72 29.67 29.62 29.59 29.54 29.49 29.45 29.40 29.35 29.30 29.24 29.19 29.13 29.08 29.02 28.97 28.91 28.85 28.79 28.72
30.23 30.24 30.23 30.24 30.25 30.25 30.26 30.26 30.27 30.27 30.27 30.29 30.29 30.29 30.30 30.30 30.31 30.32 30.33 30.33 30.34 30.35 30.37 30.37 30.38 30.39 30.40 30.41 30.41 30.42 30.43 30.44 30.45 30.45 30.43 30.40 30.36 30.31 30.27 30.24 30.20 30.16 30.12 30.10 30.06 30.02 29.99 29.95 29.92 29.89 29.85 29.81 29.78 29.74 29.70 29.66 29.63 29.59 29.54 29.51 29.46 29.41 29.37 29.32 29.28 29.23 29.18 29.13 29.07 29.03 28.97 28.92 28.86 28.80 28.74 28.68 28.62
30.17 30.17 30.17 30.18 30.19 30.19 30.20 30.20 30.21 30.21 30.21 30.21 30.22 30.23 30.23 30.24 30.24 30.25 30.26 30.27 30.27 30.28 30.29 30.30 30.30 30.31 30.33 30.33 30.33 30.35 30.35 30.37 30.36 30.35 30.31 30.26 30.23 30.18 30.14 30.11 30.07 30.03 29.99 29.96 29.93 29.89 29.86 29.83 29.79 29.76 29.72 29.68 29.65 29.62 29.58 29.55 29.50 29.46 29.43 29.38 29.34 29.30 29.25 29.21 29.16 29.11 29.07 29.01 28.97 28.92 28.86 28.80 28.75 28.70 28.63 28.58 28.51
30.10 30.11 30.11 30.12 30.12 30.12 30.13 30.13 30.14 30.14 30.14 30.15 30.16 30.16 30.16 30.17 30.17 30.18 30.19 30.20 30.21 30.21 30.21 30.22 30.24 30.24 30.25 30.26 30.26 30.27 30.28 30.28 30.26 30.21 30.18 30.13 30.09 30.05 30.01 29.97 29.94 29.91 29.87 29.83 29.80 29.77 29.73 29.71 29.67 29.63 29.61 29.57 29.53 29.49 29.46 29.42 29.38 29.35 29.31 29.26 29.23 29.18 29.14 29.10 29.06 29.01 28.95 28.91 28.86 28.81 28.75 28.70 28.65 28.59 28.54 28.47 28.42
30.04 30.05 30.05 30.05 30.06 30.06 30.07 30.07 30.07 30.07 30.08 30.09 30.09 30.09 30.09 30.10 30.10 30.11 30.12 30.13 30.13 30.14 30.15 30.15 30.16 30.17 30.17 30.18 30.19 30.20 30.20 30.17 30.14 30.09 30.04 30.01 29.96 29.93 29.89 29.85 29.82 29.78 29.74 29.71 29.68 29.64 29.61 29.58 29.55 29.51 29.48 29.45 29.41 29.38 29.34 29.30 29.27 29.23 29.20 29.16 29.11 29.08 29.03 28.99 28.94 28.89 28.85 28.80 28.76 28.71 28.65 28.61 28.55 28.50 28.43 28.38 28.33
29.98 29.98 29.99 29.99 30.00 29.99 30.00 30.01 30.01 30.01 30.02 30.02 30.02 30.02 30.03 30.04 30.05 30.05 30.06 30.05 30.06 30.07 30.08 30.08 30.08 30.09 30.10 30.11 30.11 30.12 30.09 30.05 30.00 29.97 29.92 29.88 29.84 29.80 29.77 29.73 29.70 29.66 29.62 29.60 29.56 29.53 29.50 29.46 29.43 29.40 29.37 29.33 29.30 29.27 29.23 29.20 29.16 29.12 29.09 29.04 29.01 28.96 28.93 28.88 28.84 28.79 28.75 28.70 28.66 28.60 28.56 28.50 28.45 28.39 28.34 28.29 28.23
29.91 29.92 29.93 29.92 29.93 29.94 29.94 29.94 29.94 29.95 29.95 29.95 29.95 29.97 29.97 29.97 29.98 29.98 29.99 29.99 30.00 30.00 30.00 30.01 30.02 30.03 30.03 30.04 30.04 30.01 29.97 29.92 29.88 29.83 29.80 29.75 29.72 29.68 29.65 29.61 29.58 29.54 29.51 29.48 29.44 29.41 29.38 29.35 29.31 29.29 29.25 29.22 29.19 29.15 29.12 29.09 29.05 29.02 28.97 28.94 28.90 28.87 28.82 28.78 28.74 28.70 28.65 28.61 28.56 28.51 28.46 28.41 28.35 28.30 28.25 28.19 28.14
29.86 29.86 29.86 29.87 29.87 29.87 29.88 29.88 29.88 29.89 29.89 29.89 29.90 29.90 29.90 29.90 29.91 29.91 29.92 29.92 29.93 29.93 29.94 29.94 29.95 29.95 29.96 29.96 29.93 29.89 29.85 29.80 29.76 29.71 29.68 29.64 29.60 29.56 29.53 29.49 29.46 29.43 29.39 29.37 29.33 29.29 29.27 29.23 29.21 29.17 29.14 29.11 29.08 29.05 29.01 28.99 28.95 28.91 28.88 28.84 28.80 28.76 28.73 28.68 28.64 28.60 28.56 28.51 28.47 28.41 28.37 28.31 28.27 28.22 28.16 28.11 28.05
29.80 29.80 29.80 29.80 29.81 29.81 29.82 29.81 29.82 29.82 29.82 29.83 29.83 29.83 29.83 29.83 29.85 29.85 29.85 29.86 29.86 29.86 29.86 29.87 29.88 29.89 29.89 29.86 29.82 29.77 29.72 29.68 29.63 29.60 29.55 29.52 29.49 29.45 29.42 29.38 29.34 29.32 29.28 29.25 29.22 29.19 29.16 29.12 29.10 29.07 29.04 29.01 28.98 28.94 28.92 28.88 28.84 28.81 28.77 28.74 28.70 28.67 28.62 28.59 28.54 28.51 28.46 28.42 28.37 28.33 28.28 28.23 28.18 28.13 28.08 28.02 27.97
29.74 29.74 29.74 29.74 29.75 29.75 29.75 29.76 29.75 29.76 29.76 29.76 29.76 29.77 29.77 29.78 29.78 29.78 29.78 29.79 29.79 29.80 29.80 29.81 29.81 29.80 29.78 29.74 29.70 29.65 29.60 29.57 29.52 29.48 29.44 29.41 29.38 29.34 29.30 29.27 29.24 29.21 29.17 29.14 29.11 29.09 29.05 29.03 28.99 28.97 28.93 28.91 28.87 28.84 28.81 28.78 28.75 28.71 28.68 28.64 28.61 28.57 28.53 28.49 28.46 28.41 28.37 28.32 28.28 28.24 28.19 28.15 28.09 28.04 27.99 27.94 27.89
29.68 29.68 29.68 29.68 29.69 29.69 29.69 29.69 29.70 29.70 29.70 29.70 29.70 29.70 29.70 29.71 29.71 29.72 29.72 29.73 29.73 29.73 29.74 29.73 29.73 29.71 29.67 29.63 29.57 29.53 29.49 29.44 29.41 29.37 29.33 29.30 29.26 29.23 29.20 29.16 29.13 29.10 29.07 29.04 29.00 28.98 28.96 28.92 28.89 28.87 28.83 28.81 28.77 28.75 28.71 28.69 28.65 28.62 28.58 28.55 28.51 28.48 28.44 28.41 28.36 28.33 28.28 28.24 28.20 28.15 28.11 28.06 28.01 27.97 27.91 27.86 27.80
29.62 29.62 29.62 29.62 29.62 29.62 29.63 29.62 29.63 29.63 29.64 29.64 29.64 29.65 29.65 29.65 29.65 29.65 29.65 29.65 29.66 29.66 29.67 29.66 29.64 29.60 29.55 29.50 29.46 29.42 29.38 29.33 29.29 29.26 29.22 29.19 29.15 29.12 29.08 29.05 29.03 28.99 28.97 28.94 28.91 28.88 28.85 28.82 28.80 28.76 28.74 28.71 28.68 28.65 28.62 28.59 28.56 28.52 28.50 28.46 28.43 28.39 28.36 28.31 28.28 28.23 28.20 28.16 28.11 28.07 28.02 27.98 27.94 27.88 27.83 27.79 27.73
29.56 29.56 29.56 29.56 29.57 29.56 29.57 29.57 29.57 29.57 29.57 29.58 29.58 29.58 29.58 29.58 29.59 29.59 29.59 29.59 29.60 29.60 29.60 29.57 29.53 29.48 29.43 29.39 29.34 29.30 29.26 29.22 29.19 29.14 29.11 29.08 29.04 29.01 28.99 28.95 28.93 28.89 28.87 28.83 28.81 28.78 28.76 28.72 28.70 28.68 28.64 28.61 28.59 28.55 28.53 28.50 28.47 28.44 28.40 28.37 28.34 28.31 28.26 28.23 28.19 28.15 28.12 28.07 28.03 27.99 27.95 27.90 27.85 27.81 27.76 27.70 27.66
29.50 29.50 29.50 29.50 29.50 29.51 29.50 29.51 29.51 29.51 29.51 29.51 29.51 29.52 29.52 29.52 29.52 29.52 29.52 29.53 29.53 29.53 29.51 29.45 29.40 29.36 29.31 29.27 29.23 29.18 29.15 29.11 29.08 29.04 29.01 28.98 28.94 28.91 28.89 28.85 28.83 28.79 28.77 28.75 28.71 28.69 28.66 28.64 28.60 28.58 28.55 28.53 28.49 28.47 28.45 28.41 28.39 28.35 28.32 28.28 28.26 28.22 28.19 28.14 28.11 28.08 28.03 28.00 27.95 27.91 27.87 27.82 27.78 27.74 27.68 27.63 27.59
29.44 29.44 29.45 29.44 29.45 29.44 29.45 29.44 29.45 29.45 29.45 29.45 29.45 29.45 29.46 29.46 29.46 29.46 29.46 29.46 29.45 29.43 29.38 29.34 29.29 29.25 29.20 29.16 29.12 29.08 29.04 29.01 28.98 28.93 28.90 28.88 28.85 28.81 28.79 28.75 28.73 28.70 28.67 28.65 28.62 28.59 28.56 28.54 28.52 28.49 28.47 28.43 28.41 28.38 28.35 28.33 28.30 28.27 28.23 28.21 28.17 28.14 28.11 28.07 28.04 27.99 27.96 27.92 27.88 27.84 27.79 27.75 27.71 27.66 27.61 27.57 27.51
