main/data/temperature/23.08.2023.grid
ncols 886
nrows 691
xllcenter 112.0000
yllcenter -44.5000
cellsize 0.0500
nodata_value 99999.90
[rows 68 to 101 of 691, columns 462 to 538 of 886]
32.19 31.92 31.24 30.82 31.13 31.36 31.50 31.59 31.29 31.48 31.62 31.71 31.47 31.52 31.51 31.54 31.44 31.52 31.46 31.39 31.32 31.16 31.19 31.11 31.05 31.00 30.95 30.90 30.85 30.81 30.77 30.74 30.71 30.69 30.66 30.64 30.62 30.60 30.59 30.57 30.56 30.55 30.54 30.53 30.52 30.51 30.50 30.49 30.49 30.49 30.48 30.48 30.47 30.48 30.47 30.47 30.47 30.48 30.48 30.49 30.49 30.49 30.50 30.50 30.51 30.53 30.53 30.54 30.56 30.57 30.58 30.59 30.62 30.63 30.64 30.67 30.69
32.14 31.80 31.01 31.07 30.97 31.35 31.55 31.78 31.31 31.59 31.76 31.58 31.58 31.52 31.54 31.64 31.62 31.54 31.47 31.39 31.33 31.11 31.19 31.04 31.05 31.01 30.95 30.89 30.86 30.81 30.77 30.74 30.72 30.69 30.67 30.65 30.63 30.61 30.60 30.59 30.57 30.57 30.55 30.54 30.54 30.53 30.52 30.51 30.51 30.49 30.49 30.49 30.48 30.48 30.47 30.48 30.47 30.48 30.48 30.48 30.49 30.49 30.50 30.51 30.51 30.52 30.53 30.55 30.55 30.57 30.58 30.59 30.61 30.62 30.64 30.66 30.68
31.97 31.51 30.64 31.31 31.38 31.45 31.65 31.88 31.49 31.28 31.66 31.81 31.72 31.74 31.32 31.66 31.62 31.56 31.48 31.41 31.33 31.23 31.19 31.12 31.06 31.01 30.96 30.91 30.86 30.82 30.78 30.75 30.72 30.69 30.67 30.65 30.64 30.62 30.61 30.60 30.58 30.57 30.56 30.56 30.55 30.53 30.53 30.52 30.51 30.51 30.50 30.50 30.50 30.49 30.49 30.48 30.48 30.49 30.49 30.48 30.50 30.50 30.50 30.50 30.52 30.52 30.53 30.54 30.55 30.56 30.57 30.59 30.61 30.62 30.64 30.65 30.68
32.07 31.77 30.75 31.52 31.58 31.58 31.89 31.92 31.94 31.51 31.62 31.75 31.88 31.82 31.47 31.69 31.64 31.57 31.49 31.41 31.34 31.27 31.20 31.13 31.08 31.03 30.97 30.93 30.88 30.84 30.80 30.76 30.73 30.70 30.68 30.65 30.64 30.63 30.62 30.61 30.60 30.58 30.58 30.56 30.55 30.55 30.54 30.54 30.52 30.52 30.51 30.50 30.50 30.49 30.50 30.49 30.49 30.49 30.49 30.49 30.50 30.50 30.50 30.51 30.51 30.52 30.52 30.53 30.55 30.56 30.57 30.59 30.60 30.61 30.63 30.64 30.66
32.10 31.74 31.79 31.81 31.59 31.77 31.78 31.49 31.61 31.95 31.62 31.80 31.70 31.61 31.81 31.74 31.66 31.59 31.51 31.43 31.35 31.28 31.22 31.15 31.10 31.05 30.99 30.94 30.89 30.86 30.81 30.78 30.74 30.72 30.69 30.66 30.65 30.64 30.63 30.62 30.61 30.60 30.59 30.58 30.57 30.56 30.55 30.54 30.54 30.53 30.52 30.52 30.51 30.51 30.50 30.50 30.50 30.49 30.49 30.50 30.50 30.50 30.51 30.51 30.51 30.52 30.53 30.54 30.55 30.56 30.57 30.58 30.59 30.61 30.62 30.64 30.66
32.24 32.07 31.95 31.63 31.61 31.53 31.51 31.69 31.31 31.82 31.71 31.90 31.71 31.71 31.74 31.73 31.68 31.61 31.53 31.45 31.38 31.30 31.24 31.18 31.12 31.06 31.00 30.96 30.91 30.87 30.84 30.80 30.77 30.74 30.71 30.67 30.66 30.65 30.64 30.62 30.62 30.61 30.60 30.59 30.57 30.57 30.56 30.56 30.55 30.54 30.53 30.52 30.52 30.51 30.51 30.51 30.50 30.50 30.50 30.50 30.50 30.51 30.51 30.51 30.52 30.52 30.53 30.54 30.55 30.55 30.56 30.57 30.59 30.60 30.62 30.63 30.65
32.45 32.14 32.17 32.00 31.84 31.73 31.59 31.68 31.63 31.44 31.61 31.69 31.48 31.67 31.77 31.75 31.71 31.63 31.55 31.46 31.40 31.34 31.11 31.18 31.14 31.08 31.02 30.97 30.94 30.89 30.74 30.82 30.57 30.76 30.73 30.70 30.67 30.66 30.64 30.64 30.63 30.61 30.61 30.60 30.59 30.58 30.57 30.56 30.55 30.55 30.55 30.53 30.53 30.52 30.52 30.51 30.51 30.51 30.51 30.51 30.51 30.51 30.51 30.51 30.52 30.53 30.52 30.53 30.54 30.55 30.56 30.57 30.58 30.59 30.61 30.62 30.64
32.57 32.26 32.32 32.07 31.81 31.90 31.70 31.50 31.62 31.62 31.57 31.73 31.80 31.85 31.82 31.79 31.72 31.63 31.51 31.50 31.43 31.33 31.18 31.21 31.17 31.10 31.04 30.99 30.84 30.91 30.88 30.62 30.82 30.79 30.75 30.72 30.69 30.68 30.66 30.65 30.64 30.63 30.62 30.61 30.61 30.59 30.58 30.58 30.57 30.56 30.55 30.55 30.54 30.54 30.53 30.52 30.52 30.51 30.51 30.51 30.51 30.51 30.51 30.52 30.52 30.52 30.52 30.53 30.54 30.54 30.55 30.57 30.57 30.59 30.60 30.62 30.64
32.53 32.58 32.26 32.18 31.98 31.95 31.83 31.71 31.88 31.53 31.84 31.83 31.88 31.92 31.82 31.78 31.65 31.58 31.55 31.53 31.46 31.36 31.20 31.09 31.20 31.12 31.05 31.01 30.98 30.95 30.90 30.74 30.75 30.81 30.77 30.61 30.52 30.69 30.67 30.67 30.66 30.65 30.64 30.62 30.62 30.61 30.60 30.59 30.58 30.58 30.56 30.56 30.55 30.54 30.53 30.53 30.53 30.52 30.52 30.52 30.52 30.51 30.51 30.52 30.52 30.52 30.53 30.54 30.53 30.55 30.55 30.56 30.57 30.58 30.59 30.61 30.62
32.66 32.65 32.57 32.28 32.22 32.01 31.53 31.60 31.78 31.94 32.00 31.89 31.85 31.90 31.85 31.75 31.61 31.64 31.64 31.57 31.50 31.43 31.35 31.31 31.23 31.17 31.08 30.97 30.90 30.90 30.85 30.60 30.80 30.69 30.81 30.67 30.74 30.70 30.69 30.69 30.67 30.66 30.66 30.64 30.63 30.62 30.61 30.60 30.59 30.59 30.57 30.56 30.56 30.55 30.54 30.53 30.53 30.52 30.52 30.52 30.52 30.52 30.51 30.52 30.52 30.52 30.53 30.53 30.54 30.54 30.55 30.55 30.56 30.57 30.58 30.59 30.61
32.67 32.57 32.58 32.44 32.45 32.27 31.80 31.87 31.81 31.79 31.72 31.85 31.85 31.84 31.86 31.61 31.67 31.59 31.67 31.61 31.54 31.48 31.41 31.35 31.29 31.22 31.17 31.00 30.67 30.86 30.74 30.68 30.67 30.33 30.64 30.74 30.76 30.73 30.71 30.70 30.69 30.68 30.67 30.65 30.65 30.64 30.62 30.61 30.61 30.60 30.58 30.57 30.57 30.56 30.55 30.55 30.54 30.54 30.53 30.53 30.52 30.52 30.52 30.52 30.52 30.52 30.53 30.53 30.54 30.54 30.54 30.55 30.55 30.56 30.58 30.58 30.60
32.67 32.63 32.61 32.66 32.53 32.39 32.17 32.09 32.09 32.06 31.86 31.87 31.79 31.76 31.76 31.72 31.85 31.74 31.70 31.64 31.58 31.51 31.46 31.40 31.34 31.30 31.25 31.11 30.91 30.79 30.47 30.86 30.90 30.86 30.87 30.82 30.79 30.75 30.73 30.72 30.70 30.69 30.68 30.68 30.66 30.65 30.64 30.63 30.62 30.61 30.60 30.58 30.58 30.57 30.56 30.55 30.55 30.55 30.53 30.53 30.53 30.52 30.53 30.52 30.52 30.52 30.53 30.53 30.52 30.53 30.54 30.54 30.54 30.55 30.57 30.57 30.59
32.69 32.72 32.60 32.61 32.66 32.51 32.37 32.29 32.24 32.12 31.97 31.96 31.88 31.85 31.85 31.86 31.86 31.82 31.75 31.69 31.62 31.56 31.51 31.44 31.40 31.35 31.32 31.13 30.89 30.50 30.41 30.70 30.46 30.71 30.89 30.85 30.81 30.78 30.75 30.73 30.73 30.72 30.70 30.69 30.68 30.67 30.66 30.65 30.63 30.62 30.61 30.60 30.59 30.58 30.57 30.56 30.55 30.55 30.54 30.54 30.53 30.53 30.53 30.52 30.52 30.52 30.52 30.53 30.52 30.53 30.53 30.53 30.53 30.55 30.55 30.56 30.57
32.70 32.75 32.64 32.65 32.66 32.58 32.50 32.40 32.36 32.29 32.15 32.06 32.11 31.92 31.88 31.93 31.77 31.85 31.79 31.72 31.66 31.59 31.54 31.49 31.43 31.39 31.36 31.17 31.10 30.47 30.15 30.52 30.24 30.87 30.92 30.87 30.84 30.80 30.78 30.76 30.74 30.73 30.72 30.71 30.70 30.68 30.67 30.66 30.65 30.63 30.62 30.61 30.60 30.59 30.58 30.57 30.56 30.55 30.55 30.54 30.54 30.53 30.52 30.53 30.52 30.52 30.52 30.51 30.51 30.51 30.52 30.52 30.53 30.54 30.54 30.55 30.56
32.87 32.79 32.81 32.66 32.50 32.60 32.66 32.54 32.48 32.40 32.21 32.26 32.21 32.12 32.01 31.97 31.97 31.89 31.82 31.76 31.69 31.63 31.58 31.52 31.47 31.43 31.37 31.24 30.81 30.88 30.82 30.62 31.00 30.99 30.95 30.90 30.86 30.82 30.80 30.78 30.77 30.75 30.74 30.72 30.72 30.70 30.69 30.67 30.66 30.64 30.64 30.62 30.61 30.60 30.59 30.57 30.57 30.56 30.55 30.55 30.54 30.53 30.53 30.53 30.52 30.52 30.51 30.51 30.51 30.51 30.51 30.52 30.52 30.53 30.53 30.54 30.55
32.99 32.81 32.87 32.84 32.63 32.65 32.61 32.61 32.54 32.46 32.31 32.28 32.31 32.15 32.06 32.00 32.01 31.93 31.86 31.79 31.73 31.67 31.62 31.56 31.51 31.45 31.40 31.33 31.13 31.02 30.52 30.44 30.52 31.01 30.75 30.92 30.88 30.84 30.82 30.80 30.79 30.77 30.76 30.74 30.73 30.71 30.70 30.69 30.67 30.66 30.64 30.63 30.62 30.61 30.60 30.58 30.58 30.56 30.56 30.55 30.54 30.54 30.53 30.52 30.52 30.52 30.51 30.51 30.51 30.50 30.50 30.51 30.51 30.51 30.51 30.52 30.53
32.94 32.84 32.94 32.92 32.69 32.70 32.67 32.62 32.58 32.58 32.48 32.35 32.35 32.17 32.15 32.14 32.05 31.97 31.90 31.83 31.77 31.71 31.64 31.59 31.54 31.48 31.40 31.36 31.28 31.08 30.98 30.49 30.91 30.92 30.70 30.89 30.88 30.87 30.84 30.83 30.81 30.79 30.78 30.76 30.74 30.73 30.71 30.69 30.69 30.67 30.65 30.64 30.63 30.62 30.61 30.59 30.58 30.57 30.56 30.55 30.54 30.54 30.53 30.52 30.52 30.51 30.51 30.50 30.50 30.50 30.49 30.49 30.50 30.49 30.50 30.51 30.52
32.95 33.03 33.07 32.87 32.83 32.70 32.71 32.67 32.60 32.53 32.55 32.50 32.43 32.24 32.27 32.18 32.10 32.02 31.94 31.86 31.80 31.73 31.68 31.62 31.56 31.50 31.45 31.39 31.33 31.22 31.13 30.87 30.95 30.98 30.82 30.84 30.78 30.90 30.88 30.86 30.83 30.81 30.79 30.78 30.76 30.75 30.72 30.71 30.69 30.67 30.66 30.64 30.63 30.62 30.61 30.60 30.58 30.58 30.56 30.55 30.54 30.53 30.53 30.52 30.51 30.51 30.50 30.50 30.50 30.49 30.49 30.48 30.49 30.48 30.49 30.49 30.49
33.21 32.92 33.08 33.07 32.93 32.88 32.76 32.67 32.67 32.66 32.58 32.54 32.47 32.40 32.31 32.23 32.14 32.07 31.98 31.90 31.83 31.77 31.71 31.64 31.58 31.53 31.46 31.41 31.35 31.29 31.24 31.18 31.13 31.07 31.02 30.98 30.95 30.93 30.89 30.87 30.86 30.83 30.81 30.80 30.78 30.75 30.74 30.72 30.71 30.69 30.68 30.66 30.64 30.63 30.61 30.60 30.59 30.57 30.57 30.56 30.55 30.54 30.53 30.52 30.51 30.51 30.50 30.50 30.48 30.49 30.48 30.47 30.47 30.47 30.47 30.47 30.48
33.35 33.24 33.11 33.13 33.03 32.97 32.86 32.70 32.62 32.62 32.62 32.58 32.52 32.44 32.36 32.27 32.19 32.10 32.03 31.94 31.87 31.80 31.73 31.67 31.61 31.54 31.49 31.43 31.37 31.31 31.25 31.20 31.14 31.09 31.04 31.01 30.97 30.94 30.92 30.89 30.87 30.85 30.82 30.80 30.79 30.77 30.75 30.74 30.71 30.70 30.68 30.67 30.65 30.64 30.62 30.61 30.59 30.58 30.57 30.56 30.55 30.54 30.53 30.51 30.51 30.50 30.49 30.48 30.48 30.47 30.46 30.46 30.46 30.45 30.45 30.46 30.46
33.19 33.33 33.23 33.22 33.14 33.03 32.88 32.58 32.60 32.72 32.71 32.63 32.56 32.48 32.40 32.32 32.23 32.15 32.07 31.99 31.91 31.83 31.75 31.69 31.63 31.57 31.51 31.44 31.39 31.32 31.27 31.21 31.16 31.11 31.07 31.04 31.00 30.97 30.94 30.92 30.89 30.86 30.84 30.82 30.80 30.79 30.76 30.74 30.72 30.70 30.69 30.68 30.65 30.64 30.62 30.62 30.60 30.59 30.58 30.56 30.54 30.54 30.53 30.51 30.51 30.49 30.48 30.48 30.47 30.46 30.45 30.44 30.45 30.44 30.44 30.44 30.44
33.32 33.38 33.33 33.28 33.17 33.09 32.93 32.78 32.74 32.72 32.76 32.68 32.60 32.52 32.43 32.35 32.27 32.19 32.12 32.03 31.95 31.88 31.79 31.72 31.66 31.59 31.53 31.46 31.41 31.34 31.29 31.23 31.18 31.14 31.09 31.05 31.02 30.99 30.96 30.93 30.90 30.88 30.85 30.83 30.82 30.79 30.77 30.75 30.74 30.71 30.69 30.68 30.66 30.65 30.63 30.61 30.60 30.59 30.57 30.56 30.55 30.53 30.52 30.51 30.50 30.49 30.48 30.46 30.45 30.45 30.44 30.43 30.43 30.43 30.42 30.42 30.42
33.45 33.43 33.37 33.30 33.24 33.09 32.99 32.85 32.86 32.80 32.79 32.72 32.64 32.55 32.48 32.40 32.32 32.24 32.15 32.07 31.99 31.92 31.84 31.77 31.69 31.62 31.55 31.49 31.42 31.37 31.30 31.25 31.20 31.16 31.12 31.08 31.04 31.01 30.98 30.95 30.92 30.89 30.87 30.84 30.82 30.79 30.78 30.76 30.74 30.72 30.70 30.69 30.66 30.66 30.64 30.62 30.61 30.59 30.58 30.56 30.55 30.53 30.52 30.51 30.49 30.48 30.47 30.46 30.45 30.44 30.42 30.42 30.41 30.40 30.40 30.40 30.41
33.52 33.48 33.42 33.36 33.27 33.10 32.90 32.82 32.91 32.92 32.84 32.76 32.68 32.59 32.52 32.44 32.35 32.27 32.19 32.11 32.03 31.95 31.88 31.80 31.73 31.65 31.58 31.52 31.45 31.39 31.33 31.28 31.23 31.18 31.13 31.09 31.06 31.02 30.99 30.96 30.93 30.90 30.87 30.85 30.82 30.81 30.78 30.76 30.75 30.73 30.70 30.69 30.67 30.65 30.64 30.63 30.60 30.59 30.58 30.56 30.55 30.53 30.52 30.50 30.49 30.47 30.46 30.45 30.44 30.43 30.41 30.40 30.39 30.39 30.39 30.38 30.38
33.56 33.54 33.45 33.40 33.29 33.12 33.04 33.00 32.94 32.95 32.88 32.80 32.72 32.64 32.56 32.48 32.40 32.32 32.24 32.15 32.07 31.99 31.91 31.84 31.76 31.68 31.61 31.55 31.48 31.42 31.36 31.30 31.25 31.19 31.14 31.10 31.06 31.02 30.99 30.96 30.93 30.91 30.87 30.85 30.83 30.81 30.79 30.77 30.75 30.72 30.71 30.70 30.67 30.66 30.64 30.62 30.61 30.59 30.57 30.56 30.54 30.52 30.51 30.50 30.48 30.47 30.45 30.43 30.42 30.41 30.39 30.39 30.38 30.38 30.36 30.36 30.36
33.50 33.52 33.51 33.39 33.37 33.21 33.18 33.13 33.02 33.00 32.92 32.83 32.76 32.68 32.60 32.52 32.44 32.35 32.28 32.20 32.11 32.03 31.95 31.87 31.79 31.72 31.64 31.57 31.51 31.44 31.37 31.31 31.26 31.20 31.16 31.11 31.07 31.04 30.99 30.96 30.93 30.91 30.87 30.85 30.83 30.81 30.79 30.77 30.75 30.73 30.71 30.69 30.67 30.66 30.64 30.63 30.60 30.59 30.57 30.56 30.54 30.52 30.50 30.49 30.47 30.46 30.44 30.42 30.41 30.40 30.38 30.37 30.37 30.35 30.35 30.34 30.34
33.65 33.57 33.54 33.49 33.42 33.32 33.27 33.19 33.11 33.03 32.95 32.88 32.80 32.72 32.63 32.56 32.47 32.40 32.31 32.23 32.14 32.07 31.99 31.91 31.83 31.75 31.67 31.60 31.52 31.45 31.38 31.33 31.26 31.21 31.16 31.11 31.06 31.02 30.99 30.96 30.93 30.89 30.87 30.84 30.83 30.80 30.78 30.76 30.75 30.73 30.71 30.70 30.68 30.66 30.64 30.62 30.61 30.59 30.58 30.55 30.54 30.52 30.50 30.48 30.47 30.44 30.43 30.42 30.40 30.39 30.37 30.36 30.34 30.34 30.32 30.32 30.31
33.72 33.66 33.60 33.48 33.45 33.35 33.30 33.23 33.15 33.07 32.99 32.92 32.84 32.75 32.67 32.60 32.52 32.43 32.34 32.27 32.18 32.10 32.01 31.93 31.85 31.77 31.69 31.61 31.54 31.47 31.40 31.33 31.26 31.20 31.16 31.10 31.06 31.01 30.98 30.95 30.92 30.89 30.86 30.83 30.82 30.80 30.77 30.77 30.74 30.72 30.71 30.69 30.67 30.65 30.64 30.62 30.61 30.59 30.57 30.55 30.53 30.51 30.50 30.47 30.46 30.44 30.42 30.40 30.38 30.37 30.35 30.33 30.33 30.31 30.31 30.30 30.29
33.75 33.64 33.54 33.44 33.42 33.42 33.34 33.26 33.18 33.11 33.03 32.95 32.87 32.79 32.71 32.63 32.55 32.47 32.39 32.30 32.21 32.12 32.04 31.95 31.87 31.79 31.70 31.62 31.54 31.47 31.39 31.32 31.26 31.19 31.14 31.09 31.04 31.00 30.97 30.92 30.90 30.87 30.84 30.82 30.81 30.79 30.77 30.76 30.73 30.72 30.71 30.69 30.68 30.66 30.64 30.62 30.61 30.58 30.57 30.55 30.53 30.51 30.49 30.47 30.45 30.43 30.40 30.39 30.37 30.35 30.34 30.32 30.30 30.30 30.28 30.28 30.27
33.78 33.67 33.56 33.52 33.50 33.43 33.37 33.30 33.23 33.15 33.07 32.99 32.91 32.69 32.75 32.67 32.59 32.51 32.42 32.33 32.25 32.16 32.07 31.98 31.89 31.80 31.72 31.63 31.55 31.46 31.38 31.31 31.24 31.18 31.12 31.07 31.01 30.98 30.93 30.90 30.87 30.85 30.82 30.80 30.79 30.78 30.76 30.74 30.73 30.71 30.70 30.68 30.67 30.66 30.64 30.62 30.60 30.58 30.56 30.54 30.52 30.50 30.48 30.46 30.44 30.42 30.40 30.38 30.36 30.34 30.32 30.31 30.29 30.27 30.27 30.25 30.25
33.43 33.61 33.63 33.59 33.51 33.44 33.38 33.34 33.26 33.19 33.12 33.04 32.92 32.87 32.79 32.71 32.63 32.55 32.46 32.38 32.28 32.19 32.09 32.00 31.91 31.82 31.73 31.63 31.54 31.45 31.37 31.29 31.22 31.15 31.09 31.03 30.98 30.94 30.90 30.87 30.84 30.82 30.80 30.78 30.77 30.76 30.74 30.73 30.72 30.71 30.70 30.68 30.66 30.65 30.63 30.61 30.60 30.58 30.56 30.54 30.52 30.50 30.47 30.45 30.43 30.40 30.39 30.37 30.34 30.32 30.30 30.28 30.27 30.26 30.24 30.23 30.22
33.71 33.70 33.61 33.58 33.54 33.52 33.43 33.37 33.30 33.23 33.15 33.08 33.00 32.92 32.83 32.75 32.67 32.58 32.50 32.41 32.31 32.22 32.12 32.03 31.93 31.83 31.72 31.63 31.54 31.44 31.35 31.27 31.19 31.11 31.05 31.00 30.94 30.90 30.86 30.83 30.81 30.79 30.77 30.75 30.74 30.73 30.72 30.72 30.70 30.69 30.68 30.67 30.66 30.64 30.63 30.61 30.59 30.58 30.56 30.54 30.51 30.49 30.47 30.44 30.42 30.40 30.38 30.35 30.33 30.31 30.29 30.27 30.25 30.23 30.22 30.21 30.20
33.75 33.60 33.69 33.67 33.60 33.56 33.45 33.40 33.34 33.27 33.20 33.12 33.04 32.96 32.89 32.80 32.72 32.63 32.54 32.45 32.35 32.25 32.15 32.05 31.94 31.84 31.73 31.63 31.52 31.42 31.33 31.24 31.16 31.08 31.01 30.94 30.89 30.85 30.81 30.78 30.75 30.74 30.72 30.71 30.71 30.70 30.69 30.69 30.69 30.68 30.67 30.66 30.66 30.64 30.63 30.61 30.59 30.57 30.55 30.53 30.51 30.48 30.46 30.43 30.41 30.39 30.37 30.34 30.32 30.30 30.27 30.25 30.23 30.22 30.20 30.18 30.18
33.83 33.81 33.74 33.63 33.61 33.57 33.46 33.42 33.38 33.28 33.24 33.16 33.09 33.01 32.93 32.85 32.77 32.67 32.59 32.49 32.39 32.30 32.19 32.07 31.97 31.85 31.74 31.62 31.51 31.40 31.30 31.20 31.11 31.02 30.95 30.88 30.83 30.78 30.75 30.72 30.70 30.69 30.68 30.67 30.67 30.67 30.67 30.67 30.66 30.67 30.66 30.65 30.64 30.63 30.62 30.60 30.59 30.57 30.55 30.53 30.50 30.48 30.45 30.42 30.40 30.38 30.36 30.32 30.30 30.27 30.25 30.23 30.21 30.19 30.17 30.17 30.15
