main/data/temperature/23.08.2023.grid
ncols 886
nrows 691
xllcenter 112.0000
yllcenter -44.5000
cellsize 0.0500
nodata_value 99999.90
[rows 306 to 339 of 691, columns 77 to 153 of 886]
29.40 29.56 29.53 29.60 29.64 30.02 30.11 30.27 30.31 30.50 30.58 30.54 30.56 30.78 30.87 30.99 31.01 31.22 31.35 31.38 31.40 31.45 31.47 31.60 31.71 31.77 31.80 31.84 31.85 31.86 31.84 31.76 31.62 31.70 31.64 31.87 31.84 31.67 31.81 31.89 31.91 31.97 31.98 31.99 32.00 32.00 32.01 31.90 31.77 31.81 31.43 31.87 31.93 31.94 31.86 31.83 31.83 31.58 31.81 31.79 31.56 31.68 31.60 31.58 31.59 31.66 31.57 31.54 31.40 31.36 31.25 31.15 30.92 30.94 30.93 30.80 30.62
29.34 29.42 29.59 29.74 29.81 29.81 29.75 30.11 30.24 30.33 30.47 30.57 30.89 30.75 30.79 30.88 31.07 31.18 31.25 31.34 31.43 31.45 31.48 31.51 31.63 31.77 31.77 31.79 31.76 31.59 31.62 31.59 31.62 31.62 31.62 31.78 31.77 31.70 31.78 31.80 31.85 31.87 31.90 31.90 31.92 31.92 31.94 31.90 31.85 31.86 31.80 31.40 31.47 31.88 31.65 31.71 31.74 31.72 31.76 31.78 31.67 31.60 31.50 31.46 31.55 31.58 31.58 31.57 31.50 31.40 31.33 31.17 31.07 30.90 30.92 30.82 30.71
29.46 29.55 29.62 29.75 29.85 29.93 29.94 30.07 29.87 30.06 30.30 30.48 30.46 30.75 30.77 30.83 30.98 31.10 31.20 31.23 31.38 31.44 31.44 31.41 31.53 31.67 31.78 31.74 31.73 31.75 31.73 31.75 31.69 31.61 31.54 31.64 31.58 31.65 31.66 31.67 31.70 31.75 31.81 31.76 31.77 31.81 31.81 31.67 31.66 31.69 31.70 31.67 31.26 31.71 31.66 31.63 31.62 31.69 31.67 31.70 31.66 31.33 31.30 31.54 31.49 31.46 31.61 31.59 31.48 31.39 31.32 31.20 31.05 30.94 30.87 30.81 30.74
29.38 29.48 29.59 29.83 29.73 29.85 30.01 30.10 30.12 30.03 30.23 30.30 30.42 30.60 30.69 30.80 30.92 30.97 31.06 31.16 31.28 31.28 31.33 31.25 31.39 31.54 31.77 31.73 31.71 31.72 31.64 31.72 31.69 31.46 31.53 31.61 31.65 31.47 31.63 31.68 31.61 31.56 31.55 31.56 31.61 31.57 31.72 31.52 31.48 31.51 31.52 31.54 31.34 31.56 31.30 31.60 31.53 31.54 31.51 31.64 31.64 31.44 31.38 31.41 31.45 31.46 31.51 31.52 31.48 31.37 31.32 31.24 31.06 30.95 30.94 30.95 30.96
29.40 29.52 29.52 29.68 29.78 29.70 29.86 30.06 30.13 30.20 30.29 30.20 30.13 30.44 30.58 30.69 30.67 30.69 30.71 30.78 31.13 31.25 31.17 31.12 31.32 31.37 31.73 31.58 31.62 31.62 31.61 31.44 31.45 31.56 31.69 31.72 31.56 31.43 31.66 31.63 31.69 31.68 31.72 31.74 31.62 31.50 31.49 31.45 31.41 31.43 31.28 31.47 31.38 31.50 31.46 31.36 31.39 31.36 31.50 31.60 31.57 31.50 31.43 31.35 31.19 31.34 31.45 31.48 31.44 31.35 31.27 31.13 31.02 30.94 30.99 31.08 31.06
29.37 29.47 29.50 29.70 29.72 29.82 29.85 29.93 29.99 30.02 30.14 30.16 30.18 30.29 30.31 30.56 30.80 30.98 30.86 30.98 31.05 31.19 31.22 31.17 31.03 31.21 31.38 31.41 31.44 31.53 31.16 31.51 31.69 31.74 31.80 31.67 31.55 31.64 31.75 31.83 31.88 31.88 31.87 31.88 31.85 31.75 31.78 31.73 31.66 31.69 31.65 31.66 31.54 31.29 30.81 31.33 31.16 31.37 31.46 31.50 31.50 31.41 31.36 31.34 31.26 31.20 31.33 31.41 31.45 31.35 31.14 31.09 30.81 31.03 31.12 31.18 31.18
29.26 29.40 29.57 29.72 29.76 29.76 29.88 29.79 29.93 29.98 29.99 30.24 30.32 30.45 30.57 30.69 30.90 31.05 31.01 31.17 31.16 31.17 31.24 31.30 31.29 31.15 31.39 31.43 31.45 31.38 31.56 31.76 31.77 31.82 31.73 31.60 31.67 31.70 31.81 31.76 31.90 31.95 31.97 31.94 31.94 31.83 31.86 31.78 31.79 31.73 31.45 31.51 31.18 31.36 31.29 31.35 31.15 31.19 31.35 31.43 31.37 31.19 31.20 31.31 31.28 31.07 31.24 31.40 31.42 31.31 31.17 31.02 31.07 31.13 31.17 31.23 31.24
29.23 29.36 29.44 29.56 29.66 29.68 29.82 29.89 30.05 30.17 30.27 30.42 30.44 30.57 30.71 30.85 30.99 31.10 31.21 31.24 31.34 31.35 31.40 31.42 31.38 31.37 31.44 31.59 31.78 31.70 31.71 31.84 31.84 31.81 31.88 31.77 31.80 31.96 31.91 31.92 31.96 31.98 32.00 31.98 31.99 31.95 31.71 31.79 31.35 31.72 31.60 31.35 31.36 31.34 31.20 31.35 31.27 31.15 31.04 31.29 31.28 31.07 31.03 31.19 31.11 31.10 31.25 31.38 31.33 31.18 31.03 31.00 31.11 31.09 31.20 31.27 31.31
29.28 29.35 29.56 29.63 29.72 29.80 29.85 29.83 30.13 30.22 30.26 30.43 30.51 30.68 30.80 30.95 31.07 31.17 31.23 31.32 31.37 31.39 31.43 31.43 31.42 31.46 31.53 31.65 31.73 31.77 31.85 31.91 31.91 31.93 31.87 31.98 31.97 31.99 31.98 32.00 32.03 32.01 32.05 32.05 32.01 31.98 31.95 31.92 31.88 31.83 31.62 31.49 31.51 31.54 31.29 31.37 31.38 31.33 31.37 31.22 31.18 31.15 31.03 31.20 31.19 31.25 31.18 31.37 31.34 31.21 31.02 30.97 30.87 31.04 31.18 31.29 31.32
29.18 29.51 29.48 29.64 29.74 29.77 29.96 30.05 30.14 30.31 30.43 30.54 30.64 30.75 30.88 30.99 31.11 31.17 31.26 31.32 31.39 31.41 31.45 31.48 31.48 31.51 31.54 31.61 31.86 31.88 31.91 31.98 31.94 31.97 32.04 32.07 32.05 32.04 32.06 32.07 32.08 32.08 32.09 31.99 31.91 31.86 31.87 31.85 31.85 31.86 31.78 31.66 30.95 31.50 31.58 31.52 31.42 31.31 30.68 31.26 31.29 30.92 31.20 31.27 31.33 31.35 31.23 31.34 31.33 31.20 31.02 30.93 30.99 30.89 31.11 31.22 31.29
29.10 29.32 29.57 29.74 29.76 29.88 29.99 30.12 30.28 30.41 30.52 30.63 30.74 30.81 30.94 31.04 31.14 31.19 31.28 31.29 31.33 31.32 31.39 31.42 31.41 31.63 31.66 31.74 31.81 31.93 31.47 32.04 32.05 32.07 32.08 32.10 32.07 32.10 32.11 32.12 32.12 32.10 31.98 31.96 31.86 31.80 31.71 31.57 31.66 31.73 31.74 31.74 31.64 31.61 31.47 31.50 31.47 31.42 31.44 31.35 31.38 31.40 31.41 31.43 31.41 31.11 31.21 31.31 31.30 31.17 31.00 30.83 31.02 31.01 31.05 31.11 31.25
29.09 29.41 29.52 29.66 29.79 29.93 30.05 30.18 30.21 30.30 30.45 30.54 30.72 30.76 30.86 30.90 30.99 31.04 31.16 31.28 31.17 31.31 31.34 31.54 31.66 31.72 31.79 31.82 31.82 31.95 31.97 32.02 32.09 32.12 32.12 32.12 32.11 32.13 32.13 32.08 32.11 32.09 32.04 31.97 31.87 31.79 31.69 31.31 31.37 31.51 31.61 31.61 31.62 31.60 31.57 31.54 31.50 31.49 31.46 31.46 31.47 31.46 31.44 31.42 31.39 31.33 31.28 31.05 31.07 31.18 31.01 30.85 30.96 30.97 31.10 31.11 31.11
29.26 29.45 29.57 29.70 29.83 29.96 30.05 30.15 30.24 30.18 30.12 30.41 30.67 30.77 30.78 30.85 30.97 31.20 31.29 31.35 31.42 31.48 31.49 31.66 31.72 31.80 31.85 31.88 31.93 31.96 32.04 32.07 32.09 32.10 32.10 32.11 32.10 32.10 32.05 32.10 32.09 32.05 31.97 31.92 31.84 31.72 31.66 31.57 31.43 31.37 31.36 31.39 31.43 31.39 31.44 31.48 31.49 31.49 31.47 31.42 31.41 31.42 31.41 31.33 31.20 31.31 31.24 31.05 30.85 31.07 30.87 30.82 30.88 30.89 30.89 30.84 30.95
29.31 29.53 29.67 29.81 29.92 30.02 30.07 30.02 30.13 30.30 30.14 30.31 30.62 30.66 30.78 30.91 31.16 31.29 31.36 31.45 31.51 31.57 31.66 31.69 31.75 31.82 31.86 31.89 31.92 32.00 31.44 32.01 32.03 32.06 32.07 32.08 32.08 32.10 32.11 32.08 32.05 32.00 31.91 31.84 31.72 31.65 31.57 31.44 31.31 31.45 31.41 31.16 31.27 31.26 31.19 31.25 31.30 31.26 31.29 31.30 31.41 31.34 31.29 31.28 31.24 31.17 31.16 30.92 30.78 30.98 30.78 30.67 30.82 30.84 30.96 30.90 30.78
29.38 29.60 29.73 29.87 29.75 30.09 30.09 30.06 30.11 30.03 30.26 30.31 30.55 30.69 30.84 31.08 31.25 31.36 31.40 31.48 31.56 31.62 31.68 31.73 31.77 31.76 31.84 31.88 31.88 31.34 31.83 31.89 31.91 31.94 31.92 31.97 31.99 32.03 32.02 32.02 31.99 31.96 31.91 31.80 31.72 31.54 31.49 31.46 31.43 31.44 31.38 31.35 31.28 31.22 31.28 31.11 31.00 31.28 31.37 31.36 31.30 31.20 31.26 31.26 31.28 31.22 31.09 30.88 30.75 30.79 30.75 30.90 30.82 30.90 30.84 31.03 30.83
29.50 29.62 29.68 29.77 29.96 30.14 30.15 30.12 30.25 30.29 30.40 30.33 30.39 30.66 30.86 31.10 31.26 31.35 31.39 31.39 31.41 31.55 31.59 31.63 31.64 31.69 31.77 31.80 30.12 30.99 31.70 31.69 31.69 31.73 31.82 31.82 31.81 31.85 31.85 31.84 31.88 31.92 31.84 31.75 31.69 31.59 31.51 31.46 31.45 31.41 31.38 31.35 31.32 31.31 31.21 31.15 31.25 31.29 31.32 31.32 31.20 31.20 31.26 31.29 31.24 31.03 31.06 30.82 30.66 30.74 30.68 30.60 30.85 30.88 30.87 31.01 30.80
29.46 29.37 29.70 29.47 29.91 29.95 30.25 30.30 30.36 30.39 30.43 30.43 30.41 30.64 30.91 31.12 31.25 31.31 31.25 31.24 31.14 31.40 31.43 31.49 31.42 31.61 31.61 31.12 31.12 31.48 31.56 31.53 31.57 31.68 31.66 31.66 31.66 31.67 31.60 31.66 31.71 31.78 31.78 31.69 31.63 31.54 31.49 31.43 31.42 31.36 31.33 31.31 31.29 31.26 31.23 31.20 31.24 31.24 31.25 31.20 31.16 31.18 31.26 31.26 31.15 31.19 31.14 31.02 30.91 30.94 30.80 30.72 30.86 30.85 30.95 31.10 31.02
29.45 29.65 29.65 29.81 29.75 29.85 30.11 30.30 30.44 30.46 30.46 30.43 30.31 30.76 30.97 31.17 31.23 31.26 31.25 31.21 31.23 31.30 31.28 31.24 31.09 31.40 31.53 31.57 31.56 31.58 31.60 31.55 31.42 31.53 31.51 31.47 31.46 31.34 31.36 31.44 31.54 31.62 31.70 31.60 31.55 31.50 31.42 31.36 31.29 31.24 31.20 31.19 31.19 31.18 31.19 31.24 31.21 31.17 31.16 31.17 31.16 31.17 31.19 31.12 31.03 31.13 31.05 31.05 30.98 30.91 30.87 30.97 31.02 31.06 31.09 31.05 31.08
29.67 29.75 29.78 29.80 29.93 30.06 30.12 30.28 30.46 30.51 30.53 30.50 30.49 30.73 30.96 31.17 31.23 31.26 31.23 31.24 31.26 30.85 31.03 31.31 31.43 31.54 31.57 31.57 31.56 31.55 31.50 31.47 31.42 31.39 31.31 31.19 31.24 31.23 30.98 31.24 31.40 31.46 31.51 31.57 31.47 31.40 31.28 31.20 31.09 31.10 31.09 31.06 31.02 31.06 31.09 31.14 31.14 31.11 31.07 31.09 31.07 31.07 30.94 30.72 30.62 30.79 30.75 30.83 30.75 30.74 30.74 30.66 30.85 31.00 31.19 31.23 31.25
29.80 29.96 29.93 30.06 30.22 30.30 30.37 30.41 30.43 30.58 30.59 30.59 30.71 30.82 31.07 31.24 31.25 31.27 31.30 31.30 31.28 31.29 31.33 31.41 31.46 31.47 31.46 31.38 31.52 31.49 31.45 31.43 31.36 31.27 31.21 31.09 30.92 31.01 31.13 31.23 31.29 31.33 31.35 31.40 31.41 31.29 31.17 31.13 31.03 30.92 30.95 30.92 30.87 30.92 30.99 31.04 31.05 30.99 30.87 30.98 30.98 30.97 30.84 30.84 30.66 30.66 30.62 30.60 30.60 30.72 30.74 30.92 30.97 31.10 31.28 31.32 31.33
29.92 30.00 30.16 30.33 30.39 30.47 30.49 30.51 30.45 30.62 30.63 30.47 30.60 31.04 31.17 31.25 31.27 31.27 31.26 31.29 31.29 31.34 31.34 31.36 31.37 31.34 31.31 31.31 31.40 31.42 31.39 31.33 31.24 31.12 31.03 30.94 30.78 30.93 31.04 31.11 31.13 31.18 31.19 31.26 31.27 31.22 31.12 31.05 30.96 30.78 30.75 30.45 30.46 30.80 30.88 30.88 30.95 30.94 30.79 30.83 30.71 30.84 30.82 30.69 30.57 30.67 30.69 30.71 30.73 30.79 30.63 30.82 30.84 31.13 31.22 31.32 31.27
29.97 30.05 30.28 30.45 30.49 30.47 30.50 30.58 30.56 30.64 30.70 30.87 30.97 31.13 31.25 31.26 31.23 31.17 31.13 31.17 31.22 31.23 31.25 31.24 31.24 31.18 31.11 31.13 31.22 31.33 31.30 31.25 31.16 31.06 31.06 30.98 30.81 30.60 30.73 30.93 30.98 30.90 31.02 31.07 31.12 31.17 31.09 30.99 30.88 30.75 30.75 30.63 30.63 30.69 30.70 30.73 30.86 30.83 30.80 30.72 30.42 30.69 30.70 30.71 30.70 30.68 30.76 30.81 30.75 30.87 30.93 31.00 31.07 31.19 31.19 31.31 31.36
29.94 30.17 30.28 30.45 30.58 30.69 30.67 30.62 30.60 30.87 30.94 30.92 31.10 31.22 31.26 31.25 31.17 31.09 31.04 31.00 31.06 31.08 31.13 31.15 31.10 31.01 30.94 30.78 31.06 31.20 31.23 31.18 31.13 31.08 31.02 30.92 30.78 30.67 30.65 30.61 30.64 30.78 30.89 30.93 30.95 31.11 31.04 30.95 30.88 30.85 30.74 30.80 30.77 30.82 30.74 30.67 30.66 30.64 30.68 30.62 30.41 30.50 30.29 30.51 30.58 30.61 30.62 30.75 30.78 30.80 30.95 31.00 31.09 31.17 31.23 31.19 31.30
30.08 30.12 30.34 30.42 30.41 30.49 30.73 30.80 30.87 31.03 31.06 30.93 31.25 31.32 31.29 31.20 31.11 31.01 30.88 30.80 30.86 30.93 30.99 30.98 30.95 30.81 30.76 30.80 30.93 31.03 31.10 31.09 31.05 30.94 30.82 30.76 30.61 30.52 30.42 30.59 30.68 30.73 30.74 30.65 30.76 31.02 30.98 30.94 30.91 30.88 30.83 30.87 30.85 30.76 30.77 30.69 30.64 30.48 30.50 30.48 30.25 30.22 30.24 30.13 30.32 30.46 30.61 30.67 30.63 30.73 30.80 30.87 30.93 31.01 31.09 31.21 31.20
30.00 30.03 30.21 30.22 30.48 30.55 30.65 30.69 30.99 31.20 31.19 31.05 31.39 31.34 31.25 31.16 31.04 30.90 30.78 30.58 30.63 30.67 30.79 30.85 30.78 30.60 30.44 30.62 30.69 30.82 30.94 30.98 30.97 30.89 30.80 30.71 30.59 30.46 30.28 30.40 30.52 30.63 30.67 30.59 30.83 30.94 30.92 30.88 30.90 30.87 30.87 30.80 30.76 30.72 30.70 30.68 30.60 30.46 30.25 30.36 30.40 30.36 30.33 30.23 29.82 30.21 30.25 30.31 30.22 30.32 30.58 30.65 30.76 30.93 31.01 31.04 31.15
29.96 29.98 30.19 30.32 30.51 30.59 30.57 30.71 30.96 31.17 31.35 31.33 31.42 31.35 31.25 31.15 31.04 30.93 30.78 30.73 30.63 30.45 30.47 30.64 30.66 30.47 30.38 30.25 30.33 30.63 30.77 30.85 30.80 30.77 30.75 30.66 30.54 30.34 30.18 30.37 30.48 30.57 30.62 30.65 30.74 30.83 30.88 30.86 30.86 30.82 30.62 30.73 30.63 30.44 30.58 30.57 30.41 30.33 30.43 30.50 30.49 30.38 30.33 30.26 30.04 30.14 30.03 30.25 30.31 30.08 30.15 30.16 30.43 30.61 30.79 30.99 31.06
29.91 30.06 30.22 30.37 30.46 30.55 30.49 30.63 30.94 31.08 31.34 31.45 31.40 31.27 31.19 31.11 30.93 30.83 30.69 30.67 30.56 30.42 30.52 30.53 30.43 30.31 30.48 30.26 30.26 30.51 30.67 30.70 30.64 30.57 30.62 30.58 30.44 30.26 30.26 30.37 30.45 30.50 30.50 30.56 30.59 30.68 30.85 30.83 30.79 30.76 30.75 30.70 30.62 30.54 30.50 30.51 30.34 30.49 30.57 30.56 30.36 29.98 30.12 29.96 30.17 30.17 30.28 30.39 30.38 30.24 30.32 30.40 30.40 30.45 30.51 30.81 30.58
29.85 29.97 30.07 30.21 30.29 30.24 30.45 30.52 30.83 31.11 31.29 31.33 31.30 31.21 31.08 31.02 30.80 30.58 30.66 30.68 30.63 30.57 30.59 30.55 30.52 30.47 30.44 30.33 30.08 30.38 30.48 30.52 30.54 30.44 30.35 30.33 30.25 30.18 30.26 30.33 30.32 30.35 30.35 30.36 30.45 30.54 30.67 30.71 30.70 30.66 30.56 30.53 30.53 30.57 30.45 30.46 30.49 30.55 30.55 30.39 30.19 30.01 30.22 30.20 30.26 30.24 30.38 30.44 30.34 30.17 30.11 30.22 30.46 30.54 30.66 30.52 30.31
29.73 29.85 29.85 29.99 30.21 30.09 30.46 30.60 30.74 31.03 31.17 31.16 31.14 31.03 30.77 30.87 30.71 30.70 30.73 30.71 30.65 30.59 30.53 30.41 30.20 30.28 30.20 30.19 30.03 30.28 30.24 30.23 30.34 30.34 30.18 30.07 29.96 30.10 30.13 30.09 30.05 30.15 30.15 30.13 30.27 30.39 30.53 30.60 30.57 30.55 30.40 30.50 30.55 30.52 30.55 30.42 30.51 30.58 30.49 30.33 30.16 30.11 30.25 30.31 30.27 30.24 30.41 30.44 30.41 30.36 30.22 30.28 30.30 30.41 30.38 30.40 30.35
29.60 29.72 29.70 29.76 29.90 30.11 30.35 30.63 30.77 30.99 31.01 30.98 30.91 30.93 30.75 30.79 30.77 30.77 30.70 30.55 30.50 30.48 30.42 30.34 30.25 30.15 30.10 29.90 29.81 30.09 30.00 29.86 30.08 30.15 30.09 29.91 29.62 29.80 29.87 29.79 29.90 29.94 29.90 30.01 30.09 30.26 30.41 30.49 30.47 30.42 30.24 30.58 30.60 30.52 30.50 30.38 30.54 30.54 30.43 30.29 30.12 30.14 30.28 30.35 30.25 30.32 30.42 30.31 30.35 30.19 30.13 30.11 30.29 30.48 30.58 30.67 30.72
29.38 29.62 29.64 29.79 30.05 30.19 30.18 30.49 30.75 30.86 30.86 30.88 30.94 30.89 30.65 30.76 30.79 30.73 30.62 30.49 30.29 30.29 30.26 30.21 30.21 30.15 30.06 29.94 29.77 29.84 29.89 29.64 29.65 29.74 29.91 29.74 29.78 29.64 29.72 29.78 29.66 29.43 29.72 29.68 30.00 30.19 30.34 30.47 30.38 29.96 30.41 30.58 30.60 30.54 30.42 30.40 30.53 30.46 30.37 30.26 30.27 30.29 30.33 30.36 30.37 30.40 30.42 30.43 30.34 30.28 30.38 30.31 30.33 30.30 30.47 30.62 30.76
29.11 29.44 29.60 29.82 30.05 30.20 30.14 30.43 30.68 30.70 30.70 30.80 30.77 30.62 30.77 30.79 30.76 30.68 30.58 30.40 30.21 30.13 30.07 30.03 30.04 30.03 29.97 29.92 29.75 29.63 29.70 29.52 29.51 29.80 29.89 29.84 29.78 29.76 29.75 29.72 29.81 29.73 29.65 29.85 29.98 30.12 30.25 30.35 30.38 30.23 30.38 30.52 30.55 30.53 30.49 30.53 30.56 30.40 30.28 30.31 30.34 30.38 30.39 30.32 30.30 30.39 30.39 30.31 30.24 30.20 30.38 30.17 30.45 30.50 30.68 30.59 30.61
28.85 29.46 29.72 29.90 30.04 30.19 30.22 30.41 30.58 30.57 30.49 30.50 30.62 30.75 30.81 30.80 30.67 30.55 30.48 30.36 30.25 30.15 30.05 29.85 29.87 29.79 29.82 29.70 29.64 29.53 29.42 29.29 29.60 29.75 29.82 29.82 29.74 29.33 29.36 29.62 29.84 29.81 29.78 29.75 29.89 30.04 30.18 30.25 30.30 30.35 30.41 30.46 30.49 30.44 30.44 30.35 30.15 30.24 30.21 30.36 30.40 30.36 30.20 30.13 30.17 30.20 30.27 30.28 30.29 30.49 30.47 30.27 30.52 30.65 30.70 30.62 30.70
29.10 29.26 29.68 29.90 30.03 30.12 30.22 30.39 30.43 30.42 30.45 30.59 30.69 30.79 30.78 30.67 30.52 30.27 30.22 30.25 30.22 30.11 30.01 29.97 29.89 29.83 29.74 29.64 29.53 29.30 29.35 29.24 29.53 29.58 29.68 29.61 29.52 29.73 29.74 29.71 29.82 29.85 29.79 29.83 29.71 29.90 29.96 30.05 30.22 30.27 30.33 30.38 30.39 30.40 30.44 30.38 30.38 30.29 30.21 30.37 30.32 30.25 30.17 30.08 30.03 30.11 30.11 30.37 30.44 30.59 30.54 30.39 30.40 30.61 30.78 30.80 30.84
