main/data/temperature/24.03.2023.grid
ncols 886
nrows 691
xllcenter 112.0000
yllcenter -44.5000
cellsize 0.0500
nodata_value 99999.90
[rows 306 to 339 of 691, columns 385 to 461 of 886]
38.63 38.64 38.65 38.62 38.63 38.64 38.60 38.62 38.63 38.61 38.62 38.56 38.54 38.57 38.51 38.48 38.49 38.46 38.40 38.34 38.35 38.33 38.30 38.36 38.34 38.43 38.45 38.46 38.42 38.47 38.51 38.54 38.53 38.56 38.55 38.55 38.59 38.61 38.59 38.58 38.60 38.62 38.57 38.62 38.66 38.67 38.62 38.60 38.63 38.53 38.42 38.55 38.64 38.60 38.59 38.67 38.81 39.06 39.05 39.27 39.16 38.90 38.93 38.97 38.65 39.05 38.37 39.07 39.18 39.29 39.36 39.50 39.60 39.67 39.72 39.75 39.80
38.60 38.59 38.58 38.58 38.57 38.58 38.56 38.57 38.58 38.59 38.60 38.58 38.58 38.55 38.53 38.49 38.49 38.45 38.42 38.38 38.36 38.33 38.34 38.29 38.36 38.46 38.48 38.46 38.47 38.47 38.51 38.48 38.46 38.53 38.51 38.45 38.55 38.55 38.58 38.55 38.60 38.59 38.56 38.54 38.57 38.58 38.58 38.56 38.51 38.46 38.41 38.31 38.47 38.65 38.75 38.81 38.96 39.19 39.29 39.25 39.22 39.03 38.81 38.88 39.08 39.26 39.21 39.17 39.25 39.40 39.47 39.49 39.60 39.67 39.74 39.82 39.87
38.52 38.53 38.50 38.51 38.53 38.52 38.51 38.55 38.53 38.56 38.54 38.52 38.49 38.46 38.49 38.49 38.47 38.39 38.39 38.38 38.34 38.35 38.31 38.32 38.33 38.42 38.40 38.42 38.47 38.45 38.47 38.54 38.48 38.47 38.46 38.40 38.44 38.45 38.51 38.47 38.54 38.52 38.50 38.49 38.51 38.55 38.54 38.53 38.43 38.51 38.57 38.63 38.74 38.80 38.91 38.90 39.03 39.27 39.35 39.26 39.30 39.29 39.25 39.12 39.22 39.32 39.40 39.32 39.36 39.46 39.51 39.60 39.69 39.75 39.80 39.89 39.92
38.47 38.47 38.47 38.46 38.42 38.46 38.47 38.48 38.49 38.48 38.48 38.35 38.15 38.21 38.39 38.44 38.38 38.40 38.37 38.34 38.34 38.33 38.35 38.30 38.31 38.36 38.34 38.30 38.36 38.37 38.38 38.43 38.47 38.46 38.42 38.41 38.43 38.48 38.41 38.40 38.44 38.45 38.46 38.47 38.48 38.49 38.43 38.32 38.48 38.56 38.61 38.70 38.74 38.70 38.91 39.01 38.97 39.08 39.22 39.38 39.25 39.36 39.23 39.29 39.21 39.35 39.49 39.48 39.49 39.55 39.61 39.69 39.78 39.82 39.85 39.92 39.99
38.41 38.43 38.40 38.40 38.38 38.42 38.43 38.45 38.45 38.45 38.44 38.30 38.24 36.77 38.12 38.29 38.34 38.34 38.30 38.31 38.32 38.35 38.35 38.31 38.31 38.31 38.31 38.30 38.34 38.34 38.36 38.33 38.34 38.43 38.36 38.40 38.31 38.38 38.39 38.27 38.34 38.37 38.39 38.42 38.38 38.39 38.35 38.50 38.49 38.54 38.58 38.66 38.70 38.84 38.90 38.96 39.00 39.12 39.26 39.30 39.40 39.32 39.39 39.22 39.33 39.37 39.47 39.47 39.51 39.49 39.68 39.74 39.81 39.87 39.92 40.00 40.06
38.35 38.33 38.31 38.33 38.30 38.37 38.38 38.37 38.39 38.41 38.40 38.38 38.35 38.32 38.33 38.30 38.30 38.30 38.28 38.30 38.31 38.32 38.30 38.29 38.28 38.28 38.31 38.31 38.33 38.29 38.31 38.30 38.33 38.36 38.32 38.26 38.22 38.21 38.28 38.33 38.32 38.31 38.32 38.32 38.24 38.21 38.32 38.40 38.42 38.48 38.46 38.53 38.66 38.73 38.76 38.98 39.02 39.17 39.12 39.16 39.19 39.31 39.33 39.49 39.58 39.58 39.64 39.58 39.75 39.72 39.67 39.82 39.82 39.93 39.97 39.98 40.01
38.30 38.29 38.23 38.27 38.28 38.28 38.30 38.29 38.29 38.30 38.29 38.31 38.29 38.28 38.27 38.27 38.27 38.28 38.27 38.28 38.30 38.33 38.33 38.30 38.25 38.31 38.30 38.29 38.30 38.29 38.29 38.28 38.31 38.30 38.34 38.28 38.26 38.14 38.18 38.25 38.23 38.23 38.26 38.22 38.26 38.26 38.24 38.32 38.38 38.35 38.47 38.55 38.60 38.63 38.77 38.94 39.05 39.03 39.12 38.98 39.20 39.22 39.37 39.35 39.41 39.56 39.50 39.52 39.62 39.76 39.80 39.81 39.89 39.91 39.84 39.94 39.97
38.23 38.22 38.14 38.22 38.22 38.23 38.22 38.22 38.23 38.21 38.26 38.25 38.26 38.25 38.24 38.24 38.24 38.24 38.24 38.26 38.32 38.30 38.31 38.29 38.26 38.28 38.28 38.25 38.28 38.27 38.22 38.28 38.27 38.27 38.21 38.22 38.20 38.13 37.99 38.08 38.14 38.15 38.17 38.14 38.15 38.18 38.20 38.24 38.26 38.47 38.55 38.65 38.74 38.78 38.85 38.96 38.82 38.95 39.02 39.14 39.17 39.24 39.20 39.37 39.54 39.51 39.53 39.69 39.74 39.81 39.89 39.94 39.92 39.92 39.99 39.94 40.07
38.16 38.14 38.10 38.08 38.12 38.08 38.13 38.16 38.13 38.20 38.19 38.20 38.19 38.20 38.21 38.22 38.22 38.23 38.24 38.27 38.24 38.30 38.22 38.25 38.26 38.28 38.27 38.24 38.26 38.22 38.24 38.28 38.11 38.28 38.22 38.14 38.17 38.08 38.05 37.85 38.03 38.11 38.12 38.09 38.07 38.10 38.10 38.08 38.25 38.42 38.54 38.56 38.71 38.73 38.83 38.77 38.73 38.87 39.01 39.03 39.02 39.22 39.39 39.43 39.38 39.55 39.59 39.63 39.70 39.56 39.77 39.94 39.97 40.03 40.00 40.06 40.12
38.10 38.10 38.05 37.97 37.96 38.03 38.06 38.06 38.11 38.15 38.12 38.14 38.12 38.14 38.18 38.20 38.21 38.21 38.26 38.26 38.24 38.25 38.24 38.23 38.24 38.26 38.24 38.26 38.24 38.23 38.24 38.27 38.20 38.21 38.18 38.08 38.14 38.11 37.99 37.89 37.99 37.99 38.01 38.05 38.02 37.98 37.85 38.14 38.25 38.39 38.49 38.56 38.53 38.60 38.79 38.60 38.70 38.83 38.95 39.01 39.16 39.30 39.29 39.39 39.48 39.54 39.71 39.73 39.79 39.79 39.92 39.98 39.99 40.03 39.94 40.12 40.22
37.99 38.01 37.91 37.75 37.72 37.89 37.97 37.97 38.02 38.07 38.06 38.05 38.06 38.10 38.14 38.19 38.15 38.19 38.22 38.22 38.19 38.21 38.20 38.21 38.23 38.23 38.22 38.18 38.19 38.21 38.19 38.19 38.16 38.13 38.12 38.06 38.08 38.02 37.96 37.87 37.89 37.80 37.68 37.85 38.05 37.97 38.11 38.16 38.05 38.10 38.45 38.46 38.46 38.72 38.64 38.68 38.78 38.99 39.08 39.17 39.25 39.24 39.03 39.44 39.62 39.68 39.77 39.87 39.91 39.98 39.97 40.06 40.06 40.06 40.13 40.17 40.14
37.95 37.87 37.74 37.71 36.86 37.91 37.88 37.85 37.93 37.98 37.97 37.98 38.01 38.07 38.13 38.16 38.14 38.19 38.20 38.20 38.18 38.19 38.19 38.21 38.17 38.21 38.22 38.21 38.18 38.10 38.13 38.17 38.15 38.09 38.07 38.01 38.02 37.96 37.90 37.92 37.96 37.92 37.96 37.99 38.11 38.17 38.17 38.32 38.18 38.25 38.29 38.22 38.53 38.62 38.50 38.67 38.82 38.87 39.03 39.18 39.24 39.07 39.26 39.38 39.54 39.66 39.83 39.91 39.86 40.04 40.05 40.10 40.14 40.14 40.17 40.22 40.24
37.96 37.78 37.74 37.59 37.61 37.85 37.82 37.80 37.71 37.85 37.89 37.91 37.96 38.02 38.12 38.13 38.15 38.13 38.15 38.20 38.16 38.15 38.17 38.18 38.20 38.18 38.18 38.26 38.08 38.01 38.12 38.16 38.09 37.98 37.98 37.96 37.91 37.81 37.46 37.90 37.98 38.10 37.96 38.09 38.16 38.24 38.26 38.40 38.25 38.09 38.25 38.32 38.48 38.64 38.77 38.86 38.94 39.05 39.06 39.16 38.98 39.31 39.34 39.26 38.89 39.50 39.28 39.87 40.02 40.04 40.09 40.13 40.17 40.21 40.22 40.29 40.30
37.84 37.82 37.79 37.71 37.71 37.76 37.76 37.73 37.73 37.74 37.78 37.81 37.95 37.99 38.07 38.09 38.07 38.04 38.08 38.09 38.09 38.09 38.09 38.12 38.15 38.13 38.12 38.14 38.15 38.12 38.12 38.13 38.05 37.73 37.87 37.87 37.81 37.71 37.80 37.92 37.97 38.12 38.20 38.22 38.27 38.33 38.38 38.40 38.31 38.24 38.37 38.50 38.50 38.64 38.70 38.85 38.88 38.92 39.09 39.23 39.27 39.40 39.37 39.55 39.44 39.79 39.78 39.93 40.02 40.06 40.09 40.13 40.19 40.21 40.26 40.33 40.37
37.82 37.73 37.71 37.68 37.65 37.66 37.67 37.65 37.56 37.52 37.58 37.79 37.89 37.98 38.03 38.03 38.05 37.97 37.01 37.71 37.98 38.02 37.93 37.91 37.82 38.06 38.05 38.08 38.09 38.11 38.11 38.05 38.02 38.04 37.85 38.00 37.92 37.87 37.92 37.94 38.04 38.14 38.21 38.25 38.34 38.40 38.48 38.48 38.37 38.17 38.36 38.44 38.52 38.73 38.87 38.87 39.00 39.20 39.30 39.35 39.35 39.55 39.55 39.62 39.69 39.87 39.94 39.92 40.02 40.07 40.07 40.17 40.23 40.24 40.28 40.35 40.40
37.74 37.65 37.51 37.61 37.65 37.56 37.30 37.15 36.25 37.49 37.69 37.72 37.84 37.97 38.04 38.05 37.95 37.77 37.54 37.52 37.93 37.83 37.84 37.03 37.35 37.99 38.01 37.98 38.07 38.03 38.09 38.02 38.04 38.03 38.12 38.15 38.04 38.01 38.05 38.08 38.12 38.13 38.24 38.35 38.40 38.46 38.51 38.54 38.47 38.40 38.34 38.39 38.43 38.68 38.59 38.90 39.19 39.30 39.39 39.50 39.57 39.60 39.63 39.71 39.80 39.90 39.87 39.97 40.04 39.94 39.72 40.18 40.23 39.76 40.27 40.30 40.05
37.59 37.58 37.41 37.30 37.55 37.56 37.45 37.21 37.26 37.46 37.58 37.62 37.77 37.95 37.99 37.96 35.94 37.60 37.78 37.03 37.77 37.69 36.61 37.78 37.81 37.97 37.97 38.02 38.09 38.14 38.16 38.02 38.12 38.13 38.20 38.24 38.22 38.17 38.13 38.18 38.23 38.20 38.27 38.42 38.49 38.55 38.54 38.64 38.60 38.53 38.54 38.63 38.84 38.89 38.91 38.94 39.21 39.35 39.39 39.50 39.58 39.61 39.65 39.65 39.78 39.93 39.98 40.03 40.01 40.02 40.02 40.12 40.24 40.32 40.34 40.35 40.12
37.41 37.50 37.32 37.30 37.36 37.43 37.43 37.41 37.23 37.25 37.40 37.56 37.80 37.90 37.92 37.90 37.33 36.47 36.41 36.00 37.72 37.63 37.57 37.73 37.88 37.90 38.00 37.99 38.17 38.20 38.15 38.27 38.28 38.28 38.29 38.31 38.36 38.26 38.28 38.32 38.32 38.37 38.42 38.37 38.58 38.60 38.63 38.76 38.70 38.66 38.60 38.68 38.87 38.93 39.03 39.13 39.20 39.30 39.49 39.54 39.62 39.65 39.70 39.75 39.84 39.97 40.01 40.03 40.04 40.10 40.05 40.26 40.33 40.39 40.42 40.38 40.48
36.31 37.04 37.30 36.35 36.32 36.69 37.33 37.40 37.28 37.30 37.21 37.28 37.78 36.47 37.74 37.56 37.36 36.85 37.36 36.97 37.54 37.75 37.70 37.54 37.79 37.96 37.95 38.01 38.01 38.12 38.25 38.30 38.36 38.36 38.36 38.41 38.42 38.37 38.39 38.42 38.42 38.45 38.55 38.52 38.60 38.71 38.75 38.83 38.83 38.73 38.66 38.81 38.96 39.05 38.99 39.26 39.27 39.33 39.43 39.60 39.66 39.71 39.75 39.79 39.87 39.99 40.05 40.06 40.07 40.13 40.09 40.29 40.35 40.40 40.42 40.40 40.38
37.40 36.55 36.81 36.99 37.17 37.28 36.85 36.65 37.23 37.28 37.53 37.54 35.55 34.52 36.31 36.34 37.12 37.18 36.93 37.33 37.50 37.60 37.30 37.48 37.67 37.77 37.77 37.97 38.00 38.10 38.14 38.26 38.37 38.41 38.43 38.47 38.44 38.51 38.50 38.54 38.55 38.56 38.59 38.65 38.58 38.76 38.86 38.87 38.95 38.94 38.94 38.96 39.05 39.17 39.22 39.33 39.39 39.44 39.52 39.59 39.71 39.75 39.74 39.89 40.01 40.06 40.10 40.12 40.22 40.27 40.27 40.33 40.40 40.43 40.45 40.46 40.53
37.58 37.49 37.39 37.39 37.61 35.73 35.55 36.08 37.04 36.84 36.64 37.32 35.47 37.06 36.64 34.97 36.25 37.40 36.94 37.35 37.16 37.22 37.42 37.52 37.77 37.81 37.78 38.08 38.09 38.17 38.22 38.21 38.27 38.32 38.41 38.50 38.56 38.61 38.58 38.60 38.64 38.66 38.68 38.74 38.82 38.88 38.89 38.91 38.99 39.07 39.00 39.01 39.04 39.26 39.33 39.42 39.48 39.52 39.58 39.65 39.74 39.82 39.78 39.79 40.01 40.09 40.13 40.10 40.13 40.19 40.31 40.37 40.42 40.45 40.41 40.47 40.52
37.57 37.36 37.61 37.65 37.68 37.73 37.36 37.42 37.15 34.25 36.20 36.28 37.04 37.24 37.81 37.70 37.96 37.79 36.41 37.67 37.64 37.71 37.67 37.82 37.82 38.01 38.05 38.12 38.24 38.28 38.22 38.27 38.22 38.32 38.39 38.49 38.58 38.57 38.66 38.64 38.77 38.73 38.78 38.80 38.87 38.91 38.93 38.95 39.08 39.15 39.16 39.18 39.26 39.35 39.47 39.51 39.53 39.55 39.60 39.73 39.78 39.79 39.85 39.99 40.08 40.15 40.16 40.23 40.28 40.32 40.24 40.39 40.46 40.50 40.55 40.49 40.60
37.75 37.76 37.74 37.72 37.75 37.79 37.86 37.90 37.63 37.90 37.86 37.60 37.59 37.94 37.88 37.96 38.03 37.92 37.83 37.85 37.74 37.82 37.87 37.86 37.90 37.91 38.04 38.22 38.26 38.30 38.23 38.39 38.22 38.33 38.43 38.52 38.59 38.57 38.56 38.63 38.78 38.82 38.79 38.87 38.85 38.83 38.99 38.97 39.05 39.20 39.30 39.28 39.36 39.39 39.41 39.56 39.59 39.56 39.62 39.71 39.81 39.83 39.94 40.04 40.10 40.04 40.18 40.14 40.25 40.21 40.39 40.44 40.51 40.54 40.59 40.63 40.64
37.73 37.78 37.63 37.77 37.79 37.83 37.79 37.97 38.05 38.04 37.91 37.97 37.93 37.94 38.04 37.19 37.76 37.79 37.95 37.88 37.95 37.97 37.96 37.92 37.90 37.85 37.91 38.04 38.22 38.35 38.40 38.42 38.36 38.40 38.47 38.62 38.65 38.70 38.69 38.76 38.83 38.90 38.90 38.94 38.85 38.85 39.00 39.00 39.02 39.17 39.34 39.37 39.45 39.51 39.48 39.56 39.69 39.60 39.72 39.80 39.84 39.85 39.97 40.15 40.17 40.14 40.20 40.25 40.20 40.27 40.36 40.46 40.52 40.55 40.56 40.64 40.61
37.80 37.82 37.83 37.81 37.78 37.79 37.76 37.90 37.75 38.12 38.05 38.03 38.13 38.19 38.11 38.05 38.15 38.04 38.08 38.00 38.03 38.04 38.02 37.94 37.93 38.06 38.08 38.15 38.27 38.37 38.44 38.40 38.45 38.54 38.54 38.51 38.60 38.64 38.77 38.79 38.84 38.93 38.87 38.98 38.89 38.89 39.13 39.10 39.26 39.36 39.40 39.47 39.57 39.62 39.63 39.66 39.79 39.77 39.84 39.87 39.87 39.88 40.05 40.16 40.23 40.19 40.21 40.19 39.98 40.03 40.25 40.36 40.33 40.49 40.55 40.49 40.54
37.84 37.81 37.81 37.82 37.73 37.64 37.64 37.90 38.01 38.10 38.00 37.98 38.12 38.22 38.26 38.12 38.19 38.14 38.14 38.10 38.10 38.09 38.10 38.03 38.01 37.98 38.11 38.20 38.25 38.35 38.39 38.26 38.39 38.52 38.52 38.63 38.63 38.70 38.59 38.72 38.87 38.97 39.07 38.99 38.98 39.04 39.07 39.13 39.31 39.42 39.47 39.61 39.65 39.66 39.69 39.70 39.81 39.85 39.87 39.91 39.92 40.02 40.05 40.13 40.19 40.28 40.28 40.24 39.99 40.24 39.97 40.28 40.28 40.36 40.51 40.56 40.61
37.85 37.72 37.76 37.70 37.69 37.70 37.73 37.86 38.03 38.09 38.03 37.99 38.10 38.21 38.25 38.24 38.22 38.20 38.20 38.20 38.16 38.16 38.08 38.11 38.11 38.00 38.10 38.23 38.25 38.31 38.37 38.43 38.44 38.52 38.58 38.64 38.63 38.58 38.69 38.86 38.94 38.99 39.13 39.08 39.05 39.05 39.26 39.34 39.43 39.52 39.59 39.67 39.76 39.68 39.83 39.85 39.87 39.97 39.99 40.03 40.05 40.20 40.24 40.20 40.23 40.28 40.33 40.26 40.31 40.40 40.40 40.43 40.49 40.51 40.56 40.60 40.64
37.81 37.82 37.79 37.67 37.73 37.76 37.84 37.84 37.98 38.10 38.10 37.96 38.08 38.17 38.18 38.34 38.25 38.25 38.24 38.21 38.21 38.21 38.18 38.22 38.08 38.02 38.12 38.24 38.28 38.27 38.37 38.43 38.48 38.53 38.58 38.53 38.48 38.67 38.82 38.90 38.97 39.04 39.14 39.18 39.15 39.34 39.34 39.44 39.50 39.56 39.66 39.73 39.82 39.86 39.90 39.95 39.99 40.03 40.08 40.10 40.17 40.22 40.27 40.34 40.29 40.41 40.29 40.19 40.28 40.42 40.59 40.55 40.60 40.57 40.62 40.55 40.62
37.82 37.81 37.80 37.79 37.76 37.79 37.88 37.89 37.96 38.08 38.06 37.99 38.13 38.15 38.16 38.34 38.33 38.30 38.29 38.23 38.23 38.24 38.23 38.15 38.04 38.03 38.05 38.10 38.10 38.18 38.33 38.38 38.42 38.49 38.48 38.43 38.51 38.54 38.71 38.79 38.88 39.02 39.10 39.24 39.33 39.34 39.40 39.49 39.55 39.54 39.68 39.75 39.83 39.87 39.92 39.95 40.04 40.09 40.14 40.19 40.20 40.24 40.30 40.35 40.39 40.32 40.38 40.30 40.49 40.30 40.58 40.60 40.61 40.61 40.57 40.74 40.65
37.82 37.85 37.86 37.81 37.78 37.87 37.92 37.96 37.98 38.01 38.10 38.05 38.08 38.09 38.10 38.31 38.34 38.37 38.36 38.30 38.27 38.18 38.20 38.02 38.02 38.15 38.12 38.15 38.17 38.23 38.29 38.38 38.39 38.39 38.42 38.52 38.47 38.48 38.41 38.70 38.88 39.04 39.12 39.23 39.34 39.42 39.42 39.53 39.55 39.66 39.71 39.76 39.87 39.92 39.97 40.02 40.08 40.14 40.19 40.22 40.29 40.34 40.38 40.39 40.47 40.51 40.52 40.51 40.58 40.62 40.65 40.62 40.66 40.66 40.70 40.67 40.72
37.85 37.87 37.88 37.83 37.82 37.79 37.88 37.89 38.00 38.06 38.08 38.14 38.22 38.12 38.22 38.30 38.31 38.31 38.31 38.32 38.23 38.10 38.04 38.01 38.08 38.18 38.19 38.22 38.26 38.22 38.30 38.26 38.24 38.26 38.47 38.54 38.62 38.70 38.75 38.84 38.95 39.10 39.18 39.27 39.26 39.40 39.49 39.57 39.64 39.69 39.73 39.76 39.87 39.93 40.01 40.07 40.09 40.15 40.21 40.24 40.26 40.32 40.34 40.39 40.40 40.42 40.45 40.51 40.56 40.59 40.57 40.55 40.57 40.58 40.62 40.64 40.72
37.83 37.78 37.77 37.85 37.79 37.73 37.83 37.85 38.00 38.02 38.08 38.08 38.15 38.16 38.26 38.30 38.31 38.25 38.27 38.28 38.21 38.11 38.08 38.10 38.13 38.21 38.25 38.31 38.34 38.37 38.38 38.31 38.26 38.33 38.29 38.41 38.58 38.71 38.80 38.88 38.97 39.07 39.09 39.12 39.29 39.38 39.43 39.56 39.66 39.74 39.79 39.86 39.92 39.97 40.05 40.09 40.12 40.19 40.24 40.26 40.30 40.33 40.38 40.40 40.39 40.40 40.42 40.46 40.53 40.56 40.56 40.55 40.55 40.57 40.60 40.63 40.69
37.69 37.81 37.83 37.85 37.72 37.62 37.74 37.80 37.80 37.81 38.03 38.09 38.10 38.05 38.13 38.27 38.26 38.25 38.26 38.13 38.14 38.10 37.96 37.86 37.93 38.13 38.22 38.27 38.37 38.43 38.41 38.38 38.21 38.29 38.41 38.50 38.44 38.52 38.74 38.78 38.78 39.04 39.12 39.16 39.16 39.32 39.49 39.59 39.72 39.76 39.86 39.92 39.96 40.02 40.09 40.14 40.19 40.24 40.27 40.32 40.31 40.34 40.39 40.40 40.40 40.42 40.46 40.50 40.53 40.55 40.56 40.55 40.55 40.57 40.60 40.62 40.67
37.73 37.87 37.89 37.79 37.69 37.70 37.74 37.72 37.73 37.87 38.02 38.07 38.10 38.06 38.19 38.26 38.22 38.23 38.23 38.17 38.14 38.02 37.97 37.91 37.92 38.02 38.07 38.19 38.27 38.31 38.49 38.49 38.43 38.37 38.32 38.53 38.56 38.60 38.68 38.74 38.91 39.07 39.12 39.21 39.24 39.24 39.53 39.63 39.64 39.78 39.73 39.87 40.00 40.06 40.10 40.12 40.08 40.14 40.28 40.30 40.40 40.41 40.41 40.45 40.45 40.46 40.50 40.53 40.55 40.56 40.54 40.54 40.56 40.57 40.59 40.61 40.63
