main/data/temperature/24.07.2023.grid
ncols 886
nrows 691
xllcenter 112.0000
yllcenter -44.5000
cellsize 0.0500
nodata_value 99999.90
[rows 136 to 169 of 691, columns 231 to 307 of 886]
28.53 28.56 28.59 28.62 28.66 28.56 28.30 28.61 28.85 28.86 28.78 28.63 28.78 28.88 28.89 28.86 28.75 28.35 28.77 28.74 28.39 28.19 27.72 27.29 27.04 26.61 26.88 26.55 26.06 25.53 26.82 26.02 26.16 25.84 25.58 25.19 24.64 24.99 24.27 24.25 23.94 23.91 24.26 24.09 23.83 23.66 23.06 23.47 23.50 22.88 22.54 23.26 22.96 22.52 22.56 22.35 21.90 21.99 21.61 22.24 21.75 21.77 21.85 21.27 21.77 21.79 21.91 22.03 21.97 22.04 21.79 20.83 21.45 21.45 21.27 21.14 20.43
28.45 28.48 28.51 28.55 28.60 28.62 28.63 28.73 28.79 28.74 28.74 28.61 28.47 28.51 28.75 28.64 28.62 28.69 28.66 28.53 28.24 27.83 27.86 27.41 26.49 26.76 26.88 26.86 25.85 25.58 26.50 26.69 24.72 26.07 25.78 25.67 24.89 24.99 24.63 24.19 24.50 24.51 24.23 24.12 23.01 23.10 22.53 22.62 22.78 23.36 23.39 23.30 22.33 22.38 22.64 22.73 22.35 22.22 21.75 22.19 22.00 21.67 21.78 21.28 21.55 21.75 22.00 22.04 21.23 21.90 21.35 20.89 20.45 21.21 20.56 20.52 20.20
28.37 28.40 28.43 28.48 28.52 28.55 28.61 28.66 28.61 28.52 28.47 28.22 28.11 28.24 28.40 28.55 28.40 28.46 28.23 28.40 27.93 27.62 27.19 26.77 26.14 26.76 26.98 26.86 26.55 25.15 25.60 26.38 25.55 25.79 25.88 25.77 25.63 24.78 24.39 24.08 24.53 24.51 24.19 23.91 23.80 23.09 22.42 22.22 22.41 22.88 23.31 22.39 22.83 22.27 22.28 22.24 22.35 21.99 22.17 21.94 22.50 22.20 21.94 21.52 21.93 21.92 21.92 21.95 21.54 21.83 21.58 20.61 20.81 21.20 20.98 20.55 20.21
28.27 28.31 28.35 28.39 28.43 28.48 28.51 28.53 28.53 28.47 28.26 28.26 28.05 28.18 28.31 28.29 28.41 28.28 28.15 28.33 28.09 28.21 27.93 27.74 27.26 26.66 26.74 26.73 26.50 25.70 25.61 25.14 24.18 24.65 25.24 25.79 25.41 24.39 24.76 24.67 24.63 24.51 24.30 24.26 23.97 23.64 23.17 23.04 23.57 23.61 23.05 23.35 22.39 23.10 22.00 22.02 21.45 22.22 21.76 22.46 22.51 22.03 22.02 22.05 21.31 21.47 21.69 21.82 21.60 21.74 21.63 21.04 20.79 21.04 20.81 20.33 20.56
28.19 28.23 28.27 28.31 28.36 28.40 28.43 28.46 28.46 28.41 28.39 28.27 28.08 28.23 28.27 28.43 28.26 28.27 28.30 28.06 27.79 28.18 27.88 27.47 26.91 26.93 26.85 26.34 26.60 26.30 26.00 25.84 24.95 25.35 24.39 24.39 25.32 24.43 24.90 24.79 24.64 24.45 24.30 24.37 24.10 23.78 24.09 24.18 23.98 24.02 23.86 23.61 23.18 23.44 23.13 23.11 22.82 22.09 22.07 22.20 22.51 21.78 21.58 21.20 21.21 21.67 21.56 21.49 21.50 21.48 21.64 21.12 20.65 20.88 20.71 20.19 20.66
28.10 28.10 28.17 28.23 28.27 28.31 28.34 28.35 28.40 28.38 28.31 28.16 28.11 28.30 28.25 28.61 28.58 28.39 28.18 28.13 28.20 28.02 27.82 27.42 27.16 27.39 27.18 26.63 26.63 25.89 25.98 25.86 25.40 24.53 25.17 24.32 23.07 24.19 24.74 24.55 24.55 24.36 24.46 24.59 24.33 24.43 24.47 24.36 24.07 23.93 23.92 23.89 23.74 23.66 23.37 22.87 22.56 22.48 22.25 22.66 21.67 22.02 22.00 21.91 21.32 21.51 21.50 21.24 21.12 21.30 21.39 21.00 20.86 20.81 20.60 20.41 21.53
28.03 28.02 28.03 28.14 28.18 28.22 28.24 28.25 28.23 28.32 28.30 28.22 28.18 28.34 28.19 28.07 28.00 27.84 28.00 28.11 27.96 27.46 27.32 27.71 27.57 27.20 27.32 27.16 26.72 26.36 25.83 25.00 24.70 24.97 23.82 24.86 24.54 23.95 23.49 24.28 24.35 24.66 24.65 24.69 23.38 24.48 24.51 24.35 24.22 23.85 23.83 23.83 23.81 23.62 23.48 23.26 23.05 22.67 22.70 22.44 22.19 22.14 21.91 21.28 20.61 20.97 21.56 21.25 20.67 21.17 21.22 20.67 20.66 20.65 20.50 21.35 21.67
27.95 28.00 27.98 28.01 28.12 28.14 28.17 28.16 28.19 28.20 28.20 28.19 28.14 28.06 28.01 27.80 27.77 27.68 27.78 27.99 27.89 27.16 27.20 27.56 27.57 27.10 26.88 27.04 26.82 26.46 25.92 25.33 25.36 24.81 24.98 24.48 24.51 24.31 23.96 24.27 23.72 24.45 24.66 24.67 24.51 24.51 24.52 24.43 24.36 24.23 23.91 23.75 23.69 23.71 23.58 23.46 23.27 22.63 22.78 22.14 22.04 21.97 21.70 21.16 20.97 20.79 21.37 21.32 21.24 21.07 20.59 20.72 20.62 20.35 20.46 21.09 21.46
27.88 27.94 27.99 27.95 27.94 28.04 28.07 28.09 28.09 28.10 28.02 27.99 28.02 27.98 27.93 27.77 27.68 27.72 27.89 27.74 27.74 27.54 27.08 27.51 27.52 27.38 27.23 26.76 26.58 25.79 26.13 25.94 25.70 26.02 25.24 24.88 23.54 24.40 23.29 23.84 23.87 24.12 24.35 24.25 23.73 24.63 24.57 24.49 24.34 24.23 24.05 23.79 23.67 23.65 23.62 23.49 23.25 22.80 22.99 22.53 22.20 22.32 21.93 22.04 21.26 20.59 21.01 21.30 21.36 21.22 20.39 20.91 20.47 20.37 20.79 21.62 21.04
27.81 27.89 27.94 27.95 27.82 27.89 27.89 27.96 27.98 27.97 27.96 27.91 27.91 27.75 27.79 27.81 27.75 27.72 27.50 27.48 27.27 27.34 27.46 27.20 27.44 27.32 27.20 27.03 26.92 26.59 26.35 26.20 26.01 25.38 23.81 24.99 24.74 23.78 23.61 23.43 23.54 23.45 24.34 24.42 23.92 24.24 24.59 24.31 22.82 22.54 23.94 23.92 23.80 23.65 23.43 23.56 23.17 23.02 22.54 22.69 21.67 21.78 21.36 22.11 21.92 21.36 21.64 21.61 21.28 21.08 21.12 20.92 20.72 20.47 20.99 21.32 20.98
27.75 27.83 27.83 27.86 27.77 27.64 27.71 27.78 27.88 27.85 27.84 27.82 27.79 27.77 27.67 27.73 27.69 27.67 27.52 27.40 27.32 27.30 27.42 27.43 27.29 27.11 27.10 26.89 26.84 26.48 26.43 25.33 26.02 25.81 25.84 23.66 24.07 24.57 22.97 21.21 22.15 23.16 23.91 23.72 24.39 24.56 24.58 22.29 23.22 23.30 23.89 23.98 23.85 23.64 23.51 23.54 23.47 22.89 22.06 22.77 21.83 22.09 21.83 21.08 21.85 20.99 21.87 21.64 21.41 21.21 20.92 20.93 21.18 21.33 21.30 20.92 20.82
27.67 27.74 27.73 27.65 27.68 27.50 27.45 27.56 27.65 27.75 27.74 27.68 27.68 27.64 27.62 27.61 27.60 27.54 27.51 27.47 27.42 27.36 27.33 27.28 27.21 27.12 26.76 26.74 26.74 26.67 26.49 26.18 26.28 26.02 25.97 25.21 23.07 22.53 22.29 23.76 22.91 22.43 22.91 23.45 22.88 22.56 24.43 24.46 22.98 22.89 23.95 23.99 23.84 23.63 23.51 23.99 23.58 23.19 23.09 22.87 22.11 21.59 21.53 21.52 21.35 21.22 21.12 21.30 21.51 21.19 20.56 21.09 20.80 21.01 20.97 20.66 19.53
27.58 27.61 27.65 27.61 27.43 27.37 27.30 27.38 27.39 27.52 27.59 27.60 27.55 27.54 27.53 27.51 27.39 27.42 27.39 27.34 27.30 27.23 27.09 27.03 27.00 27.04 26.96 26.87 26.22 26.37 26.18 26.26 25.73 26.08 25.80 25.29 25.11 23.45 23.36 22.92 23.00 23.63 23.01 22.80 22.75 22.39 23.97 24.42 23.55 22.85 24.19 23.85 23.82 23.47 23.55 23.83 23.33 22.97 22.51 22.70 22.11 22.12 21.31 21.26 21.82 22.05 22.11 21.94 21.77 21.41 20.32 21.26 20.55 19.98 19.33 20.37 20.53
27.47 27.53 27.54 27.52 27.45 27.31 27.17 27.23 27.16 27.14 27.27 27.39 27.44 27.34 27.36 27.23 27.32 27.26 27.24 27.17 27.09 27.07 26.91 26.73 26.78 26.87 26.84 26.75 26.63 26.48 26.34 26.09 26.19 25.98 25.56 25.61 25.27 25.11 24.73 23.82 22.70 22.45 23.24 22.55 23.27 23.28 22.70 22.41 24.28 24.35 24.19 24.02 23.42 23.68 23.40 23.40 23.13 22.84 22.93 22.65 22.41 21.65 21.30 21.49 22.24 22.26 21.90 21.10 21.28 20.59 21.59 20.95 20.20 18.61 20.18 20.51 20.37
27.39 27.42 27.45 27.37 27.32 27.25 27.06 26.94 27.06 26.92 26.89 27.06 27.25 27.13 27.20 27.18 27.13 27.11 27.13 27.08 27.04 27.00 26.82 26.80 26.55 26.57 26.61 26.57 26.55 26.43 26.10 25.60 25.77 25.86 25.81 25.55 25.09 24.96 24.53 24.46 24.48 23.67 23.93 23.29 22.25 23.93 23.38 22.95 22.86 21.79 23.99 24.00 23.71 23.86 22.47 22.92 23.20 21.38 22.05 22.32 22.52 22.52 22.58 22.49 22.30 21.91 21.72 21.12 20.87 20.58 20.28 19.23 19.29 20.82 20.41 20.65 20.37
27.29 27.34 27.33 27.21 27.10 26.99 26.88 26.86 26.81 26.85 26.68 26.83 27.00 26.93 27.10 27.07 26.93 26.90 26.99 26.91 26.80 26.83 26.81 26.68 26.57 26.36 26.40 26.35 26.42 26.31 26.18 25.66 25.75 25.58 25.47 25.05 25.04 24.96 24.65 24.78 24.66 23.95 24.29 23.96 23.92 24.20 24.02 22.98 24.05 22.31 22.55 24.10 24.13 24.03 22.53 21.69 21.45 21.31 21.55 21.81 22.02 21.79 22.03 21.55 21.96 20.52 21.49 20.99 21.64 21.69 21.46 21.13 21.14 20.59 20.81 20.62 20.89
27.21 27.25 27.24 27.03 26.94 26.82 26.66 26.59 26.57 26.68 26.61 26.56 26.65 26.76 26.94 26.89 26.71 26.64 26.74 26.79 26.71 26.63 26.72 26.58 26.49 26.27 25.89 26.06 26.17 26.19 26.06 25.88 25.69 25.06 25.25 25.22 24.83 24.15 24.38 24.36 24.20 24.72 24.61 24.31 24.33 24.40 24.24 24.04 23.41 23.73 23.90 21.95 23.91 22.95 23.00 21.62 21.52 21.01 20.90 21.26 21.94 21.39 21.55 21.64 21.04 21.73 22.08 22.00 21.84 21.39 21.26 20.94 21.47 21.24 20.77 21.08 20.86
27.02 27.16 27.09 27.09 27.01 26.93 26.76 26.52 26.45 26.46 26.50 26.41 26.29 26.49 26.75 26.70 26.58 26.44 26.53 26.62 26.57 26.51 26.52 26.55 26.42 26.17 25.91 25.87 25.67 25.49 25.86 25.72 25.58 25.43 24.81 24.86 24.68 24.64 24.52 24.57 24.26 24.24 24.46 24.60 24.41 23.98 24.21 24.24 24.17 24.40 23.96 23.70 22.15 23.89 23.66 22.75 21.56 22.11 20.86 21.50 20.20 22.06 21.77 21.73 21.73 22.21 22.08 21.50 21.38 21.17 21.11 20.75 21.47 21.43 21.29 21.09 21.11
26.94 27.08 27.00 26.70 26.66 26.66 26.46 26.40 26.39 26.37 26.38 26.36 26.28 26.26 26.47 26.39 26.46 26.39 26.44 26.50 26.55 26.57 26.48 26.31 26.32 26.21 25.97 25.65 25.71 25.43 25.11 25.08 25.21 25.16 24.81 24.79 24.66 24.51 24.61 24.38 24.29 24.40 24.51 23.89 24.26 24.17 24.15 24.17 24.32 24.23 23.87 23.43 23.47 23.81 23.56 22.70 23.05 22.70 21.71 22.23 22.48 21.60 21.76 21.70 21.98 22.02 21.83 21.66 21.45 20.93 21.16 21.32 21.71 21.43 21.22 21.35 21.07
26.83 26.99 27.01 26.73 26.61 26.47 26.35 26.24 26.31 26.31 26.34 26.31 26.33 26.24 26.22 26.26 26.41 26.42 26.46 26.48 26.54 26.53 26.51 26.42 26.34 26.24 26.06 25.84 25.77 25.63 25.26 24.97 24.70 24.47 24.40 24.37 24.41 24.60 24.60 24.41 24.19 24.33 24.53 24.43 23.87 24.30 24.19 23.79 24.29 24.28 23.97 23.71 22.61 23.55 23.56 23.41 22.62 22.20 21.43 22.59 22.66 22.42 22.68 22.45 22.64 21.94 21.94 21.52 21.50 21.02 21.59 21.92 21.80 21.16 21.09 21.25 20.92
26.61 26.79 26.90 26.89 26.70 26.48 26.26 26.24 26.32 26.32 26.21 26.34 26.32 26.21 26.16 26.16 26.33 26.43 26.46 26.48 26.49 26.47 26.42 26.36 26.22 26.08 25.94 25.84 25.59 25.31 25.16 25.08 24.24 24.41 24.27 24.35 24.28 24.29 24.55 24.41 24.38 24.23 24.54 24.56 24.34 24.15 24.38 24.27 24.24 24.09 23.88 23.72 22.99 22.88 21.99 22.56 22.72 21.93 21.95 22.50 22.59 22.56 22.72 22.50 22.21 22.44 22.13 21.99 21.72 21.73 22.04 22.05 21.65 21.29 21.40 21.14 21.15
26.51 26.54 26.84 26.84 26.74 26.55 26.36 26.43 26.48 26.24 26.34 26.13 26.14 26.21 26.24 26.32 26.19 26.39 26.44 26.47 26.46 26.38 26.29 26.15 26.02 26.00 25.97 25.86 25.66 25.33 25.00 24.82 24.85 24.53 24.42 24.28 24.31 24.34 24.30 24.51 24.65 24.51 24.42 24.17 24.44 24.35 24.38 24.11 24.12 23.92 23.75 23.67 23.25 22.95 22.95 23.09 23.14 22.71 21.73 22.57 22.76 22.90 22.45 22.64 22.53 22.20 22.39 22.44 22.17 21.99 22.06 21.70 20.61 21.31 21.06 21.34 21.33
26.36 26.54 26.72 26.65 26.76 26.58 26.44 26.42 26.41 26.42 26.20 26.09 26.21 26.18 26.19 26.36 26.34 26.39 26.46 26.46 26.42 26.36 26.28 26.14 26.14 26.06 25.94 25.64 25.40 25.22 25.08 24.76 24.80 24.80 24.52 24.48 24.26 24.24 24.36 24.27 24.33 24.57 24.57 24.52 24.36 24.45 24.36 24.31 24.04 23.86 23.42 23.68 23.59 23.32 23.35 23.00 23.35 23.30 23.17 22.58 22.55 22.68 22.74 22.58 22.48 22.27 22.36 22.28 22.31 22.08 21.92 21.31 21.26 21.64 21.19 21.57 21.35
26.42 26.53 26.45 26.35 26.67 26.65 26.58 26.52 26.33 26.26 26.23 26.18 26.29 26.33 26.30 26.38 26.38 26.42 26.45 26.39 26.41 26.31 26.28 26.23 26.14 26.01 25.76 25.52 25.53 25.39 25.13 24.90 24.95 24.62 24.54 24.64 24.41 24.36 24.29 24.41 24.28 24.35 24.32 24.43 24.49 24.45 24.31 24.25 24.06 23.98 23.82 23.63 23.41 23.16 23.44 23.30 23.38 23.35 23.18 23.18 23.05 23.00 22.47 22.59 21.69 22.26 22.00 22.20 21.78 21.49 21.19 20.93 20.67 21.32 21.50 21.57 21.39
26.40 26.24 26.14 26.14 26.27 26.54 26.54 26.26 26.17 26.18 24.95 26.06 26.26 26.38 26.33 26.31 26.33 26.35 26.21 26.17 26.37 26.30 26.24 26.12 25.97 25.76 25.68 25.72 25.58 25.38 25.23 24.99 24.68 24.44 24.36 24.63 24.70 24.67 24.25 24.48 24.50 24.33 24.20 24.26 24.28 24.37 24.08 24.04 23.74 23.80 23.68 23.45 23.37 23.39 23.38 23.38 23.38 23.25 23.09 22.93 22.89 23.04 22.89 22.66 22.79 21.77 22.06 21.50 21.89 21.40 21.30 20.89 21.72 21.52 21.73 21.47 21.18
26.19 26.04 26.05 26.09 26.05 26.36 26.44 26.43 26.40 26.23 25.25 25.78 26.11 26.29 26.27 26.29 26.33 26.28 26.14 26.35 26.26 26.13 26.04 25.98 25.82 25.81 25.77 25.67 25.43 25.15 24.98 24.88 24.74 24.41 24.38 24.57 24.66 24.73 24.64 24.43 24.66 24.58 24.36 24.46 24.36 23.98 23.96 23.96 23.93 23.76 23.48 23.49 23.28 23.15 23.42 22.95 22.07 22.55 22.76 22.70 22.87 22.75 22.79 22.54 21.66 22.25 21.71 20.85 21.34 20.76 21.57 21.57 21.79 21.82 21.54 21.39 21.13
26.03 25.85 25.86 25.91 25.85 26.11 26.31 26.34 26.34 26.33 26.12 26.28 26.23 26.27 26.31 26.36 26.39 26.41 26.20 26.27 26.18 26.05 26.03 25.95 25.92 25.89 25.74 25.51 25.25 25.05 24.92 24.83 24.76 24.66 24.43 24.40 24.48 24.51 24.70 24.70 24.65 24.58 24.46 24.38 24.07 24.02 24.11 24.07 23.90 23.73 23.54 23.35 23.16 23.31 23.32 22.94 22.50 21.94 21.68 22.52 21.70 22.61 21.84 21.76 21.54 21.48 21.19 20.79 21.48 21.93 21.98 21.31 21.54 21.46 21.35 21.27 21.12
25.92 25.84 25.83 25.95 25.98 26.11 26.24 26.25 26.23 26.24 26.24 26.18 26.14 26.18 25.99 26.03 26.22 26.36 26.40 26.34 26.20 26.13 26.09 26.08 25.95 25.80 25.61 25.41 25.22 25.07 24.97 24.92 24.82 24.72 24.64 24.56 24.35 24.42 24.58 24.58 24.62 24.61 24.50 24.43 24.34 24.24 24.15 24.04 23.92 23.69 23.47 23.38 22.98 23.17 23.42 23.07 23.01 21.66 21.65 21.95 21.92 21.60 20.63 20.77 21.57 21.61 20.82 21.51 22.21 21.27 21.22 21.66 21.80 21.50 21.16 21.09 21.18
25.91 25.91 25.97 25.95 26.06 26.17 26.18 26.20 26.07 26.22 26.16 26.26 26.21 26.18 26.07 26.06 26.19 26.35 26.42 26.40 26.30 26.22 26.16 26.09 25.95 25.71 25.55 25.42 25.23 25.08 25.06 25.00 24.91 24.84 24.78 24.69 24.60 24.40 24.23 24.50 24.58 24.57 24.45 24.37 24.24 24.17 24.10 24.00 23.89 23.59 23.10 23.13 23.00 23.01 23.32 23.37 23.06 22.46 21.51 21.19 21.60 21.12 21.67 22.08 22.13 22.08 21.83 21.80 20.90 21.02 21.34 21.50 21.52 21.31 21.18 21.23 21.25
25.95 25.99 25.91 25.95 26.07 26.07 26.11 26.03 26.11 26.18 26.18 26.32 26.23 26.12 26.06 26.11 26.23 26.33 26.38 26.40 26.30 26.25 26.16 26.07 25.95 25.80 25.55 25.40 25.24 25.13 25.10 25.02 24.96 24.85 24.86 24.78 24.71 24.61 24.46 24.43 24.64 24.50 24.37 24.27 24.10 24.04 23.89 23.94 23.80 23.61 23.45 23.42 23.26 23.40 23.48 23.30 23.35 23.19 22.25 21.51 21.51 22.30 22.55 22.83 22.81 22.73 21.79 20.72 20.75 21.47 21.36 21.30 21.31 21.32 21.27 21.38 21.22
25.91 25.88 25.95 26.03 26.17 25.86 25.94 25.99 26.02 26.09 26.09 26.30 26.32 26.20 26.18 26.13 26.19 26.27 26.23 26.35 26.32 26.20 25.91 26.04 25.94 25.81 25.52 25.43 25.25 25.17 25.11 25.02 24.95 24.98 24.89 24.90 24.80 24.75 24.65 24.67 24.56 24.25 24.26 24.13 23.92 23.90 23.80 23.88 23.81 23.73 23.59 23.30 23.30 23.47 23.24 22.60 22.64 21.85 22.41 22.29 22.65 22.55 23.02 22.81 22.83 21.22 21.77 21.22 21.74 21.59 21.65 21.47 21.41 21.54 21.46 21.15 20.97
25.76 25.87 26.00 26.11 26.14 25.87 25.84 26.03 25.83 25.93 26.07 26.23 26.33 26.32 26.25 26.18 26.14 26.18 26.17 26.32 26.29 26.10 25.95 25.85 25.81 25.79 25.69 25.57 25.44 25.26 25.13 25.03 24.98 24.97 24.95 24.93 24.86 24.76 24.68 24.60 24.50 24.38 24.15 23.88 23.71 23.58 23.72 23.70 23.73 23.62 23.51 23.51 23.45 23.34 23.28 22.95 22.20 21.49 22.40 23.07 23.08 23.03 22.07 22.07 21.95 21.95 21.89 21.98 21.73 21.86 21.70 21.38 21.53 21.60 21.34 21.21 21.07
25.80 25.99 26.03 26.02 26.16 25.86 25.79 25.96 26.03 25.79 26.03 26.22 26.17 26.20 26.22 26.05 26.02 26.01 26.10 26.27 26.25 26.19 26.00 25.84 25.85 25.77 25.67 25.59 25.47 25.35 25.18 25.06 25.00 24.99 24.98 24.83 24.76 24.71 24.64 24.57 24.46 24.29 24.11 23.84 23.62 23.55 23.30 23.55 23.58 23.49 23.17 23.26 23.29 23.33 22.72 22.61 22.63 22.34 22.09 22.42 21.83 22.98 22.34 21.73 22.18 22.23 22.23 21.70 22.10 21.85 21.62 21.66 21.67 21.52 21.34 21.36 21.26
26.05 26.03 26.07 26.19 26.20 25.93 25.74 25.87 25.96 25.77 25.69 26.10 26.05 26.11 26.21 26.04 26.01 26.12 26.20 26.22 26.19 26.16 26.10 26.02 25.87 25.74 25.64 25.51 25.45 25.33 25.25 25.10 25.03 24.99 24.87 24.80 24.71 24.66 24.58 24.52 24.38 24.23 24.04 23.89 23.75 23.60 23.41 23.14 23.23 23.38 23.03 22.75 22.39 23.28 23.06 22.33 22.49 21.65 22.15 22.18 22.44 22.75 22.59 22.61 22.48 22.02 22.17 22.17 21.83 21.73 21.62 21.63 21.69 21.60 21.43 21.26 21.17
