main/data/temperature/24.05.2023.grid
ncols 886
nrows 691
xllcenter 112.0000
yllcenter -44.5000
cellsize 0.0500
nodata_value 99999.90
[rows 272 to 305 of 691, columns 385 to 461 of 886]
24.70 24.68 24.66 24.56 24.40 23.47 23.91 23.46 23.44 23.53 23.51 22.63 23.61 23.78 23.58 21.00 23.73 23.82 23.88 23.87 23.92 23.95 24.24 24.46 24.59 24.68 24.55 24.63 24.43 24.28 24.62 23.03 21.67 23.66 23.46 23.86 23.98 24.47 24.29 23.91 24.12 24.50 24.05 23.82 24.24 23.64 23.58 24.86 24.26 24.48 24.32 24.70 25.01 25.28 24.75 24.81 24.89 24.94 25.26 25.59 25.69 25.54 26.26 25.52 25.83 25.69 26.19 26.35 26.00 25.91 26.10 26.33 25.86 26.36 26.49 26.39 26.53
24.61 24.66 24.61 24.58 24.54 24.44 24.23 23.38 23.82 23.86 23.93 24.10 23.95 23.90 23.72 23.73 23.20 23.30 23.06 22.98 23.07 23.67 23.79 23.96 23.95 23.90 24.56 24.65 25.02 24.55 24.75 24.07 23.35 23.40 23.04 23.15 24.41 24.01 23.57 23.53 22.74 23.42 24.19 24.41 24.28 24.57 24.61 24.65 24.40 25.24 24.68 25.00 25.27 25.60 25.50 25.49 25.51 25.24 25.46 25.30 25.17 25.60 24.96 26.35 26.54 26.55 25.49 26.43 26.66 26.60 25.89 26.13 26.48 26.27 26.62 26.80 26.89
24.63 24.64 24.65 24.58 24.54 24.53 24.48 24.32 24.41 24.33 24.32 24.29 24.23 24.13 24.02 23.74 23.64 23.68 23.76 23.82 23.75 23.77 24.17 23.12 23.44 23.76 24.07 23.84 24.99 24.42 24.64 24.38 23.55 23.20 23.68 24.23 24.56 24.31 24.11 23.81 23.58 24.62 24.19 24.48 24.08 23.50 24.56 24.98 25.11 25.67 25.62 25.48 25.68 25.85 25.83 25.55 25.87 25.94 25.63 25.97 26.12 25.01 26.27 26.33 26.43 26.82 26.55 25.91 26.37 26.35 26.82 26.73 26.80 26.40 26.57 26.83 26.98
24.44 24.51 24.60 24.56 24.46 24.41 24.40 24.39 24.12 23.97 24.16 24.17 24.16 24.17 24.06 23.91 23.77 23.75 24.01 24.16 24.20 24.37 24.41 24.13 23.77 23.82 23.82 24.83 24.55 24.87 24.24 24.48 23.80 23.89 24.23 23.52 24.73 24.79 24.47 24.20 24.33 24.77 24.95 24.66 24.88 25.14 25.14 25.32 25.37 25.68 25.77 25.92 25.88 25.83 26.01 26.00 26.03 25.40 26.26 26.44 26.39 26.29 26.48 26.67 26.86 26.62 26.81 26.88 26.78 26.81 26.75 26.67 26.83 26.63 26.85 26.92 26.52
24.52 24.35 24.37 24.42 24.33 24.26 24.28 24.03 24.18 24.08 23.91 23.98 24.05 24.01 24.06 24.00 23.91 23.79 23.78 24.02 24.10 23.86 24.47 24.54 24.42 24.66 24.84 25.01 25.12 24.92 24.42 24.20 24.32 24.44 24.81 23.93 24.74 24.83 24.48 24.60 24.80 25.09 25.00 25.35 25.45 25.33 24.94 25.33 25.51 25.75 25.76 25.79 25.96 25.98 26.09 26.14 26.26 26.35 26.41 26.54 26.62 26.70 26.76 26.82 26.43 26.98 26.81 27.01 27.10 27.13 27.09 26.91 26.32 26.93 26.71 26.78 26.94
24.41 24.40 24.06 24.17 24.07 24.09 24.15 24.10 24.17 24.46 24.13 23.72 23.73 23.88 23.91 23.87 23.78 23.80 23.87 23.82 23.97 24.19 24.30 24.63 24.75 24.72 24.87 24.85 25.11 25.04 24.96 24.89 24.81 24.92 25.12 25.07 24.60 24.61 24.29 24.45 24.80 25.18 25.30 25.43 25.49 25.45 25.14 25.51 25.68 25.79 25.84 25.93 25.99 26.05 26.11 26.20 26.27 26.15 26.34 26.34 26.37 26.35 26.39 26.53 26.39 26.44 26.84 26.53 26.79 27.21 27.19 27.13 26.77 26.78 26.82 27.11 27.13
24.28 24.23 24.39 24.15 23.89 23.73 23.83 23.81 23.72 24.08 24.57 23.88 23.79 23.79 23.50 23.80 23.73 24.02 24.05 23.73 23.95 24.11 24.37 24.26 24.51 24.70 24.64 24.96 25.01 25.20 25.12 25.12 25.15 25.23 25.26 25.14 25.12 24.98 24.96 24.95 25.23 25.37 25.49 25.60 25.57 25.49 25.35 25.50 25.61 25.58 25.69 25.80 25.89 25.90 26.04 26.22 26.23 26.20 25.98 25.76 25.75 25.88 26.29 26.07 26.48 26.16 25.82 26.04 27.13 26.99 27.26 26.85 26.90 26.67 26.70 27.11 26.87
24.45 24.46 24.46 24.20 23.91 24.00 23.85 23.55 23.94 24.15 24.31 24.80 24.80 24.65 23.97 23.74 23.69 23.83 24.21 23.83 23.62 23.85 24.16 23.96 24.34 24.50 24.56 24.80 24.58 25.01 25.25 25.04 25.34 25.34 25.19 25.14 25.00 24.97 24.91 25.10 25.16 25.41 25.49 25.65 25.60 25.49 25.26 25.24 25.42 25.37 25.44 25.66 25.73 25.82 25.88 26.13 26.17 25.85 26.08 25.84 25.86 26.17 25.65 25.99 26.31 26.29 25.50 26.51 27.06 27.25 27.00 27.26 26.93 27.03 27.04 26.80 27.17
24.28 24.08 24.25 24.19 24.09 23.98 23.75 24.23 24.13 24.09 24.64 23.79 23.88 24.21 24.76 24.58 23.91 23.91 23.90 23.60 23.81 23.69 23.62 23.68 24.03 23.67 23.65 23.58 22.88 23.12 24.54 24.01 25.34 25.24 25.11 24.85 24.77 24.73 24.92 24.64 24.64 25.00 25.52 25.71 25.67 25.45 25.19 25.13 25.50 25.44 25.47 25.42 25.53 25.60 25.75 25.71 25.97 25.84 26.25 25.94 25.85 26.12 26.20 26.21 26.27 26.39 26.00 25.12 27.04 27.15 27.29 27.14 27.22 27.10 27.25 26.89 27.14
23.97 24.21 24.08 24.00 24.12 24.10 23.80 23.95 24.21 24.59 23.63 24.29 24.10 24.23 24.76 23.63 24.20 23.79 23.51 24.29 24.44 22.90 23.23 22.77 22.83 22.80 23.50 24.14 24.72 25.04 24.60 25.15 25.51 25.03 25.00 24.76 24.74 24.72 25.14 25.24 25.12 25.32 25.49 25.69 25.84 25.61 25.55 25.29 25.54 25.59 25.49 25.66 25.61 25.60 25.64 25.72 26.17 26.23 26.41 26.45 26.19 26.25 26.28 26.54 26.43 26.26 26.72 26.97 27.24 27.31 26.87 27.04 27.39 27.26 27.31 27.12 27.05
24.14 24.05 24.26 24.28 24.46 23.73 23.82 23.82 24.02 24.11 24.64 23.83 24.56 24.59 25.02 24.50 23.46 23.87 24.60 23.96 24.25 24.38 24.08 22.88 23.55 23.73 23.73 23.99 24.62 24.25 24.48 24.31 25.39 24.74 24.32 24.32 24.58 24.92 25.15 25.19 25.27 25.32 25.52 25.61 25.72 25.74 25.55 25.35 25.59 25.72 25.60 25.63 25.82 25.70 25.71 25.84 26.02 26.15 26.39 26.55 26.50 26.31 26.14 26.71 26.47 26.57 25.76 26.69 26.76 27.24 27.34 27.24 27.33 27.12 27.17 27.21 27.21
24.06 24.22 24.41 24.11 24.55 24.09 24.43 23.69 24.03 23.90 24.13 23.94 24.65 24.98 24.70 24.53 24.60 24.12 24.13 24.20 24.95 24.69 23.66 23.50 23.68 23.87 24.34 24.38 23.57 23.49 24.15 25.01 25.40 25.31 24.68 25.13 24.34 24.49 24.48 24.75 25.26 25.43 25.43 25.76 25.88 25.66 25.69 25.62 25.84 25.86 25.64 25.89 25.85 25.72 25.73 25.85 26.15 26.32 26.46 26.59 26.59 26.42 26.81 26.84 26.68 26.40 25.85 26.74 27.23 27.32 27.12 27.18 27.27 27.32 27.36 27.32 27.27
24.04 24.39 24.49 24.42 24.26 24.63 24.64 24.16 24.28 23.60 24.29 23.91 24.28 24.53 24.35 25.10 25.12 24.59 24.22 24.38 24.53 24.99 24.63 24.71 24.41 24.24 24.07 24.04 24.74 24.77 24.22 24.86 25.58 25.71 25.21 25.16 24.51 24.26 24.66 24.51 25.11 25.16 25.71 25.27 25.38 25.62 25.77 25.79 25.77 26.02 25.95 26.09 25.89 25.60 25.80 25.95 26.18 26.36 26.50 26.59 26.52 26.56 26.95 26.80 26.82 26.75 26.89 27.09 27.15 27.27 27.20 26.57 27.24 27.15 27.27 27.08 26.99
24.22 24.41 24.55 24.59 24.42 24.59 24.38 23.77 23.59 24.18 23.61 24.44 24.35 24.05 24.20 24.84 25.07 24.31 24.40 24.29 24.64 24.87 25.17 24.98 24.68 24.47 24.59 24.36 24.84 25.12 25.02 25.26 25.60 25.66 24.93 24.81 24.90 24.94 25.19 25.17 25.15 25.15 25.39 25.83 25.67 25.69 25.86 25.92 25.87 25.99 26.12 25.96 25.71 25.64 25.77 26.01 26.21 26.43 26.52 26.50 26.45 26.73 26.89 26.87 26.82 26.65 26.81 26.89 26.93 27.06 27.16 26.69 27.05 27.14 27.29 27.29 27.34
24.63 24.58 24.67 24.70 24.77 24.79 24.58 24.48 23.74 23.31 23.70 23.65 23.71 24.02 24.71 24.77 24.33 24.45 24.88 24.52 24.61 24.87 25.29 25.05 24.71 24.77 24.78 24.83 24.76 24.79 24.76 24.85 25.52 25.73 25.53 25.45 25.04 24.87 25.29 25.02 25.01 25.06 25.77 25.82 25.71 25.32 25.75 26.05 26.09 26.11 26.12 26.09 25.87 25.80 25.85 26.03 26.25 25.97 26.45 26.58 26.80 26.79 26.70 25.90 26.71 26.95 27.03 27.00 26.97 26.80 27.20 27.16 27.22 27.26 27.27 27.40 27.19
24.93 24.69 24.51 24.64 24.85 24.86 24.63 24.45 24.28 24.36 24.38 24.02 24.30 24.12 24.12 24.13 24.62 24.41 25.07 25.12 25.27 24.93 24.98 25.03 25.11 24.78 25.07 25.07 25.20 25.44 25.47 25.55 25.53 25.67 25.66 25.53 25.64 25.71 25.65 25.61 25.65 25.65 25.70 25.77 25.88 25.92 25.90 25.79 26.09 26.10 26.28 26.20 26.18 25.93 25.61 25.95 26.19 25.92 26.21 26.61 26.47 26.48 26.13 26.60 26.91 26.89 26.85 26.48 26.76 27.11 27.17 27.18 27.17 27.29 27.32 27.31 27.28
24.93 24.91 24.81 24.89 24.86 24.89 24.77 24.62 24.53 24.43 24.63 24.62 24.51 24.14 24.18 24.67 24.66 24.67 24.79 24.96 24.78 24.74 25.17 24.82 25.43 25.13 25.10 25.23 25.29 25.42 25.43 25.49 25.56 25.64 25.71 25.71 25.91 25.82 25.68 25.66 25.77 25.69 25.82 25.72 25.80 25.86 26.00 26.05 26.05 26.21 26.33 26.27 26.17 25.95 26.16 26.22 26.32 26.36 26.44 26.54 26.63 26.62 26.73 26.80 26.84 26.54 26.73 26.83 26.96 27.07 27.14 27.14 27.16 27.25 26.73 27.28 27.24
24.95 24.96 24.94 24.99 24.90 24.93 24.73 24.62 24.64 24.63 24.69 24.56 24.38 24.56 24.55 24.43 24.71 24.75 24.59 24.01 24.70 25.11 25.08 25.13 25.41 25.20 25.11 25.37 25.36 25.38 25.39 25.35 25.39 25.41 25.49 25.56 25.70 25.91 25.78 25.68 25.88 25.86 25.75 25.70 25.67 25.77 25.79 25.83 26.01 26.13 26.20 26.30 26.36 26.34 26.30 26.33 26.34 26.32 26.32 26.33 26.41 26.46 26.65 26.53 26.43 26.53 26.68 26.81 26.94 27.00 27.08 27.09 26.72 27.08 27.15 27.29 27.35
24.95 24.93 24.96 24.93 24.93 24.95 24.71 24.75 24.73 24.79 24.83 24.70 24.63 24.62 24.69 24.48 24.66 24.65 24.77 24.03 24.49 24.62 24.83 24.73 25.19 25.36 25.32 25.14 25.43 25.39 25.33 25.23 25.21 25.31 25.51 25.67 25.79 25.81 25.87 25.80 25.91 25.88 25.70 25.93 25.74 25.89 25.67 25.69 25.85 25.95 26.18 26.10 26.33 26.39 26.24 26.16 26.38 26.36 26.29 26.28 26.29 26.19 26.54 26.48 26.42 26.51 26.59 26.73 26.80 26.92 26.96 26.82 27.06 27.23 27.26 27.27 27.32
24.93 24.92 24.94 24.85 24.96 24.98 24.91 24.67 24.53 24.70 24.81 24.76 24.77 24.76 24.78 24.75 24.77 24.76 24.69 24.65 24.51 24.64 24.72 24.96 24.84 25.01 25.36 25.40 25.43 25.60 25.64 25.45 25.43 25.51 25.44 25.59 25.59 25.77 25.80 25.92 25.84 25.96 25.96 26.03 25.89 25.79 25.75 25.63 25.56 25.80 25.99 26.18 26.19 26.32 26.38 26.16 26.34 26.42 26.39 26.33 26.24 26.35 26.26 26.21 26.16 26.06 26.33 26.57 26.72 26.22 26.66 26.98 27.18 27.12 27.30 27.30 27.29
24.85 24.88 24.81 24.83 24.90 25.01 24.99 24.90 24.83 24.92 24.91 24.86 24.83 24.67 24.50 24.71 24.81 24.76 24.71 24.79 24.72 24.64 24.83 24.98 25.04 24.95 25.22 25.20 25.23 25.42 25.53 25.60 25.58 25.60 25.31 25.62 25.53 25.68 25.71 25.81 25.92 25.91 26.06 26.03 26.02 25.94 25.88 25.70 25.58 25.66 25.91 26.08 26.24 26.20 26.22 26.26 26.32 26.37 26.32 26.34 26.29 26.32 26.08 26.25 26.41 26.48 26.25 26.32 26.56 26.70 26.93 26.99 27.06 27.06 27.13 27.21 27.14
24.95 24.82 24.90 24.86 24.94 25.01 24.96 24.93 24.89 24.90 24.87 24.87 24.96 24.87 24.74 24.71 24.79 24.75 24.79 24.87 24.87 24.90 25.03 25.15 25.19 24.97 24.90 24.90 24.95 25.20 25.32 25.40 25.44 25.67 25.63 25.65 25.84 25.71 25.78 25.56 25.74 25.88 26.03 26.08 26.04 25.97 25.90 25.70 25.68 25.60 25.79 25.99 26.18 26.27 26.30 26.22 26.37 26.28 26.41 26.42 26.35 26.18 26.32 26.48 26.51 26.58 26.55 26.59 26.70 26.78 26.89 27.00 27.07 27.10 27.19 27.12 27.08
24.89 25.06 24.88 24.94 24.91 24.93 24.91 24.88 24.82 24.84 24.91 24.91 24.85 24.82 24.61 24.81 24.80 24.78 24.55 24.81 24.89 24.91 25.05 25.14 25.01 24.87 24.85 24.81 24.87 24.97 24.98 25.29 25.41 25.30 25.27 25.64 25.68 25.67 25.79 25.73 25.79 25.88 25.96 25.67 26.00 26.04 25.93 25.84 25.73 25.66 25.71 25.89 25.92 26.07 26.22 26.28 26.21 26.24 26.17 26.47 26.42 26.09 26.37 26.56 26.57 26.66 26.57 26.47 26.53 26.71 26.83 26.99 26.96 27.03 26.81 27.12 27.19
24.86 24.85 24.77 24.88 24.79 24.96 24.92 24.40 24.70 24.42 24.88 24.96 24.90 24.91 24.78 24.77 24.79 24.71 24.72 24.76 24.76 24.91 24.80 24.80 24.81 24.78 24.66 24.81 24.98 24.86 24.87 25.16 25.13 25.31 25.28 25.13 25.17 25.55 25.75 25.77 25.76 25.88 25.93 26.13 25.98 26.07 25.82 25.81 25.79 25.82 25.80 25.83 25.83 25.97 25.99 25.97 26.26 26.42 26.27 26.38 26.31 26.19 26.30 26.41 26.51 26.70 26.69 26.77 26.79 26.86 26.90 26.92 27.02 27.05 27.07 27.16 26.99
24.84 24.85 24.85 24.84 24.85 24.94 25.05 25.01 25.00 24.94 24.70 24.83 24.70 24.92 24.85 24.79 24.75 24.85 24.76 24.84 24.89 24.89 24.90 24.85 24.84 24.96 24.89 24.83 24.93 24.85 24.82 24.92 25.05 25.25 25.40 25.50 25.56 25.67 25.72 25.67 25.73 25.92 25.92 25.85 26.05 26.06 25.92 25.97 25.96 25.97 25.95 25.66 25.92 25.96 25.66 25.80 25.98 26.30 26.26 26.39 26.34 26.01 26.28 26.41 26.54 26.71 26.63 26.82 26.96 26.84 26.74 26.88 26.99 26.74 26.79 26.95 26.88
24.88 24.84 24.84 24.90 24.93 24.99 24.97 24.86 24.80 24.76 24.55 24.82 24.78 24.80 24.80 24.88 24.83 24.53 24.64 24.76 24.82 24.79 24.69 24.58 24.67 24.66 24.79 24.89 24.89 24.87 24.88 24.87 25.00 24.93 25.12 25.35 25.46 25.29 25.36 25.68 25.74 25.82 25.79 25.88 25.96 25.75 26.07 25.98 26.04 26.03 25.92 25.73 25.61 25.66 25.85 25.87 26.00 26.10 26.19 26.40 26.35 26.22 26.37 26.56 26.64 26.64 26.72 26.65 26.71 26.59 26.61 26.86 26.59 26.62 26.71 26.73 26.82
24.81 24.87 24.86 24.86 24.92 24.95 24.98 24.97 24.86 24.86 24.72 24.39 24.50 24.50 24.63 24.73 24.73 24.61 24.50 24.46 24.50 24.45 24.24 24.37 24.53 24.61 24.71 24.83 24.85 24.89 24.97 24.85 24.89 24.85 25.14 25.18 25.36 25.41 25.49 25.62 25.64 25.67 25.69 25.83 25.86 25.94 25.93 26.14 25.74 26.06 25.70 25.82 25.90 26.00 26.04 26.06 26.18 26.15 26.10 26.19 26.28 26.13 26.23 26.17 26.70 26.78 26.65 26.45 26.66 26.75 26.78 26.77 26.62 26.41 26.61 26.75 26.89
24.77 24.80 24.86 24.89 24.87 24.89 24.90 24.90 24.82 24.86 24.52 24.77 24.60 24.52 24.36 24.40 24.56 24.54 24.59 24.66 24.63 24.49 24.46 24.47 24.48 24.66 24.77 24.73 24.92 24.89 24.95 24.94 24.95 24.89 24.98 25.04 25.26 25.42 25.57 25.61 25.66 25.70 25.56 25.69 25.76 25.68 25.65 25.79 25.97 26.14 25.90 26.02 26.08 26.06 26.19 26.03 26.39 26.29 26.30 26.20 26.27 25.99 26.23 26.49 26.54 26.53 26.55 26.59 26.65 26.57 26.52 26.58 26.59 26.45 26.57 26.78 26.86
24.60 24.67 24.72 24.79 24.81 24.83 24.76 24.76 24.73 24.62 24.74 24.65 24.58 24.67 24.45 24.52 24.52 24.55 24.54 24.55 24.66 24.64 24.58 24.61 24.65 24.72 24.55 24.77 24.91 24.90 24.80 24.92 24.76 24.93 24.94 24.94 25.12 25.30 25.45 25.49 25.50 25.48 25.36 25.49 25.49 25.60 25.71 25.95 26.01 25.99 26.07 26.10 25.87 26.16 26.12 26.11 26.20 26.14 26.30 26.26 26.11 26.07 26.31 26.44 26.35 26.41 26.58 26.51 26.48 26.53 26.39 26.24 26.30 26.55 26.66 26.74 26.88
24.55 24.56 24.58 24.65 24.70 24.71 24.71 24.66 24.70 24.73 24.63 24.63 24.58 24.53 24.66 24.70 24.36 24.48 24.66 24.74 24.72 24.72 24.75 24.74 24.72 24.67 24.68 24.85 24.86 24.86 24.79 24.69 24.84 24.96 25.01 25.03 25.09 25.24 25.30 25.32 25.15 25.26 25.29 25.09 25.19 25.37 25.63 25.77 25.97 26.04 26.04 26.07 25.95 25.78 26.09 25.89 26.05 26.19 26.30 26.14 26.11 26.03 26.09 26.22 26.43 26.51 26.46 26.35 26.34 26.41 26.29 26.25 26.47 26.60 26.74 26.82 26.88
24.46 24.50 24.52 24.55 24.56 24.62 24.65 24.60 24.65 24.54 24.67 24.54 24.40 24.48 24.73 24.77 24.75 24.62 24.12 24.77 24.78 24.78 24.83 24.73 24.71 24.57 24.52 24.56 24.72 24.96 24.88 24.99 24.97 24.95 24.97 24.86 24.84 25.03 25.05 25.17 25.39 25.42 25.22 25.19 25.33 25.50 25.59 25.84 25.94 25.95 25.79 25.95 25.63 25.75 25.60 25.81 25.96 26.08 26.42 26.19 26.10 26.02 26.16 26.36 26.35 26.40 26.29 26.03 26.25 26.12 26.00 26.39 26.52 26.65 26.76 26.84 26.88
24.37 24.40 24.43 24.47 24.53 24.57 24.59 24.61 24.61 24.64 24.57 24.57 24.61 24.51 24.70 24.76 24.78 24.78 24.80 24.67 24.82 24.85 24.80 24.81 24.74 24.77 24.82 24.77 24.98 25.09 24.99 24.95 24.96 25.02 25.00 25.05 25.12 25.22 25.26 25.24 25.32 25.48 25.47 25.43 25.48 25.56 25.62 25.77 25.87 25.88 25.88 25.90 25.88 25.78 25.70 25.95 26.17 26.31 26.30 26.19 26.24 25.90 26.27 26.19 26.12 26.14 26.13 26.14 26.04 26.08 26.25 26.48 26.56 26.69 26.77 26.76 26.83
24.29 24.33 24.37 24.42 24.47 24.52 24.57 24.59 24.61 24.67 24.70 24.68 24.74 24.69 24.70 24.81 24.81 24.88 24.85 24.87 24.87 24.89 24.81 24.91 24.89 24.86 24.99 25.02 24.83 25.08 25.12 25.11 25.01 25.01 25.08 25.20 25.24 25.32 25.34 25.42 25.37 25.47 25.55 25.59 25.58 25.57 25.71 25.75 25.81 25.85 25.90 25.91 25.84 25.86 25.87 25.91 25.97 25.99 26.04 26.37 25.83 26.19 26.17 26.20 25.99 25.95 25.99 25.77 26.03 26.21 26.32 26.45 26.60 26.70 26.77 26.81 26.89
24.20 24.25 24.34 24.37 24.42 24.45 24.50 24.58 24.59 24.62 24.64 24.67 24.63 24.62 24.78 24.84 24.82 24.86 24.87 24.87 24.86 24.92 24.96 24.92 24.94 24.89 25.02 25.10 24.99 25.07 25.17 25.17 25.08 25.10 25.22 25.35 25.34 25.36 25.33 25.45 25.40 25.46 25.49 25.56 25.62 25.68 25.66 25.67 25.73 25.72 25.68 25.64 25.72 25.77 25.75 25.79 25.92 25.96 26.04 26.21 26.10 26.07 26.09 25.93 25.91 25.71 25.73 25.81 26.09 26.22 26.32 26.47 26.57 26.66 26.74 26.85 26.84
