main/data/temperature/24.03.2023.grid
ncols 886
nrows 691
xllcenter 112.0000
yllcenter -44.5000
cellsize 0.0500
nodata_value 99999.90
[rows 170 to 203 of 691, columns 308 to 384 of 886]
37.98 37.89 37.78 37.58 37.30 37.33 37.50 37.57 37.43 37.41 37.18 37.68 37.65 37.58 37.54 37.35 37.15 37.12 37.08 37.02 36.98 36.90 36.89 36.73 36.67 36.68 36.67 36.56 36.46 36.35 36.30 36.31 36.29 36.28 36.26 36.22 36.17 36.10 36.09 36.04 35.96 35.91 35.88 35.93 35.88 35.66 35.76 35.67 35.77 35.62 35.62 35.60 35.53 35.38 35.36 35.43 35.54 35.62 35.63 35.65 35.69 35.80 35.76 35.90 36.12 36.14 36.16 36.20 36.24 36.29 36.33 36.36 36.39 36.43 36.48 36.50 36.49
38.03 37.81 37.65 37.61 37.40 37.49 37.62 37.56 37.15 37.53 37.58 37.76 37.60 37.41 37.47 37.28 37.23 37.18 37.13 37.10 37.07 37.01 36.95 36.88 36.82 36.78 36.70 36.59 36.50 36.38 36.19 36.31 36.29 36.19 36.26 36.17 36.20 36.18 36.13 36.08 36.01 35.83 35.81 35.76 35.81 35.37 35.61 35.72 35.78 35.56 35.65 35.69 35.59 35.44 35.40 35.30 35.45 35.59 35.53 35.65 35.68 35.73 35.86 35.98 36.08 36.13 36.17 36.20 36.24 36.29 36.32 36.35 36.38 36.42 36.44 36.50 36.54
38.22 38.13 37.88 37.54 37.40 37.52 37.53 37.45 37.49 37.66 37.65 37.63 37.53 37.48 37.44 37.38 37.33 37.26 37.22 37.20 37.13 37.09 37.03 36.94 36.91 36.83 36.75 36.65 36.55 36.42 36.22 36.27 36.27 36.28 36.24 36.12 36.04 36.15 36.12 36.11 36.07 35.93 35.74 35.72 35.78 35.40 35.73 35.73 35.80 35.67 35.43 35.71 35.69 35.57 35.53 35.47 35.55 35.44 35.65 35.79 35.81 35.84 35.93 35.92 36.08 36.13 36.18 36.20 36.25 36.30 36.37 36.38 36.39 36.43 36.40 36.53 36.49
38.15 38.18 37.98 37.76 37.76 37.64 37.64 37.27 37.55 37.61 37.63 37.65 37.62 37.59 37.51 37.46 37.39 37.36 37.25 37.28 37.19 37.14 37.08 37.05 36.98 36.86 36.74 36.74 36.62 36.49 36.30 36.09 36.28 36.27 36.13 36.16 36.10 36.07 36.10 36.14 36.11 36.07 35.87 35.80 35.83 35.61 35.76 35.79 35.79 35.77 35.57 35.48 35.69 35.68 35.64 35.61 35.49 35.43 35.62 35.65 35.86 35.93 35.97 36.05 36.09 36.12 36.19 36.21 36.24 36.31 36.35 36.37 36.41 36.44 36.49 36.41 36.49
38.25 38.04 38.01 37.91 37.91 37.77 37.78 37.76 37.71 37.75 37.74 37.72 37.70 37.65 37.58 37.52 37.46 37.44 37.35 37.34 37.27 37.23 37.17 37.09 36.91 36.76 36.71 36.78 36.65 36.49 36.42 36.34 36.16 36.16 36.27 36.08 36.03 35.97 36.16 36.20 36.13 36.02 36.01 35.96 35.76 35.68 35.60 35.74 35.70 35.72 35.67 35.55 35.62 35.66 35.60 35.58 35.58 35.66 35.70 35.41 35.71 36.00 35.88 36.04 36.07 36.16 36.21 36.25 36.27 36.32 36.34 36.35 36.40 36.40 36.45 36.58 36.64
37.88 38.07 38.01 37.97 38.03 37.88 37.80 37.90 37.70 37.81 37.82 37.78 37.76 37.71 37.63 37.58 37.55 37.51 37.46 37.42 37.36 37.30 37.20 36.95 36.84 36.69 36.75 36.70 36.63 36.49 36.35 36.27 36.19 36.24 36.27 36.26 36.13 36.17 36.19 36.19 36.16 35.95 35.97 35.82 35.65 35.87 35.80 35.80 35.63 35.59 35.61 35.54 35.52 35.58 35.59 35.52 35.63 35.83 35.83 35.88 35.94 35.89 35.90 36.04 35.97 36.18 36.23 36.25 36.28 36.33 36.36 36.39 36.43 36.31 36.49 36.63 36.67
38.08 38.03 38.02 37.99 37.98 37.63 37.74 37.92 37.94 37.88 37.88 37.85 37.81 37.77 37.69 37.64 37.62 37.57 37.56 37.49 37.31 37.27 37.02 36.85 36.95 36.87 36.72 36.65 36.58 36.46 36.26 36.18 36.21 36.03 36.24 36.18 36.22 36.07 36.09 36.05 36.09 36.12 36.03 35.96 35.91 35.98 35.75 35.76 35.62 35.46 35.65 35.49 35.53 35.59 35.55 35.74 35.77 35.78 35.90 35.84 35.85 35.91 35.94 35.94 36.02 36.17 36.20 36.23 36.27 36.31 36.35 36.39 36.42 36.33 36.49 36.64 36.70
38.13 38.20 38.14 38.10 37.97 38.13 37.95 37.92 37.95 37.92 37.85 37.85 37.82 37.81 37.78 37.71 37.65 37.65 37.55 37.48 37.26 37.14 36.85 36.96 36.67 36.67 36.77 36.74 36.67 36.64 36.45 36.16 36.29 36.33 36.33 36.26 36.23 36.20 36.17 36.08 36.08 36.14 36.23 36.12 36.12 36.07 35.99 35.84 35.75 35.59 35.51 35.53 35.49 35.46 35.51 35.63 35.83 35.70 35.83 35.82 35.79 35.87 35.84 35.92 36.08 36.15 36.21 36.26 36.28 36.35 36.37 36.45 36.47 36.36 36.34 36.57 36.67
38.12 38.22 38.19 38.23 38.12 38.07 38.15 38.02 38.01 37.99 37.92 37.91 37.90 37.86 37.82 37.79 37.76 37.74 37.51 37.22 37.28 37.08 37.25 37.22 37.15 37.11 36.99 36.91 36.83 36.72 36.11 36.38 36.37 36.28 36.25 36.20 36.15 36.23 36.13 36.03 36.12 36.22 36.23 36.20 36.12 35.97 35.49 35.87 35.81 35.78 35.67 35.53 35.35 35.53 35.62 35.72 35.79 35.64 35.62 35.72 35.69 35.85 35.99 36.05 36.16 36.18 36.23 36.28 36.26 36.26 36.32 36.40 36.47 36.30 36.37 36.55 36.68
38.08 38.10 38.21 38.25 38.31 38.09 38.11 38.15 37.97 38.02 38.07 37.96 37.96 37.97 37.91 37.86 37.83 37.81 37.70 37.53 37.57 37.49 37.40 37.27 37.22 37.11 37.03 36.95 36.76 36.70 36.43 36.50 36.38 36.31 36.24 36.10 36.12 36.21 36.18 36.11 36.20 36.20 36.25 36.29 36.20 35.93 36.08 36.04 35.88 35.91 35.74 35.41 35.40 35.57 35.61 35.69 35.78 35.83 35.88 35.79 35.94 35.96 36.01 36.12 36.17 36.23 36.27 36.31 36.35 36.30 36.34 36.36 36.31 36.47 36.55 36.62 36.67
38.20 38.18 38.17 38.16 38.14 38.15 38.31 38.20 38.01 38.02 38.02 38.12 38.08 38.03 37.96 37.91 37.88 37.84 37.82 37.69 37.62 37.52 37.35 37.15 37.02 37.19 37.12 37.04 36.96 36.76 36.68 36.33 36.36 36.27 36.23 36.14 36.16 36.24 36.12 36.15 36.18 36.20 36.31 36.26 36.24 36.21 36.21 36.15 36.05 36.00 35.96 35.59 35.74 35.56 35.85 35.89 35.86 35.72 35.93 36.01 36.00 36.09 36.00 36.14 36.16 36.27 36.29 36.31 36.34 36.40 36.40 36.35 36.26 36.50 36.63 36.62 36.61
38.27 38.28 38.29 38.24 38.15 38.09 38.22 38.38 38.11 38.08 38.08 38.18 38.16 38.11 38.08 37.98 37.95 37.91 37.88 37.77 37.66 37.49 37.34 37.08 37.06 37.17 37.12 37.06 37.01 36.90 36.84 36.62 36.47 36.24 36.29 36.30 36.27 36.13 36.12 36.13 36.11 36.29 36.27 36.20 36.22 36.14 36.03 36.09 35.96 36.01 35.92 35.83 35.65 35.77 35.90 36.02 35.79 35.87 35.84 35.99 35.95 35.86 35.98 36.08 36.18 36.27 36.12 36.26 36.26 36.31 36.29 36.25 36.29 36.50 36.58 36.53 36.47
38.44 38.42 38.13 38.33 38.35 38.28 38.33 38.37 38.23 38.18 38.27 38.26 38.23 38.19 38.14 38.03 38.02 38.00 37.81 37.84 37.75 37.40 37.27 36.99 36.72 36.86 36.81 36.97 36.95 36.83 36.85 36.78 36.74 36.66 36.56 36.51 36.46 36.42 36.33 36.27 36.27 36.24 36.13 36.16 36.17 36.06 36.13 35.83 35.84 35.91 35.92 35.80 35.66 35.87 36.04 36.07 36.05 35.93 35.94 35.89 35.90 35.95 35.99 36.22 36.32 36.33 36.35 36.41 36.27 36.31 36.38 36.43 36.40 36.49 36.51 36.42 36.30
38.55 38.37 38.47 38.54 38.50 38.49 38.48 38.45 38.35 38.39 38.38 38.33 38.32 38.27 38.21 38.10 38.12 37.99 37.68 37.88 37.79 37.68 37.56 37.24 37.10 37.05 37.01 36.90 36.77 36.50 36.66 36.75 36.74 36.77 36.70 36.65 36.59 36.40 36.32 36.18 36.27 36.20 36.07 36.01 35.99 36.11 36.12 35.78 35.87 35.76 35.89 35.99 36.05 36.07 35.98 36.08 36.15 35.99 36.11 36.10 36.14 36.15 36.10 36.27 36.19 36.27 36.38 36.52 36.50 36.53 36.55 36.48 36.40 36.40 36.41 36.28 36.33
38.66 38.64 38.63 38.65 38.61 38.58 38.54 38.54 38.49 38.45 38.44 38.43 38.42 38.32 38.30 38.23 38.05 38.01 37.86 37.93 37.84 37.76 37.67 37.45 37.22 37.15 37.13 36.92 36.89 36.37 36.53 36.64 36.61 36.68 36.76 36.74 36.69 36.55 36.36 36.10 36.00 35.95 36.06 36.10 36.14 36.20 36.05 36.00 35.89 35.82 35.72 35.89 36.00 35.99 36.15 36.17 36.27 36.23 36.24 36.24 36.23 36.29 36.38 36.41 36.34 36.23 36.31 36.54 36.56 36.64 36.61 36.55 36.45 36.42 36.26 36.28 36.27
38.77 38.76 38.77 38.72 38.74 38.70 38.65 38.64 38.58 38.56 38.54 38.56 38.49 38.43 38.36 38.19 38.20 38.10 37.83 37.76 37.93 37.86 37.77 37.63 37.27 36.87 36.92 36.34 36.97 36.92 36.20 36.44 36.62 36.58 36.44 36.65 36.65 36.57 36.48 36.33 36.08 36.08 36.19 36.28 36.31 36.24 36.19 36.03 35.97 35.74 35.97 36.04 35.98 36.03 36.11 36.16 36.24 36.36 36.33 36.32 36.39 36.34 36.43 36.46 36.44 36.44 36.41 36.58 36.61 36.63 36.64 36.62 36.59 36.48 36.35 36.36 36.48
38.80 38.80 38.82 38.84 38.81 38.81 38.78 38.73 38.70 38.65 38.63 38.57 38.51 38.47 38.20 38.21 38.20 38.13 38.13 38.11 37.97 37.93 37.83 37.72 37.55 37.47 37.36 37.29 37.09 36.97 36.38 36.40 36.61 36.66 36.66 36.38 36.44 36.67 36.57 36.34 36.26 36.33 36.30 36.37 36.38 36.34 36.17 36.08 35.90 35.92 36.00 36.08 36.19 36.17 36.31 36.32 36.34 36.39 36.42 36.44 36.46 36.45 36.45 36.49 36.53 36.51 36.56 36.58 36.60 36.62 36.66 36.67 36.62 36.54 36.44 36.51 36.56
38.89 38.87 38.91 38.90 38.88 38.88 38.87 38.83 38.81 38.72 38.59 38.46 38.54 38.50 38.44 38.17 38.30 38.30 38.24 38.16 38.06 37.99 37.90 37.78 37.68 37.39 37.31 37.26 37.17 37.05 36.83 36.50 36.40 36.49 36.67 36.71 36.55 36.74 36.58 36.38 36.29 36.49 36.56 36.42 36.36 36.32 36.37 36.29 36.03 35.83 36.05 36.16 36.24 36.29 36.28 36.28 36.35 36.36 36.48 36.46 36.47 36.49 36.49 36.50 36.54 36.56 36.59 36.61 36.61 36.65 36.68 36.69 36.70 36.64 36.57 36.68 36.74
38.95 39.01 39.01 39.00 38.99 38.98 38.95 38.81 38.71 38.51 38.38 38.52 38.59 38.57 38.46 38.33 38.43 38.38 38.31 38.24 38.12 38.06 37.97 37.87 37.72 37.49 37.41 37.30 37.26 37.16 36.65 36.73 36.64 36.64 36.79 36.84 36.85 36.87 36.72 36.49 36.54 36.58 36.56 36.55 36.58 36.53 36.47 36.36 36.12 36.08 36.14 36.21 36.27 36.15 36.29 36.30 36.38 36.43 36.51 36.55 36.49 36.52 36.55 36.56 36.59 36.60 36.62 36.65 36.65 36.68 36.69 36.73 36.76 36.74 36.65 36.70 36.80
38.99 39.08 39.13 39.12 39.09 39.06 39.03 38.92 38.61 38.63 38.49 38.47 38.60 38.52 38.48 38.56 38.50 38.44 38.36 38.30 38.22 38.14 38.06 37.95 37.76 37.41 37.30 37.45 37.40 37.33 36.98 36.74 37.02 36.93 36.71 36.93 36.86 36.82 36.78 36.75 36.59 36.73 36.75 36.65 36.51 36.53 36.47 36.32 36.33 36.13 36.19 36.23 36.29 36.15 36.25 36.29 36.39 36.45 36.58 36.56 36.58 36.52 36.56 36.59 36.63 36.64 36.67 36.68 36.69 36.69 36.73 36.76 36.78 36.77 36.77 36.79 36.82
39.09 39.10 39.17 39.20 39.17 38.99 39.13 39.03 38.94 38.85 38.77 38.74 38.64 38.61 38.70 38.64 38.57 38.51 38.44 38.36 38.29 38.23 38.09 37.91 37.88 37.69 37.37 37.33 37.54 37.48 37.27 36.92 37.02 37.06 36.95 37.00 36.99 36.72 36.87 36.82 36.81 36.80 36.77 36.73 36.65 36.60 36.66 36.58 36.50 36.26 36.25 36.26 36.33 36.30 36.39 36.32 36.35 36.44 36.53 36.56 36.52 36.53 36.56 36.63 36.68 36.71 36.71 36.73 36.70 36.73 36.76 36.75 36.80 36.82 36.80 36.83 36.84
39.11 39.25 39.30 39.27 39.23 39.18 39.25 39.13 39.05 39.01 38.96 38.89 38.71 38.80 38.75 38.68 38.58 38.51 38.43 38.36 38.31 38.25 38.18 38.10 38.04 37.92 37.82 37.74 37.65 37.54 37.40 36.61 36.80 37.17 37.16 37.11 36.98 36.67 36.86 36.86 36.87 36.92 36.71 36.73 36.69 36.55 36.62 36.65 36.62 36.43 36.35 36.46 36.36 36.29 36.28 36.52 36.55 36.59 36.64 36.59 36.56 36.61 36.55 36.57 36.72 36.76 36.83 36.78 36.78 36.80 36.81 36.82 36.83 36.82 36.81 36.81 36.77
39.39 39.27 39.34 39.37 39.33 39.30 39.30 39.23 39.19 39.12 39.06 38.99 38.92 38.85 38.79 38.73 38.62 38.55 38.38 38.38 38.24 38.23 38.21 38.12 38.05 38.00 37.92 37.83 37.76 37.66 37.59 37.46 37.34 37.30 37.25 37.23 37.06 36.50 36.88 36.67 36.97 36.78 36.88 36.74 36.65 36.57 36.63 36.69 36.64 36.56 36.50 36.45 36.35 36.49 36.52 36.62 36.63 36.67 36.68 36.61 36.52 36.59 36.64 36.74 36.81 36.77 36.78 36.75 36.77 36.79 36.84 36.85 36.84 36.83 36.69 36.77 36.69
39.52 39.42 39.42 39.47 39.45 39.39 39.33 39.25 39.18 39.11 39.00 38.97 38.89 38.87 38.81 38.74 38.66 38.34 38.40 38.38 38.29 38.08 38.20 38.09 38.08 38.00 37.96 37.91 37.85 37.78 37.71 37.61 37.50 37.40 37.36 37.31 37.13 36.76 36.97 37.05 36.97 37.03 36.89 36.84 36.74 36.60 36.66 36.72 36.66 36.55 36.51 36.40 36.28 36.45 36.56 36.65 36.68 36.70 36.65 36.65 36.64 36.59 36.73 36.78 36.84 36.77 36.77 36.63 36.68 36.73 36.81 36.78 36.71 36.70 36.69 36.68 36.79
39.68 39.63 39.58 39.72 39.59 39.43 39.35 39.16 39.21 39.16 39.03 38.87 38.84 38.86 38.87 38.77 38.67 38.59 38.34 38.40 38.26 38.13 38.13 38.11 38.07 38.03 37.92 37.90 37.85 37.79 37.73 37.68 37.60 37.51 37.46 37.41 37.33 37.21 37.20 37.14 37.13 37.09 37.01 36.88 36.72 36.71 36.76 36.78 36.59 36.29 36.44 36.42 36.50 36.58 36.58 36.71 36.76 36.70 36.76 36.76 36.77 36.79 36.69 36.83 36.79 36.69 36.64 36.62 36.63 36.73 36.76 36.69 36.68 36.64 36.79 36.85 36.85
39.75 39.73 39.71 39.69 39.56 39.51 39.39 39.24 39.16 39.23 39.17 39.00 38.85 38.93 38.93 38.83 38.68 38.63 38.44 38.39 38.28 38.09 38.11 38.11 38.06 38.04 37.98 37.80 37.86 37.81 37.71 37.65 37.51 37.52 37.44 37.47 37.38 37.34 37.28 37.24 37.22 37.10 36.97 36.93 36.75 36.73 36.83 36.60 36.55 36.37 36.48 36.37 36.52 36.60 36.71 36.74 36.79 36.84 36.91 36.88 36.88 36.89 36.82 36.87 36.78 36.73 36.61 36.53 36.55 36.69 36.57 36.67 36.76 36.79 36.84 36.84 36.87
39.80 39.75 39.74 39.64 39.58 39.47 39.39 39.22 39.13 39.19 39.20 39.11 38.91 38.84 38.90 38.84 38.53 38.63 38.49 38.34 38.30 38.11 38.10 38.07 38.01 38.00 37.96 37.81 37.79 37.76 37.67 37.65 37.40 37.47 37.50 37.46 37.41 37.32 37.23 37.23 37.24 37.17 37.00 36.87 36.81 36.87 36.84 36.74 36.65 36.43 36.51 36.55 36.55 36.70 36.80 36.83 36.85 36.98 37.01 37.01 37.05 36.96 36.98 36.92 36.75 36.74 36.66 36.54 36.59 36.55 36.69 36.74 36.65 36.74 36.82 36.75 36.80
39.85 39.80 39.77 39.70 39.59 39.48 39.35 39.23 39.14 39.12 39.19 39.16 39.01 38.77 38.87 38.81 38.46 38.61 38.51 38.30 38.24 38.16 38.11 38.03 37.96 37.97 37.97 37.87 37.74 37.71 37.59 37.63 37.40 37.43 37.47 37.42 37.32 37.27 37.32 37.16 37.09 37.05 37.03 36.89 36.88 36.92 36.63 36.70 36.55 36.53 36.68 36.70 36.72 36.75 36.85 36.92 36.98 37.05 37.05 37.06 37.07 37.03 37.00 36.97 36.90 36.81 36.63 36.56 36.56 36.61 36.67 36.73 36.65 36.60 36.76 36.77 36.77
39.90 39.86 39.81 39.78 39.71 39.63 39.50 39.34 39.19 39.15 39.12 39.17 39.12 38.84 38.86 38.77 38.71 38.52 38.52 38.33 38.23 38.05 38.05 37.87 37.74 37.89 37.96 37.89 37.80 37.68 37.50 37.55 37.43 37.37 37.45 37.42 37.30 37.32 37.25 37.23 37.14 36.91 37.00 37.01 36.98 36.91 36.77 36.55 36.60 36.67 36.52 36.80 36.82 36.89 36.91 37.00 37.08 37.11 37.09 37.08 37.10 37.05 36.96 36.97 36.89 36.78 36.67 36.55 36.52 36.54 36.66 36.68 36.51 36.68 36.71 36.69 36.63
39.98 39.92 39.87 39.82 39.76 39.68 39.59 39.50 39.43 39.34 39.07 39.16 39.18 39.06 38.95 38.66 38.62 38.52 38.48 38.37 38.13 38.00 37.84 37.84 37.84 37.90 37.94 37.91 37.78 37.69 37.58 37.46 37.34 37.36 37.36 37.43 37.26 37.17 37.28 37.13 37.14 37.06 37.08 36.92 36.85 36.71 36.74 36.77 36.83 36.84 36.82 36.83 36.94 36.97 36.98 37.07 37.14 37.15 37.14 37.09 37.06 37.04 36.92 36.91 36.87 36.81 36.73 36.62 36.58 36.52 36.53 36.49 36.50 36.53 36.62 36.62 36.62
40.02 39.96 39.92 39.83 39.78 39.72 39.66 39.56 39.47 39.40 39.25 39.14 39.16 39.10 39.02 38.93 38.78 38.60 38.39 38.29 38.23 38.11 37.92 37.92 37.93 37.93 37.92 37.91 37.83 37.67 37.57 37.41 37.25 37.24 37.28 37.36 37.30 37.12 37.17 37.07 37.10 37.00 37.07 37.01 36.93 36.83 36.91 36.95 36.79 36.91 36.97 37.01 37.02 37.05 37.03 37.10 37.16 37.18 37.16 37.07 36.94 36.88 36.87 36.88 36.83 36.78 36.62 36.52 36.69 36.60 36.64 36.61 36.51 36.44 36.55 36.54 36.56
40.07 40.00 39.99 39.94 39.78 39.72 39.61 39.60 39.51 39.41 39.27 39.15 39.07 39.08 38.99 38.97 38.86 38.73 38.61 38.51 38.32 37.99 38.02 38.04 37.86 37.82 37.73 37.82 37.79 37.56 37.46 37.35 37.18 37.28 37.33 37.32 37.28 37.11 37.21 37.10 37.12 37.09 37.16 37.16 36.98 36.99 37.07 37.04 36.98 36.96 37.03 37.08 37.11 37.15 37.07 37.02 37.12 37.13 37.10 37.01 36.90 36.76 36.80 36.82 36.75 36.72 36.73 36.64 36.66 36.63 36.61 36.56 36.47 36.42 36.44 36.54 36.68
40.08 40.05 40.03 39.98 39.84 39.67 39.63 39.54 39.48 39.33 39.35 39.12 38.92 38.97 38.96 38.81 38.90 38.83 38.73 38.60 38.49 38.36 38.09 38.14 37.92 37.70 37.67 37.76 37.79 37.67 37.53 37.26 37.33 37.40 37.25 37.28 37.20 37.20 37.29 37.27 37.24 37.26 37.23 37.19 37.15 37.18 37.19 37.17 37.10 37.11 37.15 37.12 37.19 37.20 37.08 37.08 37.20 37.18 37.09 36.95 36.85 36.78 36.74 36.75 36.77 36.71 36.75 36.73 36.67 36.52 36.50 36.48 36.48 36.59 36.64 36.66 36.69
40.09 40.05 40.03 39.98 39.89 39.77 39.71 39.48 39.51 39.48 39.36 39.16 38.90 38.90 38.74 38.82 38.85 38.80 38.77 38.67 38.57 38.46 38.34 38.20 37.54 37.88 37.66 37.68 37.62 37.63 37.59 37.46 37.39 37.38 37.44 37.36 37.17 37.24 37.32 37.40 37.35 37.30 37.22 37.17 37.11 37.15 37.18 37.24 37.21 37.07 37.10 37.25 37.28 37.26 37.18 37.26 37.26 37.21 37.09 37.03 36.96 36.89 36.84 36.71 36.64 36.66 36.62 36.68 36.62 36.54 36.45 36.36 36.38 36.51 36.56 36.64 36.68
