main/data/temperature/24.07.2023.grid
ncols 886
nrows 691
xllcenter 112.0000
yllcenter -44.5000
cellsize 0.0500
nodata_value 99999.90
[rows 136 to 169 of 691, columns 77 to 153 of 886]
22.84 22.86 22.89 22.91 22.93 22.97 22.99 23.02 23.04 23.07 23.10 23.13 23.15 23.18 23.21 23.25 23.28 23.32 23.35 23.38 23.41 23.45 23.48 23.53 23.56 23.60 23.64 23.67 23.71 23.75 23.80 23.84 23.87 23.91 23.95 23.99 24.03 24.07 24.11 24.16 24.20 24.24 24.28 24.32 24.36 24.40 24.43 24.47 24.51 24.55 24.58 24.62 24.66 24.70 24.73 24.76 24.80 24.83 24.86 24.89 24.92 24.94 24.96 24.99 25.02 25.05 25.07 25.10 25.12 25.14 25.16 25.18 25.21 25.23 25.24 25.27 25.29
22.81 22.83 22.85 22.88 22.90 22.92 22.96 22.98 23.01 23.04 23.06 23.09 23.12 23.15 23.19 23.22 23.25 23.28 23.31 23.35 23.38 23.43 23.46 23.50 23.53 23.57 23.61 23.64 23.69 23.73 23.77 23.81 23.85 23.89 23.93 23.98 24.02 24.06 24.10 24.14 24.18 24.22 24.27 24.31 24.35 24.39 24.42 24.46 24.50 24.54 24.58 24.61 24.66 24.69 24.73 24.76 24.79 24.82 24.86 24.89 24.92 24.95 24.97 25.00 25.02 25.05 25.07 25.09 25.12 25.14 25.17 25.19 25.20 25.23 25.25 25.27 25.29
22.78 22.80 22.82 22.84 22.86 22.89 22.92 22.95 22.97 23.00 23.03 23.06 23.08 23.11 23.15 23.18 23.22 23.25 23.28 23.31 23.36 23.39 23.43 23.46 23.50 23.55 23.58 23.62 23.66 23.70 23.74 23.79 23.83 23.87 23.91 23.95 23.99 24.04 24.08 24.12 24.16 24.20 24.25 24.29 24.34 24.38 24.42 24.45 24.49 24.53 24.57 24.61 24.64 24.69 24.72 24.76 24.79 24.82 24.85 24.88 24.91 24.94 24.97 25.00 25.03 25.05 25.08 25.10 25.13 25.14 25.16 25.19 25.21 25.23 25.25 25.26 25.28
22.74 22.76 22.78 22.80 22.83 22.85 22.88 22.91 22.94 22.96 22.99 23.02 23.05 23.08 23.11 23.15 23.18 23.21 23.25 23.29 23.32 23.35 23.39 23.43 23.47 23.51 23.55 23.59 23.63 23.68 23.72 23.76 23.80 23.84 23.89 23.93 23.97 24.01 24.06 24.11 24.15 24.19 24.23 24.27 24.31 24.37 24.41 24.45 24.48 24.52 24.56 24.60 24.64 24.68 24.72 24.75 24.79 24.82 24.85 24.88 24.91 24.94 24.97 25.00 25.02 25.05 25.08 25.10 25.12 25.15 25.17 25.19 25.21 25.24 25.25 25.27 25.28
22.69 22.72 22.74 22.76 22.79 22.81 22.83 22.86 22.89 22.92 22.95 22.98 23.00 23.04 23.07 23.10 23.14 23.17 23.21 23.24 23.28 23.31 23.36 23.40 23.43 23.47 23.51 23.56 23.60 23.64 23.68 23.72 23.77 23.81 23.86 23.90 23.95 23.99 24.04 24.08 24.12 24.18 24.22 24.26 24.30 24.34 24.38 24.44 24.48 24.51 24.55 24.59 24.64 24.68 24.71 24.75 24.78 24.82 24.85 24.88 24.91 24.95 24.97 25.01 25.03 25.06 25.09 25.11 25.13 25.16 25.18 25.20 25.21 25.23 25.25 25.27 25.29
22.65 22.67 22.70 22.72 22.74 22.77 22.79 22.83 22.85 22.88 22.90 22.93 22.96 23.00 23.03 23.06 23.09 23.13 23.17 23.20 23.24 23.28 23.32 23.36 23.39 23.43 23.48 23.52 23.56 23.61 23.65 23.70 23.74 23.78 23.83 23.88 23.92 23.96 24.02 24.06 24.11 24.15 24.20 24.25 24.29 24.33 24.37 24.41 24.47 24.51 24.55 24.59 24.62 24.67 24.71 24.74 24.78 24.81 24.85 24.89 24.92 24.95 24.98 25.01 25.03 25.06 25.08 25.11 25.13 25.16 25.18 25.20 25.22 25.24 25.26 25.27 25.29
22.60 22.62 22.64 22.68 22.70 22.72 22.74 22.77 22.80 22.83 22.86 22.88 22.92 22.95 22.98 23.01 23.05 23.09 23.12 23.16 23.20 23.24 23.27 23.31 23.36 23.40 23.44 23.48 23.53 23.57 23.62 23.66 23.71 23.75 23.80 23.84 23.90 23.94 23.99 24.04 24.09 24.13 24.18 24.22 24.27 24.32 24.36 24.40 24.46 24.50 24.54 24.58 24.62 24.67 24.70 24.74 24.78 24.82 24.85 24.89 24.92 24.95 24.98 25.01 25.03 25.06 25.09 25.12 25.14 25.16 25.19 25.21 25.23 25.24 25.26 25.28 25.29
22.56 22.58 22.60 22.62 22.65 22.67 22.69 22.72 22.75 22.78 22.80 22.83 22.87 22.90 22.93 22.96 23.00 23.04 23.07 23.11 23.15 23.19 23.23 23.27 23.31 23.35 23.39 23.45 23.49 23.53 23.58 23.63 23.67 23.73 23.77 23.82 23.86 23.92 23.96 24.01 24.06 24.11 24.16 24.20 24.26 24.30 24.35 24.39 24.43 24.49 24.53 24.57 24.61 24.66 24.70 24.74 24.77 24.82 24.85 24.88 24.92 24.95 24.99 25.02 25.04 25.07 25.10 25.12 25.14 25.16 25.20 25.21 25.23 25.24 25.26 25.27 25.30
22.51 22.52 22.54 22.56 22.59 22.62 22.64 22.66 22.70 22.72 22.75 22.79 22.82 22.85 22.88 22.92 22.95 22.98 23.02 23.06 23.10 23.14 23.18 23.22 23.26 23.31 23.36 23.40 23.45 23.50 23.54 23.58 23.64 23.69 23.73 23.79 23.84 23.88 23.94 23.99 24.03 24.08 24.14 24.18 24.23 24.29 24.33 24.38 24.42 24.48 24.52 24.56 24.61 24.65 24.69 24.73 24.78 24.81 24.85 24.88 24.93 24.96 24.99 25.02 25.04 25.07 25.11 25.13 25.15 25.18 25.20 25.22 25.23 25.25 25.26 25.28 25.29
22.45 22.47 22.49 22.51 22.54 22.56 22.58 22.60 22.64 22.66 22.69 22.72 22.76 22.79 22.82 22.86 22.89 22.93 22.97 23.01 23.04 23.09 23.13 23.17 23.22 23.26 23.31 23.36 23.40 23.45 23.50 23.55 23.60 23.64 23.70 23.75 23.80 23.85 23.90 23.95 24.01 24.06 24.12 24.16 24.21 24.26 24.32 24.36 24.41 24.46 24.51 24.55 24.60 24.65 24.69 24.74 24.77 24.81 24.85 24.89 24.93 24.96 24.99 25.02 25.06 25.08 25.11 25.13 25.17 25.19 25.21 25.23 25.24 25.26 25.27 25.29 25.30
22.38 22.41 22.43 22.45 22.47 22.50 22.52 22.54 22.58 22.60 22.63 22.67 22.69 22.72 22.76 22.80 22.83 22.87 22.91 22.95 22.99 23.03 23.07 23.12 23.16 23.21 23.26 23.30 23.35 23.41 23.45 23.50 23.56 23.61 23.66 23.71 23.76 23.82 23.87 23.92 23.98 24.03 24.08 24.14 24.19 24.24 24.30 24.35 24.40 24.45 24.50 24.54 24.60 24.64 24.68 24.73 24.77 24.81 24.86 24.89 24.93 24.96 25.00 25.03 25.06 25.09 25.12 25.15 25.17 25.19 25.21 25.24 25.25 25.27 25.28 25.29 25.30
22.32 22.33 22.36 22.38 22.40 22.43 22.45 22.47 22.51 22.53 22.56 22.60 22.63 22.66 22.70 22.73 22.76 22.81 22.84 22.89 22.93 22.97 23.02 23.06 23.10 23.16 23.20 23.25 23.30 23.35 23.40 23.46 23.51 23.57 23.62 23.67 23.73 23.78 23.84 23.90 23.95 24.01 24.06 24.11 24.17 24.22 24.28 24.33 24.38 24.44 24.49 24.53 24.59 24.63 24.67 24.73 24.77 24.81 24.85 24.89 24.93 24.97 25.00 25.03 25.07 25.10 25.12 25.16 25.18 25.20 25.22 25.24 25.27 25.28 25.29 25.30 25.31
22.25 22.26 22.29 22.31 22.33 22.36 22.38 22.40 22.44 22.46 22.49 22.53 22.55 22.58 22.63 22.66 22.70 22.74 22.77 22.82 22.86 22.91 22.95 23.00 23.05 23.09 23.14 23.20 23.25 23.30 23.35 23.40 23.46 23.52 23.58 23.63 23.68 23.75 23.80 23.86 23.92 23.97 24.03 24.09 24.15 24.20 24.25 24.31 24.37 24.42 24.47 24.52 24.58 24.62 24.67 24.72 24.76 24.81 24.85 24.89 24.94 24.97 25.00 25.05 25.08 25.10 25.14 25.16 25.19 25.22 25.24 25.25 25.27 25.29 25.31 25.32 25.32
22.18 22.19 22.21 22.23 22.25 22.28 22.30 22.33 22.36 22.38 22.41 22.45 22.48 22.52 22.55 22.58 22.63 22.66 22.71 22.75 22.79 22.84 22.88 22.94 22.98 23.03 23.08 23.13 23.19 23.24 23.30 23.36 23.41 23.47 23.53 23.59 23.64 23.70 23.76 23.82 23.89 23.94 24.01 24.06 24.12 24.18 24.23 24.30 24.35 24.41 24.46 24.51 24.57 24.62 24.67 24.72 24.76 24.81 24.85 24.90 24.94 24.97 25.02 25.05 25.09 25.12 25.14 25.18 25.20 25.22 25.25 25.27 25.28 25.30 25.32 25.33 25.34
22.10 22.11 22.13 22.15 22.17 22.20 22.22 22.24 22.28 22.30 22.33 22.37 22.39 22.44 22.47 22.51 22.55 22.58 22.63 22.67 22.72 22.76 22.82 22.86 22.91 22.97 23.01 23.07 23.12 23.19 23.24 23.29 23.36 23.41 23.48 23.54 23.60 23.66 23.73 23.78 23.84 23.91 23.97 24.03 24.09 24.16 24.21 24.28 24.33 24.39 24.45 24.50 24.56 24.61 24.66 24.71 24.77 24.81 24.86 24.90 24.94 24.99 25.02 25.06 25.09 25.12 25.16 25.19 25.22 25.24 25.26 25.29 25.30 25.31 25.33 25.34 25.35
22.01 22.03 22.04 22.07 22.09 22.11 22.13 22.16 22.19 22.21 22.25 22.28 22.31 22.35 22.38 22.42 22.46 22.51 22.55 22.60 22.64 22.68 22.74 22.78 22.84 22.89 22.95 23.00 23.06 23.12 23.17 23.24 23.29 23.36 23.42 23.49 23.55 23.62 23.68 23.75 23.80 23.87 23.93 24.00 24.06 24.12 24.19 24.25 24.31 24.37 24.43 24.49 24.55 24.60 24.66 24.71 24.76 24.81 24.86 24.90 24.95 24.99 25.04 25.07 25.11 25.14 25.17 25.21 25.23 25.26 25.28 25.29 25.32 25.33 25.34 25.36 25.37
21.92 21.94 21.95 21.98 21.99 22.01 22.04 22.06 22.10 22.12 22.16 22.18 22.21 22.25 22.30 22.33 22.37 22.42 22.46 22.51 22.55 22.60 22.65 22.71 22.76 22.82 22.87 22.92 22.99 23.05 23.11 23.17 23.24 23.30 23.37 23.43 23.50 23.56 23.63 23.69 23.77 23.83 23.90 23.96 24.03 24.09 24.16 24.22 24.29 24.35 24.42 24.47 24.54 24.59 24.65 24.70 24.76 24.80 24.86 24.91 24.95 24.99 25.04 25.08 25.12 25.16 25.19 25.21 25.25 25.27 25.30 25.31 25.34 25.35 25.36 25.38 25.38
21.82 21.84 21.86 21.88 21.90 21.91 21.94 21.96 22.00 22.02 22.06 22.09 22.13 22.16 22.20 22.24 22.29 22.33 22.38 22.42 22.46 22.52 22.58 22.62 22.68 22.74 22.80 22.86 22.92 22.98 23.04 23.11 23.17 23.24 23.30 23.37 23.45 23.51 23.58 23.65 23.72 23.79 23.86 23.93 24.00 24.06 24.14 24.20 24.27 24.33 24.40 24.46 24.52 24.58 24.64 24.71 24.76 24.81 24.86 24.92 24.96 25.01 25.05 25.10 25.14 25.17 25.21 25.24 25.26 25.29 25.31 25.33 25.35 25.37 25.38 25.40 25.41
21.72 21.75 21.76 21.78 21.80 21.82 21.85 21.88 21.91 21.94 21.98 22.01 22.06 22.09 22.14 22.18 22.23 22.27 22.32 22.36 22.42 22.46 22.52 22.57 22.63 22.68 22.74 22.80 22.86 22.93 22.99 23.05 23.12 23.19 23.25 23.33 23.39 23.47 23.53 23.61 23.68 23.75 23.82 23.90 23.96 24.04 24.11 24.18 24.25 24.31 24.39 24.45 24.52 24.58 24.64 24.71 24.76 24.82 24.88 24.92 24.98 25.02 25.07 25.11 25.15 25.19 25.22 25.26 25.28 25.31 25.33 25.36 25.37 25.39 25.40 25.42 25.43
21.64 21.66 21.69 21.71 21.75 21.77 21.81 21.83 21.87 21.90 21.94 21.98 22.02 22.07 22.10 22.14 22.19 22.24 22.28 22.34 22.38 22.44 22.49 22.55 22.60 22.66 22.71 22.78 22.83 22.90 22.96 23.03 23.10 23.16 23.24 23.30 23.37 23.44 23.52 23.59 23.66 23.74 23.81 23.88 23.95 24.03 24.10 24.17 24.25 24.31 24.38 24.45 24.52 24.59 24.64 24.71 24.77 24.83 24.89 24.93 24.99 25.04 25.08 25.13 25.16 25.20 25.24 25.27 25.30 25.32 25.35 25.38 25.39 25.41 25.43 25.45 25.46
21.61 21.63 21.66 21.68 21.71 21.74 21.78 21.80 21.84 21.88 21.91 21.95 21.99 22.03 22.07 22.12 22.16 22.21 22.25 22.31 22.36 22.41 22.47 22.52 22.58 22.63 22.69 22.75 22.82 22.88 22.94 23.01 23.08 23.15 23.21 23.29 23.35 23.43 23.51 23.57 23.65 23.72 23.80 23.88 23.94 24.02 24.09 24.17 24.24 24.31 24.38 24.45 24.52 24.59 24.65 24.72 24.78 24.83 24.89 24.95 25.00 25.05 25.10 25.14 25.18 25.23 25.26 25.29 25.32 25.35 25.38 25.39 25.42 25.43 25.45 25.47 25.48
21.57 21.59 21.63 21.65 21.68 21.71 21.74 21.78 21.81 21.85 21.88 21.92 21.95 22.00 22.04 22.08 22.12 22.17 22.23 22.27 22.33 22.37 22.43 22.49 22.55 22.61 22.66 22.73 22.79 22.86 22.93 22.99 23.06 23.12 23.20 23.26 23.34 23.42 23.49 23.56 23.64 23.71 23.79 23.86 23.94 24.02 24.09 24.17 24.24 24.31 24.39 24.45 24.52 24.59 24.65 24.72 24.79 24.85 24.90 24.96 25.02 25.06 25.11 25.16 25.20 25.24 25.28 25.31 25.34 25.38 25.39 25.42 25.45 25.46 25.48 25.50 25.51
21.54 21.56 21.59 21.61 21.65 21.67 21.71 21.74 21.77 21.81 21.84 21.88 21.92 21.96 22.01 22.05 22.10 22.14 22.19 22.24 22.29 22.35 22.40 22.46 22.52 22.58 22.64 22.70 22.77 22.83 22.90 22.97 23.03 23.11 23.17 23.25 23.33 23.40 23.48 23.55 23.62 23.70 23.77 23.86 23.94 24.01 24.09 24.16 24.24 24.31 24.39 24.45 24.53 24.60 24.67 24.73 24.79 24.86 24.92 24.97 25.03 25.08 25.13 25.18 25.22 25.27 25.30 25.34 25.37 25.39 25.42 25.45 25.46 25.49 25.51 25.53 25.54
21.50 21.52 21.55 21.58 21.61 21.63 21.67 21.70 21.73 21.77 21.80 21.84 21.89 21.92 21.97 22.01 22.06 22.11 22.15 22.21 22.26 22.31 22.37 22.42 22.49 22.54 22.61 22.68 22.74 22.81 22.88 22.94 23.02 23.09 23.16 23.24 23.30 23.38 23.46 23.53 23.61 23.70 23.77 23.85 23.93 24.00 24.08 24.16 24.23 24.31 24.39 24.46 24.53 24.60 24.68 24.75 24.80 24.87 24.93 24.98 25.04 25.10 25.15 25.20 25.24 25.28 25.32 25.36 25.39 25.42 25.45 25.48 25.49 25.52 25.54 25.55 25.57
21.46 21.49 21.52 21.54 21.57 21.59 21.63 21.66 21.69 21.73 21.76 21.81 21.85 21.88 21.93 21.98 22.02 22.07 22.13 22.17 22.23 22.29 22.34 22.40 22.45 22.52 22.59 22.64 22.71 22.77 22.85 22.92 22.99 23.06 23.14 23.21 23.29 23.37 23.44 23.52 23.60 23.68 23.76 23.84 23.92 24.00 24.08 24.16 24.23 24.31 24.39 24.46 24.53 24.61 24.68 24.75 24.81 24.88 24.94 25.00 25.05 25.11 25.17 25.22 25.26 25.30 25.34 25.38 25.42 25.45 25.48 25.50 25.52 25.55 25.57 25.58 25.60
21.42 21.45 21.48 21.50 21.53 21.57 21.59 21.63 21.66 21.70 21.75 21.78 21.83 21.87 21.91 21.96 22.01 22.06 22.11 22.16 22.21 22.27 22.32 22.38 22.44 22.50 22.56 22.63 22.69 22.76 22.83 22.89 22.97 23.05 23.12 23.20 23.28 23.35 23.43 23.51 23.58 23.67 23.75 23.84 23.91 23.99 24.08 24.15 24.23 24.31 24.39 24.46 24.54 24.61 24.69 24.76 24.82 24.89 24.95 25.02 25.08 25.14 25.18 25.23 25.28 25.33 25.37 25.41 25.44 25.47 25.50 25.52 25.55 25.57 25.60 25.61 25.63
21.39 21.43 21.45 21.49 21.52 21.55 21.59 21.63 21.67 21.70 21.75 21.79 21.83 21.87 21.92 21.96 22.01 22.06 22.11 22.16 22.22 22.27 22.33 22.39 22.44 22.50 22.57 22.63 22.69 22.76 22.82 22.90 22.97 23.04 23.11 23.19 23.26 23.34 23.42 23.50 23.58 23.66 23.75 23.82 23.91 23.99 24.07 24.15 24.23 24.31 24.40 24.48 24.54 24.62 24.70 24.77 24.84 24.91 24.97 25.03 25.09 25.15 25.20 25.26 25.30 25.34 25.38 25.42 25.46 25.49 25.52 25.55 25.58 25.60 25.62 25.64 25.66
21.39 21.43 21.45 21.49 21.53 21.56 21.59 21.63 21.67 21.71 21.75 21.79 21.83 21.88 21.92 21.96 22.01 22.07 22.12 22.16 22.22 22.28 22.33 22.39 22.45 22.50 22.57 22.63 22.70 22.76 22.83 22.89 22.97 23.04 23.12 23.19 23.27 23.35 23.42 23.50 23.58 23.66 23.74 23.82 23.91 23.99 24.07 24.15 24.23 24.32 24.40 24.48 24.55 24.63 24.70 24.78 24.85 24.92 24.98 25.04 25.10 25.16 25.21 25.27 25.32 25.36 25.41 25.45 25.48 25.52 25.55 25.58 25.61 25.62 25.65 25.67 25.69
21.40 21.43 21.46 21.49 21.53 21.57 21.60 21.64 21.68 21.71 21.75 21.80 21.84 21.88 21.93 21.97 22.03 22.07 22.12 22.17 22.22 22.28 22.34 22.39 22.45 22.51 22.58 22.63 22.70 22.77 22.83 22.90 22.98 23.05 23.12 23.19 23.27 23.34 23.42 23.50 23.59 23.66 23.74 23.83 23.91 23.99 24.07 24.15 24.24 24.32 24.40 24.47 24.55 24.63 24.71 24.78 24.85 24.92 24.99 25.06 25.12 25.18 25.22 25.29 25.33 25.38 25.42 25.46 25.50 25.54 25.57 25.60 25.63 25.65 25.68 25.70 25.72
21.40 21.44 21.46 21.50 21.53 21.57 21.61 21.64 21.68 21.72 21.76 21.80 21.84 21.89 21.93 21.98 22.03 22.08 22.12 22.18 22.23 22.29 22.34 22.40 22.46 22.51 22.58 22.64 22.71 22.77 22.84 22.91 22.97 23.05 23.12 23.20 23.27 23.35 23.43 23.51 23.58 23.66 23.75 23.83 23.90 23.99 24.07 24.16 24.24 24.32 24.40 24.48 24.56 24.63 24.71 24.79 24.86 24.93 25.00 25.06 25.13 25.19 25.24 25.30 25.35 25.40 25.44 25.49 25.53 25.56 25.60 25.63 25.66 25.68 25.71 25.73 25.75
21.41 21.44 21.47 21.50 21.54 21.58 21.61 21.64 21.68 21.73 21.77 21.80 21.85 21.89 21.94 21.99 22.03 22.08 22.13 22.19 22.23 22.29 22.35 22.40 22.46 22.52 22.59 22.64 22.71 22.78 22.85 22.91 22.98 23.05 23.12 23.20 23.27 23.35 23.43 23.50 23.59 23.67 23.75 23.83 23.91 23.99 24.08 24.16 24.24 24.33 24.40 24.48 24.56 24.64 24.72 24.79 24.86 24.94 25.00 25.07 25.13 25.20 25.25 25.31 25.36 25.41 25.46 25.50 25.54 25.59 25.62 25.66 25.69 25.71 25.74 25.76 25.78
21.41 21.45 21.48 21.51 21.54 21.58 21.62 21.66 21.69 21.73 21.77 21.82 21.86 21.90 21.94 21.99 22.04 22.08 22.14 22.19 22.24 22.29 22.35 22.41 22.47 22.52 22.59 22.65 22.72 22.78 22.85 22.92 22.99 23.05 23.13 23.20 23.28 23.36 23.43 23.51 23.59 23.67 23.75 23.83 23.91 24.00 24.08 24.16 24.24 24.32 24.40 24.48 24.56 24.64 24.72 24.80 24.87 24.94 25.01 25.08 25.14 25.20 25.26 25.33 25.38 25.43 25.48 25.52 25.57 25.60 25.64 25.67 25.70 25.74 25.77 25.79 25.82
21.42 21.45 21.49 21.51 21.55 21.59 21.62 21.66 21.70 21.73 21.78 21.82 21.86 21.91 21.95 22.00 22.05 22.10 22.15 22.19 22.25 22.30 22.36 22.42 22.47 22.53 22.60 22.65 22.72 22.78 22.85 22.92 22.99 23.06 23.13 23.21 23.28 23.36 23.44 23.52 23.60 23.67 23.75 23.83 23.92 24.00 24.09 24.17 24.24 24.32 24.41 24.49 24.57 24.65 24.73 24.80 24.88 24.95 25.02 25.09 25.15 25.21 25.28 25.34 25.39 25.44 25.49 25.54 25.59 25.63 25.67 25.70 25.73 25.76 25.80 25.82 25.85
21.43 21.46 21.49 21.52 21.55 21.59 21.63 21.67 21.71 21.75 21.78 21.82 21.87 21.91 21.96 22.01 22.05 22.10 22.15 22.20 22.26 22.30 22.36 22.42 22.48 22.54 22.60 22.66 22.73 22.79 22.85 22.92 23.00 23.07 23.14 23.21 23.29 23.36 23.44 23.51 23.59 23.67 23.76 23.84 23.92 24.00 24.08 24.16 24.25 24.33 24.41 24.49 24.57 24.65 24.73 24.81 24.88 24.95 25.02 25.09 25.17 25.23 25.29 25.35 25.40 25.46 25.51 25.56 25.60 25.64 25.68 25.73 25.76 25.79 25.82 25.84 25.88
