main/data/temperature/24.05.2023.grid
ncols 886
nrows 691
xllcenter 112.0000
yllcenter -44.5000
cellsize 0.0500
nodata_value 99999.90
[rows 136 to 169 of 691, columns 539 to 615 of 886]
27.19 27.07 26.94 26.83 26.73 26.65 26.59 26.55 26.52 26.49 26.46 26.43 26.41 26.39 26.37 26.35 26.34 26.32 26.32 26.32 26.32 26.32 26.34 26.37 26.48 26.75 27.07 27.36 27.63 27.89 28.12 28.34 28.53 28.70 28.86 28.99 29.12 29.24 29.34 29.43 29.53 29.60 29.68 29.75 29.82 29.88 29.93 29.98 30.02 30.04 30.07 30.11 30.13 30.14 30.16 30.20 30.21 30.23 30.23 30.25 30.24 30.27 30.26 30.24 30.21 30.20 30.16 30.13 30.11 30.10 30.04 30.04 30.00 29.96 29.90 29.83 29.80
27.22 27.10 26.98 26.87 26.78 26.70 26.64 26.58 26.55 26.52 26.48 26.45 26.43 26.40 26.39 26.38 26.36 26.35 26.35 26.35 26.36 26.37 26.39 26.42 26.50 26.70 27.01 27.32 27.61 27.88 28.12 28.34 28.54 28.72 28.89 29.02 29.16 29.28 29.38 29.48 29.56 29.65 29.72 29.77 29.86 29.91 29.97 30.02 30.06 30.09 30.11 30.13 30.15 30.16 30.21 30.21 30.22 30.24 30.22 30.25 30.26 30.26 30.24 30.24 30.23 30.21 30.15 30.16 30.12 30.09 30.07 30.03 29.99 29.94 29.88 29.85 29.81
27.24 27.15 27.04 26.93 26.84 26.76 26.70 26.64 26.59 26.55 26.52 26.49 26.47 26.45 26.43 26.42 26.41 26.40 26.41 26.41 26.42 26.44 26.47 26.50 26.55 26.69 26.98 27.30 27.60 27.88 28.13 28.36 28.57 28.75 28.92 29.06 29.20 29.32 29.42 29.53 29.61 29.70 29.78 29.83 29.90 29.95 30.00 30.05 30.10 30.14 30.15 30.16 30.20 30.19 30.22 30.24 30.26 30.25 30.24 30.26 30.26 30.26 30.26 30.23 30.22 30.22 30.19 30.14 30.13 30.11 30.08 30.02 30.00 29.95 29.92 29.85 29.80
27.30 27.18 27.09 27.00 26.91 26.83 26.77 26.71 26.66 26.62 26.59 26.55 26.53 26.51 26.50 26.49 26.48 26.49 26.49 26.50 26.51 26.53 26.56 26.61 26.66 26.76 27.00 27.31 27.62 27.89 28.15 28.39 28.60 28.79 28.96 29.11 29.25 29.36 29.48 29.58 29.67 29.75 29.81 29.87 29.93 30.00 30.03 30.11 30.13 30.17 30.18 30.22 30.22 30.22 30.26 30.28 30.30 30.29 30.29 30.27 30.28 30.22 30.24 30.28 30.25 30.24 30.20 30.17 30.15 30.12 30.08 30.03 30.01 29.96 29.91 29.88 29.81
27.30 27.20 27.16 27.08 26.99 26.91 26.85 26.79 26.75 26.70 26.67 26.64 26.62 26.61 26.60 26.58 26.58 26.59 26.59 26.61 26.63 26.65 26.69 26.73 26.80 26.88 27.05 27.35 27.66 27.94 28.20 28.44 28.65 28.84 29.02 29.16 29.31 29.42 29.54 29.64 29.74 29.81 29.88 29.93 29.97 30.04 30.09 30.11 30.16 30.20 30.18 30.18 30.25 30.25 30.27 30.29 30.30 30.30 30.30 30.30 30.29 30.30 30.24 30.29 30.28 30.26 30.21 30.18 30.15 30.13 30.10 30.05 30.02 29.98 29.95 29.87 29.80
27.34 27.19 27.22 27.13 27.09 27.02 26.96 26.90 26.86 26.82 26.79 26.74 26.75 26.73 26.72 26.72 26.71 26.72 26.73 26.74 26.77 26.80 26.84 26.88 26.95 27.04 27.17 27.43 27.73 28.01 28.26 28.50 28.72 28.90 29.08 29.23 29.37 29.49 29.61 29.71 29.80 29.88 29.92 29.99 30.07 30.10 30.15 30.18 30.20 30.20 30.23 30.26 30.28 30.32 30.32 30.32 30.32 30.32 30.33 30.31 30.32 30.28 30.32 30.30 30.29 30.28 30.24 30.20 30.20 30.17 30.12 30.07 30.04 29.98 29.93 29.88 29.80
27.41 27.28 27.35 27.20 27.21 27.14 27.08 27.04 26.99 26.95 26.93 26.89 26.89 26.88 26.87 26.87 26.88 26.88 26.89 26.91 26.93 26.97 27.00 27.06 27.12 27.22 27.34 27.54 27.83 28.10 28.35 28.58 28.79 28.98 29.15 29.30 29.44 29.56 29.67 29.78 29.87 29.94 30.03 30.07 30.12 30.16 30.20 30.23 30.25 30.26 30.28 30.31 30.34 30.34 30.36 30.35 30.34 30.35 30.34 30.33 30.34 30.33 30.33 30.32 30.31 30.28 30.27 30.24 30.20 30.19 30.15 30.11 30.04 29.99 29.94 29.89 29.84
27.57 27.47 27.41 27.39 27.35 27.29 27.23 27.20 27.15 27.12 27.09 27.08 27.07 27.05 27.05 27.05 27.06 27.07 27.08 27.10 27.13 27.16 27.20 27.26 27.33 27.42 27.54 27.70 27.95 28.21 28.45 28.68 28.88 29.07 29.23 29.38 29.52 29.64 29.75 29.86 29.95 29.99 30.09 30.16 30.20 30.25 30.30 30.33 30.35 30.33 30.35 30.36 30.35 30.37 30.37 30.39 30.39 30.36 30.36 30.36 30.35 30.33 30.36 30.34 30.34 30.30 30.29 30.27 30.25 30.22 30.19 30.13 30.08 30.03 30.00 29.94 29.92
27.68 27.58 27.59 27.51 27.51 27.47 27.42 27.37 27.34 27.32 27.30 27.29 27.28 27.27 27.26 27.27 27.27 27.28 27.30 27.32 27.35 27.38 27.42 27.48 27.55 27.64 27.76 27.90 28.11 28.36 28.58 28.79 28.99 29.17 29.33 29.47 29.61 29.73 29.83 29.93 29.99 30.10 30.16 30.23 30.26 30.29 30.33 30.36 30.36 30.37 30.39 30.40 30.42 30.41 30.39 30.39 30.39 30.41 30.40 30.37 30.37 30.36 30.37 30.37 30.36 30.33 30.33 30.31 30.28 30.23 30.18 30.13 30.11 30.09 30.05 29.99 29.97
27.82 27.78 27.73 27.71 27.68 27.66 27.63 27.59 27.57 27.55 27.53 27.51 27.50 27.50 27.50 27.51 27.51 27.52 27.54 27.56 27.58 27.62 27.67 27.72 27.79 27.88 27.99 28.13 28.30 28.51 28.72 28.92 29.11 29.27 29.43 29.56 29.70 29.81 29.90 29.99 30.07 30.12 30.18 30.26 30.28 30.31 30.35 30.40 30.43 30.44 30.43 30.44 30.46 30.43 30.43 30.42 30.41 30.42 30.42 30.43 30.41 30.39 30.40 30.39 30.37 30.37 30.35 30.34 30.30 30.29 30.20 30.16 30.11 30.10 30.07 30.01 29.96
28.01 27.98 27.94 27.90 27.88 27.89 27.87 27.84 27.81 27.79 27.78 27.77 27.76 27.76 27.76 27.76 27.77 27.79 27.80 27.82 27.85 27.88 27.93 27.98 28.04 28.13 28.24 28.36 28.52 28.69 28.88 29.06 29.23 29.39 29.53 29.66 29.78 29.88 29.97 30.05 30.11 30.15 30.22 30.27 30.34 30.40 30.43 30.46 30.48 30.48 30.50 30.49 30.52 30.48 30.48 30.49 30.46 30.47 30.46 30.45 30.43 30.42 30.41 30.41 30.39 30.39 30.35 30.35 30.31 30.29 30.22 30.20 30.14 30.10 30.08 30.05 30.01
28.22 28.21 28.17 28.17 28.14 28.12 28.11 28.10 28.07 28.06 28.05 28.05 28.04 28.04 28.04 28.05 28.06 28.07 28.09 28.10 28.13 28.16 28.20 28.25 28.31 28.38 28.49 28.60 28.73 28.88 29.05 29.21 29.36 29.50 29.63 29.74 29.85 29.94 30.02 30.10 30.15 30.23 30.23 30.28 30.34 30.40 30.48 30.50 30.50 30.52 30.54 30.57 30.55 30.55 30.54 30.51 30.52 30.50 30.47 30.46 30.46 30.44 30.45 30.42 30.40 30.38 30.38 30.37 30.33 30.31 30.28 30.23 30.20 30.16 30.09 30.05 30.01
28.47 28.45 28.41 28.40 28.40 28.39 28.39 28.36 28.36 28.34 28.35 28.35 28.34 28.34 28.34 28.35 28.35 28.37 28.38 28.39 28.42 28.44 28.49 28.53 28.58 28.65 28.74 28.84 28.96 29.09 29.23 29.36 29.49 29.61 29.72 29.82 29.91 30.00 30.07 30.14 30.18 30.27 30.33 30.38 30.38 30.42 30.47 30.51 30.53 30.56 30.60 30.62 30.60 30.59 30.57 30.54 30.55 30.54 30.51 30.49 30.48 30.45 30.46 30.44 30.43 30.40 30.39 30.39 30.36 30.32 30.30 30.24 30.21 30.19 30.13 30.05 30.03
28.70 28.65 28.68 28.66 28.67 28.66 28.67 28.67 28.65 28.65 28.64 28.64 28.65 28.65 28.65 28.65 28.67 28.67 28.68 28.70 28.71 28.74 28.77 28.81 28.85 28.91 28.99 29.07 29.18 29.28 29.39 29.51 29.61 29.72 29.81 29.90 29.98 30.06 30.10 30.18 30.23 30.29 30.34 30.43 30.46 30.51 30.54 30.55 30.60 30.59 30.63 30.65 30.66 30.64 30.62 30.59 30.59 30.56 30.54 30.53 30.52 30.50 30.48 30.47 30.45 30.43 30.41 30.41 30.39 30.33 30.32 30.30 30.22 30.20 30.13 30.09 30.04
28.93 28.94 28.93 28.92 28.93 28.94 28.94 28.96 28.96 28.95 28.95 28.96 28.96 28.97 28.97 28.97 28.98 28.99 28.99 29.00 29.02 29.04 29.07 29.10 29.14 29.17 29.24 29.30 29.38 29.47 29.55 29.64 29.74 29.81 29.90 29.97 30.03 30.10 30.14 30.23 30.30 30.33 30.41 30.44 30.49 30.51 30.55 30.59 30.60 30.62 30.65 30.66 30.69 30.67 30.66 30.64 30.63 30.60 30.57 30.54 30.52 30.55 30.50 30.49 30.48 30.44 30.42 30.43 30.41 30.38 30.30 30.28 30.25 30.18 30.14 30.13 30.10
29.24 29.22 29.23 29.23 29.23 29.21 29.24 29.24 29.26 29.28 29.28 29.26 29.28 29.24 29.28 29.29 29.29 29.30 29.30 29.31 29.32 29.34 29.35 29.38 29.41 29.43 29.47 29.52 29.58 29.64 29.70 29.77 29.84 29.91 29.98 30.02 30.09 30.16 30.20 30.27 30.33 30.39 30.44 30.49 30.52 30.56 30.58 30.61 30.63 30.66 30.67 30.71 30.72 30.71 30.69 30.68 30.65 30.62 30.59 30.57 30.56 30.58 30.53 30.51 30.50 30.48 30.48 30.46 30.42 30.39 30.37 30.33 30.27 30.24 30.20 30.14 30.08
29.47 29.49 29.49 29.49 29.50 29.52 29.53 29.54 29.57 29.57 29.56 29.59 29.57 29.58 29.58 29.56 29.60 29.60 29.61 29.61 29.61 29.62 29.64 29.65 29.67 29.68 29.71 29.73 29.77 29.80 29.84 29.89 29.94 30.00 30.03 30.08 30.14 30.18 30.19 30.33 30.37 30.42 30.49 30.52 30.56 30.59 30.62 30.65 30.67 30.70 30.71 30.74 30.74 30.76 30.72 30.70 30.67 30.66 30.64 30.63 30.61 30.61 30.59 30.56 30.54 30.49 30.46 30.46 30.44 30.41 30.41 30.37 30.32 30.28 30.24 30.21 30.15
29.74 29.75 29.74 29.75 29.76 29.77 29.79 29.82 29.84 29.87 29.88 29.88 29.88 29.85 29.88 29.89 29.88 29.89 29.89 29.90 29.90 29.91 29.91 29.92 29.92 29.92 29.92 29.93 29.94 29.95 29.96 29.99 30.01 30.06 30.09 30.11 30.18 30.25 30.17 30.25 30.39 30.44 30.53 30.57 30.60 30.62 30.66 30.68 30.71 30.73 30.74 30.77 30.78 30.80 30.77 30.75 30.72 30.71 30.67 30.65 30.62 30.61 30.62 30.59 30.54 30.53 30.51 30.48 30.48 30.44 30.45 30.43 30.42 30.39 30.38 30.27 30.28
29.92 29.97 29.98 30.00 30.00 30.02 30.02 30.09 30.13 30.14 30.17 30.16 30.16 30.15 30.17 30.12 30.16 30.16 30.15 30.16 30.16 30.17 30.17 30.17 30.16 30.14 30.13 30.11 30.08 30.06 30.08 30.08 30.08 30.11 30.16 30.17 30.20 30.28 30.27 30.31 30.42 30.46 30.50 30.61 30.65 30.64 30.67 30.70 30.74 30.74 30.78 30.78 30.79 30.80 30.78 30.79 30.76 30.74 30.73 30.69 30.66 30.65 30.62 30.63 30.59 30.57 30.54 30.49 30.50 30.46 30.45 30.48 30.44 30.40 30.38 30.33 30.25
30.13 30.15 30.17 30.20 30.22 30.25 30.27 30.31 30.31 30.38 30.40 30.41 30.43 30.44 30.44 30.39 30.41 30.42 30.39 30.38 30.39 30.41 30.40 30.39 30.37 30.35 30.31 30.27 30.22 30.18 30.18 30.14 30.15 30.16 30.21 30.23 30.26 30.33 30.34 30.36 30.46 30.43 30.48 30.64 30.65 30.66 30.69 30.73 30.76 30.79 30.80 30.83 30.82 30.84 30.81 30.81 30.79 30.76 30.73 30.71 30.69 30.68 30.63 30.60 30.61 30.59 30.56 30.51 30.51 30.47 30.48 30.45 30.45 30.47 30.45 30.41 30.37
30.26 30.31 30.34 30.39 30.41 30.44 30.48 30.52 30.56 30.59 30.63 30.65 30.65 30.64 30.68 30.62 30.63 30.62 30.60 30.55 30.61 30.59 30.59 30.58 30.55 30.51 30.48 30.43 30.33 30.29 30.27 30.24 30.23 30.21 30.24 30.26 30.28 30.33 30.38 30.38 30.40 30.45 30.51 30.64 30.66 30.69 30.72 30.75 30.77 30.79 30.83 30.83 30.85 30.83 30.83 30.82 30.77 30.77 30.74 30.72 30.72 30.70 30.65 30.64 30.63 30.63 30.57 30.55 30.52 30.53 30.49 30.49 30.49 30.48 30.48 30.47 30.45
30.38 30.45 30.49 30.53 30.57 30.62 30.67 30.71 30.75 30.80 30.84 30.81 30.82 30.87 30.86 30.79 30.88 30.83 30.77 30.78 30.72 30.72 30.77 30.73 30.70 30.70 30.64 30.56 30.43 30.40 30.34 30.29 30.27 30.27 30.27 30.33 30.35 30.37 30.40 30.41 30.41 30.43 30.54 30.59 30.71 30.71 30.73 30.77 30.80 30.82 30.84 30.87 30.90 30.88 30.86 30.83 30.80 30.79 30.77 30.74 30.72 30.71 30.70 30.67 30.65 30.64 30.60 30.56 30.55 30.53 30.51 30.49 30.52 30.50 30.50 30.49 30.48
30.47 30.53 30.59 30.68 30.75 30.82 30.86 30.88 30.92 30.97 31.03 31.05 30.98 31.01 31.05 31.06 31.06 31.04 31.00 30.98 30.96 30.93 30.89 30.85 30.86 30.84 30.74 30.64 30.48 30.47 30.43 30.39 30.34 30.32 30.33 30.36 30.37 30.41 30.43 30.37 30.43 30.41 30.56 30.71 30.72 30.75 30.75 30.80 30.84 30.84 30.88 30.89 30.92 30.91 30.87 30.85 30.83 30.80 30.78 30.76 30.74 30.71 30.71 30.70 30.68 30.68 30.64 30.61 30.61 30.58 30.54 30.51 30.51 30.53 30.48 30.51 30.55
30.52 30.64 30.75 30.83 30.87 30.92 30.97 31.01 31.05 31.10 31.15 31.14 31.15 31.14 31.18 31.19 31.18 31.24 31.21 31.21 31.12 31.09 31.05 31.05 31.02 30.95 30.77 30.65 30.53 30.50 30.45 30.35 30.40 30.37 30.36 30.38 30.42 30.43 30.47 30.30 30.36 30.53 30.57 30.69 30.76 30.78 30.81 30.83 30.86 30.89 30.90 30.94 30.93 30.91 30.89 30.88 30.83 30.79 30.78 30.77 30.75 30.74 30.71 30.73 30.72 30.70 30.69 30.64 30.62 30.61 30.61 30.54 30.47 30.49 30.53 30.54 30.58
30.57 30.64 30.75 30.84 30.93 30.99 31.06 31.08 31.17 31.20 31.25 31.25 31.26 31.29 31.34 31.34 31.36 31.37 31.36 31.34 31.31 31.19 31.13 31.16 31.05 30.96 30.82 30.65 30.59 30.51 30.36 30.35 30.38 30.40 30.40 30.41 30.43 30.45 30.50 30.47 30.52 30.62 30.65 30.72 30.78 30.80 30.81 30.85 30.91 30.91 30.95 30.94 30.94 30.92 30.91 30.87 30.84 30.83 30.80 30.80 30.77 30.72 30.74 30.73 30.73 30.72 30.73 30.45 30.51 30.63 30.45 30.43 30.31 30.34 30.60 30.53 30.51
30.49 30.62 30.72 30.82 30.95 31.03 31.09 31.17 31.23 31.28 31.32 31.35 31.38 31.40 31.43 31.47 31.49 31.49 31.48 31.46 31.44 31.40 31.16 30.98 30.91 30.93 30.76 30.60 30.54 30.47 30.37 30.39 30.36 30.41 30.41 30.42 30.46 30.47 30.52 30.51 30.56 30.63 30.67 30.75 30.79 30.81 30.84 30.88 30.91 30.92 30.94 30.92 30.93 30.90 30.89 30.89 30.87 30.86 30.83 30.83 30.82 30.83 30.79 30.77 30.76 30.72 30.57 30.61 30.45 29.93 30.39 30.00 30.19 30.21 30.47 30.63 30.59
30.43 30.54 30.68 30.83 30.90 30.99 31.08 31.19 31.23 31.33 31.36 31.42 31.46 31.50 31.53 31.56 31.57 31.60 31.63 31.58 31.55 31.48 31.24 31.03 30.99 30.77 30.64 30.55 30.50 30.41 30.31 30.36 30.36 30.39 30.41 30.43 30.46 30.49 30.53 30.54 30.59 30.65 30.71 30.78 30.78 30.82 30.86 30.89 30.91 30.92 30.94 30.93 30.92 30.90 30.89 30.90 30.89 30.90 30.86 30.85 30.85 30.85 30.84 30.82 30.79 30.72 30.54 30.19 30.14 30.52 30.16 30.30 30.19 30.20 30.56 30.66 30.65
30.29 30.49 30.63 30.73 30.85 30.93 31.06 31.15 31.23 31.32 31.38 31.43 31.50 31.56 31.58 31.62 31.63 31.65 31.72 31.67 31.60 31.43 31.21 30.92 30.81 30.69 30.54 30.44 30.34 30.22 30.22 30.27 30.35 30.36 30.38 30.41 30.44 30.49 30.55 30.55 30.59 30.65 30.71 30.77 30.81 30.84 30.86 30.89 30.89 30.90 30.90 30.90 30.90 30.90 30.89 30.88 30.89 30.91 30.89 30.86 30.86 30.88 30.86 30.89 30.86 30.76 30.56 30.29 30.27 30.44 30.39 30.20 30.32 30.49 30.32 30.63 30.69
30.22 30.36 30.46 30.61 30.74 30.84 30.96 31.08 31.19 31.27 31.37 31.43 31.51 31.58 31.61 31.65 31.67 31.71 31.73 31.67 31.49 31.28 31.03 30.83 30.63 30.49 30.45 30.35 30.33 30.05 30.20 30.26 30.29 30.31 30.35 30.38 30.43 30.47 30.53 30.56 30.59 30.64 30.70 30.75 30.79 30.83 30.85 30.87 30.87 30.89 30.87 30.92 30.91 30.90 30.89 30.90 30.89 30.90 30.91 30.91 30.89 30.91 30.91 30.92 30.90 30.82 30.61 30.19 30.40 30.27 30.46 30.33 30.35 30.55 30.64 30.70 30.36
30.10 30.20 30.33 30.49 30.62 30.75 30.86 30.98 31.10 31.21 31.33 31.40 31.49 31.59 31.63 31.66 31.69 31.68 31.58 31.48 31.31 31.13 30.86 30.78 30.59 30.38 30.36 30.11 30.11 30.11 30.03 30.21 30.21 30.24 30.30 30.34 30.38 30.43 30.49 30.54 30.57 30.63 30.67 30.73 30.75 30.80 30.83 30.84 30.84 30.85 30.89 30.88 30.89 30.90 30.90 30.89 30.91 30.92 30.92 30.92 30.94 30.92 30.93 30.92 30.89 30.84 30.79 30.70 30.68 30.57 30.45 30.40 30.33 30.42 30.39 30.46 30.47
29.95 30.04 30.21 30.35 30.47 30.59 30.73 30.86 31.00 31.12 31.25 31.34 31.48 31.53 31.57 31.57 31.57 31.45 31.36 31.25 31.12 30.99 30.77 30.67 30.57 30.45 30.32 29.98 30.09 29.96 29.94 30.12 30.17 30.18 30.26 30.31 30.34 30.38 30.47 30.49 30.53 30.60 30.64 30.69 30.71 30.76 30.80 30.81 30.84 30.87 30.88 30.87 30.89 30.89 30.90 30.91 30.91 30.93 30.93 30.92 30.93 30.95 30.91 30.90 30.87 30.85 30.81 30.77 30.68 30.56 30.55 30.27 30.11 30.41 30.45 30.51 30.49
29.78 29.97 30.03 30.21 30.33 30.44 30.58 30.70 30.87 31.00 31.14 31.25 31.34 31.38 31.36 31.36 31.29 31.21 31.17 31.02 30.92 30.82 30.74 30.62 30.53 30.41 30.23 30.07 29.85 29.84 29.96 30.08 30.09 30.15 30.21 30.26 30.29 30.35 30.44 30.46 30.50 30.57 30.62 30.64 30.67 30.71 30.76 30.80 30.81 30.82 30.84 30.86 30.88 30.90 30.90 30.91 30.91 30.93 30.93 30.90 30.92 30.93 30.92 30.89 30.86 30.87 30.84 30.79 30.57 30.56 30.49 30.09 30.09 30.49 30.10 30.36 30.41
29.66 29.78 29.89 30.02 30.12 30.29 30.40 30.54 30.69 30.86 30.97 31.04 31.09 31.10 31.12 31.12 31.04 31.00 30.98 30.85 30.78 30.67 30.59 30.46 30.41 30.36 30.24 30.13 30.01 29.87 29.94 29.93 29.93 30.07 30.12 30.25 30.27 30.36 30.41 30.45 30.46 30.52 30.58 30.61 30.63 30.67 30.70 30.77 30.81 30.81 30.82 30.85 30.86 30.90 30.90 30.92 30.94 30.95 30.93 30.93 30.91 30.91 30.89 30.89 30.85 30.83 30.81 30.76 30.73 30.71 30.68 30.31 30.07 30.20 29.62 30.23 30.08
29.62 29.67 29.75 29.86 29.99 30.12 30.25 30.38 30.49 30.64 30.74 30.80 30.85 30.85 30.87 30.87 30.88 30.83 30.81 30.66 30.58 30.55 30.47 30.37 30.31 30.28 30.08 29.96 29.93 29.89 29.93 29.84 29.87 30.11 30.13 30.21 30.27 30.35 30.36 30.41 30.43 30.47 30.53 30.56 30.61 30.61 30.67 30.74 30.75 30.81 30.83 30.83 30.85 30.85 30.89 30.91 30.92 30.93 30.89 30.89 30.89 30.91 30.89 30.87 30.84 30.83 30.79 30.73 30.75 30.66 30.67 30.19 30.41 29.85 29.74 30.24 29.80
