main/data/temperature/24.07.2023.grid
ncols 886
nrows 691
xllcenter 112.0000
yllcenter -44.5000
cellsize 0.0500
nodata_value 99999.90
[rows 272 to 305 of 691, columns 308 to 384 of 886]
22.56 22.50 22.22 21.96 21.87 21.67 21.63 21.78 21.70 21.36 21.02 20.83 20.85 20.89 20.68 20.66 20.73 20.99 21.05 21.05 21.07 21.05 20.97 20.76 20.71 20.47 20.70 20.68 20.57 20.59 20.50 20.39 20.44 20.42 20.34 20.25 20.15 20.07 19.93 19.70 19.55 19.31 19.15 18.83 19.08 19.09 19.08 18.93 18.96 18.89 18.88 18.88 18.84 18.78 18.74 18.70 18.58 18.52 18.50 18.46 18.39 18.33 18.30 18.26 18.19 18.08 18.01 17.95 17.82 17.69 17.69 17.55 17.43 17.21 17.07 17.16 17.08
22.61 22.53 22.38 22.11 21.92 21.79 21.65 21.75 21.75 21.41 21.20 21.12 21.02 20.97 20.94 20.61 20.59 20.80 21.06 21.08 21.00 20.81 20.84 20.85 20.75 20.30 20.58 20.64 20.53 20.52 20.49 19.95 20.12 20.33 20.24 20.18 20.10 20.03 19.90 19.73 19.45 19.26 19.10 18.82 19.13 19.14 19.16 19.12 19.07 19.02 18.97 18.95 18.80 18.81 18.77 18.73 18.65 18.56 18.55 18.46 18.38 18.35 18.31 18.24 18.10 17.96 18.00 17.87 17.78 17.68 17.55 17.44 17.43 17.17 16.76 17.09 16.97
22.53 22.49 22.46 22.31 22.32 21.98 21.85 21.84 21.75 21.32 21.01 21.08 21.06 20.92 20.90 20.69 20.69 20.99 21.06 21.11 20.96 20.83 20.74 20.55 20.69 20.49 20.44 20.46 20.57 20.55 20.49 20.46 20.40 20.32 20.25 20.12 20.00 19.93 19.87 19.60 19.41 19.21 19.30 19.04 19.15 19.14 19.22 19.20 19.16 19.10 19.03 18.95 18.80 18.82 18.75 18.63 18.66 18.60 18.56 18.49 18.47 18.35 18.15 17.84 17.35 17.29 17.55 17.43 17.40 17.51 17.52 17.45 17.43 17.38 17.18 16.74 16.78
22.41 22.42 22.42 22.35 22.24 22.11 22.03 21.94 21.57 21.32 21.19 21.09 20.82 20.75 20.97 21.07 20.95 21.09 21.12 21.09 20.99 20.74 20.65 20.70 20.55 20.45 20.46 20.56 20.55 20.52 20.43 20.34 20.23 20.06 20.06 19.92 19.91 19.84 19.68 19.39 19.40 19.25 19.27 19.29 19.34 19.37 19.30 19.24 19.08 18.98 18.87 18.76 18.82 18.80 18.77 18.71 18.63 18.64 18.61 18.55 18.53 18.44 18.18 17.97 17.81 17.71 17.42 16.98 17.21 17.23 17.47 17.42 17.39 17.35 17.19 17.02 16.64
22.26 22.28 22.38 22.37 22.29 22.23 22.15 21.79 21.57 21.32 21.38 21.29 21.00 21.02 21.00 21.06 21.19 21.15 21.17 21.05 20.87 20.81 20.55 20.59 20.59 20.59 20.57 20.55 20.55 20.48 20.31 20.18 19.99 19.83 19.88 19.94 19.88 19.78 19.50 19.39 19.12 19.10 19.35 19.42 19.42 19.25 19.16 19.25 19.17 19.10 19.00 18.81 18.61 18.74 18.77 18.65 18.48 18.49 18.56 18.59 18.51 18.46 18.31 18.15 18.10 17.80 17.75 17.60 16.95 17.06 16.89 17.16 17.06 17.10 17.08 16.89 16.71
22.15 22.20 22.31 22.31 22.29 22.22 22.08 21.85 21.51 21.53 21.41 21.18 21.01 21.09 21.18 21.04 21.23 21.24 21.16 21.04 20.90 20.71 20.18 20.42 20.50 20.50 20.48 20.49 20.52 20.30 20.04 20.05 19.96 19.90 20.03 19.90 19.59 19.67 19.58 19.16 19.23 19.26 19.22 19.27 19.28 19.46 19.40 19.25 19.14 18.88 18.77 18.87 18.79 18.54 18.55 18.42 18.22 18.21 18.56 18.54 18.46 18.28 18.22 18.23 18.14 17.96 17.63 17.40 17.37 17.23 17.13 16.75 16.52 16.73 16.70 16.78 16.53
21.96 22.03 22.17 22.21 22.29 22.22 22.08 21.93 21.60 21.61 21.38 21.23 21.37 21.35 21.31 21.31 21.30 21.21 21.06 20.94 20.83 20.58 20.48 20.26 20.33 20.34 20.20 20.23 20.22 20.16 20.10 20.19 20.05 19.89 19.84 19.83 19.56 19.28 19.31 19.06 19.15 19.20 18.93 18.96 19.08 19.38 19.52 19.46 19.25 19.01 18.91 18.77 18.54 18.32 18.40 18.08 18.16 18.29 18.42 18.20 18.32 18.26 18.29 18.18 18.16 18.06 17.83 17.61 17.52 17.27 17.12 16.84 16.51 16.28 16.42 16.32 16.36
21.82 21.89 21.93 22.12 22.26 22.25 22.05 21.90 21.75 21.47 21.05 21.25 21.41 21.43 21.39 21.33 21.26 21.17 21.05 20.81 20.75 20.30 20.35 20.29 20.17 20.01 20.02 20.20 20.41 20.41 20.25 20.26 20.20 20.00 19.62 19.67 19.49 19.31 19.20 19.37 19.44 19.51 19.41 19.30 19.40 19.47 19.55 19.44 19.15 19.24 19.13 18.75 18.50 18.54 18.43 18.01 18.09 18.19 18.08 18.04 17.91 17.88 17.98 18.07 18.07 17.85 17.45 17.34 17.09 17.12 16.85 16.88 16.52 15.79 16.12 16.21 16.30
21.72 21.82 21.92 22.08 22.26 22.23 22.06 21.71 21.45 21.46 21.41 21.45 21.48 21.44 21.41 21.31 21.22 21.09 21.00 20.79 20.45 20.40 20.43 20.27 19.90 19.68 20.15 20.42 20.44 20.47 20.43 20.35 20.22 20.09 19.97 19.72 19.35 19.36 19.57 19.66 19.68 19.65 19.65 19.72 19.68 19.63 19.57 19.34 18.96 18.95 19.10 19.15 18.95 18.75 18.58 18.39 18.26 18.43 18.13 17.83 17.83 18.03 17.98 17.69 17.77 17.92 17.74 17.54 17.13 16.79 16.49 16.45 16.52 16.17 15.64 15.91 16.10
21.78 21.93 22.10 22.17 22.25 22.19 22.03 21.86 21.60 21.00 21.37 21.53 21.51 21.38 21.10 21.22 21.12 21.04 20.76 20.85 20.56 20.57 20.59 20.31 20.17 20.27 20.47 20.54 20.55 20.54 20.50 20.39 20.29 20.04 20.05 19.91 19.70 19.70 19.86 19.87 19.74 19.78 19.44 19.56 19.67 19.66 19.58 19.40 19.37 19.25 19.18 19.15 19.08 19.08 18.87 18.78 18.72 18.68 18.44 18.23 18.04 17.98 18.11 17.88 17.62 17.68 17.68 17.54 17.28 17.05 16.72 16.34 16.17 16.26 15.94 15.84 15.89
21.75 21.84 22.05 22.23 22.17 22.18 22.06 21.85 21.54 21.40 21.42 21.51 21.47 21.39 21.25 21.02 21.00 21.04 20.46 20.71 20.36 20.67 20.75 20.60 20.55 20.57 20.61 20.63 20.66 20.61 20.54 20.37 20.00 19.81 19.92 20.10 20.00 19.94 19.88 19.74 19.85 19.84 19.59 19.46 19.65 19.68 19.46 19.38 19.51 19.42 19.54 19.34 19.20 18.95 18.89 18.97 18.85 18.70 18.60 18.48 18.35 18.18 18.04 18.05 17.64 17.72 17.39 17.16 17.15 17.02 16.71 16.45 16.25 16.09 16.06 15.84 15.88
21.78 22.01 22.11 22.12 22.11 22.09 22.01 21.91 21.78 21.68 21.58 21.45 21.42 21.23 21.20 21.10 20.84 20.96 20.77 20.37 20.49 20.72 20.80 20.81 20.72 20.72 20.74 20.72 20.67 20.61 20.55 20.31 19.85 19.48 19.77 20.08 20.13 20.11 20.03 19.96 19.93 19.93 19.86 19.78 19.76 19.73 19.70 19.67 19.62 19.64 19.62 19.49 19.29 19.05 18.92 18.75 18.81 18.75 18.64 18.45 18.59 18.50 18.35 18.11 17.89 17.91 17.61 17.28 16.88 17.01 16.91 16.76 16.59 16.33 16.23 16.40 15.91
21.98 22.05 22.03 21.90 22.08 21.97 21.88 21.79 21.74 21.45 21.50 21.21 21.07 21.10 21.10 21.04 20.92 20.83 20.43 20.66 20.62 20.63 20.84 20.79 20.78 20.76 20.77 20.72 20.67 20.61 20.57 20.40 20.16 19.86 19.88 19.97 20.12 20.16 20.06 20.05 19.98 19.94 19.89 19.83 19.80 19.77 19.71 19.72 19.66 19.68 19.62 19.59 19.51 19.36 19.19 19.07 18.86 18.77 18.52 18.59 18.45 18.43 18.32 18.28 18.23 17.98 17.72 17.42 17.15 16.83 16.86 16.91 16.81 16.73 16.73 16.61 16.52
22.00 21.90 21.77 21.80 21.83 21.84 21.65 21.20 21.43 21.50 21.35 21.11 20.96 20.62 20.85 20.67 20.47 20.53 20.53 20.73 20.74 20.73 20.84 20.82 20.83 20.82 20.78 20.73 20.67 20.62 20.57 20.49 20.39 20.29 20.21 20.20 20.15 20.09 20.05 20.01 19.97 19.93 19.87 19.83 19.82 19.76 19.71 19.63 19.66 19.63 19.60 19.59 19.54 19.49 19.38 19.27 19.09 19.03 18.64 18.66 18.65 18.52 18.29 18.40 18.13 18.11 17.92 17.69 17.42 17.04 16.92 17.04 17.02 16.98 16.97 16.80 16.76
21.90 21.66 21.55 21.45 21.69 21.58 21.39 21.34 21.24 21.19 21.22 20.95 20.89 21.12 21.11 20.81 20.86 20.64 20.20 20.33 20.29 20.76 20.88 20.86 20.86 20.79 20.79 20.71 20.66 20.60 20.53 20.47 20.41 20.29 20.24 20.17 20.08 20.04 19.98 19.95 19.91 19.91 19.86 19.81 19.80 19.75 19.67 19.66 19.65 19.62 19.59 19.55 19.52 19.49 19.47 19.38 19.19 18.97 18.86 18.86 18.65 18.77 18.60 18.35 18.34 18.09 18.23 17.95 17.54 17.22 17.19 16.99 17.01 16.97 17.06 17.15 16.75
21.64 21.50 21.39 21.36 21.58 21.65 21.66 21.59 21.41 21.40 21.30 21.23 21.16 21.28 21.26 21.10 20.87 20.72 20.39 19.96 20.60 20.69 20.87 20.90 20.82 20.77 20.70 20.68 20.59 20.54 20.48 20.44 20.32 20.23 20.17 20.08 20.00 19.93 19.90 19.88 19.88 19.84 19.79 19.75 19.71 19.66 19.63 19.60 19.59 19.56 19.52 19.55 19.52 19.49 19.46 19.42 19.39 19.25 19.11 19.00 18.92 18.84 18.72 18.32 18.52 18.24 18.09 17.85 17.85 17.63 17.54 17.27 17.29 17.33 16.99 16.95 17.11
21.60 21.75 21.58 21.44 21.65 21.82 21.84 21.70 21.43 21.23 21.26 21.42 21.40 21.40 21.25 21.18 20.94 20.84 20.35 20.32 20.20 20.72 20.85 20.87 20.82 20.75 20.71 20.66 20.59 20.51 20.42 20.38 20.28 20.18 20.12 20.04 19.93 19.87 19.83 19.82 19.84 19.80 19.73 19.71 19.65 19.64 19.59 19.55 19.53 19.48 19.48 19.42 19.45 19.48 19.46 19.42 19.39 19.10 19.19 19.13 18.93 18.95 18.87 18.78 18.60 18.36 18.24 17.91 17.68 18.00 17.85 17.73 17.54 17.63 17.50 17.43 17.41
21.83 21.72 21.49 21.77 21.85 21.87 21.65 21.41 21.39 21.46 21.50 21.50 21.51 21.45 21.39 21.29 21.00 20.96 20.68 20.39 20.49 20.83 20.90 20.85 20.78 20.73 20.68 20.62 20.55 20.49 20.39 20.29 20.21 20.13 20.05 19.93 19.90 19.82 19.79 19.75 19.73 19.70 19.67 19.67 19.63 19.61 19.57 19.54 19.52 19.48 19.45 19.45 19.38 19.35 19.40 19.40 19.38 19.36 19.28 19.23 19.11 18.90 18.88 18.87 18.77 18.79 18.48 18.32 18.08 17.93 18.12 17.96 17.56 17.62 17.70 17.72 17.62
21.93 21.63 21.67 21.94 21.94 21.67 21.51 21.30 21.15 21.41 21.63 21.54 21.46 21.40 21.33 21.32 21.18 21.04 20.86 20.66 20.21 20.85 20.88 20.82 20.74 20.64 20.64 20.55 20.49 20.41 20.30 20.20 20.15 20.05 19.97 19.49 19.82 19.75 19.70 19.70 19.70 19.61 19.59 19.36 19.51 19.51 19.43 19.44 19.37 19.38 19.34 19.39 19.36 19.38 19.40 19.34 19.32 19.30 19.19 19.16 19.20 19.15 19.04 18.96 18.95 18.76 18.68 18.62 18.50 18.35 18.28 18.28 18.06 17.96 17.75 17.75 17.74
21.80 21.72 21.88 22.07 21.79 21.72 21.75 21.38 21.30 21.51 21.67 21.47 21.20 21.35 21.32 21.22 20.93 20.73 20.69 20.92 20.96 20.93 20.87 20.80 20.70 20.66 20.56 20.47 20.43 20.32 20.22 20.11 20.05 20.00 19.93 19.77 19.73 19.64 19.63 19.61 19.65 19.61 19.57 19.50 19.46 19.48 19.39 19.45 19.34 19.33 19.37 19.31 19.37 19.37 19.35 19.35 19.33 19.29 19.24 19.23 19.23 19.22 19.15 19.09 19.01 18.94 18.87 18.78 18.70 18.50 18.56 18.50 18.34 18.25 18.14 18.00 17.64
21.84 21.90 22.04 22.06 21.87 22.00 21.88 21.63 21.68 21.69 21.65 21.52 21.33 20.98 21.08 21.02 20.11 20.16 20.98 20.98 20.95 20.86 20.79 20.74 20.59 20.60 20.31 20.42 20.36 20.28 20.14 20.03 19.95 19.86 19.85 19.77 19.61 19.60 19.49 19.61 19.57 19.53 19.43 19.40 19.38 19.40 19.42 19.26 19.23 19.18 19.32 19.32 19.35 19.34 19.31 19.30 19.27 19.25 19.18 19.21 19.20 19.13 19.25 19.21 19.13 19.11 19.04 18.93 18.74 18.70 18.71 18.69 18.52 18.40 18.12 18.14 18.07
21.89 22.00 22.17 22.16 22.11 21.95 21.98 21.81 21.82 21.78 21.60 21.38 21.18 20.75 21.06 20.98 20.91 20.95 20.83 20.80 20.81 20.22 20.49 20.59 20.16 20.46 20.18 19.94 20.27 20.23 20.07 19.96 19.85 19.82 19.71 19.45 19.14 19.49 19.08 17.76 19.09 19.06 19.16 19.24 17.70 18.96 18.60 19.10 19.17 19.13 19.07 19.19 19.22 19.26 19.21 19.21 19.24 19.25 19.22 19.23 19.20 19.18 19.19 19.11 19.08 19.17 19.11 19.05 18.97 18.88 18.85 18.77 18.58 18.48 18.42 18.33 18.28
21.93 22.12 22.20 22.18 22.12 22.06 21.94 21.91 21.85 21.72 21.41 21.16 20.82 20.45 21.05 21.03 20.91 20.71 20.52 20.59 20.30 20.43 20.29 20.14 20.15 20.34 19.98 19.95 20.20 19.82 20.06 19.66 19.20 19.44 19.25 18.89 19.46 19.42 19.37 19.34 19.23 19.15 19.13 19.01 19.20 19.08 19.14 19.09 19.04 17.63 18.48 18.80 19.04 19.18 19.18 19.11 19.13 19.17 19.13 19.17 19.21 19.18 19.20 19.20 19.19 19.11 19.13 19.10 19.04 18.98 18.90 18.81 18.77 18.64 18.49 18.29 18.38
21.94 22.18 22.20 22.17 21.70 21.19 21.68 21.50 21.79 21.69 21.48 21.26 20.98 21.06 21.05 20.94 20.77 20.74 20.80 20.60 20.49 20.46 20.39 20.32 20.07 19.58 20.19 19.77 19.87 19.55 19.66 19.61 19.61 19.53 19.46 19.43 19.37 19.30 19.29 19.24 19.19 19.09 18.97 19.15 19.10 19.09 19.03 19.02 18.96 18.90 18.96 19.05 19.10 19.08 19.06 19.00 19.12 19.12 19.15 19.14 19.15 19.15 19.21 19.23 19.15 19.19 19.21 19.14 19.10 19.04 18.97 18.91 18.82 18.72 18.71 18.56 18.46
21.98 22.09 22.17 21.98 21.96 21.94 21.53 20.72 21.30 21.35 21.28 21.07 20.95 20.96 21.02 20.64 20.82 20.74 20.62 20.51 20.35 20.34 20.35 20.33 20.26 20.07 19.86 19.81 20.01 19.89 19.61 18.73 19.37 19.47 19.40 18.76 19.25 19.21 19.17 19.06 18.70 18.85 18.87 19.00 18.94 18.87 18.94 18.91 18.88 18.81 18.94 18.93 19.00 19.04 19.02 19.03 19.07 19.08 19.13 19.12 19.11 19.17 19.18 19.13 19.20 19.21 19.06 19.12 19.13 19.08 19.03 18.96 18.91 18.84 18.77 18.62 18.55
22.19 22.19 22.16 22.12 22.02 21.94 21.87 21.67 21.45 21.13 20.73 20.19 20.27 20.63 20.76 20.80 20.75 20.69 20.59 20.49 20.43 19.84 20.06 19.91 19.01 19.59 19.52 19.62 19.59 19.71 19.32 18.67 19.15 19.26 19.27 19.17 19.12 18.99 18.89 18.55 18.81 18.92 18.96 18.99 18.93 18.83 18.84 18.82 18.80 18.74 18.88 18.87 18.81 18.94 18.95 18.99 19.00 19.00 19.07 19.06 19.11 19.14 19.14 19.14 19.20 19.21 19.13 19.08 19.04 19.07 18.99 19.01 18.96 18.89 18.83 18.77 18.70
22.13 22.18 22.14 22.11 22.02 21.85 21.82 21.73 21.59 21.39 21.17 20.94 20.80 20.59 20.49 20.77 20.68 20.56 20.51 20.22 20.05 20.21 20.10 20.02 19.89 19.74 19.52 19.36 19.58 19.69 19.35 18.94 19.00 19.19 19.11 18.79 18.64 18.99 18.97 18.74 18.48 18.42 18.71 18.89 18.82 18.76 18.72 18.69 18.70 18.68 18.77 18.67 18.82 18.87 18.93 18.92 18.92 18.96 18.88 19.05 19.06 19.09 19.16 19.12 19.17 19.12 19.14 19.11 19.10 19.03 19.00 19.05 18.95 18.94 18.89 18.83 18.76
22.11 22.08 22.01 22.00 21.76 21.76 21.75 21.69 21.56 21.43 21.29 21.12 20.95 20.64 19.59 20.58 20.54 20.39 20.32 19.91 19.55 19.95 20.04 19.94 19.91 19.82 19.72 19.45 19.62 19.55 19.36 18.49 19.04 18.22 18.89 18.79 18.30 17.83 18.24 18.70 18.61 18.15 18.60 18.75 18.64 18.61 18.58 18.55 18.58 18.49 18.67 18.70 18.74 18.77 18.81 18.83 18.86 18.85 18.87 19.01 19.01 19.01 19.09 19.07 19.19 19.00 19.04 19.08 19.02 19.02 19.03 19.07 19.03 18.98 18.91 18.87 18.81
22.03 21.95 21.88 21.82 21.61 21.65 21.66 21.62 21.52 21.39 21.26 21.14 20.93 20.74 20.47 19.78 20.07 20.29 20.06 18.78 19.20 19.91 19.93 19.81 19.81 19.69 19.48 19.36 19.19 19.41 19.11 18.34 18.19 18.42 17.97 18.57 17.90 17.94 18.29 18.32 18.57 18.48 17.47 18.55 18.56 18.53 18.46 18.44 18.49 18.58 18.60 18.61 18.63 18.71 18.74 18.75 18.79 18.85 18.81 18.91 19.01 18.99 18.97 18.84 19.02 19.06 19.04 19.04 19.07 19.04 19.04 19.04 18.99 18.88 18.86 18.81 18.75
21.89 21.83 21.72 21.55 21.49 21.57 21.54 21.52 21.41 21.19 21.14 21.01 20.92 20.76 20.48 20.34 20.32 20.14 20.10 19.99 19.72 19.57 19.81 19.64 19.67 19.66 19.48 19.17 19.06 19.26 18.94 17.89 18.48 18.34 18.23 18.07 18.06 18.11 18.24 18.46 18.41 18.33 18.31 18.04 18.18 18.36 18.32 18.31 18.30 18.45 18.44 18.50 18.56 18.60 18.58 18.65 18.67 18.70 18.83 18.90 18.87 18.89 18.88 18.64 18.89 19.00 19.00 18.95 19.04 19.01 19.03 19.02 18.93 18.89 18.82 18.76 18.72
21.74 21.71 21.61 21.36 21.18 21.37 21.41 21.43 21.41 21.25 21.03 20.81 20.71 20.69 20.55 20.41 20.36 20.18 19.89 19.85 19.76 19.66 19.63 19.58 19.48 19.57 19.47 19.27 19.11 19.04 18.75 17.93 18.55 18.58 18.38 18.21 17.97 18.24 17.86 17.64 18.38 18.00 18.15 17.63 18.04 18.21 18.12 18.09 18.06 18.07 18.31 18.41 18.43 18.37 18.49 18.54 18.63 18.70 18.70 18.80 18.87 18.87 18.93 18.90 18.92 18.98 18.90 18.85 18.97 18.96 18.99 18.97 18.92 18.87 18.83 18.78 18.72
21.57 21.54 21.45 21.43 21.38 21.29 21.30 21.33 21.28 21.20 20.97 20.63 20.35 20.48 20.39 20.49 20.37 20.13 19.91 19.75 19.80 19.77 19.78 19.66 19.59 19.45 19.28 19.23 19.19 19.05 18.94 18.82 18.71 18.51 18.32 18.11 17.97 17.88 18.14 18.22 18.25 18.06 17.84 17.73 17.80 18.02 16.49 17.72 18.01 18.03 18.13 18.08 18.29 18.34 18.22 18.46 18.55 18.51 18.61 18.74 18.83 18.87 18.85 18.80 18.73 18.79 18.86 18.92 18.93 18.84 18.94 18.91 18.86 18.81 18.76 18.73 18.66
21.44 21.35 21.26 21.26 21.08 21.13 21.16 21.18 21.20 21.15 20.99 20.78 20.59 20.51 20.45 20.51 20.45 20.27 20.09 19.94 19.89 19.81 19.82 19.64 19.57 19.42 19.22 19.09 18.95 18.83 18.62 18.70 18.65 18.52 18.32 18.23 18.03 17.99 18.15 18.08 18.08 18.07 17.90 17.87 17.65 17.36 17.67 17.71 17.78 17.52 17.71 18.01 18.14 18.22 18.31 18.38 18.50 18.54 18.56 18.58 18.73 18.73 18.75 18.75 18.45 18.46 18.79 18.80 18.82 18.76 18.65 18.87 18.82 18.80 18.76 18.67 18.63
21.25 21.17 20.96 21.03 21.04 21.00 20.98 21.03 21.02 21.09 21.00 20.90 20.73 20.68 20.60 20.50 20.43 20.29 20.19 20.08 19.98 19.95 19.82 19.71 19.54 19.40 19.21 19.05 19.02 18.82 18.51 18.49 18.33 18.30 18.07 18.01 18.05 18.11 18.12 18.00 17.89 17.89 17.78 17.74 17.66 17.40 17.46 17.58 17.48 17.37 17.65 17.96 18.07 18.15 18.19 18.31 18.39 18.43 18.54 18.40 18.64 18.62 18.73 18.69 18.52 18.59 18.61 18.64 18.68 18.62 18.70 18.79 18.75 18.72 18.69 18.61 18.57
