main/data/temperature/24.05.2023.grid
ncols 886
nrows 691
xllcenter 112.0000
yllcenter -44.5000
cellsize 0.0500
nodata_value 99999.90
[rows 272 to 305 of 691, columns 770 to 846 of 886]
24.11 25.51 25.61 25.50 25.37 25.23 25.06 24.91 24.76 24.60 24.39 24.33 23.80 23.84 23.81 23.83 23.75 23.67 23.60 23.54 23.47 23.40 23.34 23.28 23.23 23.18 23.14 23.09 23.05 23.02 23.00 22.98 22.96 22.95 22.95 22.96 22.98 22.99 23.01 23.04 23.07 23.08 23.11 23.13 23.15 23.17 23.18 23.19 23.20 23.23 23.24 23.27 23.30 23.31 23.33 23.35 23.36 23.38 23.38 23.39 23.40 23.39 23.40 23.40 23.39 23.39 23.38 23.38 23.37 23.37 23.36 23.35 23.35 23.33 23.32 23.31 23.30
25.45 25.61 25.69 25.59 25.42 25.35 25.19 24.99 24.80 24.66 24.26 24.43 24.39 24.18 23.95 24.06 23.96 23.88 23.79 23.70 23.62 23.53 23.46 23.39 23.33 23.27 23.21 23.16 23.12 23.09 23.06 23.04 23.02 23.01 23.01 23.01 23.03 23.05 23.06 23.08 23.11 23.13 23.15 23.17 23.18 23.20 23.21 23.22 23.23 23.23 23.25 23.26 23.29 23.31 23.33 23.35 23.36 23.38 23.39 23.40 23.40 23.40 23.40 23.41 23.40 23.40 23.39 23.38 23.38 23.36 23.35 23.34 23.34 23.33 23.32 23.31 23.30
23.25 25.51 25.75 25.64 25.45 25.34 25.30 25.05 24.77 24.84 24.61 23.67 24.57 24.37 24.19 24.30 24.19 24.08 23.97 23.86 23.76 23.67 23.58 23.49 23.42 23.35 23.29 23.23 23.20 23.15 23.12 23.10 23.08 23.07 23.07 23.07 23.08 23.09 23.11 23.13 23.16 23.18 23.19 23.21 23.22 23.24 23.25 23.26 23.26 23.27 23.27 23.27 23.29 23.31 23.33 23.35 23.37 23.39 23.39 23.40 23.41 23.42 23.41 23.41 23.41 23.40 23.40 23.39 23.37 23.36 23.36 23.35 23.33 23.32 23.31 23.30 23.29
23.11 24.10 25.64 25.70 25.36 25.23 25.10 25.17 25.13 24.52 24.45 24.36 24.58 24.72 24.25 24.45 24.40 24.28 24.15 24.03 23.91 23.80 23.70 23.60 23.51 23.43 23.36 23.31 23.26 23.21 23.18 23.16 23.13 23.13 23.12 23.12 23.13 23.15 23.17 23.18 23.20 23.22 23.23 23.25 23.27 23.28 23.28 23.29 23.30 23.31 23.30 23.30 23.30 23.31 23.33 23.35 23.37 23.39 23.40 23.41 23.41 23.42 23.42 23.42 23.41 23.40 23.39 23.39 23.38 23.37 23.36 23.34 23.33 23.32 23.30 23.29 23.28
23.51 23.39 23.80 23.98 25.14 25.30 25.02 25.33 25.17 25.02 24.55 24.53 24.08 24.81 24.84 24.75 24.61 24.47 24.32 24.18 24.05 23.92 23.80 23.69 23.60 23.51 23.44 23.37 23.32 23.27 23.24 23.21 23.20 23.18 23.18 23.18 23.19 23.19 23.21 23.23 23.25 23.27 23.28 23.30 23.31 23.31 23.32 23.33 23.34 23.34 23.34 23.34 23.33 23.33 23.34 23.36 23.38 23.39 23.41 23.42 23.43 23.43 23.42 23.43 23.42 23.41 23.40 23.39 23.38 23.37 23.35 23.34 23.32 23.31 23.30 23.28 23.27
23.54 24.30 22.66 25.55 25.57 25.45 25.24 24.73 24.89 24.98 24.82 24.87 24.63 24.57 25.01 24.71 24.79 24.63 24.48 24.33 24.18 24.04 23.91 23.79 23.68 23.58 23.50 23.43 23.38 23.33 23.29 23.27 23.25 23.24 23.24 23.24 23.24 23.25 23.26 23.28 23.30 23.32 23.33 23.35 23.36 23.36 23.37 23.37 23.38 23.37 23.38 23.38 23.37 23.36 23.35 23.36 23.38 23.40 23.42 23.43 23.44 23.44 23.43 23.44 23.43 23.42 23.41 23.40 23.39 23.37 23.36 23.33 23.32 23.31 23.29 23.28 23.26
25.26 24.86 23.70 24.92 25.31 25.19 24.12 24.65 25.06 25.23 25.10 24.82 25.13 25.05 25.13 24.99 24.93 24.77 24.61 24.45 24.30 24.14 24.01 23.88 23.75 23.64 23.56 23.49 23.44 23.39 23.36 23.34 23.31 23.30 23.30 23.30 23.31 23.32 23.32 23.34 23.35 23.37 23.38 23.39 23.41 23.41 23.41 23.42 23.42 23.41 23.42 23.41 23.41 23.39 23.38 23.38 23.40 23.42 23.43 23.44 23.45 23.45 23.45 23.45 23.44 23.43 23.42 23.41 23.38 23.37 23.36 23.34 23.32 23.30 23.29 23.27 23.25
25.61 24.84 24.22 23.01 23.90 23.93 22.52 24.45 24.99 25.15 25.53 25.40 25.32 25.34 24.65 24.46 24.97 24.54 24.72 24.56 24.40 24.25 24.10 23.96 23.83 23.72 23.62 23.55 23.50 23.46 23.42 23.40 23.38 23.36 23.36 23.36 23.37 23.38 23.39 23.39 23.41 23.42 23.43 23.45 23.45 23.45 23.46 23.46 23.47 23.47 23.46 23.46 23.44 23.43 23.42 23.41 23.42 23.44 23.45 23.45 23.47 23.47 23.46 23.46 23.45 23.44 23.42 23.41 23.39 23.38 23.35 23.34 23.31 23.30 23.28 23.25 23.24
25.91 24.11 24.18 22.67 24.78 24.76 24.99 25.12 25.07 25.04 25.41 25.08 25.44 25.41 25.06 24.79 25.02 24.81 24.80 24.66 24.51 24.35 24.19 23.88 23.91 23.79 23.69 23.63 23.57 23.54 23.50 23.46 23.45 23.44 23.43 23.43 23.43 23.44 23.45 23.46 23.48 23.48 23.49 23.50 23.51 23.51 23.51 23.51 23.51 23.51 23.50 23.50 23.48 23.47 23.46 23.44 23.45 23.45 23.47 23.48 23.48 23.48 23.47 23.47 23.46 23.44 23.43 23.42 23.39 23.38 23.35 23.33 23.31 23.29 23.27 23.25 23.23
25.08 25.34 24.46 24.67 25.01 25.73 25.41 25.78 25.85 25.82 25.67 24.97 24.52 25.51 24.83 24.96 24.86 24.43 24.80 24.77 24.60 24.45 24.22 24.14 24.00 23.86 23.78 23.71 23.66 23.61 23.57 23.55 23.52 23.51 23.51 23.50 23.50 23.51 23.52 23.54 23.54 23.55 23.56 23.56 23.56 23.57 23.57 23.57 23.56 23.56 23.55 23.54 23.54 23.52 23.50 23.48 23.47 23.48 23.50 23.50 23.50 23.50 23.49 23.48 23.47 23.45 23.44 23.42 23.40 23.38 23.36 23.33 23.30 23.29 23.26 23.24 23.22
25.00 24.65 23.90 24.63 24.17 25.79 25.76 25.91 25.72 25.76 25.65 25.06 25.44 25.15 24.82 25.24 25.22 23.96 23.78 24.72 24.61 24.55 24.15 24.01 23.79 23.92 23.88 23.81 23.75 23.70 23.66 23.63 23.61 23.59 23.59 23.59 23.58 23.59 23.60 23.60 23.61 23.62 23.62 23.63 23.62 23.62 23.62 23.62 23.62 23.62 23.60 23.60 23.58 23.56 23.55 23.53 23.51 23.51 23.52 23.52 23.52 23.52 23.51 23.50 23.49 23.46 23.44 23.43 23.40 23.37 23.36 23.33 23.30 23.28 23.25 23.23 23.21
25.84 25.34 25.48 24.57 24.69 23.93 25.24 25.82 25.80 25.66 25.43 23.80 25.13 24.45 25.00 25.31 23.37 24.45 24.43 24.16 24.71 24.47 24.27 24.04 24.02 23.96 23.99 23.92 23.86 23.81 23.76 23.72 23.71 23.69 23.67 23.68 23.67 23.68 23.69 23.68 23.69 23.70 23.70 23.70 23.69 23.69 23.69 23.69 23.69 23.67 23.66 23.65 23.64 23.61 23.59 23.57 23.55 23.55 23.55 23.55 23.55 23.55 23.53 23.51 23.50 23.48 23.45 23.43 23.41 23.38 23.36 23.33 23.30 23.27 23.25 23.22 23.20
25.41 24.43 25.51 24.29 23.95 22.98 21.90 25.13 25.46 25.13 24.95 25.30 25.20 25.49 24.45 25.43 24.66 24.07 24.49 24.27 24.55 24.08 24.32 21.57 24.06 22.88 24.04 23.98 23.95 23.91 23.87 23.83 23.81 23.79 23.78 23.77 23.77 23.77 23.77 23.77 23.78 23.77 23.78 23.78 23.77 23.77 23.77 23.76 23.74 23.74 23.73 23.71 23.69 23.67 23.65 23.61 23.59 23.60 23.59 23.59 23.57 23.57 23.55 23.53 23.52 23.49 23.47 23.44 23.41 23.38 23.35 23.32 23.30 23.27 23.24 23.22 23.19
25.85 25.41 24.43 23.64 24.47 23.48 22.72 21.89 23.14 24.37 23.43 24.73 25.22 25.18 24.25 25.22 24.37 24.57 22.18 24.20 24.68 24.60 23.33 23.82 23.50 23.67 23.90 24.05 23.62 24.03 23.98 23.94 23.92 23.90 23.88 23.88 23.87 23.87 23.87 23.88 23.87 23.87 23.87 23.87 23.85 23.85 23.84 23.84 23.82 23.81 23.80 23.77 23.75 23.73 23.70 23.67 23.65 23.64 23.63 23.62 23.61 23.59 23.57 23.55 23.52 23.50 23.47 23.44 23.41 23.38 23.35 23.32 23.29 23.26 23.23 23.20 23.17
26.22 25.90 24.23 23.89 25.32 24.41 24.78 22.54 23.31 23.20 24.25 25.34 25.29 24.71 23.24 25.37 25.43 24.40 24.29 23.67 24.74 24.74 24.47 23.73 23.05 23.75 24.21 23.90 24.14 24.12 24.10 24.06 24.03 24.01 24.00 23.99 23.98 23.98 23.97 23.98 23.97 23.97 23.96 23.96 23.95 23.94 23.93 23.92 23.90 23.88 23.86 23.84 23.82 23.79 23.76 23.73 23.70 23.69 23.67 23.66 23.64 23.62 23.60 23.56 23.54 23.51 23.48 23.44 23.41 23.38 23.35 23.32 23.29 23.25 23.22 23.20 23.17
26.53 26.29 25.95 25.89 25.29 24.33 24.65 23.50 22.85 21.76 21.51 24.79 24.95 24.72 24.49 23.66 25.54 24.68 24.26 22.92 24.76 24.84 24.75 24.39 24.16 23.88 24.31 24.30 24.26 24.25 24.24 24.20 24.16 24.14 24.12 24.11 24.11 24.10 24.09 24.08 24.08 24.07 24.06 24.05 24.05 24.03 24.02 24.00 23.98 23.96 23.94 23.91 23.89 23.85 23.83 23.79 23.76 23.74 23.72 23.69 23.67 23.65 23.62 23.58 23.56 23.52 23.49 23.45 23.42 23.38 23.35 23.31 23.28 23.25 23.21 23.18 23.15
26.47 26.43 25.54 25.70 25.52 25.42 23.97 23.68 23.82 21.42 20.24 21.14 25.01 25.33 25.10 25.23 25.36 25.17 23.53 23.74 24.83 24.72 24.58 24.83 24.41 24.32 24.38 24.28 24.33 24.36 24.37 24.33 24.29 24.28 24.25 24.24 24.22 24.22 24.21 24.20 24.19 24.18 24.18 24.16 24.15 24.12 24.11 24.09 24.07 24.05 24.02 23.99 23.96 23.93 23.89 23.85 23.82 23.79 23.77 23.74 23.71 23.67 23.63 23.60 23.56 23.53 23.49 23.45 23.42 23.38 23.34 23.31 23.27 23.23 23.20 23.17 23.13
26.52 26.38 25.95 25.44 25.35 24.54 25.31 24.72 22.97 21.60 20.23 21.04 23.70 23.47 23.06 25.16 25.43 25.45 24.62 24.50 24.64 24.76 25.01 24.80 24.79 23.77 24.48 24.63 24.29 24.52 24.49 24.47 24.44 24.41 24.39 24.37 24.36 24.35 24.34 24.32 24.31 24.29 24.29 24.27 24.24 24.23 24.21 24.18 24.16 24.14 24.11 24.08 24.04 24.01 23.97 23.93 23.89 23.85 23.82 23.77 23.74 23.70 23.66 23.61 23.58 23.54 23.50 23.45 23.42 23.38 23.34 23.30 23.26 23.22 23.19 23.15 23.12
26.08 26.40 26.30 25.84 25.26 24.68 23.69 24.26 22.45 22.47 24.25 23.28 22.71 22.16 24.52 24.32 24.20 25.06 24.56 22.92 22.69 24.56 25.20 25.10 24.82 24.87 24.69 24.60 24.74 24.67 24.58 24.62 24.59 24.56 24.53 24.51 24.49 24.47 24.46 24.45 24.43 24.41 24.39 24.38 24.35 24.33 24.30 24.28 24.26 24.22 24.20 24.17 24.13 24.09 24.05 24.00 23.96 23.91 23.87 23.82 23.77 23.73 23.68 23.64 23.59 23.55 23.50 23.46 23.41 23.38 23.33 23.29 23.25 23.21 23.17 23.14 23.10
25.37 26.09 26.12 25.47 25.80 25.29 24.50 23.96 23.93 22.88 23.51 24.29 23.62 22.81 22.56 23.78 23.69 24.78 25.02 23.34 23.44 21.96 25.02 24.93 24.85 25.08 25.09 24.44 24.90 24.78 24.67 24.74 24.73 24.70 24.68 24.65 24.63 24.61 24.59 24.57 24.55 24.53 24.51 24.49 24.46 24.43 24.41 24.38 24.35 24.32 24.29 24.26 24.22 24.17 24.13 24.08 24.02 23.96 23.91 23.85 23.80 23.75 23.69 23.65 23.60 23.55 23.51 23.46 23.41 23.37 23.32 23.29 23.24 23.20 23.16 23.12 23.09
25.53 25.71 25.37 25.66 25.08 25.18 24.86 24.13 23.87 23.56 24.24 23.93 24.43 22.99 23.77 23.19 25.08 24.19 24.66 24.17 22.10 24.78 24.97 25.19 24.82 24.91 24.88 25.15 25.04 24.96 24.77 24.77 24.88 24.85 24.81 24.79 24.76 24.74 24.71 24.69 24.67 24.65 24.62 24.59 24.56 24.54 24.50 24.48 24.44 24.41 24.38 24.34 24.30 24.26 24.21 24.15 24.08 24.02 23.95 23.89 23.82 23.77 23.71 23.66 23.61 23.55 23.50 23.45 23.40 23.36 23.31 23.27 23.23 23.18 23.15 23.11 23.07
25.25 25.63 25.04 25.07 25.14 24.70 24.72 24.02 22.85 24.20 23.57 24.78 24.25 24.68 22.99 24.01 23.67 22.63 24.59 24.82 22.10 23.06 24.68 25.13 24.82 24.80 25.00 25.18 24.90 24.84 24.91 24.99 24.99 24.95 24.96 24.93 24.90 24.87 24.84 24.81 24.79 24.75 24.72 24.69 24.66 24.63 24.59 24.57 24.53 24.49 24.45 24.42 24.38 24.33 24.28 24.21 24.13 24.06 23.98 23.91 23.84 23.78 23.72 23.65 23.60 23.55 23.49 23.44 23.40 23.35 23.30 23.25 23.22 23.17 23.12 23.09 23.05
25.34 25.02 24.26 24.61 24.80 24.71 24.46 23.91 23.53 24.57 24.52 24.97 24.01 25.12 24.18 23.96 24.38 23.48 24.96 25.26 23.39 24.86 23.93 25.29 25.12 24.86 25.23 25.29 24.82 24.63 24.95 24.82 25.08 25.07 25.09 25.06 25.02 24.99 24.95 24.93 24.89 24.86 24.83 24.78 24.75 24.72 24.68 24.64 24.61 24.56 24.53 24.48 24.45 24.39 24.35 24.25 24.18 24.09 24.01 23.93 23.85 23.78 23.72 23.66 23.60 23.55 23.48 23.44 23.39 23.34 23.29 23.24 23.19 23.16 23.11 23.07 23.03
25.57 25.14 24.91 24.86 25.17 24.84 24.75 24.69 24.54 24.01 25.08 25.15 24.37 25.10 24.40 24.86 23.86 23.83 23.90 24.99 25.38 25.35 25.44 25.27 25.25 25.13 24.97 25.11 24.80 24.97 24.99 25.12 25.23 25.12 25.16 25.07 25.11 25.09 25.06 25.02 24.99 24.95 24.91 24.87 24.83 24.79 24.75 24.70 24.66 24.62 24.58 24.54 24.49 24.44 24.03 24.13 24.21 24.11 24.02 23.94 23.85 23.78 23.71 23.66 23.59 23.53 23.48 23.42 23.37 23.32 23.27 23.22 23.18 23.13 23.09 23.05 23.01
25.32 25.12 24.55 25.14 25.43 25.20 24.72 25.10 24.51 23.71 24.60 25.42 25.54 25.51 24.85 24.92 24.76 24.36 23.57 24.17 23.45 25.00 25.25 25.51 25.57 25.42 25.48 25.07 25.21 25.28 23.73 25.31 25.22 25.28 25.27 25.14 25.15 25.18 25.09 25.12 25.07 25.03 24.98 24.94 24.90 24.84 24.80 24.75 24.71 24.66 24.61 24.56 24.51 24.19 24.14 24.10 24.21 24.12 24.02 23.93 23.85 23.78 23.71 23.64 23.57 23.52 23.46 23.40 23.34 23.29 23.25 23.20 23.16 23.11 23.07 23.03 22.99
25.35 25.26 25.01 25.43 25.63 25.19 24.98 25.30 24.47 24.37 24.43 25.48 25.74 25.36 24.36 25.19 24.36 24.01 23.48 23.97 22.98 23.93 23.12 25.31 25.63 25.51 25.31 25.00 25.43 25.48 25.19 25.44 25.45 25.38 25.15 25.31 25.20 25.28 25.10 25.12 25.14 25.09 25.04 24.99 24.94 24.89 24.84 24.78 24.73 24.68 24.62 24.57 24.52 24.45 24.19 24.12 24.20 24.10 24.00 23.92 23.83 23.76 23.68 23.62 23.55 23.49 23.43 23.38 23.33 23.28 23.23 23.18 23.14 23.09 23.05 23.00 22.97
25.24 24.73 24.44 25.14 25.76 25.17 25.65 24.82 24.78 23.75 25.05 25.73 25.85 25.64 25.37 24.94 24.35 23.98 24.17 24.74 23.27 23.79 24.86 25.12 25.43 25.55 25.33 25.39 25.61 25.75 25.71 25.54 25.37 25.34 25.31 25.42 25.34 25.26 25.21 25.22 25.20 25.14 25.09 25.03 24.97 24.91 24.85 24.79 24.73 24.68 24.61 24.55 24.49 24.42 24.35 24.07 24.17 24.08 23.98 23.89 23.81 23.73 23.66 23.59 23.52 23.47 23.41 23.36 23.30 23.25 23.20 23.16 23.11 23.07 23.02 22.98 22.94
24.72 24.58 25.35 25.56 25.73 25.82 25.80 25.32 25.32 24.44 24.30 25.40 25.93 25.70 25.57 24.82 24.07 25.08 24.69 24.43 22.89 23.80 25.03 25.54 25.33 25.46 25.33 25.25 25.48 25.30 25.68 25.48 25.46 25.42 25.56 25.18 25.26 25.23 25.21 25.28 25.24 25.17 25.11 25.05 24.98 24.92 24.85 24.79 24.72 24.66 24.59 24.52 24.45 24.38 24.30 24.15 24.06 24.04 23.94 23.85 23.77 23.69 23.62 23.55 23.49 23.43 23.38 23.32 23.27 23.22 23.17 23.13 23.09 23.04 22.99 22.96 22.91
25.23 24.84 25.16 25.02 25.59 25.76 26.01 25.55 25.67 25.50 25.00 25.64 26.09 25.75 25.18 25.65 25.17 25.49 24.61 23.70 23.70 24.24 25.46 25.41 25.51 25.82 25.54 25.28 25.59 25.51 25.44 25.68 25.64 25.66 25.38 25.26 25.37 25.28 25.21 25.19 25.22 25.19 25.12 25.05 24.98 24.91 24.84 24.76 24.70 24.62 24.55 24.47 24.40 24.32 24.24 23.79 23.53 23.94 23.89 23.80 23.72 23.64 23.57 23.51 23.45 23.40 23.34 23.29 23.24 23.19 23.15 23.10 23.05 23.01 22.97 22.92 22.89
25.09 24.85 25.16 25.23 25.22 25.38 25.83 26.00 25.98 25.68 25.74 25.80 26.19 25.62 25.85 25.90 25.18 25.36 24.39 23.53 23.75 23.91 24.40 25.36 24.91 25.53 24.71 25.03 25.68 25.80 25.87 25.80 25.84 25.49 25.27 25.20 25.27 25.24 25.21 25.23 25.21 25.19 25.12 25.04 24.96 24.88 24.81 24.73 24.66 24.58 24.50 24.42 24.33 24.25 23.74 23.43 23.42 23.91 23.81 23.73 23.66 23.58 23.51 23.46 23.40 23.35 23.29 23.25 23.20 23.16 23.11 23.06 23.02 22.98 22.94 22.90 22.86
25.41 25.04 25.03 25.47 25.45 25.45 25.75 26.02 25.83 26.07 25.76 25.61 25.97 25.73 26.00 25.85 25.48 25.55 25.00 24.59 24.36 24.04 23.98 24.42 24.41 24.34 25.09 25.49 25.61 25.90 26.02 25.83 25.53 25.27 25.15 25.37 25.28 25.25 25.25 25.24 25.20 25.17 25.10 25.01 24.93 24.85 24.76 24.68 24.60 24.52 24.43 24.35 24.26 24.02 23.45 23.42 23.53 23.83 23.74 23.65 23.58 23.52 23.45 23.39 23.34 23.30 23.24 23.20 23.16 23.11 23.07 23.03 22.99 22.95 22.91 22.86 22.83
25.19 24.89 25.08 25.29 25.29 25.33 25.56 25.87 25.70 25.91 26.00 26.10 25.91 26.25 26.06 26.02 25.62 25.34 25.07 24.84 24.56 24.64 24.64 24.87 23.61 25.01 24.74 25.19 25.58 26.03 25.89 25.74 25.51 25.47 25.36 25.20 25.28 25.28 25.31 25.26 25.22 25.11 25.04 24.99 24.90 24.80 24.71 24.63 24.54 24.46 24.37 24.28 24.00 23.40 22.66 23.20 23.84 23.75 23.66 23.57 23.50 23.43 23.37 23.32 23.28 23.23 23.19 23.15 23.11 23.07 23.03 22.99 22.95 22.91 22.88 22.84 22.79
25.05 25.19 25.17 24.94 25.14 25.06 25.31 25.46 25.12 25.79 26.42 26.23 25.70 26.17 26.29 26.19 25.95 25.62 25.41 24.73 24.32 25.59 24.40 25.64 24.09 25.01 23.70 25.85 25.94 25.89 25.98 25.47 25.40 25.30 25.19 25.16 25.31 25.31 25.30 25.19 25.18 25.10 25.00 24.95 24.84 24.75 24.66 24.56 24.47 24.38 24.29 24.18 23.64 23.02 23.15 23.26 23.76 23.67 23.58 23.49 23.41 23.34 23.28 23.23 23.20 23.16 23.13 23.09 23.06 23.02 22.98 22.95 22.91 22.88 22.84 22.81 22.77
24.96 25.28 25.15 25.13 25.08 25.21 25.40 25.60 26.08 25.81 26.09 26.41 26.25 26.53 26.00 25.22 25.74 25.50 25.04 24.88 25.77 25.80 25.01 25.90 24.42 25.71 25.90 25.94 25.71 25.67 26.00 25.66 25.38 25.29 24.99 25.35 25.19 25.26 25.31 25.15 25.13 25.04 24.83 24.88 24.80 24.70 24.60 24.50 24.40 24.31 24.22 24.12 23.52 23.24 22.99 23.76 23.68 23.59 23.51 23.42 23.34 23.25 23.19 23.14 23.11 23.08 23.05 23.02 22.99 22.97 22.94 22.90 22.87 22.83 22.80 22.77 22.74
