main/data/temperature/25.06.2023.grid
ncols 886
nrows 691
xllcenter 112.0000
yllcenter -44.5000
cellsize 0.0500
nodata_value 99999.90
[rows 238 to 271 of 691, columns 385 to 461 of 886]
24.97 25.02 25.10 25.22 25.33 25.43 25.50 25.60 25.69 25.77 25.86 25.94 25.99 26.11 26.16 26.29 26.37 26.37 26.49 26.59 26.71 26.94 27.06 27.11 27.18 26.95 26.90 27.19 27.23 27.37 27.53 27.51 27.82 27.88 27.98 28.10 28.24 28.45 28.46 28.57 28.74 28.87 28.84 28.79 27.92 29.29 29.41 29.47 29.53 29.56 29.57 29.56 29.56 29.50 29.18 28.64 29.17 29.12 29.09 28.97 29.00 28.91 28.67 28.84 28.76 28.67 28.45 28.40 28.77 28.91 29.00 29.04 29.12 29.12 29.18 29.06 29.14
24.67 24.71 24.78 24.90 25.03 25.12 25.23 25.36 25.39 25.49 25.57 25.68 25.76 25.88 25.94 26.06 26.15 26.14 26.23 26.36 26.56 26.70 26.63 26.87 27.00 26.97 26.06 26.10 27.05 27.14 27.29 27.49 27.68 27.33 27.60 27.89 28.11 28.17 28.39 28.45 28.48 28.41 28.88 28.76 29.15 29.32 29.22 29.39 29.41 29.49 29.53 29.55 29.53 29.50 29.41 29.18 28.82 28.50 28.87 28.80 28.83 28.88 28.90 28.92 28.87 28.83 28.54 28.27 28.34 28.79 28.92 28.99 29.03 28.92 28.82 28.98 28.95
24.38 24.42 24.42 24.52 24.66 24.77 24.78 25.04 25.16 25.17 25.29 25.34 25.14 25.63 25.66 25.81 25.91 25.93 25.98 26.16 26.38 26.40 26.47 26.59 26.71 26.88 26.83 26.57 25.36 26.86 27.12 27.36 27.47 27.54 27.37 27.77 27.93 28.07 28.23 28.33 28.58 28.68 28.87 29.03 29.10 29.18 29.19 28.95 29.12 29.29 29.04 29.41 29.47 29.48 29.44 29.35 29.12 28.71 28.62 28.39 28.69 28.66 28.81 28.87 28.90 28.84 28.62 28.73 28.66 28.70 28.70 28.90 28.86 28.80 28.55 28.78 28.72
24.06 24.14 24.12 24.13 24.23 24.47 24.66 24.70 24.91 24.92 24.97 25.06 25.16 25.37 25.35 25.48 25.55 25.46 25.68 25.82 26.05 26.00 26.30 26.42 26.46 26.68 26.76 26.68 26.59 26.51 26.39 26.94 27.21 27.34 27.36 27.35 27.74 27.95 27.99 28.29 28.48 28.67 28.83 28.90 28.85 28.97 28.95 28.97 29.05 29.13 29.20 29.28 29.33 29.37 29.36 29.30 29.25 29.11 28.97 28.55 28.58 28.75 28.77 28.64 28.80 28.80 28.30 28.67 28.70 28.48 28.58 28.80 28.65 28.61 28.55 28.69 28.69
23.77 23.80 23.88 23.72 23.34 24.10 23.90 24.51 24.59 24.76 24.65 24.79 24.83 25.10 25.16 25.19 25.36 25.43 25.44 25.36 25.57 25.85 26.03 26.12 26.26 26.43 26.50 26.35 26.61 26.66 26.44 26.71 26.99 27.14 27.11 27.34 27.54 27.83 28.05 28.27 28.46 28.59 28.63 28.70 28.73 28.67 28.72 28.77 28.86 28.89 28.97 29.03 29.13 29.19 29.23 29.22 29.18 29.10 28.98 28.82 28.43 28.64 28.66 28.72 28.72 28.75 28.62 28.60 28.60 28.55 28.60 28.66 28.64 28.45 28.49 28.52 28.55
23.35 23.58 23.53 23.64 23.64 23.71 23.83 24.15 24.22 24.42 24.50 24.39 24.65 24.71 24.82 24.81 25.05 25.13 25.11 25.19 25.16 25.51 25.70 25.90 26.07 26.18 26.34 25.76 26.13 26.36 26.53 26.57 26.29 26.63 27.06 27.11 27.34 27.63 27.93 28.17 28.33 28.40 28.45 28.54 28.50 28.53 28.51 28.55 28.63 28.65 28.63 28.86 28.99 29.01 29.06 29.09 29.06 29.02 28.93 28.82 28.58 28.54 28.58 28.48 28.55 28.59 28.61 28.34 28.52 28.59 28.57 28.55 28.49 28.18 28.30 28.49 28.38
23.23 23.22 22.77 23.25 23.41 23.52 23.57 23.57 23.64 24.12 24.19 23.78 24.36 24.27 24.62 24.61 24.76 24.69 24.73 24.81 25.16 25.15 25.56 25.74 25.77 26.00 26.11 26.18 26.02 25.66 26.18 26.37 26.38 26.14 26.55 27.22 27.46 27.67 27.82 28.05 28.12 28.17 28.23 28.33 28.38 28.44 28.53 28.38 28.49 28.65 28.64 28.76 28.83 28.87 28.91 28.91 28.86 28.89 28.71 28.66 28.53 28.36 28.46 28.44 28.40 28.52 28.51 28.48 28.46 28.42 28.42 28.40 28.41 28.17 28.07 28.21 28.20
22.41 22.30 22.90 22.98 23.29 23.41 23.49 23.49 23.59 23.71 23.96 24.05 24.25 24.39 24.39 24.42 24.38 24.36 24.59 24.84 24.95 25.11 25.29 25.42 25.58 25.75 25.79 25.96 26.00 25.92 24.69 25.91 26.21 26.27 26.04 26.64 27.29 27.54 27.74 27.83 27.86 27.96 28.04 28.12 28.18 28.26 28.37 28.44 28.49 28.55 28.61 28.64 28.69 28.72 28.75 28.75 28.69 28.73 28.69 28.52 28.36 28.21 27.86 28.33 28.37 28.39 28.43 28.36 28.31 28.19 28.25 28.25 28.19 28.18 28.16 28.04 27.82
22.57 22.18 22.65 22.67 22.79 23.26 23.03 23.03 23.17 23.31 23.80 23.78 23.84 24.11 24.10 24.36 24.14 24.28 24.35 24.64 24.58 24.81 25.12 25.09 25.27 25.38 25.61 25.73 25.76 25.82 25.74 25.00 25.89 26.12 26.34 26.57 26.79 27.32 27.55 27.63 27.67 27.76 27.88 27.92 27.99 28.09 28.19 28.26 28.33 28.40 28.46 28.46 28.54 28.55 28.55 28.53 28.53 28.56 28.55 28.43 28.23 28.19 28.17 28.22 28.16 28.28 28.23 27.81 28.15 27.92 28.05 28.03 27.89 27.92 28.01 28.12 28.03
22.28 21.93 22.57 22.59 22.74 22.95 23.20 23.09 22.92 23.53 23.66 23.58 23.85 24.04 24.26 24.14 24.35 24.41 24.50 24.68 24.64 24.71 24.74 24.91 25.03 25.28 25.46 25.45 25.55 25.49 25.65 25.64 25.02 25.79 26.23 26.56 26.68 26.84 26.98 27.37 27.46 27.58 27.65 27.72 27.83 27.91 28.02 28.09 28.17 28.23 28.26 28.29 28.35 28.38 28.36 28.29 28.34 28.36 28.40 28.33 28.16 28.10 28.14 28.13 28.16 28.19 28.09 27.98 27.73 27.88 27.83 27.91 27.67 27.77 27.82 27.94 28.07
22.29 22.42 22.49 22.62 22.80 22.98 23.02 22.76 23.18 23.44 23.56 23.64 23.78 24.03 24.14 24.15 24.29 24.32 24.41 24.58 24.58 24.65 24.91 25.00 24.97 25.01 25.35 25.29 25.22 25.30 25.46 25.61 25.69 25.70 25.92 26.08 25.98 26.92 27.08 27.16 27.26 27.39 27.45 27.53 27.64 27.73 27.84 27.92 28.01 28.05 28.08 28.09 28.16 28.19 28.13 28.06 28.20 28.16 28.18 28.23 28.12 28.07 27.96 27.99 28.04 28.03 27.97 27.92 27.71 27.70 27.59 27.64 27.79 27.84 27.91 27.92 27.86
22.24 22.30 22.37 22.54 22.70 22.78 22.98 23.07 23.19 23.36 23.52 23.53 23.58 23.67 23.83 24.10 24.19 24.27 24.40 24.49 24.59 24.73 24.85 24.99 25.04 25.16 25.25 25.22 25.20 25.39 25.46 25.37 25.57 25.60 25.62 25.52 26.23 26.61 26.73 26.90 27.08 27.14 27.22 27.35 27.46 27.55 27.68 27.77 27.83 27.85 27.88 27.94 27.94 27.99 27.99 27.94 28.01 27.95 27.92 27.97 27.97 27.89 27.88 27.92 27.89 27.90 27.80 27.79 27.65 27.65 27.69 27.76 27.76 27.74 27.75 27.76 27.52
22.13 22.21 22.29 22.44 22.60 22.69 22.84 23.00 23.13 23.26 23.37 23.53 23.60 23.74 23.89 23.97 24.01 24.16 24.31 24.38 24.52 24.68 24.80 24.92 24.99 25.07 25.18 25.18 25.14 25.21 25.23 25.08 25.10 25.47 25.51 25.50 25.93 25.45 26.39 26.63 26.75 26.69 27.01 27.17 27.29 27.40 27.50 27.60 27.62 27.66 27.68 27.75 27.77 27.79 27.80 27.78 27.79 27.75 27.66 27.77 27.82 27.77 27.60 27.69 27.66 27.74 27.64 27.66 27.55 27.43 27.59 27.67 27.60 27.55 27.61 27.64 27.28
22.03 22.11 22.22 22.34 22.46 22.55 22.70 22.88 22.98 23.12 23.26 23.39 23.54 23.64 23.75 23.87 23.97 24.14 24.21 24.33 24.45 24.61 24.76 24.85 24.92 25.00 24.99 24.99 25.08 25.18 25.41 25.47 25.65 25.73 25.76 25.89 25.76 25.42 25.94 26.34 26.51 26.40 26.76 26.96 27.10 27.20 27.31 27.38 27.43 27.45 27.49 27.54 27.57 27.57 27.56 27.59 27.57 27.62 27.49 27.61 27.62 27.56 27.59 27.59 27.66 27.64 27.57 27.52 27.33 27.44 27.47 27.51 27.46 27.37 27.36 27.40 27.46
21.84 22.01 22.13 22.21 22.33 22.43 22.59 22.72 22.87 23.00 23.14 23.28 23.39 23.50 23.61 23.74 23.84 24.01 24.12 24.24 24.37 24.51 24.64 24.76 24.84 24.90 25.00 25.06 25.14 25.21 25.27 25.46 25.52 25.35 25.83 25.95 26.00 25.77 25.95 26.06 26.00 26.19 26.46 26.70 26.86 26.99 27.04 27.18 27.20 27.25 27.32 27.31 27.35 27.36 27.33 27.36 27.36 27.39 27.26 27.43 27.48 27.56 27.56 27.48 27.57 27.48 27.44 27.35 27.28 27.25 27.35 27.43 27.33 27.22 27.23 27.39 27.38
21.82 21.97 21.95 22.05 22.19 22.30 22.42 22.58 22.67 22.82 23.01 23.13 23.26 23.37 23.48 23.59 23.73 23.87 24.01 24.14 24.28 24.41 24.54 24.63 24.75 24.83 24.91 24.99 24.92 25.11 25.23 25.39 25.47 25.62 25.78 25.86 25.92 25.99 26.08 26.06 26.07 25.67 26.24 26.42 26.53 26.69 26.83 26.93 27.01 27.06 27.09 27.09 27.12 27.13 27.10 27.12 27.15 27.16 27.17 27.29 27.43 27.48 27.48 27.45 27.40 27.35 27.29 27.21 27.17 27.20 27.34 27.30 27.19 27.32 27.30 27.29 27.30
21.55 21.30 21.83 21.90 22.01 22.12 22.27 22.43 22.61 22.73 22.89 22.99 23.12 23.24 23.35 23.44 23.56 23.70 23.85 24.05 24.17 24.29 24.41 24.54 24.59 24.70 24.79 24.90 24.91 25.02 25.16 25.32 25.39 25.55 25.68 25.77 25.86 25.91 26.04 26.11 26.09 25.99 26.04 26.06 26.10 26.21 26.56 26.61 26.70 26.83 26.84 26.86 26.87 26.89 26.89 26.89 26.90 26.91 27.02 27.13 27.26 27.32 27.23 27.28 27.25 27.24 27.18 27.05 27.07 27.26 27.25 27.20 27.09 27.09 27.26 27.19 27.22
21.58 21.65 21.72 21.83 21.87 20.67 22.14 22.30 22.48 22.60 22.73 22.83 22.98 23.10 23.20 23.30 23.37 23.51 23.45 23.77 23.56 24.11 24.15 24.28 24.19 24.35 24.54 24.72 24.85 24.92 25.01 25.17 25.26 25.41 25.53 25.62 25.69 25.72 25.92 25.97 26.00 25.93 25.98 26.08 26.22 26.30 26.44 26.48 26.52 26.59 26.61 26.60 26.64 26.64 26.61 26.64 26.63 26.75 26.87 26.97 27.04 26.99 27.03 26.83 27.14 27.12 27.08 27.08 27.12 27.16 27.11 27.00 27.08 27.18 27.08 27.19 27.18
21.43 21.52 21.60 21.70 21.76 21.88 21.55 22.15 22.29 22.45 22.56 22.68 22.73 22.13 22.51 22.91 23.14 23.33 23.51 23.67 23.76 23.93 24.04 24.14 24.24 24.42 24.54 24.62 24.76 24.85 24.93 25.06 25.10 25.04 25.37 25.32 25.58 25.69 25.79 25.83 25.86 25.75 25.31 25.64 25.88 25.87 25.92 26.09 26.28 26.34 26.33 26.35 26.37 26.36 26.35 26.38 26.37 26.50 26.63 26.79 26.73 26.82 26.95 26.90 26.90 27.03 27.03 26.91 26.96 26.89 26.86 27.14 27.15 27.21 26.96 27.10 27.14
21.21 21.34 21.44 21.56 21.67 21.78 21.88 21.95 22.09 22.22 22.22 22.51 22.35 22.53 22.70 22.85 23.00 23.18 23.32 23.48 23.60 23.71 23.81 23.99 24.10 24.26 24.38 24.50 24.63 24.73 24.84 24.91 25.06 25.17 25.25 25.32 25.40 25.51 25.61 25.70 25.76 25.73 25.57 25.65 25.70 25.78 25.93 25.98 26.02 26.08 26.08 26.07 26.05 26.06 26.07 26.10 26.20 26.36 26.48 26.54 25.86 26.41 26.62 26.73 26.89 26.92 26.97 26.86 26.80 26.89 27.06 27.21 27.13 27.19 27.25 27.22 27.23
21.06 21.16 21.26 21.37 21.47 21.57 21.68 21.79 21.89 22.01 22.13 21.69 22.38 22.50 22.61 22.68 22.85 22.97 23.14 23.28 23.43 23.59 23.69 23.81 23.94 24.07 24.19 24.15 24.45 24.54 24.66 24.78 24.90 24.99 25.07 25.10 25.16 25.29 25.41 25.50 25.53 25.55 25.46 25.45 25.56 25.64 25.71 25.64 25.77 25.80 25.79 25.78 25.75 25.74 25.77 25.80 26.02 26.14 26.18 26.27 26.16 26.21 26.52 26.65 26.68 26.71 26.80 26.77 26.86 27.05 26.81 27.09 27.25 27.26 27.24 27.21 27.19
20.90 20.99 21.07 21.14 21.23 21.34 21.50 21.62 21.75 21.85 21.98 22.04 22.19 22.29 22.39 22.51 22.61 22.75 22.86 23.03 23.20 23.32 23.46 23.63 23.74 23.86 23.99 24.11 24.24 24.28 24.43 24.54 24.67 24.77 24.86 24.93 24.94 25.06 25.17 25.29 25.30 25.35 25.39 25.42 25.42 25.48 25.50 25.47 25.47 25.48 25.48 25.45 25.46 25.42 25.46 25.62 25.71 25.83 25.91 25.98 26.10 26.20 26.33 26.41 26.40 26.49 26.69 26.85 26.97 27.02 27.11 27.13 27.22 27.12 27.06 27.07 26.96
20.64 20.76 20.87 20.91 21.04 21.10 21.23 21.40 21.55 21.65 21.77 21.87 21.95 22.06 22.19 22.28 22.37 22.54 22.69 22.83 22.99 23.12 23.25 23.43 23.58 23.71 23.84 23.93 24.05 24.18 24.25 24.33 24.46 24.56 24.65 24.72 24.78 24.88 24.94 25.05 25.09 25.00 25.16 25.24 25.24 25.22 25.23 25.17 25.14 25.13 25.12 25.13 25.05 25.06 24.26 25.27 25.35 25.11 25.35 25.70 25.84 25.98 26.04 26.06 26.07 26.25 26.43 26.59 26.72 26.81 26.81 26.90 26.93 26.88 26.53 25.77 26.13
20.45 20.56 20.62 20.76 20.80 20.90 21.02 21.16 21.34 21.48 21.56 21.64 21.72 21.85 21.96 22.08 22.19 22.34 22.49 22.64 22.76 22.90 23.06 23.22 23.39 23.51 23.62 23.76 23.88 23.98 24.05 24.01 24.10 24.31 24.43 24.51 24.56 24.62 24.69 24.79 24.84 24.86 24.93 24.96 24.93 24.89 24.89 24.85 24.80 24.76 24.72 24.47 24.62 24.60 24.21 24.62 24.47 24.97 24.80 25.40 25.48 25.61 25.45 25.67 25.70 26.01 26.01 25.89 26.25 26.52 26.46 26.52 26.07 26.60 26.27 24.60 25.57
20.23 20.27 20.39 20.48 20.51 20.65 20.77 20.90 21.04 21.23 21.36 21.45 21.54 21.64 21.71 21.82 21.97 22.09 22.25 22.39 22.54 22.69 22.83 23.00 23.14 23.29 23.41 23.55 23.67 23.76 23.87 23.86 23.85 24.02 24.19 24.29 24.33 24.30 24.41 24.51 24.56 24.60 24.63 24.62 24.60 24.57 24.53 24.52 24.50 24.32 24.39 24.07 24.21 23.78 23.93 24.33 24.40 24.65 24.63 25.05 24.57 25.04 25.23 25.27 25.62 25.76 25.31 25.40 25.33 25.34 25.94 25.36 23.75 22.92 25.28 25.59 25.11
19.95 20.07 20.13 20.21 20.27 20.37 20.50 20.68 20.84 20.97 21.14 21.21 21.29 21.38 21.49 21.60 21.73 21.84 22.01 22.15 22.29 22.44 22.59 22.75 22.92 23.05 23.19 23.32 23.44 23.55 23.62 23.72 23.72 23.80 23.93 24.02 24.11 24.17 24.18 24.22 24.24 24.27 24.28 24.28 24.26 24.24 24.21 24.19 24.15 24.11 24.08 24.03 24.00 23.78 23.91 23.69 23.65 24.22 24.50 24.35 24.39 24.78 24.17 24.20 24.94 25.23 24.71 25.15 25.36 25.23 24.72 25.12 25.16 25.29 25.29 25.78 25.92
19.69 19.72 19.86 19.74 19.87 19.85 20.26 20.41 20.48 20.48 20.28 20.79 20.95 21.13 21.24 21.36 21.51 21.61 21.80 21.92 22.02 22.15 22.33 22.51 22.73 22.81 22.93 23.05 23.19 23.29 23.34 23.47 23.54 23.57 23.66 23.73 23.83 23.86 23.91 23.95 23.95 23.95 23.93 23.93 23.95 23.90 23.89 23.87 23.87 23.85 23.84 23.78 23.70 23.64 23.58 23.47 23.29 23.51 24.17 24.46 24.40 24.52 24.64 24.43 24.78 24.06 24.51 25.09 25.27 25.36 25.62 25.62 25.46 25.19 25.36 25.68 25.14
19.42 19.50 19.38 19.33 19.71 19.43 19.80 19.67 20.13 19.93 19.62 18.98 20.68 20.79 20.95 20.98 21.24 21.38 21.55 21.73 21.71 21.61 22.06 22.28 22.40 22.57 22.66 22.80 22.91 23.02 23.00 23.25 23.30 23.38 23.42 23.40 23.57 23.32 23.55 23.66 23.68 23.64 23.61 23.61 23.60 23.60 23.58 23.58 23.56 23.56 23.55 23.54 23.55 23.53 23.55 23.51 23.51 23.48 23.82 24.05 24.21 24.43 24.88 24.93 24.50 23.85 24.80 25.15 25.72 25.89 25.76 25.77 25.70 25.40 25.60 25.95 25.75
19.15 19.10 17.01 18.64 19.34 19.53 19.62 19.62 19.45 19.35 19.28 19.67 20.23 20.41 20.61 20.67 20.66 21.17 21.10 20.20 21.38 21.64 21.86 21.93 22.13 22.31 22.37 21.98 20.40 22.51 21.38 22.93 22.18 22.84 22.94 23.00 22.89 22.73 23.16 23.33 23.42 23.39 23.35 23.31 23.28 23.26 23.27 23.30 23.29 23.31 23.35 23.36 23.33 23.22 23.16 23.15 23.10 23.08 23.29 23.25 24.05 24.35 24.55 24.82 25.14 24.76 25.27 25.41 25.33 25.90 26.07 25.83 26.11 26.16 25.96 25.72 26.09
18.84 18.05 17.95 18.32 18.82 18.99 19.11 18.98 19.21 19.15 19.14 18.81 16.99 16.72 19.35 20.23 20.60 20.83 20.65 20.94 21.16 21.39 21.14 21.08 21.24 21.79 22.04 21.99 22.25 22.06 22.00 20.80 22.17 22.38 22.83 22.86 22.59 22.91 23.08 23.11 23.08 23.08 23.05 23.01 22.98 22.98 23.00 23.00 23.01 22.94 23.01 23.04 23.06 23.07 23.05 23.15 23.18 23.23 22.86 23.03 23.36 22.80 23.37 23.91 24.78 25.12 25.25 25.49 25.53 25.44 25.97 26.10 25.88 26.26 26.46 26.25 25.79
18.38 18.24 17.24 17.06 18.00 17.07 17.89 18.47 18.97 19.15 19.14 19.11 19.44 19.53 19.75 20.25 20.55 20.29 20.35 20.47 20.88 20.76 20.01 16.43 20.87 21.02 20.83 21.60 21.63 21.93 20.30 21.96 22.06 22.44 22.62 22.61 22.39 22.58 22.63 22.78 22.75 22.72 22.72 22.68 22.69 22.61 22.51 22.73 22.79 22.82 22.85 22.88 22.88 22.87 22.90 23.03 23.09 23.09 23.01 23.44 23.55 23.79 23.96 23.98 23.32 24.20 24.82 25.23 25.45 25.53 25.55 25.42 25.48 25.69 26.10 26.44 25.81
18.30 18.26 18.39 18.45 18.51 18.55 18.63 18.73 18.84 18.98 19.15 19.29 19.44 19.66 19.89 20.09 20.27 20.31 20.29 20.29 20.47 20.39 20.39 20.07 19.70 19.79 20.65 20.88 21.34 21.58 21.69 21.71 21.93 22.09 22.35 21.95 19.72 22.01 21.42 22.32 22.26 22.29 22.41 22.36 22.37 22.42 22.32 22.38 22.53 22.57 22.61 22.67 22.73 22.76 22.83 22.70 22.42 22.91 23.04 23.37 23.77 24.22 24.45 24.57 24.66 24.57 24.39 24.35 24.56 25.09 24.71 25.34 25.77 26.27 26.42 26.52 25.17
18.17 18.21 18.28 18.31 18.35 18.36 18.50 18.54 18.59 18.65 18.79 18.88 19.03 19.27 19.57 19.62 19.89 19.95 20.09 20.06 20.25 20.16 20.25 19.69 19.35 20.30 20.56 20.58 20.21 20.77 20.93 21.64 21.85 21.96 22.05 22.12 22.07 21.87 21.95 22.15 22.08 21.89 22.08 22.05 22.09 22.15 22.13 22.16 22.23 22.31 22.34 22.44 22.48 22.60 22.74 22.71 22.77 23.05 23.19 23.40 23.78 24.04 24.52 24.61 24.56 25.08 25.09 24.49 24.43 24.56 25.18 25.59 25.16 25.86 26.09 25.64 25.91
18.07 17.95 18.00 18.07 17.92 17.74 17.72 18.11 18.16 18.25 18.38 18.55 18.61 18.57 18.83 19.07 18.86 19.63 19.66 19.94 20.05 20.04 20.16 20.21 20.26 20.11 20.32 20.16 20.42 20.41 21.04 21.46 21.40 21.19 21.66 21.66 21.82 21.83 21.73 21.83 21.77 21.69 21.74 21.69 21.80 21.84 21.92 21.87 21.87 21.97 22.05 22.09 22.02 22.39 22.64 22.55 21.94 22.86 23.27 23.58 24.16 23.71 24.36 24.78 25.24 24.56 24.09 24.96 24.39 25.30 25.51 24.69 25.02 25.28 26.38 26.31 25.99
