main/data/temperature/25.04.2023.grid
ncols 886
nrows 691
xllcenter 112.0000
yllcenter -44.5000
cellsize 0.0500
nodata_value 99999.90
[rows 578 to 611 of 691, columns 77 to 153 of 886]
12.18 12.19 12.20 12.22 12.23 12.24 12.25 12.26 12.27 12.28 12.30 12.31 12.32 12.33 12.35 12.36 12.38 12.39 12.40 12.42 12.43 12.44 12.45 12.46 12.48 12.49 12.50 12.51 12.52 12.54 12.55 12.56 12.58 12.59 12.60 12.62 12.63 12.64 12.65 12.66 12.67 12.68 12.71 12.72 12.73 12.74 12.75 12.76 12.79 12.80 12.81 12.82 12.83 12.85 12.86 12.88 12.90 12.91 12.92 12.93 12.95 12.96 12.98 13.00 13.01 13.03 13.04 13.06 13.07 13.09 13.11 13.12 13.15 13.16 13.18 13.20 13.21
12.13 12.14 12.15 12.16 12.18 12.19 12.19 12.21 12.22 12.23 12.24 12.26 12.27 12.28 12.29 12.30 12.32 12.33 12.34 12.35 12.37 12.38 12.39 12.40 12.41 12.42 12.44 12.46 12.47 12.48 12.49 12.50 12.52 12.53 12.54 12.55 12.56 12.57 12.59 12.61 12.62 12.63 12.64 12.65 12.66 12.68 12.70 12.71 12.72 12.73 12.74 12.77 12.78 12.79 12.80 12.82 12.83 12.84 12.87 12.88 12.89 12.91 12.92 12.94 12.95 12.97 12.99 13.01 13.02 13.04 13.05 13.07 13.09 13.10 13.12 13.14 13.16
12.07 12.09 12.10 12.11 12.12 12.14 12.15 12.16 12.17 12.18 12.19 12.20 12.21 12.23 12.24 12.25 12.26 12.28 12.29 12.30 12.31 12.32 12.34 12.35 12.36 12.37 12.38 12.40 12.41 12.42 12.43 12.44 12.46 12.47 12.49 12.50 12.51 12.52 12.53 12.54 12.56 12.57 12.59 12.60 12.61 12.62 12.63 12.65 12.67 12.68 12.69 12.70 12.72 12.73 12.74 12.76 12.78 12.79 12.80 12.82 12.83 12.85 12.87 12.89 12.90 12.92 12.93 12.95 12.96 12.98 12.99 13.02 13.04 13.05 13.07 13.09 13.11
12.03 12.04 12.05 12.06 12.07 12.09 12.10 12.11 12.12 12.14 12.15 12.15 12.16 12.18 12.19 12.20 12.21 12.22 12.24 12.25 12.26 12.27 12.28 12.29 12.31 12.32 12.33 12.34 12.35 12.37 12.38 12.39 12.40 12.41 12.42 12.45 12.46 12.47 12.48 12.49 12.50 12.51 12.53 12.55 12.56 12.57 12.58 12.59 12.60 12.62 12.64 12.65 12.66 12.68 12.69 12.70 12.72 12.74 12.75 12.77 12.78 12.80 12.81 12.83 12.84 12.87 12.88 12.90 12.91 12.93 12.94 12.96 12.98 12.99 13.01 13.04 13.06
11.98 11.99 12.01 12.02 12.03 12.04 12.05 12.06 12.07 12.08 12.10 12.11 12.12 12.13 12.14 12.15 12.16 12.17 12.18 12.20 12.21 12.22 12.23 12.24 12.25 12.27 12.28 12.29 12.30 12.31 12.32 12.34 12.35 12.36 12.37 12.39 12.40 12.42 12.43 12.44 12.45 12.46 12.47 12.49 12.51 12.52 12.53 12.54 12.55 12.57 12.58 12.59 12.61 12.63 12.64 12.65 12.67 12.68 12.69 12.71 12.72 12.75 12.76 12.78 12.79 12.81 12.82 12.84 12.85 12.88 12.90 12.91 12.93 12.95 12.97 13.00 13.03
11.94 11.95 11.96 11.98 11.98 11.99 12.00 12.02 12.03 12.04 12.04 12.05 12.07 12.08 12.09 12.10 12.12 12.13 12.14 12.15 12.16 12.17 12.18 12.19 12.20 12.21 12.22 12.24 12.25 12.26 12.27 12.28 12.30 12.32 12.33 12.34 12.35 12.36 12.37 12.38 12.40 12.41 12.42 12.44 12.45 12.46 12.47 12.48 12.51 12.52 12.53 12.54 12.56 12.57 12.58 12.61 12.62 12.63 12.65 12.66 12.68 12.69 12.70 12.72 12.74 12.76 12.78 12.79 12.81 12.83 12.86 12.88 12.91 12.94 13.00 13.07 13.14
11.89 11.91 11.92 11.92 11.94 11.95 11.96 11.97 11.98 11.99 12.00 12.01 12.03 12.04 12.05 12.05 12.06 12.08 12.09 12.10 12.11 12.12 12.13 12.15 12.16 12.17 12.18 12.19 12.21 12.22 12.23 12.24 12.25 12.26 12.28 12.29 12.30 12.31 12.32 12.33 12.34 12.36 12.38 12.39 12.40 12.41 12.42 12.44 12.45 12.46 12.48 12.50 12.51 12.52 12.54 12.55 12.56 12.58 12.59 12.61 12.63 12.64 12.66 12.68 12.70 12.72 12.75 12.78 12.81 12.86 12.93 13.00 13.06 13.13 13.20 13.28 13.36
11.85 11.87 11.87 11.88 11.89 11.91 11.92 11.92 11.93 11.95 11.96 11.97 11.97 11.99 12.00 12.01 12.02 12.03 12.05 12.06 12.07 12.07 12.08 12.10 12.11 12.12 12.13 12.14 12.15 12.16 12.18 12.19 12.20 12.21 12.22 12.23 12.25 12.27 12.28 12.29 12.30 12.31 12.32 12.33 12.36 12.37 12.38 12.39 12.40 12.42 12.43 12.44 12.46 12.48 12.49 12.50 12.52 12.54 12.56 12.58 12.60 12.62 12.66 12.69 12.75 12.81 12.87 12.94 13.00 13.07 13.14 13.21 13.29 13.37 13.44 13.51 13.59
11.81 11.83 11.83 11.84 11.85 11.87 11.87 11.88 11.89 11.90 11.92 11.92 11.93 11.94 11.96 11.97 11.98 11.99 11.99 12.00 12.02 12.03 12.04 12.05 12.06 12.08 12.09 12.10 12.11 12.12 12.13 12.14 12.16 12.17 12.18 12.19 12.20 12.21 12.22 12.24 12.25 12.27 12.28 12.29 12.30 12.31 12.33 12.35 12.36 12.37 12.39 12.41 12.43 12.45 12.47 12.50 12.52 12.56 12.62 12.67 12.73 12.78 12.84 12.90 12.97 13.05 13.11 13.18 13.25 13.32 13.38 13.45 13.52 13.59 13.65 13.72 13.79
11.83 11.82 11.84 11.84 11.84 11.84 11.85 11.86 11.86 11.86 11.88 11.88 11.89 11.90 11.91 11.93 11.94 11.94 11.95 11.96 11.97 11.99 12.00 12.01 12.02 12.03 12.04 12.06 12.07 12.08 12.09 12.10 12.11 12.13 12.14 12.15 12.16 12.17 12.18 12.20 12.21 12.24 12.25 12.27 12.28 12.30 12.32 12.33 12.36 12.39 12.44 12.48 12.53 12.58 12.63 12.68 12.73 12.78 12.84 12.91 12.97 13.03 13.10 13.16 13.22 13.28 13.34 13.41 13.47 13.54 13.61 13.67 13.73 13.80 13.86 13.92 13.99
12.09 12.06 12.04 12.02 11.99 11.97 11.95 11.94 11.92 11.91 11.89 11.90 11.90 11.91 11.91 11.92 11.93 11.94 11.95 11.96 11.96 11.97 11.99 12.00 12.01 12.02 12.03 12.04 12.06 12.07 12.08 12.09 12.10 12.12 12.13 12.15 12.16 12.18 12.20 12.23 12.27 12.30 12.35 12.38 12.42 12.46 12.50 12.54 12.58 12.62 12.67 12.72 12.78 12.83 12.88 12.94 12.99 13.05 13.10 13.16 13.21 13.28 13.34 13.40 13.45 13.51 13.57 13.63 13.69 13.75 13.81 13.87 13.93 13.99 14.04 14.11 14.17
12.39 12.36 12.33 12.31 12.28 12.26 12.23 12.21 12.20 12.18 12.16 12.15 12.15 12.14 12.13 12.13 12.12 12.13 12.13 12.13 12.13 12.13 12.14 12.16 12.16 12.17 12.19 12.20 12.21 12.23 12.26 12.27 12.29 12.32 12.34 12.36 12.39 12.42 12.45 12.49 12.52 12.56 12.59 12.63 12.67 12.72 12.76 12.80 12.85 12.89 12.94 12.99 13.03 13.09 13.14 13.19 13.24 13.29 13.34 13.39 13.45 13.50 13.55 13.61 13.66 13.73 13.78 13.84 13.89 13.95 14.00 14.06 14.11 14.17 14.22 14.28 14.33
12.68 12.65 12.62 12.60 12.58 12.55 12.53 12.51 12.50 12.48 12.46 12.45 12.45 12.43 12.43 12.42 12.41 12.41 12.41 12.41 12.41 12.42 12.42 12.43 12.45 12.45 12.47 12.48 12.49 12.51 12.54 12.55 12.57 12.60 12.62 12.64 12.67 12.70 12.74 12.77 12.80 12.83 12.87 12.90 12.94 12.98 13.03 13.06 13.11 13.15 13.19 13.23 13.28 13.32 13.37 13.41 13.47 13.52 13.57 13.62 13.67 13.71 13.76 13.82 13.87 13.92 13.97 14.02 14.07 14.12 14.18 14.24 14.29 14.34 14.39 14.44 14.49
12.94 12.92 12.89 12.86 12.85 12.83 12.80 12.79 12.78 12.76 12.74 12.73 12.72 12.71 12.71 12.70 12.70 12.69 12.69 12.70 12.70 12.70 12.71 12.71 12.72 12.74 12.75 12.76 12.77 12.79 12.80 12.82 12.85 12.87 12.89 12.91 12.94 12.97 12.99 13.03 13.06 13.09 13.12 13.16 13.19 13.22 13.26 13.30 13.34 13.38 13.42 13.46 13.51 13.55 13.59 13.63 13.68 13.72 13.77 13.81 13.87 13.91 13.96 14.01 14.05 14.10 14.15 14.20 14.25 14.29 14.34 14.39 14.44 14.49 14.54 14.59 14.64
13.19 13.17 13.14 13.12 13.09 13.08 13.06 13.04 13.03 13.02 13.01 12.99 12.98 12.97 12.97 12.97 12.96 12.96 12.96 12.96 12.97 12.97 12.97 12.98 12.98 12.99 13.01 13.02 13.03 13.05 13.06 13.08 13.10 13.12 13.14 13.17 13.19 13.21 13.24 13.26 13.29 13.33 13.36 13.39 13.42 13.45 13.49 13.52 13.56 13.59 13.63 13.68 13.72 13.76 13.80 13.84 13.88 13.92 13.96 14.00 14.05 14.09 14.14 14.19 14.23 14.27 14.32 14.36 14.41 14.45 14.50 14.54 14.59 14.63 14.68 14.72 14.77
13.41 13.40 13.37 13.35 13.34 13.32 13.30 13.28 13.27 13.26 13.25 13.24 13.23 13.22 13.21 13.21 13.21 13.21 13.20 13.20 13.21 13.21 13.22 13.22 13.23 13.24 13.24 13.26 13.28 13.29 13.30 13.32 13.33 13.35 13.37 13.40 13.42 13.44 13.47 13.49 13.52 13.54 13.57 13.61 13.64 13.67 13.70 13.73 13.77 13.80 13.83 13.87 13.90 13.95 13.99 14.03 14.06 14.10 14.14 14.18 14.22 14.26 14.30 14.34 14.38 14.42 14.47 14.52 14.56 14.60 14.64 14.68 14.73 14.77 14.81 14.85 14.89
13.64 13.61 13.59 13.57 13.55 13.54 13.52 13.51 13.49 13.48 13.48 13.47 13.46 13.45 13.44 13.43 13.44 13.44 13.43 13.43 13.43 13.43 13.45 13.45 13.46 13.46 13.47 13.48 13.50 13.51 13.53 13.54 13.55 13.57 13.59 13.62 13.64 13.66 13.68 13.70 13.73 13.75 13.78 13.80 13.83 13.87 13.90 13.93 13.96 13.99 14.02 14.05 14.09 14.12 14.16 14.20 14.24 14.27 14.31 14.34 14.38 14.42 14.46 14.49 14.53 14.57 14.61 14.65 14.69 14.73 14.77 14.80 14.84 14.89 14.93 14.97 15.01
13.82 13.81 13.79 13.77 13.75 13.74 13.73 13.72 13.70 13.69 13.69 13.68 13.67 13.66 13.65 13.65 13.65 13.65 13.65 13.65 13.65 13.65 13.66 13.66 13.67 13.67 13.68 13.69 13.70 13.72 13.73 13.75 13.76 13.78 13.79 13.81 13.83 13.86 13.88 13.90 13.92 13.94 13.97 13.99 14.02 14.04 14.07 14.11 14.14 14.16 14.19 14.22 14.26 14.29 14.32 14.35 14.38 14.42 14.46 14.49 14.53 14.57 14.60 14.64 14.67 14.71 14.74 14.78 14.81 14.85 14.89 14.92 14.96 15.00 15.03 15.07 15.11
14.01 14.00 13.98 13.96 13.94 13.93 13.92 13.91 13.89 13.88 13.88 13.87 13.86 13.85 13.85 13.84 13.84 13.85 13.84 13.84 13.84 13.84 13.86 13.86 13.86 13.87 13.88 13.88 13.89 13.90 13.92 13.94 13.95 13.96 13.98 14.00 14.01 14.03 14.05 14.08 14.10 14.12 14.14 14.16 14.19 14.21 14.24 14.26 14.29 14.33 14.35 14.38 14.41 14.44 14.47 14.50 14.53 14.56 14.59 14.63 14.66 14.70 14.72 14.77 14.80 14.83 14.87 14.90 14.93 14.97 15.00 15.03 15.07 15.10 15.13 15.17 15.20
14.17 14.17 14.15 14.13 14.12 14.11 14.10 14.08 14.07 14.06 14.05 14.05 14.04 14.04 14.03 14.02 14.03 14.03 14.03 14.02 14.02 14.03 14.03 14.04 14.05 14.05 14.06 14.06 14.07 14.08 14.09 14.11 14.13 14.14 14.15 14.17 14.18 14.20 14.22 14.23 14.26 14.28 14.30 14.33 14.35 14.37 14.39 14.42 14.44 14.47 14.49 14.53 14.55 14.58 14.61 14.64 14.67 14.69 14.72 14.75 14.78 14.81 14.84 14.87 14.91 14.95 14.97 15.01 15.04 15.07 15.10 15.13 15.17 15.20 15.23 15.26 15.29
14.33 14.32 14.31 14.29 14.28 14.26 14.26 14.25 14.23 14.22 14.22 14.22 14.21 14.20 14.20 14.19 14.19 14.20 14.19 14.19 14.19 14.19 14.20 14.20 14.21 14.22 14.22 14.23 14.24 14.25 14.26 14.28 14.29 14.30 14.31 14.33 14.34 14.36 14.37 14.39 14.41 14.43 14.45 14.47 14.49 14.51 14.54 14.56 14.58 14.60 14.63 14.65 14.69 14.71 14.74 14.76 14.79 14.82 14.84 14.87 14.90 14.93 14.96 14.98 15.01 15.04 15.07 15.10 15.13 15.16 15.20 15.22 15.25 15.28 15.31 15.34 15.37
14.47 14.47 14.45 14.44 14.42 14.41 14.41 14.40 14.39 14.38 14.37 14.37 14.36 14.36 14.35 14.35 14.34 14.35 14.35 14.35 14.35 14.35 14.35 14.35 14.36 14.37 14.38 14.38 14.39 14.40 14.41 14.42 14.43 14.45 14.46 14.47 14.48 14.50 14.51 14.53 14.55 14.56 14.58 14.61 14.63 14.65 14.67 14.69 14.71 14.73 14.75 14.77 14.80 14.82 14.84 14.88 14.90 14.93 14.95 14.98 15.00 15.03 15.06 15.08 15.11 15.14 15.16 15.19 15.22 15.24 15.27 15.30 15.32 15.35 15.38 15.41 15.43
14.60 14.60 14.58 14.57 14.56 14.55 14.54 14.53 14.52 14.51 14.51 14.50 14.50 14.50 14.49 14.49 14.48 14.48 14.49 14.49 14.49 14.49 14.49 14.49 14.50 14.51 14.52 14.52 14.53 14.54 14.54 14.55 14.56 14.58 14.59 14.61 14.62 14.63 14.64 14.66 14.67 14.69 14.71 14.72 14.75 14.77 14.79 14.81 14.83 14.85 14.87 14.89 14.91 14.93 14.95 14.97 15.00 15.03 15.05 15.08 15.10 15.12 15.15 15.17 15.20 15.22 15.25 15.27 15.30 15.32 15.35 15.37 15.40 15.42 15.45 15.47 15.50
14.72 14.72 14.71 14.69 14.68 14.67 14.67 14.66 14.65 14.64 14.63 14.63 14.63 14.63 14.62 14.62 14.61 14.61 14.62 14.62 14.62 14.62 14.62 14.62 14.63 14.63 14.64 14.65 14.66 14.66 14.67 14.68 14.69 14.70 14.71 14.73 14.74 14.75 14.76 14.78 14.79 14.81 14.82 14.84 14.86 14.88 14.90 14.91 14.93 14.95 14.97 14.99 15.01 15.03 15.05 15.07 15.09 15.11 15.13 15.16 15.18 15.21 15.23 15.26 15.28 15.30 15.32 15.35 15.37 15.39 15.42 15.44 15.46 15.49 15.51 15.53 15.56
14.83 14.83 14.82 14.80 14.79 14.78 14.78 14.77 14.77 14.76 14.75 14.74 14.75 14.74 14.74 14.74 14.73 14.73 14.74 14.74 14.74 14.74 14.74 14.74 14.74 14.76 14.76 14.77 14.77 14.78 14.79 14.79 14.80 14.81 14.83 14.84 14.85 14.86 14.87 14.89 14.90 14.91 14.93 14.94 14.95 14.97 15.00 15.01 15.03 15.05 15.06 15.08 15.10 15.12 15.14 15.16 15.18 15.20 15.22 15.24 15.26 15.28 15.30 15.33 15.35 15.37 15.39 15.41 15.44 15.46 15.48 15.50 15.52 15.54 15.56 15.59 15.61
14.94 14.93 14.92 14.91 14.89 14.89 14.89 14.88 14.87 14.86 14.86 14.86 14.85 14.85 14.85 14.84 14.84 14.84 14.85 14.85 14.85 14.85 14.85 14.85 14.85 14.85 14.87 14.87 14.88 14.88 14.89 14.90 14.90 14.91 14.92 14.93 14.95 14.96 14.97 14.98 14.99 15.01 15.02 15.03 15.05 15.06 15.08 15.09 15.12 15.13 15.15 15.17 15.18 15.20 15.22 15.23 15.25 15.27 15.29 15.31 15.33 15.35 15.37 15.38 15.40 15.42 15.45 15.46 15.48 15.51 15.53 15.55 15.57 15.59 15.61 15.63 15.65
15.03 15.02 15.01 15.00 14.99 14.98 14.98 14.97 14.96 14.96 14.95 14.96 14.95 14.95 14.94 14.94 14.94 14.94 14.93 14.94 14.94 14.94 14.95 14.95 14.95 14.95 14.96 14.97 14.97 14.98 14.99 14.99 15.00 15.01 15.01 15.03 15.04 15.05 15.06 15.07 15.08 15.09 15.11 15.12 15.13 15.14 15.16 15.17 15.20 15.21 15.23 15.24 15.26 15.27 15.29 15.31 15.32 15.34 15.36 15.37 15.39 15.41 15.43 15.44 15.46 15.48 15.50 15.52 15.54 15.55 15.57 15.59 15.61 15.63 15.65 15.66 15.68
15.11 15.10 15.09 15.08 15.07 15.07 15.06 15.06 15.05 15.04 15.04 15.04 15.04 15.03 15.03 15.03 15.03 15.02 15.03 15.03 15.03 15.03 15.03 15.03 15.04 15.04 15.04 15.06 15.06 15.07 15.07 15.08 15.08 15.09 15.10 15.11 15.12 15.13 15.14 15.15 15.16 15.17 15.18 15.19 15.21 15.22 15.23 15.24 15.26 15.28 15.29 15.31 15.32 15.34 15.35 15.37 15.38 15.40 15.41 15.43 15.45 15.46 15.48 15.50 15.51 15.53 15.55 15.56 15.58 15.60 15.61 15.63 15.65 15.67 15.68 15.70 15.72
15.18 15.17 15.16 15.15 15.15 15.15 15.14 15.13 15.13 15.12 15.12 15.12 15.12 15.11 15.11 15.11 15.11 15.10 15.11 15.11 15.11 15.11 15.11 15.11 15.12 15.12 15.12 15.13 15.14 15.14 15.15 15.15 15.16 15.17 15.17 15.18 15.20 15.21 15.21 15.22 15.23 15.24 15.25 15.26 15.27 15.28 15.30 15.31 15.32 15.33 15.36 15.37 15.38 15.40 15.41 15.42 15.44 15.45 15.47 15.48 15.50 15.51 15.53 15.54 15.56 15.57 15.59 15.60 15.62 15.64 15.65 15.67 15.68 15.70 15.71 15.73 15.75
15.24 15.24 15.23 15.22 15.21 15.21 15.21 15.20 15.20 15.19 15.20 15.19 15.19 15.18 15.18 15.18 15.18 15.17 15.18 15.18 15.18 15.18 15.18 15.19 15.19 15.19 15.20 15.20 15.21 15.21 15.22 15.22 15.23 15.23 15.24 15.25 15.25 15.26 15.28 15.29 15.30 15.30 15.31 15.32 15.33 15.34 15.35 15.37 15.38 15.39 15.40 15.41 15.43 15.45 15.46 15.47 15.49 15.50 15.51 15.53 15.54 15.55 15.57 15.58 15.60 15.61 15.62 15.64 15.65 15.67 15.68 15.70 15.71 15.73 15.74 15.76 15.77
15.30 15.29 15.29 15.28 15.28 15.27 15.27 15.26 15.26 15.25 15.26 15.25 15.25 15.25 15.24 15.24 15.24 15.24 15.25 15.25 15.25 15.25 15.25 15.25 15.25 15.25 15.26 15.27 15.27 15.27 15.28 15.28 15.29 15.29 15.30 15.31 15.32 15.33 15.34 15.34 15.35 15.36 15.37 15.38 15.39 15.40 15.41 15.42 15.43 15.44 15.45 15.46 15.47 15.49 15.50 15.52 15.53 15.54 15.55 15.56 15.58 15.59 15.60 15.62 15.63 15.64 15.66 15.67 15.68 15.70 15.71 15.72 15.74 15.75 15.76 15.78 15.79
15.35 15.34 15.34 15.34 15.33 15.33 15.32 15.32 15.31 15.32 15.31 15.31 15.30 15.30 15.30 15.30 15.30 15.30 15.30 15.30 15.30 15.30 15.30 15.30 15.31 15.31 15.32 15.32 15.33 15.33 15.33 15.34 15.34 15.35 15.35 15.36 15.37 15.38 15.39 15.39 15.40 15.41 15.42 15.42 15.43 15.44 15.45 15.46 15.47 15.48 15.49 15.50 15.51 15.53 15.54 15.54 15.56 15.57 15.59 15.60 15.61 15.62 15.63 15.65 15.66 15.67 15.68 15.69 15.71 15.72 15.73 15.74 15.76 15.77 15.78 15.79 15.81
15.39 15.39 15.38 15.38 15.38 15.37 15.37 15.36 15.36 15.36 15.36 15.36 15.35 15.35 15.35 15.35 15.35 15.35 15.35 15.35 15.35 15.35 15.35 15.35 15.35 15.37 15.37 15.37 15.37 15.38 15.38 15.38 15.39 15.39 15.40 15.40 15.42 15.42 15.43 15.44 15.44 15.45 15.46 15.47 15.47 15.48 15.49 15.50 15.51 15.52 15.52 15.53 15.54 15.55 15.57 15.58 15.59 15.60 15.62 15.63 15.64 15.65 15.66 15.67 15.68 15.69 15.70 15.71 15.73 15.74 15.75 15.76 15.77 15.78 15.79 15.81 15.82
15.43 15.42 15.43 15.42 15.42 15.41 15.41 15.40 15.40 15.40 15.40 15.40 15.40 15.39 15.39 15.39 15.40 15.40 15.39 15.39 15.39 15.39 15.39 15.40 15.40 15.40 15.41 15.41 15.41 15.42 15.42 15.42 15.43 15.43 15.44 15.44 15.46 15.46 15.47 15.47 15.48 15.49 15.49 15.50 15.51 15.51 15.52 15.53 15.54 15.55 15.56 15.56 15.57 15.58 15.59 15.61 15.62 15.62 15.63 15.65 15.66 15.67 15.68 15.69 15.70 15.71 15.72 15.73 15.74 15.75 15.76 15.77 15.78 15.79 15.80 15.82 15.82
