main/data/temperature/25.06.2023.grid
ncols 886
nrows 691
xllcenter 112.0000
yllcenter -44.5000
cellsize 0.0500
nodata_value 99999.90
[rows 170 to 203 of 691, columns 231 to 307 of 886]
30.45 30.54 30.68 30.70 30.92 30.98 30.89 30.97 31.15 31.21 31.25 31.40 31.45 31.56 31.92 31.83 31.96 32.18 32.36 32.52 32.68 32.80 32.91 33.03 33.11 33.19 33.24 33.37 33.51 33.60 33.69 33.80 33.91 33.98 34.03 34.08 34.13 34.16 34.16 34.19 34.17 34.16 34.19 34.16 34.04 33.97 33.79 33.84 34.02 34.02 33.96 33.58 33.79 33.87 33.86 33.64 33.48 32.36 32.96 33.25 33.46 33.47 33.48 33.31 33.27 32.85 32.86 32.90 32.64 32.55 32.47 32.11 32.47 32.34 32.21 32.10 32.04
30.30 30.38 30.54 30.73 30.84 30.78 30.93 30.96 31.05 31.14 31.08 31.24 31.19 31.36 31.70 31.70 31.91 32.15 32.30 32.43 32.52 32.69 32.78 32.92 33.03 33.15 33.25 33.34 33.43 33.54 33.61 33.70 33.80 33.94 33.99 34.04 34.09 34.06 34.10 34.13 34.11 34.14 34.15 34.20 34.11 34.02 33.97 33.89 33.94 33.94 33.75 33.60 32.95 33.76 33.71 33.67 33.53 33.36 33.08 33.23 33.28 33.37 33.20 32.67 32.95 32.77 32.80 32.88 32.76 32.66 32.63 32.63 32.49 32.42 32.20 32.08 32.03
29.59 30.23 30.55 30.60 30.77 30.73 30.85 30.92 31.03 31.07 31.06 31.19 31.15 31.17 31.41 31.68 31.90 32.07 32.02 32.20 32.42 32.54 32.66 32.82 32.89 32.98 33.07 33.09 32.66 33.22 33.38 33.51 33.52 33.67 33.74 33.91 34.04 34.05 34.03 34.02 34.08 34.11 34.15 34.17 34.11 34.05 33.92 33.60 33.79 33.52 33.77 33.52 33.35 33.27 33.14 33.53 33.46 33.34 33.03 33.16 33.16 33.28 33.31 32.87 32.82 32.39 32.89 32.87 32.87 32.83 32.75 32.61 32.37 32.29 32.26 32.13 32.13
29.97 30.21 30.38 30.50 30.61 30.64 30.63 30.85 30.78 30.90 31.01 31.08 31.05 31.07 31.19 31.45 31.53 31.77 31.90 32.03 32.31 32.35 32.52 32.73 32.83 32.83 32.86 32.70 32.62 32.63 33.01 33.07 33.10 33.36 33.56 33.73 33.92 33.90 33.99 34.00 34.02 34.08 34.09 34.13 34.02 33.92 33.94 33.90 33.43 33.40 33.21 33.43 33.52 33.36 33.09 33.31 33.45 33.29 33.20 33.02 32.99 33.02 33.27 32.95 32.98 32.89 33.01 32.84 32.70 32.70 32.62 32.54 32.42 32.34 32.19 32.21 32.17
30.01 30.19 30.34 30.38 30.46 30.55 30.45 30.62 30.74 30.72 30.90 30.98 30.98 30.98 31.08 31.24 31.30 31.51 31.75 31.99 32.23 32.25 32.37 32.57 32.73 32.76 32.80 32.64 32.42 32.14 32.15 32.40 33.08 33.29 33.51 33.60 33.70 33.76 33.79 33.94 33.94 33.99 34.03 34.02 33.98 33.96 33.93 33.83 33.65 33.14 33.40 33.32 33.28 33.35 33.16 32.98 33.17 33.32 33.21 33.00 32.87 32.88 32.84 33.20 33.15 32.97 33.05 32.83 32.88 32.84 32.70 32.67 32.48 32.34 32.25 32.06 31.99
29.77 30.09 30.17 30.30 30.15 30.30 30.31 30.57 30.67 30.67 30.67 30.80 30.80 30.88 30.96 31.13 31.38 31.44 31.64 31.89 32.10 32.11 32.20 32.42 32.61 32.74 32.80 32.78 32.20 32.27 32.15 32.42 32.72 32.98 33.30 33.27 33.22 33.57 33.76 33.86 33.76 33.78 33.95 33.94 33.88 33.90 33.87 33.87 33.79 33.71 33.51 32.92 32.80 33.05 33.07 33.05 33.06 33.06 33.07 33.14 32.94 32.93 32.99 33.02 32.93 32.95 32.94 32.92 32.80 32.76 32.60 32.50 32.48 32.36 32.12 32.07 31.72
29.64 29.95 29.98 30.15 30.08 30.09 30.31 30.36 30.33 30.46 30.47 30.62 30.61 30.69 31.08 31.12 31.36 31.53 31.75 31.83 31.87 31.87 32.09 32.27 32.49 32.57 32.76 32.73 32.62 32.53 32.37 32.42 32.89 32.84 32.71 32.81 33.19 33.51 33.61 33.73 33.57 33.54 33.61 33.80 33.66 33.71 33.80 33.78 33.72 33.68 33.59 33.37 32.95 33.04 33.09 33.03 33.01 33.13 33.21 33.11 33.00 32.97 32.98 32.92 32.82 32.74 32.72 32.76 32.71 32.53 32.56 32.44 32.34 32.22 31.91 32.02 31.85
29.78 29.70 29.93 29.75 29.74 29.87 30.11 30.10 30.09 30.23 30.18 30.49 30.41 30.70 30.90 30.75 31.27 31.45 31.55 31.68 31.75 31.85 32.00 32.06 32.28 32.46 32.61 32.72 32.75 32.79 32.71 32.83 32.84 32.93 32.89 32.86 32.83 33.35 33.47 33.50 33.51 33.41 33.45 33.69 33.60 33.37 33.70 33.73 33.63 33.56 33.49 33.45 33.00 33.17 33.26 33.17 33.27 33.20 33.25 33.17 33.12 32.90 33.02 32.99 32.82 32.61 32.53 32.42 32.59 32.23 32.40 32.38 32.42 32.00 32.04 31.72 31.56
29.37 29.50 29.53 29.57 29.62 29.87 29.99 30.12 30.13 30.17 30.12 30.24 30.42 30.70 30.83 30.92 30.76 31.28 31.31 31.59 31.67 31.76 31.88 32.01 32.15 32.30 32.45 32.60 32.66 32.76 32.74 32.83 32.91 32.94 32.93 32.78 33.05 33.29 33.37 33.35 33.35 33.41 33.57 33.55 33.20 32.72 33.57 33.64 33.65 33.52 33.35 33.25 32.69 33.30 33.33 33.19 32.90 32.78 33.06 32.97 33.02 33.01 32.86 32.98 32.79 32.66 32.48 32.45 32.35 32.00 32.17 32.00 32.27 32.00 31.90 31.54 31.59
29.00 29.22 29.40 29.62 29.73 29.90 29.97 30.10 30.14 30.19 30.23 30.33 30.37 30.57 30.67 30.87 31.00 30.93 31.16 31.42 31.50 31.62 31.72 31.97 32.00 32.09 32.32 32.42 32.42 32.38 32.56 32.73 32.83 32.77 32.80 32.91 33.01 33.16 33.16 33.16 33.16 33.25 33.42 33.57 33.51 33.51 33.47 33.54 33.58 33.58 33.27 33.22 33.20 33.32 33.12 33.04 32.67 32.61 32.55 32.43 32.69 32.47 32.75 32.82 32.83 32.65 32.49 32.39 32.16 32.17 32.19 31.98 31.99 31.92 31.85 31.57 31.62
29.14 29.27 29.36 29.58 29.75 29.92 30.04 30.14 30.16 30.17 30.30 30.39 30.47 30.53 30.55 30.64 30.79 30.76 31.05 31.38 31.31 31.41 31.53 31.76 31.72 31.96 31.91 32.19 32.25 32.18 32.32 32.61 32.76 32.73 32.74 32.58 32.72 33.01 32.91 32.93 33.02 33.28 33.32 33.41 33.52 33.51 33.35 33.46 33.47 33.43 33.30 33.27 33.38 33.21 33.07 32.77 32.65 32.59 32.52 32.32 32.42 32.52 32.61 32.56 32.76 32.49 32.59 32.42 32.47 32.25 32.21 32.11 32.12 31.93 31.63 31.59 31.72
29.13 29.31 29.40 29.52 29.75 29.88 30.00 30.10 30.20 30.28 30.34 30.48 30.54 30.51 30.53 30.64 30.69 30.82 30.82 31.00 31.13 31.23 31.35 31.56 31.70 31.90 31.97 31.93 32.01 31.89 32.21 32.50 32.58 32.70 32.73 32.80 32.72 32.86 32.90 32.51 33.04 33.14 33.14 33.28 33.32 33.38 33.31 33.35 33.44 33.37 33.35 33.41 33.24 33.24 32.98 32.84 32.76 32.72 32.60 32.27 32.11 32.45 32.51 32.50 32.58 32.64 32.60 32.53 32.48 32.36 32.38 32.32 32.18 32.04 31.77 31.76 31.81
29.20 29.35 29.42 29.52 29.72 29.87 29.94 30.03 30.10 30.20 30.32 30.44 30.53 30.59 30.57 30.61 30.63 30.72 30.72 30.82 30.91 31.15 31.21 31.36 31.59 31.71 31.68 31.89 31.86 31.79 32.10 32.30 32.43 32.23 32.54 32.76 32.71 32.78 32.68 32.72 32.91 32.96 32.92 33.13 33.16 33.17 33.20 33.24 33.32 33.31 33.34 33.26 33.20 32.96 32.88 32.87 32.82 32.65 32.52 32.40 32.28 32.46 32.25 32.32 32.37 32.41 32.44 32.29 32.31 32.28 32.25 32.12 32.09 31.90 31.75 31.78 31.90
29.36 29.38 29.49 29.59 29.73 29.89 29.94 29.92 29.77 29.94 30.07 30.30 30.48 30.60 30.58 30.57 30.61 30.72 30.76 30.81 30.84 30.94 30.92 31.18 31.35 31.38 31.54 31.59 31.66 31.71 31.77 32.04 32.15 32.21 32.38 32.51 32.51 32.63 32.45 32.19 32.69 32.76 32.74 32.88 32.97 33.00 32.96 33.01 33.16 33.25 33.24 33.17 33.01 33.03 32.85 32.89 32.87 32.74 32.69 32.60 32.55 32.52 32.44 32.29 32.27 32.11 32.30 32.27 32.20 32.12 32.01 31.90 31.95 31.73 31.78 31.91 31.92
29.28 29.32 29.41 29.54 29.72 29.90 29.94 29.86 29.71 29.89 30.02 30.17 30.48 30.59 30.62 30.71 30.70 30.78 30.88 30.86 30.86 30.95 30.96 31.13 31.23 31.24 31.44 31.61 31.63 31.69 31.67 31.84 32.04 32.02 32.21 32.36 32.24 32.06 32.51 32.61 32.26 32.32 32.43 32.50 32.76 32.93 32.82 32.81 32.88 33.12 33.21 33.04 32.97 32.84 32.82 32.83 32.81 32.81 32.68 32.62 32.64 32.55 32.49 32.31 32.37 32.30 32.25 32.13 32.04 31.92 31.81 31.66 31.50 31.74 31.70 31.80 31.95
29.03 29.14 29.00 29.35 29.63 29.84 29.88 29.81 29.81 29.96 30.03 30.11 30.45 30.57 30.55 30.56 30.64 30.75 30.91 30.93 30.89 30.98 31.04 31.18 31.19 31.11 31.34 31.48 31.48 31.58 31.64 31.74 31.92 32.11 32.16 32.11 31.92 32.28 32.16 32.09 32.34 32.40 32.49 32.54 32.48 32.69 32.45 32.42 32.60 32.97 32.83 33.01 32.79 32.81 32.81 32.83 32.79 32.80 32.70 32.74 32.67 32.54 32.48 32.47 32.48 32.33 32.23 31.99 31.69 31.54 31.72 31.67 31.75 31.82 31.83 31.83 32.03
28.83 29.04 29.17 29.34 29.53 29.73 29.84 29.89 29.97 30.01 30.12 30.25 30.35 30.53 30.57 30.54 30.61 30.66 30.92 30.86 31.03 31.12 31.08 31.11 31.11 31.04 31.14 31.44 31.56 31.52 31.54 31.73 31.88 32.08 32.16 32.19 32.13 31.95 32.13 32.18 32.32 32.44 32.50 32.58 32.51 32.50 32.59 32.62 32.66 32.64 32.62 32.69 32.71 32.69 32.71 32.76 32.78 32.80 32.72 32.68 32.67 32.63 32.61 32.52 32.41 32.30 32.16 32.08 31.98 31.90 31.86 31.72 31.77 31.84 31.93 31.96 32.02
28.83 29.05 29.23 29.42 29.57 29.69 29.84 29.92 30.00 30.06 30.17 30.27 30.39 30.49 30.57 30.68 30.71 30.75 30.92 30.99 31.05 31.15 31.14 31.18 31.19 31.11 31.10 31.35 31.53 31.58 31.55 31.68 31.83 32.01 32.10 32.18 32.08 32.07 32.10 32.24 32.31 32.40 32.45 32.53 32.53 32.62 32.59 32.64 32.66 32.67 32.57 32.58 32.53 32.39 32.35 32.51 32.66 32.62 32.70 32.67 32.66 32.57 32.47 32.44 32.36 32.32 32.23 32.07 31.81 31.86 31.88 31.61 31.52 31.61 31.77 31.92 31.99
28.90 29.03 29.15 29.31 29.52 29.69 29.80 29.91 29.99 30.05 30.17 30.23 30.36 30.45 30.53 30.62 30.70 30.80 30.91 31.02 31.14 31.09 31.20 31.16 31.10 31.07 31.04 31.27 31.51 31.52 31.56 31.53 31.76 31.95 32.07 32.10 32.07 32.16 32.09 31.95 32.18 32.31 32.44 32.48 32.47 32.53 32.54 32.57 32.61 32.65 32.58 32.55 32.57 32.58 32.48 32.54 32.55 32.44 32.43 32.49 32.58 32.61 32.47 32.28 32.24 32.11 32.02 32.04 31.87 31.90 31.71 31.57 31.61 31.71 31.76 31.76 31.89
28.82 28.81 29.11 29.27 29.46 29.64 29.76 29.83 29.87 29.95 30.04 30.12 30.25 30.34 30.44 30.53 30.64 30.74 30.86 30.95 31.08 31.17 31.21 31.19 31.16 31.12 31.10 31.25 31.44 31.55 31.61 31.56 31.60 31.79 32.02 32.11 32.12 32.15 32.21 32.09 32.17 32.17 32.35 32.44 32.43 32.47 32.48 32.54 32.64 32.65 32.62 32.63 32.53 32.49 32.51 32.54 32.50 32.48 32.33 32.41 32.39 32.47 32.49 32.42 32.38 32.29 32.23 32.17 32.09 31.95 31.85 31.71 31.61 31.64 31.89 31.89 31.84
28.74 29.01 29.04 29.31 29.46 29.54 29.55 29.62 29.64 29.61 29.85 29.96 30.06 30.17 30.23 30.44 30.55 30.66 30.76 30.90 30.99 31.11 31.22 31.23 31.22 31.30 31.29 31.30 31.33 31.55 31.58 31.53 31.57 31.73 31.96 32.06 32.08 32.02 32.16 32.26 32.29 32.31 32.37 32.38 32.45 32.47 32.53 32.53 32.61 32.62 32.63 32.63 32.58 32.39 32.47 32.53 32.55 32.38 32.42 32.44 32.38 32.27 32.36 32.34 32.38 32.30 32.23 32.08 32.00 31.98 31.96 31.89 31.85 31.87 32.03 32.01 31.98
28.79 28.92 29.14 29.30 29.37 29.40 29.37 29.37 29.39 29.46 29.65 29.83 29.92 30.04 30.17 30.30 30.42 30.54 30.68 30.82 30.93 31.03 31.14 31.16 31.28 31.32 31.29 31.39 31.44 31.58 31.66 31.60 31.71 31.76 31.94 31.97 32.03 31.95 32.06 32.19 32.26 32.33 32.36 32.39 32.44 32.48 32.54 32.51 32.58 32.61 32.61 32.58 32.60 32.50 32.47 32.40 32.50 32.45 32.56 32.56 32.52 32.35 32.37 32.39 32.30 32.25 32.11 32.04 31.95 31.89 31.97 31.99 31.93 31.93 32.14 32.10 32.04
28.92 29.01 29.12 29.22 29.25 29.24 29.19 29.19 29.14 29.26 29.46 29.54 29.71 29.93 30.01 30.13 30.29 30.38 30.55 30.73 30.86 30.94 31.02 31.10 31.20 31.27 31.33 31.39 31.45 31.56 31.66 31.66 31.62 31.86 31.97 32.04 32.01 31.98 32.00 32.17 32.26 32.28 32.32 32.37 32.42 32.46 32.51 32.55 32.57 32.54 32.47 32.39 32.48 32.52 32.50 32.55 32.51 32.44 32.51 32.49 32.53 32.50 32.47 32.45 32.42 32.34 32.18 31.94 31.82 31.82 31.99 32.12 32.09 32.07 32.20 32.18 32.13
28.99 29.04 29.07 29.10 29.10 29.08 28.92 28.92 28.91 28.94 29.11 29.25 29.38 29.55 29.74 29.85 30.10 30.23 30.45 30.52 30.75 30.87 30.96 31.07 31.15 31.26 31.30 31.39 31.46 31.51 31.63 31.65 31.78 31.85 31.97 31.95 31.95 31.91 32.10 32.18 32.20 32.28 32.33 32.36 32.39 32.42 32.47 32.51 32.54 32.52 32.45 32.51 32.43 32.55 32.52 32.44 32.35 32.50 32.50 32.50 32.50 32.51 32.47 32.47 32.45 32.37 32.23 32.12 31.96 31.77 31.91 32.05 32.19 32.18 32.23 32.19 32.21
28.85 28.87 28.93 28.92 28.93 28.99 28.98 28.82 28.80 28.78 28.87 29.05 29.19 29.29 29.43 29.58 29.83 29.97 30.24 30.39 30.65 30.76 30.89 31.00 31.13 31.18 31.30 31.35 31.45 31.52 31.56 31.64 31.74 31.79 31.86 31.91 31.91 31.96 32.04 32.07 32.20 32.22 32.30 32.32 32.39 32.42 32.42 32.50 32.49 32.54 32.43 32.35 32.32 32.54 32.59 32.42 32.34 32.46 32.48 32.50 32.48 32.45 32.40 32.37 32.35 32.40 32.26 32.17 32.08 31.84 31.99 32.15 32.23 32.30 32.33 32.34 32.38
28.62 28.66 28.78 28.72 28.70 28.80 28.88 28.81 28.82 28.85 28.98 29.12 29.20 29.20 29.33 29.35 29.60 29.76 30.06 30.22 30.52 30.61 30.71 30.90 31.02 31.08 31.19 31.28 31.37 31.43 31.54 31.54 31.63 31.73 31.81 31.88 31.95 31.96 32.02 32.10 32.17 32.23 32.28 32.33 32.39 32.41 32.46 32.47 32.45 32.49 32.48 32.27 32.40 32.50 32.54 32.46 32.43 32.42 32.40 32.40 32.45 32.43 32.40 32.25 32.36 32.24 32.29 32.26 32.20 32.08 32.02 32.17 32.24 32.30 32.33 32.37 32.38
28.43 28.45 28.61 28.70 28.65 28.58 28.58 28.75 28.87 28.98 29.02 28.94 29.06 29.19 29.32 29.32 29.39 29.58 29.74 29.94 30.27 30.39 30.45 30.73 30.88 31.00 31.09 31.18 31.27 31.36 31.45 31.47 31.61 31.67 31.75 31.81 31.88 31.93 32.00 32.08 32.11 32.20 32.26 32.33 32.34 32.35 32.39 32.43 32.39 32.44 32.38 32.39 32.40 32.48 32.46 32.38 32.21 32.39 32.38 32.33 32.35 32.23 32.33 32.30 32.28 32.29 32.19 31.97 32.16 32.08 32.11 32.01 32.19 32.32 32.35 32.34 32.33
28.21 28.22 28.28 28.50 28.60 28.61 28.45 28.56 28.69 28.87 28.95 28.87 28.81 28.86 29.11 29.20 29.32 29.41 29.45 29.74 30.04 30.30 30.38 30.53 30.74 30.92 31.02 31.12 31.23 31.28 31.29 31.43 31.54 31.59 31.71 31.77 31.84 31.89 31.96 32.03 32.03 32.06 32.15 32.23 32.30 32.32 32.35 32.38 32.41 32.41 32.39 32.40 32.34 32.41 32.46 32.42 32.40 32.42 32.42 32.32 32.11 32.27 32.32 32.32 32.03 31.97 32.03 32.01 31.86 32.03 32.17 32.17 32.23 32.29 32.32 32.31 32.31
28.04 28.04 28.01 28.17 28.47 28.51 28.43 28.36 28.48 28.63 28.73 28.86 28.83 28.66 28.93 29.01 29.13 29.22 29.24 29.57 29.86 30.14 30.33 30.42 30.55 30.73 30.90 31.00 31.07 31.17 31.31 31.39 31.50 31.56 31.64 31.70 31.77 31.78 31.85 31.84 31.90 32.00 32.06 32.13 32.18 32.25 32.29 32.27 32.33 32.34 32.38 32.35 32.34 32.33 32.38 32.38 32.41 32.40 32.41 32.27 32.24 32.27 32.29 32.28 32.18 31.90 31.95 31.98 31.99 31.96 32.09 32.20 32.27 32.28 32.28 32.27 32.27
27.81 27.80 27.92 28.13 28.31 28.35 28.37 28.28 28.26 28.39 28.61 28.75 28.76 28.68 28.76 28.87 28.93 29.13 29.04 29.24 29.63 29.90 30.10 30.23 30.37 30.63 30.77 30.89 30.98 31.11 31.19 31.27 31.33 31.42 31.54 31.62 31.62 31.72 31.76 31.80 31.74 31.80 31.87 31.95 32.05 32.19 32.21 32.27 32.29 32.29 32.30 32.32 32.22 32.24 32.21 32.30 32.31 32.33 32.29 32.26 32.25 32.22 32.24 32.26 32.24 32.07 32.12 32.05 31.99 31.98 31.96 32.21 32.22 32.22 32.24 32.24 32.24
27.49 27.58 27.75 28.00 28.21 28.11 28.06 28.07 28.12 28.08 28.39 28.57 28.56 28.54 28.67 28.83 28.80 28.91 29.00 29.18 29.41 29.67 29.87 30.07 30.31 30.46 30.62 30.73 30.86 31.00 31.08 31.14 31.12 31.33 31.38 31.40 31.56 31.55 31.63 31.51 31.55 31.60 31.52 31.75 31.91 32.07 32.08 32.13 32.21 32.24 32.24 32.27 32.24 32.22 32.20 32.16 32.20 32.22 32.21 32.18 32.03 32.06 32.05 32.11 32.19 32.14 32.12 31.96 31.95 32.01 32.09 32.16 32.18 32.18 32.20 32.21 32.20
27.20 27.39 27.58 27.74 27.94 27.97 27.91 27.85 27.82 27.98 28.05 28.36 28.53 28.56 28.67 28.57 28.60 28.64 28.83 29.08 29.36 29.49 29.71 29.88 30.10 30.25 30.39 30.52 30.66 30.79 30.96 31.06 31.12 31.24 31.20 31.37 31.45 31.46 31.46 31.44 31.38 31.42 31.30 31.58 31.85 31.93 31.97 31.99 32.09 32.05 32.13 32.16 32.15 32.15 32.11 32.08 32.06 32.03 32.06 32.02 32.06 32.10 32.06 31.98 32.03 31.96 31.91 31.87 31.86 31.95 32.01 32.10 32.12 32.10 32.13 32.14 32.15
27.15 27.36 27.43 27.49 27.74 27.80 27.83 27.88 27.79 27.75 27.91 28.14 28.31 28.49 28.53 28.51 28.46 28.44 28.67 28.87 29.05 29.33 29.49 29.63 29.92 30.06 30.12 30.28 30.44 30.62 30.78 30.91 31.04 31.15 31.21 31.30 31.37 31.40 31.40 31.33 31.21 31.15 31.19 31.45 31.69 31.79 31.80 31.74 31.93 31.91 32.02 32.01 32.02 32.05 32.04 31.98 31.94 31.91 31.87 31.91 31.90 31.97 31.95 31.96 32.03 31.95 31.89 31.64 31.61 31.84 31.93 32.02 32.06 32.05 32.06 32.07 32.09
27.03 27.07 27.11 27.24 27.57 27.63 27.52 27.71 27.80 27.70 27.76 27.95 28.17 28.35 28.38 28.31 28.29 28.31 28.53 28.85 29.02 29.12 29.30 29.43 29.61 29.74 29.95 30.09 30.23 30.38 30.55 30.75 30.91 31.05 31.15 31.21 31.27 31.23 31.25 31.26 31.13 30.94 31.09 31.33 31.61 31.61 31.55 31.56 31.61 31.81 31.86 31.90 31.92 31.94 31.96 31.93 31.82 31.81 31.78 31.83 31.68 31.66 31.75 31.84 31.89 31.85 31.79 31.59 31.69 31.79 31.90 31.88 32.01 32.02 31.98 31.96 31.97
