main/data/temperature/25.05.2023.grid
ncols 886
nrows 691
xllcenter 112.0000
yllcenter -44.5000
cellsize 0.0500
nodata_value 99999.90
[rows 170 to 203 of 691, columns 770 to 846 of 886]
25.22 25.24 25.26 25.27 25.30 25.32 25.33 25.35 25.38 25.39 25.41 25.42 25.45 25.46 25.47 25.50 25.51 25.52 25.55 25.56 25.57 25.59 25.61 25.62 25.64 25.66 25.67 25.69 25.71 25.73 25.74 25.75 25.77 25.78 25.79 25.80 25.81 25.82 25.82 25.82 25.82 25.81 25.81 25.80 25.80 25.79 25.77 25.77 25.75 25.75 25.73 25.73 25.71 25.70 25.70 25.69 25.68 25.67 25.67 25.66 25.66 25.65 25.65 25.64 25.64 25.63 25.63 25.61 25.61 25.60 25.60 25.59 25.59 25.57 25.57 25.56 25.56
25.16 25.19 25.21 25.22 25.24 25.26 25.29 25.30 25.32 25.35 25.36 25.38 25.41 25.42 25.44 25.45 25.48 25.49 25.51 25.53 25.54 25.57 25.58 25.60 25.62 25.64 25.66 25.68 25.70 25.72 25.74 25.75 25.77 25.78 25.80 25.81 25.81 25.83 25.83 25.83 25.83 25.83 25.82 25.81 25.80 25.79 25.78 25.77 25.76 25.74 25.74 25.72 25.70 25.70 25.70 25.68 25.67 25.67 25.65 25.65 25.64 25.64 25.63 25.63 25.62 25.62 25.60 25.60 25.59 25.59 25.59 25.58 25.57 25.56 25.56 25.54 25.54
25.11 25.13 25.15 25.17 25.19 25.21 25.24 25.26 25.28 25.29 25.32 25.34 25.36 25.38 25.40 25.42 25.44 25.46 25.48 25.50 25.51 25.54 25.56 25.58 25.60 25.62 25.64 25.67 25.69 25.71 25.73 25.76 25.77 25.79 25.81 25.81 25.83 25.83 25.83 25.84 25.83 25.84 25.83 25.82 25.81 25.80 25.78 25.77 25.76 25.75 25.73 25.71 25.70 25.70 25.68 25.67 25.66 25.65 25.65 25.64 25.63 25.62 25.62 25.62 25.61 25.60 25.59 25.59 25.58 25.58 25.57 25.56 25.55 25.55 25.53 25.53 25.51
25.06 25.08 25.10 25.12 25.14 25.16 25.18 25.20 25.23 25.25 25.27 25.30 25.32 25.34 25.36 25.38 25.41 25.42 25.44 25.47 25.49 25.51 25.53 25.55 25.58 25.60 25.64 25.66 25.68 25.71 25.73 25.76 25.77 25.79 25.80 25.80 25.81 25.81 25.82 25.82 25.83 25.83 25.83 25.82 25.82 25.80 25.79 25.77 25.75 25.74 25.73 25.71 25.70 25.68 25.67 25.66 25.65 25.64 25.64 25.62 25.62 25.61 25.61 25.60 25.59 25.58 25.58 25.57 25.57 25.55 25.55 25.54 25.53 25.52 25.52 25.51 25.50
25.00 25.03 25.05 25.07 25.09 25.12 25.14 25.16 25.19 25.21 25.23 25.26 25.28 25.29 25.32 25.34 25.36 25.39 25.41 25.44 25.46 25.49 25.51 25.53 25.56 25.59 25.62 25.64 25.67 25.70 25.72 25.75 25.76 25.78 25.78 25.79 25.79 25.80 25.80 25.81 25.81 25.82 25.81 25.82 25.81 25.80 25.79 25.77 25.76 25.73 25.72 25.70 25.69 25.68 25.66 25.65 25.64 25.63 25.62 25.61 25.60 25.60 25.58 25.58 25.57 25.57 25.56 25.55 25.55 25.54 25.53 25.52 25.52 25.50 25.50 25.48 25.48
24.95 24.97 25.00 25.02 25.04 25.07 25.09 25.11 25.14 25.16 25.18 25.20 25.23 25.25 25.28 25.30 25.32 25.35 25.38 25.41 25.43 25.45 25.48 25.51 25.54 25.57 25.60 25.63 25.67 25.69 25.72 25.73 25.75 25.75 25.76 25.77 25.77 25.78 25.78 25.79 25.79 25.79 25.79 25.80 25.80 25.80 25.79 25.77 25.75 25.74 25.71 25.70 25.68 25.66 25.65 25.64 25.63 25.61 25.61 25.59 25.59 25.57 25.57 25.56 25.56 25.55 25.54 25.54 25.52 25.52 25.51 25.50 25.49 25.48 25.48 25.46 25.46
24.91 24.93 24.95 24.98 25.00 25.02 25.05 25.07 25.09 25.12 25.14 25.16 25.19 25.22 25.25 25.27 25.29 25.32 25.34 25.37 25.40 25.43 25.46 25.48 25.52 25.55 25.58 25.61 25.65 25.68 25.70 25.71 25.72 25.72 25.74 25.74 25.75 25.75 25.76 25.76 25.77 25.77 25.78 25.78 25.78 25.78 25.78 25.77 25.75 25.73 25.71 25.68 25.67 25.66 25.64 25.63 25.61 25.60 25.58 25.58 25.56 25.56 25.56 25.54 25.54 25.53 25.52 25.51 25.51 25.50 25.49 25.48 25.47 25.46 25.45 25.44 25.43
24.87 24.88 24.90 24.93 24.95 24.97 25.01 25.03 25.05 25.08 25.10 25.12 25.15 25.18 25.20 25.23 25.25 25.28 25.31 25.34 25.37 25.40 25.43 25.47 25.50 25.52 25.57 25.61 25.64 25.66 25.67 25.68 25.69 25.70 25.71 25.71 25.73 25.74 25.74 25.75 25.75 25.76 25.75 25.76 25.76 25.77 25.76 25.76 25.74 25.72 25.70 25.68 25.66 25.64 25.63 25.60 25.60 25.58 25.57 25.55 25.55 25.54 25.53 25.52 25.51 25.51 25.49 25.49 25.49 25.47 25.47 25.45 25.45 25.43 25.43 25.42 25.40
24.82 24.84 24.86 24.88 24.91 24.93 24.95 24.98 25.01 25.03 25.06 25.08 25.11 25.14 25.16 25.19 25.21 25.25 25.27 25.31 25.33 25.37 25.40 25.44 25.47 25.51 25.54 25.59 25.61 25.64 25.64 25.66 25.67 25.68 25.68 25.70 25.70 25.71 25.71 25.72 25.73 25.73 25.74 25.74 25.74 25.74 25.75 25.74 25.73 25.71 25.69 25.67 25.64 25.63 25.60 25.59 25.58 25.56 25.55 25.54 25.53 25.52 25.51 25.50 25.49 25.49 25.47 25.47 25.46 25.45 25.45 25.43 25.43 25.41 25.40 25.39 25.38
24.77 24.80 24.82 24.84 24.87 24.89 24.91 24.94 24.96 24.99 25.02 25.04 25.07 25.10 25.12 25.15 25.18 25.21 25.24 25.27 25.30 25.34 25.37 25.41 25.44 25.48 25.52 25.56 25.59 25.61 25.61 25.63 25.65 25.65 25.66 25.67 25.68 25.68 25.69 25.69 25.70 25.70 25.71 25.72 25.72 25.72 25.72 25.72 25.71 25.70 25.68 25.65 25.63 25.60 25.59 25.57 25.56 25.55 25.53 25.52 25.50 25.50 25.49 25.48 25.47 25.46 25.45 25.45 25.43 25.43 25.41 25.41 25.39 25.39 25.38 25.36 25.36
24.73 24.76 24.78 24.80 24.82 24.85 24.87 24.89 24.92 24.94 24.98 25.00 25.03 25.06 25.08 25.11 25.14 25.17 25.20 25.24 25.26 25.30 25.35 25.38 25.42 25.45 25.50 25.53 25.56 25.57 25.59 25.60 25.61 25.62 25.63 25.64 25.65 25.66 25.66 25.67 25.67 25.68 25.69 25.69 25.70 25.69 25.70 25.70 25.70 25.68 25.65 25.63 25.61 25.59 25.56 25.55 25.54 25.52 25.51 25.50 25.48 25.48 25.46 25.45 25.45 25.43 25.43 25.41 25.41 25.39 25.39 25.38 25.37 25.36 25.34 25.34 25.33
24.69 24.71 24.74 24.76 24.78 24.81 24.83 24.86 24.88 24.90 24.94 24.96 24.99 25.02 25.05 25.07 25.11 25.14 25.17 25.20 25.24 25.27 25.31 25.34 25.39 25.42 25.47 25.50 25.53 25.55 25.56 25.58 25.58 25.60 25.60 25.62 25.62 25.63 25.64 25.64 25.65 25.65 25.66 25.67 25.67 25.67 25.67 25.68 25.68 25.66 25.64 25.61 25.59 25.57 25.54 25.53 25.51 25.50 25.49 25.47 25.46 25.44 25.44 25.43 25.42 25.41 25.40 25.39 25.39 25.37 25.36 25.36 25.34 25.33 25.32 25.31 25.30
24.66 24.67 24.70 24.72 24.74 24.77 24.79 24.81 24.84 24.86 24.90 24.92 24.95 24.98 25.01 25.03 25.07 25.10 25.13 25.16 25.20 25.23 25.27 25.31 25.35 25.39 25.43 25.48 25.50 25.52 25.53 25.54 25.56 25.57 25.58 25.58 25.60 25.61 25.61 25.62 25.62 25.63 25.64 25.64 25.65 25.64 25.65 25.66 25.65 25.64 25.61 25.59 25.57 25.54 25.52 25.50 25.49 25.47 25.45 25.45 25.43 25.42 25.41 25.40 25.39 25.39 25.37 25.37 25.36 25.34 25.34 25.32 25.31 25.31 25.29 25.28 25.26
24.62 24.64 24.66 24.68 24.70 24.73 24.75 24.77 24.80 24.82 24.86 24.88 24.91 24.93 24.97 24.99 25.03 25.06 25.09 25.12 25.16 25.20 25.23 25.28 25.31 25.36 25.40 25.44 25.47 25.48 25.50 25.51 25.53 25.54 25.55 25.56 25.56 25.58 25.59 25.59 25.60 25.60 25.61 25.62 25.61 25.62 25.62 25.62 25.63 25.60 25.58 25.56 25.53 25.52 25.49 25.47 25.46 25.44 25.43 25.42 25.40 25.40 25.39 25.37 25.37 25.35 25.34 25.34 25.32 25.32 25.30 25.29 25.29 25.27 25.26 25.25 25.24
24.59 24.60 24.63 24.65 24.66 24.69 24.71 24.74 24.76 24.78 24.82 24.84 24.87 24.89 24.93 24.95 24.99 25.02 25.05 25.09 25.12 25.16 25.19 25.24 25.28 25.32 25.37 25.40 25.43 25.45 25.46 25.48 25.49 25.51 25.52 25.53 25.54 25.55 25.56 25.57 25.57 25.58 25.59 25.58 25.59 25.59 25.59 25.60 25.59 25.58 25.56 25.53 25.51 25.49 25.46 25.45 25.44 25.41 25.40 25.38 25.38 25.37 25.35 25.35 25.34 25.32 25.32 25.30 25.29 25.29 25.27 25.26 25.26 25.24 25.23 25.21 25.21
24.55 24.58 24.59 24.61 24.63 24.66 24.67 24.70 24.72 24.76 24.78 24.80 24.83 24.86 24.89 24.92 24.95 24.98 25.01 25.05 25.08 25.12 25.16 25.19 25.24 25.29 25.32 25.37 25.39 25.42 25.44 25.45 25.46 25.48 25.49 25.50 25.50 25.52 25.53 25.53 25.54 25.55 25.55 25.56 25.56 25.56 25.57 25.56 25.56 25.55 25.52 25.50 25.48 25.45 25.43 25.42 25.40 25.39 25.38 25.36 25.35 25.33 25.32 25.32 25.30 25.29 25.29 25.27 25.27 25.26 25.24 25.23 25.23 25.21 25.20 25.18 25.17
24.52 24.54 24.56 24.58 24.60 24.62 24.64 24.67 24.69 24.72 24.74 24.77 24.79 24.82 24.85 24.88 24.91 24.94 24.98 25.01 25.05 25.08 25.12 25.16 25.19 25.24 25.27 25.32 25.36 25.38 25.40 25.42 25.42 25.44 25.46 25.46 25.48 25.48 25.49 25.50 25.51 25.52 25.52 25.52 25.53 25.54 25.53 25.54 25.53 25.50 25.48 25.46 25.44 25.42 25.40 25.38 25.37 25.36 25.34 25.33 25.32 25.30 25.29 25.29 25.27 25.27 25.26 25.24 25.24 25.23 25.21 25.20 25.19 25.18 25.17 25.15 25.14
24.49 24.51 24.53 24.54 24.57 24.58 24.61 24.63 24.65 24.68 24.70 24.73 24.75 24.78 24.82 24.84 24.87 24.90 24.94 24.97 25.00 25.04 25.07 25.11 25.16 25.19 25.23 25.28 25.31 25.35 25.36 25.38 25.40 25.40 25.42 25.43 25.44 25.45 25.46 25.47 25.48 25.49 25.49 25.50 25.50 25.50 25.51 25.51 25.48 25.46 25.45 25.42 25.40 25.39 25.36 25.35 25.34 25.32 25.31 25.30 25.28 25.27 25.26 25.25 25.24 25.23 25.22 25.21 25.20 25.19 25.18 25.17 25.15 25.15 25.14 25.12 25.11
24.46 24.48 24.50 24.51 24.53 24.55 24.58 24.59 24.62 24.64 24.67 24.69 24.72 24.74 24.78 24.80 24.83 24.87 24.89 24.93 24.97 24.99 25.03 25.07 25.11 25.15 25.18 25.23 25.27 25.30 25.33 25.35 25.36 25.37 25.39 25.39 25.41 25.42 25.43 25.44 25.45 25.45 25.46 25.47 25.46 25.47 25.47 25.46 25.44 25.42 25.40 25.38 25.36 25.35 25.33 25.31 25.30 25.28 25.27 25.27 25.25 25.24 25.23 25.22 25.21 25.20 25.19 25.18 25.17 25.16 25.15 25.14 25.12 25.11 25.11 25.09 25.08
24.44 24.45 24.46 24.49 24.50 24.52 24.54 24.56 24.59 24.61 24.63 24.66 24.68 24.71 24.74 24.77 24.80 24.82 24.86 24.88 24.92 24.96 24.99 25.03 25.07 25.10 25.14 25.18 25.21 25.25 25.29 25.30 25.32 25.34 25.35 25.36 25.38 25.38 25.40 25.41 25.41 25.42 25.43 25.43 25.43 25.44 25.43 25.41 25.40 25.38 25.35 25.34 25.33 25.30 25.29 25.28 25.26 25.25 25.24 25.22 25.21 25.21 25.19 25.18 25.18 25.16 25.15 25.15 25.14 25.12 25.12 25.11 25.09 25.08 25.07 25.06 25.05
24.41 24.42 24.43 24.46 24.47 24.49 24.51 24.54 24.55 24.58 24.60 24.63 24.64 24.67 24.71 24.73 24.76 24.79 24.81 24.85 24.87 24.91 24.95 24.98 25.01 25.05 25.08 25.12 25.16 25.20 25.23 25.26 25.29 25.30 25.32 25.33 25.34 25.35 25.36 25.37 25.38 25.39 25.39 25.39 25.40 25.39 25.38 25.36 25.35 25.33 25.31 25.30 25.28 25.26 25.25 25.24 25.22 25.21 25.21 25.19 25.18 25.17 25.16 25.15 25.14 25.13 25.12 25.11 25.10 25.09 25.08 25.06 25.06 25.05 25.03 25.02 25.01
24.38 24.39 24.41 24.43 24.45 24.46 24.48 24.50 24.53 24.54 24.57 24.59 24.62 24.64 24.66 24.70 24.72 24.75 24.78 24.80 24.84 24.87 24.90 24.93 24.97 25.00 25.04 25.08 25.10 25.14 25.18 25.20 25.23 25.26 25.28 25.29 25.30 25.32 25.32 25.33 25.34 25.34 25.35 25.35 25.35 25.33 25.32 25.31 25.29 25.28 25.27 25.25 25.23 25.22 25.21 25.19 25.19 25.18 25.16 25.15 25.15 25.14 25.12 25.12 25.11 25.09 25.09 25.08 25.06 25.06 25.05 25.03 25.02 25.01 25.00 24.99 24.98
24.36 24.38 24.39 24.40 24.42 24.43 24.45 24.47 24.49 24.51 24.53 24.56 24.58 24.61 24.64 24.65 24.68 24.71 24.74 24.77 24.80 24.82 24.86 24.89 24.92 24.96 24.99 25.02 25.05 25.09 25.11 25.15 25.18 25.20 25.22 25.24 25.26 25.27 25.28 25.29 25.30 25.30 25.30 25.30 25.28 25.28 25.27 25.25 25.24 25.23 25.22 25.20 25.19 25.18 25.17 25.16 25.15 25.14 25.12 25.12 25.11 25.09 25.09 25.08 25.08 25.06 25.05 25.05 25.03 25.02 25.01 25.00 24.99 24.98 24.96 24.95 24.95
24.34 24.35 24.36 24.38 24.39 24.41 24.42 24.45 24.46 24.48 24.51 24.52 24.55 24.57 24.60 24.62 24.64 24.67 24.70 24.72 24.75 24.79 24.82 24.84 24.88 24.91 24.93 24.97 25.00 25.03 25.06 25.09 25.11 25.14 25.16 25.18 25.19 25.21 25.23 25.23 25.23 25.24 25.24 25.23 25.23 25.22 25.22 25.20 25.19 25.18 25.18 25.16 25.15 25.14 25.12 25.12 25.11 25.09 25.09 25.08 25.07 25.06 25.05 25.05 25.04 25.02 25.02 25.01 24.99 24.99 24.98 24.96 24.95 24.95 24.93 24.92 24.91
24.31 24.32 24.34 24.35 24.37 24.38 24.40 24.41 24.44 24.46 24.47 24.50 24.51 24.54 24.57 24.58 24.61 24.64 24.66 24.69 24.72 24.74 24.77 24.80 24.82 24.86 24.89 24.92 24.94 24.97 25.00 25.02 25.05 25.08 25.10 25.11 25.13 25.15 25.16 25.16 25.17 25.18 25.18 25.17 25.17 25.17 25.15 25.15 25.14 25.14 25.12 25.11 25.11 25.10 25.08 25.08 25.07 25.07 25.05 25.04 25.04 25.02 25.02 25.01 24.99 24.99 24.98 24.97 24.96 24.95 24.94 24.93 24.92 24.91 24.89 24.89 24.88
24.29 24.31 24.31 24.33 24.34 24.36 24.37 24.39 24.41 24.43 24.45 24.46 24.49 24.51 24.53 24.55 24.58 24.60 24.62 24.65 24.67 24.70 24.73 24.75 24.78 24.81 24.84 24.86 24.89 24.92 24.95 24.97 24.99 25.02 25.04 25.05 25.07 25.09 25.09 25.10 25.11 25.12 25.11 25.11 25.11 25.11 25.10 25.10 25.09 25.08 25.07 25.07 25.06 25.05 25.04 25.04 25.03 25.02 25.01 25.01 25.00 24.99 24.98 24.97 24.96 24.95 24.95 24.94 24.92 24.92 24.91 24.89 24.88 24.88 24.86 24.85 24.84
24.27 24.28 24.30 24.31 24.32 24.33 24.35 24.36 24.38 24.40 24.42 24.44 24.46 24.48 24.50 24.52 24.54 24.57 24.59 24.61 24.64 24.66 24.69 24.71 24.74 24.77 24.80 24.82 24.84 24.87 24.89 24.91 24.94 24.96 24.97 24.99 25.01 25.02 25.03 25.04 25.05 25.05 25.05 25.06 25.06 25.05 25.05 25.05 25.04 25.04 25.03 25.02 25.02 25.01 25.00 25.00 24.99 24.98 24.97 24.97 24.96 24.95 24.94 24.94 24.92 24.92 24.91 24.90 24.89 24.88 24.87 24.86 24.85 24.84 24.83 24.81 24.81
24.25 24.26 24.27 24.29 24.30 24.31 24.33 24.34 24.36 24.37 24.39 24.41 24.43 24.45 24.47 24.49 24.51 24.53 24.55 24.57 24.60 24.63 24.64 24.67 24.70 24.71 24.74 24.77 24.80 24.82 24.84 24.86 24.89 24.90 24.92 24.94 24.95 24.96 24.97 24.99 24.99 24.99 25.00 25.00 25.01 25.00 25.00 25.00 25.00 24.98 24.98 24.98 24.98 24.96 24.96 24.96 24.95 24.94 24.93 24.93 24.92 24.91 24.90 24.90 24.89 24.88 24.87 24.87 24.85 24.84 24.84 24.82 24.81 24.80 24.80 24.78 24.77
24.23 24.24 24.26 24.26 24.28 24.30 24.30 24.32 24.34 24.35 24.37 24.39 24.40 24.42 24.44 24.46 24.48 24.50 24.52 24.54 24.57 24.58 24.61 24.63 24.66 24.67 24.70 24.72 24.75 24.76 24.79 24.81 24.83 24.84 24.86 24.88 24.90 24.90 24.92 24.93 24.94 24.94 24.94 24.95 24.95 24.95 24.95 24.95 24.95 24.94 24.94 24.94 24.93 24.92 24.92 24.91 24.91 24.90 24.89 24.89 24.89 24.87 24.87 24.86 24.86 24.84 24.83 24.83 24.82 24.81 24.80 24.79 24.77 24.77 24.76 24.75 24.74
24.22 24.23 24.24 24.25 24.26 24.27 24.29 24.30 24.31 24.33 24.35 24.36 24.38 24.40 24.41 24.43 24.45 24.46 24.48 24.51 24.53 24.54 24.57 24.59 24.62 24.63 24.65 24.68 24.70 24.72 24.74 24.76 24.78 24.79 24.81 24.83 24.84 24.85 24.86 24.87 24.88 24.88 24.89 24.90 24.90 24.90 24.90 24.90 24.90 24.89 24.89 24.89 24.89 24.88 24.88 24.87 24.87 24.86 24.86 24.85 24.85 24.84 24.83 24.82 24.82 24.80 24.80 24.79 24.78 24.77 24.76 24.75 24.75 24.73 24.72 24.72 24.70
24.20 24.21 24.23 24.23 24.25 24.25 24.27 24.28 24.29 24.31 24.32 24.33 24.35 24.37 24.38 24.40 24.42 24.43 24.45 24.47 24.50 24.51 24.53 24.55 24.58 24.59 24.61 24.64 24.66 24.67 24.69 24.71 24.73 24.74 24.76 24.78 24.79 24.80 24.81 24.82 24.82 24.83 24.84 24.85 24.85 24.85 24.85 24.85 24.85 24.85 24.85 24.85 24.85 24.85 24.83 24.83 24.83 24.83 24.82 24.81 24.81 24.80 24.79 24.79 24.78 24.76 24.76 24.75 24.75 24.74 24.72 24.72 24.71 24.69 24.69 24.68 24.66
24.18 24.20 24.20 24.22 24.23 24.24 24.25 24.26 24.27 24.29 24.30 24.31 24.33 24.35 24.35 24.37 24.39 24.41 24.42 24.44 24.46 24.47 24.49 24.52 24.54 24.55 24.57 24.59 24.61 24.62 24.64 24.66 24.67 24.69 24.71 24.73 24.73 24.75 24.76 24.77 24.78 24.78 24.79 24.80 24.80 24.80 24.80 24.81 24.81 24.80 24.80 24.80 24.80 24.80 24.79 24.79 24.79 24.79 24.78 24.77 24.77 24.77 24.75 24.75 24.74 24.74 24.72 24.71 24.71 24.70 24.68 24.68 24.67 24.65 24.65 24.64 24.63
24.17 24.19 24.19 24.20 24.22 24.22 24.23 24.25 24.25 24.27 24.28 24.29 24.30 24.32 24.33 24.35 24.36 24.38 24.39 24.41 24.43 24.44 24.46 24.48 24.50 24.51 24.53 24.55 24.56 24.58 24.60 24.62 24.63 24.64 24.66 24.68 24.69 24.70 24.71 24.72 24.73 24.73 24.74 24.75 24.75 24.76 24.76 24.76 24.76 24.77 24.76 24.76 24.76 24.76 24.75 24.75 24.75 24.75 24.74 24.73 24.73 24.73 24.72 24.71 24.70 24.70 24.69 24.68 24.67 24.66 24.65 24.64 24.63 24.63 24.61 24.60 24.60
24.16 24.17 24.18 24.19 24.20 24.20 24.22 24.23 24.23 24.25 24.26 24.26 24.28 24.30 24.30 24.32 24.33 24.35 24.36 24.38 24.40 24.40 24.42 24.44 24.46 24.47 24.49 24.51 24.53 24.54 24.56 24.57 24.59 24.60 24.61 24.63 24.64 24.65 24.66 24.67 24.68 24.68 24.69 24.70 24.71 24.71 24.71 24.71 24.72 24.72 24.71 24.72 24.72 24.72 24.72 24.71 24.71 24.71 24.71 24.70 24.69 24.69 24.68 24.67 24.66 24.66 24.65 24.64 24.63 24.62 24.62 24.60 24.59 24.59 24.58 24.56 24.56
