main/data/temperature/25.05.2023.grid
ncols 886
nrows 691
xllcenter 112.0000
yllcenter -44.5000
cellsize 0.0500
nodata_value 99999.90
[rows 238 to 271 of 691, columns 308 to 384 of 886]
27.92 27.74 27.80 27.84 27.99 27.91 27.75 27.63 27.41 27.25 27.43 27.67 27.72 27.65 27.70 27.56 27.58 27.50 27.59 27.84 27.88 27.87 27.89 27.80 27.74 27.73 27.79 27.83 27.85 27.83 27.75 27.88 27.90 27.86 27.78 27.77 27.72 27.62 27.49 27.53 27.66 27.73 27.78 27.81 27.74 27.63 27.50 27.41 27.38 27.28 27.35 27.32 27.26 27.19 27.13 27.14 27.10 27.05 27.01 26.91 26.86 26.88 26.87 26.84 26.87 26.90 26.84 26.82 26.82 26.79 26.79 26.82 26.79 26.87 26.87 26.88 26.84
27.86 27.72 27.64 27.82 27.93 27.77 27.65 27.55 27.30 27.21 27.48 27.58 27.61 27.66 27.61 27.62 27.54 27.58 27.60 27.84 27.84 27.76 27.77 27.71 27.73 27.78 27.79 27.77 27.62 27.67 27.64 27.78 27.84 27.83 27.79 27.77 27.75 27.66 27.60 27.61 27.72 27.77 27.77 27.76 27.66 27.53 27.43 27.39 27.38 27.25 27.14 27.19 27.12 27.07 27.00 27.00 26.97 26.95 26.89 26.80 26.71 26.73 26.62 26.75 26.71 26.77 26.71 26.68 26.69 26.67 26.66 26.71 26.75 26.77 26.76 26.80 26.74
27.68 27.65 27.76 27.85 27.90 27.74 27.56 27.33 27.26 27.18 27.41 27.58 27.61 27.56 27.65 27.51 27.62 27.52 27.61 27.76 27.57 27.73 27.72 27.73 27.70 27.67 27.60 27.62 27.70 27.75 27.77 27.80 27.80 27.83 27.81 27.81 27.82 27.72 27.73 27.73 27.77 27.74 27.73 27.71 27.61 27.48 27.45 27.39 27.31 27.25 27.08 27.07 27.04 26.87 26.85 26.82 26.75 26.78 26.76 26.65 26.48 26.55 26.34 26.64 26.62 26.55 26.28 26.42 26.45 26.26 26.47 26.60 26.63 26.61 26.64 26.73 26.65
27.51 27.69 27.67 27.82 27.80 27.66 27.52 27.24 27.26 27.23 27.46 27.60 27.61 27.59 27.58 27.54 27.56 27.52 27.43 27.52 27.70 27.70 27.64 27.59 27.55 27.51 27.33 27.55 27.63 27.73 27.76 27.76 27.80 27.79 27.78 27.81 27.81 27.78 27.74 27.73 27.73 27.70 27.66 27.63 27.59 27.47 27.47 27.34 27.21 27.17 27.10 27.00 26.89 26.74 26.68 26.67 26.74 26.75 26.55 26.50 26.46 26.43 26.47 26.45 26.48 26.46 26.36 26.33 26.46 26.49 26.43 26.54 26.50 26.43 26.50 26.60 26.48
27.38 27.56 27.71 27.73 27.78 27.59 27.37 27.39 27.17 27.22 27.44 27.59 27.62 27.61 27.60 27.62 27.62 27.61 27.62 27.65 27.65 27.61 27.52 27.47 27.43 27.31 27.46 27.57 27.65 27.71 27.74 27.76 27.76 27.75 27.76 27.76 27.78 27.77 27.75 27.69 27.60 27.59 27.58 27.56 27.54 27.51 27.48 27.29 27.19 26.96 26.93 26.87 26.86 26.85 26.87 26.88 26.78 26.81 26.70 26.70 26.64 26.46 26.59 26.40 26.32 26.36 26.27 26.16 26.34 26.35 26.36 26.42 26.40 26.29 26.46 26.54 26.49
27.35 27.54 27.64 27.74 27.73 27.51 27.35 27.25 27.36 27.15 27.38 27.48 27.57 27.57 27.52 27.52 27.61 27.55 27.61 27.58 27.56 27.51 27.55 27.47 27.45 27.45 27.52 27.59 27.63 27.69 27.70 27.72 27.73 27.73 27.73 27.71 27.71 27.60 27.63 27.59 27.41 27.42 27.45 27.37 27.44 27.42 27.39 27.32 27.16 27.12 27.02 26.93 26.93 26.84 26.94 26.89 26.88 26.82 26.76 26.69 26.66 26.63 26.55 26.32 26.30 26.23 26.19 26.16 26.20 26.18 26.27 26.34 26.31 26.23 26.40 26.45 26.40
27.34 27.46 27.60 27.69 27.72 27.64 27.47 27.31 27.41 27.43 27.40 27.46 27.46 27.32 27.52 27.50 27.50 27.57 27.56 27.51 27.49 27.36 27.48 27.49 27.48 27.55 27.55 27.60 27.62 27.69 27.66 27.66 27.68 27.70 27.71 27.59 27.61 27.60 27.55 27.54 27.42 27.30 27.33 27.34 27.37 27.36 27.33 27.27 27.21 27.11 27.09 27.02 27.03 26.99 26.95 26.90 26.86 26.82 26.75 26.73 26.66 26.57 26.51 26.35 26.21 26.08 25.97 25.93 25.89 25.77 26.13 26.20 26.15 25.41 26.08 26.39 26.14
27.31 27.50 27.63 27.57 27.70 27.68 27.65 27.55 27.58 27.51 27.42 27.41 27.48 27.44 27.38 27.42 27.41 27.56 27.57 27.46 27.55 27.50 27.44 27.48 27.56 27.59 27.59 27.59 27.66 27.67 27.66 27.67 27.67 27.67 27.61 27.49 27.53 27.55 27.50 27.43 27.39 27.29 27.14 27.30 27.36 27.30 27.26 27.24 27.18 27.13 27.09 27.05 27.02 26.97 26.93 26.83 26.78 26.78 26.72 26.61 26.50 26.46 26.46 26.32 26.24 25.89 25.91 25.85 25.84 25.94 25.93 25.88 25.95 26.01 26.05 26.28 26.13
27.19 27.41 27.43 27.40 27.64 27.71 27.73 27.70 27.65 27.57 27.54 27.43 27.38 27.36 27.28 27.28 27.45 27.51 27.53 27.56 27.57 27.56 27.54 27.55 27.59 27.59 27.61 27.64 27.65 27.61 27.64 27.64 27.63 27.64 27.62 27.59 27.58 27.55 27.52 27.46 27.39 27.32 27.20 27.23 27.31 27.29 27.25 27.21 27.17 27.13 27.07 27.05 27.02 26.92 26.93 26.84 26.79 26.63 26.68 26.61 26.56 26.48 26.42 26.26 26.18 26.04 25.81 25.88 25.59 25.95 26.10 26.06 26.02 25.93 26.12 26.20 26.10
27.23 27.24 27.44 27.51 27.61 27.69 27.71 27.73 27.69 27.63 27.53 27.43 27.35 27.40 27.35 27.36 27.42 27.45 27.51 27.59 27.54 27.60 27.62 27.63 27.62 27.62 27.62 27.62 27.62 27.62 27.61 27.61 27.61 27.61 27.61 27.61 27.62 27.61 27.56 27.51 27.42 27.34 27.26 27.23 27.32 27.27 27.25 27.21 27.16 27.13 27.11 26.99 27.00 26.98 26.84 26.77 26.71 26.56 26.48 26.52 26.42 26.32 26.31 26.11 26.13 25.85 26.00 25.77 25.60 26.13 25.82 26.13 26.05 25.93 25.97 26.11 26.04
27.16 27.31 27.44 27.52 27.57 27.60 27.62 27.62 27.64 27.62 27.57 27.48 27.43 27.43 27.45 27.44 27.46 27.46 27.48 27.55 27.48 27.54 27.61 27.61 27.60 27.60 27.60 27.60 27.59 27.59 27.58 27.58 27.59 27.58 27.58 27.58 27.58 27.58 27.53 27.50 27.44 27.35 27.32 27.26 27.31 27.29 27.22 27.19 27.15 27.11 27.05 26.92 26.94 26.87 26.82 26.71 26.58 26.51 26.42 26.37 26.20 26.24 26.29 26.27 26.17 26.07 25.84 25.99 26.12 26.21 26.12 25.92 26.15 26.05 26.13 26.17 26.05
27.16 27.15 27.30 27.48 27.48 27.46 27.41 27.49 27.56 27.59 27.57 27.51 27.45 27.47 27.47 27.49 27.47 27.49 27.55 27.47 27.50 27.55 27.59 27.59 27.58 27.58 27.58 27.57 27.57 27.54 27.57 27.56 27.56 27.55 27.55 27.54 27.47 27.53 27.50 27.48 27.44 27.39 27.31 27.31 27.24 27.28 27.25 27.20 27.17 27.15 27.10 27.00 26.86 26.88 26.81 26.70 26.60 26.49 26.40 26.26 26.02 26.24 26.35 26.27 26.10 26.15 26.19 26.21 26.21 26.26 26.22 26.22 26.24 26.21 26.15 26.22 26.15
27.30 27.08 27.28 27.43 27.37 27.32 27.36 27.38 27.48 27.53 27.53 27.51 27.49 27.47 27.47 27.48 27.47 27.49 27.48 27.59 27.58 27.58 27.58 27.57 27.56 27.57 27.56 27.55 27.54 27.55 27.54 27.54 27.53 27.52 27.49 27.44 27.48 27.50 27.45 27.41 27.39 27.34 27.34 27.31 27.29 27.23 27.19 27.20 27.15 27.14 27.07 27.00 26.94 26.91 26.81 26.66 26.50 26.53 26.49 26.34 26.21 26.25 26.43 26.37 26.30 26.27 26.29 26.36 26.32 26.31 26.33 26.31 26.28 26.33 26.23 26.30 26.30
27.31 27.00 27.16 27.27 27.28 27.15 27.28 27.30 27.37 27.43 27.49 27.47 27.49 27.44 27.47 27.50 27.48 27.48 27.48 27.58 27.57 27.57 27.56 27.55 27.55 27.55 27.54 27.53 27.50 27.52 27.51 27.46 27.50 27.50 27.46 27.47 27.44 27.45 27.42 27.40 27.33 27.28 27.26 27.26 27.26 27.20 27.17 27.17 27.16 27.08 27.04 26.90 26.79 26.76 26.70 26.63 26.57 26.59 26.53 26.46 26.38 26.40 26.48 26.36 26.42 26.44 26.43 26.37 26.30 26.31 26.32 26.35 26.36 26.36 26.34 26.38 26.38
27.31 27.03 27.02 27.00 27.07 27.10 27.27 27.31 27.39 27.41 27.42 27.42 27.49 27.48 27.46 27.49 27.47 27.48 27.41 27.56 27.55 27.56 27.55 27.54 27.54 27.53 27.52 27.51 27.51 27.49 27.48 27.46 27.44 27.40 27.42 27.38 27.42 27.38 27.34 27.32 27.26 27.24 27.24 27.21 27.17 27.11 27.14 27.13 27.12 27.03 26.93 26.91 26.80 26.80 26.78 26.73 26.66 26.62 26.59 26.59 26.52 26.52 26.54 26.57 26.54 26.53 26.49 26.41 26.39 26.34 26.30 26.45 26.42 26.43 26.39 26.44 26.44
27.08 26.99 26.90 27.01 26.99 27.05 27.19 27.29 27.32 27.34 27.38 27.39 27.41 27.38 27.36 27.42 27.48 27.47 27.45 27.40 27.46 27.47 27.47 27.43 27.52 27.51 27.50 27.48 27.48 27.47 27.43 27.43 27.39 27.32 27.33 27.33 27.33 27.25 27.22 27.16 27.17 27.18 27.13 27.16 27.14 27.09 27.07 27.07 27.05 26.97 26.86 26.77 26.80 26.74 26.78 26.75 26.70 26.64 26.66 26.65 26.63 26.59 26.59 26.61 26.53 26.52 26.50 26.49 26.43 26.44 26.46 26.50 26.48 26.47 26.48 26.47 26.49
26.96 26.96 26.98 27.08 27.07 27.05 27.10 27.19 27.26 27.30 27.34 27.37 27.37 27.35 27.37 27.37 27.30 27.40 27.40 27.39 27.43 27.42 27.34 27.45 27.43 27.38 27.40 27.40 27.46 27.41 27.43 27.38 27.36 27.34 27.27 27.24 27.24 27.23 27.18 27.15 27.09 27.13 27.12 27.12 27.06 26.97 26.95 27.03 26.98 26.92 26.89 26.87 26.85 26.88 26.81 26.80 26.77 26.44 26.74 26.70 26.67 26.55 26.65 26.65 26.58 26.52 26.50 26.41 26.45 26.35 26.49 26.29 26.51 26.44 26.37 26.52 26.38
27.10 27.02 27.11 27.00 26.86 26.89 26.95 27.10 27.23 27.28 27.25 27.28 27.30 27.31 27.31 27.21 27.15 27.33 27.34 27.27 27.35 27.40 27.41 27.38 27.37 27.36 27.36 27.35 27.36 27.34 27.32 27.31 27.29 27.27 27.24 27.22 27.17 27.17 27.13 27.10 27.03 27.04 27.05 27.04 26.95 26.91 26.97 26.96 26.92 26.93 26.93 26.90 26.88 26.88 26.86 26.82 26.81 26.79 26.76 26.74 26.72 26.66 26.64 26.55 26.46 26.36 26.55 26.57 26.54 26.45 26.42 26.51 26.54 26.53 26.54 26.56 26.57
27.06 27.11 26.89 26.83 26.67 26.80 26.78 27.14 27.14 27.14 27.14 27.17 27.20 27.23 27.19 26.98 27.00 27.17 27.29 27.30 27.32 27.34 27.31 27.34 27.32 27.33 27.31 27.31 27.29 27.26 27.26 27.22 27.23 27.20 27.19 27.14 27.16 27.15 27.11 27.11 27.05 26.99 26.98 26.94 26.98 26.95 26.95 26.90 26.88 26.88 26.92 26.84 26.85 26.85 26.86 26.83 26.80 26.78 26.78 26.75 26.74 26.72 26.42 26.57 26.43 26.47 26.49 26.58 26.52 26.44 26.40 26.46 26.49 26.51 26.53 26.55 26.57
27.26 27.12 26.93 26.59 26.95 26.91 27.03 27.04 27.08 26.91 27.01 27.07 27.05 26.98 27.05 26.97 26.59 27.16 27.20 27.26 27.28 27.29 27.27 27.29 27.29 27.26 27.25 27.27 27.23 27.20 27.21 27.17 27.11 27.08 27.08 27.11 27.11 27.10 27.09 27.00 27.00 26.96 26.92 26.93 26.90 26.92 26.86 26.88 26.86 26.81 26.80 26.77 26.82 26.84 26.83 26.82 26.81 26.80 26.79 26.77 26.75 26.70 26.68 26.63 26.58 26.58 26.56 26.56 26.52 26.44 26.38 26.42 26.47 26.49 26.52 26.57 26.58
27.33 27.24 27.12 27.12 27.15 27.17 27.16 27.07 27.09 27.05 27.05 27.01 27.02 27.05 27.05 26.90 27.11 27.18 27.14 27.14 27.20 27.23 27.26 27.27 27.24 27.20 27.22 27.17 27.14 27.13 27.12 27.07 27.03 27.05 27.04 27.04 27.06 27.04 27.03 27.02 26.97 26.86 26.93 26.59 26.80 26.82 26.81 26.79 26.69 26.78 26.76 26.74 26.73 26.77 26.78 26.79 26.79 26.79 26.71 26.73 26.73 26.71 26.67 26.62 26.63 26.59 26.51 26.48 26.45 26.46 26.32 26.44 26.46 26.52 26.51 26.53 26.55
27.22 27.08 27.19 27.26 27.24 27.29 27.29 27.23 27.18 27.20 27.21 27.16 27.12 27.12 27.01 26.94 26.99 27.09 26.89 27.01 27.11 27.11 27.20 27.22 27.17 27.13 27.12 27.09 27.05 27.06 27.02 26.98 26.95 27.00 27.02 26.98 27.02 27.03 26.94 26.95 26.86 26.91 26.81 26.80 26.81 26.77 26.72 26.70 26.65 26.72 26.66 26.65 26.64 26.67 26.68 26.69 26.70 26.71 26.69 26.66 26.65 26.63 26.60 26.57 26.51 26.56 26.55 26.46 26.40 26.49 26.49 26.50 26.46 26.49 26.49 26.47 26.52
27.20 27.23 27.36 27.41 27.41 27.35 27.37 27.38 27.37 27.33 27.25 27.17 27.02 27.01 27.06 27.04 26.95 26.99 26.95 27.07 27.06 27.11 27.15 27.14 27.14 27.10 27.06 27.02 26.99 26.99 26.92 26.92 26.90 26.92 26.90 26.94 26.95 26.95 26.85 26.88 26.87 26.77 26.81 26.74 26.70 26.71 26.68 26.66 26.62 26.57 26.51 26.56 26.58 26.56 26.53 26.57 26.60 26.52 26.59 26.53 26.54 26.50 26.52 26.52 26.49 26.51 26.47 26.43 26.39 26.42 26.42 26.43 26.42 26.44 26.45 26.42 26.45
27.43 27.48 27.50 27.43 27.48 27.41 27.41 27.37 27.34 27.31 27.23 27.21 27.09 26.93 26.86 26.88 26.90 26.79 26.87 26.89 27.00 27.03 27.05 27.02 27.08 27.03 26.97 26.91 26.77 26.85 26.81 26.84 26.85 26.86 26.80 26.87 26.92 26.90 26.86 26.84 26.79 26.75 26.71 26.72 26.68 26.65 26.59 26.52 26.51 26.49 26.43 26.49 26.50 26.44 26.45 26.45 26.52 26.53 26.48 26.48 26.45 26.47 26.49 26.48 26.44 26.45 26.41 26.38 26.38 26.35 26.36 26.38 26.37 26.39 26.37 26.38 26.40
27.52 27.52 27.37 27.43 27.38 27.34 27.29 27.21 27.11 27.04 27.05 27.05 27.08 27.07 26.92 26.90 26.86 26.86 26.78 26.82 26.76 26.93 26.89 26.88 26.78 26.98 26.82 26.79 26.69 26.71 26.65 26.74 26.71 26.76 26.74 26.83 26.88 26.85 26.83 26.78 26.71 26.69 26.65 26.64 26.62 26.51 26.49 26.48 26.46 26.42 26.41 26.41 26.39 26.35 26.34 26.39 26.40 26.41 26.39 26.43 26.38 26.37 26.41 26.44 26.39 26.39 26.41 26.25 26.32 26.31 26.31 26.31 26.33 26.33 26.31 26.31 26.29
27.34 27.30 27.34 27.27 27.30 27.14 27.04 27.05 26.95 26.86 26.86 26.92 26.91 26.93 26.86 26.55 26.67 26.59 26.80 26.79 26.61 26.86 26.97 26.87 26.96 26.92 26.67 26.71 26.67 26.57 26.27 26.63 26.70 26.54 26.73 26.80 26.84 26.84 26.78 26.73 26.67 26.60 26.55 26.54 26.51 26.51 26.47 26.41 26.38 26.37 26.33 26.33 26.31 26.30 26.29 26.34 26.30 26.27 26.34 26.29 26.31 26.32 26.33 26.37 26.33 26.30 26.32 26.29 26.24 26.13 26.19 26.20 26.19 26.15 26.17 26.16 26.16
27.28 27.23 27.00 26.91 27.10 27.03 26.96 26.89 26.90 26.98 26.91 26.74 26.66 26.67 26.75 26.67 26.46 26.53 26.57 26.70 26.74 26.71 26.91 26.96 26.91 26.93 26.78 26.70 26.57 26.50 26.46 26.59 26.63 26.56 26.64 26.59 26.79 26.81 26.74 26.68 26.62 26.57 26.52 26.44 26.44 26.43 26.37 26.37 26.33 26.32 26.28 26.22 26.21 26.25 26.24 26.21 26.19 26.19 26.24 26.27 26.25 26.17 26.07 26.20 26.18 26.24 26.23 26.20 26.17 26.12 26.14 26.05 25.89 25.75 25.44 26.03 25.20
27.27 27.17 27.19 27.14 26.92 26.69 26.78 26.92 27.00 26.98 26.76 26.61 26.43 26.45 26.50 26.49 26.65 26.58 26.38 26.50 26.76 26.76 26.80 26.94 26.93 26.91 26.86 26.76 26.71 26.67 26.62 26.63 26.67 26.53 26.52 26.59 26.70 26.74 26.73 26.67 26.58 26.52 26.48 26.38 26.36 26.32 26.28 26.30 26.28 26.24 26.16 26.20 26.13 26.13 26.13 26.18 26.13 26.08 26.08 26.11 25.93 26.16 26.15 26.07 26.18 26.16 26.15 26.14 26.06 25.99 25.99 25.98 25.93 25.83 25.78 25.93 25.95
27.50 27.38 27.18 27.18 26.96 26.76 26.86 27.04 27.07 26.99 26.86 26.70 26.43 26.38 26.59 26.71 26.79 26.71 26.46 26.57 26.78 26.70 26.80 26.92 26.95 26.80 26.80 26.84 26.80 26.73 26.75 26.71 26.73 26.69 26.67 26.73 26.72 26.69 26.67 26.49 26.34 26.30 26.37 26.26 26.31 26.28 26.16 26.19 26.20 26.14 26.14 26.12 26.07 26.04 26.06 26.03 26.04 25.90 25.93 25.91 25.94 25.97 26.07 26.04 26.07 26.07 26.08 26.06 26.02 25.92 25.87 25.85 25.79 25.73 25.68 25.77 25.77
27.39 27.32 27.08 26.96 26.96 26.99 27.03 27.13 27.06 26.84 26.58 26.57 26.51 26.45 26.66 26.74 26.66 26.68 26.49 26.76 26.88 26.93 26.99 26.99 27.01 27.03 27.00 26.93 26.88 26.84 26.86 26.82 26.82 26.82 26.83 26.69 26.71 26.65 26.61 26.28 26.21 26.25 26.35 26.28 26.20 26.23 26.19 26.04 26.05 26.04 25.99 26.02 26.00 25.93 26.01 25.96 25.94 25.83 25.43 25.23 25.30 25.80 25.84 25.99 25.93 25.99 26.00 26.00 25.94 25.89 25.81 25.71 25.58 25.50 25.24 25.69 25.62
27.10 27.14 27.06 27.00 27.04 27.18 27.20 27.20 27.08 26.88 26.85 26.72 26.71 26.71 26.77 26.62 26.68 26.72 26.76 26.50 26.86 27.00 26.95 27.01 27.05 27.01 27.00 26.96 26.93 26.91 26.90 26.91 26.90 26.87 26.85 26.77 26.69 26.62 26.54 26.46 26.42 26.35 26.28 26.21 26.14 26.15 26.12 26.06 25.97 25.84 25.87 25.94 25.94 25.84 25.89 25.92 25.91 25.77 25.64 25.58 25.34 25.62 25.87 25.89 25.95 25.62 25.89 25.84 25.94 25.80 25.66 25.60 25.07 25.35 25.45 25.54 25.38
27.32 27.07 27.03 27.11 27.21 27.27 27.22 27.11 27.03 27.08 27.00 26.93 26.81 26.80 26.74 26.68 26.80 26.92 26.92 26.93 27.00 27.03 27.02 27.02 26.98 27.00 27.01 26.97 26.96 26.93 26.92 26.91 26.90 26.87 26.85 26.79 26.71 26.61 26.55 26.48 26.42 26.32 26.25 26.16 26.09 26.05 26.01 26.00 25.97 25.91 25.79 25.88 25.89 25.85 25.83 25.78 25.82 25.82 25.78 25.68 25.71 25.66 25.79 25.94 25.79 25.76 25.61 25.86 25.68 25.87 25.66 25.56 25.48 25.37 25.19 25.33 24.96
27.27 27.18 27.23 27.29 27.21 27.11 26.95 27.05 27.18 27.16 27.00 26.92 26.75 26.52 26.49 26.58 26.78 26.89 26.96 26.89 26.99 27.03 27.02 27.01 26.99 26.97 26.89 26.89 26.97 26.94 26.91 26.91 26.90 26.88 26.84 26.78 26.71 26.59 26.52 26.44 26.35 26.29 26.16 26.05 26.00 25.95 25.93 25.87 25.74 25.79 25.75 25.89 25.88 25.82 25.78 25.80 25.74 25.75 25.71 25.73 25.77 25.83 25.81 25.73 25.79 25.74 25.61 25.39 25.65 25.57 25.55 25.26 24.83 24.92 24.74 25.22 25.24
27.32 27.32 27.38 27.25 27.13 27.02 26.94 27.19 27.15 26.92 26.73 26.69 26.70 26.48 26.31 26.36 26.61 26.81 26.91 26.96 27.03 27.05 27.04 27.02 26.94 26.87 26.95 26.92 26.91 26.87 26.80 26.91 26.89 26.88 26.84 26.79 26.68 26.60 26.32 26.41 26.29 26.25 26.13 25.95 25.91 25.89 25.87 25.84 25.70 25.80 25.82 25.99 26.00 25.92 25.96 25.95 25.86 25.77 25.78 25.82 25.88 25.86 25.86 25.89 25.86 25.84 25.78 25.65 25.72 25.62 25.60 25.51 25.48 25.41 25.31 25.34 25.36
