main/data/temperature/25.05.2023.grid
ncols 886
nrows 691
xllcenter 112.0000
yllcenter -44.5000
cellsize 0.0500
nodata_value 99999.90
[rows 476 to 509 of 691, columns 0 to 76 of 886]
16.54 16.54 16.54 16.54 16.53 16.54 16.53 16.54 16.53 16.53 16.53 16.53 16.52 16.53 16.52 16.53 16.52 16.52 16.52 16.52 16.51 16.52 16.52 16.52 16.52 16.52 16.52 16.53 16.52 16.53 16.54 16.53 16.54 16.55 16.56 16.57 16.59 16.61 16.63 16.66 16.70 16.74 16.79 16.83 16.90 16.96 17.00 17.00 17.00 17.00 16.99 17.00 16.99 16.98 16.98 16.97 16.95 16.95 16.94 16.92 16.87 16.37 15.98 16.30 16.21 16.24 16.23 16.08 15.70 15.69 15.77 15.56 15.68 15.67 15.61 15.62 15.24
16.51 16.51 16.51 16.50 16.51 16.50 16.50 16.50 16.50 16.50 16.50 16.49 16.50 16.49 16.49 16.49 16.49 16.48 16.49 16.48 16.49 16.49 16.48 16.49 16.48 16.49 16.49 16.49 16.49 16.49 16.50 16.51 16.51 16.52 16.53 16.55 16.56 16.58 16.61 16.65 16.68 16.72 16.78 16.84 16.91 16.98 17.00 17.00 17.00 17.00 17.00 16.99 16.99 16.98 16.97 16.96 16.95 16.94 16.93 16.91 16.72 16.21 15.89 16.19 16.05 15.72 15.80 15.88 15.72 15.47 15.31 15.61 15.87 15.86 15.72 15.55 15.37
16.49 16.48 16.47 16.48 16.47 16.47 16.47 16.47 16.46 16.47 16.46 16.46 16.46 16.46 16.46 16.46 16.45 16.46 16.45 16.45 16.46 16.45 16.45 16.45 16.45 16.45 16.45 16.46 16.45 16.46 16.47 16.47 16.48 16.49 16.50 16.51 16.54 16.55 16.58 16.62 16.67 16.72 16.77 16.84 16.92 16.98 17.00 17.00 17.00 16.99 16.99 16.99 16.98 16.97 16.96 16.95 16.95 16.94 16.92 16.90 16.15 16.33 16.24 16.13 16.05 15.94 15.91 15.87 15.67 15.52 15.27 15.47 15.79 15.95 15.68 15.53 15.38
16.45 16.45 16.45 16.45 16.44 16.45 16.44 16.43 16.44 16.43 16.43 16.43 16.43 16.42 16.43 16.42 16.42 16.42 16.42 16.42 16.42 16.42 16.42 16.42 16.41 16.42 16.42 16.42 16.42 16.43 16.43 16.44 16.44 16.45 16.47 16.49 16.50 16.53 16.57 16.61 16.65 16.70 16.77 16.85 16.93 16.99 17.00 16.99 16.99 16.99 16.99 16.98 16.98 16.97 16.96 16.95 16.95 16.93 16.91 16.89 16.58 16.42 16.42 16.14 16.14 16.02 15.92 15.69 15.83 15.74 15.80 15.56 15.46 15.74 15.86 15.61 15.18
16.42 16.42 16.42 16.41 16.42 16.41 16.41 16.41 16.40 16.40 16.40 16.40 16.39 16.40 16.39 16.39 16.39 16.39 16.39 16.39 16.39 16.38 16.39 16.38 16.38 16.39 16.38 16.39 16.38 16.39 16.40 16.40 16.41 16.43 16.43 16.46 16.48 16.50 16.54 16.58 16.64 16.70 16.76 16.84 16.93 16.99 17.00 17.00 17.00 17.00 16.99 16.99 16.98 16.98 16.96 16.95 16.93 16.92 16.91 16.89 16.66 16.32 16.31 16.02 16.35 15.99 15.81 16.08 15.75 15.74 15.51 15.73 15.51 16.06 15.75 15.97 14.77
16.39 16.39 16.38 16.39 16.38 16.38 16.38 16.38 16.37 16.38 16.37 16.37 16.36 16.37 16.36 16.36 16.36 16.36 16.35 16.36 16.35 16.35 16.35 16.35 16.35 16.35 16.35 16.35 16.36 16.36 16.36 16.37 16.37 16.39 16.41 16.42 16.45 16.48 16.52 16.56 16.62 16.68 16.76 16.84 16.93 16.99 17.00 17.00 17.00 16.99 16.99 16.99 16.98 16.97 16.96 16.95 16.94 16.91 16.90 16.88 16.85 16.40 16.26 16.35 16.47 16.09 16.01 16.35 15.96 15.90 15.73 15.64 16.05 15.74 15.53 15.40 14.61
16.36 16.35 16.36 16.35 16.35 16.35 16.35 16.34 16.34 16.34 16.34 16.33 16.34 16.33 16.33 16.32 16.33 16.32 16.32 16.32 16.32 16.31 16.32 16.31 16.31 16.32 16.31 16.32 16.32 16.32 16.33 16.33 16.35 16.36 16.37 16.40 16.42 16.45 16.49 16.54 16.60 16.66 16.75 16.84 16.94 16.98 16.99 16.99 16.99 16.99 16.99 16.99 16.98 16.97 16.95 16.95 16.93 16.91 16.89 16.87 16.71 16.52 16.33 16.33 16.58 16.43 16.50 16.05 15.99 16.08 15.91 16.01 15.70 15.65 15.47 15.26 14.51
16.33 16.33 16.33 16.32 16.32 16.32 16.31 16.31 16.31 16.31 16.30 16.31 16.30 16.30 16.29 16.30 16.29 16.29 16.29 16.29 16.28 16.28 16.28 16.28 16.29 16.28 16.28 16.28 16.29 16.28 16.29 16.30 16.31 16.32 16.34 16.36 16.39 16.43 16.46 16.52 16.58 16.65 16.73 16.83 16.93 16.99 17.00 16.99 16.99 16.99 16.99 16.99 16.98 16.97 16.95 16.94 16.93 16.91 16.89 16.87 16.84 15.80 16.37 16.65 16.61 16.39 16.32 16.14 15.93 15.87 15.71 15.69 15.54 15.37 15.33 15.31 14.92
16.30 16.30 16.29 16.30 16.29 16.29 16.28 16.28 16.28 16.27 16.27 16.27 16.27 16.26 16.27 16.26 16.26 16.25 16.26 16.25 16.25 16.24 16.25 16.24 16.25 16.25 16.24 16.25 16.25 16.25 16.26 16.26 16.28 16.29 16.31 16.33 16.35 16.39 16.44 16.49 16.55 16.63 16.72 16.81 16.92 16.99 17.00 17.00 16.99 16.99 16.99 16.99 16.98 16.97 16.96 16.94 16.93 16.91 16.89 16.87 16.84 16.05 16.34 16.57 16.67 16.50 16.45 16.31 16.18 15.98 15.80 15.43 15.49 15.39 15.32 15.25 15.13
16.27 16.26 16.27 16.26 16.26 16.25 16.26 16.25 16.24 16.24 16.24 16.24 16.23 16.23 16.23 16.23 16.22 16.22 16.22 16.22 16.21 16.22 16.21 16.21 16.22 16.21 16.21 16.21 16.22 16.21 16.22 16.23 16.24 16.26 16.28 16.29 16.33 16.36 16.40 16.46 16.53 16.60 16.69 16.80 16.92 16.99 17.00 17.01 17.01 16.99 16.99 16.99 16.98 16.98 16.96 16.94 16.93 16.91 16.89 16.87 16.83 16.40 16.58 16.51 16.64 16.61 16.45 16.38 16.28 16.20 15.88 15.75 15.60 15.56 15.62 15.54 14.91
16.24 16.24 16.23 16.23 16.22 16.23 16.22 16.22 16.21 16.22 16.21 16.21 16.20 16.20 16.20 16.19 16.19 16.19 16.19 16.18 16.18 16.18 16.18 16.17 16.18 16.18 16.17 16.18 16.18 16.18 16.18 16.19 16.21 16.22 16.24 16.26 16.29 16.33 16.38 16.42 16.49 16.57 16.66 16.77 16.89 16.99 17.00 17.01 17.01 17.01 16.99 16.99 16.98 16.98 16.96 16.95 16.93 16.91 16.89 16.86 16.83 16.79 15.58 16.68 16.61 16.53 16.29 16.29 16.23 16.26 16.10 15.99 15.79 15.76 15.76 15.59 14.66
16.21 16.21 16.20 16.20 16.20 16.19 16.19 16.18 16.19 16.18 16.18 16.17 16.17 16.17 16.17 16.16 16.16 16.16 16.16 16.15 16.14 16.15 16.14 16.14 16.15 16.14 16.14 16.14 16.15 16.14 16.15 16.16 16.17 16.19 16.20 16.22 16.26 16.29 16.34 16.39 16.45 16.54 16.63 16.73 16.85 16.97 17.01 17.01 17.01 17.01 17.00 16.99 16.99 16.98 16.96 16.95 16.93 16.91 16.88 16.85 16.83 16.79 16.74 16.21 16.65 16.60 16.55 16.48 16.42 16.00 16.04 15.99 15.92 15.60 15.76 15.83 14.79
16.18 16.17 16.18 16.17 16.17 16.16 16.15 16.16 16.15 16.15 16.14 16.14 16.14 16.14 16.13 16.13 16.12 16.12 16.12 16.11 16.11 16.11 16.11 16.11 16.11 16.11 16.10 16.11 16.10 16.11 16.11 16.12 16.14 16.14 16.17 16.18 16.21 16.25 16.29 16.35 16.42 16.49 16.59 16.69 16.81 16.94 17.01 17.01 17.01 17.01 17.01 16.99 16.99 16.98 16.96 16.95 16.93 16.91 16.88 16.85 16.82 16.78 16.74 16.69 16.64 16.58 16.53 16.47 16.40 16.34 16.27 15.74 15.62 15.78 15.75 15.83 15.04
16.14 16.15 16.14 16.14 16.13 16.13 16.13 16.12 16.12 16.11 16.11 16.11 16.11 16.10 16.10 16.09 16.10 16.09 16.09 16.08 16.08 16.08 16.08 16.07 16.08 16.07 16.07 16.07 16.07 16.07 16.08 16.09 16.09 16.11 16.12 16.15 16.17 16.21 16.26 16.30 16.37 16.45 16.53 16.64 16.76 16.88 16.99 17.02 17.01 17.01 17.01 16.99 16.99 16.98 16.96 16.95 16.93 16.91 16.88 16.85 16.81 16.77 16.73 16.68 16.63 16.58 16.51 16.45 16.39 16.31 16.25 16.18 16.11 14.96 15.63 15.77 15.61
16.11 16.11 16.11 16.10 16.10 16.10 16.10 16.09 16.09 16.08 16.08 16.08 16.07 16.07 16.06 16.06 16.06 16.06 16.05 16.05 16.04 16.05 16.04 16.04 16.04 16.04 16.03 16.04 16.03 16.04 16.04 16.05 16.05 16.07 16.09 16.10 16.13 16.16 16.21 16.26 16.32 16.40 16.49 16.58 16.70 16.83 16.95 17.01 17.01 17.01 17.01 16.99 16.99 16.98 16.96 16.94 16.93 16.90 16.87 16.85 16.80 16.77 16.73 16.67 16.62 16.56 16.50 16.44 16.37 16.30 16.23 16.16 16.09 16.02 15.80 15.01 15.44
16.08 16.08 16.08 16.08 16.08 16.07 16.06 16.06 16.05 16.06 16.05 16.05 16.04 16.03 16.03 16.03 16.03 16.02 16.02 16.01 16.02 16.01 16.01 16.00 16.00 16.00 16.00 16.00 16.00 16.00 16.01 16.01 16.02 16.02 16.04 16.07 16.09 16.12 16.16 16.21 16.27 16.34 16.42 16.52 16.62 16.75 16.88 16.99 17.02 17.01 17.01 16.99 16.99 16.98 16.96 16.94 16.92 16.89 16.87 16.83 16.80 16.76 16.71 16.66 16.60 16.55 16.49 16.42 16.35 16.28 16.21 16.14 16.07 16.01 15.94 15.88 15.08
16.04 16.05 16.05 16.05 16.04 16.04 16.03 16.02 16.03 16.02 16.02 16.01 16.01 16.00 16.00 16.00 15.99 15.99 15.98 15.98 15.98 15.98 15.97 15.97 15.96 15.97 15.96 15.96 15.96 15.97 15.96 15.97 15.98 15.99 16.01 16.02 16.05 16.07 16.11 16.15 16.21 16.27 16.35 16.45 16.54 16.66 16.80 16.92 17.00 17.01 17.00 17.00 16.98 16.97 16.95 16.94 16.92 16.89 16.86 16.82 16.79 16.75 16.70 16.65 16.59 16.53 16.46 16.40 16.33 16.27 16.19 16.12 16.06 15.99 15.92 15.87 15.81
16.01 16.01 16.02 16.01 16.01 16.00 16.00 16.00 15.99 15.99 15.98 15.98 15.97 15.97 15.97 15.96 15.96 15.95 15.95 15.94 15.95 15.94 15.94 15.93 15.93 15.93 15.93 15.92 15.93 15.92 15.93 15.93 15.94 15.94 15.96 15.97 16.00 16.03 16.06 16.11 16.15 16.22 16.28 16.37 16.47 16.57 16.69 16.82 16.94 17.00 17.00 16.99 16.98 16.97 16.95 16.93 16.91 16.88 16.86 16.82 16.78 16.73 16.69 16.63 16.58 16.51 16.45 16.38 16.32 16.24 16.18 16.11 16.04 15.98 15.91 15.85 15.80
15.97 15.98 15.99 15.98 15.97 15.98 15.97 15.97 15.96 15.96 15.95 15.94 15.94 15.94 15.94 15.93 15.93 15.92 15.91 15.91 15.91 15.91 15.90 15.90 15.89 15.90 15.89 15.89 15.89 15.89 15.89 15.90 15.90 15.91 15.92 15.93 15.95 15.98 16.00 16.05 16.10 16.15 16.22 16.29 16.38 16.47 16.58 16.71 16.84 16.95 16.99 16.99 16.97 16.96 16.95 16.92 16.91 16.87 16.85 16.81 16.77 16.72 16.67 16.62 16.56 16.50 16.44 16.37 16.30 16.23 16.16 16.10 16.03 15.96 15.91 15.84 15.79
15.93 15.95 15.95 15.96 15.95 15.94 15.94 15.93 15.93 15.92 15.91 15.91 15.91 15.91 15.90 15.90 15.89 15.88 15.88 15.87 15.88 15.87 15.87 15.86 15.86 15.86 15.86 15.85 15.86 15.85 15.86 15.85 15.86 15.86 15.88 15.89 15.91 15.92 15.96 15.98 16.03 16.08 16.14 16.21 16.28 16.38 16.47 16.59 16.70 16.84 16.94 16.97 16.96 16.95 16.94 16.91 16.90 16.86 16.83 16.79 16.76 16.71 16.66 16.60 16.55 16.48 16.41 16.35 16.28 16.22 16.15 16.08 16.02 15.95 15.89 15.84 15.78
15.90 15.91 15.92 15.92 15.92 15.91 15.91 15.90 15.89 15.89 15.89 15.88 15.88 15.87 15.87 15.86 15.86 15.85 15.84 15.85 15.84 15.84 15.83 15.83 15.82 15.82 15.82 15.82 15.81 15.82 15.81 15.82 15.82 15.83 15.83 15.85 15.86 15.88 15.90 15.93 15.96 16.01 16.06 16.13 16.19 16.27 16.37 16.46 16.57 16.69 16.81 16.91 16.95 16.94 16.93 16.90 16.88 16.85 16.82 16.78 16.74 16.69 16.64 16.58 16.52 16.46 16.40 16.34 16.27 16.19 16.13 16.07 16.00 15.94 15.88 15.82 15.78
15.86 15.87 15.89 15.89 15.88 15.88 15.87 15.87 15.86 15.86 15.86 15.85 15.85 15.84 15.83 15.83 15.82 15.82 15.81 15.82 15.81 15.80 15.80 15.79 15.79 15.78 15.79 15.78 15.78 15.78 15.78 15.78 15.78 15.78 15.79 15.80 15.82 15.83 15.85 15.87 15.91 15.94 15.99 16.04 16.11 16.17 16.25 16.34 16.44 16.54 16.65 16.76 16.86 16.91 16.91 16.89 16.87 16.83 16.80 16.76 16.72 16.67 16.61 16.57 16.50 16.45 16.38 16.32 16.25 16.18 16.12 16.06 15.99 15.94 15.88 15.82 15.77
15.82 15.84 15.85 15.86 15.85 15.84 15.84 15.84 15.84 15.83 15.82 15.82 15.81 15.81 15.80 15.79 15.79 15.78 15.78 15.78 15.78 15.77 15.76 15.76 15.75 15.75 15.74 15.75 15.74 15.74 15.74 15.74 15.74 15.74 15.75 15.75 15.76 15.78 15.80 15.82 15.84 15.88 15.92 15.96 16.01 16.08 16.14 16.21 16.30 16.39 16.49 16.59 16.70 16.79 16.86 16.86 16.85 16.82 16.79 16.74 16.70 16.65 16.59 16.54 16.48 16.43 16.36 16.29 16.23 16.17 16.11 16.04 15.98 15.93 15.87 15.81 15.77
15.79 15.79 15.81 15.82 15.82 15.82 15.81 15.81 15.80 15.80 15.79 15.78 15.78 15.77 15.77 15.76 15.75 15.75 15.75 15.75 15.74 15.74 15.73 15.72 15.72 15.71 15.71 15.71 15.71 15.70 15.70 15.70 15.70 15.70 15.70 15.71 15.71 15.73 15.74 15.76 15.78 15.81 15.84 15.88 15.92 15.98 16.03 16.10 16.17 16.25 16.33 16.43 16.51 16.62 16.70 16.77 16.81 16.79 16.76 16.72 16.68 16.63 16.57 16.52 16.46 16.41 16.34 16.27 16.22 16.15 16.09 16.03 15.97 15.92 15.86 15.81 15.76
15.75 15.76 15.78 15.79 15.79 15.79 15.78 15.78 15.77 15.76 15.76 15.75 15.74 15.74 15.73 15.73 15.72 15.71 15.72 15.71 15.71 15.70 15.70 15.69 15.68 15.68 15.67 15.67 15.67 15.67 15.66 15.66 15.66 15.66 15.66 15.66 15.67 15.68 15.69 15.70 15.73 15.74 15.78 15.80 15.85 15.89 15.93 15.99 16.05 16.12 16.18 16.26 16.34 16.43 16.51 16.60 16.67 16.72 16.73 16.69 16.66 16.61 16.55 16.50 16.44 16.39 16.32 16.26 16.20 16.14 16.07 16.02 15.96 15.90 15.85 15.80 15.75
15.71 15.72 15.73 15.75 15.76 15.75 15.75 15.74 15.74 15.73 15.72 15.72 15.71 15.70 15.70 15.69 15.69 15.69 15.68 15.68 15.67 15.67 15.66 15.65 15.65 15.64 15.64 15.63 15.63 15.63 15.62 15.62 15.62 15.62 15.62 15.63 15.63 15.64 15.64 15.66 15.67 15.68 15.71 15.73 15.76 15.79 15.84 15.88 15.94 15.99 16.05 16.11 16.18 16.25 16.32 16.40 16.47 16.55 16.60 16.63 16.62 16.58 16.52 16.48 16.41 16.36 16.30 16.24 16.18 16.12 16.06 16.01 15.95 15.90 15.85 15.79 15.75
15.67 15.69 15.70 15.71 15.72 15.72 15.71 15.71 15.70 15.70 15.69 15.68 15.68 15.67 15.66 15.66 15.66 15.66 15.65 15.64 15.64 15.63 15.63 15.62 15.61 15.61 15.60 15.60 15.59 15.60 15.59 15.58 15.58 15.58 15.58 15.58 15.59 15.59 15.60 15.60 15.61 15.63 15.64 15.67 15.69 15.72 15.75 15.79 15.83 15.87 15.92 15.97 16.03 16.09 16.16 16.22 16.28 16.35 16.41 16.46 16.51 16.52 16.50 16.45 16.39 16.34 16.28 16.22 16.17 16.10 16.05 16.00 15.94 15.89 15.84 15.79 15.74
15.64 15.64 15.66 15.67 15.68 15.69 15.68 15.67 15.67 15.66 15.66 15.65 15.64 15.65 15.64 15.63 15.63 15.62 15.62 15.61 15.60 15.60 15.59 15.59 15.58 15.57 15.57 15.56 15.56 15.55 15.55 15.55 15.54 15.54 15.54 15.54 15.54 15.54 15.55 15.55 15.56 15.57 15.59 15.60 15.62 15.64 15.66 15.70 15.72 15.77 15.80 15.85 15.89 15.94 16.00 16.05 16.11 16.16 16.21 16.28 16.33 16.37 16.41 16.40 16.36 16.32 16.26 16.20 16.15 16.09 16.04 15.98 15.93 15.88 15.83 15.78 15.73
15.60 15.61 15.62 15.63 15.64 15.65 15.65 15.64 15.63 15.64 15.63 15.63 15.62 15.61 15.61 15.60 15.59 15.59 15.58 15.58 15.57 15.56 15.56 15.55 15.55 15.54 15.53 15.53 15.52 15.52 15.51 15.50 15.51 15.50 15.50 15.50 15.50 15.50 15.50 15.51 15.51 15.52 15.52 15.53 15.55 15.56 15.59 15.61 15.63 15.67 15.69 15.73 15.77 15.80 15.85 15.89 15.94 15.99 16.03 16.09 16.14 16.19 16.24 16.28 16.31 16.28 16.23 16.18 16.13 16.07 16.02 15.97 15.91 15.87 15.81 15.77 15.72
15.56 15.57 15.58 15.59 15.60 15.61 15.61 15.62 15.61 15.61 15.60 15.59 15.59 15.58 15.57 15.57 15.56 15.55 15.55 15.54 15.54 15.53 15.52 15.52 15.51 15.51 15.50 15.49 15.49 15.48 15.47 15.47 15.46 15.47 15.46 15.46 15.46 15.45 15.46 15.46 15.46 15.46 15.47 15.48 15.49 15.50 15.52 15.53 15.55 15.57 15.60 15.63 15.65 15.69 15.72 15.75 15.80 15.83 15.88 15.92 15.96 16.01 16.06 16.10 16.15 16.18 16.18 16.15 16.11 16.05 16.01 15.95 15.91 15.85 15.80 15.76 15.71
15.52 15.53 15.54 15.55 15.56 15.57 15.58 15.58 15.58 15.57 15.57 15.56 15.55 15.55 15.54 15.53 15.53 15.52 15.51 15.51 15.50 15.49 15.49 15.48 15.48 15.47 15.46 15.46 15.45 15.45 15.44 15.43 15.43 15.42 15.43 15.42 15.41 15.42 15.41 15.42 15.41 15.41 15.42 15.42 15.43 15.44 15.45 15.46 15.47 15.49 15.51 15.53 15.56 15.58 15.60 15.64 15.67 15.71 15.74 15.77 15.81 15.85 15.89 15.93 15.98 16.01 16.06 16.07 16.06 16.04 15.99 15.93 15.89 15.84 15.79 15.75 15.69
15.49 15.49 15.50 15.51 15.52 15.53 15.54 15.55 15.54 15.54 15.53 15.53 15.52 15.51 15.51 15.50 15.49 15.49 15.48 15.47 15.47 15.46 15.46 15.45 15.44 15.44 15.43 15.42 15.42 15.41 15.40 15.40 15.39 15.39 15.38 15.38 15.38 15.37 15.37 15.37 15.36 15.37 15.37 15.38 15.38 15.38 15.39 15.40 15.40 15.42 15.43 15.45 15.47 15.48 15.51 15.53 15.55 15.58 15.61 15.64 15.67 15.71 15.74 15.78 15.81 15.85 15.89 15.93 15.95 15.97 15.95 15.91 15.87 15.82 15.78 15.73 15.69
15.44 15.46 15.46 15.47 15.48 15.49 15.50 15.51 15.51 15.51 15.50 15.49 15.48 15.48 15.47 15.47 15.46 15.45 15.45 15.44 15.43 15.43 15.42 15.41 15.41 15.40 15.39 15.39 15.38 15.38 15.37 15.36 15.36 15.35 15.35 15.34 15.33 15.34 15.33 15.32 15.33 15.32 15.33 15.32 15.32 15.33 15.33 15.33 15.34 15.35 15.36 15.37 15.38 15.40 15.41 15.43 15.46 15.47 15.49 15.52 15.55 15.57 15.61 15.64 15.67 15.71 15.74 15.77 15.81 15.84 15.85 15.87 15.84 15.80 15.76 15.71 15.67
15.41 15.41 15.43 15.43 15.45 15.45 15.46 15.46 15.48 15.47 15.46 15.46 15.45 15.45 15.44 15.43 15.43 15.42 15.41 15.41 15.40 15.39 15.39 15.38 15.37 15.37 15.36 15.36 15.35 15.34 15.34 15.33 15.32 15.32 15.31 15.30 15.30 15.29 15.29 15.29 15.28 15.28 15.28 15.27 15.28 15.28 15.27 15.28 15.28 15.29 15.30 15.30 15.31 15.32 15.33 15.35 15.36 15.38 15.39 15.42 15.44 15.46 15.49 15.51 15.54 15.57 15.60 15.64 15.66 15.69 15.71 15.74 15.75 15.75 15.73 15.70 15.65
