main/data/temperature/25.04.2023.grid
ncols 886
nrows 691
xllcenter 112.0000
yllcenter -44.5000
cellsize 0.0500
nodata_value 99999.90
[rows 136 to 169 of 691, columns 539 to 615 of 886]
32.44 32.38 32.33 32.29 32.26 32.24 32.26 32.28 32.30 32.34 32.37 32.41 32.45 32.49 32.52 32.56 32.60 32.64 32.67 32.70 32.75 32.78 32.82 32.86 32.89 32.93 32.97 33.01 33.05 33.08 33.12 33.16 33.19 33.23 33.26 33.29 33.33 33.37 33.40 33.43 33.46 33.49 33.52 33.55 33.57 33.60 33.62 33.63 33.65 33.65 33.66 33.68 33.68 33.67 33.67 33.69 33.69 33.70 33.70 33.71 33.71 33.73 33.72 33.71 33.69 33.69 33.65 33.64 33.63 33.62 33.58 33.59 33.57 33.55 33.49 33.45 33.44
32.52 32.47 32.42 32.37 32.35 32.34 32.34 32.35 32.38 32.40 32.44 32.47 32.50 32.54 32.57 32.61 32.65 32.68 32.71 32.76 32.79 32.82 32.86 32.89 32.94 32.97 33.01 33.04 33.08 33.12 33.15 33.19 33.23 33.26 33.30 33.33 33.36 33.40 33.43 33.47 33.49 33.52 33.56 33.56 33.60 33.62 33.65 33.67 33.69 33.69 33.68 33.68 33.69 33.68 33.72 33.72 33.71 33.72 33.69 33.72 33.72 33.72 33.71 33.71 33.71 33.69 33.63 33.65 33.62 33.61 33.60 33.58 33.55 33.51 33.48 33.45 33.43
32.58 32.54 32.50 32.46 32.44 32.43 32.43 32.44 32.45 32.47 32.50 32.53 32.56 32.59 32.62 32.66 32.69 32.72 32.76 32.80 32.83 32.86 32.90 32.93 32.97 33.00 33.05 33.09 33.12 33.16 33.20 33.22 33.26 33.30 33.33 33.37 33.40 33.44 33.47 33.50 33.53 33.57 33.59 33.60 33.64 33.66 33.66 33.70 33.71 33.73 33.73 33.71 33.73 33.71 33.73 33.74 33.75 33.72 33.70 33.72 33.73 33.72 33.72 33.70 33.69 33.69 33.67 33.64 33.63 33.62 33.61 33.56 33.55 33.52 33.49 33.45 33.41
32.66 32.61 32.58 32.56 32.53 32.51 32.51 32.52 32.53 32.55 32.57 32.59 32.62 32.65 32.68 32.71 32.74 32.77 32.80 32.84 32.87 32.91 32.94 32.98 33.01 33.05 33.08 33.12 33.15 33.19 33.23 33.27 33.30 33.34 33.37 33.40 33.44 33.47 33.51 33.54 33.57 33.60 33.60 33.63 33.65 33.68 33.69 33.74 33.73 33.74 33.75 33.76 33.75 33.74 33.75 33.77 33.78 33.76 33.75 33.73 33.74 33.69 33.71 33.73 33.71 33.70 33.68 33.65 33.65 33.62 33.60 33.55 33.54 33.51 33.47 33.46 33.40
32.68 32.64 32.66 32.64 32.62 32.60 32.60 32.60 32.60 32.62 32.64 32.65 32.68 32.71 32.73 32.77 32.79 32.82 32.86 32.89 32.92 32.95 32.98 33.02 33.05 33.09 33.12 33.16 33.20 33.23 33.27 33.30 33.34 33.37 33.41 33.44 33.48 33.51 33.54 33.57 33.61 33.63 33.65 33.66 33.67 33.71 33.71 33.71 33.74 33.77 33.72 33.72 33.77 33.76 33.75 33.77 33.77 33.77 33.75 33.75 33.74 33.75 33.70 33.73 33.73 33.71 33.67 33.65 33.63 33.62 33.60 33.57 33.54 33.52 33.50 33.42 33.37
32.72 32.65 32.72 32.69 32.70 32.68 32.68 32.68 32.68 32.70 32.71 32.72 32.75 32.77 32.79 32.82 32.85 32.87 32.91 32.93 32.96 33.00 33.03 33.06 33.09 33.13 33.17 33.20 33.24 33.27 33.30 33.34 33.38 33.42 33.45 33.48 33.51 33.55 33.58 33.62 33.64 33.67 33.67 33.70 33.73 33.73 33.76 33.77 33.76 33.74 33.76 33.76 33.77 33.80 33.80 33.78 33.78 33.77 33.79 33.76 33.75 33.72 33.76 33.74 33.73 33.73 33.70 33.66 33.66 33.64 33.61 33.57 33.55 33.50 33.47 33.42 33.36
32.79 32.71 32.82 32.73 32.78 32.77 32.76 32.76 32.76 32.77 32.78 32.78 32.81 32.83 32.85 32.88 32.90 32.92 32.96 32.98 33.02 33.04 33.08 33.11 33.14 33.17 33.21 33.25 33.27 33.31 33.35 33.39 33.41 33.45 33.49 33.52 33.56 33.58 33.62 33.65 33.68 33.70 33.73 33.74 33.75 33.77 33.78 33.79 33.79 33.77 33.79 33.80 33.82 33.81 33.82 33.81 33.79 33.79 33.78 33.77 33.76 33.76 33.76 33.75 33.74 33.72 33.70 33.69 33.66 33.65 33.63 33.59 33.52 33.50 33.45 33.41 33.38
32.90 32.85 32.84 32.86 32.86 32.85 32.84 32.83 32.84 32.84 32.85 32.85 32.88 32.89 32.91 32.93 32.96 32.98 33.01 33.03 33.06 33.09 33.12 33.15 33.19 33.22 33.25 33.29 33.32 33.35 33.39 33.42 33.46 33.50 33.52 33.56 33.59 33.63 33.66 33.69 33.72 33.71 33.76 33.79 33.81 33.82 33.84 33.85 33.85 33.82 33.83 33.82 33.81 33.82 33.82 33.82 33.83 33.79 33.78 33.78 33.77 33.75 33.78 33.77 33.76 33.73 33.72 33.71 33.69 33.66 33.64 33.61 33.56 33.52 33.50 33.45 33.42
32.94 32.88 32.93 32.90 32.93 32.93 32.92 32.91 32.90 32.91 32.92 32.92 32.94 32.95 32.97 32.99 33.01 33.03 33.06 33.08 33.11 33.14 33.17 33.19 33.23 33.26 33.29 33.33 33.36 33.40 33.43 33.46 33.49 33.53 33.57 33.60 33.64 33.67 33.70 33.73 33.74 33.79 33.81 33.83 33.83 33.83 33.85 33.85 33.84 33.83 33.83 33.85 33.85 33.83 33.82 33.81 33.80 33.83 33.80 33.77 33.77 33.76 33.78 33.78 33.76 33.75 33.74 33.73 33.70 33.66 33.62 33.59 33.57 33.55 33.52 33.48 33.46
32.98 32.99 32.97 32.99 32.98 33.00 32.99 32.98 32.97 32.97 32.98 32.99 32.99 33.01 33.03 33.04 33.07 33.08 33.11 33.13 33.16 33.18 33.22 33.25 33.27 33.30 33.34 33.36 33.40 33.44 33.47 33.51 33.54 33.58 33.60 33.64 33.67 33.71 33.74 33.77 33.79 33.80 33.82 33.86 33.84 33.84 33.85 33.86 33.88 33.87 33.86 33.85 33.87 33.85 33.83 33.82 33.81 33.82 33.82 33.82 33.80 33.79 33.79 33.78 33.77 33.76 33.75 33.74 33.70 33.70 33.63 33.59 33.55 33.55 33.52 33.47 33.43
33.06 33.06 33.03 33.03 33.03 33.06 33.05 33.05 33.04 33.04 33.05 33.05 33.06 33.08 33.09 33.10 33.12 33.14 33.16 33.18 33.21 33.24 33.26 33.29 33.31 33.35 33.38 33.41 33.45 33.47 33.51 33.54 33.58 33.61 33.65 33.68 33.72 33.75 33.77 33.81 33.82 33.83 33.85 33.87 33.91 33.92 33.91 33.93 33.91 33.89 33.88 33.88 33.91 33.86 33.87 33.87 33.85 33.85 33.84 33.83 33.81 33.80 33.79 33.79 33.78 33.76 33.74 33.73 33.70 33.69 33.63 33.61 33.56 33.53 33.51 33.48 33.45
33.11 33.13 33.10 33.12 33.11 33.12 33.11 33.11 33.11 33.11 33.11 33.12 33.12 33.14 33.15 33.16 33.18 33.19 33.22 33.23 33.26 33.29 33.31 33.34 33.37 33.39 33.42 33.45 33.49 33.52 33.55 33.59 33.62 33.65 33.68 33.72 33.75 33.78 33.82 33.84 33.86 33.90 33.87 33.87 33.89 33.93 33.97 33.96 33.92 33.92 33.91 33.93 33.91 33.91 33.90 33.87 33.88 33.87 33.84 33.83 33.82 33.81 33.82 33.78 33.77 33.74 33.75 33.74 33.71 33.70 33.66 33.62 33.60 33.55 33.49 33.46 33.42
33.19 33.19 33.17 33.17 33.17 33.17 33.18 33.16 33.17 33.16 33.17 33.18 33.18 33.19 33.20 33.21 33.23 33.24 33.27 33.29 33.31 33.33 33.35 33.38 33.41 33.44 33.46 33.49 33.52 33.56 33.59 33.62 33.66 33.69 33.73 33.76 33.78 33.82 33.85 33.88 33.88 33.92 33.96 33.97 33.95 33.94 33.96 33.96 33.96 33.96 33.96 33.95 33.94 33.92 33.92 33.89 33.90 33.89 33.86 33.85 33.83 33.81 33.81 33.79 33.78 33.75 33.74 33.74 33.72 33.68 33.66 33.61 33.58 33.55 33.51 33.44 33.42
33.24 33.20 33.22 33.22 33.23 33.22 33.25 33.24 33.23 33.24 33.23 33.24 33.25 33.25 33.26 33.27 33.29 33.30 33.32 33.34 33.35 33.38 33.41 33.42 33.45 33.48 33.51 33.54 33.56 33.59 33.63 33.66 33.69 33.72 33.76 33.79 33.83 33.85 33.86 33.90 33.92 33.95 33.95 34.01 34.01 34.03 34.03 34.01 34.02 33.98 34.00 33.98 33.97 33.95 33.93 33.92 33.91 33.89 33.88 33.86 33.86 33.83 33.82 33.80 33.79 33.77 33.74 33.75 33.73 33.67 33.67 33.64 33.58 33.56 33.48 33.45 33.41
33.27 33.28 33.27 33.26 33.27 33.27 33.27 33.29 33.29 33.29 33.28 33.30 33.31 33.31 33.32 33.33 33.34 33.35 33.37 33.39 33.40 33.42 33.45 33.47 33.49 33.52 33.55 33.58 33.61 33.64 33.67 33.70 33.74 33.77 33.79 33.83 33.85 33.88 33.88 33.94 33.98 33.99 34.03 34.02 34.04 34.03 34.04 34.04 34.02 34.01 34.00 33.99 33.99 33.96 33.97 33.95 33.94 33.92 33.89 33.87 33.85 33.87 33.82 33.81 33.79 33.77 33.74 33.75 33.73 33.70 33.62 33.60 33.58 33.51 33.47 33.45 33.42
33.35 33.34 33.34 33.33 33.34 33.32 33.33 33.34 33.35 33.35 33.36 33.34 33.36 33.32 33.37 33.38 33.39 33.41 33.42 33.44 33.45 33.47 33.49 33.52 33.53 33.56 33.59 33.62 33.65 33.68 33.71 33.74 33.77 33.80 33.83 33.84 33.88 33.92 33.92 33.97 33.99 34.03 34.05 34.07 34.07 34.07 34.06 34.05 34.04 34.04 34.03 34.03 34.01 33.99 33.98 33.97 33.95 33.92 33.90 33.88 33.88 33.88 33.84 33.82 33.81 33.78 33.78 33.75 33.72 33.69 33.67 33.64 33.58 33.55 33.49 33.44 33.38
33.39 33.39 33.39 33.38 33.37 33.39 33.38 33.38 33.42 33.40 33.39 33.41 33.40 33.40 33.41 33.41 33.45 33.46 33.47 33.48 33.50 33.51 33.54 33.56 33.58 33.60 33.62 33.65 33.68 33.71 33.74 33.77 33.80 33.83 33.85 33.88 33.91 33.92 33.91 34.01 34.03 34.06 34.09 34.09 34.10 34.10 34.10 34.10 34.08 34.08 34.05 34.05 34.03 34.03 33.99 33.98 33.96 33.95 33.93 33.93 33.90 33.90 33.88 33.86 33.83 33.77 33.75 33.74 33.73 33.69 33.68 33.65 33.60 33.55 33.51 33.47 33.42
33.46 33.44 33.42 33.43 33.42 33.42 33.42 33.44 33.45 33.46 33.47 33.46 33.46 33.42 33.46 33.48 33.49 33.50 33.51 33.53 33.55 33.56 33.58 33.60 33.62 33.65 33.66 33.69 33.72 33.74 33.76 33.80 33.82 33.85 33.87 33.87 33.92 33.97 33.88 33.93 34.04 34.07 34.14 34.15 34.13 34.12 34.12 34.12 34.11 34.09 34.08 34.08 34.05 34.05 34.03 34.01 33.99 33.98 33.95 33.93 33.91 33.88 33.89 33.86 33.82 33.80 33.78 33.74 33.73 33.70 33.71 33.69 33.66 33.63 33.61 33.50 33.50
33.47 33.48 33.47 33.47 33.46 33.45 33.45 33.49 33.52 33.51 33.53 33.50 33.50 33.49 33.52 33.48 33.53 33.54 33.54 33.56 33.58 33.60 33.62 33.64 33.66 33.68 33.71 33.73 33.74 33.75 33.80 33.82 33.83 33.87 33.90 33.91 33.93 33.99 33.96 33.98 34.06 34.08 34.10 34.17 34.17 34.14 34.14 34.14 34.13 34.11 34.11 34.08 34.06 34.05 34.03 34.04 34.02 34.01 33.99 33.96 33.94 33.92 33.89 33.89 33.85 33.82 33.79 33.74 33.74 33.70 33.69 33.70 33.66 33.62 33.59 33.52 33.43
33.52 33.51 33.50 33.50 33.50 33.50 33.51 33.51 33.50 33.55 33.56 33.55 33.56 33.56 33.57 33.53 33.56 33.58 33.56 33.57 33.59 33.64 33.64 33.67 33.68 33.71 33.73 33.74 33.76 33.77 33.82 33.82 33.86 33.88 33.92 33.94 33.96 34.01 34.01 34.02 34.09 34.04 34.06 34.19 34.17 34.15 34.15 34.15 34.15 34.15 34.13 34.13 34.08 34.08 34.06 34.06 34.04 34.03 34.00 33.97 33.95 33.94 33.89 33.86 33.85 33.84 33.79 33.74 33.73 33.69 33.69 33.65 33.65 33.66 33.62 33.57 33.51
33.54 33.53 33.53 33.53 33.52 33.52 33.54 33.55 33.56 33.57 33.60 33.60 33.59 33.58 33.62 33.57 33.58 33.59 33.57 33.55 33.61 33.63 33.65 33.68 33.70 33.72 33.76 33.78 33.76 33.79 33.83 33.85 33.88 33.89 33.93 33.96 33.97 34.00 34.03 34.02 34.02 34.05 34.08 34.18 34.17 34.17 34.18 34.16 34.15 34.14 34.14 34.12 34.10 34.08 34.07 34.07 34.02 34.02 34.00 33.98 33.97 33.95 33.89 33.88 33.86 33.85 33.79 33.76 33.74 33.73 33.68 33.67 33.66 33.64 33.63 33.60 33.55
33.58 33.58 33.56 33.55 33.55 33.58 33.58 33.59 33.60 33.63 33.65 33.61 33.60 33.64 33.62 33.57 33.66 33.63 33.57 33.59 33.56 33.59 33.66 33.67 33.69 33.76 33.79 33.80 33.77 33.83 33.84 33.86 33.88 33.92 33.94 34.00 34.01 34.03 34.04 34.04 34.02 34.01 34.10 34.12 34.21 34.18 34.17 34.18 34.18 34.17 34.16 34.15 34.16 34.12 34.10 34.08 34.05 34.04 34.02 33.99 33.97 33.95 33.94 33.89 33.87 33.86 33.81 33.75 33.75 33.71 33.68 33.66 33.67 33.63 33.61 33.58 33.55
33.62 33.61 33.59 33.61 33.64 33.66 33.65 33.65 33.65 33.67 33.70 33.70 33.63 33.64 33.67 33.68 33.68 33.67 33.65 33.62 33.64 33.63 33.64 33.64 33.71 33.78 33.78 33.81 33.77 33.85 33.88 33.91 33.91 33.93 33.96 34.01 34.02 34.06 34.06 33.99 34.03 34.00 34.12 34.24 34.21 34.20 34.18 34.20 34.20 34.18 34.18 34.17 34.17 34.16 34.13 34.10 34.09 34.05 34.03 34.01 33.97 33.94 33.93 33.91 33.90 33.87 33.84 33.79 33.78 33.74 33.68 33.65 33.64 33.63 33.56 33.57 33.58
33.68 33.69 33.71 33.72 33.69 33.68 33.69 33.68 33.67 33.70 33.71 33.68 33.66 33.65 33.68 33.67 33.68 33.73 33.71 33.72 33.66 33.67 33.66 33.70 33.76 33.81 33.78 33.81 33.81 33.88 33.89 33.85 33.94 33.97 33.98 34.01 34.04 34.06 34.09 33.91 33.95 34.10 34.11 34.20 34.24 34.24 34.23 34.23 34.22 34.22 34.21 34.21 34.19 34.17 34.16 34.14 34.09 34.05 34.03 34.02 33.99 33.97 33.94 33.94 33.93 33.89 33.86 33.81 33.78 33.76 33.75 33.66 33.57 33.57 33.58 33.56 33.58
33.76 33.72 33.72 33.71 33.72 33.72 33.72 33.68 33.72 33.71 33.72 33.70 33.67 33.69 33.72 33.71 33.73 33.74 33.74 33.73 33.72 33.63 33.62 33.72 33.74 33.82 33.84 33.82 33.87 33.89 33.83 33.86 33.92 33.98 34.00 34.03 34.06 34.07 34.10 34.06 34.10 34.16 34.17 34.21 34.25 34.24 34.22 34.23 34.26 34.24 34.24 34.21 34.21 34.19 34.18 34.13 34.10 34.09 34.06 34.04 34.01 33.95 33.96 33.94 33.92 33.89 33.89 33.61 33.66 33.76 33.58 33.54 33.40 33.41 33.63 33.53 33.48
33.76 33.76 33.74 33.73 33.76 33.75 33.73 33.75 33.73 33.74 33.73 33.73 33.72 33.72 33.73 33.74 33.76 33.76 33.76 33.75 33.74 33.74 33.58 33.53 33.63 33.82 33.82 33.80 33.85 33.88 33.85 33.91 33.92 33.99 34.01 34.03 34.07 34.09 34.12 34.10 34.14 34.18 34.19 34.25 34.25 34.25 34.25 34.26 34.26 34.24 34.24 34.22 34.23 34.19 34.17 34.17 34.15 34.14 34.09 34.08 34.06 34.06 34.00 33.97 33.95 33.89 33.73 33.76 33.59 33.09 33.51 33.11 33.27 33.27 33.49 33.60 33.52
33.79 33.78 33.79 33.80 33.76 33.75 33.75 33.76 33.73 33.76 33.75 33.74 33.75 33.75 33.76 33.77 33.76 33.78 33.82 33.78 33.76 33.76 33.67 33.65 33.79 33.73 33.76 33.79 33.85 33.85 33.82 33.92 33.95 33.99 34.02 34.04 34.07 34.09 34.12 34.11 34.14 34.18 34.22 34.26 34.24 34.24 34.26 34.26 34.25 34.25 34.26 34.24 34.22 34.20 34.20 34.20 34.18 34.17 34.13 34.10 34.09 34.07 34.04 34.01 33.97 33.88 33.69 33.35 33.29 33.64 33.27 33.40 33.25 33.23 33.56 33.61 33.55
33.79 33.84 33.84 33.81 33.79 33.75 33.77 33.76 33.76 33.76 33.75 33.74 33.76 33.78 33.78 33.78 33.77 33.78 33.84 33.81 33.80 33.78 33.76 33.65 33.70 33.74 33.73 33.75 33.76 33.72 33.78 33.87 33.96 33.99 34.03 34.05 34.06 34.09 34.13 34.12 34.14 34.18 34.21 34.25 34.27 34.27 34.27 34.27 34.26 34.25 34.25 34.25 34.23 34.21 34.20 34.19 34.18 34.19 34.16 34.12 34.10 34.11 34.06 34.07 34.03 33.92 33.70 33.43 33.40 33.55 33.48 33.28 33.38 33.51 33.30 33.57 33.58
33.85 33.84 33.80 33.81 33.80 33.76 33.76 33.75 33.76 33.75 33.76 33.75 33.77 33.79 33.78 33.77 33.77 33.79 33.84 33.86 33.82 33.79 33.72 33.69 33.65 33.64 33.73 33.74 33.80 33.60 33.80 33.89 33.95 33.98 34.02 34.04 34.08 34.10 34.14 34.15 34.15 34.18 34.21 34.24 34.26 34.27 34.27 34.28 34.27 34.27 34.24 34.28 34.26 34.24 34.23 34.22 34.20 34.20 34.19 34.18 34.14 34.14 34.12 34.11 34.07 33.97 33.76 33.34 33.52 33.39 33.55 33.40 33.39 33.56 33.60 33.61 33.25
33.87 33.83 33.82 33.82 33.82 33.80 33.77 33.76 33.76 33.76 33.78 33.77 33.78 33.81 33.79 33.78 33.80 33.83 33.83 33.86 33.85 33.82 33.71 33.77 33.72 33.63 33.72 33.58 33.65 33.72 33.69 33.89 33.91 33.95 34.01 34.04 34.07 34.10 34.13 34.15 34.16 34.19 34.22 34.24 34.25 34.27 34.28 34.28 34.26 34.26 34.28 34.27 34.26 34.26 34.24 34.23 34.24 34.23 34.21 34.20 34.19 34.16 34.15 34.11 34.06 34.00 33.93 33.83 33.79 33.67 33.55 33.47 33.38 33.42 33.36 33.38 33.34
33.86 33.81 33.84 33.84 33.81 33.79 33.77 33.77 33.78 33.77 33.79 33.78 33.82 33.81 33.80 33.80 33.85 33.82 33.84 33.85 33.85 33.85 33.77 33.79 33.81 33.79 33.77 33.53 33.70 33.61 33.64 33.84 33.90 33.92 34.01 34.04 34.06 34.08 34.15 34.13 34.15 34.20 34.22 34.24 34.24 34.26 34.28 34.28 34.28 34.29 34.31 34.28 34.28 34.27 34.27 34.26 34.25 34.24 34.22 34.21 34.20 34.20 34.15 34.11 34.05 34.01 33.96 33.91 33.81 33.66 33.64 33.35 33.16 33.42 33.42 33.43 33.35
33.81 33.88 33.81 33.84 33.83 33.79 33.79 33.77 33.78 33.78 33.78 33.78 33.79 33.80 33.81 33.84 33.83 33.83 33.89 33.85 33.84 33.85 33.89 33.88 33.89 33.86 33.76 33.68 33.53 33.56 33.71 33.84 33.87 33.93 33.98 34.02 34.05 34.08 34.15 34.14 34.15 34.19 34.23 34.23 34.23 34.26 34.28 34.29 34.29 34.28 34.29 34.29 34.29 34.30 34.29 34.28 34.26 34.26 34.24 34.20 34.20 34.20 34.16 34.11 34.07 34.05 34.01 33.92 33.71 33.68 33.59 33.18 33.16 33.50 33.09 33.29 33.28
33.81 33.82 33.81 33.80 33.78 33.80 33.77 33.77 33.77 33.80 33.79 33.78 33.79 33.80 33.83 33.86 33.83 33.86 33.92 33.88 33.88 33.88 33.90 33.86 33.89 33.90 33.85 33.80 33.74 33.64 33.73 33.74 33.75 33.88 33.92 34.04 34.05 34.12 34.14 34.16 34.14 34.18 34.22 34.22 34.22 34.24 34.25 34.30 34.31 34.30 34.29 34.30 34.30 34.31 34.30 34.30 34.30 34.29 34.26 34.23 34.21 34.18 34.14 34.12 34.07 34.02 33.99 33.92 33.88 33.84 33.77 33.40 33.14 33.23 32.65 33.18 32.98
33.87 33.81 33.80 33.79 33.79 33.80 33.79 33.77 33.75 33.78 33.80 33.81 33.82 33.81 33.83 33.86 33.90 33.92 33.96 33.88 33.87 33.91 33.91 33.88 33.89 33.92 33.77 33.71 33.72 33.71 33.76 33.69 33.73 33.95 33.96 34.02 34.08 34.12 34.12 34.15 34.14 34.16 34.20 34.20 34.23 34.21 34.24 34.29 34.28 34.32 34.32 34.30 34.30 34.29 34.30 34.30 34.30 34.28 34.24 34.21 34.19 34.19 34.15 34.11 34.07 34.03 33.98 33.90 33.90 33.80 33.78 33.30 33.48 32.91 32.76 33.19 32.73
