main/data/temperature/25.06.2023.grid
ncols 886
nrows 691
xllcenter 112.0000
yllcenter -44.5000
cellsize 0.0500
nodata_value 99999.90
[rows 408 to 441 of 691, columns 616 to 692 of 886]
17.90 17.97 18.00 17.93 17.71 17.78 17.50 17.72 17.63 17.61 17.63 17.51 17.65 17.93 18.13 18.21 18.28 18.29 18.34 18.44 18.48 18.45 18.47 18.50 18.50 18.47 18.46 18.48 18.52 18.53 18.49 18.50 18.52 18.54 18.55 18.54 18.57 18.51 18.52 18.44 18.45 18.35 18.34 18.18 18.39 18.55 18.64 18.65 18.69 18.59 18.73 18.81 18.76 18.86 18.89 18.83 18.83 18.84 18.90 18.91 18.92 18.95 18.92 18.99 19.05 19.06 19.07 19.08 19.08 19.04 19.01 18.94 18.91 18.76 18.77 18.75 18.78
17.75 17.91 17.95 17.94 17.89 17.82 17.77 17.57 17.56 17.52 17.88 17.94 17.78 18.06 18.08 18.19 18.26 18.30 18.35 18.43 18.44 18.44 18.39 18.47 18.48 18.47 18.46 18.47 18.45 18.46 18.45 18.47 18.49 18.51 18.52 18.51 18.41 18.40 18.42 18.29 18.32 18.32 18.04 18.35 18.45 18.52 18.61 18.65 18.69 18.73 18.77 18.69 18.68 18.71 18.78 18.75 18.77 18.77 18.79 18.83 18.83 18.83 18.83 18.86 18.95 19.00 18.98 19.01 19.04 19.01 18.95 18.92 18.92 18.87 18.76 18.66 18.66
17.68 17.80 17.85 17.87 17.91 17.83 17.81 17.76 17.68 17.34 17.89 18.00 18.05 18.12 18.18 18.19 18.23 18.30 18.33 18.38 18.36 18.35 18.36 18.42 18.42 18.42 18.41 18.37 18.43 18.40 18.40 18.42 18.44 18.46 18.46 18.45 18.34 18.18 18.26 18.25 18.29 18.31 18.35 18.38 18.55 18.52 18.56 18.55 18.56 18.57 18.57 18.56 18.57 18.62 18.68 18.66 18.64 18.66 18.67 18.73 18.68 18.71 18.76 18.79 18.86 18.91 18.93 18.93 18.97 18.96 18.94 18.91 18.82 18.73 18.66 18.55 18.53
17.57 17.71 17.76 17.80 17.83 17.76 17.80 17.79 17.69 17.33 17.55 17.99 18.01 18.05 18.11 18.20 18.20 18.29 18.32 18.35 18.33 18.35 18.39 18.39 18.37 18.37 18.40 18.34 18.34 18.36 18.42 18.40 18.43 18.45 18.41 18.39 18.34 18.24 18.26 18.31 18.37 18.38 18.43 18.49 18.49 18.49 18.55 18.47 18.47 18.50 18.47 18.47 18.48 18.57 18.57 18.56 18.56 18.44 18.40 18.57 18.64 18.66 18.69 18.74 18.81 18.83 18.86 18.87 18.89 18.84 18.81 18.88 18.81 18.71 18.51 18.43 18.43
17.51 17.66 17.69 17.73 17.75 17.69 17.72 17.67 17.64 17.24 17.68 17.77 17.76 17.76 18.11 18.16 18.19 18.23 18.31 18.35 18.31 18.36 18.36 18.36 18.38 18.38 18.39 18.36 18.38 18.38 18.37 18.35 18.38 18.35 18.04 18.26 18.23 18.24 18.29 18.34 18.37 18.37 18.38 18.45 18.44 18.48 18.44 18.41 18.41 18.39 18.32 18.38 18.33 18.41 18.44 18.44 18.38 18.20 17.85 17.61 18.47 18.58 18.58 18.63 18.70 18.76 18.76 18.80 18.72 18.85 18.87 18.83 18.63 18.65 18.64 18.54 18.68
17.37 17.50 17.60 17.66 17.59 17.67 17.44 17.38 17.23 17.20 17.37 17.58 17.42 17.73 18.04 18.18 18.29 18.34 18.32 18.33 18.35 18.36 18.37 18.37 18.39 18.36 18.36 18.38 18.37 18.39 18.38 18.37 18.37 18.34 18.28 18.28 18.30 18.30 18.33 18.33 18.40 18.34 18.39 18.36 18.22 18.36 18.35 18.31 18.29 18.32 18.32 18.28 18.16 18.31 18.29 18.28 18.23 18.13 18.03 18.06 18.22 18.47 18.47 18.50 18.58 18.65 18.68 18.66 18.70 18.80 18.81 18.84 18.78 18.77 18.61 18.48 18.53
17.36 17.47 17.55 17.61 17.68 17.64 17.58 17.30 17.18 17.38 17.74 17.77 17.69 17.53 18.06 18.30 18.32 18.33 18.34 18.35 18.37 18.40 18.40 18.40 18.34 18.32 18.36 18.37 18.36 18.37 18.37 18.32 18.32 18.31 18.32 18.30 18.22 18.30 18.30 18.28 18.28 18.34 18.31 18.29 18.29 18.25 17.67 18.16 18.24 18.25 18.24 18.23 18.21 18.18 18.12 18.06 18.04 17.91 18.02 17.80 18.26 18.32 18.37 18.39 18.45 18.53 18.58 18.62 18.68 18.71 18.44 18.73 18.80 18.72 18.66 18.65 18.64
17.31 17.43 17.51 17.58 17.65 17.65 17.57 17.16 17.29 17.44 17.71 17.82 17.96 17.73 17.71 17.85 18.33 18.35 18.22 18.23 18.33 18.39 18.39 18.41 18.38 18.31 18.35 18.28 18.30 18.37 18.34 18.33 18.30 18.28 18.27 18.26 18.24 18.22 18.27 18.28 18.22 18.23 18.12 18.23 18.18 18.14 17.95 17.73 18.11 18.16 18.14 18.12 18.12 18.11 18.03 17.98 17.85 17.80 17.98 18.12 18.20 18.18 17.89 18.19 18.14 18.25 18.43 18.50 18.57 18.52 18.55 18.61 18.73 18.62 18.73 18.66 18.80
17.28 17.34 17.48 17.58 17.66 17.66 17.65 17.52 17.58 17.67 17.68 17.78 17.99 18.01 17.91 18.00 18.34 18.35 18.31 18.35 18.39 18.40 18.40 18.40 18.34 18.38 18.31 18.36 18.33 18.30 18.31 18.27 18.26 18.25 18.20 18.22 18.20 18.25 18.19 18.24 18.16 17.93 17.85 17.82 17.99 17.36 17.84 17.91 18.01 18.04 18.03 17.94 17.97 17.90 17.86 17.78 17.68 17.73 17.82 18.00 18.07 18.08 18.02 17.93 18.00 18.12 18.26 18.40 18.42 18.42 18.46 18.55 18.65 18.70 18.73 18.76 18.75
17.31 17.32 17.49 17.58 17.62 17.63 17.63 17.88 17.92 17.94 17.96 18.07 18.09 18.16 18.07 17.53 18.38 18.36 18.12 18.26 18.22 18.09 18.38 18.40 18.37 18.37 18.36 18.32 18.33 18.30 18.29 18.26 18.16 17.92 18.16 18.21 18.16 18.17 18.14 18.16 18.09 18.06 18.01 17.98 17.89 17.71 17.49 17.49 17.88 17.91 17.86 17.84 17.77 17.68 17.65 17.64 17.55 17.64 17.71 17.89 17.97 17.91 17.76 17.62 17.75 17.97 18.09 18.26 18.32 18.14 18.30 18.50 18.55 18.61 18.66 18.66 18.55
17.30 17.36 17.49 17.49 17.59 17.71 17.49 17.74 17.93 18.05 18.11 18.18 18.20 18.22 18.25 18.22 18.38 18.18 18.04 18.29 18.16 18.01 18.20 18.38 18.40 18.37 18.37 18.32 18.30 18.30 18.24 18.24 18.17 18.19 18.19 18.17 18.16 18.08 18.06 18.07 17.97 17.95 17.92 17.85 17.80 17.66 17.47 17.32 17.69 17.74 17.75 17.76 17.72 17.67 17.65 17.49 17.45 17.49 17.67 17.77 17.83 17.80 17.77 17.66 17.62 17.64 18.08 18.14 18.02 17.95 18.24 18.38 18.43 18.50 18.57 18.55 18.50
17.27 17.44 17.52 17.68 17.69 17.69 17.73 17.38 17.93 18.08 18.13 18.20 18.27 18.30 18.31 18.30 18.39 17.96 17.82 17.92 18.03 17.72 18.16 18.31 17.78 18.28 18.35 18.32 18.30 18.23 18.23 18.21 18.17 18.12 18.08 18.08 18.07 18.00 17.96 17.94 17.84 17.84 17.79 17.76 17.65 17.58 17.51 17.20 17.45 17.62 17.58 17.62 17.57 17.48 17.51 17.37 17.35 17.49 17.61 17.66 17.69 17.64 17.10 17.59 17.67 17.74 17.91 17.95 17.87 17.88 18.09 18.29 18.34 18.34 18.41 18.46 18.46
17.41 17.45 17.54 17.71 17.75 17.73 17.91 17.93 18.02 18.11 18.17 18.23 18.26 18.33 18.38 18.40 18.41 18.25 18.09 18.09 18.32 18.25 18.12 18.20 17.98 17.81 18.14 18.30 18.21 18.23 18.17 18.17 18.10 18.06 18.01 17.98 17.97 17.92 17.88 17.84 17.76 17.71 17.64 17.64 17.57 17.44 17.10 16.93 16.85 16.88 17.42 17.43 17.46 17.16 17.27 17.14 17.05 17.36 17.48 17.45 17.55 17.44 17.34 17.38 17.43 17.56 17.62 17.68 17.83 17.73 17.93 18.13 18.21 18.21 18.20 18.28 18.35
17.44 17.51 17.58 17.61 17.70 17.85 17.93 18.00 18.05 18.15 18.20 18.23 18.28 18.31 18.40 18.40 18.45 18.41 18.29 18.25 18.41 18.39 18.34 18.29 17.41 18.30 18.35 18.31 18.26 18.21 18.15 18.15 18.06 18.01 17.94 17.93 17.90 17.84 17.75 17.71 17.64 17.63 17.57 17.55 17.50 17.37 17.01 16.80 16.43 16.99 17.02 17.30 17.18 17.27 17.07 17.07 17.02 17.25 17.37 17.41 17.45 17.39 17.33 17.32 17.29 17.41 17.40 17.38 17.53 17.64 17.72 17.92 18.10 18.10 18.06 18.01 18.12
17.34 17.36 17.41 17.72 17.82 17.87 17.95 17.99 18.07 18.15 18.21 18.25 18.33 18.37 18.39 18.39 18.44 18.44 18.30 18.50 18.51 18.48 18.38 18.36 18.27 18.38 18.33 18.27 18.22 18.17 18.13 18.03 17.97 17.99 17.92 17.84 17.78 17.73 17.65 17.59 17.55 17.54 17.48 17.44 17.37 17.28 17.12 17.01 16.43 16.41 16.77 16.81 17.13 17.06 17.09 16.98 16.88 17.06 17.18 17.30 17.34 17.38 17.28 17.36 17.32 17.27 17.29 17.21 17.28 17.49 17.69 17.86 17.97 17.92 17.85 17.81 17.84
17.05 17.22 17.53 17.73 17.84 17.92 17.99 18.05 18.11 18.17 18.24 18.28 18.35 18.39 18.45 18.46 18.48 18.40 18.21 18.51 18.53 18.51 18.40 18.38 18.30 18.42 18.32 18.27 18.17 18.16 18.08 18.00 17.96 17.89 17.81 17.75 17.67 17.62 17.55 17.47 17.44 17.41 17.40 17.36 17.29 17.18 17.03 16.53 16.12 16.50 16.29 16.43 16.91 16.87 16.91 16.98 16.98 16.97 17.06 17.08 17.21 17.16 17.29 17.25 17.23 17.05 17.08 17.13 17.09 17.15 17.32 17.76 17.80 17.82 17.83 17.75 17.55
17.04 17.37 17.61 17.76 17.88 17.95 18.05 18.11 18.18 18.23 18.28 18.34 18.38 18.36 18.46 18.48 18.44 18.38 18.36 18.52 18.54 18.45 18.46 18.34 18.40 18.41 18.34 18.24 18.18 18.13 18.05 17.94 17.88 17.84 17.76 17.66 17.59 17.55 17.49 17.42 17.38 17.31 17.31 17.29 17.22 17.09 16.85 16.30 16.46 16.67 16.18 16.17 16.56 16.76 16.86 16.92 17.01 16.98 16.98 16.96 16.92 17.11 17.18 17.13 17.05 16.97 16.91 16.98 17.00 17.14 17.40 17.63 17.59 17.56 17.59 17.54 17.51
16.98 17.48 17.67 17.81 17.94 18.04 18.12 18.18 18.25 18.29 18.34 18.43 18.39 18.45 18.36 18.47 18.47 18.41 18.36 18.53 18.52 18.50 18.42 18.38 18.45 18.41 18.34 18.24 18.16 18.10 18.00 17.90 17.81 17.74 17.67 17.60 17.55 17.49 17.44 17.38 17.34 17.28 17.25 17.20 17.15 17.05 16.62 16.26 16.79 16.62 16.06 16.02 16.62 16.73 16.83 16.96 16.97 16.91 16.80 16.75 16.76 16.71 17.06 16.99 16.89 16.86 16.77 16.89 17.12 17.24 17.31 17.51 17.45 17.42 17.36 17.48 17.46
17.38 17.62 17.75 17.82 18.01 18.11 18.18 18.25 18.33 18.34 18.39 18.39 18.41 18.41 18.38 18.50 18.42 18.47 18.48 18.45 18.50 18.46 18.48 18.44 18.40 18.37 18.30 18.21 18.14 18.04 17.94 17.86 17.71 17.69 17.61 17.55 17.51 17.48 17.39 17.37 17.33 17.24 17.21 17.14 17.00 16.68 16.96 16.91 16.55 16.46 16.47 16.51 16.68 16.71 16.88 16.94 16.90 16.72 16.67 16.46 16.65 16.81 16.95 16.92 16.70 16.79 16.78 16.66 16.92 17.01 17.08 17.34 17.41 17.44 17.43 17.45 17.45
17.38 17.69 17.85 17.96 18.06 18.14 18.25 18.32 18.40 18.45 18.45 18.32 18.34 18.19 18.42 18.55 18.51 18.49 18.53 18.49 18.50 18.47 18.49 18.48 18.38 18.35 18.27 18.18 18.09 18.02 17.91 17.82 17.75 17.61 17.56 17.47 17.45 17.41 17.34 17.28 17.25 17.19 17.13 16.98 16.73 16.50 16.74 16.57 16.45 15.99 16.43 16.66 16.62 16.77 16.86 16.78 16.76 16.68 16.64 16.58 16.57 16.69 16.82 16.87 16.85 16.74 16.70 16.67 16.83 17.00 17.12 16.99 17.23 17.14 17.17 17.28 17.15
17.56 17.77 17.89 18.01 18.11 18.20 18.28 18.38 18.37 18.48 18.33 18.19 18.18 18.41 18.52 18.49 18.59 18.52 18.51 18.50 18.48 18.52 18.45 18.46 18.37 18.31 18.25 18.14 18.05 17.96 17.89 17.78 17.70 17.56 17.48 17.36 17.36 17.35 17.29 17.25 17.20 17.14 17.09 16.65 16.25 16.46 16.34 16.26 16.04 16.23 16.43 16.71 16.70 16.81 16.78 16.79 16.74 16.64 16.65 16.41 16.38 16.52 16.63 16.60 16.76 16.65 16.58 16.46 16.55 16.78 16.93 16.91 17.01 17.00 16.85 17.04 17.07
17.67 17.76 17.92 18.05 18.12 18.22 18.31 18.41 18.38 18.40 18.29 18.22 18.35 18.55 18.56 18.60 18.58 18.59 18.55 18.50 18.53 18.53 18.44 18.44 18.33 18.32 18.21 18.09 17.86 17.92 17.82 17.69 17.65 17.55 17.46 17.38 17.14 17.07 17.25 17.20 17.17 17.06 16.95 16.51 16.62 16.74 16.41 16.32 16.30 16.46 16.59 16.74 16.78 16.79 16.56 16.65 16.69 16.59 16.45 16.48 16.38 16.35 16.31 16.41 16.71 16.57 16.46 16.26 16.41 16.58 16.73 16.72 16.90 16.86 16.64 16.90 17.10
17.66 17.86 17.97 18.07 18.16 18.22 18.32 18.40 18.45 18.40 18.45 18.46 18.48 18.61 18.60 18.61 18.60 18.61 18.60 18.58 18.53 18.49 18.36 18.43 18.36 18.27 18.18 17.98 17.72 17.88 17.80 17.70 17.61 17.54 17.41 17.23 17.09 16.96 17.15 17.05 17.04 16.90 16.85 16.39 16.69 16.60 16.48 16.22 16.27 16.58 16.66 16.75 16.81 16.72 16.66 16.59 16.51 16.49 16.50 16.62 16.43 16.42 16.30 16.46 16.65 16.50 16.46 16.43 16.29 16.41 16.61 16.69 16.68 16.52 16.61 16.90 17.05
17.74 17.92 18.00 18.07 18.16 18.24 18.33 18.38 18.41 18.38 18.55 18.54 18.60 18.60 18.59 18.59 18.60 18.62 18.60 18.55 18.53 18.50 18.46 18.36 18.34 18.26 18.17 18.02 17.75 17.87 17.81 17.71 17.64 17.50 17.37 17.08 17.22 17.01 16.89 16.79 16.82 16.52 16.68 16.87 16.78 16.62 16.37 16.28 16.38 16.50 16.65 16.72 16.77 16.67 16.70 16.69 16.60 16.50 16.60 16.61 16.51 16.38 16.20 16.30 16.45 16.62 16.42 16.16 16.09 16.11 16.33 16.41 16.61 16.48 16.67 16.76 16.92
17.18 17.91 18.04 18.12 18.20 18.27 18.34 18.39 18.45 18.49 18.57 18.65 18.59 18.60 18.60 18.62 18.62 18.58 18.52 18.54 18.45 18.48 18.44 18.39 18.32 18.24 18.13 18.04 17.96 17.85 17.74 17.70 17.57 17.47 17.32 17.20 17.07 16.98 16.78 16.54 16.65 16.77 16.82 16.77 16.83 16.73 16.66 16.60 16.49 16.56 16.56 16.66 16.69 16.78 16.73 16.72 16.68 16.65 16.59 16.54 16.55 16.48 16.39 16.07 16.38 16.37 16.60 16.33 16.35 16.25 16.20 16.34 16.36 16.36 16.48 16.52 16.79
17.71 17.90 18.02 18.13 18.22 18.28 18.35 18.43 18.45 18.49 18.56 18.65 18.61 18.62 18.59 18.63 18.56 18.55 18.43 18.42 18.35 18.20 18.27 18.36 18.30 18.21 18.14 18.04 17.95 17.82 17.79 17.70 17.55 17.44 17.29 17.19 17.05 16.86 16.52 16.46 16.68 16.62 16.75 16.64 16.76 16.77 16.73 16.68 16.60 16.51 16.49 16.62 16.69 16.76 16.72 16.70 16.67 16.63 16.63 16.64 16.62 16.45 16.46 16.27 16.08 16.22 16.24 16.29 16.24 16.57 16.19 16.14 15.89 16.06 16.20 16.50 16.68
17.56 17.86 18.04 18.17 18.23 18.30 18.38 18.45 18.46 18.54 18.57 18.61 18.57 18.40 18.59 18.59 18.56 18.46 18.17 17.80 17.79 17.65 17.86 18.12 18.15 18.19 18.09 17.99 17.89 17.80 17.61 17.57 17.48 17.36 17.26 17.07 16.98 16.64 16.09 16.41 16.59 16.76 16.74 16.64 16.68 16.71 16.72 16.68 16.63 16.66 16.60 16.55 16.72 16.70 16.65 16.62 16.62 16.59 16.52 16.43 16.46 16.47 16.43 16.30 16.21 16.11 16.12 16.02 16.00 16.24 16.14 16.09 16.03 15.81 16.23 16.46 16.63
17.57 17.91 18.05 18.18 18.26 18.29 18.40 18.44 18.53 18.56 18.56 18.57 18.50 18.31 18.55 18.59 18.55 18.44 18.33 17.89 17.97 17.87 18.08 18.20 18.11 18.13 18.05 17.97 17.89 17.74 17.61 17.53 17.40 17.31 17.18 17.05 16.86 16.40 16.23 16.51 16.46 16.73 16.81 16.76 16.76 16.75 16.73 16.71 16.64 16.66 16.68 16.69 16.65 16.61 16.57 16.52 16.45 16.45 16.49 16.50 16.49 16.40 16.31 16.27 16.27 16.03 16.20 16.06 15.87 16.04 15.84 15.90 16.01 15.92 16.14 16.50 16.50
17.57 17.73 18.00 18.22 18.27 18.37 18.39 18.48 18.49 18.54 18.49 18.49 18.54 18.52 18.52 18.55 18.48 18.43 18.37 18.29 18.16 18.25 18.20 18.23 18.19 18.15 18.07 17.96 17.81 17.60 17.49 17.22 17.33 17.23 17.14 16.98 16.75 16.25 16.46 16.63 16.65 16.75 16.81 16.79 16.78 16.75 16.73 16.69 16.67 16.62 16.62 16.61 16.58 16.32 16.44 16.39 16.34 16.40 16.38 16.36 16.32 16.39 16.34 16.22 16.10 16.06 16.01 15.94 15.84 15.88 15.77 15.79 15.97 15.87 16.28 16.38 16.24
17.81 17.90 17.97 18.18 18.28 18.35 18.39 18.41 18.45 18.49 18.45 18.47 18.53 18.54 18.50 18.56 18.44 18.30 18.35 18.27 17.92 18.22 18.22 18.27 18.22 18.15 18.01 17.88 17.75 17.18 17.26 17.16 17.24 17.16 17.03 16.62 16.71 16.56 16.30 16.44 16.50 16.64 16.81 16.78 16.74 16.71 16.66 16.66 16.57 16.57 16.54 16.58 16.46 15.44 15.96 15.94 16.03 16.21 16.31 16.16 16.20 16.26 16.26 16.16 16.09 16.01 15.76 15.76 15.55 15.59 15.75 15.51 15.01 16.06 16.05 15.98 16.10
17.78 17.85 17.92 18.14 18.30 18.31 18.35 18.35 18.42 18.42 18.48 18.44 18.50 18.47 18.52 18.50 18.46 18.30 18.35 18.30 17.96 18.24 18.29 18.24 18.17 18.08 18.00 17.93 17.80 17.47 17.16 17.21 17.19 17.07 16.70 16.47 16.47 16.43 16.28 16.54 16.60 16.66 16.80 16.44 16.62 16.56 16.45 16.39 16.65 16.54 16.42 16.16 16.44 16.51 16.32 16.04 15.78 16.00 16.18 16.04 15.96 16.07 16.09 16.16 16.09 16.04 15.72 15.70 15.68 15.45 15.39 15.64 15.73 15.98 15.99 15.99 16.03
17.80 17.86 18.02 18.14 18.23 18.27 18.24 18.34 18.34 18.36 18.39 18.42 18.46 18.45 18.35 18.45 18.46 18.35 18.19 18.33 18.23 18.34 18.28 18.21 18.15 18.03 17.96 17.89 17.76 17.31 17.19 17.05 17.14 16.83 16.90 16.74 16.65 16.71 16.63 16.58 16.74 16.70 16.73 16.71 16.59 16.38 16.28 16.51 16.66 16.67 16.60 16.39 16.25 16.24 16.39 16.10 15.98 15.68 15.93 15.80 16.02 15.97 16.08 16.05 15.99 15.74 15.38 15.23 15.72 15.58 14.79 15.62 15.44 15.74 15.71 15.91 15.82
17.77 17.78 17.93 18.13 18.15 18.12 18.24 18.28 18.27 18.37 18.40 18.40 18.44 18.45 18.43 18.41 18.44 18.41 18.39 18.33 18.33 18.29 18.24 18.16 18.11 18.02 17.94 17.85 17.66 17.42 16.83 17.03 17.08 17.21 16.94 16.94 16.85 16.93 16.91 16.88 16.70 16.83 16.12 16.75 16.68 16.55 16.50 16.64 16.70 16.71 16.67 16.57 16.41 16.25 16.27 16.32 16.32 16.24 16.10 15.21 16.08 16.12 16.09 16.03 16.03 15.99 15.74 15.78 15.30 15.80 15.17 15.46 15.51 15.30 15.54 15.79 15.72
17.81 17.87 17.92 18.08 18.08 18.11 18.17 18.22 18.27 18.31 18.31 18.31 18.44 18.43 18.43 18.42 18.38 18.41 18.36 18.34 18.32 18.26 18.21 18.16 18.08 18.02 17.92 17.86 17.75 17.53 17.21 17.43 17.36 17.25 16.80 16.91 17.07 17.06 16.94 16.92 16.89 16.72 16.68 16.69 16.71 16.64 16.42 16.67 16.73 16.75 16.68 16.64 16.56 16.46 16.27 16.21 15.73 16.31 16.06 16.14 16.21 16.18 16.07 16.08 16.07 16.04 16.00 15.82 15.86 15.53 15.68 15.27 15.50 15.69 15.79 15.76 15.85
