main/data/temperature/27.05.2023.grid
ncols 886
nrows 691
xllcenter 112.0000
yllcenter -44.5000
cellsize 0.0500
nodata_value 99999.90
[rows 102 to 135 of 691, columns 385 to 461 of 886]
28.15 27.90 28.34 28.63 28.64 28.69 28.82 28.83 28.73 28.46 28.63 28.53 28.12 28.28 28.11 28.00 27.98 27.94 27.96 27.92 28.00 28.07 28.21 28.38 28.27 28.10 28.02 28.07 28.04 28.08 28.08 28.09 28.06 28.03 28.07 28.15 28.36 28.43 28.48 28.52 28.49 28.48 28.37 28.31 28.54 28.68 28.73 28.68 28.81 28.74 28.70 28.53 28.61 28.48 28.85 28.81 28.78 29.20 29.37 29.43 29.57 29.28 29.64 29.65 29.72 29.39 29.46 29.35 29.48 29.48 29.46 29.12 29.25 29.43 29.39 29.34 29.31
28.04 27.99 28.19 28.46 28.75 28.77 28.76 28.80 28.52 28.48 28.62 28.63 28.50 28.44 28.14 28.14 28.11 28.06 28.09 28.09 28.14 28.33 28.41 28.28 28.20 28.11 28.13 28.09 28.06 28.08 28.10 28.13 28.13 28.18 28.09 28.22 28.33 28.22 28.30 28.38 28.41 28.35 28.32 28.29 28.39 28.52 28.64 28.31 28.71 28.67 28.50 28.51 28.38 28.49 28.81 29.01 29.13 29.12 29.22 29.01 29.13 29.25 29.45 29.38 29.56 29.24 29.33 29.20 29.41 29.39 29.17 29.38 29.43 29.23 29.26 29.29 29.36
27.79 28.06 28.15 28.61 28.55 28.52 28.73 28.70 28.56 28.37 28.36 28.53 28.50 28.54 28.37 28.37 28.27 28.26 28.20 28.26 28.34 28.46 28.37 28.22 28.20 28.17 28.16 28.11 28.10 28.10 28.11 28.08 28.24 28.19 28.23 28.33 28.23 28.10 28.09 28.15 28.25 28.27 28.27 28.23 28.26 28.37 28.52 28.28 28.58 28.57 28.26 28.38 28.60 28.61 28.45 28.97 29.11 29.20 29.14 28.86 29.10 28.78 29.23 29.39 29.45 29.33 29.41 29.29 29.24 29.36 29.12 29.32 29.30 29.16 29.24 29.30 29.13
28.02 28.07 28.22 28.28 28.21 28.48 28.61 28.52 28.53 28.40 28.55 28.36 28.46 28.43 28.46 28.45 28.47 28.45 28.44 28.45 28.54 28.39 28.35 28.26 28.21 28.19 28.13 28.05 28.08 28.05 28.05 28.03 28.06 28.20 28.25 28.28 28.05 28.09 28.08 28.10 28.21 28.20 28.14 28.21 28.27 28.39 28.34 28.39 28.58 28.25 28.39 28.20 28.53 28.74 28.83 28.98 29.01 29.12 28.96 29.05 29.05 28.72 28.88 29.18 29.27 29.25 29.16 29.13 29.20 29.13 28.98 29.10 29.05 29.17 29.21 29.11 28.74
27.95 27.87 28.09 28.25 28.39 28.53 28.56 28.18 27.85 28.34 28.29 28.28 28.38 28.42 28.45 28.46 28.50 28.54 28.56 28.54 28.40 28.39 28.31 28.23 28.24 28.24 28.17 28.05 28.05 28.03 28.04 27.99 28.09 28.18 28.12 28.24 28.03 28.01 28.04 28.04 28.06 28.06 28.10 28.12 28.15 28.30 28.15 28.15 28.45 28.24 28.14 28.04 28.18 28.72 28.68 28.79 28.71 28.90 28.97 28.83 28.59 28.43 28.63 28.81 29.01 28.93 28.79 28.83 29.00 29.06 29.05 29.09 28.81 28.92 28.96 28.87 29.01
27.70 27.87 28.00 28.16 28.39 28.37 28.33 28.22 28.05 28.22 28.10 28.28 28.30 28.35 28.39 28.47 28.50 28.49 28.54 28.48 28.42 28.39 28.34 28.32 28.28 28.22 28.17 28.10 28.06 27.95 28.00 27.98 28.03 28.12 27.99 28.08 28.17 28.03 28.02 28.02 28.02 28.04 28.05 28.08 28.15 28.12 28.12 28.13 28.31 28.05 28.04 28.22 28.04 28.08 28.33 28.49 28.74 28.76 28.90 28.70 28.86 28.82 28.73 28.55 28.86 28.62 28.81 28.74 28.63 28.84 28.88 29.00 28.98 29.00 29.00 28.83 28.93
27.32 27.90 28.08 28.17 28.20 28.33 28.06 28.19 28.01 27.96 28.15 28.13 28.28 28.33 28.33 28.38 28.46 28.48 28.52 28.46 28.43 28.40 28.36 28.34 28.31 28.20 28.15 28.09 28.05 28.04 27.99 27.97 27.95 28.00 27.98 27.94 27.97 28.12 28.01 27.98 27.97 27.98 27.99 27.98 28.09 28.02 28.09 28.23 28.27 28.21 27.87 27.92 27.85 28.09 28.07 28.12 28.56 28.22 28.64 28.72 28.51 28.28 28.33 28.25 28.51 28.70 28.52 28.50 28.46 28.48 28.54 28.68 28.67 28.75 28.84 28.84 28.82
28.35 27.53 27.82 27.84 27.97 28.19 28.21 28.03 27.90 27.96 28.10 28.09 28.09 28.16 28.25 28.34 28.39 28.43 28.48 28.41 28.42 28.37 28.36 28.35 28.31 28.22 28.14 28.14 28.15 28.02 27.99 28.02 28.01 27.97 27.84 27.90 27.98 28.09 28.00 27.95 27.96 27.92 27.90 27.93 28.11 27.91 27.89 28.07 28.09 27.86 28.09 28.07 27.86 27.79 28.04 28.09 28.24 28.17 28.30 28.44 28.09 28.08 28.10 28.17 28.18 28.21 28.19 28.36 28.33 28.45 28.36 28.44 28.54 28.48 28.58 28.62 28.44
27.96 27.89 28.07 27.85 28.24 28.24 27.98 28.02 27.79 27.91 27.79 27.80 27.86 28.10 28.17 28.17 28.27 28.36 28.36 28.36 28.37 28.36 28.33 28.32 28.29 28.23 28.15 28.08 28.04 28.07 28.06 27.97 27.89 27.88 27.73 27.68 27.79 28.00 27.97 27.81 27.89 27.88 27.92 27.86 27.98 27.98 27.83 27.96 28.04 27.84 27.68 28.01 27.64 27.76 27.93 28.03 28.06 28.25 27.88 27.97 28.04 28.06 27.96 27.91 27.82 28.06 28.08 28.08 28.16 28.14 28.06 28.21 28.04 28.02 28.28 28.54 28.55
27.93 28.22 27.18 28.35 28.05 28.23 27.92 27.61 27.79 27.81 27.76 27.84 28.01 28.06 27.95 28.08 28.15 28.33 28.27 28.30 28.31 28.29 28.28 28.27 28.25 28.22 28.18 28.08 28.02 27.96 27.92 27.90 27.90 27.88 27.82 27.70 27.75 27.92 28.03 27.83 27.94 27.84 27.85 27.87 27.87 27.87 27.82 28.01 27.92 27.79 27.67 27.88 27.81 27.62 27.76 27.90 28.06 28.24 27.89 27.79 27.84 27.93 27.86 27.81 27.83 27.83 27.86 27.99 27.98 28.01 27.95 28.07 28.12 27.98 28.26 28.23 28.46
28.55 27.85 28.42 28.48 28.07 28.50 28.32 27.88 27.57 27.68 27.69 27.75 27.79 28.06 27.89 28.06 28.22 28.17 28.10 28.25 28.23 28.20 28.21 28.20 28.20 28.16 28.12 28.05 27.98 27.89 27.86 27.83 27.81 27.80 27.75 27.62 27.63 27.79 27.94 27.97 27.88 27.82 27.82 27.81 27.82 27.77 27.77 27.89 27.81 27.68 27.58 27.53 27.65 27.46 27.56 27.69 27.95 28.02 27.81 27.56 27.74 27.77 27.62 27.71 27.61 27.62 27.81 27.83 27.89 27.78 27.86 28.00 27.94 28.05 28.01 28.17 28.29
28.37 28.07 28.49 28.41 28.13 28.13 28.27 28.40 28.16 27.60 27.68 27.79 27.84 27.87 27.92 28.05 28.07 28.03 28.07 28.09 28.16 28.14 28.12 28.10 28.10 28.09 28.03 27.96 27.88 27.86 27.77 27.71 27.71 27.71 27.72 27.71 27.63 27.67 27.81 27.79 27.90 27.82 27.76 27.78 27.75 27.73 27.85 27.81 27.69 27.51 27.54 27.42 27.48 27.30 27.51 27.66 27.70 28.01 27.72 27.48 27.67 27.58 27.61 27.51 27.65 27.57 27.52 27.56 27.51 27.66 27.68 27.79 27.90 28.01 28.17 28.30 27.94
28.17 28.43 28.40 28.48 28.42 28.16 28.51 28.39 28.34 27.58 27.57 27.61 27.79 27.77 27.84 27.97 27.96 27.99 28.00 28.03 28.08 28.05 28.03 28.01 28.01 28.03 27.97 27.88 27.78 27.73 27.66 27.66 27.63 27.63 27.64 27.64 27.63 27.70 27.74 27.74 27.79 27.81 27.75 27.73 27.70 27.73 27.68 27.80 27.63 27.52 27.36 27.21 27.18 27.23 27.55 27.63 27.86 27.74 27.62 27.48 27.44 27.45 27.40 27.47 27.52 27.49 27.39 27.28 27.42 27.43 27.47 27.55 27.65 27.90 27.92 28.02 27.99
27.93 27.83 28.23 28.15 28.29 28.25 28.35 28.00 27.75 27.50 27.61 27.64 27.76 27.77 27.81 27.90 27.92 27.87 27.88 27.93 27.93 27.94 27.94 27.91 27.93 27.93 27.87 27.75 27.69 27.62 27.58 27.56 27.56 27.57 27.57 27.59 27.65 27.65 27.69 27.68 27.70 27.70 27.73 27.65 27.64 27.63 27.59 27.63 27.57 27.47 27.33 27.30 27.13 27.43 27.34 27.55 27.59 27.66 27.63 27.35 27.23 27.08 27.31 27.22 27.27 27.38 27.38 27.35 27.19 27.27 27.44 27.57 27.63 27.87 27.89 28.10 28.08
27.27 27.65 27.91 27.94 28.14 27.80 27.76 28.25 27.94 27.80 27.77 27.72 27.66 27.72 27.80 27.77 27.82 27.76 27.78 27.84 27.83 27.84 27.84 27.82 27.80 27.81 27.73 27.64 27.62 27.54 27.49 27.48 27.50 27.51 27.52 27.57 27.60 27.61 27.63 27.65 27.66 27.60 27.61 27.59 27.55 27.54 27.51 27.55 27.50 27.47 27.39 27.25 27.06 27.20 27.40 27.39 27.42 27.54 27.57 27.38 27.24 27.04 27.15 27.04 27.22 27.18 27.11 27.36 27.12 27.21 27.40 27.57 27.68 27.76 27.96 28.06 28.01
27.07 27.56 27.52 27.66 27.80 27.76 27.66 27.86 27.86 27.82 27.70 27.70 27.64 27.61 27.63 27.68 27.70 27.64 27.67 27.67 27.69 27.76 27.65 27.68 27.71 27.66 27.60 27.54 27.47 27.41 27.39 27.42 27.42 27.45 27.47 27.51 27.51 27.52 27.52 27.52 27.55 27.50 27.47 27.48 27.47 27.47 27.46 27.51 27.42 27.32 27.33 27.27 27.11 26.98 27.04 27.36 27.42 27.47 27.39 27.29 27.20 26.89 27.01 26.90 26.99 27.00 27.11 27.13 27.04 27.33 27.34 27.56 27.67 27.75 27.86 27.95 27.85
27.59 27.67 27.63 27.52 27.28 27.25 27.47 27.60 27.68 27.71 27.69 27.57 27.51 27.43 27.43 27.51 27.51 27.52 27.54 27.54 27.56 27.58 27.51 27.59 27.57 27.52 27.47 27.38 27.35 27.35 27.36 27.35 27.34 27.37 27.40 27.43 27.43 27.42 27.41 27.42 27.43 27.38 27.34 27.38 27.35 27.37 27.35 27.31 27.26 27.29 27.20 27.15 26.97 27.02 27.18 27.30 27.40 27.32 27.35 27.18 26.96 26.54 26.69 26.69 26.83 26.92 26.99 26.98 27.07 27.32 27.50 27.36 27.73 27.62 27.81 27.73 27.78
27.48 27.51 27.31 27.31 27.13 27.36 27.29 27.39 27.49 27.64 27.60 27.59 27.54 27.43 27.33 27.44 27.39 27.36 27.42 27.46 27.47 27.47 27.47 27.48 27.45 27.39 27.32 27.30 27.26 27.28 27.30 27.24 27.28 27.30 27.30 27.31 27.36 27.35 27.31 27.31 27.30 27.24 27.25 27.26 27.25 27.24 27.21 27.17 27.22 27.15 27.08 26.99 26.95 27.13 27.25 27.32 27.27 27.11 27.17 27.14 26.85 26.50 26.64 26.65 26.77 26.86 26.91 26.81 26.93 27.13 27.57 27.30 27.29 27.39 27.65 27.63 27.18
27.38 27.39 27.44 27.33 27.60 27.21 27.39 27.42 27.51 27.70 27.66 27.53 27.46 27.31 27.20 27.21 27.27 27.21 27.28 27.34 27.34 27.37 27.36 27.38 27.35 27.29 27.25 27.20 27.14 27.15 27.11 27.10 27.15 27.17 27.20 27.19 27.20 27.19 27.16 27.16 27.15 27.13 27.12 27.12 27.12 27.12 27.10 27.04 27.06 27.02 26.98 26.83 26.75 27.10 27.20 27.13 27.13 27.07 26.88 27.05 26.90 26.77 26.50 26.56 26.71 26.88 26.80 26.86 27.11 27.20 27.08 27.08 27.19 27.22 27.52 27.24 27.12
27.45 27.30 27.40 27.29 27.29 27.35 27.53 27.62 27.63 27.33 27.53 27.27 27.24 27.15 27.05 27.15 27.16 27.03 27.15 27.23 27.24 27.26 27.29 27.24 27.22 27.19 27.10 27.06 27.04 26.98 27.01 27.00 27.02 27.04 27.06 27.08 27.08 27.07 27.04 27.03 27.01 27.01 27.00 27.00 27.02 27.02 26.98 26.94 26.85 26.81 26.76 26.69 26.92 27.09 27.08 26.98 26.60 26.90 26.70 26.65 26.39 26.49 26.59 26.56 26.73 26.69 26.63 26.78 27.07 27.25 26.60 27.10 26.85 27.27 27.27 26.94 27.11
27.26 27.32 26.98 27.00 27.05 27.30 27.43 27.28 27.39 27.40 27.28 27.07 27.03 27.01 26.97 27.01 26.92 26.97 27.04 27.06 27.08 27.14 27.17 27.07 27.05 27.03 26.98 26.92 26.79 26.89 26.87 26.78 26.87 26.93 26.95 26.94 26.97 26.96 26.94 26.91 26.88 26.86 26.88 26.88 26.90 26.90 26.89 26.85 26.75 26.63 26.40 26.66 26.90 26.89 26.88 26.83 26.59 26.32 26.46 26.21 26.26 26.35 26.40 26.53 26.61 26.61 26.59 26.80 26.97 27.06 27.13 26.87 27.03 26.58 26.95 26.74 26.87
27.22 27.27 27.30 27.09 27.32 27.15 26.99 27.34 27.30 27.23 27.12 27.01 26.98 27.06 26.92 26.93 26.94 26.89 26.94 26.94 26.97 26.98 26.94 26.88 26.83 26.85 26.79 26.76 26.60 26.69 26.68 26.66 26.75 26.81 26.83 26.84 26.84 26.83 26.81 26.78 26.77 26.74 26.75 26.74 26.77 26.76 26.75 26.63 26.71 26.49 26.39 26.48 26.58 26.52 26.53 26.20 26.26 26.24 26.33 26.19 26.32 26.37 26.51 26.49 26.47 26.38 26.51 26.56 26.82 26.90 26.85 26.96 26.90 26.70 26.67 26.57 26.79
27.09 27.14 27.07 26.79 26.73 26.88 26.81 26.82 27.08 26.90 26.90 27.05 27.01 27.04 26.93 26.92 26.83 26.77 26.83 26.89 26.90 26.80 26.74 26.76 26.66 26.67 26.63 26.61 26.51 26.51 26.51 26.56 26.65 26.71 26.70 26.72 26.73 26.70 26.65 26.64 26.60 26.59 26.63 26.62 26.58 26.57 26.57 26.58 26.54 26.40 26.35 26.45 26.46 26.30 26.31 26.26 26.20 26.20 26.24 26.24 26.33 26.38 26.37 26.39 26.27 26.29 26.28 26.32 26.65 26.79 26.75 26.76 26.82 26.68 26.37 26.35 26.75
26.86 26.86 26.50 26.93 26.83 26.71 26.72 26.65 26.69 26.65 26.88 26.85 26.79 26.77 26.77 26.79 26.75 26.63 26.73 26.74 26.72 26.58 26.51 26.57 26.41 26.41 26.42 26.41 26.27 26.32 26.44 26.45 26.47 26.60 26.60 26.60 26.61 26.57 26.59 26.43 26.33 26.38 26.48 26.50 26.44 26.42 26.41 26.39 26.31 26.32 26.36 26.41 26.43 26.43 26.36 26.29 26.16 26.16 26.26 26.25 26.19 26.22 26.18 26.18 26.22 26.00 26.11 26.29 26.61 26.66 26.61 26.65 26.72 26.67 26.55 26.56 26.65
26.58 26.60 26.28 26.82 26.76 26.03 26.76 26.68 26.73 26.63 26.78 26.74 26.76 26.72 26.71 26.68 26.70 26.67 26.61 26.57 26.47 26.38 26.49 26.41 26.29 26.29 26.27 26.26 26.11 26.26 26.36 26.44 26.48 26.48 26.44 26.49 26.46 26.44 26.38 26.17 26.22 26.35 26.33 26.36 26.28 26.15 26.04 26.12 26.21 26.27 26.32 26.27 26.27 26.27 26.25 26.15 26.03 25.99 26.09 25.96 25.95 26.02 25.99 25.95 25.97 26.04 25.90 26.38 26.49 26.30 26.46 26.56 26.36 26.55 26.53 26.53 26.66
26.65 26.53 26.38 26.54 26.66 26.64 26.45 26.63 26.45 26.65 26.48 26.47 26.54 26.59 26.49 26.56 26.59 26.57 26.49 26.42 26.26 26.19 26.20 26.17 26.06 26.06 26.06 26.00 25.96 26.03 26.24 26.32 26.31 26.33 26.37 26.36 26.33 26.29 26.26 26.13 26.05 26.12 26.19 26.16 26.09 25.92 26.08 26.10 26.16 26.22 26.17 26.07 26.03 25.97 25.96 25.85 25.79 25.76 25.85 25.76 25.72 25.86 25.87 25.75 25.81 25.95 25.80 26.28 26.30 26.05 26.36 26.42 26.24 26.45 26.47 26.51 26.55
26.19 26.33 26.31 26.32 26.48 26.44 26.30 26.40 26.40 26.46 26.34 26.40 26.31 26.33 26.45 26.52 26.50 26.46 26.33 26.24 26.14 25.94 25.92 25.91 25.85 25.85 25.82 25.88 25.79 25.99 26.05 26.18 26.19 26.24 26.25 26.27 26.21 26.04 25.99 25.96 25.89 25.99 26.04 26.00 25.98 25.97 26.05 26.08 26.08 26.04 25.97 25.84 25.81 25.78 25.70 25.70 25.68 25.61 25.60 25.58 25.52 25.74 25.55 25.67 25.69 25.83 25.70 25.80 25.80 26.21 26.27 26.25 25.78 26.26 26.29 26.46 26.55
26.06 26.14 25.98 26.29 26.29 25.96 25.97 26.12 26.38 26.31 26.23 26.23 26.30 26.24 26.40 26.35 26.31 26.28 26.14 25.98 25.84 25.79 25.74 25.70 25.67 25.77 25.70 25.74 25.73 25.79 25.92 25.90 26.03 26.02 26.12 26.10 26.08 26.00 25.86 25.82 25.78 25.83 25.86 25.78 25.77 25.91 25.94 25.95 25.90 25.85 25.79 25.76 25.72 25.64 25.68 25.66 25.60 25.54 25.42 25.35 25.35 25.39 25.45 25.45 25.54 25.58 25.60 25.67 25.84 26.08 25.82 25.79 25.80 25.88 26.20 26.30 26.50
26.08 26.06 25.92 25.93 25.96 25.65 26.10 26.14 26.09 26.21 26.24 26.25 26.14 26.19 26.23 26.13 26.15 26.01 25.94 25.53 25.61 25.68 25.64 25.52 25.57 25.67 25.66 25.58 25.63 25.67 25.69 25.67 25.83 25.84 25.93 25.99 25.98 25.93 25.82 25.72 25.69 25.66 25.64 25.58 25.66 25.80 25.86 25.86 25.82 25.74 25.73 25.65 25.67 25.67 25.68 25.62 25.50 25.48 25.28 25.32 25.37 25.23 25.29 25.39 25.52 25.53 25.58 25.71 25.54 25.72 25.83 25.80 25.89 26.08 26.15 26.26 26.31
26.03 25.52 25.64 25.42 25.58 25.64 25.99 26.15 26.00 25.87 25.94 25.99 26.07 26.21 26.09 26.14 26.05 25.86 25.66 25.43 25.51 25.57 25.57 25.49 25.47 25.57 25.54 25.47 25.43 25.46 25.49 25.49 25.59 25.70 25.66 25.79 25.79 25.76 25.73 25.62 25.52 25.46 25.41 25.54 25.60 25.68 25.76 25.75 25.71 25.70 25.67 25.53 25.53 25.56 25.59 25.50 25.45 25.30 25.24 25.32 25.37 25.20 25.30 25.22 25.41 25.43 25.43 25.63 25.50 25.55 25.52 25.83 25.89 26.00 26.10 26.14 26.16
25.97 25.66 25.59 25.80 25.40 25.79 26.07 26.05 26.11 26.11 26.09 26.10 26.11 26.00 25.95 25.83 25.78 25.64 25.61 25.32 25.37 25.47 25.48 25.37 25.36 25.44 25.40 25.39 25.33 25.29 25.41 25.46 25.50 25.53 25.54 25.57 25.60 25.63 25.45 25.40 25.38 25.34 25.38 25.42 25.50 25.58 25.61 25.58 25.54 25.48 25.40 25.32 25.40 25.39 25.45 25.35 25.27 25.16 25.22 25.22 25.32 25.32 25.30 25.20 25.31 25.31 25.32 25.47 25.60 25.47 25.57 25.64 25.79 25.97 26.08 26.14 26.18
25.98 25.93 25.77 25.61 25.64 25.90 25.86 25.73 25.78 25.77 25.93 25.86 25.87 25.89 25.85 25.81 25.67 25.61 25.34 25.31 25.32 25.43 25.44 25.29 25.22 25.26 25.33 25.27 25.25 25.24 25.28 25.36 25.44 25.41 25.38 25.39 25.49 25.45 25.28 25.37 25.29 25.34 25.38 25.34 25.41 25.44 25.46 25.41 25.33 25.26 25.19 25.20 25.23 25.27 25.31 25.23 25.17 25.14 25.20 25.27 25.28 25.16 25.14 25.16 25.22 25.19 25.27 25.33 25.49 25.47 25.50 25.59 25.79 25.80 25.97 26.05 26.13
25.93 25.74 25.87 25.88 25.77 25.94 25.56 25.76 25.55 25.79 25.67 25.78 25.68 25.74 25.70 25.68 25.73 25.43 25.28 25.22 25.25 25.39 25.24 25.20 25.16 25.16 25.24 25.09 25.13 25.16 25.19 25.25 25.29 25.36 25.36 25.40 25.39 25.36 25.25 25.30 25.11 25.22 25.31 25.27 25.24 25.29 25.26 25.23 25.17 25.06 25.02 25.04 25.09 25.18 25.14 25.11 25.10 25.16 25.21 25.14 25.14 25.06 25.06 25.13 25.16 25.22 25.21 25.32 25.43 25.44 25.45 25.54 25.51 25.54 25.58 25.88 25.97
25.78 25.90 25.90 25.91 25.90 25.80 25.60 25.57 25.54 25.51 25.55 25.59 25.56 25.56 25.51 25.47 25.35 25.21 25.17 25.14 25.21 25.28 25.09 25.10 25.06 25.06 25.17 25.07 25.14 25.15 25.16 25.09 25.11 25.20 25.25 25.30 25.24 25.23 25.21 25.17 25.04 25.05 25.13 25.13 25.07 25.05 25.03 24.97 24.95 24.86 24.85 24.88 25.01 25.04 24.99 25.01 25.08 25.09 24.99 24.88 24.88 24.94 25.07 25.15 25.12 25.16 25.21 25.28 25.39 25.39 25.40 25.38 25.41 25.41 25.37 25.58 25.45
