main/data/temperature/27.06.2023.grid
ncols 886
nrows 691
xllcenter 112.0000
yllcenter -44.5000
cellsize 0.0500
nodata_value 99999.90
[rows 0 to 33 of 691, columns 693 to 769 of 886]
31.92 31.79 31.67 31.54 31.43 31.31 31.21 31.12 31.02 30.93 30.85 30.76 30.69 30.62 30.56 30.49 30.43 30.38 30.33 30.29 30.23 30.19 30.16 30.12 30.09 30.07 30.04 30.01 29.99 29.97 29.95 29.94 29.92 29.91 29.90 29.90 29.89 29.89 29.88 29.88 29.89 29.89 29.90 29.90 29.90 29.91 29.91 29.93 29.94 29.95 29.96 29.98 29.99 30.01 30.02 30.04 30.05 30.07 30.09 30.11 30.13 30.16 30.17 30.20 30.21 30.24 30.24 30.25 30.24 30.20 30.13 30.05 29.96 29.85 29.75 29.66 29.57
31.94 31.80 31.68 31.55 31.44 31.33 31.22 31.12 31.02 30.93 30.85 30.77 30.69 30.62 30.56 30.48 30.43 30.37 30.32 30.27 30.22 30.18 30.15 30.11 30.08 30.05 30.02 29.99 29.97 29.95 29.94 29.92 29.91 29.90 29.89 29.88 29.87 29.87 29.86 29.86 29.86 29.86 29.86 29.87 29.88 29.89 29.89 29.90 29.91 29.92 29.93 29.94 29.95 29.97 29.99 30.01 30.02 30.04 30.06 30.08 30.09 30.12 30.14 30.16 30.19 30.20 30.23 30.24 30.24 30.20 30.11 30.02 29.91 29.81 29.71 29.60 29.50
31.95 31.82 31.69 31.57 31.45 31.34 31.22 31.13 31.03 30.93 30.85 30.77 30.69 30.62 30.55 30.49 30.42 30.37 30.32 30.26 30.22 30.18 30.14 30.10 30.07 30.03 30.00 29.98 29.96 29.94 29.92 29.90 29.89 29.88 29.87 29.86 29.84 29.84 29.84 29.84 29.84 29.84 29.84 29.85 29.85 29.85 29.86 29.87 29.88 29.89 29.90 29.91 29.92 29.94 29.95 29.96 29.99 30.00 30.02 30.04 30.06 30.07 30.10 30.11 30.14 30.17 30.18 30.20 30.20 30.16 30.07 29.97 29.85 29.74 29.64 29.53 29.42
31.94 31.84 31.70 31.58 31.45 31.34 31.24 31.13 31.04 30.94 30.85 30.77 30.69 30.62 30.55 30.48 30.42 30.36 30.31 30.26 30.21 30.17 30.13 30.09 30.05 30.02 29.99 29.97 29.94 29.92 29.90 29.88 29.87 29.85 29.84 29.83 29.83 29.82 29.82 29.81 29.81 29.81 29.81 29.81 29.82 29.82 29.83 29.83 29.84 29.86 29.87 29.88 29.89 29.90 29.91 29.93 29.94 29.95 29.98 29.99 30.00 30.03 30.04 30.07 30.08 30.10 30.12 30.13 30.12 30.07 29.99 29.89 29.78 29.66 29.55 29.45 29.35
31.90 31.84 31.71 31.59 31.46 31.35 31.25 31.14 31.04 30.95 30.85 30.77 30.70 30.62 30.55 30.48 30.41 30.36 30.31 30.25 30.20 30.16 30.12 30.07 30.04 30.01 29.98 29.95 29.92 29.90 29.88 29.86 29.85 29.84 29.83 29.82 29.80 29.79 29.79 29.78 29.78 29.78 29.78 29.78 29.79 29.79 29.80 29.80 29.81 29.82 29.82 29.83 29.84 29.86 29.87 29.88 29.90 29.91 29.92 29.94 29.95 29.96 29.99 30.00 30.01 30.02 30.03 30.03 30.01 29.96 29.89 29.79 29.68 29.58 29.46 29.35 29.25
31.86 31.83 31.73 31.60 31.48 31.36 31.25 31.14 31.04 30.95 30.86 30.78 30.70 30.61 30.55 30.47 30.41 30.35 30.30 30.24 30.19 30.15 30.10 30.06 30.03 30.00 29.96 29.93 29.91 29.89 29.87 29.85 29.82 29.81 29.80 29.79 29.78 29.78 29.77 29.76 29.75 29.75 29.75 29.75 29.76 29.76 29.77 29.77 29.78 29.78 29.79 29.80 29.81 29.82 29.83 29.83 29.84 29.86 29.87 29.88 29.90 29.91 29.91 29.93 29.93 29.94 29.93 29.92 29.89 29.84 29.77 29.68 29.57 29.47 29.37 29.26 29.15
31.80 31.79 31.73 31.61 31.49 31.37 31.26 31.15 31.05 30.96 30.86 30.78 30.70 30.62 30.55 30.47 30.41 30.35 30.29 30.24 30.19 30.14 30.09 30.06 30.02 29.98 29.95 29.92 29.90 29.86 29.84 29.83 29.81 29.80 29.78 29.76 29.76 29.75 29.74 29.74 29.73 29.72 29.72 29.73 29.73 29.73 29.73 29.73 29.74 29.74 29.75 29.76 29.77 29.77 29.78 29.79 29.80 29.80 29.81 29.83 29.83 29.83 29.85 29.84 29.85 29.84 29.83 29.81 29.77 29.72 29.64 29.56 29.47 29.37 29.26 29.15 29.05
31.74 31.74 31.72 31.62 31.50 31.39 31.27 31.15 31.06 30.96 30.86 30.78 30.69 30.62 30.55 30.47 30.41 30.35 30.28 30.23 30.17 30.13 30.09 30.05 30.00 29.97 29.94 29.90 29.88 29.85 29.83 29.80 29.79 29.77 29.76 29.75 29.73 29.72 29.72 29.71 29.70 29.70 29.70 29.70 29.70 29.69 29.70 29.70 29.70 29.70 29.71 29.72 29.72 29.73 29.74 29.74 29.75 29.75 29.75 29.76 29.77 29.77 29.77 29.77 29.75 29.75 29.72 29.70 29.66 29.59 29.53 29.45 29.35 29.25 29.15 29.04 28.94
31.68 31.68 31.67 31.63 31.51 31.40 31.28 31.17 31.06 30.97 30.87 30.79 30.69 30.62 30.54 30.47 30.41 30.34 30.28 30.23 30.17 30.12 30.08 30.03 30.00 29.96 29.92 29.89 29.87 29.83 29.81 29.79 29.77 29.75 29.74 29.73 29.71 29.70 29.69 29.69 29.67 29.67 29.67 29.66 29.66 29.66 29.66 29.66 29.67 29.66 29.67 29.67 29.67 29.67 29.68 29.68 29.69 29.70 29.70 29.69 29.69 29.70 29.69 29.69 29.67 29.65 29.62 29.59 29.54 29.48 29.41 29.33 29.24 29.14 29.04 28.93 28.83
31.62 31.62 31.62 31.61 31.52 31.41 31.29 31.18 31.07 30.98 30.88 30.79 30.70 30.62 30.54 30.47 30.41 30.34 30.28 30.22 30.17 30.12 30.07 30.03 29.99 29.95 29.91 29.88 29.85 29.82 29.80 29.77 29.75 29.74 29.71 29.70 29.69 29.67 29.67 29.66 29.65 29.64 29.63 29.63 29.63 29.62 29.63 29.62 29.63 29.62 29.63 29.63 29.62 29.63 29.63 29.63 29.63 29.63 29.64 29.63 29.62 29.61 29.61 29.59 29.58 29.55 29.52 29.48 29.43 29.37 29.30 29.22 29.12 29.03 28.93 28.82 28.72
31.57 31.56 31.56 31.56 31.52 31.42 31.30 31.19 31.08 30.98 30.88 30.80 30.70 30.63 30.54 30.47 30.40 30.34 30.27 30.22 30.17 30.11 30.06 30.02 29.97 29.94 29.90 29.87 29.84 29.80 29.78 29.75 29.73 29.72 29.69 29.68 29.67 29.65 29.64 29.63 29.62 29.61 29.61 29.60 29.60 29.59 29.59 29.58 29.59 29.58 29.58 29.58 29.58 29.58 29.58 29.58 29.57 29.57 29.57 29.57 29.55 29.54 29.53 29.51 29.48 29.46 29.42 29.38 29.32 29.26 29.20 29.11 29.02 28.92 28.83 28.72 28.62
31.51 31.50 31.51 31.50 31.49 31.43 31.31 31.20 31.09 30.99 30.89 30.80 30.71 30.62 30.55 30.48 30.40 30.34 30.27 30.22 30.15 30.11 30.05 30.01 29.97 29.92 29.89 29.85 29.82 29.80 29.76 29.74 29.71 29.70 29.67 29.66 29.64 29.63 29.61 29.60 29.60 29.58 29.57 29.57 29.56 29.56 29.55 29.55 29.55 29.54 29.54 29.54 29.54 29.53 29.52 29.52 29.52 29.51 29.50 29.50 29.49 29.47 29.45 29.43 29.40 29.37 29.33 29.29 29.23 29.17 29.09 29.01 28.92 28.83 28.73 28.62 28.51
31.45 31.44 31.45 31.44 31.44 31.42 31.32 31.22 31.10 31.00 30.90 30.80 30.72 30.63 30.55 30.47 30.41 30.33 30.27 30.21 30.16 30.10 30.05 30.00 29.96 29.92 29.88 29.85 29.81 29.78 29.75 29.72 29.70 29.68 29.65 29.64 29.62 29.61 29.59 29.58 29.56 29.55 29.55 29.53 29.53 29.52 29.52 29.51 29.50 29.50 29.49 29.49 29.49 29.48 29.47 29.47 29.46 29.45 29.44 29.42 29.42 29.40 29.37 29.35 29.32 29.28 29.24 29.19 29.14 29.07 29.00 28.91 28.83 28.74 28.64 28.54 28.43
31.38 31.38 31.39 31.38 31.38 31.38 31.33 31.23 31.12 31.01 30.91 30.81 30.73 30.64 30.56 30.48 30.41 30.34 30.28 30.21 30.15 30.10 30.05 30.00 29.95 29.91 29.86 29.83 29.80 29.77 29.73 29.71 29.68 29.66 29.63 29.62 29.60 29.58 29.57 29.55 29.54 29.53 29.51 29.50 29.50 29.49 29.48 29.47 29.47 29.46 29.46 29.44 29.44 29.44 29.42 29.41 29.40 29.39 29.38 29.36 29.35 29.33 29.30 29.27 29.24 29.20 29.16 29.10 29.04 28.98 28.91 28.83 28.75 28.65 28.56 28.46 28.35
31.32 31.33 31.33 31.32 31.32 31.33 31.31 31.24 31.13 31.02 30.93 30.82 30.74 30.65 30.56 30.49 30.41 30.34 30.27 30.21 30.15 30.10 30.04 29.99 29.95 29.90 29.86 29.82 29.79 29.75 29.73 29.69 29.66 29.64 29.62 29.60 29.58 29.56 29.55 29.53 29.51 29.49 29.49 29.48 29.47 29.46 29.45 29.44 29.43 29.41 29.41 29.40 29.39 29.39 29.38 29.36 29.34 29.33 29.32 29.30 29.28 29.26 29.23 29.19 29.16 29.12 29.07 29.02 28.96 28.90 28.83 28.76 28.67 28.58 28.50 28.39 28.30
31.26 31.27 31.27 31.26 31.26 31.27 31.27 31.23 31.15 31.04 30.94 30.84 30.74 30.66 30.57 30.50 30.42 30.34 30.28 30.21 30.16 30.09 30.05 29.99 29.94 29.90 29.85 29.82 29.78 29.74 29.71 29.68 29.65 29.63 29.60 29.57 29.56 29.54 29.52 29.50 29.49 29.47 29.46 29.45 29.43 29.42 29.41 29.39 29.39 29.38 29.36 29.36 29.34 29.33 29.32 29.31 29.30 29.28 29.26 29.24 29.22 29.19 29.16 29.12 29.09 29.05 29.00 28.95 28.89 28.83 28.75 28.69 28.60 28.52 28.43 28.34 28.25
31.20 31.21 31.21 31.20 31.20 31.21 31.21 31.20 31.15 31.05 30.95 30.85 30.76 30.67 30.58 30.50 30.43 30.35 30.28 30.22 30.15 30.09 30.04 29.98 29.94 29.89 29.84 29.81 29.77 29.74 29.70 29.67 29.63 29.61 29.58 29.56 29.54 29.52 29.50 29.48 29.46 29.44 29.43 29.41 29.40 29.39 29.38 29.36 29.35 29.34 29.33 29.31 29.30 29.29 29.27 29.26 29.24 29.23 29.20 29.18 29.15 29.13 29.09 29.05 29.02 28.98 28.93 28.88 28.82 28.75 28.69 28.61 28.54 28.47 28.38 28.30 28.20
31.14 31.15 31.15 31.15 31.14 31.15 31.15 31.15 31.14 31.07 30.96 30.87 30.77 30.68 30.60 30.51 30.43 30.36 30.29 30.22 30.16 30.10 30.04 29.99 29.94 29.88 29.85 29.80 29.76 29.73 29.69 29.65 29.62 29.60 29.57 29.54 29.52 29.49 29.47 29.45 29.43 29.42 29.40 29.38 29.37 29.36 29.34 29.33 29.31 29.30 29.29 29.27 29.25 29.24 29.23 29.20 29.19 29.17 29.15 29.12 29.09 29.06 29.03 28.99 28.96 28.91 28.86 28.82 28.75 28.69 28.63 28.56 28.49 28.41 28.33 28.25 28.17
31.09 31.09 31.09 31.09 31.10 31.10 31.10 31.10 31.10 31.07 30.98 30.88 30.79 30.69 30.60 30.53 30.44 30.36 30.30 30.23 30.16 30.10 30.04 29.99 29.93 29.89 29.84 29.79 29.75 29.72 29.68 29.64 29.61 29.58 29.56 29.53 29.50 29.48 29.46 29.43 29.42 29.40 29.38 29.36 29.34 29.33 29.31 29.30 29.28 29.26 29.25 29.24 29.21 29.20 29.18 29.16 29.14 29.11 29.09 29.06 29.04 29.00 28.98 28.94 28.90 28.85 28.80 28.76 28.70 28.63 28.58 28.50 28.44 28.36 28.30 28.22 28.15
31.03 31.03 31.03 31.03 31.04 31.04 31.04 31.04 31.04 31.04 30.99 30.90 30.80 30.71 30.62 30.53 30.45 30.38 30.30 30.23 30.17 30.11 30.04 29.99 29.94 29.89 29.84 29.79 29.75 29.71 29.67 29.64 29.60 29.57 29.55 29.52 29.49 29.47 29.43 29.41 29.39 29.37 29.35 29.34 29.31 29.30 29.28 29.27 29.25 29.23 29.21 29.19 29.18 29.15 29.14 29.11 29.09 29.07 29.05 29.02 28.99 28.96 28.92 28.88 28.84 28.79 28.75 28.70 28.64 28.59 28.52 28.46 28.40 28.32 28.26 28.19 28.13
30.97 30.97 30.97 30.97 30.98 30.98 30.98 30.98 30.99 31.00 30.98 30.92 30.82 30.73 30.64 30.55 30.47 30.39 30.32 30.25 30.18 30.11 30.05 30.00 29.94 29.89 29.83 29.80 29.75 29.71 29.67 29.63 29.59 29.56 29.53 29.50 29.47 29.44 29.42 29.40 29.38 29.35 29.33 29.31 29.29 29.27 29.25 29.23 29.21 29.20 29.18 29.15 29.14 29.11 29.10 29.07 29.05 29.03 28.99 28.96 28.93 28.90 28.86 28.83 28.78 28.75 28.70 28.65 28.59 28.54 28.48 28.41 28.36 28.29 28.23 28.16 28.11
30.91 30.91 30.91 30.91 30.92 30.93 30.93 30.93 30.93 30.93 30.93 30.92 30.85 30.75 30.65 30.56 30.49 30.41 30.33 30.25 30.19 30.13 30.06 30.00 29.94 29.89 29.84 29.80 29.75 29.70 29.66 29.62 29.59 29.55 29.52 29.49 29.46 29.43 29.41 29.37 29.35 29.33 29.30 29.29 29.26 29.25 29.22 29.20 29.18 29.16 29.14 29.12 29.10 29.08 29.05 29.03 29.01 28.98 28.95 28.92 28.89 28.86 28.82 28.78 28.74 28.70 28.65 28.60 28.55 28.50 28.44 28.39 28.32 28.26 28.20 28.14 28.09
30.85 30.85 30.86 30.86 30.86 30.87 30.87 30.87 30.88 30.88 30.88 30.88 30.86 30.77 30.68 30.59 30.50 30.43 30.35 30.27 30.20 30.13 30.07 30.01 29.96 29.90 29.85 29.80 29.75 29.70 29.66 29.62 29.58 29.55 29.51 29.48 29.45 29.41 29.39 29.36 29.34 29.31 29.29 29.26 29.25 29.22 29.20 29.17 29.15 29.13 29.11 29.08 29.07 29.04 29.01 28.99 28.96 28.94 28.91 28.87 28.84 28.81 28.77 28.73 28.69 28.65 28.60 28.56 28.51 28.45 28.40 28.35 28.29 28.24 28.18 28.12 28.07
30.80 30.80 30.80 30.80 30.80 30.81 30.82 30.82 30.82 30.82 30.83 30.83 30.82 30.79 30.71 30.62 30.53 30.44 30.36 30.29 30.21 30.14 30.09 30.02 29.96 29.91 29.85 29.80 29.75 29.70 29.66 29.62 29.58 29.54 29.51 29.48 29.44 29.41 29.38 29.35 29.32 29.30 29.27 29.24 29.22 29.20 29.17 29.15 29.13 29.11 29.07 29.06 29.03 29.01 28.98 28.96 28.92 28.90 28.87 28.83 28.80 28.77 28.73 28.70 28.65 28.61 28.57 28.52 28.47 28.42 28.37 28.31 28.26 28.21 28.15 28.11 28.05
30.74 30.74 30.74 30.74 30.75 30.76 30.76 30.77 30.77 30.77 30.78 30.78 30.78 30.77 30.72 30.64 30.55 30.46 30.39 30.31 30.24 30.17 30.10 30.03 29.97 29.91 29.86 29.80 29.76 29.71 29.66 29.62 29.58 29.54 29.50 29.46 29.43 29.40 29.36 29.34 29.30 29.28 29.25 29.23 29.20 29.17 29.15 29.13 29.10 29.08 29.05 29.03 29.00 28.97 28.95 28.92 28.89 28.86 28.83 28.80 28.77 28.73 28.70 28.65 28.61 28.57 28.53 28.49 28.44 28.39 28.33 28.28 28.24 28.18 28.13 28.09 28.04
30.68 30.68 30.69 30.69 30.69 30.70 30.70 30.70 30.72 30.72 30.72 30.73 30.73 30.73 30.72 30.66 30.58 30.49 30.41 30.33 30.25 30.18 30.11 30.05 29.98 29.92 29.87 29.81 29.76 29.71 29.67 29.62 29.58 29.54 29.50 29.46 29.43 29.39 29.36 29.32 29.30 29.26 29.24 29.21 29.18 29.15 29.13 29.10 29.08 29.05 29.02 28.99 28.97 28.95 28.92 28.89 28.86 28.83 28.80 28.76 28.73 28.70 28.65 28.62 28.58 28.54 28.49 28.45 28.40 28.35 28.31 28.26 28.21 28.16 28.12 28.07 28.03
30.62 30.64 30.64 30.63 30.64 30.64 30.65 30.65 30.65 30.66 30.66 30.67 30.68 30.68 30.69 30.67 30.61 30.52 30.44 30.36 30.28 30.21 30.14 30.07 30.01 29.95 29.89 29.82 29.77 29.72 29.67 29.63 29.59 29.54 29.50 29.46 29.42 29.39 29.36 29.32 29.28 29.26 29.23 29.19 29.16 29.14 29.11 29.08 29.06 29.02 29.00 28.97 28.95 28.92 28.89 28.86 28.83 28.80 28.77 28.73 28.70 28.67 28.62 28.59 28.55 28.51 28.46 28.42 28.38 28.33 28.28 28.23 28.20 28.15 28.10 28.06 28.01
30.58 30.58 30.58 30.58 30.59 30.59 30.59 30.60 30.60 30.61 30.61 30.62 30.62 30.62 30.63 30.63 30.61 30.55 30.46 30.38 30.30 30.23 30.16 30.09 30.02 29.96 29.90 29.84 29.78 29.73 29.68 29.64 29.58 29.54 29.50 29.46 29.42 29.39 29.35 29.32 29.28 29.25 29.21 29.19 29.16 29.13 29.09 29.06 29.04 29.01 28.98 28.95 28.93 28.90 28.87 28.83 28.80 28.77 28.74 28.70 28.67 28.64 28.59 28.56 28.52 28.48 28.44 28.40 28.35 28.31 28.26 28.22 28.17 28.12 28.09 28.04 28.00
30.52 30.53 30.53 30.53 30.53 30.54 30.54 30.55 30.55 30.56 30.56 30.57 30.57 30.58 30.58 30.58 30.59 30.57 30.50 30.42 30.34 30.25 30.18 30.11 30.04 29.98 29.92 29.86 29.80 29.74 29.69 29.65 29.59 29.55 29.51 29.46 29.43 29.38 29.35 29.31 29.27 29.24 29.21 29.18 29.14 29.11 29.08 29.06 29.02 28.99 28.96 28.93 28.91 28.87 28.84 28.81 28.78 28.74 28.71 28.68 28.64 28.61 28.57 28.53 28.49 28.45 28.42 28.38 28.33 28.29 28.25 28.20 28.16 28.11 28.07 28.04 27.99
30.47 30.47 30.48 30.47 30.48 30.49 30.49 30.50 30.50 30.51 30.51 30.52 30.52 30.52 30.52 30.53 30.53 30.53 30.51 30.45 30.37 30.29 30.22 30.14 30.07 30.00 29.94 29.88 29.82 29.76 29.71 29.66 29.60 29.56 29.52 29.47 29.43 29.39 29.35 29.31 29.27 29.23 29.20 29.16 29.13 29.10 29.07 29.04 29.01 28.98 28.94 28.92 28.89 28.85 28.82 28.79 28.75 28.73 28.69 28.65 28.62 28.58 28.55 28.51 28.47 28.43 28.39 28.35 28.31 28.27 28.23 28.19 28.14 28.10 28.06 28.02 27.99
30.41 30.42 30.43 30.42 30.43 30.44 30.44 30.45 30.45 30.46 30.46 30.46 30.47 30.47 30.48 30.48 30.49 30.49 30.49 30.46 30.40 30.32 30.24 30.17 30.10 30.04 29.96 29.90 29.84 29.78 29.73 29.68 29.62 29.57 29.52 29.48 29.43 29.39 29.35 29.32 29.28 29.24 29.20 29.16 29.13 29.10 29.07 29.03 29.00 28.96 28.94 28.90 28.87 28.83 28.80 28.77 28.73 28.70 28.67 28.64 28.60 28.57 28.52 28.49 28.45 28.41 28.37 28.33 28.30 28.26 28.21 28.17 28.13 28.09 28.05 28.01 27.97
30.36 30.37 30.37 30.38 30.38 30.39 30.39 30.40 30.41 30.40 30.41 30.41 30.42 30.42 30.43 30.42 30.43 30.43 30.44 30.44 30.42 30.36 30.28 30.20 30.13 30.06 29.99 29.93 29.87 29.81 29.75 29.69 29.64 29.59 29.53 29.49 29.44 29.40 29.36 29.31 29.27 29.24 29.20 29.17 29.12 29.09 29.06 29.03 28.99 28.96 28.92 28.89 28.86 28.82 28.79 28.75 28.72 28.68 28.66 28.62 28.58 28.54 28.51 28.47 28.43 28.40 28.35 28.31 28.28 28.24 28.20 28.16 28.12 28.08 28.05 28.01 27.97
30.31 30.32 30.32 30.33 30.33 30.34 30.34 30.35 30.35 30.35 30.36 30.37 30.37 30.38 30.37 30.38 30.39 30.39 30.39 30.39 30.39 30.38 30.32 30.24 30.16 30.09 30.03 29.95 29.89 29.83 29.77 29.72 29.66 29.61 29.55 29.51 29.46 29.41 29.37 29.32 29.28 29.24 29.20 29.16 29.13 29.09 29.06 29.02 28.99 28.95 28.91 28.88 28.85 28.81 28.78 28.75 28.71 28.67 28.64 28.61 28.57 28.53 28.50 28.45 28.42 28.38 28.34 28.31 28.26 28.22 28.19 28.15 28.11 28.08 28.04 28.00 27.96
30.25 30.26 30.27 30.27 30.28 30.29 30.30 30.30 30.30 30.31 30.31 30.32 30.32 30.32 30.33 30.34 30.33 30.34 30.34 30.35 30.35 30.34 30.33 30.28 30.21 30.13 30.06 29.99 29.92 29.86 29.79 29.74 29.68 29.63 29.57 29.53 29.47 29.42 29.38 29.34 29.29 29.25 29.21 29.17 29.13 29.10 29.05 29.02 28.98 28.95 28.91 28.87 28.83 28.80 28.76 28.73 28.70 28.66 28.63 28.59 28.55 28.52 28.48 28.45 28.40 28.37 28.33 28.29 28.26 28.21 28.17 28.14 28.10 28.07 28.03 28.00 27.96
