main/data/temperature/27.05.2023.grid
ncols 886
nrows 691
xllcenter 112.0000
yllcenter -44.5000
cellsize 0.0500
nodata_value 99999.90
[rows 68 to 101 of 691, columns 77 to 153 of 886]
30.64 30.65 30.66 30.67 30.67 30.68 30.68 30.69 30.70 30.71 30.71 30.72 30.73 30.74 30.75 30.76 30.76 30.77 30.78 30.79 30.80 30.81 30.81 30.82 30.83 30.84 30.85 30.86 30.86 30.87 30.88 30.89 30.89 30.89 30.90 30.91 30.91 30.92 30.93 30.94 30.95 30.95 30.96 30.96 30.97 30.97 30.98 30.99 31.00 31.00 31.00 31.01 31.01 31.02 31.03 31.02 31.03 31.04 31.05 31.05 31.05 31.06 31.06 31.06 31.07 31.07 31.07 31.08 31.08 31.08 31.08 31.09 31.09 31.09 31.09 31.10 31.09
30.62 30.63 30.64 30.64 30.65 30.66 30.67 30.68 30.69 30.70 30.70 30.71 30.72 30.73 30.74 30.75 30.75 30.76 30.77 30.78 30.79 30.80 30.80 30.81 30.82 30.83 30.84 30.84 30.84 30.85 30.86 30.87 30.87 30.88 30.89 30.90 30.91 30.91 30.92 30.93 30.93 30.93 30.94 30.95 30.96 30.96 30.97 30.98 30.98 30.98 30.99 31.00 31.01 31.00 31.01 31.02 31.02 31.03 31.03 31.03 31.04 31.04 31.04 31.05 31.05 31.05 31.06 31.06 31.06 31.07 31.07 31.07 31.07 31.08 31.07 31.08 31.08
30.61 30.61 30.62 30.63 30.64 30.65 30.66 30.67 30.67 30.68 30.69 30.70 30.71 30.72 30.73 30.73 30.74 30.75 30.76 30.77 30.78 30.77 30.78 30.79 30.80 30.81 30.82 30.82 30.83 30.84 30.85 30.86 30.86 30.87 30.88 30.89 30.90 30.89 30.90 30.91 30.92 30.93 30.93 30.94 30.95 30.95 30.95 30.96 30.97 30.97 30.98 30.98 30.99 30.99 31.00 31.00 31.00 31.01 31.02 31.01 31.02 31.03 31.04 31.03 31.04 31.04 31.04 31.05 31.05 31.05 31.06 31.06 31.06 31.06 31.07 31.06 31.07
30.59 30.60 30.61 30.62 30.63 30.64 30.65 30.65 30.66 30.67 30.68 30.69 30.69 30.70 30.70 30.71 30.72 30.73 30.74 30.75 30.76 30.76 30.77 30.78 30.79 30.80 30.81 30.81 30.82 30.83 30.84 30.85 30.86 30.85 30.86 30.87 30.88 30.88 30.89 30.90 30.91 30.92 30.91 30.92 30.93 30.94 30.94 30.95 30.95 30.96 30.96 30.97 30.98 30.98 30.98 30.99 31.00 30.99 31.00 31.01 31.01 31.01 31.02 31.02 31.02 31.03 31.02 31.03 31.04 31.04 31.04 31.04 31.05 31.04 31.05 31.04 31.05
30.58 30.58 30.59 30.60 30.61 30.61 30.62 30.63 30.64 30.65 30.66 30.67 30.68 30.68 30.69 30.70 30.71 30.72 30.73 30.74 30.74 30.75 30.76 30.77 30.78 30.79 30.80 30.79 30.80 30.81 30.82 30.83 30.84 30.84 30.85 30.86 30.87 30.88 30.88 30.88 30.89 30.90 30.90 30.91 30.92 30.93 30.92 30.93 30.94 30.95 30.95 30.95 30.96 30.97 30.97 30.97 30.98 30.99 30.99 30.99 31.00 31.00 31.00 31.01 31.00 31.01 31.02 31.01 31.02 31.02 31.02 31.02 31.03 31.02 31.03 31.03 31.03
30.56 30.57 30.58 30.58 30.59 30.60 30.61 30.62 30.63 30.64 30.65 30.66 30.66 30.67 30.68 30.69 30.70 30.71 30.72 30.72 30.73 30.73 30.74 30.75 30.76 30.77 30.78 30.78 30.79 30.80 30.81 30.82 30.83 30.83 30.84 30.84 30.85 30.86 30.86 30.87 30.88 30.89 30.89 30.89 30.90 30.91 30.92 30.92 30.92 30.93 30.94 30.94 30.95 30.95 30.95 30.96 30.96 30.97 30.97 30.98 30.98 30.98 30.98 30.99 30.99 30.99 31.00 31.00 31.00 31.00 31.01 31.00 31.01 31.01 31.01 31.01 31.01
30.55 30.55 30.56 30.57 30.58 30.59 30.60 30.61 30.62 30.62 30.63 30.64 30.64 30.65 30.66 30.67 30.68 30.69 30.70 30.70 30.71 30.72 30.73 30.74 30.75 30.76 30.77 30.77 30.78 30.78 30.79 30.80 30.81 30.81 30.82 30.83 30.84 30.85 30.85 30.85 30.86 30.87 30.88 30.88 30.89 30.89 30.90 30.91 30.91 30.92 30.92 30.92 30.93 30.94 30.94 30.94 30.95 30.95 30.96 30.96 30.96 30.97 30.97 30.97 30.98 30.97 30.98 30.99 30.99 30.99 30.99 30.99 30.99 30.99 30.99 30.99 30.99
30.52 30.53 30.54 30.55 30.56 30.57 30.58 30.59 30.60 30.61 30.62 30.62 30.63 30.64 30.65 30.66 30.67 30.68 30.69 30.70 30.70 30.71 30.71 30.72 30.73 30.74 30.75 30.75 30.76 30.77 30.78 30.79 30.80 30.80 30.81 30.81 30.82 30.83 30.84 30.84 30.85 30.86 30.86 30.86 30.87 30.88 30.89 30.89 30.89 30.90 30.91 30.92 30.91 30.92 30.93 30.93 30.93 30.94 30.94 30.95 30.95 30.95 30.96 30.95 30.96 30.97 30.96 30.97 30.97 30.97 30.97 30.97 30.97 30.97 30.98 30.97 30.97
30.51 30.52 30.53 30.54 30.55 30.56 30.57 30.58 30.59 30.59 30.60 30.60 30.61 30.62 30.63 30.64 30.65 30.66 30.67 30.67 30.68 30.69 30.70 30.71 30.72 30.73 30.74 30.74 30.75 30.75 30.76 30.77 30.78 30.79 30.79 30.80 30.81 30.82 30.82 30.82 30.83 30.84 30.85 30.86 30.85 30.86 30.87 30.88 30.89 30.88 30.89 30.90 30.91 30.90 30.91 30.92 30.91 30.92 30.93 30.93 30.93 30.93 30.94 30.95 30.94 30.95 30.95 30.95 30.95 30.95 30.95 30.95 30.96 30.95 30.95 30.96 30.95
30.49 30.50 30.51 30.52 30.53 30.54 30.55 30.55 30.56 30.57 30.58 30.59 30.60 30.61 30.62 30.63 30.64 30.65 30.66 30.66 30.67 30.67 30.68 30.69 30.70 30.71 30.72 30.72 30.73 30.74 30.75 30.76 30.77 30.77 30.77 30.78 30.79 30.80 30.81 30.82 30.82 30.82 30.83 30.84 30.85 30.85 30.85 30.86 30.87 30.88 30.87 30.88 30.89 30.89 30.89 30.90 30.90 30.91 30.91 30.91 30.92 30.91 30.92 30.93 30.92 30.93 30.93 30.93 30.93 30.93 30.94 30.93 30.94 30.94 30.93 30.93 30.94
30.48 30.49 30.50 30.51 30.52 30.52 30.53 30.54 30.55 30.56 30.56 30.57 30.58 30.59 30.60 30.61 30.62 30.62 30.63 30.64 30.65 30.66 30.67 30.68 30.69 30.70 30.71 30.70 30.71 30.72 30.73 30.74 30.75 30.76 30.76 30.77 30.78 30.78 30.79 30.80 30.80 30.81 30.82 30.82 30.83 30.83 30.84 30.84 30.85 30.86 30.86 30.86 30.87 30.88 30.88 30.88 30.89 30.89 30.89 30.89 30.90 30.91 30.90 30.91 30.91 30.91 30.91 30.91 30.91 30.91 30.92 30.92 30.91 30.92 30.92 30.91 30.91
30.46 30.46 30.48 30.48 30.49 30.50 30.51 30.52 30.53 30.54 30.55 30.56 30.57 30.58 30.59 30.60 30.61 30.61 30.61 30.62 30.63 30.64 30.65 30.66 30.67 30.68 30.69 30.70 30.70 30.71 30.72 30.72 30.73 30.74 30.75 30.75 30.76 30.77 30.78 30.78 30.79 30.79 30.80 30.81 30.81 30.82 30.82 30.83 30.83 30.84 30.85 30.84 30.85 30.86 30.86 30.86 30.87 30.87 30.88 30.87 30.88 30.88 30.89 30.88 30.89 30.89 30.89 30.89 30.90 30.89 30.89 30.90 30.89 30.89 30.89 30.89 30.89
30.44 30.45 30.46 30.47 30.48 30.48 30.49 30.50 30.51 30.52 30.53 30.54 30.55 30.56 30.57 30.58 30.59 30.59 30.60 30.61 30.62 30.63 30.64 30.64 30.65 30.66 30.67 30.67 30.68 30.69 30.70 30.71 30.72 30.73 30.73 30.73 30.74 30.75 30.76 30.77 30.77 30.78 30.78 30.79 30.80 30.80 30.81 30.81 30.82 30.82 30.83 30.84 30.83 30.84 30.85 30.85 30.85 30.85 30.86 30.86 30.86 30.86 30.87 30.86 30.87 30.87 30.88 30.87 30.87 30.88 30.87 30.87 30.88 30.87 30.87 30.87 30.86
30.42 30.43 30.44 30.45 30.46 30.47 30.48 30.49 30.50 30.51 30.51 30.52 30.53 30.54 30.55 30.55 30.56 30.57 30.58 30.59 30.60 30.61 30.62 30.63 30.64 30.65 30.65 30.66 30.66 30.67 30.68 30.69 30.70 30.71 30.72 30.72 30.72 30.73 30.74 30.75 30.76 30.76 30.76 30.77 30.78 30.78 30.79 30.80 30.80 30.80 30.81 30.82 30.82 30.82 30.83 30.83 30.84 30.83 30.84 30.84 30.85 30.84 30.85 30.85 30.86 30.85 30.85 30.86 30.85 30.85 30.86 30.85 30.85 30.85 30.84 30.85 30.85
30.40 30.41 30.42 30.43 30.44 30.45 30.46 30.47 30.48 30.49 30.50 30.51 30.52 30.53 30.52 30.54 30.54 30.55 30.56 30.57 30.58 30.59 30.60 30.61 30.62 30.63 30.64 30.65 30.64 30.65 30.66 30.67 30.68 30.69 30.70 30.71 30.71 30.71 30.72 30.73 30.74 30.75 30.75 30.76 30.76 30.77 30.77 30.78 30.79 30.78 30.79 30.80 30.80 30.81 30.80 30.81 30.82 30.82 30.82 30.82 30.83 30.83 30.82 30.83 30.83 30.84 30.83 30.83 30.84 30.83 30.83 30.83 30.83 30.83 30.83 30.82 30.82
30.39 30.39 30.40 30.41 30.42 30.43 30.44 30.45 30.46 30.47 30.48 30.49 30.49 30.50 30.51 30.52 30.53 30.53 30.54 30.55 30.56 30.57 30.58 30.59 30.60 30.61 30.62 30.63 30.64 30.63 30.64 30.65 30.66 30.67 30.68 30.69 30.70 30.70 30.70 30.71 30.72 30.73 30.73 30.74 30.75 30.75 30.75 30.76 30.77 30.77 30.77 30.78 30.78 30.79 30.79 30.79 30.79 30.80 30.80 30.80 30.80 30.81 30.81 30.81 30.81 30.81 30.82 30.81 30.81 30.81 30.81 30.81 30.81 30.80 30.80 30.80 30.79
30.37 30.38 30.39 30.39 30.40 30.41 30.42 30.42 30.43 30.45 30.45 30.46 30.47 30.48 30.49 30.50 30.51 30.52 30.52 30.53 30.54 30.55 30.56 30.57 30.58 30.59 30.60 30.61 30.62 30.63 30.62 30.63 30.64 30.65 30.66 30.67 30.68 30.68 30.69 30.70 30.70 30.71 30.71 30.72 30.73 30.73 30.73 30.74 30.75 30.75 30.76 30.75 30.76 30.77 30.77 30.78 30.77 30.78 30.78 30.79 30.79 30.78 30.79 30.79 30.78 30.79 30.79 30.79 30.79 30.79 30.79 30.78 30.78 30.78 30.77 30.77 30.77
30.34 30.35 30.36 30.36 30.37 30.38 30.39 30.40 30.41 30.42 30.43 30.44 30.45 30.46 30.47 30.48 30.49 30.50 30.50 30.51 30.52 30.53 30.54 30.55 30.56 30.57 30.58 30.59 30.60 30.61 30.61 30.61 30.62 30.63 30.64 30.65 30.65 30.66 30.67 30.68 30.68 30.68 30.69 30.70 30.71 30.71 30.72 30.73 30.72 30.73 30.74 30.74 30.75 30.74 30.75 30.75 30.76 30.76 30.76 30.76 30.77 30.77 30.76 30.77 30.77 30.76 30.76 30.77 30.77 30.76 30.76 30.76 30.75 30.75 30.75 30.74 30.74
30.32 30.33 30.34 30.34 30.35 30.36 30.37 30.38 30.39 30.40 30.41 30.42 30.43 30.44 30.45 30.46 30.47 30.47 30.48 30.49 30.50 30.51 30.52 30.53 30.54 30.55 30.56 30.57 30.58 30.58 30.59 30.60 30.61 30.61 30.62 30.63 30.63 30.64 30.65 30.66 30.67 30.67 30.67 30.68 30.68 30.69 30.70 30.70 30.71 30.71 30.71 30.72 30.72 30.73 30.73 30.73 30.73 30.74 30.74 30.74 30.74 30.74 30.75 30.74 30.74 30.75 30.75 30.74 30.74 30.74 30.73 30.73 30.73 30.72 30.72 30.72 30.71
30.30 30.31 30.31 30.32 30.33 30.34 30.35 30.36 30.37 30.38 30.39 30.40 30.41 30.42 30.42 30.43 30.44 30.45 30.46 30.47 30.48 30.49 30.50 30.51 30.52 30.53 30.54 30.54 30.55 30.56 30.57 30.58 30.59 30.60 30.61 30.60 30.61 30.62 30.63 30.64 30.64 30.65 30.66 30.66 30.66 30.67 30.68 30.68 30.69 30.69 30.70 30.70 30.70 30.71 30.71 30.72 30.71 30.71 30.72 30.72 30.71 30.72 30.72 30.72 30.72 30.72 30.72 30.72 30.71 30.71 30.71 30.70 30.70 30.70 30.70 30.69 30.69
30.27 30.28 30.29 30.30 30.31 30.32 30.33 30.34 30.35 30.36 30.37 30.37 30.38 30.39 30.40 30.41 30.42 30.43 30.44 30.45 30.46 30.47 30.48 30.49 30.49 30.50 30.51 30.52 30.53 30.54 30.55 30.56 30.57 30.57 30.58 30.59 30.59 30.60 30.60 30.61 30.62 30.63 30.63 30.64 30.65 30.64 30.65 30.66 30.66 30.67 30.68 30.68 30.68 30.68 30.69 30.69 30.69 30.70 30.69 30.69 30.70 30.70 30.69 30.70 30.70 30.70 30.69 30.69 30.69 30.68 30.68 30.68 30.68 30.67 30.67 30.66 30.66
30.25 30.26 30.27 30.28 30.29 30.30 30.31 30.31 30.32 30.33 30.34 30.35 30.36 30.37 30.38 30.39 30.40 30.41 30.42 30.43 30.43 30.44 30.45 30.46 30.47 30.48 30.49 30.50 30.51 30.52 30.52 30.53 30.54 30.55 30.56 30.57 30.57 30.58 30.58 30.59 30.60 30.60 30.61 30.62 30.62 30.63 30.64 30.64 30.64 30.64 30.65 30.66 30.66 30.66 30.66 30.66 30.67 30.67 30.67 30.67 30.67 30.67 30.68 30.67 30.67 30.67 30.67 30.66 30.66 30.66 30.66 30.65 30.65 30.65 30.64 30.64 30.64
30.23 30.24 30.25 30.25 30.26 30.27 30.28 30.29 30.30 30.31 30.32 30.33 30.34 30.35 30.35 30.36 30.37 30.38 30.39 30.40 30.41 30.42 30.43 30.44 30.45 30.46 30.46 30.47 30.48 30.49 30.50 30.51 30.52 30.53 30.53 30.54 30.55 30.56 30.57 30.57 30.58 30.59 30.58 30.59 30.60 30.60 30.61 30.62 30.62 30.62 30.62 30.63 30.63 30.64 30.64 30.64 30.64 30.64 30.65 30.65 30.64 30.64 30.65 30.65 30.65 30.64 30.64 30.64 30.64 30.63 30.63 30.63 30.62 30.62 30.61 30.60 30.60
30.19 30.20 30.21 30.23 30.24 30.25 30.26 30.26 30.27 30.28 30.29 30.30 30.31 30.32 30.33 30.34 30.35 30.36 30.37 30.37 30.38 30.39 30.40 30.41 30.42 30.43 30.44 30.45 30.46 30.47 30.47 30.48 30.49 30.50 30.51 30.52 30.52 30.53 30.54 30.55 30.55 30.56 30.57 30.58 30.57 30.58 30.58 30.59 30.60 30.60 30.61 30.61 30.61 30.61 30.61 30.62 30.62 30.61 30.62 30.62 30.62 30.62 30.62 30.62 30.62 30.62 30.61 30.61 30.61 30.61 30.60 30.60 30.59 30.59 30.58 30.58 30.57
30.17 30.18 30.18 30.20 30.21 30.22 30.23 30.24 30.25 30.26 30.27 30.27 30.28 30.29 30.30 30.31 30.32 30.33 30.34 30.35 30.36 30.37 30.38 30.38 30.39 30.41 30.42 30.43 30.44 30.45 30.45 30.46 30.46 30.47 30.48 30.49 30.50 30.50 30.51 30.52 30.53 30.53 30.54 30.55 30.55 30.56 30.56 30.56 30.57 30.57 30.58 30.58 30.59 30.59 30.59 30.59 30.59 30.59 30.60 30.59 30.59 30.59 30.59 30.60 30.59 30.59 30.59 30.59 30.57 30.57 30.57 30.57 30.56 30.56 30.55 30.54 30.54
30.14 30.15 30.16 30.17 30.17 30.19 30.20 30.21 30.22 30.23 30.24 30.25 30.26 30.26 30.27 30.28 30.29 30.30 30.31 30.32 30.33 30.34 30.36 30.36 30.38 30.38 30.39 30.40 30.41 30.42 30.43 30.44 30.45 30.45 30.45 30.46 30.48 30.48 30.48 30.49 30.50 30.51 30.51 30.52 30.53 30.53 30.54 30.54 30.55 30.55 30.55 30.55 30.56 30.56 30.56 30.57 30.57 30.56 30.57 30.57 30.57 30.57 30.56 30.56 30.56 30.56 30.55 30.55 30.55 30.55 30.54 30.53 30.53 30.52 30.52 30.51 30.50
30.11 30.12 30.13 30.14 30.15 30.15 30.17 30.18 30.19 30.20 30.21 30.22 30.23 30.24 30.24 30.25 30.26 30.27 30.28 30.29 30.30 30.32 30.33 30.34 30.35 30.36 30.36 30.37 30.38 30.39 30.40 30.41 30.42 30.43 30.43 30.44 30.45 30.46 30.46 30.47 30.47 30.48 30.48 30.49 30.50 30.50 30.51 30.51 30.52 30.52 30.53 30.53 30.54 30.53 30.53 30.54 30.54 30.54 30.54 30.54 30.54 30.54 30.54 30.54 30.53 30.53 30.53 30.53 30.51 30.51 30.51 30.50 30.49 30.49 30.49 30.47 30.47
30.08 30.09 30.10 30.11 30.11 30.12 30.13 30.14 30.16 30.17 30.18 30.19 30.20 30.20 30.21 30.22 30.23 30.24 30.25 30.26 30.27 30.29 30.30 30.31 30.32 30.32 30.33 30.34 30.35 30.36 30.37 30.38 30.39 30.39 30.40 30.41 30.42 30.43 30.43 30.44 30.45 30.46 30.46 30.47 30.47 30.48 30.49 30.48 30.49 30.49 30.50 30.50 30.50 30.51 30.51 30.50 30.51 30.51 30.51 30.51 30.51 30.50 30.50 30.50 30.50 30.50 30.49 30.49 30.49 30.47 30.47 30.47 30.46 30.45 30.45 30.44 30.43
30.05 30.06 30.07 30.07 30.08 30.09 30.10 30.11 30.13 30.14 30.14 30.15 30.16 30.17 30.18 30.19 30.20 30.21 30.23 30.24 30.25 30.26 30.26 30.27 30.28 30.29 30.30 30.31 30.32 30.33 30.34 30.35 30.35 30.36 30.37 30.38 30.39 30.39 30.40 30.41 30.42 30.42 30.43 30.44 30.44 30.45 30.45 30.46 30.46 30.46 30.46 30.47 30.47 30.47 30.48 30.48 30.48 30.48 30.47 30.48 30.48 30.48 30.48 30.47 30.47 30.46 30.46 30.45 30.45 30.44 30.44 30.43 30.42 30.42 30.41 30.40 30.41
30.02 30.02 30.03 30.04 30.05 30.06 30.07 30.07 30.09 30.10 30.11 30.12 30.13 30.14 30.15 30.16 30.17 30.17 30.18 30.20 30.21 30.22 30.23 30.24 30.25 30.26 30.27 30.28 30.29 30.29 30.30 30.31 30.32 30.33 30.34 30.34 30.35 30.36 30.37 30.38 30.38 30.39 30.40 30.40 30.41 30.41 30.42 30.42 30.43 30.43 30.44 30.44 30.45 30.45 30.44 30.44 30.45 30.45 30.45 30.45 30.45 30.44 30.44 30.44 30.44 30.42 30.42 30.42 30.42 30.41 30.40 30.40 30.39 30.38 30.38 30.38 30.39
29.97 29.99 30.00 30.01 30.01 30.02 30.03 30.04 30.05 30.07 30.08 30.08 30.09 30.10 30.11 30.12 30.13 30.14 30.16 30.17 30.18 30.19 30.20 30.20 30.21 30.22 30.23 30.24 30.25 30.26 30.27 30.29 30.30 30.30 30.31 30.32 30.33 30.34 30.34 30.35 30.36 30.36 30.37 30.38 30.38 30.39 30.39 30.39 30.39 30.40 30.40 30.41 30.41 30.41 30.41 30.42 30.42 30.41 30.41 30.41 30.41 30.41 30.41 30.40 30.40 30.39 30.39 30.39 30.38 30.37 30.37 30.36 30.35 30.35 30.36 30.37 30.38
29.93 29.94 29.96 29.97 29.98 29.98 29.99 30.00 30.01 30.03 30.04 30.05 30.06 30.06 30.07 30.08 30.09 30.11 30.12 30.13 30.14 30.15 30.16 30.17 30.18 30.19 30.19 30.20 30.22 30.23 30.24 30.25 30.26 30.27 30.27 30.28 30.29 30.30 30.31 30.31 30.32 30.33 30.33 30.34 30.35 30.35 30.36 30.36 30.37 30.37 30.38 30.38 30.38 30.37 30.38 30.38 30.38 30.38 30.38 30.38 30.38 30.37 30.37 30.37 30.37 30.36 30.35 30.35 30.34 30.34 30.32 30.32 30.32 30.33 30.34 30.36 30.38
29.90 29.90 29.92 29.93 29.94 29.95 29.95 29.96 29.97 29.99 30.00 30.01 30.02 30.02 30.03 30.04 30.05 30.07 30.08 30.09 30.10 30.11 30.12 30.13 30.14 30.16 30.17 30.17 30.18 30.19 30.20 30.21 30.22 30.23 30.24 30.24 30.25 30.26 30.27 30.28 30.28 30.29 30.30 30.30 30.31 30.31 30.32 30.32 30.33 30.33 30.34 30.34 30.34 30.35 30.35 30.35 30.34 30.34 30.34 30.34 30.34 30.34 30.34 30.33 30.32 30.32 30.32 30.31 30.30 30.29 30.29 30.30 30.30 30.32 30.34 30.36 30.36
29.86 29.86 29.87 29.89 29.90 29.90 29.91 29.92 29.93 29.95 29.96 29.97 29.97 29.98 29.99 30.00 30.02 30.03 30.04 30.05 30.06 30.07 30.08 30.09 30.11 30.12 30.12 30.13 30.14 30.15 30.16 30.17 30.18 30.19 30.20 30.21 30.21 30.23 30.24 30.25 30.25 30.26 30.27 30.27 30.28 30.28 30.29 30.29 30.30 30.30 30.30 30.30 30.30 30.30 30.31 30.31 30.31 30.31 30.31 30.31 30.30 30.30 30.29 30.29 30.29 30.29 30.27 30.27 30.26 30.26 30.27 30.28 30.30 30.32 30.32 30.34 30.36
