main/data/temperature/27.06.2023.grid
ncols 886
nrows 691
xllcenter 112.0000
yllcenter -44.5000
cellsize 0.0500
nodata_value 99999.90
[rows 374 to 407 of 691, columns 693 to 769 of 886]
20.29 20.35 20.36 20.39 20.43 20.47 20.41 20.50 20.53 20.57 20.59 20.61 20.63 20.64 20.70 20.72 20.72 20.72 20.76 20.81 20.84 20.91 20.94 20.97 21.00 21.01 21.04 21.06 21.08 21.13 21.16 21.19 21.21 21.26 21.32 21.36 21.41 21.43 21.50 21.48 21.56 21.58 21.60 21.67 21.71 21.75 21.80 21.76 21.65 21.66 21.76 21.82 21.84 21.79 21.73 21.67 21.63 21.56 21.47 21.35 21.24 21.12 21.00 20.90 20.80 20.66 20.57 20.44 20.34 20.26 20.21 20.13 20.06 19.99 19.99 19.96 19.88
20.14 20.18 20.21 20.22 20.30 20.28 20.31 20.39 20.41 20.45 20.46 20.50 20.51 20.55 20.58 20.58 20.62 20.63 20.69 20.73 20.79 20.81 20.84 20.88 20.93 20.93 20.96 21.00 21.02 21.05 21.08 21.10 21.15 21.18 21.22 21.30 21.34 21.36 21.44 21.44 21.50 21.53 21.56 21.62 21.68 21.70 21.69 21.71 21.62 21.64 21.76 21.80 21.80 21.75 21.71 21.63 21.59 21.51 21.42 21.31 21.21 21.09 20.99 20.91 20.79 20.66 20.55 20.43 20.36 20.29 20.21 20.09 20.08 20.00 19.94 19.88 19.79
20.01 20.04 20.09 20.14 20.16 20.15 20.20 20.21 20.27 20.33 20.35 20.40 20.41 20.44 20.47 20.50 20.54 20.58 20.60 20.66 20.74 20.75 20.79 20.83 20.84 20.87 20.88 20.92 20.94 20.95 21.00 21.04 21.08 21.11 21.16 21.21 21.28 21.30 21.35 21.39 21.44 21.49 21.53 21.57 21.58 21.58 21.61 21.58 21.69 21.71 21.76 21.75 21.73 21.67 21.64 21.59 21.52 21.46 21.38 21.27 21.19 21.09 20.98 20.90 20.78 20.66 20.54 20.46 20.36 20.26 20.21 20.11 19.98 19.86 19.80 19.82 19.72
19.86 19.92 19.95 19.98 20.02 19.98 20.07 20.14 20.20 20.23 20.26 20.29 20.31 20.36 20.39 20.42 20.47 20.51 20.55 20.61 20.65 20.69 20.74 20.75 20.76 20.79 20.78 20.82 20.88 20.92 20.74 20.99 20.99 21.03 21.08 21.13 21.21 21.23 21.28 21.32 21.37 21.42 21.48 21.51 21.48 21.57 21.62 21.55 21.63 21.70 21.70 21.68 21.67 21.61 21.58 21.54 21.45 21.41 21.36 21.28 21.17 21.07 20.97 20.88 20.79 20.66 20.55 20.39 20.32 20.22 20.15 20.04 19.93 19.71 19.75 19.76 19.68
19.68 19.78 19.72 19.83 19.90 19.82 19.93 20.02 20.06 20.11 20.13 20.18 20.21 20.26 20.30 20.35 20.38 20.42 20.47 20.53 20.58 20.62 20.62 20.65 20.67 20.67 20.70 20.71 20.78 20.81 20.83 20.84 20.91 20.95 20.99 21.05 21.09 21.15 21.18 21.23 21.26 21.33 21.38 21.34 21.38 21.40 21.58 21.59 21.63 21.61 21.59 21.62 21.60 21.56 21.51 21.46 21.39 21.35 21.30 21.24 21.14 21.06 20.96 20.88 20.79 20.64 20.48 20.29 20.28 20.20 20.13 20.04 19.90 19.80 19.76 19.71 19.61
19.54 19.54 19.64 19.66 19.73 19.67 19.79 19.86 19.93 19.97 20.00 20.04 20.09 20.14 20.19 20.23 20.31 20.34 20.40 20.42 20.46 20.47 20.52 20.52 20.57 20.59 20.62 20.63 20.67 20.72 20.71 20.70 20.80 20.86 20.91 20.96 20.99 21.06 21.10 21.15 21.19 21.24 21.30 21.36 21.35 21.40 21.51 21.55 21.52 21.51 21.49 21.50 21.53 21.49 21.43 21.40 21.35 21.30 21.27 21.18 21.11 21.04 20.95 20.84 20.78 20.64 20.50 20.34 20.28 20.16 20.07 20.00 19.89 19.85 19.69 19.66 19.58
19.42 19.35 19.46 19.54 19.59 19.57 19.59 19.74 19.78 19.84 19.89 19.93 19.98 20.05 20.10 20.16 20.21 20.25 20.30 20.33 20.37 20.39 20.38 20.42 20.45 20.49 20.38 20.36 20.58 20.63 20.61 20.66 20.62 20.77 20.84 20.87 20.91 20.89 20.98 21.04 21.10 21.15 21.19 21.30 21.33 21.39 21.41 21.42 21.41 21.46 21.39 21.42 21.39 21.37 21.35 21.31 21.28 21.22 21.18 21.11 21.07 21.00 20.93 20.82 20.70 20.61 20.49 20.39 20.29 20.16 20.02 19.94 19.76 19.65 19.58 19.30 19.38
19.19 19.27 19.39 19.46 19.46 19.55 19.51 19.62 19.69 19.73 19.79 19.83 19.90 19.96 20.01 20.06 20.10 20.16 20.18 20.22 20.24 20.26 20.28 20.32 20.36 20.28 20.25 20.23 20.40 20.53 20.55 20.58 20.65 20.70 20.75 20.77 20.81 20.84 20.87 20.94 21.00 21.02 21.00 21.13 21.25 21.27 21.29 21.33 21.34 21.32 21.31 21.29 21.29 21.26 21.26 21.23 21.19 21.16 21.12 21.05 21.01 20.93 20.88 20.79 20.69 20.58 20.49 20.36 20.27 20.13 20.01 19.90 19.84 19.64 19.57 19.35 19.12
19.00 19.20 19.27 19.31 19.36 19.43 19.49 19.52 19.55 19.63 19.69 19.74 19.79 19.86 19.92 19.95 20.01 20.03 20.08 20.10 20.13 20.17 20.19 20.22 20.26 20.23 20.27 20.26 20.38 20.42 20.45 20.50 20.54 20.59 20.65 20.67 20.72 20.75 20.77 20.83 20.86 20.91 20.95 21.07 21.11 21.15 21.20 21.18 21.18 21.20 21.19 21.18 21.18 21.17 21.15 21.14 21.12 21.08 21.03 20.99 20.96 20.91 20.83 20.77 20.68 20.60 20.50 20.42 20.31 20.17 19.99 19.83 19.67 19.66 19.45 19.32 19.34
19.00 19.05 19.11 19.17 19.23 19.31 19.31 19.39 19.46 19.52 19.58 19.65 19.70 19.76 19.82 19.84 19.89 19.94 19.96 19.97 20.02 20.06 20.07 20.11 20.16 20.03 20.17 20.23 20.25 20.30 20.35 20.39 20.44 20.49 20.52 20.57 20.61 20.63 20.67 20.70 20.77 20.81 20.87 20.95 21.02 21.03 21.02 21.04 21.05 21.07 21.07 21.07 21.07 21.07 21.05 21.03 21.00 20.98 20.93 20.91 20.88 20.86 20.80 20.74 20.68 20.60 20.54 20.45 20.30 20.20 20.02 19.85 19.64 19.52 19.58 19.12 18.60
18.84 18.91 18.96 19.04 19.12 19.16 19.21 19.27 19.34 19.41 19.48 19.55 19.57 19.64 19.70 19.75 19.79 19.82 19.87 19.89 19.90 19.95 19.98 20.00 20.02 19.99 20.07 20.08 20.15 20.19 20.23 20.29 20.34 20.38 20.40 20.43 20.48 20.52 20.55 20.55 20.65 20.69 20.79 20.84 20.86 20.80 20.87 20.90 20.92 20.94 20.95 20.95 20.95 20.95 20.94 20.92 20.89 20.86 20.83 20.81 20.77 20.74 20.70 20.64 20.56 20.53 20.47 20.39 20.28 20.18 20.07 19.99 19.68 19.26 19.37 19.08 19.16
18.67 18.74 18.80 18.90 18.95 19.01 19.08 19.14 19.22 19.30 19.37 19.43 19.47 19.54 19.60 19.66 19.70 19.71 19.75 19.78 19.80 19.85 19.86 19.90 19.91 19.91 19.93 19.98 20.03 20.06 20.11 20.17 20.19 20.24 20.30 20.32 20.36 20.37 20.43 20.43 20.51 20.57 20.67 20.72 20.68 20.69 20.74 20.77 20.79 20.82 20.83 20.83 20.82 20.82 20.82 20.80 20.78 20.76 20.74 20.70 20.68 20.62 20.58 20.55 20.51 20.48 20.41 20.32 20.24 20.11 19.99 19.88 19.68 19.35 19.07 19.14 19.31
18.52 18.60 18.65 18.75 18.80 18.89 18.96 19.05 19.11 19.18 19.23 19.31 19.38 19.43 19.49 19.55 19.58 19.63 19.66 19.67 19.72 19.74 19.75 19.76 19.73 19.79 19.85 19.88 19.93 19.95 19.99 20.04 20.08 20.12 20.18 20.20 20.24 20.28 20.28 20.28 20.36 20.47 20.53 20.53 20.55 20.58 20.62 20.64 20.67 20.69 20.70 20.70 20.71 20.70 20.68 20.68 20.66 20.64 20.62 20.60 20.58 20.52 20.46 20.44 20.42 20.39 20.34 20.22 20.10 20.03 19.92 19.83 19.59 19.15 19.03 18.79 18.86
18.37 18.45 18.55 18.61 18.67 18.76 18.85 18.93 19.02 19.06 19.15 19.22 19.26 19.33 19.36 19.44 19.48 19.52 19.55 19.59 19.63 19.64 19.68 19.60 19.66 19.65 19.67 19.76 19.81 19.83 19.88 19.90 19.96 20.00 20.04 20.08 20.11 20.14 20.08 20.02 20.17 20.34 20.39 20.40 20.42 20.46 20.49 20.51 20.55 20.57 20.59 20.59 20.58 20.58 20.58 20.56 20.53 20.50 20.48 20.46 20.43 20.40 20.37 20.34 20.29 20.27 20.21 20.16 20.07 19.95 19.84 19.65 19.44 19.16 18.79 18.66 18.42
18.25 18.36 18.43 18.51 18.59 18.67 18.74 18.83 18.91 18.96 19.05 19.09 19.17 19.23 19.30 19.33 19.35 19.39 19.45 19.48 19.52 19.55 19.52 19.60 19.64 19.47 19.63 19.61 19.70 19.74 19.74 19.79 19.83 19.87 19.90 19.96 19.99 19.95 19.93 19.95 20.10 20.21 20.27 20.28 20.30 20.33 20.35 20.38 20.40 20.44 20.44 20.43 20.43 20.43 20.43 20.41 20.38 20.37 20.36 20.34 20.30 20.27 20.25 20.21 20.18 20.17 20.11 20.08 20.01 19.80 19.70 19.58 19.44 18.74 18.93 18.67 18.93
18.17 18.24 18.34 18.42 18.49 18.57 18.65 18.72 18.80 18.87 18.95 19.02 19.07 19.16 19.18 19.21 19.28 19.29 19.35 19.38 19.39 19.43 19.46 19.47 19.52 19.54 19.40 19.51 19.61 19.62 19.64 19.68 19.70 19.75 19.78 19.84 19.87 19.79 19.84 19.86 20.03 20.09 20.09 20.12 20.15 20.18 20.22 20.26 20.28 20.29 20.31 20.30 20.31 20.31 20.31 20.29 20.26 20.25 20.23 20.21 20.17 20.14 20.12 20.12 20.11 20.09 20.09 19.99 19.99 19.88 19.69 19.66 19.20 19.31 19.13 18.98 18.92
18.06 18.16 18.22 18.31 18.39 18.49 18.57 18.63 18.72 18.79 18.88 18.93 19.01 19.04 19.10 19.14 19.17 19.19 19.27 19.32 19.34 19.30 19.29 19.33 19.37 19.39 19.42 19.45 19.49 19.53 19.52 19.56 19.59 19.63 19.67 19.70 19.74 19.66 19.74 19.80 19.92 19.96 19.98 20.00 20.03 20.05 20.08 20.11 20.12 20.15 20.17 20.18 20.19 20.18 20.16 20.14 20.11 20.12 20.11 20.09 20.04 20.03 19.99 19.98 19.89 19.90 19.88 19.92 19.87 19.84 19.78 19.69 19.52 19.33 19.29 19.21 18.39
17.99 18.06 18.13 18.24 18.32 18.40 18.48 18.55 18.66 18.72 18.79 18.84 18.89 18.96 19.02 19.06 19.10 19.13 19.17 19.22 19.27 19.19 19.28 19.22 19.29 19.30 19.32 19.36 19.40 19.42 19.44 19.47 19.49 19.52 19.56 19.59 19.61 19.62 19.69 19.75 19.80 19.81 19.85 19.87 19.90 19.92 19.94 19.96 19.97 20.00 20.02 20.02 20.03 20.04 20.03 20.02 20.00 19.98 19.96 19.95 19.94 19.90 19.83 19.79 19.75 19.74 19.69 19.73 19.73 19.60 19.60 19.50 19.47 19.30 19.37 19.25 18.37
17.90 17.98 18.06 18.14 18.25 18.33 18.40 18.49 18.57 18.63 18.72 18.76 18.82 18.88 18.95 18.96 18.99 19.00 19.11 19.15 19.17 19.12 19.17 19.16 19.19 19.19 19.22 19.27 19.27 19.32 19.33 19.35 19.38 19.42 19.47 19.46 19.46 19.57 19.59 19.63 19.66 19.67 19.71 19.74 19.75 19.77 19.80 19.82 19.83 19.86 19.86 19.88 19.87 19.88 19.87 19.87 19.84 19.84 19.83 19.81 19.78 19.69 19.66 19.61 19.57 19.52 19.46 19.45 19.47 19.45 19.30 19.12 18.29 19.11 19.06 19.27 19.09
17.84 17.90 17.98 18.09 18.14 18.23 18.32 18.41 18.46 18.55 18.62 18.68 18.72 18.79 18.82 18.89 18.88 18.86 18.95 19.00 18.96 19.00 19.05 18.98 19.08 19.11 19.14 19.16 19.18 19.19 19.23 19.25 19.28 19.31 19.28 19.28 19.41 19.49 19.47 19.51 19.54 19.55 19.58 19.61 19.62 19.63 19.66 19.67 19.68 19.71 19.72 19.72 19.73 19.73 19.72 19.71 19.70 19.68 19.67 19.66 19.60 19.54 19.48 19.44 19.41 19.37 19.35 19.29 19.21 19.14 18.94 18.64 18.44 18.05 18.15 19.25 18.83
17.74 17.82 17.93 17.98 18.06 18.15 18.28 18.32 18.39 18.47 18.52 18.57 18.63 18.69 18.77 18.77 18.85 18.77 18.84 18.78 18.87 18.93 18.85 18.75 19.01 19.02 19.03 19.07 19.08 19.09 19.12 19.12 19.15 19.19 19.21 19.27 19.33 19.34 19.34 19.36 19.38 19.40 19.44 19.45 19.49 19.52 19.53 19.53 19.54 19.55 19.57 19.57 19.57 19.57 19.57 19.55 19.54 19.52 19.48 19.45 19.45 19.36 19.32 19.25 19.23 19.14 19.08 19.01 18.96 18.91 18.78 18.33 17.77 17.74 17.80 18.81 18.93
17.64 17.74 17.81 17.90 17.99 18.10 18.16 18.24 18.31 18.38 18.42 18.49 18.55 18.62 18.68 18.76 18.80 18.79 18.79 18.79 18.74 18.66 18.84 18.77 18.91 18.91 18.92 18.93 18.96 18.98 19.01 19.04 19.04 19.10 19.14 19.18 19.22 19.17 19.19 19.21 19.24 19.25 19.30 19.33 19.34 19.37 19.40 19.40 19.41 19.42 19.41 19.41 19.41 19.40 19.40 19.38 19.36 19.35 19.29 19.26 19.24 19.18 19.12 19.07 18.98 18.95 18.87 18.80 18.34 18.64 18.69 18.06 17.48 16.57 18.42 18.91 18.89
17.55 17.65 17.73 17.82 17.92 18.04 18.11 18.17 18.24 18.30 18.36 18.43 18.51 18.58 18.63 18.68 18.67 18.65 18.64 18.78 18.81 18.81 18.83 18.83 18.84 18.83 18.85 18.85 18.88 18.89 18.91 18.96 18.99 19.03 19.08 19.05 19.05 19.06 19.05 19.08 19.10 19.13 19.16 19.19 19.22 19.25 19.24 19.25 19.27 19.29 19.28 19.29 19.26 19.23 19.22 19.20 19.17 19.14 19.11 19.07 19.02 18.95 18.89 18.82 18.73 18.66 18.59 18.12 18.29 17.77 18.48 18.17 17.31 15.88 18.27 18.44 18.49
17.46 17.56 17.67 17.77 17.88 17.95 18.04 18.11 18.16 18.21 18.28 18.37 18.45 18.54 18.60 18.62 18.60 18.52 18.63 18.69 18.73 18.76 18.76 18.75 18.76 18.77 18.75 18.76 18.80 18.77 18.85 18.83 18.85 18.95 18.94 18.91 18.96 18.94 18.95 18.97 18.99 19.01 19.02 19.06 19.08 19.09 19.09 19.10 19.10 19.09 19.08 19.06 19.05 19.02 19.01 18.99 18.97 18.93 18.90 18.87 18.82 18.78 18.67 18.63 18.43 18.36 18.37 18.28 17.82 17.75 18.22 18.02 16.33 16.26 18.42 18.30 16.80
17.40 17.52 17.63 17.73 17.79 17.89 17.94 18.01 18.07 18.16 18.23 18.29 18.39 18.45 18.52 18.56 18.54 18.45 18.65 18.67 18.67 18.67 18.68 18.68 18.67 18.68 18.67 18.68 18.66 18.69 18.74 18.79 18.79 18.77 18.77 18.82 18.84 18.85 18.87 18.87 18.89 18.91 18.90 18.94 18.95 18.95 18.95 18.95 18.92 18.91 18.89 18.86 18.84 18.81 18.79 18.76 18.76 18.72 18.69 18.65 18.60 18.55 18.40 18.32 18.05 17.97 17.90 17.68 17.88 17.41 17.46 17.51 17.41 16.98 18.07 17.66 17.46
17.38 17.46 17.58 17.67 17.78 17.81 17.93 17.96 18.02 18.10 18.18 18.25 18.32 18.40 18.45 18.44 18.39 18.42 18.51 18.59 18.57 18.60 18.59 18.58 18.59 18.56 18.56 18.58 18.62 18.63 18.65 18.66 18.65 18.66 18.68 18.70 18.72 18.73 18.77 18.77 18.77 18.79 18.80 18.81 18.82 18.83 18.82 18.80 18.78 18.75 18.72 18.69 18.65 18.61 18.59 18.55 18.53 18.51 18.48 18.43 18.38 18.30 18.21 18.12 17.86 17.42 17.57 17.54 16.95 17.19 16.88 17.06 16.46 15.95 17.46 17.81 17.66
17.27 17.37 17.46 17.49 17.62 17.76 17.89 17.92 17.99 18.08 18.12 18.22 18.27 18.33 18.37 18.39 18.37 18.35 18.43 18.52 18.51 18.52 18.54 18.51 18.51 18.52 18.49 18.52 18.51 18.57 18.53 18.52 18.57 18.55 18.54 18.57 18.59 18.60 18.66 18.65 18.66 18.67 18.72 18.72 18.72 18.68 18.70 18.65 18.64 18.59 18.54 18.50 18.46 18.41 18.37 18.34 18.31 18.29 18.27 18.21 18.16 18.06 17.99 17.86 17.75 17.61 17.41 17.11 16.68 16.77 16.97 16.31 16.14 16.19 17.59 17.46 17.33
17.20 17.31 17.40 17.51 17.56 17.68 17.77 17.89 17.98 18.07 18.13 18.17 18.23 18.29 18.32 18.37 18.26 18.40 18.44 18.46 18.46 18.49 18.50 18.50 18.50 18.49 18.48 18.47 18.43 18.40 18.42 18.45 18.46 18.47 18.49 18.51 18.53 18.52 18.55 18.53 18.54 18.55 18.63 18.56 18.61 18.62 18.53 18.51 18.44 18.40 18.36 18.31 18.25 18.20 18.17 18.12 18.10 18.07 18.04 18.00 17.91 17.84 17.75 17.70 17.57 17.42 17.08 16.70 15.04 15.66 14.74 15.43 16.76 16.94 17.09 17.47 17.02
17.14 17.25 17.36 17.44 17.53 17.62 17.70 17.79 17.90 17.99 18.07 18.16 18.21 18.21 18.26 18.29 18.33 18.39 18.41 18.41 18.42 18.40 18.41 18.39 18.40 18.42 18.37 18.36 18.36 18.35 18.32 18.34 18.39 18.37 18.38 18.41 18.43 18.45 18.47 18.46 18.43 18.42 18.48 18.44 18.49 18.42 18.36 18.32 18.29 18.24 18.18 18.13 18.07 18.01 17.96 17.93 17.89 17.86 17.83 17.80 17.72 17.66 17.60 17.46 17.23 17.06 16.70 14.71 15.20 15.09 15.83 16.48 15.38 14.84 16.24 17.12 16.32
17.08 17.19 17.28 17.38 17.46 17.56 17.64 17.74 17.83 17.93 18.00 18.08 18.15 18.20 18.26 18.30 18.33 18.30 18.32 18.35 18.37 18.37 18.36 18.33 18.37 18.30 18.31 18.31 18.27 18.25 18.24 18.26 18.28 18.27 18.28 18.34 18.31 18.32 18.33 18.35 18.42 18.42 18.42 18.38 18.36 18.29 18.25 18.20 18.16 18.11 18.04 17.96 17.89 17.87 17.82 17.77 17.73 17.67 17.65 17.62 17.58 17.49 17.42 17.32 17.14 16.93 16.72 16.44 15.83 15.00 15.85 15.54 15.07 14.86 15.84 16.88 16.68
17.06 17.16 17.26 17.36 17.45 17.52 17.61 17.69 17.77 17.87 17.95 18.01 18.10 18.12 18.17 18.21 18.23 18.29 18.29 18.28 18.28 18.32 18.30 18.27 18.28 18.27 18.24 18.22 18.21 18.19 18.18 18.18 18.19 18.18 18.18 18.20 18.24 18.23 18.22 18.23 18.22 18.23 18.20 18.20 18.16 18.14 18.10 18.06 18.02 17.95 17.89 17.83 17.77 17.71 17.66 17.63 17.61 17.56 17.53 17.47 17.43 17.38 17.27 17.18 17.01 16.68 16.66 15.90 15.66 14.21 11.09 14.29 15.28 15.64 16.23 16.46 16.18
16.98 17.12 17.24 17.33 17.41 17.48 17.56 17.64 17.73 17.83 17.89 17.96 18.02 18.07 18.11 18.15 18.16 18.18 18.25 18.22 18.22 18.26 18.22 18.25 18.20 18.21 18.20 18.17 18.14 18.12 18.11 18.09 18.10 18.11 18.10 18.07 18.12 18.16 18.14 18.14 18.14 18.13 18.10 18.07 18.05 18.04 17.99 17.95 17.89 17.83 17.77 17.70 17.65 17.59 17.56 17.50 17.45 17.36 17.33 17.30 17.30 17.28 17.18 17.00 16.86 16.79 16.45 15.79 15.92 14.59 13.24 12.95 13.02 14.48 15.28 16.11 14.56
16.84 17.02 17.18 17.31 17.41 17.47 17.55 17.63 17.71 17.76 17.85 17.94 17.99 18.01 18.07 18.09 18.13 18.15 18.17 18.18 18.17 18.17 18.15 18.13 18.12 18.11 18.09 18.10 18.08 18.04 18.04 18.01 18.02 18.02 18.01 18.00 18.00 18.01 17.99 18.07 18.03 18.03 18.01 17.97 17.98 17.95 17.91 17.85 17.81 17.75 17.69 17.63 17.57 17.51 17.42 17.34 17.28 17.22 17.17 17.15 17.12 17.13 17.12 17.02 16.89 16.68 16.26 15.68 14.25 13.49 11.87 11.05 11.82 12.89 14.76 14.45 14.27
16.80 16.96 17.14 17.28 17.31 17.44 17.52 17.59 17.66 17.74 17.80 17.90 17.93 17.96 18.00 18.02 18.05 18.07 18.09 18.10 18.12 18.09 18.08 18.06 18.04 18.04 18.01 18.00 18.01 17.99 17.96 17.94 17.93 17.93 17.91 17.90 17.91 17.93 17.94 17.95 17.95 17.92 17.91 17.90 17.88 17.86 17.81 17.76 17.70 17.62 17.54 17.49 17.45 17.38 17.26 17.17 17.10 17.05 17.01 17.00 16.95 16.97 16.97 16.96 16.77 16.75 16.33 15.19 14.83 13.56 14.09 12.30 11.88 12.40 14.04 13.52 14.78
