main/data/temperature/27.06.2023.grid
ncols 886
nrows 691
xllcenter 112.0000
yllcenter -44.5000
cellsize 0.0500
nodata_value 99999.90
[rows 510 to 543 of 691, columns 693 to 769 of 886]
11.93 12.07 11.97 11.66 11.34 11.64 11.66 11.46 11.43 11.27 11.03 10.93 10.94 10.69 10.55 10.41 9.39 9.86 9.82 10.02 10.24 10.38 11.05 10.62 10.66 10.60 9.90 8.51 7.05 8.04 7.15 8.02 10.38 7.38 6.22 5.02 7.77 4.90 4.46 4.35 5.33 6.65 6.55 6.35 7.87 6.52 5.90 7.90 9.91 9.77 9.42 7.35 10.10 9.98 9.87 9.03 10.21 9.03 7.44 8.81 9.51 11.26 11.15 10.88 11.08 10.92 12.18 12.99 14.70 15.63 16.11 16.65 16.73 16.36 16.94 17.13 17.17
12.11 11.95 11.94 11.71 11.46 11.22 11.50 11.49 11.43 11.28 10.73 10.71 11.02 10.52 10.42 10.28 10.35 9.55 10.42 9.91 9.75 10.33 10.73 10.65 9.69 10.51 7.43 8.65 7.58 6.80 7.52 6.75 10.07 10.31 8.52 5.51 3.35 5.63 5.18 4.11 4.05 3.68 5.99 4.40 5.89 5.56 4.79 7.40 6.46 10.20 8.28 9.20 9.59 10.17 9.77 8.17 9.60 8.40 9.58 10.02 11.01 11.11 11.63 11.17 11.33 10.23 10.38 14.96 15.50 15.08 16.08 16.90 16.72 16.88 16.55 17.15 17.19
11.96 11.71 11.37 11.77 11.72 11.53 11.62 11.67 11.54 10.99 11.15 11.23 11.28 11.14 10.49 10.61 10.98 10.93 10.74 10.70 9.54 10.21 10.39 10.00 9.65 8.48 9.61 8.34 7.23 6.33 6.32 5.49 9.39 9.98 8.10 7.27 5.35 5.10 4.22 3.90 4.30 4.85 4.90 5.43 6.53 6.93 4.82 7.89 10.03 9.53 9.92 8.86 8.40 9.27 9.76 8.94 9.20 7.12 9.78 10.85 11.08 10.66 12.08 13.32 10.95 10.62 13.77 15.30 13.99 15.74 16.93 16.46 16.88 16.73 17.13 17.18 17.21
12.05 12.01 11.79 11.84 11.51 11.73 11.81 11.77 11.66 11.54 11.40 11.14 11.43 11.33 11.28 10.98 11.00 10.75 10.62 9.51 8.97 10.03 9.92 9.28 8.76 8.45 9.51 7.23 7.39 6.36 4.67 5.59 6.82 8.23 8.40 6.17 6.30 5.39 3.40 3.16 4.57 4.26 4.04 3.09 4.72 5.46 6.38 8.71 8.85 8.17 9.18 8.23 8.46 8.80 9.12 8.37 8.07 7.85 10.12 11.05 10.51 11.79 11.24 15.25 13.83 11.12 14.58 15.51 16.23 16.66 16.76 16.69 16.85 17.12 17.16 17.19 17.23
11.85 11.99 11.98 11.97 11.72 11.81 11.80 11.75 11.69 11.55 11.41 11.51 11.40 11.12 10.99 10.16 11.07 10.79 10.13 9.83 9.64 9.57 9.57 8.87 8.75 8.89 8.76 8.48 8.01 6.31 5.02 5.21 6.00 8.87 6.74 6.52 6.28 5.29 4.29 3.26 4.40 4.92 3.71 3.07 4.53 3.67 7.10 8.23 7.75 7.58 10.15 9.52 8.23 7.33 8.40 9.19 8.09 8.40 9.39 10.64 11.11 11.41 13.64 15.24 15.72 13.30 15.22 16.13 14.82 16.72 17.01 17.04 17.04 17.16 17.19 17.22 17.25
11.88 11.77 11.85 11.85 11.74 11.76 11.70 11.66 11.36 10.21 11.38 11.10 10.99 11.18 10.90 9.60 10.90 10.93 10.44 9.47 10.07 10.17 9.53 8.84 8.51 8.95 8.96 8.21 7.46 7.38 5.93 5.71 5.27 7.57 9.20 8.42 7.91 6.23 4.45 3.92 4.91 3.26 3.39 4.32 2.23 2.62 5.87 6.59 5.45 8.05 9.08 9.90 7.70 6.38 8.03 8.80 7.90 6.93 9.22 9.73 11.16 11.29 11.86 15.30 13.26 15.95 14.68 15.02 16.73 16.50 16.91 16.85 17.15 17.19 17.22 17.25 17.28
11.83 11.61 11.51 11.71 11.37 11.47 11.42 11.33 11.06 10.64 11.24 10.74 9.85 10.56 10.72 10.75 10.44 10.24 10.49 9.29 9.82 10.31 9.19 8.37 8.66 8.80 9.17 8.58 8.24 7.60 6.27 6.05 6.45 6.40 8.60 8.28 6.91 3.39 4.02 3.58 4.90 5.16 5.61 5.21 6.31 4.93 5.96 6.10 6.15 7.44 9.45 9.32 9.19 6.98 7.61 8.63 8.13 7.22 10.04 10.14 10.99 10.75 13.42 14.08 13.78 12.58 16.57 14.61 15.54 16.91 17.05 16.72 17.18 17.21 17.25 17.28 17.30
11.83 11.56 11.32 11.31 10.63 10.85 11.44 11.42 10.65 10.46 11.11 10.58 10.75 9.61 9.64 9.33 8.62 8.83 8.45 7.33 10.22 10.39 9.38 8.32 8.65 8.92 7.98 8.99 8.89 8.56 7.65 7.73 6.62 5.98 8.26 6.58 4.21 3.74 2.89 3.31 2.93 3.88 3.98 6.65 4.69 6.01 5.83 6.46 6.72 6.38 9.86 9.09 8.72 8.79 7.22 8.46 8.29 6.72 9.47 10.47 11.00 11.46 15.21 14.36 12.22 13.87 15.10 14.90 16.53 16.55 17.02 17.19 17.22 17.25 17.28 17.30 17.32
11.54 11.76 11.65 10.96 11.31 11.49 11.49 11.61 10.93 11.19 11.07 11.04 10.01 9.38 9.53 10.86 10.64 8.83 9.73 8.11 10.43 10.26 9.79 7.84 7.54 8.11 5.84 9.00 9.93 8.02 8.68 8.49 7.49 6.28 6.21 4.14 3.28 2.80 3.96 3.58 2.99 4.33 5.17 6.22 5.07 3.75 5.87 6.35 4.30 10.17 9.25 8.36 9.35 7.75 7.26 6.85 7.62 7.31 8.48 10.33 10.60 12.77 14.43 12.85 15.34 13.67 15.99 16.83 17.04 17.10 17.19 17.23 17.25 17.27 17.30 17.32 17.35
11.92 11.81 11.17 11.30 11.21 11.46 11.24 11.46 11.71 11.65 11.21 10.23 9.96 7.55 9.90 11.51 11.46 11.40 9.27 8.81 11.10 10.53 10.93 8.73 10.25 9.67 8.57 9.93 10.13 9.87 7.79 7.50 8.10 7.52 5.89 3.16 3.85 2.05 3.43 5.31 4.07 5.63 5.99 6.87 6.97 5.95 6.42 7.26 5.85 9.08 10.00 9.03 9.43 8.30 8.27 8.62 7.68 6.67 8.19 9.95 10.12 12.85 14.33 11.51 14.66 13.09 16.25 16.62 16.92 17.00 17.17 17.24 17.26 17.29 17.31 17.34 17.36
12.04 11.93 11.95 11.05 10.88 10.91 10.96 11.59 11.67 11.66 11.47 10.76 10.27 9.62 11.54 10.87 9.92 8.64 11.40 8.90 9.71 10.47 10.37 9.05 8.63 10.68 10.14 9.19 10.03 9.82 9.85 9.30 7.60 5.53 3.42 2.46 4.97 2.23 2.60 3.57 5.42 4.92 6.26 6.98 5.84 6.85 8.07 6.36 6.09 9.31 9.79 10.14 9.59 9.70 9.43 9.30 8.25 7.22 7.84 9.70 9.45 11.71 12.93 12.89 11.68 13.19 15.44 15.76 16.57 17.02 17.13 17.25 17.28 17.31 17.32 17.35 17.37
11.84 11.94 12.11 12.07 11.38 11.54 11.60 11.78 11.12 11.62 11.61 11.61 11.07 11.56 11.52 10.75 7.36 9.88 10.59 9.77 8.95 7.35 8.86 8.79 9.61 10.35 10.61 10.53 10.50 9.48 8.58 7.61 4.64 4.38 3.28 3.97 2.49 3.32 3.11 4.73 4.86 5.55 5.64 6.12 6.29 7.14 7.54 6.81 8.36 7.83 10.03 9.52 9.49 8.76 9.45 8.37 7.23 8.62 8.75 11.95 11.78 11.61 13.75 13.11 11.58 14.98 16.53 16.96 16.78 17.10 17.21 17.25 17.28 17.30 17.33 17.35 17.38
11.64 10.91 10.19 10.94 12.05 12.09 12.10 11.85 11.56 9.40 11.09 10.36 9.07 9.79 9.87 10.33 9.47 8.35 9.31 7.88 8.86 7.00 6.85 9.90 10.25 7.49 9.14 10.41 9.44 9.41 8.18 5.29 3.42 3.97 2.46 3.01 1.83 2.91 2.13 5.17 5.47 5.58 5.68 5.79 6.16 6.56 6.49 9.15 7.79 7.24 10.24 10.29 9.28 9.68 9.36 8.08 8.93 9.11 9.16 11.87 14.29 14.97 14.62 15.54 14.57 16.27 16.28 16.97 16.81 16.72 17.22 17.25 17.28 17.31 17.34 17.36 17.38
10.99 11.45 11.06 10.86 11.14 10.95 11.87 11.53 11.53 10.01 10.39 9.72 10.05 8.29 10.93 9.98 8.51 8.73 7.67 8.26 8.81 6.25 8.80 10.09 8.60 9.16 10.18 9.40 10.13 9.16 8.31 5.49 4.19 4.09 1.94 -0.34 1.52 3.39 3.25 4.98 5.36 4.97 5.71 5.82 5.39 6.23 7.08 9.34 8.86 9.39 9.70 10.19 10.52 10.66 10.55 10.06 9.64 9.17 11.38 13.43 15.17 15.23 16.00 14.97 15.43 16.57 16.62 16.40 16.79 17.03 17.23 17.24 17.28 17.31 17.33 17.37 17.39
11.09 10.75 10.98 9.77 9.84 11.42 11.18 11.66 11.53 11.53 11.01 11.09 11.51 10.98 9.14 10.49 8.72 7.96 8.14 8.00 9.63 9.88 10.04 9.59 9.81 9.66 9.76 8.51 10.14 9.84 8.89 7.35 3.63 1.11 1.79 0.52 1.35 2.34 3.56 5.02 6.01 4.37 4.86 5.92 5.56 5.88 8.16 8.73 9.18 9.10 9.61 10.11 9.81 8.92 10.62 7.90 9.21 9.41 12.14 12.28 14.68 15.72 16.25 16.35 14.99 16.34 16.45 16.25 17.10 16.85 17.22 17.24 17.27 17.30 17.33 17.37 17.39
10.39 9.57 9.19 10.29 8.24 10.74 11.41 11.49 11.23 11.07 10.33 8.44 11.52 10.20 10.88 8.86 6.95 6.56 7.98 8.30 9.68 9.45 8.82 8.77 8.94 8.90 9.59 8.58 9.77 8.73 9.13 7.81 3.71 1.46 2.07 -0.24 1.32 2.98 4.44 5.69 5.82 6.14 5.39 6.37 6.74 7.22 7.61 8.52 8.57 8.72 9.44 9.79 9.20 10.24 10.11 9.08 9.24 9.64 9.34 9.35 14.50 14.13 14.61 13.90 15.33 14.95 16.50 16.17 16.71 17.08 17.22 17.24 17.26 17.29 17.33 17.37 17.39
9.95 10.12 9.81 8.73 10.31 11.26 10.51 7.01 11.60 11.23 10.10 10.09 11.38 8.61 10.37 10.87 7.89 8.41 7.55 9.32 7.15 8.87 7.26 9.24 9.49 9.46 8.51 9.47 9.68 9.04 8.64 6.98 5.38 5.07 2.42 0.98 2.18 5.56 4.64 5.48 5.79 6.04 7.30 8.09 7.43 7.32 7.98 7.72 8.46 8.78 9.48 9.33 9.23 10.27 9.24 8.85 7.94 8.84 9.82 12.33 11.39 14.51 14.83 13.74 16.26 15.73 16.52 15.60 15.01 17.11 17.22 17.24 17.27 17.30 17.33 17.36 17.39
9.27 8.58 7.19 9.82 10.44 10.73 8.82 9.95 11.46 9.60 7.17 8.71 10.59 10.40 10.34 8.39 10.24 8.88 6.97 8.45 8.18 7.51 6.89 9.09 8.47 8.00 8.52 8.54 9.85 8.51 8.87 9.09 6.85 5.18 0.31 3.28 3.25 2.21 4.95 7.26 6.34 6.23 6.43 7.57 8.47 8.69 8.28 8.04 8.09 7.43 8.68 9.19 8.80 10.02 9.17 8.50 8.32 9.06 9.17 9.43 8.92 13.62 14.65 15.87 15.98 16.14 16.45 17.05 17.17 17.21 17.23 17.25 17.27 17.31 17.33 17.36 17.38
9.07 8.34 7.07 7.39 9.77 9.44 5.83 8.43 11.39 8.95 8.69 9.41 11.41 10.36 7.76 9.04 9.47 10.09 9.09 6.77 5.74 7.67 7.34 8.19 7.87 7.60 7.96 8.90 9.77 6.68 8.07 7.55 3.76 0.92 2.16 1.18 1.60 5.14 5.86 7.42 7.47 6.13 7.32 7.72 7.94 8.81 8.76 8.41 7.71 7.57 7.66 8.91 8.77 9.52 7.48 8.53 8.68 8.12 10.77 11.82 9.32 13.38 14.29 14.00 16.06 16.60 16.57 16.98 17.00 17.21 17.23 17.25 17.28 17.30 17.33 17.36 17.38
10.76 9.61 7.14 5.49 9.34 7.91 9.70 10.79 10.97 9.13 6.85 9.84 11.16 10.62 10.40 9.36 9.39 8.96 9.20 8.16 6.67 5.49 7.42 7.05 6.96 6.89 7.40 7.06 8.50 7.56 8.14 6.96 0.07 0.46 1.36 5.05 5.63 5.97 5.17 7.06 7.95 7.62 8.53 8.49 8.61 9.12 8.70 8.17 8.48 7.70 8.09 7.72 8.33 9.13 9.27 8.60 7.97 11.88 13.99 11.40 13.62 14.99 15.49 15.48 15.85 15.15 16.36 16.76 17.08 17.21 17.23 17.25 17.27 17.29 17.32 17.34 17.36
10.28 9.92 10.16 10.22 10.12 8.32 5.24 9.53 11.15 8.39 7.84 8.28 9.29 9.06 10.91 10.59 9.58 9.29 7.46 7.77 6.86 6.51 7.18 7.19 8.24 6.32 6.30 5.02 7.48 8.66 8.36 5.98 0.06 3.72 1.54 2.08 3.52 6.06 6.75 6.65 6.33 5.81 8.36 8.91 9.35 8.46 9.33 9.34 9.21 9.00 8.51 8.57 8.41 7.68 8.01 8.03 8.04 8.34 10.77 12.55 12.43 15.56 15.54 15.66 15.58 15.27 16.43 17.03 17.05 17.20 17.23 17.24 17.26 17.28 17.30 17.33 17.35
10.44 10.78 9.91 7.97 8.81 9.76 8.81 8.80 10.42 9.47 7.29 10.15 9.37 8.96 10.42 9.89 9.13 10.72 8.05 9.12 8.98 8.65 7.66 6.30 8.21 7.25 5.18 3.22 8.11 7.67 8.81 7.01 2.83 1.93 2.41 4.10 4.89 5.89 5.99 6.38 6.17 7.80 7.96 8.79 8.84 9.38 8.69 8.62 8.66 8.55 8.96 7.99 8.04 8.73 8.25 8.01 9.21 8.93 9.64 11.47 10.96 14.32 15.34 16.34 15.55 14.95 16.65 16.31 16.79 17.19 17.20 17.22 17.24 17.26 17.28 17.30 17.33
8.31 9.78 10.59 9.42 10.11 10.26 8.54 10.06 6.93 10.91 6.51 8.69 6.73 7.49 7.92 7.53 9.79 7.27 9.60 9.59 7.76 7.15 5.70 3.50 6.15 6.72 5.02 6.06 6.42 8.76 7.84 8.32 5.63 2.48 5.91 4.07 4.96 5.61 7.73 6.98 6.65 7.70 6.75 8.03 7.79 8.35 9.65 8.97 8.62 8.73 8.75 8.21 8.13 8.31 8.08 7.87 12.18 14.03 14.50 14.83 13.62 14.17 16.48 16.43 16.70 16.06 16.79 16.99 17.14 17.16 17.18 17.19 17.21 17.23 17.25 17.27 17.29
8.74 10.01 6.50 9.03 10.27 9.20 6.45 8.42 8.49 8.72 9.98 5.30 7.61 6.82 8.06 8.27 7.92 7.77 8.28 9.66 8.65 6.78 5.45 8.06 7.77 4.54 5.57 4.49 6.58 4.13 3.04 8.10 6.44 4.12 5.20 7.78 6.24 6.50 10.05 10.18 9.62 7.36 7.87 8.43 9.04 9.02 9.83 8.82 8.25 10.05 9.48 8.36 9.23 9.16 8.80 8.51 9.30 13.95 14.93 15.40 15.70 15.64 15.90 16.35 16.89 15.63 16.37 17.05 17.11 17.12 17.14 17.16 17.17 17.19 17.21 17.23 17.26
9.30 9.01 3.84 5.49 9.92 10.64 10.22 7.76 8.10 7.15 10.46 9.64 8.95 6.94 4.63 7.54 8.99 7.82 8.44 7.36 9.90 6.66 8.54 7.36 8.08 6.52 6.58 4.30 6.49 2.67 7.20 4.92 5.26 8.53 6.92 10.07 8.52 8.01 9.19 9.54 9.89 10.35 9.43 8.28 9.18 8.62 10.11 8.64 10.51 9.25 8.62 9.79 9.88 8.90 9.23 10.29 9.79 10.01 14.56 15.41 15.93 16.24 16.11 16.71 16.86 16.92 16.88 17.05 17.07 17.08 17.10 17.11 17.13 17.15 17.17 17.19 17.21
9.80 9.85 3.58 2.30 9.50 9.26 9.04 7.77 5.82 7.50 9.74 10.09 6.23 2.80 1.27 3.99 5.57 7.90 5.75 9.04 9.84 7.99 8.24 6.89 6.11 6.68 6.12 5.89 3.30 6.82 4.86 3.02 4.22 6.36 10.41 7.94 11.63 11.43 11.07 8.10 10.75 11.14 11.22 9.02 8.82 9.46 10.03 9.12 9.29 8.99 10.12 9.85 9.45 10.08 9.57 9.76 10.14 11.62 11.52 14.96 15.53 16.02 16.27 16.68 15.27 16.85 16.47 16.99 17.01 17.02 17.05 17.06 17.08 17.09 17.11 17.14 17.16
9.34 7.50 7.16 5.22 10.01 8.94 7.72 8.48 9.98 8.54 7.01 4.88 5.79 1.43 3.52 6.50 5.03 5.67 7.85 7.44 8.52 9.39 6.02 6.64 7.77 7.31 5.39 4.61 6.68 6.93 5.45 5.17 6.54 5.94 7.63 11.87 10.40 8.50 7.45 8.57 10.12 9.92 10.42 11.09 11.45 10.21 10.64 11.16 10.10 10.21 9.60 10.03 10.03 10.56 10.58 9.93 10.15 10.49 12.40 14.68 14.79 15.49 16.06 16.22 15.74 16.41 16.91 16.93 16.95 16.97 16.99 17.00 17.02 17.04 17.06 17.09 17.12
9.12 9.18 7.76 7.02 9.14 5.99 7.81 8.29 8.09 7.91 7.08 1.18 3.85 2.68 1.48 5.52 7.77 6.61 6.26 7.92 9.53 8.69 7.91 7.71 7.05 6.07 5.32 5.53 6.71 4.86 3.14 7.41 7.03 6.61 7.18 11.72 11.19 8.06 7.55 8.36 8.24 8.88 8.88 9.21 10.68 9.78 10.46 9.41 10.40 10.35 10.14 10.03 10.29 10.27 10.29 10.32 10.40 10.74 11.41 13.20 13.61 13.96 14.11 15.52 15.52 16.38 16.84 16.86 16.89 16.91 16.92 16.94 16.96 16.99 17.02 17.04 17.07
6.38 9.54 5.85 5.25 7.54 7.96 6.80 5.86 9.03 4.19 4.28 1.71 1.24 0.86 4.71 5.08 7.45 4.96 5.12 8.42 9.14 8.88 6.91 8.07 7.54 6.73 7.08 6.82 5.22 5.59 4.02 6.10 9.51 10.41 8.91 11.56 9.46 9.35 8.31 9.08 8.78 8.16 9.45 10.09 9.18 9.47 10.00 10.58 10.60 10.98 10.51 10.74 10.86 10.96 10.55 10.45 13.65 13.47 13.25 12.58 13.87 13.09 15.47 15.80 16.25 16.64 16.76 16.79 16.81 16.84 16.85 16.88 16.90 16.93 16.96 16.99 17.02
6.42 6.91 9.21 6.91 5.35 6.43 6.76 6.14 4.62 5.44 1.22 3.11 2.34 2.85 3.13 3.71 7.40 7.19 6.92 9.45 8.79 8.85 9.01 8.79 6.34 7.04 6.79 5.74 5.08 7.59 6.97 5.14 6.62 11.16 9.46 12.85 11.05 8.73 8.87 9.39 9.37 8.31 8.38 9.68 9.58 8.23 8.78 9.66 10.47 10.09 10.42 10.46 10.64 10.48 10.42 10.83 11.89 14.06 15.06 14.75 14.52 14.32 14.52 16.26 16.16 16.41 16.68 16.71 16.74 16.76 16.79 16.82 16.84 16.87 16.91 16.94 16.98
7.05 8.71 7.95 8.17 7.80 6.23 5.95 7.16 5.80 3.10 2.94 3.92 5.24 4.38 4.26 6.96 8.55 8.64 8.64 9.10 8.69 8.17 7.91 5.31 6.85 7.81 5.75 4.42 6.57 5.67 9.06 6.76 7.86 8.92 10.91 10.23 10.92 9.19 10.78 10.78 8.39 6.98 8.56 8.76 8.94 9.39 9.63 9.43 10.36 10.51 9.64 10.46 10.75 10.30 10.27 10.63 11.30 12.04 11.83 14.93 14.80 13.39 14.54 15.47 16.34 15.88 16.61 16.64 16.66 16.70 16.73 16.76 16.79 16.82 16.86 16.89 16.93
6.90 8.71 8.31 6.41 7.47 5.68 5.00 2.77 4.32 3.45 5.69 4.30 4.88 4.49 5.12 6.18 6.73 6.73 7.64 9.74 8.79 8.22 9.16 8.47 10.61 8.07 5.01 6.20 6.59 6.55 8.47 8.29 8.28 8.83 10.40 11.85 11.06 11.80 10.45 10.97 8.79 9.05 9.80 8.50 8.59 9.72 9.94 9.96 9.93 10.03 10.15 10.09 10.30 10.56 10.95 8.39 13.35 12.13 14.35 13.81 15.42 15.39 14.12 15.05 15.26 16.39 16.53 16.57 16.60 16.63 16.66 16.70 16.73 16.77 16.81 16.84 16.89
5.33 5.95 6.15 6.33 7.33 7.18 6.86 6.94 4.55 4.28 2.64 4.70 8.17 4.88 6.10 6.70 6.65 6.14 8.52 9.57 8.87 6.06 8.95 10.99 10.02 7.60 6.19 5.61 5.71 6.67 9.79 6.45 8.51 9.16 12.93 12.16 10.60 12.08 11.20 11.45 11.13 10.93 9.53 9.46 8.88 8.84 9.45 8.92 10.22 9.71 9.86 9.95 11.29 11.20 11.56 10.26 13.16 12.28 13.78 14.78 15.30 15.98 15.18 15.60 16.27 16.44 16.47 16.50 16.52 16.56 16.60 16.64 16.68 16.72 16.76 16.80 16.85
5.02 7.35 8.40 8.18 7.41 8.77 4.26 8.15 8.37 5.29 4.02 4.03 4.71 8.39 5.79 5.63 5.70 7.31 7.29 8.57 9.18 8.91 8.78 11.63 9.77 5.19 6.45 5.88 6.83 8.10 10.10 6.69 8.66 10.19 13.51 9.52 8.62 10.04 10.89 8.71 11.11 9.84 8.54 8.39 9.13 9.49 8.96 9.57 9.48 9.38 9.87 9.75 10.23 12.04 12.51 12.37 12.82 12.64 13.04 13.58 13.86 13.98 15.66 15.95 16.30 15.99 15.77 16.22 16.46 16.50 16.54 16.59 16.64 16.68 16.72 16.77 16.81
