main/data/temperature/27.05.2023.grid
ncols 886
nrows 691
xllcenter 112.0000
yllcenter -44.5000
cellsize 0.0500
nodata_value 99999.90
[rows 442 to 475 of 691, columns 616 to 692 of 886]
17.12 17.18 17.16 17.26 17.25 17.28 17.23 17.30 17.33 17.35 17.34 17.32 17.32 17.32 17.29 17.25 17.20 17.18 17.08 17.04 17.02 16.99 16.93 16.84 16.81 16.74 16.70 16.65 16.60 16.55 16.51 16.43 16.26 15.92 16.15 16.26 16.29 16.27 16.29 16.25 16.00 15.84 15.76 15.90 16.12 15.85 15.92 16.13 16.18 16.10 16.07 15.99 15.91 15.83 15.71 15.59 15.12 15.37 15.24 15.32 15.36 15.32 15.26 15.18 15.10 14.99 14.81 14.72 14.32 13.97 14.53 14.44 14.05 14.51 14.69 14.76 14.81
17.11 17.10 17.14 17.18 17.19 17.20 17.22 17.26 17.25 17.27 17.28 17.27 17.26 17.25 17.22 17.17 17.10 17.06 17.01 16.95 16.91 16.87 16.81 16.71 16.70 16.66 16.61 16.56 16.54 16.50 16.43 16.32 15.72 16.19 15.93 16.11 16.21 16.25 16.20 16.18 16.07 15.81 15.81 16.05 15.91 15.93 16.06 16.12 16.07 16.04 15.98 15.91 15.87 15.80 15.56 15.56 15.27 14.70 15.20 14.89 15.10 15.07 15.08 15.06 15.06 14.85 14.63 14.36 14.33 14.44 14.38 14.37 14.21 14.22 14.50 14.67 14.79
17.05 17.07 17.11 17.03 17.12 17.16 17.17 17.19 17.18 17.17 17.21 17.21 17.20 17.15 17.14 17.05 16.99 16.97 16.85 16.83 16.85 16.78 16.67 16.54 16.60 16.54 16.51 16.47 16.44 16.39 16.30 16.27 16.26 16.16 16.24 16.24 16.15 16.18 16.17 16.08 15.99 15.82 16.00 16.00 15.88 15.92 16.05 16.08 16.00 15.94 15.91 15.83 15.79 15.64 15.64 15.49 15.28 14.81 14.88 14.87 14.96 14.88 14.90 14.96 14.80 14.79 14.39 14.47 14.50 14.41 14.23 13.81 14.06 14.31 14.41 14.40 14.65
17.02 17.03 17.07 17.06 17.07 17.09 17.07 17.13 17.15 17.15 17.14 17.15 17.12 17.06 17.08 16.99 16.88 16.89 16.82 16.79 16.74 16.68 16.56 16.52 16.50 16.44 16.44 16.40 16.35 16.40 16.29 16.23 15.97 16.03 16.10 16.08 16.11 16.06 16.10 16.08 16.06 16.04 16.05 15.93 15.90 15.87 16.03 16.00 15.96 15.87 15.81 15.76 15.73 15.58 15.41 15.40 15.29 15.07 14.59 14.97 14.88 14.79 14.78 14.65 14.68 14.71 14.68 14.60 14.49 14.40 14.30 14.04 14.04 14.07 14.21 14.43 14.56
16.99 17.01 17.05 17.05 17.07 17.05 17.04 17.09 17.09 17.07 17.08 17.04 17.05 17.00 17.00 16.89 16.88 16.80 16.74 16.72 16.64 16.57 16.49 16.44 16.40 16.34 16.34 16.33 16.26 16.23 16.21 16.18 16.05 15.87 15.97 15.99 16.04 16.06 15.99 15.96 15.95 15.98 16.00 15.79 15.70 15.97 15.94 15.90 15.83 15.79 15.71 15.67 15.63 15.54 15.46 15.41 15.30 15.18 14.95 15.04 14.68 14.79 14.60 14.53 14.43 14.42 14.53 14.40 14.33 14.28 14.16 14.11 13.78 13.83 13.95 14.12 14.45
16.97 16.99 16.98 17.00 17.02 17.02 17.03 17.04 17.05 17.00 17.00 16.97 16.97 16.93 16.86 16.84 16.75 16.72 16.68 16.58 16.50 16.48 16.42 16.36 16.30 16.25 16.29 16.22 16.18 16.15 16.11 16.09 16.07 16.03 15.99 16.00 15.88 15.97 15.94 15.92 15.90 15.91 15.91 15.72 15.33 15.77 15.81 15.75 15.76 15.72 15.66 15.60 15.56 15.48 15.35 15.33 15.26 15.18 15.06 14.93 14.80 14.79 14.63 14.40 14.02 14.33 14.41 14.32 14.11 13.97 14.03 13.82 13.69 13.83 13.53 13.87 14.31
16.94 16.96 16.97 16.96 17.00 16.96 17.01 17.00 16.99 16.97 16.94 16.93 16.88 16.91 16.81 16.83 16.68 16.66 16.55 16.57 16.45 16.40 16.35 16.25 16.26 16.23 16.22 16.19 16.14 16.10 16.08 16.03 15.99 15.98 15.90 15.87 15.95 15.92 15.94 15.91 15.88 15.83 15.82 15.74 15.62 15.51 15.75 15.73 15.73 15.67 15.63 15.59 15.52 15.42 15.22 15.13 15.02 15.02 14.89 14.62 14.73 14.67 14.54 13.92 13.97 14.34 14.15 14.36 14.15 13.99 13.86 13.75 13.68 13.58 14.10 14.18 14.32
16.94 16.91 16.98 17.00 17.02 16.97 16.97 16.91 16.98 16.93 16.96 16.96 16.87 16.81 16.78 16.70 16.65 16.58 16.51 16.47 16.41 16.35 16.21 16.19 16.21 16.15 16.16 16.13 16.08 16.05 15.99 15.98 15.90 15.87 15.87 15.90 15.92 15.89 15.97 15.74 15.84 15.84 15.68 15.67 15.65 15.41 15.60 15.57 15.66 15.63 15.58 15.53 15.48 15.37 15.22 15.06 14.73 14.89 14.71 14.45 14.52 14.47 14.12 14.00 14.31 14.46 14.35 14.32 14.23 14.14 14.06 13.91 13.76 13.63 14.27 14.35 14.42
16.87 16.90 16.95 16.92 16.91 16.98 16.96 16.94 16.94 16.88 16.86 16.91 16.81 16.82 16.74 16.65 16.62 16.53 16.51 16.45 16.35 16.16 15.71 16.06 16.27 16.09 16.11 16.09 16.01 16.01 15.98 15.94 15.85 15.85 15.88 15.81 15.79 15.87 15.84 15.81 15.80 15.80 15.68 15.66 15.54 15.62 15.64 15.51 15.64 15.61 15.54 15.50 15.41 15.31 15.15 15.06 14.96 14.67 14.63 14.78 14.59 14.33 14.31 14.32 14.46 14.46 14.41 14.31 14.15 14.07 13.99 13.72 13.49 14.15 14.37 14.51 14.40
16.86 16.96 16.89 16.93 16.96 16.94 16.95 16.92 16.95 16.91 16.88 16.84 16.88 16.70 16.68 16.54 16.53 16.50 16.47 16.39 16.21 15.74 16.00 16.17 16.17 16.05 16.09 16.00 15.93 15.90 15.93 15.89 15.79 15.81 15.86 15.74 15.77 15.78 15.76 15.77 15.78 15.73 15.64 15.63 15.48 15.66 15.64 15.16 15.52 15.53 15.48 15.42 15.33 15.25 15.18 14.91 14.85 14.26 14.92 14.78 14.78 14.30 14.15 14.54 14.54 14.48 14.44 14.38 14.32 14.20 14.20 14.15 13.94 14.03 14.29 14.59 14.60
16.92 16.90 16.97 16.82 16.88 16.94 16.98 16.95 16.91 16.85 16.84 16.88 16.75 16.73 16.63 16.62 16.49 16.45 16.40 16.33 16.06 16.09 16.10 16.06 15.97 15.91 16.12 16.06 15.96 15.85 15.85 15.84 15.76 15.73 15.76 15.76 15.64 15.73 15.69 15.66 15.72 15.61 15.65 15.63 15.63 15.68 15.58 15.26 15.51 15.47 15.43 15.36 15.28 15.21 15.04 14.99 14.39 14.62 14.98 14.83 14.54 14.37 14.49 14.60 14.58 14.53 14.48 14.43 14.41 14.22 14.21 14.11 13.79 13.31 14.22 14.60 14.67
16.89 16.91 16.86 16.80 16.89 16.93 16.94 16.81 16.93 16.91 16.89 16.77 16.72 16.71 16.67 16.53 16.47 16.47 16.30 16.32 16.15 16.11 16.02 16.06 16.03 15.98 16.03 16.01 15.90 15.86 15.86 15.82 15.71 15.70 15.71 15.73 15.69 15.63 15.59 15.65 15.59 15.55 15.62 15.51 15.56 15.55 15.57 15.42 15.48 15.48 15.35 15.32 15.23 15.11 15.00 14.77 14.61 13.94 14.96 14.64 14.56 14.40 14.30 14.60 14.58 14.55 14.51 14.47 14.40 14.20 14.24 14.09 14.10 14.12 14.41 14.53 14.70
16.90 16.94 16.80 16.88 16.96 16.92 16.96 16.95 16.86 16.87 16.83 16.74 16.69 16.75 16.63 16.53 16.42 16.43 16.35 16.29 16.00 15.87 16.01 16.06 15.96 16.01 15.92 15.91 15.89 15.86 15.82 15.76 15.69 15.71 15.71 15.65 15.67 15.62 15.52 15.61 15.58 15.55 15.51 15.39 15.50 15.48 15.47 15.44 15.39 15.39 15.30 15.25 15.14 15.07 14.86 14.59 14.02 14.82 14.89 14.64 14.32 14.18 14.33 14.32 14.60 14.58 14.53 14.47 14.25 13.58 14.09 14.31 14.37 14.33 14.19 14.17 14.58
16.88 16.90 16.80 16.98 16.87 16.90 16.90 16.87 16.87 16.78 16.75 16.75 16.66 16.64 16.61 16.31 16.38 16.37 16.31 16.23 15.86 15.87 16.08 16.00 15.94 15.89 15.92 15.85 15.85 15.78 15.78 15.81 15.70 15.65 15.65 15.65 15.57 15.52 15.52 15.58 15.47 15.53 15.35 15.42 15.47 15.43 15.43 15.30 14.97 15.26 15.21 15.07 14.98 14.83 14.68 14.52 14.92 15.02 14.90 14.75 14.46 14.20 14.27 14.32 14.61 14.61 14.56 14.49 14.39 14.24 14.23 14.45 14.43 14.14 14.20 13.33 14.42
16.93 16.96 16.93 16.93 16.89 16.89 16.92 16.85 16.83 16.76 16.73 16.75 16.77 16.66 16.56 16.37 16.43 16.29 16.26 16.24 16.09 16.11 16.10 15.96 15.91 16.00 15.95 15.80 15.82 15.76 15.72 15.79 15.72 15.60 15.66 15.61 15.51 15.51 15.49 15.52 15.45 15.51 15.43 15.42 15.46 15.37 15.33 15.18 14.94 15.00 14.97 14.83 14.42 14.00 14.37 14.40 14.93 14.89 14.90 14.77 14.68 14.60 14.58 14.63 14.66 14.65 14.61 14.54 14.34 14.09 14.39 14.54 14.36 14.28 14.61 14.74 14.74
16.94 16.91 16.93 16.90 16.87 16.90 16.91 16.85 16.81 16.81 16.77 16.74 16.67 16.54 16.35 16.39 16.42 16.40 16.36 16.24 16.17 16.12 16.16 16.06 15.91 16.03 15.93 15.88 15.74 15.74 15.71 15.72 15.70 15.67 15.59 15.55 15.51 15.49 15.45 15.48 15.46 15.40 15.39 15.41 15.40 15.38 15.31 15.27 15.23 15.15 15.00 14.52 14.75 14.63 14.58 14.63 14.86 14.99 14.88 14.55 14.70 14.28 14.47 14.59 14.65 14.65 14.65 14.65 14.52 14.18 14.61 14.67 14.65 14.72 14.77 14.91 14.96
16.88 16.89 16.88 16.83 16.84 16.81 16.75 16.81 16.75 16.73 16.81 16.72 16.57 16.44 16.48 16.50 16.46 16.46 16.36 16.30 16.24 16.20 16.10 15.96 15.99 15.98 15.87 15.88 15.80 15.76 15.71 15.66 15.62 15.64 15.53 15.55 15.49 15.48 15.43 15.43 15.41 15.43 15.38 15.41 15.36 15.33 15.28 15.25 15.20 15.14 15.04 14.95 14.81 14.80 14.42 14.57 13.82 14.95 14.91 14.82 14.68 14.28 14.51 14.55 14.47 14.71 14.71 14.67 14.43 14.00 14.50 14.73 14.78 14.88 14.96 15.00 15.06
16.85 16.88 16.85 16.84 16.85 16.61 16.72 16.82 16.82 16.76 16.77 16.67 16.47 16.51 16.47 16.54 16.51 16.46 16.40 16.31 16.29 16.18 16.04 16.00 16.01 15.90 15.93 15.92 15.82 15.78 15.74 15.66 15.57 15.55 15.54 15.51 15.49 15.47 15.41 15.39 15.38 15.37 15.32 15.34 15.37 15.29 15.26 15.22 15.17 15.16 14.67 14.65 14.80 14.62 14.25 14.79 14.89 14.90 14.87 14.84 14.77 14.70 14.62 14.68 14.53 14.72 14.72 14.50 14.55 14.38 14.37 14.72 14.79 14.94 15.03 15.15 15.07
16.87 16.85 16.83 16.79 16.68 16.58 16.81 16.74 16.80 16.71 16.63 16.58 16.45 16.51 16.51 16.58 16.61 16.58 16.39 16.31 16.26 16.17 16.11 16.05 15.91 15.93 15.95 15.88 15.83 15.79 15.72 15.63 15.60 15.59 15.54 15.49 15.48 15.45 15.41 15.37 15.34 15.32 15.29 15.29 15.28 15.28 15.26 15.21 15.19 15.12 14.92 14.75 14.33 15.08 15.05 15.01 14.94 14.92 14.88 14.86 14.84 14.80 14.78 14.75 14.70 14.75 14.75 14.73 14.66 14.54 14.80 14.85 14.95 15.02 15.10 15.04 15.03
16.86 16.90 16.79 16.80 16.54 16.67 16.80 16.80 16.78 16.67 16.47 16.53 16.46 16.50 16.60 16.67 16.60 16.48 16.39 16.32 16.17 16.22 16.13 16.06 15.99 15.97 15.92 15.87 15.82 15.71 15.64 15.64 15.60 15.59 15.56 15.52 15.45 15.44 15.38 15.35 15.31 15.26 15.25 15.24 15.23 15.18 15.19 15.18 15.18 15.15 15.07 15.08 13.82 15.03 15.01 15.00 14.95 14.89 14.87 14.83 14.82 14.80 14.77 14.73 14.69 14.68 14.73 14.75 14.80 14.70 14.90 14.97 15.00 15.06 15.08 15.11 15.13
16.83 16.83 16.79 16.59 16.66 16.74 16.76 16.78 16.69 16.57 16.46 16.53 16.56 16.67 16.62 16.65 16.54 16.51 16.28 16.32 16.20 16.23 16.16 16.09 16.05 15.98 15.93 15.86 15.80 15.74 15.70 15.66 15.60 15.54 15.51 15.48 15.42 15.38 15.35 15.29 15.26 15.24 15.22 15.20 15.18 15.15 15.15 15.13 15.13 15.12 15.11 15.10 15.04 15.03 14.99 14.97 14.95 14.90 14.85 14.81 14.79 14.78 14.76 14.72 14.67 14.09 14.75 14.76 14.81 14.69 14.96 14.98 15.04 15.07 15.09 15.13 15.12
16.82 16.69 16.72 16.64 16.74 16.76 16.74 16.78 16.65 16.46 16.61 16.69 16.64 16.72 16.64 16.57 16.55 16.40 16.17 16.36 16.30 16.20 16.18 16.12 16.03 16.00 15.91 15.86 15.76 15.72 15.65 15.64 15.59 15.51 15.46 15.43 15.39 15.37 15.29 15.25 15.21 15.22 15.19 15.17 15.17 15.15 15.10 15.09 15.12 15.10 15.08 15.05 15.02 14.98 14.96 14.95 14.93 14.89 14.82 14.78 14.76 14.76 14.77 14.71 14.44 14.68 14.75 14.78 14.83 14.80 14.98 15.03 15.06 15.09 15.06 15.04 15.08
16.77 16.65 16.68 16.64 16.77 16.86 16.73 16.64 16.60 16.57 16.66 16.65 16.62 16.63 16.63 16.52 16.41 15.87 16.41 16.36 16.26 16.23 16.17 16.09 16.00 16.03 15.88 15.86 15.74 15.70 15.62 15.61 15.56 15.53 15.44 15.39 15.36 15.32 15.25 15.22 15.16 15.20 15.19 15.16 15.14 15.14 15.13 15.12 15.12 15.09 15.06 15.03 14.99 14.95 14.95 14.92 14.90 14.86 14.81 14.77 14.76 14.77 14.70 14.64 14.54 14.55 14.73 14.81 14.60 14.97 15.02 15.05 15.09 15.14 15.06 14.91 15.00
16.75 16.65 16.67 16.68 16.67 16.75 16.65 16.62 16.65 16.70 16.66 16.63 16.61 16.58 16.63 16.51 16.44 16.48 16.44 16.36 16.27 16.27 16.21 16.14 16.07 15.95 15.94 15.81 15.74 15.67 15.59 15.57 15.53 15.49 15.41 15.37 15.32 15.27 15.22 15.20 15.14 15.13 15.14 15.13 15.16 15.15 15.13 15.13 15.12 15.07 15.05 15.01 14.97 14.94 14.93 14.91 14.90 14.88 14.83 14.78 14.75 14.79 14.70 14.71 14.61 14.73 14.86 14.87 14.66 14.98 15.01 15.07 15.13 15.16 15.07 14.79 14.97
16.71 16.64 16.71 16.73 16.65 16.62 16.64 16.67 16.72 16.67 16.67 16.59 16.60 16.54 16.54 16.53 16.51 16.48 16.43 16.38 16.32 16.27 16.20 16.15 16.07 15.97 15.92 15.81 15.75 15.65 15.64 15.61 15.54 15.47 15.42 15.37 15.34 15.28 15.21 15.19 15.17 15.17 15.15 15.18 15.16 15.15 15.14 15.12 15.11 15.08 15.05 15.04 15.01 14.98 14.96 14.88 14.91 14.84 14.91 14.92 14.92 14.87 14.85 14.83 14.73 14.76 14.91 14.87 14.84 14.92 14.90 15.00 15.16 15.20 15.10 14.94 14.94
16.69 16.76 16.69 16.64 16.56 16.55 16.67 16.54 16.63 16.66 16.66 16.63 16.63 16.62 16.53 16.51 16.49 16.46 16.45 16.38 16.33 16.24 16.20 16.15 16.06 15.97 15.92 15.81 15.72 15.74 15.65 15.61 15.53 15.46 15.43 15.37 15.34 15.29 15.22 15.23 15.21 15.19 15.21 15.20 15.20 15.18 15.16 15.14 15.11 15.08 15.07 15.06 15.03 15.00 14.96 14.94 14.93 14.95 14.92 14.94 14.85 14.98 14.99 14.91 14.89 14.84 14.97 14.56 14.07 14.64 14.80 15.16 15.12 15.22 15.16 15.13 14.98
16.64 16.55 16.55 16.45 16.31 16.63 16.63 16.62 16.62 16.55 16.67 16.53 16.61 16.53 16.49 16.53 16.43 16.46 16.39 16.35 16.40 16.22 16.21 16.14 16.08 16.01 15.91 15.84 15.75 15.75 15.67 15.61 15.55 15.49 15.42 15.35 15.32 15.30 15.28 15.25 15.24 15.26 15.25 15.24 15.23 15.21 15.19 15.17 15.14 15.14 15.09 15.09 15.06 15.02 15.02 14.99 14.98 14.95 14.89 14.92 14.83 14.74 14.94 15.09 15.04 15.07 15.03 14.47 14.01 14.68 14.39 15.09 15.20 15.21 15.17 14.94 15.01
16.62 16.52 16.35 16.33 16.37 16.61 16.61 16.61 16.61 16.59 16.53 16.54 16.48 16.59 16.54 16.50 16.44 16.40 16.36 16.32 16.28 16.23 16.19 16.15 16.07 15.95 15.91 15.85 15.79 15.75 15.67 15.64 15.59 15.48 15.43 15.36 15.35 15.35 15.34 15.33 15.33 15.31 15.32 15.30 15.27 15.24 15.24 15.22 15.20 15.20 15.17 15.14 15.12 15.08 15.07 15.07 15.07 15.07 15.06 15.01 14.91 14.64 14.34 15.09 15.09 14.99 15.09 15.13 15.09 14.99 14.59 15.14 15.18 15.22 15.16 15.06 14.91
16.54 16.47 16.61 16.67 16.60 16.60 16.63 16.64 16.58 16.58 16.56 16.46 16.50 16.51 16.49 16.42 16.40 16.38 16.40 16.32 16.27 16.26 16.20 16.11 16.08 15.99 15.93 15.85 15.82 15.76 15.68 15.64 15.57 15.54 15.49 15.42 15.43 15.41 15.41 15.37 15.37 15.36 15.37 15.35 15.32 15.31 15.28 15.27 15.26 15.25 15.22 15.18 15.18 15.17 15.16 15.17 15.20 15.24 15.22 15.15 15.03 14.78 14.37 15.22 15.24 15.17 15.20 15.26 15.26 14.97 14.59 15.16 15.27 15.28 15.17 15.08 14.91
16.44 16.35 16.42 16.54 16.59 16.59 16.65 16.59 16.57 16.56 16.51 16.56 16.44 16.51 16.42 16.28 16.40 16.38 16.35 16.34 16.31 16.24 16.15 16.13 16.06 16.01 15.96 15.89 15.82 15.78 15.72 15.65 15.62 15.58 15.55 15.55 15.52 15.49 15.46 15.45 15.43 15.40 15.40 15.38 15.37 15.35 15.33 15.34 15.32 15.30 15.28 15.28 15.26 15.28 15.28 15.29 15.34 15.37 15.40 15.35 15.22 14.90 14.82 14.81 15.35 15.26 14.86 15.32 15.35 15.37 15.39 15.35 15.29 15.30 15.25 15.11 15.03
16.44 16.42 16.54 16.64 16.61 16.56 16.56 16.63 16.51 16.58 16.54 16.46 16.46 16.40 16.28 16.27 16.50 16.40 16.34 16.31 16.29 16.20 16.19 16.09 16.05 16.04 15.99 15.92 15.87 15.81 15.73 15.72 15.69 15.65 15.62 15.61 15.59 15.55 15.53 15.51 15.50 15.46 15.44 15.44 15.40 15.41 15.40 15.39 15.36 15.37 15.37 15.37 15.37 15.38 15.41 15.43 15.47 15.51 15.56 15.55 15.42 15.26 14.75 15.32 15.35 15.31 15.16 15.31 15.33 15.18 15.24 15.34 15.34 15.31 15.27 15.16 15.03
16.35 16.55 16.58 16.64 16.53 16.56 16.56 16.52 16.52 16.45 16.50 16.40 16.37 16.27 16.19 16.47 16.42 16.38 16.34 16.30 16.26 16.27 16.17 16.14 16.09 16.05 16.01 15.97 15.92 15.87 15.83 15.79 15.78 15.73 15.70 15.68 15.64 15.62 15.60 15.57 15.55 15.55 15.52 15.49 15.50 15.44 15.43 15.43 15.44 15.46 15.47 15.47 15.50 15.52 15.54 15.56 15.63 15.68 15.70 15.70 15.66 15.54 14.66 15.42 15.50 15.26 14.91 15.17 15.04 14.77 14.96 14.90 15.20 15.25 15.28 15.19 15.04
16.35 16.70 16.67 16.61 16.48 16.52 16.44 16.54 16.44 16.43 16.38 16.31 16.31 16.18 16.06 16.40 16.40 16.42 16.30 16.31 16.29 16.27 16.21 16.14 16.10 16.07 16.04 16.00 15.96 15.91 15.88 15.86 15.83 15.79 15.77 15.75 15.71 15.69 15.66 15.65 15.63 15.62 15.60 15.58 15.55 15.54 15.51 15.54 15.54 15.55 15.58 15.61 15.63 15.66 15.68 15.72 15.79 15.81 15.80 15.80 15.80 15.79 15.54 15.33 15.55 15.53 15.22 14.87 14.65 14.07 14.17 14.95 14.85 15.20 15.23 15.11 14.93
16.53 16.61 16.71 16.70 16.50 16.51 16.49 16.49 16.51 16.40 16.29 16.24 16.23 16.09 16.17 16.46 16.40 16.37 16.36 16.33 16.30 16.27 16.24 16.19 16.14 16.11 16.05 16.03 16.01 15.98 15.96 15.92 15.89 15.87 15.82 15.80 15.78 15.77 15.72 15.73 15.72 15.69 15.69 15.69 15.66 15.65 15.65 15.63 15.65 15.68 15.71 15.73 15.75 15.79 15.84 15.89 15.94 15.92 15.87 15.84 15.83 15.76 15.72 15.67 15.56 15.39 15.15 15.31 14.91 14.20 14.17 14.60 15.23 15.20 15.20 15.07 15.00
