main/data/temperature/27.12.2023.grid
ncols 886
nrows 691
xllcenter 112.0000
yllcenter -44.5000
cellsize 0.0500
nodata_value 99999.90
[rows 34 to 67 of 691, columns 231 to 307 of 886]
33.19 33.19 33.20 33.19 33.18 33.19 33.18 33.17 33.17 33.16 33.15 33.13 33.13 33.12 33.10 33.09 33.08 33.07 33.05 33.03 33.02 33.00 32.99 32.97 32.96 32.94 32.92 32.90 32.89 32.87 32.85 32.83 32.82 32.82 32.82 32.82 32.82 32.83 32.84 32.84 32.85 32.85 32.86 32.87 32.87 32.88 32.89 32.90 32.92 32.92 32.94 32.95 32.95 32.97 32.99 33.00 33.01 33.03 33.05 33.06 33.08 33.09 33.11 33.12 33.14 33.16 33.17 33.19 33.20 33.22 33.23 33.24 33.25 33.26 33.28 33.29 33.31
33.21 33.21 33.20 33.20 33.20 33.19 33.19 33.18 33.17 33.15 33.15 33.14 33.12 33.12 33.10 33.09 33.08 33.06 33.04 33.02 33.01 32.99 32.97 32.95 32.94 32.92 32.90 32.88 32.86 32.85 32.83 32.82 32.82 32.83 32.83 32.83 32.83 32.84 32.85 32.85 32.86 32.86 32.86 32.88 32.88 32.90 32.90 32.91 32.93 32.94 32.96 32.97 32.99 33.01 33.03 33.04 33.06 33.08 33.09 33.11 33.12 33.14 33.15 33.17 33.19 33.20 33.21 33.22 33.24 33.25 33.27 33.28 33.29 33.30 33.32 33.33 33.35
33.22 33.22 33.21 33.21 33.21 33.20 33.19 33.18 33.17 33.16 33.15 33.14 33.13 33.11 33.10 33.08 33.07 33.06 33.04 33.02 32.99 32.98 32.96 32.94 32.92 32.90 32.88 32.86 32.84 32.84 32.83 32.83 32.83 32.84 32.84 32.84 32.85 32.85 32.85 32.85 32.87 32.87 32.87 32.89 32.90 32.92 32.93 32.95 32.97 32.99 33.00 33.01 33.03 33.05 33.06 33.08 33.09 33.12 33.14 33.15 33.16 33.17 33.19 33.21 33.22 33.24 33.26 33.27 33.29 33.29 33.31 33.32 33.34 33.34 33.36 33.37 33.39
33.23 33.23 33.22 33.22 33.21 33.21 33.20 33.19 33.18 33.17 33.15 33.15 33.13 33.11 33.10 33.08 33.06 33.05 33.03 33.01 32.98 32.97 32.95 32.92 32.90 32.88 32.86 32.84 32.84 32.84 32.84 32.84 32.85 32.85 32.85 32.85 32.86 32.86 32.86 32.86 32.88 32.89 32.91 32.92 32.93 32.96 32.97 32.99 33.00 33.02 33.04 33.06 33.07 33.09 33.11 33.12 33.14 33.15 33.17 33.19 33.20 33.22 33.24 33.26 33.27 33.29 33.29 33.31 33.33 33.34 33.36 33.37 33.38 33.40 33.40 33.41 33.43
33.24 33.24 33.23 33.23 33.22 33.21 33.21 33.19 33.18 33.17 33.16 33.15 33.13 33.11 33.10 33.08 33.06 33.03 33.02 33.00 32.97 32.96 32.93 32.90 32.88 32.87 32.86 32.85 32.85 32.86 32.85 32.85 32.86 32.86 32.86 32.86 32.87 32.87 32.88 32.90 32.91 32.92 32.95 32.96 32.98 32.99 33.01 33.03 33.04 33.06 33.08 33.09 33.12 33.13 33.15 33.17 33.18 33.20 33.22 33.23 33.25 33.27 33.28 33.30 33.31 33.33 33.34 33.36 33.38 33.38 33.40 33.42 33.42 33.44 33.45 33.46 33.47
33.25 33.25 33.25 33.23 33.23 33.22 33.21 33.20 33.18 33.18 33.16 33.14 33.13 33.11 33.09 33.07 33.05 33.03 33.01 32.98 32.96 32.94 32.91 32.89 32.88 32.87 32.87 32.86 32.87 32.87 32.86 32.86 32.87 32.87 32.87 32.88 32.89 32.90 32.92 32.94 32.95 32.97 32.98 33.00 33.02 33.03 33.05 33.07 33.09 33.10 33.12 33.14 33.15 33.17 33.20 33.21 33.23 33.25 33.26 33.28 33.30 33.32 33.32 33.34 33.36 33.38 33.39 33.40 33.42 33.43 33.45 33.46 33.47 33.48 33.49 33.51 33.51
33.27 33.26 33.25 33.25 33.23 33.23 33.21 33.21 33.19 33.17 33.16 33.14 33.13 33.11 33.08 33.07 33.04 33.03 33.00 32.97 32.94 32.93 32.90 32.88 32.89 32.88 32.88 32.88 32.88 32.88 32.87 32.88 32.88 32.88 32.90 32.91 32.92 32.94 32.96 32.97 32.99 33.01 33.02 33.04 33.06 33.08 33.09 33.11 33.13 33.15 33.16 33.18 33.20 33.21 33.23 33.25 33.27 33.29 33.31 33.32 33.34 33.35 33.37 33.39 33.41 33.43 33.43 33.45 33.47 33.49 33.49 33.51 33.52 33.53 33.54 33.55 33.57
33.27 33.27 33.26 33.26 33.24 33.24 33.22 33.21 33.20 33.18 33.16 33.14 33.13 33.11 33.08 33.06 33.04 33.02 32.99 32.96 32.94 32.91 32.90 32.90 32.90 32.90 32.89 32.90 32.89 32.89 32.89 32.89 32.90 32.92 32.94 32.95 32.96 32.99 33.00 33.01 33.03 33.05 33.07 33.08 33.10 33.12 33.13 33.15 33.17 33.19 33.21 33.22 33.24 33.26 33.28 33.30 33.31 33.33 33.35 33.37 33.39 33.40 33.42 33.44 33.46 33.47 33.48 33.50 33.52 33.53 33.55 33.55 33.57 33.58 33.59 33.61 33.61
33.29 33.29 33.27 33.27 33.25 33.25 33.23 33.22 33.20 33.18 33.17 33.14 33.13 33.10 33.08 33.06 33.03 33.01 32.98 32.95 32.93 32.92 32.92 32.92 32.91 32.91 32.91 32.91 32.90 32.91 32.91 32.92 32.95 32.96 32.97 32.99 33.01 33.02 33.04 33.06 33.07 33.10 33.11 33.12 33.14 33.16 33.18 33.20 33.21 33.23 33.25 33.27 33.29 33.31 33.32 33.34 33.36 33.38 33.40 33.42 33.43 33.45 33.47 33.49 33.51 33.52 33.54 33.56 33.56 33.58 33.60 33.61 33.62 33.63 33.65 33.65 33.67
33.30 33.29 33.29 33.28 33.26 33.26 33.24 33.22 33.21 33.18 33.17 33.14 33.13 33.10 33.08 33.05 33.02 33.00 32.97 32.95 32.94 32.94 32.94 32.93 32.93 32.93 32.93 32.92 32.93 32.94 32.95 32.97 32.98 33.00 33.01 33.03 33.05 33.06 33.08 33.10 33.11 33.13 33.15 33.17 33.18 33.20 33.22 33.24 33.26 33.27 33.29 33.32 33.33 33.35 33.37 33.39 33.41 33.43 33.45 33.47 33.48 33.50 33.52 33.54 33.55 33.57 33.59 33.61 33.62 33.64 33.65 33.66 33.67 33.69 33.69 33.71 33.72
33.32 33.30 33.30 33.28 33.27 33.26 33.24 33.23 33.21 33.20 33.17 33.15 33.12 33.10 33.07 33.04 33.02 32.99 32.98 32.96 32.96 32.96 32.95 32.95 32.95 32.94 32.94 32.95 32.96 32.97 33.00 33.01 33.02 33.05 33.06 33.07 33.10 33.11 33.12 33.15 33.16 33.17 33.19 33.21 33.23 33.24 33.26 33.28 33.30 33.32 33.34 33.35 33.38 33.40 33.42 33.44 33.46 33.48 33.50 33.52 33.54 33.55 33.58 33.59 33.60 33.62 33.64 33.65 33.67 33.69 33.70 33.72 33.73 33.74 33.75 33.76 33.77
33.33 33.32 33.31 33.29 33.28 33.26 33.25 33.24 33.21 33.20 33.17 33.15 33.12 33.10 33.07 33.05 33.01 32.99 32.99 32.98 32.98 32.98 32.98 32.97 32.96 32.97 32.97 32.98 33.01 33.02 33.03 33.05 33.07 33.08 33.10 33.12 33.13 33.15 33.17 33.18 33.21 33.22 33.23 33.26 33.27 33.29 33.30 33.33 33.35 33.37 33.38 33.40 33.42 33.45 33.47 33.48 33.50 33.52 33.54 33.56 33.59 33.61 33.63 33.64 33.66 33.68 33.70 33.71 33.73 33.75 33.76 33.78 33.78 33.79 33.81 33.82 33.83
33.34 33.33 33.32 33.30 33.29 33.28 33.26 33.24 33.22 33.20 33.17 33.15 33.12 33.10 33.06 33.04 33.02 33.01 33.01 33.01 33.00 33.00 32.99 32.99 32.99 33.00 33.01 33.03 33.05 33.06 33.08 33.10 33.11 33.13 33.15 33.16 33.18 33.20 33.21 33.23 33.25 33.26 33.28 33.29 33.32 33.33 33.35 33.37 33.39 33.41 33.43 33.45 33.47 33.49 33.51 33.53 33.55 33.58 33.59 33.62 33.64 33.66 33.68 33.69 33.71 33.73 33.75 33.76 33.78 33.80 33.81 33.83 33.84 33.85 33.87 33.88 33.88
33.35 33.34 33.33 33.31 33.30 33.29 33.27 33.25 33.23 33.20 33.18 33.15 33.13 33.09 33.07 33.04 33.04 33.03 33.04 33.03 33.03 33.02 33.01 33.02 33.02 33.05 33.06 33.07 33.10 33.11 33.12 33.15 33.16 33.17 33.20 33.21 33.22 33.24 33.26 33.27 33.29 33.31 33.33 33.34 33.37 33.38 33.40 33.41 33.43 33.46 33.48 33.50 33.51 33.53 33.55 33.58 33.60 33.62 33.65 33.67 33.69 33.71 33.73 33.75 33.77 33.79 33.81 33.82 33.84 33.86 33.87 33.89 33.90 33.91 33.93 33.94 33.94
33.37 33.35 33.35 33.33 33.31 33.30 33.28 33.26 33.24 33.21 33.18 33.15 33.13 33.10 33.07 33.07 33.06 33.06 33.05 33.05 33.04 33.04 33.04 33.05 33.07 33.08 33.11 33.12 33.13 33.16 33.17 33.18 33.21 33.22 33.23 33.26 33.27 33.28 33.31 33.32 33.33 33.36 33.37 33.39 33.40 33.43 33.44 33.46 33.48 33.50 33.52 33.54 33.56 33.58 33.60 33.62 33.65 33.68 33.70 33.72 33.74 33.77 33.79 33.80 33.82 33.85 33.87 33.88 33.90 33.92 33.93 33.95 33.96 33.97 33.99 34.00 34.01
33.39 33.37 33.36 33.35 33.32 33.31 33.29 33.26 33.24 33.22 33.18 33.16 33.13 33.10 33.10 33.09 33.09 33.08 33.08 33.07 33.07 33.07 33.08 33.10 33.12 33.13 33.15 33.17 33.18 33.20 33.22 33.23 33.25 33.27 33.28 33.30 33.32 33.33 33.35 33.37 33.38 33.40 33.42 33.43 33.45 33.47 33.49 33.51 33.53 33.54 33.56 33.58 33.61 33.63 33.65 33.67 33.70 33.72 33.74 33.76 33.80 33.82 33.83 33.86 33.88 33.90 33.93 33.95 33.96 33.98 33.99 34.01 34.02 34.03 34.05 34.06 34.07
33.40 33.38 33.37 33.36 33.33 33.31 33.30 33.28 33.24 33.22 33.20 33.16 33.14 33.13 33.12 33.12 33.11 33.11 33.11 33.10 33.10 33.11 33.13 33.15 33.16 33.18 33.20 33.22 33.23 33.25 33.27 33.28 33.30 33.31 33.33 33.35 33.36 33.38 33.39 33.42 33.43 33.44 33.46 33.48 33.50 33.51 33.53 33.55 33.56 33.59 33.61 33.63 33.65 33.67 33.70 33.73 33.75 33.77 33.79 33.82 33.84 33.87 33.89 33.91 33.94 33.96 33.99 34.01 34.02 34.04 34.06 34.08 34.09 34.11 34.12 34.12 34.13
33.41 33.40 33.38 33.37 33.35 33.33 33.30 33.28 33.26 33.22 33.20 33.17 33.17 33.16 33.16 33.15 33.14 33.14 33.13 33.13 33.14 33.16 33.17 33.20 33.21 33.23 33.25 33.26 33.28 33.30 33.32 33.33 33.35 33.37 33.38 33.40 33.41 33.43 33.44 33.46 33.48 33.49 33.51 33.52 33.54 33.56 33.58 33.59 33.61 33.63 33.65 33.67 33.70 33.72 33.74 33.77 33.79 33.82 33.85 33.87 33.90 33.92 33.95 33.97 34.00 34.02 34.05 34.07 34.08 34.11 34.13 34.14 34.15 34.17 34.18 34.19 34.21
33.43 33.42 33.40 33.38 33.36 33.34 33.32 33.29 33.26 33.24 33.21 33.20 33.19 33.19 33.19 33.18 33.18 33.17 33.16 33.18 33.19 33.21 33.23 33.25 33.26 33.28 33.30 33.32 33.33 33.35 33.37 33.38 33.40 33.42 33.43 33.44 33.46 33.48 33.49 33.50 33.52 33.54 33.55 33.57 33.58 33.60 33.62 33.63 33.65 33.67 33.69 33.72 33.74 33.76 33.79 33.81 33.84 33.87 33.89 33.92 33.95 33.98 34.01 34.03 34.06 34.08 34.11 34.13 34.15 34.17 34.19 34.21 34.23 34.24 34.25 34.27 34.28
33.44 33.43 33.42 33.40 33.38 33.35 33.33 33.31 33.28 33.25 33.23 33.23 33.22 33.22 33.21 33.21 33.21 33.20 33.21 33.23 33.24 33.26 33.28 33.30 33.31 33.34 33.35 33.37 33.38 33.40 33.42 33.43 33.45 33.47 33.48 33.49 33.51 33.53 33.54 33.55 33.57 33.58 33.59 33.61 33.62 33.64 33.66 33.67 33.69 33.71 33.73 33.75 33.78 33.80 33.83 33.85 33.89 33.91 33.94 33.98 34.00 34.03 34.05 34.09 34.12 34.15 34.17 34.20 34.22 34.24 34.26 34.27 34.29 34.31 34.33 34.34 34.35
33.46 33.45 33.43 33.41 33.39 33.37 33.35 33.31 33.29 33.27 33.26 33.26 33.26 33.25 33.25 33.24 33.24 33.24 33.26 33.28 33.29 33.32 33.33 33.35 33.36 33.39 33.40 33.42 33.43 33.46 33.47 33.48 33.51 33.52 33.53 33.54 33.56 33.57 33.59 33.60 33.62 33.63 33.64 33.65 33.66 33.68 33.70 33.71 33.73 33.75 33.77 33.79 33.81 33.84 33.87 33.90 33.92 33.96 33.99 34.01 34.05 34.08 34.12 34.14 34.17 34.21 34.24 34.26 34.29 34.30 34.33 34.35 34.36 34.39 34.40 34.41 34.42
33.48 33.47 33.45 33.43 33.41 33.38 33.36 33.33 33.31 33.30 33.30 33.30 33.29 33.28 33.28 33.28 33.28 33.29 33.31 33.33 33.34 33.37 33.39 33.40 33.42 33.44 33.46 33.47 33.49 33.51 33.52 33.53 33.56 33.57 33.58 33.60 33.61 33.62 33.63 33.65 33.66 33.67 33.69 33.69 33.70 33.72 33.74 33.74 33.76 33.78 33.80 33.82 33.85 33.87 33.90 33.93 33.96 33.99 34.02 34.06 34.10 34.13 34.17 34.20 34.24 34.26 34.29 34.32 34.35 34.37 34.40 34.42 34.44 34.46 34.47 34.49 34.50
33.50 33.49 33.47 33.45 33.43 33.40 33.38 33.35 33.34 33.34 33.34 33.33 33.32 33.32 33.32 33.32 33.33 33.35 33.36 33.38 33.41 33.42 33.44 33.46 33.48 33.50 33.51 33.53 33.55 33.56 33.58 33.59 33.61 33.62 33.64 33.65 33.66 33.67 33.69 33.69 33.70 33.71 33.72 33.73 33.75 33.75 33.77 33.78 33.79 33.81 33.82 33.85 33.87 33.90 33.93 33.96 33.99 34.03 34.06 34.10 34.14 34.18 34.21 34.25 34.29 34.32 34.36 34.39 34.42 34.44 34.47 34.49 34.52 34.53 34.55 34.56 34.57
33.52 33.50 33.48 33.46 33.44 33.42 33.40 33.38 33.38 33.38 33.37 33.36 33.36 33.36 33.35 33.36 33.38 33.40 33.42 33.44 33.46 33.48 33.49 33.52 33.53 33.55 33.56 33.59 33.60 33.62 33.63 33.65 33.67 33.68 33.69 33.70 33.71 33.72 33.73 33.74 33.74 33.76 33.76 33.76 33.78 33.78 33.79 33.81 33.81 33.83 33.85 33.87 33.89 33.92 33.95 33.98 34.02 34.06 34.10 34.14 34.18 34.22 34.26 34.31 34.35 34.38 34.42 34.46 34.49 34.51 34.54 34.57 34.59 34.61 34.63 34.65 34.66
33.54 33.53 33.51 33.49 33.46 33.44 33.42 33.41 33.41 33.41 33.41 33.40 33.40 33.40 33.40 33.42 33.44 33.46 33.48 33.50 33.51 33.54 33.56 33.57 33.59 33.61 33.63 33.65 33.66 33.67 33.69 33.70 33.72 33.74 33.74 33.75 33.76 33.77 33.78 33.78 33.79 33.79 33.79 33.80 33.80 33.81 33.81 33.82 33.83 33.85 33.86 33.88 33.90 33.93 33.96 34.00 34.04 34.08 34.12 34.16 34.21 34.26 34.31 34.35 34.40 34.44 34.48 34.52 34.56 34.59 34.62 34.64 34.67 34.69 34.71 34.72 34.73
33.56 33.54 33.52 33.51 33.49 33.47 33.46 33.46 33.45 33.45 33.45 33.44 33.44 33.45 33.46 33.47 33.49 33.51 33.53 33.56 33.58 33.60 33.61 33.63 33.65 33.67 33.69 33.70 33.72 33.73 33.75 33.76 33.77 33.78 33.80 33.81 33.81 33.82 33.82 33.82 33.83 33.83 33.83 33.82 33.83 33.83 33.82 33.83 33.84 33.85 33.86 33.88 33.91 33.94 33.96 34.00 34.04 34.09 34.14 34.18 34.24 34.29 34.35 34.40 34.45 34.50 34.54 34.58 34.62 34.66 34.69 34.73 34.75 34.78 34.79 34.81 34.82
33.59 33.57 33.55 33.53 33.51 33.50 33.50 33.50 33.50 33.49 33.49 33.49 33.49 33.50 33.52 33.54 33.56 33.58 33.60 33.62 33.63 33.65 33.67 33.70 33.72 33.73 33.75 33.76 33.78 33.80 33.81 33.83 33.83 33.84 33.86 33.86 33.87 33.87 33.87 33.87 33.86 33.86 33.86 33.85 33.84 33.84 33.84 33.84 33.84 33.84 33.85 33.88 33.89 33.92 33.96 34.00 34.04 34.10 34.15 34.21 34.26 34.32 34.39 34.44 34.50 34.55 34.61 34.65 34.70 34.74 34.77 34.81 34.83 34.86 34.88 34.89 34.91
33.61 33.59 33.58 33.56 33.54 33.54 33.54 33.54 33.54 33.54 33.53 33.54 33.54 33.55 33.57 33.59 33.61 33.63 33.65 33.67 33.70 33.72 33.74 33.76 33.77 33.79 33.81 33.83 33.85 33.86 33.88 33.89 33.89 33.90 33.91 33.92 33.92 33.92 33.91 33.91 33.90 33.89 33.88 33.86 33.86 33.85 33.83 33.83 33.83 33.84 33.84 33.85 33.88 33.91 33.94 33.99 34.03 34.09 34.15 34.21 34.28 34.35 34.42 34.49 34.54 34.61 34.66 34.72 34.77 34.81 34.85 34.89 34.92 34.95 34.97 34.99 35.01
33.64 33.62 33.60 33.59 33.58 33.58 33.59 33.59 33.58 33.58 33.58 33.58 33.59 33.61 33.64 33.66 33.68 33.70 33.72 33.74 33.76 33.78 33.80 33.83 33.84 33.86 33.88 33.89 33.91 33.92 33.94 33.94 33.95 33.97 33.97 33.97 33.97 33.96 33.95 33.94 33.93 33.92 33.90 33.88 33.86 33.84 33.83 33.81 33.81 33.81 33.81 33.83 33.84 33.87 33.91 33.96 34.01 34.07 34.14 34.21 34.29 34.36 34.44 34.52 34.59 34.66 34.72 34.79 34.84 34.89 34.93 34.97 35.01 35.04 35.06 35.08 35.09
33.66 33.65 33.63 33.62 33.63 33.63 33.63 33.63 33.63 33.63 33.63 33.63 33.66 33.68 33.69 33.71 33.74 33.76 33.79 33.81 33.83 33.85 33.87 33.89 33.91 33.92 33.94 33.96 33.97 33.99 34.00 34.01 34.02 34.02 34.02 34.02 34.01 34.01 33.99 33.98 33.96 33.94 33.92 33.89 33.86 33.83 33.82 33.79 33.78 33.78 33.78 33.79 33.81 33.84 33.88 33.93 33.99 34.05 34.12 34.21 34.29 34.37 34.46 34.55 34.64 34.72 34.78 34.85 34.92 34.97 35.02 35.06 35.10 35.13 35.16 35.18 35.20
33.69 33.67 33.67 33.67 33.68 33.68 33.68 33.68 33.67 33.68 33.68 33.70 33.71 33.73 33.76 33.78 33.80 33.82 33.85 33.87 33.89 33.91 33.93 33.96 33.98 34.00 34.01 34.03 34.05 34.05 34.07 34.07 34.08 34.09 34.09 34.08 34.07 34.06 34.04 34.02 34.00 33.96 33.93 33.89 33.86 33.82 33.79 33.77 33.75 33.74 33.76 33.79 33.81 33.85 33.89 33.94 33.99 34.05 34.11 34.20 34.29 34.39 34.48 34.59 34.68 34.77 34.85 34.93 34.99 35.06 35.11 35.16 35.20 35.23 35.26 35.28 35.30
33.73 33.71 33.72 33.72 33.73 33.72 33.73 33.73 33.73 33.73 33.74 33.76 33.78 33.80 33.82 33.85 33.87 33.89 33.92 33.94 33.96 33.98 34.00 34.02 34.04 34.06 34.08 34.10 34.11 34.13 34.13 34.14 34.15 34.15 34.15 34.14 34.13 34.11 34.09 34.05 34.02 33.98 33.94 33.89 33.84 33.80 33.77 33.75 33.77 33.78 33.81 33.83 33.87 33.91 33.95 34.00 34.05 34.11 34.17 34.24 34.32 34.40 34.51 34.62 34.72 34.83 34.92 35.01 35.08 35.15 35.21 35.26 35.30 35.34 35.37 35.39 35.40
33.75 33.76 33.76 33.77 33.78 33.77 33.78 33.77 33.78 33.78 33.80 33.83 33.84 33.87 33.89 33.92 33.94 33.96 33.99 34.01 34.03 34.06 34.08 34.10 34.12 34.14 34.16 34.17 34.18 34.20 34.20 34.21 34.21 34.22 34.21 34.20 34.18 34.16 34.13 34.09 34.05 34.00 33.94 33.89 33.84 33.79 33.79 33.80 33.82 33.84 33.86 33.90 33.93 33.97 34.02 34.07 34.13 34.19 34.25 34.32 34.40 34.48 34.55 34.66 34.77 34.88 34.99 35.09 35.18 35.24 35.31 35.37 35.42 35.45 35.48 35.50 35.52
33.80 33.81 33.81 33.82 33.83 33.82 33.83 33.83 33.83 33.84 33.87 33.89 33.91 33.93 33.96 33.98 34.01 34.03 34.06 34.08 34.11 34.13 34.15 34.17 34.19 34.21 34.23 34.24 34.26 34.27 34.28 34.28 34.28 34.28 34.27 34.26 34.23 34.21 34.17 34.12 34.07 34.02 33.95 33.89 33.85 33.84 33.85 33.86 33.88 33.90 33.93 33.95 33.99 34.04 34.09 34.14 34.21 34.27 34.35 34.42 34.51 34.58 34.66 34.75 34.84 34.96 35.07 35.17 35.27 35.35 35.42 35.48 35.53 35.57 35.60 35.62 35.63
