main/data/temperature/27.12.2023.grid
ncols 886
nrows 691
xllcenter 112.0000
yllcenter -44.5000
cellsize 0.0500
nodata_value 99999.90
[rows 34 to 67 of 691, columns 385 to 461 of 886]
34.44 34.64 34.73 34.77 34.82 34.87 34.92 34.97 35.02 35.06 35.10 35.13 35.16 35.17 35.18 35.20 35.20 35.22 35.22 35.22 35.24 35.24 35.26 35.26 35.28 35.29 35.25 35.23 35.30 35.19 35.27 35.22 35.23 35.13 35.16 35.09 35.05 34.96 35.00 34.94 34.88 34.82 34.76 34.71 34.67 34.63 34.61 34.59 34.58 34.58 34.59 34.62 34.66 34.71 34.76 34.84 34.91 34.99 35.08 35.15 35.24 35.32 35.40 35.49 35.57 35.64 35.73 35.80 35.87 35.94 36.02 36.08 36.13 36.20 36.25 36.30 36.34
34.68 34.73 34.78 34.84 34.89 34.95 35.00 35.06 35.11 35.16 35.20 35.24 35.26 35.29 35.31 35.33 35.33 35.34 35.34 35.35 35.37 35.37 35.38 35.38 35.40 35.40 35.41 35.41 35.34 35.38 35.30 35.32 35.34 35.30 35.25 35.19 35.04 35.00 34.94 34.98 34.96 34.87 34.86 34.77 34.77 34.73 34.70 34.69 34.67 34.68 34.69 34.72 34.75 34.80 34.86 34.93 35.00 35.07 35.16 35.23 35.31 35.39 35.47 35.55 35.62 35.70 35.78 35.85 35.92 36.00 36.06 36.13 36.19 36.24 36.29 36.35 36.40
34.73 34.78 34.84 34.90 34.97 35.03 35.10 35.15 35.20 35.25 35.30 35.35 35.38 35.41 35.43 35.45 35.45 35.46 35.47 35.47 35.48 35.49 35.50 35.50 35.51 35.51 35.51 35.51 35.51 35.49 35.47 35.43 35.44 35.39 35.28 35.29 35.11 34.76 35.06 35.06 34.92 34.98 34.87 34.87 34.86 34.80 34.80 34.79 34.77 34.77 34.78 34.78 34.86 34.91 34.96 35.02 35.09 35.16 35.23 35.31 35.38 35.45 35.53 35.61 35.68 35.76 35.83 35.91 35.98 36.05 36.12 36.18 36.24 36.29 36.35 36.39 36.44
34.80 34.85 34.92 34.98 35.05 35.12 35.18 35.25 35.30 35.36 35.40 35.45 35.49 35.52 35.54 35.56 35.58 35.58 35.59 35.60 35.60 35.61 35.61 35.62 35.61 35.62 35.62 35.61 35.61 35.60 35.58 35.56 35.54 35.44 35.42 35.24 35.14 35.00 34.72 35.07 34.88 35.06 34.91 34.82 34.82 34.90 34.87 34.89 34.82 34.75 34.82 34.92 34.96 35.00 35.06 35.12 35.17 35.24 35.31 35.38 35.45 35.52 35.59 35.67 35.75 35.82 35.90 35.97 36.05 36.11 36.17 36.24 36.29 36.35 36.40 36.44 36.49
34.87 34.94 35.00 35.07 35.14 35.21 35.27 35.34 35.40 35.45 35.51 35.55 35.59 35.62 35.65 35.67 35.69 35.70 35.71 35.71 35.72 35.72 35.72 35.72 35.72 35.72 35.71 35.71 35.71 35.70 35.68 35.66 35.58 35.51 35.47 35.45 35.35 35.17 35.12 35.12 35.08 35.14 35.14 35.11 35.07 35.04 34.86 34.76 34.76 34.86 34.96 34.88 35.06 35.11 35.16 35.18 35.23 35.33 35.39 35.45 35.52 35.59 35.66 35.74 35.82 35.88 35.96 36.03 36.10 36.16 36.23 36.29 36.35 36.40 36.45 36.50 36.54
34.95 35.01 35.09 35.16 35.23 35.30 35.37 35.43 35.49 35.55 35.60 35.65 35.69 35.73 35.75 35.77 35.79 35.80 35.81 35.82 35.83 35.83 35.82 35.82 35.82 35.81 35.81 35.80 35.79 35.75 35.73 35.72 35.68 35.53 35.39 35.34 35.28 35.27 35.14 35.14 35.19 35.25 35.21 35.22 35.05 35.14 34.93 34.79 34.89 34.95 35.03 35.11 35.05 35.19 35.20 35.23 35.34 35.27 35.46 35.52 35.58 35.65 35.73 35.80 35.88 35.95 36.03 36.09 36.17 36.23 36.22 36.36 36.41 36.46 36.51 36.55 36.59
35.03 35.11 35.17 35.24 35.32 35.39 35.46 35.52 35.59 35.65 35.70 35.75 35.80 35.83 35.85 35.89 35.90 35.92 35.92 35.92 35.92 35.92 35.92 35.92 35.91 35.91 35.90 35.90 35.86 35.84 35.84 35.85 35.73 35.71 35.51 35.58 35.37 35.49 35.42 35.15 35.31 35.30 35.34 35.27 35.17 35.04 34.84 35.09 35.09 35.19 35.17 35.20 35.22 35.20 35.26 35.31 35.39 35.36 35.45 35.59 35.65 35.73 35.79 35.87 35.95 36.02 36.09 36.16 36.22 36.28 36.35 36.41 36.47 36.51 36.56 36.61 36.64
35.12 35.20 35.27 35.34 35.41 35.49 35.56 35.62 35.69 35.75 35.81 35.85 35.89 35.92 35.96 35.99 36.00 36.01 36.02 36.03 36.03 36.02 36.02 36.01 36.01 36.00 35.99 35.99 35.95 35.97 35.96 35.91 35.93 35.83 35.84 35.65 35.64 35.64 35.56 35.51 35.46 35.39 35.45 35.37 35.25 35.07 35.03 35.12 35.16 35.28 35.08 35.29 35.28 35.24 35.29 35.29 35.42 35.41 35.45 35.67 35.64 35.70 35.87 35.95 36.01 36.09 36.16 36.22 36.28 36.33 36.34 36.47 36.52 36.58 36.56 36.67 36.70
35.22 35.26 35.36 35.45 35.52 35.58 35.66 35.73 35.78 35.84 35.90 35.95 35.99 36.02 36.06 36.08 36.10 36.12 36.12 36.12 36.13 36.12 36.11 36.08 36.10 36.08 36.08 36.08 36.07 36.07 35.94 35.97 35.85 35.90 35.69 35.90 35.87 35.82 35.71 35.67 35.60 35.52 35.47 35.13 35.35 35.19 35.00 35.15 35.30 35.38 35.35 35.03 35.22 35.30 35.45 35.44 35.40 35.38 35.57 35.70 35.60 35.76 35.79 36.01 36.05 36.13 36.21 36.30 36.34 36.41 36.44 36.50 36.60 36.56 36.68 36.72 36.76
35.32 35.36 35.47 35.54 35.62 35.69 35.76 35.83 35.89 35.95 36.00 36.05 36.09 36.12 36.16 36.18 36.19 36.21 36.21 36.22 36.22 36.21 36.21 36.19 36.19 36.17 36.16 36.10 36.12 36.16 36.14 36.13 36.09 36.03 36.00 36.07 35.97 35.86 35.80 35.72 35.70 35.63 35.55 35.44 35.20 34.94 35.21 35.34 35.43 35.49 35.46 35.27 35.28 35.22 35.49 35.57 35.70 35.75 35.81 35.88 35.64 35.73 35.92 36.03 36.14 36.24 36.30 36.36 36.38 36.43 36.50 36.60 36.66 36.71 36.74 36.78 36.82
35.40 35.49 35.57 35.65 35.72 35.79 35.86 35.93 35.99 36.05 36.10 36.15 36.19 36.22 36.25 36.27 36.29 36.30 36.31 36.31 36.09 36.31 36.29 36.28 36.27 36.20 36.21 36.18 36.14 36.20 36.22 36.24 36.15 36.14 36.22 36.23 36.14 36.03 35.94 35.84 35.77 35.68 35.67 35.57 35.28 35.06 35.18 35.49 35.60 35.58 35.09 35.48 35.24 35.46 35.52 35.79 35.84 35.89 35.92 35.99 36.04 35.77 35.93 35.96 36.18 36.31 36.37 36.44 36.47 36.49 36.55 36.66 36.71 36.76 36.79 36.85 36.88
35.47 35.60 35.68 35.75 35.83 35.90 35.97 36.03 36.09 36.15 36.20 36.24 36.28 36.30 36.35 36.36 36.39 36.39 36.39 36.19 36.36 36.38 36.21 36.36 36.36 36.35 36.25 36.12 36.13 36.26 36.34 36.32 36.35 36.35 36.36 36.33 36.30 36.14 36.05 35.92 35.59 35.71 35.75 35.67 35.51 35.37 35.43 35.62 35.71 35.47 35.16 35.40 35.36 35.56 35.54 35.75 35.94 35.92 35.97 36.02 36.14 36.10 35.95 36.12 36.20 36.28 36.35 36.44 36.56 36.52 36.62 36.70 36.77 36.81 36.79 36.88 36.94
35.56 35.70 35.78 35.84 35.91 36.00 36.07 36.14 36.20 36.25 36.29 36.33 36.37 36.38 36.43 36.45 36.47 36.48 36.42 36.21 36.48 36.48 36.37 36.46 36.45 36.39 36.42 36.37 36.20 36.40 36.43 36.40 36.43 36.36 36.49 36.48 36.48 36.38 36.32 35.59 35.64 35.83 35.73 35.13 35.42 35.61 35.42 35.72 35.75 35.10 35.00 35.13 35.46 35.71 35.65 35.88 36.05 36.09 36.03 36.13 36.23 36.26 36.15 36.24 36.33 36.18 36.26 36.41 36.61 36.57 36.66 36.71 36.76 36.82 36.80 36.97 37.00
35.69 35.82 35.88 35.96 36.00 36.08 36.17 36.24 36.30 36.35 36.39 36.41 36.46 36.45 36.51 36.54 36.53 36.58 36.58 36.58 36.57 36.56 36.50 36.55 36.53 36.48 36.42 36.42 36.30 36.45 36.50 36.46 36.47 36.45 36.56 36.50 36.37 35.45 35.35 35.74 35.90 35.66 35.88 35.65 35.22 34.88 35.17 35.74 34.85 35.04 35.47 35.61 35.49 35.60 35.94 36.00 35.92 36.13 36.12 36.25 36.27 36.35 36.36 36.37 36.31 36.31 36.28 36.38 36.61 36.62 36.45 36.66 36.63 36.72 36.85 37.02 37.05
35.77 35.90 35.99 36.08 36.11 36.17 36.28 36.35 36.40 36.45 36.49 36.48 36.55 36.51 36.58 36.60 36.64 36.43 36.67 36.66 36.66 36.64 36.59 36.64 36.58 36.51 36.51 36.42 36.52 36.51 36.57 36.58 36.62 36.56 36.63 36.30 36.10 36.18 35.31 35.33 35.80 35.65 35.23 35.07 35.39 34.80 35.08 35.39 35.40 35.01 34.60 35.10 35.63 35.49 35.68 35.61 36.14 36.14 36.30 36.34 36.38 36.42 36.40 36.42 36.41 36.49 36.38 36.58 36.69 36.81 36.54 36.67 36.64 36.63 36.63 37.09 36.89
35.93 36.04 36.12 36.19 36.25 36.26 36.39 36.45 36.49 36.55 36.57 36.54 36.56 36.61 36.62 36.54 36.58 36.74 36.74 36.74 36.73 36.72 36.68 36.72 36.71 36.65 36.54 36.46 36.49 36.62 36.60 36.69 36.61 36.67 36.68 36.64 35.94 36.59 36.56 36.54 36.38 36.18 36.00 35.84 34.76 35.25 35.37 35.55 35.15 34.99 35.22 35.54 35.57 35.28 35.73 35.97 36.18 36.07 36.34 36.33 36.42 36.49 36.41 36.51 36.53 36.60 36.54 36.54 36.68 36.86 36.75 36.62 36.77 36.72 37.07 37.15 37.17
36.06 36.14 36.24 36.31 36.36 36.36 36.42 36.54 36.59 36.64 36.58 36.65 36.67 36.66 36.67 36.71 36.73 36.79 36.74 36.82 36.77 36.79 36.76 36.80 36.78 36.69 36.69 36.68 36.57 36.61 36.66 36.70 36.67 36.26 36.40 36.29 36.76 36.73 35.71 36.12 35.83 36.03 35.87 35.74 34.97 35.37 35.48 35.26 35.23 35.42 35.27 35.35 35.54 36.11 36.13 36.06 35.78 36.06 36.37 36.15 36.39 36.56 36.40 36.51 36.64 36.62 36.55 36.70 36.77 36.83 36.96 36.61 36.90 37.07 37.19 37.21 37.24
36.10 36.27 36.34 36.42 36.46 36.48 36.49 36.59 36.69 36.74 36.73 36.71 36.73 36.64 36.76 36.83 36.86 36.73 36.83 36.88 36.79 36.82 36.83 36.87 36.88 36.85 36.81 36.80 36.73 36.55 36.67 36.74 36.77 36.81 36.00 36.34 36.46 36.21 35.38 35.59 35.74 35.55 35.50 35.20 35.37 35.60 35.51 35.55 35.20 35.27 35.52 35.27 35.47 35.73 36.08 36.16 36.24 36.45 36.46 36.17 36.40 36.55 36.46 36.66 36.53 36.59 36.67 36.81 36.92 36.94 37.02 37.02 36.76 36.84 37.20 37.30 37.33
36.23 36.33 36.45 36.53 36.55 36.55 36.52 36.71 36.79 36.80 36.78 36.78 36.77 36.78 36.85 36.87 36.88 36.80 36.78 36.94 36.86 36.96 36.94 36.94 36.96 36.91 36.92 36.89 36.85 36.80 36.80 36.86 36.84 36.85 36.77 35.69 36.53 35.89 36.82 36.50 36.74 35.44 35.19 35.24 35.22 35.65 35.16 35.17 35.10 35.08 35.28 35.18 35.65 35.21 35.94 35.96 36.26 36.55 36.51 36.32 36.49 36.44 36.65 36.71 36.67 36.75 36.82 36.92 36.97 36.92 37.06 36.83 36.80 36.86 37.28 37.36 37.39
36.40 36.50 36.59 36.64 36.67 36.66 36.62 36.81 36.88 36.87 36.87 36.83 36.83 36.83 36.84 36.89 36.86 36.83 36.90 36.99 36.97 37.04 36.98 36.96 37.01 37.03 36.93 36.95 36.92 36.92 36.90 36.89 36.92 36.93 36.90 36.41 36.22 35.95 35.63 35.96 36.34 36.34 36.01 35.70 35.27 35.17 35.45 35.03 35.04 35.03 35.37 35.55 35.56 35.75 35.78 35.83 36.42 36.37 36.52 36.26 36.23 36.61 36.60 36.62 36.74 36.85 36.85 36.94 36.96 36.99 37.13 37.16 36.88 36.88 37.37 37.41 37.44
36.53 36.63 36.50 36.68 36.77 36.77 36.71 36.87 36.98 36.91 36.93 36.90 36.77 36.77 36.84 36.87 36.98 36.98 37.06 36.99 37.07 37.08 37.08 36.94 36.98 37.06 37.08 37.03 37.03 37.01 36.98 36.98 36.95 36.94 36.99 36.97 36.78 36.62 35.85 36.65 36.07 36.83 36.54 35.34 35.43 35.63 35.09 35.17 35.01 35.11 35.42 35.56 35.65 35.28 35.37 35.60 36.55 36.42 36.16 36.29 36.48 36.59 36.53 36.44 36.75 36.79 36.74 36.92 37.02 37.11 37.14 37.13 37.18 37.36 37.41 37.45 37.48
36.69 36.73 36.78 36.81 36.82 36.91 36.96 36.94 37.06 37.05 37.01 36.95 36.87 36.87 36.97 37.09 37.11 37.05 37.12 37.09 37.09 37.15 37.08 37.09 37.07 37.12 37.15 37.07 37.13 37.10 37.08 37.08 37.03 36.84 36.01 36.49 35.71 36.18 35.76 35.51 36.56 35.90 36.12 35.51 35.25 35.25 35.25 35.15 35.32 35.54 35.42 35.63 35.44 35.42 35.75 35.88 36.41 36.22 36.21 36.35 36.52 36.33 36.30 36.55 36.72 36.57 36.73 36.80 36.96 37.07 37.13 37.03 36.99 37.33 37.29 37.47 37.38
36.77 36.86 36.88 36.91 36.84 36.94 36.91 37.12 37.14 37.00 36.90 37.01 37.02 37.04 37.02 37.03 37.14 37.03 37.09 37.04 37.16 37.13 37.16 37.15 37.12 37.18 37.15 37.10 37.15 37.16 37.15 37.11 37.00 36.13 36.94 36.63 36.38 35.97 35.60 35.44 35.48 35.54 36.33 35.94 35.82 35.47 35.29 35.33 35.35 35.38 35.63 35.52 35.40 35.39 35.71 36.01 36.42 35.92 36.05 36.22 36.39 36.02 36.28 36.49 36.73 36.64 36.60 36.83 37.04 36.85 37.03 37.02 36.95 37.13 37.20 37.30 37.20
36.88 36.95 36.98 37.00 37.00 36.96 36.90 37.15 37.21 37.17 37.14 37.06 36.95 37.08 37.10 37.19 37.14 37.08 37.15 37.01 37.10 37.15 37.18 37.26 37.27 37.29 37.25 37.18 37.16 37.18 37.20 37.13 36.51 37.01 37.05 35.74 35.80 35.78 35.74 35.77 36.17 36.08 36.28 36.10 35.98 35.47 35.65 35.36 35.44 35.45 35.66 35.32 35.47 35.65 35.84 35.64 36.34 35.82 35.76 35.96 36.27 36.11 36.45 36.52 36.43 36.56 36.85 36.74 37.00 36.82 37.05 36.90 36.89 37.10 37.00 37.19 37.17
36.98 37.05 37.08 37.00 37.07 36.93 37.00 37.03 37.18 37.13 37.03 37.18 36.99 37.13 37.20 37.22 37.19 37.05 37.20 37.11 37.11 37.20 37.32 37.31 37.32 37.34 37.29 37.24 37.22 37.22 37.19 37.23 37.17 37.18 36.19 36.46 35.76 35.38 35.64 35.69 35.81 36.01 35.63 36.42 36.38 36.09 36.15 35.42 35.16 35.41 35.37 35.26 35.50 35.73 35.40 35.83 36.20 35.91 35.67 35.80 35.89 35.84 36.28 36.45 36.62 36.69 36.72 36.81 36.86 36.98 37.00 36.91 36.96 36.89 37.11 37.08 37.40
37.13 37.18 37.19 37.20 37.14 37.11 37.08 37.24 37.33 37.33 37.31 37.23 37.00 37.12 37.15 37.24 37.13 37.14 37.21 37.14 37.25 37.11 37.26 37.41 37.35 37.35 37.33 37.30 37.28 37.24 37.24 37.28 37.14 36.56 35.75 35.62 35.50 35.04 35.63 35.72 35.82 35.88 36.13 35.92 36.02 36.23 35.78 35.38 35.31 35.40 35.30 35.29 35.55 35.36 35.73 35.98 35.89 35.72 35.57 35.74 35.66 35.90 36.21 36.43 36.54 36.65 36.71 36.80 36.83 36.99 37.03 37.04 37.00 36.95 36.95 37.20 37.28
37.22 37.24 37.29 37.27 37.25 37.22 37.15 37.19 37.38 37.38 37.38 37.36 37.23 37.13 37.22 37.26 37.22 36.95 37.15 37.18 37.33 37.33 37.44 37.38 37.31 37.36 37.35 37.38 37.34 36.54 37.27 37.30 37.20 36.28 35.83 35.68 35.56 35.71 35.54 35.92 35.94 35.74 36.19 36.01 36.17 35.85 35.70 35.50 35.28 35.31 35.19 35.34 35.53 35.47 35.92 35.75 35.87 35.80 35.54 35.59 35.59 35.90 35.92 36.19 36.34 36.47 36.69 36.76 36.95 37.01 37.05 37.04 36.94 37.05 37.15 37.34 37.32
37.29 37.33 37.35 37.27 37.31 37.32 37.26 37.37 37.43 37.42 37.41 37.40 37.22 37.25 37.21 37.27 37.24 37.22 37.24 37.09 37.37 37.45 37.36 37.42 37.19 37.33 37.36 37.27 37.40 37.30 37.24 37.34 37.34 36.64 36.83 36.30 36.09 36.20 36.75 35.66 35.74 36.25 35.82 36.22 36.05 35.79 35.48 35.32 35.25 35.29 35.41 35.40 35.39 35.62 35.88 35.70 35.57 35.59 35.62 35.65 35.73 35.85 36.01 36.26 36.53 36.51 36.73 36.88 36.94 37.02 37.03 36.93 37.10 37.14 37.31 37.35 37.32
37.30 37.26 37.42 37.27 37.36 37.37 37.37 37.43 37.46 37.46 37.40 37.40 37.38 37.21 37.26 37.27 37.23 37.37 37.40 37.40 37.30 37.49 37.38 37.36 36.88 36.40 37.35 37.35 37.32 37.42 37.28 37.37 37.11 37.23 37.24 37.27 36.65 36.53 37.08 36.06 35.76 35.85 35.95 36.13 35.58 35.51 35.45 35.37 35.31 35.30 35.45 35.50 35.76 35.86 35.87 35.73 35.52 35.76 35.88 35.76 35.79 35.79 35.87 36.08 36.43 36.63 36.80 36.84 36.95 37.02 36.97 37.12 37.19 37.28 37.34 37.32 37.37
37.36 37.42 37.46 37.45 37.38 37.31 37.33 37.41 37.42 37.48 37.45 37.42 37.47 37.38 37.38 37.31 37.19 37.36 37.35 37.48 37.50 37.48 37.22 37.44 37.42 37.25 37.29 37.38 37.43 37.44 37.34 37.35 35.99 36.30 36.63 36.22 35.95 36.04 35.94 35.68 35.83 35.95 35.97 35.91 36.02 35.78 35.50 35.68 35.37 35.70 35.66 35.76 35.78 35.74 35.76 36.03 35.61 35.80 35.87 36.08 35.94 36.09 36.31 36.28 36.50 36.66 36.74 36.82 36.89 36.97 36.93 37.12 37.17 37.26 37.36 37.20 37.18
37.43 37.47 37.44 37.38 37.48 37.44 37.17 37.41 37.47 37.50 37.46 37.41 37.29 37.42 37.14 37.28 37.31 37.37 37.28 37.47 37.56 37.11 37.05 37.40 36.92 37.29 37.31 37.42 37.42 37.48 37.05 37.04 36.24 35.76 35.99 36.08 35.98 35.81 35.96 35.47 35.91 36.13 35.99 35.83 35.51 35.44 35.80 35.81 35.75 35.79 35.91 35.88 35.84 35.82 35.80 36.14 36.08 35.84 36.01 36.06 36.05 36.26 36.43 36.60 36.69 36.71 36.78 36.84 36.91 36.89 37.07 37.15 37.17 37.26 37.34 37.37 37.31
37.40 37.49 37.41 37.46 37.46 37.42 37.45 37.41 37.49 37.51 37.01 37.31 37.33 37.50 37.47 37.40 37.36 37.30 37.44 37.45 37.42 37.26 37.50 37.43 37.26 36.52 36.53 37.40 36.15 36.65 37.36 37.24 36.25 35.76 35.81 35.83 35.60 35.33 35.76 35.42 35.80 36.10 35.76 35.93 35.62 35.60 35.69 35.69 35.83 35.79 35.88 35.85 35.78 35.64 36.14 36.20 36.28 35.99 36.17 36.48 36.30 36.25 36.33 36.55 36.73 36.80 36.86 36.86 36.88 36.95 37.06 37.10 37.05 37.07 37.37 37.35 37.20
37.48 37.46 37.43 37.34 37.39 37.38 37.35 37.25 37.51 37.50 37.44 37.07 37.25 37.36 37.41 37.36 37.25 37.27 37.45 37.49 37.48 37.53 37.06 37.28 36.95 37.00 36.33 36.33 36.01 37.07 37.30 37.41 36.23 36.08 36.10 35.83 35.41 35.35 35.41 35.77 35.84 35.66 35.46 35.44 35.51 35.55 35.60 35.62 35.72 35.86 35.95 35.89 35.80 36.00 36.06 36.47 36.39 36.40 36.51 36.76 36.66 36.68 36.49 36.56 36.82 36.91 36.86 36.94 36.92 37.00 37.04 36.95 37.19 37.34 37.33 37.29 37.32
37.43 37.48 37.46 37.37 37.28 37.29 37.37 37.37 37.34 37.50 37.46 37.06 37.10 37.49 37.53 37.33 37.29 37.35 37.43 37.47 37.53 37.41 37.50 36.92 37.11 36.48 36.22 36.18 36.27 35.90 36.16 36.65 35.78 35.93 35.80 35.89 35.56 35.51 35.60 35.45 35.46 35.43 35.40 35.60 35.63 35.61 35.62 35.74 35.83 35.97 35.82 35.80 36.03 36.35 36.43 36.50 36.65 36.81 36.84 36.77 36.92 36.91 36.56 36.72 36.90 36.93 36.92 36.94 37.02 37.05 36.93 37.19 37.09 37.35 37.23 37.40 37.36
