main/data/temperature/29.05.2023.grid
ncols 886
nrows 691
xllcenter 112.0000
yllcenter -44.5000
cellsize 0.0500
nodata_value 99999.90
[rows 272 to 305 of 691, columns 231 to 307 of 886]
26.16 26.22 26.26 26.39 26.44 26.37 26.25 26.27 26.26 26.21 26.14 26.11 26.14 26.22 26.29 26.30 26.28 26.22 26.18 26.18 26.23 26.29 26.35 26.27 26.25 26.38 26.37 26.35 26.41 26.54 26.48 26.43 26.41 26.38 26.37 26.46 26.70 26.65 26.63 26.53 26.47 26.65 26.78 26.77 26.71 26.84 26.81 27.00 26.95 26.76 26.78 26.72 26.78 26.76 26.88 26.83 26.81 27.06 27.23 27.24 27.09 26.96 26.78 26.27 26.48 26.27 25.88 26.13 26.26 26.09 26.20 26.26 26.40 26.32 26.49 26.61 26.61
25.99 26.19 26.08 26.08 26.27 26.15 26.12 26.16 26.02 26.03 26.09 26.09 26.10 26.11 26.15 26.22 26.27 26.27 26.20 26.25 26.26 26.22 26.24 26.29 26.25 26.24 26.39 26.45 26.48 26.50 26.43 26.41 26.42 26.52 26.41 26.63 26.58 26.49 26.56 26.53 26.53 26.69 26.64 26.69 26.75 26.80 26.84 26.93 27.03 27.06 26.91 26.70 26.77 26.77 26.90 26.98 27.02 27.19 27.19 27.13 27.10 26.79 26.66 26.34 26.18 26.18 25.87 26.15 26.16 26.04 26.05 26.09 26.13 26.02 26.40 26.48 26.54
25.90 26.04 26.13 26.13 26.18 26.14 26.25 26.23 26.21 26.20 26.19 26.02 25.99 26.05 26.08 26.07 26.15 26.12 26.16 26.14 26.24 26.25 26.21 26.15 26.20 26.28 26.41 26.44 26.46 26.41 26.45 26.35 26.52 26.61 26.66 26.54 26.47 26.50 26.46 26.44 26.62 26.64 26.57 26.60 26.67 26.83 26.97 26.72 26.95 26.91 27.04 26.86 26.75 26.72 26.73 26.86 26.97 27.17 27.14 27.08 26.95 26.71 26.35 26.36 26.08 25.94 25.95 26.21 26.06 25.75 25.72 25.81 25.84 26.06 26.26 26.33 26.32
25.85 25.89 25.97 25.97 25.82 25.90 25.99 26.00 26.13 26.19 26.22 26.01 25.72 25.95 25.95 26.00 26.05 26.02 26.13 26.10 26.18 26.17 26.21 26.23 26.22 26.27 26.38 26.48 26.36 26.47 26.43 26.34 26.48 26.59 26.59 26.55 26.50 26.52 26.56 26.50 26.46 26.52 26.53 26.61 26.83 26.89 26.89 26.84 26.89 27.01 27.14 27.01 26.84 26.83 26.85 27.02 27.14 27.18 27.08 26.99 26.86 26.66 26.39 26.04 26.14 25.94 25.96 26.25 25.90 25.85 25.58 25.76 25.83 26.05 26.10 26.02 26.23
25.73 25.81 25.78 25.82 25.62 25.80 25.77 25.83 25.81 25.92 26.01 25.99 25.89 25.86 25.90 25.93 25.95 25.97 25.97 26.14 26.09 26.06 26.20 26.23 26.23 26.26 26.37 26.45 26.45 26.47 26.40 26.30 26.45 26.55 26.46 26.48 26.49 26.57 26.47 26.47 26.51 26.41 26.33 26.60 26.71 26.72 26.72 26.83 26.84 26.85 27.03 27.10 27.09 27.04 27.00 27.13 27.16 27.16 27.03 26.97 26.74 26.62 26.45 26.11 26.28 26.09 26.02 26.24 25.96 25.66 25.61 25.86 25.90 25.67 25.86 26.07 26.00
25.79 25.83 25.76 25.76 25.72 25.84 25.92 25.91 25.87 25.92 25.86 25.86 25.81 25.88 25.86 25.75 25.96 25.96 25.89 26.07 26.02 25.99 26.05 26.19 26.16 26.14 26.37 26.29 26.26 26.32 26.29 26.38 26.44 26.47 26.55 26.58 26.61 26.55 26.52 26.46 26.56 26.49 26.53 26.52 26.59 26.71 26.68 26.67 26.72 26.84 26.97 26.90 26.88 27.01 27.09 27.14 27.08 27.15 27.08 26.93 26.71 26.46 26.31 26.11 26.27 26.30 26.17 26.26 26.02 25.80 25.79 25.81 26.04 25.74 25.94 25.83 25.86
25.73 25.79 25.75 25.83 25.74 25.90 25.91 25.90 25.90 25.87 25.79 25.70 25.80 25.70 25.61 25.86 25.80 25.86 25.91 25.99 26.03 25.90 26.04 26.03 26.21 26.29 26.36 26.37 26.35 26.31 26.29 26.32 26.38 26.56 26.53 26.52 26.55 26.46 26.50 26.44 26.58 26.50 26.44 26.51 26.75 26.82 26.74 26.54 26.77 26.79 26.68 26.70 26.77 26.70 26.80 26.79 27.07 27.07 27.00 26.84 26.50 26.31 26.06 25.88 26.07 26.10 26.29 26.24 26.06 25.87 25.93 26.04 25.91 25.65 25.86 25.62 25.60
25.93 25.90 25.83 25.92 25.92 25.81 25.77 25.79 25.79 25.74 25.68 25.70 25.58 25.79 25.81 25.82 25.86 25.93 25.96 25.87 26.05 25.80 25.97 25.98 26.19 26.26 26.35 26.28 26.23 26.30 26.32 26.33 26.37 26.54 26.39 26.41 26.47 26.40 26.38 26.40 26.56 26.53 26.43 26.49 26.57 26.62 26.51 26.49 26.61 26.64 26.55 26.69 26.79 26.69 26.80 27.01 27.07 27.05 26.92 26.77 26.65 26.47 26.22 25.97 26.05 26.09 26.04 26.01 26.16 26.12 26.02 26.02 25.70 25.55 25.52 25.51 25.41
25.95 25.89 25.85 25.88 25.87 25.81 25.89 25.84 25.69 25.63 25.61 25.73 25.74 25.77 25.78 25.80 25.90 25.86 25.85 25.84 25.84 25.98 26.07 26.10 26.16 26.25 26.33 26.19 26.20 26.30 26.33 26.45 26.48 26.50 26.40 26.39 26.38 26.41 26.46 26.50 26.38 26.40 26.46 26.35 26.43 26.63 26.51 26.60 26.51 26.58 26.51 26.58 26.72 26.71 26.63 26.94 27.04 27.00 26.88 26.59 26.41 26.40 26.08 25.84 25.92 25.90 25.75 25.86 25.95 26.17 26.21 26.13 25.90 25.80 25.59 25.56 25.36
26.00 25.94 25.92 25.79 25.66 25.80 25.81 25.66 25.67 25.57 25.66 25.65 25.71 25.71 25.73 25.76 25.78 25.80 25.67 25.76 25.82 25.91 26.08 26.05 26.12 26.26 26.21 26.19 26.23 26.40 26.42 26.38 26.42 26.34 26.42 26.39 26.28 26.39 26.35 26.44 26.46 26.50 26.49 26.44 26.38 26.60 26.36 26.66 26.49 26.57 26.51 26.60 26.66 26.86 26.84 26.96 27.02 26.96 26.77 26.53 26.26 26.11 25.83 25.89 25.71 25.93 25.93 25.73 25.92 26.14 26.21 26.23 26.15 25.91 25.71 25.43 25.30
25.80 25.87 25.73 25.88 25.51 25.89 25.79 25.68 25.67 25.66 25.65 25.66 25.70 25.75 25.73 25.74 25.84 25.81 25.82 25.73 25.88 25.98 26.11 26.06 26.15 26.09 26.25 26.32 26.31 26.33 26.23 26.31 26.39 26.36 26.33 26.24 26.35 26.42 26.40 26.41 26.36 26.35 26.40 26.25 26.33 26.49 26.31 26.33 26.56 26.43 26.56 26.43 26.72 26.76 26.89 26.99 26.96 26.84 26.68 26.52 26.27 26.04 25.70 25.70 25.66 25.75 25.98 25.57 25.82 25.92 26.06 26.25 26.03 25.91 25.78 25.57 25.47
25.64 25.71 25.72 25.69 25.79 25.80 25.85 25.69 25.71 25.70 25.61 25.77 25.66 25.55 25.67 25.71 25.80 25.76 25.84 25.88 25.91 25.96 26.08 26.06 25.95 26.19 26.23 26.18 26.15 26.22 26.29 26.21 26.31 26.29 26.23 26.33 26.37 26.34 26.26 26.27 26.39 26.34 26.22 26.36 26.41 26.30 26.35 26.59 26.55 26.69 26.64 26.49 26.68 26.83 26.93 26.95 26.90 26.72 26.50 26.37 26.16 26.03 25.77 25.85 25.68 25.79 25.99 25.69 25.83 25.92 26.14 26.20 26.05 25.94 25.78 25.53 25.42
25.40 25.51 25.42 25.56 25.57 25.63 25.72 25.74 25.77 25.77 25.79 25.73 25.64 25.65 25.64 25.69 25.81 25.72 25.80 25.85 25.89 25.92 25.88 26.03 26.12 26.13 26.08 26.16 26.15 26.19 26.22 26.17 26.16 26.25 26.18 26.24 26.38 26.25 26.28 26.33 26.19 26.28 26.21 26.21 26.41 26.38 26.34 26.60 26.34 26.48 26.54 26.73 26.84 26.84 26.95 26.92 26.73 26.28 26.13 25.98 25.87 25.88 25.79 25.80 25.64 25.69 25.85 25.91 25.81 26.08 26.20 26.04 25.86 25.64 25.64 25.55 25.45
25.33 25.35 25.18 25.38 25.43 25.50 25.65 25.67 25.71 25.69 25.71 25.74 25.74 25.75 25.72 25.72 25.82 25.82 25.85 25.92 25.97 25.97 26.01 26.05 26.01 25.98 26.07 26.03 26.10 26.06 26.07 26.17 26.17 26.05 26.16 26.27 26.32 26.28 26.28 26.25 26.14 26.26 26.27 26.21 26.32 26.48 26.27 26.52 26.40 26.34 26.42 26.48 26.53 26.86 26.89 26.85 26.68 26.52 26.24 26.05 25.97 25.78 25.85 25.86 25.72 25.72 25.89 26.02 26.06 26.17 26.11 25.88 25.69 25.52 25.37 25.22 25.41
25.33 25.29 25.14 25.40 25.45 25.48 25.55 25.57 25.51 25.52 25.54 25.59 25.63 25.70 25.72 25.75 25.77 25.79 25.85 25.87 25.92 25.90 25.96 25.97 26.00 26.02 26.05 26.07 26.02 26.03 26.09 26.02 26.08 26.13 26.23 26.30 26.27 26.30 26.34 26.28 26.15 26.27 26.43 26.35 26.36 26.34 26.43 26.31 26.53 26.37 26.65 26.72 26.69 26.77 26.88 26.82 26.59 26.29 26.08 26.00 26.08 25.92 25.78 25.79 25.89 25.70 25.64 25.93 26.11 26.20 26.02 25.84 25.66 25.46 25.28 25.24 25.49
25.41 25.33 25.12 25.28 25.32 25.35 25.46 25.45 25.51 25.49 25.56 25.56 25.55 25.59 25.61 25.68 25.67 25.72 25.71 25.76 25.74 25.83 25.87 25.90 25.89 25.96 25.93 25.96 26.00 26.04 26.10 26.10 26.06 26.20 26.21 26.25 26.18 26.17 26.14 26.10 25.88 26.16 26.24 26.52 26.41 26.29 26.39 26.23 26.47 26.19 26.46 26.56 26.45 26.70 26.87 26.77 26.43 26.32 26.33 26.17 25.90 26.05 25.93 25.72 25.82 25.89 25.80 25.79 26.05 26.16 26.05 25.92 25.63 25.57 25.49 25.20 25.35
25.26 25.09 24.99 25.04 25.12 25.43 25.42 25.35 25.45 25.39 25.52 25.54 25.59 25.54 25.61 25.60 25.67 25.67 25.68 25.68 25.72 25.78 25.82 25.84 25.80 25.86 25.87 25.89 25.94 26.02 26.07 26.03 26.17 26.13 26.16 26.16 26.06 26.11 25.96 26.01 26.07 26.14 26.31 26.24 26.53 26.30 26.35 26.33 26.41 26.04 26.15 26.41 26.61 26.75 26.77 26.66 26.57 26.38 26.18 26.09 26.23 26.04 25.89 25.78 25.68 25.64 25.88 25.85 25.96 26.09 26.09 25.92 25.64 25.79 25.46 25.28 25.03
25.15 25.24 24.94 24.97 24.91 25.29 25.33 25.33 25.39 25.42 25.38 25.44 25.42 25.37 25.40 25.47 25.59 25.67 25.60 25.69 25.70 25.76 25.80 25.82 25.79 25.70 25.80 25.83 25.92 25.98 26.06 26.05 26.08 26.04 26.04 26.09 26.00 25.97 25.78 25.85 26.12 26.29 26.06 26.15 26.41 26.46 26.20 26.32 26.29 26.24 26.28 26.48 26.60 26.62 26.54 26.51 26.31 26.37 26.15 25.99 25.96 25.92 25.94 25.72 25.58 25.60 25.66 25.90 25.96 26.12 26.08 26.00 25.94 25.82 25.62 25.37 25.16
25.20 25.14 25.14 25.11 24.98 25.14 25.26 25.26 25.19 25.34 25.35 25.36 25.36 25.23 25.10 25.30 25.54 25.60 25.62 25.56 25.53 25.55 25.71 25.74 25.77 25.72 25.82 25.85 25.89 26.00 26.05 26.01 26.02 25.98 25.98 25.98 25.97 25.88 25.91 26.02 26.16 26.25 26.02 26.17 26.26 26.34 26.29 26.32 26.24 26.34 26.34 26.51 26.53 26.52 26.45 26.35 26.11 26.06 26.15 26.01 25.91 25.75 25.82 25.65 25.57 25.59 25.56 25.65 25.78 25.88 25.88 26.00 25.96 25.88 25.78 25.50 25.41
25.19 25.21 25.06 24.99 25.20 25.23 25.13 25.08 25.14 25.31 25.40 25.39 25.24 25.16 24.92 25.19 25.23 25.33 25.46 25.51 25.51 25.29 25.45 25.64 25.71 25.76 25.81 25.86 25.78 25.90 25.96 25.90 25.95 25.90 25.84 25.79 25.71 25.72 25.87 25.92 26.08 26.27 26.12 26.05 26.22 26.09 26.03 25.99 26.13 26.24 26.35 26.44 26.37 26.36 26.31 26.12 25.99 25.90 26.09 26.04 25.83 25.76 25.76 25.74 25.52 25.53 25.54 25.76 25.73 25.48 25.62 25.70 25.80 25.91 25.88 25.62 25.56
25.23 25.18 25.19 25.20 25.12 25.06 25.10 25.15 25.18 25.31 25.34 25.25 25.03 24.97 24.93 25.05 25.30 25.46 25.51 25.45 25.41 25.29 25.48 25.44 25.65 25.68 25.75 25.79 25.76 25.91 25.89 25.86 25.84 25.82 25.71 25.68 25.75 25.83 26.00 26.06 26.11 26.17 26.22 26.04 25.97 25.97 26.13 26.13 26.04 25.96 26.17 26.29 26.18 25.94 26.01 25.96 25.88 25.89 26.01 26.02 25.74 25.79 25.70 25.73 25.55 25.38 25.50 25.48 25.42 25.54 25.63 25.84 25.87 25.92 25.85 25.80 25.47
25.13 25.18 25.15 25.18 25.14 25.10 25.08 25.21 25.23 25.29 25.30 25.24 25.03 25.06 25.22 25.23 25.44 25.44 25.39 25.49 25.38 25.49 25.53 25.54 25.60 25.63 25.77 25.76 25.74 25.76 25.81 25.80 25.82 25.83 25.75 25.62 25.75 25.94 26.04 26.12 26.22 26.21 26.13 25.98 25.98 26.00 25.89 26.07 26.15 26.02 25.86 26.23 26.28 26.16 26.20 26.15 25.91 25.85 25.90 26.05 25.94 25.96 25.86 25.67 25.56 25.45 25.30 25.40 25.29 25.34 25.46 25.75 25.86 25.90 25.86 25.75 25.48
25.10 25.01 24.72 24.88 25.06 25.02 25.10 25.20 25.27 25.27 25.25 25.31 25.12 25.23 25.36 25.36 25.48 25.43 25.51 25.50 25.52 25.57 25.47 25.46 25.53 25.70 25.71 25.65 25.76 25.78 25.79 25.75 25.82 25.85 25.76 25.61 25.77 25.85 25.92 25.94 26.17 26.27 26.13 26.13 26.08 25.94 25.85 26.02 25.99 26.04 26.14 26.28 26.39 26.34 26.30 26.21 26.05 25.74 25.74 25.74 25.73 25.90 25.67 25.67 25.62 25.34 25.42 25.30 25.54 25.50 25.32 25.57 25.71 25.81 25.69 25.76 25.50
24.79 25.03 24.86 24.75 24.75 24.83 25.01 25.16 25.22 25.23 25.22 25.27 25.29 25.26 25.35 25.36 25.48 25.50 25.51 25.57 25.58 25.47 25.58 25.52 25.63 25.66 25.64 25.68 25.68 25.72 25.80 25.80 25.75 25.80 25.74 25.71 25.65 25.76 25.99 26.12 26.23 26.26 26.27 26.18 26.12 25.98 25.70 25.89 26.03 25.97 25.96 26.22 26.34 26.33 26.22 26.03 25.87 25.71 25.76 25.67 25.66 25.64 25.66 25.57 25.46 25.29 25.39 25.31 25.46 25.59 25.51 25.46 25.42 25.49 25.76 25.73 25.42
24.89 25.08 24.97 24.98 25.02 24.96 25.01 25.15 25.16 25.25 25.27 25.24 25.22 25.27 25.36 25.36 25.39 25.39 25.44 25.51 25.55 25.55 25.58 25.54 25.56 25.52 25.60 25.62 25.63 25.68 25.69 25.71 25.75 25.64 25.80 25.83 25.70 25.67 25.76 25.96 26.02 26.18 26.24 26.24 26.15 26.01 25.86 25.71 25.92 25.98 26.10 26.18 26.32 26.26 26.11 25.86 25.69 25.71 25.67 25.63 25.51 25.63 25.61 25.46 25.44 25.28 25.38 25.46 25.38 25.43 25.70 25.56 25.39 25.70 25.80 25.72 25.37
25.04 25.10 25.05 25.07 25.03 25.12 25.13 25.20 25.16 25.25 25.29 25.26 25.28 25.33 25.34 25.31 25.35 25.39 25.33 25.45 25.50 25.47 25.49 25.46 25.52 25.56 25.54 25.54 25.56 25.58 25.61 25.63 25.63 25.61 25.73 25.88 25.84 25.68 25.71 25.87 26.03 26.00 26.08 26.04 26.15 25.99 25.81 25.64 25.95 26.05 26.13 26.11 26.19 26.29 26.05 25.73 25.45 25.61 25.68 25.57 25.52 25.45 25.57 25.33 25.33 25.22 25.32 25.51 25.40 25.20 25.46 25.66 25.38 25.57 25.74 25.57 25.34
25.09 25.08 25.02 25.10 25.07 25.11 25.13 25.13 25.13 25.20 25.23 25.20 25.20 25.22 25.30 25.30 25.31 25.30 25.33 25.37 25.43 25.45 25.43 25.36 25.41 25.46 25.48 25.52 25.49 25.59 25.60 25.46 25.33 25.51 25.61 25.77 25.86 25.71 25.59 25.83 25.89 25.81 25.99 26.10 26.13 26.02 25.88 25.76 25.96 26.03 26.01 26.23 26.28 26.23 26.01 25.72 25.48 25.38 25.37 25.52 25.44 25.40 25.35 25.33 25.26 25.21 25.33 25.42 25.49 25.31 25.47 25.69 25.66 25.70 25.70 25.57 25.30
25.11 24.99 25.09 25.07 25.12 25.18 25.13 25.13 25.12 25.13 25.17 25.16 25.19 25.20 25.25 25.30 25.27 25.22 25.21 25.32 25.37 25.34 25.38 25.30 25.34 25.35 25.40 25.46 25.43 25.43 25.37 25.23 25.39 25.56 25.66 25.68 25.85 25.63 25.53 25.64 25.61 25.70 25.82 25.84 25.94 26.01 25.89 25.63 25.79 25.93 26.06 25.95 26.23 26.16 26.04 25.73 25.53 25.35 25.36 25.43 25.31 25.36 25.28 25.17 25.30 25.41 25.47 25.54 25.62 25.45 25.63 25.70 25.68 25.67 25.59 25.53 25.47
25.07 25.12 25.14 25.15 25.11 25.07 25.14 25.12 25.09 25.12 25.13 25.15 25.16 25.18 25.19 25.23 25.24 25.28 25.26 25.26 25.31 25.30 25.32 25.34 25.25 25.19 25.39 25.38 25.34 25.25 25.17 25.18 25.29 25.54 25.60 25.79 25.85 25.75 25.56 25.60 25.43 25.59 25.61 25.80 25.96 25.92 25.84 25.71 25.89 25.81 25.81 25.99 26.13 26.06 25.93 25.63 25.44 25.49 25.24 25.09 25.39 25.58 25.31 25.12 25.30 25.33 25.50 25.64 25.73 25.69 25.70 25.64 25.60 25.52 25.44 25.39 25.35
25.05 24.97 24.98 24.98 25.00 25.02 25.08 25.10 25.09 25.11 25.11 25.12 25.14 25.11 25.16 25.20 25.22 25.22 25.24 25.22 25.23 25.22 25.30 25.29 25.41 25.32 25.43 25.35 25.11 24.86 24.97 25.08 25.35 25.53 25.65 25.62 25.72 25.84 25.75 25.58 25.48 25.54 25.59 25.76 25.95 25.87 25.76 25.82 25.76 25.95 25.81 25.88 26.01 26.00 25.87 25.63 25.39 25.49 25.24 25.10 25.44 25.38 25.09 25.09 25.20 25.28 25.49 25.65 25.66 25.67 25.59 25.51 25.47 25.41 25.31 25.23 25.18
24.96 24.96 24.96 24.99 24.97 24.98 25.00 25.01 25.05 25.05 25.07 25.04 25.09 25.09 25.10 25.13 25.15 25.16 25.15 25.14 25.18 25.33 25.41 25.36 25.49 25.49 25.39 25.34 25.27 25.25 25.22 25.19 25.30 25.51 25.64 25.66 25.75 25.86 25.81 25.73 25.48 25.64 25.80 25.83 25.98 25.82 25.70 25.80 25.94 25.92 25.89 25.99 25.99 25.98 25.84 25.61 25.37 25.49 25.39 25.32 25.30 25.19 24.96 25.20 25.29 25.42 25.37 25.56 25.60 25.59 25.48 25.38 25.31 25.26 25.16 25.15 25.03
24.95 24.83 24.85 24.96 24.92 24.80 24.88 24.90 24.95 24.98 24.95 24.91 24.99 25.08 25.12 25.15 25.12 25.10 25.09 25.18 25.27 25.20 25.37 25.44 25.49 25.41 25.41 25.39 25.41 25.38 25.19 24.82 25.37 25.52 25.59 25.71 25.62 25.78 25.85 25.84 25.76 25.63 25.87 25.92 26.00 25.79 25.83 25.86 25.91 25.97 25.86 25.97 25.97 25.90 25.65 25.60 25.45 25.57 25.47 25.25 25.09 24.95 24.90 25.07 25.13 25.01 25.25 25.55 25.53 25.47 25.37 25.21 25.00 24.96 24.96 24.93 24.88
24.80 24.72 24.88 24.73 24.70 24.73 24.61 24.70 24.81 24.78 24.74 24.77 24.82 24.93 25.02 25.10 25.08 25.11 25.16 25.27 25.34 25.27 25.36 25.45 25.43 25.41 25.48 25.51 25.38 25.22 25.15 25.31 25.42 25.60 25.57 25.74 25.51 25.70 25.89 25.83 25.89 25.79 25.77 25.94 25.99 25.82 25.86 25.84 25.85 25.90 25.95 25.96 25.94 25.77 25.61 25.48 25.32 25.44 25.16 25.13 25.08 24.91 24.90 24.99 25.10 25.23 25.31 25.46 25.42 25.35 25.23 25.12 24.95 24.94 24.83 24.73 24.66
24.83 24.83 24.92 24.89 24.86 24.88 24.83 24.76 24.66 24.72 24.71 24.85 24.84 24.70 24.88 24.99 24.91 24.90 24.93 25.17 25.28 25.38 25.32 25.46 25.47 25.50 25.42 25.34 25.29 25.19 25.14 25.36 25.53 25.61 25.72 25.78 25.53 25.66 25.86 25.91 25.92 25.83 25.63 25.84 25.95 25.84 25.67 25.66 25.81 25.88 25.93 25.82 25.63 25.55 25.42 25.40 25.32 25.40 25.29 25.09 25.06 24.93 24.99 24.97 25.21 25.32 25.41 25.39 25.30 25.24 25.15 25.07 24.90 24.81 24.70 24.57 24.43
