main/data/temperature/29.07.2023.grid
ncols 886
nrows 691
xllcenter 112.0000
yllcenter -44.5000
cellsize 0.0500
nodata_value 99999.90
[rows 578 to 611 of 691, columns 308 to 384 of 886]
14.09 14.09 14.09 14.08 14.08 14.08 14.07 14.07 14.07 14.07 14.06 14.06 14.06 14.05 14.05 14.05 14.05 14.04 14.04 14.04 14.03 14.03 14.03 14.02 14.03 14.03 14.03 14.02 14.02 14.03 14.02 14.02 14.02 14.02 14.02 14.02 14.02 14.02 14.03 14.02 14.03 14.03 14.03 14.03 14.04 14.03 14.04 14.05 14.05 14.05 14.06 14.06 14.07 14.08 14.08 14.09 14.10 14.11 14.12 14.13 14.14 14.15 14.17 14.18 14.19 14.21 14.22 14.24 14.26 14.27 14.30 14.32 14.34 14.36 14.39 14.41 14.44
14.06 14.06 14.06 14.04 14.04 14.04 14.04 14.03 14.03 14.03 14.03 14.02 14.02 14.02 14.01 14.01 14.01 14.00 14.00 14.01 14.01 14.00 14.00 14.00 13.99 13.99 13.99 13.99 13.99 13.99 13.98 13.98 13.99 13.99 13.98 13.99 13.99 13.98 13.99 13.98 13.99 13.99 14.00 13.99 14.00 14.00 14.00 14.01 14.02 14.01 14.02 14.03 14.03 14.04 14.05 14.05 14.06 14.07 14.07 14.09 14.10 14.11 14.12 14.14 14.14 14.16 14.18 14.19 14.21 14.23 14.24 14.26 14.29 14.30 14.33 14.36 14.38
14.02 14.02 14.02 14.02 14.01 14.01 14.01 14.00 14.00 14.00 14.00 13.99 13.99 13.99 13.99 13.98 13.98 13.98 13.97 13.97 13.97 13.96 13.96 13.96 13.96 13.96 13.96 13.96 13.95 13.95 13.96 13.95 13.95 13.95 13.95 13.95 13.95 13.95 13.95 13.96 13.95 13.95 13.96 13.96 13.96 13.97 13.96 13.97 13.98 13.97 13.98 13.99 13.99 14.00 14.01 14.02 14.02 14.03 14.04 14.04 14.06 14.07 14.07 14.09 14.10 14.11 14.13 14.15 14.15 14.17 14.20 14.21 14.23 14.25 14.27 14.29 14.32
13.99 13.99 13.99 13.98 13.97 13.97 13.97 13.97 13.96 13.96 13.96 13.96 13.95 13.95 13.95 13.94 13.94 13.94 13.95 13.94 13.94 13.94 13.93 13.93 13.93 13.92 13.92 13.93 13.92 13.92 13.92 13.91 13.92 13.92 13.92 13.91 13.92 13.92 13.91 13.92 13.92 13.92 13.92 13.93 13.92 13.93 13.93 13.93 13.94 13.94 13.95 13.95 13.96 13.96 13.96 13.97 13.97 13.98 14.00 14.01 14.01 14.02 14.04 14.04 14.06 14.07 14.08 14.09 14.11 14.12 14.14 14.16 14.17 14.20 14.22 14.23 14.26
13.96 13.95 13.95 13.95 13.95 13.94 13.94 13.94 13.94 13.93 13.93 13.93 13.92 13.92 13.92 13.91 13.91 13.91 13.91 13.90 13.90 13.90 13.89 13.90 13.90 13.90 13.89 13.89 13.89 13.88 13.89 13.89 13.88 13.88 13.89 13.88 13.88 13.88 13.89 13.88 13.89 13.89 13.88 13.89 13.89 13.89 13.90 13.90 13.90 13.90 13.91 13.91 13.92 13.92 13.93 13.93 13.94 13.95 13.95 13.96 13.97 13.98 13.99 14.00 14.01 14.02 14.04 14.04 14.06 14.08 14.09 14.11 14.13 14.14 14.16 14.19 14.21
13.93 13.92 13.92 13.92 13.92 13.91 13.91 13.90 13.90 13.89 13.89 13.89 13.88 13.88 13.89 13.89 13.88 13.88 13.88 13.88 13.87 13.87 13.87 13.86 13.86 13.86 13.86 13.86 13.86 13.86 13.85 13.85 13.86 13.85 13.85 13.85 13.85 13.85 13.85 13.86 13.85 13.85 13.86 13.85 13.86 13.86 13.86 13.86 13.87 13.87 13.87 13.88 13.88 13.88 13.89 13.89 13.90 13.91 13.91 13.92 13.93 13.93 13.95 13.96 13.97 13.97 13.99 14.01 14.01 14.03 14.05 14.06 14.07 14.09 14.12 14.13 14.15
13.89 13.89 13.88 13.88 13.88 13.88 13.87 13.87 13.87 13.87 13.86 13.86 13.86 13.85 13.85 13.85 13.85 13.84 13.84 13.84 13.83 13.84 13.84 13.84 13.83 13.83 13.83 13.82 13.82 13.83 13.83 13.82 13.82 13.82 13.82 13.82 13.82 13.81 13.82 13.82 13.81 13.82 13.82 13.83 13.82 13.83 13.83 13.83 13.83 13.84 13.83 13.84 13.85 13.84 13.85 13.86 13.86 13.87 13.88 13.88 13.89 13.90 13.90 13.91 13.93 13.94 13.94 13.96 13.97 13.98 14.00 14.01 14.02 14.04 14.06 14.07 14.09
13.86 13.86 13.86 13.85 13.85 13.85 13.84 13.84 13.84 13.84 13.83 13.83 13.83 13.83 13.82 13.82 13.82 13.81 13.81 13.81 13.81 13.80 13.80 13.80 13.79 13.80 13.80 13.80 13.79 13.79 13.79 13.79 13.79 13.79 13.79 13.78 13.79 13.79 13.78 13.79 13.79 13.78 13.79 13.79 13.78 13.79 13.79 13.79 13.79 13.80 13.81 13.80 13.81 13.81 13.81 13.82 13.83 13.83 13.84 13.85 13.86 13.86 13.87 13.88 13.88 13.89 13.91 13.91 13.92 13.94 13.95 13.96 13.98 13.99 14.01 14.03 14.05
13.83 13.83 13.83 13.82 13.82 13.82 13.81 13.80 13.80 13.80 13.80 13.79 13.79 13.79 13.79 13.79 13.79 13.79 13.78 13.78 13.78 13.78 13.77 13.77 13.77 13.76 13.76 13.77 13.77 13.76 13.76 13.76 13.75 13.76 13.76 13.76 13.75 13.75 13.76 13.75 13.75 13.76 13.75 13.75 13.76 13.75 13.76 13.76 13.76 13.76 13.77 13.77 13.77 13.78 13.78 13.78 13.79 13.80 13.80 13.80 13.81 13.81 13.82 13.83 13.85 13.85 13.86 13.87 13.88 13.89 13.91 13.91 13.93 13.95 13.96 13.97 13.99
13.79 13.79 13.79 13.79 13.78 13.78 13.78 13.78 13.77 13.77 13.77 13.76 13.76 13.76 13.76 13.75 13.75 13.75 13.75 13.74 13.74 13.75 13.74 13.74 13.74 13.74 13.73 13.73 13.73 13.72 13.73 13.73 13.73 13.72 13.72 13.73 13.72 13.72 13.72 13.72 13.72 13.72 13.73 13.72 13.72 13.73 13.72 13.73 13.73 13.73 13.73 13.74 13.74 13.74 13.74 13.75 13.75 13.76 13.76 13.76 13.77 13.78 13.79 13.79 13.80 13.81 13.82 13.83 13.84 13.84 13.86 13.87 13.88 13.90 13.91 13.93 13.94
13.76 13.76 13.76 13.76 13.75 13.75 13.75 13.75 13.74 13.74 13.74 13.74 13.73 13.73 13.73 13.73 13.72 13.72 13.72 13.71 13.71 13.71 13.71 13.70 13.71 13.71 13.71 13.70 13.70 13.70 13.69 13.69 13.70 13.70 13.69 13.69 13.69 13.69 13.69 13.69 13.69 13.69 13.69 13.69 13.69 13.69 13.70 13.69 13.69 13.70 13.70 13.70 13.70 13.71 13.71 13.71 13.72 13.72 13.73 13.73 13.73 13.74 13.75 13.76 13.76 13.77 13.78 13.78 13.79 13.81 13.81 13.83 13.84 13.86 13.86 13.88 13.90
13.74 13.73 13.73 13.73 13.73 13.72 13.72 13.72 13.72 13.71 13.71 13.71 13.71 13.70 13.70 13.70 13.70 13.69 13.69 13.69 13.68 13.68 13.68 13.68 13.67 13.67 13.67 13.68 13.67 13.67 13.67 13.66 13.66 13.66 13.66 13.66 13.66 13.66 13.65 13.66 13.66 13.65 13.66 13.66 13.66 13.66 13.66 13.66 13.66 13.66 13.67 13.66 13.67 13.67 13.68 13.68 13.68 13.69 13.69 13.69 13.70 13.71 13.71 13.72 13.73 13.73 13.74 13.75 13.75 13.76 13.78 13.79 13.79 13.81 13.82 13.83 13.84
13.71 13.71 13.70 13.70 13.69 13.69 13.68 13.68 13.68 13.68 13.67 13.67 13.67 13.67 13.67 13.67 13.67 13.66 13.66 13.66 13.66 13.65 13.65 13.65 13.65 13.64 13.64 13.64 13.63 13.64 13.64 13.64 13.63 13.63 13.63 13.62 13.63 13.63 13.63 13.62 13.63 13.63 13.62 13.62 13.63 13.63 13.62 13.63 13.63 13.63 13.63 13.64 13.63 13.64 13.64 13.65 13.64 13.65 13.66 13.65 13.66 13.67 13.68 13.68 13.69 13.69 13.69 13.71 13.72 13.72 13.73 13.74 13.76 13.76 13.77 13.79 13.79
13.67 13.67 13.67 13.66 13.66 13.66 13.66 13.65 13.65 13.65 13.64 13.64 13.64 13.64 13.63 13.63 13.63 13.63 13.62 13.62 13.63 13.63 13.62 13.62 13.62 13.62 13.61 13.61 13.61 13.60 13.60 13.61 13.61 13.60 13.60 13.60 13.60 13.60 13.60 13.60 13.59 13.59 13.60 13.59 13.59 13.60 13.60 13.59 13.60 13.60 13.60 13.60 13.60 13.61 13.60 13.61 13.62 13.61 13.62 13.63 13.62 13.63 13.64 13.65 13.64 13.65 13.66 13.66 13.67 13.68 13.70 13.70 13.71 13.72 13.73 13.74 13.76
13.64 13.64 13.64 13.63 13.63 13.63 13.63 13.62 13.62 13.62 13.62 13.62 13.61 13.61 13.61 13.60 13.60 13.60 13.60 13.59 13.59 13.59 13.59 13.59 13.59 13.59 13.59 13.58 13.58 13.58 13.57 13.57 13.57 13.58 13.57 13.57 13.57 13.56 13.56 13.57 13.57 13.56 13.56 13.57 13.56 13.56 13.57 13.57 13.56 13.57 13.57 13.56 13.57 13.57 13.58 13.57 13.58 13.58 13.58 13.59 13.59 13.60 13.60 13.61 13.61 13.61 13.62 13.63 13.63 13.64 13.65 13.66 13.66 13.68 13.69 13.70 13.71
13.61 13.61 13.61 13.61 13.60 13.60 13.60 13.60 13.59 13.59 13.59 13.59 13.58 13.58 13.58 13.58 13.57 13.57 13.57 13.57 13.56 13.56 13.56 13.56 13.55 13.55 13.56 13.55 13.55 13.55 13.55 13.54 13.54 13.54 13.54 13.54 13.54 13.54 13.53 13.53 13.54 13.54 13.53 13.53 13.54 13.53 13.53 13.53 13.54 13.53 13.54 13.54 13.53 13.54 13.54 13.55 13.54 13.55 13.55 13.55 13.56 13.56 13.57 13.57 13.57 13.58 13.58 13.59 13.60 13.61 13.61 13.62 13.63 13.63 13.64 13.66 13.67
13.59 13.58 13.58 13.58 13.58 13.57 13.57 13.57 13.57 13.56 13.56 13.56 13.56 13.55 13.55 13.55 13.55 13.54 13.54 13.54 13.54 13.53 13.53 13.53 13.53 13.52 13.52 13.52 13.53 13.52 13.52 13.52 13.51 13.51 13.51 13.51 13.51 13.51 13.51 13.50 13.50 13.50 13.51 13.50 13.50 13.50 13.51 13.50 13.50 13.51 13.50 13.50 13.51 13.51 13.51 13.51 13.52 13.51 13.52 13.52 13.53 13.52 13.53 13.54 13.53 13.54 13.55 13.55 13.56 13.57 13.58 13.58 13.59 13.60 13.61 13.61 13.62
13.56 13.55 13.55 13.55 13.55 13.54 13.54 13.54 13.54 13.54 13.53 13.53 13.53 13.53 13.52 13.52 13.52 13.52 13.51 13.51 13.51 13.51 13.50 13.50 13.50 13.50 13.49 13.49 13.49 13.49 13.49 13.49 13.49 13.48 13.48 13.48 13.48 13.47 13.48 13.48 13.47 13.47 13.47 13.48 13.47 13.47 13.47 13.47 13.47 13.47 13.48 13.47 13.47 13.48 13.47 13.48 13.48 13.48 13.48 13.49 13.49 13.50 13.49 13.50 13.51 13.50 13.51 13.52 13.53 13.52 13.53 13.54 13.54 13.55 13.56 13.58 13.58
13.52 13.52 13.51 13.51 13.51 13.51 13.51 13.50 13.50 13.50 13.50 13.49 13.49 13.49 13.49 13.49 13.49 13.49 13.49 13.48 13.48 13.48 13.48 13.47 13.47 13.47 13.46 13.46 13.46 13.46 13.46 13.45 13.46 13.46 13.45 13.45 13.45 13.45 13.44 13.45 13.45 13.45 13.44 13.44 13.45 13.44 13.44 13.44 13.45 13.44 13.44 13.44 13.44 13.44 13.45 13.45 13.44 13.45 13.45 13.46 13.45 13.46 13.47 13.46 13.47 13.47 13.47 13.48 13.49 13.49 13.49 13.50 13.51 13.52 13.52 13.53 13.54
13.49 13.49 13.49 13.48 13.48 13.48 13.48 13.47 13.47 13.47 13.47 13.46 13.46 13.46 13.46 13.46 13.45 13.45 13.45 13.46 13.45 13.45 13.45 13.45 13.44 13.44 13.44 13.44 13.43 13.43 13.43 13.43 13.42 13.42 13.43 13.42 13.42 13.42 13.42 13.41 13.41 13.42 13.41 13.41 13.41 13.41 13.41 13.41 13.41 13.41 13.41 13.41 13.41 13.41 13.41 13.41 13.42 13.41 13.42 13.42 13.43 13.42 13.43 13.43 13.43 13.44 13.44 13.45 13.45 13.45 13.46 13.46 13.47 13.48 13.49 13.49 13.50
13.46 13.46 13.46 13.46 13.45 13.45 13.45 13.45 13.45 13.44 13.44 13.44 13.44 13.43 13.43 13.43 13.43 13.42 13.42 13.42 13.42 13.41 13.41 13.42 13.42 13.41 13.41 13.41 13.41 13.40 13.40 13.40 13.39 13.39 13.39 13.39 13.39 13.39 13.39 13.39 13.38 13.38 13.39 13.39 13.38 13.38 13.38 13.38 13.38 13.38 13.38 13.38 13.38 13.38 13.39 13.38 13.38 13.39 13.38 13.39 13.39 13.40 13.39 13.40 13.40 13.41 13.40 13.41 13.42 13.41 13.42 13.43 13.44 13.44 13.45 13.46 13.47
13.44 13.43 13.43 13.43 13.43 13.42 13.42 13.42 13.42 13.41 13.41 13.41 13.41 13.41 13.40 13.40 13.40 13.40 13.39 13.39 13.39 13.39 13.38 13.38 13.38 13.39 13.38 13.38 13.38 13.38 13.37 13.37 13.37 13.37 13.36 13.36 13.36 13.37 13.36 13.36 13.36 13.35 13.35 13.35 13.36 13.35 13.35 13.35 13.36 13.35 13.35 13.35 13.35 13.35 13.35 13.36 13.35 13.35 13.36 13.36 13.36 13.36 13.36 13.37 13.36 13.37 13.38 13.37 13.38 13.39 13.39 13.39 13.40 13.41 13.40 13.41 13.42
13.41 13.41 13.40 13.40 13.40 13.40 13.39 13.39 13.39 13.39 13.38 13.38 13.38 13.38 13.38 13.37 13.37 13.37 13.37 13.36 13.36 13.36 13.36 13.35 13.35 13.35 13.35 13.35 13.35 13.35 13.35 13.34 13.34 13.34 13.34 13.33 13.33 13.33 13.33 13.33 13.33 13.33 13.32 13.32 13.32 13.33 13.32 13.32 13.32 13.32 13.32 13.32 13.32 13.32 13.32 13.32 13.32 13.32 13.32 13.33 13.33 13.32 13.33 13.33 13.34 13.33 13.34 13.34 13.35 13.35 13.35 13.36 13.37 13.37 13.37 13.38 13.38
13.38 13.38 13.38 13.37 13.37 13.37 13.37 13.36 13.36 13.36 13.36 13.36 13.35 13.35 13.35 13.35 13.34 13.34 13.34 13.34 13.33 13.33 13.33 13.33 13.32 13.32 13.32 13.32 13.31 13.31 13.32 13.32 13.31 13.31 13.31 13.31 13.30 13.30 13.30 13.30 13.30 13.30 13.30 13.29 13.29 13.29 13.30 13.29 13.29 13.29 13.29 13.29 13.29 13.29 13.29 13.29 13.29 13.29 13.30 13.29 13.29 13.30 13.29 13.30 13.30 13.31 13.30 13.31 13.31 13.32 13.32 13.32 13.33 13.34 13.33 13.34 13.35
13.35 13.35 13.35 13.35 13.34 13.34 13.34 13.34 13.33 13.33 13.33 13.33 13.32 13.32 13.32 13.32 13.32 13.31 13.31 13.31 13.31 13.30 13.30 13.30 13.30 13.29 13.29 13.29 13.29 13.28 13.28 13.29 13.29 13.28 13.28 13.28 13.28 13.27 13.27 13.27 13.27 13.27 13.27 13.27 13.27 13.26 13.26 13.26 13.27 13.26 13.26 13.26 13.27 13.26 13.26 13.26 13.26 13.26 13.26 13.27 13.26 13.26 13.27 13.27 13.27 13.27 13.28 13.28 13.28 13.28 13.29 13.29 13.29 13.30 13.30 13.30 13.31
13.32 13.32 13.32 13.32 13.32 13.31 13.31 13.31 13.31 13.30 13.30 13.30 13.30 13.29 13.29 13.29 13.29 13.29 13.28 13.28 13.28 13.28 13.27 13.27 13.27 13.27 13.27 13.26 13.26 13.26 13.26 13.25 13.25 13.26 13.26 13.25 13.25 13.25 13.25 13.24 13.24 13.24 13.23 13.24 13.24 13.24 13.23 13.23 13.23 13.24 13.23 13.23 13.23 13.23 13.23 13.23 13.23 13.24 13.23 13.23 13.24 13.23 13.23 13.24 13.24 13.23 13.24 13.24 13.25 13.24 13.25 13.26 13.26 13.26 13.26 13.27 13.28
13.30 13.29 13.29 13.29 13.29 13.29 13.28 13.28 13.28 13.28 13.28 13.27 13.27 13.27 13.27 13.26 13.26 13.26 13.26 13.25 13.25 13.25 13.25 13.24 13.24 13.24 13.24 13.24 13.23 13.23 13.23 13.22 13.22 13.22 13.22 13.22 13.22 13.22 13.22 13.21 13.21 13.21 13.21 13.21 13.21 13.21 13.21 13.21 13.20 13.20 13.21 13.21 13.20 13.20 13.20 13.20 13.20 13.20 13.20 13.20 13.20 13.20 13.21 13.20 13.21 13.21 13.21 13.21 13.21 13.22 13.22 13.22 13.22 13.23 13.24 13.23 13.24
13.27 13.27 13.26 13.26 13.26 13.26 13.26 13.25 13.25 13.25 13.25 13.24 13.24 13.24 13.24 13.24 13.23 13.23 13.23 13.23 13.22 13.22 13.22 13.22 13.21 13.21 13.21 13.21 13.21 13.20 13.20 13.20 13.20 13.19 13.19 13.19 13.20 13.19 13.19 13.19 13.19 13.18 13.18 13.18 13.18 13.18 13.18 13.18 13.18 13.17 13.17 13.17 13.18 13.17 13.17 13.17 13.18 13.17 13.17 13.17 13.18 13.17 13.17 13.18 13.17 13.17 13.18 13.18 13.19 13.18 13.19 13.19 13.20 13.19 13.20 13.20 13.21
13.24 13.24 13.24 13.24 13.23 13.23 13.23 13.23 13.22 13.22 13.22 13.22 13.22 13.21 13.21 13.21 13.21 13.20 13.20 13.20 13.20 13.20 13.19 13.19 13.19 13.19 13.18 13.18 13.18 13.18 13.17 13.17 13.17 13.17 13.16 13.16 13.16 13.17 13.17 13.16 13.16 13.16 13.16 13.15 13.15 13.15 13.14 13.15 13.15 13.15 13.14 13.14 13.14 13.15 13.14 13.14 13.14 13.14 13.14 13.14 13.14 13.15 13.14 13.14 13.15 13.15 13.14 13.15 13.15 13.16 13.15 13.15 13.16 13.17 13.16 13.17 13.17
13.21 13.21 13.21 13.21 13.20 13.19 13.19 13.19 13.19 13.19 13.18 13.19 13.19 13.19 13.18 13.18 13.18 13.18 13.18 13.17 13.17 13.17 13.17 13.16 13.16 13.16 13.16 13.15 13.15 13.15 13.15 13.14 13.14 13.14 13.14 13.13 13.13 13.13 13.13 13.13 13.13 13.13 13.13 13.13 13.12 13.12 13.12 13.12 13.12 13.12 13.12 13.12 13.11 13.11 13.12 13.12 13.11 13.11 13.11 13.12 13.11 13.11 13.12 13.12 13.11 13.11 13.12 13.12 13.12 13.12 13.12 13.13 13.12 13.13 13.13 13.14 13.13
13.18 13.17 13.17 13.17 13.17 13.17 13.16 13.16 13.16 13.16 13.15 13.15 13.15 13.15 13.15 13.14 13.15 13.15 13.15 13.15 13.14 13.14 13.14 13.14 13.13 13.13 13.13 13.13 13.12 13.12 13.12 13.12 13.12 13.11 13.11 13.11 13.11 13.10 13.10 13.10 13.11 13.10 13.10 13.10 13.10 13.09 13.09 13.09 13.09 13.09 13.09 13.09 13.09 13.08 13.08 13.08 13.09 13.09 13.08 13.08 13.09 13.09 13.08 13.08 13.09 13.09 13.08 13.09 13.09 13.09 13.09 13.09 13.10 13.10 13.10 13.10 13.11
13.15 13.15 13.14 13.14 13.14 13.14 13.14 13.13 13.13 13.13 13.13 13.13 13.12 13.12 13.12 13.12 13.12 13.11 13.11 13.11 13.12 13.11 13.11 13.11 13.11 13.11 13.10 13.10 13.10 13.10 13.09 13.09 13.09 13.09 13.08 13.08 13.08 13.08 13.07 13.07 13.07 13.08 13.08 13.07 13.07 13.07 13.07 13.06 13.06 13.06 13.06 13.06 13.06 13.06 13.06 13.05 13.05 13.06 13.06 13.05 13.05 13.06 13.06 13.05 13.05 13.06 13.06 13.05 13.06 13.06 13.06 13.06 13.06 13.07 13.07 13.07 13.07
13.12 13.12 13.12 13.12 13.11 13.11 13.11 13.11 13.11 13.10 13.10 13.10 13.10 13.10 13.09 13.09 13.09 13.09 13.08 13.08 13.08 13.08 13.09 13.08 13.08 13.08 13.08 13.07 13.07 13.07 13.07 13.07 13.06 13.06 13.06 13.05 13.05 13.05 13.05 13.05 13.04 13.04 13.04 13.05 13.04 13.04 13.04 13.04 13.03 13.03 13.03 13.03 13.03 13.03 13.03 13.03 13.03 13.02 13.03 13.03 13.03 13.02 13.02 13.03 13.03 13.02 13.02 13.03 13.03 13.02 13.03 13.03 13.04 13.03 13.03 13.04 13.04
13.09 13.09 13.09 13.09 13.09 13.08 13.08 13.08 13.08 13.08 13.07 13.07 13.07 13.07 13.06 13.06 13.06 13.06 13.06 13.05 13.05 13.05 13.05 13.05 13.05 13.05 13.05 13.05 13.04 13.04 13.04 13.04 13.04 13.03 13.03 13.03 13.03 13.02 13.02 13.02 13.02 13.02 13.01 13.01 13.02 13.02 13.01 13.01 13.01 13.01 13.00 13.00 13.00 13.01 13.00 13.00 13.00 13.00 12.99 13.00 13.00 13.00 12.99 12.99 13.00 13.00 12.99 12.99 13.00 13.00 13.00 13.00 13.00 13.00 13.01 13.00 13.01
