main/data/temperature/29.08.2023.grid
ncols 886
nrows 691
xllcenter 112.0000
yllcenter -44.5000
cellsize 0.0500
nodata_value 99999.90
[rows 544 to 577 of 691, columns 462 to 538 of 886]
18.36 18.43 18.50 18.58 18.65 18.73 18.80 18.89 18.96 19.04 19.11 19.19 19.26 19.33 19.40 19.48 19.55 19.63 19.70 19.77 19.83 19.90 19.97 20.03 20.10 20.17 20.23 20.30 20.36 20.42 20.48 20.53 20.58 20.63 20.69 20.74 20.79 20.84 20.89 20.92 20.97 21.01 21.05 21.08 21.12 21.16 21.19 21.22 21.25 21.27 21.29 21.32 21.34 21.36 21.37 21.39 21.40 21.40 21.40 21.40 21.38 21.35 21.31 21.25 21.17 21.07 20.95 20.79 20.60 20.37 20.09 19.76 19.37 19.00 18.89 18.90 18.92
18.31 18.38 18.46 18.53 18.61 18.68 18.75 18.83 18.90 18.98 19.05 19.12 19.20 19.28 19.35 19.42 19.49 19.56 19.63 19.70 19.77 19.84 19.91 19.97 20.04 20.10 20.16 20.23 20.29 20.34 20.40 20.46 20.51 20.57 20.62 20.67 20.71 20.76 20.81 20.85 20.90 20.94 20.97 21.01 21.05 21.08 21.11 21.14 21.17 21.19 21.22 21.24 21.26 21.28 21.30 21.32 21.33 21.33 21.33 21.32 21.30 21.28 21.24 21.19 21.11 21.01 20.89 20.74 20.56 20.32 20.05 19.74 19.36 18.99 18.81 18.81 18.83
18.26 18.33 18.41 18.48 18.56 18.63 18.70 18.78 18.85 18.92 19.00 19.07 19.14 19.21 19.28 19.36 19.43 19.50 19.57 19.64 19.71 19.77 19.84 19.90 19.97 20.04 20.10 20.16 20.22 20.28 20.34 20.39 20.45 20.49 20.54 20.59 20.64 20.69 20.74 20.78 20.81 20.86 20.90 20.93 20.97 21.01 21.04 21.06 21.09 21.12 21.14 21.17 21.19 21.21 21.22 21.24 21.25 21.25 21.25 21.25 21.23 21.21 21.17 21.12 21.05 20.96 20.84 20.70 20.51 20.30 20.04 19.74 19.38 19.00 18.74 18.71 18.73
18.20 18.29 18.36 18.42 18.51 18.58 18.65 18.72 18.80 18.87 18.94 19.01 19.09 19.16 19.23 19.30 19.37 19.44 19.51 19.58 19.65 19.71 19.78 19.84 19.91 19.97 20.03 20.09 20.15 20.20 20.26 20.32 20.37 20.42 20.47 20.52 20.57 20.61 20.65 20.70 20.74 20.78 20.82 20.86 20.89 20.92 20.95 20.98 21.01 21.04 21.06 21.09 21.11 21.13 21.14 21.16 21.17 21.18 21.17 21.18 21.16 21.14 21.10 21.06 20.99 20.90 20.80 20.66 20.49 20.28 20.04 19.76 19.42 19.05 18.70 18.63 18.65
18.15 18.23 18.30 18.37 18.45 18.52 18.59 18.66 18.73 18.81 18.89 18.95 19.03 19.10 19.17 19.24 19.31 19.38 19.44 19.51 19.58 19.64 19.71 19.77 19.83 19.90 19.96 20.02 20.08 20.14 20.19 20.25 20.30 20.34 20.39 20.44 20.49 20.54 20.58 20.62 20.66 20.70 20.74 20.77 20.81 20.84 20.87 20.90 20.93 20.96 20.98 21.01 21.03 21.05 21.06 21.08 21.09 21.10 21.11 21.10 21.08 21.07 21.03 20.99 20.93 20.85 20.75 20.62 20.47 20.28 20.06 19.79 19.48 19.13 18.77 18.58 18.57
18.11 18.18 18.25 18.32 18.40 18.47 18.54 18.61 18.68 18.75 18.82 18.90 18.97 19.04 19.10 19.17 19.25 19.32 19.39 19.45 19.52 19.58 19.64 19.71 19.77 19.83 19.89 19.95 20.00 20.06 20.12 20.17 20.22 20.27 20.32 20.37 20.42 20.46 20.51 20.55 20.58 20.62 20.66 20.69 20.73 20.76 20.79 20.82 20.85 20.88 20.90 20.92 20.95 20.96 20.98 21.00 21.01 21.02 21.02 21.02 21.01 21.00 20.97 20.93 20.87 20.80 20.72 20.60 20.45 20.28 20.08 19.84 19.56 19.23 18.86 18.55 18.49
18.06 18.13 18.20 18.27 18.35 18.42 18.49 18.56 18.63 18.70 18.77 18.84 18.91 18.98 19.05 19.12 19.18 19.25 19.32 19.38 19.45 19.52 19.58 19.64 19.70 19.76 19.82 19.88 19.94 19.99 20.05 20.10 20.15 20.20 20.25 20.30 20.33 20.39 20.42 20.46 20.50 20.54 20.58 20.61 20.65 20.68 20.71 20.74 20.77 20.80 20.82 20.84 20.86 20.88 20.90 20.92 20.93 20.94 20.95 20.95 20.94 20.93 20.90 20.87 20.82 20.76 20.68 20.57 20.45 20.29 20.11 19.89 19.63 19.34 19.01 18.67 18.46
18.01 18.08 18.14 18.22 18.29 18.36 18.43 18.51 18.58 18.65 18.72 18.79 18.86 18.92 18.99 19.06 19.13 19.19 19.26 19.32 19.38 19.45 19.51 19.57 19.63 19.69 19.75 19.80 19.86 19.92 19.98 20.02 20.07 20.12 20.17 20.21 20.26 20.30 20.35 20.39 20.43 20.46 20.50 20.54 20.57 20.60 20.63 20.66 20.69 20.71 20.74 20.76 20.78 20.80 20.83 20.84 20.85 20.86 20.87 20.87 20.86 20.86 20.83 20.81 20.76 20.71 20.64 20.55 20.44 20.30 20.14 19.95 19.72 19.46 19.16 18.84 18.53
17.96 18.03 18.10 18.17 18.24 18.31 18.38 18.45 18.52 18.58 18.65 18.72 18.79 18.86 18.94 19.00 19.07 19.13 19.20 19.26 19.32 19.39 19.45 19.51 19.57 19.62 19.68 19.74 19.79 19.85 19.90 19.95 20.00 20.05 20.09 20.14 20.19 20.23 20.27 20.31 20.35 20.39 20.42 20.46 20.49 20.52 20.55 20.58 20.61 20.63 20.66 20.68 20.70 20.72 20.74 20.76 20.77 20.78 20.79 20.79 20.79 20.79 20.77 20.75 20.71 20.67 20.61 20.53 20.43 20.32 20.18 20.00 19.80 19.58 19.32 19.03 18.71
17.91 17.98 18.05 18.12 18.19 18.26 18.33 18.39 18.46 18.53 18.60 18.67 18.74 18.80 18.87 18.93 19.00 19.06 19.13 19.20 19.25 19.32 19.38 19.44 19.50 19.56 19.62 19.67 19.72 19.78 19.83 19.88 19.93 19.98 20.02 20.07 20.11 20.15 20.19 20.23 20.27 20.30 20.33 20.38 20.40 20.43 20.46 20.50 20.53 20.55 20.58 20.60 20.62 20.64 20.65 20.68 20.69 20.70 20.72 20.72 20.73 20.72 20.70 20.69 20.67 20.62 20.57 20.50 20.42 20.33 20.21 20.05 19.89 19.69 19.47 19.22 18.94
17.86 17.93 18.00 18.07 18.14 18.21 18.27 18.34 18.41 18.48 18.55 18.61 18.68 18.75 18.81 18.88 18.94 19.01 19.07 19.13 19.19 19.25 19.31 19.37 19.43 19.48 19.55 19.59 19.65 19.70 19.76 19.80 19.86 19.89 19.95 19.99 20.03 20.07 20.11 20.15 20.19 20.22 20.26 20.29 20.32 20.35 20.38 20.42 20.45 20.47 20.50 20.52 20.54 20.56 20.58 20.60 20.61 20.62 20.64 20.64 20.64 20.65 20.64 20.63 20.61 20.58 20.54 20.48 20.41 20.33 20.23 20.10 19.96 19.80 19.61 19.40 19.16
17.81 17.88 17.95 18.02 18.09 18.16 18.22 18.29 18.36 18.43 18.49 18.56 18.63 18.69 18.76 18.82 18.88 18.95 19.01 19.07 19.13 19.19 19.25 19.31 19.36 19.42 19.47 19.53 19.58 19.63 19.68 19.73 19.78 19.82 19.87 19.91 19.95 20.00 20.04 20.07 20.11 20.15 20.18 20.21 20.24 20.27 20.30 20.33 20.36 20.39 20.42 20.44 20.46 20.48 20.51 20.52 20.54 20.55 20.57 20.57 20.58 20.58 20.58 20.57 20.56 20.53 20.50 20.45 20.40 20.33 20.25 20.14 20.03 19.89 19.73 19.56 19.36
17.76 17.83 17.89 17.96 18.03 18.10 18.16 18.23 18.30 18.36 18.43 18.50 18.56 18.62 18.70 18.76 18.83 18.89 18.95 19.01 19.07 19.13 19.19 19.24 19.30 19.35 19.41 19.46 19.51 19.56 19.61 19.66 19.71 19.75 19.80 19.84 19.88 19.92 19.96 20.00 20.03 20.07 20.10 20.14 20.17 20.20 20.23 20.25 20.29 20.31 20.34 20.36 20.38 20.40 20.43 20.44 20.46 20.48 20.49 20.50 20.51 20.51 20.52 20.51 20.50 20.48 20.46 20.42 20.38 20.33 20.26 20.18 20.08 19.97 19.84 19.70 19.53
17.71 17.78 17.85 17.91 17.98 18.05 18.11 18.18 18.25 18.31 18.38 18.44 18.51 18.57 18.63 18.70 18.76 18.82 18.88 18.95 19.01 19.07 19.12 19.18 19.24 19.29 19.34 19.39 19.45 19.50 19.54 19.59 19.64 19.68 19.73 19.77 19.81 19.85 19.89 19.92 19.96 19.99 20.03 20.06 20.09 20.12 20.15 20.18 20.20 20.24 20.26 20.28 20.30 20.32 20.35 20.37 20.38 20.40 20.42 20.42 20.44 20.44 20.45 20.45 20.45 20.43 20.42 20.40 20.36 20.32 20.27 20.20 20.12 20.04 19.93 19.82 19.69
17.67 17.73 17.80 17.86 17.93 18.00 18.06 18.13 18.19 18.26 18.32 18.39 18.45 18.51 18.58 18.64 18.70 18.76 18.82 18.88 18.94 19.00 19.05 19.11 19.16 19.21 19.27 19.33 19.38 19.42 19.48 19.52 19.57 19.61 19.65 19.70 19.74 19.78 19.81 19.85 19.89 19.92 19.95 19.98 20.01 20.04 20.07 20.10 20.12 20.16 20.18 20.20 20.23 20.25 20.27 20.29 20.31 20.33 20.34 20.35 20.37 20.38 20.39 20.39 20.39 20.38 20.37 20.36 20.33 20.30 20.27 20.21 20.15 20.09 20.01 19.91 19.81
17.67 17.70 17.75 17.82 17.88 17.95 18.01 18.08 18.14 18.21 18.27 18.33 18.40 18.46 18.52 18.58 18.64 18.70 18.76 18.82 18.88 18.93 18.99 19.04 19.10 19.15 19.20 19.25 19.30 19.35 19.40 19.44 19.49 19.54 19.58 19.62 19.66 19.70 19.74 19.78 19.81 19.85 19.88 19.91 19.94 19.97 20.00 20.02 20.05 20.08 20.11 20.13 20.15 20.17 20.20 20.22 20.23 20.26 20.27 20.29 20.30 20.31 20.32 20.33 20.33 20.33 20.33 20.32 20.30 20.28 20.26 20.21 20.17 20.12 20.06 19.99 19.91
17.76 17.75 17.75 17.78 17.84 17.90 17.96 18.03 18.09 18.15 18.22 18.28 18.34 18.40 18.46 18.53 18.58 18.64 18.70 18.76 18.82 18.87 18.93 18.98 19.03 19.09 19.14 19.19 19.24 19.28 19.33 19.38 19.42 19.46 19.50 19.54 19.58 19.62 19.67 19.70 19.74 19.77 19.80 19.84 19.87 19.89 19.92 19.95 19.97 20.01 20.03 20.05 20.07 20.11 20.12 20.14 20.17 20.18 20.20 20.22 20.23 20.24 20.26 20.26 20.28 20.28 20.28 20.28 20.26 20.25 20.24 20.22 20.18 20.14 20.10 20.05 19.99
17.86 17.85 17.83 17.83 17.83 17.86 17.92 17.98 18.04 18.10 18.16 18.23 18.29 18.35 18.41 18.47 18.53 18.59 18.64 18.70 18.76 18.81 18.87 18.92 18.97 19.02 19.07 19.12 19.17 19.22 19.26 19.31 19.35 19.39 19.43 19.47 19.51 19.55 19.59 19.62 19.67 19.70 19.73 19.76 19.79 19.82 19.85 19.87 19.90 19.93 19.96 19.98 20.00 20.03 20.05 20.07 20.10 20.11 20.13 20.15 20.17 20.19 20.20 20.21 20.22 20.23 20.23 20.23 20.23 20.22 20.22 20.20 20.19 20.15 20.12 20.09 20.05
17.95 17.93 17.92 17.91 17.90 17.89 17.90 17.93 17.98 18.04 18.10 18.16 18.22 18.28 18.34 18.40 18.46 18.52 18.58 18.64 18.70 18.75 18.80 18.86 18.91 18.96 19.01 19.06 19.10 19.15 19.20 19.24 19.28 19.33 19.37 19.41 19.44 19.48 19.52 19.55 19.59 19.63 19.66 19.69 19.72 19.75 19.78 19.80 19.84 19.86 19.89 19.91 19.94 19.96 19.98 20.00 20.03 20.04 20.06 20.09 20.10 20.12 20.13 20.15 20.16 20.17 20.18 20.19 20.19 20.19 20.19 20.18 20.17 20.15 20.13 20.11 20.08
18.03 18.02 18.01 18.00 17.99 17.98 17.97 17.97 17.97 18.00 18.05 18.11 18.17 18.23 18.29 18.35 18.40 18.46 18.52 18.57 18.63 18.68 18.74 18.80 18.85 18.90 18.95 18.99 19.04 19.09 19.13 19.17 19.22 19.26 19.30 19.34 19.37 19.41 19.45 19.48 19.52 19.56 19.59 19.62 19.65 19.68 19.70 19.73 19.77 19.79 19.81 19.84 19.86 19.89 19.91 19.93 19.96 19.98 19.99 20.02 20.03 20.06 20.07 20.09 20.10 20.12 20.12 20.14 20.15 20.15 20.15 20.15 20.15 20.14 20.13 20.12 20.10
18.10 18.10 18.09 18.09 18.08 18.07 18.06 18.05 18.04 18.04 18.04 18.07 18.12 18.17 18.23 18.29 18.35 18.40 18.46 18.51 18.57 18.62 18.67 18.72 18.77 18.83 18.88 18.93 18.98 19.02 19.07 19.11 19.15 19.19 19.23 19.27 19.31 19.34 19.38 19.41 19.45 19.49 19.52 19.55 19.58 19.61 19.63 19.66 19.70 19.72 19.75 19.77 19.80 19.82 19.84 19.86 19.89 19.91 19.94 19.95 19.97 19.99 20.01 20.03 20.05 20.06 20.08 20.09 20.10 20.11 20.11 20.12 20.13 20.13 20.12 20.11 20.11
18.17 18.17 18.16 18.16 18.16 18.15 18.15 18.14 18.13 18.12 18.11 18.11 18.11 18.14 18.18 18.24 18.29 18.35 18.40 18.46 18.51 18.56 18.61 18.66 18.71 18.76 18.81 18.86 18.91 18.96 19.00 19.04 19.08 19.12 19.16 19.20 19.24 19.28 19.31 19.35 19.39 19.42 19.45 19.48 19.51 19.54 19.57 19.59 19.63 19.65 19.68 19.70 19.73 19.75 19.78 19.81 19.83 19.84 19.87 19.89 19.92 19.93 19.96 19.97 19.99 20.00 20.03 20.03 20.05 20.07 20.07 20.08 20.09 20.10 20.11 20.10 20.10
18.22 18.23 18.23 18.23 18.23 18.23 18.22 18.22 18.21 18.21 18.20 18.19 18.18 18.17 18.18 18.20 18.24 18.29 18.34 18.40 18.45 18.50 18.55 18.60 18.65 18.70 18.75 18.79 18.84 18.89 18.94 18.98 19.02 19.06 19.10 19.14 19.17 19.21 19.24 19.28 19.32 19.35 19.38 19.41 19.44 19.47 19.50 19.54 19.56 19.59 19.61 19.64 19.67 19.69 19.71 19.74 19.76 19.79 19.81 19.83 19.85 19.87 19.90 19.91 19.94 19.95 19.97 19.99 20.00 20.02 20.04 20.04 20.06 20.07 20.08 20.08 20.09
18.27 18.28 18.28 18.29 18.29 18.29 18.29 18.29 18.28 18.28 18.27 18.27 18.26 18.25 18.24 18.23 18.23 18.25 18.29 18.34 18.39 18.44 18.49 18.54 18.59 18.64 18.69 18.73 18.78 18.83 18.86 18.92 18.96 19.00 19.03 19.07 19.11 19.14 19.18 19.21 19.26 19.29 19.32 19.35 19.38 19.41 19.43 19.47 19.50 19.52 19.55 19.58 19.60 19.63 19.66 19.68 19.70 19.73 19.75 19.78 19.79 19.81 19.84 19.86 19.88 19.89 19.92 19.94 19.95 19.97 19.99 20.00 20.02 20.03 20.05 20.06 20.06
18.32 18.32 18.33 18.34 18.34 18.34 18.35 18.35 18.35 18.34 18.34 18.34 18.33 18.32 18.32 18.31 18.29 18.29 18.29 18.30 18.34 18.39 18.44 18.49 18.53 18.58 18.63 18.67 18.72 18.76 18.80 18.85 18.89 18.93 18.97 19.01 19.04 19.08 19.11 19.15 19.18 19.22 19.25 19.28 19.31 19.34 19.38 19.41 19.43 19.46 19.49 19.52 19.54 19.56 19.60 19.62 19.64 19.67 19.69 19.72 19.74 19.76 19.78 19.80 19.83 19.85 19.87 19.89 19.90 19.93 19.95 19.97 19.98 20.00 20.01 20.03 20.04
18.40 18.38 18.37 18.38 18.39 18.39 18.39 18.40 18.40 18.40 18.40 18.40 18.39 18.39 18.38 18.38 18.37 18.35 18.34 18.33 18.33 18.35 18.38 18.43 18.47 18.52 18.57 18.61 18.66 18.70 18.74 18.79 18.83 18.87 18.91 18.95 18.98 19.02 19.05 19.09 19.12 19.16 19.19 19.22 19.25 19.28 19.32 19.34 19.37 19.40 19.43 19.46 19.48 19.50 19.54 19.56 19.58 19.61 19.63 19.66 19.68 19.71 19.73 19.75 19.77 19.80 19.81 19.84 19.86 19.88 19.90 19.92 19.93 19.96 19.97 19.99 20.01
18.55 18.49 18.45 18.43 18.43 18.43 18.44 18.44 18.45 18.45 18.45 18.45 18.45 18.45 18.44 18.44 18.43 18.42 18.41 18.40 18.38 18.37 18.37 18.39 18.42 18.46 18.51 18.55 18.60 18.64 18.68 18.73 18.77 18.81 18.85 18.88 18.92 18.96 18.99 19.02 19.07 19.10 19.13 19.16 19.19 19.23 19.26 19.28 19.31 19.34 19.37 19.40 19.42 19.45 19.48 19.50 19.53 19.55 19.58 19.61 19.63 19.65 19.67 19.70 19.72 19.75 19.77 19.79 19.82 19.83 19.85 19.88 19.90 19.91 19.94 19.96 19.98
18.70 18.65 18.59 18.53 18.49 18.48 18.47 18.48 18.49 18.49 18.49 18.50 18.50 18.50 18.49 18.49 18.48 18.48 18.47 18.46 18.45 18.43 18.42 18.41 18.40 18.42 18.45 18.49 18.54 18.58 18.62 18.67 18.71 18.75 18.79 18.82 18.86 18.90 18.93 18.96 19.01 19.04 19.07 19.10 19.13 19.17 19.20 19.22 19.25 19.29 19.31 19.34 19.36 19.40 19.42 19.44 19.48 19.50 19.53 19.55 19.58 19.60 19.62 19.65 19.68 19.70 19.72 19.74 19.77 19.79 19.81 19.83 19.86 19.88 19.89 19.92 19.94
18.85 18.79 18.74 18.68 18.62 18.57 18.53 18.52 18.52 18.52 18.53 18.53 18.54 18.54 18.54 18.54 18.53 18.53 18.52 18.51 18.50 18.49 18.48 18.46 18.44 18.43 18.43 18.45 18.48 18.52 18.57 18.61 18.65 18.69 18.73 18.77 18.80 18.84 18.87 18.90 18.95 18.98 19.01 19.04 19.07 19.11 19.14 19.17 19.19 19.23 19.26 19.28 19.32 19.34 19.37 19.40 19.42 19.45 19.48 19.50 19.53 19.55 19.58 19.60 19.63 19.65 19.68 19.70 19.72 19.75 19.76 19.79 19.82 19.84 19.85 19.88 19.90
18.97 18.92 18.87 18.82 18.76 18.71 18.65 18.60 18.57 18.55 18.55 18.57 18.57 18.57 18.57 18.57 18.57 18.57 18.56 18.56 18.55 18.54 18.53 18.52 18.50 18.48 18.46 18.45 18.45 18.47 18.51 18.56 18.60 18.63 18.67 18.71 18.74 18.78 18.82 18.86 18.89 18.92 18.95 18.99 19.02 19.05 19.08 19.11 19.14 19.18 19.20 19.23 19.26 19.29 19.31 19.35 19.37 19.39 19.43 19.45 19.48 19.50 19.53 19.55 19.58 19.61 19.63 19.66 19.68 19.70 19.73 19.75 19.77 19.80 19.82 19.84 19.86
19.09 19.04 18.99 18.95 18.89 18.84 18.79 18.74 18.67 18.64 18.59 18.59 18.59 18.60 18.60 18.61 18.61 18.61 18.60 18.60 18.59 18.58 18.57 18.56 18.55 18.53 18.52 18.50 18.48 18.47 18.48 18.50 18.54 18.58 18.62 18.65 18.69 18.72 18.76 18.80 18.84 18.87 18.90 18.93 18.97 19.00 19.03 19.06 19.10 19.12 19.15 19.18 19.21 19.24 19.26 19.30 19.32 19.35 19.38 19.41 19.43 19.45 19.48 19.51 19.54 19.57 19.58 19.61 19.64 19.66 19.69 19.70 19.73 19.76 19.78 19.80 19.82
19.19 19.15 19.10 19.06 19.01 18.96 18.92 18.86 18.80 18.76 18.70 18.66 18.64 18.63 18.63 18.63 18.63 18.63 18.63 18.63 18.63 18.62 18.61 18.60 18.59 18.58 18.56 18.55 18.53 18.51 18.50 18.49 18.50 18.52 18.56 18.60 18.63 18.67 18.71 18.75 18.78 18.81 18.85 18.89 18.92 18.95 18.98 19.01 19.04 19.07 19.10 19.14 19.16 19.19 19.22 19.25 19.27 19.31 19.33 19.36 19.39 19.42 19.44 19.47 19.49 19.52 19.54 19.57 19.60 19.62 19.65 19.67 19.69 19.72 19.74 19.77 19.79
19.28 19.24 19.20 19.16 19.12 19.07 19.02 18.98 18.92 18.88 18.83 18.77 18.73 18.69 18.66 18.66 18.66 18.66 18.66 18.66 18.66 18.65 18.64 18.64 18.63 18.62 18.60 18.59 18.57 18.55 18.54 18.52 18.50 18.49 18.51 18.55 18.58 18.62 18.66 18.70 18.73 18.76 18.79 18.84 18.87 18.90 18.93 18.97 18.99 19.02 19.05 19.09 19.11 19.14 19.18 19.20 19.24 19.26 19.29 19.32 19.34 19.37 19.39 19.43 19.45 19.48 19.51 19.53 19.56 19.58 19.61 19.63 19.66 19.68 19.70 19.73 19.76
19.36 19.33 19.29 19.25 19.21 19.17 19.13 19.09 19.04 18.99 18.95 18.90 18.84 18.79 18.74 18.70 18.68 18.68 18.68 18.68 18.68 18.68 18.67 18.66 18.66 18.65 18.64 18.62 18.61 18.60 18.58 18.56 18.54 18.52 18.50 18.51 18.54 18.58 18.61 18.64 18.68 18.71 18.75 18.79 18.82 18.85 18.89 18.92 18.95 18.97 19.01 19.04 19.07 19.10 19.13 19.15 19.19 19.21 19.25 19.27 19.31 19.33 19.36 19.38 19.42 19.44 19.47 19.49 19.52 19.55 19.57 19.59 19.62 19.64 19.67 19.69 19.72
