main/data/temperature/29.08.2023.grid
ncols 886
nrows 691
xllcenter 112.0000
yllcenter -44.5000
cellsize 0.0500
nodata_value 99999.90
[rows 68 to 101 of 691, columns 539 to 615 of 886]
31.14 31.18 31.21 31.25 31.28 31.31 31.34 31.38 31.41 31.44 31.48 31.51 31.55 31.58 31.61 31.65 31.68 31.71 31.75 31.78 31.81 31.84 31.88 31.91 31.94 31.97 32.01 32.04 32.07 32.10 32.13 32.16 32.20 32.23 32.26 32.30 32.33 32.36 32.39 32.43 32.46 32.50 32.53 32.56 32.59 32.62 32.65 32.68 32.71 32.74 32.76 32.79 32.81 32.82 32.83 32.84 32.80 32.75 32.74 32.72 32.53 32.39 32.41 32.27 32.33 32.30 32.20 32.19 32.10 32.02 31.90 31.76 31.65 31.57 31.41 31.25 31.08
31.17 31.20 31.24 31.27 31.30 31.33 31.36 31.39 31.43 31.46 31.50 31.52 31.56 31.59 31.62 31.66 31.68 31.72 31.75 31.78 31.81 31.85 31.88 31.92 31.95 31.98 32.01 32.04 32.07 32.10 32.14 32.17 32.20 32.23 32.26 32.30 32.33 32.37 32.40 32.43 32.46 32.49 32.52 32.55 32.58 32.61 32.64 32.67 32.70 32.73 32.75 32.77 32.79 32.80 32.80 32.81 32.74 32.73 32.69 32.53 32.36 32.15 32.10 32.00 32.35 32.34 32.28 32.20 32.11 32.02 31.82 31.77 31.66 31.58 31.39 31.34 31.22
31.20 31.22 31.25 31.28 31.31 31.34 31.38 31.41 31.44 31.48 31.50 31.54 31.56 31.60 31.63 31.67 31.70 31.72 31.76 31.79 31.82 31.85 31.88 31.92 31.95 31.98 32.01 32.04 32.08 32.11 32.14 32.17 32.20 32.24 32.27 32.30 32.33 32.36 32.39 32.43 32.46 32.49 32.52 32.55 32.58 32.60 32.64 32.67 32.68 32.71 32.73 32.75 32.77 32.74 32.74 32.77 32.69 32.72 32.70 32.60 32.53 32.30 32.18 32.15 32.38 32.28 32.29 32.19 32.08 32.00 31.82 31.61 31.45 31.44 31.41 31.16 31.11
31.22 31.25 31.28 31.31 31.34 31.37 31.39 31.43 31.46 31.48 31.52 31.55 31.58 31.61 31.64 31.68 31.70 31.73 31.76 31.79 31.82 31.86 31.89 31.92 31.95 31.98 32.01 32.05 32.07 32.10 32.13 32.17 32.20 32.23 32.26 32.29 32.32 32.37 32.39 32.42 32.45 32.49 32.52 32.54 32.57 32.60 32.63 32.65 32.67 32.70 32.72 32.73 32.75 32.72 32.70 32.73 32.70 32.65 32.64 32.60 32.32 32.15 31.97 32.07 32.34 32.32 32.13 32.07 31.90 31.83 31.87 31.86 31.75 31.47 31.20 31.27 31.07
31.24 31.27 31.30 31.33 31.35 31.39 31.42 31.44 31.48 31.50 31.53 31.56 31.59 31.62 31.64 31.68 31.71 31.74 31.77 31.80 31.82 31.85 31.89 31.92 31.95 31.98 32.01 32.04 32.07 32.10 32.14 32.17 32.20 32.23 32.26 32.30 32.33 32.36 32.39 32.42 32.45 32.48 32.51 32.54 32.57 32.59 32.62 32.64 32.66 32.69 32.70 32.72 32.72 32.70 32.69 32.71 32.64 32.57 32.45 32.43 32.43 32.19 32.22 32.19 32.42 32.31 32.19 32.07 32.02 31.85 31.57 31.80 31.76 31.63 31.32 31.17 31.17
31.27 31.30 31.33 31.35 31.38 31.41 31.43 31.46 31.49 31.52 31.54 31.57 31.59 31.62 31.65 31.68 31.71 31.74 31.77 31.80 31.83 31.86 31.88 31.92 31.95 31.98 32.00 32.04 32.07 32.10 32.14 32.17 32.20 32.22 32.26 32.29 32.33 32.36 32.39 32.42 32.45 32.47 32.51 32.53 32.56 32.59 32.61 32.63 32.65 32.68 32.69 32.71 32.69 32.66 32.67 32.61 32.66 32.64 32.56 32.44 32.36 32.37 32.32 32.34 32.37 32.26 32.16 32.00 31.91 31.82 31.65 31.70 31.61 31.70 31.47 31.52 31.39
31.30 31.32 31.35 31.37 31.40 31.42 31.45 31.48 31.51 31.53 31.56 31.58 31.61 31.64 31.67 31.69 31.72 31.75 31.78 31.81 31.83 31.86 31.89 31.92 31.95 31.98 32.00 32.04 32.07 32.10 32.13 32.16 32.19 32.23 32.26 32.29 32.32 32.35 32.38 32.41 32.44 32.48 32.50 32.53 32.55 32.58 32.60 32.63 32.65 32.67 32.68 32.70 32.67 32.64 32.61 32.56 32.62 32.63 32.60 32.54 32.54 32.50 32.45 32.44 32.33 32.30 32.20 32.06 32.11 31.97 31.89 31.45 31.44 31.73 31.60 31.40 31.37
31.32 31.34 31.37 31.39 31.42 31.45 31.47 31.50 31.52 31.55 31.57 31.60 31.62 31.64 31.67 31.70 31.72 31.75 31.77 31.81 31.84 31.86 31.89 31.92 31.95 31.98 32.00 32.04 32.07 32.10 32.13 32.16 32.19 32.23 32.26 32.29 32.32 32.35 32.38 32.41 32.44 32.47 32.49 32.52 32.55 32.57 32.59 32.62 32.64 32.66 32.67 32.68 32.65 32.63 32.60 32.59 32.54 32.49 32.44 32.53 32.52 32.43 32.38 32.28 32.33 32.31 32.15 32.23 32.05 31.75 31.88 31.63 31.64 31.75 31.57 31.12 31.34
31.36 31.37 31.39 31.42 31.44 31.46 31.48 31.51 31.53 31.56 31.59 31.60 31.63 31.65 31.68 31.71 31.73 31.76 31.78 31.81 31.83 31.87 31.89 31.92 31.95 31.98 32.00 32.04 32.06 32.09 32.13 32.16 32.18 32.22 32.25 32.28 32.31 32.34 32.37 32.40 32.43 32.46 32.49 32.52 32.54 32.56 32.59 32.61 32.63 32.65 32.67 32.65 32.65 32.65 32.62 32.55 32.55 32.53 32.47 32.41 32.38 32.39 32.18 32.05 32.12 31.90 32.05 32.10 32.02 31.93 31.82 31.61 31.60 31.66 31.60 31.37 31.28
31.38 31.40 31.42 31.44 31.46 31.48 31.51 31.53 31.55 31.57 31.59 31.62 31.64 31.66 31.68 31.71 31.73 31.75 31.79 31.81 31.84 31.86 31.89 31.92 31.94 31.98 32.00 32.03 32.06 32.09 32.13 32.15 32.18 32.22 32.25 32.28 32.31 32.34 32.37 32.40 32.43 32.46 32.49 32.51 32.53 32.57 32.59 32.60 32.63 32.65 32.67 32.65 32.68 32.63 32.62 32.62 32.58 32.57 32.56 32.49 32.35 32.32 32.30 32.25 32.06 31.78 31.85 31.70 31.41 31.26 31.34 31.41 31.52 31.60 31.55 31.41 31.16
31.41 31.43 31.45 31.46 31.48 31.50 31.53 31.54 31.57 31.58 31.60 31.63 31.65 31.67 31.70 31.72 31.74 31.76 31.79 31.81 31.84 31.86 31.89 31.92 31.94 31.97 32.00 32.03 32.06 32.09 32.11 32.15 32.18 32.22 32.24 32.27 32.30 32.33 32.36 32.39 32.42 32.45 32.48 32.51 32.53 32.56 32.58 32.61 32.62 32.64 32.66 32.64 32.68 32.66 32.64 32.62 32.55 32.57 32.52 32.41 32.40 32.38 32.34 32.22 32.05 31.90 31.83 31.84 31.45 31.38 31.19 30.96 31.06 31.16 31.50 31.50 31.30
31.43 31.45 31.47 31.49 31.50 31.53 31.54 31.57 31.58 31.60 31.61 31.64 31.66 31.68 31.70 31.72 31.74 31.76 31.79 31.81 31.83 31.86 31.89 31.91 31.94 31.97 32.00 32.02 32.05 32.08 32.11 32.15 32.17 32.21 32.24 32.27 32.30 32.33 32.36 32.40 32.42 32.45 32.48 32.50 32.53 32.55 32.58 32.60 32.62 32.64 32.65 32.65 32.64 32.67 32.66 32.65 32.59 32.58 32.52 32.44 32.47 32.41 32.37 32.29 32.09 32.07 32.04 31.74 31.57 31.68 31.24 31.32 31.44 31.48 31.50 31.36 31.08
31.46 31.48 31.49 31.51 31.52 31.55 31.56 31.58 31.59 31.61 31.63 31.64 31.66 31.68 31.70 31.72 31.75 31.77 31.79 31.81 31.84 31.86 31.88 31.91 31.93 31.97 31.99 32.02 32.05 32.08 32.11 32.13 32.17 32.20 32.23 32.26 32.29 32.32 32.35 32.39 32.41 32.44 32.47 32.49 32.53 32.55 32.57 32.59 32.62 32.64 32.66 32.67 32.67 32.67 32.65 32.62 32.57 32.58 32.52 32.54 32.45 32.50 32.52 32.50 32.33 32.22 31.94 31.90 31.83 31.65 31.53 31.64 31.55 31.45 31.44 31.31 31.24
31.49 31.50 31.52 31.53 31.54 31.57 31.58 31.60 31.61 31.63 31.64 31.65 31.67 31.69 31.71 31.72 31.75 31.77 31.79 31.81 31.84 31.85 31.88 31.90 31.94 31.96 31.99 32.01 32.05 32.07 32.10 32.13 32.17 32.19 32.22 32.26 32.29 32.31 32.35 32.38 32.40 32.44 32.47 32.50 32.52 32.54 32.56 32.59 32.61 32.64 32.65 32.67 32.68 32.67 32.69 32.67 32.59 32.59 32.57 32.60 32.57 32.59 32.47 32.39 32.31 32.26 32.15 31.92 31.97 31.76 31.97 31.83 31.66 31.49 31.51 31.55 31.34
31.51 31.53 31.54 31.55 31.56 31.58 31.59 31.61 31.62 31.64 31.66 31.67 31.68 31.70 31.72 31.74 31.75 31.77 31.80 31.81 31.83 31.86 31.88 31.91 31.93 31.96 31.98 32.01 32.03 32.07 32.10 32.13 32.15 32.19 32.22 32.25 32.28 32.31 32.34 32.38 32.40 32.43 32.46 32.49 32.51 32.55 32.57 32.59 32.62 32.63 32.65 32.67 32.68 32.70 32.68 32.65 32.65 32.59 32.60 32.62 32.61 32.57 32.51 32.39 32.38 32.27 32.14 32.14 32.02 32.03 31.89 31.84 31.57 31.56 31.69 31.53 31.40
31.54 31.55 31.56 31.57 31.58 31.59 31.61 31.62 31.63 31.65 31.67 31.68 31.70 31.71 31.72 31.74 31.75 31.77 31.79 31.81 31.83 31.85 31.87 31.90 31.92 31.95 31.98 32.00 32.03 32.06 32.09 32.12 32.15 32.18 32.21 32.25 32.28 32.30 32.33 32.37 32.40 32.42 32.45 32.49 32.51 32.54 32.56 32.59 32.61 32.63 32.65 32.67 32.69 32.70 32.70 32.69 32.69 32.67 32.64 32.60 32.57 32.58 32.55 32.43 32.35 32.30 32.25 32.28 32.32 31.97 31.89 31.64 31.68 31.70 31.80 31.58 31.55
31.56 31.57 31.59 31.60 31.60 31.61 31.63 31.63 31.65 31.66 31.68 31.69 31.70 31.72 31.73 31.74 31.75 31.77 31.79 31.81 31.83 31.85 31.88 31.89 31.92 31.95 31.97 32.00 32.02 32.05 32.09 32.11 32.15 32.17 32.21 32.23 32.27 32.30 32.33 32.37 32.40 32.43 32.45 32.48 32.51 32.53 32.57 32.59 32.61 32.63 32.65 32.66 32.69 32.71 32.71 32.71 32.70 32.69 32.66 32.65 32.61 32.60 32.60 32.46 32.47 32.50 32.46 32.25 32.12 32.08 32.01 31.73 31.49 31.85 31.83 31.62 31.35
31.58 31.59 31.60 31.61 31.62 31.63 31.64 31.65 31.66 31.67 31.68 31.69 31.70 31.71 31.73 31.74 31.76 31.77 31.79 31.80 31.83 31.84 31.87 31.90 31.91 31.94 31.96 31.99 32.02 32.05 32.07 32.11 32.14 32.17 32.20 32.23 32.27 32.29 32.32 32.35 32.39 32.42 32.45 32.47 32.50 32.54 32.56 32.58 32.61 32.63 32.65 32.67 32.69 32.71 32.70 32.70 32.70 32.70 32.65 32.63 32.64 32.63 32.62 32.62 32.54 32.50 32.29 32.35 32.22 32.22 31.96 31.82 31.68 31.94 31.88 31.72 31.47
31.60 31.61 31.62 31.63 31.64 31.65 31.65 31.66 31.67 31.67 31.69 31.70 31.71 31.72 31.74 31.75 31.76 31.77 31.79 31.80 31.82 31.85 31.86 31.89 31.91 31.93 31.96 31.99 32.01 32.04 32.07 32.10 32.13 32.16 32.19 32.22 32.25 32.29 32.32 32.35 32.38 32.41 32.45 32.48 32.50 32.53 32.55 32.58 32.61 32.63 32.65 32.67 32.69 32.71 32.70 32.70 32.70 32.70 32.70 32.63 32.64 32.66 32.60 32.49 32.50 32.44 32.44 32.32 32.28 32.22 32.02 31.95 31.92 32.09 31.97 31.65 31.47
31.61 31.63 31.64 31.64 31.65 31.66 31.66 31.67 31.68 31.68 31.69 31.70 31.71 31.72 31.73 31.75 31.76 31.77 31.79 31.80 31.82 31.84 31.86 31.88 31.91 31.92 31.95 31.98 32.01 32.03 32.06 32.09 32.13 32.15 32.18 32.22 32.25 32.28 32.31 32.35 32.38 32.41 32.44 32.47 32.50 32.52 32.55 32.58 32.60 32.62 32.65 32.67 32.69 32.69 32.70 32.70 32.69 32.69 32.67 32.65 32.65 32.59 32.62 32.55 32.47 32.39 32.36 32.28 32.20 32.27 32.18 32.22 32.13 32.12 31.98 31.86 31.63
31.64 31.64 31.65 31.66 31.66 31.67 31.68 31.68 31.69 31.69 31.70 31.71 31.72 31.73 31.73 31.74 31.76 31.77 31.79 31.80 31.82 31.84 31.85 31.88 31.90 31.93 31.94 31.97 32.00 32.03 32.06 32.08 32.11 32.15 32.18 32.21 32.24 32.28 32.31 32.33 32.37 32.40 32.43 32.46 32.49 32.52 32.55 32.58 32.60 32.62 32.65 32.67 32.69 32.69 32.70 32.71 32.70 32.69 32.67 32.66 32.64 32.56 32.50 32.49 32.46 32.39 32.35 32.37 32.39 32.32 32.20 32.13 32.21 32.00 32.02 31.84 31.91
31.66 31.66 31.66 31.67 31.68 31.68 31.68 31.69 31.70 31.70 31.70 31.71 31.72 31.73 31.74 31.74 31.76 31.77 31.79 31.79 31.81 31.84 31.85 31.87 31.89 31.92 31.94 31.96 31.99 32.02 32.05 32.08 32.11 32.14 32.17 32.20 32.24 32.26 32.30 32.33 32.37 32.40 32.42 32.45 32.49 32.52 32.55 32.57 32.60 32.62 32.65 32.67 32.69 32.69 32.70 32.70 32.70 32.64 32.66 32.62 32.66 32.59 32.55 32.53 32.51 32.40 32.48 32.44 32.35 32.23 32.28 32.19 32.13 32.08 32.11 32.05 32.00
31.66 31.67 31.68 31.68 31.68 31.68 31.69 31.70 31.69 31.70 31.71 31.71 31.72 31.72 31.74 31.74 31.75 31.77 31.78 31.79 31.81 31.83 31.84 31.86 31.89 31.91 31.94 31.96 31.99 32.02 32.04 32.07 32.10 32.13 32.16 32.20 32.23 32.26 32.30 32.32 32.36 32.39 32.42 32.46 32.49 32.52 32.54 32.57 32.59 32.62 32.65 32.67 32.69 32.69 32.71 32.71 32.68 32.63 32.63 32.61 32.62 32.58 32.55 32.56 32.50 32.42 32.39 32.44 32.44 32.33 32.28 32.15 32.12 32.05 31.94 31.75 31.89
31.68 31.68 31.68 31.68 31.69 31.69 31.70 31.70 31.70 31.71 31.71 31.72 31.72 31.73 31.73 31.75 31.75 31.77 31.77 31.79 31.81 31.82 31.84 31.86 31.88 31.90 31.93 31.95 31.98 32.01 32.04 32.07 32.10 32.13 32.16 32.19 32.22 32.25 32.29 32.32 32.35 32.38 32.42 32.45 32.48 32.51 32.54 32.57 32.59 32.62 32.64 32.67 32.68 32.69 32.69 32.71 32.68 32.66 32.64 32.62 32.59 32.55 32.57 32.58 32.53 32.51 32.46 32.50 32.50 32.45 32.35 32.27 32.28 32.17 32.01 31.83 31.79
31.68 31.69 31.70 31.70 31.70 31.70 31.70 31.70 31.70 31.70 31.71 31.71 31.72 31.73 31.73 31.74 31.75 31.76 31.77 31.79 31.80 31.81 31.83 31.85 31.87 31.90 31.92 31.94 31.97 32.00 32.03 32.05 32.08 32.12 32.15 32.18 32.21 32.25 32.28 32.31 32.35 32.37 32.41 32.44 32.47 32.51 32.53 32.56 32.59 32.62 32.64 32.66 32.69 32.68 32.68 32.69 32.69 32.68 32.65 32.63 32.60 32.51 32.58 32.59 32.59 32.62 32.61 32.57 32.51 32.51 32.41 32.38 32.37 32.20 32.21 32.03 32.04
31.70 31.70 31.70 31.70 31.70 31.70 31.70 31.70 31.71 31.71 31.71 31.72 31.72 31.72 31.73 31.74 31.75 31.75 31.77 31.77 31.79 31.81 31.83 31.85 31.87 31.89 31.91 31.94 31.96 31.99 32.01 32.05 32.08 32.11 32.15 32.18 32.21 32.24 32.27 32.30 32.34 32.38 32.40 32.44 32.47 32.50 32.52 32.55 32.58 32.60 32.63 32.66 32.68 32.67 32.69 32.69 32.68 32.69 32.67 32.66 32.63 32.66 32.65 32.65 32.64 32.62 32.60 32.60 32.61 32.57 32.51 32.46 32.40 32.37 32.28 32.11 32.02
31.70 31.70 31.70 31.71 31.70 31.70 31.70 31.70 31.70 31.70 31.71 31.71 31.71 31.72 31.72 31.73 31.74 31.75 31.76 31.77 31.79 31.80 31.82 31.84 31.86 31.88 31.90 31.93 31.96 31.99 32.01 32.04 32.07 32.10 32.13 32.16 32.20 32.23 32.26 32.30 32.33 32.37 32.39 32.43 32.46 32.49 32.52 32.55 32.58 32.60 32.63 32.65 32.67 32.68 32.68 32.69 32.69 32.70 32.70 32.69 32.68 32.67 32.65 32.65 32.63 32.61 32.59 32.58 32.55 32.56 32.57 32.51 32.49 32.40 32.21 32.20 32.14
31.71 31.71 31.71 31.70 31.70 31.70 31.70 31.70 31.70 31.70 31.70 31.71 31.71 31.71 31.71 31.73 31.74 31.74 31.75 31.77 31.78 31.80 31.82 31.83 31.85 31.87 31.90 31.92 31.95 31.98 32.00 32.03 32.06 32.10 32.13 32.16 32.19 32.23 32.26 32.29 32.33 32.36 32.38 32.42 32.45 32.48 32.50 32.53 32.56 32.59 32.62 32.65 32.67 32.68 32.69 32.68 32.70 32.69 32.68 32.67 32.69 32.68 32.68 32.63 32.64 32.63 32.62 32.61 32.58 32.56 32.53 32.52 32.44 32.36 32.37 32.31 32.23
31.71 31.71 31.70 31.70 31.70 31.70 31.70 31.69 31.70 31.70 31.70 31.70 31.70 31.70 31.71 31.71 31.73 31.74 31.75 31.75 31.77 31.79 31.80 31.83 31.85 31.87 31.89 31.91 31.94 31.97 32.00 32.03 32.06 32.09 32.12 32.16 32.19 32.22 32.25 32.28 32.32 32.35 32.38 32.41 32.44 32.47 32.50 32.52 32.55 32.57 32.60 32.63 32.65 32.67 32.68 32.68 32.71 32.70 32.69 32.70 32.70 32.69 32.67 32.67 32.67 32.67 32.66 32.67 32.66 32.60 32.57 32.55 32.55 32.51 32.43 32.38 32.32
31.71 31.70 31.70 31.70 31.70 31.69 31.69 31.69 31.69 31.69 31.69 31.69 31.69 31.70 31.70 31.71 31.71 31.73 31.74 31.75 31.77 31.78 31.80 31.81 31.83 31.86 31.88 31.90 31.94 31.96 31.99 32.02 32.05 32.08 32.12 32.15 32.18 32.22 32.25 32.28 32.31 32.34 32.37 32.40 32.43 32.46 32.49 32.51 32.54 32.56 32.59 32.62 32.65 32.67 32.66 32.68 32.68 32.69 32.69 32.69 32.66 32.67 32.69 32.64 32.67 32.65 32.69 32.66 32.65 32.60 32.64 32.55 32.61 32.60 32.56 32.52 32.48
31.71 31.71 31.70 31.70 31.69 31.68 31.69 31.69 31.68 31.68 31.68 31.68 31.69 31.69 31.70 31.70 31.71 31.72 31.72 31.74 31.75 31.78 31.79 31.81 31.83 31.85 31.87 31.90 31.93 31.95 31.99 32.01 32.04 32.08 32.10 32.14 32.17 32.20 32.24 32.27 32.30 32.33 32.36 32.39 32.42 32.45 32.47 32.50 32.52 32.55 32.57 32.60 32.63 32.65 32.65 32.69 32.70 32.67 32.68 32.67 32.68 32.68 32.71 32.70 32.69 32.72 32.72 32.69 32.65 32.63 32.64 32.67 32.62 32.56 32.54 32.49 32.39
31.70 31.70 31.69 31.69 31.68 31.68 31.68 31.68 31.68 31.67 31.67 31.68 31.68 31.68 31.69 31.69 31.70 31.71 31.72 31.73 31.75 31.76 31.78 31.80 31.82 31.84 31.87 31.89 31.92 31.94 31.98 32.00 32.04 32.06 32.10 32.13 32.17 32.20 32.23 32.26 32.29 32.32 32.35 32.38 32.41 32.43 32.46 32.48 32.51 32.53 32.55 32.58 32.61 32.64 32.65 32.67 32.68 32.68 32.69 32.69 32.71 32.68 32.71 32.72 32.71 32.73 32.73 32.73 32.74 32.72 32.63 32.60 32.64 32.54 32.52 32.48 32.41
31.70 31.69 31.68 31.68 31.68 31.67 31.66 31.67 31.67 31.67 31.66 31.66 31.66 31.67 31.67 31.68 31.68 31.69 31.71 31.72 31.73 31.76 31.77 31.79 31.81 31.83 31.86 31.88 31.91 31.93 31.97 31.99 32.03 32.06 32.09 32.13 32.15 32.19 32.22 32.26 32.28 32.31 32.34 32.37 32.40 32.42 32.44 32.47 32.50 32.51 32.53 32.57 32.60 32.62 32.66 32.68 32.69 32.70 32.71 32.72 32.74 32.73 32.69 32.74 32.74 32.75 32.76 32.74 32.77 32.75 32.73 32.65 32.64 32.55 32.51 32.53 32.46
31.69 31.68 31.67 31.67 31.67 31.66 31.65 31.65 31.65 31.65 31.65 31.65 31.65 31.66 31.66 31.67 31.68 31.68 31.70 31.71 31.73 31.74 31.75 31.78 31.80 31.82 31.84 31.87 31.90 31.93 31.96 31.99 32.02 32.05 32.09 32.12 32.15 32.18 32.21 32.24 32.28 32.30 32.34 32.36 32.38 32.41 32.43 32.45 32.47 32.50 32.52 32.56 32.59 32.63 32.67 32.69 32.70 32.72 32.74 32.74 32.75 32.73 32.74 32.77 32.76 32.77 32.78 32.80 32.79 32.80 32.72 32.77 32.74 32.68 32.59 32.61 32.59
