main/data/temperature/29.07.2023.grid
ncols 886
nrows 691
xllcenter 112.0000
yllcenter -44.5000
cellsize 0.0500
nodata_value 99999.90
[rows 238 to 271 of 691, columns 462 to 538 of 886]
25.54 25.62 25.76 25.86 25.91 26.00 26.12 26.19 26.29 26.34 26.39 26.54 26.62 26.71 26.82 26.87 26.98 27.07 27.18 27.29 27.33 27.33 27.51 27.57 27.64 27.59 27.54 27.69 27.76 27.93 28.05 28.05 28.10 28.18 28.22 28.40 28.58 28.68 28.72 28.71 28.70 28.77 29.00 29.15 29.17 29.22 29.23 29.23 29.31 29.30 29.45 29.51 29.51 29.43 29.38 29.53 29.55 29.57 29.58 29.65 29.73 29.82 29.88 29.90 29.93 29.98 30.04 30.11 30.03 30.08 30.08 30.06 30.06 30.05 30.05 30.03 30.06
25.27 25.56 25.71 25.85 25.90 25.97 26.07 26.13 26.21 26.30 26.36 26.46 26.56 26.70 26.76 26.85 26.97 27.04 27.12 27.15 27.22 27.10 27.43 27.39 27.49 27.53 27.72 27.54 27.80 27.89 27.89 28.15 28.18 28.26 28.30 28.44 28.57 28.71 28.79 28.80 28.83 28.88 28.91 29.02 29.14 29.20 29.33 29.38 29.42 29.39 29.44 29.50 29.58 29.45 29.47 29.51 29.61 29.64 29.55 29.58 29.63 29.70 29.72 29.85 29.91 29.96 30.02 30.05 30.03 30.05 30.07 30.06 30.04 30.04 30.01 30.00 30.02
25.16 25.40 25.62 25.75 25.85 25.92 26.00 26.07 26.16 26.23 26.33 26.41 26.51 26.65 26.72 26.80 26.91 27.00 27.04 26.94 27.13 27.02 27.31 27.26 27.41 27.48 27.62 27.71 27.96 28.07 27.98 28.16 28.26 28.17 28.45 28.58 28.49 28.73 28.80 28.82 28.77 28.92 28.82 28.89 28.93 29.01 29.30 29.35 29.42 29.39 29.35 29.46 29.56 29.49 29.46 29.58 29.58 29.67 29.60 29.64 29.67 29.64 29.64 29.72 29.83 29.92 29.96 30.04 30.05 30.06 30.02 30.01 30.01 30.01 30.00 30.01 30.02
24.99 25.13 25.34 25.58 25.77 25.85 25.94 26.01 26.12 26.22 26.30 26.37 26.46 26.61 26.71 26.81 26.89 26.97 26.97 26.92 26.91 26.82 27.15 27.27 27.23 27.59 27.68 27.82 28.02 27.91 28.06 28.00 28.24 28.23 28.48 28.59 28.58 28.69 28.77 28.86 28.76 28.93 28.92 29.01 29.00 29.05 29.06 29.15 29.33 29.42 29.42 29.48 29.59 29.57 29.51 29.48 29.65 29.63 29.66 29.72 29.70 29.71 29.67 29.70 29.82 29.91 29.98 30.01 29.99 30.02 30.08 30.00 29.98 30.01 30.03 29.99 29.98
25.10 25.01 25.26 25.30 25.67 25.78 25.87 25.88 26.07 26.10 26.21 26.34 26.38 26.56 26.62 26.73 26.84 26.87 26.82 26.89 27.01 27.16 27.17 27.11 27.18 27.61 27.59 27.77 27.99 28.06 28.05 28.25 28.26 28.39 28.49 28.58 28.58 28.66 28.74 28.80 28.91 28.94 28.97 29.11 29.12 29.13 29.19 29.23 29.36 29.42 29.45 29.41 29.48 29.55 29.61 29.55 29.62 29.67 29.72 29.72 29.74 29.72 29.65 29.71 29.78 29.78 29.86 29.87 29.85 29.88 30.05 30.02 29.97 30.02 29.97 29.95 29.94
25.01 25.19 25.25 25.53 25.68 25.59 25.48 25.45 25.91 25.85 26.01 26.25 26.40 26.53 26.60 26.69 26.70 26.74 26.80 27.01 27.06 27.21 27.31 27.35 27.45 27.63 27.75 27.87 27.98 28.04 28.08 28.21 28.29 28.38 28.46 28.51 28.62 28.70 28.75 28.75 28.81 28.97 29.03 29.02 29.11 29.09 29.18 29.17 29.28 29.39 29.45 29.42 29.48 29.55 29.59 29.66 29.67 29.64 29.71 29.75 29.71 29.75 29.69 29.70 29.72 29.73 29.74 29.79 29.80 29.86 29.96 29.99 29.99 29.99 29.95 29.93 29.91
24.97 25.22 25.43 25.54 25.60 25.56 25.50 25.30 25.45 25.55 25.90 26.17 26.31 26.49 26.55 26.64 26.60 26.68 26.87 27.05 27.21 27.13 27.34 27.39 27.63 27.58 27.78 27.89 27.99 27.99 28.06 28.15 28.24 28.27 28.41 28.47 28.56 28.52 28.71 28.77 28.84 28.84 28.95 29.08 29.13 29.06 29.14 29.12 29.18 29.28 29.35 29.46 29.51 29.59 29.59 29.65 29.70 29.56 29.64 29.70 29.77 29.73 29.70 29.72 29.73 29.69 29.61 29.66 29.68 29.75 29.82 29.94 29.96 29.99 29.95 29.95 29.94
25.03 25.20 25.30 25.45 25.49 25.48 25.52 25.40 25.32 25.88 26.04 26.14 26.25 26.38 26.48 26.51 26.55 26.55 26.78 27.01 27.05 26.94 27.10 27.32 27.49 27.54 27.63 27.86 27.86 27.72 27.99 28.21 28.28 28.35 28.42 28.40 28.39 28.59 28.58 28.73 28.84 28.91 29.00 28.97 29.13 29.16 29.20 29.18 29.22 29.27 29.28 29.42 29.49 29.53 29.50 29.61 29.68 29.59 29.67 29.66 29.76 29.75 29.74 29.78 29.70 29.66 29.67 29.63 29.57 29.53 29.60 29.83 29.91 29.98 29.93 29.93 29.92
24.83 24.52 24.89 25.35 25.39 25.26 25.12 25.10 25.49 25.63 25.91 26.11 26.25 26.31 26.41 26.33 26.46 26.71 26.74 27.01 26.90 27.00 26.67 27.14 27.38 27.49 27.67 27.79 27.82 27.87 27.89 28.09 28.08 28.25 28.30 28.30 28.37 28.50 28.58 28.68 28.74 28.79 28.92 28.99 29.07 29.07 29.17 29.06 29.28 29.29 29.31 29.37 29.50 29.49 29.57 29.46 29.63 29.58 29.58 29.66 29.73 29.76 29.80 29.77 29.74 29.66 29.69 29.67 29.65 29.55 29.57 29.83 29.88 29.95 30.00 29.95 29.91
25.09 25.20 25.25 25.33 24.99 25.20 24.93 25.59 25.71 25.57 25.53 26.10 26.05 26.23 26.29 26.26 26.56 26.70 26.57 26.81 26.82 26.95 27.10 27.04 27.39 27.41 27.47 27.64 27.66 27.68 27.93 27.89 27.95 28.01 28.16 28.11 28.26 28.35 28.48 28.54 28.55 28.77 28.79 28.95 28.95 28.96 29.08 29.09 29.23 29.32 29.36 29.39 29.38 29.45 29.50 29.52 29.46 29.47 29.52 29.55 29.55 29.70 29.78 29.77 29.77 29.74 29.71 29.72 29.63 29.65 29.72 29.83 29.86 29.89 29.93 29.94 29.92
24.83 25.08 25.20 25.28 25.28 25.16 24.94 24.98 25.38 25.59 25.56 25.64 26.00 25.96 26.09 26.14 26.30 26.52 26.74 26.80 26.81 26.94 27.11 27.20 27.29 27.25 27.46 27.51 27.62 27.71 27.82 27.74 27.84 27.98 28.09 28.17 28.35 28.38 28.46 28.61 28.71 28.71 28.74 28.89 28.91 29.00 29.13 29.15 29.20 29.30 29.33 29.32 29.32 29.44 29.48 29.44 29.46 29.42 29.46 29.49 29.54 29.55 29.71 29.73 29.80 29.72 29.77 29.70 29.68 29.59 29.49 29.62 29.80 29.83 29.89 29.91 29.85
24.74 24.96 25.08 25.21 25.23 25.21 24.71 24.85 24.82 24.98 25.60 25.71 25.10 25.91 25.95 26.16 26.24 26.52 26.58 26.75 26.86 26.98 26.85 27.27 27.32 27.38 27.50 27.49 27.38 27.48 27.68 27.63 27.64 27.73 27.92 28.21 28.31 28.27 28.37 28.54 28.46 28.67 28.70 28.72 28.76 28.82 28.97 29.00 29.05 29.16 29.11 29.25 29.24 29.31 29.38 29.34 29.37 29.34 29.41 29.52 29.53 29.55 29.59 29.66 29.68 29.73 29.77 29.73 29.73 29.65 29.53 29.46 29.69 29.79 29.85 29.95 29.80
24.79 24.94 25.05 25.07 25.16 25.17 24.80 25.07 24.91 25.16 25.33 25.70 25.31 25.12 25.82 26.01 26.13 26.32 26.41 26.70 26.89 26.94 27.10 27.06 27.28 27.42 27.53 27.52 27.54 27.60 27.63 27.75 27.70 27.93 28.07 28.12 28.19 28.13 28.32 28.33 28.49 28.60 28.67 28.73 28.69 28.77 28.84 28.91 28.72 28.98 28.96 29.13 29.06 29.24 29.27 29.22 29.24 29.31 29.39 29.45 29.56 29.56 29.58 29.64 29.68 29.71 29.77 29.73 29.73 29.66 29.59 29.58 29.48 29.59 29.79 29.92 29.81
24.78 24.59 24.87 24.93 24.95 25.02 25.08 25.14 25.25 24.97 25.22 25.05 24.78 24.81 25.56 25.99 26.13 26.47 26.51 26.65 26.80 26.86 26.88 27.01 26.95 27.24 27.46 27.58 27.64 27.70 27.71 27.84 27.88 27.94 27.93 28.05 28.06 28.07 28.16 28.23 28.38 28.53 28.60 28.59 28.63 28.65 28.60 28.78 28.85 28.81 28.89 28.78 28.97 29.07 29.11 29.10 29.14 29.22 29.33 29.39 29.51 29.56 29.58 29.57 29.61 29.64 29.65 29.65 29.78 29.74 29.70 29.58 29.64 29.73 29.79 29.86 29.79
24.59 24.75 24.51 24.86 24.45 24.86 24.79 25.10 25.34 25.39 25.54 25.30 25.23 25.65 25.52 26.20 26.23 26.37 26.45 26.36 26.58 26.76 26.73 25.82 26.96 27.24 27.42 27.54 27.62 27.68 27.77 27.84 27.90 27.88 27.90 27.87 27.82 28.07 28.25 28.30 28.39 28.41 28.49 28.46 28.57 28.48 28.26 28.65 28.65 28.76 28.70 28.64 28.90 28.93 28.91 28.92 29.12 29.19 29.30 29.35 29.42 29.41 29.47 29.51 29.59 29.63 29.64 29.65 29.67 29.76 29.66 29.64 29.65 29.71 29.77 29.84 29.76
24.70 24.75 24.69 24.82 24.83 24.64 24.61 24.76 25.32 25.43 25.64 25.22 24.59 25.69 26.01 26.11 26.21 26.22 26.34 26.25 26.51 26.63 26.10 26.84 26.92 27.20 27.40 27.41 27.58 27.67 27.76 27.80 27.88 27.92 27.54 27.47 27.64 27.86 27.98 28.24 28.28 28.35 28.38 28.35 28.19 28.43 28.37 28.51 28.49 28.62 28.43 28.67 28.76 28.71 28.83 28.88 29.01 29.07 29.17 29.19 29.31 29.38 29.46 29.55 29.59 29.62 29.65 29.67 29.58 29.69 29.63 29.68 29.65 29.70 29.73 29.81 29.77
24.59 24.61 24.67 24.67 24.73 24.82 24.82 25.19 25.26 25.33 25.66 25.72 25.51 25.63 25.89 25.85 26.01 26.27 26.26 26.22 26.43 26.57 26.58 26.76 26.91 27.15 27.24 27.36 27.51 27.67 27.73 27.80 27.86 27.88 27.74 27.55 27.61 27.76 27.95 28.03 28.24 28.28 28.21 28.17 28.14 28.12 28.09 28.33 28.12 28.39 28.44 28.36 28.55 28.30 28.28 28.61 28.36 29.00 28.79 29.23 29.35 29.36 29.41 29.47 29.55 29.57 29.58 29.67 29.70 29.73 29.61 29.69 29.69 29.64 29.71 29.80 29.61
24.21 24.47 24.83 24.66 24.90 25.05 24.83 25.33 25.48 25.28 25.71 25.80 25.61 25.65 25.91 25.65 26.24 25.78 26.25 26.20 26.36 26.54 26.12 26.92 26.92 26.89 27.15 27.32 27.44 27.58 27.68 27.77 27.84 27.85 27.43 27.56 27.51 27.75 27.99 28.13 28.05 28.08 28.16 28.10 28.23 28.29 28.29 28.28 28.32 28.38 28.51 28.50 28.54 28.44 28.11 28.33 28.79 28.81 28.89 29.24 29.29 29.36 29.17 29.34 29.45 29.45 29.54 29.55 29.61 29.64 29.68 29.67 29.58 29.61 29.74 29.77 29.66
24.44 24.63 24.82 24.77 24.68 25.14 25.10 25.32 25.02 25.39 25.74 25.83 25.90 25.97 26.10 26.19 26.00 26.29 26.29 26.35 26.50 26.66 26.87 26.97 27.01 27.08 27.24 27.28 27.42 27.58 27.69 27.76 27.80 27.79 27.30 27.62 27.72 27.85 27.92 27.95 27.84 28.01 28.02 28.14 28.28 28.32 28.39 28.41 28.44 28.52 28.56 28.59 28.61 28.73 28.71 28.28 28.70 28.96 28.98 28.79 28.76 29.20 29.21 29.16 29.31 29.42 29.48 29.55 29.58 29.62 29.55 29.64 29.70 29.60 29.70 29.76 29.63
24.51 24.57 24.65 24.81 25.03 25.11 25.29 25.28 25.22 25.55 25.69 25.50 25.90 26.05 26.15 26.18 26.24 26.40 26.50 26.49 26.56 26.72 26.84 26.93 27.10 27.15 27.25 27.22 27.15 27.52 27.66 27.72 27.81 27.78 27.53 27.38 27.42 27.66 27.72 27.74 27.75 27.81 27.98 27.91 28.08 28.20 28.23 28.37 28.56 28.51 28.46 28.57 28.71 28.59 28.58 28.41 28.25 28.59 28.86 28.68 28.60 28.65 28.76 29.24 29.31 29.35 29.47 29.49 29.51 29.51 29.55 29.59 29.68 29.72 29.65 29.75 29.68
24.33 24.34 24.51 24.65 24.81 24.98 25.17 25.35 25.57 25.60 25.76 25.82 25.96 25.99 26.14 26.18 26.30 26.40 26.55 26.60 26.62 26.70 26.85 26.90 27.03 27.11 27.24 27.33 27.42 27.51 27.61 27.67 27.77 27.76 27.36 27.53 27.64 27.54 27.61 27.70 27.77 27.82 27.87 27.98 27.84 28.06 28.12 28.18 28.51 28.60 28.62 28.25 28.50 28.64 28.36 28.50 28.20 28.56 28.85 28.90 28.83 28.88 28.67 29.08 29.28 29.30 29.29 29.42 29.43 29.42 29.50 29.58 29.64 29.59 29.63 29.69 29.75
24.05 24.14 24.30 24.54 24.70 24.90 24.98 25.29 25.32 25.40 25.67 25.76 25.84 25.93 26.09 26.22 26.25 26.41 26.51 26.60 26.72 26.74 26.85 26.95 27.05 27.12 27.18 27.25 27.32 27.46 27.56 27.65 27.72 27.76 27.85 27.84 27.74 27.77 27.74 27.61 27.70 27.88 27.92 28.08 28.09 27.91 28.10 28.24 28.41 28.48 28.66 28.68 28.41 28.76 28.56 28.68 28.53 28.67 28.55 28.74 28.77 29.03 29.04 28.86 29.11 29.13 29.19 29.30 29.20 29.16 29.16 29.37 29.50 29.60 29.64 29.67 29.73
23.58 24.00 23.81 23.65 24.46 24.78 25.04 25.19 25.41 25.45 25.41 25.74 25.85 25.94 26.10 26.09 26.05 26.30 26.41 26.47 26.62 26.74 26.82 26.92 26.99 27.08 27.15 27.25 27.35 27.45 27.52 27.60 27.66 27.74 27.80 27.85 27.77 27.55 27.65 27.68 27.70 27.78 27.97 27.96 28.08 27.99 28.23 28.22 28.46 28.49 28.65 28.68 28.66 28.75 28.53 28.74 28.66 28.52 28.48 28.64 28.63 28.79 28.84 29.12 28.78 29.19 29.15 29.05 29.13 29.19 29.32 29.43 29.50 29.60 29.67 29.64 29.58
23.05 23.51 23.83 22.95 23.19 24.46 24.99 25.22 25.36 25.56 25.51 25.75 25.90 25.96 26.18 26.21 26.17 26.25 26.23 26.29 26.61 26.72 26.77 26.88 26.96 27.05 27.12 27.22 27.31 27.40 27.48 27.56 27.64 27.70 27.75 27.83 27.76 27.88 27.85 27.73 27.83 27.76 27.93 28.02 28.12 28.10 28.18 28.27 28.42 28.57 28.62 28.71 28.74 28.78 28.46 28.69 28.63 28.72 28.50 28.61 28.76 28.72 28.77 28.85 29.14 29.02 29.25 29.27 29.28 29.28 29.39 29.51 29.54 29.51 29.60 29.52 29.62
23.28 23.49 23.42 23.08 23.54 22.87 24.91 25.18 25.12 25.41 25.67 25.48 25.87 25.94 26.05 26.30 26.30 26.31 26.41 26.46 26.59 26.72 26.77 26.88 26.92 27.01 27.09 27.19 27.27 27.34 27.41 27.53 27.56 27.65 27.71 27.77 27.82 27.84 27.81 27.46 27.68 27.78 27.92 27.96 28.13 28.16 28.22 28.27 28.26 28.38 28.60 28.60 28.75 28.67 28.65 28.56 28.70 28.75 28.66 28.64 28.82 28.88 28.93 28.90 28.97 28.90 29.21 29.29 29.37 29.35 29.43 29.47 29.49 29.51 29.48 29.49 29.59
22.79 22.11 22.77 22.72 23.79 23.65 24.79 25.15 25.40 25.55 25.73 25.49 25.63 25.96 26.09 26.27 26.40 26.45 26.47 26.45 26.60 26.69 26.73 26.84 26.94 26.99 27.08 27.16 27.21 27.29 27.39 27.49 27.53 27.59 27.66 27.71 27.72 27.85 27.85 27.76 27.82 27.89 27.97 28.06 28.14 28.15 28.19 28.20 28.21 28.27 28.33 28.68 28.74 28.67 28.58 28.42 28.67 28.80 28.74 28.67 28.86 28.91 28.85 29.05 29.00 29.06 28.98 29.04 29.22 29.38 29.38 29.41 29.49 29.49 29.52 29.56 29.59
21.86 22.27 22.12 22.91 23.33 24.28 24.87 25.11 25.28 25.48 25.69 25.80 25.88 25.93 26.05 26.06 26.32 26.47 26.58 26.60 26.66 26.61 26.73 26.85 26.96 27.02 27.07 27.16 27.20 27.27 27.37 27.44 27.49 27.54 27.61 27.65 27.73 27.82 27.82 27.85 27.85 27.91 27.92 28.03 28.11 28.00 28.00 28.21 28.23 28.23 28.49 28.32 28.73 28.72 28.65 28.68 28.78 28.76 28.80 28.81 28.89 28.85 28.92 29.02 29.04 29.17 28.95 28.99 29.18 29.36 29.51 29.40 29.41 29.47 29.56 29.58 29.53
23.55 23.51 23.19 23.11 23.80 23.95 24.55 25.03 25.10 25.41 25.56 25.74 25.92 26.05 26.15 26.22 26.13 26.33 26.50 26.62 26.70 26.71 26.80 26.89 26.93 27.02 27.10 27.16 27.20 27.30 27.36 27.38 27.46 27.50 27.57 27.62 27.68 27.75 27.83 27.83 27.89 27.94 27.98 28.04 28.12 28.04 28.15 28.25 28.25 28.24 28.48 28.62 28.71 28.49 28.74 28.76 28.80 28.65 28.80 28.89 28.90 28.85 28.85 29.07 29.01 28.97 29.07 29.12 29.27 29.32 29.43 29.51 29.49 29.61 29.48 29.49 29.48
23.78 23.63 23.87 23.51 24.03 23.81 24.60 24.82 25.04 25.26 25.47 25.66 25.82 25.96 26.10 26.20 26.29 26.25 26.40 26.54 26.67 26.75 26.85 26.88 26.87 26.80 26.94 27.15 27.22 27.28 27.34 27.37 27.43 27.50 27.54 27.62 27.68 27.72 27.81 27.83 27.90 27.95 28.04 28.11 28.08 28.20 28.24 28.27 28.35 28.32 28.49 28.61 28.76 28.65 28.80 28.80 28.76 28.82 28.89 28.90 28.77 28.78 28.88 29.03 29.16 29.20 29.20 29.24 29.27 29.36 29.49 29.49 29.55 29.64 29.58 29.56 29.46
23.79 23.59 23.99 23.71 24.22 24.11 24.54 24.71 25.07 25.24 25.46 25.65 25.80 25.91 26.07 26.18 26.29 26.38 26.44 26.55 26.64 26.72 26.75 26.89 26.96 27.04 27.09 27.18 27.21 27.25 27.28 27.34 27.40 27.44 27.52 27.58 27.65 27.70 27.80 27.84 27.88 27.95 28.00 28.07 28.13 28.16 28.20 28.28 28.35 28.46 28.54 28.58 28.73 28.79 28.68 28.80 28.80 28.88 28.90 28.90 28.82 28.82 28.85 28.98 29.16 29.23 29.23 29.30 29.39 29.35 29.45 29.53 29.60 29.67 29.67 29.64 29.57
24.06 24.30 24.14 23.62 24.01 24.67 24.89 24.97 25.14 25.30 25.45 25.62 25.76 25.91 26.04 26.12 26.24 26.37 26.44 26.52 26.60 26.65 26.76 26.84 26.92 26.96 27.05 27.06 27.19 27.25 27.27 27.33 27.38 27.43 27.52 27.57 27.63 27.68 27.75 27.80 27.85 27.93 27.98 28.05 28.15 28.14 28.19 28.30 28.36 28.44 28.56 28.60 28.63 28.78 28.78 28.74 28.81 28.88 28.91 28.95 28.90 28.87 28.88 28.95 29.08 29.23 29.30 29.38 29.44 29.42 29.55 29.63 29.54 29.65 29.67 29.68 29.63
23.26 24.34 23.83 24.49 23.92 24.57 24.68 24.77 25.24 25.14 25.51 25.64 25.80 25.84 25.98 26.05 26.06 26.20 26.39 26.45 26.52 26.61 26.72 26.79 26.80 26.76 26.93 27.07 27.14 27.22 27.22 27.29 27.37 27.42 27.50 27.55 27.60 27.68 27.72 27.75 27.86 27.93 27.96 28.06 28.12 28.14 28.20 28.25 28.38 28.49 28.54 28.62 28.70 28.74 28.82 28.86 28.79 28.86 28.89 28.96 29.01 29.01 28.96 29.00 29.03 29.27 29.24 29.40 29.38 29.41 29.60 29.59 29.67 29.63 29.72 29.68 29.58
23.87 24.43 24.59 24.51 24.70 24.90 24.65 25.19 25.25 25.39 25.55 25.68 25.80 25.91 25.99 26.08 26.22 26.24 26.30 26.46 26.48 26.56 26.62 26.62 26.56 26.85 26.95 27.06 27.08 27.19 27.23 27.26 27.34 27.40 27.45 27.53 27.59 27.64 27.71 27.75 27.80 27.88 27.97 28.02 28.08 28.13 28.21 28.28 28.33 28.46 28.56 28.62 28.68 28.75 28.82 28.88 28.89 28.89 28.98 28.97 29.02 29.03 29.05 29.13 29.16 29.26 29.33 29.35 29.51 29.56 29.59 29.67 29.64 29.72 29.66 29.49 29.49
24.07 24.15 24.54 24.79 24.88 24.97 25.11 25.25 25.40 25.48 25.58 25.71 25.85 25.93 26.04 26.05 26.21 26.31 26.25 26.34 26.50 26.59 26.55 26.65 26.78 26.87 26.85 26.99 27.06 27.16 27.21 27.24 27.31 27.35 27.40 27.49 27.55 27.62 27.68 27.74 27.81 27.91 27.92 28.01 28.11 28.18 28.21 28.32 28.35 28.46 28.56 28.62 28.33 28.64 28.83 28.89 28.95 28.97 28.98 28.89 29.08 29.07 29.13 29.18 29.24 29.33 29.38 29.45 29.49 29.58 29.59 29.69 29.72 29.65 29.66 29.56 29.68
