main/data/temperature/29.05.2023.grid
ncols 886
nrows 691
xllcenter 112.0000
yllcenter -44.5000
cellsize 0.0500
nodata_value 99999.90
[rows 0 to 33 of 691, columns 308 to 384 of 886]
29.37 29.40 29.42 29.45 29.48 29.51 29.54 29.57 29.59 29.62 29.65 29.67 29.71 29.74 29.77 29.80 29.83 29.85 29.87 29.88 29.89 29.91 29.92 29.93 29.94 29.96 29.96 29.98 29.98 29.98 29.99 29.98 29.98 29.98 29.98 29.98 29.97 29.97 29.97 29.97 29.96 29.96 29.95 29.95 29.94 29.93 29.93 29.92 29.91 29.90 29.89 29.88 29.87 29.86 29.84 29.83 29.82 29.81 29.80 29.77 29.76 29.74 29.73 29.71 29.69 29.68 29.65 29.63 29.61 29.59 29.57 29.55 29.53 29.51 29.49 29.46 29.44
29.37 29.40 29.43 29.46 29.48 29.51 29.54 29.56 29.59 29.62 29.65 29.68 29.72 29.75 29.77 29.81 29.83 29.85 29.86 29.88 29.89 29.90 29.92 29.92 29.94 29.96 29.96 29.96 29.97 29.97 29.97 29.98 29.98 29.97 29.97 29.97 29.98 29.98 29.96 29.96 29.96 29.96 29.95 29.95 29.94 29.94 29.92 29.92 29.91 29.90 29.89 29.88 29.87 29.86 29.85 29.84 29.82 29.81 29.79 29.77 29.76 29.74 29.73 29.71 29.69 29.67 29.65 29.63 29.61 29.59 29.57 29.55 29.52 29.50 29.48 29.46 29.44
29.36 29.39 29.42 29.45 29.48 29.51 29.54 29.57 29.60 29.63 29.66 29.69 29.72 29.75 29.78 29.81 29.83 29.84 29.86 29.87 29.88 29.90 29.92 29.92 29.94 29.95 29.96 29.96 29.97 29.96 29.96 29.97 29.97 29.97 29.97 29.97 29.97 29.97 29.97 29.97 29.96 29.95 29.95 29.95 29.94 29.93 29.92 29.92 29.91 29.91 29.89 29.88 29.87 29.86 29.85 29.84 29.83 29.82 29.79 29.78 29.76 29.75 29.73 29.71 29.69 29.66 29.65 29.63 29.61 29.59 29.56 29.54 29.52 29.50 29.48 29.44 29.42
29.36 29.38 29.41 29.44 29.47 29.50 29.53 29.56 29.60 29.63 29.66 29.69 29.73 29.76 29.79 29.80 29.82 29.84 29.85 29.86 29.88 29.90 29.92 29.92 29.94 29.94 29.95 29.95 29.96 29.96 29.96 29.97 29.96 29.96 29.97 29.97 29.97 29.96 29.96 29.96 29.96 29.96 29.95 29.94 29.94 29.93 29.93 29.92 29.92 29.90 29.89 29.89 29.88 29.87 29.86 29.84 29.83 29.82 29.81 29.78 29.77 29.75 29.73 29.71 29.70 29.68 29.65 29.63 29.61 29.58 29.56 29.54 29.52 29.49 29.46 29.44 29.41
29.35 29.38 29.42 29.45 29.48 29.51 29.54 29.57 29.60 29.64 29.67 29.70 29.73 29.76 29.78 29.80 29.82 29.83 29.85 29.86 29.88 29.90 29.90 29.92 29.93 29.93 29.94 29.94 29.95 29.95 29.96 29.96 29.96 29.97 29.96 29.96 29.96 29.96 29.96 29.96 29.95 29.95 29.95 29.95 29.94 29.94 29.93 29.92 29.91 29.91 29.90 29.89 29.88 29.87 29.86 29.85 29.84 29.83 29.81 29.80 29.78 29.76 29.74 29.72 29.70 29.68 29.66 29.64 29.61 29.58 29.56 29.54 29.51 29.49 29.46 29.43 29.41
29.35 29.38 29.41 29.44 29.47 29.50 29.53 29.57 29.60 29.63 29.67 29.70 29.73 29.75 29.77 29.79 29.81 29.82 29.84 29.86 29.88 29.89 29.90 29.91 29.92 29.93 29.94 29.94 29.94 29.94 29.95 29.95 29.96 29.96 29.96 29.96 29.96 29.96 29.96 29.96 29.96 29.95 29.95 29.95 29.95 29.93 29.93 29.92 29.92 29.91 29.91 29.90 29.89 29.88 29.87 29.86 29.84 29.83 29.82 29.80 29.79 29.77 29.75 29.73 29.71 29.68 29.66 29.64 29.62 29.59 29.56 29.54 29.51 29.49 29.46 29.44 29.40
29.34 29.37 29.40 29.43 29.47 29.51 29.54 29.57 29.61 29.64 29.67 29.71 29.73 29.75 29.77 29.79 29.80 29.82 29.84 29.85 29.87 29.88 29.89 29.91 29.92 29.92 29.93 29.93 29.94 29.94 29.95 29.95 29.96 29.95 29.95 29.96 29.96 29.96 29.96 29.96 29.96 29.95 29.95 29.95 29.94 29.94 29.94 29.93 29.93 29.92 29.91 29.92 29.91 29.90 29.89 29.87 29.86 29.85 29.83 29.82 29.80 29.79 29.77 29.75 29.72 29.70 29.68 29.64 29.62 29.60 29.57 29.54 29.51 29.49 29.46 29.44 29.41
29.33 29.37 29.40 29.44 29.47 29.50 29.53 29.57 29.60 29.64 29.67 29.69 29.71 29.73 29.75 29.77 29.79 29.81 29.83 29.85 29.87 29.87 29.89 29.90 29.91 29.91 29.92 29.93 29.93 29.94 29.94 29.95 29.95 29.95 29.96 29.96 29.96 29.95 29.96 29.96 29.96 29.95 29.95 29.95 29.95 29.95 29.94 29.94 29.93 29.94 29.93 29.92 29.91 29.90 29.90 29.89 29.88 29.87 29.85 29.84 29.82 29.80 29.79 29.76 29.73 29.71 29.69 29.66 29.64 29.61 29.58 29.55 29.51 29.49 29.46 29.43 29.41
29.33 29.36 29.40 29.43 29.46 29.49 29.54 29.57 29.61 29.64 29.67 29.69 29.71 29.73 29.75 29.77 29.79 29.81 29.83 29.85 29.85 29.87 29.88 29.89 29.90 29.90 29.91 29.92 29.92 29.93 29.93 29.94 29.94 29.95 29.95 29.95 29.96 29.96 29.96 29.96 29.96 29.96 29.96 29.96 29.96 29.95 29.95 29.95 29.95 29.95 29.94 29.94 29.93 29.92 29.92 29.91 29.90 29.89 29.88 29.87 29.85 29.83 29.80 29.78 29.76 29.73 29.71 29.67 29.65 29.62 29.59 29.55 29.53 29.50 29.46 29.43 29.40
29.32 29.35 29.39 29.43 29.46 29.50 29.53 29.57 29.60 29.63 29.66 29.68 29.70 29.72 29.74 29.76 29.78 29.80 29.82 29.84 29.84 29.86 29.87 29.88 29.89 29.89 29.91 29.92 29.92 29.93 29.94 29.94 29.95 29.95 29.95 29.96 29.96 29.96 29.96 29.96 29.97 29.97 29.97 29.97 29.96 29.96 29.96 29.97 29.96 29.96 29.96 29.95 29.95 29.95 29.94 29.93 29.93 29.92 29.90 29.90 29.88 29.85 29.83 29.81 29.78 29.76 29.73 29.70 29.67 29.64 29.61 29.57 29.54 29.50 29.47 29.44 29.42
29.31 29.36 29.39 29.42 29.45 29.49 29.53 29.57 29.60 29.62 29.64 29.66 29.69 29.71 29.74 29.76 29.77 29.80 29.82 29.82 29.84 29.85 29.86 29.87 29.89 29.90 29.90 29.91 29.92 29.92 29.93 29.94 29.94 29.95 29.95 29.95 29.96 29.96 29.96 29.96 29.96 29.97 29.96 29.98 29.97 29.97 29.98 29.97 29.98 29.97 29.98 29.98 29.97 29.98 29.97 29.96 29.96 29.95 29.94 29.93 29.91 29.89 29.87 29.84 29.82 29.79 29.75 29.73 29.70 29.66 29.62 29.58 29.55 29.51 29.49 29.45 29.42
29.31 29.35 29.38 29.42 29.46 29.49 29.53 29.55 29.58 29.61 29.64 29.66 29.68 29.70 29.72 29.74 29.76 29.78 29.80 29.81 29.83 29.84 29.85 29.86 29.88 29.89 29.89 29.90 29.91 29.92 29.92 29.93 29.94 29.95 29.95 29.96 29.96 29.96 29.97 29.97 29.97 29.97 29.97 29.98 29.98 29.99 29.99 29.99 30.00 30.00 30.00 30.00 30.01 30.01 30.01 30.01 30.00 29.99 29.99 29.97 29.95 29.93 29.92 29.88 29.85 29.83 29.80 29.76 29.72 29.69 29.65 29.61 29.57 29.53 29.49 29.46 29.43
29.30 29.34 29.38 29.41 29.45 29.48 29.52 29.55 29.57 29.60 29.62 29.65 29.67 29.70 29.72 29.74 29.76 29.77 29.79 29.80 29.82 29.83 29.84 29.86 29.87 29.88 29.89 29.89 29.91 29.92 29.93 29.93 29.94 29.94 29.95 29.95 29.96 29.96 29.96 29.98 29.98 29.98 29.98 29.99 29.99 30.00 30.01 30.02 30.02 30.03 30.03 30.04 30.04 30.04 30.05 30.05 30.05 30.03 30.03 30.01 30.01 29.98 29.96 29.94 29.91 29.87 29.84 29.80 29.75 29.72 29.68 29.63 29.59 29.55 29.51 29.47 29.44
29.30 29.34 29.37 29.40 29.45 29.48 29.51 29.53 29.56 29.59 29.61 29.63 29.67 29.69 29.71 29.73 29.75 29.76 29.78 29.79 29.81 29.82 29.84 29.85 29.86 29.87 29.89 29.90 29.91 29.91 29.92 29.93 29.93 29.94 29.95 29.96 29.96 29.97 29.97 29.98 29.99 29.99 29.99 30.00 30.01 30.02 30.03 30.04 30.04 30.05 30.06 30.07 30.08 30.08 30.09 30.09 30.09 30.09 30.08 30.08 30.06 30.04 30.01 29.99 29.96 29.92 29.88 29.84 29.80 29.76 29.71 29.67 29.62 29.57 29.53 29.49 29.44
29.29 29.33 29.36 29.40 29.43 29.46 29.50 29.52 29.55 29.58 29.60 29.63 29.65 29.67 29.70 29.72 29.74 29.75 29.77 29.78 29.80 29.81 29.83 29.84 29.85 29.87 29.88 29.89 29.90 29.91 29.91 29.93 29.94 29.94 29.95 29.96 29.96 29.97 29.98 29.98 29.99 30.00 30.01 30.01 30.02 30.03 30.04 30.06 30.07 30.08 30.10 30.11 30.13 30.14 30.14 30.15 30.16 30.16 30.15 30.14 30.13 30.11 30.08 30.05 30.01 29.98 29.93 29.89 29.85 29.80 29.75 29.70 29.64 29.60 29.55 29.50 29.47
29.28 29.32 29.36 29.39 29.43 29.45 29.48 29.51 29.54 29.56 29.60 29.62 29.64 29.66 29.69 29.71 29.73 29.74 29.76 29.77 29.79 29.80 29.82 29.83 29.84 29.86 29.87 29.88 29.89 29.91 29.92 29.93 29.93 29.94 29.95 29.96 29.97 29.97 29.98 29.99 30.00 30.01 30.02 30.03 30.04 30.05 30.07 30.08 30.10 30.12 30.13 30.16 30.17 30.18 30.20 30.22 30.21 30.22 30.22 30.21 30.20 30.18 30.16 30.12 30.08 30.05 30.00 29.95 29.89 29.84 29.79 29.73 29.68 29.63 29.58 29.53 29.49
29.28 29.31 29.34 29.38 29.41 29.44 29.47 29.50 29.53 29.55 29.58 29.61 29.63 29.65 29.67 29.70 29.72 29.73 29.75 29.77 29.79 29.80 29.82 29.83 29.85 29.86 29.87 29.89 29.90 29.91 29.91 29.92 29.94 29.95 29.95 29.96 29.97 29.98 29.99 30.00 30.01 30.02 30.03 30.04 30.06 30.08 30.10 30.11 30.13 30.16 30.18 30.20 30.23 30.25 30.26 30.28 30.29 30.30 30.30 30.29 30.27 30.26 30.24 30.20 30.16 30.11 30.07 30.01 29.96 29.90 29.84 29.77 29.72 29.66 29.61 29.55 29.51
29.27 29.30 29.34 29.36 29.40 29.43 29.46 29.49 29.51 29.55 29.57 29.59 29.62 29.64 29.66 29.69 29.71 29.72 29.74 29.76 29.78 29.80 29.81 29.82 29.84 29.85 29.86 29.88 29.89 29.90 29.91 29.93 29.93 29.94 29.95 29.97 29.97 29.98 29.99 30.01 30.02 30.03 30.04 30.07 30.08 30.10 30.12 30.15 30.17 30.20 30.22 30.26 30.28 30.31 30.33 30.35 30.37 30.38 30.38 30.37 30.36 30.34 30.32 30.28 30.24 30.19 30.14 30.08 30.02 29.96 29.89 29.83 29.76 29.70 29.64 29.58 29.54
29.26 29.29 29.33 29.35 29.38 29.42 29.44 29.48 29.50 29.53 29.56 29.58 29.61 29.63 29.65 29.67 29.70 29.71 29.73 29.75 29.77 29.79 29.80 29.82 29.83 29.84 29.86 29.87 29.88 29.90 29.91 29.92 29.93 29.95 29.96 29.96 29.98 29.99 30.00 30.01 30.03 30.04 30.06 30.08 30.10 30.12 30.15 30.18 30.21 30.24 30.28 30.31 30.34 30.38 30.40 30.43 30.44 30.46 30.46 30.45 30.44 30.42 30.40 30.36 30.32 30.27 30.22 30.15 30.09 30.01 29.95 29.88 29.81 29.74 29.67 29.62 29.56
29.24 29.28 29.31 29.33 29.37 29.40 29.43 29.46 29.49 29.52 29.55 29.57 29.59 29.62 29.64 29.66 29.69 29.70 29.72 29.75 29.76 29.78 29.79 29.81 29.82 29.85 29.86 29.87 29.89 29.90 29.91 29.92 29.94 29.95 29.95 29.97 29.98 30.00 30.00 30.02 30.03 30.06 30.08 30.10 30.12 30.14 30.18 30.21 30.25 30.29 30.33 30.36 30.40 30.45 30.48 30.50 30.51 30.50 30.49 30.48 30.46 30.44 30.42 30.40 30.36 30.33 30.29 30.23 30.16 30.08 30.00 29.92 29.86 29.78 29.71 29.65 29.59
29.23 29.26 29.29 29.32 29.36 29.39 29.41 29.45 29.47 29.51 29.53 29.56 29.58 29.61 29.63 29.65 29.67 29.69 29.71 29.74 29.75 29.77 29.78 29.81 29.82 29.84 29.85 29.86 29.88 29.89 29.90 29.92 29.93 29.94 29.96 29.97 29.99 30.00 30.01 30.03 30.05 30.07 30.09 30.11 30.14 30.18 30.21 30.24 30.28 30.34 30.37 30.42 30.47 30.51 30.54 30.54 30.53 30.52 30.51 30.49 30.47 30.45 30.43 30.41 30.39 30.35 30.32 30.28 30.22 30.15 30.06 29.99 29.91 29.83 29.75 29.69 29.62
29.21 29.24 29.28 29.32 29.34 29.38 29.40 29.44 29.46 29.50 29.52 29.55 29.57 29.60 29.62 29.64 29.66 29.68 29.70 29.73 29.74 29.76 29.78 29.80 29.81 29.83 29.85 29.87 29.88 29.89 29.91 29.92 29.94 29.95 29.96 29.98 29.99 30.01 30.02 30.04 30.06 30.08 30.11 30.13 30.17 30.20 30.24 30.28 30.33 30.37 30.42 30.48 30.53 30.56 30.56 30.56 30.55 30.54 30.53 30.50 30.49 30.47 30.45 30.42 30.39 30.37 30.34 30.30 30.25 30.20 30.12 30.04 29.96 29.87 29.80 29.72 29.65
29.19 29.23 29.27 29.30 29.33 29.36 29.39 29.42 29.45 29.48 29.51 29.53 29.56 29.58 29.61 29.62 29.65 29.67 29.70 29.72 29.73 29.76 29.77 29.79 29.81 29.83 29.84 29.86 29.87 29.89 29.91 29.92 29.94 29.95 29.97 29.98 30.00 30.01 30.03 30.05 30.07 30.09 30.12 30.16 30.18 30.23 30.27 30.32 30.37 30.42 30.47 30.53 30.57 30.58 30.57 30.57 30.56 30.55 30.53 30.52 30.51 30.49 30.46 30.43 30.41 30.37 30.34 30.31 30.27 30.22 30.17 30.09 30.00 29.92 29.84 29.76 29.69
29.18 29.21 29.25 29.29 29.31 29.35 29.38 29.41 29.44 29.46 29.49 29.51 29.54 29.56 29.59 29.61 29.64 29.66 29.69 29.70 29.72 29.75 29.76 29.78 29.81 29.82 29.84 29.86 29.88 29.89 29.90 29.92 29.93 29.95 29.96 29.98 30.00 30.01 30.03 30.06 30.08 30.11 30.13 30.17 30.21 30.25 30.30 30.34 30.39 30.46 30.52 30.57 30.59 30.59 30.59 30.58 30.57 30.56 30.55 30.53 30.51 30.50 30.47 30.44 30.42 30.38 30.35 30.31 30.27 30.23 30.19 30.14 30.05 29.97 29.88 29.79 29.72
29.17 29.20 29.24 29.27 29.30 29.34 29.36 29.40 29.42 29.45 29.47 29.50 29.53 29.55 29.58 29.60 29.63 29.65 29.68 29.69 29.72 29.74 29.76 29.78 29.80 29.81 29.84 29.85 29.87 29.89 29.91 29.92 29.94 29.95 29.97 29.98 30.00 30.02 30.04 30.06 30.09 30.12 30.15 30.18 30.22 30.27 30.32 30.37 30.43 30.50 30.55 30.59 30.60 30.60 30.59 30.59 30.58 30.57 30.56 30.54 30.43 30.51 30.48 30.45 30.42 30.39 30.35 30.31 30.27 30.23 30.19 30.14 30.08 30.00 29.91 29.83 29.75
29.16 29.19 29.22 29.26 29.29 29.32 29.35 29.39 29.41 29.44 29.46 29.49 29.52 29.54 29.57 29.59 29.62 29.64 29.67 29.68 29.71 29.73 29.76 29.77 29.79 29.81 29.83 29.84 29.87 29.88 29.90 29.92 29.94 29.95 29.97 29.99 30.01 30.02 30.05 30.07 30.10 30.13 30.16 30.20 30.25 30.29 30.34 30.39 30.46 30.51 30.58 30.60 30.60 30.60 30.59 30.59 30.58 30.57 30.56 30.55 30.38 30.21 30.48 30.46 30.42 30.38 30.35 30.31 30.26 30.23 30.18 30.13 30.08 30.03 29.95 29.87 29.78
29.14 29.17 29.21 29.24 29.27 29.31 29.34 29.36 29.39 29.42 29.45 29.48 29.51 29.53 29.56 29.58 29.61 29.63 29.65 29.67 29.70 29.72 29.75 29.76 29.79 29.81 29.83 29.85 29.86 29.89 29.90 29.92 29.94 29.96 29.97 29.99 30.01 30.03 30.05 30.08 30.10 30.14 30.17 30.21 30.26 30.31 30.35 30.41 30.48 30.54 30.60 30.60 30.60 30.59 30.59 30.58 30.58 30.57 30.56 30.55 30.53 30.23 30.44 30.38 30.35 30.37 30.34 30.30 30.25 30.21 30.17 30.12 30.07 30.02 29.96 29.82 29.80
29.13 29.17 29.19 29.23 29.26 29.30 29.32 29.35 29.38 29.40 29.43 29.46 29.48 29.51 29.55 29.57 29.60 29.61 29.64 29.67 29.69 29.72 29.74 29.76 29.78 29.81 29.82 29.84 29.86 29.88 29.89 29.92 29.94 29.95 29.98 30.00 30.01 30.03 30.06 30.08 30.11 30.14 30.18 30.22 30.26 30.31 30.37 30.43 30.48 30.55 30.58 30.60 30.59 30.59 30.59 30.58 30.57 30.55 30.55 30.54 30.49 30.38 30.37 30.38 30.39 30.33 30.32 30.28 30.23 30.20 30.15 30.02 30.05 29.99 29.82 29.68 29.82
29.11 29.15 29.18 29.22 29.25 29.27 29.30 29.33 29.36 29.39 29.42 29.45 29.47 29.50 29.53 29.55 29.58 29.61 29.63 29.66 29.68 29.71 29.73 29.75 29.78 29.80 29.81 29.84 29.86 29.88 29.90 29.92 29.94 29.95 29.97 30.00 30.02 30.04 30.06 30.10 30.12 30.15 30.19 30.23 30.27 30.32 30.37 30.42 30.49 30.55 30.57 30.58 30.58 30.58 30.57 30.56 30.55 30.54 30.41 30.41 30.51 30.32 30.21 30.33 30.37 30.26 30.29 30.16 29.86 30.00 29.97 29.94 29.82 29.98 29.72 29.63 29.77
29.10 29.14 29.17 29.19 29.23 29.26 29.29 29.31 29.34 29.37 29.41 29.44 29.46 29.49 29.52 29.54 29.57 29.60 29.62 29.65 29.68 29.70 29.73 29.74 29.77 29.79 29.81 29.83 29.86 29.87 29.90 29.91 29.94 29.96 29.97 30.00 30.02 30.04 30.06 30.10 30.13 30.16 30.19 30.23 30.27 30.32 30.37 30.42 30.48 30.53 30.56 30.56 30.55 30.55 30.54 30.53 30.48 30.50 30.39 30.33 30.47 30.41 30.10 29.95 30.18 30.29 30.23 30.22 29.97 29.77 30.08 29.95 29.83 29.93 29.73 29.59 29.73
29.08 29.12 29.15 29.18 29.21 29.24 29.26 29.30 29.33 29.36 29.39 29.42 29.45 29.48 29.51 29.53 29.56 29.59 29.61 29.64 29.67 29.69 29.71 29.74 29.76 29.79 29.80 29.83 29.85 29.87 29.89 29.92 29.93 29.96 29.98 29.99 30.02 30.04 30.07 30.10 30.13 30.16 30.19 30.23 30.27 30.32 30.36 30.41 30.46 30.51 30.53 30.53 30.52 30.52 30.50 30.50 30.46 30.33 30.01 30.04 30.42 30.15 30.07 30.18 30.28 30.14 30.19 30.19 30.14 30.04 30.03 29.84 29.81 29.93 29.82 29.73 29.67
29.07 29.10 29.13 29.17 29.20 29.22 29.25 29.28 29.31 29.35 29.38 29.40 29.43 29.46 29.49 29.53 29.55 29.58 29.61 29.63 29.66 29.69 29.70 29.73 29.76 29.78 29.81 29.82 29.85 29.88 29.89 29.91 29.93 29.95 29.98 30.00 30.03 30.05 30.07 30.10 30.13 30.15 30.20 30.23 30.27 30.31 30.35 30.39 30.44 30.48 30.49 30.49 30.48 30.47 30.46 30.45 30.23 30.23 30.22 30.22 30.37 30.34 30.30 30.19 30.17 30.11 30.05 30.09 30.05 29.91 29.72 29.89 29.81 29.73 29.77 29.61 29.51
29.06 29.09 29.11 29.14 29.17 29.20 29.24 29.27 29.30 29.33 29.35 29.39 29.42 29.45 29.48 29.50 29.53 29.56 29.59 29.62 29.64 29.67 29.70 29.72 29.75 29.78 29.80 29.82 29.84 29.87 29.89 29.91 29.94 29.95 29.98 30.00 30.02 30.05 30.07 30.10 30.12 30.15 30.19 30.22 30.25 30.29 30.32 30.36 30.41 30.44 30.45 30.43 30.43 30.42 30.40 30.39 30.37 30.06 30.02 30.29 30.08 30.20 30.22 30.02 29.88 29.86 29.79 29.86 29.94 29.89 29.70 29.51 29.65 29.49 29.69 29.61 29.52
29.03 29.06 29.09 29.13 29.16 29.19 29.22 29.25 29.29 29.31 29.34 29.37 29.40 29.44 29.47 29.50 29.52 29.55 29.58 29.61 29.63 29.66 29.69 29.72 29.74 29.77 29.80 29.81 29.84 29.87 29.88 29.91 29.93 29.96 29.97 30.00 30.02 30.05 30.07 30.10 30.12 30.16 30.18 30.21 30.24 30.28 30.31 30.33 30.36 30.38 30.38 30.37 30.36 30.35 30.33 30.33 30.31 30.09 30.20 30.10 30.04 30.10 29.99 30.08 30.05 29.71 29.54 29.70 29.77 29.82 29.84 29.85 29.39 29.63 29.50 29.60 29.56
