main/data/temperature/29.07.2023.grid
ncols 886
nrows 691
xllcenter 112.0000
yllcenter -44.5000
cellsize 0.0500
nodata_value 99999.90
[rows 646 to 679 of 691, columns 231 to 307 of 886]
12.22 12.22 12.22 12.22 12.22 12.22 12.22 12.22 12.22 12.22 12.22 12.22 12.22 12.22 12.22 12.22 12.22 12.22 12.21 12.21 12.21 12.21 12.21 12.21 12.21 12.21 12.21 12.21 12.21 12.21 12.21 12.21 12.21 12.21 12.21 12.20 12.20 12.20 12.20 12.20 12.20 12.20 12.20 12.20 12.20 12.20 12.20 12.19 12.19 12.19 12.19 12.19 12.19 12.19 12.19 12.19 12.19 12.18 12.18 12.18 12.18 12.18 12.18 12.18 12.18 12.18 12.17 12.17 12.17 12.17 12.17 12.17 12.17 12.16 12.16 12.16 12.16
12.20 12.20 12.20 12.20 12.19 12.19 12.19 12.19 12.19 12.19 12.19 12.19 12.19 12.19 12.19 12.19 12.19 12.19 12.19 12.19 12.19 12.19 12.19 12.19 12.19 12.19 12.18 12.18 12.18 12.18 12.18 12.18 12.18 12.18 12.18 12.18 12.18 12.18 12.18 12.17 12.17 12.17 12.17 12.17 12.17 12.17 12.17 12.17 12.17 12.16 12.16 12.16 12.16 12.16 12.16 12.16 12.16 12.16 12.16 12.15 12.15 12.15 12.15 12.15 12.15 12.15 12.15 12.15 12.14 12.14 12.14 12.14 12.14 12.14 12.14 12.14 12.13
12.17 12.17 12.17 12.17 12.17 12.17 12.17 12.17 12.17 12.17 12.17 12.16 12.16 12.16 12.16 12.16 12.16 12.16 12.16 12.16 12.16 12.16 12.16 12.16 12.16 12.16 12.16 12.16 12.16 12.15 12.15 12.15 12.15 12.15 12.15 12.15 12.15 12.15 12.15 12.15 12.15 12.15 12.14 12.14 12.14 12.14 12.14 12.14 12.14 12.14 12.14 12.14 12.14 12.13 12.13 12.13 12.13 12.13 12.13 12.13 12.13 12.13 12.13 12.12 12.12 12.12 12.12 12.12 12.12 12.12 12.12 12.12 12.11 12.11 12.11 12.11 12.11
12.14 12.14 12.14 12.14 12.14 12.14 12.14 12.14 12.14 12.14 12.14 12.14 12.14 12.14 12.14 12.14 12.14 12.14 12.13 12.13 12.13 12.13 12.13 12.13 12.13 12.13 12.13 12.13 12.13 12.13 12.13 12.13 12.13 12.13 12.12 12.12 12.12 12.12 12.12 12.12 12.12 12.12 12.12 12.12 12.12 12.12 12.12 12.12 12.11 12.11 12.11 12.11 12.11 12.11 12.11 12.11 12.11 12.11 12.10 12.10 12.10 12.10 12.10 12.10 12.10 12.10 12.10 12.09 12.09 12.09 12.09 12.09 12.09 12.09 12.09 12.08 12.08
12.12 12.12 12.12 12.12 12.12 12.11 12.11 12.11 12.11 12.11 12.11 12.11 12.11 12.11 12.11 12.11 12.11 12.11 12.11 12.11 12.11 12.11 12.11 12.11 12.11 12.11 12.10 12.10 12.10 12.10 12.10 12.10 12.10 12.10 12.10 12.10 12.10 12.10 12.10 12.10 12.09 12.09 12.09 12.09 12.09 12.09 12.09 12.09 12.09 12.09 12.09 12.09 12.08 12.08 12.08 12.08 12.08 12.08 12.08 12.08 12.07 12.07 12.07 12.07 12.07 12.07 12.07 12.07 12.07 12.06 12.06 12.06 12.06 12.06 12.06 12.06 12.06
12.09 12.09 12.09 12.09 12.09 12.09 12.09 12.09 12.09 12.09 12.09 12.09 12.09 12.09 12.08 12.08 12.08 12.08 12.08 12.08 12.08 12.08 12.08 12.08 12.08 12.08 12.08 12.08 12.08 12.08 12.07 12.07 12.07 12.07 12.07 12.07 12.07 12.07 12.07 12.07 12.07 12.07 12.07 12.06 12.06 12.06 12.06 12.06 12.06 12.06 12.06 12.06 12.06 12.06 12.05 12.05 12.05 12.05 12.05 12.05 12.05 12.05 12.05 12.05 12.04 12.04 12.04 12.04 12.04 12.04 12.04 12.04 12.04 12.03 12.03 12.03 12.03
12.06 12.06 12.06 12.06 12.06 12.06 12.06 12.06 12.06 12.06 12.06 12.06 12.06 12.06 12.06 12.06 12.06 12.06 12.06 12.06 12.05 12.05 12.05 12.05 12.05 12.05 12.05 12.05 12.05 12.05 12.05 12.05 12.05 12.05 12.05 12.04 12.04 12.04 12.04 12.04 12.04 12.04 12.04 12.04 12.04 12.04 12.04 12.04 12.04 12.03 12.03 12.03 12.03 12.03 12.03 12.03 12.03 12.03 12.03 12.02 12.02 12.02 12.02 12.02 12.02 12.02 12.02 12.02 12.01 12.01 12.01 12.01 12.01 12.01 12.01 12.01 12.01
12.04 12.04 12.04 12.04 12.04 12.04 12.04 12.03 12.03 12.03 12.03 12.03 12.03 12.03 12.03 12.03 12.03 12.03 12.03 12.03 12.03 12.03 12.03 12.03 12.03 12.03 12.03 12.03 12.02 12.02 12.02 12.02 12.02 12.02 12.02 12.02 12.02 12.02 12.02 12.02 12.02 12.02 12.01 12.01 12.01 12.01 12.01 12.01 12.01 12.01 12.01 12.01 12.01 12.00 12.00 12.00 12.00 12.00 12.00 12.00 12.00 12.00 11.99 11.99 11.99 11.99 11.99 11.99 11.99 11.99 11.99 11.98 11.98 11.98 11.98 11.98 11.98
12.01 12.01 12.01 12.01 12.01 12.01 12.01 12.01 12.01 12.01 12.01 12.01 12.01 12.01 12.01 12.01 12.00 12.00 12.00 12.00 12.00 12.00 12.00 12.00 12.00 12.00 12.00 12.00 12.00 12.00 12.00 12.00 11.99 11.99 11.99 11.99 11.99 11.99 11.99 11.99 11.99 11.99 11.99 11.99 11.99 11.98 11.98 11.98 11.98 11.98 11.98 11.98 11.98 11.98 11.98 11.98 11.97 11.97 11.97 11.97 11.97 11.97 11.97 11.97 11.97 11.97 11.96 11.96 11.96 11.96 11.96 11.96 11.96 11.96 11.96 11.95 11.95
11.98 11.98 11.98 11.98 11.98 11.98 11.98 11.98 11.98 11.98 11.98 11.98 11.98 11.98 11.98 11.98 11.98 11.98 11.98 11.98 11.98 11.97 11.97 11.97 11.97 11.97 11.97 11.97 11.97 11.97 11.97 11.97 11.97 11.97 11.97 11.97 11.97 11.96 11.96 11.96 11.96 11.96 11.96 11.96 11.96 11.96 11.96 11.96 11.96 11.96 11.95 11.95 11.95 11.95 11.95 11.95 11.95 11.95 11.95 11.95 11.95 11.94 11.94 11.94 11.94 11.94 11.94 11.94 11.94 11.94 11.93 11.93 11.93 11.93 11.93 11.93 11.93
11.96 11.96 11.96 11.96 11.96 11.96 11.96 11.96 11.96 11.95 11.95 11.95 11.95 11.95 11.95 11.95 11.95 11.95 11.95 11.95 11.95 11.95 11.95 11.95 11.95 11.95 11.95 11.95 11.95 11.94 11.94 11.94 11.94 11.94 11.94 11.94 11.94 11.94 11.94 11.94 11.94 11.94 11.94 11.93 11.93 11.93 11.93 11.93 11.93 11.93 11.93 11.93 11.93 11.93 11.93 11.92 11.92 11.92 11.92 11.92 11.92 11.92 11.92 11.92 11.91 11.91 11.91 11.91 11.91 11.91 11.91 11.91 11.91 11.90 11.90 11.90 11.90
11.93 11.93 11.93 11.93 11.93 11.93 11.93 11.93 11.93 11.93 11.93 11.93 11.93 11.93 11.93 11.93 11.93 11.93 11.92 11.92 11.92 11.92 11.92 11.92 11.92 11.92 11.92 11.92 11.92 11.92 11.92 11.92 11.92 11.92 11.91 11.91 11.91 11.91 11.91 11.91 11.91 11.91 11.91 11.91 11.91 11.91 11.91 11.90 11.90 11.90 11.90 11.90 11.90 11.90 11.90 11.90 11.90 11.90 11.89 11.89 11.89 11.89 11.89 11.89 11.89 11.89 11.89 11.89 11.88 11.88 11.88 11.88 11.88 11.88 11.88 11.88 11.88
11.90 11.90 11.90 11.90 11.90 11.90 11.90 11.90 11.90 11.90 11.90 11.90 11.90 11.90 11.90 11.90 11.90 11.90 11.90 11.90 11.90 11.90 11.90 11.89 11.89 11.89 11.89 11.89 11.89 11.89 11.89 11.89 11.89 11.89 11.89 11.89 11.89 11.89 11.89 11.88 11.88 11.88 11.88 11.88 11.88 11.88 11.88 11.88 11.88 11.88 11.88 11.88 11.87 11.87 11.87 11.87 11.87 11.87 11.87 11.87 11.87 11.87 11.87 11.86 11.86 11.86 11.86 11.86 11.86 11.86 11.86 11.86 11.85 11.85 11.85 11.85 11.85
11.88 11.88 11.88 11.88 11.88 11.88 11.88 11.88 11.88 11.88 11.88 11.88 11.87 11.87 11.87 11.87 11.87 11.87 11.87 11.87 11.87 11.87 11.87 11.87 11.87 11.87 11.87 11.87 11.87 11.87 11.87 11.86 11.86 11.86 11.86 11.86 11.86 11.86 11.86 11.86 11.86 11.86 11.86 11.86 11.86 11.85 11.85 11.85 11.85 11.85 11.85 11.85 11.85 11.85 11.85 11.85 11.85 11.84 11.84 11.84 11.84 11.84 11.84 11.84 11.84 11.84 11.84 11.83 11.83 11.83 11.83 11.83 11.83 11.83 11.83 11.82 11.82
11.85 11.85 11.85 11.85 11.85 11.85 11.85 11.85 11.85 11.85 11.85 11.85 11.85 11.85 11.85 11.85 11.85 11.85 11.85 11.85 11.85 11.84 11.84 11.84 11.84 11.84 11.84 11.84 11.84 11.84 11.84 11.84 11.84 11.84 11.84 11.84 11.84 11.83 11.83 11.83 11.83 11.83 11.83 11.83 11.83 11.83 11.83 11.83 11.83 11.82 11.82 11.82 11.82 11.82 11.82 11.82 11.82 11.82 11.82 11.82 11.81 11.81 11.81 11.81 11.81 11.81 11.81 11.81 11.81 11.81 11.80 11.80 11.80 11.80 11.80 11.80 11.80
11.83 11.83 11.82 11.82 11.82 11.82 11.82 11.82 11.82 11.82 11.82 11.82 11.82 11.82 11.82 11.82 11.82 11.82 11.82 11.82 11.82 11.82 11.82 11.82 11.82 11.82 11.81 11.81 11.81 11.81 11.81 11.81 11.81 11.81 11.81 11.81 11.81 11.81 11.81 11.81 11.81 11.80 11.80 11.80 11.80 11.80 11.80 11.80 11.80 11.80 11.80 11.80 11.80 11.80 11.79 11.79 11.79 11.79 11.79 11.79 11.79 11.79 11.79 11.79 11.79 11.78 11.78 11.78 11.78 11.78 11.78 11.78 11.78 11.78 11.78 11.77 11.77
11.80 11.80 11.80 11.80 11.80 11.80 11.80 11.80 11.80 11.80 11.80 11.80 11.80 11.79 11.79 11.79 11.79 11.79 11.79 11.79 11.79 11.79 11.79 11.79 11.79 11.79 11.79 11.79 11.79 11.79 11.79 11.79 11.79 11.79 11.78 11.78 11.78 11.78 11.78 11.78 11.78 11.78 11.78 11.78 11.78 11.78 11.78 11.78 11.77 11.77 11.77 11.77 11.77 11.77 11.77 11.77 11.77 11.77 11.77 11.76 11.76 11.76 11.76 11.76 11.76 11.76 11.76 11.76 11.76 11.75 11.75 11.75 11.75 11.75 11.75 11.75 11.75
11.77 11.77 11.77 11.77 11.77 11.77 11.77 11.77 11.77 11.77 11.77 11.77 11.77 11.77 11.77 11.77 11.77 11.77 11.77 11.77 11.77 11.77 11.77 11.77 11.76 11.76 11.76 11.76 11.76 11.76 11.76 11.76 11.76 11.76 11.76 11.76 11.76 11.76 11.76 11.76 11.75 11.75 11.75 11.75 11.75 11.75 11.75 11.75 11.75 11.75 11.75 11.75 11.74 11.74 11.74 11.74 11.74 11.74 11.74 11.74 11.74 11.74 11.74 11.73 11.73 11.73 11.73 11.73 11.73 11.73 11.73 11.73 11.73 11.72 11.72 11.72 11.72
11.75 11.75 11.75 11.75 11.75 11.75 11.75 11.74 11.74 11.74 11.74 11.74 11.74 11.74 11.74 11.74 11.74 11.74 11.74 11.74 11.74 11.74 11.74 11.74 11.74 11.74 11.74 11.74 11.74 11.73 11.73 11.73 11.73 11.73 11.73 11.73 11.73 11.73 11.73 11.73 11.73 11.73 11.73 11.73 11.72 11.72 11.72 11.72 11.72 11.72 11.72 11.72 11.72 11.72 11.72 11.72 11.71 11.71 11.71 11.71 11.71 11.71 11.71 11.71 11.71 11.71 11.71 11.71 11.70 11.70 11.70 11.70 11.70 11.70 11.70 11.70 11.70
11.72 11.72 11.72 11.72 11.72 11.72 11.72 11.72 11.72 11.72 11.72 11.72 11.72 11.72 11.72 11.72 11.72 11.71 11.71 11.71 11.71 11.71 11.71 11.71 11.71 11.71 11.71 11.71 11.71 11.71 11.71 11.71 11.71 11.71 11.71 11.71 11.71 11.70 11.70 11.70 11.70 11.70 11.70 11.70 11.70 11.70 11.70 11.70 11.70 11.70 11.70 11.69 11.69 11.69 11.69 11.69 11.69 11.69 11.69 11.69 11.69 11.69 11.68 11.68 11.68 11.68 11.68 11.68 11.68 11.68 11.68 11.68 11.67 11.67 11.67 11.67 11.67
11.70 11.70 11.70 11.70 11.69 11.69 11.69 11.69 11.69 11.69 11.69 11.69 11.69 11.69 11.69 11.69 11.69 11.69 11.69 11.69 11.69 11.69 11.69 11.69 11.69 11.69 11.69 11.68 11.68 11.68 11.68 11.68 11.68 11.68 11.68 11.68 11.68 11.68 11.68 11.68 11.68 11.68 11.68 11.67 11.67 11.67 11.67 11.67 11.67 11.67 11.67 11.67 11.67 11.67 11.66 11.66 11.66 11.66 11.66 11.66 11.66 11.66 11.66 11.66 11.66 11.66 11.65 11.65 11.65 11.65 11.65 11.65 11.65 11.65 11.65 11.65 11.64
11.67 11.67 11.67 11.67 11.67 11.67 11.67 11.67 11.67 11.67 11.67 11.67 11.66 11.66 11.66 11.66 11.66 11.66 11.66 11.66 11.66 11.66 11.66 11.66 11.66 11.66 11.66 11.66 11.66 11.66 11.66 11.66 11.66 11.65 11.65 11.65 11.65 11.65 11.65 11.65 11.65 11.65 11.65 11.65 11.65 11.65 11.65 11.64 11.64 11.64 11.64 11.64 11.64 11.64 11.64 11.64 11.64 11.64 11.64 11.63 11.63 11.63 11.63 11.63 11.63 11.63 11.63 11.63 11.63 11.63 11.62 11.62 11.62 11.62 11.62 11.62 11.62
11.64 11.64 11.64 11.64 11.64 11.64 11.64 11.64 11.64 11.64 11.64 11.64 11.64 11.64 11.64 11.64 11.64 11.64 11.64 11.64 11.64 11.64 11.63 11.63 11.63 11.63 11.63 11.63 11.63 11.63 11.63 11.63 11.63 11.63 11.63 11.63 11.63 11.63 11.63 11.62 11.62 11.62 11.62 11.62 11.62 11.62 11.62 11.62 11.62 11.62 11.62 11.62 11.62 11.62 11.61 11.61 11.61 11.61 11.61 11.61 11.61 11.61 11.61 11.61 11.61 11.60 11.60 11.60 11.60 11.60 11.60 11.60 11.60 11.60 11.60 11.60 11.59
11.62 11.62 11.62 11.62 11.62 11.62 11.62 11.62 11.62 11.62 11.61 11.61 11.61 11.61 11.61 11.61 11.61 11.61 11.61 11.61 11.61 11.61 11.61 11.61 11.61 11.61 11.61 11.61 11.61 11.61 11.61 11.60 11.60 11.60 11.60 11.60 11.60 11.60 11.60 11.60 11.60 11.60 11.60 11.60 11.60 11.60 11.59 11.59 11.59 11.59 11.59 11.59 11.59 11.59 11.59 11.59 11.59 11.59 11.59 11.58 11.58 11.58 11.58 11.58 11.58 11.58 11.58 11.58 11.58 11.57 11.57 11.57 11.57 11.57 11.57 11.57 11.57
11.59 11.59 11.59 11.59 11.59 11.59 11.59 11.59 11.59 11.59 11.59 11.59 11.59 11.59 11.59 11.59 11.59 11.59 11.59 11.59 11.58 11.58 11.58 11.58 11.58 11.58 11.58 11.58 11.58 11.58 11.58 11.58 11.58 11.58 11.58 11.58 11.57 11.57 11.57 11.57 11.57 11.57 11.57 11.57 11.57 11.57 11.57 11.57 11.57 11.57 11.57 11.56 11.56 11.56 11.56 11.56 11.56 11.56 11.56 11.56 11.56 11.56 11.56 11.55 11.55 11.55 11.55 11.55 11.55 11.55 11.55 11.55 11.55 11.55 11.54 11.54 11.54
11.56 11.56 11.56 11.56 11.56 11.56 11.56 11.56 11.56 11.56 11.56 11.56 11.56 11.56 11.56 11.56 11.56 11.56 11.56 11.56 11.56 11.56 11.56 11.56 11.56 11.56 11.55 11.55 11.55 11.55 11.55 11.55 11.55 11.55 11.55 11.55 11.55 11.55 11.55 11.55 11.55 11.55 11.55 11.54 11.54 11.54 11.54 11.54 11.54 11.54 11.54 11.54 11.54 11.54 11.54 11.54 11.54 11.53 11.53 11.53 11.53 11.53 11.53 11.53 11.53 11.53 11.53 11.53 11.53 11.52 11.52 11.52 11.52 11.52 11.52 11.52 11.52
11.54 11.54 11.54 11.54 11.54 11.54 11.54 11.54 11.54 11.54 11.54 11.54 11.54 11.54 11.54 11.54 11.53 11.53 11.53 11.53 11.53 11.53 11.53 11.53 11.53 11.53 11.53 11.53 11.53 11.53 11.53 11.53 11.53 11.53 11.53 11.53 11.52 11.52 11.52 11.52 11.52 11.52 11.52 11.52 11.52 11.52 11.52 11.52 11.52 11.52 11.51 11.51 11.51 11.51 11.51 11.51 11.51 11.51 11.51 11.51 11.51 11.51 11.51 11.50 11.50 11.50 11.50 11.50 11.50 11.50 11.50 11.50 11.50 11.49 11.49 11.49 11.49
11.51 11.51 11.51 11.51 11.51 11.51 11.51 11.51 11.51 11.51 11.51 11.51 11.51 11.51 11.51 11.51 11.51 11.51 11.51 11.51 11.51 11.51 11.51 11.51 11.51 11.50 11.50 11.50 11.50 11.50 11.50 11.50 11.50 11.50 11.50 11.50 11.50 11.50 11.50 11.50 11.50 11.49 11.49 11.49 11.49 11.49 11.49 11.49 11.49 11.49 11.49 11.49 11.49 11.49 11.49 11.48 11.48 11.48 11.48 11.48 11.48 11.48 11.48 11.48 11.48 11.48 11.48 11.47 11.47 11.47 11.47 11.47 11.47 11.47 11.47 11.47 11.47
11.49 11.49 11.49 11.49 11.49 11.49 11.49 11.49 11.48 11.48 11.48 11.48 11.48 11.48 11.48 11.48 11.48 11.48 11.48 11.48 11.48 11.48 11.48 11.48 11.48 11.48 11.48 11.48 11.48 11.48 11.48 11.47 11.47 11.47 11.47 11.47 11.47 11.47 11.47 11.47 11.47 11.47 11.47 11.47 11.47 11.47 11.47 11.46 11.46 11.46 11.46 11.46 11.46 11.46 11.46 11.46 11.46 11.46 11.46 11.46 11.46 11.45 11.45 11.45 11.45 11.45 11.45 11.45 11.45 11.45 11.45 11.45 11.45 11.44 11.44 11.44 11.44
11.46 11.46 11.46 11.46 11.46 11.46 11.46 11.46 11.46 11.46 11.46 11.46 11.46 11.46 11.46 11.46 11.46 11.46 11.46 11.46 11.46 11.46 11.45 11.45 11.45 11.45 11.45 11.45 11.45 11.45 11.45 11.45 11.45 11.45 11.45 11.45 11.45 11.45 11.45 11.45 11.44 11.44 11.44 11.44 11.44 11.44 11.44 11.44 11.44 11.44 11.44 11.44 11.44 11.44 11.44 11.43 11.43 11.43 11.43 11.43 11.43 11.43 11.43 11.43 11.43 11.43 11.43 11.42 11.42 11.42 11.42 11.42 11.42 11.42 11.42 11.42 11.42
11.44 11.44 11.44 11.44 11.44 11.44 11.43 11.43 11.43 11.43 11.43 11.43 11.43 11.43 11.43 11.43 11.43 11.43 11.43 11.43 11.43 11.43 11.43 11.43 11.43 11.43 11.43 11.43 11.43 11.43 11.42 11.42 11.42 11.42 11.42 11.42 11.42 11.42 11.42 11.42 11.42 11.42 11.42 11.42 11.42 11.41 11.41 11.41 11.41 11.41 11.41 11.41 11.41 11.41 11.41 11.41 11.41 11.41 11.41 11.40 11.40 11.40 11.40 11.40 11.40 11.40 11.40 11.40 11.40 11.40 11.40 11.39 11.39 11.39 11.39 11.39 11.39
11.41 11.41 11.41 11.41 11.41 11.41 11.41 11.41 11.41 11.41 11.41 11.41 11.41 11.41 11.41 11.41 11.40 11.40 11.40 11.40 11.40 11.40 11.40 11.40 11.40 11.40 11.40 11.40 11.40 11.40 11.40 11.40 11.40 11.40 11.40 11.40 11.39 11.39 11.39 11.39 11.39 11.39 11.39 11.39 11.39 11.39 11.39 11.39 11.39 11.39 11.39 11.39 11.38 11.38 11.38 11.38 11.38 11.38 11.38 11.38 11.38 11.38 11.38 11.38 11.38 11.38 11.37 11.37 11.37 11.37 11.37 11.37 11.37 11.37 11.37 11.37 11.37
11.38 11.38 11.38 11.38 11.38 11.38 11.38 11.38 11.38 11.38 11.38 11.38 11.38 11.38 11.38 11.38 11.38 11.38 11.38 11.38 11.38 11.38 11.38 11.38 11.38 11.38 11.38 11.38 11.37 11.37 11.37 11.37 11.37 11.37 11.37 11.37 11.37 11.37 11.37 11.37 11.37 11.37 11.37 11.37 11.37 11.36 11.36 11.36 11.36 11.36 11.36 11.36 11.36 11.36 11.36 11.36 11.36 11.36 11.36 11.35 11.35 11.35 11.35 11.35 11.35 11.35 11.35 11.35 11.35 11.35 11.35 11.34 11.34 11.34 11.34 11.34 11.34
11.36 11.36 11.36 11.36 11.36 11.36 11.36 11.36 11.36 11.36 11.36 11.36 11.36 11.36 11.35 11.35 11.35 11.35 11.35 11.35 11.35 11.35 11.35 11.35 11.35 11.35 11.35 11.35 11.35 11.35 11.35 11.35 11.35 11.35 11.35 11.35 11.34 11.34 11.34 11.34 11.34 11.34 11.34 11.34 11.34 11.34 11.34 11.34 11.34 11.34 11.34 11.34 11.33 11.33 11.33 11.33 11.33 11.33 11.33 11.33 11.33 11.33 11.33 11.33 11.32 11.32 11.32 11.32 11.32 11.32 11.32 11.32 11.32 11.32 11.32 11.32 11.31
