main/data/temperature/29.08.2023.grid
ncols 886
nrows 691
xllcenter 112.0000
yllcenter -44.5000
cellsize 0.0500
nodata_value 99999.90
[rows 170 to 203 of 691, columns 616 to 692 of 886]
30.69 30.74 30.62 30.82 30.79 30.41 30.67 30.43 30.49 30.46 30.55 30.49 30.48 30.06 29.68 29.87 29.46 29.27 28.74 28.20 27.57 27.22 27.50 28.28 28.89 29.01 28.17 29.00 28.62 27.66 27.94 28.12 28.29 27.83 27.84 27.49 27.14 26.70 26.23 26.65 26.46 26.42 26.42 26.44 26.33 26.30 26.33 26.36 26.14 26.20 25.71 25.48 25.27 24.86 24.81 24.81 24.58 24.12 24.13 24.80 24.83 27.50 27.66 27.61 27.58 27.51 25.38 26.63 27.28 27.20 27.10 27.01 26.92 26.82 26.74 26.65 26.56
30.31 30.62 30.62 30.74 30.86 30.31 30.61 30.57 30.38 30.35 30.50 30.19 30.22 29.55 29.61 29.70 29.59 28.78 28.58 28.00 27.40 26.96 27.86 28.47 28.56 28.92 29.14 29.08 28.90 28.80 28.06 28.39 28.27 28.26 27.94 27.64 27.48 26.99 27.03 26.97 26.98 26.86 26.74 26.75 26.66 26.57 26.68 26.72 26.37 26.28 25.89 25.76 25.39 24.95 24.79 24.89 24.77 24.45 24.12 24.75 27.20 27.64 26.87 27.53 27.65 27.64 25.23 25.55 27.45 27.35 27.30 27.20 27.10 27.00 26.90 26.81 26.71
30.63 30.34 30.50 30.45 30.82 30.20 30.44 30.50 30.32 30.43 30.50 30.43 30.29 29.83 29.82 29.45 29.16 29.20 28.50 28.00 27.30 26.88 27.43 27.94 28.25 28.91 28.93 29.06 29.11 28.45 28.75 28.56 28.43 28.37 28.23 28.05 27.68 27.49 27.34 27.37 27.25 27.08 27.09 26.95 26.87 26.73 26.87 26.49 25.99 26.25 26.10 25.82 25.59 25.34 25.06 24.81 24.73 24.68 24.20 24.74 25.51 25.37 27.88 28.04 28.02 27.97 27.83 27.78 27.68 27.51 27.50 27.39 27.29 27.18 26.82 26.97 26.86
30.41 30.47 30.48 30.35 30.76 30.13 30.39 30.21 30.24 30.20 30.39 30.27 30.32 30.05 29.74 29.37 28.94 28.67 28.37 27.76 27.33 27.53 27.66 27.19 28.00 28.67 28.87 28.96 28.91 28.92 28.85 28.69 28.64 28.30 28.37 28.18 27.97 27.77 27.75 27.64 27.59 27.57 27.39 27.07 27.05 27.11 27.24 26.86 26.41 26.63 26.34 26.00 25.97 25.64 25.14 24.83 24.67 24.38 24.37 24.53 25.00 24.62 26.53 28.03 28.13 28.16 28.11 28.03 27.88 27.77 27.70 27.59 27.48 27.36 26.90 27.13 26.99
30.64 30.62 30.37 30.61 30.70 30.58 30.26 30.12 29.92 30.13 30.30 30.25 30.09 29.91 29.35 28.92 28.92 28.82 28.51 28.62 28.02 28.11 27.66 26.96 28.23 28.66 28.85 28.92 28.79 28.80 28.92 28.79 28.62 28.51 28.34 28.19 28.02 27.93 28.02 27.97 27.80 27.89 27.55 27.46 27.24 27.53 27.09 26.75 26.76 26.94 26.55 25.93 26.54 26.23 26.55 25.97 25.58 25.72 24.53 24.52 24.99 24.89 27.97 28.54 28.38 28.33 28.35 28.23 28.11 28.04 27.91 27.79 27.66 27.54 27.40 27.27 26.88
30.39 30.53 30.19 30.38 30.68 30.46 30.28 29.89 30.15 30.18 30.14 30.28 29.94 29.88 29.79 29.26 29.45 29.46 29.35 29.03 27.82 27.55 27.38 27.32 28.24 28.70 28.81 28.92 28.64 28.27 28.67 28.79 28.65 28.50 27.98 28.10 27.92 27.79 28.07 28.05 28.12 28.01 27.56 27.85 27.83 27.48 26.93 26.45 27.14 26.61 26.85 26.78 26.74 26.71 26.50 26.57 26.47 26.11 25.55 25.08 24.60 27.32 28.56 28.61 28.11 28.00 27.74 28.46 28.36 28.25 28.12 27.98 27.84 27.70 27.56 27.41 26.73
30.60 30.27 30.36 30.28 30.52 30.35 30.08 29.87 30.08 30.13 30.17 30.06 30.18 29.82 29.62 29.38 29.46 29.37 29.24 27.92 28.09 27.16 27.20 27.39 28.40 28.67 28.63 28.83 28.70 28.43 28.54 28.72 28.58 28.28 28.03 28.04 27.71 27.97 28.07 27.52 28.02 28.15 28.09 27.92 27.73 27.41 27.17 27.25 27.29 26.98 27.31 27.06 27.19 27.24 27.13 27.02 26.97 26.72 26.74 26.20 25.52 25.47 27.36 28.46 28.44 28.66 28.67 28.63 28.56 28.45 28.30 28.15 28.00 27.86 27.70 27.55 27.39
31.04 30.63 30.05 30.05 30.17 30.14 30.10 30.17 29.81 30.24 29.87 29.53 30.04 30.09 29.43 29.92 29.52 29.21 29.01 27.90 27.02 26.84 27.51 28.35 28.60 28.63 28.70 28.72 28.70 28.38 27.98 28.67 28.62 28.15 27.84 27.75 27.92 27.48 27.84 27.66 27.87 27.93 28.10 28.11 27.98 27.61 26.96 27.44 27.74 27.40 27.35 27.51 27.18 27.62 27.45 27.36 27.45 27.53 27.21 26.11 25.81 25.36 24.91 25.53 26.90 28.04 28.23 28.66 28.71 28.63 28.48 28.32 28.15 27.99 27.84 27.62 27.51
31.05 30.66 30.23 29.83 29.68 29.91 29.86 29.73 29.84 29.87 29.73 29.62 29.68 29.69 29.75 29.51 29.30 28.55 28.71 28.12 27.53 27.00 27.21 28.12 28.27 28.46 28.58 28.45 28.71 28.29 28.49 28.05 28.48 28.45 28.05 27.95 27.77 27.60 27.56 27.52 27.64 28.03 27.87 28.01 28.20 27.51 27.55 28.02 27.72 27.19 27.80 27.80 27.67 27.96 27.85 27.62 27.80 27.86 27.77 27.39 26.47 25.74 25.13 25.06 24.70 25.83 25.50 26.65 28.13 28.72 28.65 28.47 28.30 28.14 27.97 27.80 27.63
31.08 30.65 30.49 30.21 30.04 29.98 29.89 29.75 30.03 29.73 29.99 30.11 29.65 29.64 29.37 29.03 28.83 28.91 28.61 28.04 27.83 27.42 27.54 27.52 27.93 27.94 28.61 28.55 28.34 28.27 27.92 27.45 27.54 28.44 28.38 28.18 28.00 27.91 27.64 27.48 27.88 28.01 27.73 28.02 28.23 28.27 28.23 28.04 27.86 27.97 27.86 28.12 28.12 28.14 28.09 28.19 28.11 28.15 28.12 27.71 26.97 26.62 25.96 25.19 24.76 25.17 24.88 23.42 24.02 28.45 28.72 28.62 28.44 28.26 28.09 27.92 27.75
31.29 30.94 30.74 30.88 30.44 30.47 30.10 29.99 29.68 29.90 29.95 29.92 29.56 29.59 29.68 29.50 29.11 28.73 28.23 28.21 28.19 27.77 27.37 27.44 27.32 27.39 28.47 26.90 27.37 28.09 27.60 28.02 28.35 28.35 28.29 28.23 28.10 27.98 27.74 27.89 27.89 28.00 27.91 28.11 28.15 28.21 28.17 27.18 28.09 28.28 28.18 28.35 28.36 28.16 28.30 28.48 28.60 28.18 28.24 27.73 26.80 26.52 26.27 25.46 26.18 24.91 24.23 24.12 24.76 26.60 28.11 28.58 28.58 28.39 28.22 28.04 27.86
31.13 31.15 31.07 30.73 30.57 30.25 30.33 30.24 29.99 29.76 29.77 30.02 30.09 29.80 29.30 29.23 29.25 28.73 28.83 28.66 28.26 28.06 27.35 27.64 28.14 28.21 27.85 27.91 26.59 27.97 27.89 28.23 28.30 28.31 28.10 28.10 28.04 27.91 27.79 27.70 28.01 27.99 28.09 28.10 28.10 28.16 28.16 27.97 28.28 28.21 28.29 28.59 28.50 28.61 28.57 27.79 28.62 28.61 28.77 27.58 26.70 27.45 26.91 27.07 26.15 24.70 23.58 24.95 25.24 24.75 25.05 27.29 28.60 28.52 28.34 28.16 27.98
31.15 30.95 30.98 30.86 30.61 30.44 30.47 30.36 30.13 29.46 29.44 29.95 29.80 29.72 29.72 29.36 28.90 28.96 28.63 28.57 28.37 28.01 27.52 27.37 27.70 26.57 27.28 27.98 27.80 27.75 27.75 28.22 28.23 28.14 28.06 27.95 28.03 27.55 27.77 27.62 27.57 28.17 28.26 28.31 27.90 28.20 27.90 27.85 28.13 28.22 28.26 28.80 28.74 28.88 28.47 28.69 29.11 28.85 29.04 28.61 28.39 28.40 27.84 27.86 25.98 25.25 24.50 26.56 26.90 26.52 24.05 26.05 26.93 28.52 28.47 28.28 28.10
31.14 31.05 30.86 30.82 30.73 30.55 30.51 30.18 29.90 29.92 29.47 29.18 29.57 29.82 29.74 29.25 29.40 28.85 28.80 28.76 28.20 28.15 27.72 27.68 27.61 26.83 27.67 27.32 27.91 27.71 27.89 28.10 28.08 28.03 27.96 27.91 28.00 27.69 27.52 27.67 27.82 28.12 28.21 28.08 28.01 28.31 27.93 28.04 28.06 28.19 27.92 28.87 29.12 29.20 29.19 29.20 29.19 28.62 29.01 29.04 28.86 28.42 27.82 26.56 25.46 25.74 26.18 26.59 26.50 26.81 25.25 23.99 24.35 28.46 28.50 28.40 28.22
31.13 31.06 31.02 30.91 30.79 30.61 30.48 30.26 30.00 29.97 29.65 29.68 29.26 29.79 29.66 29.56 29.21 28.86 29.14 28.91 27.96 28.08 27.88 27.96 27.67 26.61 26.92 27.17 27.74 27.79 27.76 27.99 28.00 27.96 27.91 27.91 27.95 27.79 27.33 27.90 27.94 28.11 28.24 27.90 28.07 28.26 27.92 28.20 28.43 28.60 28.61 28.79 28.99 29.30 29.56 29.50 28.92 28.55 28.87 29.02 28.82 28.49 27.53 27.17 26.72 26.24 26.17 27.57 26.83 26.92 25.97 24.92 24.61 28.11 28.58 28.45 28.15
31.14 31.09 31.01 30.93 30.79 30.71 30.61 30.39 30.46 30.10 29.72 29.68 29.20 29.71 29.68 29.62 29.37 29.10 29.14 28.33 28.24 28.05 28.07 28.08 27.72 26.99 27.09 27.60 27.33 27.53 27.62 27.96 27.79 27.73 27.85 27.83 27.80 27.80 27.55 27.99 28.17 28.21 28.10 28.11 28.26 27.96 27.73 28.14 28.35 28.60 28.84 29.18 29.25 29.12 29.38 29.46 28.99 28.78 28.93 28.77 29.16 28.51 28.37 28.23 27.32 26.79 27.45 27.26 27.11 27.08 26.89 25.88 24.75 26.75 28.45 28.30 28.24
31.18 31.10 30.98 30.89 30.84 30.74 30.60 30.52 30.41 30.06 29.99 29.23 29.25 29.50 29.25 29.27 29.53 29.19 29.20 28.64 28.26 28.42 27.93 27.90 27.69 27.38 27.40 27.28 27.38 27.17 27.24 27.75 27.74 27.38 27.46 27.79 27.27 26.77 27.24 27.94 27.91 27.77 27.85 28.12 28.06 27.82 28.09 28.34 28.54 28.62 29.08 28.78 29.24 29.33 29.38 29.19 28.95 28.49 28.62 27.96 28.82 28.95 28.68 27.91 28.22 28.10 28.12 27.75 27.72 27.44 27.15 26.76 25.12 25.62 27.05 28.50 28.39
31.17 31.10 31.03 30.83 30.80 30.70 30.60 30.50 30.12 30.28 29.91 29.76 28.82 28.79 29.18 28.74 29.27 29.01 28.70 28.81 28.53 28.43 28.07 27.64 27.39 27.07 26.57 26.88 27.08 26.89 26.85 27.58 27.24 27.68 27.70 27.65 27.02 26.64 27.74 28.04 27.71 27.62 27.83 28.14 27.92 27.79 28.49 28.07 28.93 29.01 28.94 28.97 29.19 29.24 28.80 27.38 28.94 29.04 28.89 28.92 29.22 29.17 28.73 28.64 28.58 28.51 28.27 28.07 27.51 26.99 26.55 27.05 25.76 26.60 28.54 28.48 27.02
31.18 31.12 31.00 30.84 30.61 30.65 30.55 30.22 30.30 30.07 29.71 29.01 29.27 28.32 28.85 28.73 29.14 28.71 28.45 28.82 28.67 28.22 27.63 27.33 27.09 26.44 26.78 26.80 26.62 26.60 26.35 27.41 26.73 27.00 27.43 25.89 26.78 27.82 27.61 28.01 28.26 28.02 28.09 27.80 28.23 28.51 27.84 28.69 28.52 28.76 28.97 29.07 28.92 28.94 28.44 28.72 29.33 29.36 29.31 29.17 29.28 29.12 29.06 28.89 28.73 28.37 28.14 27.92 27.84 26.84 27.28 26.87 26.84 26.67 25.48 27.58 26.99
31.10 31.02 30.88 30.64 30.52 30.43 30.38 30.21 29.88 29.86 29.56 28.64 28.44 27.99 28.32 28.28 28.61 28.45 28.43 28.50 28.16 27.90 27.72 27.14 26.61 25.75 25.99 26.39 26.64 26.84 27.11 26.78 27.26 26.82 26.99 27.11 27.95 28.10 27.93 28.29 28.29 28.36 28.33 27.93 28.06 28.46 27.89 28.36 28.62 28.86 28.90 28.95 28.94 28.70 29.30 28.91 29.16 29.26 29.44 29.20 29.36 29.36 29.13 29.11 28.81 28.63 28.12 27.76 27.66 27.29 27.62 27.52 27.34 26.55 25.86 25.51 28.22
31.05 30.94 30.86 30.71 30.59 30.46 30.27 30.07 29.89 29.72 29.25 28.79 29.10 28.45 28.00 27.83 27.75 27.97 27.59 27.71 27.38 27.86 26.74 26.08 26.82 26.35 26.15 26.35 26.14 26.52 26.61 26.52 26.44 26.95 27.38 27.66 28.11 28.00 28.22 27.64 28.17 28.35 28.56 28.36 28.09 28.11 28.19 28.54 28.78 28.81 28.64 28.57 28.73 28.94 29.50 29.41 29.44 29.31 29.39 29.47 29.43 29.39 29.30 29.04 28.84 28.48 28.27 27.63 27.69 27.60 27.77 27.76 26.66 26.80 26.12 26.06 28.20
31.05 30.91 30.87 30.74 30.45 30.34 30.18 30.07 30.12 29.93 29.90 29.75 29.30 28.85 28.11 27.60 27.19 26.97 27.16 27.02 27.19 27.07 26.54 25.98 25.96 25.61 25.99 25.29 26.12 26.10 26.04 26.07 26.46 26.84 27.65 27.49 27.90 27.88 28.13 28.04 28.32 28.60 28.66 28.19 28.03 28.02 28.23 28.35 28.61 28.85 28.54 28.92 29.24 29.44 29.88 29.67 29.29 29.47 29.56 29.43 29.48 29.36 29.27 28.95 28.80 28.39 28.31 28.03 28.30 28.02 27.67 27.96 27.15 26.94 26.51 26.03 25.11
31.01 30.90 30.80 30.70 30.62 30.53 30.35 30.16 30.04 29.73 29.38 29.29 29.31 28.95 28.05 27.55 27.19 26.73 26.69 26.53 26.42 26.21 26.27 26.14 25.80 25.15 26.03 25.85 26.02 25.78 25.77 26.16 26.08 27.02 27.20 26.58 27.52 27.82 28.20 28.34 28.39 28.35 28.24 28.04 27.94 27.88 28.31 28.14 28.61 28.54 28.44 28.57 28.86 29.34 29.38 29.75 29.56 29.57 29.56 29.58 29.54 29.41 29.47 28.96 28.84 28.73 28.66 28.47 28.36 28.35 28.26 28.01 27.84 27.77 26.08 26.60 27.18
31.01 30.92 30.84 30.81 30.63 30.45 30.16 30.11 29.96 29.81 29.48 29.92 29.73 29.08 28.80 28.47 28.09 27.37 26.96 26.73 26.45 26.02 26.01 26.36 26.12 26.73 26.53 26.37 26.05 25.88 26.22 26.83 27.06 27.30 27.92 28.08 28.04 27.82 28.12 28.11 28.11 28.35 28.24 27.81 27.65 27.80 28.03 28.16 28.36 28.29 28.38 28.62 28.82 29.24 29.77 29.86 29.81 29.67 29.69 29.53 29.44 29.31 29.37 28.95 29.01 28.95 28.94 28.63 28.71 28.59 28.37 27.82 27.39 28.03 27.83 26.47 26.68
31.01 30.96 30.91 30.78 30.66 30.61 30.42 30.17 30.03 29.79 29.70 30.17 29.25 29.70 29.38 29.10 28.43 27.59 27.18 27.08 26.58 26.32 26.98 27.02 27.12 27.06 26.85 26.60 26.25 26.09 26.28 26.92 27.41 27.43 27.68 27.82 27.65 27.93 28.07 27.95 28.07 28.13 28.09 27.66 27.44 27.69 27.61 28.02 28.33 28.38 28.65 29.01 29.39 29.24 29.45 29.62 29.66 29.59 29.61 29.54 29.53 29.36 29.57 29.14 29.11 29.15 29.08 28.98 28.86 28.58 28.42 28.20 28.26 28.23 27.66 27.40 26.65
31.03 30.88 30.87 30.78 30.71 30.55 30.36 30.22 30.17 30.13 30.11 30.25 29.53 28.56 28.51 28.44 27.79 27.29 27.40 27.10 26.65 27.24 27.24 27.41 27.31 26.98 26.76 26.27 26.25 26.09 26.23 27.24 26.91 27.45 27.35 27.47 27.24 27.74 27.13 27.60 27.85 27.88 27.77 27.40 27.03 27.26 27.53 28.03 28.03 28.27 28.39 28.49 28.81 29.09 29.38 29.68 29.60 29.56 29.42 29.45 29.35 29.37 29.44 29.38 29.45 29.25 29.23 29.08 28.87 28.74 28.50 28.41 28.36 28.12 27.93 27.80 27.30
31.03 30.91 30.81 30.70 30.59 30.56 30.47 30.33 30.27 30.30 30.14 30.06 29.96 28.22 28.52 27.91 27.84 27.60 27.41 27.19 27.02 27.20 27.51 27.30 27.34 26.87 26.57 26.27 26.06 25.94 26.09 27.04 27.22 26.75 27.01 27.36 27.06 26.78 26.90 27.49 27.53 27.43 27.41 27.04 26.96 27.09 27.72 27.63 27.85 27.92 28.34 28.53 28.83 29.15 29.44 29.38 29.33 29.39 29.32 29.32 29.36 29.36 29.33 29.25 29.30 29.35 29.29 29.12 29.00 28.95 28.77 28.47 28.55 28.58 28.05 28.20 28.05
31.11 30.92 30.90 30.86 30.80 30.68 30.57 30.40 30.52 30.28 30.07 29.98 29.77 29.75 29.46 29.25 29.15 28.99 27.78 27.53 27.30 27.32 27.51 27.79 26.71 27.08 26.83 26.44 26.13 26.28 26.31 26.69 26.75 26.55 27.11 26.91 26.50 26.46 26.95 27.12 26.94 26.51 26.96 26.87 27.00 27.37 27.70 27.39 27.67 27.79 28.33 28.63 28.89 29.03 29.06 29.26 29.27 29.33 29.31 29.25 29.37 29.36 29.32 29.36 29.31 29.24 29.33 29.33 29.25 28.97 28.84 28.73 28.49 28.71 28.55 28.24 28.12
31.08 31.03 30.97 30.89 30.86 30.76 30.59 30.55 30.43 30.26 30.25 30.16 29.93 29.91 29.62 29.51 29.29 28.99 27.72 28.21 27.78 27.25 28.07 27.57 27.11 27.10 26.64 26.57 26.65 26.25 26.04 26.30 26.39 26.60 26.44 26.30 26.01 26.43 26.81 26.86 26.81 26.83 26.97 27.13 27.23 27.34 27.12 27.29 27.60 27.85 28.15 28.50 28.67 28.86 29.11 29.23 29.25 29.30 29.17 29.22 29.32 29.32 29.29 29.33 29.22 29.33 29.30 29.29 29.31 29.22 29.13 28.86 28.80 28.74 28.69 28.27 28.29
31.24 31.15 31.07 30.89 30.89 30.84 30.62 30.70 30.59 30.43 30.40 30.13 30.12 29.96 29.83 29.63 29.37 29.15 28.99 29.38 28.67 28.17 27.95 28.07 27.66 27.09 27.11 26.60 26.51 26.49 26.10 25.89 25.95 26.21 25.69 25.89 25.93 26.57 26.90 26.88 26.90 27.01 26.91 27.17 27.08 27.14 27.01 27.36 27.67 27.92 28.17 28.34 28.54 28.83 29.01 29.08 29.14 29.18 29.20 29.26 29.24 29.25 29.28 29.34 29.09 28.97 29.16 29.18 29.24 29.26 29.31 29.07 29.01 29.02 28.74 28.33 28.50
31.31 31.12 31.02 31.03 30.84 30.77 30.72 30.65 30.64 30.55 30.30 30.29 30.20 30.05 29.85 29.72 29.51 29.52 29.73 29.40 29.27 28.61 27.77 28.01 27.98 27.70 27.20 26.92 26.58 26.88 26.37 26.19 26.20 26.08 26.39 26.23 25.91 26.70 26.98 27.03 26.84 27.04 27.12 26.97 26.81 26.92 27.17 27.41 27.54 27.86 28.18 28.37 28.57 28.77 28.83 29.02 28.98 29.07 29.15 29.18 29.31 29.32 29.32 29.15 28.68 28.89 29.22 29.16 29.24 29.17 29.31 29.27 29.23 29.04 28.55 28.46 28.64
31.22 31.15 31.16 30.96 30.88 30.79 30.78 30.80 30.70 30.43 30.47 30.34 30.22 30.17 30.01 29.91 29.69 29.91 29.57 29.23 29.06 28.54 28.10 27.97 28.79 27.77 27.16 27.48 27.24 26.74 26.35 26.38 26.52 26.70 26.69 26.49 26.49 27.18 27.33 27.03 27.03 26.93 26.94 26.81 27.10 27.07 27.25 27.44 27.86 27.90 28.07 28.34 28.55 28.79 28.89 28.85 28.92 29.20 29.14 29.17 29.26 29.23 29.23 28.95 29.03 29.00 28.88 29.18 29.21 29.14 29.27 29.20 29.12 29.26 28.86 28.13 28.64
31.26 31.13 31.02 30.94 30.86 30.87 30.87 30.73 30.67 30.58 30.44 30.40 30.47 30.29 30.21 30.02 29.96 29.95 29.84 29.63 29.53 29.68 28.42 29.13 27.92 27.63 27.55 27.36 26.94 26.68 26.55 26.51 26.60 26.75 26.79 26.78 26.54 26.82 27.42 27.32 27.22 27.24 27.12 27.27 27.36 27.23 27.49 27.63 27.91 28.15 28.26 28.52 28.51 28.67 28.65 28.74 28.91 28.91 29.00 29.10 29.19 29.14 29.11 29.06 28.89 28.79 28.82 28.93 29.08 28.90 29.14 29.17 29.34 29.34 29.21 29.19 28.73
31.15 31.10 31.04 30.96 30.97 30.95 30.81 30.69 30.48 30.53 30.47 30.57 30.52 30.35 30.38 30.21 30.05 30.06 29.96 30.02 29.54 29.21 29.27 29.46 29.11 28.45 28.59 27.99 27.53 27.62 27.24 26.78 26.62 26.76 26.84 26.84 26.41 26.91 27.59 27.85 27.47 27.24 27.37 27.25 27.49 27.59 27.63 27.79 28.07 27.95 28.16 28.14 28.12 28.07 28.48 28.70 28.75 28.67 28.69 28.93 28.91 29.10 29.18 29.19 29.09 29.04 28.73 29.01 29.06 29.14 29.25 29.37 29.36 29.28 29.24 29.12 29.15
