main/data/pressure/01.09.2023.grid
ncols 886
nrows 691
xllcenter 112.0000
yllcenter -44.5000
cellsize 0.0500
nodata_value 99999.90
[rows 370 to 406 of 691, columns 83 to 165 of 886]
14.21 14.05 13.93 13.78 13.74 13.63 13.45 13.21 12.98 12.72 12.39 12.00 11.76 11.54 11.19 10.84 10.40 10.02 9.74 9.57 9.40 9.18 8.96 8.75 8.57 8.41 8.27 8.12 7.96 7.77 7.59 7.47 7.28 7.03 6.87 6.74 6.58 6.38 6.20 6.06 5.97 5.90 5.84 5.78 5.75 5.77 5.70 5.61 5.72 5.76 5.87 6.05 6.27 6.49 6.68 6.86 7.11 7.38 7.57 7.66 7.70 7.71 7.70 7.70 7.72 7.72 7.73 7.74 7.72 7.66 7.58 7.53 7.48 7.44 7.42 7.36 7.28 7.21 7.11 7.01 6.94 6.93 6.94
14.20 14.08 13.99 13.86 13.74 13.65 13.47 13.16 13.08 12.87 12.62 12.27 11.94 11.66 11.37 11.07 10.76 10.48 10.17 9.92 9.70 9.49 9.27 9.13 9.01 8.86 8.73 8.55 8.37 8.18 8.01 7.84 7.66 7.46 7.22 7.03 6.90 6.70 6.53 6.39 6.26 6.21 6.16 6.02 5.98 6.07 6.02 5.98 5.96 5.97 6.07 6.27 6.49 6.73 6.89 6.98 7.18 7.55 7.72 7.81 7.84 7.86 7.87 7.90 7.87 7.87 7.87 7.84 7.80 7.68 7.56 7.53 7.50 7.47 7.41 7.33 7.27 7.19 7.11 6.99 6.93 6.95 6.96
14.31 14.22 14.09 13.94 13.79 13.69 13.46 13.16 13.12 12.97 12.74 12.46 12.15 11.83 11.44 11.26 11.11 10.83 10.55 10.29 10.05 9.85 9.67 9.55 9.43 9.30 9.15 8.98 8.80 8.62 8.44 8.25 8.06 7.85 7.58 7.26 7.22 7.09 6.93 6.75 6.61 6.53 6.47 6.35 6.30 6.35 6.31 6.25 6.26 6.27 6.37 6.56 6.79 6.97 7.16 7.22 7.41 7.69 7.85 7.94 7.98 8.00 8.01 8.02 7.98 7.96 7.93 7.86 7.80 7.70 7.60 7.53 7.49 7.45 7.36 7.30 7.28 7.25 7.18 7.08 7.02 7.02 7.02
14.38 14.31 14.05 14.00 13.92 13.83 13.66 13.47 13.28 13.06 12.83 12.61 12.36 12.07 11.72 11.54 11.33 11.12 10.88 10.63 10.41 10.23 10.08 9.96 9.85 9.72 9.56 9.39 9.20 9.02 8.84 8.66 8.49 8.30 8.09 7.93 7.68 7.49 7.35 7.08 6.90 6.82 6.84 6.82 6.76 6.71 6.62 6.55 6.53 6.53 6.63 6.84 7.06 7.26 7.43 7.50 7.68 7.88 7.96 8.03 8.09 8.11 8.12 8.10 8.06 8.02 7.96 7.88 7.82 7.74 7.63 7.55 7.48 7.41 7.32 7.30 7.31 7.34 7.28 7.19 7.12 7.11 7.12
14.39 14.17 13.86 14.13 14.07 13.96 13.62 13.37 13.32 13.14 12.93 12.75 12.58 12.36 12.11 11.83 11.62 11.44 11.24 11.01 10.78 10.61 10.47 10.38 10.29 10.12 9.90 9.72 9.55 9.37 9.19 9.01 8.85 8.71 8.53 8.32 8.07 7.83 7.61 7.38 7.14 7.09 7.10 7.18 7.15 7.05 6.93 6.86 6.80 6.75 6.82 7.04 7.18 7.39 7.65 7.78 7.91 7.99 8.05 8.11 8.16 8.20 8.21 8.18 8.12 8.03 7.95 7.89 7.84 7.80 7.74 7.68 7.61 7.52 7.44 7.40 7.25 7.33 7.37 7.30 7.24 7.20 7.17
14.58 14.42 14.26 14.24 14.03 14.06 13.67 13.37 13.41 13.22 13.00 12.87 12.76 12.60 12.39 12.07 11.76 11.76 11.61 11.37 11.16 10.98 10.85 10.76 10.68 10.47 10.21 10.06 9.89 9.70 9.51 9.30 9.14 9.02 8.87 8.62 8.39 8.13 7.90 7.76 7.65 7.49 7.34 7.56 7.54 7.41 7.30 7.20 7.13 7.10 7.18 7.35 7.51 7.67 7.86 7.98 8.03 8.08 8.11 8.17 8.26 8.30 8.30 8.27 8.16 8.01 7.93 7.89 7.88 7.88 7.88 7.82 7.76 7.69 7.58 7.49 6.94 7.32 7.43 7.39 7.32 7.26 7.22
14.70 14.61 14.49 14.37 14.25 14.12 13.64 13.51 13.44 13.28 13.09 12.97 12.88 12.76 12.59 12.27 11.86 12.04 11.97 11.77 11.56 11.36 11.20 11.12 11.04 10.84 10.61 10.42 10.25 10.05 9.85 9.63 9.39 9.02 8.84 8.85 8.72 8.48 8.21 8.13 8.12 8.01 7.91 7.94 7.91 7.79 7.69 7.56 7.49 7.50 7.55 7.66 7.79 7.86 8.03 8.12 8.15 8.18 8.22 8.30 8.37 8.39 8.35 8.30 8.21 8.10 8.02 7.97 7.95 7.96 7.95 7.92 7.87 7.80 7.70 7.58 7.40 7.51 7.50 7.44 7.37 7.30 7.23
14.77 14.60 14.60 14.53 14.40 14.23 13.94 13.70 13.55 13.38 13.16 13.08 12.99 12.89 12.78 12.61 12.09 12.09 12.22 12.11 11.93 11.71 11.51 11.46 11.38 11.20 10.99 10.79 10.60 10.41 10.21 10.04 9.77 9.51 9.29 9.22 9.11 8.94 8.80 8.53 8.55 8.50 8.40 8.35 8.28 8.15 8.05 7.88 7.82 7.84 7.86 7.87 7.92 7.97 8.18 8.28 8.24 8.32 8.41 8.47 8.50 8.46 8.40 8.34 8.28 8.21 8.13 8.08 8.03 8.02 8.02 8.01 7.97 7.91 7.81 7.71 7.61 7.60 7.56 7.48 7.39 7.31 7.24
14.73 14.64 14.60 14.54 14.47 14.36 14.11 13.87 13.70 13.54 13.39 13.24 13.11 12.99 12.86 12.67 12.40 12.50 12.49 12.38 12.24 12.08 11.92 11.81 11.69 11.52 11.33 11.12 10.90 10.69 10.51 10.34 10.16 9.96 9.78 9.64 9.51 9.39 9.24 9.02 8.93 8.92 8.83 8.76 8.62 8.48 8.36 8.16 8.09 8.11 8.11 8.13 8.17 8.27 8.39 8.43 8.42 8.47 8.54 8.58 8.55 8.52 8.48 8.44 8.40 8.35 8.28 8.20 8.14 8.11 8.11 8.09 8.05 7.99 7.91 7.83 7.77 7.70 7.61 7.50 7.39 7.29 7.22
14.60 14.66 14.64 14.55 14.52 14.45 14.20 13.97 13.83 13.71 13.61 13.41 13.22 13.08 12.96 12.74 12.45 12.69 12.75 12.62 12.51 12.38 12.26 12.12 11.94 11.75 11.63 11.42 11.15 10.94 10.77 10.61 10.49 10.35 10.17 10.00 9.89 9.78 9.64 9.41 9.35 9.19 9.21 9.11 8.92 8.77 8.67 8.52 8.42 8.37 8.39 8.43 8.47 8.53 8.58 8.60 8.58 8.61 8.63 8.61 8.58 8.57 8.58 8.56 8.54 8.51 8.44 8.33 8.25 8.22 8.20 8.17 8.13 8.05 7.97 7.89 7.75 7.58 7.66 7.50 7.36 7.26 7.19
14.92 14.85 14.78 14.69 14.61 14.52 14.29 14.01 13.94 13.83 13.69 13.51 13.33 13.20 13.10 12.90 12.62 12.83 12.86 12.78 12.73 12.59 12.49 12.34 12.14 11.81 11.74 11.67 11.44 11.24 11.10 10.94 10.82 10.64 10.46 10.33 10.24 10.15 9.92 9.63 9.53 9.35 9.53 9.26 9.18 9.04 8.96 8.84 8.75 8.72 8.72 8.74 8.75 8.75 8.76 8.78 8.79 8.83 8.76 8.70 8.69 8.70 8.70 8.68 8.66 8.64 8.56 8.46 8.38 8.31 8.30 8.26 8.19 8.11 8.02 7.94 7.82 7.71 7.66 7.51 7.38 7.27 7.18
15.06 15.02 14.92 14.77 14.71 14.59 14.42 14.22 14.13 13.93 13.75 13.60 13.46 13.37 13.28 13.18 12.93 12.88 12.81 12.72 12.85 12.71 12.66 12.44 12.34 12.01 11.95 11.95 11.75 11.57 11.41 11.26 11.00 10.78 10.66 10.59 10.54 10.46 10.22 10.04 9.99 9.87 9.87 9.65 9.43 9.24 9.17 9.08 9.02 9.02 9.01 9.02 9.03 8.96 8.91 8.98 9.04 9.02 8.90 8.84 8.85 8.87 8.84 8.80 8.76 8.71 8.65 8.58 8.53 8.45 8.39 8.32 8.23 8.15 8.00 7.83 7.89 7.81 7.68 7.54 7.44 7.32 7.19
15.12 14.99 15.02 14.79 14.79 14.66 14.52 14.35 14.20 14.01 13.82 13.69 13.60 13.52 13.40 13.13 13.02 12.98 12.89 12.27 12.88 12.96 12.88 11.99 12.33 12.34 12.28 12.16 11.98 11.78 11.55 11.35 11.13 10.87 10.90 10.92 10.88 10.71 10.49 10.37 10.32 10.25 10.11 9.92 9.71 9.56 9.46 9.33 9.28 9.25 9.25 9.26 9.24 9.20 9.16 9.20 9.23 9.18 9.10 9.04 9.01 8.99 8.93 8.88 8.83 8.78 8.71 8.66 8.60 8.52 8.45 8.35 8.24 8.12 8.01 7.93 7.93 7.80 7.72 7.62 7.51 7.34 7.20
15.19 15.03 15.08 14.98 14.85 14.73 14.57 14.41 14.27 14.07 13.86 13.79 13.72 13.65 13.55 12.92 13.07 13.09 13.22 13.07 13.13 13.13 12.95 12.61 12.80 12.66 12.52 12.36 12.17 11.93 11.67 11.50 11.44 11.38 11.29 11.24 11.15 10.95 10.71 10.63 10.57 10.54 10.41 10.22 9.99 9.88 9.81 9.68 9.56 9.48 9.44 9.46 9.45 9.40 9.38 9.41 9.38 9.29 9.27 9.21 9.15 9.09 9.02 8.96 8.89 8.82 8.76 8.70 8.65 8.57 8.50 8.39 8.24 8.11 8.00 7.91 7.91 7.79 7.68 7.57 7.52 7.39 7.23
15.23 14.67 14.79 14.98 14.89 14.67 14.50 14.44 14.32 14.18 14.02 13.93 13.84 13.75 13.63 13.41 13.37 13.09 13.33 13.32 13.29 13.26 13.13 12.84 12.89 12.83 12.61 12.50 12.34 12.09 11.83 11.89 11.78 11.68 11.59 11.51 11.39 11.21 11.04 10.93 10.86 10.80 10.64 10.47 10.29 10.19 10.12 10.01 9.85 9.70 9.62 9.59 9.57 9.58 9.59 9.53 9.41 9.31 9.24 9.22 9.19 9.15 9.09 9.01 8.94 8.88 8.81 8.75 8.68 8.58 8.48 8.44 8.32 8.16 8.03 7.92 7.84 7.74 7.64 7.55 7.50 7.41 7.26
15.29 15.18 14.94 14.93 14.90 14.82 14.64 14.51 14.40 14.28 14.16 14.06 13.88 13.84 13.68 13.56 13.54 13.54 13.52 13.49 13.45 13.38 13.13 12.85 12.94 12.92 12.58 12.54 12.49 12.29 12.16 12.08 11.99 11.93 11.83 11.74 11.62 11.46 11.33 11.22 11.15 10.99 10.84 10.69 10.55 10.48 10.38 10.25 10.07 9.88 9.77 9.70 9.68 9.71 9.72 9.59 9.38 9.32 9.24 9.20 9.22 9.22 9.14 9.04 8.98 8.93 8.87 8.79 8.71 8.32 8.53 8.48 8.38 8.22 8.07 7.94 7.82 7.69 7.61 7.53 7.49 7.46 7.34
15.37 15.23 15.08 14.93 14.81 14.71 14.62 14.54 14.45 14.35 14.24 14.05 13.72 13.89 13.80 13.69 13.66 13.60 13.59 13.58 13.54 13.47 13.39 13.29 13.17 12.98 12.77 12.63 12.60 12.49 12.33 12.21 12.19 12.14 12.03 11.93 11.81 11.69 11.58 11.46 11.32 11.17 11.03 10.90 10.81 10.74 10.59 10.41 10.25 10.10 9.96 9.86 9.82 9.82 9.82 9.70 9.54 9.41 9.29 9.25 9.27 9.28 9.20 9.08 9.02 8.97 8.91 8.83 8.74 8.62 8.59 8.52 8.42 8.29 8.16 8.03 7.84 7.65 7.59 7.54 7.52 7.50 7.42
15.38 15.26 15.10 14.96 14.75 14.68 14.77 14.62 14.45 14.27 14.22 14.08 13.90 13.98 13.90 13.89 13.77 13.65 13.62 13.63 13.59 13.50 13.43 13.21 13.15 13.02 12.88 12.74 12.70 12.61 12.47 12.48 12.40 12.31 12.20 12.07 11.96 11.86 11.77 11.63 11.50 11.35 11.19 11.07 11.01 10.93 10.83 10.60 10.44 10.28 10.13 10.00 9.93 9.91 9.88 9.80 9.69 9.52 9.36 9.30 9.34 9.35 9.26 9.10 9.08 9.02 8.96 8.87 8.77 8.70 8.64 8.55 8.46 8.36 8.26 8.14 7.92 7.72 7.62 7.57 7.57 7.58 7.59
15.38 15.26 15.16 15.08 14.98 14.79 14.72 14.63 14.42 14.23 14.27 14.20 14.10 14.05 13.96 13.92 13.81 13.71 13.62 13.56 13.52 13.46 13.43 13.22 13.04 13.07 13.01 12.92 12.83 12.73 12.67 12.63 12.54 12.41 12.29 12.14 12.03 11.97 11.88 11.77 11.64 11.52 11.39 11.28 11.19 11.09 10.97 10.79 10.60 10.41 10.24 10.11 10.01 9.97 9.92 9.85 9.74 9.59 9.47 9.40 9.39 9.39 9.33 9.25 9.16 9.09 9.00 8.91 8.82 8.73 8.64 8.57 8.50 8.42 8.32 8.19 7.98 7.78 7.67 7.66 7.65 7.67 7.66
15.47 15.30 15.26 15.16 15.04 14.92 14.74 14.55 14.49 14.34 14.27 14.25 14.17 14.09 14.02 13.90 13.80 13.75 13.56 13.47 13.49 13.43 13.23 12.99 12.98 13.18 13.16 13.06 12.94 12.85 12.80 12.74 12.66 12.55 12.38 12.20 12.11 12.07 11.98 11.90 11.79 11.67 11.55 11.44 11.33 11.21 11.01 10.87 10.71 10.50 10.34 10.21 10.08 10.03 9.98 9.89 9.77 9.63 9.53 9.46 9.43 9.40 9.32 9.20 9.18 9.12 9.04 8.96 8.86 8.75 8.66 8.58 8.54 8.46 8.38 8.25 8.06 7.84 7.77 7.75 7.73 7.72 7.71
15.56 15.34 15.17 15.03 15.04 14.89 14.74 14.53 14.42 14.30 14.29 14.26 14.17 14.04 13.96 13.94 13.84 13.69 13.60 13.47 13.54 13.34 12.80 12.38 13.13 13.32 13.24 13.18 13.08 13.00 12.92 12.86 12.76 12.58 12.35 12.29 12.27 12.22 12.14 12.04 11.92 11.80 11.68 11.53 11.39 11.30 11.15 10.98 10.82 10.66 10.50 10.34 10.19 10.10 10.03 9.94 9.82 9.67 9.48 9.40 9.40 9.39 9.34 9.28 9.22 9.16 9.08 9.01 8.89 8.78 8.72 8.65 8.59 8.50 8.38 8.28 8.15 7.99 7.87 7.81 7.77 7.74 7.73
15.60 15.34 15.22 15.08 14.90 14.81 14.66 14.46 14.32 14.27 14.28 14.24 14.16 14.01 13.85 13.87 13.88 13.82 13.67 13.49 13.53 13.53 13.19 12.92 12.98 13.16 13.16 13.21 13.17 13.10 13.03 12.95 12.85 12.67 12.43 12.44 12.46 12.38 12.29 12.16 12.02 11.91 11.79 11.61 11.40 11.45 11.34 11.15 10.95 10.84 10.67 10.43 10.23 10.13 10.09 9.97 9.85 9.69 9.49 9.41 9.41 9.39 9.38 9.35 9.25 9.19 9.10 9.03 8.87 8.76 8.78 8.71 8.63 8.52 8.37 8.22 8.17 8.08 7.94 7.83 7.78 7.76 7.73
15.63 15.40 15.26 15.08 14.85 14.85 14.71 14.47 14.28 14.25 14.22 14.11 14.13 14.01 13.83 13.78 13.75 13.71 13.61 13.56 13.50 13.31 13.46 13.29 13.15 13.16 13.22 13.27 13.25 13.15 13.11 13.02 12.89 12.72 12.59 12.60 12.58 12.45 12.32 12.24 12.14 12.02 11.89 11.74 11.63 11.58 11.44 11.30 11.15 10.96 10.76 10.52 10.27 10.14 10.07 9.97 9.79 9.65 9.56 9.49 9.46 9.42 9.38 9.32 9.24 9.15 9.08 8.99 8.77 8.68 8.77 8.74 8.65 8.52 8.37 8.23 8.13 8.04 7.94 7.85 7.82 7.81 7.80
15.65 15.44 15.31 15.21 14.90 14.86 14.78 14.58 14.33 14.17 14.27 14.19 14.14 13.99 13.79 13.75 13.72 13.64 13.52 13.47 13.48 13.54 13.42 13.31 13.25 13.27 13.30 13.36 13.25 13.16 13.16 13.09 12.96 12.77 12.68 12.72 12.65 12.47 12.33 12.32 12.29 12.15 11.98 11.87 11.81 11.69 11.52 11.34 11.22 11.04 10.82 10.61 10.39 10.20 10.05 9.97 9.81 9.68 9.61 9.54 9.53 9.46 9.39 9.29 9.24 9.09 9.03 8.97 8.85 8.82 8.85 8.77 8.69 8.55 8.38 8.22 8.10 7.98 7.93 7.89 7.86 7.88 7.86
15.58 15.43 15.36 15.28 15.09 14.94 14.82 14.60 14.34 14.22 14.28 14.18 14.08 13.99 13.81 13.76 13.70 13.59 13.48 13.44 13.41 13.49 13.48 13.32 13.16 13.30 13.37 13.38 13.32 13.23 13.18 13.15 13.08 12.96 12.89 12.84 12.73 12.53 12.45 12.44 12.39 12.27 12.14 12.03 11.91 11.73 11.55 11.37 11.24 11.14 10.99 10.79 10.57 10.34 10.14 10.05 9.94 9.81 9.69 9.61 9.55 9.48 9.40 9.32 9.24 9.05 9.02 9.00 8.96 8.92 8.82 8.78 8.71 8.59 8.42 8.24 8.12 8.03 8.00 7.97 7.95 7.95 7.90
15.69 15.58 15.48 15.36 15.15 14.99 14.85 14.60 14.35 14.24 14.25 14.12 14.10 14.09 13.92 13.81 13.71 13.57 13.54 13.45 13.40 13.44 13.54 13.47 13.43 13.43 13.44 13.40 13.35 13.27 13.14 13.06 13.10 13.07 12.98 12.92 12.83 12.70 12.67 12.58 12.48 12.35 12.24 12.12 11.92 11.73 11.56 11.39 11.22 11.08 11.01 10.91 10.74 10.51 10.32 10.19 10.07 9.93 9.78 9.66 9.57 9.48 9.41 9.31 9.23 9.11 9.07 9.06 9.01 8.89 8.83 8.75 8.74 8.64 8.48 8.25 8.18 8.18 8.12 8.05 8.02 8.00 7.93
15.70 15.66 15.56 15.38 15.12 14.98 14.86 14.64 14.43 14.18 14.26 14.22 14.17 14.10 13.93 13.88 13.78 13.62 13.57 13.47 13.37 13.40 13.47 13.48 13.47 13.47 13.46 13.36 13.31 13.27 13.11 13.05 13.14 13.08 12.98 12.92 12.87 12.76 12.67 12.57 12.47 12.38 12.30 12.19 12.01 11.83 11.61 11.35 11.22 11.07 10.98 10.87 10.76 10.60 10.44 10.31 10.19 10.02 9.85 9.72 9.59 9.47 9.40 9.32 9.25 9.18 9.14 9.04 8.97 8.89 8.83 8.77 8.75 8.65 8.49 8.28 8.13 8.24 8.16 8.06 8.01 7.95 7.91
15.78 15.78 15.62 15.34 15.16 15.03 14.87 14.63 14.49 14.30 14.34 14.25 14.23 14.14 13.98 13.90 13.90 13.74 13.63 13.54 13.33 13.38 13.43 13.43 13.40 13.41 13.52 13.47 13.43 13.39 13.36 13.32 13.22 13.05 12.97 12.89 12.87 12.78 12.63 12.55 12.44 12.36 12.33 12.26 12.12 11.96 11.73 11.51 11.28 11.09 10.99 10.84 10.73 10.65 10.54 10.43 10.31 10.11 9.89 9.80 9.67 9.49 9.43 9.36 9.27 9.20 9.11 8.95 8.89 8.89 8.83 8.78 8.75 8.67 8.53 8.35 8.21 8.21 8.15 8.06 8.00 7.90 7.88
16.00 15.85 15.65 15.38 15.19 15.03 14.86 14.66 14.53 14.41 14.20 14.25 14.26 14.21 14.11 13.98 13.96 13.80 13.68 13.67 13.54 13.50 13.45 13.47 13.49 13.47 13.52 13.53 13.48 13.45 13.40 13.37 13.32 13.17 13.02 12.89 12.90 12.85 12.71 12.58 12.43 12.36 12.36 12.31 12.17 12.03 11.77 11.46 11.33 11.18 11.10 10.98 10.87 10.76 10.64 10.52 10.40 10.23 10.04 9.93 9.81 9.65 9.48 9.34 9.24 9.15 9.04 8.94 8.92 8.88 8.80 8.75 8.70 8.63 8.57 8.49 8.30 8.16 8.10 8.09 8.02 7.90 7.87
16.10 15.88 15.51 15.38 15.22 15.01 14.87 14.75 14.66 14.49 14.29 14.28 14.28 14.25 14.17 14.11 14.02 13.86 13.75 13.83 13.72 13.66 13.46 13.49 13.56 13.58 13.61 13.57 13.49 13.47 13.43 13.41 13.30 13.33 13.15 12.98 12.95 12.91 12.81 12.65 12.45 12.36 12.40 12.35 12.21 12.06 11.86 11.64 11.44 11.29 11.25 11.11 10.98 10.85 10.72 10.58 10.40 10.22 10.07 9.93 9.81 9.71 9.46 9.24 9.16 9.09 8.98 8.98 8.91 8.71 8.72 8.73 8.64 8.61 8.59 8.50 8.35 8.18 8.11 8.13 8.07 7.90 7.86
16.09 15.94 15.68 15.48 15.28 15.07 14.95 14.88 14.70 14.51 14.32 14.35 14.37 14.33 14.21 14.13 14.11 14.02 13.95 13.89 13.79 13.66 13.52 13.42 13.39 13.46 13.60 13.62 13.56 13.46 13.46 13.47 13.34 13.38 13.27 13.12 13.01 12.95 12.88 12.76 12.56 12.45 12.40 12.32 12.20 12.07 11.91 11.67 11.47 11.44 11.21 11.07 10.99 10.80 10.71 10.60 10.39 10.15 9.90 9.80 9.67 9.57 9.42 8.99 9.14 9.11 8.92 8.87 8.77 8.45 8.70 8.75 8.70 8.65 8.58 8.51 8.37 8.09 8.06 8.14 8.12 7.95 7.93
16.09 15.99 15.70 15.55 15.34 15.16 15.09 15.01 14.87 14.66 14.44 14.45 14.44 14.38 14.28 14.18 14.19 14.13 14.05 13.87 13.86 13.74 13.64 13.55 13.54 13.62 13.71 13.72 13.63 13.52 13.51 13.51 13.39 13.32 13.35 13.22 13.06 12.93 12.87 12.86 12.69 12.57 12.43 12.29 12.17 12.01 11.95 11.71 11.52 11.48 11.19 11.06 10.91 10.62 10.63 10.49 10.45 10.19 9.95 9.89 9.82 9.69 9.50 9.26 9.24 9.08 8.84 8.80 8.83 8.75 8.79 8.69 8.66 8.54 8.41 8.44 8.33 7.99 7.91 8.09 8.07 7.95 7.97
16.09 16.01 15.76 15.63 15.39 15.27 15.27 15.06 14.84 14.80 14.58 14.54 14.45 14.43 14.39 14.32 14.23 14.23 14.17 14.03 14.04 13.97 13.90 13.78 13.67 13.76 13.82 13.80 13.73 13.62 13.49 13.53 13.46 13.17 13.27 13.34 13.21 13.05 12.93 12.88 12.82 12.72 12.56 12.40 12.24 12.07 11.96 11.75 11.60 11.47 11.22 11.06 10.91 10.53 10.52 10.42 10.42 10.25 10.04 9.96 9.83 9.65 9.43 9.19 9.18 9.00 8.76 8.77 8.78 8.78 8.60 8.58 8.54 8.38 8.25 8.35 8.30 8.09 7.96 7.99 7.99 7.87 7.86
16.13 16.10 15.96 15.73 15.54 15.45 15.34 15.26 15.09 14.95 14.78 14.63 14.50 14.49 14.47 14.41 14.20 14.22 14.30 14.19 14.17 14.01 13.88 13.84 13.83 13.88 13.92 13.91 13.85 13.78 13.68 13.63 13.51 13.40 13.34 13.38 13.34 13.19 12.98 12.89 12.79 12.76 12.68 12.51 12.30 12.12 11.95 11.74 11.62 11.43 11.26 11.02 10.86 10.72 10.61 10.50 10.41 10.24 10.07 9.84 9.58 9.57 9.43 9.22 9.11 8.93 8.66 8.58 8.52 8.65 8.50 8.44 8.39 8.31 8.20 8.26 8.25 8.01 8.05 7.84 8.03 8.01 8.07
16.19 16.09 15.93 15.72 15.61 15.48 15.31 15.36 15.22 15.03 14.89 14.79 14.69 14.60 14.48 14.39 14.26 14.36 14.42 14.37 14.30 14.15 13.97 13.92 14.01 14.04 14.05 14.02 13.95 13.90 13.88 13.75 13.49 13.42 13.38 13.37 13.25 13.22 13.08 12.90 12.81 12.75 12.67 12.54 12.35 12.16 11.94 11.68 11.69 11.39 11.12 10.98 10.87 10.78 10.63 10.47 10.33 10.15 9.91 9.63 9.39 9.10 9.01 9.12 8.99 8.81 8.69 8.46 8.49 8.49 8.41 8.24 8.17 8.22 8.05 8.05 8.11 8.09 8.06 8.08 8.07 8.09 8.07
16.25 16.16 16.07 15.91 15.72 15.56 15.44 15.50 15.28 15.10 14.96 14.96 14.88 14.80 14.62 14.50 14.44 14.54 14.55 14.51 14.45 14.36 14.24 14.17 14.21 14.17 14.15 14.13 14.06 13.91 13.85 13.88 13.65 13.54 13.49 13.50 13.32 13.21 13.08 12.93 12.87 12.78 12.69 12.55 12.38 12.21 12.03 11.82 11.60 11.40 11.09 11.07 10.89 10.63 10.43 10.25 10.17 10.06 9.82 9.56 9.29 8.94 8.42 8.54 8.73 8.62 8.47 8.39 8.30 8.16 8.15 8.06 7.99 7.97 7.90 7.99 8.01 7.99 7.80 7.94 7.95 8.03 8.04
16.41 16.30 16.18 15.98 15.86 15.71 15.51 15.62 15.47 15.30 15.16 15.12 15.05 15.01 14.92 14.79 14.56 14.67 14.69 14.61 14.56 14.55 14.41 14.30 14.28 14.22 14.22 14.26 14.21 14.13 13.96 13.87 13.82 13.78 13.66 13.53 13.48 13.40 13.25 13.11 13.05 12.93 12.77 12.61 12.34 12.22 12.10 11.83 11.65 11.48 11.12 10.91 10.70 10.43 10.23 10.09 10.03 9.93 9.71 9.49 9.27 8.98 8.72 8.73 8.60 8.42 8.17 8.14 7.98 7.84 7.82 7.59 7.75 7.75 7.72 7.61 7.75 7.85 7.83 7.84 7.85 7.94 8.00
