main/data/pressure/01.09.2023.grid
ncols 886
nrows 691
xllcenter 112.0000
yllcenter -44.5000
cellsize 0.0500
nodata_value 99999.90
[rows 444 to 480 of 691, columns 332 to 414 of 886]
11.37 11.38 11.39 11.40 11.42 11.42 11.44 11.45 11.46 11.48 11.48 11.49 11.50 11.52 11.53 11.54 11.56 11.59 11.61 11.63 11.66 11.68 11.70 11.72 11.74 11.76 11.78 11.80 11.81 11.83 11.84 11.85 11.86 11.86 11.87 11.88 11.89 11.89 11.90 11.91 11.92 11.93 11.93 11.94 11.95 11.96 11.97 11.98 11.99 12.00 12.01 12.02 12.04 12.05 12.06 12.07 12.08 12.10 12.11 12.12 12.13 12.14 12.15 12.16 12.16 12.18 12.18 12.18 12.20 12.20 12.22 12.23 12.24 12.26 12.28 12.30 12.34 12.37 12.41 12.46 12.51 12.57 12.63
11.39 11.40 11.41 11.42 11.43 11.44 11.46 11.47 11.48 11.49 11.49 11.51 11.52 11.54 11.56 11.58 11.61 11.63 11.65 11.68 11.70 11.72 11.74 11.76 11.78 11.80 11.81 11.83 11.84 11.85 11.87 11.88 11.89 11.90 11.91 11.91 11.92 11.93 11.94 11.95 11.96 11.97 11.98 11.98 12.00 12.00 12.02 12.02 12.03 12.04 12.06 12.07 12.08 12.09 12.10 12.11 12.13 12.13 12.14 12.16 12.16 12.17 12.18 12.19 12.19 12.20 12.21 12.21 12.22 12.23 12.24 12.25 12.27 12.28 12.31 12.33 12.35 12.39 12.43 12.48 12.52 12.59 12.65
11.41 11.42 11.43 11.44 11.45 11.46 11.47 11.47 11.49 11.50 11.51 11.54 11.55 11.58 11.59 11.61 11.64 11.66 11.69 11.71 11.73 11.75 11.77 11.79 11.81 11.82 11.84 11.86 11.88 11.89 11.91 11.92 11.93 11.94 11.95 11.96 11.97 11.98 11.99 11.99 12.00 12.01 12.02 12.02 12.04 12.04 12.06 12.06 12.07 12.09 12.10 12.11 12.12 12.13 12.13 12.15 12.16 12.17 12.18 12.18 12.19 12.20 12.21 12.21 12.22 12.22 12.23 12.23 12.24 12.26 12.26 12.28 12.28 12.30 12.32 12.34 12.37 12.40 12.44 12.48 12.54 12.59 12.66
11.44 11.44 11.45 11.46 11.46 11.48 11.49 11.50 11.51 11.53 11.55 11.57 11.59 11.61 11.63 11.65 11.68 11.70 11.72 11.74 11.76 11.78 11.80 11.82 11.84 11.86 11.88 11.89 11.91 11.92 11.93 11.94 11.96 11.97 11.98 11.99 12.00 12.01 12.02 12.03 12.03 12.04 12.06 12.06 12.07 12.09 12.09 12.10 12.12 12.13 12.13 12.14 12.15 12.16 12.17 12.18 12.20 12.20 12.21 12.22 12.22 12.23 12.24 12.23 12.24 12.24 12.25 12.26 12.26 12.27 12.28 12.29 12.30 12.32 12.33 12.36 12.38 12.42 12.46 12.50 12.55 12.60 12.67
11.47 11.46 11.47 11.49 11.49 11.51 11.52 11.53 11.55 11.57 11.59 11.60 11.62 11.64 11.66 11.68 11.71 11.73 11.75 11.77 11.79 11.81 11.83 11.85 11.87 11.89 11.90 11.92 11.93 11.94 11.96 11.97 11.98 11.99 12.01 12.02 12.03 12.04 12.05 12.06 12.07 12.08 12.09 12.09 12.11 12.12 12.13 12.13 12.15 12.16 12.17 12.18 12.18 12.19 12.20 12.21 12.22 12.23 12.23 12.24 12.25 12.25 12.25 12.26 12.27 12.27 12.27 12.28 12.28 12.29 12.29 12.31 12.32 12.33 12.35 12.37 12.40 12.43 12.46 12.51 12.55 12.61 12.67
11.49 11.49 11.50 11.52 11.52 11.53 11.55 11.57 11.58 11.60 11.61 11.63 11.66 11.67 11.70 11.71 11.73 11.76 11.78 11.80 11.82 11.84 11.86 11.88 11.89 11.91 11.93 11.94 11.96 11.97 11.98 12.00 12.01 12.02 12.03 12.05 12.06 12.07 12.08 12.09 12.11 12.11 12.12 12.13 12.14 12.15 12.16 12.17 12.18 12.19 12.20 12.20 12.21 12.22 12.23 12.24 12.24 12.25 12.26 12.27 12.28 12.27 12.28 12.29 12.28 12.29 12.30 12.29 12.30 12.31 12.31 12.32 12.34 12.34 12.36 12.38 12.40 12.43 12.47 12.50 12.55 12.61 12.67
11.52 11.52 11.53 11.54 11.55 11.56 11.58 11.59 11.61 11.63 11.65 11.67 11.68 11.70 11.73 11.74 11.76 11.79 11.80 11.82 11.84 11.87 11.88 11.90 11.92 11.93 11.95 11.96 11.98 11.99 12.01 12.03 12.04 12.05 12.06 12.07 12.08 12.10 12.11 12.12 12.12 12.14 12.15 12.16 12.17 12.18 12.19 12.19 12.21 12.22 12.22 12.23 12.25 12.26 12.26 12.27 12.28 12.28 12.28 12.29 12.29 12.30 12.30 12.30 12.30 12.31 12.31 12.31 12.32 12.32 12.32 12.33 12.35 12.36 12.37 12.39 12.42 12.43 12.47 12.51 12.55 12.59 12.65
11.54 11.54 11.56 11.56 11.58 11.59 11.61 11.62 11.64 11.66 11.68 11.70 11.71 11.73 11.75 11.77 11.79 11.82 11.83 11.85 11.86 11.89 11.91 11.92 11.94 11.96 11.97 11.99 12.00 12.02 12.04 12.04 12.05 12.07 12.08 12.09 12.11 12.12 12.13 12.15 12.15 12.16 12.18 12.18 12.20 12.21 12.22 12.22 12.24 12.24 12.25 12.27 12.27 12.28 12.28 12.29 12.30 12.30 12.31 12.31 12.32 12.31 12.32 12.32 12.32 12.33 12.32 12.33 12.33 12.34 12.35 12.35 12.36 12.37 12.38 12.39 12.42 12.44 12.48 12.50 12.54 12.59 12.64
11.56 11.56 11.58 11.59 11.60 11.62 11.63 11.65 11.67 11.69 11.71 11.72 11.74 11.76 11.78 11.79 11.82 11.83 11.86 11.87 11.89 11.90 11.93 11.95 11.96 11.98 11.99 12.01 12.02 12.03 12.05 12.07 12.09 12.09 12.10 12.12 12.13 12.14 12.16 12.17 12.17 12.19 12.20 12.21 12.22 12.22 12.24 12.25 12.26 12.27 12.27 12.29 12.29 12.30 12.30 12.31 12.31 12.32 12.32 12.33 12.33 12.34 12.34 12.34 12.34 12.34 12.34 12.34 12.35 12.35 12.36 12.36 12.37 12.38 12.39 12.41 12.42 12.44 12.47 12.50 12.54 12.58 12.63
11.58 11.58 11.59 11.61 11.62 11.64 11.65 11.67 11.68 11.70 11.72 11.74 11.77 11.78 11.80 11.82 11.84 11.85 11.87 11.90 11.91 11.93 11.95 11.97 11.98 12.00 12.01 12.03 12.04 12.05 12.07 12.08 12.10 12.11 12.12 12.14 12.15 12.16 12.18 12.19 12.20 12.21 12.22 12.23 12.24 12.26 12.26 12.27 12.28 12.29 12.29 12.31 12.31 12.32 12.32 12.33 12.34 12.33 12.35 12.35 12.35 12.35 12.35 12.35 12.35 12.36 12.36 12.36 12.36 12.37 12.36 12.37 12.37 12.38 12.40 12.41 12.43 12.45 12.46 12.49 12.53 12.57 12.61
11.58 11.60 11.61 11.62 11.64 11.66 11.67 11.69 11.71 11.73 11.75 11.77 11.78 11.80 11.82 11.84 11.85 11.88 11.89 11.91 11.93 11.95 11.96 11.99 12.00 12.02 12.03 12.04 12.06 12.07 12.09 12.10 12.11 12.13 12.14 12.16 12.17 12.18 12.20 12.20 12.22 12.23 12.24 12.25 12.26 12.27 12.28 12.29 12.30 12.31 12.32 12.33 12.33 12.33 12.34 12.35 12.36 12.36 12.36 12.36 12.37 12.37 12.37 12.37 12.37 12.37 12.37 12.37 12.38 12.37 12.37 12.38 12.38 12.39 12.40 12.41 12.43 12.45 12.47 12.49 12.52 12.56 12.60
11.60 11.62 11.63 11.64 11.65 11.68 11.70 11.71 11.73 11.74 11.76 11.78 11.80 11.81 11.84 11.86 11.87 11.89 11.91 11.93 11.95 11.97 11.98 11.99 12.01 12.03 12.05 12.06 12.08 12.09 12.10 12.12 12.13 12.15 12.16 12.17 12.19 12.20 12.21 12.22 12.23 12.25 12.25 12.27 12.28 12.29 12.30 12.30 12.32 12.32 12.33 12.34 12.35 12.35 12.36 12.37 12.37 12.37 12.37 12.38 12.38 12.38 12.38 12.38 12.38 12.38 12.38 12.38 12.38 12.38 12.38 12.39 12.39 12.40 12.40 12.41 12.43 12.44 12.46 12.48 12.51 12.54 12.59
11.61 11.62 11.64 11.66 11.67 11.69 11.70 11.72 11.74 11.76 11.78 11.80 11.81 11.84 11.86 11.87 11.89 11.91 11.92 11.95 11.96 11.97 12.00 12.01 12.03 12.04 12.05 12.08 12.09 12.11 12.12 12.13 12.15 12.16 12.18 12.19 12.21 12.21 12.22 12.24 12.25 12.27 12.27 12.28 12.30 12.30 12.32 12.32 12.34 12.34 12.34 12.36 12.36 12.36 12.38 12.38 12.38 12.38 12.38 12.40 12.40 12.40 12.40 12.40 12.40 12.39 12.39 12.39 12.39 12.39 12.39 12.40 12.40 12.40 12.41 12.42 12.43 12.44 12.46 12.48 12.51 12.53 12.56
11.62 11.63 11.65 11.66 11.69 11.71 11.72 11.74 11.76 11.78 11.79 11.81 11.83 11.86 11.87 11.89 11.90 11.93 11.94 11.95 11.98 11.99 12.01 12.03 12.04 12.06 12.07 12.09 12.10 12.12 12.13 12.15 12.16 12.18 12.19 12.20 12.21 12.23 12.24 12.25 12.27 12.27 12.29 12.30 12.30 12.32 12.33 12.34 12.35 12.35 12.36 12.37 12.37 12.38 12.39 12.39 12.39 12.39 12.40 12.41 12.41 12.40 12.40 12.40 12.40 12.40 12.41 12.41 12.41 12.40 12.40 12.40 12.41 12.41 12.41 12.42 12.43 12.45 12.46 12.47 12.49 12.52 12.55
11.62 11.64 11.66 11.68 11.69 11.71 11.73 11.75 11.77 11.79 11.81 11.83 11.84 11.86 11.89 11.90 11.92 11.93 11.96 11.97 11.98 12.01 12.02 12.04 12.05 12.07 12.09 12.10 12.11 12.13 12.14 12.16 12.17 12.18 12.20 12.21 12.23 12.24 12.25 12.27 12.27 12.29 12.30 12.31 12.32 12.33 12.34 12.35 12.36 12.37 12.37 12.38 12.39 12.39 12.40 12.40 12.40 12.41 12.41 12.41 12.41 12.41 12.42 12.42 12.42 12.41 12.41 12.41 12.41 12.42 12.41 12.41 12.41 12.41 12.42 12.42 12.44 12.44 12.45 12.47 12.49 12.51 12.53
11.63 11.65 11.67 11.69 11.71 11.73 11.74 11.76 11.78 11.80 11.82 11.84 11.86 11.88 11.89 11.92 11.93 11.95 11.96 11.98 12.00 12.01 12.04 12.05 12.06 12.08 12.09 12.12 12.13 12.14 12.16 12.17 12.18 12.20 12.21 12.23 12.24 12.26 12.27 12.27 12.29 12.30 12.32 12.32 12.33 12.35 12.35 12.36 12.37 12.38 12.38 12.40 12.40 12.40 12.41 12.41 12.41 12.42 12.42 12.42 12.43 12.43 12.43 12.42 12.42 12.43 12.43 12.42 12.42 12.42 12.41 12.42 12.42 12.42 12.42 12.42 12.44 12.44 12.45 12.46 12.48 12.50 12.53
11.64 11.66 11.67 11.69 11.71 11.73 11.75 11.77 11.79 11.81 11.83 11.85 11.86 11.89 11.91 11.92 11.94 11.96 11.98 11.99 12.01 12.03 12.04 12.06 12.08 12.09 12.11 12.12 12.13 12.15 12.16 12.18 12.20 12.21 12.23 12.23 12.25 12.26 12.27 12.29 12.30 12.32 12.32 12.33 12.35 12.35 12.36 12.38 12.38 12.39 12.39 12.41 12.41 12.41 12.42 12.42 12.43 12.43 12.43 12.44 12.44 12.44 12.43 12.44 12.44 12.43 12.43 12.43 12.43 12.43 12.42 12.42 12.43 12.43 12.42 12.43 12.44 12.44 12.45 12.46 12.47 12.48 12.51
11.65 11.66 11.68 11.70 11.72 11.74 11.76 11.78 11.80 11.82 11.84 11.86 11.88 11.89 11.91 11.94 11.95 11.97 11.98 12.01 12.02 12.03 12.06 12.07 12.08 12.10 12.12 12.13 12.15 12.16 12.18 12.19 12.20 12.22 12.23 12.24 12.26 12.27 12.29 12.30 12.30 12.32 12.33 12.35 12.36 12.36 12.38 12.38 12.39 12.39 12.41 12.42 12.42 12.43 12.43 12.43 12.44 12.44 12.44 12.45 12.44 12.44 12.45 12.44 12.44 12.45 12.44 12.44 12.43 12.43 12.43 12.43 12.43 12.43 12.43 12.43 12.44 12.44 12.44 12.46 12.46 12.48 12.49
11.64 11.66 11.68 11.71 11.72 11.74 11.76 11.79 11.81 11.83 11.85 11.87 11.88 11.91 11.92 11.94 11.96 11.98 12.00 12.01 12.02 12.05 12.06 12.07 12.10 12.11 12.12 12.14 12.15 12.16 12.19 12.20 12.22 12.23 12.24 12.26 12.27 12.29 12.29 12.30 12.32 12.33 12.34 12.36 12.36 12.37 12.39 12.39 12.40 12.40 12.42 12.43 12.43 12.43 12.44 12.44 12.45 12.45 12.45 12.45 12.45 12.46 12.45 12.45 12.45 12.45 12.44 12.45 12.44 12.44 12.43 12.44 12.43 12.43 12.43 12.43 12.44 12.44 12.44 12.45 12.46 12.47 12.48
11.65 11.67 11.69 11.71 11.73 11.76 11.78 11.80 11.82 11.84 11.85 11.88 11.90 11.91 11.93 11.95 11.97 11.99 12.00 12.02 12.04 12.05 12.06 12.09 12.10 12.11 12.14 12.15 12.16 12.18 12.19 12.21 12.22 12.23 12.25 12.26 12.27 12.29 12.30 12.32 12.33 12.34 12.35 12.36 12.37 12.39 12.39 12.40 12.41 12.41 12.43 12.43 12.44 12.44 12.45 12.45 12.45 12.45 12.46 12.46 12.45 12.46 12.46 12.46 12.46 12.45 12.46 12.45 12.44 12.45 12.44 12.44 12.44 12.44 12.44 12.44 12.43 12.44 12.44 12.45 12.45 12.47 12.47
11.65 11.68 11.70 11.71 11.74 11.76 11.78 11.80 11.82 11.84 11.87 11.88 11.90 11.92 11.94 11.96 11.97 11.99 12.01 12.03 12.04 12.07 12.08 12.09 12.11 12.13 12.14 12.15 12.17 12.19 12.20 12.22 12.23 12.25 12.26 12.27 12.29 12.30 12.31 12.32 12.33 12.34 12.36 12.37 12.38 12.39 12.40 12.41 12.41 12.42 12.43 12.43 12.45 12.44 12.45 12.45 12.46 12.46 12.47 12.46 12.46 12.47 12.46 12.47 12.46 12.46 12.46 12.45 12.46 12.45 12.45 12.45 12.44 12.44 12.44 12.44 12.44 12.44 12.44 12.45 12.45 12.46 12.47
11.66 11.68 11.70 11.72 11.75 11.77 11.79 11.81 11.82 11.85 11.87 11.89 11.90 11.93 11.95 11.96 11.98 12.00 12.02 12.03 12.06 12.07 12.08 12.10 12.12 12.13 12.14 12.17 12.18 12.19 12.21 12.22 12.23 12.25 12.26 12.28 12.29 12.30 12.32 12.33 12.34 12.36 12.37 12.38 12.38 12.40 12.41 12.41 12.42 12.43 12.43 12.44 12.45 12.45 12.46 12.46 12.47 12.47 12.47 12.47 12.47 12.47 12.47 12.47 12.46 12.47 12.46 12.46 12.46 12.46 12.45 12.45 12.45 12.45 12.44 12.45 12.44 12.45 12.44 12.45 12.45 12.46 12.47
11.66 11.68 11.71 11.72 11.75 11.77 11.79 11.81 11.84 11.86 11.87 11.89 11.92 11.93 11.95 11.97 11.99 12.01 12.02 12.05 12.06 12.07 12.09 12.11 12.12 12.14 12.16 12.17 12.18 12.20 12.22 12.23 12.25 12.26 12.27 12.29 12.30 12.31 12.33 12.34 12.35 12.36 12.37 12.38 12.39 12.41 12.41 12.42 12.43 12.43 12.44 12.45 12.45 12.46 12.46 12.47 12.47 12.47 12.48 12.47 12.48 12.47 12.48 12.47 12.48 12.47 12.47 12.46 12.47 12.46 12.46 12.45 12.45 12.45 12.45 12.44 12.44 12.44 12.44 12.45 12.44 12.45 12.46
11.67 11.69 11.71 11.73 11.76 11.78 11.80 11.82 11.84 11.86 11.88 11.90 11.92 11.94 11.95 11.98 12.00 12.01 12.04 12.05 12.06 12.08 12.10 12.11 12.13 12.15 12.16 12.18 12.20 12.21 12.22 12.24 12.25 12.26 12.28 12.29 12.30 12.32 12.33 12.34 12.35 12.37 12.38 12.39 12.39 12.41 12.42 12.43 12.44 12.44 12.45 12.46 12.46 12.47 12.46 12.47 12.48 12.48 12.48 12.48 12.48 12.48 12.48 12.47 12.48 12.47 12.47 12.47 12.47 12.46 12.46 12.46 12.45 12.45 12.45 12.45 12.44 12.44 12.45 12.44 12.44 12.45 12.46
11.66 11.70 11.71 11.73 11.76 11.78 11.80 11.83 11.85 11.86 11.89 11.91 11.92 11.94 11.97 11.98 12.00 12.02 12.04 12.05 12.07 12.09 12.10 12.12 12.14 12.15 12.17 12.19 12.20 12.21 12.22 12.24 12.26 12.27 12.29 12.30 12.31 12.33 12.34 12.35 12.37 12.38 12.38 12.39 12.40 12.41 12.43 12.43 12.44 12.45 12.46 12.46 12.46 12.47 12.47 12.48 12.47 12.48 12.49 12.48 12.49 12.48 12.48 12.48 12.48 12.48 12.47 12.48 12.47 12.47 12.46 12.46 12.46 12.45 12.45 12.44 12.45 12.45 12.44 12.44 12.45 12.45 12.45
11.67 11.70 11.72 11.74 11.77 11.79 11.80 11.83 11.85 11.87 11.89 11.91 11.93 11.95 11.97 11.99 12.01 12.03 12.04 12.05 12.08 12.09 12.11 12.13 12.14 12.16 12.17 12.19 12.20 12.22 12.24 12.25 12.26 12.28 12.29 12.30 12.32 12.33 12.34 12.35 12.37 12.38 12.39 12.40 12.41 12.41 12.42 12.43 12.45 12.45 12.45 12.46 12.47 12.47 12.48 12.48 12.48 12.49 12.49 12.49 12.49 12.48 12.49 12.49 12.48 12.48 12.48 12.48 12.47 12.47 12.47 12.46 12.46 12.46 12.45 12.45 12.45 12.44 12.44 12.44 12.45 12.44 12.44
11.67 11.70 11.72 11.74 11.77 11.79 11.82 11.84 11.85 11.88 11.90 11.91 11.94 11.96 11.97 11.99 12.01 12.03 12.04 12.07 12.08 12.10 12.12 12.13 12.15 12.16 12.18 12.20 12.21 12.23 12.24 12.25 12.26 12.29 12.30 12.31 12.33 12.34 12.35 12.36 12.38 12.38 12.39 12.40 12.41 12.42 12.43 12.44 12.44 12.45 12.46 12.47 12.47 12.47 12.48 12.49 12.48 12.49 12.48 12.49 12.49 12.49 12.49 12.49 12.48 12.48 12.49 12.48 12.48 12.47 12.47 12.47 12.46 12.46 12.46 12.45 12.45 12.45 12.45 12.44 12.44 12.44 12.44
11.68 11.71 11.73 11.74 11.77 11.79 11.82 11.84 11.86 11.88 11.90 11.92 11.94 11.96 11.97 12.00 12.02 12.03 12.06 12.07 12.09 12.10 12.12 12.14 12.15 12.17 12.19 12.20 12.21 12.23 12.24 12.26 12.28 12.29 12.30 12.31 12.33 12.34 12.35 12.36 12.38 12.39 12.40 12.41 12.42 12.43 12.43 12.44 12.45 12.46 12.47 12.47 12.47 12.48 12.49 12.48 12.49 12.49 12.49 12.49 12.50 12.49 12.49 12.49 12.48 12.49 12.49 12.48 12.48 12.48 12.47 12.47 12.47 12.46 12.45 12.45 12.45 12.44 12.44 12.44 12.44 12.44 12.44
11.68 11.71 11.73 11.76 11.78 11.79 11.82 11.84 11.87 11.89 11.90 11.93 11.95 11.96 11.99 12.00 12.02 12.04 12.06 12.07 12.09 12.11 12.13 12.14 12.16 12.18 12.19 12.20 12.22 12.24 12.25 12.27 12.28 12.29 12.30 12.32 12.33 12.35 12.36 12.37 12.38 12.39 12.40 12.41 12.42 12.43 12.44 12.45 12.46 12.46 12.46 12.47 12.48 12.48 12.48 12.49 12.49 12.50 12.49 12.49 12.50 12.49 12.49 12.49 12.49 12.49 12.49 12.48 12.48 12.48 12.47 12.47 12.46 12.46 12.45 12.45 12.45 12.45 12.45 12.44 12.44 12.44 12.44
11.69 11.71 11.73 11.76 11.78 11.80 11.83 11.84 11.87 11.89 11.90 11.93 11.95 11.96 11.99 12.01 12.02 12.05 12.06 12.08 12.10 12.11 12.13 12.14 12.16 12.18 12.19 12.21 12.23 12.24 12.25 12.27 12.28 12.29 12.31 12.33 12.34 12.35 12.36 12.37 12.39 12.40 12.41 12.42 12.43 12.44 12.45 12.45 12.45 12.46 12.47 12.48 12.47 12.48 12.49 12.49 12.49 12.49 12.49 12.50 12.49 12.49 12.49 12.50 12.49 12.49 12.49 12.48 12.48 12.48 12.47 12.46 12.46 12.46 12.46 12.46 12.45 12.44 12.44 12.44 12.44 12.44 12.44
11.69 11.72 11.74 11.76 11.78 11.81 11.83 11.85 11.87 11.89 11.92 11.93 11.95 11.98 11.99 12.01 12.03 12.05 12.06 12.09 12.10 12.12 12.13 12.15 12.17 12.18 12.20 12.22 12.23 12.24 12.26 12.28 12.29 12.30 12.32 12.33 12.34 12.35 12.36 12.37 12.38 12.40 12.41 12.42 12.43 12.43 12.44 12.45 12.46 12.47 12.47 12.47 12.48 12.48 12.49 12.48 12.49 12.49 12.50 12.49 12.49 12.49 12.50 12.50 12.49 12.49 12.49 12.49 12.48 12.47 12.47 12.46 12.46 12.46 12.46 12.45 12.45 12.45 12.44 12.44 12.44 12.44 12.43
11.69 11.72 11.74 11.77 11.79 11.81 11.83 11.86 11.88 11.89 11.92 11.94 11.95 11.98 11.99 12.02 12.04 12.05 12.07 12.09 12.10 12.12 12.14 12.16 12.17 12.18 12.21 12.22 12.23 12.24 12.27 12.28 12.29 12.30 12.32 12.33 12.35 12.36 12.37 12.38 12.39 12.40 12.41 12.42 12.43 12.44 12.44 12.45 12.46 12.46 12.47 12.48 12.48 12.49 12.48 12.49 12.49 12.50 12.49 12.49 12.49 12.49 12.50 12.49 12.49 12.49 12.49 12.49 12.47 12.47 12.47 12.47 12.46 12.46 12.45 12.45 12.45 12.45 12.45 12.44 12.43 12.43 12.43
11.70 11.72 11.74 11.77 11.79 11.82 11.83 11.86 11.88 11.89 11.92 11.94 11.96 11.98 12.00 12.02 12.04 12.05 12.08 12.09 12.11 12.13 12.14 12.16 12.17 12.20 12.21 12.22 12.23 12.26 12.27 12.28 12.29 12.30 12.33 12.34 12.35 12.36 12.37 12.38 12.39 12.40 12.41 12.42 12.43 12.44 12.45 12.46 12.46 12.47 12.47 12.47 12.48 12.48 12.49 12.49 12.49 12.49 12.49 12.49 12.49 12.50 12.49 12.49 12.49 12.49 12.49 12.48 12.47 12.47 12.47 12.47 12.47 12.45 12.45 12.45 12.45 12.44 12.44 12.44 12.44 12.44 12.43
11.70 11.73 11.75 11.77 11.79 11.82 11.84 11.86 11.88 11.91 11.92 11.94 11.97 11.98 12.01 12.02 12.04 12.06 12.08 12.09 12.11 12.13 12.15 12.16 12.18 12.20 12.21 12.22 12.25 12.26 12.27 12.28 12.29 12.32 12.33 12.34 12.35 12.36 12.37 12.38 12.39 12.40 12.41 12.42 12.43 12.44 12.44 12.45 12.46 12.46 12.47 12.48 12.48 12.49 12.49 12.48 12.49 12.49 12.49 12.49 12.50 12.49 12.49 12.49 12.49 12.49 12.49 12.47 12.47 12.47 12.47 12.47 12.46 12.46 12.45 12.45 12.44 12.44 12.44 12.44 12.43 12.43 12.43
11.70 11.73 11.75 11.78 11.79 11.82 11.84 11.87 11.88 11.91 11.93 11.95 11.97 11.98 12.01 12.03 12.04 12.07 12.08 12.10 12.12 12.13 12.15 12.16 12.18 12.20 12.21 12.22 12.25 12.26 12.27 12.29 12.30 12.32 12.33 12.34 12.35 12.36 12.38 12.39 12.40 12.41 12.42 12.43 12.43 12.44 12.45 12.46 12.46 12.47 12.47 12.47 12.48 12.48 12.48 12.49 12.49 12.49 12.49 12.49 12.49 12.49 12.49 12.49 12.49 12.49 12.47 12.47 12.47 12.47 12.47 12.46 12.46 12.46 12.46 12.44 12.44 12.44 12.43 12.43 12.43 12.43 12.42
11.71 11.73 11.75 11.78 11.80 11.82 11.85 11.87 11.88 11.91 11.93 11.95 11.97 12.00 12.01 12.03 12.05 12.07 12.08 12.11 12.12 12.13 12.15 12.17 12.19 12.20 12.21 12.24 12.25 12.26 12.27 12.29 12.30 12.32 12.33 12.34 12.36 12.37 12.38 12.39 12.40 12.41 12.41 12.42 12.43 12.44 12.45 12.45 12.46 12.46 12.47 12.47 12.48 12.48 12.49 12.49 12.48 12.48 12.48 12.49 12.49 12.49 12.49 12.49 12.49 12.47 12.47 12.47 12.47 12.47 12.46 12.46 12.46 12.46 12.45 12.45 12.44 12.43 12.43 12.43 12.42 12.43 12.43
11.71 11.73 11.75 11.78 11.80 11.83 11.85 11.87 11.90 11.91 11.93 11.96 11.97 12.00 12.01 12.03 12.05 12.07 12.08 12.11 12.12 12.14 12.16 12.17 12.19 12.20 12.21 12.24 12.25 12.26 12.28 12.29 12.30 12.32 12.34 12.35 12.36 12.37 12.38 12.39 12.40 12.40 12.41 12.42 12.43 12.43 12.45 12.46 12.46 12.46 12.46 12.47 12.47 12.48 12.48 12.48 12.48 12.48 12.49 12.49 12.49 12.48 12.48 12.48 12.47 12.47 12.47 12.47 12.47 12.47 12.46 12.46 12.46 12.45 12.45 12.45 12.44 12.44 12.44 12.43 12.43 12.43 12.43
