main/data/pressure/01.09.2023.grid
ncols 886
nrows 691
xllcenter 112.0000
yllcenter -44.5000
cellsize 0.0500
nodata_value 99999.90
[rows 37 to 73 of 691, columns 415 to 497 of 886]
23.00 22.95 22.88 22.73 22.53 22.59 22.50 22.39 21.96 22.60 22.46 22.55 22.62 22.58 22.56 22.58 22.60 22.59 22.57 22.48 22.52 22.54 22.54 22.52 22.52 22.51 22.51 22.52 22.54 22.57 22.62 22.68 22.75 22.84 22.93 23.04 23.15 23.28 23.40 23.54 23.67 23.82 23.95 24.10 24.22 24.35 24.47 24.59 24.70 24.81 24.92 25.02 25.11 25.20 25.29 25.37 25.43 25.50 25.55 25.59 25.62 25.62 25.61 25.55 25.52 25.43 25.34 25.23 25.10 24.95 24.80 24.66 24.51 24.37 24.25 24.14 24.04 23.96 23.67 23.84 23.79 23.76 23.73
22.87 22.76 22.64 22.57 22.50 22.26 22.22 22.05 22.18 22.20 21.86 22.45 22.49 22.50 22.50 22.48 22.36 22.31 22.31 22.31 22.42 22.32 22.35 22.40 22.38 22.38 22.36 22.40 22.41 22.44 22.49 22.56 22.64 22.74 22.84 22.95 23.08 23.20 23.33 23.48 23.62 23.77 23.91 24.06 24.19 24.31 24.43 24.53 24.64 24.75 24.85 24.94 25.04 25.12 25.21 25.28 25.34 25.41 25.48 25.51 25.55 25.57 25.55 25.53 25.42 25.41 25.32 25.20 25.07 24.93 24.78 24.64 24.50 24.07 24.23 24.13 23.92 23.96 23.88 23.83 23.79 23.77 23.74
22.68 22.58 22.48 22.38 21.96 22.22 21.95 21.42 21.83 22.09 22.22 22.32 22.27 22.36 22.32 22.27 22.13 22.10 22.13 22.30 22.30 22.28 22.16 22.27 22.23 22.22 22.23 22.22 22.28 22.32 22.37 22.44 22.53 22.63 22.74 22.86 22.99 23.12 23.26 23.42 23.57 23.72 23.88 24.02 24.14 24.26 24.35 24.42 24.58 24.68 24.77 24.87 24.96 25.05 25.12 25.19 25.27 25.32 25.39 25.43 25.42 25.50 25.50 25.26 25.43 25.36 25.27 25.16 25.03 24.90 24.76 24.62 24.48 24.35 24.21 24.08 23.76 23.94 23.87 23.82 23.79 23.76 23.74
22.55 22.47 22.24 22.18 22.06 21.94 21.80 21.72 21.86 21.95 22.03 22.00 22.06 22.20 22.11 22.10 22.01 22.09 21.95 22.19 22.01 22.13 22.13 22.12 22.05 22.05 22.10 22.05 22.12 22.18 22.24 22.32 22.42 22.53 22.65 22.77 22.91 23.04 23.19 23.33 23.48 23.68 23.80 23.99 24.12 24.23 24.32 24.42 24.51 24.61 24.71 24.80 24.89 24.97 25.05 25.11 25.17 25.17 25.31 25.38 25.41 25.42 25.43 25.41 25.37 25.30 25.22 25.11 24.99 24.86 24.72 24.58 24.45 24.31 24.20 24.08 23.99 23.91 23.84 23.80 23.77 23.74 23.73
22.41 22.30 21.98 21.81 22.02 21.79 21.70 21.91 21.85 21.84 21.88 21.87 21.85 22.01 21.74 21.75 21.90 21.98 21.90 22.07 21.66 22.00 21.91 21.93 21.94 21.93 21.97 21.85 21.86 22.06 22.11 22.19 22.31 22.43 22.55 22.67 22.81 22.96 23.11 23.26 23.34 23.62 23.80 23.96 24.07 24.17 24.27 24.35 24.45 24.54 24.63 24.72 24.81 24.89 24.96 25.04 25.09 25.17 25.24 25.30 25.33 25.36 25.36 25.34 25.30 25.24 25.13 25.05 24.85 24.77 24.67 24.54 24.30 24.10 24.08 24.03 23.95 23.86 23.81 23.76 23.73 23.72 23.72
22.16 22.03 21.83 21.69 21.58 21.85 21.80 21.75 21.73 21.73 21.74 21.72 21.70 21.53 21.55 21.70 21.76 21.86 21.89 21.93 21.60 21.42 21.65 21.76 21.84 21.85 21.81 21.67 21.85 21.98 21.88 21.98 22.13 22.30 22.45 22.58 22.71 22.87 23.01 23.16 23.30 23.52 23.74 23.93 24.03 24.10 24.19 24.27 24.36 24.45 24.54 24.63 24.72 24.79 24.89 24.85 25.03 25.11 25.14 25.20 25.27 25.29 25.30 25.28 25.24 25.02 24.99 25.00 24.88 24.75 24.62 24.31 24.18 24.09 24.06 23.88 23.74 23.82 23.75 23.71 23.69 23.64 23.69
22.04 21.99 21.78 21.75 21.68 21.70 21.53 21.56 21.52 21.50 21.50 21.59 21.56 21.59 21.45 21.45 21.46 21.64 21.76 21.79 21.40 21.65 21.56 21.58 21.70 21.73 21.77 21.78 21.85 21.89 21.75 21.84 22.03 22.17 22.32 22.48 22.62 22.76 22.90 23.05 23.23 23.45 23.64 23.82 23.94 24.01 24.09 24.17 24.27 24.36 24.45 24.54 24.61 24.71 24.80 24.86 24.96 25.05 25.10 25.16 25.20 25.22 25.23 25.21 25.17 24.94 25.02 24.93 24.82 24.68 24.35 24.05 24.26 24.11 24.00 23.84 23.47 23.76 23.69 23.65 23.55 23.65 23.66
21.93 21.81 21.45 21.51 21.52 21.52 21.32 21.31 21.29 21.32 21.41 21.37 21.43 21.41 21.31 21.28 21.34 21.32 21.55 21.66 21.42 21.48 21.39 21.48 21.48 21.68 21.71 21.74 21.78 21.79 21.74 21.80 22.00 22.08 22.21 22.37 22.51 22.66 22.80 22.95 23.12 23.32 23.50 23.66 23.78 23.88 23.97 24.06 24.16 24.26 24.35 24.43 24.49 24.62 24.70 24.72 24.78 24.96 25.03 25.08 25.12 25.15 25.07 24.95 25.10 25.03 24.96 24.62 24.51 24.57 24.50 24.34 24.24 24.09 23.90 23.71 23.61 23.71 23.64 23.53 23.61 23.51 23.61
21.78 21.68 21.58 21.48 21.39 21.35 21.23 21.26 21.18 21.19 20.94 20.83 21.28 21.27 21.18 21.20 20.99 21.46 21.50 21.16 21.15 21.30 21.36 21.29 21.39 21.54 21.62 21.65 21.69 21.72 21.69 21.70 21.83 22.00 22.14 22.25 22.36 22.53 22.68 22.83 22.96 23.17 23.32 23.47 23.60 23.72 23.84 23.93 23.93 24.07 24.24 24.35 24.45 24.53 24.61 24.69 24.80 24.87 24.92 25.01 25.05 25.05 24.78 24.81 25.02 24.94 24.81 24.79 24.68 24.55 24.43 24.30 24.18 24.04 23.93 23.83 23.53 23.67 23.60 23.56 23.54 23.50 23.59
21.63 21.50 21.40 21.33 21.27 21.18 20.86 21.09 20.93 20.87 20.66 21.09 21.12 20.58 21.01 21.09 20.65 21.30 21.23 20.65 20.72 21.02 20.84 21.34 21.42 21.47 21.51 21.54 21.61 21.63 21.63 21.53 21.61 21.89 21.98 22.01 22.07 22.32 22.53 22.67 22.77 22.98 23.10 23.21 23.39 23.57 23.70 23.75 23.92 24.03 24.13 24.20 24.22 24.33 24.43 24.52 24.62 24.64 24.63 24.93 24.97 24.83 24.45 24.81 24.92 24.79 24.81 24.71 24.61 24.48 24.36 24.24 24.12 23.97 23.77 23.30 23.70 23.35 23.51 23.53 23.41 23.46 23.47
21.45 21.37 21.27 21.14 21.08 20.48 20.84 20.72 20.31 20.20 20.40 20.64 20.95 20.55 20.41 20.20 20.72 21.25 20.82 20.67 20.85 21.07 21.03 21.20 21.25 21.29 21.27 21.48 21.50 21.56 21.61 21.68 21.73 21.80 21.88 21.87 21.95 22.19 22.39 22.50 22.43 22.77 22.83 22.92 23.17 23.39 23.54 23.65 23.79 23.80 23.99 23.95 24.08 24.20 24.28 24.35 24.43 24.51 24.66 24.82 24.88 24.78 24.69 24.89 24.77 24.81 24.73 24.64 24.53 24.42 24.30 24.16 24.06 23.92 23.67 23.50 23.18 23.36 23.36 23.50 23.07 23.27 23.44
21.26 21.22 21.14 21.02 20.99 20.92 20.43 20.47 20.01 20.05 20.14 20.14 20.24 20.27 20.33 20.31 20.78 20.80 20.54 20.41 20.57 20.14 20.74 20.90 20.96 20.97 21.23 21.37 21.39 21.43 21.50 21.56 21.60 21.68 21.78 21.85 21.92 22.05 22.25 22.44 22.35 22.57 22.70 22.78 22.99 23.28 23.35 23.46 23.60 23.71 23.84 23.97 24.06 24.14 24.23 24.32 24.29 24.43 24.68 24.67 24.76 24.77 24.65 24.81 24.73 24.73 24.65 24.56 24.45 24.34 24.23 24.11 24.00 23.86 23.64 23.41 23.54 23.33 23.28 23.47 23.44 23.25 22.96
21.12 21.09 20.97 20.90 20.74 20.55 20.09 20.74 20.76 20.74 20.75 20.78 20.70 20.63 20.18 20.21 20.72 20.57 20.36 20.10 20.64 20.65 20.70 20.56 20.67 21.07 21.18 21.15 21.23 21.22 21.37 21.45 21.45 21.54 21.68 21.68 21.81 21.96 22.12 22.30 22.30 22.29 22.52 22.54 22.85 23.13 23.24 23.30 23.23 23.34 23.65 23.78 23.91 24.00 24.05 24.14 24.24 24.47 24.53 24.48 24.45 24.56 24.64 24.72 24.70 24.65 24.58 24.48 24.39 24.28 24.16 24.02 23.93 23.77 23.56 23.46 23.46 23.48 23.27 23.43 23.43 23.42 23.34
20.96 20.86 20.82 20.33 20.16 20.23 20.68 20.66 20.38 19.94 20.03 20.07 19.83 19.85 19.80 20.07 20.53 20.37 20.17 20.30 20.42 20.17 20.53 20.91 21.12 21.03 20.93 21.05 21.05 21.01 21.19 21.27 21.30 21.42 21.57 21.47 21.57 21.80 21.99 22.14 22.27 21.99 22.32 22.46 22.82 22.98 23.01 23.19 23.26 23.27 23.38 23.52 23.68 23.79 23.88 24.00 24.11 24.23 24.31 24.47 24.44 24.37 24.43 24.62 24.61 24.57 24.50 24.41 24.31 24.21 24.10 23.98 23.89 23.76 23.51 23.48 23.25 23.27 23.32 23.17 23.40 23.31 23.38
20.78 20.76 20.72 20.69 20.09 20.57 20.50 20.57 19.82 19.81 19.81 19.72 19.70 19.83 19.72 20.22 20.15 20.25 20.04 19.92 20.08 20.16 20.80 20.67 20.86 20.68 20.60 21.04 20.88 20.91 21.04 21.07 21.15 21.33 21.37 21.39 21.56 21.75 21.88 22.00 22.13 21.93 22.29 22.47 22.70 22.84 22.96 23.09 23.20 23.31 23.25 23.35 23.53 23.64 23.73 23.89 23.97 24.07 24.18 24.27 24.39 24.24 24.30 24.52 24.50 24.47 24.17 24.32 24.23 24.14 24.04 23.93 23.82 23.68 23.53 23.31 23.42 22.86 23.20 23.34 23.28 23.36 23.35
20.67 20.65 20.58 20.53 20.04 19.60 19.92 19.63 20.48 20.12 19.88 19.55 19.59 19.71 19.71 19.88 19.90 19.93 19.74 19.74 19.99 20.44 20.90 20.91 20.50 20.60 20.55 20.93 20.63 20.66 20.86 20.88 21.12 21.16 21.24 21.37 21.50 21.62 21.73 21.85 21.97 22.09 21.95 22.09 22.45 22.67 22.83 22.96 23.08 23.07 23.07 23.27 23.48 23.59 23.70 23.79 23.84 23.86 24.03 24.16 24.26 24.27 24.37 24.40 24.39 24.33 24.23 24.21 24.16 24.08 23.98 23.87 23.76 23.58 23.50 23.48 23.49 23.45 23.41 23.15 23.35 23.33 23.31
20.58 20.53 20.49 20.42 20.34 20.28 19.85 19.51 19.50 19.86 20.41 19.60 19.47 19.54 19.41 19.57 19.79 19.62 19.74 19.76 19.94 19.89 20.43 20.22 19.78 20.26 20.28 20.81 20.59 20.55 20.67 20.94 20.93 20.94 21.11 21.28 21.31 21.47 21.61 21.69 21.83 21.93 22.00 21.99 22.27 22.52 22.68 22.82 22.92 23.08 23.11 23.34 23.45 23.56 23.47 23.68 23.75 23.70 23.79 23.99 24.12 24.18 24.22 24.27 24.26 24.23 24.05 24.20 24.12 24.02 23.90 23.81 23.70 23.54 23.43 23.40 23.48 23.38 23.19 23.27 23.33 23.31 23.29
20.45 20.44 20.31 20.24 20.23 20.13 20.07 19.60 19.62 19.64 19.63 20.09 20.18 19.59 19.14 19.52 19.49 19.37 19.54 19.54 19.93 20.41 20.55 20.05 19.72 19.83 20.58 20.57 20.36 20.24 20.54 20.80 20.75 20.84 21.00 21.01 20.96 21.33 21.45 21.58 21.70 21.73 21.85 22.08 22.22 22.34 22.53 22.67 22.72 22.91 22.94 23.16 23.27 23.36 23.13 23.43 23.58 23.67 23.67 23.91 23.93 24.03 24.15 24.10 24.09 24.00 23.92 24.04 24.01 23.95 23.81 23.74 23.61 23.55 23.52 23.50 23.46 23.43 23.38 23.08 23.32 23.30 23.28
20.45 20.33 20.01 19.67 19.59 19.55 19.61 19.27 19.28 19.09 19.30 19.29 20.12 19.32 19.09 19.16 19.19 19.24 19.45 19.35 19.59 20.04 20.03 19.77 19.82 19.88 20.42 20.33 20.34 20.50 20.60 20.35 20.56 20.76 20.80 20.86 20.94 21.13 21.28 21.44 21.56 21.64 21.64 21.86 21.87 22.10 22.40 22.39 22.44 22.76 22.84 22.97 23.07 23.17 23.35 23.42 23.39 23.56 23.70 23.79 23.77 23.89 24.08 24.00 23.94 23.81 23.90 23.91 23.93 23.90 23.73 23.55 23.60 23.61 23.56 23.52 23.48 23.44 23.39 23.36 23.33 23.30 23.28
20.35 19.98 19.41 19.39 18.90 19.98 19.35 19.30 19.05 18.99 19.06 19.00 19.37 19.34 19.14 19.16 19.25 19.29 19.25 19.19 19.54 19.70 19.43 19.54 19.85 20.11 20.24 20.12 20.05 20.02 20.38 20.12 20.48 20.36 20.72 20.68 20.87 21.06 21.19 21.29 21.43 21.46 21.47 21.68 21.84 22.06 22.18 22.31 22.39 22.53 22.62 22.66 22.82 22.98 23.15 23.33 23.14 23.06 23.61 23.71 23.72 23.85 23.97 23.94 23.98 23.90 23.99 23.97 23.91 23.84 23.71 23.57 23.62 23.52 23.58 23.57 23.51 23.46 23.42 23.38 23.35 23.32 23.30
20.23 19.54 19.58 19.86 19.20 18.97 18.86 19.02 18.95 18.87 18.91 19.25 19.08 19.12 19.21 19.17 19.14 18.94 19.01 19.08 19.43 19.22 19.34 19.56 19.69 19.53 20.07 19.64 19.76 19.90 20.16 20.01 20.31 20.51 20.50 20.73 20.84 20.91 21.08 21.09 21.29 21.32 21.29 21.55 21.55 21.75 22.04 22.17 22.18 22.33 22.48 22.54 22.56 22.66 22.93 23.18 23.02 22.91 23.47 23.61 23.66 23.77 23.80 23.80 23.84 23.89 23.68 23.85 23.89 23.80 23.74 23.75 23.71 23.67 23.64 23.61 23.56 23.51 23.47 23.43 23.39 23.36 23.33
20.09 20.01 19.89 19.68 18.94 18.93 18.96 18.70 18.78 18.74 18.67 18.70 18.84 19.22 19.25 19.38 19.10 18.86 18.92 19.08 19.12 19.08 19.40 19.66 19.12 19.48 19.90 19.56 19.70 19.82 19.97 19.79 20.18 20.36 20.48 20.60 20.70 20.84 20.96 21.03 21.15 21.14 21.22 21.31 21.40 21.68 21.93 21.93 21.88 21.96 22.26 22.41 22.29 22.25 22.72 22.90 22.87 23.04 23.32 23.48 23.55 23.64 23.65 23.68 23.76 23.73 23.73 23.83 23.86 23.80 23.78 23.83 23.82 23.75 23.64 23.41 23.64 23.59 23.54 23.50 23.46 23.42 23.38
19.87 19.90 19.69 19.74 18.60 18.51 18.51 18.14 18.22 18.56 18.43 18.75 19.00 19.04 18.93 19.30 18.92 18.77 18.87 18.88 18.78 18.79 19.25 19.14 19.47 19.52 19.64 19.50 19.42 19.61 19.70 19.72 19.75 20.24 20.29 20.45 20.62 20.77 20.79 20.95 21.05 21.13 21.18 21.24 21.32 21.63 21.76 21.84 21.86 21.97 22.08 22.22 22.14 22.25 22.56 22.54 22.48 23.04 23.21 23.35 23.32 23.52 23.56 23.60 23.71 23.74 23.77 23.77 23.85 23.90 23.88 23.92 23.86 23.74 23.68 23.68 23.68 23.70 23.65 23.60 23.56 23.52 23.47
19.84 19.77 19.30 18.60 18.03 18.41 18.15 18.40 17.91 18.42 18.41 18.52 18.58 18.61 18.89 18.87 18.66 18.63 18.70 18.69 18.80 18.89 19.13 19.09 19.46 19.33 19.23 19.19 19.21 19.34 19.46 19.51 19.63 19.96 20.17 20.39 20.55 20.67 20.74 20.87 20.94 21.02 21.11 21.22 21.37 21.55 21.59 21.68 21.73 21.84 21.92 22.03 22.10 22.25 22.28 22.24 22.31 22.81 23.07 23.26 23.21 23.44 23.51 23.60 23.69 23.74 23.75 23.70 23.84 23.93 23.85 23.96 23.90 23.74 23.67 23.94 23.89 23.75 23.63 23.74 23.69 23.64 23.57
19.72 19.64 19.40 19.06 18.43 18.47 17.91 18.51 18.44 18.32 18.22 18.55 18.27 18.89 18.53 18.37 18.29 18.37 18.51 18.48 18.69 18.75 18.66 19.01 19.31 19.14 19.09 19.15 19.28 19.32 19.45 19.58 19.69 19.91 20.08 20.29 20.46 20.58 20.67 20.78 20.84 20.79 21.02 21.18 21.29 21.38 21.47 21.55 21.47 21.71 21.79 21.86 21.95 21.98 21.67 22.29 22.46 22.84 22.98 23.20 23.15 23.39 23.48 23.58 23.68 23.76 23.80 23.84 23.92 23.95 23.98 24.06 24.09 23.95 23.90 24.04 24.03 24.00 23.95 23.89 23.82 23.75 23.68
19.57 19.40 18.88 18.88 18.93 18.77 18.67 18.59 18.45 18.40 18.20 18.48 18.45 18.58 18.30 18.19 18.16 18.33 18.33 18.39 18.57 18.68 18.85 19.09 19.07 19.18 19.10 19.16 19.30 19.36 19.42 19.49 19.62 19.76 19.90 20.17 20.38 20.49 20.60 20.71 20.79 20.85 20.96 21.08 21.19 21.23 21.35 21.46 21.55 21.61 21.69 21.77 21.83 21.88 21.94 22.12 22.38 22.68 22.91 23.11 23.04 23.27 23.46 23.56 23.68 23.78 23.86 23.95 24.03 24.08 24.13 24.20 24.22 24.11 23.85 24.23 24.20 24.15 24.10 24.03 23.96 23.88 23.78
19.27 19.33 17.99 18.45 18.17 18.28 18.40 18.33 17.79 17.77 18.18 18.20 18.27 18.17 18.25 18.12 18.10 18.33 18.34 18.38 18.54 18.69 18.84 18.81 18.67 19.02 18.84 18.99 19.22 19.40 19.39 19.37 19.51 19.64 19.80 20.11 20.32 20.39 20.49 20.56 20.69 20.77 20.87 20.94 21.08 21.11 21.15 21.32 21.43 21.51 21.60 21.67 21.61 21.67 21.67 21.57 22.01 22.68 22.84 22.98 23.11 23.15 23.45 23.57 23.69 23.81 23.93 24.04 24.14 24.21 24.29 24.34 24.38 24.31 24.25 24.41 24.38 24.34 24.28 24.20 24.11 24.02 23.92
18.76 18.12 18.02 17.96 17.80 17.87 17.81 17.88 18.05 17.91 17.92 18.11 18.18 18.00 17.89 17.98 17.98 18.15 18.30 18.43 18.54 18.59 18.64 18.58 18.51 18.71 18.69 18.89 19.14 19.35 19.36 19.35 19.43 19.59 19.79 20.03 20.20 20.30 20.39 20.47 20.57 20.64 20.72 20.73 20.92 21.00 20.95 21.06 21.25 21.40 21.42 21.22 20.89 21.14 20.96 21.46 21.94 22.33 22.70 22.90 22.96 23.15 23.43 23.59 23.74 23.89 24.02 24.14 24.26 24.37 24.46 24.53 24.58 24.59 24.60 24.60 24.57 24.53 24.47 24.39 24.28 24.18 24.06
18.64 18.96 18.38 17.79 17.45 17.76 17.40 17.27 17.28 17.42 17.84 17.81 17.91 17.84 17.84 17.72 17.91 17.97 18.15 18.20 18.26 18.33 18.48 18.40 18.53 18.86 18.82 18.93 19.14 19.29 19.33 19.28 19.36 19.52 19.75 19.96 20.10 20.20 20.29 20.37 20.45 20.55 20.56 20.49 20.83 20.90 20.85 20.86 21.07 21.28 21.27 21.25 20.99 21.05 21.31 21.70 22.11 22.47 22.67 22.74 22.94 23.20 23.44 23.63 23.80 23.97 23.93 24.28 24.40 24.48 24.64 24.72 24.78 24.80 24.78 24.76 24.72 24.68 24.64 24.58 24.49 24.36 24.22
18.68 18.64 18.03 17.70 17.64 17.60 17.33 17.32 17.25 17.42 17.38 17.24 17.33 17.60 17.59 17.65 17.75 17.84 17.99 18.10 18.20 18.26 18.36 18.46 18.67 18.79 18.81 19.03 19.20 19.35 19.40 19.36 19.32 19.45 19.72 19.92 20.02 20.07 20.16 20.25 20.34 20.44 20.53 20.63 20.72 20.82 20.84 20.90 21.00 21.08 20.80 21.00 21.01 20.70 21.24 21.64 21.70 22.24 22.41 22.69 22.98 23.23 23.41 23.68 23.88 24.07 24.10 24.32 24.59 24.73 24.84 24.90 24.80 24.91 24.89 24.86 24.84 24.80 24.77 24.73 24.67 24.54 24.40
18.16 17.92 17.45 17.56 17.61 17.37 17.12 17.10 17.16 17.05 17.01 17.08 17.19 17.34 17.45 17.49 17.50 17.72 17.91 17.99 17.98 18.04 18.25 18.48 18.69 18.72 18.77 19.14 19.27 19.35 19.44 19.43 19.33 19.45 19.67 19.81 19.86 19.88 20.03 20.14 20.23 20.32 20.36 20.48 20.56 20.68 20.75 20.77 20.74 20.78 20.51 20.63 20.75 21.08 21.41 21.84 22.06 22.33 22.38 22.72 23.03 23.26 23.50 23.76 23.97 24.19 24.40 24.59 24.77 24.90 24.94 24.97 24.97 24.96 24.95 24.93 24.92 24.88 24.85 24.82 24.79 24.72 24.57
17.90 17.53 17.68 17.55 17.42 17.14 16.91 16.88 16.98 16.97 16.92 16.94 17.04 17.04 17.27 17.42 17.56 17.66 17.75 17.82 17.83 17.93 18.16 18.39 18.59 18.76 18.93 19.06 19.15 19.03 19.23 19.42 19.36 19.44 19.56 19.64 19.70 19.79 19.90 19.99 20.08 20.17 20.23 20.27 20.35 20.55 20.62 20.64 20.58 20.39 20.42 20.59 20.93 21.27 21.39 21.63 21.96 22.18 22.55 22.78 23.05 23.17 23.49 23.83 24.08 24.32 24.55 24.75 24.82 24.94 24.96 24.98 24.98 24.98 24.98 24.96 24.96 24.93 24.90 24.88 24.84 24.81 24.73
17.29 17.25 17.53 16.95 16.55 16.52 16.38 16.57 16.62 16.92 16.89 16.85 16.86 16.91 17.13 17.28 17.40 17.48 17.59 17.75 17.85 17.97 18.09 18.24 18.31 18.45 18.80 18.96 19.04 19.05 19.09 19.34 19.33 19.38 19.40 19.44 19.52 19.64 19.73 19.83 19.92 19.97 20.02 20.13 20.11 20.42 20.48 20.41 20.14 20.32 20.48 20.63 20.78 21.22 21.50 21.58 21.73 22.27 22.34 22.72 23.08 23.25 23.65 23.92 24.19 24.46 24.68 24.43 24.87 24.92 24.83 24.95 24.97 24.97 24.98 24.97 24.95 24.94 24.92 24.89 24.87 24.83 24.79
16.74 17.12 16.56 16.97 16.23 16.33 16.40 16.31 16.45 16.67 16.77 16.71 16.70 16.83 16.93 16.99 17.20 17.41 17.55 17.70 17.83 17.84 17.99 18.12 18.33 18.57 18.62 18.82 18.96 18.96 18.97 19.24 19.26 19.24 19.19 19.26 19.35 19.47 19.57 19.64 19.71 19.76 19.77 19.86 20.01 20.28 20.28 20.30 20.17 19.83 20.37 20.70 20.41 21.22 21.50 21.54 21.30 22.07 22.56 22.71 23.12 23.25 23.71 24.00 24.29 24.55 24.70 24.78 24.80 24.86 24.89 24.91 24.92 24.94 24.95 24.94 24.93 24.92 24.90 24.88 24.85 24.82 24.80
16.97 16.90 17.02 16.78 15.98 16.22 16.39 16.19 16.27 16.51 16.63 16.59 16.69 16.96 16.74 16.79 17.01 17.27 17.23 17.49 17.71 17.88 18.02 18.15 18.31 18.30 18.45 18.66 18.82 18.95 18.99 19.13 19.17 19.12 19.17 19.17 19.29 19.33 19.40 19.41 19.51 19.58 19.61 19.79 20.02 20.14 20.20 20.22 20.10 19.77 20.21 20.64 20.75 21.20 21.48 21.72 21.73 22.16 22.40 22.85 23.14 23.40 23.76 24.08 24.37 24.55 24.63 24.69 24.74 24.78 24.81 24.85 24.87 24.89 24.89 24.89 24.88 24.87 24.86 24.83 24.81 24.78 24.76
16.86 16.81 16.34 15.92 16.29 16.33 16.08 15.97 16.09 16.25 16.49 16.52 16.73 16.81 16.63 16.70 16.92 17.16 17.25 17.42 17.60 17.76 17.88 18.00 18.15 18.25 18.35 18.49 18.62 18.75 18.85 18.98 19.11 18.89 19.12 19.18 19.24 19.28 19.32 19.35 19.38 19.49 19.56 19.82 19.85 19.99 20.08 20.20 19.92 19.78 20.24 20.55 20.75 21.09 21.33 21.64 21.91 22.14 22.46 22.74 23.12 23.47 23.81 24.14 24.36 24.46 24.53 24.59 24.64 24.68 24.59 24.76 24.79 24.81 24.82 24.81 24.81 24.79 24.77 24.76 24.74 24.72 24.70
16.15 16.02 15.83 16.08 16.17 16.20 15.69 15.87 16.02 16.23 16.32 16.53 16.51 16.65 16.58 16.75 16.86 17.02 17.21 17.37 17.51 17.63 17.68 17.81 17.97 18.12 18.20 18.30 18.41 18.50 18.55 18.70 18.97 19.02 19.04 19.11 18.85 19.11 19.25 19.33 19.25 19.44 19.59 19.68 19.76 19.84 19.93 20.02 19.98 20.31 20.40 20.55 20.62 20.97 21.25 21.55 21.12 22.05 22.45 22.74 23.06 23.48 23.83 24.11 24.26 24.34 24.42 24.47 24.52 24.57 24.62 24.66 24.70 24.72 24.73 24.73 24.72 24.70 24.59 24.60 24.65 24.63 24.61
