main/data/pressure/01.11.2023.grid
ncols 886
nrows 691
xllcenter 112.0000
yllcenter -44.5000
cellsize 0.0500
nodata_value 99999.90
[rows 108 to 143 of 691, columns 492 to 573 of 886]
28.77 28.82 28.85 28.88 28.91 28.92 28.93 28.93 28.92 28.91 28.89 28.87 28.85 28.83 28.82 28.80 28.84 29.01 29.22 29.42 29.62 29.80 29.97 30.13 30.27 30.40 30.51 30.60 30.68 30.74 30.80 30.84 30.88 30.89 30.91 30.91 30.90 30.89 30.87 30.85 30.81 30.78 30.73 30.68 30.64 30.58 30.51 30.45 30.39 30.32 30.24 30.17 30.09 30.01 29.93 29.84 29.75 29.66 29.56 29.46 29.35 29.24 29.12 29.00 28.86 28.73 28.59 28.43 28.27 28.11 27.93 27.74 27.54 27.33 27.12 26.89 26.64 26.38 26.10 25.82 25.50 25.17
28.88 28.92 28.97 29.01 29.03 29.04 29.04 29.03 29.01 29.00 28.98 28.96 28.93 28.90 28.88 28.86 28.86 28.95 29.16 29.37 29.58 29.78 29.95 30.12 30.26 30.40 30.51 30.61 30.70 30.76 30.83 30.86 30.90 30.92 30.94 30.93 30.93 30.91 30.89 30.86 30.82 30.79 30.73 30.69 30.63 30.57 30.51 30.44 30.38 30.30 30.23 30.16 30.08 30.01 29.93 29.84 29.76 29.67 29.58 29.49 29.38 29.28 29.17 29.05 28.93 28.79 28.66 28.51 28.35 28.19 28.02 27.84 27.64 27.43 27.22 26.99 26.74 26.48 26.20 25.91 25.60 25.26
28.98 29.04 29.08 29.11 29.14 29.15 29.16 29.14 29.11 29.09 29.06 29.03 29.00 28.97 28.95 28.93 28.90 28.93 29.11 29.33 29.54 29.75 29.93 30.10 30.26 30.40 30.52 30.63 30.71 30.79 30.84 30.89 30.92 30.94 30.95 30.95 30.94 30.92 30.90 30.86 30.82 30.77 30.72 30.67 30.60 30.55 30.48 30.41 30.33 30.27 30.19 30.12 30.05 29.98 29.90 29.83 29.75 29.66 29.58 29.49 29.39 29.30 29.20 29.09 28.98 28.85 28.71 28.58 28.43 28.27 28.10 27.92 27.73 27.53 27.31 27.08 26.84 26.58 26.30 26.02 25.70 25.36
29.01 29.14 29.20 29.24 29.20 29.28 29.27 29.25 29.21 29.17 29.14 29.10 29.06 29.03 29.01 28.97 28.95 28.95 29.07 29.29 29.52 29.72 29.92 30.10 30.26 30.40 30.52 30.64 30.72 30.80 30.86 30.90 30.94 30.95 30.96 30.95 30.94 30.91 30.89 30.85 30.80 30.75 30.69 30.63 30.56 30.49 30.42 30.35 30.28 30.21 30.13 30.05 29.99 29.92 29.85 29.78 29.71 29.63 29.55 29.47 29.39 29.30 29.21 29.11 29.00 28.89 28.77 28.63 28.49 28.34 28.17 28.00 27.81 27.62 27.41 27.18 26.94 26.68 26.41 26.11 25.80 25.47
29.17 29.08 29.31 29.37 29.17 29.32 29.17 29.36 29.26 29.26 29.21 29.17 29.13 29.09 29.05 29.03 29.00 28.99 29.05 29.26 29.49 29.71 29.90 30.09 30.26 30.40 30.52 30.64 30.73 30.80 30.86 30.91 30.94 30.95 30.95 30.95 30.92 30.90 30.86 30.82 30.76 30.70 30.63 30.56 30.49 30.41 30.33 30.26 30.19 30.11 30.03 29.96 29.89 29.83 29.77 29.70 29.64 29.57 29.50 29.43 29.36 29.28 29.21 29.12 29.02 28.91 28.80 28.67 28.55 28.41 28.24 28.08 27.90 27.70 27.50 27.28 27.04 26.79 26.52 26.22 25.91 25.58
29.23 29.34 29.41 29.38 29.46 29.27 29.50 29.20 29.15 29.34 29.27 29.23 29.18 29.14 29.11 29.07 29.04 29.02 29.04 29.24 29.47 29.69 29.90 30.08 30.25 30.39 30.53 30.64 30.73 30.81 30.86 30.90 30.93 30.94 30.94 30.92 30.90 30.86 30.81 30.76 30.70 30.62 30.55 30.47 30.39 30.31 30.23 30.14 30.06 29.98 29.91 29.83 29.77 29.70 29.65 29.59 29.54 29.48 29.43 29.37 29.31 29.25 29.18 29.10 29.02 28.93 28.83 28.72 28.59 28.46 28.30 28.15 27.97 27.79 27.59 27.36 27.13 26.88 26.62 26.33 26.02 25.69
29.33 29.35 29.50 29.32 29.66 29.65 29.60 29.13 29.11 29.38 29.33 29.28 29.22 29.18 29.15 29.11 29.08 29.05 29.06 29.23 29.46 29.68 29.89 30.07 30.25 30.39 30.52 30.64 30.73 30.80 30.86 30.89 30.91 30.92 30.91 30.88 30.85 30.80 30.75 30.68 30.61 30.53 30.45 30.35 30.26 30.17 30.08 29.98 29.90 29.82 29.75 29.67 29.61 29.55 29.50 29.45 29.40 29.37 29.32 29.28 29.23 29.19 29.13 29.07 29.00 28.92 28.84 28.74 28.63 28.50 28.36 28.21 28.05 27.86 27.67 27.46 27.24 26.99 26.72 26.44 26.13 25.82
29.39 29.42 29.56 29.55 29.60 29.73 29.65 29.57 29.29 29.26 29.37 29.31 29.26 29.21 29.18 29.14 29.11 29.08 29.08 29.24 29.46 29.68 29.88 30.08 30.24 30.40 30.52 30.63 30.72 30.79 30.84 30.87 30.89 30.89 30.87 30.84 30.79 30.74 30.67 30.59 30.50 30.40 30.30 30.20 30.10 29.99 29.89 29.80 29.71 29.62 29.54 29.48 29.41 29.36 29.32 29.27 29.24 29.22 29.18 29.16 29.13 29.09 29.06 29.02 28.96 28.90 28.83 28.75 28.64 28.53 28.41 28.26 28.11 27.94 27.75 27.55 27.33 27.09 26.82 26.55 26.25 25.93
29.42 29.51 29.59 29.66 29.71 29.72 29.67 29.60 29.51 29.43 29.30 29.34 29.29 29.24 29.20 29.16 29.13 29.10 29.11 29.24 29.46 29.68 29.89 30.08 30.25 30.39 30.52 30.62 30.71 30.77 30.82 30.84 30.85 30.84 30.81 30.77 30.72 30.65 30.56 30.47 30.36 30.26 30.14 30.03 29.91 29.80 29.68 29.57 29.47 29.39 29.31 29.24 29.18 29.13 29.10 29.07 29.05 29.02 29.02 29.01 28.99 28.99 28.97 28.94 28.91 28.86 28.81 28.73 28.66 28.55 28.44 28.32 28.16 28.01 27.82 27.63 27.42 27.18 26.93 26.66 26.37 26.06
29.42 29.51 29.56 29.64 29.68 29.68 29.65 29.59 29.54 29.39 29.41 29.36 29.30 29.26 29.22 29.17 29.15 29.12 29.12 29.26 29.48 29.70 29.90 30.08 30.25 30.39 30.51 30.61 30.69 30.74 30.79 30.81 30.80 30.78 30.75 30.70 30.62 30.53 30.44 30.33 30.21 30.09 29.95 29.82 29.69 29.56 29.43 29.31 29.21 29.11 29.03 28.96 28.91 28.87 28.83 28.82 28.82 28.81 28.82 28.83 28.84 28.85 28.85 28.85 28.83 28.81 28.77 28.72 28.65 28.57 28.47 28.36 28.22 28.07 27.89 27.71 27.50 27.28 27.04 26.78 26.49 26.18
29.43 29.50 29.56 29.60 29.63 29.64 29.61 29.58 29.53 29.47 29.41 29.36 29.31 29.27 29.23 29.19 29.16 29.13 29.14 29.29 29.50 29.71 29.91 30.08 30.24 30.39 30.50 30.59 30.67 30.72 30.75 30.76 30.75 30.72 30.67 30.60 30.51 30.41 30.29 30.16 30.03 29.88 29.73 29.58 29.44 29.29 29.15 29.02 28.91 28.80 28.72 28.66 28.60 28.57 28.55 28.54 28.55 28.57 28.60 28.62 28.66 28.69 28.71 28.73 28.74 28.74 28.71 28.69 28.63 28.57 28.49 28.38 28.26 28.12 27.96 27.78 27.59 27.37 27.13 26.88 26.61 26.32
29.41 29.48 29.50 29.56 29.57 29.59 29.54 29.53 29.47 29.45 29.39 29.36 29.32 29.27 29.24 29.19 29.16 29.14 29.15 29.31 29.53 29.74 29.93 30.10 30.24 30.38 30.49 30.58 30.64 30.68 30.70 30.70 30.68 30.63 30.57 30.48 30.39 30.26 30.13 29.98 29.82 29.66 29.49 29.32 29.15 28.99 28.84 28.70 28.57 28.46 28.38 28.31 28.27 28.25 28.24 28.24 28.26 28.30 28.34 28.39 28.45 28.51 28.56 28.60 28.63 28.65 28.65 28.65 28.61 28.56 28.49 28.41 28.30 28.16 28.02 27.85 27.67 27.45 27.23 26.99 26.73 26.43
29.39 29.45 29.49 29.53 29.56 29.55 29.54 29.52 29.45 29.43 29.38 29.30 29.32 29.27 29.23 29.20 29.16 29.14 29.18 29.35 29.56 29.76 29.93 30.10 30.24 30.36 30.46 30.55 30.60 30.64 30.65 30.63 30.60 30.54 30.46 30.36 30.24 30.10 29.95 29.78 29.60 29.41 29.23 29.03 28.85 28.67 28.51 28.36 28.25 28.16 28.09 28.06 28.04 28.03 28.00 27.98 28.01 28.04 28.09 28.15 28.23 28.30 28.38 28.45 28.51 28.55 28.58 28.59 28.57 28.55 28.50 28.42 28.33 28.21 28.08 27.92 27.74 27.54 27.33 27.09 26.83 26.56
29.37 29.42 29.46 29.49 29.52 29.52 29.51 29.49 29.45 29.42 29.37 29.31 29.29 29.27 29.24 29.20 29.17 29.15 29.22 29.41 29.60 29.78 29.95 30.10 30.24 30.35 30.45 30.51 30.56 30.59 30.58 30.56 30.52 30.44 30.35 30.22 30.08 29.93 29.75 29.56 29.36 29.15 28.94 28.73 28.52 28.35 28.21 28.14 28.13 28.12 28.13 28.13 28.12 28.11 28.10 28.07 28.04 28.02 28.00 27.98 28.03 28.11 28.20 28.29 28.38 28.45 28.50 28.53 28.54 28.53 28.50 28.44 28.36 28.25 28.12 27.98 27.81 27.63 27.41 27.19 26.95 26.69
29.32 29.36 29.41 29.45 29.48 29.48 29.46 29.45 29.41 29.39 29.38 29.33 29.29 29.25 29.23 29.20 29.16 29.15 29.27 29.46 29.64 29.81 29.97 30.11 30.23 30.34 30.42 30.48 30.52 30.53 30.51 30.48 30.41 30.33 30.21 30.08 29.91 29.74 29.54 29.33 29.10 28.87 28.64 28.41 28.24 28.16 28.16 28.19 28.21 28.24 28.26 28.27 28.27 28.27 28.25 28.23 28.21 28.16 28.13 28.08 28.04 28.02 28.05 28.14 28.24 28.33 28.41 28.47 28.50 28.50 28.48 28.44 28.38 28.29 28.18 28.04 27.88 27.71 27.51 27.29 27.06 26.80
29.29 29.32 29.33 29.40 29.42 29.45 29.44 29.41 29.36 29.34 29.33 29.32 29.28 29.24 29.20 29.18 29.16 29.18 29.32 29.51 29.67 29.83 29.98 30.11 30.23 30.33 30.39 30.45 30.47 30.47 30.45 30.39 30.31 30.21 30.08 29.92 29.74 29.54 29.33 29.09 28.83 28.59 28.34 28.17 28.16 28.20 28.25 28.31 28.35 28.38 28.41 28.42 28.43 28.43 28.42 28.39 28.37 28.33 28.29 28.25 28.19 28.15 28.11 28.08 28.13 28.22 28.32 28.39 28.45 28.48 28.48 28.46 28.41 28.33 28.23 28.10 27.95 27.78 27.59 27.39 27.16 26.92
29.27 29.28 29.22 29.38 29.30 29.34 29.35 29.33 29.32 29.31 29.30 29.28 29.24 29.22 29.19 29.16 29.14 29.20 29.38 29.55 29.70 29.85 30.00 30.11 30.22 30.30 30.36 30.40 30.41 30.40 30.37 30.30 30.21 30.09 29.94 29.76 29.56 29.34 29.10 28.84 28.57 28.31 28.16 28.17 28.23 28.31 28.36 28.43 28.47 28.52 28.55 28.57 28.59 28.60 28.58 28.57 28.55 28.51 28.47 28.42 28.37 28.32 28.27 28.20 28.17 28.16 28.24 28.34 28.41 28.46 28.48 28.46 28.42 28.36 28.27 28.16 28.02 27.86 27.68 27.48 27.27 27.04
29.23 29.12 29.24 29.33 29.25 29.29 29.30 29.27 29.29 29.27 29.26 29.23 29.20 29.19 29.16 29.12 29.16 29.29 29.44 29.58 29.72 29.86 29.98 30.10 30.19 30.27 30.32 30.35 30.35 30.33 30.28 30.20 30.10 29.96 29.80 29.60 29.39 29.14 28.88 28.59 28.32 28.14 28.16 28.24 28.32 28.41 28.48 28.55 28.61 28.66 28.70 28.74 28.75 28.76 28.75 28.74 28.71 28.68 28.64 28.60 28.55 28.50 28.44 28.38 28.32 28.26 28.24 28.29 28.37 28.43 28.47 28.48 28.45 28.40 28.32 28.21 28.08 27.94 27.76 27.57 27.37 27.15
29.16 29.07 29.15 29.29 29.23 29.27 29.26 29.26 29.23 29.24 29.22 29.18 29.14 29.11 29.09 29.09 29.20 29.34 29.46 29.60 29.74 29.85 29.97 30.09 30.17 30.24 30.28 30.30 30.29 30.26 30.20 30.10 29.98 29.83 29.65 29.44 29.20 28.94 28.66 28.37 28.14 28.14 28.23 28.33 28.42 28.51 28.59 28.68 28.74 28.80 28.86 28.90 28.92 28.92 28.92 28.91 28.88 28.85 28.81 28.77 28.72 28.67 28.62 28.56 28.50 28.43 28.37 28.34 28.36 28.42 28.47 28.49 28.48 28.44 28.37 28.28 28.15 28.02 27.85 27.67 27.47 27.25
29.02 29.11 29.23 29.22 29.18 29.26 29.21 29.22 29.20 29.21 29.17 29.10 29.06 29.06 29.00 29.04 29.18 29.28 29.45 29.57 29.70 29.82 29.96 30.06 30.15 30.20 30.23 30.24 30.21 30.17 30.11 30.00 29.87 29.70 29.50 29.28 29.03 28.75 28.45 28.19 28.11 28.20 28.30 28.41 28.51 28.62 28.71 28.80 28.88 28.96 29.01 29.06 29.08 29.09 29.10 29.09 29.05 29.02 28.98 28.94 28.89 28.84 28.78 28.73 28.67 28.60 28.54 28.47 28.44 28.44 28.49 28.52 28.52 28.48 28.42 28.34 28.23 28.10 27.94 27.76 27.57 27.36
29.11 29.16 29.20 29.05 29.07 29.24 29.17 29.15 29.15 29.19 29.14 29.06 28.98 28.86 28.91 28.86 28.71 29.14 29.35 29.47 29.59 29.85 29.94 30.02 30.11 30.16 30.18 30.18 30.14 30.10 30.01 29.90 29.75 29.58 29.37 29.13 28.87 28.57 28.28 28.09 28.14 28.25 28.37 28.48 28.59 28.71 28.82 28.92 29.02 29.11 29.18 29.22 29.26 29.27 29.27 29.26 29.23 29.19 29.15 29.10 29.00 29.01 28.95 28.89 28.84 28.78 28.71 28.65 28.58 28.53 28.53 28.56 28.56 28.55 28.49 28.41 28.30 28.18 28.02 27.85 27.67 27.47
29.08 29.13 29.15 28.89 29.17 29.15 29.10 29.07 29.10 29.18 29.09 29.03 28.96 28.81 28.81 28.72 28.60 29.01 29.24 29.28 29.69 29.54 29.89 29.98 30.05 30.10 30.12 30.11 30.08 30.01 29.92 29.80 29.65 29.46 29.24 28.99 28.72 28.41 28.14 28.08 28.18 28.30 28.43 28.56 28.69 28.81 28.93 29.05 29.16 29.26 29.34 29.41 29.44 29.45 29.44 29.43 29.39 29.36 29.21 29.23 29.08 29.17 29.12 29.06 29.00 28.93 28.88 28.80 28.75 28.68 28.63 28.61 28.62 28.60 28.55 28.49 28.38 28.26 28.12 27.95 27.78 27.59
29.04 29.06 29.00 28.94 29.12 28.95 28.95 29.00 29.08 29.11 29.11 28.97 28.93 28.89 28.86 28.82 28.85 29.19 29.37 29.50 29.69 29.73 29.84 29.90 30.00 30.04 30.05 30.04 30.00 29.93 29.84 29.70 29.54 29.35 29.12 28.86 28.58 28.27 28.04 28.10 28.23 28.36 28.49 28.63 28.76 28.91 29.04 29.17 29.30 29.42 29.52 29.58 29.62 29.63 29.62 29.59 29.55 29.48 29.36 29.43 29.33 29.27 29.20 29.21 29.15 29.10 29.04 28.97 28.90 28.83 28.77 28.72 28.70 28.68 28.64 28.56 28.47 28.36 28.21 28.05 27.88 27.70
28.92 29.04 29.01 28.90 29.10 28.89 28.89 29.02 29.15 29.09 29.08 29.00 28.82 28.90 28.95 29.01 29.32 29.41 29.47 29.46 29.58 29.70 29.71 29.78 29.94 29.97 29.97 29.96 29.92 29.85 29.75 29.61 29.44 29.25 29.02 28.76 28.47 28.18 28.04 28.13 28.26 28.41 28.55 28.70 28.85 28.99 29.14 29.28 29.43 29.56 29.68 29.76 29.80 29.78 29.72 29.71 29.70 29.67 29.62 29.58 29.52 29.48 29.42 29.36 29.31 29.24 29.18 29.12 29.06 28.99 28.92 28.86 28.80 28.78 28.73 28.66 28.57 28.45 28.32 28.17 28.00 27.81
28.97 28.97 29.04 29.05 29.09 28.99 28.93 29.03 29.12 28.91 29.01 28.95 28.92 28.89 28.92 29.05 29.29 29.29 29.35 29.21 29.45 29.58 29.38 29.73 29.84 29.85 29.89 29.88 29.82 29.76 29.66 29.53 29.36 29.16 28.93 28.66 28.37 28.10 28.03 28.16 28.31 28.45 28.61 28.76 28.92 29.07 29.23 29.39 29.54 29.70 29.85 29.96 29.99 29.95 29.86 29.85 29.84 29.81 29.76 29.72 29.67 29.61 29.55 29.51 29.44 29.39 29.33 29.26 29.20 29.13 29.07 29.00 28.94 28.88 28.84 28.76 28.67 28.56 28.43 28.28 28.11 27.94
28.76 28.84 28.88 29.02 28.98 28.99 29.00 29.06 29.10 28.93 28.96 28.91 28.77 28.76 28.83 28.97 29.24 29.05 29.24 29.21 29.37 29.48 29.33 29.69 29.57 29.72 29.78 29.78 29.75 29.69 29.58 29.45 29.28 29.08 28.85 28.59 28.31 28.04 28.04 28.18 28.34 28.49 28.65 28.82 28.98 29.14 29.31 29.47 29.65 29.82 29.99 30.15 30.15 30.11 30.04 30.01 29.99 29.94 29.89 29.85 29.79 29.74 29.69 29.64 29.58 29.46 29.46 29.41 29.34 29.27 29.21 29.14 29.07 29.01 28.95 28.88 28.78 28.67 28.55 28.40 28.24 28.07
28.75 28.82 28.93 28.90 28.93 28.80 28.97 28.93 29.02 28.84 28.87 28.83 28.89 28.61 28.78 28.99 29.17 29.15 29.12 29.16 29.30 29.32 29.47 29.33 29.33 29.68 29.68 29.68 29.67 29.60 29.51 29.38 29.21 29.02 28.79 28.53 28.26 28.01 28.06 28.21 28.37 28.53 28.70 28.87 29.04 29.21 29.37 29.55 29.73 29.89 30.05 30.16 30.22 30.20 30.17 30.13 30.09 30.03 30.01 29.96 29.92 29.87 29.81 29.77 29.71 29.66 29.59 29.53 29.47 29.40 29.34 29.27 29.20 29.14 29.08 29.01 28.91 28.80 28.67 28.52 28.37 28.21
28.73 28.82 28.70 28.80 28.82 28.81 28.71 28.93 28.85 28.81 28.73 28.70 28.56 28.85 28.93 29.01 29.02 29.06 29.08 29.17 29.17 28.94 29.35 29.29 29.51 29.56 29.58 29.57 29.56 29.52 29.42 29.29 29.13 28.95 28.75 28.50 28.22 28.01 28.08 28.25 28.41 28.57 28.74 28.92 29.09 29.26 29.43 29.60 29.77 29.93 30.08 30.15 30.24 30.25 30.24 30.21 30.18 30.15 30.11 30.07 30.02 29.98 29.93 29.88 29.83 29.77 29.71 29.65 29.58 29.52 29.45 29.39 29.32 29.26 29.20 29.14 29.05 28.94 28.81 28.67 28.51 28.35
28.69 28.64 28.56 28.76 28.68 28.75 28.93 28.98 28.89 28.67 28.72 28.57 28.42 28.76 28.70 28.84 28.78 28.94 29.06 29.08 29.14 29.18 29.23 29.25 29.35 29.40 29.38 29.45 29.47 29.43 29.34 29.23 29.07 28.90 28.71 28.48 28.23 28.02 28.10 28.27 28.44 28.61 28.79 28.96 29.14 29.31 29.48 29.64 29.81 29.96 30.10 30.19 30.26 30.29 30.29 30.28 30.26 30.24 30.20 30.17 30.12 30.08 30.03 29.98 29.94 29.88 29.82 29.76 29.70 29.63 29.57 29.50 29.44 29.38 29.32 29.26 29.19 29.08 28.95 28.82 28.67 28.51
28.40 28.49 28.43 28.67 28.65 28.78 28.84 28.87 28.79 28.42 28.54 28.41 28.49 28.61 28.66 28.77 28.52 28.66 28.82 28.78 28.96 29.00 28.88 28.88 29.24 29.28 29.38 29.38 29.38 29.34 29.25 29.15 29.01 28.86 28.67 28.47 28.24 28.05 28.13 28.30 28.47 28.65 28.83 29.01 29.19 29.36 29.53 29.68 29.84 29.98 30.09 30.20 30.28 30.32 30.34 30.34 30.33 30.31 30.28 30.26 30.22 30.18 30.13 30.09 30.04 29.99 29.93 29.87 29.80 29.74 29.67 29.61 29.54 29.49 29.42 29.36 29.31 29.23 29.10 28.97 28.82 28.67
28.45 28.45 28.50 28.62 28.69 28.76 28.74 28.68 28.62 28.48 28.44 28.39 28.44 28.40 28.49 28.69 28.60 28.54 28.68 28.81 28.77 28.74 28.35 28.38 28.65 28.88 29.22 29.28 29.27 29.24 29.19 29.10 28.96 28.82 28.66 28.48 28.27 28.10 28.17 28.34 28.51 28.70 28.86 29.05 29.22 29.39 29.56 29.73 29.88 30.01 30.12 30.22 30.29 30.34 30.37 30.39 30.39 30.37 30.36 30.33 30.30 30.26 30.22 30.18 30.13 30.07 30.02 29.96 29.90 29.83 29.77 29.70 29.64 29.57 29.52 29.46 29.41 29.35 29.26 29.13 28.99 28.83
28.29 28.31 28.28 28.40 28.59 28.66 28.49 28.47 28.43 28.21 28.19 28.30 28.11 28.28 28.48 28.60 28.47 28.48 28.57 28.64 28.61 28.48 28.49 28.40 28.52 28.18 29.14 29.19 29.17 29.14 29.11 29.03 28.92 28.79 28.65 28.50 28.33 28.16 28.21 28.38 28.55 28.72 28.89 29.09 29.26 29.43 29.60 29.76 29.90 30.04 30.15 30.24 30.32 30.38 30.41 30.43 30.44 30.43 30.42 30.40 30.37 30.34 30.30 30.26 30.21 30.15 30.10 30.04 29.98 29.91 29.86 29.79 29.73 29.66 29.60 29.54 29.48 29.42 29.37 29.28 29.15 29.01
28.25 28.10 28.18 28.14 28.45 28.28 28.05 28.22 28.19 28.11 28.19 28.08 28.05 28.24 28.43 28.47 28.25 28.34 28.44 28.45 28.52 28.36 28.11 28.31 28.35 28.80 28.82 29.05 29.07 29.05 29.02 28.98 28.88 28.78 28.67 28.52 28.37 28.23 28.26 28.42 28.59 28.77 28.95 29.13 29.31 29.47 29.64 29.78 29.92 30.07 30.19 30.28 30.36 30.41 30.45 30.48 30.49 30.49 30.39 30.46 30.44 30.41 30.37 30.33 30.28 30.23 30.17 30.11 30.06 29.99 29.93 29.86 29.80 29.74 29.68 29.61 29.55 29.50 29.43 29.36 29.28 29.17
28.15 28.17 28.01 28.22 28.25 28.00 27.88 28.03 28.02 28.06 28.00 27.93 28.05 28.26 28.18 28.26 28.39 28.22 28.25 28.32 28.35 28.26 28.24 28.37 28.51 28.44 28.44 28.87 28.90 28.92 28.94 28.93 28.86 28.78 28.68 28.55 28.41 28.31 28.31 28.46 28.63 28.81 28.99 29.18 29.36 29.52 29.68 29.83 29.97 30.11 30.23 30.31 30.39 30.43 30.49 30.52 30.53 30.53 30.53 30.52 30.50 30.47 30.44 30.39 30.35 30.29 30.24 30.18 30.12 30.06 29.99 29.92 29.86 29.80 29.73 29.68 29.61 29.55 29.48 29.41 29.33 29.24
27.90 27.87 27.86 28.04 27.79 27.88 27.72 27.77 27.91 27.87 27.78 27.77 27.91 28.10 27.94 28.12 28.25 28.13 28.09 28.18 28.20 28.15 28.15 28.16 28.34 28.48 28.65 28.37 28.55 28.77 28.87 28.86 28.82 28.77 28.70 28.60 28.48 28.40 28.38 28.52 28.69 28.88 29.06 29.23 29.40 29.57 29.72 29.88 30.00 30.14 30.26 30.35 30.43 30.49 30.53 30.56 30.55 30.58 30.58 30.58 30.52 30.52 30.49 30.45 30.40 30.35 30.30 30.24 30.17 30.11 30.05 29.98 29.92 29.86 29.78 29.72 29.66 29.59 29.52 29.44 29.35 29.26
27.65 27.53 27.67 27.76 27.59 27.49 27.55 27.66 27.62 27.61 27.62 27.70 27.77 27.83 27.78 28.02 28.11 28.01 27.91 28.02 28.01 28.00 28.01 27.80 28.29 28.29 28.39 28.38 28.49 28.71 28.79 28.80 28.80 28.76 28.71 28.65 28.58 28.51 28.46 28.58 28.77 28.95 29.13 29.29 29.46 29.62 29.79 29.92 30.04 30.18 30.30 30.39 30.47 30.53 30.57 30.61 30.62 30.62 30.63 30.61 30.58 30.56 30.53 30.49 30.45 30.39 30.34 30.28 30.22 30.16 30.09 30.02 29.96 29.89 29.82 29.76 29.70 29.62 29.54 29.46 29.37 29.26
