main/data/pressure/01.11.2023.grid
ncols 886
nrows 691
xllcenter 112.0000
yllcenter -44.5000
cellsize 0.0500
nodata_value 99999.90
[rows 648 to 683 of 691, columns 492 to 573 of 886]
9.46 9.47 9.48 9.48 9.50 9.51 9.52 9.52 9.53 9.55 9.56 9.57 9.57 9.58 9.60 9.61 9.62 9.63 9.64 9.66 9.67 9.68 9.69 9.70 9.72 9.74 9.75 9.76 9.78 9.79 9.82 9.83 9.85 9.87 9.88 9.90 9.93 9.95 9.98 10.00 10.02 10.06 10.08 10.11 10.14 10.17 10.20 10.24 10.28 10.31 10.35 10.39 10.43 10.49 10.53 10.57 10.59 10.61 10.62 10.63 10.65 10.66 10.68 10.69 10.70 10.71 10.72 10.74 10.75 10.76 10.77 10.78 10.79 10.80 10.82 10.83 10.83 10.84 10.85 10.86 10.86 10.88
9.45 9.46 9.47 9.48 9.49 9.50 9.51 9.51 9.53 9.54 9.55 9.56 9.56 9.57 9.59 9.60 9.61 9.62 9.64 9.65 9.66 9.67 9.68 9.69 9.71 9.73 9.74 9.75 9.77 9.78 9.81 9.82 9.84 9.85 9.88 9.90 9.92 9.94 9.96 9.98 10.01 10.04 10.07 10.09 10.12 10.15 10.19 10.22 10.26 10.29 10.33 10.37 10.42 10.47 10.51 10.56 10.60 10.62 10.63 10.65 10.66 10.68 10.69 10.70 10.71 10.73 10.74 10.75 10.76 10.77 10.78 10.79 10.80 10.82 10.82 10.83 10.84 10.85 10.86 10.86 10.88 10.88
9.44 9.45 9.46 9.47 9.48 9.49 9.50 9.50 9.52 9.53 9.54 9.55 9.55 9.57 9.58 9.59 9.60 9.61 9.63 9.64 9.65 9.66 9.67 9.68 9.70 9.72 9.73 9.74 9.76 9.78 9.79 9.81 9.83 9.84 9.87 9.89 9.91 9.93 9.95 9.98 10.00 10.03 10.05 10.08 10.11 10.14 10.18 10.21 10.24 10.28 10.31 10.36 10.40 10.45 10.49 10.54 10.59 10.62 10.65 10.66 10.67 10.69 10.70 10.71 10.73 10.74 10.75 10.76 10.77 10.78 10.79 10.81 10.82 10.82 10.83 10.84 10.85 10.85 10.87 10.88 10.88 10.89
9.43 9.44 9.45 9.47 9.47 9.48 9.49 9.50 9.51 9.52 9.53 9.54 9.55 9.56 9.57 9.58 9.59 9.60 9.62 9.63 9.64 9.65 9.66 9.68 9.69 9.71 9.72 9.73 9.75 9.77 9.78 9.80 9.81 9.83 9.86 9.88 9.89 9.91 9.93 9.97 9.99 10.01 10.04 10.06 10.10 10.13 10.16 10.19 10.22 10.26 10.30 10.34 10.38 10.43 10.47 10.52 10.57 10.62 10.66 10.67 10.69 10.70 10.71 10.73 10.74 10.75 10.76 10.77 10.78 10.79 10.81 10.81 10.82 10.83 10.84 10.85 10.85 10.87 10.88 10.88 10.89 10.89
9.42 9.43 9.45 9.46 9.46 9.47 9.48 9.50 9.50 9.51 9.52 9.53 9.54 9.55 9.56 9.57 9.58 9.60 9.61 9.62 9.63 9.64 9.65 9.67 9.68 9.70 9.71 9.73 9.74 9.76 9.77 9.79 9.80 9.83 9.85 9.86 9.88 9.90 9.93 9.95 9.98 10.00 10.02 10.05 10.09 10.11 10.14 10.17 10.21 10.24 10.29 10.33 10.36 10.41 10.45 10.51 10.55 10.60 10.65 10.68 10.70 10.71 10.73 10.74 10.75 10.76 10.77 10.78 10.79 10.80 10.81 10.82 10.83 10.84 10.84 10.86 10.87 10.87 10.88 10.89 10.89 10.90
9.42 9.42 9.44 9.45 9.45 9.46 9.48 9.49 9.49 9.50 9.51 9.52 9.54 9.54 9.55 9.56 9.57 9.59 9.60 9.61 9.62 9.63 9.65 9.66 9.67 9.68 9.70 9.72 9.73 9.75 9.76 9.78 9.80 9.82 9.83 9.85 9.87 9.89 9.92 9.94 9.96 9.98 10.01 10.04 10.07 10.10 10.13 10.16 10.19 10.23 10.27 10.31 10.35 10.39 10.43 10.49 10.53 10.58 10.63 10.68 10.70 10.73 10.74 10.75 10.76 10.77 10.78 10.79 10.80 10.81 10.82 10.83 10.83 10.84 10.86 10.87 10.87 10.88 10.88 10.89 10.89 10.90
9.41 9.41 9.43 9.44 9.45 9.45 9.47 9.48 9.49 9.49 9.50 9.52 9.53 9.54 9.54 9.55 9.57 9.58 9.59 9.60 9.61 9.62 9.64 9.65 9.66 9.68 9.69 9.71 9.72 9.74 9.75 9.76 9.79 9.81 9.82 9.84 9.86 9.89 9.91 9.93 9.95 9.97 10.00 10.03 10.06 10.08 10.11 10.14 10.18 10.22 10.25 10.29 10.33 10.37 10.42 10.46 10.51 10.56 10.61 10.66 10.71 10.73 10.75 10.76 10.76 10.77 10.79 10.80 10.81 10.82 10.83 10.83 10.84 10.86 10.86 10.87 10.88 10.88 10.89 10.89 10.90 10.91
9.40 9.41 9.42 9.43 9.44 9.44 9.46 9.47 9.48 9.48 9.49 9.51 9.52 9.53 9.54 9.54 9.56 9.57 9.58 9.59 9.60 9.62 9.63 9.64 9.65 9.67 9.69 9.70 9.71 9.73 9.74 9.75 9.78 9.79 9.81 9.83 9.85 9.87 9.89 9.91 9.94 9.96 9.99 10.02 10.04 10.07 10.10 10.13 10.17 10.20 10.23 10.27 10.31 10.36 10.40 10.44 10.49 10.54 10.59 10.64 10.70 10.74 10.75 10.76 10.77 10.79 10.80 10.81 10.82 10.82 10.83 10.84 10.85 10.86 10.87 10.87 10.88 10.88 10.89 10.89 10.91 10.91
9.39 9.41 9.41 9.42 9.43 9.44 9.45 9.46 9.47 9.48 9.48 9.50 9.51 9.52 9.53 9.54 9.55 9.56 9.57 9.58 9.59 9.61 9.62 9.63 9.64 9.66 9.68 9.69 9.70 9.72 9.73 9.75 9.77 9.78 9.80 9.82 9.84 9.86 9.88 9.90 9.92 9.94 9.98 10.00 10.03 10.05 10.08 10.12 10.15 10.18 10.22 10.25 10.29 10.34 10.38 10.42 10.47 10.51 10.56 10.63 10.68 10.73 10.76 10.77 10.78 10.80 10.81 10.81 10.82 10.83 10.84 10.85 10.86 10.86 10.87 10.88 10.88 10.89 10.89 10.91 10.91 10.91
9.38 9.40 9.41 9.41 9.42 9.43 9.45 9.45 9.46 9.47 9.48 9.49 9.50 9.51 9.52 9.53 9.55 9.56 9.56 9.57 9.59 9.60 9.61 9.62 9.64 9.66 9.67 9.68 9.69 9.71 9.72 9.74 9.76 9.77 9.79 9.81 9.83 9.85 9.87 9.89 9.91 9.94 9.96 9.99 10.01 10.04 10.08 10.10 10.13 10.17 10.20 10.23 10.28 10.32 10.36 10.40 10.44 10.49 10.54 10.60 10.65 10.71 10.76 10.78 10.79 10.80 10.81 10.82 10.83 10.83 10.85 10.86 10.86 10.87 10.87 10.88 10.88 10.89 10.90 10.91 10.91 10.91
9.37 9.39 9.40 9.41 9.41 9.43 9.44 9.45 9.45 9.46 9.48 9.49 9.49 9.50 9.51 9.52 9.54 9.55 9.56 9.57 9.59 9.60 9.61 9.62 9.63 9.65 9.66 9.67 9.68 9.70 9.72 9.73 9.75 9.76 9.78 9.80 9.82 9.84 9.86 9.88 9.90 9.93 9.95 9.97 10.00 10.02 10.05 10.09 10.12 10.15 10.18 10.21 10.26 10.30 10.34 10.38 10.42 10.47 10.53 10.58 10.63 10.68 10.74 10.79 10.80 10.81 10.82 10.82 10.83 10.84 10.85 10.86 10.86 10.87 10.87 10.88 10.88 10.90 10.90 10.91 10.91 10.91
9.38 9.38 9.39 9.40 9.41 9.41 9.43 9.44 9.45 9.45 9.47 9.48 9.49 9.50 9.50 9.52 9.53 9.54 9.55 9.56 9.58 9.59 9.60 9.61 9.62 9.64 9.65 9.66 9.67 9.69 9.71 9.72 9.74 9.75 9.77 9.78 9.81 9.83 9.85 9.86 9.89 9.92 9.94 9.96 9.98 10.01 10.04 10.07 10.10 10.13 10.16 10.21 10.24 10.28 10.32 10.36 10.40 10.46 10.50 10.55 10.60 10.66 10.71 10.77 10.80 10.81 10.82 10.83 10.83 10.85 10.86 10.86 10.87 10.87 10.88 10.88 10.89 10.90 10.90 10.90 10.91 10.91
9.36 9.38 9.38 9.39 9.40 9.41 9.42 9.43 9.44 9.45 9.46 9.47 9.48 9.49 9.50 9.51 9.52 9.53 9.54 9.55 9.57 9.58 9.59 9.60 9.61 9.63 9.64 9.65 9.66 9.68 9.70 9.71 9.73 9.74 9.76 9.78 9.80 9.82 9.83 9.85 9.88 9.90 9.92 9.95 9.97 9.99 10.03 10.06 10.08 10.11 10.15 10.19 10.22 10.26 10.30 10.34 10.38 10.43 10.48 10.53 10.58 10.63 10.68 10.75 10.80 10.82 10.82 10.83 10.84 10.85 10.86 10.86 10.87 10.87 10.88 10.88 10.89 10.90 10.90 10.90 10.91 10.91
9.36 9.37 9.38 9.38 9.39 9.40 9.42 9.42 9.43 9.44 9.46 9.46 9.47 9.48 9.49 9.51 9.52 9.52 9.53 9.54 9.56 9.57 9.58 9.59 9.60 9.62 9.63 9.64 9.66 9.67 9.69 9.70 9.72 9.73 9.75 9.77 9.79 9.80 9.82 9.84 9.87 9.89 9.91 9.93 9.96 9.98 10.01 10.04 10.07 10.10 10.13 10.17 10.20 10.24 10.28 10.32 10.37 10.41 10.45 10.50 10.55 10.60 10.66 10.72 10.78 10.81 10.83 10.83 10.85 10.85 10.86 10.86 10.87 10.87 10.88 10.89 10.89 10.90 10.90 10.90 10.90 10.91
9.35 9.36 9.37 9.38 9.38 9.40 9.41 9.42 9.42 9.43 9.45 9.46 9.46 9.47 9.48 9.50 9.51 9.52 9.53 9.53 9.55 9.56 9.57 9.58 9.60 9.61 9.62 9.64 9.65 9.66 9.68 9.69 9.71 9.72 9.74 9.76 9.78 9.79 9.81 9.83 9.86 9.88 9.90 9.92 9.94 9.97 10.00 10.03 10.05 10.08 10.12 10.15 10.18 10.22 10.26 10.29 10.34 10.39 10.43 10.48 10.52 10.57 10.64 10.69 10.75 10.80 10.83 10.83 10.85 10.85 10.86 10.86 10.87 10.87 10.88 10.89 10.89 10.89 10.90 10.90 10.90 10.91
9.35 9.36 9.36 9.37 9.38 9.39 9.40 9.41 9.42 9.42 9.44 9.45 9.46 9.47 9.47 9.49 9.50 9.51 9.52 9.53 9.55 9.56 9.56 9.57 9.58 9.60 9.62 9.63 9.64 9.65 9.67 9.68 9.70 9.71 9.74 9.75 9.77 9.78 9.80 9.83 9.84 9.86 9.88 9.91 9.93 9.96 9.98 10.01 10.04 10.06 10.09 10.13 10.17 10.20 10.24 10.27 10.32 10.36 10.41 10.45 10.50 10.55 10.61 10.66 10.72 10.78 10.82 10.83 10.85 10.85 10.86 10.86 10.87 10.88 10.88 10.89 10.89 10.89 10.89 10.90 10.90 10.91
9.33 9.35 9.36 9.36 9.37 9.39 9.40 9.40 9.41 9.42 9.44 9.44 9.45 9.46 9.47 9.48 9.49 9.50 9.51 9.52 9.54 9.55 9.56 9.57 9.59 9.60 9.61 9.62 9.63 9.65 9.66 9.67 9.69 9.70 9.72 9.74 9.75 9.77 9.79 9.81 9.83 9.85 9.87 9.89 9.91 9.95 9.97 9.99 10.02 10.05 10.09 10.12 10.15 10.18 10.21 10.25 10.30 10.34 10.38 10.43 10.47 10.53 10.58 10.63 10.69 10.75 10.80 10.84 10.85 10.85 10.86 10.86 10.86 10.88 10.88 10.88 10.89 10.89 10.89 10.89 10.90 10.90
9.33 9.34 9.35 9.36 9.36 9.38 9.39 9.40 9.40 9.41 9.43 9.44 9.44 9.45 9.46 9.48 9.49 9.49 9.50 9.51 9.53 9.54 9.55 9.56 9.57 9.59 9.60 9.61 9.62 9.64 9.65 9.67 9.68 9.69 9.70 9.73 9.74 9.76 9.78 9.80 9.82 9.84 9.86 9.88 9.90 9.93 9.95 9.98 10.00 10.03 10.07 10.10 10.13 10.16 10.19 10.23 10.28 10.32 10.36 10.40 10.45 10.50 10.55 10.60 10.66 10.72 10.77 10.83 10.85 10.85 10.85 10.86 10.86 10.87 10.88 10.88 10.88 10.88 10.89 10.89 10.90 10.90
9.32 9.34 9.34 9.35 9.36 9.38 9.38 9.39 9.40 9.40 9.42 9.43 9.44 9.44 9.45 9.47 9.48 9.49 9.50 9.50 9.52 9.53 9.54 9.55 9.57 9.58 9.59 9.60 9.61 9.62 9.64 9.66 9.67 9.68 9.69 9.72 9.73 9.75 9.76 9.78 9.81 9.83 9.84 9.86 9.89 9.92 9.94 9.96 9.99 10.01 10.05 10.08 10.11 10.14 10.17 10.21 10.25 10.29 10.33 10.37 10.42 10.47 10.52 10.57 10.63 10.68 10.74 10.81 10.84 10.85 10.85 10.85 10.87 10.87 10.87 10.87 10.88 10.88 10.88 10.89 10.89 10.89
9.31 9.33 9.34 9.35 9.35 9.36 9.38 9.38 9.39 9.40 9.41 9.42 9.43 9.44 9.45 9.46 9.47 9.48 9.49 9.50 9.52 9.52 9.53 9.54 9.55 9.57 9.58 9.59 9.60 9.61 9.63 9.65 9.66 9.67 9.69 9.71 9.72 9.74 9.75 9.78 9.80 9.81 9.83 9.85 9.88 9.90 9.92 9.95 9.97 10.00 10.03 10.06 10.09 10.12 10.15 10.20 10.23 10.27 10.31 10.35 10.39 10.45 10.49 10.54 10.60 10.65 10.71 10.78 10.83 10.84 10.85 10.85 10.86 10.87 10.87 10.87 10.87 10.87 10.88 10.89 10.89 10.89
9.31 9.32 9.33 9.34 9.35 9.35 9.37 9.38 9.38 9.39 9.41 9.42 9.42 9.43 9.44 9.45 9.46 9.47 9.48 9.49 9.51 9.52 9.53 9.53 9.54 9.56 9.57 9.58 9.59 9.61 9.63 9.64 9.65 9.66 9.67 9.70 9.71 9.73 9.74 9.76 9.78 9.80 9.82 9.84 9.86 9.89 9.91 9.93 9.95 9.98 10.01 10.04 10.07 10.10 10.13 10.17 10.21 10.25 10.28 10.32 10.38 10.42 10.47 10.51 10.56 10.62 10.68 10.74 10.80 10.83 10.84 10.85 10.86 10.86 10.86 10.86 10.87 10.87 10.88 10.88 10.88 10.88
9.30 9.31 9.33 9.33 9.34 9.35 9.36 9.37 9.38 9.38 9.39 9.41 9.42 9.42 9.43 9.44 9.46 9.47 9.47 9.48 9.50 9.51 9.52 9.53 9.54 9.56 9.56 9.57 9.58 9.60 9.62 9.63 9.64 9.65 9.66 9.69 9.70 9.71 9.73 9.75 9.77 9.79 9.80 9.82 9.84 9.87 9.89 9.91 9.94 9.96 10.00 10.02 10.05 10.08 10.11 10.15 10.19 10.22 10.26 10.30 10.35 10.39 10.44 10.48 10.53 10.58 10.65 10.71 10.76 10.82 10.84 10.84 10.85 10.86 10.86 10.86 10.86 10.86 10.87 10.87 10.87 10.87
9.30 9.30 9.32 9.33 9.33 9.34 9.36 9.36 9.37 9.38 9.39 9.40 9.41 9.42 9.43 9.43 9.45 9.46 9.47 9.47 9.48 9.50 9.51 9.52 9.53 9.55 9.56 9.57 9.58 9.59 9.61 9.62 9.63 9.64 9.65 9.68 9.69 9.70 9.72 9.73 9.76 9.77 9.79 9.81 9.84 9.86 9.88 9.90 9.92 9.94 9.98 10.00 10.03 10.06 10.09 10.13 10.16 10.20 10.23 10.27 10.31 10.36 10.41 10.45 10.50 10.55 10.61 10.67 10.73 10.78 10.83 10.84 10.85 10.85 10.85 10.85 10.85 10.85 10.86 10.86 10.86 10.86
9.29 9.30 9.31 9.32 9.33 9.34 9.34 9.36 9.37 9.37 9.38 9.40 9.40 9.41 9.42 9.43 9.44 9.45 9.46 9.47 9.48 9.49 9.50 9.51 9.52 9.53 9.55 9.56 9.57 9.58 9.60 9.61 9.62 9.63 9.64 9.67 9.68 9.69 9.71 9.72 9.75 9.76 9.78 9.79 9.81 9.84 9.86 9.88 9.90 9.93 9.96 9.99 10.01 10.04 10.07 10.11 10.14 10.17 10.21 10.25 10.29 10.34 10.38 10.42 10.47 10.52 10.58 10.63 10.69 10.75 10.80 10.83 10.84 10.84 10.84 10.84 10.85 10.86 10.86 10.86 10.86 10.86
9.29 9.29 9.31 9.32 9.32 9.33 9.34 9.35 9.36 9.37 9.37 9.38 9.40 9.41 9.41 9.42 9.44 9.44 9.45 9.46 9.47 9.49 9.49 9.50 9.51 9.53 9.54 9.55 9.56 9.57 9.58 9.60 9.61 9.62 9.63 9.65 9.67 9.68 9.69 9.71 9.73 9.75 9.76 9.78 9.80 9.83 9.85 9.87 9.89 9.91 9.94 9.97 9.99 10.02 10.05 10.09 10.12 10.15 10.19 10.22 10.27 10.31 10.35 10.39 10.44 10.49 10.55 10.60 10.65 10.71 10.77 10.82 10.83 10.84 10.84 10.84 10.84 10.84 10.85 10.85 10.85 10.85
9.30 9.29 9.29 9.31 9.32 9.32 9.33 9.34 9.35 9.36 9.37 9.37 9.39 9.40 9.41 9.41 9.43 9.44 9.45 9.45 9.46 9.48 9.49 9.50 9.50 9.51 9.53 9.54 9.55 9.56 9.57 9.59 9.60 9.61 9.62 9.64 9.66 9.67 9.68 9.70 9.72 9.73 9.75 9.77 9.78 9.81 9.83 9.85 9.87 9.89 9.92 9.95 9.97 10.00 10.03 10.07 10.10 10.13 10.16 10.20 10.24 10.28 10.32 10.36 10.41 10.45 10.51 10.56 10.62 10.67 10.73 10.78 10.82 10.83 10.83 10.83 10.83 10.84 10.84 10.84 10.84 10.84
9.34 9.30 9.29 9.30 9.31 9.32 9.32 9.34 9.35 9.35 9.36 9.37 9.38 9.39 9.40 9.41 9.41 9.43 9.44 9.45 9.45 9.47 9.48 9.49 9.50 9.50 9.52 9.53 9.54 9.55 9.56 9.58 9.59 9.60 9.61 9.62 9.64 9.66 9.67 9.68 9.70 9.72 9.74 9.75 9.77 9.80 9.81 9.83 9.85 9.87 9.90 9.93 9.95 9.98 10.01 10.04 10.07 10.10 10.14 10.17 10.21 10.25 10.29 10.33 10.38 10.42 10.47 10.53 10.58 10.63 10.69 10.75 10.81 10.82 10.82 10.82 10.82 10.82 10.83 10.83 10.83 10.83
9.38 9.34 9.30 9.30 9.30 9.31 9.32 9.32 9.34 9.35 9.35 9.36 9.38 9.39 9.39 9.40 9.41 9.42 9.43 9.44 9.45 9.45 9.47 9.48 9.49 9.50 9.51 9.52 9.53 9.54 9.55 9.57 9.58 9.59 9.60 9.61 9.63 9.65 9.66 9.67 9.68 9.71 9.72 9.74 9.75 9.77 9.80 9.82 9.84 9.86 9.89 9.91 9.93 9.96 9.98 10.02 10.05 10.08 10.11 10.14 10.18 10.23 10.26 10.30 10.34 10.39 10.43 10.49 10.54 10.59 10.65 10.71 10.77 10.80 10.81 10.81 10.81 10.82 10.82 10.82 10.82 10.82
9.42 9.38 9.34 9.30 9.30 9.31 9.31 9.32 9.33 9.34 9.35 9.35 9.36 9.38 9.39 9.39 9.40 9.41 9.42 9.43 9.44 9.45 9.46 9.47 9.48 9.49 9.50 9.51 9.52 9.53 9.54 9.55 9.57 9.58 9.59 9.60 9.62 9.63 9.65 9.66 9.67 9.69 9.71 9.72 9.74 9.76 9.78 9.80 9.82 9.84 9.86 9.89 9.91 9.94 9.96 9.99 10.03 10.06 10.09 10.12 10.15 10.20 10.23 10.27 10.31 10.36 10.41 10.46 10.50 10.56 10.61 10.66 10.73 10.78 10.80 10.80 10.80 10.80 10.81 10.81 10.81 10.81
9.46 9.42 9.38 9.33 9.30 9.30 9.31 9.31 9.32 9.33 9.34 9.35 9.35 9.36 9.38 9.38 9.39 9.40 9.42 9.42 9.43 9.44 9.44 9.46 9.47 9.48 9.49 9.50 9.51 9.52 9.53 9.54 9.56 9.57 9.58 9.59 9.61 9.62 9.63 9.65 9.66 9.67 9.70 9.71 9.72 9.74 9.77 9.78 9.80 9.82 9.84 9.87 9.90 9.92 9.94 9.97 10.00 10.03 10.06 10.09 10.13 10.16 10.21 10.24 10.28 10.32 10.38 10.42 10.47 10.52 10.57 10.62 10.69 10.75 10.78 10.79 10.79 10.79 10.80 10.80 10.80 10.79
9.48 9.46 9.41 9.37 9.33 9.31 9.30 9.31 9.31 9.33 9.33 9.34 9.35 9.35 9.37 9.38 9.38 9.39 9.40 9.42 9.42 9.43 9.44 9.45 9.46 9.47 9.48 9.49 9.50 9.51 9.52 9.53 9.55 9.56 9.57 9.58 9.59 9.61 9.62 9.63 9.64 9.66 9.68 9.70 9.71 9.73 9.75 9.77 9.79 9.80 9.82 9.84 9.88 9.90 9.92 9.95 9.97 10.01 10.04 10.07 10.10 10.13 10.18 10.21 10.25 10.29 10.33 10.39 10.43 10.48 10.53 10.58 10.64 10.70 10.75 10.78 10.78 10.78 10.79 10.78 10.78 10.78
9.52 9.49 9.45 9.41 9.37 9.34 9.31 9.30 9.31 9.31 9.33 9.33 9.34 9.35 9.36 9.37 9.38 9.38 9.39 9.41 9.41 9.42 9.43 9.44 9.45 9.46 9.47 9.48 9.49 9.50 9.51 9.52 9.53 9.55 9.56 9.57 9.58 9.60 9.61 9.62 9.63 9.64 9.67 9.68 9.70 9.71 9.73 9.75 9.77 9.79 9.81 9.83 9.86 9.88 9.90 9.92 9.95 9.99 10.01 10.04 10.07 10.10 10.15 10.18 10.22 10.26 10.30 10.35 10.39 10.44 10.49 10.54 10.60 10.66 10.72 10.76 10.77 10.77 10.77 10.77 10.77 10.77
9.55 9.52 9.48 9.45 9.40 9.36 9.33 9.30 9.30 9.31 9.32 9.33 9.33 9.34 9.35 9.36 9.37 9.38 9.38 9.40 9.41 9.41 9.42 9.43 9.44 9.45 9.46 9.47 9.48 9.49 9.50 9.51 9.52 9.54 9.55 9.55 9.56 9.59 9.60 9.61 9.62 9.63 9.65 9.67 9.68 9.69 9.71 9.74 9.75 9.77 9.79 9.81 9.84 9.86 9.88 9.90 9.93 9.96 9.99 10.02 10.05 10.08 10.12 10.15 10.19 10.23 10.26 10.32 10.36 10.40 10.45 10.50 10.55 10.61 10.67 10.72 10.75 10.75 10.76 10.76 10.76 10.76
9.58 9.54 9.52 9.48 9.44 9.40 9.36 9.33 9.30 9.30 9.30 9.32 9.33 9.33 9.34 9.36 9.36 9.37 9.37 9.39 9.40 9.40 9.41 9.42 9.44 9.44 9.45 9.46 9.46 9.48 9.49 9.50 9.51 9.52 9.53 9.54 9.55 9.56 9.58 9.59 9.61 9.62 9.63 9.65 9.66 9.68 9.69 9.72 9.73 9.75 9.77 9.79 9.82 9.84 9.86 9.88 9.90 9.94 9.96 9.99 10.02 10.05 10.09 10.12 10.16 10.19 10.23 10.27 10.32 10.37 10.41 10.46 10.51 10.57 10.63 10.68 10.73 10.74 10.74 10.75 10.75 10.74
9.60 9.57 9.53 9.51 9.47 9.43 9.39 9.36 9.32 9.30 9.30 9.30 9.32 9.33 9.33 9.34 9.35 9.36 9.37 9.37 9.39 9.40 9.40 9.41 9.42 9.43 9.44 9.45 9.45 9.47 9.48 9.49 9.50 9.50 9.52 9.53 9.54 9.55 9.56 9.58 9.59 9.60 9.61 9.64 9.65 9.66 9.68 9.69 9.72 9.73 9.75 9.77 9.79 9.82 9.84 9.86 9.88 9.90 9.94 9.97 9.99 10.02 10.05 10.09 10.13 10.16 10.20 10.24 10.29 10.33 10.37 10.42 10.47 10.53 10.58 10.63 10.69 10.72 10.73 10.74 10.73 10.73
9.63 9.59 9.56 9.54 9.50 9.46 9.42 9.39 9.35 9.32 9.30 9.30 9.31 9.32 9.32 9.33 9.35 9.35 9.36 9.36 9.37 9.39 9.39 9.40 9.41 9.41 9.43 9.44 9.44 9.45 9.47 9.48 9.48 9.49 9.51 9.52 9.53 9.54 9.55 9.57 9.58 9.59 9.60 9.61 9.63 9.65 9.66 9.67 9.69 9.72 9.73 9.75 9.77 9.80 9.82 9.84 9.86 9.88 9.91 9.94 9.97 9.99 10.02 10.05 10.10 10.13 10.17 10.20 10.24 10.29 10.33 10.38 10.42 10.47 10.53 10.59 10.64 10.69 10.71 10.71 10.72 10.72
