main/data/pressure/01.11.2023.grid
ncols 886
nrows 691
xllcenter 112.0000
yllcenter -44.5000
cellsize 0.0500
nodata_value 99999.90
[rows 396 to 431 of 691, columns 82 to 163 of 886]
12.32 12.13 12.21 12.21 12.09 11.86 11.75 11.64 11.42 11.20 10.91 11.04 11.02 11.00 10.95 10.79 10.80 10.77 10.66 10.73 10.76 10.82 11.04 11.34 11.58 11.79 12.04 12.28 12.41 12.59 12.79 12.85 13.01 13.35 13.51 13.61 13.74 13.88 13.96 14.04 14.12 14.17 14.25 14.31 14.19 13.91 13.60 13.25 12.87 12.64 12.41 12.25 12.10 11.93 11.73 11.55 11.41 11.29 11.13 10.97 10.88 10.79 10.71 10.70 10.68 10.66 10.66 10.68 10.64 10.62 10.62 10.61 10.62 10.67 10.62 10.52 10.33 10.23 10.43 10.43 10.38 10.42
12.19 12.08 12.22 12.15 11.91 11.76 11.69 11.54 11.30 11.16 10.97 11.05 10.97 10.97 10.91 10.77 10.76 10.85 10.77 10.77 10.80 10.72 10.99 11.26 11.49 11.69 11.94 12.34 12.53 12.75 12.96 13.18 13.37 13.50 13.53 13.65 13.77 13.97 14.06 14.09 14.19 14.24 14.35 14.46 14.35 14.10 13.82 13.45 13.11 12.78 12.49 12.31 12.10 11.93 11.84 11.70 11.59 11.47 11.28 11.06 11.00 10.92 10.77 10.76 10.75 10.72 10.72 10.68 10.55 10.57 10.64 10.64 10.66 10.69 10.67 10.59 10.44 10.34 10.42 10.43 10.40 10.42
12.16 12.19 12.16 12.04 11.80 11.66 11.56 11.40 11.20 11.09 11.00 10.77 10.87 10.93 10.93 10.86 10.80 10.88 10.80 10.79 10.94 10.97 11.11 11.28 11.54 11.80 12.03 12.36 12.63 12.84 13.06 13.27 13.49 13.68 13.76 13.81 13.88 14.11 14.27 14.31 14.36 14.37 14.48 14.63 14.52 14.27 14.01 13.62 13.15 12.92 12.67 12.51 12.34 12.17 12.03 11.88 11.76 11.62 11.46 11.29 11.21 11.12 11.01 10.87 10.78 10.73 10.70 10.64 10.59 10.65 10.67 10.64 10.66 10.66 10.66 10.66 10.63 10.48 10.39 10.38 10.44 10.44
12.19 12.13 12.00 11.69 11.64 11.55 11.39 11.27 11.20 11.13 10.98 10.79 10.82 10.88 10.92 10.89 10.92 10.91 10.84 10.86 11.13 11.18 11.31 11.29 11.57 11.90 12.20 12.51 12.72 12.90 13.17 13.38 13.62 13.76 14.04 14.07 14.10 14.30 14.48 14.57 14.57 14.54 14.63 14.83 14.73 14.47 14.18 13.84 13.49 13.16 12.92 12.81 12.60 12.40 12.22 12.06 11.90 11.71 11.53 11.38 11.28 11.20 11.15 10.92 10.73 10.70 10.70 10.63 10.70 10.70 10.53 10.61 10.69 10.66 10.69 10.74 10.70 10.57 10.44 10.44 10.53 10.52
11.90 11.94 11.91 11.72 11.59 11.47 11.31 11.24 11.23 11.08 10.91 10.73 10.84 10.93 10.96 10.92 10.92 11.01 11.04 11.13 11.22 11.30 11.36 11.41 11.55 11.77 12.12 12.56 12.87 13.07 13.23 13.51 13.79 13.91 14.22 14.34 14.39 14.49 14.65 14.78 14.86 14.82 14.89 14.98 14.88 14.64 14.37 14.08 13.68 13.35 13.22 12.89 12.67 12.53 12.27 12.15 12.02 11.81 11.54 11.29 11.21 11.13 11.07 10.96 10.50 10.76 10.80 10.65 10.66 10.62 10.29 10.66 10.78 10.79 10.80 10.79 10.76 10.65 10.39 10.42 10.57 10.61
11.68 11.75 11.79 11.58 11.53 11.39 11.28 11.29 11.28 11.18 11.00 10.83 10.91 10.98 11.00 10.99 10.98 11.13 11.22 11.29 11.25 11.43 11.52 11.62 11.77 12.02 12.40 12.79 13.08 13.25 13.41 13.67 13.95 14.09 14.27 14.55 14.64 14.69 14.75 14.90 15.11 15.10 15.16 15.16 15.08 14.83 14.52 14.31 13.93 13.58 13.44 13.01 12.80 12.57 12.18 12.19 12.01 11.99 11.71 11.45 11.43 11.41 11.32 11.16 10.95 10.99 10.88 10.66 10.69 10.79 10.75 10.88 10.81 10.84 10.74 10.65 10.74 10.67 10.31 10.28 10.55 10.60
11.56 11.57 11.64 11.48 11.49 11.31 11.29 11.39 11.25 11.07 11.12 10.94 10.98 10.97 11.07 11.14 11.19 11.22 11.38 11.48 11.51 11.74 11.88 12.04 12.15 12.28 12.68 13.02 13.29 13.49 13.65 13.78 14.12 14.30 14.21 14.60 14.91 15.00 15.02 15.10 15.25 15.38 15.45 15.46 15.41 15.16 14.85 14.57 14.18 13.88 13.62 13.23 12.97 12.72 12.24 12.21 12.08 12.10 11.93 11.72 11.67 11.56 11.40 11.22 11.01 11.07 10.93 10.70 10.77 10.86 10.92 10.76 10.79 10.80 10.66 10.56 10.72 10.71 10.52 10.39 10.49 10.55
11.47 11.44 11.60 11.59 11.47 11.37 11.41 11.40 11.41 11.32 11.25 11.15 11.09 11.03 11.16 11.26 11.34 11.25 11.45 11.74 11.81 11.99 12.03 12.14 12.34 12.59 12.94 13.26 13.54 13.77 13.98 14.14 14.34 14.49 14.60 14.79 15.07 15.24 15.30 15.25 15.34 15.43 15.58 15.68 15.64 15.48 15.16 14.80 14.40 14.12 13.78 13.48 13.10 12.84 12.64 12.49 12.35 12.26 12.08 11.92 11.69 11.44 11.49 11.39 11.21 11.16 11.00 10.75 10.73 10.70 10.92 10.81 10.77 10.76 10.71 10.61 10.73 10.76 10.50 10.59 10.39 10.66
11.42 11.38 11.45 11.44 11.35 11.36 11.35 11.29 11.48 11.45 11.34 11.29 11.29 11.30 11.34 11.34 11.39 11.41 11.71 11.99 12.13 12.27 12.33 12.38 12.58 12.94 13.27 13.56 13.81 14.03 14.24 14.50 14.60 14.55 14.74 14.93 15.14 15.23 15.40 15.43 15.42 15.50 15.62 15.70 15.71 15.64 15.45 15.06 14.59 14.44 13.97 13.53 13.26 13.07 12.91 12.71 12.51 12.36 12.17 11.93 11.64 11.41 11.14 11.10 11.30 11.22 11.07 10.99 10.78 10.88 10.92 10.88 10.71 10.67 10.76 10.59 10.61 10.71 10.71 10.70 10.76 10.79
11.33 11.31 11.41 11.49 11.49 11.44 11.39 11.40 11.64 11.50 11.43 11.41 11.55 11.60 11.65 11.59 11.62 11.74 12.05 12.28 12.44 12.61 12.74 12.83 13.01 13.33 13.57 13.82 14.08 14.26 14.38 14.56 14.86 14.84 14.94 15.12 15.35 15.37 15.41 15.46 15.47 15.58 15.65 15.70 15.71 15.66 15.61 15.39 15.00 14.57 14.21 13.72 13.60 13.31 12.94 12.68 12.46 12.38 12.28 12.04 11.79 11.54 11.17 10.63 10.85 11.15 11.09 10.96 10.94 10.88 10.76 10.78 10.71 10.65 10.63 10.57 10.71 10.74 10.73 10.51 10.70 10.73
11.49 11.40 11.50 11.55 11.52 11.55 11.54 11.46 11.77 11.75 11.70 11.69 11.78 11.86 11.99 12.06 12.09 12.00 12.34 12.58 12.71 12.87 13.10 13.19 13.33 13.56 13.76 14.03 14.35 14.56 14.72 14.78 14.92 15.11 15.28 15.37 15.43 15.56 15.65 15.65 15.66 15.76 15.77 15.74 15.71 15.56 15.58 15.57 15.22 14.87 14.52 13.97 13.62 13.29 12.93 12.66 12.49 12.45 12.36 12.16 11.96 11.78 11.50 11.26 11.36 11.28 11.13 10.89 10.92 10.76 10.63 10.64 10.38 10.59 10.59 10.56 10.42 10.59 10.72 10.69 10.70 10.71
11.62 11.53 11.58 11.62 11.57 11.70 11.81 11.87 11.98 11.88 11.93 11.83 12.12 12.25 12.34 12.35 12.42 12.53 12.62 12.84 12.94 13.08 13.41 13.59 13.71 13.85 14.07 14.24 14.60 14.80 14.92 14.93 15.06 15.29 15.41 15.41 15.38 15.52 15.70 15.79 15.82 15.79 15.80 15.78 15.73 15.54 15.55 15.61 15.40 15.19 14.84 14.28 13.94 13.64 13.21 12.97 12.68 12.61 12.45 12.24 12.07 11.91 11.78 11.60 11.54 11.44 11.31 11.12 10.98 10.79 10.41 10.36 9.87 10.71 10.70 10.62 10.47 10.47 10.63 10.69 10.62 10.62
11.61 11.57 11.67 11.80 11.87 11.86 12.04 12.12 12.15 12.13 12.13 12.21 12.42 12.56 12.57 12.48 12.64 12.74 12.86 13.06 13.23 13.46 13.67 13.80 14.03 14.15 14.41 14.62 14.83 15.00 15.09 15.13 15.29 15.44 15.57 15.63 15.61 15.62 15.63 15.62 15.68 15.76 15.74 15.68 15.66 15.61 15.43 15.48 15.52 15.42 15.06 14.52 14.24 13.92 13.47 13.04 12.93 12.73 12.49 12.21 12.05 11.84 11.68 11.57 11.46 11.36 11.30 11.16 11.09 11.08 10.63 10.12 10.78 10.83 10.70 10.59 10.42 10.62 10.57 10.62 10.60 10.56
11.64 11.62 11.68 11.91 12.07 12.10 12.19 12.16 12.28 12.41 12.46 12.60 12.75 12.87 12.95 12.98 13.03 13.08 13.10 13.29 13.57 13.81 13.95 14.12 14.22 14.24 14.62 14.84 15.02 15.10 15.33 15.43 15.48 15.49 15.71 15.76 15.75 15.70 15.56 15.48 15.61 15.77 15.65 15.49 15.49 15.63 15.36 15.34 15.39 15.37 15.22 14.84 14.51 14.14 13.75 13.39 13.08 12.78 12.47 12.21 12.03 11.76 11.55 11.45 11.30 11.22 11.18 11.25 11.23 11.11 10.87 10.88 10.96 10.79 10.73 10.67 10.64 10.88 10.72 10.64 10.67 10.75
11.74 11.79 11.99 12.09 12.21 12.30 12.37 12.29 12.36 12.57 12.74 12.90 13.05 13.04 13.12 13.13 13.29 13.28 13.33 13.56 13.84 14.05 14.06 14.26 14.35 14.41 14.68 14.90 15.05 15.18 15.38 15.53 15.57 15.53 15.66 15.80 15.70 15.65 15.58 15.68 15.78 15.74 15.51 15.36 15.33 15.50 15.45 15.31 15.19 15.11 14.96 14.97 14.61 14.04 13.68 13.36 12.95 12.69 12.42 12.03 11.91 11.70 11.58 11.61 11.33 11.33 11.36 11.38 11.27 11.20 11.12 11.09 10.93 10.82 10.95 10.79 10.62 10.78 10.86 10.61 10.62 10.54
11.90 11.98 12.12 12.21 12.31 12.42 12.52 12.59 12.56 12.77 12.98 13.15 13.28 13.40 13.37 13.43 13.61 13.71 13.74 13.79 14.08 14.25 14.30 14.26 14.46 14.71 14.83 14.94 15.03 15.10 15.49 15.63 15.61 15.55 15.76 15.81 15.73 15.67 15.63 15.64 15.65 15.67 15.53 15.36 15.34 15.31 15.34 15.28 15.10 15.02 14.87 14.78 14.46 13.89 13.52 13.20 12.70 12.52 12.38 12.16 12.01 11.76 11.65 11.69 11.41 11.51 11.54 11.48 11.38 11.30 11.25 11.09 10.97 10.84 10.97 10.93 10.75 10.80 11.00 10.83 10.78 10.64
12.02 12.10 12.17 12.28 12.38 12.46 12.57 12.77 12.84 13.04 13.20 13.27 13.38 13.61 13.64 13.75 13.94 13.95 14.06 14.08 14.04 14.30 14.46 14.46 14.65 14.88 15.14 15.11 15.05 15.32 15.56 15.51 15.49 15.50 15.62 15.79 15.67 15.62 15.57 15.44 15.46 15.58 15.43 15.30 15.21 15.14 14.97 15.04 14.99 14.89 14.58 14.35 14.11 13.71 13.43 13.25 12.92 12.53 12.33 12.21 12.14 11.86 11.73 11.74 11.63 11.60 11.59 11.51 11.26 11.33 11.33 11.21 11.04 10.91 11.05 11.08 10.94 10.85 11.01 11.04 10.94 10.81
12.06 11.75 12.19 12.30 12.36 12.46 12.73 12.89 12.97 13.11 13.39 13.50 13.51 13.71 13.88 14.00 14.10 14.09 14.17 14.30 14.36 14.42 14.48 14.64 14.85 15.10 15.19 15.18 15.27 15.31 15.32 15.35 15.43 15.42 15.48 15.72 15.58 15.62 15.54 15.39 15.16 15.40 15.35 15.18 15.07 15.02 14.92 14.89 14.78 14.60 14.33 14.00 13.77 13.50 13.33 13.17 12.91 12.43 12.29 12.16 12.08 11.79 11.68 11.73 11.74 11.66 11.54 11.60 11.50 11.43 11.28 11.06 10.93 10.95 11.10 11.17 11.11 10.96 11.09 11.13 10.90 10.94
12.10 12.18 12.16 12.26 12.42 12.58 12.80 12.98 13.10 13.29 13.55 13.67 13.69 13.91 14.08 14.19 14.28 14.35 14.49 14.52 14.52 14.44 14.61 14.74 14.98 15.22 15.16 15.21 15.37 15.37 15.36 15.35 15.37 15.43 15.53 15.57 15.62 15.56 15.40 15.28 15.05 15.10 15.20 14.98 14.89 14.90 14.83 14.53 14.49 14.01 13.79 13.58 13.42 13.26 13.12 13.05 12.76 12.15 12.28 12.10 12.00 11.84 11.79 11.73 11.65 11.59 11.48 11.46 11.57 11.41 11.25 11.10 10.99 11.03 11.00 11.08 11.23 11.14 11.19 11.11 11.04 10.94
12.02 12.06 12.08 12.34 12.61 12.74 12.88 13.06 13.25 13.52 13.66 13.82 13.96 14.09 14.21 14.31 14.39 14.43 14.35 14.57 14.61 14.43 14.75 14.75 15.06 15.23 15.24 15.37 15.33 15.33 15.37 15.30 15.24 15.21 15.22 15.35 15.46 15.35 15.21 15.16 14.83 14.74 14.96 14.87 14.79 14.70 14.52 14.02 14.07 13.76 13.49 13.19 13.12 13.14 12.95 12.82 12.67 12.20 11.95 12.05 11.95 11.75 11.66 11.62 11.40 11.38 11.43 11.18 11.51 11.42 11.27 11.24 11.21 11.22 11.14 11.20 11.24 11.19 11.24 11.22 11.09 11.01
11.87 11.99 12.03 12.21 12.68 12.81 12.94 13.12 13.32 13.54 13.39 13.55 13.86 13.99 14.10 14.30 14.38 14.41 14.39 14.51 14.57 14.54 14.69 14.97 15.12 14.99 15.07 15.31 15.27 15.22 15.24 15.26 15.20 15.08 15.04 15.15 15.20 15.20 15.05 14.81 14.57 14.58 14.75 14.69 14.57 14.41 14.19 13.86 13.61 13.30 12.97 13.01 12.92 12.81 12.75 12.53 12.42 12.20 11.82 11.95 11.79 11.58 11.33 11.29 11.33 11.20 11.33 11.42 11.46 11.30 11.09 11.31 11.36 11.29 11.15 11.30 11.17 11.22 11.27 11.26 11.18 11.07
11.94 12.10 12.33 12.54 12.71 12.87 13.01 13.10 13.11 13.45 13.33 13.19 13.78 13.90 13.76 14.22 14.33 14.40 14.44 14.53 14.46 14.61 14.73 14.92 15.01 14.91 15.05 15.23 15.09 15.03 15.13 15.18 15.18 15.02 14.90 14.93 14.95 14.99 14.79 14.47 14.19 14.34 14.50 14.43 14.26 14.05 13.80 13.51 13.34 13.04 12.84 12.69 12.67 12.60 12.49 12.35 12.19 12.06 11.80 11.51 11.62 11.49 11.31 11.02 11.12 11.06 11.24 11.39 11.32 10.63 11.04 11.36 11.41 11.37 11.32 11.29 11.28 11.34 11.33 11.18 11.21 11.11
11.87 12.08 12.38 12.57 12.68 12.80 12.92 13.05 13.11 13.36 13.45 13.52 13.73 13.84 13.85 14.05 14.10 14.07 14.37 14.42 14.34 14.47 14.75 14.86 14.91 14.92 15.00 15.08 14.96 14.97 15.03 15.05 15.00 14.85 14.75 14.74 14.75 14.77 14.57 14.31 14.12 14.18 14.24 14.15 13.96 13.71 13.38 13.16 13.09 12.90 12.61 12.18 12.19 12.18 12.15 12.08 11.90 11.68 11.54 11.07 11.24 11.30 11.20 10.97 10.95 11.06 11.26 11.30 11.15 11.05 11.07 11.21 11.32 11.19 11.13 11.32 11.35 11.24 11.33 11.30 11.28 11.16
11.79 12.03 12.36 12.52 12.43 12.56 12.81 12.93 13.02 13.31 13.50 13.66 13.75 13.74 13.63 13.81 14.06 13.99 14.07 14.34 14.37 14.41 14.55 14.72 14.78 14.84 14.87 14.88 14.82 14.87 14.90 14.87 14.78 14.61 14.48 14.23 14.51 14.51 14.30 13.99 13.83 13.97 13.95 13.86 13.62 13.31 13.09 12.89 12.80 12.72 12.42 12.21 12.18 11.97 11.91 11.67 11.63 11.43 11.22 10.86 10.90 11.07 10.91 10.78 10.97 11.08 11.19 11.21 11.20 11.25 11.25 11.31 11.27 11.12 11.09 11.33 11.32 11.14 11.18 11.20 11.14 11.29
11.95 12.22 12.36 12.39 12.49 12.54 12.75 12.76 12.84 13.13 13.18 13.37 13.67 13.59 13.65 13.81 13.93 13.87 13.94 14.07 14.31 14.40 14.49 14.52 14.60 14.63 14.64 14.56 14.64 14.67 14.64 14.59 14.49 14.29 14.17 14.29 14.36 14.05 14.02 13.68 13.47 13.69 13.69 13.48 13.20 13.00 12.96 12.77 12.59 12.48 12.30 12.15 12.03 11.84 11.58 11.36 11.13 10.96 10.84 10.76 10.77 10.69 10.63 10.71 10.91 11.00 11.08 11.05 11.08 11.14 11.19 11.21 11.26 11.26 11.28 11.32 11.36 11.31 11.37 11.21 11.13 11.21
11.85 12.04 12.22 11.91 12.28 12.51 12.65 12.69 12.73 12.85 13.01 13.33 13.54 13.57 13.61 13.79 13.86 13.88 13.82 13.94 14.11 14.20 14.20 14.28 14.37 14.39 14.42 14.27 14.30 14.29 14.30 14.29 14.25 14.12 14.05 14.11 14.03 13.53 13.46 13.55 13.19 13.54 13.44 13.09 12.98 12.78 12.72 12.54 12.41 12.26 12.11 11.79 11.54 11.49 11.24 11.06 10.82 10.52 10.18 10.31 10.39 10.43 10.46 10.56 10.71 10.85 10.94 10.79 10.81 10.93 11.04 11.21 11.24 11.23 11.32 11.24 11.11 11.13 11.26 11.32 11.37 11.34
11.74 11.60 11.81 11.91 12.01 12.27 12.33 12.66 12.72 12.71 12.94 13.21 13.43 13.38 13.36 13.48 13.56 13.57 13.77 13.85 13.73 13.80 13.97 14.05 14.03 14.05 14.09 14.17 14.04 13.95 13.91 14.00 14.01 13.97 13.95 13.90 13.79 13.49 13.29 13.36 13.38 13.31 12.99 12.84 12.85 12.65 12.49 12.35 12.20 12.03 11.69 11.46 11.03 10.96 10.94 10.86 10.61 10.26 10.04 9.99 10.05 10.02 10.26 10.18 10.46 10.74 10.84 10.76 10.67 10.63 10.84 11.03 11.18 11.21 11.23 11.13 10.97 10.93 11.07 11.19 11.25 11.32
11.71 11.63 11.75 11.75 11.97 12.16 12.28 12.44 12.58 12.67 12.74 12.95 13.27 13.28 13.29 13.31 13.44 13.46 13.50 13.55 13.62 13.47 13.75 13.63 13.68 13.72 13.65 13.72 13.77 13.72 13.48 13.72 13.74 13.73 13.69 13.67 13.57 13.24 13.21 13.28 13.11 12.87 12.61 12.58 12.55 12.44 12.28 12.12 11.94 11.76 11.45 11.03 10.85 10.66 10.59 10.55 10.44 10.16 9.89 9.59 9.68 9.82 10.11 10.15 10.49 10.61 10.69 10.64 10.60 10.65 10.77 10.90 11.19 11.20 11.15 11.12 11.07 10.96 11.02 11.12 11.16 11.19
11.72 11.74 11.47 11.58 11.90 11.87 12.18 12.40 12.36 12.53 12.76 12.87 13.08 13.18 13.13 13.07 13.29 13.38 13.39 13.35 13.54 13.48 13.45 13.46 13.55 13.67 13.57 13.55 13.48 13.59 13.52 13.42 13.48 13.45 13.46 13.45 13.34 13.05 13.00 13.09 12.74 12.49 12.39 12.27 12.13 12.10 11.94 11.83 11.49 11.48 11.30 10.97 10.76 10.39 10.27 10.27 10.21 9.98 9.66 9.38 9.50 9.71 9.97 10.12 10.37 10.49 10.48 10.48 10.47 10.61 10.78 10.94 11.14 11.20 11.14 11.12 11.15 11.04 10.98 11.06 11.04 11.07
11.85 11.77 11.57 11.56 11.61 11.76 12.13 12.34 12.42 12.49 12.59 12.79 12.85 13.11 13.08 13.04 12.98 13.17 13.31 13.36 13.42 13.40 13.38 13.45 13.54 13.61 13.60 13.46 13.53 13.41 13.29 13.23 13.27 13.21 13.16 13.23 13.17 13.05 12.96 12.82 12.47 12.26 12.25 12.07 11.83 11.79 11.61 11.48 11.29 11.19 11.10 10.87 10.65 10.21 9.96 10.03 10.01 9.80 9.49 9.37 9.49 9.62 9.95 10.11 10.23 10.38 10.31 10.42 10.38 10.71 10.82 10.97 11.13 11.14 11.02 10.90 11.14 11.05 10.92 10.98 10.89 11.04
11.92 11.96 11.92 11.67 11.30 11.73 11.95 12.28 12.48 12.36 12.47 12.54 12.70 12.99 12.93 12.87 12.91 13.03 13.16 13.19 13.19 13.25 13.37 13.43 13.47 13.30 13.34 13.33 13.25 13.21 13.03 13.04 13.05 12.99 13.00 13.02 12.97 12.84 12.82 12.38 12.24 12.16 12.16 11.97 11.77 11.58 11.40 11.21 11.03 10.99 10.91 10.69 10.42 10.17 9.92 9.90 9.79 9.52 9.30 9.17 9.34 9.61 9.69 9.81 9.99 10.27 10.34 10.44 10.39 10.63 10.80 10.99 10.99 11.00 11.05 10.96 11.03 10.99 10.92 10.98 11.02 11.12
11.96 11.68 11.67 11.57 11.46 11.62 11.89 12.16 12.48 12.41 12.43 12.41 12.63 12.85 12.86 12.67 12.99 13.02 13.01 12.87 12.89 12.96 13.14 13.26 13.31 13.35 13.18 13.14 13.22 13.22 13.08 12.93 12.87 12.70 12.76 12.83 12.79 12.74 12.67 12.47 12.28 12.16 12.00 11.76 11.62 11.37 11.19 11.05 10.93 10.89 10.67 10.50 10.28 10.03 9.80 9.79 9.65 9.30 9.14 9.08 9.19 9.42 9.51 9.51 9.80 10.16 10.14 10.38 10.36 10.56 10.76 10.93 10.89 11.05 11.09 11.04 10.92 10.96 11.01 11.06 11.14 11.20
11.94 11.60 11.63 11.57 11.71 11.59 11.89 12.24 12.40 12.32 12.41 12.49 12.65 12.87 12.75 12.93 12.89 12.91 12.93 12.91 12.82 12.72 12.91 12.99 13.02 13.19 13.22 13.19 13.15 13.00 12.90 12.73 12.62 12.46 12.61 12.67 12.56 12.46 12.44 12.44 12.26 12.09 11.80 11.47 11.18 11.12 10.93 10.89 10.77 10.77 10.51 10.29 10.13 9.85 9.64 9.71 9.53 9.19 8.94 8.98 9.12 9.34 9.49 9.58 9.84 10.08 10.17 10.30 10.27 10.51 10.76 10.88 10.98 11.15 11.13 11.10 11.07 10.96 11.01 11.10 11.17 11.19
11.96 11.80 11.67 11.80 11.46 11.67 12.24 12.44 12.31 11.86 12.30 12.59 12.79 12.61 12.80 12.79 12.88 12.89 12.89 12.80 12.80 12.87 12.93 12.91 12.71 13.01 13.14 13.14 13.14 12.88 12.76 12.56 12.58 12.52 12.56 12.42 12.26 12.28 12.32 12.32 12.21 11.99 11.74 11.48 11.21 11.13 10.86 10.79 10.70 10.68 10.45 10.17 10.00 9.73 9.63 9.59 9.43 9.30 9.07 9.05 9.14 9.25 9.34 9.48 9.82 10.01 10.21 10.43 10.34 10.52 10.69 10.79 11.10 11.06 11.06 10.98 11.00 10.97 11.02 11.13 11.22 11.18
12.01 11.54 11.56 11.99 11.61 11.79 11.82 12.50 12.40 12.15 12.44 12.62 12.81 12.80 12.76 12.62 12.60 12.76 12.84 12.87 12.90 12.86 12.80 12.80 12.82 12.86 12.94 13.12 13.08 12.88 12.68 12.58 12.55 12.54 12.52 12.37 12.27 12.35 12.34 12.26 12.18 11.99 11.80 11.54 11.32 11.16 10.91 10.73 10.63 10.62 10.42 10.06 9.92 9.62 9.60 9.51 9.15 9.22 9.16 9.11 9.08 9.15 9.30 9.48 9.81 9.96 10.08 10.22 10.26 10.55 10.76 10.95 11.12 11.13 11.05 10.95 10.95 10.94 11.14 11.21 11.25 11.21
11.91 12.16 12.00 12.21 12.36 12.38 12.49 12.56 12.53 12.47 12.54 12.75 12.69 12.56 12.74 12.63 12.64 12.73 12.70 12.93 12.94 12.82 12.81 12.91 12.96 12.91 12.82 13.10 13.00 12.87 12.62 12.67 12.78 12.67 12.61 12.44 12.44 12.49 12.41 12.35 12.16 11.96 11.78 11.59 11.40 11.19 10.94 10.68 10.50 10.51 10.48 10.27 10.00 9.54 9.50 9.51 9.34 9.30 9.26 9.18 8.99 9.05 9.27 9.58 9.84 9.98 10.08 10.20 10.31 10.45 10.74 11.00 10.93 11.05 11.11 10.98 10.86 10.90 11.16 11.22 11.28 11.26
