main/data/pressure/03.01.2023.grid
ncols 886
nrows 691
xllcenter 112.0000
yllcenter -44.5000
cellsize 0.0500
nodata_value 99999.90
[rows 315 to 349 of 691, columns 468 to 545 of 886]
19.88 20.01 20.15 20.29 20.47 20.62 20.78 20.98 21.14 21.33 21.55 21.76 21.96 22.20 22.44 22.65 22.92 23.18 23.44 23.70 23.96 24.27 24.58 24.88 25.14 25.46 25.80 26.09 26.39 26.73 27.04 27.34 27.68 28.02 28.18 28.58 28.89 29.28 29.63 29.91 30.17 30.45 30.70 31.00 31.24 31.38 31.62 31.82 31.97 32.11 32.27 32.31 32.31 32.34 32.36 32.30 32.15 31.98 31.81 31.57 31.25 30.90 30.51 30.08 29.63 29.16 28.79 28.74 28.75 28.75 28.73 28.70 28.67 28.65 28.61 28.53 28.43 28.34
19.58 19.71 19.85 20.00 20.16 20.32 20.48 20.65 20.85 21.05 21.26 21.45 21.64 21.87 22.10 22.34 22.58 22.81 23.09 23.36 23.59 23.86 24.21 24.52 24.78 25.08 25.42 25.73 26.07 26.37 26.67 26.96 27.29 27.59 27.82 28.16 28.48 28.84 29.18 29.48 29.75 30.02 30.27 30.54 30.81 30.97 31.18 31.38 31.48 31.61 31.77 31.87 31.87 31.93 31.90 31.80 31.60 31.46 31.29 31.03 30.70 30.33 29.95 29.52 29.04 28.55 28.24 28.21 28.22 28.22 28.22 28.19 28.16 28.13 28.08 27.99 27.88 27.82
19.28 19.42 19.56 19.71 19.87 19.99 20.18 20.35 20.52 20.72 20.94 21.14 21.37 21.56 21.78 21.99 22.26 22.54 22.74 23.02 23.27 23.53 23.84 24.14 24.42 24.71 25.03 25.33 25.63 25.94 26.27 26.55 26.85 27.19 27.47 27.79 28.11 28.44 28.77 29.04 29.31 29.59 29.83 30.09 30.36 30.49 30.66 30.93 31.03 31.14 31.30 31.40 31.41 31.45 31.42 31.31 31.15 30.97 30.78 30.52 30.20 29.83 29.43 28.98 28.49 28.00 27.72 27.70 27.70 27.70 27.72 27.70 27.68 27.63 27.59 27.50 27.41 27.36
19.00 19.13 19.25 19.42 19.58 19.70 19.87 20.06 20.21 20.39 20.61 20.83 21.04 21.24 21.43 21.67 21.94 22.21 22.37 22.66 22.94 23.21 23.49 23.79 24.05 24.32 24.64 24.95 25.23 25.53 25.84 26.14 26.42 26.74 27.05 27.36 27.71 28.02 28.33 28.61 28.89 29.15 29.41 29.66 29.87 30.13 30.33 30.49 30.61 30.66 30.81 30.94 30.96 30.98 30.92 30.81 30.68 30.47 30.26 30.03 29.71 29.34 28.92 28.47 27.96 27.49 27.20 27.16 27.20 27.19 27.22 27.21 27.19 27.14 27.09 27.03 26.95 26.90
18.73 18.85 18.98 19.12 19.19 19.37 19.58 19.77 19.88 20.01 20.27 20.50 20.71 20.92 21.12 21.33 21.59 21.86 22.10 22.30 22.58 22.84 23.11 23.42 23.66 23.93 24.24 24.54 24.81 25.13 25.44 25.72 26.01 26.33 26.61 26.90 27.26 27.58 27.88 28.17 28.44 28.72 28.97 29.19 29.29 29.57 29.85 30.04 30.18 30.13 30.35 30.48 30.52 30.49 30.40 30.29 30.12 29.94 29.75 29.56 29.21 28.84 28.42 27.99 27.49 26.99 26.67 26.65 26.69 26.70 26.73 26.68 26.65 26.61 26.56 26.52 26.47 26.41
18.47 18.58 18.70 18.81 18.95 19.11 19.29 19.44 19.60 19.81 19.98 20.16 20.36 20.58 20.80 20.99 21.25 21.50 21.73 21.94 22.21 22.48 22.72 23.06 23.33 23.59 23.87 24.15 24.41 24.74 25.05 25.32 25.61 25.97 26.26 26.43 26.83 27.12 27.40 27.69 27.99 28.23 28.44 28.72 28.87 29.06 29.37 29.48 29.72 29.74 29.93 30.00 29.98 30.02 29.91 29.83 29.69 29.53 29.35 29.11 28.77 28.41 28.03 27.52 27.07 26.58 26.19 26.19 26.19 26.21 26.24 26.11 26.15 26.17 26.04 26.04 26.00 25.98
18.20 18.32 18.42 18.49 18.58 18.81 18.96 19.17 19.33 19.50 19.67 19.83 20.04 20.25 20.47 20.68 20.90 21.14 21.39 21.63 21.86 22.13 22.35 22.67 22.96 23.21 23.51 23.80 24.07 24.35 24.66 24.91 25.26 25.57 25.83 26.10 26.34 26.67 26.93 27.09 27.47 27.72 27.97 28.17 28.53 28.70 28.83 29.10 29.19 29.32 29.46 29.54 29.57 29.61 29.52 29.43 29.32 29.16 28.97 28.69 28.36 28.02 27.63 27.20 26.72 26.21 25.79 25.72 25.72 25.73 25.73 25.73 25.65 25.72 25.68 25.63 25.58 25.52
17.94 17.89 17.79 17.96 18.38 18.43 18.66 18.52 18.84 19.13 19.35 19.53 19.72 19.93 20.13 20.36 20.58 20.82 21.05 21.30 21.55 21.78 22.04 22.33 22.59 22.87 23.15 23.42 23.69 23.96 24.22 24.56 24.85 25.13 25.42 25.73 25.83 26.24 26.52 26.82 27.03 27.28 27.59 27.80 28.09 28.32 28.43 28.60 28.79 28.90 29.02 29.11 29.10 29.12 29.08 29.02 28.90 28.73 28.53 28.26 27.99 27.66 27.27 26.83 26.40 25.91 25.44 25.26 25.25 25.26 25.27 25.29 25.27 25.24 25.21 25.17 25.13 25.08
17.52 17.30 17.44 17.72 18.06 18.17 18.26 18.40 18.56 18.80 19.04 19.22 19.42 19.61 19.81 20.03 20.25 20.49 20.71 20.96 21.19 21.41 21.71 21.94 22.17 22.46 22.77 23.04 23.17 23.56 23.83 24.12 24.46 24.69 25.07 25.32 25.52 25.81 26.11 26.38 26.66 26.89 27.11 27.30 27.59 27.82 28.04 28.18 28.31 28.46 28.58 28.61 28.64 28.65 28.65 28.58 28.47 28.31 28.12 27.89 27.65 27.32 26.94 26.56 26.14 25.64 25.19 24.85 24.78 24.80 24.81 24.82 24.81 24.79 24.76 24.74 24.68 24.63
17.11 16.96 17.33 17.39 17.65 17.81 18.01 18.05 18.25 18.45 18.70 18.91 19.11 19.30 19.51 19.73 19.92 20.14 20.34 20.64 20.88 21.11 21.31 21.59 21.81 22.11 22.41 22.67 22.89 23.20 23.47 23.74 24.03 24.33 24.62 24.91 25.14 25.38 25.67 25.92 26.19 26.46 26.68 26.86 27.06 27.26 27.52 27.75 27.83 27.97 28.14 28.17 28.20 28.21 28.21 28.16 28.07 27.92 27.75 27.53 27.32 27.02 26.65 26.27 25.87 25.45 24.98 24.54 24.33 24.34 24.35 24.36 24.35 24.34 24.33 24.30 24.25 24.20
16.98 16.47 16.81 17.14 17.34 17.52 17.73 17.43 18.01 18.26 18.37 18.62 18.81 18.99 19.19 19.41 19.64 19.85 20.01 20.29 20.52 20.78 20.97 21.26 21.51 21.77 22.04 22.28 22.54 22.82 23.09 23.36 23.62 23.89 24.16 24.46 24.73 24.96 25.24 25.50 25.75 25.99 26.26 26.50 26.66 26.83 27.07 27.30 27.40 27.51 27.69 27.70 27.56 27.73 27.78 27.76 27.70 27.57 27.41 27.22 27.01 26.74 26.42 26.06 25.68 25.27 24.83 24.36 23.99 23.89 23.90 23.89 23.91 23.89 23.89 23.86 23.82 23.77
16.55 16.44 16.64 17.10 17.17 17.28 17.49 17.64 17.81 17.99 18.15 18.33 18.51 18.68 18.88 19.10 19.30 19.49 19.71 19.96 20.18 20.38 20.66 20.91 21.15 21.41 21.68 21.93 22.18 22.45 22.71 22.98 23.24 23.50 23.77 24.03 24.31 24.56 24.80 25.07 25.33 25.57 25.80 25.98 26.29 26.48 26.67 26.84 26.99 27.11 27.25 27.32 27.40 27.38 27.40 27.40 27.35 27.24 27.08 26.90 26.72 26.48 26.19 25.86 25.50 25.10 24.71 24.28 23.86 23.54 23.46 23.45 23.47 23.46 23.45 23.43 23.39 23.35
16.06 16.33 16.78 16.92 17.01 17.08 17.28 17.37 17.52 17.65 17.87 18.02 18.17 18.32 18.56 18.77 19.00 19.21 19.39 19.62 19.86 19.99 20.30 20.56 20.78 21.02 21.31 21.57 21.82 22.08 22.35 22.60 22.86 23.11 23.35 23.59 23.87 24.17 24.40 24.65 24.92 25.11 25.32 25.60 25.85 26.01 26.19 26.40 26.56 26.70 26.83 26.92 26.99 27.00 27.04 27.04 26.98 26.89 26.76 26.61 26.45 26.22 25.95 25.67 25.33 24.98 24.63 24.22 23.82 23.43 23.14 23.06 23.04 23.03 23.01 23.00 22.94 22.95
15.53 16.38 16.50 16.61 16.74 16.84 16.98 17.10 17.24 17.26 17.50 17.69 17.91 18.09 18.25 18.47 18.65 18.90 19.08 19.31 19.55 19.76 19.99 20.24 20.46 20.72 20.97 21.21 21.45 21.72 21.96 22.24 22.50 22.71 22.97 23.24 23.48 23.76 23.96 24.26 24.48 24.66 24.86 25.16 25.38 25.57 25.77 25.97 26.07 26.26 26.40 26.51 26.59 26.61 26.66 26.64 26.63 26.55 26.44 26.34 26.16 25.93 25.70 25.46 25.16 24.87 24.53 24.17 23.82 23.46 23.10 22.83 22.69 22.62 22.61 22.59 22.55 22.54
15.93 16.03 16.13 16.28 16.39 16.44 16.55 16.56 16.80 16.93 17.16 17.41 17.50 17.67 17.96 18.16 18.36 18.57 18.78 19.01 19.21 19.44 19.66 19.90 20.14 20.38 20.62 20.88 21.08 21.38 21.61 21.88 22.13 22.32 22.48 22.83 23.11 23.37 23.62 23.86 24.09 24.29 24.57 24.75 24.95 25.15 25.35 25.54 25.70 25.85 25.96 26.02 26.11 26.24 26.25 26.26 26.25 26.22 26.15 26.05 25.88 25.66 25.48 25.27 25.02 24.76 24.47 24.14 23.83 23.52 23.20 22.89 22.61 22.39 22.27 22.21 22.17 22.15
15.47 15.67 15.66 15.81 16.02 15.95 15.59 15.98 16.38 16.57 16.91 17.08 17.22 17.42 17.63 17.84 18.05 18.24 18.45 18.69 18.93 19.12 19.29 19.56 19.80 20.04 20.28 20.51 20.75 20.98 21.23 21.51 21.76 21.99 22.19 22.44 22.74 23.00 23.21 23.43 23.71 23.92 24.15 24.36 24.53 24.69 24.89 25.07 25.22 25.39 25.53 25.64 25.77 25.81 25.88 25.89 25.89 25.86 25.81 25.74 25.62 25.41 25.32 25.12 24.87 24.67 24.38 24.13 23.81 23.56 23.28 23.00 22.75 22.50 22.30 22.13 21.99 21.88
14.82 15.20 15.40 15.53 15.60 15.40 15.53 15.68 16.06 16.26 16.44 16.65 16.94 17.15 17.34 17.53 17.73 17.94 18.18 18.41 18.63 18.82 19.02 19.26 19.48 19.73 19.98 20.16 20.38 20.64 20.90 21.15 21.40 21.65 21.88 22.11 22.34 22.56 22.81 23.00 23.27 23.55 23.76 23.98 24.15 24.27 24.47 24.67 24.82 25.00 25.16 25.29 25.15 25.33 25.51 25.55 25.53 25.47 25.44 25.37 25.35 25.23 25.09 24.95 24.74 24.56 24.30 24.09 23.85 23.61 23.36 23.13 22.90 22.68 22.48 22.32 22.17 22.06
14.53 14.81 14.99 15.01 15.01 15.05 15.21 15.41 15.65 15.85 16.09 16.45 16.62 16.80 17.04 17.24 17.43 17.63 17.86 18.12 18.34 18.50 18.69 18.94 19.18 19.42 19.65 19.85 20.08 20.34 20.57 20.82 21.07 21.28 21.53 21.81 22.00 22.24 22.48 22.64 22.89 23.16 23.38 23.59 23.79 23.93 24.13 24.30 24.45 24.60 24.74 24.83 24.99 25.09 25.15 25.21 25.21 25.17 25.13 25.14 25.03 25.03 24.88 24.74 24.61 24.42 24.23 24.04 23.84 23.63 23.43 23.23 23.01 22.85 22.67 22.53 22.40 22.30
14.30 14.42 14.51 14.58 14.66 14.78 15.06 15.21 15.34 15.63 15.58 16.13 16.31 16.49 16.70 16.92 17.13 17.33 17.55 17.81 17.98 18.24 18.47 18.64 18.86 19.09 19.35 19.55 19.76 20.01 20.24 20.48 20.75 20.94 21.13 21.42 21.69 21.92 22.14 22.36 22.55 22.80 23.00 23.22 23.41 23.59 23.75 23.81 23.99 24.19 24.36 24.51 24.61 24.63 24.80 24.85 24.88 24.86 24.77 24.81 24.82 24.76 24.66 24.57 24.43 24.30 24.16 23.99 23.82 23.65 23.48 23.30 23.14 22.98 22.84 22.71 22.61 22.53
14.05 14.08 14.14 14.25 14.23 14.41 14.65 14.96 14.94 15.20 15.51 15.80 15.98 16.17 16.38 16.60 16.80 17.05 17.27 17.52 17.68 17.92 18.11 18.40 18.60 18.82 19.05 19.26 19.48 19.72 19.94 20.14 20.40 20.65 20.87 21.10 21.26 21.55 21.78 21.97 22.19 22.39 22.57 22.80 23.04 23.21 23.39 23.53 23.71 23.86 23.98 24.04 24.24 24.24 24.40 24.49 24.53 24.54 24.53 24.51 24.51 24.50 24.43 24.39 24.28 24.17 24.03 23.92 23.77 23.63 23.49 23.35 23.21 23.09 22.98 22.87 22.78 22.71
13.70 13.73 13.82 13.86 13.49 14.00 14.43 14.30 14.67 14.70 15.22 15.46 15.63 15.86 16.08 16.29 16.50 16.73 16.98 17.19 17.39 17.62 17.82 18.12 18.31 18.53 18.76 18.97 19.21 19.44 19.63 19.87 20.10 20.32 20.54 20.78 21.02 21.25 21.46 21.65 21.86 21.99 22.19 22.47 22.66 22.81 22.97 23.13 23.24 23.46 23.59 23.70 23.85 23.94 24.06 24.15 24.20 24.22 24.23 24.26 24.29 24.23 24.18 24.14 24.07 24.00 23.91 23.82 23.71 23.60 23.49 23.38 23.27 23.16 23.07 22.98 22.91 22.86
13.28 13.35 13.42 13.43 13.50 13.67 13.99 14.09 14.35 14.61 14.90 15.09 15.31 15.49 15.73 15.98 16.21 16.44 16.67 16.89 17.11 17.34 17.55 17.82 18.03 18.24 18.47 18.70 18.93 19.12 19.30 19.54 19.77 19.99 20.20 20.42 20.72 20.94 21.13 21.35 21.52 21.67 21.88 22.11 22.25 22.38 22.53 22.68 22.87 23.10 23.27 23.40 23.45 23.56 23.72 23.81 23.88 23.91 23.95 23.97 24.01 23.98 23.94 23.94 23.89 23.84 23.77 23.71 23.62 23.54 23.45 23.37 23.29 23.21 23.14 23.06 23.00 22.96
12.88 12.93 13.01 13.03 13.09 13.39 13.53 13.78 14.02 14.27 14.48 14.71 14.95 15.15 15.40 15.63 15.83 16.11 16.38 16.60 16.83 17.06 17.29 17.54 17.77 17.98 18.19 18.42 18.65 18.88 19.07 19.23 19.47 19.69 19.92 20.14 20.41 20.58 20.75 21.02 21.19 21.40 21.57 21.74 21.92 22.08 22.22 22.38 22.59 22.76 22.91 23.02 23.06 23.17 23.39 23.48 23.57 23.60 23.59 23.67 23.71 23.74 23.73 23.71 23.68 23.66 23.62 23.57 23.52 23.46 23.40 23.34 23.27 23.22 23.16 23.12 23.06 23.02
12.46 12.49 12.58 12.64 12.66 12.89 13.07 13.37 13.61 13.86 14.09 14.33 14.57 14.84 15.08 15.32 15.52 15.79 16.09 16.35 16.56 16.80 16.98 17.24 17.49 17.73 17.94 18.14 18.36 18.55 18.83 19.01 19.21 19.37 19.61 19.88 20.11 20.27 20.42 20.68 20.90 21.07 21.22 21.37 21.58 21.81 21.98 22.12 22.28 22.42 22.56 22.70 22.78 22.75 22.89 23.13 23.24 23.30 23.35 23.39 23.43 23.46 23.49 23.49 23.49 23.46 23.45 23.43 23.39 23.35 23.31 23.26 23.23 23.19 23.13 23.11 23.09 23.06
12.08 12.12 12.19 12.23 12.06 12.44 12.71 12.91 13.10 13.45 13.67 13.93 14.20 14.47 14.72 15.00 15.27 15.47 15.81 16.07 16.32 16.55 16.79 17.00 17.23 17.45 17.69 17.91 18.11 18.30 18.53 18.73 18.98 19.16 19.40 19.61 19.78 20.03 20.20 20.40 20.59 20.76 20.90 21.05 21.23 21.41 21.61 21.79 21.95 22.07 22.20 22.37 22.47 22.50 22.66 22.85 22.93 23.00 23.05 23.10 23.13 23.20 23.23 23.26 23.26 23.27 23.27 23.26 23.24 23.23 23.21 23.17 23.13 23.12 23.11 23.09 23.07 23.05
11.87 11.92 11.97 12.03 11.95 12.02 12.31 12.45 12.74 13.03 13.27 13.54 13.83 14.08 14.38 14.66 14.95 15.24 15.45 15.71 16.03 16.29 16.48 16.78 17.00 17.22 17.45 17.67 17.87 18.07 18.24 18.45 18.69 18.91 19.11 19.28 19.48 19.70 19.92 20.11 20.23 20.40 20.55 20.73 21.01 21.17 21.33 21.49 21.59 21.76 21.89 22.06 22.09 22.18 22.42 22.49 22.57 22.70 22.73 22.83 22.90 22.96 22.99 22.99 23.03 23.06 23.07 23.07 23.07 23.08 23.05 23.04 23.02 23.01 23.01 23.02 23.01 23.01
11.71 11.80 11.87 11.89 11.85 11.73 11.94 12.27 12.43 12.64 12.88 13.15 13.44 13.74 14.03 14.33 14.63 14.91 15.21 15.46 15.75 15.99 16.23 16.51 16.76 17.00 17.21 17.44 17.64 17.85 18.05 18.28 18.43 18.64 18.85 18.97 19.27 19.47 19.64 19.82 19.99 20.12 20.27 20.47 20.71 20.87 21.03 21.08 21.24 21.46 21.61 21.75 21.85 21.84 22.06 22.18 22.32 22.40 22.46 22.55 22.63 22.69 22.73 22.78 22.82 22.85 22.88 22.89 22.90 22.88 22.88 22.86 22.88 22.87 22.83 22.84 22.88 22.90
11.62 11.68 11.75 11.80 11.65 11.52 11.40 12.15 12.25 12.38 12.54 12.78 13.08 13.38 13.70 14.02 14.32 14.62 14.92 15.20 15.47 15.74 16.00 16.23 16.52 16.77 17.01 17.22 17.43 17.64 17.84 18.08 18.20 18.41 18.64 18.85 19.03 19.19 19.32 19.50 19.71 19.90 20.03 20.18 20.42 20.57 20.64 20.86 21.00 21.12 21.25 21.39 21.51 21.58 21.75 21.87 22.01 22.11 22.18 22.27 22.35 22.42 22.47 22.53 22.59 22.64 22.67 22.68 22.70 22.67 22.68 22.66 22.69 22.70 22.65 22.69 22.76 22.80
11.49 11.57 11.64 11.72 11.77 11.71 11.84 12.02 12.12 12.15 12.32 12.48 12.76 13.06 13.39 13.71 14.05 14.36 14.67 14.97 15.25 15.54 15.82 16.08 16.32 16.55 16.79 17.02 17.24 17.44 17.65 17.86 17.99 18.16 18.39 18.60 18.79 18.96 19.11 19.26 19.43 19.60 19.80 19.91 20.14 20.22 20.33 20.51 20.69 20.82 20.95 21.07 21.20 21.32 21.46 21.58 21.70 21.82 21.91 22.00 22.08 22.17 22.22 22.27 22.33 22.41 22.44 22.47 22.47 22.44 22.42 22.46 22.47 22.52 22.49 22.52 22.58 22.64
11.39 11.47 11.56 11.62 11.61 11.78 11.85 11.92 11.99 12.06 12.10 12.24 12.42 12.72 13.07 13.42 13.73 14.04 14.40 14.72 15.02 15.30 15.58 15.81 16.12 16.36 16.59 16.80 17.02 17.23 17.43 17.63 17.84 17.94 18.19 18.29 18.50 18.69 18.85 19.01 19.15 19.32 19.54 19.72 19.88 20.01 20.08 20.21 20.35 20.51 20.68 20.82 20.93 21.06 21.23 21.24 21.43 21.55 21.64 21.73 21.81 21.88 21.98 22.02 22.09 22.15 22.20 22.22 22.24 22.23 22.15 22.24 22.27 22.27 22.36 22.35 22.36 22.45
11.22 11.37 11.49 11.50 11.34 11.68 11.65 11.66 11.62 11.90 11.87 11.99 12.16 12.32 12.70 13.06 13.36 13.72 14.15 14.48 14.82 15.11 15.38 15.65 15.93 16.13 16.38 16.61 16.80 17.02 17.23 17.41 17.65 17.80 17.96 18.18 18.28 18.40 18.58 18.82 18.95 19.08 19.23 19.42 19.64 19.77 19.85 20.03 20.06 20.23 20.43 20.57 20.66 20.82 20.92 20.94 21.15 21.25 21.37 21.45 21.53 21.61 21.73 21.80 21.88 21.94 21.98 21.98 22.02 22.00 21.98 22.00 22.05 22.10 22.17 22.20 22.23 22.31
11.07 11.21 11.33 11.38 11.42 11.52 11.48 11.43 11.50 11.73 11.71 11.75 11.83 12.01 12.38 12.75 13.08 13.50 13.95 14.27 14.60 14.91 15.21 15.49 15.73 16.01 16.24 16.44 16.62 16.83 17.04 17.26 17.42 17.63 17.79 18.02 18.12 18.23 18.39 18.57 18.75 18.92 19.05 19.25 19.37 19.43 19.64 19.81 19.84 19.97 20.16 20.32 20.42 20.55 20.67 20.78 20.91 20.99 21.09 21.18 21.27 21.37 21.49 21.56 21.60 21.67 21.69 21.71 21.78 21.80 21.82 21.73 21.82 21.91 21.93 21.98 22.01 22.15
11.05 11.07 11.17 11.20 11.30 11.39 11.41 11.28 11.36 11.55 11.58 11.41 11.62 11.82 12.03 12.39 12.83 13.35 13.68 14.01 14.41 14.65 15.02 15.32 15.59 15.79 16.07 16.29 16.47 16.66 16.90 17.10 17.24 17.41 17.62 17.81 17.96 18.09 18.19 18.35 18.52 18.68 18.84 19.03 19.13 19.18 19.35 19.52 19.66 19.77 19.89 20.02 20.18 20.21 20.43 20.54 20.65 20.74 20.83 20.92 21.02 21.12 21.25 21.33 21.33 21.41 21.41 21.38 21.51 21.59 21.53 21.38 21.65 21.75 21.76 21.78 21.88 22.05
11.01 10.99 10.95 11.14 11.14 11.20 11.33 11.24 11.12 11.47 11.54 11.50 11.69 11.55 11.70 12.16 12.63 13.14 13.42 13.87 14.13 14.46 14.79 15.18 15.46 15.69 15.91 16.13 16.36 16.56 16.77 16.92 17.08 17.27 17.45 17.59 17.78 17.82 17.95 18.20 18.36 18.51 18.63 18.82 18.88 19.02 19.14 19.27 19.43 19.53 19.63 19.78 19.88 19.93 20.15 20.30 20.35 20.49 20.59 20.69 20.80 20.93 21.00 21.07 21.01 21.12 21.18 21.26 21.34 21.38 21.38 21.43 21.53 21.49 21.54 21.62 21.76 21.85
11.02 10.97 10.84 10.92 10.99 10.89 11.21 11.14 11.11 11.11 11.57 11.65 11.78 11.78 11.50 12.22 12.52 12.91 13.43 13.79 14.00 14.40 14.69 15.04 15.32 15.56 15.79 16.00 16.19 16.36 16.55 16.79 16.87 17.03 17.18 17.35 17.60 17.67 17.87 18.02 18.12 18.25 18.44 18.59 18.67 18.74 18.90 19.11 19.23 19.31 19.44 19.58 19.69 19.75 19.89 20.07 20.16 20.28 20.36 20.50 20.60 20.65 20.75 20.81 20.74 20.87 20.97 21.07 21.15 21.22 21.27 21.33 21.34 21.30 21.34 21.48 21.66 21.73
