main/data/pressure/03.07.2023.grid
ncols 886
nrows 691
xllcenter 112.0000
yllcenter -44.5000
cellsize 0.0500
nodata_value 99999.90
[rows 595 to 629 of 691, columns 553 to 631 of 886]
9.91 9.92 9.92 9.91 9.91 9.91 9.92 9.92 9.92 9.92 9.92 9.92 9.93 9.93 9.93 9.93 9.94 9.94 9.94 9.95 9.96 9.97 9.97 9.98 9.98 9.99 10.00 10.01 10.02 10.02 10.03 10.04 10.04 10.05 10.05 10.05 10.07 10.07 10.07 10.07 10.08 10.08 10.08 10.09 10.09 10.10 10.11 10.12 10.13 10.15 10.16 10.19 10.22 10.24 10.28 10.33 10.38 10.43 10.49 10.56 10.64 10.73 10.82 10.92 11.02 11.09 11.11 11.14 11.17 11.20 11.22 11.24 11.26 11.28 11.30 11.32 11.34 11.35 11.36
9.91 9.91 9.90 9.91 9.91 9.91 9.91 9.91 9.91 9.91 9.91 9.91 9.91 9.91 9.93 9.93 9.93 9.93 9.93 9.94 9.95 9.95 9.96 9.96 9.97 9.98 9.99 9.99 10.00 10.00 10.01 10.02 10.02 10.02 10.04 10.04 10.04 10.04 10.05 10.06 10.06 10.07 10.07 10.07 10.08 10.09 10.10 10.11 10.12 10.14 10.17 10.18 10.21 10.25 10.28 10.33 10.38 10.44 10.50 10.57 10.65 10.73 10.82 10.92 11.03 11.11 11.16 11.18 11.20 11.23 11.25 11.26 11.28 11.30 11.32 11.34 11.35 11.36 11.38
9.90 9.91 9.90 9.90 9.90 9.91 9.90 9.90 9.90 9.91 9.91 9.91 9.91 9.91 9.92 9.92 9.92 9.93 9.93 9.93 9.94 9.95 9.95 9.95 9.95 9.97 9.97 9.98 9.98 9.99 10.00 10.00 10.00 10.01 10.02 10.02 10.03 10.03 10.03 10.05 10.05 10.05 10.06 10.06 10.07 10.08 10.09 10.11 10.12 10.14 10.16 10.18 10.21 10.25 10.28 10.32 10.37 10.43 10.49 10.56 10.64 10.72 10.82 10.91 11.01 11.12 11.18 11.21 11.23 11.25 11.26 11.28 11.30 11.31 11.33 11.35 11.36 11.36 11.38
9.90 9.90 9.89 9.90 9.90 9.90 9.90 9.90 9.90 9.90 9.90 9.91 9.91 9.91 9.91 9.92 9.92 9.92 9.92 9.93 9.94 9.94 9.94 9.94 9.95 9.96 9.96 9.96 9.98 9.98 9.98 9.98 10.00 10.00 10.00 10.01 10.01 10.02 10.03 10.03 10.04 10.04 10.04 10.06 10.06 10.08 10.08 10.10 10.11 10.13 10.15 10.18 10.21 10.24 10.28 10.32 10.37 10.42 10.48 10.55 10.62 10.71 10.80 10.89 11.00 11.10 11.20 11.23 11.25 11.26 11.28 11.30 11.31 11.32 11.33 11.34 11.34 11.36 11.36
9.89 9.90 9.89 9.89 9.90 9.90 9.89 9.89 9.90 9.90 9.90 9.90 9.91 9.91 9.91 9.91 9.92 9.92 9.92 9.92 9.93 9.93 9.93 9.93 9.95 9.95 9.95 9.96 9.96 9.97 9.97 9.98 9.98 9.98 10.00 10.00 10.00 10.01 10.01 10.02 10.03 10.03 10.04 10.04 10.06 10.06 10.08 10.09 10.11 10.13 10.14 10.17 10.20 10.24 10.28 10.31 10.36 10.41 10.47 10.54 10.62 10.69 10.78 10.87 10.97 11.07 11.17 11.24 11.25 11.27 11.28 11.29 11.30 11.31 11.32 11.32 11.33 11.34 11.35
9.89 9.89 9.89 9.89 9.89 9.89 9.89 9.89 9.89 9.90 9.90 9.90 9.89 9.90 9.90 9.90 9.91 9.91 9.91 9.91 9.93 9.93 9.93 9.93 9.94 9.94 9.94 9.95 9.96 9.96 9.97 9.97 9.97 9.98 9.98 9.99 10.00 10.00 10.01 10.01 10.01 10.03 10.03 10.04 10.05 10.06 10.08 10.08 10.10 10.12 10.14 10.17 10.20 10.23 10.27 10.30 10.35 10.40 10.46 10.53 10.60 10.67 10.75 10.84 10.94 11.04 11.14 11.23 11.26 11.26 11.27 11.28 11.29 11.29 11.30 11.31 11.31 11.31 11.31
9.88 9.89 9.88 9.88 9.89 9.89 9.88 9.89 9.89 9.89 9.90 9.89 9.89 9.89 9.90 9.90 9.90 9.91 9.91 9.91 9.91 9.92 9.92 9.92 9.93 9.94 9.94 9.95 9.95 9.95 9.96 9.96 9.97 9.97 9.98 9.99 9.99 9.99 10.00 10.00 10.01 10.01 10.03 10.04 10.04 10.06 10.06 10.08 10.10 10.11 10.14 10.16 10.19 10.21 10.25 10.29 10.33 10.38 10.44 10.51 10.57 10.64 10.72 10.81 10.90 11.00 11.09 11.19 11.25 11.26 11.26 11.26 11.27 11.27 11.27 11.28 11.28 11.27 11.27
9.88 9.88 9.87 9.88 9.88 9.89 9.88 9.88 9.88 9.89 9.89 9.89 9.89 9.89 9.89 9.90 9.90 9.90 9.91 9.91 9.91 9.92 9.92 9.92 9.93 9.93 9.93 9.94 9.94 9.95 9.95 9.95 9.97 9.97 9.97 9.98 9.98 9.99 9.99 10.00 10.00 10.01 10.02 10.03 10.04 10.05 10.06 10.07 10.09 10.11 10.13 10.15 10.17 10.21 10.24 10.28 10.32 10.37 10.42 10.48 10.55 10.61 10.69 10.77 10.85 10.95 11.04 11.14 11.22 11.23 11.24 11.24 11.24 11.24 11.24 11.23 11.23 11.22 11.22
9.87 9.88 9.87 9.87 9.88 9.88 9.87 9.88 9.88 9.88 9.89 9.88 9.89 9.89 9.89 9.90 9.90 9.90 9.90 9.91 9.91 9.92 9.92 9.92 9.93 9.93 9.93 9.94 9.94 9.95 9.95 9.95 9.96 9.96 9.97 9.97 9.98 9.98 9.99 9.99 10.00 10.00 10.02 10.02 10.03 10.05 10.05 10.07 10.09 10.10 10.12 10.14 10.17 10.20 10.23 10.26 10.30 10.35 10.40 10.45 10.52 10.58 10.65 10.72 10.81 10.89 10.99 11.08 11.16 11.21 11.21 11.21 11.21 11.21 11.20 11.19 11.18 11.17 11.16
9.86 9.87 9.86 9.87 9.87 9.88 9.87 9.87 9.88 9.88 9.88 9.88 9.88 9.88 9.89 9.89 9.90 9.90 9.90 9.91 9.91 9.91 9.91 9.91 9.91 9.92 9.92 9.93 9.93 9.94 9.94 9.94 9.95 9.95 9.96 9.96 9.97 9.97 9.98 9.98 10.00 10.01 10.01 10.02 10.02 10.04 10.05 10.06 10.07 10.09 10.11 10.13 10.15 10.19 10.21 10.24 10.29 10.33 10.38 10.42 10.48 10.54 10.61 10.68 10.76 10.84 10.93 11.01 11.10 11.17 11.17 11.17 11.16 11.16 11.15 11.14 11.12 11.11 11.09
9.86 9.86 9.86 9.86 9.87 9.87 9.86 9.87 9.87 9.88 9.88 9.87 9.88 9.88 9.89 9.89 9.89 9.90 9.90 9.90 9.90 9.90 9.91 9.91 9.91 9.92 9.92 9.93 9.93 9.94 9.94 9.94 9.95 9.95 9.96 9.96 9.97 9.98 9.98 9.99 9.99 10.00 10.00 10.01 10.02 10.02 10.04 10.05 10.07 10.08 10.10 10.12 10.14 10.17 10.19 10.23 10.26 10.30 10.34 10.39 10.45 10.50 10.56 10.63 10.70 10.78 10.85 10.94 11.03 11.10 11.13 11.13 11.11 11.10 11.09 11.07 11.06 11.04 11.01
9.85 9.86 9.86 9.86 9.86 9.86 9.87 9.86 9.87 9.87 9.88 9.87 9.87 9.88 9.88 9.89 9.89 9.89 9.90 9.89 9.90 9.90 9.90 9.91 9.91 9.92 9.92 9.93 9.93 9.94 9.94 9.94 9.94 9.94 9.95 9.95 9.96 9.97 9.97 9.98 9.98 9.99 10.00 10.00 10.01 10.02 10.04 10.04 10.06 10.07 10.09 10.11 10.12 10.14 10.17 10.21 10.24 10.28 10.32 10.36 10.40 10.46 10.52 10.58 10.65 10.71 10.79 10.86 10.94 11.01 11.07 11.07 11.06 11.04 11.02 11.01 10.99 10.96 10.94
9.85 9.85 9.85 9.85 9.85 9.86 9.86 9.86 9.86 9.87 9.87 9.88 9.87 9.87 9.88 9.88 9.89 9.89 9.88 9.89 9.89 9.90 9.90 9.91 9.91 9.92 9.92 9.92 9.92 9.93 9.93 9.94 9.94 9.94 9.95 9.96 9.96 9.96 9.96 9.97 9.98 9.98 9.99 9.99 10.00 10.01 10.03 10.04 10.04 10.06 10.07 10.09 10.11 10.13 10.16 10.18 10.21 10.25 10.28 10.32 10.37 10.42 10.47 10.53 10.58 10.64 10.71 10.78 10.85 10.92 10.98 11.01 11.00 10.97 10.96 10.94 10.91 10.88 10.85
9.84 9.84 9.85 9.84 9.85 9.85 9.86 9.85 9.86 9.86 9.87 9.87 9.87 9.87 9.87 9.88 9.88 9.89 9.88 9.89 9.89 9.90 9.90 9.90 9.91 9.90 9.91 9.91 9.92 9.92 9.93 9.93 9.94 9.93 9.94 9.95 9.95 9.96 9.96 9.97 9.97 9.97 9.98 9.99 9.99 10.00 10.01 10.03 10.04 10.04 10.06 10.07 10.09 10.11 10.13 10.16 10.18 10.21 10.26 10.29 10.33 10.37 10.42 10.47 10.52 10.58 10.64 10.70 10.76 10.83 10.88 10.93 10.93 10.90 10.88 10.85 10.83 10.80 10.77
9.83 9.84 9.84 9.85 9.84 9.85 9.85 9.85 9.85 9.86 9.86 9.87 9.86 9.86 9.87 9.87 9.88 9.88 9.88 9.88 9.89 9.89 9.90 9.90 9.90 9.90 9.91 9.91 9.92 9.92 9.92 9.92 9.93 9.93 9.94 9.95 9.94 9.95 9.95 9.96 9.97 9.96 9.97 9.98 9.99 9.99 10.00 10.01 10.02 10.04 10.04 10.06 10.07 10.09 10.11 10.13 10.15 10.19 10.22 10.25 10.28 10.32 10.37 10.41 10.46 10.51 10.56 10.62 10.67 10.73 10.78 10.84 10.85 10.83 10.80 10.78 10.74 10.72 10.68
9.84 9.83 9.84 9.84 9.84 9.84 9.85 9.85 9.85 9.85 9.86 9.86 9.86 9.86 9.86 9.87 9.88 9.87 9.87 9.88 9.88 9.89 9.89 9.89 9.89 9.90 9.91 9.91 9.91 9.91 9.92 9.92 9.93 9.92 9.93 9.93 9.94 9.94 9.94 9.95 9.96 9.97 9.96 9.97 9.98 9.98 9.99 10.00 10.01 10.02 10.03 10.05 10.06 10.08 10.10 10.11 10.14 10.16 10.18 10.21 10.24 10.28 10.32 10.36 10.39 10.45 10.49 10.54 10.59 10.64 10.68 10.73 10.76 10.75 10.72 10.69 10.66 10.62 10.59
9.83 9.82 9.83 9.84 9.83 9.84 9.84 9.84 9.84 9.85 9.85 9.86 9.85 9.86 9.86 9.87 9.87 9.87 9.87 9.88 9.88 9.89 9.88 9.89 9.89 9.90 9.90 9.90 9.90 9.91 9.91 9.91 9.92 9.92 9.93 9.92 9.93 9.94 9.94 9.94 9.95 9.95 9.95 9.96 9.97 9.97 9.98 9.99 10.00 10.01 10.02 10.03 10.04 10.06 10.07 10.09 10.11 10.13 10.15 10.17 10.20 10.24 10.27 10.30 10.34 10.38 10.42 10.46 10.50 10.54 10.59 10.63 10.65 10.66 10.63 10.61 10.57 10.53 10.50
9.82 9.82 9.82 9.83 9.83 9.83 9.83 9.84 9.84 9.84 9.85 9.85 9.85 9.85 9.86 9.86 9.87 9.86 9.87 9.87 9.88 9.87 9.88 9.88 9.89 9.89 9.89 9.90 9.90 9.91 9.90 9.91 9.91 9.91 9.92 9.92 9.92 9.93 9.93 9.93 9.94 9.94 9.95 9.95 9.96 9.97 9.96 9.97 9.98 9.99 10.00 10.01 10.02 10.03 10.05 10.06 10.08 10.10 10.12 10.14 10.16 10.19 10.22 10.25 10.28 10.32 10.35 10.38 10.42 10.46 10.49 10.53 10.56 10.57 10.56 10.52 10.48 10.45 10.41
9.82 9.82 9.82 9.82 9.83 9.82 9.83 9.83 9.84 9.83 9.84 9.85 9.85 9.84 9.85 9.86 9.86 9.86 9.86 9.87 9.87 9.87 9.87 9.88 9.89 9.88 9.89 9.89 9.89 9.89 9.90 9.91 9.90 9.91 9.91 9.91 9.92 9.91 9.92 9.93 9.93 9.93 9.94 9.94 9.95 9.94 9.95 9.96 9.97 9.97 9.98 9.99 10.00 10.01 10.02 10.04 10.05 10.07 10.08 10.10 10.12 10.14 10.17 10.20 10.22 10.25 10.28 10.31 10.34 10.38 10.40 10.43 10.46 10.48 10.47 10.43 10.40 10.37 10.32
9.81 9.81 9.81 9.81 9.82 9.83 9.82 9.83 9.83 9.83 9.83 9.84 9.84 9.84 9.85 9.85 9.86 9.85 9.86 9.86 9.86 9.86 9.87 9.88 9.87 9.88 9.88 9.88 9.89 9.89 9.89 9.89 9.90 9.90 9.90 9.91 9.91 9.91 9.91 9.92 9.91 9.92 9.93 9.93 9.94 9.93 9.94 9.95 9.95 9.96 9.97 9.97 9.98 9.99 10.00 10.01 10.02 10.04 10.05 10.07 10.08 10.10 10.12 10.15 10.17 10.19 10.21 10.25 10.27 10.29 10.31 10.34 10.36 10.38 10.38 10.35 10.31 10.29 10.24
9.80 9.81 9.81 9.81 9.81 9.82 9.82 9.82 9.83 9.82 9.83 9.83 9.84 9.83 9.84 9.85 9.84 9.85 9.85 9.86 9.85 9.86 9.87 9.86 9.87 9.87 9.87 9.88 9.88 9.88 9.88 9.89 9.89 9.89 9.89 9.90 9.89 9.90 9.90 9.91 9.91 9.91 9.92 9.92 9.92 9.92 9.93 9.93 9.94 9.94 9.95 9.96 9.95 9.96 9.97 9.98 10.00 10.01 10.02 10.03 10.05 10.06 10.08 10.09 10.12 10.14 10.16 10.18 10.19 10.22 10.24 10.26 10.27 10.28 10.29 10.28 10.24 10.21 10.17
9.79 9.80 9.80 9.80 9.81 9.81 9.81 9.81 9.82 9.82 9.82 9.83 9.83 9.83 9.83 9.84 9.84 9.84 9.85 9.84 9.85 9.86 9.85 9.86 9.86 9.86 9.87 9.87 9.87 9.87 9.87 9.88 9.88 9.88 9.89 9.88 9.89 9.89 9.90 9.89 9.90 9.90 9.90 9.90 9.90 9.91 9.91 9.92 9.92 9.92 9.92 9.93 9.93 9.94 9.95 9.95 9.96 9.97 9.98 10.00 10.01 10.02 10.04 10.05 10.06 10.08 10.10 10.12 10.13 10.15 10.16 10.17 10.18 10.19 10.21 10.20 10.16 10.13 10.09
9.79 9.79 9.80 9.80 9.80 9.81 9.81 9.81 9.81 9.82 9.82 9.82 9.83 9.82 9.83 9.84 9.83 9.84 9.84 9.84 9.84 9.85 9.85 9.85 9.85 9.85 9.86 9.86 9.86 9.86 9.87 9.86 9.87 9.88 9.87 9.87 9.88 9.88 9.88 9.88 9.89 9.89 9.88 9.89 9.89 9.90 9.90 9.89 9.90 9.90 9.91 9.91 9.91 9.92 9.93 9.93 9.94 9.94 9.95 9.96 9.97 9.98 9.99 10.01 10.02 10.03 10.04 10.06 10.07 10.08 10.09 10.11 10.12 10.12 10.12 10.12 10.09 10.06 10.03
9.79 9.78 9.79 9.80 9.79 9.80 9.80 9.80 9.81 9.81 9.81 9.81 9.82 9.82 9.82 9.83 9.82 9.83 9.84 9.83 9.84 9.84 9.84 9.85 9.84 9.85 9.85 9.85 9.85 9.86 9.85 9.86 9.86 9.86 9.86 9.87 9.86 9.87 9.87 9.87 9.88 9.87 9.87 9.88 9.88 9.88 9.88 9.88 9.88 9.89 9.89 9.89 9.90 9.90 9.90 9.91 9.91 9.92 9.92 9.93 9.94 9.95 9.95 9.96 9.97 9.98 9.99 10.00 10.01 10.03 10.03 10.04 10.05 10.05 10.05 10.04 10.02 10.00 9.97
9.78 9.78 9.78 9.79 9.79 9.79 9.80 9.79 9.80 9.81 9.80 9.81 9.81 9.81 9.82 9.82 9.82 9.83 9.82 9.83 9.83 9.83 9.84 9.83 9.84 9.84 9.84 9.84 9.85 9.84 9.85 9.85 9.85 9.85 9.86 9.85 9.85 9.86 9.86 9.85 9.86 9.86 9.86 9.87 9.86 9.86 9.86 9.87 9.87 9.87 9.87 9.87 9.88 9.87 9.87 9.88 9.88 9.88 9.89 9.89 9.90 9.90 9.91 9.93 9.93 9.94 9.95 9.95 9.96 9.97 9.97 9.98 9.98 9.98 9.98 9.97 9.96 9.94 9.91
9.77 9.78 9.77 9.78 9.79 9.78 9.79 9.80 9.79 9.80 9.80 9.80 9.81 9.80 9.81 9.82 9.81 9.82 9.82 9.82 9.82 9.82 9.83 9.83 9.83 9.83 9.84 9.83 9.83 9.84 9.84 9.84 9.84 9.85 9.84 9.84 9.85 9.85 9.84 9.84 9.85 9.85 9.84 9.84 9.85 9.85 9.85 9.85 9.85 9.84 9.85 9.85 9.85 9.85 9.85 9.86 9.86 9.86 9.86 9.87 9.87 9.87 9.88 9.88 9.89 9.89 9.90 9.90 9.91 9.91 9.92 9.92 9.92 9.92 9.91 9.91 9.90 9.88 9.85
9.76 9.77 9.78 9.77 9.78 9.78 9.78 9.79 9.78 9.79 9.80 9.79 9.80 9.80 9.80 9.80 9.81 9.81 9.81 9.82 9.81 9.82 9.81 9.82 9.82 9.82 9.82 9.83 9.83 9.82 9.83 9.83 9.82 9.83 9.83 9.83 9.83 9.83 9.83 9.83 9.83 9.83 9.83 9.83 9.83 9.83 9.83 9.83 9.83 9.83 9.83 9.83 9.83 9.83 9.82 9.82 9.83 9.83 9.83 9.83 9.83 9.84 9.84 9.84 9.85 9.85 9.85 9.86 9.86 9.86 9.87 9.87 9.87 9.87 9.86 9.85 9.85 9.84 9.81
9.76 9.76 9.77 9.76 9.77 9.78 9.77 9.78 9.78 9.78 9.79 9.79 9.79 9.79 9.80 9.79 9.80 9.80 9.80 9.81 9.81 9.80 9.81 9.81 9.81 9.81 9.82 9.81 9.81 9.82 9.82 9.82 9.82 9.82 9.81 9.82 9.82 9.82 9.81 9.81 9.82 9.82 9.82 9.81 9.81 9.81 9.81 9.81 9.81 9.81 9.80 9.80 9.80 9.80 9.80 9.80 9.81 9.81 9.81 9.81 9.81 9.81 9.81 9.81 9.81 9.81 9.81 9.81 9.81 9.82 9.82 9.82 9.82 9.81 9.81 9.80 9.80 9.78 9.77
9.76 9.75 9.76 9.77 9.76 9.77 9.77 9.77 9.77 9.78 9.78 9.78 9.79 9.78 9.79 9.79 9.79 9.79 9.80 9.79 9.80 9.80 9.80 9.80 9.81 9.80 9.80 9.81 9.81 9.80 9.81 9.81 9.80 9.80 9.81 9.81 9.80 9.80 9.80 9.80 9.81 9.80 9.80 9.80 9.80 9.80 9.79 9.79 9.79 9.79 9.79 9.79 9.79 9.79 9.78 9.78 9.77 9.77 9.77 9.77 9.77 9.78 9.78 9.78 9.78 9.78 9.78 9.77 9.77 9.77 9.77 9.78 9.78 9.77 9.76 9.76 9.75 9.74 9.72
9.75 9.75 9.75 9.76 9.75 9.76 9.76 9.77 9.77 9.77 9.78 9.77 9.78 9.77 9.78 9.78 9.79 9.78 9.79 9.79 9.79 9.79 9.79 9.79 9.79 9.79 9.80 9.79 9.79 9.80 9.79 9.79 9.79 9.80 9.79 9.79 9.79 9.79 9.78 9.78 9.78 9.79 9.79 9.78 9.78 9.78 9.77 9.77 9.77 9.76 9.76 9.76 9.76 9.76 9.76 9.76 9.76 9.75 9.74 9.74 9.74 9.74 9.74 9.74 9.74 9.74 9.74 9.74 9.73 9.73 9.73 9.73 9.73 9.72 9.72 9.72 9.71 9.71 9.69
9.74 9.74 9.74 9.75 9.76 9.75 9.76 9.76 9.76 9.76 9.77 9.76 9.77 9.77 9.77 9.77 9.78 9.78 9.77 9.78 9.78 9.78 9.78 9.78 9.78 9.78 9.78 9.79 9.78 9.78 9.78 9.78 9.78 9.78 9.78 9.78 9.77 9.77 9.77 9.77 9.76 9.76 9.76 9.76 9.76 9.76 9.75 9.75 9.75 9.75 9.75 9.74 9.73 9.73 9.73 9.73 9.73 9.72 9.72 9.72 9.72 9.72 9.71 9.71 9.71 9.71 9.71 9.71 9.70 9.70 9.70 9.70 9.69 9.69 9.69 9.68 9.68 9.66 9.66
9.74 9.74 9.74 9.74 9.75 9.74 9.75 9.75 9.76 9.75 9.76 9.76 9.76 9.76 9.77 9.76 9.77 9.77 9.77 9.77 9.77 9.77 9.77 9.77 9.77 9.77 9.77 9.77 9.77 9.77 9.77 9.77 9.77 9.76 9.76 9.76 9.76 9.76 9.75 9.75 9.75 9.75 9.74 9.74 9.74 9.74 9.74 9.74 9.72 9.72 9.72 9.72 9.72 9.71 9.71 9.70 9.70 9.69 9.69 9.69 9.69 9.69 9.68 9.67 9.67 9.67 9.67 9.67 9.66 9.66 9.66 9.65 9.65 9.65 9.64 9.65 9.64 9.64 9.63
9.73 9.73 9.73 9.73 9.74 9.73 9.74 9.74 9.75 9.74 9.75 9.75 9.75 9.75 9.76 9.76 9.75 9.76 9.76 9.76 9.76 9.76 9.76 9.76 9.76 9.76 9.76 9.76 9.76 9.76 9.76 9.75 9.75 9.75 9.75 9.74 9.74 9.74 9.74 9.73 9.73 9.73 9.73 9.73 9.72 9.72 9.71 9.71 9.71 9.71 9.70 9.69 9.69 9.69 9.68 9.68 9.68 9.68 9.66 9.66 9.66 9.66 9.65 9.64 9.64 9.64 9.64 9.64 9.63 9.63 9.63 9.62 9.62 9.62 9.61 9.62 9.61 9.60 9.61
9.72 9.73 9.72 9.73 9.73 9.74 9.73 9.74 9.74 9.73 9.74 9.74 9.75 9.74 9.75 9.75 9.75 9.75 9.75 9.75 9.76 9.75 9.75 9.75 9.75 9.75 9.75 9.75 9.74 9.74 9.74 9.74 9.74 9.74 9.74 9.74 9.73 9.72 9.72 9.72 9.72 9.71 9.71 9.71 9.71 9.70 9.70 9.69 9.69 9.68 9.68 9.68 9.66 9.66 9.66 9.65 9.65 9.65 9.64 9.63 9.63 9.63 9.62 9.62 9.61 9.61 9.61 9.60 9.59 9.59 9.59 9.59 9.59 9.58 9.59 9.58 9.58 9.58 9.58
9.71 9.72 9.72 9.72 9.72 9.73 9.72 9.73 9.73 9.74 9.73 9.73 9.74 9.74 9.73 9.74 9.74 9.73 9.74 9.74 9.74 9.74 9.74 9.74 9.74 9.73 9.73 9.74 9.74 9.73 9.73 9.73 9.73 9.72 9.72 9.72 9.72 9.72 9.70 9.70 9.70 9.70 9.70 9.69 9.68 9.68 9.68 9.67 9.66 9.66 9.66 9.65 9.65 9.64 9.63 9.63 9.62 9.62 9.62 9.60 9.60 9.60 9.59 9.59 9.58 9.58 9.57 9.57 9.56 9.56 9.55 9.56 9.56 9.55 9.56 9.55 9.55 9.56 9.56
