main/data/pressure/03.01.2023.grid
ncols 886
nrows 691
xllcenter 112.0000
yllcenter -44.5000
cellsize 0.0500
nodata_value 99999.90
[rows 210 to 244 of 691, columns 312 to 389 of 886]
25.05 25.01 24.99 25.06 25.08 25.02 24.99 25.00 25.03 25.03 24.96 24.88 24.89 24.96 25.02 25.07 25.09 25.11 25.08 25.04 24.99 24.96 24.97 24.96 24.96 24.99 25.05 25.04 25.03 25.01 25.02 25.06 25.06 25.15 25.19 25.22 25.26 25.29 25.30 25.30 25.33 25.38 25.47 25.56 25.62 25.63 25.61 25.59 25.72 25.82 25.89 25.90 25.86 25.95 25.96 26.01 26.08 26.15 26.23 26.34 26.44 26.51 26.57 26.66 26.75 26.77 26.77 26.86 27.08 27.22 27.26 27.26 27.19 27.26 27.41 27.50 27.59 27.67
24.96 25.01 25.03 25.10 25.12 25.04 25.10 25.15 25.13 25.06 24.98 24.89 24.93 25.07 25.07 25.09 25.14 25.14 25.11 25.01 24.95 24.91 24.91 24.98 25.04 25.12 25.07 25.07 25.06 24.90 25.03 25.11 25.14 25.20 25.26 25.31 25.36 25.38 25.38 25.40 25.44 25.51 25.61 25.69 25.72 25.67 25.51 25.49 25.75 25.86 25.96 25.96 25.97 26.01 25.99 26.03 26.11 26.17 26.22 26.35 26.48 26.55 26.61 26.70 26.81 26.86 26.87 26.92 27.15 27.31 27.38 27.39 27.37 27.57 27.59 27.59 27.66 27.73
25.08 25.14 25.20 25.16 25.24 25.05 25.24 25.22 25.15 25.03 24.98 24.91 24.92 25.04 25.01 25.10 25.18 25.17 25.12 25.06 25.00 24.95 24.96 25.04 25.13 25.23 25.19 25.11 25.10 25.05 25.15 25.22 25.25 25.29 25.35 25.42 25.47 25.47 25.44 25.45 25.52 25.62 25.73 25.79 25.80 25.77 25.66 25.63 25.76 25.86 25.94 25.99 26.05 26.09 26.07 26.07 26.21 26.25 26.23 26.38 26.51 26.59 26.64 26.72 26.81 26.86 26.86 26.81 27.25 27.39 27.49 27.56 27.61 27.70 27.73 27.74 27.78 27.81
25.18 25.30 25.34 25.30 25.29 25.16 25.29 25.30 25.26 25.20 25.14 25.14 25.16 25.14 25.16 25.20 25.22 25.17 25.14 25.12 25.08 25.01 25.03 25.12 25.22 25.33 25.28 25.23 25.30 25.27 25.30 25.34 25.37 25.42 25.45 25.52 25.57 25.55 25.49 25.40 25.61 25.71 25.83 25.89 25.90 25.86 25.80 25.78 25.82 25.87 25.92 26.00 26.09 26.14 26.17 26.25 26.41 26.46 26.49 26.53 26.59 26.65 26.70 26.77 26.84 26.91 26.99 27.08 27.29 27.38 27.55 27.68 27.74 27.81 27.85 27.87 27.90 27.92
25.25 25.38 25.39 25.33 25.34 25.30 25.34 25.33 25.27 25.26 25.23 25.23 25.22 25.20 25.18 25.19 25.23 25.23 25.19 25.14 25.12 25.13 25.18 25.26 25.34 25.43 25.41 25.34 25.36 25.41 25.43 25.46 25.51 25.55 25.57 25.63 25.67 25.63 25.54 25.46 25.63 25.77 25.88 25.98 26.01 25.96 25.91 25.89 25.90 25.93 26.01 26.04 26.04 26.16 26.36 26.52 26.61 26.62 26.66 26.68 26.72 26.78 26.83 26.90 26.99 27.08 27.17 27.25 27.34 27.45 27.59 27.73 27.86 27.93 27.97 28.00 28.04 28.07
25.26 25.40 25.41 25.42 25.41 25.39 25.36 25.28 25.29 25.27 25.28 25.28 25.26 25.25 25.21 25.17 25.23 25.27 25.24 25.17 25.19 25.32 25.39 25.43 25.48 25.54 25.55 25.48 25.50 25.53 25.53 25.55 25.63 25.67 25.70 25.75 25.79 25.75 25.68 25.68 25.75 25.86 25.93 26.06 26.12 26.09 26.03 26.03 26.06 26.09 26.17 26.17 26.21 26.32 26.56 26.67 26.73 26.76 26.78 26.82 26.86 26.93 26.98 27.06 27.18 27.27 27.33 27.40 27.47 27.56 27.67 27.76 27.94 28.02 28.07 28.13 28.17 28.24
25.21 25.30 25.39 25.36 25.41 25.37 25.35 25.29 25.18 25.26 25.23 25.23 25.17 25.09 25.17 25.20 25.23 25.25 25.27 25.27 25.31 25.40 25.47 25.52 25.59 25.63 25.65 25.64 25.64 25.60 25.57 25.57 25.61 25.70 25.79 25.84 25.89 25.90 25.88 25.88 25.93 26.00 26.07 26.15 26.21 26.23 26.21 26.21 26.25 26.28 26.32 26.30 26.29 26.46 26.67 26.76 26.83 26.86 26.91 26.99 27.04 27.09 27.16 27.22 27.32 27.41 27.48 27.54 27.61 27.70 27.80 27.92 28.02 28.10 28.16 28.21 28.27 28.31
25.02 25.12 25.25 25.26 25.33 25.34 25.30 25.30 25.12 25.24 25.22 25.20 25.17 25.07 25.10 25.23 25.22 25.25 25.30 25.36 25.42 25.48 25.52 25.61 25.68 25.73 25.74 25.73 25.70 25.64 25.58 25.58 25.57 25.72 25.84 25.92 25.97 26.02 26.05 26.04 26.07 26.13 26.19 26.25 26.27 26.34 26.40 26.36 26.35 26.42 26.46 26.47 26.48 26.59 26.74 26.86 26.93 26.98 27.02 27.13 27.16 27.24 27.31 27.36 27.44 27.51 27.59 27.66 27.73 27.81 27.91 27.98 28.03 28.12 28.24 28.29 28.27 28.36
25.03 24.99 25.20 25.23 25.22 25.20 25.24 25.12 25.04 25.25 25.22 25.12 25.05 25.04 25.12 25.20 25.20 25.27 25.36 25.42 25.50 25.57 25.63 25.70 25.77 25.80 25.82 25.81 25.77 25.75 25.72 25.69 25.69 25.81 25.93 26.02 26.07 26.11 26.12 26.13 26.17 26.21 26.26 26.31 26.38 26.42 26.48 26.52 26.54 26.58 26.62 26.64 26.66 26.74 26.85 26.95 27.01 27.09 27.15 27.21 27.27 27.34 27.40 27.47 27.55 27.61 27.66 27.73 27.81 27.88 27.95 28.01 28.04 28.11 28.26 28.37 28.33 28.46
25.10 25.07 25.04 25.07 24.99 25.04 25.14 25.12 25.09 25.29 25.20 25.11 25.03 25.09 25.23 25.09 25.18 25.36 25.43 25.49 25.57 25.67 25.75 25.79 25.83 25.85 25.87 25.90 25.87 25.87 25.89 25.86 25.80 25.96 26.09 26.13 26.13 26.15 26.19 26.19 26.24 26.26 26.29 26.35 26.43 26.48 26.55 26.60 26.65 26.71 26.76 26.79 26.83 26.90 26.98 27.03 27.06 27.11 27.16 27.23 27.31 27.39 27.46 27.54 27.62 27.67 27.72 27.78 27.86 27.91 28.00 28.08 28.10 28.10 28.25 28.40 28.48 28.53
25.12 25.02 24.98 24.92 25.00 25.13 25.13 25.27 25.28 25.31 25.24 25.13 25.16 25.28 25.25 25.19 25.28 25.40 25.49 25.56 25.65 25.76 25.83 25.85 25.87 25.90 25.93 25.95 25.95 25.97 26.00 26.02 26.05 26.13 26.16 26.15 26.11 26.15 26.20 26.23 26.25 26.25 26.29 26.35 26.42 26.49 26.55 26.61 26.67 26.75 26.82 26.88 26.94 26.99 27.05 27.08 27.08 27.09 27.15 27.24 27.34 27.42 27.51 27.58 27.63 27.68 27.76 27.83 27.90 27.97 28.03 28.11 28.17 28.23 28.29 28.36 28.52 28.61
25.16 25.11 25.04 25.06 25.10 25.13 25.15 25.28 25.34 25.32 25.32 25.31 25.32 25.24 25.28 25.34 25.38 25.48 25.57 25.65 25.73 25.82 25.89 25.91 25.92 25.97 26.00 26.03 26.05 26.07 26.11 26.14 26.19 26.19 26.13 26.12 26.12 26.15 26.20 26.26 26.27 26.25 26.27 26.33 26.41 26.48 26.54 26.62 26.71 26.79 26.88 26.92 26.98 27.04 27.10 27.11 27.09 27.11 27.17 27.25 27.34 27.44 27.54 27.63 27.66 27.70 27.74 27.84 27.95 28.01 28.06 28.14 28.22 28.28 28.32 28.39 28.55 28.65
25.19 25.16 25.11 25.18 25.18 25.17 25.11 25.19 25.32 25.34 25.32 25.31 25.25 25.22 25.23 25.30 25.42 25.56 25.66 25.74 25.80 25.88 25.94 25.98 26.01 26.04 26.07 26.10 26.13 26.17 26.20 26.21 26.22 26.20 26.17 26.16 26.15 26.14 26.16 26.25 26.32 26.29 26.29 26.33 26.38 26.46 26.55 26.64 26.72 26.80 26.88 26.94 26.99 27.05 27.10 27.13 27.14 27.17 27.21 27.27 27.35 27.46 27.57 27.67 27.74 27.80 27.73 27.84 27.95 28.01 28.09 28.18 28.26 28.32 28.37 28.45 28.57 28.67
25.25 25.26 25.28 25.24 25.23 25.17 25.07 25.09 25.20 25.21 25.21 25.23 25.27 25.33 25.31 25.28 25.48 25.66 25.77 25.81 25.86 25.93 25.99 26.03 26.08 26.10 26.13 26.17 26.19 26.22 26.25 26.24 26.23 26.23 26.22 26.22 26.20 26.15 26.10 26.24 26.36 26.31 26.29 26.32 26.35 26.46 26.56 26.65 26.73 26.80 26.87 26.93 26.99 27.05 27.10 27.15 27.19 27.22 27.25 27.31 27.39 27.49 27.59 27.70 27.78 27.81 27.80 27.85 27.94 28.02 28.10 28.18 28.27 28.34 28.40 28.46 28.58 28.67
25.32 25.33 25.31 25.28 25.23 25.19 25.04 25.05 25.10 25.05 25.10 25.29 25.39 25.40 25.50 25.55 25.64 25.76 25.84 25.87 25.92 25.99 26.02 26.04 26.04 26.11 26.17 26.22 26.22 26.22 26.21 26.20 26.21 26.21 26.22 26.24 26.26 26.24 26.22 26.25 26.27 26.27 26.32 26.36 26.39 26.47 26.56 26.63 26.69 26.77 26.85 26.91 26.97 27.03 27.09 27.15 27.20 27.25 27.28 27.34 27.43 27.50 27.60 27.69 27.78 27.83 27.86 27.85 27.91 28.02 28.12 28.19 28.27 28.36 28.40 28.39 28.51 28.67
25.41 25.38 25.31 25.24 25.23 25.20 25.11 24.99 24.97 25.14 25.27 25.39 25.51 25.58 25.62 25.70 25.77 25.87 25.93 25.92 25.97 26.05 26.07 26.03 25.98 26.11 26.22 26.23 26.22 26.23 26.15 26.17 26.17 26.17 26.19 26.22 26.28 26.31 26.32 26.29 26.23 26.24 26.35 26.38 26.42 26.47 26.55 26.58 26.64 26.72 26.81 26.87 26.94 27.01 27.08 27.14 27.19 27.24 27.29 27.35 27.42 27.51 27.58 27.62 27.72 27.82 27.87 27.88 27.92 28.04 28.12 28.18 28.27 28.37 28.41 28.33 28.48 28.66
25.43 25.28 25.29 25.26 25.29 25.18 25.18 25.14 25.16 25.12 25.23 25.33 25.52 25.64 25.67 25.76 25.85 25.93 25.99 26.01 26.05 26.10 26.10 26.05 26.03 26.14 26.23 26.18 26.11 26.20 26.22 26.14 26.09 26.11 26.14 26.20 26.27 26.33 26.37 26.36 26.34 26.31 26.33 26.35 26.38 26.43 26.49 26.51 26.55 26.65 26.75 26.81 26.86 26.94 27.05 27.11 27.18 27.23 27.28 27.35 27.41 27.50 27.58 27.59 27.66 27.79 27.87 27.89 27.87 28.00 28.10 28.18 28.26 28.36 28.42 28.07 28.43 28.64
25.43 25.39 25.35 25.38 25.31 25.29 25.26 25.26 25.28 25.12 25.13 25.34 25.50 25.71 25.78 25.86 25.91 25.98 26.03 26.07 26.11 26.14 26.15 26.09 26.04 26.17 26.27 26.19 26.09 26.18 26.24 26.13 26.03 26.05 26.08 26.16 26.25 26.33 26.40 26.42 26.44 26.36 26.32 26.32 26.32 26.39 26.43 26.47 26.50 26.61 26.72 26.76 26.77 26.85 26.92 27.05 27.17 27.22 27.27 27.32 27.38 27.46 27.55 27.60 27.66 27.73 27.81 27.84 27.88 27.98 28.09 28.16 28.25 28.32 28.27 28.05 28.39 28.62
25.37 25.44 25.42 25.36 25.23 25.28 25.30 25.31 25.23 25.10 25.24 25.41 25.53 25.70 25.82 25.90 25.95 26.00 26.06 26.09 26.14 26.16 26.17 26.16 26.16 26.20 26.25 26.21 26.19 26.19 26.19 26.10 26.03 26.05 26.06 26.10 26.19 26.28 26.35 26.39 26.38 26.33 26.29 26.32 26.36 26.40 26.43 26.46 26.49 26.60 26.69 26.73 26.76 26.82 26.91 27.01 27.10 27.17 27.24 27.28 27.30 27.42 27.50 27.57 27.63 27.67 27.73 27.80 27.85 27.98 28.07 28.13 28.20 28.31 28.38 28.39 28.51 28.55
25.33 25.42 25.43 25.39 25.39 25.35 25.24 25.24 25.15 25.12 25.32 25.47 25.58 25.75 25.85 25.94 25.99 26.02 26.05 26.10 26.14 26.18 26.21 26.21 26.23 26.23 26.24 26.24 26.23 26.21 26.19 26.13 26.08 26.09 26.03 26.06 26.15 26.24 26.31 26.33 26.31 26.31 26.27 26.37 26.44 26.47 26.46 26.50 26.54 26.63 26.70 26.73 26.76 26.83 26.92 26.98 27.05 27.13 27.19 27.25 27.30 27.37 27.45 27.51 27.56 27.59 27.63 27.75 27.85 27.93 28.01 28.08 28.17 28.26 28.33 28.40 28.48 28.44
25.34 25.34 25.42 25.43 25.37 25.42 25.36 25.30 25.18 25.17 25.34 25.53 25.62 25.73 25.85 25.92 25.96 26.00 26.04 26.11 26.16 26.20 26.22 26.20 26.18 26.22 26.25 26.26 26.25 26.23 26.22 26.16 26.12 26.10 26.05 26.07 26.11 26.18 26.26 26.32 26.36 26.40 26.45 26.51 26.56 26.59 26.60 26.61 26.63 26.69 26.73 26.74 26.74 26.80 26.88 26.97 27.04 27.11 27.17 27.23 27.29 27.34 27.40 27.46 27.50 27.51 27.51 27.69 27.81 27.87 27.95 28.03 28.12 28.19 28.24 28.35 28.43 28.42
25.44 25.29 25.36 25.40 25.41 25.39 25.39 25.28 25.32 25.30 25.35 25.49 25.62 25.87 25.89 25.92 25.95 25.96 26.01 26.10 26.16 26.20 26.24 26.15 26.08 26.17 26.25 26.25 26.20 26.22 26.21 26.14 26.10 26.08 26.08 26.09 26.10 26.16 26.24 26.33 26.41 26.49 26.57 26.62 26.66 26.70 26.73 26.70 26.69 26.72 26.74 26.74 26.72 26.78 26.85 26.93 27.02 27.08 27.14 27.20 27.25 27.30 27.35 27.41 27.45 27.50 27.59 27.69 27.76 27.81 27.89 27.97 28.05 28.12 28.20 28.27 28.35 28.41
25.40 25.37 25.37 25.34 25.29 25.25 25.35 25.31 25.41 25.42 25.47 25.53 25.64 25.84 25.92 25.93 25.95 25.95 25.97 26.03 26.09 26.15 26.17 26.11 26.06 26.13 26.22 26.24 26.24 26.21 26.17 26.12 26.08 26.05 26.05 26.07 26.08 26.16 26.27 26.36 26.44 26.52 26.60 26.64 26.64 26.67 26.67 26.65 26.64 26.69 26.75 26.75 26.76 26.79 26.84 26.90 26.96 27.03 27.08 27.14 27.21 27.25 27.30 27.35 27.41 27.46 27.55 27.65 27.70 27.75 27.82 27.90 27.98 28.06 28.13 28.19 28.26 28.33
25.38 25.33 25.37 25.30 25.28 25.16 25.20 25.27 25.38 25.49 25.55 25.57 25.70 25.83 25.86 25.96 25.96 25.93 25.92 25.95 26.01 26.09 26.12 26.08 26.01 26.11 26.21 26.21 26.24 26.21 26.15 26.12 26.07 26.05 26.02 26.03 26.01 26.16 26.30 26.37 26.43 26.55 26.62 26.61 26.59 26.61 26.61 26.59 26.55 26.65 26.72 26.76 26.77 26.80 26.84 26.86 26.90 26.96 27.01 27.06 27.11 27.17 27.24 27.29 27.35 27.40 27.48 27.56 27.62 27.68 27.74 27.83 27.92 27.99 28.05 28.12 28.18 28.25
25.36 25.37 25.38 25.34 25.28 25.22 25.08 25.20 25.41 25.52 25.59 25.65 25.70 25.79 25.83 25.92 25.98 25.95 25.94 25.95 25.99 26.06 26.09 26.08 26.06 26.06 26.11 26.15 26.20 26.18 26.13 26.10 26.09 26.10 26.09 26.06 26.07 26.17 26.30 26.40 26.49 26.57 26.60 26.60 26.60 26.61 26.60 26.60 26.61 26.66 26.71 26.74 26.76 26.77 26.78 26.81 26.84 26.88 26.92 26.96 27.00 27.09 27.18 27.23 27.27 27.32 27.39 27.46 27.55 27.61 27.68 27.75 27.84 27.91 27.98 28.03 28.09 28.15
25.30 25.27 25.30 25.37 25.30 25.26 25.16 25.08 25.42 25.54 25.56 25.62 25.69 25.69 25.74 25.90 25.97 25.98 25.99 26.00 26.00 26.02 26.03 26.08 26.09 26.01 25.91 26.06 26.16 26.15 26.09 26.08 26.12 26.15 26.18 26.12 26.10 26.20 26.30 26.41 26.51 26.57 26.56 26.58 26.62 26.60 26.60 26.61 26.63 26.65 26.68 26.70 26.72 26.72 26.73 26.75 26.76 26.77 26.81 26.88 26.95 27.02 27.07 27.13 27.18 27.24 27.30 27.36 27.44 27.51 27.58 27.66 27.72 27.79 27.86 27.95 28.01 28.06
25.29 25.23 25.23 25.23 25.18 25.20 25.12 24.95 25.37 25.45 25.51 25.61 25.65 25.60 25.60 25.81 25.94 25.98 25.98 25.96 25.96 25.97 25.98 26.03 26.05 26.04 26.03 26.08 26.14 26.13 26.10 26.12 26.18 26.17 26.16 26.16 26.19 26.25 26.35 26.45 26.54 26.55 26.53 26.54 26.55 26.55 26.56 26.57 26.59 26.60 26.61 26.62 26.63 26.65 26.67 26.67 26.67 26.68 26.71 26.80 26.91 26.94 26.98 27.03 27.08 27.14 27.20 27.25 27.31 27.40 27.50 27.56 27.62 27.68 27.73 27.82 27.89 27.95
25.26 25.24 25.21 25.19 25.11 25.12 25.17 25.25 25.40 25.37 25.43 25.51 25.54 25.54 25.58 25.87 25.93 25.95 25.93 25.90 25.90 25.93 25.96 25.99 26.02 26.08 26.13 26.15 26.16 26.15 26.14 26.18 26.22 26.19 26.13 26.19 26.26 26.31 26.39 26.48 26.52 26.50 26.48 26.48 26.49 26.48 26.49 26.50 26.52 26.53 26.53 26.52 26.54 26.57 26.61 26.59 26.57 26.59 26.64 26.71 26.80 26.86 26.91 26.94 26.99 27.05 27.11 27.15 27.20 27.29 27.40 27.47 27.52 27.56 27.62 27.69 27.77 27.83
25.23 25.25 25.14 25.12 25.03 24.97 25.12 25.32 25.46 25.42 25.50 25.53 25.54 25.55 25.70 25.86 25.89 25.89 25.88 25.88 25.89 25.92 25.94 25.96 25.98 26.03 26.10 26.17 26.19 26.18 26.18 26.21 26.23 26.22 26.19 26.23 26.30 26.37 26.44 26.49 26.49 26.44 26.41 26.40 26.39 26.36 26.36 26.40 26.41 26.41 26.42 26.45 26.46 26.45 26.51 26.50 26.47 26.49 26.54 26.61 26.69 26.76 26.81 26.81 26.86 26.95 27.01 27.04 27.08 27.17 27.27 27.36 27.41 27.45 27.50 27.56 27.62 27.70
25.19 25.12 25.12 25.04 24.97 25.00 25.17 25.38 25.42 25.50 25.46 25.56 25.56 25.58 25.73 25.78 25.82 25.84 25.83 25.84 25.86 25.88 25.91 25.91 25.92 25.96 26.00 26.11 26.19 26.19 26.20 26.24 26.27 26.25 26.21 26.27 26.34 26.41 26.45 26.47 26.44 26.33 26.33 26.32 26.30 26.28 26.25 26.29 26.27 26.22 26.24 26.32 26.36 26.21 26.37 26.36 26.33 26.38 26.42 26.50 26.57 26.62 26.56 26.33 26.66 26.83 26.86 26.93 27.00 27.05 27.14 27.23 27.27 27.32 27.35 27.42 27.51 27.58
25.14 25.08 25.03 24.95 24.89 24.96 25.17 25.30 25.35 25.43 25.48 25.49 25.52 25.58 25.65 25.69 25.74 25.78 25.77 25.78 25.80 25.82 25.87 25.87 25.89 25.95 26.02 26.11 26.18 26.19 26.22 26.28 26.28 26.26 26.23 26.31 26.38 26.41 26.40 26.41 26.34 26.17 26.26 26.26 26.22 26.21 26.20 26.20 26.13 26.00 26.02 26.14 26.16 25.98 26.02 26.18 26.22 26.26 26.29 26.38 26.44 26.48 26.36 25.43 26.62 26.70 26.68 26.81 26.90 26.90 26.99 27.09 27.13 27.17 27.19 27.26 27.37 27.33
25.06 25.00 24.93 24.88 24.84 24.93 25.14 25.27 25.32 25.36 25.39 25.39 25.44 25.47 25.55 25.58 25.66 25.72 25.73 25.72 25.72 25.73 25.71 25.81 25.90 25.97 26.05 26.10 26.15 26.18 26.21 26.27 26.28 26.31 26.30 26.35 26.37 26.37 26.38 26.38 26.38 26.29 26.32 26.23 26.14 26.14 26.17 26.14 26.08 25.95 26.00 26.09 26.11 26.10 26.11 26.12 26.13 26.19 26.23 26.26 26.28 26.29 26.16 25.93 26.35 26.54 26.59 26.68 26.74 26.75 26.86 26.97 27.02 27.02 27.05 27.09 26.97 26.90
25.00 24.91 24.79 24.79 24.81 24.91 25.08 25.20 25.25 25.30 25.33 25.36 25.40 25.45 25.50 25.55 25.60 25.64 25.65 25.66 25.66 25.68 25.72 25.81 25.89 25.96 26.03 26.08 26.13 26.16 26.20 26.24 26.27 26.28 26.30 26.30 26.29 26.29 26.32 26.32 26.33 26.31 26.29 26.20 26.13 26.13 26.14 26.11 26.06 26.03 26.07 26.10 26.11 26.12 26.12 26.11 26.12 26.15 26.19 26.16 26.12 26.15 26.16 26.14 26.32 26.41 26.48 26.54 26.61 26.65 26.72 26.81 26.86 26.86 26.91 26.90 26.46 26.38
24.96 24.86 24.75 24.76 24.78 24.91 25.02 25.12 25.19 25.24 25.27 25.32 25.38 25.45 25.49 25.52 25.55 25.57 25.58 25.61 25.62 25.67 25.74 25.81 25.90 25.95 26.00 26.07 26.12 26.16 26.20 26.23 26.24 26.23 26.23 26.20 26.14 26.18 26.25 26.24 26.28 26.27 26.24 26.20 26.15 26.14 26.10 26.07 26.04 26.09 26.14 26.11 26.11 26.10 26.10 26.09 26.09 26.11 26.12 26.07 26.04 26.05 26.06 26.08 26.15 26.23 26.31 26.38 26.44 26.51 26.59 26.68 26.70 26.72 26.76 26.81 26.81 26.76
24.88 24.86 24.82 24.82 24.85 24.91 24.97 25.04 25.11 25.17 25.21 25.27 25.33 25.41 25.45 25.47 25.50 25.51 25.54 25.58 25.62 25.68 25.74 25.83 25.89 25.95 25.99 26.06 26.10 26.13 26.19 26.22 26.21 26.20 26.18 26.17 26.13 26.10 26.12 26.16 26.24 26.23 26.21 26.18 26.15 26.11 26.08 26.08 26.07 26.08 26.07 26.05 26.06 26.06 26.05 26.04 26.03 26.04 26.01 25.98 25.95 25.97 25.93 25.93 25.97 26.05 26.15 26.20 26.25 26.34 26.44 26.55 26.57 26.57 26.57 26.56 26.53 26.65
