main/data/pressure/03.07.2023.grid
ncols 886
nrows 691
xllcenter 112.0000
yllcenter -44.5000
cellsize 0.0500
nodata_value 99999.90
[rows 560 to 594 of 691, columns 395 to 473 of 886]
10.74 10.75 10.74 10.75 10.75 10.74 10.75 10.74 10.75 10.75 10.74 10.74 10.74 10.74 10.74 10.73 10.73 10.72 10.72 10.72 10.71 10.71 10.71 10.69 10.69 10.68 10.68 10.69 10.68 10.68 10.68 10.68 10.69 10.68 10.68 10.68 10.68 10.69 10.68 10.69 10.69 10.68 10.69 10.68 10.69 10.69 10.69 10.69 10.69 10.69 10.69 10.69 10.68 10.69 10.69 10.69 10.68 10.69 10.68 10.69 10.70 10.69 10.70 10.69 10.69 10.69 10.69 10.69 10.69 10.68 10.69 10.69 10.69 10.69 10.68 10.68 10.68 10.68 10.68
10.74 10.73 10.74 10.74 10.74 10.74 10.73 10.74 10.74 10.74 10.74 10.73 10.73 10.74 10.73 10.73 10.72 10.72 10.72 10.71 10.71 10.70 10.70 10.69 10.68 10.68 10.68 10.67 10.67 10.67 10.67 10.68 10.67 10.67 10.67 10.67 10.68 10.67 10.67 10.67 10.67 10.68 10.67 10.68 10.67 10.67 10.68 10.67 10.68 10.67 10.68 10.67 10.68 10.67 10.68 10.67 10.68 10.67 10.68 10.67 10.68 10.67 10.68 10.67 10.68 10.67 10.68 10.68 10.67 10.68 10.67 10.68 10.67 10.67 10.68 10.67 10.67 10.66 10.67
10.72 10.73 10.73 10.73 10.73 10.73 10.73 10.74 10.73 10.73 10.73 10.73 10.72 10.72 10.73 10.72 10.72 10.71 10.71 10.71 10.70 10.70 10.70 10.69 10.68 10.67 10.67 10.67 10.66 10.66 10.65 10.66 10.66 10.66 10.66 10.65 10.66 10.66 10.66 10.66 10.66 10.66 10.66 10.66 10.66 10.66 10.66 10.66 10.66 10.67 10.66 10.67 10.66 10.67 10.66 10.67 10.66 10.67 10.66 10.67 10.66 10.67 10.66 10.67 10.66 10.66 10.66 10.66 10.66 10.66 10.65 10.66 10.66 10.66 10.66 10.65 10.66 10.65 10.65
10.72 10.72 10.72 10.72 10.72 10.72 10.72 10.72 10.73 10.72 10.72 10.72 10.72 10.72 10.71 10.72 10.71 10.71 10.71 10.70 10.70 10.69 10.69 10.69 10.67 10.67 10.66 10.66 10.65 10.64 10.65 10.64 10.65 10.65 10.64 10.65 10.64 10.65 10.65 10.64 10.65 10.64 10.65 10.65 10.65 10.65 10.64 10.65 10.64 10.65 10.64 10.65 10.65 10.65 10.65 10.65 10.65 10.65 10.65 10.65 10.65 10.65 10.65 10.65 10.64 10.65 10.64 10.65 10.65 10.64 10.65 10.64 10.65 10.64 10.64 10.64 10.64 10.64 10.63
10.71 10.71 10.72 10.71 10.72 10.71 10.71 10.71 10.71 10.72 10.71 10.71 10.71 10.71 10.71 10.70 10.71 10.71 10.70 10.70 10.69 10.69 10.69 10.68 10.68 10.66 10.66 10.65 10.64 10.64 10.63 10.63 10.63 10.63 10.64 10.63 10.63 10.63 10.63 10.64 10.63 10.64 10.63 10.63 10.64 10.63 10.64 10.63 10.64 10.63 10.64 10.63 10.64 10.63 10.64 10.63 10.64 10.63 10.64 10.63 10.64 10.63 10.64 10.63 10.64 10.63 10.64 10.63 10.63 10.63 10.63 10.62 10.63 10.63 10.62 10.63 10.62 10.62 10.62
10.70 10.71 10.70 10.71 10.70 10.71 10.71 10.71 10.71 10.70 10.71 10.70 10.70 10.71 10.70 10.70 10.69 10.70 10.70 10.69 10.69 10.68 10.68 10.68 10.67 10.66 10.65 10.65 10.65 10.63 10.63 10.62 10.62 10.62 10.62 10.62 10.62 10.62 10.62 10.62 10.62 10.62 10.62 10.62 10.62 10.62 10.62 10.63 10.62 10.62 10.62 10.62 10.62 10.62 10.62 10.62 10.62 10.62 10.62 10.62 10.62 10.62 10.62 10.62 10.62 10.62 10.62 10.62 10.62 10.62 10.62 10.62 10.61 10.62 10.61 10.61 10.61 10.61 10.61
10.70 10.69 10.70 10.69 10.70 10.69 10.70 10.70 10.70 10.70 10.69 10.70 10.69 10.69 10.70 10.69 10.69 10.68 10.69 10.69 10.68 10.68 10.67 10.67 10.67 10.66 10.65 10.64 10.64 10.64 10.62 10.62 10.61 10.61 10.61 10.61 10.61 10.60 10.61 10.61 10.61 10.61 10.61 10.61 10.60 10.61 10.60 10.61 10.61 10.61 10.61 10.61 10.61 10.61 10.61 10.61 10.61 10.61 10.61 10.61 10.61 10.61 10.61 10.61 10.60 10.61 10.60 10.61 10.60 10.60 10.60 10.60 10.60 10.60 10.60 10.59 10.60 10.59 10.59
10.68 10.69 10.68 10.69 10.68 10.69 10.68 10.69 10.69 10.69 10.69 10.69 10.69 10.68 10.69 10.69 10.68 10.68 10.68 10.68 10.68 10.67 10.67 10.66 10.66 10.66 10.65 10.64 10.63 10.63 10.62 10.61 10.61 10.59 10.60 10.60 10.59 10.60 10.59 10.60 10.59 10.59 10.60 10.59 10.60 10.59 10.60 10.59 10.60 10.59 10.59 10.60 10.59 10.60 10.59 10.60 10.59 10.59 10.59 10.59 10.59 10.59 10.59 10.59 10.59 10.59 10.59 10.59 10.59 10.59 10.59 10.58 10.59 10.58 10.58 10.58 10.58 10.58 10.58
10.67 10.68 10.68 10.68 10.68 10.68 10.68 10.68 10.68 10.68 10.68 10.68 10.68 10.68 10.67 10.68 10.68 10.67 10.67 10.68 10.67 10.67 10.66 10.66 10.65 10.65 10.65 10.64 10.63 10.62 10.62 10.61 10.60 10.60 10.58 10.58 10.59 10.58 10.58 10.58 10.58 10.58 10.58 10.59 10.58 10.58 10.58 10.58 10.58 10.58 10.58 10.58 10.58 10.58 10.58 10.58 10.58 10.58 10.58 10.58 10.58 10.58 10.58 10.57 10.58 10.57 10.58 10.57 10.57 10.57 10.57 10.57 10.57 10.56 10.57 10.57 10.56 10.57 10.56
10.67 10.66 10.67 10.66 10.67 10.67 10.67 10.67 10.67 10.67 10.68 10.67 10.67 10.67 10.67 10.66 10.67 10.67 10.66 10.67 10.66 10.66 10.66 10.65 10.65 10.64 10.64 10.64 10.63 10.62 10.61 10.61 10.60 10.59 10.59 10.57 10.57 10.56 10.57 10.57 10.57 10.57 10.56 10.57 10.56 10.57 10.56 10.57 10.57 10.57 10.57 10.56 10.57 10.56 10.57 10.56 10.57 10.56 10.57 10.56 10.56 10.56 10.56 10.56 10.56 10.56 10.56 10.55 10.56 10.56 10.55 10.56 10.55 10.56 10.55 10.55 10.54 10.55 10.54
10.65 10.66 10.65 10.66 10.65 10.66 10.66 10.66 10.66 10.66 10.66 10.67 10.66 10.67 10.66 10.66 10.66 10.66 10.66 10.65 10.66 10.65 10.65 10.65 10.64 10.64 10.63 10.63 10.63 10.62 10.62 10.60 10.60 10.59 10.58 10.58 10.56 10.56 10.55 10.55 10.55 10.55 10.56 10.55 10.56 10.55 10.55 10.55 10.55 10.55 10.55 10.55 10.55 10.55 10.55 10.55 10.55 10.55 10.55 10.55 10.55 10.55 10.55 10.55 10.54 10.55 10.54 10.55 10.54 10.54 10.54 10.54 10.54 10.54 10.53 10.53 10.54 10.53 10.53
10.65 10.64 10.65 10.65 10.65 10.65 10.65 10.66 10.65 10.66 10.65 10.66 10.66 10.65 10.66 10.65 10.65 10.65 10.65 10.65 10.65 10.65 10.64 10.64 10.64 10.63 10.63 10.62 10.62 10.62 10.61 10.61 10.59 10.59 10.58 10.57 10.57 10.55 10.55 10.54 10.54 10.54 10.54 10.53 10.54 10.54 10.54 10.54 10.54 10.54 10.54 10.54 10.54 10.54 10.53 10.54 10.53 10.54 10.53 10.54 10.53 10.53 10.53 10.53 10.53 10.53 10.53 10.53 10.52 10.53 10.53 10.52 10.53 10.52 10.52 10.52 10.52 10.51 10.52
10.64 10.64 10.64 10.64 10.64 10.64 10.64 10.64 10.65 10.64 10.65 10.64 10.65 10.64 10.65 10.65 10.64 10.65 10.64 10.64 10.65 10.64 10.64 10.63 10.63 10.62 10.62 10.62 10.61 10.61 10.60 10.60 10.60 10.58 10.58 10.57 10.56 10.55 10.54 10.54 10.53 10.53 10.52 10.53 10.52 10.53 10.52 10.52 10.52 10.52 10.52 10.52 10.52 10.52 10.52 10.52 10.52 10.52 10.52 10.52 10.52 10.52 10.52 10.52 10.52 10.51 10.52 10.51 10.52 10.51 10.51 10.51 10.51 10.50 10.51 10.50 10.50 10.50 10.50
10.62 10.63 10.63 10.63 10.63 10.63 10.64 10.63 10.64 10.64 10.64 10.64 10.64 10.64 10.63 10.64 10.64 10.64 10.64 10.63 10.63 10.63 10.63 10.63 10.62 10.62 10.61 10.62 10.62 10.60 10.60 10.59 10.59 10.58 10.58 10.57 10.56 10.55 10.54 10.53 10.52 10.51 10.51 10.51 10.51 10.51 10.51 10.51 10.51 10.51 10.51 10.51 10.51 10.51 10.51 10.50 10.51 10.50 10.51 10.50 10.50 10.50 10.50 10.50 10.50 10.50 10.50 10.49 10.50 10.49 10.49 10.50 10.49 10.49 10.49 10.49 10.48 10.49 10.48
10.62 10.61 10.62 10.62 10.62 10.63 10.62 10.63 10.62 10.63 10.62 10.63 10.63 10.63 10.63 10.63 10.63 10.62 10.63 10.63 10.62 10.63 10.62 10.62 10.62 10.61 10.62 10.61 10.61 10.61 10.60 10.60 10.58 10.58 10.57 10.57 10.55 10.55 10.54 10.53 10.52 10.51 10.50 10.49 10.50 10.49 10.50 10.49 10.49 10.49 10.49 10.49 10.49 10.49 10.49 10.49 10.49 10.49 10.49 10.49 10.49 10.49 10.48 10.49 10.48 10.49 10.48 10.49 10.48 10.48 10.48 10.48 10.47 10.48 10.47 10.47 10.46 10.47 10.46
10.60 10.61 10.61 10.61 10.61 10.61 10.62 10.62 10.62 10.62 10.62 10.62 10.62 10.63 10.62 10.62 10.62 10.62 10.62 10.62 10.62 10.62 10.62 10.61 10.61 10.62 10.61 10.61 10.60 10.60 10.59 10.59 10.59 10.58 10.57 10.56 10.56 10.55 10.54 10.53 10.52 10.51 10.50 10.48 10.48 10.48 10.48 10.48 10.48 10.48 10.48 10.48 10.48 10.48 10.48 10.48 10.47 10.47 10.47 10.47 10.47 10.47 10.47 10.47 10.46 10.47 10.46 10.47 10.46 10.46 10.46 10.46 10.46 10.46 10.46 10.45 10.46 10.45 10.45
10.59 10.60 10.60 10.60 10.61 10.60 10.61 10.61 10.61 10.61 10.61 10.61 10.61 10.61 10.62 10.61 10.62 10.61 10.62 10.61 10.61 10.62 10.61 10.61 10.60 10.61 10.60 10.60 10.60 10.59 10.59 10.58 10.58 10.57 10.57 10.56 10.55 10.54 10.54 10.53 10.52 10.51 10.50 10.49 10.48 10.47 10.46 10.47 10.46 10.47 10.46 10.46 10.46 10.46 10.46 10.46 10.46 10.46 10.46 10.46 10.46 10.45 10.46 10.45 10.46 10.45 10.46 10.45 10.45 10.45 10.45 10.44 10.45 10.44 10.44 10.44 10.44 10.43 10.43
10.59 10.58 10.59 10.60 10.59 10.60 10.59 10.60 10.60 10.60 10.61 10.60 10.61 10.60 10.61 10.60 10.61 10.61 10.60 10.61 10.60 10.61 10.60 10.60 10.59 10.60 10.60 10.59 10.59 10.58 10.58 10.57 10.57 10.56 10.56 10.56 10.55 10.55 10.53 10.53 10.52 10.51 10.50 10.49 10.47 10.47 10.46 10.45 10.45 10.45 10.45 10.45 10.45 10.45 10.45 10.45 10.44 10.44 10.44 10.44 10.44 10.44 10.44 10.43 10.44 10.43 10.44 10.43 10.43 10.43 10.43 10.42 10.43 10.42 10.42 10.42 10.42 10.42 10.42
10.57 10.58 10.58 10.58 10.58 10.58 10.59 10.59 10.59 10.59 10.59 10.59 10.59 10.60 10.59 10.60 10.59 10.60 10.59 10.60 10.60 10.59 10.60 10.59 10.59 10.59 10.59 10.58 10.58 10.58 10.58 10.58 10.57 10.57 10.56 10.56 10.54 10.54 10.54 10.53 10.52 10.51 10.50 10.49 10.48 10.47 10.46 10.44 10.44 10.43 10.44 10.43 10.43 10.43 10.43 10.43 10.43 10.43 10.43 10.43 10.42 10.43 10.42 10.43 10.42 10.42 10.42 10.42 10.41 10.42 10.41 10.42 10.41 10.41 10.41 10.41 10.40 10.40 10.40
10.57 10.57 10.57 10.57 10.58 10.57 10.58 10.57 10.58 10.59 10.58 10.59 10.58 10.59 10.58 10.59 10.59 10.59 10.59 10.59 10.59 10.58 10.59 10.58 10.58 10.59 10.58 10.58 10.57 10.58 10.57 10.57 10.57 10.56 10.56 10.55 10.55 10.54 10.53 10.52 10.52 10.51 10.50 10.49 10.48 10.47 10.46 10.44 10.44 10.42 10.42 10.41 10.42 10.41 10.42 10.41 10.41 10.41 10.41 10.41 10.40 10.41 10.40 10.41 10.40 10.41 10.40 10.40 10.40 10.40 10.39 10.40 10.39 10.39 10.39 10.39 10.38 10.39 10.38
10.56 10.55 10.56 10.56 10.56 10.56 10.56 10.57 10.57 10.57 10.57 10.57 10.57 10.57 10.58 10.58 10.58 10.58 10.58 10.57 10.58 10.58 10.58 10.58 10.57 10.58 10.57 10.57 10.57 10.57 10.57 10.56 10.56 10.55 10.55 10.54 10.54 10.53 10.53 10.53 10.52 10.51 10.50 10.50 10.48 10.48 10.46 10.45 10.44 10.43 10.41 10.41 10.40 10.39 10.40 10.39 10.40 10.39 10.40 10.39 10.40 10.39 10.39 10.39 10.39 10.39 10.39 10.38 10.38 10.38 10.38 10.38 10.38 10.38 10.38 10.37 10.37 10.37 10.37
10.54 10.55 10.55 10.55 10.55 10.56 10.55 10.56 10.55 10.56 10.57 10.56 10.57 10.56 10.57 10.56 10.57 10.56 10.57 10.57 10.57 10.57 10.57 10.57 10.56 10.57 10.57 10.56 10.57 10.56 10.56 10.55 10.55 10.54 10.55 10.54 10.54 10.54 10.52 10.52 10.51 10.51 10.50 10.49 10.48 10.47 10.46 10.45 10.44 10.43 10.41 10.41 10.39 10.39 10.38 10.39 10.38 10.38 10.38 10.37 10.38 10.37 10.38 10.37 10.37 10.37 10.37 10.37 10.37 10.36 10.37 10.36 10.36 10.36 10.36 10.35 10.36 10.35 10.35
10.53 10.54 10.53 10.54 10.54 10.54 10.55 10.55 10.55 10.55 10.55 10.55 10.55 10.55 10.56 10.56 10.56 10.56 10.56 10.56 10.57 10.56 10.57 10.56 10.56 10.56 10.56 10.55 10.56 10.55 10.55 10.54 10.55 10.55 10.54 10.54 10.53 10.53 10.52 10.52 10.51 10.50 10.49 10.49 10.48 10.47 10.46 10.45 10.44 10.43 10.42 10.41 10.39 10.38 10.37 10.37 10.36 10.37 10.36 10.37 10.36 10.36 10.36 10.36 10.36 10.35 10.35 10.35 10.35 10.34 10.35 10.34 10.34 10.34 10.34 10.33 10.34 10.34 10.33
10.53 10.52 10.53 10.53 10.53 10.53 10.54 10.53 10.54 10.54 10.54 10.55 10.54 10.55 10.54 10.55 10.54 10.55 10.56 10.55 10.56 10.55 10.55 10.55 10.55 10.55 10.55 10.55 10.55 10.55 10.54 10.55 10.54 10.54 10.53 10.53 10.52 10.52 10.52 10.51 10.51 10.50 10.50 10.49 10.48 10.47 10.47 10.45 10.45 10.43 10.43 10.41 10.39 10.38 10.37 10.36 10.35 10.35 10.34 10.35 10.34 10.34 10.34 10.34 10.34 10.34 10.33 10.34 10.33 10.33 10.33 10.33 10.32 10.33 10.32 10.32 10.32 10.32 10.31
10.51 10.51 10.52 10.51 10.52 10.53 10.52 10.53 10.53 10.53 10.53 10.53 10.53 10.54 10.54 10.54 10.54 10.54 10.54 10.54 10.54 10.54 10.54 10.54 10.54 10.55 10.54 10.54 10.54 10.54 10.53 10.54 10.54 10.53 10.53 10.52 10.53 10.52 10.52 10.51 10.51 10.50 10.49 10.48 10.48 10.47 10.46 10.45 10.45 10.43 10.43 10.41 10.40 10.39 10.38 10.36 10.34 10.34 10.33 10.33 10.33 10.32 10.33 10.32 10.32 10.32 10.31 10.32 10.31 10.31 10.31 10.31 10.30 10.31 10.30 10.30 10.30 10.30 10.29
10.50 10.51 10.50 10.51 10.51 10.51 10.51 10.52 10.51 10.52 10.52 10.52 10.53 10.52 10.53 10.52 10.53 10.53 10.53 10.54 10.53 10.54 10.53 10.54 10.53 10.54 10.53 10.53 10.54 10.53 10.53 10.53 10.53 10.52 10.52 10.52 10.52 10.51 10.51 10.50 10.50 10.49 10.49 10.48 10.48 10.46 10.46 10.45 10.45 10.43 10.43 10.41 10.41 10.39 10.38 10.36 10.36 10.34 10.32 10.32 10.31 10.31 10.31 10.30 10.31 10.30 10.30 10.30 10.30 10.30 10.30 10.29 10.30 10.29 10.29 10.29 10.29 10.28 10.28
10.49 10.49 10.49 10.50 10.49 10.50 10.51 10.50 10.51 10.51 10.51 10.51 10.51 10.51 10.52 10.51 10.52 10.52 10.52 10.53 10.52 10.53 10.52 10.53 10.52 10.53 10.53 10.52 10.53 10.52 10.53 10.52 10.52 10.51 10.52 10.51 10.51 10.50 10.50 10.49 10.49 10.48 10.48 10.47 10.47 10.46 10.46 10.45 10.44 10.43 10.43 10.41 10.41 10.39 10.38 10.37 10.36 10.34 10.32 10.31 10.30 10.30 10.29 10.28 10.29 10.28 10.29 10.28 10.28 10.28 10.28 10.27 10.28 10.27 10.27 10.27 10.27 10.26 10.26
10.47 10.48 10.49 10.48 10.49 10.49 10.49 10.49 10.50 10.49 10.50 10.51 10.50 10.51 10.50 10.51 10.51 10.51 10.51 10.51 10.51 10.51 10.51 10.51 10.52 10.51 10.52 10.51 10.52 10.51 10.52 10.51 10.51 10.51 10.51 10.51 10.50 10.50 10.50 10.49 10.49 10.49 10.48 10.48 10.47 10.46 10.46 10.45 10.44 10.43 10.43 10.41 10.41 10.39 10.39 10.37 10.36 10.35 10.34 10.32 10.30 10.29 10.28 10.28 10.27 10.27 10.27 10.27 10.26 10.27 10.26 10.25 10.26 10.25 10.25 10.25 10.25 10.25 10.24
10.47 10.47 10.47 10.47 10.48 10.47 10.48 10.49 10.48 10.49 10.49 10.49 10.49 10.50 10.49 10.50 10.49 10.50 10.51 10.50 10.51 10.50 10.51 10.50 10.51 10.50 10.51 10.50 10.51 10.50 10.51 10.51 10.50 10.51 10.50 10.50 10.49 10.50 10.49 10.49 10.48 10.48 10.47 10.47 10.46 10.46 10.45 10.45 10.44 10.43 10.42 10.41 10.41 10.39 10.39 10.37 10.37 10.35 10.34 10.32 10.31 10.30 10.28 10.27 10.26 10.25 10.25 10.25 10.24 10.25 10.24 10.24 10.24 10.24 10.23 10.24 10.23 10.23 10.22
10.46 10.45 10.46 10.46 10.46 10.47 10.47 10.47 10.47 10.48 10.47 10.48 10.48 10.48 10.48 10.49 10.49 10.49 10.49 10.49 10.50 10.49 10.50 10.49 10.50 10.49 10.50 10.49 10.50 10.50 10.50 10.50 10.49 10.50 10.49 10.49 10.49 10.49 10.48 10.48 10.48 10.48 10.47 10.47 10.46 10.46 10.45 10.45 10.44 10.43 10.42 10.41 10.41 10.39 10.39 10.37 10.37 10.35 10.35 10.33 10.31 10.30 10.28 10.27 10.25 10.24 10.24 10.23 10.22 10.23 10.22 10.22 10.22 10.22 10.21 10.22 10.21 10.21 10.21
10.44 10.45 10.45 10.45 10.45 10.46 10.45 10.46 10.46 10.46 10.46 10.47 10.46 10.47 10.48 10.47 10.48 10.48 10.48 10.48 10.48 10.48 10.49 10.48 10.49 10.49 10.49 10.49 10.49 10.49 10.49 10.49 10.48 10.49 10.48 10.48 10.48 10.48 10.47 10.48 10.47 10.47 10.46 10.46 10.45 10.45 10.44 10.44 10.43 10.43 10.42 10.42 10.40 10.39 10.39 10.37 10.37 10.35 10.35 10.33 10.31 10.31 10.29 10.28 10.26 10.24 10.23 10.22 10.21 10.21 10.21 10.20 10.21 10.20 10.20 10.20 10.20 10.19 10.20
10.43 10.44 10.43 10.44 10.44 10.44 10.44 10.45 10.46 10.45 10.46 10.45 10.46 10.46 10.46 10.46 10.47 10.46 10.47 10.47 10.47 10.47 10.47 10.48 10.48 10.48 10.48 10.48 10.48 10.48 10.48 10.48 10.47 10.48 10.47 10.48 10.47 10.47 10.47 10.47 10.46 10.46 10.45 10.46 10.45 10.45 10.44 10.44 10.43 10.43 10.42 10.41 10.40 10.39 10.39 10.37 10.37 10.36 10.35 10.33 10.32 10.31 10.29 10.29 10.27 10.25 10.24 10.22 10.20 10.20 10.19 10.19 10.19 10.18 10.18 10.18 10.18 10.17 10.17
10.42 10.42 10.42 10.43 10.43 10.43 10.44 10.44 10.44 10.44 10.45 10.44 10.45 10.45 10.45 10.45 10.46 10.46 10.46 10.46 10.46 10.47 10.46 10.47 10.46 10.47 10.46 10.47 10.47 10.47 10.47 10.47 10.46 10.47 10.46 10.47 10.46 10.46 10.46 10.46 10.46 10.46 10.45 10.45 10.44 10.44 10.43 10.43 10.42 10.42 10.41 10.41 10.40 10.39 10.39 10.37 10.37 10.36 10.35 10.34 10.32 10.32 10.30 10.29 10.27 10.25 10.24 10.22 10.20 10.19 10.18 10.17 10.17 10.17 10.16 10.17 10.16 10.16 10.16
10.41 10.41 10.42 10.41 10.42 10.42 10.43 10.42 10.43 10.43 10.43 10.43 10.44 10.44 10.44 10.45 10.44 10.45 10.45 10.45 10.45 10.45 10.45 10.46 10.45 10.46 10.45 10.46 10.45 10.46 10.46 10.46 10.46 10.46 10.46 10.46 10.46 10.45 10.46 10.45 10.45 10.45 10.45 10.44 10.43 10.44 10.43 10.43 10.42 10.42 10.41 10.41 10.40 10.40 10.38 10.37 10.37 10.36 10.35 10.34 10.32 10.32 10.30 10.30 10.28 10.26 10.25 10.23 10.21 10.20 10.18 10.16 10.16 10.15 10.14 10.15 10.14 10.14 10.13
10.40 10.40 10.40 10.40 10.41 10.41 10.41 10.41 10.42 10.41 10.42 10.42 10.42 10.43 10.43 10.43 10.43 10.44 10.43 10.44 10.44 10.44 10.44 10.44 10.44 10.45 10.45 10.45 10.45 10.45 10.45 10.45 10.45 10.45 10.45 10.45 10.45 10.45 10.45 10.44 10.45 10.44 10.44 10.43 10.43 10.43 10.42 10.42 10.41 10.41 10.40 10.40 10.39 10.39 10.38 10.37 10.37 10.36 10.35 10.34 10.34 10.32 10.31 10.30 10.28 10.27 10.26 10.24 10.22 10.21 10.19 10.17 10.16 10.14 10.13 10.13 10.13 10.12 10.12
