main/data/pressure/03.07.2023.grid
ncols 886
nrows 691
xllcenter 112.0000
yllcenter -44.5000
cellsize 0.0500
nodata_value 99999.90
[rows 105 to 139 of 691, columns 474 to 552 of 886]
13.90 13.99 14.07 14.09 14.15 14.18 14.20 14.23 14.24 14.27 14.28 14.31 14.32 14.34 14.37 14.39 14.41 14.44 14.47 14.50 14.52 14.55 14.59 14.62 14.66 14.70 14.74 14.77 14.82 14.86 14.90 14.97 15.09 15.28 15.51 15.73 15.95 16.16 16.38 16.58 16.76 16.95 17.12 17.30 17.45 17.59 17.74 17.87 17.99 18.12 18.23 18.34 18.45 18.55 18.65 18.75 18.85 18.95 19.04 19.13 19.22 19.31 19.40 19.48 19.57 19.65 19.73 19.81 19.88 19.95 20.03 20.09 20.15 20.22 20.27 20.33 20.39 20.45 20.50
13.81 13.85 13.98 13.97 14.04 14.10 14.13 14.16 14.17 14.19 14.20 14.23 14.24 14.26 14.28 14.31 14.33 14.35 14.38 14.41 14.43 14.47 14.50 14.53 14.57 14.60 14.64 14.68 14.72 14.76 14.80 14.85 14.92 15.05 15.27 15.51 15.74 15.97 16.19 16.41 16.61 16.81 16.98 17.16 17.32 17.48 17.62 17.76 17.89 18.02 18.14 18.26 18.37 18.47 18.58 18.68 18.78 18.88 18.97 19.07 19.16 19.25 19.34 19.42 19.51 19.59 19.67 19.75 19.83 19.90 19.97 20.04 20.10 20.16 20.22 20.28 20.33 20.38 20.43
13.62 13.77 13.88 13.93 14.00 14.05 14.07 14.09 14.12 14.13 14.15 14.16 14.18 14.19 14.21 14.23 14.26 14.28 14.30 14.33 14.36 14.38 14.42 14.45 14.48 14.51 14.55 14.58 14.63 14.67 14.71 14.76 14.81 14.88 15.05 15.29 15.53 15.78 16.02 16.24 16.45 16.66 16.85 17.03 17.21 17.36 17.52 17.66 17.80 17.93 18.06 18.18 18.29 18.39 18.51 18.61 18.71 18.82 18.92 19.00 19.10 19.20 19.28 19.37 19.45 19.54 19.62 19.69 19.77 19.84 19.92 19.98 20.04 20.11 20.17 20.22 20.28 20.33 20.38
13.49 13.49 13.83 13.90 13.95 13.98 14.00 14.02 14.04 14.07 14.08 14.09 14.11 14.13 14.14 14.17 14.18 14.21 14.23 14.26 14.29 14.32 14.34 14.37 14.40 14.44 14.47 14.50 14.54 14.58 14.62 14.67 14.72 14.77 14.86 15.09 15.34 15.59 15.84 16.08 16.31 16.52 16.71 16.91 17.09 17.26 17.42 17.57 17.71 17.85 17.97 18.09 18.21 18.33 18.43 18.54 18.64 18.74 18.85 18.95 19.05 19.13 19.23 19.31 19.40 19.49 19.57 19.65 19.72 19.80 19.87 19.93 20.00 20.06 20.12 20.17 20.22 20.27 20.32
13.50 13.45 13.82 13.84 13.87 13.92 13.94 13.96 13.98 14.00 14.01 14.04 14.05 14.07 14.09 14.11 14.12 14.15 14.17 14.19 14.22 14.25 14.28 14.31 14.34 14.36 14.40 14.43 14.46 14.50 14.54 14.59 14.63 14.68 14.75 14.90 15.15 15.41 15.67 15.92 16.15 16.38 16.59 16.78 16.97 17.15 17.31 17.46 17.61 17.76 17.89 18.02 18.14 18.24 18.36 18.47 18.58 18.68 18.79 18.89 18.98 19.08 19.18 19.26 19.35 19.43 19.52 19.60 19.68 19.75 19.81 19.89 19.95 20.01 20.06 20.12 20.17 20.22 20.27
13.63 13.70 13.66 13.74 13.81 13.85 13.88 13.91 13.93 13.94 13.95 13.96 14.00 14.01 14.03 14.05 14.07 14.09 14.12 14.14 14.17 14.20 14.22 14.25 14.27 14.30 14.32 14.35 14.38 14.42 14.46 14.50 14.55 14.60 14.66 14.74 14.97 15.24 15.51 15.77 16.02 16.25 16.47 16.67 16.86 17.05 17.22 17.37 17.52 17.67 17.80 17.93 18.05 18.17 18.30 18.40 18.51 18.62 18.73 18.83 18.92 19.02 19.11 19.21 19.30 19.39 19.46 19.55 19.62 19.70 19.77 19.84 19.90 19.96 20.01 20.07 20.12 20.17 20.20
13.64 13.66 13.60 13.69 13.76 13.80 13.82 13.85 13.87 13.88 13.90 13.91 13.95 13.96 13.98 14.00 14.02 14.02 14.03 14.09 14.11 14.14 14.13 14.19 14.21 14.23 14.26 14.29 14.32 14.35 14.38 14.42 14.47 14.52 14.57 14.64 14.82 15.09 15.36 15.62 15.88 16.12 16.34 16.56 16.75 16.95 17.12 17.29 17.44 17.58 17.72 17.85 17.98 18.10 18.23 18.34 18.45 18.56 18.67 18.77 18.87 18.97 19.06 19.16 19.25 19.34 19.42 19.50 19.58 19.65 19.72 19.79 19.85 19.91 19.96 20.02 20.07 20.11 20.15
13.62 13.64 13.67 13.68 13.71 13.74 13.77 13.79 13.81 13.83 13.84 13.86 13.87 13.91 13.93 13.95 13.96 13.85 14.01 13.95 14.06 14.10 13.98 14.09 14.03 14.18 14.17 14.22 14.25 14.28 14.31 14.35 14.39 14.44 14.49 14.55 14.69 14.95 15.23 15.49 15.76 16.00 16.23 16.45 16.65 16.84 17.02 17.19 17.34 17.50 17.64 17.78 17.91 18.04 18.16 18.28 18.39 18.51 18.61 18.72 18.82 18.92 19.01 19.11 19.20 19.29 19.38 19.46 19.53 19.60 19.67 19.74 19.80 19.86 19.91 19.96 20.01 20.05 20.10
13.55 13.59 13.62 13.64 13.65 13.67 13.70 13.74 13.75 13.77 13.78 13.79 13.83 13.86 13.86 13.90 13.90 13.93 13.95 13.99 14.02 13.99 14.03 13.95 14.11 13.98 14.00 14.16 14.18 14.21 14.24 14.27 14.31 14.36 14.41 14.47 14.56 14.82 15.11 15.38 15.64 15.89 16.12 16.35 16.55 16.75 16.93 17.10 17.27 17.42 17.57 17.71 17.84 17.96 18.09 18.21 18.33 18.44 18.56 18.66 18.77 18.87 18.97 19.06 19.15 19.24 19.33 19.41 19.49 19.56 19.63 19.70 19.76 19.81 19.86 19.91 19.96 20.00 20.04
13.46 13.50 13.51 13.49 13.56 13.60 13.63 13.67 13.69 13.71 13.71 13.74 13.78 13.80 13.82 13.85 13.87 13.90 13.92 13.90 13.97 13.84 14.03 14.05 14.06 13.85 13.88 14.09 14.11 14.14 14.17 14.21 14.24 14.29 14.33 14.39 14.47 14.71 14.99 15.27 15.53 15.78 16.02 16.25 16.46 16.66 16.84 17.02 17.18 17.34 17.49 17.63 17.77 17.90 18.02 18.15 18.27 18.38 18.49 18.61 18.71 18.81 18.92 19.02 19.11 19.20 19.28 19.36 19.44 19.51 19.58 19.65 19.71 19.76 19.81 19.86 19.90 19.95 19.98
13.40 13.21 13.45 13.31 13.52 13.54 13.55 13.60 13.64 13.66 13.67 13.71 13.72 13.75 13.76 13.79 13.82 13.85 13.88 13.87 13.92 13.88 13.90 14.00 14.00 14.01 13.89 13.93 14.05 14.07 14.10 14.13 14.18 14.22 14.26 14.32 14.39 14.62 14.89 15.17 15.44 15.69 15.93 16.16 16.37 16.57 16.75 16.94 17.10 17.26 17.41 17.55 17.69 17.82 17.96 18.08 18.20 18.32 18.44 18.55 18.66 18.77 18.87 18.97 19.06 19.15 19.24 19.32 19.40 19.46 19.54 19.60 19.66 19.71 19.76 19.80 19.85 19.88 19.92
13.26 13.26 13.39 13.23 13.45 13.47 13.50 13.53 13.57 13.59 13.62 13.63 13.68 13.71 13.72 13.73 13.75 13.79 13.82 13.84 13.87 13.90 13.91 13.93 13.94 13.94 13.94 13.95 13.92 14.00 14.04 14.07 14.10 14.14 14.19 14.24 14.32 14.53 14.80 15.08 15.35 15.60 15.85 16.07 16.28 16.49 16.68 16.86 17.02 17.19 17.33 17.48 17.62 17.76 17.89 18.02 18.14 18.27 18.38 18.50 18.61 18.72 18.82 18.92 19.02 19.11 19.20 19.27 19.35 19.43 19.49 19.55 19.61 19.66 19.70 19.74 19.79 19.82 19.85
13.18 13.15 13.19 13.36 13.38 13.40 13.41 13.41 13.44 13.51 13.52 13.54 13.63 13.66 13.69 13.69 13.73 13.75 13.76 13.78 13.80 13.84 13.85 13.87 13.88 13.88 13.89 13.86 13.92 13.94 13.97 14.00 14.03 14.08 14.12 14.17 14.25 14.46 14.73 15.01 15.28 15.53 15.77 15.99 16.21 16.41 16.59 16.77 16.95 17.11 17.26 17.41 17.56 17.69 17.83 17.96 18.08 18.20 18.33 18.44 18.55 18.66 18.77 18.87 18.97 19.06 19.15 19.23 19.30 19.37 19.44 19.50 19.56 19.61 19.65 19.68 19.73 19.76 19.79
12.80 12.93 13.20 13.28 13.29 13.30 13.29 13.37 13.42 13.46 13.49 13.52 13.60 13.63 13.64 13.67 13.67 13.70 13.71 13.73 13.76 13.77 13.79 13.79 13.81 13.81 13.83 13.85 13.86 13.88 13.90 13.94 13.97 14.01 14.05 14.10 14.18 14.40 14.68 14.94 15.21 15.46 15.69 15.92 16.13 16.32 16.52 16.69 16.88 17.04 17.19 17.34 17.49 17.63 17.76 17.89 18.02 18.15 18.26 18.39 18.51 18.61 18.72 18.83 18.92 19.02 19.10 19.19 19.26 19.33 19.39 19.44 19.50 19.55 19.59 19.62 19.66 19.68 19.71
12.90 12.94 13.18 13.20 13.19 13.22 13.26 13.30 13.37 13.42 13.46 13.48 13.52 13.57 13.60 13.60 13.63 13.64 13.65 13.67 13.67 13.70 13.71 13.73 13.72 13.75 13.74 13.78 13.79 13.82 13.85 13.87 13.90 13.94 13.98 14.03 14.11 14.36 14.63 14.89 15.14 15.39 15.63 15.84 16.05 16.25 16.44 16.63 16.80 16.96 17.12 17.26 17.41 17.55 17.69 17.83 17.96 18.09 18.21 18.33 18.45 18.57 18.67 18.78 18.88 18.97 19.05 19.13 19.21 19.28 19.33 19.39 19.44 19.48 19.52 19.56 19.58 19.61 19.63
12.80 12.58 12.92 13.04 12.98 13.04 13.16 13.28 13.31 13.30 13.33 13.34 13.40 13.53 13.52 13.52 13.56 13.57 13.59 13.61 13.62 13.65 13.66 13.68 13.68 13.70 13.69 13.71 13.72 13.72 13.78 13.81 13.84 13.87 13.91 13.97 14.09 14.33 14.59 14.85 15.10 15.34 15.57 15.79 15.99 16.19 16.37 16.55 16.72 16.89 17.05 17.19 17.34 17.48 17.62 17.76 17.90 18.03 18.15 18.28 18.39 18.51 18.62 18.72 18.82 18.92 19.00 19.09 19.16 19.23 19.28 19.34 19.39 19.42 19.45 19.49 19.50 19.53 19.55
12.83 12.84 12.96 13.02 12.96 13.00 13.09 13.19 13.23 13.25 13.28 13.30 13.30 13.44 13.46 13.45 13.50 13.50 13.54 13.55 13.57 13.59 13.60 13.62 13.63 13.63 13.65 13.67 13.68 13.68 13.72 13.75 13.78 13.82 13.85 13.91 14.07 14.30 14.56 14.81 15.05 15.28 15.50 15.71 15.92 16.11 16.30 16.47 16.65 16.81 16.97 17.12 17.27 17.42 17.56 17.69 17.83 17.96 18.09 18.22 18.33 18.46 18.57 18.68 18.77 18.87 18.96 19.03 19.11 19.17 19.23 19.28 19.31 19.35 19.38 19.41 19.42 19.44 19.46
12.67 12.83 12.96 12.99 13.00 12.99 13.04 13.10 13.13 13.20 13.28 13.33 13.38 13.38 13.33 13.32 13.38 13.43 13.46 13.48 13.50 13.53 13.55 13.57 13.57 13.58 13.59 13.61 13.64 13.64 13.67 13.69 13.72 13.76 13.80 13.86 14.04 14.29 14.54 14.77 15.01 15.23 15.45 15.65 15.86 16.04 16.23 16.40 16.57 16.73 16.89 17.05 17.19 17.34 17.48 17.62 17.76 17.89 18.03 18.15 18.27 18.39 18.51 18.62 18.72 18.82 18.90 18.98 19.05 19.11 19.16 19.21 19.25 19.28 19.30 19.32 19.34 19.35 19.36
12.42 12.77 12.90 12.85 12.90 12.95 12.98 12.99 13.03 12.94 13.16 13.23 13.27 13.31 13.28 13.25 13.33 13.37 13.40 13.41 13.43 13.46 13.48 13.52 13.53 13.52 13.52 13.54 13.56 13.60 13.62 13.64 13.66 13.70 13.74 13.84 14.04 14.28 14.52 14.74 14.97 15.18 15.39 15.60 15.79 15.97 16.16 16.33 16.49 16.66 16.81 16.97 17.12 17.26 17.41 17.55 17.68 17.83 17.95 18.08 18.21 18.33 18.45 18.56 18.66 18.76 18.85 18.93 18.99 19.05 19.10 19.14 19.17 19.20 19.21 19.23 19.23 19.25 19.25
12.47 12.56 12.70 12.75 12.85 12.86 12.84 12.88 12.82 12.81 12.98 13.12 13.17 13.23 13.24 13.20 13.22 13.24 13.35 13.36 13.32 13.42 13.38 13.41 13.44 13.45 13.46 13.49 13.52 13.54 13.56 13.59 13.61 13.65 13.70 13.83 14.05 14.27 14.50 14.72 14.93 15.14 15.34 15.53 15.73 15.91 16.08 16.25 16.41 16.58 16.74 16.89 17.04 17.19 17.33 17.48 17.61 17.76 17.89 18.02 18.15 18.27 18.39 18.50 18.60 18.70 18.79 18.87 18.93 18.99 19.04 19.07 19.09 19.11 19.12 19.13 19.13 19.13 19.13
12.75 12.67 12.73 12.77 12.71 12.72 12.66 12.62 12.74 12.84 12.93 13.02 13.08 13.12 13.18 13.20 13.14 13.25 13.29 13.23 13.31 13.37 13.32 13.37 13.39 13.40 13.42 13.43 13.46 13.48 13.50 13.53 13.55 13.58 13.68 13.86 14.06 14.27 14.47 14.68 14.88 15.09 15.29 15.47 15.66 15.83 16.00 16.18 16.33 16.49 16.65 16.80 16.96 17.10 17.25 17.40 17.54 17.67 17.81 17.95 18.08 18.20 18.33 18.43 18.55 18.64 18.73 18.81 18.88 18.92 18.96 18.99 19.01 19.02 19.02 19.02 19.01 19.00 19.01
12.75 12.72 12.71 12.67 12.59 12.52 12.60 12.62 12.60 12.70 12.79 12.92 12.93 13.03 13.09 13.10 13.09 13.21 13.22 13.17 13.23 13.32 13.29 13.33 13.34 13.36 13.37 13.39 13.41 13.42 13.43 13.45 13.48 13.53 13.68 13.87 14.05 14.25 14.45 14.65 14.84 15.05 15.24 15.41 15.59 15.76 15.93 16.09 16.25 16.41 16.56 16.72 16.87 17.02 17.17 17.31 17.45 17.60 17.73 17.88 18.01 18.13 18.26 18.37 18.48 18.57 18.67 18.74 18.81 18.86 18.89 18.92 18.92 18.93 18.92 18.91 18.89 18.88 18.86
12.64 12.54 12.62 12.56 12.43 12.35 12.45 12.47 12.59 12.69 12.75 12.68 12.75 12.89 13.00 13.05 13.06 13.16 13.11 13.17 13.25 13.25 13.24 13.30 13.29 13.32 13.33 13.36 13.36 13.34 13.36 13.39 13.40 13.49 13.66 13.82 14.02 14.21 14.40 14.59 14.79 14.98 15.17 15.35 15.52 15.68 15.85 16.01 16.17 16.33 16.48 16.63 16.79 16.93 17.08 17.23 17.37 17.51 17.66 17.78 17.92 18.05 18.17 18.29 18.40 18.51 18.60 18.68 18.74 18.79 18.82 18.83 18.83 18.82 18.80 18.78 18.76 18.73 18.71
12.51 12.23 12.47 12.51 12.35 12.31 12.39 12.42 12.54 12.63 12.61 12.58 12.62 12.78 12.90 12.99 13.07 13.07 13.13 13.18 13.21 13.13 13.16 13.27 13.25 13.26 13.29 13.33 13.32 13.30 13.29 13.25 13.32 13.38 13.38 13.73 13.95 14.12 14.31 14.57 14.74 14.93 15.11 15.29 15.45 15.61 15.77 15.92 16.08 16.24 16.39 16.54 16.70 16.84 16.99 17.13 17.28 17.42 17.57 17.70 17.83 17.96 18.09 18.21 18.33 18.44 18.53 18.61 18.68 18.72 18.74 18.75 18.73 18.71 18.68 18.64 18.61 18.58 18.52
12.53 12.43 12.59 12.57 12.46 12.38 12.47 12.46 12.47 12.56 12.51 12.51 12.51 12.74 12.77 12.85 12.97 13.04 13.10 13.14 13.17 13.04 13.21 13.21 13.19 13.20 13.23 13.30 13.28 13.27 13.26 13.21 13.26 13.29 13.31 13.63 13.86 13.99 14.34 14.36 14.68 14.86 15.04 15.21 15.37 15.53 15.68 15.84 15.99 16.14 16.30 16.45 16.59 16.75 16.89 17.04 17.18 17.32 17.47 17.61 17.74 17.87 18.00 18.13 18.25 18.36 18.46 18.54 18.61 18.65 18.66 18.65 18.62 18.60 18.55 18.51 18.41 18.41 18.32
12.47 12.42 12.50 12.54 12.52 12.42 12.48 12.47 12.34 12.48 12.56 12.53 12.56 12.67 12.66 12.78 12.92 13.01 13.07 13.10 13.07 13.05 13.18 13.09 13.11 13.15 13.22 13.26 13.28 13.22 13.23 13.25 13.30 13.35 13.45 13.74 13.93 14.10 14.31 14.45 14.62 14.78 14.96 15.12 15.29 15.44 15.59 15.74 15.90 16.04 16.19 16.35 16.49 16.64 16.79 16.93 17.08 17.23 17.36 17.51 17.64 17.77 17.91 18.03 18.15 18.27 18.37 18.46 18.54 18.59 18.59 18.57 18.52 18.48 18.43 18.38 18.30 18.33 18.26
12.63 12.53 12.49 12.41 12.48 12.53 12.51 12.50 12.35 12.44 12.59 12.52 12.53 12.59 12.66 12.74 12.89 13.00 13.00 13.07 13.07 13.03 13.16 13.05 13.06 13.15 13.25 13.24 13.24 13.23 13.16 13.26 13.35 13.46 13.71 13.84 13.96 14.05 14.22 14.39 14.50 14.66 14.88 15.04 15.19 15.34 15.49 15.64 15.80 15.95 16.09 16.24 16.39 16.54 16.68 16.83 16.97 17.11 17.25 17.40 17.53 17.66 17.80 17.92 18.05 18.17 18.29 18.38 18.47 18.53 18.53 18.48 18.41 18.39 18.37 18.33 18.29 18.25 18.21
12.64 12.62 12.60 12.56 12.53 12.54 12.47 12.38 12.32 12.46 12.60 12.47 12.47 12.51 12.60 12.68 12.90 12.99 13.02 13.03 13.09 13.12 13.15 13.10 13.09 13.16 13.23 13.13 13.20 13.20 13.22 13.26 13.34 13.48 13.69 13.76 13.88 13.88 14.12 14.29 14.29 14.59 14.78 14.92 15.09 15.24 15.39 15.54 15.69 15.84 15.99 16.13 16.28 16.42 16.58 16.71 16.86 17.00 17.14 17.28 17.41 17.55 17.67 17.81 17.93 18.05 18.18 18.30 18.40 18.48 18.49 18.43 18.36 18.33 18.30 18.26 18.21 18.16 18.12
12.58 12.63 12.62 12.59 12.57 12.52 12.35 12.35 12.45 12.53 12.60 12.52 12.49 12.52 12.64 12.70 12.90 12.89 12.91 12.96 13.00 13.10 13.09 13.11 13.12 13.17 13.22 13.14 13.17 13.18 13.14 13.19 13.28 13.42 13.64 13.61 13.80 13.86 14.03 14.20 14.22 14.53 14.58 14.80 14.98 15.13 15.29 15.44 15.58 15.73 15.88 16.02 16.17 16.31 16.46 16.61 16.75 16.89 17.02 17.16 17.29 17.42 17.55 17.68 17.80 17.92 18.04 18.17 18.31 18.48 18.47 18.40 18.33 18.27 18.23 18.17 18.11 18.07 18.03
12.56 12.64 12.32 12.42 12.52 12.52 12.53 12.39 12.41 12.48 12.56 12.60 12.56 12.55 12.64 12.76 12.88 12.87 12.91 12.97 13.04 13.04 13.07 13.01 13.12 13.11 13.18 13.10 13.14 13.15 13.22 13.11 13.25 13.43 13.60 13.65 13.71 13.80 13.97 14.07 14.25 14.28 14.40 14.72 14.86 15.03 15.18 15.33 15.48 15.62 15.76 15.91 16.05 16.20 16.34 16.48 16.62 16.76 16.90 17.03 17.16 17.29 17.41 17.54 17.65 17.77 17.89 18.02 18.18 18.30 18.33 18.29 18.23 18.17 18.11 18.06 18.01 17.96 17.92
12.62 12.61 12.41 12.41 12.43 12.48 12.58 12.46 12.39 12.40 12.48 12.61 12.61 12.50 12.63 12.74 12.85 12.87 12.91 12.99 12.93 13.00 13.02 13.03 12.98 13.11 13.09 13.09 13.07 13.09 13.04 13.24 13.33 13.43 13.50 13.58 13.66 13.79 13.87 13.82 14.15 14.21 14.46 14.61 14.75 14.90 15.06 15.21 15.34 15.50 15.63 15.78 15.93 16.07 16.21 16.36 16.50 16.64 16.76 16.90 17.02 17.14 17.26 17.38 17.49 17.60 17.72 17.86 18.00 18.09 18.14 18.13 18.08 18.04 17.99 17.95 17.89 17.85 17.80
12.63 12.62 12.58 12.41 12.31 12.41 12.55 12.62 12.51 12.34 12.47 12.60 12.54 12.50 12.60 12.71 12.80 12.80 12.91 12.89 12.86 12.98 12.96 13.01 13.12 13.16 13.12 13.01 13.06 13.01 12.96 13.20 13.20 13.33 13.35 13.50 13.63 13.71 13.81 13.93 14.04 14.15 14.31 14.46 14.57 14.76 14.93 15.08 15.23 15.37 15.51 15.65 15.80 15.94 16.09 16.23 16.37 16.50 16.63 16.76 16.88 17.00 17.11 17.22 17.32 17.43 17.56 17.70 17.81 17.89 17.94 17.94 17.92 17.88 17.85 17.81 17.76 17.72 17.68
12.53 12.43 12.35 12.49 12.31 12.39 12.47 12.63 12.62 12.53 12.52 12.61 12.58 12.51 12.60 12.70 12.73 12.79 12.77 12.83 12.81 12.95 12.96 13.03 13.08 13.11 13.07 12.88 12.97 12.92 13.00 13.11 13.17 13.28 13.19 13.32 13.48 13.51 13.69 13.78 13.80 13.89 14.20 14.33 14.52 14.66 14.81 14.95 15.09 15.24 15.38 15.52 15.67 15.82 15.95 16.11 16.23 16.36 16.49 16.61 16.73 16.84 16.95 17.05 17.16 17.28 17.40 17.52 17.61 17.70 17.74 17.76 17.74 17.73 17.69 17.66 17.62 17.58 17.55
12.45 12.44 12.47 12.46 12.40 12.51 12.64 12.64 12.61 12.54 12.45 12.56 12.65 12.54 12.59 12.61 12.70 12.79 12.83 12.83 12.87 12.95 12.99 13.04 13.04 13.01 12.99 12.92 12.92 12.92 12.97 12.98 13.07 13.23 13.22 13.25 13.38 13.50 13.55 13.61 13.47 13.57 13.81 14.04 14.37 14.53 14.68 14.82 14.97 15.11 15.24 15.38 15.53 15.68 15.82 15.96 16.10 16.23 16.35 16.48 16.58 16.70 16.79 16.89 17.00 17.12 17.24 17.35 17.43 17.50 17.55 17.57 17.57 17.55 17.53 17.50 17.47 17.44 17.41
12.39 12.41 12.46 12.39 12.41 12.52 12.51 12.60 12.56 12.53 12.45 12.55 12.65 12.62 12.62 12.61 12.71 12.74 12.77 12.78 12.78 12.85 12.95 12.99 12.90 12.89 12.88 12.77 12.78 12.86 12.79 12.92 13.06 13.17 13.14 13.19 13.29 13.38 13.43 13.42 13.50 13.53 13.69 13.60 14.25 14.40 14.53 14.68 14.83 14.98 15.11 15.25 15.40 15.55 15.70 15.84 15.96 16.10 16.22 16.32 16.43 16.54 16.63 16.74 16.84 16.96 17.08 17.17 17.25 17.32 17.35 17.38 17.39 17.38 17.37 17.35 17.32 17.30 17.27
