main/data/pressure/03.01.2023.grid
ncols 886
nrows 691
xllcenter 112.0000
yllcenter -44.5000
cellsize 0.0500
nodata_value 99999.90
[rows 105 to 139 of 691, columns 312 to 389 of 886]
28.69 28.98 29.02 28.95 28.60 28.54 29.11 29.21 28.49 27.94 29.27 29.10 29.21 29.26 29.25 29.02 28.91 28.91 28.83 28.46 28.85 28.97 28.92 28.91 28.70 28.91 29.02 29.04 29.02 29.12 29.13 29.08 29.08 29.01 28.84 28.88 28.94 28.71 28.42 28.39 28.63 28.20 27.96 28.37 28.73 28.59 28.79 28.19 27.80 27.99 28.63 28.50 28.08 27.71 27.82 28.52 28.30 28.04 28.41 27.89 28.65 28.58 28.51 28.14 28.09 28.09 27.93 27.23 27.21 26.68 27.20 27.34 27.15 27.19 27.24 27.17 27.26 26.82
28.70 28.81 28.87 28.37 27.72 27.90 28.26 28.92 29.22 29.20 29.19 28.93 28.93 29.13 29.15 28.97 28.51 27.69 28.75 28.16 28.70 28.73 28.99 28.71 27.81 28.63 28.91 29.02 29.00 29.09 29.04 29.05 29.04 28.97 28.88 28.93 28.90 27.90 28.40 28.64 27.95 27.81 27.80 27.87 28.34 28.50 28.00 28.29 28.15 28.10 28.55 28.25 27.62 27.62 27.93 28.56 28.43 27.10 28.09 28.68 28.64 28.58 28.44 28.29 28.07 27.56 27.71 27.39 27.20 27.31 27.39 27.46 27.27 27.08 26.93 26.92 26.99 27.14
28.36 28.56 28.64 28.15 27.49 27.77 28.52 28.89 29.06 29.10 29.09 28.87 28.77 29.08 29.07 29.02 28.97 27.97 28.77 28.74 28.84 28.90 28.96 28.99 28.95 28.84 28.81 28.93 28.83 28.93 29.02 29.00 28.98 28.96 28.92 28.88 28.82 28.74 28.09 28.23 27.79 27.53 28.11 28.06 28.64 28.74 27.85 28.38 28.32 28.01 28.72 27.88 27.71 28.20 28.77 28.77 28.70 28.74 28.72 28.66 28.63 28.46 28.40 28.13 28.00 27.52 27.95 27.31 27.41 27.51 27.29 27.54 27.11 27.00 27.04 26.88 27.21 27.21
28.21 28.27 28.36 27.90 27.73 27.48 28.16 28.81 29.01 29.02 29.00 28.60 28.97 28.86 28.99 28.91 28.80 28.56 28.59 28.07 28.21 28.53 28.80 28.92 28.98 28.99 28.99 28.95 28.85 28.98 28.96 28.95 28.91 28.89 28.44 28.14 28.31 28.24 27.81 28.21 28.22 28.37 28.51 28.56 28.67 28.67 27.95 28.08 28.64 28.73 28.59 28.24 28.75 28.76 28.76 28.76 28.76 28.75 28.73 28.65 28.52 28.30 28.07 27.78 27.47 27.98 27.99 27.67 27.56 27.71 27.88 27.48 26.90 27.01 27.11 27.11 27.09 27.10
28.09 28.06 28.36 28.35 28.29 27.86 27.94 28.26 28.95 28.93 28.89 27.88 28.56 28.10 28.91 28.81 28.73 28.57 28.00 28.43 28.86 28.54 28.66 28.79 28.91 28.93 28.92 28.88 28.74 28.91 28.87 28.74 28.82 28.50 27.61 27.61 27.94 28.05 28.23 27.46 28.09 28.40 28.30 28.58 28.56 28.52 28.57 28.67 28.65 28.01 27.88 28.72 28.73 28.74 28.75 28.77 28.77 28.76 28.75 28.58 28.46 28.17 27.85 27.83 27.61 28.33 28.19 27.95 27.75 28.12 28.07 27.63 27.24 27.29 27.19 26.94 27.00 26.95
27.77 28.03 28.54 28.67 28.70 28.70 28.32 28.08 28.86 28.68 28.81 28.78 28.50 28.01 28.74 28.85 28.78 28.65 28.88 28.86 28.74 27.91 28.60 28.40 28.06 28.29 28.35 28.54 28.84 28.72 28.68 28.47 28.73 28.61 28.59 28.30 28.41 28.10 27.60 27.88 28.26 28.64 28.63 28.48 28.18 28.11 28.24 28.53 28.11 27.31 28.68 28.69 28.71 28.74 28.76 28.78 28.77 28.68 28.62 28.37 28.20 28.25 28.63 28.65 28.58 28.47 28.18 27.51 28.33 28.29 28.22 27.94 27.80 27.72 27.47 26.89 26.74 26.73
28.76 28.77 28.78 28.81 28.89 28.85 28.76 28.80 28.66 28.18 28.73 27.99 28.70 28.59 28.76 28.77 28.78 28.79 27.33 28.82 28.78 28.62 28.74 28.75 28.75 27.73 27.89 28.75 28.75 28.34 28.31 27.58 28.59 28.05 28.50 28.27 27.71 27.43 28.07 28.42 28.45 28.35 28.20 28.23 27.72 28.29 28.32 28.33 27.87 28.39 28.66 28.67 28.68 28.71 28.74 28.79 28.79 28.51 28.38 28.20 27.88 28.15 27.87 28.23 28.63 28.63 28.00 28.53 28.48 28.42 28.35 28.22 27.98 27.66 27.78 27.61 27.45 26.80
28.02 28.36 28.43 28.20 28.77 28.78 28.72 28.63 28.59 28.43 28.59 28.33 28.05 28.66 28.66 28.46 28.70 28.52 28.70 28.72 28.71 28.66 28.73 28.71 28.53 27.48 28.63 28.60 28.47 28.61 27.82 27.52 27.93 28.16 27.69 27.58 27.40 27.38 27.78 28.10 28.27 28.05 27.26 28.05 27.33 28.03 27.55 27.55 28.55 28.58 28.62 28.64 28.65 28.68 28.73 28.73 28.86 28.43 28.57 28.91 27.71 28.43 28.85 27.96 27.28 27.88 28.65 28.62 27.49 28.10 28.44 28.31 28.16 28.01 27.68 27.27 27.17 27.00
27.46 27.86 27.93 27.43 28.26 28.68 28.44 26.93 27.05 27.84 28.56 28.08 27.75 28.52 27.38 28.49 28.43 27.14 27.80 28.07 28.45 28.00 28.63 28.61 28.50 28.34 28.56 28.55 28.37 28.55 27.97 28.27 27.43 27.41 27.11 27.40 26.92 27.03 27.49 27.54 28.20 28.11 27.93 27.71 27.63 27.34 28.12 28.49 28.51 28.55 28.61 28.60 28.61 28.62 28.63 28.70 28.85 28.93 28.24 28.55 27.69 28.77 28.95 27.97 28.75 28.11 27.86 28.62 28.53 27.59 28.53 28.45 27.96 28.07 27.68 27.16 27.79 27.42
26.90 27.04 27.47 27.74 28.20 28.59 28.12 25.84 27.45 26.14 28.38 27.86 27.63 28.36 27.89 27.67 27.97 27.32 27.48 27.48 26.95 27.96 28.50 28.45 28.21 28.26 28.34 28.43 28.36 28.46 28.39 27.75 27.40 27.34 27.13 27.22 26.96 27.05 27.21 27.23 27.75 27.46 27.58 27.38 27.57 27.21 28.43 28.44 28.47 28.53 28.58 28.58 28.53 28.45 28.35 28.33 28.75 28.60 27.95 27.95 27.58 28.18 28.42 28.99 28.86 27.89 27.73 28.59 27.75 28.05 28.20 28.48 28.27 28.22 28.15 28.00 27.85 27.71
27.13 26.50 27.72 28.06 28.07 28.49 28.05 26.18 27.13 27.84 28.16 28.17 27.79 28.13 28.04 27.91 27.85 27.13 27.63 28.03 28.04 28.06 28.39 27.63 26.97 28.04 27.70 28.07 27.59 28.32 28.35 28.31 27.27 27.27 27.83 27.24 27.50 27.19 27.28 27.44 27.59 27.89 27.75 28.18 28.29 28.37 28.40 28.40 28.44 28.41 28.55 28.39 28.37 28.28 28.34 28.15 28.66 27.84 28.91 28.86 28.47 28.54 28.98 29.08 28.88 28.38 27.67 28.47 27.92 28.50 28.73 28.09 28.47 27.83 27.98 27.81 27.89 27.48
27.68 27.64 27.80 27.43 27.28 27.93 28.02 26.86 26.83 26.99 27.66 27.78 28.07 27.44 27.60 27.84 27.74 27.65 27.19 28.17 28.16 27.47 28.28 28.23 27.88 28.13 28.02 26.97 27.95 27.87 28.22 28.00 27.45 27.77 27.95 27.68 27.75 27.17 27.35 27.51 27.71 27.63 27.93 26.73 28.31 28.34 28.37 28.39 28.41 28.47 28.52 28.26 27.93 28.02 28.25 27.73 28.35 28.41 28.71 28.91 28.75 28.83 29.04 28.84 28.54 28.37 28.15 28.11 28.71 28.74 28.82 28.33 28.08 27.87 27.77 27.42 27.35 27.61
26.92 27.13 27.23 27.09 26.51 28.17 28.22 27.99 27.72 25.70 27.40 26.70 27.96 26.62 27.19 27.74 27.79 27.88 27.95 28.02 28.10 27.32 28.13 28.17 27.99 27.87 27.97 27.87 27.26 27.35 28.10 28.13 27.96 27.94 27.90 27.35 27.70 27.43 27.45 27.55 27.45 27.79 28.19 28.24 28.28 28.31 28.36 28.39 28.42 28.44 28.46 28.54 28.15 28.23 28.56 28.33 28.54 28.24 28.49 28.99 29.05 29.13 29.19 28.12 27.80 27.85 27.73 28.14 28.14 28.85 28.12 28.59 28.01 28.13 28.05 27.45 27.80 27.59
26.24 26.66 27.46 27.61 27.61 27.45 27.88 27.52 27.67 26.73 27.08 27.14 27.82 26.97 26.94 27.70 27.80 26.90 26.96 27.83 27.47 27.12 27.71 28.04 27.47 27.47 27.78 27.75 27.66 27.44 28.04 27.73 27.98 27.88 27.62 27.52 27.50 27.19 26.77 27.33 27.82 28.04 28.17 28.21 28.23 28.28 28.35 28.34 28.31 28.34 28.25 28.06 28.30 28.67 28.59 28.45 28.24 28.38 28.65 28.89 29.04 28.74 28.46 28.06 27.90 27.97 28.01 28.12 28.47 29.00 28.84 28.61 28.66 28.48 28.29 28.11 27.89 27.45
27.02 27.30 26.96 26.99 27.58 25.87 27.25 27.35 27.43 27.45 27.06 27.14 27.60 27.12 26.50 27.60 27.71 27.75 27.36 27.81 27.04 26.86 25.84 27.92 26.48 27.60 26.20 27.28 27.92 27.93 27.69 27.61 27.79 27.82 27.79 27.69 27.56 27.39 27.58 27.90 28.00 28.05 28.11 28.17 28.21 28.25 28.32 28.32 28.13 28.12 28.25 27.86 27.73 27.79 28.80 28.20 28.06 28.37 28.52 28.68 29.01 28.31 28.04 28.38 28.30 28.43 28.30 28.29 28.71 28.89 29.11 28.62 28.46 28.46 28.32 28.09 27.92 27.44
26.90 26.29 25.80 27.23 26.21 26.43 27.25 27.35 26.62 26.51 25.77 26.75 27.28 27.18 27.34 26.45 26.90 27.48 27.64 27.61 26.13 26.64 27.78 27.38 27.22 27.49 26.74 26.02 27.33 27.62 27.26 27.36 27.63 27.67 27.66 27.62 27.60 27.62 27.75 27.77 27.89 27.60 28.03 28.16 28.19 28.25 28.22 28.11 28.06 27.98 28.02 28.05 27.70 28.00 28.77 28.34 28.39 28.52 28.43 28.46 29.09 29.15 28.73 28.89 29.09 29.11 29.09 28.91 28.83 28.40 29.20 29.08 28.89 28.63 28.43 28.26 28.07 27.90
26.37 26.22 26.27 26.72 26.40 26.96 26.81 27.08 27.10 25.73 25.80 26.92 27.04 26.90 27.11 26.85 27.14 27.46 27.30 27.19 27.39 26.52 27.64 26.24 27.31 27.12 27.32 26.65 27.36 27.46 27.10 27.42 27.45 27.50 27.50 27.33 27.56 27.62 27.74 27.80 27.49 27.25 28.07 28.13 28.17 28.21 28.16 27.87 27.89 27.79 27.65 28.23 27.64 27.73 28.73 28.87 28.80 28.50 28.58 29.00 29.06 29.22 29.30 29.06 29.40 28.54 29.27 29.47 29.44 29.32 29.25 29.16 29.04 28.85 28.61 28.48 28.29 27.99
26.06 25.85 26.68 25.46 26.09 27.00 26.22 26.90 26.63 25.79 26.11 26.76 26.55 26.49 25.89 26.84 27.29 27.15 26.40 26.75 26.04 25.41 27.49 26.14 25.70 25.91 26.41 26.51 26.78 26.86 27.17 27.07 27.22 27.04 27.14 27.09 27.46 27.55 27.64 27.76 27.83 27.91 28.02 28.08 28.16 28.19 28.11 27.79 27.66 27.61 27.58 28.18 28.06 27.97 28.25 28.58 28.98 28.63 28.82 29.12 29.19 29.18 28.64 29.06 29.38 29.30 29.18 29.43 29.33 29.24 29.32 29.21 29.07 28.88 28.62 28.26 28.25 28.09
25.85 25.77 26.50 25.98 25.97 26.82 25.39 26.55 26.27 25.24 26.07 26.34 25.90 26.31 26.92 27.04 27.12 26.90 26.09 25.97 26.29 26.85 27.24 27.27 27.16 26.17 27.22 27.15 26.98 26.93 27.06 26.88 27.00 26.89 26.62 27.08 27.29 27.44 27.36 27.67 27.77 27.88 27.97 28.04 28.03 27.86 28.16 28.14 27.96 27.55 27.84 28.24 28.28 28.10 28.66 28.81 29.00 28.95 28.83 29.15 28.88 29.03 29.22 29.32 29.39 28.82 29.01 29.40 29.10 29.03 29.31 29.25 29.13 28.99 28.84 28.53 28.33 28.19
25.70 26.03 26.37 26.29 26.51 26.43 25.69 26.45 26.13 25.29 25.86 26.04 25.81 26.87 26.91 26.90 26.93 26.22 24.75 25.42 26.89 26.99 26.57 27.07 26.44 26.77 27.11 27.07 27.02 26.97 26.69 26.57 26.33 26.13 26.59 26.93 27.12 27.20 27.20 26.84 27.37 27.79 27.91 27.99 27.99 27.76 27.59 27.33 27.86 28.18 28.25 28.00 27.68 27.95 28.27 28.88 28.32 28.91 28.97 29.17 29.07 28.93 28.85 28.86 28.86 28.92 29.17 29.30 29.03 28.96 29.17 29.28 29.06 29.01 28.86 28.66 28.42 28.05
25.71 25.91 26.11 26.20 26.46 26.17 26.16 26.08 25.98 25.83 26.26 26.47 26.70 26.71 26.75 26.36 26.72 26.01 25.63 26.74 26.66 26.85 26.94 27.03 25.60 26.95 26.87 26.83 26.71 26.82 26.73 26.62 26.42 26.03 25.67 26.45 26.87 26.81 27.33 27.36 27.51 27.73 27.83 27.94 28.00 27.79 27.60 27.37 27.17 27.80 28.22 28.26 28.07 28.30 28.77 28.38 28.94 28.78 28.57 28.35 29.28 29.10 28.86 28.60 28.58 29.14 29.15 29.25 29.19 29.12 29.16 29.30 29.14 29.01 28.85 28.72 28.48 27.99
25.09 25.63 25.78 24.85 25.81 25.53 25.98 26.02 25.39 25.46 26.19 26.49 26.38 26.53 26.48 24.68 26.52 26.46 26.51 25.58 25.58 26.51 26.85 26.85 26.86 26.83 26.71 26.53 26.41 26.44 26.19 26.18 26.32 25.93 26.03 26.31 26.26 26.55 27.04 27.42 27.55 27.63 27.77 27.86 27.88 27.64 27.48 27.46 27.29 27.30 27.61 28.10 28.45 28.42 28.69 28.56 28.89 28.67 28.39 28.66 28.82 29.33 29.20 29.05 28.99 29.03 28.83 29.27 29.30 29.25 29.31 29.31 29.19 29.02 28.86 28.69 28.55 28.04
25.25 25.58 25.50 25.70 25.15 24.91 25.95 26.01 25.93 26.14 26.16 26.00 25.85 26.11 26.09 25.82 25.86 25.94 25.77 25.02 25.68 26.67 26.67 26.60 26.67 26.64 26.62 26.30 26.14 26.04 25.78 25.76 26.20 26.02 26.19 26.30 26.62 26.93 27.16 26.80 27.46 27.40 27.69 27.75 27.75 27.42 27.21 27.32 27.34 27.17 27.19 27.47 28.19 28.32 28.51 28.67 28.57 28.52 28.56 28.87 29.23 29.30 28.44 29.09 29.44 29.30 29.36 29.34 29.40 29.38 29.36 29.23 29.18 29.05 28.87 28.67 28.56 28.38
25.44 25.26 25.31 25.87 25.21 25.07 25.78 25.99 26.05 26.08 25.62 24.77 25.02 25.98 25.51 23.98 25.07 25.64 25.09 25.15 26.10 26.51 26.48 26.45 26.52 26.51 26.44 26.15 25.87 25.94 25.78 26.14 25.77 26.17 25.59 25.92 26.64 26.84 26.92 27.03 27.04 27.07 27.59 27.69 27.54 27.07 26.81 26.74 26.86 26.99 27.16 27.57 27.86 28.16 28.40 28.59 28.80 28.75 28.91 29.05 29.22 29.29 28.55 28.90 29.27 29.43 29.42 29.42 29.42 29.39 29.35 29.09 29.11 28.91 28.83 28.71 28.57 28.34
24.57 24.70 24.91 25.69 24.42 24.40 25.66 25.84 25.88 25.86 25.65 24.59 25.40 25.73 25.63 25.27 25.55 25.96 23.89 24.99 26.33 26.32 26.35 26.36 26.28 26.22 26.21 26.23 25.71 26.13 26.10 25.80 26.12 26.16 26.14 26.34 26.64 26.38 26.43 26.81 27.25 27.32 27.51 27.56 27.47 26.67 26.41 26.44 26.61 26.64 26.90 27.01 27.55 27.84 28.05 28.40 28.90 28.99 29.16 29.21 29.27 29.30 29.20 29.10 29.17 29.35 29.41 29.35 29.27 29.35 29.21 28.74 29.08 28.72 28.74 28.66 28.54 28.25
24.47 24.37 24.84 25.53 24.21 24.20 24.97 25.55 23.90 25.64 24.48 24.71 25.58 25.38 25.23 25.51 25.89 25.62 24.12 26.14 25.64 25.97 26.20 26.11 25.87 25.50 26.11 25.96 25.74 25.79 25.54 25.61 26.10 26.18 26.21 26.37 26.57 26.46 26.20 26.64 27.13 27.31 27.40 27.36 27.28 26.89 26.45 26.43 26.68 26.86 26.92 27.05 27.43 27.71 27.77 28.06 28.84 28.34 28.35 28.94 28.97 29.16 29.30 29.33 29.36 29.27 29.03 29.02 29.36 29.32 29.07 28.79 28.84 28.65 28.61 28.55 28.47 28.23
24.63 24.15 24.79 25.38 24.15 24.07 24.66 25.33 24.70 25.46 24.33 24.77 25.41 24.88 24.39 24.45 25.79 25.88 25.95 25.95 25.67 25.94 26.02 25.98 25.91 25.17 25.82 25.92 25.33 25.58 25.48 25.59 25.84 25.77 25.91 26.26 26.49 26.65 26.81 26.96 27.09 26.86 27.29 27.18 27.09 26.77 26.61 26.60 26.74 26.92 26.89 27.09 27.29 27.91 28.32 28.55 28.27 28.27 28.50 28.65 28.42 28.63 28.97 29.28 29.27 28.95 28.93 29.21 29.22 29.24 29.21 29.00 28.78 28.48 28.44 28.32 28.21 28.02
24.74 24.89 25.28 24.80 23.85 23.84 24.60 25.12 24.97 25.26 25.17 25.08 24.89 23.64 24.22 25.51 25.63 25.74 25.06 24.49 24.29 25.92 25.90 25.86 25.79 25.57 25.67 25.62 25.15 25.33 25.23 25.25 25.26 25.25 25.83 26.20 26.28 26.50 26.73 26.88 26.83 26.82 27.04 26.96 26.79 26.60 26.62 26.68 26.76 26.92 27.06 27.19 27.35 27.88 28.24 27.88 28.10 28.22 28.42 28.52 28.51 28.59 29.08 29.14 29.14 29.12 29.16 29.24 29.24 29.12 29.17 29.07 28.84 28.49 28.36 28.21 28.06 27.89
24.88 25.16 25.05 24.34 23.49 23.80 24.61 24.95 24.95 25.12 25.22 25.24 25.09 24.07 24.26 25.25 25.45 25.56 25.70 25.74 25.77 25.79 25.78 25.76 25.76 25.68 25.62 25.20 24.97 25.47 25.17 24.88 24.75 25.35 25.92 26.00 26.12 26.32 26.66 26.71 26.86 26.66 26.82 26.75 26.56 26.45 26.42 26.38 26.35 26.67 27.01 27.29 27.57 27.83 27.91 27.99 28.36 28.41 28.49 28.56 28.69 28.43 29.11 28.82 28.85 29.07 29.20 29.05 29.17 28.83 29.11 29.06 28.99 28.76 28.74 28.61 28.55 27.88
24.92 25.24 24.65 24.13 23.93 24.19 24.65 24.84 24.91 24.30 24.60 23.78 24.26 24.94 23.91 23.08 23.55 25.53 25.41 25.61 25.60 25.65 25.59 25.65 25.61 25.48 25.28 24.89 24.76 25.09 25.15 24.77 24.39 25.18 25.79 25.82 26.16 26.42 26.57 26.34 26.09 26.10 26.68 26.69 26.47 26.44 26.42 26.25 26.12 26.47 26.83 27.03 26.93 27.55 27.47 27.95 28.33 28.64 28.72 28.89 28.86 29.00 28.68 28.43 28.82 29.04 29.11 29.09 28.98 28.59 28.82 28.97 28.97 28.79 28.79 28.70 28.55 28.38
25.31 24.75 23.84 23.80 24.10 24.48 24.52 24.42 24.08 24.06 25.01 25.02 25.15 25.16 25.18 25.12 25.37 24.58 25.30 25.49 25.49 25.33 25.33 25.54 25.38 25.28 25.14 24.54 24.63 24.72 24.91 24.82 24.84 25.14 25.54 25.88 26.18 25.97 26.48 26.56 25.48 25.49 26.67 26.65 26.34 26.50 26.42 26.19 26.05 26.34 26.72 26.87 27.18 27.32 27.78 28.10 28.39 28.50 28.69 28.81 28.87 28.89 28.58 28.55 28.98 28.99 29.00 29.00 28.88 28.68 28.77 28.88 28.92 28.86 28.81 28.74 28.67 28.57
24.99 24.14 22.85 23.68 24.16 24.48 24.28 23.87 23.94 24.45 24.70 24.84 24.97 25.06 25.17 25.10 25.23 24.35 25.27 25.34 25.35 25.03 25.32 25.37 25.11 24.94 24.90 24.27 24.50 24.20 24.05 24.43 24.86 25.24 25.57 25.90 25.92 25.03 25.97 26.47 26.26 25.72 26.22 26.01 26.38 26.50 26.27 26.07 26.05 26.24 26.55 26.67 26.84 27.35 27.67 27.77 27.88 28.16 28.47 28.55 28.71 28.71 28.54 28.56 28.71 28.73 28.86 28.87 28.50 28.58 28.73 28.80 28.84 28.79 28.64 28.69 28.62 28.53
24.30 24.20 24.31 24.32 24.21 24.32 24.31 23.59 24.15 24.05 24.26 24.68 24.97 24.63 25.07 25.14 25.08 25.22 25.19 25.11 25.23 25.17 25.31 25.11 24.79 24.20 24.70 23.99 24.36 23.82 24.27 24.43 24.54 24.75 25.28 25.42 25.68 25.44 26.23 26.23 26.01 25.92 25.91 26.08 25.92 26.30 25.91 25.85 25.92 26.20 26.52 26.71 26.88 27.24 27.13 27.31 27.61 28.00 28.12 28.17 28.58 28.45 28.34 28.45 28.54 28.42 28.82 28.74 28.56 28.57 28.73 28.75 28.75 28.77 28.61 28.34 28.56 28.43
24.52 24.39 24.43 24.23 24.08 24.21 24.26 24.28 24.09 23.16 23.66 24.84 24.76 24.62 25.02 24.57 24.20 24.71 23.77 24.61 25.00 25.14 25.21 24.72 24.56 24.00 24.25 24.23 24.47 24.10 24.18 24.46 24.40 24.16 24.02 24.93 25.66 25.34 25.75 25.77 25.84 25.51 25.46 25.75 26.01 25.78 25.51 25.66 25.91 26.15 26.37 26.68 26.75 26.71 26.85 27.05 27.31 27.74 27.81 27.98 28.16 28.07 28.22 28.36 28.45 28.54 28.73 28.63 28.42 28.50 28.63 28.69 28.71 28.70 28.45 28.23 28.28 28.15
24.52 24.53 24.15 23.85 23.92 24.13 23.65 23.65 23.78 23.91 24.73 24.72 24.70 24.90 24.86 23.71 24.02 24.46 24.14 24.47 24.87 25.04 25.12 24.91 24.94 23.87 24.67 24.18 24.29 24.56 24.70 24.50 24.71 24.59 24.35 24.88 24.75 24.70 24.90 24.61 25.71 25.54 25.20 25.41 25.51 25.87 25.63 25.49 25.91 26.12 26.36 26.34 26.43 26.49 26.64 26.88 27.26 27.34 27.42 27.73 27.92 27.96 28.16 28.31 28.40 28.51 28.62 28.48 28.33 28.40 28.56 28.62 28.65 28.61 28.58 28.18 28.10 28.01
