main/data/pressure/04.08.2023.grid
ncols 886
nrows 691
xllcenter 112.0000
yllcenter -44.5000
cellsize 0.0500
nodata_value 99999.90
[rows 140 to 174 of 691, columns 720 to 799 of 886]
23.00 23.02 23.02 23.02 23.01 23.01 23.00 23.00 22.98 22.97 22.96 22.94 22.93 22.91 22.89 22.87 22.85 22.82 22.79 22.75 22.72 22.68 22.65 22.60 22.55 22.51 22.46 22.41 22.35 22.31 22.25 22.19 22.14 22.09 22.04 21.99 21.94 21.90 21.85 21.82 21.78 21.75 21.71 21.68 21.66 21.64 21.62 21.60 21.58 21.57 21.56 21.54 21.53 21.52 21.51 21.49 21.48 21.46 21.45 21.44 21.42 21.41 21.39 21.37 21.35 21.34 21.32 21.30 21.29 21.27 21.25 21.24 21.22 21.21 21.19 21.18 21.17 21.15 21.13 21.12
22.96 22.96 22.96 22.96 22.96 22.96 22.96 22.96 22.95 22.93 22.92 22.91 22.90 22.88 22.86 22.85 22.82 22.80 22.77 22.75 22.72 22.68 22.64 22.60 22.56 22.52 22.47 22.43 22.38 22.34 22.28 22.24 22.19 22.13 22.09 22.04 22.00 21.95 21.91 21.88 21.84 21.81 21.78 21.76 21.73 21.70 21.69 21.67 21.64 21.64 21.62 21.60 21.59 21.58 21.56 21.54 21.54 21.52 21.50 21.48 21.47 21.45 21.43 21.41 21.40 21.39 21.37 21.34 21.33 21.32 21.30 21.28 21.26 21.25 21.23 21.22 21.21 21.19 21.18 21.17
22.91 22.92 22.92 22.92 22.92 22.92 22.92 22.91 22.91 22.91 22.90 22.89 22.88 22.86 22.85 22.82 22.80 22.78 22.76 22.73 22.70 22.67 22.64 22.61 22.56 22.53 22.49 22.45 22.41 22.36 22.32 22.27 22.22 22.18 22.14 22.09 22.05 22.01 21.97 21.93 21.90 21.88 21.84 21.81 21.79 21.77 21.75 21.73 21.71 21.69 21.68 21.66 21.65 21.63 21.61 21.59 21.59 21.57 21.55 21.53 21.51 21.49 21.49 21.47 21.45 21.43 21.41 21.39 21.38 21.36 21.34 21.33 21.31 21.30 21.28 21.27 21.26 21.24 21.22 21.21
22.87 22.87 22.87 22.88 22.88 22.88 22.87 22.87 22.88 22.87 22.86 22.85 22.84 22.83 22.82 22.80 22.79 22.77 22.75 22.71 22.69 22.66 22.63 22.60 22.57 22.54 22.50 22.46 22.42 22.39 22.35 22.30 22.26 22.22 22.18 22.14 22.11 22.06 22.03 21.99 21.96 21.93 21.91 21.87 21.86 21.83 21.81 21.79 21.77 21.75 21.73 21.71 21.70 21.68 21.66 21.65 21.64 21.62 21.60 21.58 21.57 21.55 21.53 21.51 21.49 21.48 21.46 21.44 21.42 21.41 21.39 21.37 21.36 21.34 21.33 21.32 21.30 21.29 21.28 21.27
22.81 22.83 22.83 22.83 22.83 22.83 22.83 22.83 22.83 22.83 22.83 22.82 22.81 22.80 22.79 22.78 22.76 22.74 22.73 22.71 22.68 22.66 22.64 22.60 22.57 22.54 22.51 22.48 22.44 22.41 22.37 22.33 22.30 22.25 22.22 22.19 22.14 22.11 22.08 22.05 22.02 21.99 21.96 21.93 21.91 21.89 21.87 21.85 21.83 21.81 21.79 21.78 21.76 21.74 21.72 21.71 21.69 21.67 21.65 21.64 21.62 21.60 21.58 21.56 21.54 21.52 21.50 21.50 21.48 21.46 21.45 21.43 21.41 21.40 21.38 21.36 21.35 21.34 21.33 21.32
22.77 22.77 22.78 22.79 22.79 22.79 22.79 22.79 22.79 22.79 22.78 22.79 22.78 22.77 22.76 22.75 22.73 22.72 22.70 22.69 22.67 22.65 22.62 22.60 22.58 22.55 22.52 22.48 22.45 22.42 22.39 22.36 22.32 22.29 22.26 22.23 22.19 22.16 22.12 22.10 22.07 22.04 22.02 21.99 21.97 21.94 21.93 21.90 21.89 21.87 21.84 21.83 21.81 21.79 21.78 21.76 21.74 21.73 21.71 21.69 21.67 21.65 21.63 21.62 21.60 21.58 21.56 21.54 21.53 21.51 21.49 21.48 21.46 21.45 21.44 21.42 21.41 21.40 21.39 21.38
22.71 22.72 22.73 22.73 22.74 22.74 22.75 22.75 22.75 22.75 22.74 22.74 22.74 22.74 22.73 22.72 22.71 22.70 22.68 22.67 22.65 22.63 22.61 22.59 22.57 22.55 22.52 22.50 22.47 22.44 22.40 22.38 22.35 22.32 22.29 22.26 22.23 22.20 22.17 22.14 22.11 22.09 22.07 22.04 22.02 22.00 21.98 21.96 21.94 21.92 21.90 21.88 21.86 21.85 21.83 21.81 21.79 21.78 21.76 21.74 21.72 21.70 21.69 21.67 21.65 21.63 21.61 21.60 21.58 21.56 21.55 21.53 21.52 21.50 21.49 21.47 21.46 21.45 21.44 21.43
22.66 22.67 22.67 22.69 22.69 22.70 22.70 22.70 22.71 22.71 22.71 22.70 22.70 22.70 22.70 22.69 22.68 22.67 22.66 22.64 22.63 22.61 22.61 22.58 22.57 22.54 22.52 22.50 22.47 22.45 22.42 22.40 22.37 22.34 22.31 22.29 22.27 22.23 22.21 22.19 22.16 22.14 22.11 22.09 22.07 22.05 22.03 22.01 21.99 21.97 21.95 21.93 21.91 21.90 21.88 21.86 21.85 21.83 21.81 21.79 21.77 21.76 21.74 21.72 21.70 21.68 21.66 21.66 21.64 21.62 21.61 21.59 21.58 21.56 21.55 21.54 21.53 21.50 21.49 21.48
22.60 22.61 22.63 22.63 22.64 22.64 22.66 22.66 22.66 22.67 22.67 22.67 22.66 22.66 22.67 22.66 22.65 22.64 22.63 22.62 22.61 22.61 22.59 22.58 22.56 22.54 22.52 22.50 22.48 22.46 22.43 22.41 22.39 22.37 22.34 22.32 22.29 22.27 22.25 22.23 22.20 22.18 22.15 22.14 22.11 22.09 22.08 22.06 22.04 22.02 22.00 21.98 21.96 21.95 21.93 21.91 21.90 21.88 21.86 21.84 21.83 21.81 21.79 21.77 21.75 21.75 21.73 21.71 21.69 21.68 21.66 21.65 21.63 21.62 21.61 21.59 21.58 21.57 21.56 21.55
22.55 22.57 22.57 22.58 22.60 22.60 22.60 22.62 22.62 22.62 22.62 22.63 22.63 22.63 22.62 22.63 22.62 22.62 22.61 22.61 22.60 22.59 22.57 22.56 22.55 22.53 22.52 22.50 22.48 22.46 22.45 22.43 22.41 22.39 22.36 22.34 22.32 22.30 22.27 22.25 22.24 22.21 22.19 22.18 22.15 22.14 22.11 22.10 22.08 22.07 22.04 22.03 22.01 22.00 21.98 21.96 21.95 21.93 21.91 21.89 21.88 21.86 21.84 21.82 21.82 21.80 21.78 21.77 21.75 21.73 21.72 21.71 21.69 21.68 21.67 21.65 21.64 21.63 21.62 21.61
22.49 22.51 22.52 22.52 22.54 22.55 22.56 22.57 22.57 22.58 22.58 22.58 22.59 22.59 22.59 22.60 22.59 22.59 22.58 22.58 22.58 22.57 22.56 22.55 22.53 22.52 22.51 22.49 22.48 22.46 22.45 22.43 22.41 22.40 22.38 22.36 22.35 22.32 22.30 22.29 22.27 22.25 22.23 22.22 22.19 22.18 22.16 22.14 22.12 22.11 22.09 22.08 22.06 22.05 22.03 22.01 22.00 21.98 21.96 21.95 21.93 21.91 21.90 21.89 21.87 21.85 21.84 21.82 21.81 21.79 21.79 21.77 21.76 21.75 21.73 21.72 21.71 21.70 21.69 21.67
22.43 22.45 22.46 22.48 22.48 22.50 22.51 22.51 22.53 22.53 22.54 22.54 22.55 22.56 22.56 22.55 22.56 22.56 22.55 22.55 22.55 22.54 22.54 22.53 22.52 22.52 22.51 22.50 22.48 22.47 22.46 22.44 22.43 22.41 22.39 22.37 22.36 22.35 22.33 22.32 22.29 22.28 22.27 22.24 22.23 22.22 22.20 22.19 22.17 22.15 22.13 22.12 22.10 22.09 22.07 22.07 22.05 22.03 22.01 22.00 21.98 21.97 21.95 21.94 21.93 21.91 21.89 21.88 21.87 21.86 21.85 21.83 21.82 21.81 21.80 21.78 21.77 21.76 21.75 21.75
22.37 22.39 22.40 22.42 22.43 22.45 22.45 22.47 22.47 22.49 22.49 22.50 22.51 22.51 22.52 22.52 22.52 22.53 22.52 22.52 22.53 22.52 22.52 22.51 22.51 22.50 22.49 22.48 22.47 22.46 22.45 22.44 22.43 22.42 22.41 22.39 22.38 22.37 22.36 22.33 22.32 22.31 22.30 22.28 22.27 22.26 22.24 22.23 22.21 22.20 22.18 22.17 22.15 22.14 22.12 22.11 22.09 22.08 22.07 22.05 22.03 22.02 22.01 22.00 21.98 21.97 21.95 21.95 21.93 21.92 21.91 21.89 21.88 21.87 21.86 21.85 21.84 21.83 21.82 21.81
22.31 22.33 22.34 22.36 22.37 22.39 22.40 22.42 22.42 22.44 22.45 22.46 22.46 22.47 22.47 22.49 22.49 22.50 22.50 22.49 22.50 22.50 22.49 22.49 22.49 22.49 22.48 22.47 22.47 22.46 22.46 22.45 22.44 22.43 22.42 22.41 22.39 22.38 22.37 22.36 22.35 22.34 22.32 22.31 22.30 22.28 22.27 22.26 22.24 22.23 22.22 22.21 22.19 22.18 22.17 22.15 22.14 22.12 22.12 22.10 22.09 22.08 22.06 22.05 22.04 22.03 22.02 22.00 21.99 21.98 21.97 21.95 21.94 21.94 21.93 21.92 21.91 21.90 21.89 21.89
22.25 22.26 22.29 22.31 22.32 22.34 22.35 22.36 22.38 22.39 22.40 22.41 22.42 22.43 22.44 22.45 22.45 22.45 22.46 22.46 22.47 22.47 22.47 22.48 22.47 22.47 22.46 22.46 22.46 22.46 22.45 22.44 22.44 22.43 22.42 22.41 22.40 22.40 22.39 22.38 22.36 22.35 22.34 22.34 22.32 22.31 22.30 22.29 22.28 22.27 22.25 22.25 22.23 22.23 22.21 22.20 22.19 22.17 22.17 22.15 22.14 22.13 22.12 22.10 22.09 22.09 22.07 22.06 22.05 22.04 22.03 22.02 22.01 22.00 21.99 21.99 21.98 21.97 21.96 21.95
22.19 22.20 22.23 22.25 22.26 22.28 22.30 22.31 22.33 22.34 22.35 22.37 22.37 22.39 22.39 22.41 22.42 22.42 22.43 22.43 22.44 22.45 22.44 22.45 22.45 22.45 22.45 22.45 22.45 22.45 22.44 22.44 22.43 22.43 22.42 22.41 22.42 22.40 22.39 22.39 22.38 22.38 22.37 22.35 22.35 22.34 22.32 22.32 22.31 22.30 22.29 22.29 22.27 22.26 22.25 22.24 22.23 22.22 22.21 22.20 22.19 22.18 22.17 22.16 22.14 22.14 22.13 22.12 22.11 22.11 22.10 22.09 22.08 22.07 22.06 22.05 22.04 22.04 22.03 22.02
22.12 22.14 22.17 22.18 22.20 22.22 22.24 22.25 22.27 22.29 22.30 22.32 22.33 22.34 22.35 22.37 22.37 22.39 22.39 22.40 22.41 22.42 22.42 22.43 22.43 22.43 22.44 22.44 22.43 22.43 22.44 22.44 22.43 22.43 22.43 22.42 22.42 22.41 22.41 22.40 22.40 22.39 22.38 22.38 22.37 22.37 22.35 22.35 22.34 22.33 22.33 22.31 22.31 22.29 22.29 22.28 22.27 22.26 22.26 22.25 22.23 22.23 22.22 22.21 22.21 22.20 22.19 22.17 22.17 22.17 22.16 22.15 22.14 22.13 22.12 22.11 22.11 22.11 22.09 22.10
22.06 22.08 22.10 22.12 22.14 22.16 22.18 22.20 22.22 22.24 22.25 22.26 22.28 22.30 22.32 22.32 22.34 22.34 22.36 22.36 22.38 22.39 22.39 22.39 22.41 22.41 22.42 22.42 22.42 22.43 22.43 22.43 22.42 22.42 22.42 22.42 22.42 22.41 22.41 22.41 22.41 22.40 22.40 22.40 22.39 22.38 22.38 22.38 22.36 22.36 22.36 22.35 22.34 22.33 22.33 22.32 22.32 22.30 22.30 22.29 22.28 22.28 22.27 22.26 22.26 22.25 22.24 22.23 22.23 22.22 22.21 22.21 22.20 22.19 22.20 22.19 22.18 22.18 22.17 22.17
21.99 22.01 22.04 22.06 22.08 22.11 22.12 22.14 22.16 22.18 22.20 22.22 22.23 22.25 22.27 22.28 22.29 22.31 22.32 22.33 22.34 22.35 22.36 22.37 22.38 22.38 22.40 22.40 22.40 22.41 22.41 22.41 22.41 22.42 22.42 22.42 22.42 22.42 22.42 22.42 22.42 22.42 22.42 22.41 22.41 22.40 22.40 22.39 22.39 22.39 22.38 22.38 22.38 22.37 22.37 22.36 22.36 22.35 22.35 22.34 22.33 22.33 22.32 22.31 22.31 22.30 22.29 22.29 22.29 22.28 22.27 22.27 22.26 22.26 22.26 22.25 22.25 22.24 22.24 22.23
21.91 21.94 21.96 21.99 22.01 22.04 22.06 22.08 22.10 22.13 22.15 22.17 22.19 22.20 22.22 22.24 22.25 22.26 22.28 22.30 22.30 22.32 22.33 22.34 22.35 22.36 22.37 22.38 22.38 22.39 22.40 22.40 22.41 22.41 22.41 22.42 22.42 22.42 22.42 22.42 22.42 22.42 22.42 22.42 22.42 22.42 22.42 22.42 22.42 22.42 22.41 22.41 22.40 22.40 22.39 22.39 22.39 22.38 22.39 22.38 22.37 22.37 22.36 22.36 22.36 22.35 22.34 22.35 22.34 22.33 22.33 22.32 22.33 22.32 22.32 22.31 22.31 22.31 22.30 22.30
21.85 21.87 21.90 21.93 21.95 21.98 22.00 22.02 22.05 22.07 22.09 22.11 22.13 22.16 22.17 22.19 22.21 22.22 22.24 22.25 22.27 22.29 22.30 22.31 22.33 22.33 22.35 22.35 22.37 22.37 22.38 22.39 22.40 22.40 22.40 22.42 22.42 22.42 22.43 22.43 22.43 22.43 22.44 22.44 22.43 22.43 22.43 22.44 22.44 22.43 22.43 22.44 22.43 22.43 22.42 22.43 22.42 22.42 22.41 22.42 22.41 22.41 22.41 22.40 22.41 22.40 22.39 22.40 22.39 22.39 22.38 22.39 22.38 22.38 22.38 22.37 22.37 22.37 22.37 22.36
21.77 21.80 21.83 21.85 21.88 21.90 21.94 21.96 21.99 22.01 22.04 22.06 22.08 22.10 22.12 22.15 22.17 22.19 22.20 22.22 22.23 22.25 22.26 22.28 22.30 22.31 22.32 22.33 22.35 22.35 22.36 22.37 22.38 22.39 22.40 22.41 22.41 22.41 22.42 22.42 22.43 22.43 22.44 22.44 22.44 22.45 22.45 22.45 22.45 22.45 22.46 22.45 22.46 22.46 22.45 22.46 22.45 22.46 22.45 22.46 22.45 22.46 22.45 22.45 22.45 22.45 22.44 22.45 22.44 22.44 22.44 22.44 22.44 22.44 22.43 22.43 22.43 22.43 22.44 22.44
21.69 21.72 21.75 21.79 21.81 21.84 21.87 21.89 21.92 21.95 21.98 22.00 22.03 22.05 22.07 22.09 22.12 22.14 22.16 22.18 22.20 22.21 22.23 22.25 22.26 22.28 22.30 22.30 22.32 22.33 22.35 22.35 22.36 22.38 22.39 22.39 22.40 22.42 22.42 22.43 22.43 22.44 22.44 22.45 22.46 22.45 22.46 22.46 22.47 22.47 22.47 22.47 22.48 22.48 22.48 22.49 22.48 22.49 22.48 22.49 22.49 22.49 22.49 22.49 22.49 22.49 22.49 22.49 22.49 22.49 22.50 22.49 22.49 22.49 22.49 22.49 22.50 22.50 22.50 22.50
21.61 21.64 21.68 21.71 21.74 21.77 21.80 21.83 21.86 21.88 21.92 21.95 21.97 21.99 22.02 22.04 22.06 22.09 22.11 22.13 22.15 22.17 22.20 22.21 22.23 22.25 22.27 22.28 22.30 22.31 22.32 22.33 22.35 22.36 22.37 22.39 22.40 22.40 22.41 22.42 22.43 22.43 22.44 22.45 22.46 22.46 22.47 22.48 22.48 22.48 22.49 22.50 22.49 22.50 22.51 22.50 22.51 22.51 22.52 22.51 22.52 22.52 22.53 22.52 22.53 22.53 22.53 22.54 22.54 22.53 22.54 22.54 22.54 22.54 22.54 22.55 22.55 22.55 22.55 22.55
21.53 21.56 21.60 21.63 21.67 21.70 21.73 21.76 21.80 21.82 21.85 21.89 21.91 21.94 21.96 21.99 22.02 22.05 22.07 22.09 22.12 22.14 22.15 22.17 22.19 22.22 22.24 22.25 22.27 22.28 22.30 22.31 22.33 22.34 22.36 22.37 22.38 22.39 22.41 22.42 22.43 22.44 22.45 22.45 22.46 22.47 22.48 22.48 22.49 22.50 22.51 22.50 22.51 22.52 22.52 22.53 22.54 22.54 22.54 22.54 22.55 22.55 22.56 22.56 22.57 22.57 22.57 22.58 22.58 22.58 22.59 22.59 22.59 22.59 22.59 22.60 22.60 22.60 22.61 22.61
21.44 21.47 21.52 21.55 21.59 21.62 21.66 21.69 21.73 21.76 21.79 21.83 21.85 21.88 21.91 21.94 21.97 21.99 22.02 22.04 22.07 22.09 22.12 22.14 22.16 22.18 22.20 22.22 22.24 22.25 22.28 22.29 22.31 22.32 22.34 22.35 22.36 22.38 22.40 22.41 22.42 22.43 22.44 22.45 22.46 22.47 22.48 22.49 22.50 22.51 22.51 22.52 22.53 22.54 22.54 22.55 22.55 22.56 22.57 22.57 22.58 22.58 22.59 22.59 22.59 22.60 22.61 22.62 22.62 22.62 22.62 22.63 22.63 22.63 22.64 22.65 22.65 22.65 22.66 22.66
21.34 21.39 21.43 21.47 21.51 21.54 21.58 21.62 21.66 21.70 21.73 21.76 21.79 21.82 21.85 21.89 21.91 21.94 21.97 22.00 22.03 22.05 22.08 22.10 22.12 22.14 22.17 22.19 22.21 22.23 22.25 22.26 22.28 22.30 22.32 22.33 22.35 22.37 22.38 22.39 22.41 22.43 22.44 22.45 22.46 22.47 22.48 22.50 22.51 22.51 22.52 22.53 22.54 22.55 22.56 22.57 22.57 22.58 22.58 22.59 22.61 22.61 22.61 22.62 22.62 22.64 22.64 22.64 22.65 22.66 22.67 22.67 22.67 22.68 22.69 22.69 22.70 22.70 22.70 22.71
21.25 21.29 21.34 21.38 21.42 21.47 21.50 21.55 21.58 21.62 21.66 21.69 21.73 21.76 21.79 21.83 21.86 21.89 21.92 21.95 21.98 22.00 22.03 22.06 22.08 22.11 22.13 22.16 22.18 22.20 22.22 22.24 22.26 22.28 22.30 22.32 22.33 22.35 22.36 22.38 22.40 22.41 22.42 22.44 22.45 22.46 22.48 22.49 22.50 22.52 22.53 22.54 22.55 22.56 22.57 22.57 22.59 22.60 22.60 22.62 22.62 22.63 22.64 22.65 22.65 22.66 22.67 22.67 22.69 22.69 22.70 22.71 22.71 22.71 22.73 22.73 22.74 22.74 22.75 22.76
21.15 21.20 21.24 21.29 21.33 21.38 21.42 21.46 21.51 21.55 21.59 21.63 21.66 21.70 21.73 21.77 21.80 21.84 21.87 21.90 21.93 21.96 21.99 22.02 22.04 22.07 22.10 22.12 22.14 22.17 22.19 22.22 22.23 22.26 22.27 22.30 22.31 22.33 22.35 22.37 22.38 22.41 22.42 22.43 22.45 22.46 22.48 22.49 22.51 22.52 22.53 22.54 22.55 22.57 22.57 22.59 22.60 22.61 22.62 22.62 22.64 22.65 22.66 22.67 22.68 22.69 22.69 22.70 22.71 22.72 22.72 22.74 22.74 22.75 22.76 22.77 22.77 22.78 22.80 22.80
21.04 21.09 21.14 21.19 21.24 21.29 21.34 21.39 21.42 21.47 21.52 21.55 21.59 21.64 21.67 21.71 21.74 21.78 21.81 21.84 21.88 21.91 21.94 21.98 22.01 22.03 22.06 22.08 22.11 22.13 22.16 22.19 22.20 22.23 22.25 22.27 22.29 22.31 22.33 22.35 22.37 22.39 22.40 22.42 22.44 22.45 22.47 22.48 22.50 22.51 22.53 22.54 22.55 22.57 22.58 22.60 22.60 22.62 22.63 22.64 22.65 22.66 22.67 22.68 22.70 22.70 22.72 22.72 22.74 22.74 22.75 22.77 22.77 22.78 22.79 22.80 22.81 22.81 22.83 22.84
20.93 20.98 21.04 21.09 21.15 21.20 21.25 21.30 21.35 21.39 21.43 21.48 21.53 21.56 21.61 21.65 21.68 21.72 21.76 21.80 21.83 21.86 21.90 21.93 21.96 21.99 22.01 22.04 22.07 22.10 22.13 22.16 22.17 22.20 22.23 22.25 22.27 22.29 22.31 22.33 22.35 22.37 22.39 22.40 22.43 22.45 22.46 22.48 22.50 22.50 22.52 22.54 22.55 22.57 22.59 22.59 22.61 22.63 22.63 22.65 22.67 22.67 22.69 22.70 22.71 22.72 22.74 22.74 22.75 22.77 22.77 22.79 22.80 22.80 22.81 22.83 22.84 22.84 22.86 22.87
20.80 20.86 20.93 20.99 21.04 21.10 21.15 21.21 21.26 21.31 21.36 21.40 21.45 21.49 21.54 21.58 21.62 21.66 21.70 21.74 21.77 21.81 21.85 21.89 21.92 21.95 21.98 22.01 22.04 22.07 22.09 22.12 22.14 22.17 22.20 22.22 22.25 22.26 22.29 22.31 22.33 22.36 22.37 22.39 22.41 22.43 22.45 22.46 22.48 22.50 22.52 22.54 22.55 22.56 22.58 22.60 22.61 22.62 22.64 22.66 22.67 22.68 22.69 22.71 22.73 22.73 22.74 22.76 22.77 22.79 22.79 22.80 22.82 22.83 22.84 22.85 22.86 22.87 22.89 22.90
20.68 20.74 20.80 20.88 20.94 20.99 21.05 21.11 21.16 21.22 21.27 21.32 21.37 21.42 21.47 21.51 21.55 21.60 21.65 21.68 21.72 21.76 21.80 21.83 21.87 21.91 21.94 21.97 22.00 22.03 22.06 22.09 22.11 22.14 22.17 22.19 22.22 22.24 22.27 22.28 22.30 22.33 22.35 22.37 22.39 22.42 22.43 22.46 22.48 22.48 22.50 22.52 22.54 22.56 22.58 22.59 22.61 22.63 22.64 22.65 22.67 22.68 22.70 22.72 22.73 22.75 22.75 22.77 22.78 22.80 22.81 22.82 22.84 22.85 22.85 22.87 22.88 22.89 22.91 22.92
20.54 20.62 20.68 20.75 20.81 20.89 20.95 21.01 21.06 21.12 21.18 21.23 21.29 21.34 21.39 21.44 21.49 21.54 21.58 21.62 21.67 21.71 21.75 21.79 21.82 21.86 21.89 21.93 21.96 21.99 22.02 22.05 22.07 22.11 22.14 22.16 22.19 22.22 22.24 22.26 22.29 22.31 22.33 22.36 22.38 22.40 22.42 22.44 22.46 22.48 22.50 22.52 22.54 22.55 22.57 22.59 22.61 22.63 22.63 22.65 22.67 22.68 22.70 22.71 22.73 22.75 22.76 22.77 22.79 22.80 22.82 22.83 22.85 22.86 22.87 22.89 22.90 22.91 22.92 22.94
20.40 20.47 20.54 20.62 20.69 20.76 20.83 20.90 20.96 21.02 21.09 21.15 21.20 21.26 21.31 21.37 21.42 21.47 21.52 21.57 21.61 21.65 21.70 21.73 21.77 21.81 21.85 21.88 21.92 21.95 21.99 22.01 22.04 22.07 22.10 22.13 22.15 22.19 22.21 22.24 22.26 22.28 22.31 22.33 22.35 22.37 22.39 22.41 22.44 22.46 22.48 22.50 22.52 22.54 22.56 22.58 22.59 22.61 22.63 22.65 22.66 22.68 22.70 22.72 22.74 22.75 22.77 22.78 22.80 22.81 22.83 22.84 22.86 22.87 22.88 22.89 22.91 22.92 22.94 22.95
