main/data/pressure/04.08.2023.grid
ncols 886
nrows 691
xllcenter 112.0000
yllcenter -44.5000
cellsize 0.0500
nodata_value 99999.90
[rows 175 to 209 of 691, columns 640 to 719 of 886]
12.85 12.96 13.26 13.34 13.51 13.55 13.81 14.11 14.22 14.28 14.38 14.45 14.52 14.72 15.00 15.12 15.36 15.48 15.55 15.77 15.98 16.11 16.19 16.34 16.53 16.60 16.68 16.79 16.87 16.80 16.96 16.84 17.14 17.23 16.86 16.72 16.73 17.11 19.20 18.10 18.66 18.46 18.81 19.62 19.63 19.68 19.67 19.66 19.64 19.61 19.59 19.57 17.80 19.09 19.48 19.51 19.50 19.51 19.51 19.52 19.54 19.56 19.59 19.61 19.64 19.66 19.69 19.72 19.75 19.78 19.81 19.84 19.88 19.91 19.93 19.96 19.99 20.03 20.09 20.16
12.95 13.12 13.33 13.50 13.56 13.48 13.76 14.10 14.16 14.17 14.17 14.34 14.43 14.76 14.86 14.98 15.25 15.52 15.67 15.82 15.95 15.98 16.02 16.27 16.55 16.62 16.75 16.89 17.00 17.04 17.02 16.93 17.03 17.49 17.11 17.28 16.67 16.64 17.28 18.50 18.81 18.89 18.66 19.01 19.36 19.49 19.48 19.47 19.44 19.42 19.39 19.37 19.35 19.34 19.32 19.32 19.31 19.32 19.33 19.36 19.37 19.40 19.43 19.46 19.50 19.52 19.56 19.59 19.63 19.67 19.70 19.73 19.77 19.80 19.84 19.87 19.90 19.93 19.97 20.02
12.96 13.17 13.32 13.50 13.58 13.43 13.53 14.06 14.14 14.02 13.89 14.27 14.37 14.68 14.61 14.83 15.14 15.42 15.64 15.82 15.89 15.72 15.63 16.18 16.54 16.51 16.67 16.80 16.97 16.95 16.95 17.11 16.98 17.46 17.49 17.01 16.11 16.41 16.65 17.01 18.27 17.06 17.62 19.18 19.27 19.28 19.28 19.27 19.25 19.21 19.19 19.17 19.15 19.13 19.13 19.12 19.13 19.13 19.16 19.18 19.21 19.23 19.27 19.31 19.35 19.39 19.43 19.47 19.51 19.55 19.59 19.63 19.67 19.70 19.74 19.77 19.80 19.83 19.87 19.90
12.96 12.91 13.21 13.54 13.62 13.59 13.89 13.63 14.19 14.27 14.34 14.35 14.61 14.63 14.59 14.77 15.11 15.43 15.58 15.74 15.95 15.93 15.90 16.32 16.45 16.39 16.62 16.89 16.91 16.90 16.96 17.04 16.76 17.28 17.29 17.34 16.72 16.51 16.48 16.29 16.16 16.89 16.98 18.31 18.41 19.10 19.08 19.06 19.04 19.02 18.99 18.96 18.95 18.93 18.92 18.92 18.93 18.94 18.97 19.00 19.03 19.08 19.12 19.17 19.21 19.26 19.30 19.36 19.40 19.44 19.48 19.52 19.56 19.60 19.63 19.67 19.70 19.74 19.77 19.80
12.97 12.76 13.25 13.57 13.31 13.66 13.34 13.36 14.15 14.28 14.39 14.49 14.52 14.70 14.63 14.74 15.08 15.35 15.38 15.57 15.90 16.10 16.28 16.47 16.60 16.65 16.76 16.83 16.85 16.80 16.95 17.09 16.98 17.19 17.27 17.18 17.05 16.92 16.61 16.17 16.00 16.59 15.95 15.74 15.70 18.77 18.83 18.86 18.83 18.81 18.79 18.76 18.74 18.72 18.71 18.72 18.73 18.75 18.79 18.82 18.87 18.92 18.97 19.02 19.08 19.14 19.18 19.23 19.29 19.34 19.38 19.42 19.46 19.50 19.54 19.58 19.61 19.64 19.67 19.71
12.27 12.56 13.40 12.88 13.00 13.59 13.26 13.72 14.13 14.20 14.33 14.40 14.56 14.68 14.62 14.74 14.95 15.15 15.21 15.38 15.77 15.99 16.04 16.06 16.57 16.66 16.74 16.82 16.81 16.78 17.00 16.52 17.11 17.12 17.35 16.98 16.30 16.90 16.41 16.03 16.88 15.54 16.10 15.85 15.63 17.28 18.03 18.62 18.64 18.61 18.58 18.56 18.53 18.52 18.51 18.51 18.53 18.56 18.61 18.65 18.70 18.76 18.82 18.89 18.95 19.00 19.07 19.12 19.18 19.23 19.28 19.32 19.37 19.41 19.44 19.48 19.51 19.55 19.58 19.61
13.00 12.89 13.21 13.45 13.19 13.48 13.23 13.91 14.10 14.15 14.16 14.34 14.49 14.56 14.52 14.61 14.70 15.14 15.25 15.46 15.48 15.83 16.02 15.58 16.14 16.51 16.63 16.78 16.77 16.83 16.78 15.67 16.56 16.98 17.07 16.16 16.22 16.37 16.37 17.21 15.91 15.73 15.18 16.30 16.17 16.29 16.99 18.00 18.38 18.42 18.38 18.35 18.33 18.30 18.30 18.30 18.33 18.37 18.42 18.48 18.55 18.62 18.68 18.75 18.82 18.89 18.95 19.02 19.07 19.13 19.18 19.23 19.27 19.31 19.34 19.39 19.42 19.45 19.48 19.51
12.86 12.38 12.87 13.47 12.86 13.44 13.22 13.83 14.06 14.11 14.19 14.33 14.45 14.31 14.54 14.57 14.67 15.26 15.37 15.48 15.36 15.78 15.60 15.54 16.08 16.24 15.82 16.70 16.59 16.62 16.20 16.03 16.74 16.89 17.11 16.19 17.01 16.56 16.25 16.97 15.85 15.29 15.23 16.26 17.07 16.96 16.14 16.08 16.82 18.20 18.19 18.16 18.12 18.10 18.09 18.10 18.12 18.18 18.24 18.31 18.39 18.48 18.55 18.62 18.70 18.77 18.84 18.91 18.98 19.04 19.08 19.13 19.18 19.22 19.25 19.29 19.32 19.35 19.39 19.41
12.96 12.60 12.99 12.87 13.51 13.41 13.62 13.80 14.01 14.05 14.10 14.29 14.38 14.26 14.30 14.51 14.55 15.06 15.28 14.91 15.19 15.66 15.64 15.46 16.10 15.93 15.80 16.46 16.67 16.64 16.60 16.70 16.92 16.67 17.02 17.00 17.04 17.03 17.01 16.15 15.39 15.76 15.62 16.66 15.93 16.53 15.61 15.35 15.49 17.40 17.90 17.97 17.94 17.91 17.89 17.89 17.91 17.96 18.06 18.16 18.24 18.33 18.42 18.50 18.59 18.67 18.74 18.81 18.88 18.94 18.99 19.04 19.08 19.12 19.16 19.19 19.22 19.26 19.28 19.31
12.76 12.40 12.73 12.65 13.41 13.48 13.36 13.70 13.93 14.01 14.09 14.24 14.31 14.32 14.06 14.54 14.65 14.98 15.15 14.74 15.25 15.54 15.43 15.74 16.01 15.90 15.96 16.32 16.50 16.61 16.67 16.73 15.84 16.23 16.70 16.86 16.90 16.66 16.24 15.90 16.21 16.00 15.77 16.82 16.10 16.57 15.72 15.89 15.73 16.72 17.76 17.70 17.49 17.70 17.67 17.18 17.72 17.81 17.90 18.01 18.11 18.05 18.30 18.39 18.47 18.56 18.64 18.72 18.78 18.84 18.90 18.95 18.99 19.04 19.07 19.10 19.12 19.15 19.18 19.21
13.05 12.44 12.98 13.21 13.15 13.33 13.46 13.82 13.88 13.93 14.04 14.13 14.03 14.09 14.05 14.45 14.75 14.92 14.93 14.91 15.25 15.01 15.18 15.42 15.77 16.10 16.25 16.36 16.40 16.41 16.46 16.50 16.29 16.46 16.60 16.66 16.80 16.37 16.52 16.30 16.62 15.62 16.33 16.49 16.20 16.61 16.26 16.19 15.73 16.48 17.51 17.05 17.20 17.53 17.50 17.48 17.17 17.66 17.77 17.88 17.95 18.01 18.18 18.28 18.38 18.46 18.54 18.62 18.70 18.76 18.82 18.87 18.90 18.94 18.97 18.99 19.02 19.05 19.08 19.11
12.87 12.91 13.08 13.11 13.08 13.12 13.26 13.68 13.78 13.23 13.89 14.07 13.57 13.70 14.12 14.55 14.59 14.58 14.77 14.96 14.92 14.96 15.21 15.50 15.81 15.97 16.17 15.98 16.26 16.21 16.08 16.05 16.12 16.22 16.37 16.48 16.65 16.44 16.43 16.50 16.52 16.29 16.58 16.45 16.45 16.51 16.09 16.34 15.24 15.24 15.46 16.72 17.35 17.31 17.31 17.35 17.42 17.55 17.65 17.76 17.84 17.98 18.08 18.17 18.27 18.37 18.46 18.54 18.60 18.69 18.74 18.79 18.82 18.85 18.88 18.90 18.92 18.95 18.97 19.00
12.60 12.79 13.02 12.96 12.91 12.97 12.61 13.59 13.30 13.80 13.90 13.54 13.54 13.56 14.36 14.38 14.40 14.50 14.78 14.95 14.79 14.65 15.02 15.48 15.89 15.99 15.85 16.09 15.95 15.60 15.14 15.32 15.69 15.98 16.18 16.32 16.48 16.46 16.41 16.43 16.43 16.42 16.47 16.42 16.40 16.21 15.88 16.29 15.41 16.29 17.14 17.13 16.60 17.16 17.26 17.09 16.56 17.42 17.08 17.29 17.48 17.88 17.98 18.08 18.18 18.28 18.36 18.45 18.53 18.60 18.66 18.70 18.73 18.75 18.77 18.79 18.81 18.83 18.86 18.89
12.94 12.51 12.84 12.95 12.99 12.91 13.12 13.51 12.66 13.71 13.01 13.17 13.69 13.91 14.21 14.31 14.47 14.59 14.79 14.89 15.09 15.13 15.52 15.65 15.67 15.69 15.90 15.93 15.80 15.62 15.20 15.37 15.60 16.01 16.09 16.18 16.33 16.41 16.36 16.35 16.36 16.35 16.28 16.17 15.98 15.26 15.02 16.23 15.43 15.75 15.53 15.76 16.15 16.14 17.17 16.86 16.39 16.77 16.90 17.53 17.62 17.69 17.85 17.99 18.09 18.18 18.27 18.37 18.45 18.53 18.59 18.62 18.64 18.66 18.67 18.69 18.71 18.73 18.75 18.77
12.97 12.30 12.35 12.76 12.97 13.08 13.26 12.81 13.13 13.16 13.20 13.71 13.98 14.26 14.33 14.53 14.62 14.44 14.71 15.04 15.20 15.32 15.06 15.31 15.49 15.71 15.81 15.66 15.68 15.71 15.78 15.79 15.89 16.00 16.12 16.19 16.21 16.29 16.29 16.27 16.22 16.12 16.07 15.94 15.70 15.86 15.76 16.02 16.04 15.71 15.47 15.65 16.85 16.76 16.44 17.12 17.11 16.93 16.06 15.61 15.54 17.51 17.80 17.90 17.99 18.09 18.19 18.28 18.36 18.44 18.51 18.52 18.53 18.55 18.56 18.57 18.59 18.61 18.64 18.66
12.73 12.76 12.59 12.70 12.80 12.93 12.68 13.07 13.22 13.44 13.38 13.83 14.07 14.01 14.35 14.36 14.62 14.74 14.87 14.75 15.10 14.87 15.01 15.27 15.46 15.58 15.53 15.53 15.53 15.45 15.53 15.79 15.88 15.94 15.89 16.08 16.12 16.16 16.18 16.14 16.05 15.87 15.68 15.71 15.71 15.63 15.94 16.01 15.42 15.45 15.66 15.24 16.14 16.89 16.77 16.99 17.09 17.12 15.36 15.09 17.09 17.60 17.71 17.80 17.89 17.99 18.08 18.17 18.25 18.31 18.39 18.41 18.42 18.44 18.45 18.46 18.48 18.49 18.51 18.55
12.45 12.33 12.57 12.41 12.71 12.79 12.78 12.84 12.86 13.27 13.57 13.85 13.95 13.92 14.20 14.20 14.44 14.59 14.75 14.86 14.85 14.76 14.99 15.10 15.22 15.43 15.44 15.52 15.60 15.63 15.64 15.75 15.71 15.80 15.81 15.93 16.02 16.04 16.07 15.95 15.88 15.69 15.44 15.37 15.70 15.73 15.48 15.95 15.54 15.71 15.45 15.19 15.03 16.17 16.76 16.79 16.99 16.93 15.43 15.70 15.21 17.46 17.61 17.70 17.79 17.89 17.98 18.05 18.11 18.17 18.24 18.27 18.30 18.30 18.32 18.33 18.35 18.37 18.39 18.43
12.30 12.21 12.61 12.54 12.63 12.71 12.77 12.94 12.67 13.22 13.40 13.40 13.88 13.88 14.15 14.28 14.38 14.45 14.52 14.58 14.58 14.67 14.99 14.91 15.12 15.23 15.25 15.28 15.33 15.41 15.46 15.61 15.65 15.76 15.79 15.86 15.92 15.96 15.98 15.88 15.76 15.58 15.68 15.63 15.72 15.79 15.87 15.72 15.60 15.77 15.06 14.98 15.01 15.17 15.51 15.60 16.75 16.94 17.07 17.05 17.13 16.89 17.50 17.59 17.68 17.78 17.85 17.94 18.01 18.06 18.11 18.15 18.16 18.18 18.19 18.21 18.22 18.25 18.27 18.30
12.34 12.82 12.82 12.77 12.71 12.80 12.88 13.14 13.31 13.63 13.69 13.90 13.97 13.96 14.11 13.92 14.11 14.30 14.46 14.33 14.34 14.60 14.89 14.99 15.07 15.00 15.09 15.22 15.23 15.42 15.63 15.62 15.63 15.72 15.77 15.79 15.80 15.83 15.89 15.86 15.82 15.66 15.76 15.77 15.78 15.78 15.39 15.41 15.38 15.81 15.56 15.01 15.19 15.07 15.70 15.76 16.34 16.87 17.01 17.10 17.20 17.09 17.40 17.49 17.59 17.65 17.65 17.81 17.75 17.91 17.97 18.00 18.00 18.05 18.06 18.08 18.09 18.12 18.14 18.17
12.77 12.92 12.91 12.79 12.64 12.80 12.94 13.03 13.43 13.58 13.30 13.71 13.87 13.70 13.90 13.92 14.16 13.94 14.31 14.19 14.20 14.34 14.49 14.44 14.96 14.93 15.21 15.32 15.43 15.48 15.54 15.55 15.57 15.58 15.63 15.67 15.67 15.68 15.77 15.80 15.75 15.58 15.61 15.72 15.71 15.67 15.56 15.59 15.58 15.77 15.59 15.62 16.03 16.23 16.16 15.99 15.05 16.79 16.94 17.00 17.10 17.21 17.31 17.38 17.48 17.52 17.61 17.58 17.75 17.73 17.83 17.88 17.89 17.91 17.93 17.69 17.96 17.98 18.01 18.05
13.06 13.03 12.84 12.84 12.73 12.72 12.94 13.30 13.23 13.24 13.40 13.33 13.57 13.80 13.79 13.91 13.99 14.07 14.15 13.96 14.04 14.07 14.33 14.69 14.70 14.81 14.91 15.07 15.06 15.29 15.30 15.35 15.44 15.47 15.50 15.54 15.57 15.59 15.62 15.71 15.71 15.57 15.69 15.64 15.57 15.58 15.46 15.61 15.66 15.62 15.35 15.67 16.05 16.32 16.12 16.34 15.55 15.91 16.73 16.35 17.04 17.11 17.20 17.31 17.36 17.43 17.32 17.52 17.62 17.67 17.29 17.75 17.70 17.77 17.79 17.74 15.78 17.66 17.88 17.92
13.13 12.77 12.87 12.90 12.71 12.72 12.88 13.16 13.27 12.97 13.17 13.52 13.38 13.30 13.45 13.74 13.80 13.79 13.86 13.90 13.92 14.00 14.41 14.47 14.52 14.64 14.76 15.01 15.12 15.19 15.28 15.29 15.29 15.34 15.39 15.44 15.49 15.48 15.52 15.55 15.56 15.63 15.15 15.57 15.36 15.31 15.27 15.44 15.61 15.67 15.05 15.52 15.60 15.70 15.76 15.54 15.57 16.67 16.68 16.27 16.86 17.02 17.12 17.18 17.27 17.32 17.34 17.25 17.29 17.21 17.52 17.61 17.62 17.63 17.65 17.67 17.55 17.71 17.74 17.79
12.92 13.07 12.99 12.91 12.75 12.81 12.92 12.97 13.16 12.82 13.20 13.08 13.21 13.25 13.43 13.64 13.47 13.51 13.64 13.77 13.79 14.05 14.21 14.35 14.31 14.53 14.72 14.88 14.95 14.94 15.04 15.14 15.22 15.29 15.33 15.36 15.39 15.42 15.43 15.45 15.45 15.48 15.52 15.54 15.59 15.50 15.42 15.45 15.55 15.62 15.46 15.46 15.58 15.95 16.16 16.29 16.45 16.23 15.61 15.84 16.71 16.93 17.00 17.10 17.16 16.94 16.82 17.13 17.18 16.96 17.27 17.41 17.42 17.45 17.50 17.53 17.35 17.52 17.61 17.65
13.13 12.94 13.02 12.95 12.93 12.93 12.77 12.89 12.99 12.97 12.91 12.88 13.13 13.30 13.42 13.10 13.46 13.51 13.56 13.75 13.92 14.01 14.12 14.29 14.43 14.49 14.63 14.77 14.87 14.93 14.99 15.08 15.15 15.20 15.25 15.27 15.29 15.31 15.32 15.33 15.33 15.38 15.45 15.49 15.53 15.57 15.48 15.45 15.51 15.55 15.53 15.50 15.59 15.53 14.87 15.60 16.23 16.39 16.41 16.27 16.07 16.79 16.85 16.93 17.05 17.10 16.22 16.65 17.11 16.98 16.78 16.29 17.17 17.26 17.30 17.36 17.40 17.42 17.48 17.52
13.32 13.16 13.09 12.94 12.97 12.95 12.78 12.70 12.70 12.84 12.80 12.86 12.92 13.02 13.44 13.49 13.48 13.58 13.49 13.65 13.79 13.71 13.62 13.91 14.23 14.40 14.54 14.66 14.76 14.86 14.90 14.98 15.05 15.08 15.13 15.14 15.17 15.20 15.22 15.26 15.22 15.25 15.24 15.33 15.35 15.41 15.52 15.42 15.51 15.54 15.42 15.49 15.57 15.44 15.45 15.67 15.77 15.74 15.53 15.63 15.86 16.65 16.78 16.86 16.86 17.00 16.83 15.88 17.01 16.45 16.79 16.95 17.04 17.05 17.09 17.13 17.21 17.18 16.78 17.36
13.39 13.10 13.04 12.96 13.00 12.99 12.87 12.89 12.84 12.85 12.90 12.90 12.78 13.05 13.37 13.48 13.42 13.49 13.61 13.46 13.64 13.73 13.81 13.89 14.09 14.31 14.46 14.58 14.67 14.74 14.84 14.93 14.90 14.94 15.04 15.05 15.11 15.13 15.18 15.04 15.02 15.13 15.20 15.22 15.24 15.26 15.34 15.44 15.50 15.40 15.15 15.32 15.53 15.03 15.43 15.63 15.61 15.66 14.63 14.98 16.40 15.32 16.51 16.69 16.79 16.92 16.91 16.96 16.95 16.83 15.86 16.33 16.82 16.58 16.88 16.86 16.98 17.03 17.01 17.15
13.51 13.25 13.27 13.37 13.28 13.19 13.03 13.00 13.08 12.87 13.12 13.10 13.16 13.35 13.47 13.49 13.36 13.26 13.45 13.49 13.62 13.68 13.73 13.98 14.12 14.26 14.37 14.52 14.65 14.74 14.80 14.85 14.83 14.96 14.96 14.97 15.00 15.05 15.03 14.89 14.93 15.01 15.01 15.10 15.11 15.07 15.20 15.22 15.39 15.48 15.31 14.60 15.14 15.48 15.55 15.54 15.48 15.35 15.60 15.82 16.09 15.68 16.36 15.95 16.43 16.77 16.82 16.82 16.41 15.59 15.57 15.53 15.85 16.47 16.54 16.59 16.45 16.88 16.70 16.94
13.47 13.41 13.53 13.39 13.25 13.07 13.03 13.13 13.12 13.15 13.28 13.12 13.01 13.35 13.60 13.41 13.37 13.35 13.55 13.63 13.69 13.74 13.83 14.00 14.15 14.22 14.34 14.50 14.55 14.67 14.69 14.72 14.76 14.79 14.73 14.79 14.91 14.95 14.96 14.98 14.94 14.85 14.84 14.87 15.00 14.90 15.09 15.20 15.33 15.45 15.46 15.38 15.22 15.59 15.50 14.64 15.24 15.51 15.78 15.83 15.13 14.79 15.29 14.64 16.56 16.50 16.67 16.30 16.63 15.93 15.94 16.24 16.44 15.78 14.45 13.63 16.03 15.95 16.46 15.29
13.66 13.70 13.56 13.42 13.37 13.26 13.21 13.20 13.18 13.21 13.33 13.19 13.04 12.99 13.36 13.71 13.46 13.59 13.63 13.67 13.58 13.76 13.85 13.99 14.10 14.14 14.15 13.83 14.19 14.40 14.49 14.51 14.51 14.59 14.71 14.73 14.82 14.88 14.90 14.94 14.94 14.89 14.88 14.91 14.92 15.00 15.01 15.23 15.30 15.34 15.32 15.36 15.38 15.32 15.49 15.17 15.48 15.30 15.61 15.40 15.13 15.18 14.67 15.74 16.39 15.86 16.52 16.45 15.49 16.37 16.42 16.37 16.25 16.31 15.96 16.25 15.88 16.07 16.58 16.60
13.91 13.83 13.75 13.66 13.52 13.37 13.32 13.07 13.20 13.21 13.38 13.35 13.17 13.13 13.43 13.85 13.56 13.38 13.63 13.68 13.72 13.76 13.86 13.90 13.87 13.65 13.74 13.63 14.11 13.46 13.36 14.24 14.37 14.31 14.65 14.65 14.66 14.85 14.87 14.90 14.90 14.81 14.67 14.71 14.86 14.96 15.06 15.13 15.18 15.19 15.09 15.14 15.38 15.44 15.50 15.47 15.51 15.40 15.39 14.56 15.00 15.30 15.22 14.78 16.21 16.24 16.38 16.29 15.70 15.91 15.91 16.16 16.12 16.11 16.07 16.11 16.01 15.23 16.35 16.46
13.97 13.97 13.88 13.72 13.61 13.45 13.31 13.02 13.17 13.29 13.54 13.41 13.30 13.35 13.48 13.91 13.70 13.45 13.30 13.60 13.70 13.72 13.72 13.61 13.64 13.65 13.47 13.54 13.64 13.60 14.00 14.55 14.45 14.45 14.62 14.70 14.74 14.74 14.82 14.87 14.81 14.75 14.71 14.77 14.71 14.67 14.77 14.54 15.03 14.97 14.97 15.20 15.10 15.39 15.48 15.53 15.58 15.54 15.01 14.55 14.83 15.39 14.82 14.93 15.45 15.93 16.22 16.17 15.83 15.67 15.88 15.72 15.64 15.92 15.75 15.78 15.48 15.91 16.13 16.13
13.91 13.84 13.68 13.63 13.53 13.52 13.52 13.40 13.40 13.53 13.59 13.50 13.36 13.51 13.75 13.98 13.88 13.74 13.33 13.54 13.72 13.77 13.57 13.38 13.45 13.38 13.43 13.56 13.88 14.08 14.15 13.15 14.62 14.39 14.59 14.64 14.80 14.78 14.83 14.81 14.61 14.75 14.77 14.71 14.29 14.18 14.63 14.90 14.80 14.54 14.84 14.92 15.22 15.18 15.31 15.17 15.44 15.54 14.56 14.34 14.97 15.35 14.56 14.58 14.72 15.38 16.08 15.90 15.86 15.72 15.42 15.08 14.89 14.62 15.45 15.33 15.78 15.36 15.74 15.78
13.85 13.86 13.91 13.73 13.39 13.56 13.58 13.62 13.64 13.74 13.66 13.63 13.54 13.60 13.98 14.05 13.62 13.61 13.45 13.36 13.63 13.91 13.96 14.09 13.41 13.29 13.49 13.85 14.37 14.40 14.16 14.55 14.48 14.67 14.67 14.68 14.75 14.80 14.82 14.71 14.32 14.65 14.71 13.96 14.76 14.30 14.77 14.79 14.73 14.76 14.85 14.68 15.11 14.82 14.77 14.72 15.04 15.48 15.22 15.05 15.04 15.30 14.99 14.88 14.57 15.18 15.95 15.84 15.29 15.37 15.39 15.26 14.91 15.32 14.99 15.01 15.59 15.27 15.46 15.52
14.13 14.23 14.01 13.97 13.85 13.72 13.58 13.75 13.88 13.81 13.69 13.67 13.67 13.66 14.10 13.51 13.41 13.34 13.46 13.62 13.45 13.46 13.72 13.95 14.11 13.76 14.23 14.03 14.18 14.40 14.47 14.45 14.63 14.65 14.68 14.70 14.72 14.75 14.79 14.79 14.57 14.76 14.69 14.68 14.71 14.60 14.44 14.49 14.67 14.25 14.75 14.91 14.81 14.73 14.85 14.97 15.10 15.34 15.45 15.39 15.33 15.28 14.81 14.99 14.44 14.56 14.89 15.80 15.46 14.87 15.70 15.52 15.42 15.51 15.36 15.07 15.41 14.62 15.09 15.07
14.34 14.15 14.07 14.03 13.98 14.01 14.01 14.09 14.02 13.78 13.77 13.77 13.84 14.10 13.80 13.62 13.60 13.36 13.34 13.48 13.78 13.72 13.41 13.22 13.69 14.10 14.26 14.31 14.36 14.38 14.38 14.49 14.54 14.55 14.38 14.59 14.67 14.73 14.75 14.76 14.79 14.69 14.61 14.72 14.72 14.72 14.55 14.79 14.67 14.34 14.85 14.71 14.88 14.72 14.75 15.00 15.06 15.00 14.75 15.40 15.16 15.21 15.15 15.04 14.29 14.29 15.67 15.66 15.67 15.53 15.62 15.56 15.51 15.47 15.23 15.16 15.21 15.06 14.69 14.77
