main/data/pressure/04.08.2023.grid
ncols 886
nrows 691
xllcenter 112.0000
yllcenter -44.5000
cellsize 0.0500
nodata_value 99999.90
[rows 315 to 349 of 691, columns 560 to 639 of 886]
9.14 9.16 9.19 9.26 9.35 9.41 9.45 9.48 9.50 9.51 9.52 9.51 9.53 9.58 9.57 9.57 9.54 9.45 9.34 9.42 9.41 9.38 9.36 9.34 9.33 9.32 9.28 9.11 9.11 9.20 9.16 9.11 9.05 8.98 8.93 8.91 8.88 8.82 8.75 8.68 8.62 8.55 8.49 8.48 8.49 8.49 8.51 8.53 8.54 8.56 8.58 8.60 8.63 8.64 8.67 8.69 8.69 8.70 8.73 8.78 8.83 8.83 8.85 8.88 8.91 8.91 8.99 9.10 9.25 9.38 9.46 9.53 9.58 9.69 9.76 9.82 9.90 9.95 9.98 10.03
9.04 9.06 9.11 9.16 9.25 9.32 9.35 9.39 9.42 9.44 9.46 9.45 9.47 9.47 9.49 9.48 9.46 9.29 9.34 9.40 9.36 9.31 9.30 9.27 9.25 9.23 9.20 9.14 9.12 9.13 9.10 9.05 8.99 8.92 8.88 8.87 8.85 8.80 8.76 8.68 8.62 8.55 8.48 8.44 8.43 8.45 8.45 8.47 8.49 8.51 8.54 8.56 8.58 8.60 8.62 8.63 8.63 8.64 8.68 8.73 8.78 8.82 8.82 8.83 8.88 9.02 8.99 9.10 9.26 9.37 9.45 9.55 9.61 9.69 9.76 9.78 9.85 9.91 9.99 10.00
8.96 8.99 9.03 9.10 9.16 9.21 9.25 9.29 9.34 9.39 9.41 9.41 9.32 9.33 9.37 9.39 9.39 9.34 9.37 9.35 9.31 9.28 9.24 9.20 9.16 9.13 9.11 9.05 9.03 9.03 9.03 8.99 8.94 8.86 8.81 8.85 8.82 8.79 8.74 8.66 8.62 8.55 8.49 8.43 8.40 8.40 8.41 8.43 8.45 8.47 8.49 8.51 8.53 8.54 8.56 8.56 8.56 8.57 8.63 8.67 8.70 8.76 8.80 8.84 8.92 9.00 9.08 9.10 9.24 9.38 9.46 9.56 9.63 9.69 9.75 9.79 9.86 9.92 9.97 10.01
8.89 8.92 8.95 9.03 9.10 9.15 9.15 9.17 9.24 9.30 9.31 9.31 9.24 9.23 9.27 9.31 9.33 9.32 9.32 9.29 9.26 9.23 9.19 9.15 9.11 9.07 9.03 8.97 8.94 8.97 8.96 8.91 8.92 8.87 8.77 8.83 8.80 8.78 8.73 8.68 8.62 8.56 8.50 8.45 8.40 8.37 8.37 8.39 8.41 8.43 8.45 8.45 8.47 8.48 8.49 8.51 8.53 8.54 8.57 8.59 8.62 8.71 8.80 8.88 8.93 9.00 9.05 9.13 9.26 9.40 9.48 9.56 9.62 9.69 9.77 9.79 9.87 9.92 9.96 9.97
8.83 8.87 8.92 8.97 9.02 9.03 9.05 9.11 9.15 9.19 9.19 9.16 9.16 9.16 9.18 9.23 9.26 9.26 9.24 9.22 9.20 9.18 9.15 9.11 9.07 9.03 9.00 8.97 8.96 8.95 8.93 8.91 8.90 8.87 8.84 8.83 8.81 8.76 8.71 8.66 8.63 8.57 8.52 8.47 8.43 8.39 8.37 8.34 8.20 8.30 8.35 8.38 8.41 8.42 8.44 8.46 8.48 8.51 8.52 8.54 8.60 8.73 8.84 8.91 8.96 9.00 9.05 9.13 9.25 9.41 9.49 9.55 9.62 9.70 9.76 9.81 9.84 9.88 9.91 9.93
8.78 8.81 8.83 8.87 8.94 8.97 8.98 9.07 9.05 9.10 9.12 9.12 9.08 9.06 9.07 9.15 9.19 9.19 9.18 9.16 9.14 9.12 9.09 9.03 8.93 8.93 8.94 8.97 8.97 8.91 8.90 8.91 8.89 8.86 8.84 8.82 8.79 8.75 8.69 8.65 8.62 8.57 8.54 8.49 8.46 8.43 8.41 8.29 8.16 8.19 8.27 8.30 8.32 8.33 8.35 8.40 8.44 8.48 8.52 8.57 8.65 8.78 8.88 8.93 8.98 9.03 9.07 9.13 9.26 9.41 9.47 9.56 9.61 9.70 9.76 9.79 9.83 9.83 9.87 9.86
8.74 8.73 8.76 8.82 8.91 8.98 9.03 9.01 8.92 9.07 9.06 9.08 9.06 9.00 8.92 9.02 9.11 9.13 9.11 9.09 9.03 9.05 9.04 8.86 8.71 8.50 8.79 8.92 8.89 8.85 8.86 8.87 8.86 8.83 8.81 8.80 8.76 8.73 8.69 8.66 8.62 8.58 8.55 8.52 8.49 8.46 8.45 8.37 8.19 8.11 8.18 8.19 8.27 8.29 8.33 8.39 8.44 8.51 8.57 8.65 8.73 8.82 8.91 8.93 9.00 9.05 9.11 9.18 9.30 9.42 9.45 9.51 9.62 9.68 9.75 9.78 9.81 9.80 9.86 9.87
8.67 8.71 8.75 8.82 8.87 8.86 8.94 8.98 9.00 9.01 9.03 9.02 9.01 8.91 8.87 8.98 9.00 9.01 9.03 9.02 9.02 9.00 8.97 8.84 8.79 8.56 8.83 8.89 8.89 8.86 8.85 8.86 8.83 8.79 8.77 8.75 8.73 8.72 8.69 8.65 8.63 8.60 8.57 8.55 8.52 8.50 8.49 8.44 8.36 8.30 8.24 8.11 8.23 8.32 8.31 8.31 8.35 8.55 8.60 8.70 8.78 8.85 8.93 8.98 9.03 9.08 9.14 9.23 9.33 9.42 9.46 9.56 9.62 9.67 9.72 9.76 9.77 9.78 9.82 9.85
8.52 8.62 8.73 8.69 8.81 8.85 8.93 8.94 8.96 8.97 8.91 8.93 8.94 8.83 8.69 8.85 8.81 8.93 8.94 8.96 8.94 8.93 8.91 8.85 8.78 8.82 8.89 8.87 8.86 8.83 8.83 8.82 8.80 8.78 8.75 8.74 8.72 8.68 8.66 8.64 8.62 8.61 8.58 8.55 8.55 8.54 8.51 8.45 8.37 8.21 8.05 8.09 8.34 8.22 8.30 8.37 8.47 8.57 8.61 8.74 8.83 8.90 8.98 9.02 9.06 9.12 9.18 9.26 9.35 9.44 9.49 9.54 9.62 9.68 9.71 9.73 9.73 9.72 9.70 9.76
8.55 8.61 8.68 8.71 8.80 8.85 8.89 8.88 8.90 8.90 8.83 8.83 8.78 8.77 8.52 8.82 8.85 8.76 8.79 8.90 8.89 8.85 8.73 8.46 8.73 8.78 8.83 8.81 8.81 8.81 8.80 8.78 8.74 8.73 8.72 8.70 8.69 8.66 8.65 8.63 8.61 8.60 8.59 8.58 8.57 8.54 8.53 8.51 8.37 8.24 8.25 8.11 8.37 8.10 8.24 8.45 8.55 8.59 8.63 8.74 8.84 8.93 9.01 9.06 9.10 9.15 9.21 9.29 9.38 9.46 9.49 9.53 9.61 9.66 9.70 9.72 9.72 9.74 9.72 9.67
8.55 8.61 8.64 8.75 8.77 8.78 8.84 8.86 8.83 8.83 8.77 8.78 8.72 8.69 8.49 8.66 8.66 8.58 8.50 8.80 8.79 8.72 8.63 8.65 8.68 8.72 8.76 8.77 8.77 8.76 8.74 8.72 8.68 8.67 8.67 8.67 8.65 8.63 8.61 8.61 8.59 8.58 8.59 8.58 8.57 8.55 8.54 8.48 8.30 8.24 8.42 8.37 8.44 8.28 8.29 8.54 8.55 8.59 8.60 8.75 8.84 8.95 9.02 9.09 9.15 9.15 9.21 9.32 9.40 9.46 9.51 9.55 9.60 9.61 9.66 9.72 9.71 9.71 9.72 9.52
8.57 8.62 8.64 8.72 8.74 8.73 8.78 8.81 8.78 8.68 8.74 8.66 8.57 8.52 8.60 8.58 8.53 8.42 8.73 8.73 8.72 8.54 8.61 8.67 8.70 8.71 8.72 8.71 8.71 8.70 8.68 8.65 8.61 8.64 8.63 8.62 8.61 8.59 8.57 8.59 8.57 8.57 8.58 8.57 8.57 8.54 8.52 8.44 8.45 8.40 8.45 8.47 8.52 8.44 8.33 8.57 8.52 8.52 8.47 8.72 8.82 8.94 9.04 9.12 9.18 9.18 9.24 9.34 9.40 9.45 9.50 9.55 9.60 9.60 9.62 9.68 9.67 9.64 9.69 9.71
8.56 8.60 8.62 8.70 8.75 8.77 8.78 8.78 8.73 8.70 8.67 8.60 8.49 8.44 8.51 8.58 8.61 8.65 8.53 8.58 8.58 8.56 8.61 8.65 8.64 8.64 8.66 8.66 8.64 8.65 8.63 8.59 8.54 8.56 8.58 8.57 8.57 8.55 8.54 8.55 8.55 8.55 8.56 8.56 8.56 8.57 8.52 8.38 8.23 8.37 8.48 8.53 8.54 8.42 8.39 8.42 8.44 8.62 8.67 8.79 8.84 8.89 9.01 9.11 9.19 9.24 9.29 9.35 9.40 9.45 9.49 9.54 9.58 9.60 9.62 9.65 9.66 9.69 9.71 9.65
8.56 8.60 8.64 8.68 8.74 8.73 8.76 8.76 8.73 8.69 8.61 8.50 8.61 8.60 8.52 8.51 8.45 8.53 8.26 8.44 8.48 8.47 8.54 8.58 8.53 8.52 8.59 8.61 8.60 8.58 8.56 8.53 8.40 8.49 8.52 8.52 8.51 8.50 8.51 8.51 8.51 8.53 8.53 8.54 8.54 8.55 8.52 8.48 8.48 8.50 8.52 8.58 8.54 8.37 8.30 8.26 8.43 8.68 8.75 8.82 8.89 8.96 9.03 9.11 9.18 9.25 9.30 9.35 9.40 9.45 9.49 9.53 9.56 9.59 9.62 9.64 9.66 9.65 9.71 9.65
8.48 8.60 8.64 8.68 8.72 8.74 8.75 8.73 8.74 8.68 8.57 8.61 8.57 8.56 8.53 8.54 8.55 8.32 8.33 8.38 8.44 8.47 8.52 8.52 8.47 8.41 8.48 8.52 8.53 8.52 8.48 8.41 8.28 8.41 8.46 8.46 8.46 8.45 8.46 8.45 8.47 8.49 8.50 8.51 8.52 8.53 8.52 8.53 8.54 8.58 8.59 8.61 8.59 8.41 8.42 8.50 8.65 8.66 8.61 8.76 8.86 8.90 9.02 9.12 9.18 9.24 9.30 9.35 9.39 9.44 9.48 9.52 9.56 9.59 9.60 9.61 9.65 9.67 9.67 9.68
8.57 8.63 8.65 8.69 8.71 8.72 8.74 8.73 8.72 8.71 8.69 8.67 8.64 8.61 8.54 8.46 8.38 8.27 8.40 8.39 8.36 8.41 8.49 8.49 8.43 8.36 8.39 8.43 8.44 8.45 8.42 8.38 8.36 8.39 8.39 8.40 8.40 8.40 8.40 8.41 8.43 8.44 8.45 8.47 8.49 8.50 8.51 8.54 8.57 8.58 8.57 8.56 8.55 8.48 8.49 8.62 8.47 8.48 8.72 8.77 8.87 8.93 9.04 9.11 9.17 9.24 9.29 9.34 9.37 9.42 9.47 9.50 9.53 9.56 9.57 9.58 9.59 9.62 9.53 9.53
8.62 8.63 8.62 8.69 8.71 8.68 8.70 8.71 8.69 8.66 8.56 8.61 8.52 8.55 8.35 8.35 8.34 8.36 8.36 8.36 8.38 8.43 8.45 8.43 8.40 8.34 8.32 8.32 8.33 8.33 8.32 8.29 8.29 8.28 8.31 8.32 8.32 8.33 8.34 8.36 8.37 8.39 8.40 8.43 8.45 8.47 8.40 8.29 8.49 8.54 8.56 8.47 8.44 8.44 8.53 8.65 8.56 8.48 8.71 8.74 8.83 8.96 9.02 9.09 9.17 9.23 9.28 9.33 9.35 9.38 9.44 9.48 9.50 9.52 9.55 9.56 9.56 9.59 9.48 9.54
8.66 8.69 8.70 8.69 8.70 8.69 8.67 8.69 8.68 8.54 8.47 8.46 8.43 8.50 8.37 8.35 8.39 8.37 8.46 8.39 8.41 8.41 8.39 8.37 8.34 8.29 8.24 8.22 8.20 8.21 8.22 8.19 8.15 8.15 8.20 8.24 8.25 8.26 8.28 8.28 8.30 8.33 8.36 8.38 8.40 8.43 8.43 8.34 8.49 8.51 8.51 8.42 8.29 8.42 8.61 8.63 8.62 8.61 8.72 8.78 8.86 8.92 8.99 9.03 9.11 9.21 9.27 9.31 9.32 9.33 9.41 9.46 9.48 9.50 9.52 9.55 9.54 9.56 9.55 9.54
8.66 8.62 8.70 8.69 8.69 8.68 8.69 8.68 8.66 8.62 8.57 8.52 8.59 8.57 8.46 8.38 8.40 8.40 8.42 8.40 8.31 8.35 8.34 8.31 8.27 8.22 8.16 8.11 8.09 8.07 8.08 8.07 8.03 8.02 8.06 8.13 8.17 8.18 8.20 8.18 8.23 8.26 8.30 8.32 8.34 8.35 8.30 8.44 8.47 8.47 8.49 8.54 8.55 8.56 8.64 8.57 8.61 8.50 8.59 8.75 8.77 8.89 8.98 9.01 9.10 9.19 9.25 9.28 9.31 9.33 9.39 9.44 9.46 9.48 9.47 9.47 9.49 9.48 9.52 9.52
8.68 8.60 8.69 8.68 8.68 8.72 8.69 8.65 8.66 8.62 8.55 8.63 8.60 8.55 8.54 8.49 8.41 8.41 8.38 8.35 8.34 8.30 8.27 8.24 8.21 8.15 8.08 8.03 8.00 7.95 7.93 7.97 7.92 7.89 7.91 8.04 8.07 8.09 8.11 8.13 8.16 8.19 8.22 8.25 8.28 8.31 8.36 8.40 8.44 8.46 8.50 8.54 8.57 8.60 8.63 8.64 8.62 8.56 8.58 8.71 8.80 8.90 8.97 9.05 9.08 9.16 9.23 9.29 9.23 9.33 9.40 9.43 9.44 9.40 9.37 9.39 9.33 9.22 9.45 9.47
8.68 8.66 8.65 8.70 8.71 8.71 8.68 8.65 8.67 8.65 8.61 8.60 8.58 8.58 8.52 8.47 8.42 8.43 8.38 8.37 8.33 8.28 8.20 8.14 8.12 8.08 8.02 7.97 7.93 7.86 7.83 7.86 7.80 7.79 7.83 7.83 7.94 8.01 8.03 8.05 8.08 8.12 8.14 8.17 8.19 8.10 8.20 8.33 8.39 8.42 8.47 8.51 8.57 8.59 8.62 8.64 8.65 8.57 8.59 8.76 8.84 8.90 8.95 9.03 9.05 9.13 9.22 9.25 9.24 9.28 9.36 9.40 9.42 9.43 9.38 9.36 9.36 9.41 9.46 9.53
8.69 8.68 8.67 8.71 8.69 8.72 8.69 8.68 8.66 8.64 8.61 8.60 8.43 8.53 8.49 8.48 8.45 8.41 8.36 8.33 8.25 8.20 8.12 8.08 8.03 8.01 7.96 7.91 7.87 7.79 7.79 7.77 7.73 7.72 7.73 7.81 7.88 7.94 7.95 7.98 8.00 8.02 8.05 8.10 8.15 8.20 8.24 8.29 8.34 8.39 8.44 8.49 8.54 8.57 8.59 8.63 8.60 8.59 8.66 8.78 8.85 8.89 8.93 9.03 9.06 9.13 9.21 9.25 9.25 9.27 9.33 9.38 9.40 9.41 9.38 9.33 9.34 9.44 9.50 9.55
8.71 8.65 8.68 8.69 8.70 8.72 8.68 8.67 8.66 8.64 8.61 8.59 8.56 8.50 8.51 8.46 8.43 8.38 8.34 8.29 8.22 8.15 8.10 8.03 7.97 8.04 7.92 7.88 7.81 7.75 7.69 7.65 7.67 7.75 7.79 7.86 7.73 7.83 7.93 7.95 7.96 7.97 8.00 8.01 8.03 8.08 8.18 8.22 8.28 8.34 8.38 8.39 8.50 8.53 8.53 8.59 8.65 8.69 8.73 8.82 8.86 8.92 8.93 8.98 9.06 9.11 9.18 9.24 9.25 9.30 9.34 9.36 9.37 9.39 9.38 9.31 9.32 9.43 9.52 9.56
8.72 8.68 8.72 8.71 8.72 8.71 8.64 8.67 8.66 8.65 8.61 8.60 8.56 8.51 8.51 8.44 8.40 8.36 8.30 8.25 8.16 8.11 8.04 7.96 7.88 7.90 7.84 7.80 7.77 7.73 7.70 7.62 7.62 7.70 7.78 7.84 7.88 7.89 7.93 7.94 7.95 7.96 7.98 7.98 7.83 7.76 8.09 8.17 8.23 8.29 8.33 8.28 8.41 8.48 8.52 8.56 8.66 8.71 8.69 8.82 8.86 8.92 8.92 8.95 9.06 9.06 9.17 9.20 9.24 9.26 9.31 9.33 9.34 9.37 9.40 9.16 9.30 9.43 9.47 9.56
8.70 8.70 8.71 8.72 8.71 8.71 8.64 8.68 8.67 8.61 8.60 8.59 8.56 8.52 8.49 8.43 8.39 8.32 8.28 8.22 8.15 8.06 7.97 7.89 7.86 7.83 7.80 7.77 7.74 7.73 7.73 7.69 7.65 7.59 7.76 7.78 7.81 7.88 7.91 7.91 7.93 7.95 7.93 7.82 7.72 7.65 7.86 8.07 8.17 8.22 8.25 8.24 8.40 8.37 8.31 8.50 8.59 8.67 8.78 8.80 8.87 8.90 8.87 8.95 9.09 9.14 9.16 9.15 9.24 9.24 9.28 9.27 9.26 9.32 9.37 9.34 9.26 9.39 9.47 9.56
8.71 8.73 8.74 8.73 8.69 8.69 8.70 8.69 8.66 8.63 8.63 8.57 8.55 8.51 8.47 8.42 8.36 8.29 8.24 8.17 8.10 8.02 7.93 7.85 7.84 7.80 7.78 7.73 7.73 7.74 7.74 7.73 7.64 7.61 7.73 7.71 7.73 7.80 7.89 7.92 7.93 7.94 7.92 7.80 7.75 7.74 7.88 8.00 8.09 8.18 8.26 8.31 8.36 8.34 8.31 8.46 8.57 8.64 8.76 8.83 8.89 8.93 8.93 9.00 9.08 9.12 9.16 9.19 9.24 9.22 9.22 9.26 9.23 9.29 9.36 9.22 9.19 9.41 9.48 9.52
8.77 8.77 8.77 8.76 8.75 8.72 8.72 8.70 8.69 8.66 8.61 8.57 8.55 8.51 8.46 8.39 8.33 8.26 8.20 8.11 8.05 7.98 7.88 7.83 7.78 7.74 7.74 7.74 7.74 7.74 7.73 7.72 7.64 7.53 7.65 7.74 7.79 7.79 7.89 7.92 7.92 7.95 7.95 7.91 7.89 7.91 7.96 8.00 8.04 8.10 8.18 8.25 8.33 8.35 8.37 8.44 8.57 8.65 8.74 8.82 8.88 8.94 8.98 9.05 9.03 9.08 9.10 9.18 9.22 9.23 9.25 9.23 9.24 9.34 9.37 9.26 9.31 9.37 9.44 9.50
8.80 8.80 8.79 8.78 8.77 8.72 8.71 8.72 8.70 8.66 8.64 8.62 8.56 8.51 8.46 8.40 8.33 8.19 8.17 8.06 7.98 7.91 7.85 7.76 7.73 7.72 7.72 7.71 7.71 7.71 7.72 7.72 7.63 7.53 7.59 7.68 7.79 7.82 7.88 7.91 7.92 7.94 7.96 7.95 7.95 7.97 7.97 7.93 7.97 8.04 8.10 8.17 8.26 8.37 8.41 8.41 8.54 8.61 8.66 8.76 8.88 8.94 9.00 9.02 8.96 9.04 9.03 9.11 9.20 9.22 9.22 9.18 9.25 9.34 9.38 9.25 9.36 9.22 9.33 9.43
8.84 8.81 8.81 8.78 8.80 8.78 8.76 8.74 8.72 8.69 8.65 8.59 8.59 8.52 8.45 8.38 8.29 8.23 8.15 8.05 7.93 7.86 7.78 7.72 7.70 7.71 7.68 7.67 7.66 7.68 7.71 7.72 7.64 7.63 7.59 7.62 7.79 7.85 7.88 7.90 7.92 7.94 7.96 7.97 7.93 7.94 7.90 7.80 7.85 7.93 8.02 7.95 8.09 8.30 8.41 8.48 8.53 8.58 8.64 8.74 8.87 8.94 9.00 9.05 9.05 9.07 9.02 9.07 9.14 9.20 9.23 9.20 9.26 9.35 9.37 9.38 9.32 9.36 9.40 9.44
8.84 8.87 8.85 8.85 8.82 8.78 8.80 8.77 8.75 8.70 8.68 8.64 8.59 8.53 8.47 8.39 8.31 8.22 8.13 8.03 7.89 7.77 7.71 7.72 7.67 7.66 7.64 7.65 7.62 7.64 7.66 7.69 7.70 7.68 7.58 7.54 7.77 7.84 7.88 7.89 7.92 7.92 7.95 7.95 7.93 7.89 7.82 7.64 7.89 7.91 7.96 7.91 8.12 8.26 8.38 8.48 8.55 8.57 8.65 8.78 8.89 8.95 9.00 9.04 9.07 9.05 9.04 9.04 9.09 9.16 9.17 9.26 9.29 9.35 9.37 9.31 9.32 9.41 9.46 9.47
8.91 8.91 8.88 8.89 8.84 8.85 8.84 8.79 8.78 8.73 8.69 8.67 8.60 8.53 8.47 8.39 8.29 8.19 8.10 7.92 7.82 7.69 7.70 7.66 7.61 7.58 7.61 7.50 7.51 7.58 7.67 7.71 7.72 7.73 7.61 7.57 7.70 7.78 7.87 7.87 7.92 7.92 7.94 7.97 7.96 7.92 7.88 7.87 7.90 7.90 7.94 8.04 8.20 8.29 8.36 8.47 8.55 8.59 8.65 8.66 8.86 8.96 9.00 9.03 9.06 9.10 9.10 9.05 9.06 9.11 9.16 9.20 9.23 9.32 9.39 9.35 9.34 9.41 9.51 9.55
8.97 8.95 8.94 8.92 8.92 8.87 8.89 8.86 8.80 8.77 8.74 8.70 8.64 8.57 8.50 8.40 8.31 8.19 8.06 7.92 7.77 7.63 7.55 7.55 7.54 7.49 7.45 7.47 7.53 7.60 7.69 7.70 7.74 7.75 7.75 7.71 7.72 7.71 7.68 7.89 7.91 7.94 7.96 7.97 7.99 7.97 7.93 7.91 7.91 7.91 7.96 8.09 8.20 8.31 8.39 8.49 8.58 8.65 8.74 8.78 8.89 8.95 8.99 9.02 9.05 9.03 9.09 9.13 9.15 9.16 9.15 9.13 9.20 9.30 9.39 9.41 9.40 9.48 9.52 9.51
8.97 8.94 9.00 8.96 8.97 8.96 8.91 8.91 8.87 8.80 8.77 8.73 8.67 8.60 8.53 8.44 8.28 8.20 8.05 7.81 7.62 7.63 7.40 7.52 7.51 7.66 7.60 7.58 7.63 7.69 7.70 7.74 7.74 7.77 7.77 7.76 7.74 7.75 7.76 7.88 7.91 7.94 7.95 7.96 7.98 7.97 7.95 7.95 7.95 7.91 7.95 8.12 8.24 8.33 8.43 8.51 8.60 8.68 8.75 8.83 8.90 8.96 8.98 9.04 9.06 9.05 9.05 9.03 9.06 9.09 9.16 9.06 9.16 9.26 9.34 9.43 9.32 9.46 9.54 9.57
9.07 9.06 9.04 9.05 9.03 9.00 8.98 8.96 8.91 8.88 8.83 8.78 8.72 8.65 8.55 8.40 8.32 8.13 8.05 7.93 7.87 7.89 7.83 7.75 7.68 7.66 7.66 7.63 7.72 7.74 7.72 7.75 7.77 7.77 7.78 7.75 7.74 7.80 7.86 7.88 7.91 7.94 7.95 7.97 7.97 7.97 7.96 7.99 8.00 7.98 7.95 8.06 8.23 8.35 8.45 8.55 8.61 8.70 8.77 8.85 8.91 8.95 8.96 8.92 9.03 9.08 9.11 9.11 9.08 9.19 9.10 8.99 9.15 9.25 9.27 9.44 9.48 9.49 9.52 9.59
9.13 9.14 9.13 9.12 9.09 9.08 9.05 9.02 8.98 8.94 8.89 8.83 8.76 8.68 8.54 8.39 8.34 8.27 8.09 8.03 7.98 7.95 7.93 7.79 7.79 7.80 7.78 7.78 7.77 7.77 7.77 7.76 7.78 7.79 7.78 7.76 7.69 7.82 7.86 7.89 7.91 7.93 7.94 7.93 7.88 7.89 7.87 7.90 8.00 8.00 8.01 8.12 8.23 8.34 8.46 8.55 8.63 8.72 8.78 8.85 8.91 8.97 8.97 8.97 9.02 9.06 9.06 8.93 8.96 9.23 9.10 9.06 9.19 9.30 9.38 9.43 9.49 9.53 9.49 9.59
