main/data/pressure/05.07.2023.grid
ncols 886
nrows 691
xllcenter 112.0000
yllcenter -44.5000
cellsize 0.0500
nodata_value 99999.90
[rows 175 to 209 of 691, columns 234 to 311 of 886]
12.49 12.44 12.46 12.45 12.55 12.55 12.55 12.54 12.62 12.61 12.59 12.65 12.73 12.85 12.90 13.00 13.10 13.14 13.18 13.25 13.33 13.42 13.52 13.52 13.61 13.52 13.51 13.53 13.55 13.60 13.67 13.73 13.82 13.99 14.18 14.33 14.37 14.40 14.46 14.56 14.62 14.56 14.69 14.72 14.71 14.71 14.71 14.69 14.51 14.46 14.56 14.57 14.57 14.61 14.66 14.69 14.66 14.62 14.64 14.73 14.77 14.81 14.83 14.82 14.81 14.81 14.85 14.87 14.87 14.85 14.81 14.80 14.84 14.79 14.73 14.75 14.75 14.76
12.40 12.29 12.34 12.42 12.45 12.45 12.45 12.49 12.50 12.49 12.54 12.55 12.60 12.72 12.86 12.96 13.00 13.06 12.96 13.08 13.20 13.30 13.41 13.49 13.55 13.53 13.54 13.56 13.55 13.59 13.61 13.61 13.67 13.84 14.12 14.26 14.27 14.26 14.24 14.38 14.51 14.32 14.37 14.62 14.65 14.66 14.66 14.57 14.51 14.49 14.53 14.56 14.57 14.54 14.54 14.63 14.64 14.61 14.64 14.67 14.70 14.70 14.70 14.70 14.71 14.73 14.76 14.78 14.79 14.75 14.55 14.55 14.71 14.71 14.71 14.72 14.70 14.72
12.29 12.23 12.25 12.28 12.31 12.29 12.34 12.38 12.40 12.42 12.48 12.49 12.48 12.60 12.73 12.85 12.91 12.93 12.91 12.98 13.08 13.18 13.29 13.38 13.47 13.51 13.55 13.59 13.61 13.71 13.54 13.49 13.50 13.64 14.07 14.14 14.15 14.13 14.09 14.22 14.43 14.24 14.17 14.43 14.57 14.55 14.56 14.58 14.28 14.51 14.52 14.55 14.57 14.56 14.61 14.62 14.62 14.62 14.51 14.63 14.64 14.62 14.55 14.53 14.61 14.62 14.64 14.65 14.65 14.71 14.70 14.56 14.52 14.59 14.67 14.71 14.71 14.69
12.16 12.14 12.22 12.20 12.26 12.28 12.32 12.32 12.30 12.34 12.46 12.53 12.52 12.51 12.60 12.70 12.78 12.85 12.87 12.91 12.98 13.07 13.16 13.26 13.37 13.44 13.50 13.56 13.60 13.54 13.44 13.47 13.48 13.80 13.98 14.04 14.07 14.08 14.15 14.27 14.31 14.21 13.90 14.30 14.48 14.49 14.44 14.42 14.46 14.45 14.49 14.53 14.52 14.47 14.46 14.46 14.47 14.47 14.46 14.54 14.60 14.57 14.47 14.36 14.47 14.51 14.53 14.54 14.56 14.58 14.58 14.51 14.46 14.50 14.58 14.66 14.68 14.65
12.10 12.14 12.18 12.20 12.25 12.28 12.28 12.29 12.30 12.33 12.44 12.45 12.47 12.47 12.50 12.59 12.67 12.74 12.77 12.83 12.90 12.97 13.05 13.16 13.26 13.33 13.39 13.43 13.52 13.58 13.51 13.54 13.75 13.77 13.87 13.93 13.98 13.89 14.09 14.19 14.25 14.27 14.21 14.34 14.39 14.41 14.37 14.10 14.33 14.43 14.46 14.45 14.39 14.35 14.28 14.31 14.30 14.33 14.36 14.45 14.54 14.52 14.45 14.40 14.43 14.44 14.44 14.45 14.47 14.45 14.46 14.42 14.44 14.45 14.51 14.62 14.61 14.53
12.07 12.14 12.11 12.17 12.22 12.23 12.21 12.27 12.30 12.36 12.31 12.34 12.41 12.38 12.40 12.52 12.60 12.61 12.66 12.75 12.82 12.91 12.97 13.08 13.17 13.18 13.24 13.26 13.40 13.49 13.55 13.44 13.65 13.53 13.78 13.84 13.84 13.73 13.95 14.10 14.13 14.21 14.25 14.08 14.29 14.31 14.36 14.32 14.36 14.39 14.39 14.35 14.29 14.28 14.27 14.25 14.19 14.24 14.31 14.38 14.44 14.49 14.47 14.46 14.46 14.41 14.39 14.38 14.41 14.46 14.41 14.35 14.40 14.45 14.53 14.58 14.52 14.39
11.99 12.09 12.12 12.14 12.18 12.20 12.22 12.26 12.27 12.32 12.29 12.31 12.36 12.35 12.38 12.38 12.47 12.52 12.59 12.69 12.75 12.82 12.90 12.98 13.03 13.02 13.06 13.18 13.31 13.37 13.35 13.33 13.56 13.58 13.70 13.58 13.69 13.80 13.96 14.00 14.04 14.10 14.14 14.11 14.18 14.25 14.29 14.29 14.32 14.27 14.23 14.25 14.25 14.25 14.24 14.21 14.15 14.21 14.26 14.30 14.34 14.40 14.44 14.48 14.46 14.48 14.49 14.49 14.47 14.43 14.32 14.23 14.39 14.48 14.53 14.44 14.46 14.49
11.99 12.05 12.08 12.11 12.11 12.17 12.18 12.20 12.22 12.28 12.30 12.31 12.32 12.34 12.38 12.36 12.40 12.42 12.50 12.57 12.64 12.72 12.78 12.85 12.90 12.95 13.02 13.12 13.15 13.16 13.31 13.16 13.47 13.29 13.59 13.39 13.64 13.73 13.77 13.87 13.94 13.99 14.02 14.05 14.12 14.17 14.20 14.24 14.25 14.16 14.14 14.19 14.21 14.21 14.21 14.17 14.11 14.17 14.23 14.23 14.21 14.24 14.32 14.37 14.39 14.41 14.41 14.38 14.34 14.30 14.24 14.25 14.36 14.48 14.45 14.36 14.36 14.48
11.96 12.01 12.03 12.04 12.10 12.02 12.06 12.06 12.14 12.21 12.27 12.29 12.28 12.28 12.34 12.32 12.35 12.35 12.45 12.47 12.54 12.62 12.67 12.73 12.79 12.82 12.87 12.94 13.11 13.11 13.15 13.12 13.37 13.23 13.47 13.36 13.57 13.59 13.58 13.67 13.81 13.88 13.93 13.93 13.99 14.07 14.06 14.15 14.16 14.16 14.15 14.16 14.17 14.19 14.19 14.21 14.17 14.21 14.24 14.19 14.16 14.17 14.23 14.28 14.30 14.30 14.31 14.30 14.21 14.21 14.24 14.26 14.34 14.42 14.45 14.38 14.38 14.47
11.89 11.96 12.01 12.01 11.99 11.95 11.99 12.03 12.09 12.14 12.21 12.26 12.26 12.26 12.32 12.29 12.31 12.33 12.41 12.45 12.50 12.54 12.58 12.65 12.74 12.76 12.79 12.86 12.97 13.06 13.08 13.13 13.28 13.17 13.27 13.41 13.39 13.37 13.44 13.54 13.72 13.73 13.84 13.80 13.84 13.96 14.01 14.06 14.01 14.07 14.02 14.09 14.13 14.15 14.17 14.15 14.17 14.20 14.21 14.21 14.19 14.18 14.20 14.22 14.20 14.17 14.18 14.20 14.01 14.18 14.23 14.25 14.29 14.33 14.42 14.39 14.39 14.42
11.78 11.90 11.96 11.96 11.94 11.92 11.97 12.00 12.02 12.10 12.18 12.23 12.22 12.23 12.27 12.32 12.31 12.31 12.38 12.44 12.46 12.47 12.49 12.57 12.69 12.70 12.73 12.79 12.86 12.96 13.02 13.07 13.17 13.12 13.23 13.26 13.27 13.40 13.50 13.56 13.62 13.62 13.72 13.66 13.71 13.85 13.93 13.94 14.00 14.01 14.01 14.05 14.08 14.11 14.13 14.12 14.14 14.15 14.18 14.20 14.20 14.19 14.19 14.17 14.13 14.01 13.96 14.08 14.02 14.10 14.19 14.24 14.27 14.30 14.35 14.41 14.40 14.40
11.76 11.84 11.88 11.92 11.94 11.96 11.97 11.99 12.03 12.10 12.15 12.18 12.19 12.17 12.20 12.30 12.31 12.27 12.36 12.38 12.40 12.40 12.42 12.49 12.61 12.70 12.69 12.72 12.79 12.89 12.97 13.04 13.10 13.06 13.07 13.16 13.22 13.36 13.40 13.49 13.52 13.56 13.61 13.65 13.69 13.76 13.77 13.81 13.87 13.91 13.93 13.98 14.04 14.07 14.09 14.11 14.13 14.13 14.14 14.19 14.19 14.18 14.15 14.14 14.15 14.06 14.05 14.06 14.05 14.09 14.17 14.21 14.25 14.29 14.31 14.34 14.38 14.41
11.76 11.81 11.86 11.89 11.93 11.94 11.96 12.00 12.02 12.08 12.12 12.15 12.18 12.15 12.17 12.26 12.31 12.36 12.36 12.38 12.42 12.43 12.40 12.43 12.55 12.67 12.68 12.69 12.73 12.84 12.93 13.03 13.09 13.12 13.14 13.12 13.18 13.28 13.36 13.42 13.49 13.53 13.58 13.62 13.66 13.70 13.73 13.76 13.78 13.83 13.80 13.86 13.90 13.99 14.01 14.06 14.10 14.11 14.11 14.12 14.14 14.13 14.10 14.10 14.11 14.10 14.10 14.06 14.03 14.06 14.12 14.16 14.20 14.25 14.30 14.31 14.34 14.37
11.70 11.75 11.82 11.86 11.88 11.91 11.94 11.97 12.00 12.04 12.06 12.10 12.13 12.17 12.18 12.21 12.28 12.32 12.33 12.35 12.38 12.40 12.37 12.39 12.48 12.60 12.65 12.65 12.68 12.77 12.89 13.02 13.05 13.09 13.11 13.10 13.12 13.19 13.28 13.35 13.42 13.46 13.51 13.59 13.62 13.66 13.70 13.72 13.76 13.80 13.83 13.85 13.89 13.93 13.91 13.96 14.03 14.07 14.07 14.11 14.08 14.04 14.06 14.05 14.08 14.06 14.04 13.98 13.97 14.02 14.05 14.09 14.15 14.21 14.26 14.30 14.33 14.35
11.63 11.70 11.78 11.79 11.82 11.83 11.88 11.91 11.92 11.96 11.99 12.03 12.09 12.11 12.12 12.16 12.24 12.27 12.29 12.32 12.34 12.36 12.35 12.37 12.41 12.53 12.61 12.62 12.63 12.71 12.83 12.97 12.97 13.00 13.07 13.11 13.11 13.16 13.21 13.30 13.36 13.40 13.44 13.52 13.58 13.62 13.67 13.70 13.77 13.77 13.78 13.82 13.86 13.88 13.90 13.89 13.93 13.98 14.04 14.06 14.07 14.06 14.06 14.10 14.09 14.07 14.07 14.01 13.98 13.93 14.00 14.09 14.15 14.18 14.22 14.28 14.32 14.34
11.62 11.70 11.68 11.68 11.73 11.73 11.71 11.80 11.82 11.85 11.88 11.95 12.02 12.07 12.11 12.16 12.20 12.25 12.29 12.32 12.33 12.34 12.36 12.41 12.44 12.52 12.58 12.60 12.62 12.70 12.81 12.91 12.92 12.94 13.00 13.06 13.12 13.16 13.21 13.26 13.32 13.36 13.42 13.50 13.54 13.57 13.64 13.69 13.72 13.74 13.70 13.77 13.83 13.86 13.86 13.85 13.93 13.93 13.94 14.01 14.05 14.05 14.06 14.08 14.06 14.05 14.07 14.08 14.07 14.04 14.09 14.13 14.17 14.17 14.21 14.25 14.29 14.33
11.61 11.63 11.62 11.62 11.61 11.62 11.63 11.69 11.74 11.78 11.81 11.86 11.93 12.00 12.05 12.08 12.13 12.18 12.23 12.28 12.31 12.31 12.36 12.41 12.44 12.50 12.55 12.59 12.62 12.66 12.78 12.87 12.88 12.90 12.93 13.00 13.08 13.13 13.19 13.24 13.29 13.34 13.39 13.45 13.51 13.55 13.61 13.64 13.64 13.71 13.71 13.75 13.79 13.83 13.86 13.93 13.95 13.97 13.94 13.99 14.03 14.02 14.03 14.02 14.01 14.00 14.03 14.07 14.09 14.06 14.12 14.16 14.18 14.19 14.21 14.23 14.27 14.30
11.54 11.54 11.54 11.49 11.52 11.48 11.53 11.61 11.62 11.69 11.74 11.79 11.86 11.91 11.96 12.02 12.07 12.09 12.14 12.21 12.26 12.27 12.32 12.36 12.41 12.47 12.53 12.58 12.60 12.60 12.74 12.81 12.84 12.87 12.87 12.94 13.04 13.11 13.15 13.20 13.25 13.31 13.37 13.43 13.48 13.52 13.58 13.57 13.57 13.65 13.70 13.75 13.79 13.81 13.83 13.88 13.93 13.96 13.98 14.01 14.02 14.04 14.01 14.01 13.97 13.91 13.96 14.04 14.09 14.11 14.14 14.18 14.19 14.22 14.22 14.23 14.26 14.28
11.47 11.47 11.47 11.39 11.39 11.37 11.42 11.46 11.48 11.56 11.60 11.69 11.76 11.82 11.87 11.95 11.98 12.01 12.09 12.18 12.23 12.26 12.31 12.34 12.39 12.45 12.50 12.54 12.57 12.60 12.70 12.78 12.81 12.85 12.87 12.93 13.00 13.06 13.11 13.16 13.21 13.28 13.35 13.40 13.44 13.49 13.53 13.53 13.53 13.62 13.70 13.73 13.72 13.70 13.81 13.86 13.90 13.93 13.96 13.99 14.01 14.03 14.02 14.00 13.95 13.84 13.85 13.98 14.09 14.12 14.16 14.18 14.20 14.22 14.24 14.25 14.26 14.28
11.37 11.41 11.41 11.38 11.34 11.32 11.32 11.36 11.41 11.47 11.51 11.56 11.63 11.70 11.78 11.85 11.88 11.93 12.03 12.10 12.16 12.22 12.27 12.31 12.36 12.41 12.46 12.49 12.53 12.58 12.66 12.73 12.77 12.81 12.85 12.92 12.97 13.03 13.08 13.14 13.19 13.26 13.31 13.35 13.40 13.46 13.49 13.50 13.50 13.53 13.67 13.72 13.70 13.69 13.80 13.83 13.87 13.91 13.92 13.94 13.96 14.00 14.02 14.00 13.97 13.91 13.91 13.98 14.06 14.12 14.15 14.17 14.20 14.22 14.24 14.27 14.25 14.26
11.28 11.27 11.26 11.34 11.30 11.29 11.34 11.37 11.41 11.43 11.43 11.47 11.53 11.58 11.66 11.74 11.80 11.87 11.97 12.01 12.08 12.16 12.19 12.25 12.30 12.34 12.41 12.45 12.49 12.55 12.63 12.68 12.72 12.77 12.82 12.90 12.95 13.00 13.05 13.11 13.16 13.23 13.27 13.31 13.36 13.42 13.46 13.50 13.48 13.55 13.64 13.68 13.70 13.74 13.74 13.78 13.82 13.87 13.90 13.90 13.92 13.96 13.97 13.97 14.01 13.98 13.98 13.98 13.99 14.10 14.14 14.17 14.19 14.21 14.22 14.23 14.23 14.24
11.25 11.23 11.19 11.20 11.29 11.32 11.35 11.35 11.37 11.37 11.35 11.40 11.46 11.50 11.57 11.62 11.69 11.79 11.88 11.96 12.05 12.11 12.16 12.20 12.25 12.30 12.37 12.42 12.47 12.53 12.59 12.64 12.69 12.75 12.80 12.86 12.91 12.97 13.02 13.08 13.13 13.19 13.24 13.29 13.33 13.39 13.43 13.48 13.48 13.53 13.62 13.63 13.62 13.61 13.73 13.75 13.77 13.80 13.81 13.83 13.88 13.91 13.90 13.91 13.96 13.99 14.00 13.98 13.97 14.06 14.13 14.16 14.16 14.19 14.19 14.20 14.21 14.21
11.16 11.19 11.17 11.13 11.17 11.21 11.27 11.31 11.26 11.26 11.25 11.33 11.41 11.44 11.48 11.52 11.56 11.69 11.80 11.91 11.96 12.03 12.10 12.15 12.21 12.24 12.31 12.37 12.43 12.49 12.53 12.60 12.65 12.71 12.76 12.82 12.87 12.92 12.98 13.04 13.09 13.15 13.20 13.25 13.30 13.35 13.40 13.45 13.50 13.50 13.56 13.61 13.64 13.66 13.72 13.75 13.75 13.76 13.77 13.82 13.85 13.86 13.81 13.83 13.90 13.95 13.96 13.97 14.00 14.06 14.11 14.13 14.14 14.16 14.17 14.18 14.17 14.15
11.04 11.12 11.14 11.11 11.08 11.13 11.17 11.20 11.27 11.22 11.19 11.28 11.33 11.34 11.38 11.42 11.48 11.63 11.74 11.82 11.87 11.94 12.02 12.09 12.16 12.20 12.26 12.32 12.37 12.42 12.47 12.54 12.60 12.66 12.71 12.77 12.80 12.85 12.92 12.99 13.04 13.09 13.15 13.21 13.26 13.32 13.37 13.41 13.44 13.47 13.52 13.56 13.61 13.66 13.69 13.72 13.72 13.77 13.79 13.82 13.84 13.86 13.77 13.78 13.88 13.91 13.92 13.96 14.02 14.06 14.08 14.11 14.13 14.14 14.14 14.14 14.15 14.15
10.96 11.05 11.06 11.06 11.01 11.03 11.07 11.14 11.21 11.19 11.21 11.21 11.24 11.25 11.26 11.29 11.47 11.51 11.63 11.72 11.79 11.86 11.94 12.02 12.10 12.17 12.23 12.28 12.31 12.33 12.39 12.48 12.55 12.61 12.67 12.69 12.72 12.75 12.83 12.89 12.96 13.05 13.11 13.16 13.22 13.28 13.33 13.37 13.40 13.45 13.49 13.52 13.57 13.61 13.66 13.68 13.70 13.74 13.78 13.81 13.84 13.87 13.86 13.86 13.87 13.88 13.90 13.95 14.01 14.05 14.05 14.09 14.10 14.11 14.12 14.12 14.13 14.13
10.92 10.99 10.94 10.95 10.93 10.93 10.93 11.07 11.12 11.17 11.12 11.18 11.22 11.22 11.24 11.34 11.38 11.42 11.54 11.63 11.71 11.78 11.86 11.95 12.03 12.10 12.15 12.20 12.24 12.26 12.33 12.40 12.50 12.55 12.59 12.62 12.64 12.66 12.71 12.77 12.82 12.91 13.04 13.11 13.17 13.22 13.28 13.32 13.36 13.41 13.45 13.48 13.51 13.56 13.59 13.60 13.61 13.67 13.73 13.76 13.80 13.81 13.83 13.83 13.83 13.85 13.89 13.94 13.99 14.03 14.04 14.05 14.07 14.08 14.10 14.10 14.10 14.10
10.84 10.90 10.93 10.92 10.89 10.86 10.90 10.99 11.07 11.14 11.15 11.18 11.15 11.16 11.19 11.27 11.30 11.36 11.46 11.55 11.62 11.70 11.79 11.87 11.93 12.01 12.10 12.14 12.18 12.22 12.29 12.34 12.46 12.50 12.54 12.56 12.58 12.57 12.61 12.68 12.76 12.86 12.99 13.05 13.11 13.17 13.22 13.28 13.32 13.36 13.39 13.43 13.46 13.49 13.53 13.55 13.58 13.64 13.67 13.71 13.74 13.76 13.78 13.78 13.76 13.80 13.87 13.94 13.96 13.99 14.01 14.03 14.04 14.06 14.06 14.07 14.08 14.06
10.71 10.78 10.86 10.82 10.88 10.86 10.81 10.92 10.97 11.03 11.12 11.12 11.11 11.13 11.15 11.18 11.23 11.30 11.38 11.46 11.54 11.61 11.70 11.77 11.84 11.93 12.01 12.08 12.13 12.19 12.25 12.33 12.41 12.46 12.49 12.52 12.52 12.50 12.53 12.62 12.72 12.83 12.93 12.98 13.03 13.11 13.17 13.23 13.29 13.33 13.36 13.39 13.42 13.45 13.47 13.50 13.52 13.58 13.62 13.67 13.71 13.74 13.74 13.70 13.62 13.72 13.82 13.88 13.93 13.96 13.98 13.99 14.01 14.02 14.03 14.04 14.06 14.04
10.62 10.71 10.78 10.72 10.81 10.85 10.78 10.81 10.87 10.96 11.05 11.04 11.00 11.03 11.07 11.13 11.18 11.23 11.30 11.37 11.46 11.53 11.60 11.68 11.75 11.83 11.93 12.00 12.08 12.15 12.22 12.29 12.36 12.40 12.44 12.46 12.48 12.47 12.50 12.59 12.69 12.80 12.88 12.88 12.94 13.04 13.11 13.18 13.23 13.29 13.32 13.35 13.38 13.41 13.43 13.45 13.49 13.52 13.53 13.62 13.67 13.71 13.72 13.72 13.61 13.71 13.79 13.85 13.88 13.91 13.94 13.96 13.97 13.99 14.01 14.01 14.02 14.02
10.57 10.61 10.62 10.71 10.68 10.76 10.79 10.71 10.79 10.92 10.97 11.00 10.91 10.96 11.02 11.08 11.13 11.17 11.22 11.29 11.37 11.45 11.54 11.60 11.66 11.73 11.82 11.90 11.99 12.07 12.15 12.22 12.29 12.36 12.39 12.40 12.44 12.47 12.53 12.60 12.69 12.77 12.83 12.85 12.88 12.96 13.03 13.12 13.18 13.24 13.28 13.31 13.33 13.35 13.39 13.43 13.46 13.40 13.43 13.52 13.61 13.63 13.66 13.67 13.67 13.74 13.79 13.82 13.84 13.88 13.91 13.93 13.94 13.96 13.98 13.99 13.99 13.98
10.55 10.54 10.53 10.62 10.60 10.70 10.71 10.69 10.76 10.82 10.86 10.88 10.87 10.93 11.00 11.04 11.08 11.10 11.13 11.20 11.29 11.37 11.47 11.54 11.57 11.62 11.70 11.79 11.90 12.00 12.06 12.13 12.21 12.30 12.37 12.33 12.42 12.49 12.54 12.62 12.69 12.75 12.81 12.81 12.85 12.91 12.97 13.06 13.12 13.19 13.24 13.28 13.29 13.28 13.32 13.39 13.38 13.14 13.32 13.43 13.52 13.58 13.60 13.64 13.66 13.70 13.75 13.79 13.82 13.85 13.86 13.88 13.90 13.93 13.95 13.96 13.95 13.93
10.43 10.45 10.45 10.46 10.55 10.60 10.70 10.72 10.77 10.83 10.79 10.80 10.88 10.93 10.96 10.99 11.02 11.05 11.09 11.15 11.21 11.29 11.37 11.42 11.47 11.53 11.60 11.69 11.79 11.88 11.97 12.05 12.13 12.22 12.31 12.38 12.43 12.49 12.55 12.60 12.66 12.71 12.77 12.79 12.82 12.86 12.91 12.98 13.05 13.12 13.19 13.24 13.27 13.26 13.27 13.32 13.34 13.36 13.36 13.41 13.48 13.52 13.55 13.56 13.61 13.65 13.71 13.74 13.78 13.81 13.82 13.84 13.85 13.88 13.90 13.90 13.90 13.90
10.43 10.41 10.39 10.43 10.44 10.52 10.60 10.58 10.66 10.75 10.81 10.81 10.88 10.89 10.90 10.93 10.96 11.00 11.03 11.09 11.15 11.22 11.27 11.33 11.38 11.44 11.50 11.58 11.67 11.79 11.88 11.96 12.05 12.12 12.20 12.25 12.33 12.41 12.50 12.57 12.61 12.68 12.73 12.77 12.82 12.84 12.86 12.91 12.97 13.04 13.13 13.20 13.25 13.25 13.23 13.25 13.30 13.31 13.33 13.39 13.43 13.46 13.48 13.49 13.56 13.62 13.67 13.71 13.75 13.77 13.78 13.79 13.80 13.83 13.85 13.86 13.86 13.85
10.42 10.44 10.46 10.46 10.45 10.46 10.58 10.62 10.66 10.68 10.74 10.83 10.83 10.84 10.85 10.87 10.91 10.96 11.01 11.07 11.13 11.18 11.22 11.27 11.33 11.37 11.40 11.46 11.57 11.66 11.76 11.86 11.94 12.00 12.07 12.15 12.25 12.36 12.45 12.52 12.57 12.62 12.67 12.74 12.78 12.80 12.82 12.85 12.89 12.97 13.07 13.14 13.20 13.22 13.22 13.23 13.27 13.25 13.20 13.28 13.36 13.41 13.45 13.49 13.54 13.59 13.65 13.69 13.72 13.73 13.73 13.74 13.75 13.76 13.78 13.81 13.80 13.81
10.30 10.46 10.48 10.40 10.36 10.47 10.48 10.55 10.66 10.66 10.72 10.80 10.79 10.77 10.77 10.81 10.85 10.92 10.99 11.05 11.11 11.16 11.20 11.24 11.30 11.33 11.34 11.40 11.47 11.54 11.65 11.77 11.83 11.89 11.97 12.06 12.17 12.32 12.41 12.47 12.52 12.57 12.61 12.68 12.74 12.77 12.79 12.79 12.79 12.89 13.00 13.10 13.15 13.18 13.20 13.22 13.16 13.19 13.12 13.22 13.29 13.35 13.40 13.47 13.51 13.57 13.62 13.66 13.68 13.69 13.67 13.70 13.70 13.69 13.69 13.75 13.71 13.73
