main/data/pressure/05.01.2023.grid
ncols 886
nrows 691
xllcenter 112.0000
yllcenter -44.5000
cellsize 0.0500
nodata_value 99999.90
[rows 0 to 35 of 691, columns 480 to 559 of 886]
33.23 33.23 33.21 33.21 33.20 33.19 33.18 33.16 33.16 33.14 33.13 33.12 33.11 33.09 33.08 33.06 33.04 33.03 33.01 32.99 32.97 32.95 32.93 32.91 32.89 32.87 32.84 32.83 32.80 32.79 32.77 32.75 32.73 32.72 32.70 32.69 32.67 32.66 32.64 32.64 32.62 32.62 32.60 32.60 32.59 32.58 32.58 32.57 32.57 32.56 32.55 32.56 32.56 32.55 32.56 32.56 32.56 32.57 32.58 32.58 32.59 32.60 32.61 32.62 32.63 32.64 32.66 32.67 32.69 32.70 32.72 32.74 32.76 32.78 32.80 32.82 32.84 32.86 32.88 32.90
33.20 33.20 33.18 33.18 33.16 33.16 33.14 33.14 33.13 33.12 33.11 33.09 33.08 33.06 33.05 33.03 33.02 33.00 32.98 32.97 32.94 32.93 32.90 32.88 32.86 32.84 32.81 32.80 32.77 32.75 32.73 32.72 32.69 32.68 32.66 32.65 32.63 32.62 32.60 32.59 32.58 32.57 32.56 32.55 32.54 32.54 32.53 32.52 32.52 32.52 32.52 32.51 32.51 32.52 32.52 32.52 32.53 32.53 32.53 32.54 32.55 32.56 32.57 32.58 32.59 32.60 32.61 32.63 32.65 32.67 32.69 32.71 32.72 32.74 32.76 32.79 32.80 32.82 32.84 32.86
33.17 33.16 33.15 33.15 33.14 33.13 33.12 33.11 33.10 33.09 33.08 33.07 33.06 33.04 33.03 33.01 33.00 32.98 32.96 32.94 32.92 32.89 32.87 32.86 32.83 32.81 32.78 32.76 32.74 32.72 32.69 32.68 32.65 32.64 32.62 32.61 32.59 32.58 32.56 32.55 32.53 32.53 32.51 32.51 32.50 32.50 32.49 32.49 32.48 32.47 32.47 32.47 32.47 32.47 32.47 32.47 32.48 32.48 32.49 32.49 32.51 32.51 32.52 32.53 32.54 32.57 32.58 32.59 32.61 32.63 32.64 32.66 32.68 32.70 32.72 32.75 32.77 32.78 32.80 32.83
33.14 33.13 33.13 33.11 33.11 33.11 33.09 33.09 33.08 33.07 33.06 33.05 33.03 33.02 33.01 32.99 32.98 32.96 32.94 32.91 32.90 32.87 32.85 32.82 32.80 32.78 32.75 32.73 32.70 32.69 32.66 32.64 32.62 32.60 32.58 32.57 32.54 32.53 32.52 32.51 32.49 32.48 32.47 32.47 32.45 32.45 32.44 32.44 32.43 32.44 32.43 32.42 32.43 32.43 32.43 32.44 32.44 32.44 32.45 32.46 32.46 32.47 32.48 32.50 32.51 32.52 32.53 32.55 32.57 32.58 32.60 32.62 32.64 32.66 32.68 32.70 32.73 32.75 32.77 32.79
33.10 33.10 33.10 33.09 33.09 33.07 33.07 33.07 33.06 33.05 33.04 33.03 33.02 33.01 32.99 32.98 32.95 32.94 32.92 32.90 32.88 32.85 32.83 32.80 32.78 32.74 32.72 32.70 32.67 32.65 32.62 32.61 32.58 32.56 32.54 32.53 32.50 32.49 32.48 32.46 32.45 32.44 32.44 32.42 32.42 32.41 32.40 32.40 32.39 32.39 32.38 32.39 32.38 32.38 32.39 32.39 32.39 32.40 32.41 32.41 32.42 32.42 32.44 32.45 32.46 32.48 32.49 32.51 32.52 32.55 32.56 32.58 32.60 32.62 32.64 32.66 32.69 32.71 32.73 32.76
33.08 33.07 33.07 33.06 33.06 33.05 33.05 33.05 33.04 33.04 33.02 33.02 33.00 32.99 32.97 32.96 32.94 32.92 32.91 32.88 32.86 32.83 32.81 32.78 32.75 32.72 32.70 32.67 32.64 32.62 32.59 32.57 32.54 32.53 32.50 32.49 32.47 32.45 32.44 32.42 32.41 32.40 32.39 32.38 32.37 32.36 32.36 32.35 32.34 32.35 32.34 32.34 32.34 32.35 32.34 32.34 32.35 32.36 32.36 32.37 32.38 32.39 32.40 32.41 32.42 32.44 32.46 32.47 32.49 32.51 32.53 32.55 32.57 32.59 32.61 32.63 32.65 32.67 32.69 32.72
33.05 33.05 33.04 33.04 33.04 33.03 33.03 33.02 33.02 33.01 33.01 33.01 32.99 32.98 32.96 32.95 32.93 32.91 32.88 32.86 32.83 32.81 32.79 32.75 32.73 32.69 32.67 32.64 32.61 32.59 32.56 32.54 32.51 32.49 32.47 32.45 32.43 32.41 32.40 32.38 32.37 32.35 32.35 32.33 32.33 32.32 32.32 32.31 32.31 32.30 32.30 32.30 32.29 32.30 32.30 32.31 32.31 32.31 32.31 32.33 32.34 32.34 32.35 32.37 32.39 32.40 32.41 32.43 32.45 32.46 32.48 32.50 32.52 32.55 32.57 32.59 32.61 32.64 32.66 32.69
33.03 33.03 33.03 33.02 33.02 33.01 33.02 33.01 33.01 33.00 33.00 32.99 32.98 32.97 32.95 32.94 32.92 32.90 32.87 32.85 32.82 32.80 32.77 32.73 32.71 32.67 32.64 32.61 32.58 32.56 32.52 32.50 32.47 32.45 32.42 32.41 32.39 32.37 32.36 32.34 32.33 32.31 32.30 32.30 32.28 32.28 32.27 32.27 32.26 32.26 32.26 32.25 32.26 32.25 32.26 32.26 32.26 32.28 32.28 32.28 32.29 32.31 32.32 32.33 32.34 32.35 32.38 32.39 32.41 32.43 32.45 32.47 32.49 32.51 32.54 32.56 32.57 32.60 32.62 32.65
33.00 33.00 33.00 33.00 33.00 33.00 33.00 32.99 33.00 32.99 32.99 32.98 32.97 32.95 32.94 32.92 32.90 32.88 32.86 32.84 32.80 32.78 32.75 32.72 32.69 32.65 32.62 32.58 32.55 32.53 32.49 32.47 32.44 32.41 32.40 32.37 32.35 32.33 32.31 32.30 32.28 32.28 32.26 32.25 32.24 32.24 32.23 32.23 32.22 32.22 32.21 32.22 32.21 32.22 32.22 32.22 32.23 32.23 32.23 32.25 32.25 32.26 32.27 32.29 32.31 32.32 32.33 32.35 32.37 32.39 32.41 32.43 32.45 32.47 32.49 32.52 32.54 32.57 32.59 32.62
32.98 32.98 32.98 32.98 32.99 32.98 32.99 32.98 32.98 32.97 32.97 32.95 32.94 32.92 32.90 32.89 32.86 32.85 32.82 32.81 32.78 32.76 32.73 32.70 32.67 32.63 32.60 32.55 32.53 32.50 32.46 32.43 32.41 32.38 32.36 32.33 32.31 32.30 32.27 32.26 32.24 32.23 32.22 32.21 32.20 32.19 32.19 32.18 32.18 32.17 32.18 32.17 32.18 32.17 32.17 32.18 32.18 32.18 32.20 32.20 32.21 32.23 32.24 32.25 32.26 32.27 32.30 32.32 32.33 32.35 32.37 32.39 32.42 32.44 32.46 32.49 32.51 32.53 32.55 32.58
32.96 32.97 32.96 32.97 32.97 32.97 32.97 32.97 32.97 32.95 32.93 32.91 32.89 32.87 32.86 32.83 32.82 32.80 32.78 32.77 32.74 32.73 32.70 32.68 32.65 32.60 32.57 32.53 32.50 32.47 32.43 32.40 32.37 32.34 32.32 32.30 32.27 32.25 32.23 32.22 32.21 32.19 32.18 32.16 32.16 32.15 32.14 32.14 32.13 32.14 32.13 32.13 32.13 32.13 32.13 32.13 32.15 32.15 32.15 32.17 32.17 32.18 32.19 32.21 32.23 32.24 32.25 32.27 32.29 32.31 32.34 32.35 32.38 32.40 32.42 32.44 32.47 32.50 32.52 32.55
32.95 32.95 32.94 32.95 32.96 32.95 32.96 32.95 32.93 32.91 32.89 32.87 32.85 32.83 32.81 32.79 32.77 32.76 32.74 32.72 32.70 32.69 32.66 32.64 32.62 32.58 32.54 32.51 32.47 32.43 32.39 32.36 32.34 32.30 32.28 32.26 32.23 32.21 32.20 32.17 32.16 32.15 32.14 32.13 32.11 32.11 32.10 32.10 32.09 32.09 32.09 32.09 32.08 32.09 32.09 32.10 32.10 32.10 32.12 32.12 32.13 32.15 32.16 32.17 32.19 32.20 32.22 32.24 32.26 32.27 32.30 32.32 32.34 32.36 32.39 32.41 32.44 32.46 32.49 32.51
32.93 32.94 32.93 32.94 32.94 32.94 32.93 32.91 32.89 32.87 32.85 32.83 32.81 32.78 32.77 32.74 32.73 32.72 32.69 32.68 32.65 32.64 32.62 32.60 32.59 32.55 32.52 32.48 32.44 32.40 32.37 32.33 32.30 32.27 32.24 32.22 32.20 32.17 32.15 32.14 32.12 32.11 32.09 32.08 32.08 32.06 32.06 32.05 32.05 32.04 32.05 32.05 32.05 32.04 32.05 32.05 32.06 32.06 32.08 32.08 32.09 32.10 32.12 32.13 32.14 32.16 32.17 32.20 32.22 32.24 32.26 32.28 32.31 32.33 32.36 32.38 32.41 32.42 32.45 32.48
32.92 32.92 32.92 32.92 32.93 32.92 32.90 32.87 32.85 32.83 32.81 32.78 32.77 32.74 32.73 32.70 32.69 32.67 32.65 32.63 32.61 32.59 32.57 32.56 32.54 32.52 32.49 32.45 32.40 32.37 32.33 32.29 32.26 32.23 32.20 32.18 32.16 32.14 32.11 32.10 32.07 32.06 32.06 32.04 32.03 32.03 32.02 32.02 32.01 32.01 32.01 32.00 32.01 32.01 32.01 32.01 32.02 32.03 32.03 32.04 32.05 32.06 32.07 32.10 32.11 32.12 32.14 32.16 32.19 32.21 32.23 32.25 32.27 32.30 32.32 32.35 32.36 32.39 32.42 32.45
32.92 32.91 32.92 32.91 32.91 32.89 32.86 32.83 32.81 32.78 32.77 32.74 32.72 32.70 32.68 32.65 32.64 32.62 32.60 32.58 32.56 32.55 32.53 32.51 32.49 32.47 32.45 32.42 32.37 32.33 32.30 32.25 32.22 32.19 32.17 32.13 32.11 32.09 32.08 32.05 32.04 32.02 32.01 32.00 32.00 31.98 31.98 31.97 31.97 31.97 31.96 31.97 31.96 31.97 31.97 31.98 31.98 31.98 32.00 32.00 32.01 32.03 32.04 32.05 32.07 32.09 32.10 32.12 32.14 32.16 32.18 32.22 32.24 32.26 32.28 32.31 32.33 32.36 32.39 32.41
32.92 32.91 32.91 32.90 32.89 32.85 32.83 32.79 32.77 32.74 32.72 32.70 32.68 32.65 32.63 32.61 32.59 32.57 32.55 32.54 32.51 32.50 32.47 32.46 32.44 32.42 32.41 32.38 32.34 32.29 32.26 32.22 32.18 32.15 32.13 32.10 32.07 32.05 32.03 32.01 31.99 31.98 31.97 31.96 31.95 31.95 31.93 31.93 31.93 31.92 31.93 31.92 31.93 31.92 31.93 31.93 31.94 31.94 31.96 31.96 31.97 31.99 32.00 32.01 32.03 32.05 32.07 32.09 32.11 32.13 32.15 32.17 32.20 32.22 32.25 32.27 32.30 32.33 32.36 32.38
32.92 32.91 32.90 32.88 32.86 32.82 32.79 32.75 32.73 32.70 32.68 32.65 32.63 32.60 32.59 32.56 32.54 32.53 32.50 32.49 32.46 32.45 32.42 32.41 32.39 32.38 32.36 32.34 32.30 32.25 32.22 32.18 32.15 32.11 32.08 32.06 32.03 32.00 31.99 31.97 31.96 31.94 31.93 31.92 31.90 31.90 31.90 31.89 31.88 31.89 31.88 31.88 31.89 31.89 31.89 31.89 31.90 31.91 31.91 31.93 31.94 31.94 31.97 31.98 31.99 32.01 32.03 32.05 32.07 32.09 32.11 32.14 32.16 32.19 32.21 32.24 32.27 32.30 32.32 32.35
32.92 32.92 32.90 32.87 32.83 32.78 32.75 32.73 32.69 32.66 32.64 32.60 32.59 32.56 32.54 32.51 32.49 32.48 32.45 32.44 32.41 32.40 32.38 32.36 32.34 32.33 32.30 32.29 32.26 32.22 32.17 32.14 32.10 32.07 32.04 32.01 31.99 31.97 31.95 31.92 31.91 31.90 31.89 31.87 31.87 31.86 31.85 31.85 31.85 31.84 31.84 31.85 31.84 31.85 31.85 31.86 31.86 31.87 31.88 31.89 31.90 31.91 31.93 31.94 31.95 31.97 32.00 32.02 32.04 32.06 32.08 32.10 32.13 32.15 32.18 32.21 32.24 32.26 32.29 32.32
32.93 32.92 32.89 32.85 32.80 32.76 32.72 32.69 32.65 32.61 32.59 32.56 32.54 32.51 32.49 32.46 32.44 32.42 32.40 32.38 32.36 32.34 32.33 32.30 32.29 32.27 32.25 32.23 32.21 32.17 32.12 32.09 32.06 32.03 32.00 31.96 31.94 31.92 31.90 31.89 31.87 31.85 31.84 31.84 31.83 31.81 31.81 31.81 31.80 31.80 31.80 31.80 31.80 31.80 31.81 31.82 31.82 31.82 31.84 31.84 31.86 31.87 31.89 31.90 31.92 31.93 31.96 31.98 32.00 32.02 32.05 32.07 32.09 32.12 32.15 32.18 32.20 32.23 32.26 32.29
32.95 32.93 32.88 32.82 32.77 32.73 32.68 32.65 32.61 32.58 32.54 32.51 32.49 32.46 32.44 32.41 32.39 32.36 32.34 32.33 32.30 32.28 32.27 32.24 32.23 32.21 32.20 32.17 32.15 32.12 32.08 32.05 32.00 31.97 31.95 31.92 31.90 31.88 31.85 31.84 31.83 31.81 31.81 31.79 31.78 31.78 31.77 31.76 31.76 31.76 31.76 31.76 31.77 31.76 31.77 31.77 31.78 31.79 31.80 31.81 31.82 31.83 31.85 31.87 31.88 31.90 31.93 31.94 31.97 31.99 32.01 32.03 32.06 32.09 32.11 32.14 32.17 32.20 32.23 32.26
32.98 32.93 32.87 32.80 32.74 32.69 32.64 32.61 32.56 32.53 32.49 32.46 32.44 32.40 32.38 32.38 32.33 32.30 32.29 32.27 32.24 32.22 32.21 32.18 32.17 32.15 32.14 32.11 32.09 32.06 32.02 31.99 31.96 31.92 31.89 31.87 31.85 31.83 31.81 31.80 31.79 31.77 31.76 31.75 31.74 31.74 31.73 31.72 31.72 31.73 31.72 31.72 31.72 31.73 31.73 31.73 31.75 31.75 31.76 31.77 31.79 31.80 31.82 31.83 31.85 31.86 31.89 31.91 31.93 31.95 31.98 32.00 32.03 32.05 32.08 32.11 32.14 32.17 32.20 32.23
33.00 32.93 32.86 32.78 32.73 32.66 32.62 32.57 32.52 32.48 32.44 32.42 32.38 32.35 32.32 32.29 32.27 32.24 32.22 32.20 32.18 32.16 32.14 32.12 32.10 32.08 32.07 32.05 32.03 31.99 31.96 31.93 31.90 31.87 31.85 31.83 31.80 31.78 31.76 31.75 31.74 31.73 31.72 31.71 31.70 31.69 31.69 31.69 31.69 31.68 31.68 31.69 31.68 31.69 31.70 31.70 31.71 31.71 31.73 31.73 31.75 31.76 31.77 31.79 31.81 31.83 31.85 31.87 31.89 31.92 31.95 31.98 32.00 32.03 32.06 32.08 32.11 32.14 32.17 32.19
33.02 32.94 32.85 32.77 32.70 32.63 32.58 32.52 32.47 32.43 32.39 32.35 32.32 32.29 32.21 32.23 32.21 32.18 32.16 32.14 32.11 32.09 32.07 32.05 32.03 32.01 32.00 31.98 31.96 31.93 31.89 31.86 31.84 31.81 31.79 31.77 31.75 31.73 31.72 31.71 31.70 31.69 31.67 31.66 31.66 31.65 31.65 31.65 31.64 31.64 31.64 31.65 31.64 31.65 31.66 31.66 31.67 31.67 31.69 31.69 31.71 31.72 31.74 31.76 31.77 31.80 31.82 31.84 31.86 31.89 31.91 31.94 31.97 31.99 32.02 32.05 32.08 32.11 32.14 32.17
33.04 32.93 32.84 32.76 32.67 32.60 32.54 32.48 32.42 32.38 32.33 32.29 32.26 32.22 32.19 32.16 32.14 32.11 32.08 32.06 32.03 32.02 32.00 31.98 31.95 31.94 31.92 31.90 31.88 31.86 31.83 31.81 31.77 31.76 31.74 31.71 31.69 31.68 31.67 31.65 31.64 31.63 31.63 31.62 31.62 31.61 31.61 31.60 31.60 31.60 31.60 31.61 31.60 31.61 31.62 31.62 31.63 31.64 31.65 31.66 31.68 31.69 31.71 31.72 31.75 31.76 31.78 31.80 31.83 31.86 31.88 31.90 31.93 31.96 31.99 32.02 32.05 32.08 32.11 32.14
33.04 32.93 32.84 32.74 32.65 32.58 32.50 32.43 32.38 32.33 32.27 32.24 32.19 32.15 31.91 32.09 32.06 32.03 32.01 31.98 31.95 31.93 31.91 31.90 31.87 31.85 31.83 31.82 31.80 31.78 31.75 31.73 31.71 31.69 31.67 31.66 31.64 31.63 31.62 31.61 31.60 31.59 31.59 31.58 31.58 31.57 31.56 31.56 31.56 31.56 31.57 31.56 31.57 31.57 31.58 31.58 31.59 31.61 31.61 31.63 31.64 31.66 31.67 31.68 31.71 31.73 31.74 31.77 31.80 31.82 31.84 31.87 31.91 31.93 31.96 31.99 32.02 32.05 32.08 32.11
33.04 32.94 32.83 32.72 32.63 32.54 32.46 32.39 32.33 32.27 32.21 32.17 32.12 31.91 32.05 32.01 31.98 31.94 31.92 31.90 31.87 31.85 31.82 31.81 31.79 31.76 31.74 31.72 31.71 31.69 31.67 31.65 31.63 31.62 31.60 31.59 31.58 31.57 31.56 31.56 31.55 31.55 31.54 31.54 31.54 31.52 31.52 31.52 31.52 31.52 31.53 31.53 31.53 31.54 31.54 31.54 31.56 31.57 31.57 31.59 31.60 31.62 31.63 31.66 31.67 31.69 31.72 31.74 31.76 31.78 31.82 31.84 31.87 31.90 31.93 31.96 31.99 32.02 32.05 32.08
33.05 32.93 32.82 32.71 32.61 32.51 32.42 32.35 32.27 32.20 32.14 32.09 31.85 31.99 31.96 31.92 31.89 31.85 31.83 31.80 31.77 31.75 31.73 31.71 31.69 31.67 31.64 31.62 31.60 31.60 31.59 31.57 31.56 31.55 31.54 31.53 31.53 31.52 31.51 31.50 31.50 31.49 31.49 31.49 31.48 31.48 31.48 31.48 31.48 31.49 31.49 31.49 31.49 31.50 31.51 31.51 31.52 31.53 31.54 31.55 31.57 31.58 31.59 31.62 31.63 31.66 31.68 31.70 31.73 31.76 31.78 31.81 31.84 31.86 31.89 31.93 31.96 32.00 32.02 32.05
33.05 32.94 32.81 32.69 32.58 32.47 32.38 32.29 32.21 32.13 32.07 32.01 31.85 31.91 31.87 31.82 31.79 31.75 31.72 31.70 31.66 31.64 31.62 31.60 31.58 31.56 31.54 31.52 31.50 31.50 31.49 31.48 31.48 31.47 31.47 31.46 31.47 31.46 31.46 31.46 31.45 31.45 31.45 31.44 31.44 31.44 31.44 31.44 31.44 31.45 31.45 31.45 31.45 31.46 31.47 31.48 31.48 31.49 31.51 31.52 31.53 31.54 31.57 31.58 31.61 31.62 31.64 31.67 31.70 31.72 31.75 31.78 31.81 31.84 31.87 31.90 31.93 31.96 31.99 32.03
33.05 32.92 32.79 32.67 32.55 32.43 32.33 32.23 32.14 32.06 31.96 31.56 31.87 31.81 31.77 31.72 31.69 31.64 31.61 31.58 31.55 31.53 31.50 31.48 31.46 31.44 31.42 31.40 31.39 31.39 31.39 31.39 31.39 31.40 31.40 31.40 31.40 31.40 31.41 31.40 31.40 31.40 31.40 31.40 31.40 31.40 31.40 31.40 31.40 31.41 31.41 31.42 31.42 31.42 31.43 31.44 31.45 31.46 31.47 31.49 31.50 31.52 31.53 31.55 31.57 31.59 31.62 31.64 31.66 31.69 31.72 31.75 31.77 31.80 31.84 31.87 31.91 31.94 31.97 31.99
33.04 32.91 32.77 32.65 32.52 32.39 32.28 32.17 32.07 31.98 31.78 31.68 31.77 31.71 31.66 31.61 31.57 31.53 31.49 31.46 31.43 31.40 31.38 31.35 31.33 31.31 31.29 31.27 31.26 31.27 31.29 31.29 31.30 31.31 31.32 31.33 31.33 31.34 31.34 31.35 31.35 31.36 31.36 31.36 31.36 31.36 31.36 31.36 31.36 31.37 31.37 31.38 31.38 31.39 31.39 31.40 31.41 31.43 31.43 31.45 31.47 31.48 31.50 31.52 31.54 31.56 31.58 31.61 31.63 31.66 31.69 31.72 31.75 31.78 31.81 31.84 31.87 31.90 31.94 31.97
33.04 32.90 32.76 32.62 32.48 32.35 32.22 32.10 31.99 31.71 31.81 31.74 31.66 31.60 31.55 31.49 31.44 31.40 31.37 31.33 31.30 31.27 31.24 31.22 31.19 31.17 31.15 31.13 31.14 31.16 31.17 31.19 31.20 31.23 31.24 31.25 31.27 31.28 31.28 31.29 31.30 31.31 31.31 31.31 31.31 31.32 31.32 31.32 31.32 31.33 31.33 31.34 31.34 31.35 31.36 31.37 31.37 31.39 31.40 31.41 31.43 31.45 31.46 31.49 31.50 31.52 31.55 31.57 31.61 31.63 31.66 31.68 31.71 31.75 31.78 31.81 31.85 31.88 31.91 31.95
33.01 32.87 32.67 32.58 32.43 32.29 32.16 31.95 31.42 31.81 31.71 31.62 31.55 31.48 31.42 31.37 31.31 31.27 31.23 31.19 31.16 31.13 31.10 31.08 31.05 31.03 31.01 31.00 31.00 31.03 31.05 31.09 31.11 31.13 31.16 31.18 31.19 31.22 31.23 31.23 31.25 31.26 31.26 31.27 31.27 31.27 31.29 31.29 31.29 31.30 31.30 31.31 31.30 31.31 31.32 31.33 31.35 31.36 31.36 31.38 31.39 31.41 31.44 31.45 31.48 31.49 31.52 31.55 31.57 31.60 31.63 31.66 31.69 31.72 31.75 31.79 31.82 31.85 31.89 31.92
32.99 32.85 32.70 32.54 32.35 32.24 32.03 31.83 31.83 31.71 31.61 31.51 31.44 31.36 31.29 31.24 31.18 31.14 31.09 31.05 31.02 30.99 30.96 30.93 30.91 30.88 30.86 30.85 30.86 30.89 30.94 30.97 31.01 31.04 31.07 31.10 31.12 31.14 31.17 31.18 31.20 31.21 31.21 31.22 31.23 31.24 31.24 31.25 31.25 31.26 31.26 31.27 31.27 31.28 31.29 31.30 31.31 31.32 31.34 31.34 31.36 31.38 31.40 31.42 31.44 31.47 31.49 31.52 31.54 31.57 31.59 31.63 31.66 31.69 31.72 31.75 31.79 31.82 31.85 31.89
32.90 32.78 32.65 32.49 32.00 31.96 32.00 31.87 31.74 31.61 31.50 31.40 31.32 31.24 31.16 31.09 31.04 30.99 30.95 30.91 30.88 30.84 30.81 30.79 30.76 30.74 30.72 30.70 30.73 30.77 30.81 30.86 30.90 30.95 30.99 31.03 31.05 31.08 31.11 31.12 31.14 31.16 31.17 31.17 31.19 31.20 31.20 31.21 31.21 31.22 31.22 31.23 31.24 31.24 31.25 31.26 31.28 31.29 31.30 31.32 31.33 31.35 31.37 31.38 31.41 31.43 31.46 31.48 31.51 31.54 31.57 31.59 31.63 31.66 31.69 31.73 31.76 31.79 31.83 31.86
32.82 32.77 32.61 32.29 32.27 32.11 31.95 31.80 31.65 31.51 31.40 31.29 31.19 31.11 31.03 30.96 30.91 30.85 30.81 30.77 30.73 30.70 30.67 30.64 30.61 30.60 30.58 30.56 30.58 30.63 30.69 30.74 30.80 30.85 30.90 30.94 30.98 31.01 31.04 31.07 31.09 31.11 31.12 31.14 31.15 31.15 31.16 31.16 31.18 31.19 31.19 31.20 31.21 31.21 31.22 31.24 31.24 31.25 31.27 31.29 31.30 31.32 31.34 31.35 31.38 31.40 31.43 31.45 31.48 31.51 31.54 31.57 31.61 31.64 31.67 31.70 31.73 31.77 31.80 31.84
32.88 32.72 32.43 32.39 32.21 32.04 31.87 31.71 31.55 31.41 31.29 31.17 31.02 30.98 30.91 30.83 30.77 30.72 30.67 30.63 30.59 30.56 30.53 30.50 30.47 30.46 30.43 30.42 30.43 30.50 30.57 30.63 30.70 30.76 30.82 30.86 30.91 30.94 30.98 31.01 31.04 31.06 31.08 31.09 31.10 31.11 31.13 31.13 31.14 31.14 31.15 31.16 31.17 31.17 31.18 31.20 31.21 31.22 31.24 31.25 31.27 31.29 31.30 31.33 31.34 31.37 31.39 31.42 31.45 31.47 31.51 31.54 31.57 31.61 31.64 31.67 31.71 31.74 31.77 31.81
