main/data/pressure/05.07.2023.grid
ncols 886
nrows 691
xllcenter 112.0000
yllcenter -44.5000
cellsize 0.0500
nodata_value 99999.90
[rows 140 to 174 of 691, columns 312 to 389 of 886]
14.52 14.43 14.16 14.04 14.28 14.43 14.27 13.97 14.01 14.29 14.59 14.55 14.57 14.63 14.27 13.70 14.12 14.28 13.84 13.85 14.31 14.42 14.37 14.42 14.30 14.09 14.19 13.95 14.01 13.96 14.01 13.86 13.80 13.86 13.75 13.90 14.07 14.19 13.96 14.14 14.40 14.51 14.34 14.30 14.33 14.55 14.62 14.58 14.61 14.77 14.77 14.80 14.81 14.88 14.98 15.08 15.26 15.38 15.42 15.56 15.64 15.77 15.85 15.92 15.96 15.97 15.96 15.93 15.88 15.88 15.94 15.96 15.93 15.89 15.78 15.58 15.51 15.36
14.39 14.11 14.18 14.18 14.33 14.34 14.12 14.20 14.05 14.34 14.45 14.45 14.61 14.19 14.22 13.66 14.36 14.26 14.36 14.36 14.36 14.28 14.23 13.94 14.38 14.31 14.25 14.16 13.97 14.09 14.10 13.99 13.97 13.97 13.98 14.09 14.16 14.07 14.15 14.29 14.32 14.30 14.37 14.29 14.34 14.43 14.48 14.58 14.58 14.57 14.67 14.71 14.70 14.76 14.92 15.03 15.15 15.20 15.26 15.35 15.47 15.56 15.63 15.72 15.67 15.80 15.80 15.80 15.79 15.80 15.86 15.81 15.75 15.71 15.64 15.53 15.39 15.21
14.24 13.93 14.14 14.28 14.36 14.22 14.06 14.14 14.25 14.28 14.47 14.06 14.57 14.07 13.67 13.63 13.59 13.86 14.28 14.10 14.03 13.89 13.69 13.38 13.75 14.21 14.26 14.08 14.00 14.15 14.09 14.05 14.07 14.14 14.14 14.15 14.13 14.07 14.07 14.30 14.41 14.38 14.32 14.31 14.34 14.33 14.45 14.48 14.46 14.46 14.55 14.58 14.64 14.72 14.83 14.89 14.94 14.99 15.03 15.14 15.23 15.35 15.45 15.38 15.54 15.54 15.56 15.58 15.62 15.66 15.68 15.55 15.48 15.47 15.45 15.38 15.27 15.13
14.25 13.96 14.15 14.18 14.32 14.12 13.92 13.69 13.81 14.44 14.42 14.10 14.51 14.34 13.91 13.88 13.89 13.80 13.24 14.05 13.69 13.69 13.51 13.72 14.22 14.26 14.12 13.86 13.83 14.07 14.05 14.05 14.12 14.04 14.19 14.08 14.15 14.13 14.11 14.29 14.42 14.42 14.36 14.35 14.33 14.26 14.39 14.41 14.42 14.38 14.43 14.41 14.61 14.67 14.69 14.72 14.77 14.82 14.86 15.04 15.12 15.21 15.21 15.28 15.32 15.30 15.34 15.37 15.41 15.48 15.44 15.33 15.24 15.25 15.23 15.20 15.13 15.03
14.00 13.68 14.08 13.99 14.29 14.15 14.01 13.89 14.05 14.27 14.43 14.45 14.36 14.33 14.20 14.18 14.21 14.01 13.48 13.66 13.92 14.02 14.14 14.22 14.22 14.23 14.05 13.74 13.81 14.00 14.03 14.06 14.16 14.25 14.32 14.19 14.33 14.29 14.23 14.36 14.46 14.42 14.36 14.37 14.33 14.26 14.33 14.33 14.33 14.36 14.40 14.42 14.50 14.55 14.61 14.66 14.70 14.75 14.85 14.95 15.01 15.05 15.05 15.10 15.11 15.17 15.18 15.18 15.23 15.31 15.22 15.12 15.10 15.09 15.00 14.99 14.97 14.91
14.12 14.01 14.32 14.09 14.22 14.16 13.91 13.99 13.92 13.94 14.05 14.23 14.21 14.38 14.14 14.19 14.03 14.12 14.07 13.98 14.19 14.12 14.14 14.14 14.15 14.19 14.11 13.78 13.77 13.91 14.01 14.05 14.11 14.20 14.27 14.37 14.44 14.47 14.49 14.49 14.48 14.40 14.34 14.38 14.38 14.35 14.33 14.28 14.23 14.26 14.27 14.30 14.38 14.44 14.50 14.56 14.62 14.67 14.68 14.80 14.88 14.89 14.96 14.94 14.95 15.01 15.06 15.03 15.05 15.13 15.01 14.93 14.88 14.87 14.76 14.80 14.80 14.78
14.22 13.86 14.31 14.28 14.18 14.19 14.07 14.13 14.15 14.24 14.14 14.16 14.20 14.10 14.28 14.17 14.18 14.18 14.14 14.16 13.90 13.85 14.03 14.04 14.05 14.12 14.16 13.92 13.84 13.88 14.02 14.14 14.19 14.21 14.19 14.24 14.44 14.32 14.38 14.41 14.42 14.44 14.43 14.41 14.39 14.35 14.30 14.24 14.17 14.19 14.16 14.20 14.26 14.32 14.42 14.46 14.48 14.55 14.64 14.66 14.65 14.54 14.76 14.87 14.81 14.84 14.91 14.96 14.99 14.92 14.84 14.79 14.78 14.78 14.71 14.68 14.67 14.65
14.39 14.32 14.41 14.27 14.16 14.20 14.17 14.21 14.27 14.31 14.08 14.19 14.21 13.85 13.91 13.81 13.21 13.90 14.16 13.88 13.77 14.00 14.11 14.01 13.99 14.09 14.10 13.97 13.71 13.88 14.07 14.18 14.14 14.25 14.23 14.30 14.39 14.08 14.24 14.35 14.39 14.28 14.36 14.37 14.35 14.32 14.28 14.22 14.21 14.20 14.14 14.16 14.15 14.20 14.31 14.37 14.41 14.48 14.53 14.60 14.58 14.57 14.67 14.78 14.74 14.73 14.83 14.87 14.75 14.73 14.69 14.64 14.61 14.60 14.61 14.59 14.56 14.53
14.53 14.54 14.58 14.56 14.38 14.35 14.27 14.30 14.35 14.36 14.31 14.29 14.28 14.09 14.04 13.83 13.68 14.02 14.04 13.64 13.84 14.08 14.14 14.07 14.10 14.11 14.02 13.88 13.72 14.00 14.01 14.14 14.29 14.34 14.31 14.31 14.29 14.12 14.08 14.26 14.31 14.21 14.29 14.29 14.24 14.28 14.20 14.16 14.20 14.22 14.23 14.22 14.21 14.17 14.20 14.20 14.28 14.38 14.47 14.53 14.58 14.62 14.63 14.70 14.74 14.76 14.73 14.62 14.61 14.53 14.50 14.49 14.50 14.50 14.50 14.48 14.45 14.44
14.54 14.58 14.50 14.63 14.64 14.54 14.45 14.44 14.43 14.42 14.37 14.19 14.33 14.26 14.17 13.96 14.05 14.15 13.77 13.44 13.87 14.01 14.12 14.15 14.09 14.06 14.02 13.90 13.87 13.99 13.94 14.05 14.27 14.35 14.33 14.29 14.26 14.22 14.13 14.22 14.21 14.19 14.21 14.27 14.25 14.24 14.19 14.15 14.14 14.15 14.09 14.18 14.23 14.22 14.24 14.25 14.29 14.33 14.28 14.38 14.51 14.49 14.48 14.55 14.59 14.65 14.59 14.50 14.48 14.38 14.38 14.40 14.40 14.41 14.41 14.38 14.33 14.31
14.54 14.62 14.63 14.67 14.70 14.66 14.59 14.54 14.51 14.47 14.43 14.37 14.07 14.34 14.19 13.78 13.94 13.48 13.63 13.70 13.85 13.91 14.19 14.13 14.00 14.02 13.99 13.97 13.89 13.97 13.92 13.85 13.98 14.25 14.34 14.24 14.19 14.16 14.17 14.16 14.15 14.13 14.14 14.16 14.13 14.19 14.19 14.11 14.02 14.01 14.04 14.09 14.11 14.16 14.17 14.21 14.24 14.24 14.24 14.27 14.30 14.31 14.25 14.42 14.54 14.49 14.46 14.40 14.38 14.36 14.36 14.36 14.34 14.33 14.32 14.25 14.20 14.18
14.69 14.72 14.73 14.22 14.71 14.58 14.57 14.57 14.56 14.49 14.46 14.47 14.46 14.44 14.28 13.84 14.12 14.07 13.96 14.06 14.09 14.23 14.17 14.10 14.00 14.02 14.01 14.02 13.92 13.93 13.94 13.80 13.83 14.06 14.38 14.19 14.11 14.09 14.10 14.06 13.99 14.10 14.08 14.04 14.11 14.14 14.13 14.13 14.01 13.95 14.04 14.03 14.03 14.05 14.08 14.13 14.16 14.17 14.16 14.16 14.16 14.25 14.38 14.45 14.39 14.38 14.31 14.28 14.27 14.29 14.29 14.28 14.26 14.27 14.22 14.18 14.12 14.09
14.72 14.63 14.76 14.75 14.65 14.54 14.51 14.54 14.58 14.40 14.43 14.50 14.50 14.48 14.39 14.08 14.13 14.32 14.27 14.29 14.28 14.24 14.17 14.11 14.07 14.09 14.09 14.08 13.98 13.91 13.89 13.89 13.91 13.87 14.31 14.25 14.10 14.01 14.03 14.02 14.00 14.06 14.10 13.97 14.09 14.08 14.01 14.10 14.08 13.98 14.05 14.02 14.02 14.01 14.02 14.05 14.09 14.09 14.10 14.10 14.12 14.23 14.34 14.31 14.22 14.26 14.23 14.20 14.15 14.15 14.18 14.19 14.21 14.16 14.10 14.10 14.08 14.04
14.59 14.61 14.69 14.68 14.59 14.41 14.28 14.45 14.42 14.18 14.39 14.51 14.50 14.02 14.32 14.33 14.26 14.40 14.38 14.35 14.28 14.23 14.16 14.14 14.15 14.15 14.21 14.14 14.05 13.90 13.87 13.95 14.02 14.00 14.23 14.21 14.15 13.99 13.98 14.00 13.97 14.01 14.05 14.10 14.07 14.03 13.97 14.04 14.07 13.98 14.05 14.06 14.08 14.02 13.98 13.98 14.02 14.02 14.10 14.09 14.08 14.21 14.30 14.20 14.02 14.13 14.12 14.08 14.06 14.09 14.10 14.11 14.13 14.08 14.00 14.02 14.01 13.97
14.58 14.70 14.67 14.53 14.65 14.43 14.20 14.54 14.52 14.39 14.44 14.42 14.53 14.52 14.37 14.55 14.46 14.48 14.43 14.36 14.30 14.21 14.16 14.19 14.18 14.15 14.22 14.20 14.09 13.94 13.92 14.01 14.07 14.14 14.24 14.16 14.00 13.98 14.01 14.00 13.97 13.93 13.98 14.03 14.02 14.01 14.01 14.05 14.05 14.01 13.99 14.01 14.07 14.00 14.00 13.91 13.94 13.99 14.06 14.08 14.11 14.21 14.21 14.11 14.04 14.07 14.03 13.99 13.99 14.04 14.07 14.07 14.07 14.01 13.97 13.97 13.97 13.92
14.84 14.85 14.76 14.63 14.81 14.64 14.61 14.72 14.61 14.54 14.41 13.98 14.27 14.69 14.71 14.66 14.62 14.55 14.45 14.39 14.32 14.20 14.17 14.12 14.23 14.18 14.20 14.26 14.14 13.99 14.03 14.07 14.10 14.14 14.19 14.14 14.06 14.03 14.05 14.04 14.05 13.99 14.00 14.00 13.99 14.01 14.00 13.97 13.94 14.00 13.94 13.94 13.97 14.06 14.09 13.91 14.01 14.02 14.03 14.05 14.09 14.15 14.08 14.04 14.02 13.99 13.94 13.93 13.95 13.99 14.01 14.03 13.97 13.93 13.92 13.93 13.93 13.94
14.91 14.91 14.91 14.90 14.90 14.65 14.83 14.86 14.79 14.81 14.79 14.54 14.09 14.74 14.76 14.65 14.62 14.57 14.49 14.40 14.05 14.17 14.27 14.25 14.22 14.13 14.14 14.18 14.18 14.12 14.10 14.10 14.08 14.08 14.14 14.10 14.05 14.07 14.09 14.07 14.08 14.02 14.00 14.02 14.01 13.97 13.90 13.93 13.94 13.93 13.96 13.94 13.99 14.05 14.08 13.99 13.96 13.89 13.93 13.98 14.02 14.10 14.06 13.98 14.00 13.93 13.91 13.91 14.02 14.01 14.00 13.94 13.88 13.89 13.91 13.90 13.89 13.89
14.86 14.79 14.95 15.02 15.02 14.97 14.83 14.94 14.91 14.94 14.88 14.90 14.91 14.80 14.76 14.43 14.59 14.55 14.54 14.32 14.22 14.29 14.27 14.25 14.11 13.98 14.04 14.04 14.20 14.19 14.15 14.12 14.09 14.06 14.11 14.04 14.04 14.10 14.15 14.16 14.12 14.05 14.03 14.05 14.03 13.95 13.88 13.93 13.95 13.98 14.02 14.03 14.03 14.09 14.05 14.08 14.04 13.79 13.89 13.94 13.96 14.08 13.89 13.94 13.93 13.89 13.94 13.99 13.93 13.93 13.95 13.86 13.78 13.86 13.88 13.85 13.85 13.84
14.77 14.71 15.02 14.99 14.92 15.03 15.03 15.03 15.02 14.90 14.79 14.56 14.96 14.20 14.73 14.57 14.44 14.50 14.54 14.14 14.45 14.38 14.31 14.24 14.08 13.99 14.06 14.05 14.22 14.18 14.18 14.13 14.08 14.12 14.12 13.96 13.98 14.08 14.13 14.16 14.14 14.10 14.07 14.01 14.00 13.94 13.87 13.83 13.83 13.94 13.79 13.99 13.95 14.03 14.03 14.03 14.07 13.96 14.01 14.01 14.06 14.01 13.96 13.93 13.93 13.93 13.97 13.96 13.92 13.91 13.91 13.85 13.82 13.85 13.83 13.82 13.84 13.85
14.84 14.89 15.01 14.90 14.99 15.01 14.87 14.88 14.85 14.71 14.69 14.63 15.00 14.73 14.71 14.73 14.54 14.49 14.51 14.53 14.50 14.38 14.26 14.30 14.18 14.14 14.16 14.19 14.25 14.21 14.20 14.17 14.17 14.18 14.19 14.12 14.12 14.11 14.14 14.16 14.12 14.05 14.00 14.03 14.00 13.95 13.87 13.81 13.79 13.91 13.92 13.90 13.91 13.99 14.05 14.06 14.08 14.08 14.05 14.07 14.05 13.90 13.88 13.92 13.86 13.93 13.93 13.90 13.91 13.87 13.85 13.80 13.82 13.83 13.74 13.81 13.80 13.78
14.84 14.90 14.93 14.67 14.96 14.93 14.69 14.44 14.25 14.57 14.83 14.88 14.99 14.77 14.69 14.74 14.65 14.51 14.46 14.51 14.49 14.40 14.33 14.31 14.26 14.25 14.27 14.27 14.25 14.21 14.17 14.19 14.21 14.22 14.21 14.18 14.12 14.11 14.10 14.17 14.06 13.98 13.96 13.93 14.00 13.97 13.90 13.84 13.82 13.86 13.89 13.79 13.86 13.96 13.97 13.99 14.02 14.03 13.96 13.89 14.00 13.79 13.85 13.90 13.88 13.90 13.91 13.90 13.89 13.87 13.85 13.81 13.81 13.79 13.75 13.80 13.80 13.76
14.90 14.91 14.90 14.96 14.96 14.89 14.73 14.66 14.82 14.75 14.80 14.96 15.05 14.80 14.73 14.75 14.70 14.53 14.39 14.48 14.48 14.43 14.37 14.33 14.30 14.33 14.31 14.27 14.27 14.18 14.14 14.18 14.21 14.24 14.23 14.21 14.18 14.16 14.18 14.10 13.98 13.92 13.99 13.94 13.98 13.95 13.92 13.88 13.85 13.83 13.88 13.89 13.89 13.89 13.88 13.85 13.89 13.91 13.89 13.91 13.95 13.88 13.87 13.90 13.89 13.89 13.89 13.88 13.86 13.84 13.83 13.80 13.77 13.75 13.72 13.74 13.76 13.74
14.89 14.91 14.94 14.96 14.93 14.88 14.85 14.89 14.97 14.95 14.96 15.04 15.07 14.88 14.75 14.75 14.68 14.57 14.48 14.50 14.51 14.48 14.44 14.40 14.37 14.33 14.28 14.26 14.25 14.18 14.14 14.18 14.21 14.23 14.23 14.22 14.21 14.20 14.14 14.10 14.05 14.03 14.04 14.00 13.98 13.94 13.91 13.85 13.83 13.85 13.85 13.87 13.89 13.88 13.89 13.73 13.78 13.83 13.82 13.91 13.85 13.85 13.86 13.88 13.88 13.88 13.88 13.87 13.85 13.82 13.80 13.78 13.76 13.73 13.70 13.72 13.74 13.73
14.73 14.88 14.96 14.95 14.88 14.86 14.91 14.98 15.02 15.04 15.09 15.09 15.07 14.92 14.81 14.74 14.64 14.59 14.54 14.53 14.52 14.50 14.46 14.41 14.32 14.30 14.27 14.25 14.22 14.18 14.19 14.21 14.22 14.21 14.24 14.22 14.22 14.17 14.12 14.09 14.12 14.11 14.10 14.05 14.00 13.92 13.85 13.83 13.83 13.81 13.81 13.85 13.86 13.84 13.86 13.89 13.80 13.83 13.86 13.82 13.78 13.78 13.80 13.83 13.85 13.86 13.87 13.86 13.83 13.81 13.79 13.77 13.76 13.74 13.71 13.72 13.71 13.71
14.78 14.91 14.98 14.98 14.89 14.72 14.95 15.05 15.08 15.09 15.10 15.02 15.00 14.89 14.83 14.76 14.69 14.64 14.60 14.57 14.52 14.46 14.41 14.39 14.35 14.33 14.32 14.26 14.24 14.19 14.07 14.18 14.20 14.17 14.19 14.21 14.22 14.16 14.10 14.02 14.07 14.11 14.11 14.09 14.04 13.95 13.84 13.81 13.81 13.81 13.82 13.84 13.86 13.86 13.86 13.87 13.89 13.85 13.80 13.78 13.80 13.79 13.76 13.78 13.80 13.83 13.85 13.83 13.81 13.80 13.78 13.77 13.75 13.74 13.71 13.70 13.67 13.67
14.94 14.92 14.94 14.96 15.01 14.94 15.04 15.10 15.14 15.13 14.75 14.85 14.94 14.78 14.70 14.74 14.71 14.67 14.64 14.60 14.51 14.44 14.38 14.38 14.36 14.37 14.35 14.16 14.26 14.28 14.27 14.24 14.22 14.18 14.14 14.19 14.22 14.18 14.11 13.97 14.01 14.09 14.07 14.05 14.01 13.98 13.89 13.82 13.79 13.80 13.80 13.81 13.85 13.86 13.87 13.88 13.92 13.90 13.85 13.85 13.85 13.83 13.78 13.78 13.80 13.82 13.84 13.81 13.79 13.78 13.77 13.76 13.75 13.71 13.66 13.65 13.64 13.66
14.95 14.92 14.71 14.93 14.97 15.03 15.11 15.14 15.14 15.04 14.75 14.75 14.79 14.74 14.72 14.74 14.72 14.70 14.67 14.60 14.52 14.45 14.40 14.39 14.38 14.39 14.36 14.17 14.33 14.34 14.30 14.29 14.26 14.22 14.18 14.20 14.22 14.20 14.12 14.02 13.97 13.99 14.00 13.97 13.95 13.95 13.90 13.82 13.76 13.77 13.77 13.79 13.83 13.84 13.84 13.86 13.89 13.89 13.89 13.89 13.87 13.85 13.84 13.81 13.82 13.83 13.83 13.82 13.80 13.78 13.76 13.76 13.74 13.66 13.62 13.62 13.64 13.66
14.93 14.97 14.94 14.96 14.95 15.00 15.08 14.87 15.11 15.02 14.80 14.77 14.75 14.76 14.79 14.77 14.73 14.71 14.68 14.60 14.51 14.45 14.42 14.42 14.41 14.42 14.42 14.35 14.37 14.36 14.33 14.32 14.29 14.25 14.26 14.23 14.23 14.19 14.13 14.07 14.03 14.02 14.01 13.98 13.99 13.94 13.90 13.82 13.77 13.74 13.79 13.80 13.81 13.83 13.84 13.86 13.88 13.84 13.86 13.88 13.88 13.87 13.86 13.85 13.83 13.83 13.82 13.82 13.81 13.79 13.78 13.76 13.73 13.66 13.61 13.61 13.63 13.67
14.87 14.92 14.98 15.00 15.01 15.02 15.05 15.06 15.09 15.02 14.93 14.86 14.79 14.80 14.79 14.78 14.73 14.72 14.68 14.60 14.51 14.46 14.46 14.47 14.46 14.46 14.44 14.41 14.40 14.36 14.33 14.31 14.28 14.26 14.25 14.25 14.23 14.19 14.15 14.14 14.11 14.09 14.07 14.04 13.99 13.89 13.84 13.82 13.80 13.79 13.81 13.82 13.83 13.84 13.84 13.86 13.87 13.80 13.83 13.87 13.87 13.86 13.86 13.84 13.83 13.82 13.81 13.80 13.80 13.79 13.77 13.73 13.68 13.62 13.59 13.58 13.58 13.61
14.74 14.83 14.89 14.92 14.97 15.03 15.04 15.05 14.98 15.01 14.97 14.90 14.83 14.82 14.81 14.79 14.73 14.71 14.69 14.62 14.57 14.53 14.53 14.52 14.50 14.46 14.42 14.42 14.36 14.37 14.31 14.31 14.29 14.26 14.26 14.25 14.23 14.21 14.20 14.17 14.15 14.13 14.11 14.07 14.00 13.84 13.84 13.86 13.85 13.82 13.82 13.85 13.83 13.84 13.84 13.84 13.83 13.80 13.83 13.84 13.85 13.85 13.86 13.84 13.83 13.82 13.80 13.80 13.79 13.78 13.76 13.71 13.64 13.58 13.55 13.54 13.56 13.56
14.75 14.77 14.82 14.85 14.86 14.94 15.00 15.01 15.00 14.86 14.94 14.88 14.82 14.81 14.80 14.78 14.75 14.71 14.69 14.63 14.58 14.56 14.55 14.51 14.46 14.40 14.38 14.37 14.33 14.36 14.33 14.29 14.30 14.27 14.27 14.24 14.22 14.18 14.14 14.14 14.11 14.03 14.05 14.06 14.00 13.91 13.88 13.89 13.89 13.83 13.79 13.78 13.78 13.79 13.80 13.81 13.78 13.76 13.75 13.81 13.84 13.84 13.84 13.83 13.83 13.82 13.80 13.79 13.78 13.78 13.77 13.73 13.66 13.59 13.55 13.55 13.59 13.59
14.69 14.72 14.79 14.80 14.80 14.85 14.91 14.95 14.94 14.87 14.86 14.85 14.82 14.80 14.79 14.76 14.74 14.71 14.68 14.62 14.59 14.57 14.52 14.47 14.41 14.31 14.33 14.33 14.33 14.33 14.33 14.24 14.30 14.27 14.25 14.24 14.21 14.16 14.10 14.10 14.05 13.85 14.00 14.04 14.02 13.96 13.91 13.92 13.89 13.82 13.76 13.75 13.76 13.77 13.76 13.79 13.78 13.76 13.77 13.81 13.85 13.84 13.83 13.82 13.81 13.80 13.79 13.78 13.77 13.74 13.72 13.73 13.71 13.64 13.55 13.55 13.63 13.66
14.71 14.70 14.75 14.76 14.73 14.79 14.84 14.90 14.88 14.85 14.84 14.84 14.82 14.79 14.78 14.74 14.72 14.69 14.66 14.62 14.59 14.56 14.50 14.46 14.38 14.27 14.27 14.29 14.30 14.29 14.26 14.22 14.23 14.21 14.22 14.22 14.19 14.14 14.06 14.04 14.04 13.92 13.93 13.98 14.02 14.00 13.97 13.94 13.90 13.83 13.78 13.77 13.76 13.78 13.79 13.79 13.79 13.78 13.81 13.82 13.84 13.83 13.83 13.82 13.81 13.80 13.79 13.78 13.77 13.74 13.65 13.68 13.66 13.62 13.56 13.60 13.65 13.68
14.76 14.73 14.73 14.74 14.75 14.77 14.80 14.84 14.83 14.84 14.85 14.83 14.82 14.79 14.75 14.73 14.70 14.67 14.64 14.61 14.57 14.54 14.48 14.45 14.41 14.30 14.26 14.26 14.27 14.23 14.19 14.17 14.16 14.18 14.18 14.19 14.19 14.15 14.12 14.09 14.06 13.83 13.94 13.97 13.99 13.95 13.93 13.91 13.89 13.87 13.84 13.78 13.74 13.74 13.76 13.80 13.80 13.78 13.82 13.83 13.83 13.83 13.82 13.81 13.81 13.80 13.79 13.78 13.77 13.75 13.74 13.70 13.67 13.63 13.60 13.65 13.69 13.65
14.78 14.76 14.74 14.74 14.74 14.77 14.80 14.82 14.83 14.83 14.84 14.81 14.79 14.76 14.74 14.71 14.68 14.66 14.63 14.59 14.53 14.43 14.41 14.42 14.37 14.28 14.23 14.24 14.24 14.14 14.17 14.15 14.11 14.13 14.14 14.17 14.15 14.08 14.07 14.04 13.96 13.89 13.93 13.95 13.93 13.87 13.90 13.85 13.84 13.86 13.82 13.77 13.77 13.77 13.78 13.81 13.82 13.82 13.76 13.78 13.82 13.83 13.82 13.82 13.82 13.81 13.80 13.77 13.74 13.74 13.76 13.74 13.71 13.69 13.67 13.69 13.69 13.64
