main/data/pressure/05.01.2023.grid
ncols 886
nrows 691
xllcenter 112.0000
yllcenter -44.5000
cellsize 0.0500
nodata_value 99999.90
[rows 252 to 287 of 691, columns 560 to 639 of 886]
21.93 21.80 21.67 21.47 21.29 21.05 20.81 20.71 20.46 20.35 20.39 20.28 20.15 20.02 19.90 19.81 19.72 19.63 19.52 19.52 19.53 19.55 19.54 19.66 19.88 20.06 20.24 20.39 20.51 20.64 20.75 20.86 20.95 21.04 21.21 21.35 21.55 21.66 21.70 21.75 21.78 21.79 21.79 21.77 21.75 21.82 21.79 21.70 21.60 21.53 21.50 21.43 21.34 21.25 21.26 21.32 21.50 21.53 21.59 21.61 21.62 21.63 21.59 21.52 21.46 21.63 21.74 21.74 21.74 21.67 21.62 21.56 21.49 21.40 21.37 21.37 21.23 21.08 20.93 20.89
21.90 21.80 21.68 21.53 21.35 21.14 20.98 20.80 20.68 20.61 20.53 20.45 20.33 20.23 20.12 20.03 19.96 19.89 19.82 19.80 19.80 19.80 19.80 19.90 20.09 20.29 20.42 20.56 20.66 20.77 20.88 20.98 21.08 21.15 21.23 21.32 21.47 21.61 21.71 21.75 21.77 21.79 21.81 21.82 21.81 21.80 21.71 21.62 21.59 21.52 21.38 21.34 21.21 21.15 21.23 21.25 21.28 21.33 21.41 21.45 21.50 21.48 21.49 21.39 21.42 21.50 21.52 21.53 21.54 21.51 21.45 21.39 21.32 21.23 21.19 21.20 21.08 20.93 20.79 20.68
21.88 21.78 21.67 21.55 21.40 21.24 21.12 20.97 20.85 20.77 20.66 20.59 20.49 20.41 20.28 20.23 20.17 20.11 20.07 20.04 20.02 20.00 20.02 20.11 20.27 20.42 20.54 20.65 20.80 20.91 21.02 21.12 21.21 21.27 21.31 21.36 21.47 21.58 21.68 21.73 21.75 21.78 21.80 21.80 21.79 21.71 21.64 21.58 21.52 21.43 21.34 21.13 21.12 21.08 21.16 21.20 21.21 21.23 21.26 21.26 21.28 21.30 21.32 21.34 21.29 21.24 21.30 21.36 21.39 21.37 21.32 21.24 21.19 21.13 21.04 20.98 20.93 20.81 20.67 20.54
21.81 21.76 21.67 21.56 21.43 21.30 21.17 21.07 20.96 20.89 20.79 20.72 20.64 20.56 20.46 20.39 20.34 20.29 20.24 20.20 20.16 20.11 20.21 20.33 20.44 20.55 20.66 20.77 20.89 21.00 21.08 21.21 21.28 21.35 21.39 21.44 21.51 21.59 21.66 21.71 21.75 21.77 21.78 21.75 21.71 21.62 21.50 21.48 21.45 21.37 21.26 20.91 20.96 21.02 21.09 21.13 21.15 21.15 21.14 21.10 21.10 21.10 21.10 21.16 21.11 20.81 21.09 21.24 21.29 21.26 21.20 21.13 21.05 21.01 20.89 20.78 20.74 20.67 20.56 20.47
21.78 21.73 21.65 21.56 21.45 21.34 21.22 21.13 21.04 20.99 20.90 20.82 20.75 20.68 20.60 20.53 20.46 20.40 20.36 20.33 20.28 20.27 20.40 20.46 20.47 20.57 20.70 20.84 20.94 21.04 21.13 21.22 21.32 21.38 21.42 21.46 21.53 21.58 21.63 21.68 21.71 21.74 21.70 21.66 21.64 21.56 21.46 21.39 21.33 21.25 21.13 20.95 20.95 20.96 21.01 21.05 21.07 21.07 21.05 21.00 20.99 20.95 20.92 20.94 21.04 21.11 21.13 21.16 21.17 21.15 21.09 21.00 20.92 20.84 20.78 20.66 20.57 20.49 20.43 20.36
21.77 21.70 21.62 21.54 21.45 21.37 21.27 21.17 21.09 21.08 20.99 20.91 20.84 20.75 20.67 20.59 20.52 20.46 20.43 20.44 20.43 20.44 20.46 20.50 20.56 20.65 20.75 20.83 20.94 21.01 20.99 21.12 21.32 21.38 21.44 21.48 21.48 21.57 21.64 21.64 21.66 21.65 21.61 21.56 21.51 21.49 21.44 21.32 21.11 21.00 20.98 20.92 20.92 20.93 20.96 20.99 21.00 20.99 20.97 20.95 20.91 20.85 20.75 20.64 20.79 20.91 20.91 20.98 21.02 21.00 20.95 20.87 20.77 20.65 20.62 20.53 20.42 20.32 20.24 20.24
21.72 21.64 21.58 21.51 21.44 21.37 21.29 21.22 21.13 21.11 21.03 20.96 20.86 20.79 20.70 20.62 20.55 20.49 20.45 20.53 20.55 20.55 20.54 20.57 20.62 20.68 20.73 20.80 20.89 20.93 20.88 21.09 21.34 21.39 21.43 21.48 21.51 21.57 21.57 21.59 21.59 21.57 21.54 21.49 21.46 21.45 21.41 21.32 21.24 21.14 20.94 20.88 20.91 20.94 20.96 20.94 20.94 20.92 20.89 20.88 20.83 20.77 20.67 20.52 20.61 20.76 20.72 20.74 20.79 20.78 20.76 20.72 20.63 20.49 20.42 20.40 20.26 20.17 20.08 20.07
21.64 21.58 21.53 21.46 21.40 21.36 21.29 21.23 21.19 21.11 21.04 20.93 20.85 20.78 20.70 20.61 20.56 20.51 20.51 20.63 20.65 20.66 20.65 20.64 20.62 20.67 20.71 20.76 20.85 20.92 21.00 21.15 21.32 21.37 21.41 21.45 21.48 21.51 21.54 21.53 21.53 21.51 21.50 21.48 21.45 21.42 21.37 21.31 21.21 21.07 20.92 20.91 20.93 20.95 20.97 20.95 20.91 20.85 20.82 20.78 20.73 20.69 20.64 20.60 20.65 20.66 20.61 20.49 20.50 20.55 20.55 20.54 20.50 20.39 20.33 20.24 20.11 20.01 19.96 20.00
21.59 21.54 21.47 21.42 21.37 21.32 21.27 21.23 21.16 21.08 21.01 20.91 20.81 20.74 20.65 20.57 20.54 20.55 20.56 20.68 20.71 20.74 20.75 20.69 20.62 20.67 20.69 20.75 20.84 20.93 21.07 21.22 21.27 21.32 21.37 21.41 21.43 21.45 21.46 21.43 21.47 21.45 21.43 21.44 21.42 21.24 21.16 21.21 21.16 20.98 20.90 20.96 20.93 20.93 20.96 20.97 20.93 20.86 20.78 20.70 20.62 20.63 20.62 20.62 20.61 20.57 20.54 20.22 20.29 20.37 20.37 20.30 20.32 20.30 20.23 20.14 20.02 19.90 19.90 19.93
21.53 21.46 21.40 21.37 21.31 21.27 21.24 21.19 21.12 21.05 20.97 20.87 20.76 20.70 20.61 20.52 20.52 20.64 20.62 20.69 20.73 20.79 20.77 20.73 20.70 20.72 20.76 20.81 20.92 21.00 21.09 21.17 21.23 21.29 21.32 21.34 21.36 21.36 21.37 21.36 21.37 21.38 21.36 21.31 21.17 20.89 20.83 21.03 21.03 20.99 20.93 20.97 20.86 20.88 20.90 20.96 20.96 20.92 20.82 20.71 20.68 20.67 20.63 20.57 20.48 20.43 20.43 20.41 20.27 20.26 20.27 20.21 20.21 20.17 20.16 20.07 19.98 19.90 19.87 19.88
21.45 21.41 21.36 21.32 21.27 21.24 21.20 21.12 21.06 21.00 20.93 20.84 20.75 20.69 20.61 20.54 20.53 20.61 20.66 20.70 20.75 20.80 20.78 20.75 20.75 20.77 20.76 20.79 20.89 20.98 21.06 21.12 21.18 21.23 21.26 21.29 21.30 21.30 21.30 21.30 21.29 21.27 21.27 21.27 21.19 21.14 21.15 21.11 20.99 20.96 20.91 20.98 20.91 20.89 20.89 20.94 21.00 20.96 20.86 20.72 20.72 20.74 20.67 20.54 20.42 20.33 20.32 20.30 20.24 20.19 20.17 20.12 20.11 20.09 20.08 20.03 19.97 19.92 19.90 19.87
21.40 21.35 21.31 21.27 21.23 21.18 21.11 21.03 20.96 20.92 20.87 20.81 20.76 20.68 20.61 20.54 20.50 20.62 20.68 20.71 20.73 20.78 20.78 20.77 20.78 20.79 20.72 20.59 20.68 20.90 21.01 21.09 21.13 21.17 21.20 21.22 21.20 21.13 21.20 21.22 21.23 21.22 21.21 21.18 21.16 21.09 21.00 20.92 20.96 20.97 20.97 20.99 20.94 20.91 20.91 20.95 21.00 20.99 20.91 20.83 20.83 20.79 20.64 20.53 20.42 20.35 20.29 20.22 20.16 20.14 20.07 20.00 19.98 20.00 20.02 20.04 19.99 19.96 19.95 19.95
21.34 21.30 21.26 21.22 21.17 21.10 21.02 20.93 20.86 20.80 20.78 20.77 20.74 20.67 20.59 20.51 20.46 20.61 20.67 20.68 20.70 20.73 20.76 20.76 20.77 20.77 20.74 20.72 20.83 20.91 20.99 21.04 21.07 21.09 21.11 21.09 21.02 20.96 21.06 21.03 21.04 21.06 21.08 21.11 21.05 20.82 20.75 20.90 20.97 20.99 20.99 20.97 20.94 20.92 20.90 20.93 20.98 21.02 20.97 20.91 20.89 20.77 20.61 20.52 20.43 20.33 20.23 20.13 20.03 20.02 20.02 19.95 19.92 19.95 20.01 20.05 20.04 20.04 20.05 20.07
21.30 21.26 21.21 21.16 21.09 21.01 20.93 20.85 20.77 20.73 20.72 20.71 20.70 20.65 20.55 20.48 20.46 20.55 20.61 20.58 20.60 20.67 20.72 20.73 20.73 20.73 20.70 20.73 20.84 20.88 20.93 20.97 20.99 21.01 21.01 20.97 20.90 20.90 20.96 20.95 20.93 20.95 20.97 21.01 21.03 20.84 20.78 20.89 20.95 20.98 20.98 20.95 20.92 20.88 20.86 20.86 20.95 21.01 21.00 20.96 20.89 20.77 20.62 20.53 20.44 20.31 20.13 20.01 19.96 19.95 19.97 19.97 19.93 19.94 19.99 20.11 20.13 20.16 20.19 20.23
21.27 21.21 21.14 21.09 21.00 20.93 20.85 20.78 20.70 20.68 20.68 20.70 20.66 20.57 20.48 20.49 20.47 20.51 20.55 20.52 20.53 20.60 20.65 20.66 20.68 20.66 20.55 20.61 20.79 20.82 20.86 20.88 20.89 20.90 20.85 20.80 20.78 20.80 20.86 20.86 20.84 20.85 20.87 20.89 20.90 20.81 20.80 20.91 20.95 20.97 20.98 20.95 20.89 20.85 20.83 20.84 20.94 21.02 21.02 20.99 20.92 20.79 20.66 20.57 20.47 20.33 20.14 20.01 19.96 19.96 19.96 20.00 19.99 19.99 20.01 20.13 20.26 20.30 20.35 20.40
21.22 21.16 21.08 21.00 20.92 20.84 20.76 20.69 20.61 20.58 20.57 20.59 20.59 20.47 20.38 20.41 20.42 20.44 20.45 20.45 20.47 20.53 20.59 20.59 20.61 20.57 20.44 20.48 20.67 20.74 20.77 20.79 20.79 20.79 20.75 20.73 20.73 20.73 20.74 20.73 20.73 20.74 20.77 20.78 20.77 20.73 20.77 20.86 20.92 20.95 20.96 20.94 20.89 20.83 20.84 20.87 20.93 21.00 21.03 21.02 20.96 20.85 20.74 20.62 20.53 20.42 20.27 20.15 20.05 19.97 20.00 20.06 20.11 20.11 20.11 20.20 20.33 20.47 20.52 20.53
21.17 21.09 21.01 20.93 20.84 20.75 20.66 20.57 20.51 20.49 20.51 20.53 20.52 20.44 20.38 20.36 20.38 20.38 20.40 20.38 20.38 20.43 20.51 20.51 20.54 20.53 20.52 20.53 20.61 20.64 20.67 20.68 20.69 20.68 20.67 20.66 20.68 20.66 20.62 20.60 20.62 20.63 20.66 20.67 20.67 20.65 20.72 20.81 20.88 20.92 20.93 20.93 20.89 20.85 20.85 20.87 20.91 20.98 21.03 21.02 20.99 20.91 20.81 20.72 20.62 20.53 20.40 20.29 20.17 20.05 20.06 20.13 20.24 20.28 20.29 20.37 20.44 20.62 20.72 20.73
21.14 21.06 20.98 20.88 20.78 20.69 20.58 20.48 20.43 20.41 20.41 20.42 20.42 20.42 20.34 20.26 20.28 20.31 20.32 20.30 20.30 20.35 20.41 20.44 20.45 20.47 20.47 20.51 20.52 20.55 20.56 20.57 20.58 20.59 20.58 20.57 20.57 20.55 20.52 20.52 20.54 20.56 20.59 20.60 20.60 20.62 20.70 20.77 20.84 20.87 20.89 20.90 20.89 20.87 20.87 20.88 20.90 20.94 20.99 21.04 21.04 20.98 20.90 20.82 20.74 20.64 20.54 20.43 20.32 20.18 20.17 20.28 20.40 20.51 20.54 20.62 20.71 20.85 20.98 21.02
21.11 21.02 20.94 20.84 20.75 20.64 20.52 20.41 20.36 20.33 20.33 20.33 20.32 20.31 20.28 20.20 20.20 20.23 20.25 20.24 20.24 20.28 20.33 20.34 20.34 20.37 20.39 20.40 20.42 20.43 20.44 20.45 20.45 20.49 20.49 20.45 20.45 20.44 20.42 20.44 20.48 20.51 20.53 20.55 20.55 20.60 20.66 20.73 20.79 20.83 20.86 20.88 20.89 20.88 20.86 20.86 20.87 20.89 20.94 21.02 21.05 21.04 20.97 20.91 20.83 20.75 20.66 20.61 20.54 20.40 20.38 20.48 20.62 20.74 20.82 20.91 21.01 21.15 21.26 21.35
21.11 21.00 20.91 20.81 20.71 20.59 20.48 20.38 20.33 20.29 20.25 20.24 20.26 20.24 20.21 20.12 20.12 20.14 20.16 20.17 20.15 20.18 20.21 20.23 20.25 20.26 20.28 20.28 20.29 20.30 20.32 20.30 20.29 20.33 20.32 20.34 20.35 20.34 20.33 20.35 20.43 20.49 20.51 20.54 20.54 20.57 20.63 20.69 20.75 20.80 20.82 20.79 20.79 20.84 20.84 20.81 20.84 20.87 20.93 21.01 21.07 21.08 21.03 20.97 20.90 20.85 20.80 20.75 20.73 20.69 20.64 20.72 20.85 21.02 21.12 21.21 21.34 21.48 21.57 21.66
21.11 21.00 20.89 20.76 20.64 20.52 20.41 20.34 20.27 20.22 20.18 20.13 20.10 20.13 20.11 20.05 20.05 20.01 20.04 20.07 20.02 20.06 20.10 20.13 20.14 20.12 20.11 20.16 20.17 20.19 20.20 20.18 20.12 20.20 20.14 20.26 20.28 20.29 20.28 20.30 20.41 20.45 20.48 20.53 20.51 20.52 20.58 20.66 20.70 20.73 20.73 20.69 20.66 20.70 20.77 20.75 20.81 20.86 20.92 21.00 21.08 21.12 21.10 21.06 21.01 20.99 20.97 20.89 20.93 20.95 20.93 21.01 21.09 21.27 21.45 21.55 21.68 21.81 21.92 22.04
21.12 21.00 20.87 20.74 20.61 20.47 20.37 20.27 20.18 20.14 20.10 20.07 20.04 20.01 20.02 19.99 19.95 19.95 19.90 19.95 19.96 19.96 19.99 20.01 20.01 19.95 19.83 19.96 20.02 20.05 20.06 20.08 20.11 20.14 20.15 20.17 20.22 20.25 20.28 20.29 20.34 20.37 20.39 20.42 20.45 20.48 20.54 20.58 20.61 20.63 20.64 20.61 20.58 20.60 20.63 20.69 20.76 20.79 20.89 21.00 21.08 21.16 21.17 21.17 21.14 21.13 21.16 21.16 21.19 21.21 21.27 21.37 21.46 21.62 21.80 21.93 22.07 22.19 22.29 22.34
21.15 21.01 20.86 20.71 20.58 20.42 20.30 20.12 20.06 20.03 20.01 19.98 19.94 19.92 19.90 19.89 19.86 19.83 19.80 19.84 19.85 19.87 19.88 19.86 19.87 19.88 19.79 19.81 19.85 19.87 19.89 19.92 19.96 19.98 19.99 20.02 20.04 20.08 20.10 20.17 20.20 20.23 20.26 20.29 20.33 20.41 20.42 20.45 20.49 20.55 20.58 20.58 20.54 20.53 20.51 20.48 20.44 20.66 20.85 21.00 21.11 21.18 21.24 21.27 21.26 21.26 21.27 21.37 21.47 21.54 21.61 21.76 21.86 22.01 22.19 22.33 22.47 22.61 22.68 22.75
21.17 21.02 20.86 20.70 20.55 20.40 20.23 20.06 19.96 19.92 19.89 19.86 19.83 19.80 19.79 19.78 19.76 19.74 19.73 19.73 19.74 19.74 19.75 19.74 19.74 19.75 19.70 19.66 19.68 19.70 19.70 19.74 19.77 19.79 19.79 19.80 19.87 19.94 20.00 20.03 20.05 20.07 20.08 20.10 20.13 20.19 20.23 20.29 20.34 20.39 20.50 20.54 20.48 20.46 20.44 20.40 20.43 20.67 20.86 21.04 21.15 21.23 21.30 21.36 21.38 21.41 21.48 21.61 21.77 21.86 21.95 22.14 22.29 22.44 22.61 22.76 22.90 23.01 23.11 23.18
21.19 21.02 20.86 20.68 20.51 20.35 20.17 19.98 19.85 19.80 19.77 19.74 19.71 19.68 19.64 19.60 19.63 19.61 19.61 19.60 19.61 19.62 19.62 19.62 19.62 19.63 19.58 19.49 19.55 19.56 19.53 19.55 19.61 19.61 19.58 19.56 19.67 19.80 19.83 19.87 19.89 19.90 19.91 19.91 19.94 19.98 20.05 20.13 20.23 20.33 20.37 20.37 20.35 20.39 20.43 20.41 20.47 20.78 20.88 21.02 21.13 21.25 21.36 21.45 21.48 21.56 21.69 21.86 22.07 22.22 22.38 22.59 22.74 22.90 23.06 23.20 23.29 23.39 23.50 23.57
21.21 21.03 20.84 20.67 20.49 20.31 20.10 19.92 19.78 19.72 19.67 19.64 19.59 19.55 19.51 19.48 19.49 19.50 19.49 19.48 19.47 19.48 19.49 19.50 19.51 19.50 19.49 19.47 19.43 19.42 19.42 19.44 19.46 19.44 19.39 19.39 19.49 19.59 19.67 19.71 19.73 19.74 19.74 19.76 19.79 19.83 19.92 20.03 20.14 20.23 20.26 20.26 20.27 20.34 20.44 20.55 20.66 20.76 20.86 20.96 21.10 21.22 21.36 21.53 21.59 21.71 21.89 22.10 22.35 22.59 22.82 23.05 23.22 23.36 23.50 23.60 23.66 23.76 23.93 24.06
21.23 21.03 20.84 20.65 20.46 20.24 20.04 19.87 19.75 19.67 19.60 19.55 19.49 19.42 19.39 19.37 19.36 19.36 19.35 19.35 19.34 19.34 19.35 19.36 19.37 19.36 19.34 19.34 19.30 19.28 19.26 19.31 19.31 19.23 19.19 19.22 19.30 19.39 19.47 19.54 19.56 19.57 19.58 19.61 19.65 19.73 19.83 19.94 20.07 20.15 20.18 20.19 20.23 20.31 20.40 20.48 20.58 20.69 20.78 20.90 21.07 21.23 21.38 21.60 21.64 21.84 22.08 22.34 22.62 22.95 23.23 23.49 23.64 23.80 23.89 23.99 24.08 24.17 24.31 24.49
21.24 21.03 20.81 20.61 20.40 20.19 19.99 19.83 19.71 19.59 19.50 19.46 19.38 19.30 19.26 19.26 19.24 19.23 19.22 19.22 19.20 19.20 19.21 19.23 19.23 19.22 19.20 19.19 19.17 19.14 19.13 19.13 19.13 19.10 19.08 19.11 19.16 19.22 19.29 19.36 19.40 19.41 19.40 19.42 19.48 19.59 19.72 19.84 19.98 20.06 20.09 20.14 20.19 20.27 20.30 20.37 20.46 20.61 20.78 20.94 21.10 21.29 21.47 21.66 21.75 21.97 22.28 22.59 22.93 23.27 23.59 23.86 24.01 24.20 24.31 24.42 24.50 24.57 24.66 24.84
21.22 21.01 20.79 20.55 20.34 20.15 19.96 19.82 19.66 19.50 19.38 19.30 19.28 19.20 19.16 19.14 19.13 19.11 19.09 19.07 19.06 19.06 19.07 19.07 19.08 19.07 19.07 19.00 19.02 19.01 18.99 18.97 18.99 18.98 18.99 19.00 19.02 19.05 19.11 19.13 19.25 19.26 19.26 19.25 19.32 19.48 19.61 19.74 19.88 19.97 20.02 20.10 20.16 20.21 20.23 20.26 20.33 20.51 20.74 20.93 21.13 21.35 21.53 21.69 21.78 22.08 22.46 22.83 23.19 23.52 23.88 24.24 24.40 24.58 24.74 24.88 24.95 25.03 25.13 25.25
21.10 21.00 20.79 20.54 20.33 20.12 19.92 19.71 19.56 19.42 19.27 19.17 19.12 19.07 19.04 19.02 18.99 18.97 18.95 18.93 18.92 18.92 18.92 18.93 18.92 18.90 18.87 18.83 18.87 18.88 18.87 18.85 18.84 18.85 18.88 18.89 18.90 18.95 18.98 19.01 19.09 19.13 19.17 19.22 19.30 19.41 19.53 19.65 19.78 19.87 19.93 19.98 19.96 19.99 20.09 20.15 20.24 20.43 20.67 20.89 21.08 21.28 21.54 21.72 21.91 22.20 22.60 23.02 23.39 23.68 24.12 24.52 24.79 24.93 25.08 25.26 25.39 25.50 25.59 25.69
20.93 20.87 20.73 20.49 20.26 20.02 19.80 19.61 19.46 19.30 19.13 19.03 18.95 18.92 18.89 18.86 18.84 18.82 18.80 18.79 18.77 18.78 18.77 18.76 18.75 18.74 18.72 18.71 18.72 18.74 18.76 18.72 18.69 18.72 18.76 18.76 18.75 18.81 18.88 18.88 19.00 19.02 19.11 19.21 19.29 19.35 19.46 19.58 19.68 19.74 19.76 19.83 19.87 19.91 19.95 20.00 20.21 20.38 20.59 20.84 21.05 21.26 21.53 21.75 21.99 22.28 22.71 23.14 23.51 23.93 24.42 24.93 25.21 25.34 25.43 25.61 25.79 25.92 26.02 26.11
20.75 20.71 20.62 20.41 20.16 19.92 19.67 19.50 19.37 19.20 19.02 18.91 18.83 18.77 18.74 18.71 18.69 18.68 18.66 18.63 18.60 18.62 18.62 18.62 18.60 18.58 18.53 18.47 18.54 18.55 18.56 18.56 18.57 18.59 18.61 18.62 18.62 18.67 18.75 18.84 18.91 18.98 19.05 19.14 19.21 19.29 19.38 19.48 19.55 19.60 19.64 19.69 19.71 19.81 19.85 20.01 20.05 20.35 20.51 20.68 20.95 21.20 21.47 21.76 22.03 22.32 22.75 23.23 23.64 24.11 24.65 25.17 25.56 25.74 25.88 26.03 26.18 26.32 26.43 26.50
20.57 20.53 20.46 20.29 20.04 19.77 19.53 19.37 19.23 19.11 18.95 18.83 18.72 18.66 18.59 18.55 18.54 18.53 18.51 18.48 18.47 18.47 18.46 18.46 18.44 18.43 18.42 18.34 18.37 18.35 18.33 18.38 18.40 18.43 18.41 18.43 18.45 18.50 18.57 18.66 18.78 18.88 18.96 19.03 19.11 19.19 19.28 19.35 19.38 19.43 19.48 19.57 19.63 19.72 19.83 19.90 20.04 20.27 20.44 20.58 20.82 21.07 21.37 21.68 22.05 22.38 22.81 23.28 23.73 24.22 24.78 25.41 25.90 26.12 26.27 26.40 26.53 26.66 26.77 26.86
20.38 20.37 20.31 20.16 19.94 19.66 19.42 19.23 19.09 18.96 18.84 18.74 18.58 18.51 18.45 18.41 18.39 18.37 18.34 18.32 18.32 18.29 18.30 18.29 18.26 18.20 18.07 18.20 18.21 18.16 18.13 18.16 18.20 18.24 18.24 18.23 18.26 18.30 18.37 18.46 18.60 18.72 18.82 18.91 18.98 19.06 19.14 19.16 19.20 19.26 19.30 19.37 19.46 19.52 19.70 19.85 20.02 20.18 20.39 20.51 20.75 20.94 21.19 21.64 21.92 22.38 22.84 23.25 23.73 24.26 24.81 25.46 26.14 26.46 26.61 26.72 26.82 26.95 27.09 27.17
20.18 20.16 20.13 20.00 19.78 19.53 19.29 19.10 18.95 18.81 18.68 18.56 18.47 18.37 18.29 18.25 18.24 18.20 18.18 18.16 18.14 18.13 18.12 18.11 18.10 18.05 18.00 18.03 18.00 17.97 17.96 17.99 18.02 18.08 18.10 18.10 18.09 18.13 18.20 18.31 18.45 18.57 18.67 18.76 18.83 18.91 18.95 18.98 19.03 19.10 19.17 19.20 19.24 19.37 19.58 19.75 19.91 20.11 20.30 20.50 20.75 20.95 21.21 21.52 21.88 22.36 22.76 23.19 23.72 24.22 24.83 25.47 26.17 26.65 26.87 27.00 27.08 27.18 27.32 27.45
19.95 19.93 19.88 19.79 19.59 19.35 19.13 18.95 18.78 18.64 18.51 18.38 18.30 18.22 18.13 18.10 18.06 18.02 18.00 17.98 17.97 17.96 17.94 17.93 17.93 17.93 17.91 17.79 17.75 17.79 17.82 17.85 17.88 17.93 17.97 17.96 17.95 17.98 18.06 18.16 18.27 18.40 18.52 18.61 18.67 18.71 18.77 18.82 18.88 18.94 19.00 19.04 19.08 19.24 19.41 19.56 19.70 19.96 20.14 20.25 20.56 20.78 21.12 21.45 21.83 22.27 22.69 23.08 23.64 24.23 24.82 25.44 26.16 26.76 27.04 27.23 27.30 27.40 27.54 27.70
