main/data/pressure/05.07.2023.grid
ncols 886
nrows 691
xllcenter 112.0000
yllcenter -44.5000
cellsize 0.0500
nodata_value 99999.90
[rows 0 to 34 of 691, columns 546 to 623 of 886]
29.73 29.79 29.85 29.93 29.99 30.04 30.11 30.16 30.21 30.27 30.32 30.36 30.41 30.45 30.49 30.53 30.57 30.61 30.64 30.67 30.70 30.73 30.76 30.79 30.82 30.84 30.86 30.89 30.90 30.93 30.95 30.96 30.98 31.00 31.02 31.04 31.05 31.07 31.08 31.09 31.10 31.11 31.12 31.13 31.14 31.15 31.15 31.16 31.17 31.17 31.18 31.18 31.18 31.20 31.20 31.21 31.22 31.23 31.25 31.26 31.28 31.29 31.30 31.32 31.34 31.36 31.39 31.42 31.45 31.47 31.49 31.53 31.55 31.58 31.61 31.63 31.67 31.69
29.67 29.74 29.80 29.87 29.93 29.99 30.06 30.11 30.16 30.22 30.26 30.31 30.36 30.40 30.45 30.48 30.52 30.56 30.59 30.62 30.65 30.68 30.71 30.74 30.76 30.79 30.82 30.83 30.86 30.88 30.89 30.91 30.93 30.95 30.97 30.99 30.99 31.01 31.02 31.04 31.05 31.06 31.07 31.07 31.08 31.08 31.10 31.10 31.10 31.11 31.11 31.12 31.12 31.13 31.14 31.15 31.16 31.18 31.18 31.21 31.22 31.24 31.26 31.27 31.29 31.31 31.33 31.36 31.38 31.41 31.44 31.44 31.50 31.53 31.55 31.59 31.61 31.64
29.62 29.68 29.76 29.82 29.88 29.95 30.00 30.06 30.11 30.17 30.21 30.26 30.31 30.35 30.39 30.43 30.47 30.51 30.54 30.58 30.60 30.64 30.66 30.69 30.71 30.74 30.76 30.78 30.81 30.83 30.84 30.86 30.88 30.90 30.91 30.93 30.94 30.96 30.97 30.98 30.99 31.00 31.01 31.02 31.03 31.03 31.04 31.04 31.04 31.05 31.05 31.05 31.06 31.08 31.09 31.10 31.11 30.94 31.15 31.16 31.17 31.19 31.21 31.22 31.24 31.26 31.27 31.30 31.32 31.35 31.39 31.41 31.45 31.47 31.50 31.53 31.57 31.59
29.56 29.64 29.70 29.77 29.83 29.89 29.95 30.00 30.07 30.11 30.16 30.21 30.26 30.30 30.35 30.38 30.42 30.46 30.49 30.52 30.55 30.58 30.61 30.64 30.66 30.69 30.71 30.73 30.76 30.77 30.80 30.82 30.83 30.84 30.86 30.88 30.89 30.91 30.92 30.93 30.94 30.95 30.95 30.96 30.97 30.98 30.98 30.98 30.99 30.99 30.99 31.00 31.01 31.02 31.04 31.05 31.06 31.02 31.09 31.04 30.05 31.14 31.16 31.18 31.19 31.21 31.22 31.25 31.27 31.29 31.33 31.35 31.39 31.42 31.45 31.48 31.51 31.55
29.52 29.58 29.65 29.71 29.78 29.84 29.90 29.95 30.01 30.06 30.11 30.15 30.21 30.25 30.29 30.33 30.37 30.40 30.44 30.47 30.50 30.53 30.56 30.58 30.61 30.63 30.66 30.69 30.70 30.72 30.75 30.76 30.78 30.80 30.81 30.83 30.84 30.86 30.86 30.88 30.89 30.90 30.90 30.91 30.91 30.91 30.92 30.92 30.92 30.93 30.93 30.94 30.95 30.97 30.99 31.00 31.02 31.02 31.04 30.98 30.86 31.08 31.11 31.12 31.14 31.16 31.18 31.20 31.22 31.24 31.27 31.30 31.33 31.36 31.40 31.43 31.46 31.49
29.46 29.53 29.60 29.66 29.73 29.79 29.85 29.90 29.96 30.01 30.06 30.10 30.16 30.20 30.24 30.28 30.32 30.35 30.39 30.42 30.45 30.48 30.51 30.53 30.55 30.58 30.61 30.63 30.65 30.67 30.69 30.71 30.73 30.75 30.75 30.77 30.78 30.80 30.81 30.82 30.83 30.83 30.84 30.85 30.86 30.86 30.86 30.87 30.86 30.87 30.88 30.89 30.90 30.92 30.93 30.95 30.96 30.98 30.99 31.01 31.02 31.03 31.05 31.07 31.08 31.11 31.13 31.14 31.17 31.18 31.21 31.24 31.28 31.31 31.34 31.38 31.42 31.44
29.41 29.48 29.54 29.61 29.68 29.74 29.79 29.85 29.91 29.96 30.01 30.05 30.11 30.15 30.18 30.23 30.27 30.30 30.34 30.37 30.39 30.43 30.45 30.48 30.50 30.53 30.55 30.58 30.60 30.62 30.64 30.66 30.67 30.69 30.70 30.72 30.73 30.75 30.76 30.77 30.78 30.78 30.79 30.79 30.79 30.80 30.80 30.80 30.81 30.81 30.83 30.83 30.85 30.86 30.88 30.89 30.91 30.93 30.93 30.95 30.97 30.99 31.00 31.02 31.04 31.05 31.08 31.09 31.12 31.14 31.16 31.18 31.22 31.26 31.30 31.33 31.36 31.40
29.35 29.42 29.50 29.56 29.62 29.68 29.74 29.79 29.86 29.91 29.96 30.00 30.05 30.09 30.13 30.17 30.21 30.25 30.28 30.32 30.34 30.38 30.40 30.42 30.46 30.47 30.50 30.53 30.54 30.57 30.58 30.60 30.62 30.64 30.65 30.66 30.67 30.69 30.70 30.71 30.72 30.72 30.73 30.74 30.74 30.74 30.74 30.75 30.74 30.76 30.77 30.79 30.80 30.81 30.83 30.84 30.86 30.60 30.89 30.90 30.91 30.93 30.94 30.96 30.99 31.00 31.02 31.04 31.07 31.09 31.11 31.14 31.17 31.21 31.24 31.28 31.31 31.35
29.30 29.37 29.44 29.51 29.57 29.63 29.69 29.74 29.79 29.85 29.90 29.95 29.99 30.04 30.08 30.12 30.15 30.20 30.23 30.26 30.29 30.32 30.35 30.38 30.41 30.42 30.45 30.47 30.49 30.51 30.53 30.55 30.56 30.58 30.60 30.61 30.63 30.64 30.65 30.66 30.67 30.67 30.68 30.68 30.68 30.69 30.69 30.68 30.69 30.70 30.72 30.73 30.75 30.76 30.77 30.79 30.80 30.82 30.84 30.84 30.86 30.88 30.89 30.91 30.93 30.95 30.97 31.00 31.02 31.04 31.06 31.09 31.11 31.15 31.19 31.23 31.27 31.30
29.24 29.31 29.39 29.45 29.52 29.58 29.63 29.69 29.74 29.80 29.85 29.90 29.94 29.98 30.03 30.07 30.10 30.14 30.18 30.21 30.23 30.27 30.29 30.33 30.35 30.38 30.39 30.42 30.43 30.46 30.47 30.49 30.51 30.53 30.54 30.55 30.57 30.58 30.59 30.60 30.60 30.61 30.61 30.62 30.63 30.63 30.62 30.63 30.63 30.65 30.66 30.68 30.69 30.71 30.73 30.73 30.75 30.77 30.78 30.79 30.80 30.82 30.84 30.85 30.88 30.89 30.92 30.95 30.96 30.99 31.01 31.04 31.07 31.10 31.14 31.18 31.22 31.25
29.19 29.26 29.33 29.40 29.46 29.52 29.58 29.64 29.69 29.74 29.80 29.84 29.89 29.93 29.97 30.02 30.05 30.09 30.12 30.16 30.18 30.21 30.24 30.27 30.30 30.32 30.34 30.36 30.38 30.40 30.42 30.44 30.45 30.47 30.49 30.50 30.51 30.52 30.53 30.54 30.54 30.55 30.56 30.57 30.57 30.57 30.57 30.57 30.58 30.59 30.61 30.62 30.64 30.66 30.67 30.69 30.70 30.72 30.73 30.74 30.66 30.76 30.78 30.80 30.82 30.85 30.87 30.89 30.91 30.94 30.97 30.99 31.02 31.05 31.10 31.13 31.17 31.20
29.14 29.21 29.28 29.34 29.41 29.47 29.53 29.58 29.64 29.69 29.74 29.79 29.84 29.88 29.92 29.96 29.99 30.03 30.07 30.09 30.13 30.16 30.18 30.21 30.24 30.27 30.28 30.30 30.32 30.35 30.36 30.38 30.40 30.41 30.43 30.44 30.46 30.47 30.48 30.49 30.50 30.50 30.50 30.51 30.51 30.52 30.51 30.51 30.52 30.53 30.55 30.57 30.58 30.60 30.62 30.64 30.64 30.37 30.47 30.69 30.61 30.70 30.73 30.74 30.77 30.80 30.81 30.84 30.87 30.89 30.92 30.94 30.97 31.01 31.05 31.09 31.13 31.17
29.08 29.16 29.22 29.29 29.35 29.41 29.47 29.53 29.58 29.63 29.68 29.73 29.77 29.83 29.87 29.90 29.94 29.97 30.01 30.04 30.07 30.11 30.13 30.15 30.19 30.20 30.23 30.25 30.27 30.29 30.31 30.32 30.34 30.36 30.38 30.38 30.40 30.41 30.42 30.43 30.44 30.44 30.44 30.45 30.46 30.46 30.45 30.46 30.46 30.48 30.49 30.51 30.53 30.54 30.56 30.58 30.60 30.47 30.57 30.46 30.59 30.65 30.67 30.70 30.72 30.75 30.76 30.79 30.82 30.84 30.87 30.89 30.92 30.96 31.00 31.04 31.08 31.12
29.02 29.09 29.17 29.23 29.30 29.36 29.42 29.47 29.53 29.58 29.63 29.68 29.72 29.76 29.80 29.85 29.89 29.92 29.95 29.98 30.02 30.05 30.07 30.10 30.12 30.14 30.17 30.19 30.21 30.23 30.25 30.27 30.28 30.30 30.32 30.33 30.34 30.35 30.36 30.37 30.38 30.38 30.39 30.40 30.40 30.40 30.40 30.40 30.40 30.42 30.44 30.45 30.47 30.49 30.50 30.52 30.54 30.32 30.08 30.47 30.59 30.60 30.62 30.65 30.67 30.69 30.72 30.49 30.77 30.79 30.82 30.85 30.87 30.91 30.95 30.99 31.03 31.07
28.98 29.05 29.11 29.17 29.24 29.30 29.36 29.42 29.47 29.53 29.58 29.62 29.67 29.71 29.75 29.79 29.82 29.87 29.90 29.93 29.96 29.98 30.02 30.04 30.06 30.09 30.11 30.14 30.15 30.18 30.19 30.21 30.23 30.24 30.26 30.27 30.29 30.29 30.30 30.31 30.32 30.33 30.34 30.34 30.34 30.34 30.35 30.35 30.36 30.36 30.38 30.39 30.41 30.43 30.45 30.46 30.48 30.40 30.40 30.36 30.54 30.55 30.32 30.44 30.51 30.64 30.64 30.69 30.72 30.75 30.77 30.80 30.83 30.87 30.91 30.95 30.99 31.03
28.91 28.98 29.05 29.11 29.18 29.24 29.30 29.36 29.41 29.46 29.51 29.56 29.60 29.66 29.70 29.74 29.77 29.81 29.84 29.87 29.91 29.93 29.96 29.98 30.01 30.03 30.06 30.08 30.09 30.12 30.14 30.15 30.17 30.18 30.20 30.21 30.23 30.24 30.24 30.25 30.26 30.28 30.28 30.28 30.28 30.28 30.29 30.29 30.30 30.31 30.33 30.34 30.35 30.37 30.39 30.40 30.42 30.16 30.45 30.47 30.49 30.51 30.40 30.31 30.53 30.44 30.55 30.65 30.67 30.70 30.72 30.75 30.78 30.82 30.86 30.91 30.95 30.99
28.86 28.93 28.99 29.06 29.12 29.18 29.24 29.30 29.36 29.41 29.46 29.51 29.55 29.59 29.63 29.67 29.71 29.74 29.79 29.82 29.84 29.87 29.90 29.93 29.95 29.98 30.00 30.02 30.04 30.06 30.08 30.09 30.11 30.13 30.14 30.15 30.17 30.18 30.19 30.20 30.21 30.22 30.22 30.23 30.23 30.24 30.24 30.24 30.24 30.25 30.27 30.29 30.30 30.32 30.33 30.35 30.36 30.38 30.40 30.41 30.43 30.45 30.39 30.39 30.42 30.44 30.57 30.60 30.62 30.65 30.68 30.70 30.74 30.79 30.83 30.87 30.90 30.95
28.80 28.87 28.94 29.00 29.07 29.13 29.19 29.25 29.30 29.35 29.40 29.45 29.50 29.54 29.58 29.62 29.66 29.69 29.72 29.75 29.78 29.82 29.84 29.87 29.89 29.92 29.94 29.95 29.98 29.99 30.02 30.04 30.05 30.07 30.08 30.09 30.11 30.12 30.13 30.14 30.15 30.16 30.17 30.17 30.17 30.17 30.18 30.18 30.19 30.19 30.21 30.23 30.24 30.26 30.28 30.29 30.31 30.33 30.35 30.37 30.38 30.40 30.38 30.32 30.36 30.49 30.52 30.55 30.58 30.60 30.63 30.66 30.70 30.75 30.78 30.82 30.87 30.91
28.75 28.81 28.88 28.95 29.01 29.07 29.12 29.18 29.24 29.29 29.34 29.39 29.43 29.48 29.52 29.56 29.59 29.63 29.67 29.70 29.73 29.76 29.78 29.80 29.84 29.86 29.87 29.90 29.92 29.93 29.96 29.98 29.99 30.01 30.02 30.03 30.05 30.06 30.07 30.09 30.10 30.10 30.11 30.11 30.12 30.12 30.13 30.13 30.14 30.14 30.15 30.17 30.18 30.20 30.22 30.24 30.26 30.27 30.29 30.24 30.33 30.32 30.27 30.31 30.41 30.44 30.47 30.49 30.52 30.55 30.58 30.62 30.65 30.70 30.74 30.79 30.83 30.86
28.69 28.76 28.83 28.89 28.95 29.01 29.07 29.13 29.18 29.23 29.28 29.33 29.38 29.42 29.46 29.50 29.54 29.57 29.61 29.64 29.67 29.69 29.72 29.75 29.77 29.79 29.81 29.84 29.86 29.88 29.89 29.92 29.93 29.95 29.96 29.97 29.99 30.00 30.02 30.02 30.04 30.05 30.05 30.06 30.06 30.07 30.08 30.08 30.09 30.09 30.10 30.12 30.13 30.15 30.16 30.18 30.20 30.22 30.24 30.23 30.17 30.23 30.21 30.32 30.37 30.39 30.42 30.45 30.46 30.51 30.54 30.58 30.61 30.66 30.70 30.75 30.78 30.83
28.63 28.70 28.76 28.83 28.89 28.95 29.01 29.07 29.12 29.17 29.22 29.27 29.31 29.36 29.40 29.44 29.47 29.51 29.54 29.57 29.60 29.63 29.66 29.69 29.71 29.73 29.76 29.78 29.79 29.82 29.83 29.86 29.87 29.89 29.90 29.91 29.93 29.94 29.95 29.96 29.97 29.98 30.00 30.01 30.01 30.02 30.03 30.03 30.04 30.04 30.05 30.06 30.07 30.09 30.11 30.13 30.15 30.16 30.17 30.20 30.21 30.16 30.21 30.24 30.31 30.32 30.36 30.39 30.27 30.40 30.50 30.54 30.58 30.62 30.67 30.70 30.74 30.78
28.58 28.64 28.70 28.77 28.83 28.90 28.95 29.00 29.06 29.11 29.16 29.21 29.26 29.30 29.33 29.37 29.41 29.44 29.48 29.51 29.55 29.57 29.60 29.62 29.65 29.67 29.70 29.71 29.73 29.76 29.77 29.79 29.80 29.83 29.83 29.85 29.87 29.88 29.89 29.90 29.91 29.93 29.93 29.95 29.96 29.97 29.97 29.98 29.99 30.00 30.00 30.01 30.02 30.04 30.06 30.08 30.09 30.10 30.11 30.14 30.15 30.09 30.17 30.06 30.12 30.22 30.28 30.34 30.25 30.38 30.46 30.50 30.54 30.58 30.62 30.66 30.70 30.74
28.51 28.58 28.65 28.71 28.77 28.83 28.89 28.95 29.00 29.05 29.10 29.15 29.19 29.24 29.28 29.32 29.35 29.39 29.42 29.45 29.48 29.51 29.54 29.56 29.58 29.61 29.63 29.65 29.67 29.69 29.71 29.73 29.74 29.76 29.77 29.79 29.81 29.82 29.83 29.85 29.86 29.87 29.88 29.89 29.90 29.92 29.92 29.94 29.94 29.95 29.96 29.97 29.98 30.00 30.01 30.03 30.05 30.06 30.06 30.07 30.10 30.02 30.09 30.04 30.16 30.19 30.22 30.22 30.13 30.18 30.42 30.46 30.50 30.54 30.58 30.62 30.66 30.70
28.45 28.52 28.59 28.64 28.71 28.77 28.83 28.88 28.94 28.99 29.04 29.09 29.13 29.17 29.21 29.25 29.29 29.32 29.36 29.39 29.42 29.45 29.47 29.50 29.52 29.55 29.57 29.59 29.60 29.63 29.65 29.67 29.68 29.70 29.71 29.73 29.74 29.76 29.77 29.79 29.80 29.82 29.83 29.84 29.85 29.86 29.88 29.88 29.90 29.90 29.92 29.93 29.95 29.96 29.97 29.99 30.00 30.01 29.98 29.97 30.04 30.07 30.09 30.11 30.13 30.16 30.15 30.14 30.16 30.10 30.38 30.42 30.46 30.50 30.54 30.58 30.61 30.66
28.39 28.45 28.52 28.59 28.65 28.70 28.76 28.82 28.88 28.92 28.97 29.02 29.07 29.11 29.14 29.18 29.22 29.26 29.29 29.32 29.35 29.38 29.41 29.43 29.45 29.48 29.50 29.52 29.54 29.56 29.58 29.60 29.62 29.63 29.65 29.66 29.68 29.70 29.72 29.73 29.74 29.75 29.77 29.79 29.80 29.81 29.82 29.84 29.85 29.87 29.88 29.89 29.90 29.92 29.93 29.95 29.97 29.98 29.90 29.89 29.98 29.93 30.03 30.03 29.98 30.02 30.14 30.11 30.06 30.11 30.34 30.38 30.42 30.45 30.50 30.54 30.58 30.61
28.33 28.40 28.46 28.52 28.58 28.65 28.70 28.75 28.81 28.86 28.91 28.95 29.00 29.05 29.09 29.13 29.16 29.19 29.22 29.26 29.29 29.31 29.34 29.36 29.39 29.41 29.44 29.46 29.48 29.49 29.52 29.53 29.56 29.57 29.59 29.60 29.62 29.64 29.65 29.67 29.69 29.70 29.72 29.73 29.75 29.77 29.78 29.79 29.81 29.83 29.84 29.86 29.87 29.89 29.90 29.92 29.93 29.87 29.79 29.89 29.88 29.87 29.89 29.99 29.98 29.94 30.09 30.09 30.07 30.16 30.31 30.34 30.37 30.41 30.45 30.49 30.53 30.57
28.27 28.34 28.39 28.46 28.53 28.58 28.64 28.70 28.74 28.80 28.85 28.90 28.93 28.98 29.02 29.06 29.10 29.12 29.16 29.19 29.22 29.25 29.27 29.30 29.32 29.34 29.36 29.39 29.41 29.43 29.45 29.47 29.48 29.51 29.52 29.54 29.55 29.58 29.60 29.62 29.63 29.65 29.67 29.69 29.70 29.72 29.74 29.76 29.77 29.79 29.81 29.83 29.84 29.86 29.88 29.90 29.91 29.82 29.80 29.82 29.78 29.75 29.84 29.94 29.77 29.92 30.03 30.06 30.02 30.14 30.26 30.29 30.33 30.37 30.40 30.44 30.48 30.52
28.21 28.27 28.34 28.39 28.46 28.52 28.57 28.63 28.68 28.74 28.78 28.83 28.88 28.91 28.95 28.99 29.03 29.07 29.09 29.12 29.15 29.18 29.21 29.23 29.26 29.28 29.30 29.33 29.35 29.37 29.38 29.41 29.42 29.44 29.46 29.48 29.50 29.52 29.54 29.55 29.57 29.60 29.62 29.63 29.65 29.68 29.70 29.72 29.74 29.76 29.78 29.80 29.82 29.84 29.86 29.87 29.90 29.91 29.86 29.81 29.79 29.73 29.87 29.88 29.86 29.90 29.75 30.01 29.89 29.91 29.89 30.25 30.29 30.32 30.35 30.39 30.43 30.46
28.14 28.21 28.27 28.33 28.40 28.45 28.51 28.56 28.61 28.67 28.71 28.76 28.81 28.85 28.88 28.92 28.96 29.00 29.02 29.05 29.08 29.11 29.14 29.17 29.19 29.21 29.23 29.25 29.27 29.30 29.32 29.34 29.36 29.38 29.39 29.42 29.44 29.46 29.48 29.50 29.53 29.55 29.57 29.60 29.62 29.64 29.66 29.69 29.71 29.73 29.76 29.77 29.80 29.82 29.85 29.86 29.88 29.89 29.86 29.82 29.82 29.71 29.74 29.82 29.58 29.89 29.75 29.86 29.95 29.87 29.89 30.20 30.24 30.27 30.30 30.34 30.38 30.41
28.08 28.14 28.21 28.26 28.33 28.39 28.44 28.50 28.55 28.60 28.65 28.69 28.74 28.78 28.81 28.85 28.89 28.93 28.95 28.99 29.02 29.05 29.07 29.10 29.12 29.15 29.17 29.19 29.21 29.23 29.25 29.27 29.29 29.32 29.33 29.36 29.38 29.40 29.42 29.45 29.47 29.50 29.52 29.55 29.58 29.60 29.63 29.66 29.69 29.71 29.74 29.77 29.79 29.81 29.83 29.85 29.88 29.86 29.88 29.85 29.84 29.64 29.69 29.79 29.61 29.84 29.51 29.81 29.80 29.81 29.84 30.17 30.20 30.22 30.25 30.29 30.32 30.35
28.01 28.08 28.14 28.20 28.26 28.32 28.38 28.43 28.48 28.53 28.58 28.62 28.67 28.71 28.75 28.79 28.82 28.86 28.89 28.92 28.95 28.98 29.00 29.03 29.05 29.08 29.10 29.12 29.14 29.16 29.18 29.21 29.23 29.25 29.28 29.29 29.32 29.34 29.37 29.40 29.42 29.45 29.48 29.51 29.54 29.58 29.61 29.63 29.67 29.69 29.73 29.76 29.78 29.81 29.83 29.86 29.86 29.86 29.86 29.80 29.81 29.76 29.75 29.73 29.63 29.56 29.81 29.77 29.85 29.75 29.84 30.11 30.14 30.17 30.19 30.23 30.25 30.29
27.95 28.01 28.08 28.13 28.20 28.25 28.31 28.36 28.41 28.46 28.51 28.56 28.60 28.64 28.68 28.72 28.75 28.79 28.81 28.85 28.88 28.91 28.94 28.96 28.99 29.01 29.03 29.05 29.08 29.10 29.12 29.14 29.16 29.19 29.21 29.23 29.26 29.29 29.31 29.35 29.38 29.41 29.45 29.48 29.52 29.55 29.58 29.62 29.66 29.70 29.72 29.75 29.78 29.81 29.83 29.86 29.88 29.88 29.88 29.85 29.85 29.80 29.74 29.68 29.58 29.56 29.65 29.76 29.79 29.80 29.73 30.07 30.08 30.11 30.13 30.16 30.18 30.22
27.88 27.95 28.01 28.07 28.13 28.19 28.24 28.30 28.34 28.40 28.44 28.49 28.53 28.57 28.61 28.64 28.68 28.72 28.74 28.78 28.81 28.84 28.86 28.88 28.91 28.93 28.96 28.98 29.00 29.02 29.04 29.08 29.10 29.12 29.14 29.18 29.20 29.23 29.26 29.30 29.34 29.37 29.41 29.45 29.49 29.53 29.57 29.62 29.65 29.70 29.73 29.76 29.80 29.82 29.86 29.88 29.88 29.89 29.90 29.88 29.86 29.78 29.77 29.74 29.63 29.59 29.63 29.63 29.73 29.74 29.67 30.01 30.03 30.05 30.06 30.09 30.12 30.14
27.81 27.88 27.94 28.00 28.05 28.12 28.17 28.22 28.27 28.32 28.37 28.42 28.45 28.50 28.54 28.57 28.61 28.64 28.67 28.71 28.74 28.76 28.79 28.81 28.84 28.86 28.89 28.91 28.94 28.96 28.98 29.00 29.03 29.06 29.09 29.11 29.15 29.18 29.22 29.25 29.30 29.34 29.38 29.43 29.48 29.52 29.57 29.62 29.66 29.71 29.74 29.78 29.82 29.85 29.89 29.89 29.89 29.91 29.92 29.90 29.87 29.83 29.84 29.82 29.78 29.69 29.71 29.59 29.62 29.72 29.64 29.96 29.96 29.97 29.99 30.01 30.03 30.06
27.75 27.81 27.87 27.93 27.99 28.04 28.09 28.15 28.20 28.25 28.29 28.34 28.39 28.43 28.47 28.50 28.54 28.57 28.60 28.63 28.67 28.69 28.72 28.74 28.77 28.80 28.81 28.83 28.86 28.88 28.91 28.93 28.97 29.00 29.02 29.06 29.10 29.14 29.17 29.22 29.26 29.31 29.36 29.41 29.46 29.52 29.57 29.63 29.68 29.73 29.77 29.81 29.85 29.89 29.92 29.89 29.91 29.93 29.92 29.95 29.92 29.91 29.86 29.77 29.72 29.73 29.67 29.55 29.50 29.67 29.79 29.89 29.89 29.90 29.91 29.92 29.94 29.96
