main/data/pressure/05.08.2023.grid
ncols 886
nrows 691
xllcenter 112.0000
yllcenter -44.5000
cellsize 0.0500
nodata_value 99999.90
[rows 210 to 244 of 691, columns 0 to 77 of 886]
20.34 20.32 20.31 20.29 20.28 20.25 20.24 20.22 20.21 20.19 20.17 20.16 20.14 20.12 20.11 20.10 20.08 20.06 20.05 20.03 20.02 20.01 19.99 19.98 19.96 19.95 19.93 19.92 19.90 19.89 19.88 19.86 19.85 19.83 19.82 19.81 19.79 19.78 19.77 19.75 19.74 19.71 19.71 19.69 19.68 19.66 19.65 19.64 19.63 19.63 19.63 19.64 19.65 19.67 19.68 19.70 19.71 19.73 19.73 19.74 19.74 19.74 19.73 19.71 19.68 19.64 19.58 19.50 19.40 19.26 19.11 18.95 18.76 18.57 18.36 18.15 17.93 17.71
20.29 20.27 20.26 20.24 20.23 20.20 20.19 20.17 20.16 20.14 20.12 20.10 20.09 20.07 20.05 20.04 20.03 20.01 19.99 19.97 19.96 19.95 19.93 19.92 19.90 19.89 19.87 19.86 19.84 19.83 19.82 19.80 19.79 19.77 19.76 19.75 19.73 19.72 19.70 19.69 19.67 19.66 19.64 19.62 19.61 19.59 19.58 19.57 19.55 19.55 19.56 19.57 19.59 19.61 19.63 19.64 19.65 19.67 19.69 19.70 19.70 19.71 19.71 19.70 19.68 19.64 19.58 19.50 19.40 19.27 19.11 18.93 18.74 18.53 18.31 18.09 17.86 17.63
20.24 20.22 20.21 20.19 20.17 20.15 20.14 20.12 20.11 20.08 20.06 20.05 20.04 20.01 20.00 19.99 19.97 19.95 19.94 19.93 19.90 19.89 19.87 19.86 19.84 19.83 19.81 19.80 19.79 19.77 19.76 19.74 19.73 19.71 19.70 19.68 19.67 19.65 19.63 19.61 19.60 19.58 19.56 19.54 19.53 19.51 19.49 19.49 19.47 19.48 19.49 19.50 19.52 19.54 19.56 19.58 19.59 19.61 19.64 19.64 19.66 19.68 19.68 19.68 19.67 19.64 19.60 19.52 19.42 19.28 19.11 18.92 18.71 18.49 18.25 18.01 17.78 17.54
20.19 20.17 20.16 20.14 20.11 20.10 20.08 20.07 20.05 20.03 20.01 20.00 19.98 19.96 19.94 19.93 19.92 19.89 19.88 19.87 19.85 19.83 19.81 19.80 19.78 19.77 19.75 19.74 19.72 19.70 19.70 19.68 19.66 19.65 19.63 19.62 19.59 19.58 19.56 19.55 19.53 19.51 19.49 19.47 19.45 19.43 19.42 19.40 19.40 19.40 19.42 19.43 19.45 19.47 19.49 19.51 19.53 19.55 19.57 19.59 19.61 19.63 19.64 19.65 19.66 19.64 19.61 19.54 19.44 19.29 19.11 18.89 18.67 18.43 18.19 17.93 17.68 17.44
20.14 20.12 20.11 20.08 20.06 20.05 20.03 20.01 20.00 19.97 19.96 19.94 19.93 19.90 19.89 19.87 19.86 19.84 19.82 19.81 19.79 19.77 19.75 19.74 19.72 19.71 19.69 19.68 19.66 19.64 19.62 19.62 19.60 19.58 19.56 19.54 19.53 19.51 19.49 19.47 19.45 19.43 19.41 19.39 19.37 19.34 19.33 19.31 19.32 19.32 19.34 19.36 19.38 19.39 19.41 19.44 19.46 19.48 19.50 19.53 19.55 19.58 19.59 19.62 19.63 19.63 19.61 19.55 19.45 19.30 19.10 18.86 18.62 18.36 18.11 17.84 17.58 17.33
20.09 20.07 20.06 20.03 20.01 19.99 19.98 19.96 19.95 19.92 19.90 19.89 19.87 19.85 19.83 19.82 19.80 19.78 19.76 19.75 19.73 19.71 19.69 19.68 19.66 19.65 19.63 19.62 19.60 19.58 19.56 19.54 19.52 19.51 19.49 19.48 19.45 19.44 19.41 19.39 19.37 19.35 19.33 19.31 19.28 19.26 19.24 19.23 19.23 19.25 19.26 19.28 19.29 19.31 19.34 19.36 19.38 19.40 19.43 19.45 19.48 19.50 19.53 19.55 19.57 19.60 19.60 19.57 19.46 19.28 19.06 18.81 18.55 18.28 18.01 17.74 17.48 17.21
20.04 20.02 19.99 19.98 19.96 19.94 19.93 19.91 19.89 19.86 19.85 19.83 19.81 19.79 19.77 19.76 19.74 19.72 19.70 19.69 19.67 19.65 19.63 19.62 19.60 19.58 19.56 19.55 19.53 19.51 19.49 19.47 19.45 19.44 19.42 19.39 19.38 19.35 19.34 19.32 19.29 19.26 19.24 19.22 19.19 19.17 19.15 19.15 19.16 19.17 19.18 19.20 19.22 19.23 19.25 19.27 19.29 19.32 19.34 19.36 19.39 19.42 19.44 19.48 19.50 19.53 19.54 19.52 19.42 19.25 19.00 18.72 18.45 18.18 17.89 17.62 17.35 17.09
19.98 19.96 19.94 19.93 19.91 19.89 19.87 19.86 19.83 19.81 19.79 19.78 19.76 19.73 19.72 19.70 19.68 19.66 19.64 19.63 19.61 19.59 19.57 19.55 19.53 19.52 19.50 19.48 19.46 19.44 19.42 19.40 19.39 19.37 19.34 19.32 19.30 19.28 19.26 19.23 19.21 19.19 19.15 19.13 19.10 19.08 19.07 19.07 19.08 19.09 19.11 19.11 19.13 19.14 19.16 19.18 19.20 19.22 19.24 19.27 19.29 19.32 19.34 19.36 19.40 19.42 19.43 19.39 19.33 19.14 18.87 18.61 18.32 18.04 17.76 17.48 17.22 16.94
19.93 19.91 19.89 19.87 19.86 19.84 19.82 19.80 19.77 19.75 19.74 19.72 19.70 19.67 19.66 19.64 19.61 19.60 19.58 19.56 19.54 19.53 19.50 19.49 19.47 19.45 19.43 19.41 19.39 19.38 19.35 19.33 19.31 19.29 19.27 19.25 19.22 19.20 19.17 19.14 19.12 19.09 19.06 19.04 19.01 18.99 18.99 19.00 19.00 19.01 19.01 19.03 19.05 19.05 19.07 19.08 19.10 19.12 19.14 19.15 19.17 19.20 19.21 19.23 19.25 19.26 19.26 19.23 19.13 18.95 18.70 18.44 18.17 17.89 17.61 17.33 17.06 16.79
19.88 19.86 19.84 19.82 19.80 19.78 19.76 19.74 19.72 19.70 19.68 19.66 19.64 19.62 19.60 19.58 19.55 19.54 19.52 19.50 19.48 19.46 19.44 19.42 19.40 19.38 19.36 19.34 19.32 19.30 19.27 19.25 19.23 19.21 19.19 19.16 19.14 19.12 19.09 19.06 19.04 19.00 18.98 18.94 18.92 18.91 18.91 18.92 18.92 18.93 18.94 18.94 18.95 18.96 18.98 18.98 18.99 19.01 19.02 19.04 19.05 19.06 19.08 19.08 19.08 19.07 19.05 18.99 18.88 18.71 18.49 18.25 17.99 17.72 17.45 17.17 16.89 16.63
19.83 19.81 19.79 19.77 19.75 19.73 19.71 19.68 19.66 19.64 19.62 19.61 19.58 19.56 19.54 19.52 19.49 19.48 19.46 19.43 19.42 19.39 19.37 19.35 19.33 19.31 19.29 19.27 19.25 19.22 19.20 19.18 19.16 19.14 19.11 19.09 19.06 19.03 19.00 18.97 18.95 18.92 18.89 18.86 18.84 18.83 18.83 18.83 18.84 18.84 18.85 18.85 18.86 18.86 18.87 18.88 18.89 18.89 18.90 18.91 18.91 18.91 18.91 18.92 18.90 18.87 18.83 18.75 18.64 18.47 18.27 18.04 17.79 17.53 17.27 17.00 16.73 16.46
19.78 19.76 19.74 19.72 19.70 19.68 19.65 19.63 19.61 19.59 19.57 19.55 19.52 19.50 19.48 19.46 19.43 19.42 19.40 19.37 19.35 19.32 19.31 19.28 19.26 19.24 19.21 19.20 19.17 19.15 19.13 19.11 19.07 19.05 19.03 19.00 18.98 18.95 18.92 18.89 18.86 18.83 18.79 18.78 18.76 18.75 18.76 18.75 18.76 18.75 18.76 18.76 18.75 18.76 18.76 18.77 18.77 18.77 18.78 18.77 18.77 18.76 18.75 18.74 18.71 18.66 18.60 18.51 18.38 18.23 18.04 17.83 17.59 17.34 17.09 16.82 16.55 16.29
19.73 19.71 19.68 19.66 19.63 19.61 19.59 19.57 19.55 19.53 19.51 19.48 19.46 19.44 19.42 19.39 19.37 19.35 19.32 19.30 19.29 19.26 19.24 19.21 19.19 19.17 19.14 19.12 19.09 19.07 19.04 19.02 18.99 18.97 18.94 18.92 18.89 18.85 18.82 18.79 18.77 18.74 18.71 18.68 18.68 18.68 18.68 18.67 18.67 18.66 18.66 18.66 18.66 18.66 18.65 18.65 18.65 18.65 18.64 18.63 18.62 18.60 18.58 18.55 18.50 18.45 18.37 18.28 18.14 17.99 17.81 17.61 17.39 17.15 16.91 16.65 16.38 16.12
19.67 19.65 19.63 19.60 19.58 19.56 19.54 19.52 19.49 19.47 19.45 19.42 19.40 19.38 19.36 19.33 19.31 19.29 19.26 19.24 19.21 19.19 19.16 19.14 19.12 19.09 19.07 19.05 19.02 18.99 18.97 18.94 18.91 18.88 18.86 18.83 18.79 18.77 18.74 18.70 18.67 18.65 18.62 18.61 18.60 18.60 18.59 18.58 18.58 18.57 18.57 18.56 18.55 18.55 18.54 18.53 18.53 18.52 18.50 18.49 18.46 18.43 18.40 18.36 18.30 18.23 18.15 18.05 17.92 17.77 17.60 17.40 17.19 16.97 16.73 16.48 16.22 15.96
19.61 19.59 19.57 19.55 19.53 19.50 19.48 19.46 19.44 19.42 19.39 19.36 19.34 19.32 19.29 19.27 19.25 19.23 19.20 19.17 19.14 19.12 19.10 19.07 19.05 19.02 18.99 18.96 18.93 18.91 18.88 18.85 18.83 18.79 18.77 18.73 18.71 18.67 18.65 18.62 18.58 18.56 18.54 18.53 18.52 18.51 18.51 18.50 18.49 18.48 18.47 18.46 18.45 18.44 18.43 18.42 18.40 18.39 18.36 18.34 18.31 18.27 18.22 18.17 18.10 18.03 17.94 17.83 17.70 17.55 17.39 17.20 17.01 16.78 16.56 16.32 16.07 15.80
19.56 19.54 19.52 19.50 19.47 19.45 19.43 19.40 19.38 19.35 19.33 19.31 19.28 19.26 19.23 19.21 19.18 19.15 19.13 19.10 19.08 19.05 19.03 19.00 18.97 18.95 18.92 18.89 18.86 18.83 18.79 18.76 18.74 18.70 18.67 18.65 18.61 18.59 18.55 18.53 18.49 18.48 18.46 18.45 18.44 18.43 18.42 18.41 18.40 18.39 18.37 18.36 18.34 18.32 18.32 18.29 18.27 18.25 18.23 18.20 18.16 18.11 18.06 17.99 17.92 17.82 17.73 17.62 17.49 17.35 17.19 17.01 16.82 16.62 16.41 16.17 15.94 15.68
19.51 19.49 19.47 19.44 19.42 19.40 19.37 19.35 19.32 19.29 19.27 19.25 19.22 19.19 19.17 19.14 19.12 19.09 19.07 19.03 19.01 18.98 18.95 18.93 18.89 18.86 18.83 18.80 18.77 18.74 18.71 18.67 18.65 18.62 18.58 18.55 18.51 18.49 18.46 18.42 18.40 18.39 18.38 18.36 18.35 18.34 18.33 18.32 18.30 18.29 18.28 18.25 18.24 18.22 18.19 18.17 18.15 18.12 18.08 18.05 18.00 17.95 17.88 17.80 17.72 17.63 17.52 17.42 17.29 17.16 17.00 16.83 16.65 16.46 16.26 16.05 15.82 15.59
19.46 19.44 19.41 19.39 19.37 19.34 19.31 19.28 19.26 19.24 19.21 19.19 19.16 19.13 19.11 19.08 19.05 19.02 18.99 18.97 18.93 18.91 18.88 18.84 18.81 18.78 18.75 18.72 18.68 18.65 18.62 18.58 18.55 18.51 18.49 18.46 18.42 18.39 18.36 18.33 18.31 18.30 18.29 18.28 18.27 18.26 18.24 18.23 18.21 18.19 18.17 18.15 18.12 18.10 18.07 18.04 18.02 17.98 17.95 17.91 17.85 17.79 17.71 17.62 17.53 17.43 17.33 17.23 17.10 16.97 16.83 16.67 16.50 16.32 16.11 15.90 15.69 15.48
19.41 19.39 19.36 19.34 19.30 19.28 19.25 19.23 19.20 19.18 19.15 19.13 19.09 19.07 19.05 19.01 18.99 18.96 18.93 18.90 18.87 18.83 18.80 18.77 18.74 18.71 18.67 18.63 18.60 18.57 18.53 18.49 18.46 18.42 18.39 18.36 18.32 18.29 18.26 18.24 18.23 18.21 18.20 18.19 18.18 18.17 18.15 18.13 18.11 18.09 18.06 18.04 18.01 17.98 17.95 17.91 17.89 17.84 17.80 17.76 17.71 17.63 17.54 17.44 17.35 17.24 17.15 17.04 16.93 16.80 16.66 16.51 16.36 16.18 15.98 15.78 15.58 15.37
19.35 19.32 19.30 19.27 19.25 19.22 19.20 19.17 19.15 19.12 19.10 19.06 19.04 19.01 18.98 18.95 18.92 18.89 18.86 18.83 18.79 18.76 18.73 18.69 18.66 18.62 18.59 18.55 18.51 18.48 18.43 18.40 18.36 18.32 18.29 18.25 18.22 18.19 18.16 18.15 18.14 18.13 18.11 18.11 18.09 18.07 18.06 18.04 18.01 17.99 17.96 17.94 17.90 17.86 17.83 17.79 17.75 17.70 17.65 17.60 17.54 17.47 17.35 17.25 17.15 17.05 16.96 16.86 16.76 16.64 16.51 16.37 16.22 16.04 15.86 15.67 15.48 15.29
19.30 19.27 19.25 19.22 19.20 19.17 19.14 19.12 19.09 19.06 19.03 19.00 18.98 18.95 18.91 18.89 18.85 18.82 18.79 18.76 18.72 18.68 18.65 18.61 18.58 18.54 18.50 18.46 18.42 18.39 18.34 18.30 18.26 18.23 18.18 18.15 18.12 18.08 18.07 18.06 18.05 18.04 18.02 18.01 17.99 17.98 17.96 17.93 17.91 17.89 17.85 17.82 17.79 17.75 17.70 17.66 17.61 17.55 17.49 17.43 17.37 17.27 17.14 17.04 16.96 16.88 16.79 16.70 16.60 16.49 16.37 16.21 16.08 15.91 15.74 15.57 15.39 15.20
19.25 19.22 19.20 19.17 19.14 19.11 19.09 19.06 19.02 19.00 18.97 18.94 18.92 18.88 18.85 18.82 18.79 18.76 18.72 18.68 18.65 18.61 18.58 18.54 18.49 18.45 18.42 18.37 18.33 18.28 18.25 18.20 18.16 18.12 18.08 18.04 18.01 17.99 17.98 17.97 17.96 17.94 17.93 17.92 17.90 17.88 17.86 17.84 17.80 17.78 17.75 17.71 17.67 17.62 17.58 17.53 17.48 17.41 17.33 17.26 17.16 17.05 16.93 16.84 16.76 16.70 16.63 16.55 16.45 16.36 16.25 16.09 15.96 15.80 15.63 15.47 15.30 15.12
19.20 19.17 19.14 19.12 19.09 19.06 19.02 19.00 18.97 18.94 18.91 18.88 18.85 18.82 18.79 18.75 18.72 18.68 18.65 18.61 18.58 18.54 18.50 18.46 18.42 18.37 18.33 18.28 18.24 18.19 18.14 18.10 18.06 18.01 17.97 17.94 17.91 17.90 17.89 17.88 17.86 17.85 17.83 17.82 17.80 17.79 17.76 17.73 17.71 17.67 17.64 17.60 17.56 17.48 17.46 17.40 17.33 17.26 17.18 17.09 16.97 16.84 16.71 16.64 16.59 16.55 16.48 16.41 16.32 16.21 16.11 15.98 15.85 15.69 15.53 15.38 15.22 15.02
19.14 19.11 19.08 19.05 19.03 19.00 18.97 18.94 18.91 18.88 18.86 18.82 18.79 18.76 18.72 18.69 18.65 18.62 18.58 18.54 18.50 18.46 18.42 18.38 18.33 18.28 18.24 18.19 18.14 18.09 18.04 18.00 17.95 17.90 17.86 17.84 17.82 17.80 17.78 17.78 17.76 17.75 17.74 17.73 17.70 17.68 17.65 17.58 17.60 17.57 17.53 17.49 17.45 17.39 17.34 17.27 17.21 17.13 17.05 16.94 16.82 16.68 16.51 16.48 16.45 16.40 16.35 16.27 16.19 16.09 15.99 15.87 15.73 15.57 15.45 15.30 15.16 14.93
19.09 19.06 19.03 19.00 18.97 18.94 18.92 18.89 18.86 18.83 18.79 18.76 18.73 18.69 18.66 18.63 18.58 18.54 18.51 18.47 18.43 18.39 18.35 18.29 18.25 18.20 18.15 18.10 18.05 18.00 17.95 17.89 17.84 17.80 17.76 17.74 17.72 17.70 17.69 17.68 17.66 17.65 17.64 17.63 17.61 17.58 17.51 17.52 17.49 17.45 17.42 17.38 17.33 17.28 17.23 17.16 17.09 17.01 16.92 16.78 16.70 16.58 16.45 16.39 16.34 16.29 16.23 16.16 16.08 15.98 15.88 15.76 15.61 15.41 15.32 15.23 15.08 14.90
19.04 19.01 18.98 18.95 18.92 18.89 18.86 18.83 18.79 18.76 18.73 18.70 18.67 18.63 18.60 18.55 18.52 18.48 18.44 18.39 18.35 18.31 18.26 18.21 18.17 18.11 18.06 18.01 17.95 17.90 17.84 17.79 17.74 17.70 17.67 17.65 17.63 17.61 17.59 17.57 17.56 17.55 17.54 17.53 17.50 17.48 17.44 17.42 17.38 17.34 17.30 17.26 17.22 17.17 17.12 17.05 16.98 16.90 16.82 16.71 16.61 16.50 16.41 16.34 16.28 16.20 16.13 16.06 15.98 15.89 15.79 15.68 15.54 15.32 15.27 15.14 14.99 14.87
18.99 18.96 18.93 18.90 18.87 18.84 18.80 18.77 18.74 18.71 18.67 18.64 18.60 18.57 18.53 18.49 18.45 18.42 18.37 18.33 18.29 18.23 18.18 18.13 18.09 18.03 17.97 17.92 17.86 17.80 17.74 17.68 17.64 17.60 17.58 17.55 17.52 17.50 17.49 17.47 17.46 17.44 17.33 17.41 17.40 17.37 17.33 17.30 17.26 17.24 17.19 17.15 17.11 17.07 17.01 16.95 16.89 16.80 16.71 16.62 16.53 16.44 16.35 16.27 16.18 16.14 16.05 15.97 15.88 15.80 15.70 15.60 15.49 15.37 15.23 15.06 14.93 14.77
18.93 18.90 18.87 18.84 18.81 18.78 18.75 18.71 18.68 18.65 18.62 18.57 18.54 18.51 18.47 18.42 18.39 18.34 18.30 18.25 18.21 18.16 18.11 18.06 18.00 17.95 17.89 17.82 17.76 17.70 17.65 17.59 17.54 17.51 17.47 17.45 17.42 17.40 17.37 17.36 17.34 17.33 17.29 17.30 17.28 17.26 17.22 17.19 17.15 17.12 17.08 17.04 17.00 16.96 16.90 16.85 16.78 16.71 16.63 16.55 16.46 16.37 16.30 16.22 16.16 16.08 15.98 15.89 15.82 15.73 15.63 15.53 15.42 15.27 15.14 14.99 14.88 14.74
18.88 18.85 18.82 18.79 18.75 18.72 18.69 18.66 18.63 18.58 18.55 18.52 18.49 18.44 18.41 18.36 18.32 18.28 18.24 18.19 18.13 18.08 18.03 17.98 17.92 17.86 17.79 17.73 17.67 17.60 17.54 17.49 17.45 17.42 17.38 17.35 17.32 17.29 17.27 17.24 17.20 17.14 17.14 17.19 17.16 17.13 17.10 17.06 17.03 17.00 16.97 16.94 16.89 16.85 16.80 16.74 16.68 16.62 16.55 16.46 16.39 16.31 16.24 16.18 16.11 16.02 15.93 15.84 15.76 15.67 15.58 15.47 15.36 15.22 15.09 14.90 14.82 14.74
18.83 18.80 18.77 18.74 18.70 18.67 18.64 18.60 18.56 18.53 18.50 18.46 18.42 18.38 18.34 18.30 18.26 18.21 18.16 18.11 18.07 18.01 17.96 17.90 17.84 17.78 17.71 17.65 17.58 17.51 17.45 17.40 17.36 17.32 17.29 17.24 17.21 17.18 17.15 17.12 16.90 16.85 16.96 17.07 17.03 16.99 16.97 16.94 16.91 16.89 16.86 16.83 16.79 16.74 16.70 16.64 16.60 16.53 16.47 16.40 16.32 16.25 16.19 16.13 16.06 15.98 15.89 15.80 15.70 15.62 15.52 15.43 15.31 15.18 15.08 14.88 14.78 14.69
18.77 18.74 18.71 18.68 18.64 18.61 18.58 18.55 18.51 18.48 18.44 18.40 18.36 18.33 18.28 18.23 18.20 18.15 18.10 18.05 17.99 17.94 17.88 17.82 17.76 17.70 17.63 17.56 17.49 17.42 17.36 17.31 17.27 17.23 17.18 17.15 17.11 17.06 17.03 16.92 16.54 16.55 16.79 16.91 16.89 16.86 16.83 16.81 16.79 16.76 16.74 16.72 16.69 16.65 16.60 16.55 16.51 16.44 16.39 16.33 16.26 16.20 16.14 16.06 15.96 15.90 15.83 15.75 15.66 15.55 15.46 15.36 15.28 15.14 15.04 14.92 14.76 14.53
18.72 18.69 18.66 18.63 18.59 18.56 18.53 18.49 18.46 18.42 18.38 18.34 18.31 18.26 18.22 18.17 18.13 18.08 18.03 17.98 17.93 17.87 17.81 17.74 17.68 17.62 17.54 17.48 17.40 17.34 17.28 17.23 17.18 17.13 17.09 17.04 17.00 16.96 16.92 16.57 16.23 16.48 16.71 16.76 16.74 16.72 16.70 16.68 16.66 16.64 16.63 16.60 16.58 16.54 16.49 16.46 16.42 16.36 16.32 16.26 16.19 16.13 16.08 16.02 15.96 15.86 15.78 15.70 15.61 15.49 15.38 15.22 15.26 15.15 15.04 14.94 14.80 14.59
18.68 18.64 18.61 18.58 18.55 18.51 18.48 18.44 18.40 18.36 18.33 18.29 18.24 18.20 18.16 18.12 18.07 18.02 17.97 17.92 17.86 17.80 17.74 17.68 17.61 17.54 17.47 17.40 17.32 17.25 17.19 17.14 17.10 17.05 16.99 16.95 16.89 16.84 16.73 16.28 15.90 16.22 16.63 16.62 16.60 16.58 16.57 16.56 16.55 16.53 16.52 16.50 16.47 16.44 16.41 16.38 16.32 16.29 16.24 16.19 16.14 16.08 16.03 15.98 15.91 15.82 15.73 15.65 15.55 15.46 15.34 14.95 15.14 15.15 15.04 14.89 14.66 14.54
18.63 18.60 18.56 18.53 18.49 18.45 18.42 18.38 18.35 18.31 18.27 18.23 18.19 18.15 18.10 18.05 18.01 17.96 17.90 17.85 17.80 17.73 17.67 17.60 17.54 17.47 17.39 17.32 17.24 17.17 17.12 17.06 17.01 16.96 16.91 16.85 16.80 16.75 16.54 16.15 15.99 16.39 16.49 16.47 16.46 16.45 16.45 16.44 16.43 16.38 16.41 16.39 16.36 16.34 16.31 16.29 16.24 16.21 16.16 16.11 16.06 16.01 15.98 15.92 15.86 15.79 15.70 15.61 15.52 15.45 15.36 15.13 15.19 15.13 15.01 14.85 14.64 14.59
18.57 18.54 18.51 18.47 18.44 18.40 18.37 18.33 18.30 18.26 18.21 18.17 18.13 18.08 18.05 17.99 17.95 17.89 17.84 17.79 17.73 17.67 17.61 17.54 17.47 17.40 17.32 17.25 17.17 17.10 17.04 16.99 16.93 16.88 16.82 16.76 16.70 16.64 16.35 16.06 16.01 16.32 16.34 16.33 16.33 16.33 16.33 16.32 16.32 16.32 16.30 16.30 16.27 16.26 16.21 16.20 16.16 16.13 16.09 16.05 16.01 15.96 15.93 15.88 15.81 15.74 15.67 15.59 15.50 15.42 15.29 15.07 15.15 15.09 15.01 14.93 14.81 14.63
