main/data/pressure/05.08.2023.grid
ncols 886
nrows 691
xllcenter 112.0000
yllcenter -44.5000
cellsize 0.0500
nodata_value 99999.90
[rows 35 to 69 of 691, columns 390 to 467 of 886]
26.19 26.12 26.02 25.90 25.74 25.56 25.35 25.11 24.84 24.56 24.27 23.97 23.66 23.36 23.06 22.79 22.53 22.28 22.06 21.86 21.69 21.53 21.39 21.20 21.18 21.08 21.03 20.99 20.98 20.94 20.90 20.88 20.89 20.95 21.05 21.08 21.15 21.21 21.27 21.33 21.38 21.43 21.48 21.53 21.59 21.64 21.68 21.72 21.75 21.79 21.81 21.83 21.85 21.86 21.87 21.88 21.90 21.90 21.93 21.95 21.98 22.00 22.03 22.07 22.10 22.14 22.17 22.21 22.25 22.28 22.32 22.36 22.39 22.42 22.46 22.50 22.54 22.57
26.09 26.02 25.92 25.80 25.66 25.48 25.27 25.05 24.79 24.52 24.23 23.93 23.62 23.32 23.01 22.72 22.45 22.19 21.96 21.73 21.54 21.37 21.23 21.10 20.98 20.87 20.82 20.79 20.73 20.69 20.63 20.60 20.23 20.59 20.76 20.74 20.90 20.97 21.03 21.08 21.14 21.23 21.28 21.34 21.40 21.44 21.48 21.55 21.60 21.63 21.65 21.68 21.69 21.71 21.73 21.74 21.76 21.79 21.81 21.84 21.88 21.91 21.95 21.99 22.03 22.07 22.11 22.15 22.19 22.23 22.27 22.30 22.33 22.37 22.40 22.44 22.47 22.51
25.96 25.88 25.79 25.67 25.53 25.36 25.17 24.95 24.71 24.45 24.16 23.86 23.56 23.25 22.95 22.64 22.36 22.09 21.83 21.60 21.40 21.21 21.05 20.91 20.78 20.68 20.63 20.55 20.45 20.29 20.36 20.31 20.25 19.95 20.51 20.44 20.58 20.70 20.73 20.79 20.89 20.98 21.06 21.13 21.13 21.25 21.34 21.38 21.43 21.47 21.50 21.53 21.55 21.57 21.59 21.60 21.64 21.67 21.70 21.74 21.78 21.81 21.86 21.91 21.96 22.00 22.05 22.10 22.14 22.18 22.21 22.25 22.28 22.32 22.34 22.38 22.41 22.44
25.81 25.72 25.63 25.51 25.38 25.22 25.03 24.83 24.59 24.34 24.06 23.77 23.47 23.16 22.85 22.54 22.25 21.97 21.70 21.46 21.24 21.05 20.88 20.73 20.59 20.50 20.38 20.27 20.22 20.16 19.98 19.98 19.88 20.01 20.08 19.85 20.39 20.48 20.56 20.64 20.71 20.70 20.74 20.82 20.91 21.07 21.07 21.17 21.27 21.31 21.35 21.36 21.40 21.42 21.44 21.47 21.51 21.54 21.58 21.63 21.67 21.73 21.78 21.83 21.88 21.94 22.00 22.04 22.09 22.13 22.16 22.20 22.23 22.25 22.29 22.31 22.34 22.38
25.63 25.55 25.44 25.33 25.20 25.04 24.86 24.66 24.44 24.19 23.92 23.65 23.34 23.04 22.73 22.43 22.12 21.84 21.57 21.32 21.09 20.88 20.70 20.54 20.37 20.26 20.15 20.05 19.96 19.63 19.85 19.66 19.26 19.63 19.88 20.03 20.17 20.20 20.34 20.40 20.44 20.41 20.47 20.59 20.82 20.91 20.97 20.95 21.10 21.13 21.16 21.20 21.22 21.28 21.29 21.33 21.37 21.42 21.47 21.52 21.58 21.64 21.69 21.76 21.82 21.88 21.93 21.99 22.05 22.09 22.12 22.13 22.13 22.20 22.22 22.25 22.28 22.31
25.43 25.35 25.24 25.13 24.99 24.84 24.66 24.47 24.25 24.02 23.76 23.49 23.20 22.90 22.59 22.29 21.98 21.70 21.42 21.17 20.92 20.71 20.52 20.34 20.20 20.08 19.96 19.77 19.71 19.61 19.52 19.42 19.39 19.54 19.66 19.77 19.81 19.92 20.11 20.11 20.18 20.21 20.36 20.35 20.64 20.59 20.77 20.86 20.92 20.93 20.97 21.04 21.03 21.10 21.15 21.19 21.24 21.31 21.36 21.43 21.48 21.55 21.61 21.68 21.73 21.79 21.88 21.92 22.01 22.05 22.07 22.10 22.12 22.14 22.16 22.19 22.22 22.25
25.23 25.14 25.03 24.90 24.77 24.61 24.44 24.26 24.04 23.81 23.56 23.29 23.02 22.72 22.43 22.12 21.82 21.53 21.25 21.00 20.75 20.53 20.34 20.13 20.01 19.87 19.75 19.47 19.31 19.48 19.30 19.24 19.45 19.42 19.46 19.55 19.60 19.64 19.84 19.71 19.81 20.03 20.17 20.21 20.46 20.23 20.60 20.61 20.70 20.78 20.82 20.90 20.82 20.85 21.01 21.06 21.11 21.20 21.27 21.33 21.39 21.46 21.53 21.60 21.67 21.67 21.82 21.90 21.97 22.00 22.02 22.04 22.06 22.08 22.10 22.13 22.16 22.19
25.00 24.90 24.79 24.66 24.52 24.37 24.19 24.01 23.80 23.58 23.34 23.08 22.81 22.53 22.23 21.94 21.64 21.34 21.06 20.82 20.57 20.32 20.14 19.97 19.77 19.59 19.45 19.25 19.12 19.03 19.26 19.23 19.21 19.23 19.27 19.33 19.37 19.41 19.35 19.46 19.66 19.81 19.99 20.12 20.26 20.09 20.04 20.33 20.50 20.62 20.70 20.72 20.64 20.80 20.92 20.85 20.92 21.03 21.14 21.23 21.30 21.38 21.45 21.51 21.57 21.63 21.75 21.85 21.93 21.96 21.96 21.98 21.99 22.01 22.03 22.06 22.08 22.12
24.77 24.65 24.54 24.41 24.26 24.10 23.94 23.74 23.55 23.32 23.09 22.84 22.57 22.30 22.01 21.73 21.44 21.16 20.89 20.61 20.38 20.15 19.93 19.75 19.60 19.42 19.34 19.13 19.09 19.03 19.04 18.92 18.96 18.96 18.98 19.04 19.17 19.20 19.30 19.27 19.36 19.47 19.71 19.92 20.05 19.84 20.15 20.18 20.29 20.46 20.56 20.65 20.68 20.78 20.83 20.72 20.80 20.93 21.03 21.11 21.21 21.29 21.36 21.42 21.49 21.57 21.68 21.77 21.84 21.88 21.89 21.90 21.92 21.94 21.96 21.99 22.01 22.03
24.52 24.40 24.28 24.14 23.99 23.83 23.65 23.46 23.26 23.04 22.81 22.57 22.32 22.05 21.78 21.32 21.22 20.94 20.68 20.42 20.14 19.90 19.67 19.48 19.36 19.24 19.11 18.77 18.82 18.82 18.82 18.67 18.68 18.68 18.74 18.86 18.88 18.99 19.05 19.05 19.12 19.27 19.36 19.67 19.86 19.78 19.94 19.98 20.14 20.23 20.47 20.55 20.62 20.68 20.71 20.69 20.75 20.89 20.94 21.02 21.12 21.19 21.27 21.34 21.41 21.49 21.58 21.66 21.72 21.76 21.80 21.81 21.84 21.86 21.88 21.92 21.92 21.94
24.27 24.14 24.01 23.86 23.70 23.54 23.35 23.17 22.96 22.74 22.52 22.29 22.04 21.79 21.24 21.25 20.98 20.39 20.46 20.19 19.95 19.70 19.43 19.21 19.14 19.06 18.93 18.82 18.71 18.63 18.61 18.52 18.57 18.52 18.56 18.40 18.36 18.78 18.85 18.86 18.97 18.90 19.39 19.54 19.38 19.49 19.72 19.88 19.93 20.11 20.30 20.43 20.52 20.59 20.64 20.63 20.64 20.74 20.88 20.95 21.02 21.06 21.17 21.24 21.31 21.37 21.48 21.54 21.60 21.64 21.69 21.73 21.74 21.69 21.75 21.84 21.87 21.91
24.01 23.85 23.71 23.56 23.39 23.23 23.03 22.84 22.64 22.43 22.21 21.99 21.75 21.45 21.10 20.98 20.64 20.05 20.10 19.96 19.74 19.48 19.25 19.02 18.92 18.86 18.70 18.59 18.52 18.47 18.40 18.15 18.36 18.23 18.23 18.10 18.49 18.58 18.21 18.64 18.79 18.55 19.18 19.23 18.89 19.07 19.43 19.41 19.92 20.08 20.21 20.31 20.39 20.50 20.56 20.57 20.50 20.56 20.78 20.82 20.82 20.85 21.00 21.13 21.20 21.22 21.33 21.37 21.40 21.49 21.58 21.62 21.61 21.69 21.72 21.75 21.77 21.74
23.65 23.56 23.42 23.26 23.08 22.91 22.70 22.50 22.29 22.09 21.87 21.65 21.44 21.18 20.93 20.70 20.44 20.07 19.96 19.74 19.52 19.17 19.05 18.82 18.77 18.63 18.53 18.43 18.30 18.25 17.75 18.07 17.98 17.67 17.61 17.81 18.05 18.36 18.11 18.09 18.01 18.52 19.05 18.83 18.84 19.10 19.40 19.50 19.74 19.89 20.02 20.09 20.32 20.39 20.47 20.54 20.61 20.65 20.70 20.75 20.71 20.75 20.91 21.04 21.07 20.98 21.18 21.19 21.20 21.33 21.45 21.52 21.55 21.60 21.55 21.65 21.57 21.63
23.43 23.28 23.12 22.95 22.77 22.58 22.35 22.16 21.95 21.72 21.52 21.26 20.92 20.88 20.64 20.41 20.17 19.91 19.73 19.49 19.22 18.91 18.78 18.63 18.52 18.42 18.35 18.26 18.14 18.12 18.06 17.68 17.72 17.39 17.44 17.55 17.60 17.74 17.83 17.95 18.03 18.50 18.62 18.53 18.56 18.81 18.61 19.20 19.46 19.62 19.73 20.02 20.21 20.28 20.36 20.43 20.50 20.55 20.61 20.66 20.70 20.73 20.81 20.93 21.05 20.92 21.04 21.09 21.10 21.22 21.39 21.39 21.42 21.48 21.51 21.55 21.61 21.62
23.15 22.98 22.81 22.64 22.45 22.25 22.01 21.82 21.62 21.40 21.09 20.80 20.77 20.57 20.33 20.11 19.90 19.67 19.46 19.25 19.02 18.78 18.65 18.39 18.35 18.24 18.19 18.07 17.99 17.86 17.72 17.36 17.90 17.93 17.94 18.00 18.06 18.05 18.05 17.79 17.89 18.39 18.39 18.33 18.26 18.81 18.95 19.13 19.14 19.35 19.78 19.96 20.01 20.13 20.18 20.33 20.42 20.43 20.50 20.60 20.58 20.67 20.74 20.84 20.95 20.89 20.85 20.97 20.93 21.13 21.29 21.33 21.31 21.20 21.22 21.43 21.46 21.52
22.87 22.64 22.47 22.31 22.12 21.85 21.69 21.44 21.15 21.03 20.79 20.41 20.26 20.24 20.04 19.81 19.52 19.38 19.21 19.00 18.80 18.56 18.49 18.22 18.07 18.06 17.94 17.89 17.50 17.37 17.42 17.79 17.80 17.59 17.28 17.39 17.46 17.33 17.40 17.45 17.74 18.19 18.18 18.14 18.36 18.59 18.53 18.95 19.38 19.68 19.71 19.73 19.91 19.98 20.00 20.18 20.27 20.31 20.40 20.52 20.43 20.49 20.63 20.76 20.85 20.91 20.63 20.85 20.90 21.13 21.21 21.17 21.25 21.24 21.18 21.22 21.28 21.36
22.56 22.32 22.15 21.99 21.80 21.58 21.35 21.12 20.77 20.69 20.51 20.16 20.01 19.69 19.72 19.47 19.16 19.06 18.95 18.80 18.50 18.45 18.32 18.11 17.92 17.85 17.81 17.77 17.73 17.28 17.66 17.62 17.70 17.13 17.15 17.19 17.17 17.21 17.37 17.36 17.82 17.86 18.05 18.00 18.03 18.29 18.48 19.13 19.16 19.45 19.41 19.45 19.89 19.84 19.91 20.06 20.13 20.20 20.35 20.38 20.38 20.50 20.63 20.69 20.76 20.82 20.62 20.85 20.94 21.07 21.12 21.17 21.20 21.23 21.25 21.15 21.17 21.25
22.21 21.98 21.83 21.67 21.46 21.22 20.97 20.70 20.46 20.28 20.15 19.92 19.70 19.41 19.36 19.21 19.05 18.83 18.69 18.57 18.40 18.27 18.10 17.96 17.83 17.71 17.67 17.61 17.58 17.22 16.90 17.15 16.96 17.64 17.40 17.24 17.04 17.10 17.27 17.33 17.54 17.65 17.77 17.74 17.86 18.19 18.68 19.19 19.33 19.14 19.34 19.40 19.79 19.64 19.72 19.92 19.98 20.20 20.23 20.30 20.40 20.48 20.55 20.62 20.67 20.72 20.79 20.62 20.68 20.91 21.03 21.09 21.13 21.17 21.09 21.03 21.13 21.25
21.90 21.61 21.51 21.36 21.13 20.84 20.56 20.37 20.13 19.89 19.79 19.50 19.35 19.08 19.09 18.91 18.78 18.59 18.39 18.32 18.22 18.06 17.94 17.83 17.73 17.60 17.54 17.51 17.46 17.43 17.40 17.10 16.87 16.89 17.20 17.67 17.07 17.02 17.14 17.11 17.31 17.56 17.53 17.74 17.88 18.14 18.24 18.80 18.77 18.55 19.06 19.18 19.71 19.61 19.66 19.80 20.04 20.06 20.09 20.23 20.36 20.36 20.47 20.55 20.58 20.65 20.69 20.70 20.63 20.81 20.96 21.01 21.07 21.08 21.14 21.10 21.22 21.25
21.60 21.32 21.18 21.03 20.76 20.52 20.22 19.94 19.74 19.51 19.39 19.06 19.07 18.95 18.74 18.63 18.46 18.36 18.14 18.09 17.98 17.89 17.81 17.64 17.55 17.47 17.46 17.36 17.32 17.34 17.30 17.29 16.95 16.99 17.04 17.08 17.49 17.61 17.19 16.92 17.29 17.35 17.34 17.59 17.70 18.13 18.66 18.90 18.64 18.52 18.73 19.44 19.52 19.45 19.42 19.71 19.96 19.95 20.04 20.18 20.19 20.14 20.40 20.48 20.54 20.60 20.58 20.64 20.77 20.82 20.86 20.95 21.00 20.96 21.06 21.01 21.12 21.14
21.31 21.11 20.88 20.71 20.48 20.16 19.93 19.58 19.43 19.24 19.12 18.97 18.79 18.61 18.49 18.30 18.19 18.05 17.94 17.84 17.81 17.69 17.63 17.58 17.52 17.46 17.38 17.14 16.91 16.88 16.88 16.96 16.73 16.78 16.66 16.86 16.90 17.59 17.02 16.90 17.03 17.14 17.27 17.54 17.57 17.89 18.38 18.51 18.45 18.61 18.79 19.33 19.36 19.46 19.66 19.79 19.63 19.84 20.02 20.06 20.11 20.16 20.30 20.39 20.50 20.55 20.57 20.53 20.65 20.60 20.72 20.90 20.83 20.80 20.98 20.98 21.01 21.02
20.84 20.69 20.61 20.39 20.08 19.70 19.51 19.27 19.10 18.97 18.82 18.67 18.38 18.31 18.16 18.02 17.92 17.83 17.73 17.61 17.61 17.51 17.41 17.36 17.40 17.36 17.11 16.70 16.73 16.40 17.24 16.79 16.80 16.63 16.63 16.72 16.72 17.05 17.08 16.99 17.08 17.23 17.35 17.42 17.49 17.88 18.14 18.06 18.29 18.67 19.00 19.22 19.23 19.27 19.31 19.66 19.51 19.82 19.74 20.05 20.02 20.16 20.30 20.39 20.43 20.52 20.49 20.47 20.58 20.65 20.77 20.80 20.83 20.82 20.85 20.87 20.80 20.87
20.57 20.25 20.16 19.93 19.82 19.54 19.19 18.99 18.87 18.65 18.55 18.31 18.16 18.04 17.83 17.70 17.64 17.58 17.55 17.48 17.44 17.40 17.32 17.20 17.13 17.26 16.76 16.85 17.10 16.65 16.52 16.48 16.63 16.61 16.59 16.67 16.96 16.89 16.98 17.11 17.15 17.19 17.13 17.29 17.46 17.84 17.82 18.05 18.35 18.58 18.59 19.13 18.89 19.07 19.26 19.54 19.47 19.73 19.92 19.93 20.12 20.20 20.25 20.38 20.35 20.48 20.47 20.41 20.55 20.50 20.59 20.76 20.80 20.73 20.77 20.81 20.78 20.71
20.15 19.95 19.85 19.76 19.36 19.09 18.93 18.69 18.53 18.40 18.26 17.95 17.79 17.73 17.54 17.37 17.36 17.26 17.27 17.31 17.28 17.20 17.09 17.12 17.11 17.16 17.16 17.12 17.01 16.50 16.53 16.60 16.45 16.55 16.56 16.55 16.61 16.78 17.12 17.20 17.38 17.23 17.14 17.29 17.52 17.67 17.76 18.15 18.48 18.20 18.60 19.05 18.88 19.09 19.25 19.43 19.34 19.70 19.88 19.98 20.09 20.17 20.27 20.36 20.39 20.45 20.41 20.44 20.46 20.47 20.64 20.76 20.69 20.58 20.56 20.71 20.75 20.58
19.96 19.72 19.62 19.45 19.22 18.88 18.71 18.31 18.25 18.10 17.98 17.71 17.59 17.41 17.31 17.09 17.20 17.08 17.16 17.04 17.08 17.10 17.04 16.99 16.96 16.99 17.09 17.00 17.11 16.28 16.27 16.33 16.09 16.19 16.50 16.44 16.74 16.98 17.06 17.03 17.40 17.18 17.15 17.32 17.43 17.48 17.61 18.10 18.14 18.53 18.69 18.90 18.89 18.92 19.15 19.28 19.36 19.43 19.85 19.90 20.04 20.18 20.30 20.31 20.42 20.48 20.51 20.51 20.51 20.52 20.71 20.73 20.72 20.66 20.66 20.67 20.70 20.58
19.69 19.44 19.16 19.16 18.93 18.70 18.39 18.21 18.01 17.76 17.66 17.50 17.01 17.04 16.92 16.77 16.72 17.01 16.85 16.75 16.89 16.82 16.94 16.89 16.63 16.99 17.03 16.73 16.26 15.91 16.25 16.11 16.36 16.04 16.47 16.51 16.64 16.74 16.81 17.09 17.16 17.06 17.13 17.28 17.38 17.58 17.77 18.09 18.18 18.59 18.61 18.65 18.72 18.83 19.00 19.17 19.26 19.41 19.70 19.89 20.07 20.22 20.32 20.36 20.45 20.49 20.53 20.57 20.62 20.67 20.75 20.72 20.71 20.67 20.67 20.66 20.67 20.66
19.45 19.21 19.05 18.86 18.65 18.42 18.21 17.95 17.72 17.47 17.40 17.26 17.09 17.02 16.71 16.67 16.86 16.80 16.80 16.60 16.44 16.75 16.79 16.85 16.87 16.92 16.96 16.85 16.67 16.26 16.36 16.01 16.51 16.52 16.48 16.46 16.76 16.59 17.12 16.92 16.86 16.87 17.02 17.23 17.31 17.59 17.74 17.80 18.20 18.56 18.54 18.61 18.76 18.95 19.05 19.22 19.39 19.52 19.73 19.89 20.08 20.23 20.33 20.40 20.47 20.52 20.45 20.60 20.69 20.74 20.74 20.75 20.72 20.57 20.68 20.67 20.65 20.65
19.04 18.87 18.73 18.58 18.38 18.04 17.95 17.63 17.30 17.24 17.12 17.00 16.92 16.78 16.79 16.72 16.68 16.49 16.54 16.40 15.99 16.08 16.55 16.71 16.81 16.84 16.81 16.50 16.59 16.70 16.67 16.65 16.65 16.61 16.62 16.53 16.79 16.82 16.98 16.83 16.82 16.87 17.09 17.18 17.33 17.59 17.79 18.04 18.35 18.45 18.65 18.69 18.85 19.04 19.16 19.27 19.39 19.53 19.69 19.83 20.07 20.25 20.34 20.43 20.52 20.57 20.61 20.67 20.73 20.78 20.74 20.76 20.76 20.74 20.70 20.69 20.67 20.63
18.86 18.46 18.52 18.29 18.11 17.46 17.36 17.51 17.32 17.12 16.89 16.65 16.70 16.34 16.58 16.52 16.49 15.87 16.43 16.45 16.41 16.19 16.58 16.60 16.73 16.64 16.81 15.87 16.33 16.20 16.37 16.53 16.55 16.19 16.24 16.60 16.67 16.78 16.77 16.90 16.86 16.93 17.18 17.29 17.42 17.66 17.89 18.13 18.22 18.22 18.62 18.57 18.78 19.04 19.27 19.33 19.37 19.51 19.67 19.83 20.09 20.28 20.35 20.45 20.50 20.60 20.65 20.71 20.74 20.81 20.76 20.71 20.76 20.76 20.72 20.70 20.68 20.55
18.50 17.90 18.00 18.03 17.86 17.04 17.26 17.13 17.09 16.68 16.63 16.39 16.35 16.06 16.38 16.29 16.29 15.93 16.28 16.31 15.98 15.60 16.22 16.56 16.65 16.28 15.92 15.96 16.02 15.99 16.14 16.17 16.29 16.48 16.44 16.50 16.71 16.82 16.74 16.72 16.85 16.93 17.16 17.36 17.56 17.75 17.90 18.06 18.12 18.18 18.45 18.53 18.77 19.06 19.30 19.37 19.41 19.54 19.69 19.89 20.10 20.27 20.36 20.45 20.52 20.60 20.66 20.71 20.68 20.80 20.79 20.66 20.66 20.70 20.74 20.65 20.41 20.05
18.41 18.19 17.95 17.68 17.63 17.22 17.17 16.83 16.88 16.70 16.47 16.32 16.28 16.24 16.18 15.99 16.14 16.10 16.14 15.98 15.47 15.86 16.38 15.63 16.57 16.25 16.65 16.31 15.97 15.81 16.14 15.95 15.92 15.99 16.16 16.55 16.58 16.71 16.71 16.78 16.75 16.97 17.11 17.34 17.49 17.63 17.79 18.02 18.07 18.28 18.64 18.71 18.89 19.12 19.32 19.41 19.43 19.54 19.71 19.92 20.12 20.26 20.36 20.45 20.53 20.60 20.67 20.68 20.61 20.84 20.83 20.69 20.60 20.66 20.72 20.62 20.50 20.18
17.97 17.86 17.64 17.48 17.02 17.14 16.65 16.34 16.55 16.06 16.09 16.12 16.10 16.05 15.84 15.75 15.98 15.96 15.97 15.59 15.78 15.76 15.39 15.45 15.80 16.36 16.48 16.12 15.99 16.05 16.12 15.99 16.06 16.07 16.26 16.29 16.25 16.37 16.64 16.69 16.80 16.95 17.11 17.31 17.50 17.67 17.82 18.01 18.20 18.47 18.66 18.77 19.04 19.25 19.44 19.54 19.55 19.56 19.73 19.97 20.16 20.26 20.33 20.42 20.51 20.60 20.67 20.75 20.81 20.86 20.88 20.79 20.73 20.70 20.66 20.32 20.36 20.27
17.61 17.65 17.37 17.19 17.22 17.01 16.62 15.96 16.17 16.34 15.98 16.01 15.90 15.87 15.85 15.54 15.84 15.87 15.55 15.66 15.46 15.37 15.43 15.38 15.48 16.03 15.99 15.78 15.98 16.13 16.05 15.94 16.00 16.12 16.10 16.12 16.23 16.37 16.54 16.68 16.78 16.86 17.11 17.34 17.50 17.59 17.74 18.02 18.30 18.56 18.69 18.82 19.19 19.36 19.50 19.64 19.68 19.64 19.79 19.99 20.14 20.20 20.26 20.39 20.50 20.58 20.67 20.70 20.79 20.84 20.88 20.83 20.74 20.58 20.50 20.16 20.13 20.11
17.30 17.52 17.17 16.88 16.92 16.71 16.19 15.94 16.04 16.18 16.01 15.71 15.48 15.47 15.49 15.57 15.40 15.40 15.44 15.15 15.20 15.10 15.31 15.32 15.43 15.94 15.80 16.07 16.11 16.11 15.99 15.90 15.95 16.09 16.15 16.16 16.23 16.36 16.41 16.64 16.82 17.00 17.15 17.30 17.45 17.56 17.75 18.02 18.30 18.56 18.79 19.01 19.19 19.34 19.30 19.53 19.73 19.74 19.83 19.96 20.07 20.15 20.24 20.36 20.46 20.54 20.63 20.68 20.71 20.76 20.89 20.83 20.73 20.55 20.27 20.16 20.17 20.30
17.42 17.36 16.84 16.97 16.78 16.65 16.35 16.24 16.13 15.64 15.90 15.78 15.34 15.14 15.50 15.53 15.19 14.88 15.69 15.14 15.20 14.97 15.61 15.47 15.42 15.60 15.74 16.11 15.78 15.58 15.67 15.63 15.85 15.96 16.24 16.25 16.26 16.32 16.42 16.62 16.80 16.96 17.10 17.27 17.49 17.67 17.85 18.05 18.26 18.42 18.62 18.97 19.18 19.32 19.38 19.48 19.72 19.77 19.85 19.90 19.97 20.07 20.20 20.29 20.39 20.48 20.55 20.59 20.68 20.66 20.87 20.84 20.64 20.28 20.31 20.28 20.26 20.22
