main/data/pressure/05.08.2023.grid
ncols 886
nrows 691
xllcenter 112.0000
yllcenter -44.5000
cellsize 0.0500
nodata_value 99999.90
[rows 315 to 349 of 691, columns 780 to 857 of 886]
13.35 13.45 13.54 13.59 13.62 13.66 13.70 13.86 13.76 13.88 14.00 14.07 13.86 13.84 14.09 13.92 14.46 14.53 14.56 14.30 14.41 14.70 14.58 15.12 15.04 15.32 15.49 15.56 15.54 15.84 15.86 15.77 16.08 16.20 16.31 16.36 16.45 16.63 16.85 16.96 17.06 17.01 17.24 17.31 17.36 17.41 17.44 17.48 17.51 17.53 17.56 17.59 17.60 17.63 17.65 17.66 17.69 17.70 17.72 17.74 17.75 17.77 17.78 17.80 17.81 17.83 17.90 18.03 18.16 18.30 18.41 18.53 18.62 18.71 18.80 18.88 18.95 19.02
13.22 13.38 13.44 13.47 13.49 13.61 13.74 13.84 13.84 13.89 13.95 13.98 13.96 13.63 13.93 14.24 14.47 14.36 14.29 14.19 14.32 14.56 14.91 14.69 14.72 15.23 15.49 14.84 15.41 15.80 15.91 15.17 15.95 16.12 16.26 16.32 16.28 16.51 16.72 16.88 17.00 17.09 17.16 17.23 17.28 17.33 17.37 17.41 17.45 17.47 17.50 17.53 17.56 17.59 17.60 17.63 17.65 17.68 17.69 17.71 17.73 17.75 17.76 17.79 17.79 17.81 17.87 18.00 18.13 18.26 18.38 18.49 18.59 18.68 18.77 18.85 18.92 18.99
13.15 13.27 13.35 13.37 13.42 13.56 13.71 13.78 13.87 13.90 13.86 13.67 13.74 13.82 13.84 14.31 14.37 14.25 14.29 14.47 14.60 14.38 14.73 14.04 14.64 15.32 15.49 15.11 15.48 15.66 15.87 15.83 15.40 15.98 16.10 16.29 16.37 16.43 16.60 16.80 16.92 17.02 17.10 17.15 17.19 17.24 17.29 17.34 17.38 17.42 17.45 17.48 17.51 17.54 17.57 17.59 17.62 17.64 17.66 17.68 17.71 17.73 17.75 17.77 17.78 17.80 17.84 17.95 18.09 18.23 18.34 18.46 18.56 18.66 18.74 18.82 18.89 18.95
13.13 13.24 13.28 13.34 13.39 13.53 13.58 13.65 13.81 13.91 13.93 13.87 13.79 13.58 13.78 14.16 14.43 14.55 14.42 14.66 14.60 14.31 14.09 14.23 14.57 14.86 15.07 15.57 15.33 15.77 15.84 15.65 15.92 15.96 16.08 16.22 16.31 16.18 16.52 16.68 16.76 16.95 17.03 17.08 17.12 17.16 17.21 17.27 17.31 17.36 17.39 17.43 17.46 17.50 17.53 17.56 17.58 17.61 17.64 17.66 17.68 17.70 17.72 17.74 17.76 17.79 17.82 17.93 18.06 18.19 18.31 18.42 18.52 18.62 18.71 18.78 18.86 18.93
13.16 13.22 13.27 13.33 13.30 13.38 13.31 13.37 13.64 13.76 13.96 13.78 13.79 13.84 13.87 14.38 14.47 14.60 14.66 14.71 14.68 14.52 14.27 14.75 14.56 14.82 15.10 15.54 15.64 15.56 15.80 15.48 15.77 15.75 16.03 16.12 16.24 16.15 16.44 16.41 16.76 16.84 16.61 16.99 17.04 17.09 17.14 17.20 17.25 17.30 17.34 17.38 17.41 17.45 17.49 17.52 17.55 17.58 17.61 17.63 17.66 17.68 17.71 17.73 17.75 17.77 17.80 17.90 18.03 18.16 18.28 18.39 18.49 18.59 18.67 18.76 18.83 18.89
12.94 12.71 12.90 13.12 13.24 13.18 12.90 13.05 13.43 13.59 13.88 13.86 13.76 13.88 14.07 14.38 14.47 14.56 14.56 14.73 14.72 14.66 14.66 14.83 14.79 14.92 15.20 15.08 15.53 15.66 15.76 15.72 15.73 15.32 15.62 15.99 16.15 16.18 16.18 16.40 16.65 16.50 16.24 16.92 16.98 17.03 17.08 17.14 17.19 17.24 17.28 17.33 17.37 17.41 17.44 17.48 17.52 17.55 17.58 17.61 17.63 17.66 17.68 17.70 17.73 17.75 17.79 17.87 18.00 18.13 18.24 18.36 18.46 18.55 18.65 18.72 18.79 18.87
12.64 12.50 12.89 12.88 13.03 13.25 13.12 13.17 13.41 13.76 13.67 13.48 13.79 13.77 14.11 14.39 14.39 14.07 14.00 14.35 14.81 14.80 14.73 14.72 14.96 15.01 15.14 15.38 15.53 15.57 15.68 15.75 15.76 15.68 15.66 15.75 16.04 16.20 16.32 16.45 16.57 16.57 16.27 16.85 16.91 16.97 17.02 17.08 17.13 17.18 17.24 17.28 17.32 17.37 17.41 17.44 17.48 17.52 17.55 17.58 17.60 17.63 17.67 17.69 17.71 17.74 17.77 17.84 17.97 18.10 18.21 18.32 18.43 18.52 18.61 18.69 18.77 18.83
12.70 12.70 12.75 12.73 12.90 13.09 13.26 13.34 13.61 13.82 13.65 13.71 13.60 13.81 14.24 14.26 14.36 14.21 14.11 14.30 14.60 14.87 14.39 14.95 15.14 14.45 15.24 15.38 15.31 15.50 15.62 15.67 15.62 15.53 15.57 15.76 15.43 15.80 16.19 16.34 16.46 16.61 16.72 16.79 16.85 16.91 16.97 17.03 17.08 17.13 17.19 17.23 17.28 17.32 17.36 17.41 17.44 17.48 17.52 17.55 17.58 17.61 17.64 17.67 17.69 17.71 17.75 17.81 17.93 18.06 18.18 18.29 18.39 18.49 18.57 18.66 18.73 18.80
12.90 12.94 12.99 12.63 12.89 13.15 13.38 13.61 13.72 13.74 13.82 13.84 13.70 13.98 14.06 14.35 14.42 14.40 14.23 14.16 14.38 14.76 14.91 15.01 15.12 14.94 14.53 14.38 15.02 15.41 15.51 15.47 15.18 15.60 15.71 15.78 15.72 15.97 16.13 16.18 16.45 16.38 16.51 16.73 16.80 16.85 16.92 16.97 17.03 17.09 17.14 17.19 17.24 17.28 17.33 17.36 17.41 17.45 17.48 17.52 17.55 17.58 17.62 17.64 17.67 17.69 17.73 17.78 17.90 18.03 18.15 18.26 18.35 18.45 18.54 18.62 18.70 18.77
12.46 12.63 12.69 13.09 13.06 13.28 13.54 13.48 13.51 13.59 13.63 13.88 13.93 14.04 14.00 14.20 14.39 14.48 14.27 13.92 14.38 14.64 14.83 14.84 15.04 14.51 14.31 15.09 15.24 15.37 15.29 15.21 15.37 15.65 15.66 15.51 15.22 15.27 16.10 15.99 16.36 16.52 16.60 16.68 16.74 16.80 16.86 16.92 16.98 17.03 17.09 17.14 17.19 17.24 17.29 17.33 17.37 17.42 17.45 17.49 17.53 17.56 17.58 17.61 17.65 17.67 17.70 17.74 17.86 17.99 18.11 18.22 18.32 18.41 18.50 18.59 18.66 18.74
12.55 12.74 13.00 13.08 13.24 13.32 13.55 13.46 13.47 13.45 13.63 13.88 14.06 13.95 13.73 14.06 14.28 14.46 14.51 14.52 14.47 14.55 14.57 14.49 14.66 14.88 14.29 14.99 14.62 15.30 14.72 14.90 15.46 15.43 15.69 15.70 14.86 15.99 16.03 16.25 16.37 16.28 16.55 16.62 16.69 16.74 16.81 16.87 16.92 16.98 17.04 17.09 17.15 17.20 17.24 17.29 17.33 17.38 17.42 17.45 17.49 17.52 17.55 17.59 17.62 17.64 17.67 17.71 17.82 17.94 18.06 18.17 18.28 18.38 18.47 18.55 18.63 18.70
12.62 12.77 12.91 13.04 13.23 13.42 13.54 13.40 13.49 13.54 13.72 13.80 13.97 14.09 14.08 14.10 14.07 14.41 14.50 14.57 14.53 14.62 14.57 14.57 14.21 14.48 14.19 14.25 14.56 15.07 14.35 15.18 15.31 15.41 15.64 15.63 15.35 15.54 15.44 16.19 16.34 16.42 16.50 16.57 16.63 16.69 16.75 16.81 16.88 16.93 16.99 17.05 17.09 17.15 17.20 17.25 17.30 17.33 17.38 17.42 17.45 17.49 17.52 17.55 17.58 17.60 17.63 17.67 17.78 17.90 18.02 18.14 18.24 18.33 18.43 18.51 18.59 18.66
12.53 12.68 12.98 13.07 13.16 13.26 13.53 13.35 13.39 13.38 13.56 13.69 13.83 14.04 13.80 13.96 14.00 14.34 14.39 14.45 14.61 14.56 14.54 14.38 14.41 14.50 14.38 14.30 14.01 14.12 15.11 15.29 15.39 15.47 15.57 15.67 15.74 15.64 15.69 16.07 16.28 16.37 16.45 16.50 16.57 16.63 16.69 16.76 16.82 16.87 16.94 17.00 17.04 17.10 17.16 17.20 17.25 17.29 17.34 17.37 17.41 17.45 17.48 17.51 17.54 17.57 17.59 17.63 17.72 17.84 17.97 18.08 18.19 18.29 18.39 18.48 18.55 18.63
12.43 12.69 12.97 13.06 13.12 13.22 13.51 13.41 13.47 13.33 13.49 13.47 13.71 14.03 13.98 13.96 13.80 14.10 14.31 14.42 14.56 14.63 14.40 14.47 14.28 14.13 14.54 14.44 14.09 14.63 14.91 15.25 14.67 15.41 15.51 15.37 15.67 15.46 15.79 15.89 16.15 16.32 16.29 16.45 16.51 16.56 16.63 16.69 16.76 16.82 16.87 16.94 17.00 17.05 17.10 17.16 17.20 17.25 17.29 17.32 17.37 17.40 17.43 17.46 17.49 17.52 17.55 17.58 17.65 17.79 17.91 18.03 18.14 18.25 18.33 18.43 18.51 18.58
12.61 12.85 12.91 13.00 13.03 13.09 13.36 13.59 13.70 13.62 13.45 13.43 13.37 13.95 14.03 14.13 14.12 13.89 14.15 14.46 14.54 14.60 14.01 14.44 14.44 14.27 14.24 14.09 14.22 14.98 15.08 15.09 14.77 15.33 15.42 15.55 15.35 15.28 15.40 15.55 15.89 16.05 16.24 16.37 16.43 16.50 16.56 16.63 16.70 16.76 16.81 16.88 16.94 16.99 17.05 17.10 17.15 17.19 17.24 17.27 17.31 17.34 17.39 17.42 17.44 17.46 17.49 17.51 17.59 17.71 17.84 17.96 18.08 18.18 18.29 18.38 18.47 18.54
12.72 12.79 12.84 12.86 12.77 12.83 13.07 13.32 13.35 13.55 13.60 13.58 13.53 13.81 13.94 14.03 14.15 13.96 14.07 14.44 14.54 14.58 14.41 14.52 14.12 14.13 14.37 13.94 14.08 14.51 15.13 15.17 15.23 15.01 15.15 15.50 15.44 15.63 15.06 15.94 15.76 15.95 16.22 16.29 16.36 16.42 16.49 16.56 16.62 16.69 16.76 16.81 16.87 16.94 16.98 17.04 17.09 17.13 17.18 17.22 17.25 17.29 17.32 17.35 17.38 17.41 17.42 17.45 17.50 17.63 17.77 17.89 18.01 18.13 18.23 18.33 18.41 18.50
12.60 12.75 12.80 12.60 12.65 12.74 12.79 13.10 13.34 13.30 13.52 13.96 13.66 13.67 13.76 13.97 14.12 14.16 14.10 14.26 14.52 14.52 14.27 14.44 14.07 14.49 14.52 14.12 14.12 14.46 14.94 14.19 14.96 15.00 15.21 15.47 15.30 14.99 15.36 15.95 15.79 16.08 16.10 16.23 16.29 16.35 16.42 16.48 16.55 16.61 16.68 16.75 16.80 16.86 16.92 16.97 17.02 17.07 17.11 17.15 17.19 17.22 17.26 17.29 17.31 17.33 17.35 17.38 17.41 17.54 17.68 17.82 17.94 18.06 18.17 18.28 18.36 18.45
12.36 12.54 12.72 12.65 12.68 12.69 12.63 12.69 13.18 13.23 13.23 13.76 13.77 13.54 13.67 13.93 14.07 13.91 13.82 14.17 14.47 14.33 14.36 14.56 14.48 14.71 14.01 13.87 14.11 14.24 14.38 14.54 14.54 14.85 15.24 15.38 15.38 14.91 15.34 15.80 15.74 16.05 16.14 16.17 16.21 16.27 16.33 16.40 16.47 16.54 16.61 16.68 16.73 16.80 16.85 16.91 16.95 16.99 17.05 17.09 17.12 17.15 17.18 17.21 17.23 17.26 17.28 17.30 17.33 17.43 17.59 17.73 17.86 17.99 18.11 18.22 18.31 18.40
12.57 12.63 12.66 12.77 12.80 12.85 12.70 12.77 12.95 13.12 13.17 13.40 13.42 13.56 13.74 13.92 13.86 13.92 14.21 14.37 14.40 14.39 13.96 14.23 14.85 14.43 14.26 14.39 14.34 14.37 14.11 14.19 14.15 15.20 15.29 15.17 15.35 14.74 15.24 15.71 15.65 15.93 16.02 16.07 16.11 16.17 16.23 16.31 16.39 16.46 16.54 16.60 16.66 16.72 16.78 16.83 16.88 16.92 16.97 17.01 17.04 17.08 17.11 17.13 17.16 17.18 17.20 17.21 17.24 17.32 17.48 17.63 17.78 17.91 18.04 18.14 18.25 18.35
12.52 12.53 12.66 12.70 12.64 12.57 12.73 12.57 12.64 12.80 13.13 13.48 13.25 13.48 13.75 13.79 13.82 14.16 14.21 14.21 14.23 14.33 14.41 14.55 14.92 14.38 14.12 13.63 14.63 14.35 14.07 13.66 13.87 14.15 15.21 14.56 14.84 15.30 15.17 15.55 15.70 15.72 15.82 15.94 15.99 16.07 16.13 16.22 16.30 16.38 16.46 16.52 16.59 16.65 16.70 16.76 16.81 16.85 16.89 16.93 16.97 16.99 17.03 17.05 17.08 17.10 17.12 17.13 17.15 17.20 17.36 17.53 17.68 17.83 17.96 18.08 18.19 18.29
12.51 12.57 12.58 12.71 12.77 12.71 12.68 12.65 12.79 12.69 12.88 12.97 13.41 13.49 13.38 13.77 13.98 14.10 14.00 14.00 14.18 14.47 14.76 14.80 14.93 14.91 14.46 14.75 14.54 14.28 14.02 13.80 14.02 14.56 14.91 14.27 14.22 15.28 15.33 15.41 15.32 15.67 15.65 15.79 15.86 15.95 16.04 16.13 16.22 16.29 16.37 16.45 16.51 16.58 16.63 16.68 16.73 16.77 16.81 16.85 16.89 16.91 16.95 16.97 17.00 17.02 17.04 17.05 17.07 17.10 17.23 17.41 17.58 17.73 17.88 18.01 18.12 18.23
12.48 12.54 12.63 12.69 12.71 12.78 12.77 12.71 12.92 12.96 12.26 12.69 13.09 13.37 13.69 13.77 13.91 14.02 13.79 13.83 14.07 14.30 14.24 14.35 14.50 14.87 14.59 14.27 14.29 14.43 14.03 13.95 14.15 14.43 14.86 14.60 14.97 15.14 15.18 15.25 15.50 15.47 15.62 15.62 15.76 15.85 15.95 16.04 16.13 16.22 16.29 16.37 16.43 16.50 16.55 16.60 16.65 16.69 16.74 16.77 16.81 16.84 16.87 16.89 16.91 16.93 16.95 16.96 16.98 17.00 17.10 17.28 17.46 17.63 17.79 17.93 18.06 18.17
12.46 12.51 12.61 12.67 12.76 12.78 12.76 12.78 12.92 12.81 12.91 12.16 12.98 13.15 13.49 13.60 13.80 13.82 13.55 13.64 14.13 14.29 14.22 14.20 14.43 14.70 14.96 14.71 14.24 14.11 14.82 13.83 14.94 14.74 13.80 14.57 14.17 15.16 14.84 15.21 15.46 15.49 15.55 15.59 15.67 15.77 15.87 15.96 16.05 16.14 16.23 16.30 16.37 16.43 16.48 16.53 16.57 16.62 16.66 16.70 16.73 16.76 16.79 16.81 16.83 16.85 16.87 16.89 16.90 16.92 16.97 17.15 17.35 17.53 17.69 17.85 17.98 18.11
12.43 12.51 12.59 12.68 12.77 12.77 12.72 12.84 12.95 12.97 12.53 12.28 11.93 12.82 13.37 13.46 13.59 13.64 13.52 13.81 14.12 13.87 13.96 13.97 14.46 14.78 14.87 14.79 14.34 14.78 14.69 14.88 14.74 14.62 14.94 14.88 15.07 14.68 14.84 15.33 15.29 15.44 15.48 15.54 15.60 15.69 15.79 15.89 15.99 16.07 16.16 16.23 16.30 16.36 16.41 16.45 16.51 16.54 16.58 16.62 16.66 16.68 16.72 16.74 16.76 16.78 16.79 16.81 16.83 16.84 16.87 17.02 17.23 17.42 17.61 17.76 17.91 18.04
12.41 12.48 12.57 12.63 12.75 12.79 12.72 12.83 13.06 12.92 13.08 13.00 12.77 12.53 13.26 12.96 13.46 13.82 13.93 14.00 13.72 13.88 14.27 14.50 14.26 14.59 14.79 14.87 14.83 14.79 14.67 14.88 14.85 14.96 14.95 14.97 14.94 14.99 15.09 15.23 15.20 15.36 15.41 15.47 15.54 15.63 15.72 15.82 15.92 16.01 16.09 16.17 16.23 16.29 16.35 16.39 16.44 16.48 16.52 16.55 16.58 16.62 16.64 16.66 16.69 16.71 16.73 16.74 16.76 16.77 16.80 16.90 17.10 17.31 17.50 17.68 17.83 17.97
12.39 12.48 12.58 12.66 12.76 12.83 12.90 12.91 12.72 13.07 13.13 13.15 12.87 12.95 12.79 13.24 13.55 13.61 13.79 13.70 13.52 14.02 13.90 14.25 14.58 14.65 14.78 14.85 14.82 13.90 13.90 14.82 14.89 13.82 14.79 14.45 14.85 14.83 14.76 15.08 15.22 15.24 15.34 15.38 15.47 15.56 15.65 15.76 15.85 15.95 16.04 16.10 16.17 16.23 16.28 16.32 16.38 16.41 16.45 16.48 16.52 16.55 16.58 16.60 16.63 16.64 16.66 16.68 16.69 16.71 16.73 16.78 16.97 17.20 17.40 17.59 17.75 17.91
12.37 12.47 12.56 12.65 12.73 12.82 12.84 12.81 13.06 13.09 13.22 13.24 12.83 13.35 13.05 12.97 13.15 13.47 13.31 13.41 13.95 14.05 13.91 14.45 13.80 14.65 13.89 14.41 14.73 14.75 14.49 14.71 13.98 14.58 14.09 13.99 14.59 14.95 14.87 15.11 15.11 15.18 15.26 15.31 15.40 15.49 15.59 15.69 15.71 15.79 15.97 16.04 16.11 16.17 16.22 16.26 16.32 16.36 16.39 16.42 16.46 16.49 16.51 16.54 16.56 16.59 16.61 16.62 16.64 16.66 16.67 16.71 16.86 17.09 17.31 17.50 17.67 17.83
12.34 12.45 12.55 12.64 12.74 12.79 12.86 12.98 13.09 13.08 12.90 13.14 13.12 13.35 13.28 13.19 13.18 13.47 13.65 13.57 13.97 13.83 14.17 14.19 14.38 14.55 14.64 14.72 14.72 14.77 14.52 14.77 14.13 13.43 13.69 13.83 13.99 14.46 14.79 14.94 15.09 15.10 15.18 15.24 15.31 15.42 15.52 15.62 15.25 15.82 15.91 15.98 16.05 16.11 16.16 16.21 16.26 16.30 16.33 16.37 16.40 16.44 16.46 16.49 16.52 16.54 16.55 16.58 16.59 16.61 16.62 16.65 16.74 16.97 17.20 17.41 17.60 17.77
12.33 12.43 12.55 12.66 12.75 12.85 12.95 13.03 13.06 13.09 13.16 13.13 13.21 13.33 13.28 13.22 13.17 13.06 13.45 13.77 13.83 13.86 13.95 13.90 14.08 14.30 14.64 14.56 14.16 14.65 14.75 14.74 14.73 14.25 13.64 14.66 13.89 14.15 14.63 14.88 15.00 15.05 15.10 15.17 15.25 15.34 15.44 15.55 15.10 15.76 15.84 15.92 16.00 16.05 16.11 16.16 16.20 16.24 16.28 16.32 16.35 16.39 16.42 16.45 16.46 16.49 16.51 16.53 16.55 16.57 16.59 16.61 16.66 16.87 17.11 17.33 17.52 17.70
12.32 12.42 12.54 12.64 12.76 12.87 12.95 13.04 13.11 13.18 13.23 13.27 13.35 13.38 13.24 13.23 13.18 13.19 13.55 13.21 13.57 13.34 13.18 13.74 14.04 13.59 14.48 14.48 14.55 14.53 14.70 14.54 14.25 13.63 13.28 14.25 14.64 14.40 14.65 14.82 14.83 14.96 15.01 15.08 15.17 15.27 15.38 15.48 15.34 15.70 15.78 15.87 15.95 16.00 16.07 16.11 16.17 16.21 16.24 16.28 16.31 16.34 16.37 16.40 16.43 16.45 16.48 16.50 16.51 16.54 16.55 16.57 16.61 16.77 17.01 17.24 17.45 17.64
12.31 12.42 12.53 12.62 12.75 12.85 12.94 13.02 13.11 13.15 13.18 13.17 13.31 13.38 13.39 13.38 13.37 13.41 13.26 13.15 13.41 13.56 13.67 13.79 13.89 14.17 14.29 14.13 14.15 14.60 14.64 14.58 14.41 13.37 14.10 13.55 14.14 14.57 14.68 14.66 14.74 14.84 14.83 15.00 15.09 15.20 15.31 15.42 15.30 15.64 15.74 15.83 15.90 15.97 16.03 16.08 16.12 16.17 16.20 16.24 16.28 16.31 16.34 16.37 16.39 16.42 16.44 16.47 16.49 16.51 16.53 16.55 16.58 16.69 16.93 17.17 17.39 17.57
12.30 12.42 12.52 12.61 12.73 12.82 12.92 13.01 13.10 13.16 13.21 13.23 13.20 13.29 13.26 13.20 13.44 13.42 13.41 13.31 13.21 13.30 13.48 13.41 13.64 13.62 14.27 14.24 14.09 14.31 14.19 14.64 14.11 13.95 13.58 13.59 13.16 13.87 14.54 14.63 14.74 14.74 14.84 14.92 15.02 15.14 15.26 15.38 15.44 15.60 15.71 15.80 15.87 15.93 15.99 16.04 16.09 16.13 16.17 16.21 16.24 16.28 16.31 16.34 16.37 16.39 16.42 16.45 16.47 16.49 16.51 16.53 16.55 16.62 16.85 17.10 17.31 17.51
12.28 12.37 12.50 12.58 12.71 12.83 12.91 12.99 13.07 13.16 13.23 13.27 13.20 13.36 13.26 13.34 13.34 13.42 13.41 13.30 13.34 13.25 13.17 13.23 13.34 13.89 14.21 14.21 14.00 14.36 14.41 14.57 14.58 14.02 13.77 13.20 13.63 13.86 14.60 14.61 14.57 14.64 14.73 14.83 14.95 15.07 15.21 15.33 15.45 15.57 15.68 15.77 15.85 15.91 15.97 16.01 16.06 16.10 16.14 16.18 16.22 16.25 16.28 16.32 16.35 16.37 16.40 16.42 16.45 16.47 16.49 16.51 16.54 16.59 16.79 17.02 17.26 17.46
12.28 12.26 12.43 12.58 12.70 12.82 12.90 12.98 13.05 13.11 13.19 13.29 13.31 13.34 13.37 13.40 13.41 13.33 13.38 13.31 13.43 13.29 13.15 12.96 13.59 14.17 14.29 14.48 14.54 14.48 14.52 14.47 14.54 13.92 14.11 13.38 13.49 14.40 14.23 14.41 14.45 14.51 14.64 14.76 14.90 15.04 15.17 15.31 15.43 15.42 15.66 15.76 15.83 15.89 15.94 15.99 16.03 16.08 16.12 16.16 16.20 16.23 16.27 16.30 16.33 16.36 16.39 16.41 16.44 16.47 16.49 16.51 16.53 16.57 16.72 16.97 17.20 17.41
12.25 12.21 12.37 12.56 12.69 12.81 12.89 12.98 13.03 13.04 13.15 13.23 13.17 13.32 13.36 13.29 13.42 13.08 13.29 13.26 13.51 13.96 13.80 13.39 13.88 13.85 14.00 14.45 14.43 14.53 14.49 14.51 14.31 14.47 14.04 13.77 13.68 13.85 14.04 14.01 14.36 14.55 14.61 14.69 14.86 15.02 15.15 15.29 15.41 15.28 15.24 15.70 15.80 15.86 15.91 15.96 16.01 16.05 16.10 16.13 16.18 16.22 16.25 16.29 16.31 16.35 16.38 16.40 16.44 16.46 16.49 16.51 16.53 16.57 16.68 16.92 17.16 17.36
