main/data/pressure/05.01.2023.grid
ncols 886
nrows 691
xllcenter 112.0000
yllcenter -44.5000
cellsize 0.0500
nodata_value 99999.90
[rows 360 to 395 of 691, columns 160 to 239 of 886]
11.79 11.82 11.79 11.68 11.54 11.28 11.16 11.23 11.28 11.24 11.12 11.02 11.10 11.15 11.17 11.19 11.08 11.02 11.02 11.00 11.09 11.16 11.15 11.16 11.21 11.21 11.19 11.15 11.14 11.20 11.22 11.22 11.21 11.22 11.20 11.17 11.07 10.97 10.92 10.90 10.87 10.95 10.96 11.04 11.04 11.05 11.15 11.04 11.11 11.21 11.32 11.35 11.29 11.23 11.18 11.16 11.29 11.41 11.47 11.66 11.82 11.84 11.82 11.87 11.98 12.10 12.04 11.68 11.61 12.04 12.27 12.37 12.38 12.30 12.25 12.31 12.42 12.57 12.71 12.78
11.87 11.90 11.89 11.76 11.63 11.46 11.37 11.48 11.45 11.42 11.28 11.15 11.16 11.16 11.10 11.14 10.98 10.96 11.06 11.08 11.11 11.14 11.15 11.16 11.14 11.13 11.14 11.16 11.16 11.14 11.12 11.11 11.12 11.14 11.15 11.12 11.02 10.91 10.80 10.70 10.94 10.94 10.99 11.10 11.09 11.21 11.18 10.97 11.00 11.12 11.26 11.33 11.26 11.20 11.15 11.11 11.29 11.45 11.51 11.60 11.68 11.71 11.70 11.73 11.83 11.97 12.08 12.12 11.89 12.04 12.20 12.28 12.26 12.23 12.18 12.17 12.18 12.37 12.50 12.63
11.93 11.98 11.99 11.87 11.74 11.63 11.58 11.59 11.56 11.47 11.27 11.36 11.25 11.07 10.96 11.00 10.95 10.92 11.01 11.00 10.98 11.06 11.07 11.05 11.03 10.99 11.01 11.05 11.06 11.01 10.96 10.96 10.98 11.02 11.05 11.06 11.02 10.97 10.90 10.90 10.98 11.01 11.06 11.13 11.17 11.18 11.13 11.01 10.99 11.07 11.19 11.30 11.30 11.28 11.24 11.20 11.27 11.41 11.47 11.52 11.57 11.58 11.59 11.62 11.69 11.83 11.97 12.06 12.04 12.06 12.14 12.19 12.15 12.16 12.11 12.07 12.14 12.31 12.45 12.52
12.10 12.09 12.08 11.97 11.85 11.77 11.75 11.71 11.69 11.63 11.54 11.23 11.35 11.00 11.04 11.01 10.91 10.80 10.84 10.89 10.69 11.02 10.97 10.92 10.88 10.85 10.88 10.94 10.94 10.88 10.82 10.80 10.83 10.89 10.96 11.05 11.01 11.04 11.02 11.06 11.06 11.09 11.11 11.15 11.16 11.18 11.17 11.02 10.94 11.01 11.11 11.22 11.31 11.36 11.35 11.30 11.30 11.38 11.41 11.43 11.45 11.45 11.46 11.50 11.56 11.68 11.82 11.94 12.03 12.04 12.09 12.11 12.02 11.99 12.02 11.96 12.09 12.27 12.38 12.33
12.20 12.19 12.17 12.10 12.03 11.96 11.91 11.86 11.82 11.76 11.64 11.50 11.45 11.32 11.22 11.10 11.02 10.93 10.89 10.88 10.84 10.92 10.83 10.79 10.77 10.75 10.78 10.82 10.84 10.76 10.66 10.65 10.67 10.75 10.86 10.93 10.95 11.04 11.01 11.04 11.08 11.10 11.12 11.15 11.15 11.17 11.15 11.02 10.89 10.91 11.03 11.14 11.20 11.25 11.33 11.39 11.38 11.37 11.36 11.34 11.33 11.32 11.30 11.35 11.44 11.55 11.69 11.81 11.93 12.00 12.02 11.98 11.84 11.63 11.81 11.85 11.96 12.13 12.26 12.25
12.21 12.26 12.24 12.22 12.17 12.12 12.06 12.00 11.95 11.88 11.76 11.67 11.56 11.44 11.36 11.12 11.16 11.07 11.01 10.97 10.95 10.87 10.68 10.67 10.68 10.68 10.69 10.72 10.75 10.68 10.54 10.51 10.54 10.63 10.77 10.85 10.88 10.94 10.96 10.99 11.02 11.05 11.13 11.14 11.14 11.16 11.16 11.06 10.94 10.84 10.99 11.08 11.08 11.07 11.14 11.28 11.38 11.35 11.30 11.27 11.23 11.20 11.16 11.20 11.33 11.45 11.58 11.68 11.82 11.92 11.95 11.91 11.81 11.76 11.71 11.74 11.80 12.01 12.16 12.15
12.35 12.32 12.27 12.24 12.21 12.17 12.12 12.07 12.02 11.95 11.85 11.76 11.66 11.54 11.45 11.21 11.22 11.18 11.10 11.05 10.98 10.86 10.68 10.61 10.62 10.62 10.63 10.62 10.61 10.54 10.43 10.41 10.48 10.59 10.71 10.77 10.76 10.84 10.88 10.89 10.93 10.95 11.02 11.10 11.14 11.14 11.13 11.08 11.01 10.96 10.98 11.00 11.01 11.09 11.15 11.26 11.36 11.34 11.27 11.20 11.13 11.12 11.12 11.17 11.29 11.42 11.52 11.62 11.74 11.83 11.85 11.83 11.78 11.71 11.68 11.72 11.82 11.95 12.02 12.00
12.47 12.37 12.28 12.21 12.20 12.16 12.11 12.06 12.03 12.00 11.92 11.83 11.73 11.63 11.52 11.41 11.35 11.26 11.18 11.10 11.02 10.93 10.75 10.64 10.62 10.62 10.60 10.55 10.50 10.43 10.31 10.27 10.42 10.59 10.66 10.69 10.53 10.73 10.79 10.80 10.85 10.87 10.94 11.05 11.10 11.09 11.10 11.07 11.06 11.03 10.98 10.95 10.95 11.06 11.18 11.28 11.34 11.32 11.25 11.16 11.07 11.06 11.10 11.16 11.25 11.36 11.45 11.56 11.67 11.77 11.76 11.76 11.71 11.63 11.62 11.69 11.80 11.86 11.86 11.86
12.49 12.39 12.26 12.18 12.13 12.10 12.07 12.06 12.04 11.99 11.91 11.84 11.76 11.67 11.59 11.50 11.40 11.31 11.23 11.14 11.03 10.89 10.74 10.67 10.67 10.65 10.61 10.55 10.47 10.39 10.26 10.10 10.37 10.57 10.53 10.46 10.39 10.57 10.71 10.78 10.84 10.88 10.95 11.04 11.03 10.98 11.00 11.01 11.03 11.01 10.97 11.00 11.03 11.09 11.18 11.25 11.30 11.29 11.23 11.12 11.03 11.02 11.07 11.13 11.15 11.24 11.39 11.49 11.57 11.63 11.64 11.63 11.59 11.55 11.55 11.60 11.67 11.71 11.72 11.77
12.51 12.38 12.23 12.14 12.09 12.03 12.06 12.06 12.03 11.98 11.88 11.82 11.75 11.67 11.62 11.56 11.43 11.35 11.27 11.18 11.04 10.85 10.68 10.76 10.74 10.70 10.62 10.54 10.47 10.41 10.36 10.29 10.40 10.49 10.39 10.37 10.45 10.58 10.68 10.75 10.83 10.89 10.97 11.03 10.90 10.84 10.94 10.93 11.02 10.98 10.90 11.00 11.03 11.11 11.16 11.21 11.25 11.27 11.23 11.11 10.96 10.97 11.04 11.12 11.26 11.36 11.39 11.42 11.47 11.51 11.52 11.49 11.47 11.46 11.48 11.52 11.55 11.61 11.62 11.70
12.47 12.35 12.22 12.13 12.10 12.08 12.08 12.06 12.00 11.88 11.80 11.75 11.68 11.59 11.51 11.49 11.47 11.38 11.26 11.20 11.06 10.83 10.53 10.72 10.76 10.66 10.56 10.46 10.36 10.32 10.33 10.27 10.25 10.33 10.37 10.42 10.50 10.58 10.64 10.73 10.81 10.89 10.97 11.00 10.84 10.84 10.95 10.99 10.99 11.03 10.86 10.88 10.91 11.04 11.13 11.09 11.11 11.22 11.23 11.16 11.04 10.94 11.01 11.06 11.25 11.38 11.40 11.40 11.42 11.42 11.41 11.38 11.38 11.41 11.45 11.48 11.52 11.59 11.64 11.70
12.47 12.38 12.22 12.14 12.14 12.14 12.13 12.07 11.97 11.82 11.72 11.69 11.62 11.51 11.36 11.40 11.40 11.38 11.31 11.23 11.12 10.99 10.79 10.82 10.74 10.60 10.49 10.39 10.23 10.21 10.33 10.22 10.05 10.23 10.36 10.43 10.45 10.48 10.52 10.70 10.79 10.87 10.97 11.02 10.99 10.90 11.06 11.11 11.09 11.03 10.74 10.81 10.90 11.03 11.14 11.18 11.20 11.22 11.24 11.25 11.14 11.03 11.13 11.17 11.30 11.40 11.40 11.39 11.37 11.36 11.32 11.29 11.30 11.37 11.45 11.47 11.50 11.62 11.71 11.69
12.56 12.48 12.36 12.27 12.26 12.25 12.21 12.14 12.04 11.92 11.82 11.74 11.65 11.55 11.45 11.41 11.40 11.36 11.31 11.22 11.13 11.03 10.91 10.82 10.72 10.61 10.53 10.44 10.28 10.27 10.39 10.32 10.25 10.29 10.30 10.31 10.32 10.25 10.35 10.65 10.78 10.88 10.98 11.04 11.07 11.07 11.05 11.11 11.10 11.00 10.81 10.79 10.94 11.07 11.16 11.21 11.25 11.27 11.26 11.25 11.19 11.16 11.23 11.28 11.34 11.39 11.39 11.37 11.32 11.29 11.26 11.24 11.27 11.35 11.42 11.49 11.57 11.69 11.76 11.65
12.69 12.64 12.51 12.44 12.41 12.40 12.33 12.24 12.15 12.07 11.97 11.87 11.76 11.64 11.55 11.46 11.41 11.37 11.31 11.21 11.10 11.02 10.89 10.78 10.65 10.64 10.59 10.57 10.50 10.44 10.47 10.44 10.43 10.39 10.28 10.17 10.26 10.47 10.49 10.69 10.79 10.90 11.00 11.05 11.07 11.01 11.10 11.03 10.91 11.07 11.00 10.98 11.02 11.10 11.12 11.11 11.16 11.19 11.25 11.25 11.17 11.20 11.28 11.34 11.36 11.38 11.34 11.34 11.26 11.22 11.23 11.24 11.27 11.35 11.44 11.52 11.62 11.76 11.75 11.71
12.69 12.76 12.68 12.61 12.55 12.49 12.43 12.35 12.27 12.16 12.07 11.96 11.84 11.72 11.60 11.49 11.41 11.36 11.30 11.18 10.97 10.69 10.88 10.84 10.71 10.64 10.64 10.62 10.59 10.55 10.55 10.53 10.51 10.46 10.34 10.15 10.20 10.46 10.59 10.71 10.79 10.78 10.95 11.06 11.11 11.10 10.78 10.90 10.89 10.91 11.00 11.03 10.99 11.03 11.05 11.03 11.05 11.08 11.16 11.26 11.21 11.24 11.29 11.33 11.34 11.30 11.23 11.16 11.18 11.22 11.27 11.30 11.34 11.41 11.50 11.59 11.71 11.83 11.86 11.89
12.68 12.84 12.81 12.73 12.65 12.56 12.51 12.47 12.35 12.23 12.11 12.01 11.89 11.78 11.66 11.48 11.40 11.36 11.31 11.18 11.01 10.87 10.91 10.91 10.78 10.76 10.68 10.64 10.64 10.63 10.62 10.60 10.58 10.56 10.53 10.42 10.41 10.54 10.64 10.74 10.78 10.59 10.95 11.07 11.06 11.07 11.09 10.88 10.99 11.13 10.98 11.05 11.04 11.01 11.02 10.98 10.96 10.96 11.05 11.19 11.26 11.27 11.29 11.32 11.32 11.26 11.14 10.98 11.12 11.25 11.34 11.40 11.44 11.50 11.58 11.64 11.78 11.88 11.91 11.95
12.93 12.95 12.89 12.81 12.70 12.61 12.51 12.43 12.33 12.23 12.11 11.99 11.88 11.79 11.69 11.55 11.45 11.38 11.29 11.19 11.11 11.06 11.00 10.94 10.81 10.82 10.57 10.61 10.69 10.66 10.67 10.69 10.66 10.67 10.69 10.63 10.58 10.61 10.68 10.80 10.88 10.88 11.02 11.03 10.88 11.00 11.11 11.07 11.11 11.17 11.16 11.17 11.06 11.09 10.93 10.90 10.83 10.91 11.02 11.11 11.14 11.20 11.23 11.28 11.34 11.29 11.20 11.13 11.18 11.30 11.41 11.52 11.61 11.63 11.64 11.74 11.78 11.74 11.77 11.88
13.05 13.02 12.94 12.83 12.72 12.60 12.48 12.35 12.30 12.20 12.04 11.90 11.80 11.74 11.67 11.57 11.48 11.35 11.25 11.17 11.12 11.08 11.03 10.98 10.93 10.88 10.63 10.69 10.73 10.63 10.71 10.75 10.75 10.74 10.75 10.71 10.67 10.63 10.61 10.75 10.87 10.95 11.05 11.04 10.90 11.04 11.22 11.14 11.16 11.23 11.23 11.21 11.15 11.06 10.90 10.95 10.87 10.96 11.04 11.09 11.11 11.15 11.17 11.21 11.30 11.35 11.29 11.25 11.24 11.34 11.49 11.58 11.69 11.71 11.72 11.72 11.58 11.62 11.66 11.80
13.17 13.09 12.96 12.82 12.70 12.58 12.46 12.35 12.27 12.18 12.01 11.85 11.75 11.70 11.64 11.52 11.39 11.26 11.15 11.10 11.07 11.04 11.00 10.96 10.95 10.91 10.71 10.71 10.81 10.50 10.78 10.84 10.83 10.81 10.73 10.62 10.72 10.68 10.61 10.69 10.84 10.95 11.05 11.10 11.11 11.14 11.21 11.17 11.21 11.26 11.23 11.14 10.96 10.70 10.90 11.00 11.02 11.08 11.12 11.14 11.12 11.18 11.26 11.22 11.26 11.36 11.32 11.29 11.28 11.38 11.55 11.65 11.64 11.62 11.64 11.66 11.61 11.63 11.70 11.65
13.00 13.14 12.96 12.79 12.64 12.52 12.42 12.33 12.25 12.17 11.97 11.77 11.68 11.69 11.62 11.48 11.32 11.16 11.02 10.98 11.00 10.98 10.93 10.90 10.92 10.94 10.94 10.91 10.89 10.87 10.86 10.90 10.90 10.88 10.85 10.74 10.79 10.76 10.59 10.72 10.88 10.98 11.05 11.10 11.14 11.18 11.22 11.21 11.24 11.25 11.21 11.08 10.84 10.66 10.82 11.01 11.02 11.03 11.09 11.21 11.21 11.27 11.34 11.26 11.23 11.33 11.39 11.26 11.34 11.44 11.60 11.56 11.49 11.48 11.53 11.59 11.57 11.59 11.63 11.55
13.15 13.13 12.95 12.79 12.65 12.50 12.38 12.26 12.18 12.10 11.95 11.78 11.69 11.69 11.59 11.40 11.23 11.08 10.95 10.92 10.96 10.91 10.87 10.84 10.86 10.89 10.92 10.94 10.92 10.91 10.95 10.95 10.96 10.95 10.91 10.72 10.77 10.80 10.64 10.76 10.89 10.96 11.00 10.98 11.03 11.13 11.19 11.24 11.26 11.24 11.18 11.06 10.82 10.69 10.78 10.85 10.89 10.94 11.02 11.21 11.32 11.33 11.30 11.22 11.20 11.25 11.36 11.43 11.46 11.53 11.57 11.45 11.39 11.45 11.52 11.50 11.46 11.49 11.56 11.56
13.27 13.15 12.98 12.86 12.70 12.51 12.34 12.17 12.09 12.04 11.92 11.81 11.75 11.64 11.53 11.31 11.12 11.01 10.94 10.90 10.88 10.84 10.83 10.81 10.82 10.87 10.91 10.93 10.87 10.78 10.82 10.96 11.01 11.02 11.02 10.76 10.76 10.86 10.80 10.79 10.87 10.93 10.97 11.02 11.09 11.14 11.18 11.23 11.25 11.22 11.11 11.07 10.92 10.85 10.81 10.77 10.83 11.00 11.13 11.27 11.28 11.22 11.21 11.16 11.11 11.12 11.21 11.28 11.49 11.55 11.48 11.33 11.29 11.41 11.46 11.41 11.33 11.38 11.50 11.49
13.26 13.17 13.08 12.94 12.69 12.50 12.31 12.13 11.99 11.91 11.82 11.75 11.66 11.56 11.41 11.21 11.03 10.97 10.95 10.93 10.89 10.84 10.82 10.79 10.81 10.85 10.90 10.89 10.80 10.73 10.88 10.97 11.02 11.05 11.08 10.92 10.80 10.90 10.90 10.86 10.87 10.90 10.94 10.98 11.06 11.12 11.17 11.21 11.23 11.16 10.96 10.90 10.93 10.92 10.89 10.87 10.94 11.09 11.22 11.31 11.25 11.16 11.18 11.12 11.03 11.04 11.17 11.31 11.48 11.51 11.40 11.26 11.23 11.32 11.38 11.35 11.31 11.37 11.47 11.43
13.19 13.08 12.95 12.91 12.74 12.51 12.31 12.12 11.95 11.80 11.75 11.68 11.61 11.52 11.35 11.16 10.95 10.98 11.01 11.00 10.93 10.87 10.82 10.79 10.80 10.83 10.87 10.85 10.78 10.81 10.92 10.98 11.03 11.08 11.10 11.00 10.73 10.96 10.98 10.91 10.90 10.89 10.88 10.88 10.92 11.06 11.17 11.21 11.24 11.20 11.12 11.05 11.00 10.97 10.96 10.97 11.02 11.13 11.25 11.32 11.29 11.25 11.25 11.12 10.97 10.99 11.19 11.38 11.49 11.47 11.35 11.20 11.17 11.24 11.33 11.29 11.27 11.34 11.43 11.40
12.98 12.89 12.81 12.77 12.67 12.47 12.28 12.17 11.99 11.82 11.76 11.73 11.67 11.59 11.46 11.27 11.11 11.10 11.11 11.08 10.98 10.89 10.84 10.81 10.78 10.78 10.81 10.80 10.80 10.85 10.93 10.98 11.03 11.08 11.12 11.10 10.99 11.04 11.04 10.99 10.97 10.94 10.81 10.80 10.92 11.03 11.11 11.17 11.21 11.22 11.21 11.16 11.07 11.01 11.02 11.02 11.03 11.06 11.15 11.27 11.36 11.30 11.22 11.13 11.07 11.11 11.25 11.40 11.47 11.42 11.32 11.24 11.18 11.18 11.20 11.21 11.23 11.27 11.31 11.33
12.77 12.71 12.66 12.64 12.61 12.49 12.24 12.29 12.06 11.83 11.87 11.86 11.80 11.72 11.63 11.44 11.26 11.25 11.26 11.20 11.07 10.91 10.93 10.86 10.80 10.74 10.78 10.80 10.81 10.85 10.91 10.95 11.01 11.06 11.10 11.15 11.16 11.15 11.13 11.08 11.07 11.05 10.78 10.74 10.98 11.05 11.09 11.17 11.21 11.23 11.24 11.21 11.12 11.03 11.09 11.08 11.01 10.99 11.06 11.25 11.37 11.30 11.19 11.17 11.19 11.23 11.33 11.41 11.44 11.38 11.31 11.27 11.21 11.11 11.11 11.16 11.18 11.21 11.22 11.27
12.57 12.56 12.55 12.57 12.58 12.50 12.35 12.36 12.20 12.09 12.10 12.04 11.94 11.84 11.74 11.61 11.50 11.43 11.40 11.34 11.23 11.15 11.08 11.00 10.93 10.87 10.80 10.78 10.77 10.81 10.87 10.92 10.97 11.01 11.06 11.14 11.21 11.22 11.20 11.18 11.15 11.11 10.96 10.93 11.06 11.12 11.15 11.21 11.27 11.27 11.27 11.26 11.23 11.21 11.22 11.18 11.10 11.07 11.12 11.25 11.36 11.35 11.29 11.31 11.31 11.34 11.38 11.44 11.40 11.34 11.29 11.24 11.19 11.14 11.13 11.15 11.18 11.20 11.22 11.28
12.55 12.48 12.48 12.53 12.61 12.65 12.58 12.52 12.36 12.27 12.18 12.07 12.03 11.95 11.86 11.76 11.70 11.60 11.54 11.46 11.38 11.30 11.21 11.12 11.08 11.02 10.89 10.82 10.72 10.80 10.85 10.89 10.94 10.97 11.03 11.11 11.20 11.26 11.27 11.26 11.22 11.19 11.11 11.08 11.20 11.21 11.22 11.27 11.31 11.25 11.26 11.29 11.31 11.32 11.33 11.31 11.26 11.18 11.15 11.25 11.37 11.37 11.38 11.38 11.39 11.40 11.41 11.42 11.36 11.29 11.24 11.20 11.17 11.16 11.17 11.18 11.20 11.20 11.23 11.27
12.50 12.45 12.49 12.56 12.63 12.67 12.62 12.53 12.46 12.38 12.22 12.08 12.02 11.99 11.95 11.86 11.78 11.70 11.63 11.57 11.48 11.40 11.33 11.26 11.23 11.16 11.05 10.96 10.88 10.88 10.88 10.88 10.88 10.92 11.02 11.11 11.18 11.24 11.29 11.29 11.28 11.27 11.15 11.08 11.25 11.30 11.31 11.36 11.35 11.28 11.21 11.20 11.24 11.27 11.30 11.33 11.35 11.27 11.18 11.21 11.27 11.32 11.35 11.35 11.37 11.41 11.41 11.39 11.31 11.20 11.14 11.14 11.13 11.15 11.16 11.19 11.19 11.18 11.19 11.19
12.49 12.48 12.53 12.58 12.64 12.69 12.58 12.41 12.39 12.33 12.34 12.23 12.07 12.08 12.03 11.94 11.88 11.79 11.72 11.65 11.59 11.54 11.45 11.39 11.32 11.19 11.14 11.11 11.06 11.00 10.94 10.90 10.84 10.88 11.03 11.11 11.16 11.21 11.28 11.32 11.34 11.36 11.21 10.92 11.40 11.41 11.38 11.42 11.43 11.34 11.17 11.12 11.17 11.19 11.23 11.24 11.34 11.32 11.23 11.22 11.18 11.30 11.35 11.36 11.37 11.39 11.38 11.39 11.27 11.15 11.12 11.14 11.15 11.18 11.17 11.21 11.19 11.15 11.13 11.13
12.59 12.53 12.52 12.55 12.59 12.65 12.60 12.46 12.34 12.24 12.21 12.24 12.22 12.15 12.05 11.95 11.87 11.82 11.80 11.77 11.70 11.64 11.57 11.51 11.44 11.42 11.32 11.28 11.23 11.16 11.08 11.01 10.94 10.94 11.00 11.07 11.12 11.18 11.28 11.36 11.40 11.42 11.35 11.29 11.46 11.51 11.50 11.51 11.51 11.44 11.30 11.21 11.18 11.17 11.21 11.26 11.34 11.34 11.32 11.33 11.38 11.37 11.38 11.39 11.38 11.37 11.32 11.25 11.24 11.34 11.38 11.31 11.28 11.28 11.27 11.26 11.17 11.12 11.11 11.19
12.63 12.54 12.49 12.50 12.55 12.61 12.63 12.52 12.34 12.14 12.05 12.09 12.15 12.14 12.06 11.96 11.87 11.85 11.92 11.89 11.81 11.72 11.67 11.62 11.55 11.48 11.46 11.43 11.40 11.32 11.24 11.15 11.07 11.04 11.04 11.07 11.13 11.19 11.27 11.36 11.44 11.49 11.48 11.48 11.57 11.59 11.59 11.58 11.60 11.57 11.45 11.34 11.22 11.20 11.22 11.26 11.29 11.32 11.36 11.37 11.35 11.36 11.37 11.37 11.36 11.36 11.32 11.33 11.31 11.32 11.29 11.35 11.39 11.30 11.21 11.20 11.16 11.14 11.17 11.27
12.50 12.48 12.46 12.50 12.58 12.64 12.64 12.53 12.39 12.21 12.00 11.94 12.12 12.19 12.15 12.08 12.04 12.03 12.05 12.00 11.88 11.76 11.70 11.71 11.63 11.55 11.53 11.54 11.53 11.48 11.42 11.34 11.27 11.22 11.18 11.17 11.19 11.20 11.26 11.34 11.42 11.49 11.51 11.53 11.56 11.57 11.59 11.59 11.62 11.65 11.57 11.45 11.36 11.30 11.23 11.17 11.20 11.26 11.32 11.34 11.34 11.32 11.30 11.32 11.34 11.36 11.36 11.36 11.36 11.28 11.17 11.18 11.24 11.21 11.18 11.15 11.14 11.15 11.21 11.27
12.37 12.41 12.44 12.51 12.63 12.69 12.64 12.51 12.42 12.34 11.96 11.71 12.26 12.28 12.25 12.23 12.23 12.19 12.16 12.09 11.93 11.79 11.64 11.72 11.68 11.57 11.54 11.62 11.68 11.64 11.59 11.53 11.47 11.41 11.34 11.30 11.27 11.24 11.28 11.31 11.42 11.50 11.53 11.53 11.54 11.56 11.55 11.57 11.60 11.66 11.66 11.57 11.47 11.40 11.27 11.08 11.08 11.18 11.25 11.32 11.32 11.26 11.21 11.22 11.30 11.33 11.32 11.34 11.34 11.28 11.14 11.12 11.19 11.19 11.16 11.13 11.10 11.12 11.21 11.26
12.38 12.45 12.51 12.59 12.67 12.71 12.65 12.54 12.39 12.22 12.07 12.08 12.31 12.33 12.30 12.33 12.32 12.28 12.14 12.14 12.02 11.77 11.62 11.80 11.77 11.63 11.60 11.67 11.73 11.76 11.73 11.67 11.63 11.58 11.53 11.47 11.41 11.38 11.38 11.43 11.51 11.57 11.61 11.60 11.60 11.60 11.57 11.57 11.59 11.63 11.70 11.67 11.55 11.44 11.34 11.23 11.15 11.14 11.12 11.20 11.23 11.17 11.12 11.12 11.16 11.21 11.25 11.29 11.31 11.28 11.19 11.14 11.20 11.25 11.18 11.14 11.11 11.12 11.14 11.18
12.53 12.56 12.59 12.64 12.70 12.73 12.69 12.59 12.39 12.12 12.18 12.28 12.36 12.31 12.30 12.38 12.38 12.34 12.21 12.14 12.13 12.04 12.00 12.05 11.94 11.78 11.72 11.77 11.81 11.84 11.83 11.80 11.75 11.71 11.69 11.66 11.57 11.52 11.53 11.55 11.63 11.69 11.73 11.74 11.72 11.68 11.61 11.54 11.55 11.60 11.68 11.72 11.61 11.55 11.50 11.41 11.27 11.12 10.95 11.05 11.08 11.09 11.06 11.05 11.06 11.10 11.20 11.29 11.24 11.24 11.21 11.12 11.18 11.31 11.17 11.16 11.15 11.11 11.09 11.14
