main/data/pressure/05.12.2023.grid
ncols 886
nrows 691
xllcenter 112.0000
yllcenter -44.5000
cellsize 0.0500
nodata_value 99999.90
[rows 648 to 683 of 691, columns 240 to 319 of 886]
11.80 11.80 11.80 11.80 11.80 11.81 11.81 11.81 11.81 11.81 11.82 11.82 11.82 11.82 11.82 11.82 11.83 11.83 11.83 11.83 11.83 11.84 11.84 11.84 11.84 11.85 11.85 11.85 11.85 11.85 11.86 11.86 11.85 11.85 11.85 11.86 11.86 11.86 11.86 11.87 11.87 11.87 11.87 11.88 11.88 11.88 11.88 11.88 11.89 11.89 11.89 11.89 11.90 11.90 11.90 11.90 11.91 11.91 11.91 11.91 11.92 11.92 11.92 11.92 11.93 11.94 11.94 11.94 11.95 11.95 11.95 11.95 11.96 11.96 11.96 11.96 11.97 11.97 11.97 11.97
11.78 11.78 11.78 11.78 11.78 11.79 11.79 11.79 11.79 11.79 11.79 11.80 11.80 11.80 11.80 11.80 11.80 11.81 11.81 11.81 11.81 11.82 11.82 11.82 11.82 11.82 11.83 11.83 11.83 11.82 11.82 11.83 11.83 11.83 11.83 11.84 11.84 11.84 11.84 11.84 11.85 11.85 11.85 11.85 11.86 11.86 11.86 11.86 11.87 11.87 11.87 11.87 11.88 11.88 11.88 11.88 11.88 11.89 11.89 11.89 11.89 11.90 11.90 11.90 11.90 11.91 11.91 11.91 11.91 11.93 11.93 11.93 11.93 11.94 11.94 11.94 11.95 11.95 11.95 11.95
11.76 11.76 11.76 11.76 11.76 11.76 11.77 11.77 11.77 11.77 11.77 11.78 11.78 11.78 11.78 11.78 11.78 11.79 11.79 11.79 11.79 11.79 11.80 11.80 11.80 11.79 11.79 11.80 11.80 11.80 11.80 11.80 11.81 11.81 11.81 11.81 11.82 11.82 11.82 11.82 11.82 11.83 11.83 11.83 11.84 11.84 11.84 11.84 11.84 11.85 11.85 11.85 11.85 11.86 11.86 11.86 11.86 11.87 11.87 11.87 11.87 11.88 11.88 11.88 11.88 11.89 11.89 11.89 11.89 11.90 11.90 11.91 11.91 11.92 11.92 11.92 11.92 11.93 11.93 11.93
11.73 11.74 11.74 11.74 11.74 11.74 11.74 11.75 11.75 11.75 11.75 11.75 11.76 11.76 11.76 11.76 11.76 11.77 11.77 11.77 11.77 11.77 11.77 11.77 11.77 11.77 11.77 11.78 11.78 11.78 11.78 11.78 11.79 11.79 11.79 11.79 11.79 11.80 11.80 11.80 11.80 11.81 11.81 11.81 11.81 11.82 11.82 11.82 11.82 11.82 11.83 11.83 11.83 11.84 11.84 11.84 11.84 11.85 11.85 11.85 11.85 11.85 11.86 11.86 11.86 11.86 11.87 11.87 11.87 11.87 11.88 11.88 11.88 11.89 11.90 11.90 11.90 11.90 11.91 11.91
11.71 11.71 11.72 11.72 11.72 11.72 11.72 11.72 11.73 11.73 11.73 11.73 11.73 11.74 11.74 11.74 11.74 11.74 11.75 11.74 11.74 11.74 11.74 11.75 11.75 11.75 11.75 11.75 11.76 11.76 11.76 11.76 11.77 11.77 11.77 11.77 11.77 11.78 11.78 11.78 11.78 11.79 11.79 11.79 11.79 11.79 11.80 11.80 11.80 11.80 11.81 11.81 11.81 11.81 11.82 11.82 11.82 11.82 11.83 11.83 11.83 11.83 11.84 11.84 11.84 11.84 11.85 11.85 11.85 11.85 11.86 11.86 11.86 11.86 11.87 11.88 11.88 11.88 11.89 11.89
11.69 11.69 11.70 11.70 11.70 11.70 11.70 11.70 11.71 11.71 11.71 11.71 11.71 11.71 11.72 11.72 11.71 11.71 11.71 11.72 11.72 11.72 11.72 11.72 11.73 11.73 11.73 11.73 11.73 11.74 11.74 11.74 11.74 11.75 11.75 11.75 11.75 11.76 11.76 11.76 11.76 11.76 11.77 11.77 11.77 11.77 11.78 11.78 11.78 11.78 11.79 11.79 11.79 11.79 11.79 11.80 11.80 11.80 11.80 11.81 11.81 11.81 11.81 11.82 11.82 11.82 11.82 11.83 11.83 11.83 11.83 11.84 11.84 11.84 11.84 11.85 11.85 11.86 11.86 11.87
11.67 11.67 11.67 11.68 11.68 11.68 11.68 11.68 11.68 11.69 11.69 11.69 11.68 11.68 11.69 11.69 11.69 11.69 11.69 11.70 11.70 11.70 11.70 11.70 11.71 11.71 11.71 11.71 11.71 11.72 11.72 11.72 11.72 11.72 11.73 11.73 11.73 11.73 11.74 11.74 11.74 11.74 11.74 11.75 11.75 11.75 11.75 11.76 11.76 11.76 11.76 11.77 11.77 11.77 11.77 11.78 11.78 11.78 11.78 11.79 11.79 11.79 11.79 11.79 11.80 11.80 11.80 11.80 11.81 11.81 11.81 11.81 11.82 11.82 11.82 11.82 11.83 11.83 11.83 11.85
11.65 11.65 11.65 11.65 11.66 11.66 11.66 11.66 11.66 11.65 11.66 11.66 11.66 11.66 11.66 11.67 11.67 11.67 11.67 11.67 11.68 11.68 11.68 11.68 11.68 11.69 11.69 11.69 11.69 11.69 11.70 11.70 11.70 11.70 11.71 11.71 11.71 11.71 11.71 11.72 11.72 11.72 11.72 11.73 11.73 11.73 11.73 11.73 11.74 11.74 11.74 11.74 11.75 11.75 11.75 11.75 11.76 11.76 11.76 11.76 11.77 11.77 11.77 11.77 11.78 11.78 11.78 11.78 11.79 11.79 11.79 11.79 11.80 11.80 11.80 11.80 11.81 11.81 11.81 11.81
11.63 11.63 11.63 11.63 11.63 11.64 11.63 11.63 11.63 11.63 11.63 11.64 11.64 11.64 11.64 11.64 11.65 11.65 11.65 11.65 11.65 11.66 11.66 11.66 11.66 11.66 11.67 11.67 11.67 11.67 11.68 11.68 11.68 11.68 11.68 11.69 11.69 11.69 11.69 11.70 11.70 11.70 11.70 11.70 11.71 11.71 11.71 11.71 11.72 11.72 11.72 11.72 11.72 11.73 11.73 11.73 11.73 11.74 11.74 11.74 11.74 11.75 11.75 11.75 11.75 11.76 11.76 11.76 11.76 11.77 11.77 11.77 11.77 11.78 11.78 11.78 11.78 11.79 11.79 11.79
11.61 11.61 11.61 11.60 11.60 11.60 11.61 11.61 11.61 11.61 11.61 11.62 11.62 11.62 11.62 11.62 11.62 11.63 11.63 11.63 11.63 11.63 11.64 11.64 11.64 11.64 11.64 11.65 11.65 11.65 11.65 11.66 11.66 11.66 11.66 11.66 11.67 11.67 11.67 11.67 11.68 11.68 11.68 11.68 11.69 11.69 11.69 11.69 11.69 11.70 11.70 11.70 11.70 11.71 11.71 11.71 11.71 11.72 11.72 11.72 11.72 11.72 11.73 11.73 11.73 11.73 11.74 11.74 11.74 11.74 11.75 11.75 11.75 11.76 11.76 11.76 11.76 11.77 11.77 11.77
11.57 11.58 11.58 11.58 11.58 11.58 11.59 11.59 11.59 11.59 11.59 11.59 11.60 11.60 11.60 11.60 11.60 11.61 11.61 11.61 11.61 11.61 11.62 11.62 11.62 11.62 11.62 11.62 11.63 11.63 11.63 11.63 11.64 11.64 11.64 11.64 11.64 11.65 11.65 11.65 11.65 11.66 11.66 11.66 11.66 11.66 11.67 11.67 11.67 11.68 11.68 11.68 11.68 11.68 11.69 11.69 11.69 11.69 11.70 11.70 11.70 11.70 11.71 11.71 11.71 11.71 11.72 11.72 11.72 11.72 11.73 11.73 11.73 11.73 11.74 11.74 11.74 11.74 11.75 11.75
11.55 11.55 11.56 11.56 11.56 11.56 11.56 11.56 11.57 11.57 11.57 11.57 11.57 11.58 11.58 11.58 11.58 11.58 11.59 11.59 11.59 11.59 11.59 11.60 11.60 11.60 11.60 11.60 11.61 11.61 11.61 11.61 11.62 11.62 11.62 11.62 11.62 11.63 11.63 11.63 11.63 11.63 11.64 11.64 11.64 11.64 11.65 11.65 11.65 11.65 11.65 11.66 11.66 11.66 11.66 11.67 11.67 11.67 11.68 11.68 11.68 11.68 11.68 11.69 11.69 11.69 11.69 11.70 11.70 11.70 11.70 11.71 11.71 11.71 11.71 11.72 11.72 11.72 11.72 11.73
11.53 11.53 11.53 11.54 11.54 11.54 11.54 11.54 11.54 11.55 11.55 11.55 11.55 11.55 11.56 11.56 11.56 11.56 11.56 11.57 11.57 11.57 11.57 11.57 11.58 11.58 11.58 11.58 11.58 11.59 11.59 11.59 11.59 11.60 11.60 11.60 11.60 11.60 11.61 11.61 11.61 11.61 11.62 11.62 11.62 11.62 11.62 11.63 11.63 11.63 11.63 11.64 11.64 11.64 11.64 11.65 11.65 11.65 11.65 11.65 11.66 11.66 11.66 11.66 11.67 11.67 11.67 11.68 11.68 11.68 11.68 11.69 11.69 11.69 11.69 11.70 11.70 11.70 11.70 11.71
11.51 11.51 11.51 11.51 11.52 11.52 11.52 11.52 11.52 11.53 11.53 11.53 11.53 11.53 11.53 11.54 11.54 11.54 11.54 11.54 11.55 11.55 11.55 11.55 11.55 11.56 11.56 11.56 11.56 11.56 11.57 11.57 11.57 11.57 11.57 11.58 11.58 11.58 11.58 11.59 11.59 11.59 11.59 11.60 11.60 11.60 11.60 11.61 11.61 11.61 11.61 11.61 11.62 11.62 11.62 11.62 11.63 11.63 11.63 11.63 11.64 11.64 11.64 11.64 11.65 11.65 11.65 11.65 11.66 11.66 11.66 11.66 11.66 11.67 11.67 11.67 11.68 11.68 11.68 11.68
11.49 11.49 11.49 11.49 11.49 11.50 11.50 11.50 11.50 11.50 11.51 11.51 11.51 11.51 11.51 11.51 11.52 11.52 11.52 11.52 11.52 11.53 11.53 11.53 11.53 11.53 11.54 11.54 11.54 11.54 11.54 11.55 11.55 11.55 11.55 11.56 11.56 11.56 11.56 11.56 11.57 11.57 11.57 11.57 11.58 11.58 11.58 11.58 11.59 11.59 11.59 11.59 11.60 11.60 11.60 11.60 11.60 11.61 11.61 11.61 11.61 11.62 11.62 11.62 11.62 11.63 11.63 11.63 11.63 11.64 11.64 11.64 11.64 11.65 11.65 11.65 11.65 11.66 11.66 11.66
11.47 11.47 11.47 11.47 11.47 11.47 11.48 11.48 11.48 11.48 11.48 11.48 11.49 11.49 11.49 11.49 11.49 11.50 11.50 11.50 11.50 11.50 11.51 11.51 11.51 11.51 11.52 11.52 11.52 11.52 11.52 11.53 11.53 11.53 11.53 11.53 11.54 11.54 11.54 11.54 11.54 11.55 11.55 11.55 11.55 11.56 11.56 11.56 11.56 11.57 11.57 11.57 11.57 11.57 11.58 11.58 11.58 11.59 11.59 11.59 11.59 11.60 11.60 11.60 11.60 11.60 11.61 11.61 11.61 11.61 11.62 11.62 11.62 11.62 11.63 11.63 11.63 11.63 11.64 11.64
11.44 11.45 11.45 11.45 11.45 11.45 11.45 11.46 11.46 11.46 11.46 11.46 11.46 11.47 11.47 11.47 11.47 11.47 11.48 11.48 11.48 11.48 11.48 11.49 11.49 11.49 11.49 11.49 11.50 11.50 11.50 11.50 11.51 11.51 11.51 11.51 11.51 11.52 11.52 11.52 11.52 11.53 11.53 11.53 11.53 11.54 11.54 11.54 11.54 11.54 11.55 11.55 11.55 11.55 11.56 11.56 11.56 11.56 11.56 11.57 11.57 11.57 11.57 11.58 11.58 11.58 11.59 11.59 11.59 11.59 11.60 11.60 11.60 11.60 11.61 11.61 11.61 11.61 11.62 11.62
11.42 11.42 11.43 11.43 11.43 11.43 11.43 11.43 11.44 11.44 11.44 11.44 11.44 11.45 11.45 11.45 11.45 11.45 11.46 11.46 11.46 11.46 11.46 11.46 11.47 11.47 11.47 11.47 11.47 11.48 11.48 11.48 11.48 11.49 11.49 11.49 11.49 11.49 11.50 11.50 11.50 11.50 11.51 11.51 11.51 11.51 11.52 11.52 11.52 11.52 11.52 11.53 11.53 11.53 11.53 11.54 11.54 11.54 11.54 11.55 11.55 11.55 11.55 11.55 11.56 11.56 11.56 11.56 11.57 11.57 11.57 11.57 11.58 11.58 11.58 11.59 11.59 11.59 11.59 11.60
11.40 11.40 11.40 11.40 11.41 11.41 11.41 11.41 11.41 11.42 11.42 11.42 11.42 11.42 11.43 11.43 11.43 11.43 11.43 11.44 11.44 11.44 11.44 11.44 11.45 11.45 11.45 11.45 11.45 11.46 11.46 11.46 11.46 11.46 11.47 11.47 11.47 11.47 11.47 11.48 11.48 11.48 11.48 11.49 11.49 11.49 11.49 11.49 11.50 11.50 11.50 11.51 11.51 11.51 11.51 11.51 11.52 11.52 11.52 11.52 11.53 11.53 11.53 11.53 11.54 11.54 11.54 11.54 11.55 11.55 11.55 11.55 11.56 11.56 11.56 11.56 11.57 11.57 11.57 11.57
11.38 11.38 11.38 11.38 11.38 11.39 11.39 11.39 11.39 11.39 11.39 11.40 11.40 11.40 11.40 11.40 11.41 11.41 11.41 11.41 11.41 11.42 11.42 11.42 11.42 11.43 11.43 11.43 11.43 11.43 11.44 11.44 11.44 11.44 11.44 11.45 11.45 11.45 11.45 11.46 11.46 11.46 11.46 11.46 11.47 11.47 11.47 11.47 11.47 11.48 11.48 11.48 11.48 11.49 11.49 11.49 11.49 11.50 11.50 11.50 11.50 11.51 11.51 11.51 11.51 11.52 11.52 11.52 11.52 11.53 11.53 11.53 11.53 11.54 11.54 11.54 11.54 11.55 11.55 11.55
11.36 11.36 11.36 11.36 11.36 11.36 11.37 11.37 11.37 11.37 11.37 11.38 11.38 11.38 11.38 11.38 11.38 11.39 11.39 11.39 11.39 11.39 11.40 11.40 11.40 11.40 11.40 11.41 11.41 11.41 11.41 11.41 11.42 11.42 11.42 11.42 11.43 11.43 11.43 11.43 11.44 11.44 11.44 11.44 11.44 11.45 11.45 11.45 11.45 11.46 11.46 11.46 11.46 11.46 11.47 11.47 11.47 11.47 11.48 11.48 11.48 11.48 11.49 11.49 11.49 11.49 11.50 11.50 11.50 11.50 11.51 11.51 11.51 11.51 11.52 11.52 11.52 11.52 11.53 11.53
11.33 11.34 11.34 11.34 11.34 11.34 11.34 11.35 11.35 11.35 11.35 11.35 11.36 11.36 11.36 11.36 11.36 11.36 11.37 11.37 11.37 11.37 11.37 11.38 11.38 11.38 11.38 11.38 11.39 11.39 11.39 11.39 11.39 11.40 11.40 11.40 11.40 11.41 11.41 11.41 11.41 11.41 11.42 11.42 11.42 11.42 11.43 11.43 11.43 11.43 11.44 11.44 11.44 11.44 11.45 11.45 11.45 11.45 11.46 11.46 11.46 11.46 11.46 11.47 11.47 11.47 11.47 11.48 11.48 11.48 11.48 11.49 11.49 11.49 11.49 11.50 11.50 11.50 11.50 11.51
11.31 11.31 11.31 11.32 11.32 11.32 11.32 11.32 11.32 11.33 11.33 11.33 11.33 11.34 11.34 11.34 11.34 11.34 11.34 11.35 11.35 11.35 11.35 11.35 11.36 11.36 11.36 11.36 11.37 11.37 11.37 11.37 11.37 11.38 11.38 11.38 11.38 11.38 11.39 11.39 11.39 11.39 11.39 11.40 11.40 11.40 11.40 11.41 11.41 11.41 11.41 11.42 11.42 11.42 11.42 11.43 11.43 11.43 11.43 11.44 11.44 11.44 11.44 11.45 11.45 11.45 11.45 11.45 11.46 11.46 11.46 11.46 11.47 11.47 11.47 11.47 11.48 11.48 11.48 11.48
11.29 11.29 11.29 11.29 11.30 11.30 11.30 11.30 11.30 11.30 11.31 11.31 11.31 11.31 11.31 11.32 11.32 11.32 11.32 11.32 11.33 11.33 11.33 11.33 11.33 11.34 11.34 11.34 11.34 11.34 11.35 11.35 11.35 11.35 11.36 11.36 11.36 11.36 11.36 11.37 11.37 11.37 11.37 11.38 11.38 11.38 11.38 11.38 11.39 11.39 11.39 11.39 11.40 11.40 11.40 11.40 11.40 11.41 11.41 11.41 11.41 11.42 11.42 11.42 11.43 11.43 11.43 11.43 11.43 11.44 11.44 11.44 11.44 11.45 11.45 11.45 11.45 11.46 11.46 11.46
11.27 11.27 11.27 11.27 11.27 11.28 11.28 11.28 11.28 11.28 11.28 11.29 11.29 11.29 11.29 11.29 11.30 11.30 11.30 11.30 11.30 11.31 11.31 11.31 11.31 11.31 11.32 11.32 11.32 11.32 11.32 11.33 11.33 11.33 11.33 11.34 11.34 11.34 11.34 11.34 11.35 11.35 11.35 11.35 11.36 11.36 11.36 11.36 11.36 11.37 11.37 11.37 11.37 11.38 11.38 11.38 11.38 11.38 11.39 11.39 11.39 11.39 11.40 11.40 11.40 11.40 11.41 11.41 11.41 11.41 11.42 11.42 11.42 11.42 11.43 11.43 11.43 11.43 11.44 11.44
11.24 11.25 11.25 11.25 11.25 11.25 11.26 11.26 11.26 11.26 11.26 11.26 11.27 11.27 11.27 11.27 11.27 11.28 11.28 11.28 11.28 11.28 11.29 11.29 11.29 11.29 11.29 11.30 11.30 11.30 11.30 11.30 11.31 11.31 11.31 11.31 11.31 11.32 11.32 11.32 11.32 11.33 11.33 11.33 11.33 11.34 11.34 11.34 11.34 11.34 11.35 11.35 11.35 11.35 11.36 11.36 11.36 11.36 11.37 11.37 11.37 11.37 11.38 11.38 11.38 11.38 11.38 11.39 11.39 11.39 11.39 11.40 11.40 11.40 11.40 11.41 11.41 11.41 11.41 11.42
11.22 11.22 11.22 11.23 11.23 11.23 11.23 11.23 11.24 11.24 11.24 11.24 11.24 11.24 11.25 11.25 11.25 11.25 11.26 11.26 11.26 11.26 11.26 11.27 11.27 11.27 11.27 11.27 11.28 11.28 11.28 11.28 11.28 11.29 11.29 11.29 11.29 11.29 11.30 11.30 11.30 11.30 11.31 11.31 11.31 11.31 11.31 11.32 11.32 11.32 11.32 11.33 11.33 11.33 11.33 11.34 11.34 11.34 11.34 11.35 11.35 11.35 11.35 11.36 11.36 11.36 11.36 11.37 11.37 11.37 11.37 11.38 11.38 11.38 11.38 11.38 11.39 11.39 11.39 11.39
11.20 11.20 11.20 11.21 11.21 11.21 11.21 11.21 11.21 11.21 11.22 11.22 11.22 11.22 11.22 11.23 11.23 11.23 11.23 11.23 11.24 11.24 11.24 11.24 11.24 11.25 11.25 11.25 11.25 11.26 11.26 11.26 11.26 11.26 11.27 11.27 11.27 11.27 11.27 11.28 11.28 11.28 11.28 11.29 11.29 11.29 11.29 11.29 11.30 11.30 11.30 11.30 11.31 11.31 11.31 11.31 11.32 11.32 11.32 11.32 11.32 11.33 11.33 11.33 11.34 11.34 11.34 11.34 11.35 11.35 11.35 11.35 11.36 11.36 11.36 11.36 11.37 11.37 11.37 11.37
11.18 11.18 11.18 11.18 11.18 11.19 11.19 11.19 11.19 11.19 11.20 11.20 11.20 11.20 11.20 11.20 11.21 11.21 11.21 11.21 11.21 11.22 11.22 11.22 11.22 11.22 11.23 11.23 11.23 11.23 11.23 11.24 11.24 11.24 11.24 11.24 11.25 11.25 11.25 11.25 11.26 11.26 11.26 11.26 11.27 11.27 11.27 11.27 11.28 11.28 11.28 11.28 11.28 11.29 11.29 11.29 11.29 11.30 11.30 11.30 11.30 11.30 11.31 11.31 11.31 11.31 11.32 11.32 11.32 11.32 11.33 11.33 11.33 11.34 11.34 11.34 11.34 11.35 11.35 11.35
11.15 11.16 11.16 11.16 11.16 11.16 11.16 11.17 11.17 11.17 11.17 11.17 11.18 11.18 11.18 11.18 11.18 11.19 11.19 11.19 11.19 11.19 11.20 11.20 11.20 11.20 11.20 11.21 11.21 11.21 11.21 11.21 11.22 11.22 11.22 11.22 11.22 11.23 11.23 11.23 11.23 11.24 11.24 11.24 11.24 11.24 11.25 11.25 11.25 11.25 11.26 11.26 11.26 11.26 11.27 11.27 11.27 11.27 11.28 11.28 11.28 11.28 11.29 11.29 11.29 11.29 11.29 11.30 11.30 11.30 11.30 11.31 11.31 11.31 11.31 11.32 11.32 11.32 11.32 11.33
11.13 11.13 11.13 11.14 11.14 11.14 11.14 11.14 11.15 11.15 11.15 11.15 11.15 11.15 11.16 11.16 11.16 11.16 11.16 11.17 11.17 11.17 11.17 11.18 11.18 11.18 11.18 11.18 11.19 11.19 11.19 11.19 11.19 11.20 11.20 11.20 11.20 11.21 11.21 11.21 11.21 11.21 11.22 11.22 11.22 11.22 11.22 11.23 11.23 11.23 11.23 11.24 11.24 11.24 11.24 11.25 11.25 11.25 11.25 11.26 11.26 11.26 11.26 11.27 11.27 11.27 11.27 11.28 11.28 11.28 11.28 11.28 11.29 11.29 11.29 11.29 11.30 11.30 11.30 11.30
11.11 11.11 11.11 11.11 11.12 11.12 11.12 11.12 11.12 11.12 11.13 11.13 11.13 11.13 11.13 11.14 11.14 11.14 11.14 11.14 11.15 11.15 11.15 11.15 11.15 11.16 11.16 11.16 11.16 11.16 11.17 11.17 11.17 11.17 11.18 11.18 11.18 11.18 11.18 11.19 11.19 11.19 11.19 11.20 11.20 11.20 11.20 11.20 11.21 11.21 11.21 11.21 11.22 11.22 11.22 11.22 11.22 11.23 11.23 11.23 11.23 11.24 11.24 11.24 11.24 11.25 11.25 11.25 11.25 11.26 11.26 11.26 11.26 11.27 11.27 11.27 11.27 11.28 11.28 11.28
11.09 11.09 11.09 11.09 11.09 11.10 11.10 11.10 11.10 11.10 11.10 11.11 11.11 11.11 11.11 11.11 11.12 11.12 11.12 11.12 11.12 11.13 11.13 11.13 11.13 11.13 11.14 11.14 11.14 11.14 11.14 11.15 11.15 11.15 11.15 11.15 11.16 11.16 11.16 11.16 11.17 11.17 11.17 11.17 11.18 11.18 11.18 11.18 11.18 11.19 11.19 11.19 11.19 11.20 11.20 11.20 11.20 11.21 11.21 11.21 11.21 11.21 11.22 11.22 11.22 11.22 11.23 11.23 11.23 11.23 11.24 11.24 11.24 11.24 11.25 11.25 11.25 11.25 11.26 11.26
11.06 11.07 11.07 11.07 11.07 11.07 11.07 11.08 11.08 11.08 11.08 11.08 11.09 11.09 11.09 11.09 11.09 11.10 11.10 11.10 11.10 11.10 11.11 11.11 11.11 11.11 11.11 11.12 11.12 11.12 11.12 11.12 11.13 11.13 11.13 11.13 11.13 11.14 11.14 11.14 11.14 11.14 11.15 11.15 11.15 11.15 11.16 11.16 11.16 11.16 11.17 11.17 11.17 11.17 11.18 11.18 11.18 11.18 11.19 11.19 11.19 11.19 11.19 11.20 11.20 11.20 11.20 11.21 11.21 11.21 11.21 11.22 11.22 11.22 11.22 11.23 11.23 11.23 11.23 11.24
11.04 11.04 11.04 11.05 11.05 11.05 11.05 11.05 11.05 11.06 11.06 11.06 11.06 11.06 11.07 11.07 11.07 11.07 11.07 11.08 11.08 11.08 11.08 11.08 11.09 11.09 11.09 11.09 11.10 11.10 11.10 11.10 11.10 11.11 11.11 11.11 11.11 11.11 11.12 11.12 11.12 11.12 11.12 11.13 11.13 11.13 11.13 11.14 11.14 11.14 11.14 11.15 11.15 11.15 11.15 11.15 11.16 11.16 11.16 11.16 11.17 11.17 11.17 11.17 11.18 11.18 11.18 11.18 11.19 11.19 11.19 11.19 11.20 11.20 11.20 11.20 11.21 11.21 11.21 11.21
11.02 11.02 11.02 11.02 11.03 11.03 11.03 11.03 11.03 11.03 11.04 11.04 11.04 11.04 11.04 11.05 11.05 11.05 11.05 11.05 11.05 11.06 11.06 11.06 11.06 11.06 11.07 11.07 11.07 11.07 11.08 11.08 11.08 11.08 11.08 11.09 11.09 11.09 11.09 11.10 11.10 11.10 11.10 11.10 11.11 11.11 11.11 11.11 11.12 11.12 11.12 11.12 11.12 11.13 11.13 11.13 11.13 11.14 11.14 11.14 11.14 11.15 11.15 11.15 11.15 11.16 11.16 11.16 11.16 11.17 11.17 11.17 11.17 11.18 11.18 11.18 11.18 11.19 11.19 11.19
