main/data/pressure/05.12.2023.grid
ncols 886
nrows 691
xllcenter 112.0000
yllcenter -44.5000
cellsize 0.0500
nodata_value 99999.90
[rows 360 to 395 of 691, columns 800 to 879 of 886]
20.97 20.91 20.50 19.95 20.09 19.88 18.68 19.92 21.27 21.49 22.53 20.55 20.70 22.74 22.69 22.60 21.40 21.02 22.41 22.97 22.93 22.92 22.23 22.18 22.49 22.57 23.17 23.68 23.81 23.92 24.02 24.12 24.22 24.31 24.41 24.49 24.58 24.65 24.73 24.80 24.86 24.94 24.99 25.05 25.12 25.17 25.22 25.27 25.32 25.37 25.40 25.45 25.49 25.52 25.56 25.58 25.51 25.38 25.25 25.16 25.09 25.04 25.00 24.98 24.96 24.96 24.95 24.95 24.97 24.98 25.00 25.02 25.03 25.05 25.08 25.11 25.12 25.15 25.17 25.19
21.11 21.07 21.03 20.92 20.85 20.70 19.95 19.45 20.09 21.62 22.07 20.62 21.78 22.65 21.42 21.20 21.69 22.08 22.10 22.91 21.98 22.81 21.82 21.26 22.85 21.75 23.24 23.47 23.79 23.74 23.98 24.07 24.16 24.24 24.33 24.41 24.49 24.56 24.62 24.69 24.76 24.82 24.88 24.94 24.98 25.03 25.08 25.13 25.17 25.21 25.25 25.28 25.33 25.36 25.39 25.40 25.35 25.23 25.13 25.05 24.98 24.94 24.91 24.89 24.88 24.88 24.88 24.89 24.90 24.92 24.94 24.96 24.98 25.00 25.02 25.04 25.07 25.09 25.11 25.14
20.83 20.94 20.89 20.84 20.66 20.23 19.66 20.14 20.31 21.46 21.71 20.35 22.40 21.79 21.94 21.18 22.07 21.90 22.74 21.85 21.78 22.43 21.65 22.33 21.76 23.06 22.82 22.83 23.72 23.64 23.92 24.00 24.08 24.16 24.24 24.31 24.38 24.45 24.52 24.58 24.63 24.69 24.75 24.79 24.84 24.89 24.93 24.97 25.01 25.04 25.08 25.11 25.14 25.18 25.21 25.23 25.19 25.09 24.99 24.93 24.88 24.85 24.82 24.81 24.80 24.81 24.81 24.82 24.84 24.86 24.87 24.89 24.91 24.93 24.96 24.98 25.00 25.03 25.05 25.07
20.69 20.09 20.55 20.45 20.16 19.92 19.55 20.29 18.52 20.14 20.80 22.12 22.11 22.35 21.92 21.45 21.95 21.15 22.69 21.23 22.50 22.43 20.59 20.63 21.66 22.18 21.52 22.60 23.26 23.75 23.82 23.93 24.00 24.07 24.15 24.21 24.28 24.34 24.40 24.46 24.50 24.56 24.61 24.65 24.69 24.73 24.78 24.81 24.84 24.87 24.91 24.94 24.96 24.99 25.02 25.04 25.00 24.93 24.86 24.81 24.76 24.74 24.73 24.72 24.72 24.73 24.73 24.75 24.77 24.78 24.80 24.83 24.85 24.88 24.90 24.92 24.94 24.97 24.99 25.02
20.77 20.54 20.26 20.12 20.14 20.45 20.18 18.52 18.52 17.90 20.32 21.26 19.76 22.04 20.97 22.36 22.39 21.22 22.61 22.08 21.84 22.37 21.71 19.79 19.71 21.44 21.43 21.71 23.19 22.90 23.41 23.83 23.90 23.97 24.04 24.09 24.16 24.21 24.26 24.32 24.37 24.41 24.45 24.49 24.53 24.57 24.60 24.64 24.67 24.69 24.73 24.75 24.78 24.80 24.82 24.84 24.82 24.77 24.72 24.68 24.65 24.64 24.63 24.63 24.64 24.65 24.66 24.68 24.70 24.72 24.74 24.76 24.78 24.81 24.83 24.85 24.88 24.90 24.93 24.95
20.31 20.49 20.54 20.51 20.45 19.81 20.04 18.41 18.58 18.37 19.08 20.51 20.63 19.06 21.54 21.97 22.26 22.39 22.36 21.23 21.88 20.95 20.52 18.85 18.27 20.84 19.34 22.43 22.02 22.38 23.65 23.64 23.79 23.86 23.91 23.97 24.02 24.08 24.13 24.18 24.21 24.25 24.29 24.33 24.37 24.39 24.43 24.46 24.49 24.51 24.54 24.56 24.58 24.60 24.62 24.64 24.64 24.60 24.56 24.54 24.54 24.53 24.53 24.54 24.56 24.57 24.59 24.61 24.63 24.65 24.68 24.70 24.72 24.75 24.77 24.80 24.82 24.84 24.87 24.89
20.40 20.23 20.45 20.39 20.31 20.18 19.69 19.25 19.33 19.49 18.83 20.20 20.44 20.71 20.09 21.25 21.92 20.48 21.36 19.57 21.91 19.51 18.77 18.26 22.10 21.31 22.30 23.18 23.34 23.46 23.10 23.46 23.67 23.74 23.78 23.84 23.89 23.93 23.98 24.02 24.05 24.09 24.13 24.16 24.19 24.22 24.24 24.28 24.30 24.32 24.35 24.37 24.39 24.41 24.43 24.44 24.45 24.42 24.41 24.41 24.41 24.42 24.43 24.45 24.46 24.49 24.51 24.53 24.56 24.58 24.61 24.63 24.65 24.68 24.70 24.73 24.75 24.77 24.80 24.82
19.93 19.66 20.25 20.31 20.07 20.25 20.22 19.19 18.03 20.12 20.11 20.25 20.68 20.72 20.76 18.62 20.99 21.02 21.93 20.68 19.55 19.84 19.28 22.50 22.68 22.84 22.96 23.11 23.03 23.05 22.73 22.87 23.53 23.59 23.65 23.69 23.74 23.78 23.82 23.86 23.89 23.92 23.95 23.98 24.01 24.03 24.06 24.09 24.11 24.13 24.14 24.17 24.19 24.21 24.23 24.23 24.24 24.25 24.26 24.27 24.29 24.30 24.33 24.36 24.38 24.40 24.44 24.46 24.49 24.52 24.54 24.57 24.59 24.62 24.64 24.67 24.69 24.72 24.74 24.76
19.52 18.94 19.30 20.11 20.00 20.00 19.95 19.56 20.50 20.58 19.53 19.90 20.84 20.62 21.25 21.64 20.06 21.31 21.82 22.05 20.81 20.07 18.83 19.70 21.36 19.85 20.61 22.88 23.10 22.47 22.40 23.22 23.39 23.45 23.50 23.55 23.58 23.62 23.65 23.69 23.71 23.75 23.77 23.80 23.82 23.84 23.87 23.89 23.91 23.93 23.95 23.98 23.98 24.00 24.02 24.03 24.05 24.08 24.10 24.13 24.17 24.20 24.23 24.26 24.30 24.33 24.35 24.39 24.42 24.44 24.47 24.50 24.52 24.55 24.57 24.61 24.62 24.65 24.67 24.69
18.62 18.64 19.05 19.89 19.94 20.17 20.69 20.25 20.27 19.49 19.02 20.18 20.43 19.66 19.51 20.45 21.30 21.90 22.03 21.01 21.50 21.48 19.79 18.53 22.14 21.25 22.37 22.41 21.48 22.76 23.07 23.18 23.24 23.30 23.34 23.39 23.42 23.46 23.48 23.51 23.54 23.57 23.59 23.61 23.63 23.66 23.68 23.70 23.72 23.74 23.76 23.77 23.79 23.81 23.82 23.84 23.86 23.90 23.95 24.00 24.04 24.09 24.13 24.17 24.21 24.24 24.28 24.31 24.34 24.38 24.41 24.43 24.46 24.48 24.51 24.54 24.56 24.58 24.61 24.63
18.37 18.41 18.58 19.20 20.17 20.11 20.74 20.37 20.18 20.18 20.11 20.42 20.66 20.62 20.22 20.01 20.52 19.83 21.26 22.00 20.86 20.08 19.65 20.32 22.03 21.06 20.81 19.30 20.69 21.98 22.24 23.02 23.08 23.14 23.19 23.22 23.26 23.28 23.30 23.34 23.36 23.38 23.40 23.42 23.45 23.47 23.49 23.51 23.53 23.55 23.56 23.58 23.60 23.61 23.63 23.65 23.67 23.73 23.80 23.86 23.93 23.98 24.03 24.08 24.13 24.16 24.20 24.24 24.27 24.30 24.33 24.36 24.40 24.42 24.45 24.47 24.50 24.51 24.54 24.56
18.42 18.66 19.00 19.33 19.78 20.48 20.89 19.67 20.69 20.83 18.65 20.61 20.55 20.76 20.61 21.47 20.71 20.73 21.57 21.44 21.15 21.00 21.28 21.42 21.53 20.43 19.40 18.95 20.66 22.13 22.75 22.84 22.92 22.97 23.01 23.05 23.08 23.10 23.13 23.15 23.17 23.19 23.21 23.24 23.26 23.28 23.30 23.32 23.34 23.36 23.38 23.39 23.41 23.43 23.44 23.45 23.49 23.57 23.65 23.74 23.81 23.87 23.94 23.99 24.03 24.09 24.13 24.16 24.20 24.24 24.27 24.30 24.32 24.35 24.38 24.40 24.43 24.45 24.48 24.50
18.17 18.56 18.64 18.78 19.61 20.67 20.90 19.54 20.74 20.64 19.03 20.73 20.54 20.85 20.28 20.61 20.97 20.61 21.46 21.40 21.41 20.09 21.62 20.53 21.82 20.54 21.31 20.57 21.00 22.05 22.15 22.64 22.73 22.79 22.84 22.86 22.89 22.92 22.94 22.96 22.98 23.00 23.03 23.05 23.08 23.10 23.12 23.14 23.16 23.17 23.19 23.21 23.23 23.24 23.25 23.27 23.31 23.42 23.52 23.61 23.69 23.77 23.84 23.90 23.95 24.00 24.05 24.09 24.13 24.16 24.20 24.23 24.26 24.29 24.31 24.34 24.36 24.39 24.41 24.43
18.01 17.99 18.34 19.43 19.19 20.67 21.01 20.60 20.93 20.09 19.17 20.91 20.92 20.66 20.27 20.48 21.26 21.38 21.36 21.24 21.65 19.96 20.73 20.51 21.78 21.67 21.62 21.18 21.05 21.38 22.04 22.02 22.52 22.59 22.63 22.67 22.70 22.72 22.74 22.77 22.79 22.82 22.84 22.86 22.89 22.91 22.93 22.96 22.98 22.99 23.01 23.02 23.04 23.06 23.08 23.10 23.14 23.26 23.39 23.49 23.59 23.67 23.75 23.81 23.88 23.93 23.97 24.02 24.06 24.09 24.13 24.16 24.18 24.21 24.24 24.26 24.29 24.32 24.34 24.36
17.98 17.54 18.41 19.27 19.97 19.93 19.93 20.26 21.01 20.31 20.21 21.03 20.66 20.12 20.34 20.50 21.17 21.10 21.16 21.26 21.48 20.63 20.62 21.62 20.75 21.64 21.13 21.38 21.54 21.70 21.89 21.57 22.29 22.36 22.41 22.45 22.49 22.52 22.55 22.58 22.61 22.63 22.65 22.69 22.71 22.73 22.75 22.77 22.79 22.81 22.83 22.85 22.87 22.89 22.91 22.92 22.99 23.12 23.25 23.38 23.49 23.57 23.66 23.73 23.79 23.85 23.90 23.94 23.99 24.03 24.06 24.09 24.12 24.15 24.17 24.20 24.23 24.25 24.28 24.30
17.94 17.80 18.19 18.61 19.75 18.84 18.13 19.57 20.74 19.74 20.79 20.81 20.77 20.86 20.39 19.88 20.44 21.17 21.27 21.22 21.13 20.59 21.39 20.82 21.45 21.25 21.10 21.10 21.71 21.63 21.36 21.64 22.04 22.12 22.18 22.24 22.29 22.32 22.36 22.39 22.43 22.45 22.48 22.50 22.53 22.56 22.58 22.60 22.62 22.65 22.67 22.69 22.71 22.73 22.74 22.76 22.84 23.00 23.14 23.27 23.38 23.48 23.57 23.65 23.71 23.77 23.83 23.87 23.91 23.95 23.98 24.02 24.05 24.08 24.11 24.14 24.15 24.18 24.20 24.23
17.52 17.52 17.37 18.66 18.92 19.06 18.67 20.15 20.43 20.15 20.66 20.89 20.71 20.14 20.52 19.75 20.56 21.00 21.14 21.16 21.13 20.94 20.90 20.61 21.12 21.47 21.52 21.30 20.92 20.97 21.17 21.48 21.66 21.88 21.97 22.03 22.08 22.13 22.17 22.20 22.25 22.27 22.30 22.33 22.36 22.39 22.41 22.44 22.46 22.49 22.51 22.53 22.55 22.56 22.58 22.62 22.71 22.87 23.03 23.16 23.29 23.39 23.49 23.56 23.64 23.70 23.75 23.81 23.85 23.88 23.92 23.95 23.98 24.01 24.04 24.06 24.09 24.11 24.14 24.16
16.42 16.37 17.50 17.98 18.56 19.29 19.62 18.64 19.61 19.78 20.31 20.90 20.60 20.64 20.42 20.12 20.77 20.81 20.88 20.85 21.00 21.01 21.07 21.03 21.18 21.08 21.16 20.58 20.72 20.84 21.30 21.50 21.47 21.68 21.76 21.83 21.89 21.95 21.98 22.03 22.06 22.10 22.13 22.17 22.19 22.23 22.25 22.28 22.30 22.32 22.35 22.37 22.39 22.41 22.44 22.47 22.59 22.76 22.94 23.07 23.21 23.31 23.41 23.49 23.56 23.63 23.68 23.73 23.77 23.82 23.85 23.88 23.91 23.94 23.97 24.00 24.02 24.05 24.07 24.09
16.59 16.84 17.05 17.40 18.44 19.28 18.67 19.30 19.65 20.07 20.48 20.80 20.73 20.59 20.51 19.83 20.10 19.66 20.49 20.40 20.81 20.82 20.94 21.01 21.06 20.87 21.17 20.92 20.58 20.83 21.23 21.26 21.42 21.50 21.58 21.64 21.71 21.77 21.81 21.86 21.90 21.93 21.97 22.01 22.04 22.07 22.09 22.13 22.15 22.18 22.20 22.23 22.25 22.27 22.30 22.33 22.48 22.67 22.84 22.99 23.12 23.23 23.33 23.42 23.49 23.55 23.61 23.66 23.70 23.74 23.78 23.81 23.85 23.88 23.90 23.92 23.95 23.97 24.00 24.02
17.13 16.95 17.34 16.63 18.78 19.12 17.93 18.59 19.19 19.90 20.47 20.69 20.49 20.23 20.38 19.80 20.16 20.31 20.43 20.65 20.54 20.76 20.77 20.79 20.86 20.97 21.01 20.80 20.49 20.81 21.17 21.21 21.27 21.35 21.41 21.48 21.55 21.59 21.65 21.70 21.74 21.79 21.82 21.85 21.89 21.92 21.95 21.98 22.01 22.04 22.06 22.09 22.11 22.14 22.15 22.20 22.38 22.57 22.76 22.91 23.04 23.16 23.26 23.34 23.42 23.48 23.54 23.59 23.64 23.68 23.71 23.74 23.77 23.80 23.83 23.85 23.88 23.90 23.93 23.95
17.94 17.48 17.97 17.84 17.62 17.70 18.11 19.26 18.47 20.25 19.73 19.95 20.36 18.94 20.24 19.91 19.98 20.35 20.49 20.53 20.61 20.47 20.44 20.52 20.58 20.74 20.87 20.87 20.95 20.84 21.04 21.08 21.14 21.20 21.26 21.33 21.39 21.45 21.50 21.55 21.59 21.63 21.67 21.71 21.75 21.78 21.81 21.84 21.87 21.90 21.92 21.95 21.97 22.00 22.03 22.10 22.30 22.50 22.68 22.83 22.97 23.09 23.19 23.27 23.36 23.42 23.47 23.52 23.56 23.61 23.64 23.68 23.71 23.73 23.76 23.79 23.81 23.84 23.86 23.88
17.84 17.80 17.87 17.61 18.05 16.65 16.65 18.85 20.02 18.47 19.72 19.93 20.42 20.35 19.46 18.70 19.71 20.30 20.31 20.22 20.17 20.20 20.37 20.38 20.36 20.68 20.76 20.79 20.81 20.87 20.91 20.96 21.01 21.07 21.13 21.19 21.25 21.31 21.36 21.41 21.45 21.49 21.54 21.57 21.60 21.64 21.67 21.71 21.74 21.77 21.80 21.82 21.85 21.88 21.91 22.00 22.22 22.43 22.61 22.77 22.91 23.02 23.12 23.21 23.28 23.34 23.41 23.45 23.50 23.53 23.58 23.61 23.64 23.67 23.70 23.72 23.75 23.76 23.79 23.81
17.45 16.43 17.29 17.62 17.55 16.60 17.03 19.83 18.09 17.95 18.98 20.24 19.75 19.72 19.19 17.98 19.77 20.18 20.29 20.32 20.35 20.24 20.31 20.42 20.53 19.85 20.54 20.51 20.69 20.75 20.80 20.85 20.89 20.95 21.01 21.06 21.11 21.17 21.22 21.26 21.31 21.36 21.40 21.44 21.48 21.51 21.55 21.58 21.61 21.65 21.68 21.70 21.73 21.76 21.80 21.94 22.16 22.37 22.55 22.71 22.84 22.96 23.06 23.15 23.22 23.28 23.34 23.39 23.43 23.47 23.50 23.53 23.56 23.59 23.62 23.64 23.67 23.69 23.72 23.74
17.78 17.33 16.75 16.88 18.06 19.03 17.53 19.64 17.64 17.71 19.28 19.27 20.23 19.50 18.77 19.11 19.47 19.92 20.15 20.21 20.25 20.25 20.31 20.38 19.65 20.45 20.47 19.88 20.12 20.64 20.69 20.74 20.79 20.84 20.89 20.94 20.99 21.04 21.09 21.14 21.19 21.23 21.27 21.31 21.36 21.39 21.43 21.46 21.49 21.52 21.55 21.59 21.61 21.64 21.69 21.88 22.11 22.31 22.50 22.66 22.78 22.90 23.00 23.08 23.16 23.22 23.27 23.32 23.37 23.40 23.44 23.47 23.50 23.52 23.55 23.58 23.60 23.63 23.65 23.66
18.03 16.68 16.33 16.28 17.94 19.35 19.51 19.08 17.21 18.13 19.01 19.87 19.82 19.31 18.34 18.43 18.67 19.47 19.84 19.94 20.12 20.17 20.24 20.13 19.67 20.15 20.40 19.97 20.52 20.55 20.60 20.64 20.68 20.73 20.77 20.82 20.88 20.93 20.97 21.02 21.07 21.11 21.15 21.20 21.23 21.27 21.30 21.34 21.38 21.41 21.44 21.47 21.50 21.53 21.61 21.83 22.07 22.27 22.45 22.59 22.73 22.84 22.94 23.02 23.10 23.15 23.21 23.25 23.30 23.34 23.37 23.40 23.43 23.46 23.48 23.51 23.53 23.55 23.57 23.60
17.73 16.58 16.84 16.85 18.49 19.25 17.76 17.47 16.31 18.97 19.36 19.48 19.22 19.86 18.67 19.69 18.30 19.04 19.83 19.87 20.02 20.09 20.09 19.75 19.67 20.26 20.33 20.31 20.43 20.47 20.50 20.54 20.59 20.63 20.67 20.72 20.77 20.81 20.86 20.91 20.95 20.99 21.04 21.08 21.11 21.16 21.19 21.23 21.27 21.30 21.33 21.36 21.39 21.44 21.56 21.80 22.03 22.23 22.40 22.55 22.68 22.78 22.88 22.96 23.03 23.09 23.14 23.19 23.23 23.26 23.30 23.32 23.36 23.39 23.41 23.43 23.46 23.48 23.50 23.53
17.33 15.97 14.92 16.60 17.54 18.89 17.32 15.87 18.23 18.18 19.02 19.72 18.92 19.08 19.32 18.62 18.82 18.38 19.34 19.70 19.86 19.96 20.02 19.63 19.25 20.12 20.27 20.32 20.35 20.39 20.42 20.45 20.49 20.54 20.58 20.62 20.66 20.71 20.75 20.79 20.84 20.88 20.93 20.97 21.01 21.05 21.08 21.12 21.16 21.19 21.23 21.26 21.29 21.35 21.53 21.77 22.00 22.19 22.35 22.50 22.62 22.73 22.82 22.90 22.97 23.02 23.08 23.12 23.16 23.20 23.23 23.26 23.29 23.31 23.34 23.36 23.39 23.41 23.44 23.46
15.35 15.53 15.17 16.86 16.50 18.22 16.87 15.88 16.73 19.30 19.87 18.11 18.17 19.69 19.53 19.44 18.50 18.80 19.23 19.44 19.61 19.85 19.54 19.99 19.35 20.12 20.20 20.25 20.28 20.31 20.34 20.37 20.40 20.43 20.48 20.52 20.56 20.61 20.65 20.70 20.74 20.78 20.82 20.87 20.90 20.94 20.98 21.01 21.06 21.09 21.13 21.16 21.19 21.27 21.51 21.75 21.97 22.16 22.32 22.46 22.57 22.68 22.76 22.85 22.91 22.96 23.01 23.06 23.10 23.13 23.16 23.19 23.22 23.25 23.27 23.30 23.32 23.34 23.37 23.38
15.15 15.35 15.38 16.64 16.93 17.84 16.76 16.76 18.33 17.82 19.89 18.11 19.89 18.62 19.38 18.52 18.98 19.25 19.41 19.69 19.70 19.77 19.66 19.61 20.04 20.09 20.14 20.19 20.22 20.23 20.26 20.29 20.32 20.35 20.39 20.42 20.47 20.50 20.55 20.59 20.64 20.68 20.72 20.76 20.80 20.84 20.88 20.91 20.95 20.99 21.03 21.06 21.11 21.25 21.49 21.73 21.95 22.12 22.28 22.42 22.53 22.63 22.71 22.78 22.85 22.90 22.95 22.99 23.03 23.07 23.10 23.12 23.15 23.18 23.20 23.23 23.25 23.26 23.29 23.31
15.71 16.03 16.57 16.16 16.64 16.35 15.47 17.46 19.14 18.10 19.75 17.45 18.71 19.80 19.00 18.14 18.51 19.27 19.53 19.52 19.75 19.70 19.81 19.80 19.98 19.73 19.89 20.04 20.14 20.16 20.17 20.20 20.23 20.26 20.30 20.33 20.38 20.41 20.46 20.49 20.54 20.58 20.62 20.66 20.70 20.75 20.78 20.82 20.85 20.90 20.93 20.97 21.04 21.23 21.49 21.72 21.93 22.09 22.24 22.38 22.48 22.58 22.66 22.72 22.79 22.84 22.88 22.92 22.96 23.00 23.03 23.06 23.08 23.11 23.13 23.16 23.17 23.20 23.22 23.24
15.14 15.13 15.78 15.42 15.72 16.51 15.43 15.36 17.82 19.66 17.35 17.50 19.64 19.72 19.47 18.77 19.46 19.39 19.58 19.57 19.79 19.82 19.84 19.88 19.90 19.28 19.43 19.84 20.05 20.07 20.09 20.12 20.15 20.18 20.21 20.25 20.28 20.33 20.36 20.41 20.44 20.49 20.52 20.57 20.60 20.65 20.69 20.72 20.76 20.80 20.84 20.88 20.99 21.23 21.49 21.71 21.91 22.06 22.21 22.33 22.44 22.52 22.60 22.67 22.72 22.78 22.82 22.86 22.89 22.92 22.96 22.99 23.02 23.04 23.07 23.08 23.10 23.13 23.15 23.17
15.38 15.62 16.53 16.86 15.88 16.16 16.10 15.74 15.71 17.75 19.55 19.52 18.99 19.75 19.68 18.78 19.68 19.69 19.42 19.39 19.64 19.74 19.79 19.78 19.77 18.93 19.16 19.93 19.96 19.99 20.01 20.04 20.07 20.10 20.13 20.16 20.20 20.24 20.28 20.31 20.36 20.39 20.44 20.48 20.51 20.56 20.59 20.63 20.67 20.70 20.74 20.80 20.98 21.24 21.49 21.70 21.89 22.04 22.18 22.29 22.39 22.47 22.55 22.61 22.66 22.72 22.76 22.79 22.83 22.86 22.89 22.91 22.94 22.96 22.99 23.01 23.04 23.06 23.08 23.10
16.02 16.16 16.10 16.10 16.57 17.39 17.50 16.74 17.62 17.28 16.48 19.42 18.60 19.03 19.56 19.65 19.64 19.49 19.67 19.60 19.68 19.71 19.73 19.40 19.57 18.33 19.62 19.72 19.88 19.90 19.93 19.95 19.99 20.02 20.05 20.08 20.12 20.15 20.19 20.23 20.27 20.31 20.35 20.39 20.43 20.47 20.51 20.54 20.59 20.61 20.66 20.74 20.99 21.25 21.49 21.69 21.86 22.01 22.14 22.25 22.34 22.42 22.50 22.55 22.60 22.65 22.70 22.73 22.76 22.79 22.82 22.85 22.87 22.90 22.92 22.94 22.97 22.99 23.00 23.03
15.44 15.86 17.10 15.75 14.98 16.17 19.20 17.98 16.34 17.43 19.31 16.49 18.95 19.43 18.75 18.59 19.60 19.53 19.66 19.65 19.67 19.65 19.66 18.55 19.23 18.79 19.70 19.78 19.81 19.83 19.86 19.88 19.91 19.94 19.97 20.01 20.04 20.08 20.11 20.16 20.19 20.23 20.27 20.30 20.35 20.38 20.42 20.46 20.50 20.54 20.59 20.75 21.01 21.26 21.49 21.68 21.84 21.98 22.11 22.20 22.30 22.37 22.44 22.50 22.54 22.59 22.63 22.67 22.70 22.73 22.75 22.78 22.80 22.83 22.85 22.87 22.90 22.92 22.93 22.96
15.40 16.33 17.15 18.77 15.65 18.49 18.31 18.60 18.71 18.09 19.19 18.52 17.71 19.12 19.33 19.55 19.54 19.37 19.51 19.63 19.57 19.58 19.61 18.93 19.32 19.59 19.41 19.71 19.74 19.76 19.79 19.82 19.84 19.88 19.90 19.94 19.97 20.01 20.04 20.08 20.11 20.16 20.19 20.23 20.27 20.30 20.34 20.38 20.42 20.46 20.54 20.77 21.04 21.27 21.48 21.67 21.82 21.95 22.07 22.16 22.25 22.32 22.38 22.44 22.48 22.52 22.57 22.60 22.63 22.66 22.69 22.71 22.74 22.76 22.78 22.81 22.83 22.84 22.86 22.89
16.39 15.95 15.15 16.13 18.83 18.86 15.91 17.51 16.37 17.62 17.48 19.13 18.18 18.83 18.79 19.42 19.41 19.37 19.13 19.33 19.39 19.50 19.52 18.30 19.39 19.52 19.63 19.65 19.67 19.70 19.72 19.75 19.78 19.81 19.84 19.88 19.90 19.94 19.97 20.01 20.04 20.08 20.11 20.16 20.19 20.22 20.27 20.30 20.34 20.39 20.54 20.81 21.07 21.28 21.48 21.65 21.80 21.92 22.03 22.12 22.20 22.27 22.32 22.38 22.43 22.46 22.51 22.54 22.57 22.59 22.62 22.65 22.67 22.69 22.72 22.74 22.75 22.77 22.80 22.82
