main/data/pressure/05.12.2023.grid
ncols 886
nrows 691
xllcenter 112.0000
yllcenter -44.5000
cellsize 0.0500
nodata_value 99999.90
[rows 468 to 503 of 691, columns 400 to 479 of 886]
18.53 18.51 18.49 18.47 18.44 18.42 18.40 18.39 18.37 18.35 18.34 18.33 18.31 18.30 18.30 18.29 18.29 18.28 18.28 18.27 18.28 18.29 18.29 18.30 18.30 18.31 18.33 18.34 18.35 18.35 18.36 18.37 18.36 18.35 18.31 18.27 18.24 18.20 18.17 18.14 18.11 18.07 18.04 18.00 17.97 17.92 17.89 17.85 17.80 17.76 17.71 17.67 17.62 17.57 17.53 17.48 17.42 17.36 17.16 17.13 17.13 16.94 16.79 16.67 16.71 16.67 16.66 16.62 16.55 16.49 16.49 16.48 16.46 16.41 16.40 16.36 16.36 16.41 16.27 16.18
18.57 18.54 18.52 18.50 18.49 18.46 18.44 18.42 18.40 18.39 18.37 18.35 18.35 18.33 18.32 18.31 18.30 18.30 18.30 18.29 18.29 18.29 18.29 18.29 18.29 18.30 18.31 18.31 18.32 18.34 18.34 18.35 18.35 18.35 18.32 18.30 18.26 18.24 18.20 18.17 18.15 18.11 18.09 18.05 18.02 17.99 17.95 17.92 17.88 17.84 17.80 17.75 17.71 17.67 17.62 17.59 17.53 17.48 17.21 16.84 17.01 17.05 16.74 16.41 16.89 16.81 16.77 16.73 16.68 16.65 16.63 16.61 16.58 16.56 16.55 16.52 16.49 16.57 16.33 16.26
18.60 18.57 18.55 18.54 18.52 18.49 18.47 18.45 18.44 18.42 18.40 18.39 18.37 18.36 18.35 18.33 18.32 18.32 18.31 18.30 18.30 18.30 18.29 18.30 18.30 18.30 18.31 18.31 18.32 18.32 18.33 18.33 18.34 18.35 18.35 18.33 18.30 18.27 18.25 18.21 18.19 18.17 18.13 18.10 18.07 18.04 18.01 17.98 17.94 17.91 17.88 17.84 17.80 17.76 17.73 17.68 17.64 17.59 17.47 17.08 17.09 17.23 17.00 17.11 17.03 16.95 16.88 16.87 16.84 16.80 16.77 16.76 16.72 16.64 16.65 16.62 16.63 16.63 16.61 16.61
18.63 18.60 18.58 18.57 18.55 18.52 18.50 18.49 18.47 18.45 18.43 18.41 18.39 18.38 18.38 18.36 18.35 18.34 18.33 18.33 18.31 18.31 18.31 18.31 18.31 18.31 18.31 18.32 18.32 18.32 18.33 18.33 18.34 18.35 18.35 18.35 18.33 18.31 18.28 18.25 18.23 18.20 18.18 18.15 18.13 18.10 18.07 18.04 18.01 17.98 17.95 17.92 17.88 17.85 17.82 17.78 17.74 17.70 17.54 17.18 17.11 17.39 17.32 17.14 17.01 16.96 16.91 16.92 16.93 16.89 16.90 16.89 16.80 16.57 16.73 16.66 16.70 16.67 16.86 16.83
18.66 18.63 18.61 18.60 18.57 18.55 18.54 18.52 18.49 18.47 18.46 18.44 18.43 18.41 18.40 18.38 18.37 18.37 18.35 18.34 18.34 18.33 18.33 18.32 18.32 18.32 18.32 18.32 18.32 18.32 18.33 18.33 18.34 18.35 18.36 18.36 18.36 18.34 18.32 18.30 18.27 18.25 18.23 18.20 18.18 18.15 18.13 18.10 18.07 18.05 18.01 17.99 17.96 17.92 17.90 17.87 17.77 17.81 17.57 17.26 17.35 17.51 17.35 17.20 17.10 17.03 16.98 16.98 17.01 16.99 16.99 17.00 16.95 16.87 16.87 16.78 16.87 16.86 16.97 16.95
18.68 18.66 18.64 18.63 18.60 18.58 18.57 18.54 18.52 18.51 18.49 18.48 18.45 18.44 18.42 18.41 18.39 18.39 18.38 18.36 18.35 18.35 18.34 18.34 18.34 18.34 18.34 18.33 18.33 18.33 18.33 18.34 18.36 18.36 18.36 18.37 18.38 18.37 18.36 18.34 18.32 18.30 18.28 18.25 18.23 18.20 18.18 18.16 18.13 18.10 18.08 18.05 18.03 18.00 17.97 17.94 17.92 17.59 17.87 17.55 17.65 17.63 17.51 17.37 17.27 17.19 17.12 17.11 17.17 17.19 17.17 17.16 17.13 17.14 17.12 17.09 17.10 17.13 17.12 17.11
18.71 18.69 18.67 18.65 18.63 18.61 18.59 18.57 18.55 18.54 18.51 18.50 18.48 18.47 18.45 18.44 18.43 18.41 18.40 18.39 18.38 18.37 18.36 18.36 18.35 18.35 18.35 18.35 18.35 18.35 18.35 18.36 18.37 18.37 18.38 18.39 18.40 18.40 18.40 18.37 18.36 18.33 18.32 18.30 18.28 18.25 18.23 18.21 18.19 18.16 17.88 17.85 18.09 18.06 18.04 18.01 17.99 17.96 17.93 17.87 17.69 17.59 17.68 17.52 17.44 17.35 17.27 17.31 17.37 17.38 17.37 17.34 17.27 17.30 17.32 17.33 17.30 17.25 17.23 17.24
18.74 18.71 18.69 18.67 18.66 18.63 18.62 18.60 18.58 18.56 18.54 18.53 18.51 18.49 18.48 18.46 18.45 18.44 18.42 18.41 18.40 18.40 18.39 18.37 18.37 18.37 18.36 18.36 18.36 18.36 18.37 18.37 18.38 18.39 18.40 18.41 18.41 18.42 18.43 18.41 18.40 18.38 18.36 18.34 18.32 18.30 18.27 18.25 18.23 18.21 17.95 18.16 18.14 18.12 18.09 18.07 18.04 18.02 17.98 17.93 17.88 17.20 17.76 17.64 17.55 17.50 17.47 17.52 17.53 17.50 17.48 17.45 17.42 17.44 17.41 17.39 17.43 17.30 17.37 17.40
18.75 18.74 18.72 18.69 18.68 18.66 18.64 18.62 18.61 18.59 18.57 18.55 18.54 18.52 18.50 18.49 18.47 18.46 18.45 18.43 18.42 18.42 18.41 18.40 18.39 18.38 18.38 18.38 18.38 18.38 18.38 18.39 18.39 18.40 18.41 18.42 18.42 18.44 18.45 18.44 18.44 18.41 18.40 18.38 18.36 18.34 18.31 18.29 18.27 18.25 18.23 18.20 18.18 18.16 18.13 18.11 18.09 18.05 18.01 17.98 17.94 17.89 17.85 17.72 17.67 17.70 17.66 17.62 17.62 17.58 17.56 17.54 17.55 17.55 17.53 17.55 17.47 17.01 17.54 17.52
18.78 18.75 18.74 18.72 18.71 18.68 18.67 18.65 18.62 18.61 18.59 18.57 18.56 18.54 18.53 18.52 18.50 18.49 18.47 18.46 18.45 18.44 18.43 18.42 18.42 18.40 18.40 18.40 18.40 18.40 18.40 18.40 18.41 18.41 18.42 18.42 18.44 18.45 18.45 18.47 18.47 18.45 18.42 18.41 18.39 18.37 18.35 18.33 18.31 18.28 18.26 18.24 18.21 18.20 18.17 18.14 18.11 18.09 18.05 18.02 17.97 17.93 17.90 17.84 17.81 17.77 17.68 17.72 17.70 17.68 17.65 17.64 17.65 17.64 17.64 17.60 17.65 17.61 17.56 17.59
18.80 18.78 18.76 18.74 18.72 18.71 18.68 18.67 18.65 18.63 18.61 18.60 18.59 18.56 18.55 18.54 18.52 18.51 18.50 18.49 18.47 18.46 18.45 18.44 18.44 18.43 18.42 18.42 18.41 18.41 18.42 18.42 18.42 18.43 18.43 18.44 18.45 18.46 18.46 18.48 18.49 18.47 18.45 18.44 18.42 18.40 18.38 18.35 18.33 18.31 18.29 18.26 18.24 18.22 18.19 18.17 18.14 18.11 18.08 18.05 18.01 17.97 17.95 17.92 17.84 17.85 17.80 17.78 17.77 17.77 17.74 17.73 17.73 17.73 17.74 17.69 17.66 17.70 17.71 17.65
18.81 18.80 18.78 18.76 18.74 18.73 18.70 18.69 18.67 18.66 18.63 18.62 18.61 18.59 18.57 18.55 18.54 18.53 18.52 18.51 18.49 18.48 18.47 18.46 18.46 18.45 18.45 18.43 18.43 18.43 18.43 18.43 18.44 18.43 18.44 18.45 18.46 18.46 18.47 18.49 18.49 18.49 18.47 18.45 18.44 18.42 18.14 18.37 18.35 18.33 18.31 18.28 18.26 18.23 18.21 18.18 18.16 18.12 18.10 18.07 18.04 18.01 17.98 17.95 17.93 17.70 17.87 17.77 17.79 17.80 17.80 17.76 17.80 17.80 17.79 17.74 17.72 17.68 17.72 17.77
18.83 18.81 18.80 18.77 18.76 18.74 18.73 18.70 18.69 18.67 18.65 18.64 18.62 18.61 18.59 18.57 18.56 18.55 18.54 18.52 18.51 18.50 18.49 18.49 18.48 18.46 18.46 18.45 18.45 18.45 18.45 18.45 18.45 18.45 18.45 18.46 18.47 18.47 18.48 18.49 18.49 18.49 18.49 18.47 18.45 18.43 18.41 18.39 18.36 18.34 18.31 18.29 18.27 18.24 18.21 18.20 18.17 18.13 18.11 18.08 18.05 18.03 18.00 17.98 17.96 17.95 17.86 17.71 17.82 17.81 17.74 17.76 17.80 17.84 17.87 17.86 17.87 17.66 17.74 17.79
18.84 18.83 18.81 18.79 18.77 18.76 18.74 18.72 18.71 18.69 18.67 18.66 18.64 18.63 18.62 18.59 18.58 18.57 18.56 18.54 18.53 18.52 18.51 18.50 18.49 18.48 18.48 18.47 18.47 18.46 18.46 18.45 18.45 18.46 18.46 18.47 18.46 18.47 18.48 18.48 18.49 18.49 18.49 18.47 18.45 18.43 18.41 18.39 18.37 18.35 18.31 18.29 18.27 18.24 18.22 18.20 18.17 18.14 18.12 18.08 18.06 18.04 18.02 17.99 17.98 17.97 17.90 17.92 17.79 17.76 17.74 17.80 17.81 17.86 17.84 17.80 17.80 17.83 17.84 17.86
18.86 18.84 18.83 18.80 18.79 18.78 18.75 18.74 18.72 18.71 18.69 18.67 18.66 18.65 18.63 18.61 18.60 18.59 18.57 18.56 18.55 18.54 18.53 18.51 18.51 18.50 18.49 18.49 18.48 18.48 18.48 18.47 18.47 18.47 18.47 18.46 18.47 18.47 18.47 18.48 18.48 18.48 18.48 18.47 18.45 18.42 18.40 18.38 18.35 18.33 18.31 18.29 18.26 18.24 18.21 18.18 18.16 18.13 18.11 18.09 18.06 18.04 18.02 18.00 17.99 17.98 17.96 17.84 17.55 17.70 17.75 17.83 17.85 17.85 17.80 17.74 17.64 17.74 17.79 17.73
18.88 18.86 18.83 18.82 18.81 18.79 18.77 18.75 18.74 18.72 18.70 18.69 18.68 18.66 18.64 18.63 18.62 18.60 18.59 18.58 18.57 18.56 18.54 18.53 18.52 18.52 18.51 18.50 18.49 18.49 18.48 18.48 18.48 18.48 18.47 18.47 18.47 18.46 18.47 18.47 18.47 18.47 18.46 18.45 18.44 18.42 18.39 18.37 18.34 18.32 18.30 18.28 18.25 18.23 18.20 18.17 18.15 18.13 18.10 18.08 18.06 18.04 18.02 18.01 18.00 17.85 17.98 17.23 17.65 17.77 17.86 17.90 17.90 17.85 17.75 17.75 17.48 17.55 17.61 17.70
18.88 18.86 18.85 18.84 18.81 18.80 18.78 18.77 18.75 18.73 18.72 18.71 18.69 18.67 18.66 18.64 18.63 18.62 18.61 18.60 18.59 18.57 18.56 18.55 18.54 18.53 18.52 18.51 18.50 18.50 18.50 18.49 18.49 18.48 18.48 18.48 18.48 18.47 18.47 18.46 18.46 18.45 18.45 18.43 18.41 18.40 18.37 18.35 18.33 18.30 18.28 18.26 18.23 18.21 18.18 18.16 18.14 18.12 18.10 18.07 18.05 18.03 18.02 18.00 17.98 17.97 17.98 17.50 17.72 17.83 17.91 17.90 17.88 17.86 17.89 17.90 17.77 17.73 17.51 17.64
18.89 18.88 18.86 18.84 18.83 18.81 18.80 18.78 18.76 18.75 18.74 18.71 18.70 18.69 18.67 18.66 18.65 18.63 18.61 18.60 18.59 18.58 18.57 18.57 18.55 18.54 18.53 18.52 18.52 18.51 18.51 18.49 18.49 18.49 18.48 18.47 18.47 18.46 18.45 18.45 18.45 18.43 18.42 18.41 18.39 18.37 18.35 18.33 18.30 18.28 18.26 18.23 18.21 18.19 18.16 18.14 18.12 18.10 18.08 18.06 18.04 18.03 18.00 17.99 17.98 17.97 17.97 17.97 17.74 17.89 17.91 17.86 17.88 17.90 17.93 17.92 17.86 17.67 17.56 17.68
18.90 18.88 18.87 18.85 18.84 18.82 18.80 18.79 18.78 18.75 18.74 18.73 18.71 18.70 18.68 18.67 18.65 18.64 18.63 18.62 18.61 18.60 18.58 18.57 18.56 18.55 18.55 18.54 18.53 18.52 18.51 18.50 18.50 18.49 18.48 18.47 18.47 18.45 18.45 18.44 18.42 18.42 18.40 18.39 18.36 18.34 18.31 18.30 18.26 18.24 18.23 18.20 18.18 18.16 18.14 18.12 18.10 18.08 18.06 18.05 18.02 18.01 17.99 17.98 17.97 17.96 17.95 17.96 17.84 17.92 17.86 17.80 17.87 17.93 17.96 17.92 17.77 17.26 17.40 17.66
18.91 18.89 18.87 18.86 18.84 18.83 18.81 18.79 18.78 18.77 18.76 18.73 18.72 18.71 18.70 18.68 18.67 18.66 18.64 18.62 18.61 18.60 18.59 18.59 18.58 18.56 18.55 18.54 18.53 18.53 18.52 18.51 18.50 18.49 18.48 18.48 18.46 18.45 18.44 18.42 18.41 18.39 18.38 18.35 18.33 18.30 18.28 18.26 18.23 18.21 18.19 18.17 18.15 18.14 18.11 18.10 18.07 18.06 18.04 18.03 18.01 17.99 17.99 17.98 17.96 17.95 17.95 17.94 17.94 17.85 17.70 17.63 17.85 17.96 17.94 17.78 17.55 17.51 17.47 17.15
18.91 18.90 18.89 18.86 18.85 18.83 18.82 18.81 18.79 18.77 18.76 18.75 18.73 18.71 18.70 18.69 18.67 18.66 18.65 18.64 18.63 18.62 18.61 18.59 18.58 18.57 18.56 18.55 18.55 18.53 18.52 18.51 18.50 18.50 18.48 18.47 18.46 18.45 18.43 18.41 18.39 18.37 18.35 18.33 18.29 18.26 18.24 18.22 18.20 18.18 18.16 18.14 18.12 18.11 18.09 18.07 18.06 18.04 18.03 18.01 17.99 17.99 17.98 17.96 17.95 17.95 17.95 17.95 17.76 17.61 17.68 17.70 17.32 18.00 17.90 17.72 17.44 17.66 17.55 17.30
18.91 18.90 18.89 18.87 18.85 18.84 18.82 18.81 18.80 18.78 18.76 18.75 18.74 18.73 18.71 18.69 18.68 18.67 18.66 18.64 18.63 18.62 18.61 18.60 18.59 18.58 18.56 18.56 18.55 18.54 18.53 18.52 18.50 18.49 18.48 18.47 18.45 18.44 18.42 18.40 18.38 18.35 18.33 18.29 18.27 18.23 18.20 18.18 18.16 18.14 18.12 18.10 18.09 18.07 18.06 18.05 18.03 18.02 18.01 17.99 17.99 17.97 17.96 17.96 17.95 17.95 17.95 17.96 17.98 17.65 17.89 17.97 18.00 17.98 17.95 17.67 17.50 17.58 17.73 18.04
18.92 18.90 18.89 18.88 18.86 18.84 18.83 18.81 18.80 18.79 18.77 18.75 18.74 18.73 18.72 18.71 18.68 18.67 18.66 18.65 18.64 18.63 18.61 18.60 18.59 18.59 18.58 18.57 18.55 18.54 18.53 18.52 18.51 18.50 18.48 18.47 18.45 18.44 18.41 18.39 18.36 18.34 18.31 18.27 18.24 18.20 18.16 18.14 18.12 18.10 18.09 18.07 18.06 18.04 18.03 18.02 18.01 18.00 17.99 17.98 17.97 17.97 17.96 17.96 17.96 17.96 17.96 17.98 17.99 18.00 18.01 18.00 17.91 17.96 17.86 17.52 17.41 17.86 18.13 18.29
18.92 18.91 18.89 18.88 18.86 18.84 18.83 18.82 18.80 18.79 18.77 18.76 18.74 18.73 18.72 18.71 18.70 18.69 18.66 18.65 18.64 18.63 18.62 18.61 18.61 18.59 18.58 18.57 18.56 18.55 18.54 18.52 18.51 18.49 18.48 18.47 18.44 18.43 18.41 18.38 18.35 18.33 18.29 18.26 18.21 18.17 18.13 18.10 18.09 18.07 18.05 18.04 18.02 18.02 18.01 18.00 17.99 17.98 17.97 17.96 17.96 17.95 17.95 17.95 17.96 17.96 17.97 17.99 18.01 18.01 17.99 18.01 17.99 17.95 17.72 17.42 17.34 17.66 18.26 18.34
18.92 18.91 18.89 18.88 18.87 18.85 18.83 18.82 18.81 18.80 18.77 18.76 18.75 18.74 18.72 18.71 18.70 18.69 18.68 18.66 18.64 18.63 18.62 18.62 18.61 18.60 18.59 18.58 18.56 18.55 18.54 18.52 18.51 18.49 18.48 18.46 18.45 18.42 18.40 18.37 18.35 18.31 18.28 18.23 18.19 18.14 18.10 18.06 18.05 18.03 18.02 18.00 18.00 17.99 17.98 17.97 17.96 17.96 17.95 17.95 17.95 17.95 17.90 17.94 17.96 17.97 17.98 18.00 18.02 18.05 18.07 18.07 18.03 17.83 17.64 17.47 17.56 18.10 18.31 18.34
18.92 18.91 18.89 18.88 18.86 18.85 18.83 18.82 18.81 18.79 18.77 18.76 18.75 18.74 18.73 18.71 18.70 18.69 18.67 18.66 18.65 18.64 18.62 18.61 18.60 18.60 18.59 18.58 18.57 18.55 18.53 18.52 18.51 18.50 18.48 18.46 18.44 18.42 18.40 18.36 18.34 18.30 18.26 18.22 18.17 18.13 18.07 18.03 18.00 18.00 17.98 17.98 17.97 17.96 17.95 17.95 17.95 17.94 17.93 17.94 17.94 17.93 17.94 17.95 17.96 17.97 17.98 18.00 18.03 18.06 18.06 18.02 17.91 17.79 17.75 17.68 17.82 18.26 18.33 18.27
18.92 18.91 18.89 18.87 18.86 18.85 18.83 18.82 18.80 18.79 18.78 18.76 18.75 18.74 18.73 18.72 18.70 18.68 18.67 18.66 18.65 18.64 18.63 18.62 18.61 18.59 18.58 18.57 18.56 18.55 18.54 18.52 18.51 18.49 18.48 18.46 18.44 18.41 18.39 18.36 18.33 18.29 18.26 18.21 18.16 18.12 18.06 18.01 17.97 17.97 17.95 17.95 17.94 17.93 17.93 17.93 17.92 17.92 17.92 17.93 17.92 17.93 17.94 17.95 17.96 17.97 17.99 17.98 18.03 18.06 18.04 18.00 17.90 17.82 17.81 17.82 17.69 18.30 18.33 18.12
18.92 18.90 18.89 18.87 18.86 18.85 18.83 18.81 18.80 18.79 18.78 18.77 18.75 18.73 18.72 18.71 18.70 18.69 18.67 18.66 18.65 18.64 18.63 18.62 18.61 18.60 18.59 18.57 18.56 18.55 18.54 18.53 18.51 18.50 18.47 18.46 18.44 18.42 18.39 18.35 18.33 18.29 18.25 18.20 18.16 18.10 18.05 17.98 17.95 17.93 17.92 17.91 17.91 17.92 17.91 17.91 17.91 17.91 17.91 17.91 17.92 17.92 17.93 17.94 17.95 17.96 17.98 18.01 18.03 18.06 17.95 18.01 17.98 17.91 17.91 17.99 18.07 18.32 17.78 18.09
18.91 18.90 18.89 18.87 18.85 18.84 18.83 18.82 18.80 18.79 18.77 18.76 18.75 18.73 18.72 18.71 18.70 18.69 18.68 18.67 18.65 18.64 18.63 18.62 18.61 18.60 18.59 18.58 18.57 18.55 18.54 18.52 18.51 18.50 18.48 18.45 18.43 18.41 18.39 18.36 18.32 18.28 18.25 18.20 18.15 18.10 18.05 17.98 17.93 17.90 17.90 17.89 17.89 17.89 17.88 17.89 17.89 17.89 17.89 17.90 17.91 17.91 17.92 17.93 17.95 17.96 17.98 18.00 18.02 18.05 17.93 18.10 18.05 17.96 17.94 18.07 18.25 18.28 18.28 18.26
18.91 18.90 18.88 18.86 18.85 18.84 18.83 18.80 18.79 18.78 18.77 18.76 18.75 18.74 18.72 18.71 18.70 18.69 18.67 18.66 18.65 18.64 18.63 18.62 18.61 18.60 18.59 18.58 18.56 18.55 18.54 18.52 18.51 18.49 18.48 18.46 18.44 18.41 18.38 18.35 18.32 18.29 18.24 18.20 18.15 18.10 18.04 17.98 17.93 17.88 17.87 17.86 17.86 17.87 17.86 17.86 17.87 17.87 17.88 17.89 17.89 17.90 17.91 17.93 17.93 17.95 17.97 17.99 18.02 18.04 18.07 18.10 18.09 17.98 18.04 18.20 18.22 18.10 18.11 18.12
18.90 18.89 18.88 18.86 18.84 18.83 18.82 18.80 18.79 18.78 18.77 18.75 18.74 18.73 18.71 18.70 18.69 18.68 18.67 18.66 18.65 18.64 18.62 18.61 18.60 18.59 18.58 18.57 18.56 18.55 18.54 18.53 18.50 18.49 18.47 18.45 18.43 18.41 18.39 18.35 18.32 18.29 18.25 18.20 18.15 18.10 18.05 17.98 17.92 17.87 17.85 17.84 17.84 17.84 17.85 17.85 17.85 17.85 17.86 17.86 17.88 17.89 17.90 17.91 17.93 17.95 17.96 17.98 18.01 18.02 18.05 18.07 18.09 18.08 18.14 18.16 18.18 18.18 18.10 17.66
18.90 18.88 18.86 18.85 18.84 18.83 18.82 18.80 18.78 18.77 18.76 18.75 18.74 18.73 18.71 18.70 18.69 18.68 18.67 18.66 18.65 18.64 18.63 18.61 18.60 18.59 18.58 18.57 18.56 18.55 18.53 18.52 18.51 18.49 18.47 18.45 18.43 18.41 18.38 18.36 18.32 18.29 18.25 18.21 18.16 18.11 18.05 18.00 17.94 17.88 17.82 17.82 17.82 17.82 17.83 17.83 17.84 17.84 17.85 17.85 17.86 17.88 17.88 17.90 17.91 17.93 17.95 17.96 17.98 18.00 18.02 18.04 18.06 18.08 17.86 18.11 18.13 18.12 18.11 18.02
18.89 18.88 18.86 18.84 18.83 18.82 18.81 18.79 18.78 18.76 18.75 18.74 18.73 18.72 18.70 18.69 18.68 18.67 18.66 18.65 18.64 18.63 18.62 18.61 18.59 18.58 18.57 18.56 18.55 18.54 18.53 18.52 18.50 18.49 18.46 18.45 18.43 18.41 18.38 18.36 18.33 18.30 18.25 18.21 18.17 18.12 18.07 18.02 17.95 17.89 17.83 17.80 17.80 17.80 17.81 17.81 17.82 17.82 17.83 17.83 17.85 17.85 17.87 17.88 17.89 17.91 17.93 17.94 17.96 17.97 17.99 18.01 18.03 18.04 18.05 18.07 18.07 18.06 18.05 18.04
18.88 18.86 18.85 18.84 18.82 18.81 18.80 18.78 18.77 18.76 18.75 18.74 18.72 18.70 18.69 18.68 18.67 18.66 18.65 18.64 18.63 18.62 18.61 18.60 18.59 18.58 18.57 18.56 18.55 18.53 18.52 18.51 18.50 18.48 18.47 18.45 18.42 18.40 18.38 18.36 18.33 18.30 18.26 18.23 18.18 18.13 18.08 18.03 17.97 17.91 17.85 17.80 17.78 17.78 17.79 17.79 17.80 17.80 17.80 17.82 17.82 17.84 17.84 17.86 17.87 17.88 17.90 17.92 17.93 17.95 17.95 17.97 17.98 18.00 18.00 18.00 18.01 18.00 17.99 17.97
18.86 18.85 18.84 18.83 18.82 18.80 18.78 18.77 18.76 18.75 18.74 18.73 18.72 18.70 18.69 18.68 18.67 18.66 18.65 18.64 18.63 18.62 18.61 18.60 18.58 18.58 18.56 18.55 18.54 18.53 18.52 18.51 18.49 18.48 18.47 18.45 18.43 18.41 18.38 18.36 18.33 18.30 18.27 18.23 18.19 18.15 18.10 18.05 18.00 17.93 17.87 17.81 17.77 17.75 17.76 17.77 17.78 17.78 17.78 17.80 17.80 17.81 17.83 17.83 17.84 17.85 17.87 17.88 17.89 17.90 17.91 17.92 17.93 17.93 17.94 17.94 17.93 17.93 17.91 17.89
18.85 18.84 18.83 18.82 18.80 18.79 18.77 18.76 18.75 18.74 18.73 18.71 18.70 18.69 18.68 18.67 18.66 18.65 18.64 18.63 18.62 18.61 18.60 18.59 18.58 18.56 18.55 18.54 18.53 18.52 18.51 18.50 18.49 18.48 18.46 18.45 18.43 18.41 18.39 18.36 18.33 18.30 18.27 18.24 18.20 18.16 18.12 18.07 18.02 17.97 17.91 17.85 17.79 17.75 17.74 17.74 17.75 17.76 17.76 17.77 17.78 17.79 17.80 17.80 17.81 17.83 17.84 17.84 17.85 17.86 17.86 17.87 17.87 17.87 17.87 17.87 17.86 17.85 17.83 17.82
