main/data/pressure/06.04.2023.grid
ncols 886
nrows 691
xllcenter 112.0000
yllcenter -44.5000
cellsize 0.0500
nodata_value 99999.90
[rows 0 to 33 of 691, columns 390 to 467 of 886]
33.41 33.38 33.34 33.31 33.27 33.24 33.22 33.18 33.15 33.12 33.09 33.06 33.04 33.02 32.98 32.96 32.94 32.90 32.88 32.86 32.84 32.80 32.78 32.77 32.75 32.74 32.72 32.71 32.71 32.70 32.70 32.70 32.70 32.71 32.72 32.73 32.75 32.77 32.79 32.81 32.83 32.85 32.88 32.90 32.92 32.94 32.98 33.00 33.02 33.05 33.07 33.09 33.12 33.14 33.16 33.18 33.20 33.23 33.24 33.27 33.29 33.30 33.33 33.34 33.37 33.38 33.41 33.42 33.44 33.46 33.48 33.49 33.52 33.53 33.54 33.57 33.58 33.59
33.33 33.29 33.26 33.22 33.19 33.15 33.13 33.10 33.06 33.04 33.00 32.98 32.95 32.92 32.89 32.86 32.84 32.80 32.78 32.75 32.73 32.70 32.68 32.66 32.64 32.62 32.60 32.60 32.58 32.58 32.58 32.58 32.59 32.60 32.61 32.62 32.64 32.66 32.68 32.71 32.73 32.75 32.78 32.80 32.84 32.86 32.89 32.92 32.95 32.97 33.00 33.02 33.05 33.07 33.10 33.12 33.14 33.17 33.18 33.21 33.23 33.26 33.27 33.30 33.31 33.33 33.36 33.37 33.40 33.41 33.43 33.45 33.46 33.49 33.50 33.51 33.53 33.55
33.25 33.21 33.17 33.14 33.10 33.07 33.04 33.01 32.97 32.95 32.91 32.89 32.85 32.83 32.79 32.76 32.73 32.71 32.67 32.64 32.61 32.59 32.56 32.54 32.52 32.50 32.48 32.47 32.46 32.46 32.45 32.46 32.46 32.47 32.48 32.50 32.53 32.55 32.57 32.59 32.62 32.66 32.69 32.71 32.74 32.78 32.81 32.83 32.87 32.90 32.93 32.95 32.99 33.01 33.03 33.06 33.08 33.11 33.13 33.15 33.17 33.20 33.23 33.24 33.26 33.29 33.30 33.33 33.34 33.37 33.38 33.40 33.42 33.43 33.46 33.47 33.48 33.49
33.16 33.13 33.09 33.05 33.01 32.98 32.95 32.92 32.88 32.85 32.82 32.78 32.76 32.73 32.69 32.66 32.63 32.60 32.57 32.53 32.50 32.47 32.44 32.41 32.39 32.37 32.35 32.34 32.33 32.32 32.32 32.32 32.32 32.33 32.36 32.37 32.40 32.42 32.45 32.48 32.51 32.54 32.58 32.62 32.65 32.68 32.72 32.75 32.79 32.82 32.85 32.88 32.91 32.94 32.97 33.00 33.03 33.05 33.08 33.10 33.13 33.14 33.17 33.19 33.21 33.23 33.26 33.27 33.30 33.31 33.34 33.35 33.38 33.39 33.40 33.42 33.44 33.45
33.08 33.04 33.00 32.97 32.93 32.89 32.86 32.83 32.79 32.76 32.73 32.69 32.66 32.63 32.59 32.56 32.52 32.49 32.46 32.42 32.38 32.35 32.31 32.28 32.26 32.23 32.21 32.20 32.18 32.18 32.18 32.18 32.19 32.20 32.22 32.24 32.26 32.30 32.33 32.36 32.39 32.44 32.47 32.51 32.55 32.59 32.62 32.67 32.70 32.74 32.77 32.81 32.84 32.88 32.90 32.93 32.97 32.99 33.02 33.04 33.07 33.09 33.12 33.14 33.16 33.19 33.20 33.23 33.24 33.27 33.28 33.31 33.32 33.35 33.36 33.37 33.38 33.41
33.00 32.96 32.92 32.88 32.84 32.81 32.77 32.73 32.70 32.66 32.64 32.59 32.56 32.53 32.49 32.45 32.42 32.38 32.34 32.30 32.27 32.23 32.19 32.16 32.13 32.10 32.08 32.06 32.04 32.03 32.03 32.03 32.04 32.05 32.07 32.10 32.12 32.15 32.19 32.22 32.27 32.31 32.35 32.40 32.44 32.49 32.53 32.58 32.62 32.66 32.70 32.74 32.77 32.81 32.83 32.87 32.89 32.93 32.96 32.98 33.01 33.03 33.06 33.09 33.11 33.13 33.16 33.18 33.20 33.22 33.24 33.25 33.28 33.29 33.31 33.33 33.34 33.36
32.93 32.88 32.84 32.80 32.76 32.72 32.68 32.64 32.60 32.57 32.53 32.50 32.47 32.42 32.38 32.35 32.31 32.27 32.22 32.18 32.14 32.10 32.06 32.02 31.99 31.96 31.93 31.91 31.89 31.88 31.87 31.87 31.89 31.90 31.92 31.95 31.97 32.01 32.05 32.09 32.14 32.19 32.24 32.28 32.34 32.38 32.44 32.48 32.53 32.57 32.62 32.65 32.70 32.74 32.77 32.81 32.83 32.87 32.90 32.92 32.95 32.99 33.00 33.03 33.06 33.08 33.11 33.12 33.15 33.17 33.19 33.21 33.23 33.25 33.26 33.28 33.30 33.31
32.85 32.80 32.75 32.71 32.67 32.63 32.59 32.56 32.51 32.48 32.44 32.41 32.36 32.32 32.28 32.24 32.20 32.15 32.11 32.06 32.02 31.97 31.93 31.88 31.85 31.81 31.79 31.76 31.75 31.73 31.74 31.74 31.74 31.75 31.77 31.79 31.82 31.86 31.90 31.95 32.01 32.05 32.10 32.17 32.22 32.28 32.33 32.38 32.43 32.48 32.52 32.57 32.62 32.66 32.70 32.74 32.77 32.81 32.84 32.88 32.90 32.93 32.96 32.98 33.01 33.04 33.05 33.08 33.11 33.12 33.15 33.16 33.18 33.20 33.22 33.23 33.25 33.26
32.77 32.72 32.68 32.63 32.59 32.54 32.50 32.46 32.43 32.38 32.35 32.30 32.26 32.22 32.18 32.14 32.08 32.03 31.99 31.94 31.89 31.84 31.79 31.75 31.71 31.69 31.67 31.66 31.66 31.66 31.65 31.65 31.65 31.65 31.65 31.66 31.68 31.71 31.75 31.81 31.86 31.91 31.98 32.03 32.10 32.16 32.22 32.27 32.33 32.38 32.44 32.49 32.53 32.58 32.63 32.67 32.71 32.74 32.78 32.81 32.84 32.88 32.91 32.94 32.96 32.99 33.01 33.03 33.05 33.08 33.09 33.12 33.14 33.15 33.17 33.19 33.20 33.22
32.71 32.65 32.59 32.54 32.50 32.45 32.41 32.37 32.33 32.28 32.25 32.21 32.17 32.11 32.07 32.02 31.97 31.92 31.87 31.82 31.77 31.72 31.67 31.65 31.63 31.62 31.61 31.61 31.61 31.60 31.60 31.59 31.59 31.59 31.58 31.59 31.59 31.59 31.61 31.66 31.71 31.77 31.83 31.91 31.97 32.03 32.10 32.17 32.23 32.29 32.35 32.40 32.46 32.51 32.56 32.60 32.64 32.68 32.72 32.76 32.79 32.82 32.86 32.89 32.92 32.94 32.96 32.99 33.01 33.03 33.05 33.08 33.09 33.11 33.12 33.14 33.15 33.17
32.63 32.57 32.52 32.47 32.42 32.37 32.33 32.28 32.23 32.20 32.15 32.11 32.06 32.02 31.97 31.92 31.87 31.81 31.75 31.70 31.64 31.62 31.60 31.59 31.58 31.57 31.56 31.56 31.56 31.55 31.55 31.54 31.54 31.53 31.54 31.53 31.53 31.53 31.54 31.55 31.57 31.63 31.69 31.76 31.83 31.91 31.99 32.05 32.12 32.18 32.25 32.32 32.38 32.42 32.48 32.53 32.58 32.62 32.67 32.70 32.74 32.77 32.81 32.84 32.87 32.90 32.92 32.94 32.97 32.99 33.00 33.03 33.05 33.06 33.08 33.10 33.10 33.11
32.57 32.50 32.44 32.39 32.34 32.29 32.24 32.19 32.15 32.10 32.06 32.01 31.96 31.92 31.87 31.81 31.76 31.71 31.65 31.59 31.57 31.56 31.55 31.54 31.53 31.52 31.51 31.52 31.51 31.50 31.50 31.49 31.48 31.49 31.49 31.48 31.48 31.48 31.48 31.48 31.49 31.51 31.55 31.62 31.70 31.78 31.86 31.93 32.01 32.09 32.16 32.22 32.29 32.35 32.41 32.46 32.52 32.56 32.61 32.65 32.68 32.72 32.76 32.79 32.82 32.85 32.88 32.91 32.92 32.94 32.97 32.99 33.00 33.02 33.03 33.04 33.06 33.06
32.51 32.44 32.37 32.31 32.25 32.20 32.15 32.10 32.06 32.01 31.97 31.92 31.88 31.82 31.77 31.72 31.66 31.60 31.56 31.53 31.51 31.51 31.50 31.49 31.48 31.47 31.48 31.47 31.46 31.45 31.45 31.44 31.43 31.43 31.43 31.43 31.42 31.43 31.43 31.43 31.43 31.43 31.45 31.48 31.56 31.64 31.73 31.82 31.90 31.97 32.05 32.13 32.20 32.27 32.34 32.40 32.45 32.51 32.55 32.60 32.65 32.68 32.71 32.75 32.78 32.81 32.84 32.86 32.89 32.91 32.93 32.94 32.96 32.98 32.98 33.00 33.01 33.02
32.45 32.37 32.30 32.23 32.18 32.12 32.07 32.01 31.97 31.92 31.88 31.83 31.78 31.73 31.68 31.62 31.56 31.52 31.49 31.48 31.47 31.46 31.46 31.45 31.44 31.43 31.43 31.42 31.41 31.40 31.40 31.39 31.38 31.38 31.38 31.38 31.37 31.38 31.37 31.37 31.38 31.38 31.39 31.39 31.43 31.51 31.59 31.69 31.78 31.87 31.96 32.03 32.11 32.19 32.26 32.32 32.38 32.44 32.49 32.54 32.59 32.63 32.67 32.72 32.74 32.78 32.80 32.83 32.85 32.87 32.89 32.90 32.92 32.94 32.94 32.95 32.95 32.97
32.40 32.31 32.24 32.16 32.10 32.04 31.99 31.93 31.89 31.84 31.79 31.74 31.70 31.64 31.59 31.54 31.49 31.45 31.45 31.43 31.43 31.42 31.42 31.40 31.39 31.38 31.38 31.37 31.37 31.36 31.35 31.34 31.33 31.33 31.33 31.32 31.32 31.31 31.32 31.32 31.32 31.32 31.33 31.33 31.35 31.39 31.47 31.56 31.66 31.76 31.85 31.94 32.03 32.11 32.19 32.26 32.33 32.39 32.45 32.50 32.55 32.60 32.65 32.68 32.72 32.75 32.78 32.80 32.82 32.84 32.86 32.87 32.88 32.89 32.90 32.91 32.91 32.92
32.36 32.26 32.17 32.10 32.03 31.97 31.91 31.85 31.80 31.76 31.71 31.65 31.61 31.56 31.51 31.46 31.42 31.41 31.41 31.39 31.39 31.38 31.37 31.36 31.35 31.34 31.33 31.33 31.32 31.31 31.30 31.29 31.29 31.28 31.27 31.27 31.27 31.26 31.27 31.26 31.27 31.27 31.28 31.29 31.29 31.31 31.36 31.44 31.54 31.64 31.74 31.84 31.94 32.03 32.12 32.20 32.27 32.34 32.40 32.46 32.52 32.57 32.62 32.66 32.69 32.72 32.75 32.77 32.79 32.81 32.82 32.83 32.84 32.85 32.86 32.85 32.86 32.86
32.31 32.21 32.11 32.04 31.96 31.89 31.83 31.77 31.73 31.67 31.63 31.58 31.53 31.49 31.44 31.40 31.38 31.37 31.36 31.35 31.35 31.34 31.32 31.32 31.31 31.30 31.29 31.28 31.27 31.26 31.25 31.24 31.24 31.23 31.22 31.21 31.22 31.21 31.20 31.21 31.20 31.21 31.22 31.23 31.24 31.26 31.29 31.33 31.42 31.53 31.65 31.75 31.86 31.95 32.05 32.13 32.21 32.30 32.37 32.43 32.49 32.55 32.60 32.64 32.67 32.70 32.74 32.76 32.78 32.79 32.80 32.81 32.81 32.82 32.81 32.81 32.81 32.81
32.28 32.17 32.07 31.97 31.90 31.83 31.76 31.71 31.65 31.60 31.56 31.51 31.46 31.41 31.38 31.35 31.34 31.33 31.32 31.32 31.30 31.30 31.30 31.28 31.27 31.26 31.25 31.23 31.22 31.21 31.20 31.19 31.18 31.17 31.17 31.16 31.15 31.16 31.15 31.15 31.15 31.16 31.17 31.17 31.19 31.21 31.24 31.27 31.33 31.42 31.54 31.66 31.77 31.88 31.99 32.08 32.17 32.25 32.34 32.41 32.47 32.53 32.58 32.63 32.67 32.70 32.73 32.75 32.76 32.78 32.78 32.79 32.79 32.78 32.77 32.77 32.76 32.76
32.25 32.12 32.02 31.93 31.84 31.76 31.70 31.63 31.59 31.53 31.49 31.44 31.41 31.36 31.33 31.31 31.30 31.29 31.28 31.27 31.27 31.26 31.25 31.24 31.23 31.22 31.21 31.19 31.18 31.17 31.16 31.15 31.13 31.12 31.11 31.11 31.10 31.10 31.10 31.09 31.10 31.11 31.11 31.12 31.14 31.16 31.19 31.22 31.27 31.34 31.44 31.57 31.70 31.82 31.93 32.03 32.14 32.23 32.31 32.39 32.46 32.53 32.58 32.63 32.67 32.70 32.73 32.75 32.77 32.77 32.77 32.77 32.76 32.75 32.74 32.73 32.71 32.70
32.23 32.10 31.98 31.88 31.79 31.71 31.64 31.57 31.52 31.47 31.42 31.39 31.35 31.31 31.29 31.27 31.26 31.25 31.24 31.24 31.23 31.23 31.21 31.21 31.19 31.18 31.17 31.14 31.13 31.12 31.10 31.09 31.08 31.08 31.07 31.05 31.05 31.05 31.04 31.04 31.05 31.04 31.05 31.07 31.08 31.11 31.14 31.18 31.23 31.29 31.37 31.48 31.62 31.75 31.87 31.99 32.10 32.21 32.30 32.39 32.46 32.53 32.59 32.64 32.69 32.72 32.75 32.76 32.77 32.78 32.77 32.76 32.75 32.73 32.71 32.69 32.67 32.64
32.23 32.08 31.95 31.85 31.75 31.67 31.58 31.53 31.47 31.42 31.38 31.34 31.30 31.27 31.24 31.22 31.22 31.21 31.21 31.20 31.20 31.19 31.18 31.17 31.16 31.13 31.12 31.10 31.09 31.07 31.05 31.05 31.03 31.02 31.01 31.01 31.00 30.98 30.99 30.99 30.98 30.99 31.00 31.02 31.04 31.06 31.09 31.14 31.19 31.25 31.33 31.44 31.56 31.69 31.83 31.96 32.09 32.19 32.30 32.39 32.48 32.55 32.62 32.67 32.71 32.75 32.77 32.78 32.79 32.79 32.78 32.77 32.74 32.71 32.68 32.65 32.62 32.59
32.23 32.08 31.94 31.82 31.71 31.63 31.54 31.48 31.42 31.38 31.33 31.30 31.26 31.23 31.20 31.19 31.18 31.17 31.17 31.17 31.16 31.16 31.14 31.14 31.11 31.10 31.08 31.05 31.04 31.02 31.00 30.99 30.98 30.97 30.95 30.95 30.94 30.94 30.93 30.93 30.93 30.93 30.94 30.96 30.98 31.00 31.04 31.09 31.15 31.22 31.30 31.41 31.52 31.66 31.80 31.95 32.07 32.20 32.32 32.42 32.51 32.59 32.66 32.72 32.76 32.80 32.81 32.83 32.82 32.82 32.80 32.77 32.74 32.70 32.66 32.62 32.57 32.53
32.25 32.08 31.94 31.81 31.69 31.59 31.51 31.45 31.39 31.34 31.30 31.26 31.22 31.19 31.17 31.15 31.14 31.13 31.13 31.13 31.13 31.13 31.11 31.09 31.08 31.05 31.03 31.01 30.99 30.97 30.96 30.94 30.93 30.91 30.91 30.89 30.88 30.88 30.88 30.87 30.87 30.88 30.89 30.91 30.93 30.96 31.00 31.05 31.12 31.19 31.27 31.38 31.50 31.64 31.78 31.93 32.08 32.21 32.34 32.46 32.55 32.64 32.72 32.78 32.82 32.86 32.88 32.88 32.88 32.86 32.83 32.79 32.75 32.70 32.65 32.59 32.53 32.47
32.28 32.11 31.94 31.81 31.68 31.58 31.49 31.42 31.36 31.31 31.27 31.24 31.21 31.15 31.13 31.12 31.10 31.06 31.09 31.09 31.09 31.08 31.08 31.05 31.03 31.00 30.99 30.95 30.93 30.92 30.91 30.89 30.87 30.86 30.85 30.83 30.83 30.82 30.82 30.82 30.81 30.82 30.83 30.85 30.87 30.92 30.96 31.01 31.07 31.16 31.25 31.36 31.48 31.63 31.78 31.93 32.09 32.24 32.38 32.51 32.61 32.71 32.79 32.86 32.91 32.93 32.95 32.96 32.95 32.92 32.88 32.83 32.77 32.71 32.64 32.56 32.49 32.42
32.34 32.15 31.98 31.82 31.69 31.58 31.49 31.41 31.29 31.30 31.24 31.23 31.18 31.13 31.11 31.08 31.06 31.05 31.05 31.04 31.04 30.94 31.03 31.00 30.98 30.96 30.93 30.91 30.89 30.87 30.86 30.84 30.82 30.80 30.80 30.78 30.77 30.76 30.76 30.76 30.76 30.77 30.79 30.80 30.83 30.86 30.91 30.97 31.04 31.12 31.23 31.34 31.47 31.61 31.77 31.93 32.08 32.24 32.40 32.54 32.67 32.78 32.87 32.94 32.99 33.03 33.03 33.03 33.01 32.98 32.93 32.87 32.79 32.72 32.63 32.54 32.45 32.36
32.43 32.22 32.03 31.86 31.72 31.60 31.50 31.41 31.28 31.28 31.22 31.16 31.17 31.12 31.07 30.95 31.03 31.01 31.00 31.00 30.99 30.98 30.96 30.95 30.93 30.91 30.89 30.86 30.84 30.82 30.80 30.78 30.77 30.75 30.73 30.72 30.71 30.70 30.70 30.70 30.71 30.72 30.73 30.75 30.78 30.81 30.87 30.93 31.01 31.09 31.20 31.32 31.45 31.60 31.75 31.91 32.08 32.24 32.39 32.54 32.67 32.78 32.88 32.95 33.01 33.04 33.06 33.06 33.04 32.99 32.94 32.88 32.79 32.71 32.62 32.52 32.42 32.34
32.52 32.30 32.10 31.93 31.77 31.62 31.52 31.43 31.28 31.13 31.20 31.18 31.16 31.10 31.05 30.76 30.99 30.97 30.96 30.95 30.95 30.93 30.91 30.90 30.88 30.85 30.83 30.80 30.79 30.76 30.75 30.73 30.71 30.70 30.68 30.67 30.65 30.65 30.65 30.65 30.65 30.66 30.68 30.70 30.74 30.78 30.83 30.90 30.97 31.07 31.18 31.30 31.44 31.58 31.74 31.90 32.06 32.22 32.37 32.51 32.65 32.76 32.85 32.93 32.98 33.02 33.03 33.03 33.01 32.97 32.92 32.86 32.77 32.69 32.60 32.51 32.41 32.31
32.66 32.43 32.22 32.03 31.85 31.70 31.57 31.48 31.42 31.36 31.21 31.16 31.14 31.08 31.03 30.92 30.89 30.89 30.89 30.90 30.89 30.88 30.86 30.84 30.82 30.80 30.77 30.76 30.73 30.71 30.69 30.67 30.66 30.64 30.63 30.61 30.60 30.60 30.59 30.59 30.60 30.61 30.62 30.65 30.69 30.73 30.79 30.86 30.95 31.05 31.15 31.28 31.42 31.57 31.72 31.88 32.04 32.20 32.35 32.49 32.61 32.73 32.82 32.89 32.95 32.99 33.01 33.00 32.98 32.94 32.89 32.83 32.75 32.67 32.57 32.48 32.38 32.29
32.83 32.58 32.36 32.15 31.96 31.80 31.66 31.56 31.47 31.29 31.35 31.15 31.09 31.06 30.97 30.90 30.93 30.82 30.67 30.82 30.84 30.73 30.80 30.79 30.77 30.74 30.72 30.70 30.68 30.66 30.64 30.61 30.60 30.59 30.57 30.56 30.55 30.54 30.54 30.54 30.55 30.56 30.57 30.61 30.64 30.69 30.75 30.83 30.91 31.01 31.13 31.26 31.40 31.55 31.71 31.87 32.02 32.18 32.33 32.46 32.59 32.69 32.79 32.86 32.91 32.96 32.97 32.97 32.95 32.92 32.87 32.80 32.72 32.64 32.56 32.46 32.37 32.27
32.83 32.77 32.53 32.31 32.10 31.93 31.78 31.66 31.55 31.47 31.39 30.91 30.78 31.01 30.98 30.93 30.89 30.86 30.83 30.81 30.79 30.77 30.64 30.73 30.71 30.69 30.67 30.64 30.62 30.60 30.58 30.57 30.54 30.53 30.52 30.50 30.49 30.48 30.48 30.48 30.50 30.51 30.53 30.55 30.60 30.64 30.71 30.79 30.89 30.98 31.10 31.24 31.39 31.54 31.69 31.85 32.01 32.16 32.30 32.44 32.55 32.67 32.76 32.83 32.89 32.92 32.94 32.94 32.92 32.88 32.83 32.78 32.70 32.62 32.54 32.45 32.35 32.25
33.20 32.97 32.73 32.49 32.27 32.08 31.91 31.77 31.65 31.55 31.41 31.26 30.68 31.04 30.97 30.90 30.86 30.82 30.79 30.77 30.75 30.72 30.70 30.67 30.66 30.63 30.56 30.56 30.57 30.51 30.53 30.51 30.49 30.48 30.46 30.45 30.44 30.44 30.34 30.43 30.44 30.46 30.48 30.51 30.56 30.61 30.67 30.76 30.85 30.96 31.09 31.22 31.36 31.51 31.67 31.82 31.99 32.13 32.28 32.40 32.53 32.64 32.72 32.79 32.85 32.88 32.91 32.90 32.89 32.86 32.81 32.76 32.69 32.60 32.51 32.43 32.33 32.24
33.19 33.07 32.91 32.69 32.46 32.25 32.07 31.90 31.75 31.59 31.42 31.26 31.12 31.03 30.94 30.88 30.82 30.78 30.75 30.71 30.69 30.67 30.64 30.36 30.55 30.27 30.39 30.47 30.51 30.49 30.39 30.45 30.44 30.42 30.41 30.40 30.39 30.38 30.38 30.39 30.40 30.41 30.44 30.47 30.52 30.58 30.64 30.72 30.82 30.93 31.06 31.19 31.34 31.49 31.64 31.80 31.96 32.10 32.24 32.38 32.49 32.59 32.68 32.76 32.82 32.86 32.87 32.87 32.85 32.83 32.78 32.72 32.66 32.58 32.49 32.40 32.31 32.21
33.07 33.01 32.90 32.76 32.60 32.41 32.21 32.01 31.80 31.59 31.41 31.25 31.11 30.99 30.91 30.84 30.77 30.74 30.70 30.67 30.64 30.61 30.57 30.56 30.55 30.47 30.38 30.43 30.45 30.44 30.29 30.35 30.38 30.37 30.36 30.35 30.34 30.34 30.34 30.34 30.35 30.37 30.40 30.43 30.48 30.54 30.61 30.69 30.79 30.91 31.04 31.17 31.31 31.47 31.62 31.78 31.92 32.07 32.21 32.34 32.46 32.56 32.65 32.72 32.78 32.82 32.84 32.84 32.83 32.80 32.76 32.71 32.64 32.56 32.48 32.39 32.29 32.20
32.95 32.88 32.80 32.68 32.54 32.38 32.19 31.99 31.79 31.58 31.39 31.23 31.09 30.97 30.88 30.80 30.74 30.69 30.65 30.62 30.58 30.56 30.54 30.52 30.49 30.42 30.38 30.37 30.35 30.36 30.32 30.32 30.33 30.32 30.31 30.30 30.30 30.26 30.27 30.30 30.30 30.33 30.35 30.39 30.44 30.51 30.58 30.67 30.76 30.88 31.01 31.14 31.29 31.44 31.59 31.74 31.89 32.04 32.17 32.30 32.42 32.53 32.61 32.69 32.74 32.78 32.80 32.81 32.80 32.78 32.73 32.68 32.61 32.54 32.45 32.37 32.28 32.19
