main/data/pressure/06.04.2023.grid
ncols 886
nrows 691
xllcenter 112.0000
yllcenter -44.5000
cellsize 0.0500
nodata_value 99999.90
[rows 204 to 237 of 691, columns 234 to 311 of 886]
27.69 27.60 27.47 27.46 27.26 27.24 27.12 26.84 26.82 26.86 26.77 26.68 26.36 26.26 26.22 26.15 26.07 25.97 25.89 25.85 25.82 25.79 25.77 25.73 25.66 25.62 25.61 25.59 25.58 25.57 25.54 25.51 25.50 25.46 25.38 25.26 25.19 25.12 25.08 25.09 25.11 25.13 25.13 25.05 25.01 25.04 25.08 25.14 25.16 25.17 25.16 25.15 25.13 25.11 25.12 25.15 25.16 25.03 25.05 25.17 25.30 25.31 25.36 25.37 25.37 25.49 25.56 25.63 25.68 25.76 25.84 25.89 25.93 26.00 26.06 26.12 26.17 26.19
27.73 27.54 27.38 27.38 27.19 27.19 27.06 26.86 26.81 26.77 26.67 26.53 26.36 26.29 26.24 26.15 26.04 25.93 25.81 25.78 25.74 25.73 25.72 25.67 25.56 25.50 25.47 25.46 25.47 25.49 25.46 25.41 25.41 25.42 25.39 25.21 25.21 25.18 25.15 25.16 25.15 25.14 25.12 25.03 24.98 24.99 25.01 25.05 25.08 25.11 25.13 25.12 25.09 25.01 25.03 25.10 25.05 24.63 24.89 25.04 25.18 25.26 25.29 25.33 25.37 25.45 25.52 25.60 25.67 25.74 25.77 25.83 25.90 25.97 26.04 26.08 26.12 26.14
27.57 27.46 27.30 27.17 27.17 27.08 27.10 26.97 26.90 26.83 26.60 26.46 26.42 26.35 26.24 26.13 26.01 25.90 25.80 25.73 25.68 25.64 25.61 25.55 25.46 25.40 25.37 25.35 25.36 25.38 25.36 25.34 25.33 25.34 25.34 25.32 25.28 25.25 25.20 25.17 25.15 25.13 25.10 25.04 24.99 24.96 24.94 24.96 25.01 25.04 25.07 25.11 25.08 25.02 24.98 25.01 25.01 25.01 24.98 25.05 25.13 25.18 25.21 25.23 25.30 25.39 25.47 25.56 25.63 25.70 25.74 25.77 25.84 25.91 25.98 26.01 26.05 26.08
27.62 27.44 27.26 27.18 27.05 27.01 26.99 26.79 26.78 26.77 26.70 26.54 26.48 26.36 26.21 26.10 25.99 25.88 25.77 25.71 25.64 25.58 25.51 25.44 25.38 25.32 25.25 25.23 25.23 25.26 25.25 25.26 25.24 25.23 25.20 25.16 25.14 25.16 25.17 25.15 25.11 25.09 25.08 25.04 25.00 24.94 24.89 24.89 24.90 24.94 25.01 25.06 25.06 25.02 24.95 24.94 24.96 24.95 24.96 25.03 25.06 25.12 25.13 25.13 25.24 25.35 25.43 25.51 25.59 25.65 25.68 25.71 25.77 25.84 25.91 25.96 26.00 26.04
27.64 27.53 27.42 27.27 27.09 26.96 26.99 26.92 26.83 26.70 26.63 26.63 26.48 26.32 26.17 26.05 25.96 25.88 25.80 25.73 25.66 25.58 25.49 25.41 25.35 25.26 25.16 25.10 25.10 25.10 25.12 25.14 25.12 25.08 25.05 25.03 25.05 25.10 25.14 25.12 25.08 25.05 25.03 25.01 24.97 24.92 24.86 24.82 24.79 24.85 24.94 24.99 25.02 24.99 24.94 24.92 24.93 24.89 24.76 24.87 24.97 25.04 25.08 25.14 25.22 25.32 25.41 25.49 25.55 25.59 25.61 25.65 25.69 25.74 25.80 25.88 25.90 25.96
27.50 27.60 27.49 27.21 27.02 27.04 26.90 26.85 26.87 26.73 26.66 26.63 26.45 26.26 26.10 25.99 25.92 25.86 25.82 25.75 25.67 25.60 25.50 25.41 25.34 25.23 25.10 25.03 25.00 24.96 24.99 25.03 24.98 24.93 24.92 24.92 24.99 25.08 25.11 25.08 25.04 24.99 24.95 24.95 24.95 24.90 24.85 24.76 24.67 24.76 24.87 24.94 24.96 24.95 24.93 24.93 24.79 24.80 24.66 24.78 24.87 24.96 25.03 25.13 25.20 25.29 25.38 25.45 25.49 25.52 25.53 25.58 25.62 25.64 25.66 25.79 25.76 25.83
27.66 27.44 27.37 27.23 27.10 27.10 27.02 26.84 26.85 26.76 26.65 26.57 26.38 26.19 26.02 25.92 25.86 25.81 25.77 25.74 25.70 25.65 25.56 25.45 25.34 25.21 25.09 25.04 24.97 24.90 24.90 24.89 24.86 24.82 24.82 24.84 24.92 24.99 25.01 25.00 24.96 24.94 24.91 24.89 24.88 24.87 24.86 24.73 24.65 24.67 24.76 24.83 24.88 24.90 24.90 24.86 24.77 24.77 24.72 24.74 24.78 24.83 24.91 25.02 25.12 25.23 25.31 25.38 25.44 25.47 25.50 25.53 25.55 25.56 25.59 25.70 25.74 25.73
27.56 27.47 27.29 27.30 27.09 26.93 26.95 26.91 26.74 26.73 26.57 26.42 26.30 26.10 25.92 25.85 25.80 25.76 25.72 25.68 25.68 25.64 25.56 25.45 25.31 25.22 25.16 25.10 24.99 24.87 24.85 24.79 24.75 24.71 24.72 24.74 24.81 24.87 24.89 24.89 24.87 24.84 24.84 24.80 24.79 24.80 24.79 24.68 24.58 24.61 24.66 24.73 24.81 24.85 24.86 24.83 24.81 24.78 24.73 24.70 24.68 24.67 24.79 24.91 25.01 25.12 25.22 25.30 25.36 25.42 25.46 25.48 25.49 25.46 25.46 25.57 25.67 25.62
27.46 27.33 27.20 27.25 27.12 26.94 26.96 26.83 26.71 26.66 26.53 26.38 26.21 26.03 25.88 25.82 25.77 25.70 25.62 25.55 25.50 25.45 25.40 25.34 25.28 25.24 25.21 25.17 25.08 24.96 24.86 24.76 24.69 24.64 24.64 24.69 24.72 24.72 24.72 24.73 24.70 24.69 24.67 24.63 24.63 24.68 24.71 24.64 24.56 24.57 24.64 24.72 24.76 24.79 24.79 24.77 24.77 24.75 24.69 24.63 24.62 24.65 24.71 24.79 24.89 24.98 25.08 25.18 25.26 25.32 25.36 25.39 25.40 25.38 25.36 25.44 25.51 25.54
27.32 27.24 27.16 27.16 27.12 26.87 26.86 26.86 26.74 26.62 26.45 26.28 26.14 25.98 25.82 25.81 25.78 25.66 25.51 25.43 25.32 25.24 25.21 25.20 25.23 25.23 25.22 25.24 25.15 25.05 24.90 24.75 24.66 24.56 24.58 24.64 24.65 24.59 24.58 24.58 24.54 24.52 24.49 24.47 24.44 24.57 24.65 24.60 24.53 24.55 24.65 24.71 24.74 24.72 24.69 24.69 24.70 24.70 24.61 24.54 24.58 24.62 24.64 24.67 24.74 24.82 24.91 25.03 25.12 25.19 25.25 25.29 25.31 25.31 25.32 25.33 25.37 25.45
27.23 27.11 27.11 26.99 27.00 26.98 26.88 26.78 26.65 26.47 26.33 26.20 26.07 25.97 25.88 25.83 25.78 25.65 25.53 25.41 25.28 25.18 25.14 25.14 25.16 25.15 25.13 25.12 25.13 25.04 24.94 24.82 24.69 24.56 24.54 24.57 24.57 24.54 24.51 24.50 24.47 24.44 24.40 24.41 24.46 24.53 24.57 24.55 24.55 24.58 24.66 24.70 24.68 24.64 24.62 24.56 24.58 24.57 24.54 24.52 24.54 24.58 24.60 24.61 24.62 24.63 24.69 24.79 24.92 25.04 25.13 25.18 25.22 25.25 25.26 25.26 25.27 25.38
27.27 27.15 27.07 26.90 26.91 26.93 26.74 26.67 26.54 26.49 26.30 26.16 26.01 25.97 25.93 25.85 25.73 25.63 25.55 25.43 25.29 25.18 25.12 25.09 25.10 25.08 25.01 24.95 25.01 25.02 24.96 24.89 24.71 24.55 24.49 24.51 24.51 24.49 24.47 24.46 24.43 24.38 24.33 24.38 24.45 24.46 24.46 24.49 24.55 24.58 24.63 24.65 24.62 24.58 24.50 24.46 24.48 24.43 24.47 24.50 24.52 24.54 24.56 24.57 24.53 24.47 24.49 24.59 24.71 24.87 24.97 25.05 25.14 25.17 25.20 25.19 25.20 25.33
27.22 27.06 26.92 26.97 26.90 26.91 26.78 26.56 26.43 26.37 26.28 26.13 26.03 25.98 25.93 25.82 25.69 25.61 25.55 25.45 25.33 25.22 25.14 25.08 25.05 24.99 24.91 24.87 24.88 24.89 24.86 24.80 24.68 24.57 24.48 24.43 24.42 24.41 24.41 24.42 24.41 24.35 24.31 24.33 24.35 24.32 24.31 24.40 24.48 24.52 24.56 24.57 24.56 24.52 24.44 24.41 24.41 24.41 24.46 24.50 24.52 24.51 24.52 24.52 24.49 24.46 24.46 24.50 24.58 24.69 24.79 24.89 24.97 25.02 25.06 25.09 25.14 25.26
27.07 26.94 26.89 26.85 26.83 26.83 26.66 26.47 26.32 26.22 26.14 26.06 26.02 25.98 25.93 25.80 25.66 25.62 25.57 25.49 25.38 25.27 25.18 25.10 25.02 24.93 24.84 24.78 24.77 24.75 24.74 24.70 24.65 24.57 24.48 24.38 24.32 24.30 24.32 24.38 24.41 24.32 24.26 24.25 24.23 24.17 24.17 24.33 24.36 24.40 24.45 24.48 24.49 24.47 24.45 24.42 24.41 24.42 24.45 24.49 24.50 24.47 24.48 24.49 24.47 24.47 24.46 24.44 24.45 24.52 24.61 24.69 24.75 24.81 24.85 24.96 25.06 25.08
26.99 26.87 26.81 26.77 26.82 26.68 26.55 26.37 26.27 26.14 26.04 25.99 25.97 25.93 25.90 25.78 25.62 25.62 25.59 25.52 25.43 25.33 25.24 25.13 25.03 24.90 24.81 24.75 24.71 24.67 24.63 24.61 24.61 24.56 24.44 24.34 24.27 24.24 24.25 24.32 24.36 24.29 24.19 24.14 24.10 24.08 24.07 24.23 24.23 24.27 24.33 24.38 24.39 24.41 24.41 24.39 24.38 24.39 24.40 24.41 24.42 24.42 24.42 24.42 24.42 24.41 24.39 24.35 24.33 24.37 24.44 24.51 24.57 24.62 24.67 24.79 24.92 24.88
26.99 26.87 26.86 26.82 26.73 26.59 26.47 26.27 26.16 26.10 26.05 25.95 25.86 25.86 25.85 25.80 25.71 25.65 25.58 25.47 25.39 25.33 25.26 25.17 25.06 24.91 24.83 24.77 24.71 24.61 24.56 24.54 24.58 24.58 24.44 24.32 24.27 24.23 24.22 24.29 24.30 24.24 24.07 24.00 23.98 24.05 24.07 24.06 24.04 24.13 24.22 24.27 24.28 24.31 24.33 24.32 24.32 24.33 24.32 24.34 24.32 24.32 24.32 24.32 24.33 24.34 24.31 24.24 24.21 24.23 24.28 24.35 24.42 24.48 24.56 24.66 24.69 24.71
27.04 26.97 26.89 26.74 26.58 26.48 26.33 26.21 26.13 26.16 26.01 25.88 25.90 25.86 25.78 25.76 25.71 25.59 25.40 25.31 25.23 25.20 25.16 25.11 25.06 24.99 24.92 24.83 24.74 24.65 24.56 24.49 24.52 24.56 24.48 24.36 24.30 24.28 24.26 24.27 24.25 24.15 23.95 23.91 23.93 23.94 23.88 23.91 23.95 24.03 24.11 24.14 24.15 24.19 24.22 24.23 24.23 24.23 24.20 24.19 24.17 24.17 24.17 24.19 24.21 24.24 24.23 24.17 24.13 24.14 24.17 24.23 24.27 24.36 24.48 24.67 24.68 24.65
26.84 26.82 26.76 26.53 26.41 26.41 26.17 26.09 25.99 25.96 26.00 25.88 25.90 25.84 25.77 25.73 25.56 25.45 25.32 25.21 25.13 25.07 25.01 24.95 24.91 24.83 24.76 24.71 24.64 24.58 24.49 24.41 24.44 24.48 24.46 24.34 24.26 24.25 24.25 24.22 24.18 24.03 23.88 23.86 23.86 23.84 23.77 23.83 23.90 23.93 23.98 24.00 24.02 24.06 24.11 24.13 24.12 24.11 24.05 24.01 23.98 23.97 23.99 24.02 24.06 24.10 24.14 24.13 24.11 24.09 24.08 24.12 24.17 24.30 24.42 24.54 24.58 24.57
26.65 26.64 26.60 26.52 26.45 26.26 26.11 26.04 25.92 25.89 25.88 25.87 25.83 25.76 25.70 25.65 25.52 25.38 25.25 25.14 25.07 25.01 24.95 24.89 24.79 24.70 24.62 24.54 24.47 24.41 24.38 24.36 24.37 24.38 24.39 24.34 24.27 24.24 24.19 24.08 23.97 23.89 23.83 23.81 23.81 23.81 23.79 23.77 23.77 23.77 23.78 23.82 23.86 23.91 23.98 24.00 23.96 23.91 23.86 23.82 23.78 23.76 23.76 23.80 23.86 23.91 23.97 24.04 24.04 24.02 24.02 24.07 24.15 24.28 24.33 24.41 24.46 24.40
26.53 26.46 26.42 26.33 26.31 26.12 26.07 25.96 25.89 25.79 25.73 25.65 25.66 25.61 25.63 25.58 25.47 25.32 25.16 25.09 25.02 24.97 24.94 24.86 24.74 24.62 24.53 24.44 24.37 24.30 24.29 24.30 24.29 24.28 24.27 24.27 24.23 24.17 24.08 23.95 23.83 23.79 23.77 23.74 23.73 23.76 23.74 23.69 23.64 23.60 23.57 23.62 23.69 23.75 23.82 23.87 23.81 23.74 23.67 23.63 23.56 23.52 23.56 23.59 23.66 23.70 23.78 23.88 23.92 23.93 23.95 23.99 24.04 24.20 24.23 24.29 24.29 24.29
26.47 26.38 26.28 26.20 26.11 26.03 26.01 25.96 25.85 25.73 25.66 25.55 25.43 25.45 25.48 25.46 25.40 25.31 25.20 25.08 24.98 24.93 24.89 24.81 24.70 24.58 24.52 24.45 24.34 24.26 24.24 24.22 24.20 24.18 24.16 24.10 24.04 23.99 23.91 23.83 23.76 23.73 23.73 23.68 23.58 23.64 23.68 23.60 23.51 23.46 23.43 23.46 23.49 23.55 23.60 23.66 23.67 23.60 23.50 23.42 23.37 23.36 23.41 23.48 23.53 23.58 23.64 23.73 23.79 23.82 23.85 23.89 23.93 24.01 24.06 24.12 24.13 24.16
26.42 26.32 26.20 26.10 26.06 25.97 25.95 25.85 25.85 25.73 25.60 25.57 25.40 25.37 25.38 25.30 25.28 25.28 25.21 25.08 24.94 24.90 24.86 24.79 24.67 24.54 24.54 24.47 24.32 24.22 24.18 24.14 24.12 24.10 24.04 23.93 23.86 23.80 23.75 23.72 23.67 23.67 23.68 23.67 23.66 23.65 23.60 23.51 23.39 23.35 23.32 23.32 23.31 23.35 23.37 23.42 23.51 23.46 23.35 23.22 23.19 23.19 23.26 23.37 23.40 23.45 23.51 23.59 23.64 23.67 23.71 23.73 23.74 23.81 23.88 23.98 23.99 24.01
26.35 26.17 26.10 26.02 25.98 25.86 25.80 25.72 25.77 25.71 25.56 25.53 25.35 25.39 25.33 25.14 25.13 25.16 25.15 25.06 24.96 24.91 24.85 24.78 24.68 24.59 24.56 24.48 24.35 24.23 24.15 24.08 24.02 23.97 23.92 23.85 23.78 23.75 23.71 23.63 23.57 23.56 23.55 23.57 23.61 23.57 23.53 23.47 23.38 23.30 23.25 23.22 23.21 23.21 23.22 23.28 23.35 23.32 23.24 23.14 23.06 23.02 23.08 23.16 23.22 23.29 23.36 23.42 23.47 23.50 23.42 23.47 23.50 23.55 23.65 23.75 23.84 23.87
26.17 26.05 25.98 25.95 25.92 25.79 25.70 25.66 25.66 25.65 25.59 25.49 25.30 25.35 25.21 25.11 25.07 25.05 25.02 25.01 24.94 24.88 24.81 24.75 24.67 24.58 24.54 24.47 24.35 24.25 24.13 24.02 23.95 23.86 23.83 23.77 23.74 23.72 23.70 23.55 23.43 23.44 23.48 23.48 23.52 23.44 23.35 23.37 23.34 23.24 23.17 23.13 23.12 23.09 23.09 23.13 23.18 23.17 23.12 23.06 22.93 22.82 22.87 22.93 22.99 23.08 23.16 23.24 23.30 23.36 23.33 23.22 23.33 23.41 23.40 23.52 23.52 23.65
26.15 26.00 25.92 25.86 25.84 25.77 25.68 25.55 25.50 25.45 25.37 25.45 25.29 25.28 25.16 25.10 25.06 25.01 24.98 24.93 24.83 24.74 24.66 24.60 24.53 24.48 24.43 24.39 24.31 24.22 24.12 24.03 23.93 23.83 23.77 23.73 23.69 23.66 23.57 23.45 23.34 23.30 23.26 23.32 23.37 23.29 23.19 23.15 23.13 23.09 23.07 23.04 23.02 22.99 22.97 22.98 23.02 22.99 22.93 22.86 22.78 22.72 22.68 22.68 22.74 22.81 22.90 23.01 23.10 23.19 23.20 23.20 23.12 23.19 23.19 23.30 23.38 23.43
26.05 25.94 25.85 25.79 25.79 25.71 25.67 25.51 25.39 25.39 25.30 25.34 25.29 25.21 25.17 25.10 25.04 24.94 24.90 24.81 24.67 24.56 24.47 24.41 24.37 24.33 24.34 24.28 24.19 24.12 24.09 24.02 23.91 23.79 23.72 23.68 23.62 23.54 23.44 23.31 23.21 23.17 23.17 23.19 23.22 23.11 22.99 22.94 22.89 22.92 22.96 22.94 22.93 22.89 22.83 22.84 22.88 22.83 22.73 22.64 22.61 22.60 22.51 22.43 22.49 22.54 22.62 22.76 22.87 22.95 23.07 23.08 23.08 23.12 23.15 23.16 23.20 23.24
25.92 25.92 25.74 25.73 25.70 25.67 25.59 25.42 25.31 25.32 25.31 25.22 25.23 25.15 25.08 24.99 24.88 24.75 24.71 24.67 24.50 24.38 24.30 24.23 24.19 24.19 24.18 24.08 23.97 23.90 23.88 23.87 23.82 23.74 23.65 23.60 23.51 23.38 23.27 23.17 23.09 23.07 23.08 23.10 23.04 22.92 22.85 22.80 22.75 22.78 22.81 22.80 22.79 22.78 22.77 22.78 22.75 22.65 22.53 22.44 22.41 22.40 22.36 22.33 22.33 22.36 22.40 22.47 22.67 22.78 22.85 22.92 22.98 23.01 23.05 23.08 23.11 23.12
25.72 25.80 25.71 25.70 25.64 25.57 25.45 25.37 25.32 25.27 25.25 25.16 25.07 24.97 24.90 24.79 24.69 24.51 24.45 24.53 24.31 24.20 24.12 24.05 24.01 24.01 24.02 23.85 23.74 23.63 23.66 23.70 23.65 23.61 23.55 23.49 23.38 23.22 23.11 23.03 22.96 22.94 22.94 23.01 22.91 22.76 22.74 22.67 22.62 22.63 22.65 22.66 22.65 22.66 22.66 22.65 22.57 22.45 22.33 22.22 22.22 22.21 22.22 22.24 22.21 22.20 22.26 22.41 22.51 22.59 22.67 22.73 22.78 22.79 22.78 22.84 22.93 22.98
25.63 25.68 25.63 25.54 25.47 25.41 25.38 25.33 25.27 25.19 25.12 25.03 24.91 24.76 24.72 24.56 24.50 24.40 24.48 24.37 24.18 24.05 23.97 23.90 23.82 23.82 23.85 23.74 23.59 23.48 23.45 23.46 23.44 23.39 23.36 23.33 23.26 23.17 23.07 22.96 22.87 22.85 22.95 22.90 22.82 22.70 22.61 22.53 22.49 22.47 22.47 22.47 22.50 22.52 22.53 22.49 22.38 22.26 22.17 22.11 22.08 22.08 22.10 22.10 22.08 22.07 22.07 22.16 22.24 22.27 22.38 22.51 22.58 22.60 22.52 22.53 22.64 22.78
25.56 25.55 25.47 25.34 25.26 25.18 25.21 25.16 25.09 25.01 24.95 24.83 24.77 24.56 24.49 24.36 24.32 24.33 24.26 24.16 24.01 23.89 23.83 23.75 23.63 23.61 23.67 23.59 23.45 23.31 23.24 23.27 23.21 23.14 23.14 23.15 23.14 23.10 23.03 22.89 22.78 22.73 22.77 22.77 22.67 22.53 22.42 22.36 22.34 22.31 22.29 22.30 22.34 22.38 22.40 22.34 22.18 22.08 22.02 21.99 21.95 21.94 21.97 21.97 21.92 21.96 21.94 21.92 22.07 22.18 22.23 22.19 22.33 22.44 22.28 22.26 22.41 22.53
25.44 25.42 25.32 25.16 25.07 25.01 24.97 24.93 24.88 24.79 24.67 24.60 24.52 24.40 24.34 24.23 24.17 24.15 24.10 23.99 23.88 23.78 23.69 23.60 23.52 23.47 23.47 23.39 23.31 23.14 23.10 23.05 22.96 22.94 22.92 22.92 22.91 22.89 22.89 22.84 22.77 22.75 22.67 22.59 22.49 22.36 22.24 22.19 22.17 22.16 22.15 22.15 22.17 22.24 22.23 22.12 22.00 21.91 21.85 21.81 21.78 21.80 21.84 21.80 21.71 21.66 21.71 21.77 21.95 21.95 21.98 21.98 22.08 22.23 22.15 22.11 22.21 22.33
25.31 25.26 25.17 25.09 24.95 24.88 24.80 24.79 24.66 24.57 24.49 24.43 24.37 24.29 24.20 24.12 24.12 24.01 23.90 23.83 23.75 23.65 23.55 23.48 23.41 23.36 23.31 23.23 23.11 23.02 23.00 22.88 22.79 22.74 22.72 22.68 22.64 22.62 22.67 22.68 22.63 22.59 22.47 22.41 22.29 22.20 22.10 22.04 22.01 22.03 22.03 22.03 22.02 22.11 22.02 21.89 21.81 21.74 21.66 21.61 21.60 21.63 21.71 21.64 21.64 21.57 21.52 21.61 21.73 21.66 21.74 21.79 21.86 22.01 21.95 21.92 22.02 22.13
25.16 25.10 25.03 24.95 24.81 24.71 24.63 24.61 24.50 24.37 24.34 24.32 24.24 24.16 24.12 24.11 24.05 23.83 23.74 23.67 23.58 23.51 23.43 23.37 23.33 23.27 23.19 23.07 22.97 22.85 22.88 22.76 22.65 22.61 22.54 22.46 22.37 22.29 22.36 22.44 22.42 22.41 22.38 22.29 22.18 22.11 22.02 21.95 21.93 21.91 21.89 21.90 21.95 21.93 21.81 21.70 21.61 21.54 21.49 21.46 21.46 21.51 21.58 21.58 21.50 21.41 21.41 21.44 21.38 21.56 21.59 21.70 21.73 21.82 21.76 21.71 21.78 21.89
24.98 24.95 24.85 24.74 24.69 24.59 24.42 24.35 24.34 24.26 24.18 24.17 24.14 24.02 24.09 24.00 23.82 23.72 23.61 23.50 23.43 23.36 23.31 23.23 23.14 23.11 23.07 22.88 22.81 22.82 22.74 22.72 22.60 22.51 22.39 22.27 22.16 22.12 22.10 22.15 22.17 22.17 22.18 22.15 22.11 22.05 21.97 21.91 21.86 21.81 21.76 21.76 21.81 21.76 21.62 21.50 21.41 21.36 21.33 21.31 21.33 21.38 21.47 21.46 21.41 21.38 21.33 21.24 21.24 21.33 21.39 21.53 21.58 21.58 21.58 21.53 21.57 21.70
