main/data/pressure/06.10.2023.grid
ncols 886
nrows 691
xllcenter 112.0000
yllcenter -44.5000
cellsize 0.0500
nodata_value 99999.90
[rows 222 to 258 of 691, columns 656 to 737 of 886]
5.93 6.44 7.12 7.75 8.37 8.95 9.55 10.13 10.58 10.93 11.34 11.79 12.12 12.52 13.09 13.56 13.90 14.21 14.50 14.75 14.99 15.23 15.48 15.74 15.97 16.19 16.39 16.60 16.76 16.85 17.01 17.20 17.39 17.59 17.75 17.87 17.98 18.12 18.31 18.49 18.68 18.92 18.95 19.09 18.87 19.07 19.17 19.40 19.57 19.82 19.59 19.52 19.85 19.85 19.84 20.01 20.06 20.15 20.34 20.43 20.51 20.60 21.01 21.44 21.52 21.13 21.14 21.56 22.07 21.29 21.39 20.69 21.60 20.01 20.82 21.94 22.35 23.90 24.52 24.22 24.97 24.28
5.96 6.55 7.20 7.83 8.43 8.99 9.54 10.09 10.58 11.01 11.40 11.79 12.14 12.49 13.01 13.41 13.68 13.92 14.18 14.45 14.71 14.93 15.21 15.48 15.72 15.93 16.13 16.34 16.45 16.50 16.67 16.86 17.08 17.31 17.43 17.55 17.57 17.74 17.97 18.15 18.34 18.63 18.72 18.67 18.52 19.02 19.10 19.26 19.28 19.46 19.35 19.54 19.61 19.72 19.51 19.58 19.70 19.91 20.02 20.20 20.33 20.77 20.96 21.09 21.19 21.03 20.80 21.14 21.86 21.95 21.54 21.15 20.71 20.66 21.38 23.72 24.13 23.21 24.30 24.86 25.04 25.39
6.10 6.71 7.32 7.92 8.49 9.03 9.56 10.08 10.57 11.02 11.40 11.81 12.18 12.56 12.82 13.09 13.40 13.62 13.89 14.16 14.34 14.58 14.89 15.19 15.45 15.67 15.87 16.06 16.20 16.27 16.38 16.56 16.81 17.00 17.07 17.18 17.20 17.36 17.58 17.78 18.02 18.29 18.47 18.47 18.53 18.78 18.85 18.93 19.13 19.14 19.15 19.27 19.40 19.19 19.06 19.42 19.44 19.71 19.86 20.01 20.23 20.46 20.64 20.67 20.83 20.90 20.09 20.50 21.26 21.77 21.69 21.99 21.26 20.85 20.69 21.56 22.58 23.21 23.81 24.72 24.75 25.20
6.29 6.87 7.45 8.03 8.56 9.07 9.57 10.06 10.53 10.96 11.31 11.73 12.09 12.31 12.56 12.72 13.01 13.32 13.68 13.94 14.01 14.21 14.58 14.90 15.16 15.39 15.58 15.77 15.94 16.02 16.10 16.28 16.55 16.73 16.79 16.85 16.90 17.02 17.20 17.39 17.66 17.92 18.12 18.31 18.37 18.39 18.37 18.41 18.82 18.82 18.88 19.07 19.01 19.21 19.18 19.01 18.84 19.36 19.34 19.74 19.91 20.05 20.30 20.42 20.49 20.64 20.67 19.87 21.35 21.53 21.62 21.30 21.82 21.35 21.01 21.33 22.48 23.00 23.82 24.34 24.66 24.88
6.49 7.06 7.59 8.13 8.64 9.10 9.59 10.06 10.52 10.91 11.18 11.49 11.89 12.18 12.35 12.52 12.79 13.11 13.48 13.80 13.89 14.03 14.30 14.58 14.84 15.07 15.28 15.48 15.66 15.77 15.85 16.02 16.26 16.44 16.56 16.59 16.61 16.72 16.88 17.00 17.34 17.61 17.80 18.01 18.08 18.11 18.21 18.39 18.47 18.56 18.64 18.67 18.71 18.80 18.67 18.09 18.70 18.84 18.58 19.23 19.65 19.77 19.92 20.05 20.28 20.41 20.32 19.84 20.54 20.80 21.46 21.39 20.89 21.55 20.99 20.62 21.64 23.06 23.66 24.20 24.58 24.15
6.70 7.22 7.75 8.26 8.73 9.16 9.62 10.06 10.50 10.88 11.12 11.34 11.67 11.96 12.18 12.37 12.60 12.90 13.29 13.61 13.76 13.84 14.02 14.27 14.50 14.74 14.96 15.19 15.35 15.48 15.60 15.73 15.94 16.10 16.21 16.32 16.36 16.50 16.68 16.89 17.16 17.35 17.56 17.67 17.74 17.80 17.96 18.07 18.13 18.14 18.05 18.36 18.33 18.29 18.45 18.43 18.66 18.86 18.97 19.16 19.34 19.33 19.61 19.73 19.99 20.14 20.31 20.47 20.62 20.81 21.08 21.35 20.96 21.18 21.14 21.22 21.42 22.81 22.23 23.19 23.67 24.54
6.91 7.41 7.91 8.39 8.84 9.24 9.67 10.07 10.46 10.83 11.08 11.23 11.53 11.79 11.98 12.16 12.38 12.66 13.04 13.40 13.61 13.71 13.86 14.03 14.20 14.37 14.63 14.83 15.01 15.19 15.34 15.51 15.54 15.36 15.42 15.89 16.15 16.34 16.51 16.75 16.96 16.99 17.25 17.34 17.44 17.55 17.64 17.73 17.79 17.86 17.91 17.89 17.86 17.93 18.11 18.29 18.42 18.54 18.70 18.91 19.04 19.17 19.29 19.43 19.50 19.61 19.55 19.95 20.12 20.21 20.42 20.92 21.20 21.55 21.60 21.11 20.38 21.88 21.29 22.30 23.14 23.86
7.13 7.57 8.04 8.42 8.89 9.30 9.70 10.08 10.44 10.80 11.12 11.27 11.47 11.66 11.78 11.91 12.13 12.39 12.79 13.17 13.42 13.61 13.75 13.85 13.93 14.05 14.33 14.40 14.68 14.89 15.04 15.19 15.36 15.36 15.45 15.69 15.97 16.17 16.22 16.39 16.50 16.76 16.93 16.99 17.04 17.07 17.22 17.37 17.44 17.49 17.48 17.46 17.53 17.63 17.81 17.96 18.04 17.96 17.92 18.53 18.59 18.73 18.75 19.04 19.10 18.98 18.81 19.25 20.09 20.17 20.08 20.68 21.33 21.56 21.88 21.88 21.68 21.75 21.92 22.09 23.20 23.53
7.31 7.76 8.13 8.55 8.97 9.33 9.71 10.07 10.41 10.74 11.03 11.24 11.44 11.56 11.61 11.72 11.96 12.23 12.60 12.93 13.19 13.41 13.56 13.64 13.65 13.71 13.97 14.16 14.37 14.57 14.78 14.97 15.15 15.33 15.42 15.52 15.71 15.90 15.97 16.10 16.24 16.46 16.59 16.71 16.73 16.81 16.72 16.95 17.06 17.10 17.12 17.19 17.25 17.21 17.49 17.62 17.73 17.92 18.05 18.10 18.11 18.45 18.45 18.77 18.89 18.87 19.11 19.23 19.60 19.95 20.09 20.66 21.15 21.42 21.68 21.96 21.50 21.42 20.84 21.71 23.11 22.95
7.47 7.88 8.25 8.64 9.02 9.38 9.72 10.04 10.36 10.67 10.96 11.20 11.35 11.48 11.55 11.62 11.96 12.24 12.53 12.78 13.00 13.20 13.35 13.44 13.43 13.44 13.61 13.65 14.12 14.30 14.53 14.74 14.93 15.09 15.20 15.30 15.46 15.59 15.77 15.85 16.00 16.18 16.20 16.32 16.41 16.51 16.60 16.65 16.70 16.73 16.78 16.81 16.81 16.97 17.10 17.19 17.37 17.57 17.67 17.71 17.84 18.15 18.34 18.47 18.53 18.00 18.85 19.38 19.23 19.70 20.12 20.57 20.88 21.25 21.33 21.56 22.00 22.17 21.69 22.51 22.11 22.82
7.61 7.99 8.35 8.70 9.05 9.38 9.70 10.01 10.31 10.59 10.86 11.11 11.29 11.44 11.57 11.76 12.04 12.28 12.43 12.65 12.83 12.98 13.15 13.26 13.27 13.31 13.44 13.64 13.85 14.04 14.24 14.41 14.61 14.82 14.99 15.15 15.26 15.35 15.43 15.61 15.74 15.85 15.90 15.92 15.98 16.02 16.06 16.24 16.33 16.36 16.38 16.39 16.45 16.58 16.73 16.84 17.04 17.20 17.37 17.54 17.57 17.80 17.97 18.04 18.28 18.28 18.41 19.08 18.95 19.01 19.41 20.21 20.42 20.86 21.24 21.43 21.78 21.95 21.93 22.38 22.68 22.87
7.74 8.07 8.41 8.74 9.07 9.37 9.68 9.97 10.25 10.51 10.77 11.01 11.18 11.34 11.52 11.71 11.84 11.85 12.06 12.27 12.51 12.74 12.94 13.05 13.07 13.11 13.18 13.36 13.59 13.71 13.94 14.11 14.33 14.57 14.75 14.90 15.04 15.13 15.22 15.34 15.44 15.49 15.47 15.47 15.53 15.56 15.60 15.79 15.90 15.92 15.95 15.99 16.05 16.19 16.37 16.53 16.69 16.85 17.01 17.12 17.22 17.47 17.61 17.78 18.03 18.30 18.58 18.74 18.65 18.72 19.25 19.95 20.29 20.63 20.95 20.59 21.51 21.69 21.96 21.63 22.27 22.68
7.84 8.14 8.45 8.75 9.04 9.34 9.63 9.90 10.18 10.42 10.66 10.88 11.07 11.22 11.33 11.46 11.58 11.59 11.70 11.91 12.18 12.47 12.71 12.84 12.87 12.87 12.91 13.10 13.43 13.58 13.75 13.89 14.06 14.29 14.50 14.64 14.75 14.85 14.94 15.02 15.11 15.18 15.07 15.02 15.08 15.15 15.12 15.28 15.44 15.49 15.50 15.54 15.65 15.82 15.99 16.15 16.33 16.50 16.64 16.76 16.96 17.14 17.32 17.53 17.78 18.05 17.83 18.01 18.30 18.53 18.80 19.60 19.98 20.31 20.66 20.67 21.25 21.52 21.75 21.84 22.10 22.37
7.95 8.21 8.49 8.76 9.03 9.30 9.57 9.82 10.10 10.32 10.55 10.74 10.93 11.06 11.11 11.21 11.39 11.49 11.52 11.58 11.85 12.21 12.46 12.61 12.64 12.65 12.66 12.84 13.17 13.41 13.60 13.74 13.79 14.05 14.22 14.35 14.46 14.54 14.61 14.71 14.76 14.82 14.74 14.59 14.65 14.80 14.42 14.75 14.94 15.03 15.05 15.14 15.26 15.41 15.59 15.80 15.96 16.13 16.31 16.44 16.55 16.70 16.97 17.19 17.50 17.61 17.43 17.98 18.02 17.98 18.29 19.42 19.73 20.05 20.36 20.62 20.95 21.21 21.46 21.63 21.96 20.42
8.05 8.26 8.50 8.75 9.00 9.25 9.50 9.73 9.99 10.22 10.43 10.61 10.77 10.91 11.01 11.11 11.25 11.34 11.27 11.32 11.57 11.90 12.19 12.37 12.42 12.44 12.47 12.66 12.96 13.21 13.42 13.58 13.68 13.81 13.96 14.07 14.16 14.24 14.30 14.39 14.41 14.44 14.44 14.40 14.41 14.31 14.17 14.34 14.49 14.55 14.58 14.74 14.91 15.04 15.15 15.25 15.62 15.80 15.97 16.17 16.13 16.35 16.65 16.95 17.22 17.27 17.43 17.73 17.65 18.03 18.26 18.87 19.24 19.68 20.04 19.99 20.26 20.92 21.21 21.51 21.48 21.04
8.12 8.28 8.50 8.74 8.97 9.19 9.44 9.66 9.89 10.09 10.29 10.46 10.62 10.72 10.76 10.83 10.99 11.11 11.11 11.09 11.52 11.64 11.91 12.12 12.23 12.27 12.27 12.50 12.79 13.04 13.22 13.36 13.49 13.59 13.70 13.80 13.88 13.93 14.00 14.04 14.04 14.04 14.08 14.07 14.04 13.90 13.86 13.97 14.04 14.07 14.18 14.37 14.56 14.74 14.93 15.10 15.27 15.45 15.35 15.80 15.67 15.99 16.37 16.57 16.93 16.97 17.23 17.33 17.63 17.93 17.77 18.51 18.91 19.30 19.68 19.99 20.24 20.49 20.88 21.22 21.29 21.35
8.06 8.27 8.48 8.70 8.91 9.13 9.34 9.52 9.74 9.99 10.16 10.34 10.48 10.53 10.53 10.61 10.73 10.91 11.08 11.18 11.38 11.49 11.69 11.92 12.08 12.15 12.23 12.36 12.54 12.79 12.99 13.13 13.24 13.34 13.43 13.53 13.60 13.65 13.69 13.70 13.68 13.66 13.67 13.60 13.49 13.41 13.44 13.51 13.51 13.60 13.80 13.99 14.19 14.39 14.58 14.76 14.92 15.07 15.14 15.19 15.14 15.61 16.03 16.33 16.62 16.86 16.81 17.14 17.40 17.41 17.18 18.03 18.58 18.92 18.99 19.35 19.95 20.22 20.53 20.90 21.17 21.49
8.08 8.26 8.47 8.67 8.85 9.06 9.29 9.49 9.67 9.86 10.03 10.20 10.34 10.39 10.40 10.39 10.46 10.52 10.84 11.12 11.26 11.36 11.53 11.74 11.92 12.04 12.18 12.25 12.26 12.58 12.76 12.89 13.00 13.10 13.17 13.25 13.31 13.33 13.36 13.36 13.31 13.23 13.23 13.20 13.00 12.96 12.97 12.95 12.96 13.14 13.41 13.60 13.82 14.04 14.23 14.42 14.60 14.76 14.91 15.10 15.16 15.52 15.82 16.03 16.22 16.55 16.71 16.93 16.96 17.09 17.66 17.93 18.18 18.12 18.43 19.19 19.21 19.91 20.20 20.54 20.93 21.32
8.08 8.24 8.44 8.61 8.84 9.00 9.18 9.38 9.57 9.74 9.85 10.01 10.17 10.25 10.19 10.20 10.28 10.32 10.48 10.78 11.06 11.28 11.42 11.57 11.77 11.79 12.00 12.17 12.25 12.34 12.45 12.64 12.74 12.83 12.89 12.97 13.01 13.03 12.99 12.99 12.96 12.89 12.87 12.81 12.66 12.61 12.54 12.45 12.49 12.66 13.04 13.19 13.44 13.66 13.87 14.07 14.27 14.43 14.61 14.80 14.98 15.21 15.43 15.66 15.93 16.21 16.46 16.61 16.62 16.71 17.34 17.60 17.80 17.84 18.37 18.61 18.99 19.48 19.85 20.18 20.57 20.99
8.05 8.21 8.42 8.60 8.78 8.95 9.08 9.27 9.45 9.60 9.69 9.84 9.99 10.09 10.04 10.02 10.06 10.08 10.12 10.40 10.78 11.04 11.20 11.36 11.55 11.71 11.82 11.93 12.10 12.04 12.11 12.31 12.46 12.55 12.61 12.67 12.71 12.67 12.35 12.59 12.59 12.54 12.49 12.40 12.31 12.22 12.08 12.05 12.13 12.35 12.68 12.88 13.08 13.29 13.51 13.72 13.88 13.99 14.27 14.45 14.58 14.77 14.77 15.19 15.57 15.84 16.09 16.36 16.49 16.70 16.98 17.31 17.59 17.81 18.09 18.42 18.85 19.17 19.42 19.83 20.16 20.56
8.00 8.15 8.33 8.47 8.67 8.86 9.00 9.16 9.33 9.46 9.59 9.71 9.84 9.90 9.88 9.86 9.86 9.88 9.86 10.07 10.46 10.71 10.92 11.10 11.24 11.44 11.52 11.67 11.87 11.97 12.08 12.17 12.24 12.27 12.34 12.38 12.38 12.33 12.19 12.12 12.16 12.14 12.07 11.98 11.88 11.76 11.59 11.65 11.74 12.04 12.32 12.53 12.73 12.93 13.11 13.28 13.49 13.65 13.87 14.07 14.25 14.35 14.23 14.35 15.10 15.29 15.66 15.93 16.24 16.44 16.62 16.98 17.20 17.46 17.82 18.15 18.50 18.83 19.15 19.47 19.82 20.15
7.95 8.08 8.26 8.39 8.56 8.75 8.90 9.04 9.20 9.31 9.45 9.58 9.73 9.81 9.70 9.69 9.65 9.61 9.80 10.10 10.35 10.64 10.78 10.91 11.04 11.18 11.25 11.44 11.58 11.58 11.68 11.78 11.83 12.02 12.07 12.08 12.04 11.95 11.83 11.67 11.73 11.77 11.67 11.54 11.41 11.29 10.86 11.32 11.46 11.74 11.96 12.18 12.39 12.57 12.74 12.94 13.10 13.29 13.49 13.66 13.90 13.97 14.06 14.39 14.64 15.07 15.31 15.56 15.83 16.11 16.38 16.65 16.83 16.67 17.30 17.80 18.16 18.49 18.80 19.16 19.46 19.82
7.89 8.02 8.19 8.35 8.45 8.66 8.80 8.93 9.05 9.17 9.32 9.44 9.53 9.55 9.49 9.44 9.49 9.62 9.79 10.00 10.23 10.44 10.60 10.75 10.85 10.93 11.04 11.22 11.33 11.27 11.24 11.37 11.54 11.74 11.78 11.78 11.73 11.63 11.47 11.34 11.41 11.38 11.26 11.09 10.92 10.84 10.79 10.93 11.13 11.36 11.57 11.76 11.98 12.17 12.37 12.56 12.74 12.79 13.13 13.30 13.47 13.57 13.58 13.88 14.28 14.66 14.83 15.08 15.41 15.73 15.99 16.24 16.57 16.04 16.89 17.43 17.80 18.14 18.33 18.85 19.15 19.46
7.85 7.97 8.14 8.28 8.41 8.57 8.69 8.79 8.91 9.03 9.16 9.28 9.37 9.33 9.24 9.24 9.36 9.55 9.75 9.95 10.14 10.34 10.46 10.57 10.66 10.70 10.81 11.01 11.03 10.96 10.93 11.10 11.27 11.44 11.49 11.47 11.45 11.36 11.25 11.18 11.11 10.99 10.85 10.66 10.45 10.47 10.57 10.77 10.91 11.06 11.30 11.48 11.66 11.61 11.97 12.20 12.36 12.55 12.69 12.96 13.04 13.16 12.97 13.69 13.63 14.23 14.38 14.32 14.85 15.29 15.61 15.89 16.20 16.45 16.75 17.05 17.38 17.73 18.10 18.52 18.77 19.10
7.85 7.94 8.07 8.21 8.33 8.46 8.57 8.67 8.77 8.89 9.00 9.11 9.19 9.14 9.00 9.07 9.25 9.49 9.67 9.86 10.03 10.16 10.27 10.38 10.43 10.48 10.54 10.69 10.82 10.82 10.87 10.92 11.05 11.16 11.21 11.17 11.13 11.05 10.97 10.86 10.74 10.60 10.41 10.20 10.01 10.05 10.23 10.38 10.64 10.77 10.93 11.14 11.27 11.36 11.56 11.77 12.01 12.14 12.29 12.52 12.75 12.75 12.80 13.15 13.28 13.46 13.95 13.90 14.36 14.87 15.23 15.54 15.82 16.11 16.40 16.69 17.00 17.36 17.78 18.16 18.45 18.75
7.84 7.93 8.03 8.14 8.26 8.35 8.45 8.55 8.64 8.74 8.84 8.94 9.01 9.01 8.90 8.93 9.09 9.35 9.57 9.73 9.85 9.92 10.03 10.09 10.16 10.25 10.33 10.43 10.47 10.63 10.57 10.64 10.77 10.89 10.93 10.88 10.82 10.73 10.64 10.51 10.35 10.18 9.96 9.73 9.61 9.76 9.89 10.09 10.31 10.44 10.61 10.68 10.82 11.00 11.18 11.36 11.56 11.79 11.98 12.12 11.75 12.53 12.52 12.79 12.78 12.89 13.54 13.68 14.06 14.61 14.87 15.15 15.43 15.74 16.03 16.32 16.65 16.99 17.37 17.78 18.16 18.42
7.82 7.90 7.99 8.07 8.15 8.24 8.32 8.42 8.49 8.57 8.67 8.75 8.85 8.93 8.80 8.82 8.99 9.26 9.43 9.54 9.66 9.75 9.83 9.86 9.97 10.05 10.12 10.20 10.27 10.28 10.22 10.16 10.39 10.56 10.61 10.59 10.51 10.42 10.31 10.12 9.95 9.75 9.53 9.31 9.31 9.48 9.62 9.76 9.96 10.09 10.30 10.41 10.49 10.67 10.88 11.01 11.16 11.42 11.60 11.76 11.96 12.06 12.26 12.31 12.48 12.67 12.96 13.33 13.84 13.99 14.37 14.74 15.06 15.36 15.65 15.93 16.25 16.60 16.99 17.37 17.75 18.14
7.80 7.87 7.94 8.00 8.06 8.14 8.20 8.27 8.35 8.41 8.49 8.57 8.65 8.74 8.68 8.68 8.95 8.94 9.20 9.30 9.41 9.54 9.65 9.73 9.78 9.82 9.90 10.01 10.06 10.06 9.94 9.93 10.13 10.31 10.34 10.30 10.22 10.12 9.89 9.72 9.55 9.32 9.09 8.91 9.03 9.18 9.34 9.48 9.68 9.72 9.82 10.13 10.26 10.37 10.59 10.67 10.70 10.98 11.18 11.39 11.57 11.38 11.63 11.99 12.12 12.23 12.37 13.19 13.07 13.53 13.84 14.36 14.62 14.94 15.25 15.58 15.88 16.24 16.58 16.90 17.29 17.65
7.77 7.81 7.87 7.92 7.97 7.99 8.05 8.10 8.17 8.23 8.31 8.36 8.46 8.56 8.61 8.70 8.69 8.65 8.95 9.05 9.15 9.28 9.39 9.40 9.52 9.51 9.66 9.80 9.88 9.95 10.00 10.03 10.08 10.09 10.08 10.02 9.94 9.79 9.54 9.31 9.17 8.91 8.67 8.57 8.73 8.84 9.08 9.20 9.34 9.37 9.40 9.69 9.96 10.06 10.27 10.30 10.49 10.63 10.77 10.97 11.09 11.06 10.93 11.31 11.69 12.16 12.54 12.84 13.09 13.35 13.25 13.94 14.22 14.53 14.81 15.18 15.48 15.79 16.14 16.47 16.90 17.28
7.66 7.71 7.76 7.79 7.86 7.91 7.92 7.95 8.01 8.07 8.12 8.15 8.23 8.36 8.44 8.47 8.50 8.39 8.70 8.85 8.94 9.04 9.15 9.24 9.26 9.26 9.41 9.55 9.63 9.64 9.52 9.67 9.78 9.84 9.83 9.76 9.64 9.50 9.26 8.91 8.76 8.55 8.27 8.27 8.45 8.34 8.81 8.92 9.03 9.13 9.04 9.14 9.49 9.75 9.97 10.15 10.25 10.32 10.43 10.60 10.51 10.98 10.74 10.61 11.22 12.00 12.00 11.58 12.04 12.46 13.12 13.50 13.80 14.12 14.40 14.69 15.02 15.34 15.71 16.07 16.45 16.75
7.55 7.58 7.66 7.67 7.71 7.74 7.77 7.80 7.85 7.85 7.90 7.97 8.00 8.07 8.20 8.27 8.35 8.44 8.55 8.65 8.74 8.81 8.86 8.91 8.98 9.00 9.16 9.30 9.33 9.30 9.26 9.36 9.53 9.58 9.57 9.49 9.37 9.22 8.96 8.51 8.05 7.96 7.87 7.95 8.15 8.37 8.54 8.65 8.72 8.74 8.68 8.69 8.99 9.29 9.58 9.78 9.85 9.93 10.14 10.40 10.45 10.44 10.52 10.25 10.85 11.23 11.72 12.02 12.31 12.30 12.64 13.07 13.39 13.68 13.96 14.26 14.57 14.87 15.22 15.61 15.95 16.37
7.49 7.48 7.50 7.56 7.62 7.65 7.66 7.66 7.61 7.64 7.71 7.77 7.82 7.85 7.96 8.01 8.00 8.08 8.23 8.42 8.51 8.60 8.64 8.60 8.73 8.77 8.94 9.02 9.06 9.01 8.89 8.96 9.20 9.30 9.31 9.23 9.10 8.92 8.61 8.34 7.77 7.66 7.44 7.56 7.89 8.13 8.28 8.42 8.51 8.49 8.42 8.37 8.65 8.95 9.23 9.46 9.64 9.86 10.02 10.32 10.45 10.54 10.66 10.63 10.13 11.09 11.10 11.78 11.97 12.15 11.79 12.40 12.95 13.27 13.53 13.78 14.11 14.40 14.70 15.15 15.54 15.90
7.54 7.48 7.46 7.51 7.55 7.59 7.58 7.57 7.56 7.55 7.56 7.62 7.71 7.75 7.74 7.76 7.74 7.68 7.88 8.10 8.27 8.35 8.43 8.45 8.50 8.57 8.70 8.76 8.73 8.68 8.61 8.77 9.01 9.08 9.07 8.98 8.85 8.65 8.29 7.75 7.31 6.92 6.77 6.76 7.36 7.88 8.03 8.11 8.05 8.38 8.44 8.41 8.31 8.61 8.93 9.24 9.42 9.72 9.93 9.99 10.11 10.25 10.28 10.32 9.85 9.79 9.93 11.08 11.47 11.81 12.01 12.22 12.55 12.82 13.06 13.31 13.66 14.00 14.32 14.64 15.00 15.20
7.56 7.49 7.44 7.47 7.47 7.51 7.44 7.48 7.46 7.43 7.46 7.52 7.62 7.68 7.49 7.48 7.47 7.40 7.59 7.85 7.98 8.12 8.18 8.19 8.24 8.34 8.33 8.52 8.40 8.41 8.48 8.72 8.83 8.87 8.84 8.75 8.61 8.42 8.16 7.87 7.36 7.03 6.69 7.15 7.27 7.67 7.81 7.85 7.67 8.11 8.15 8.28 8.25 8.60 8.78 9.13 9.31 9.52 9.65 9.65 9.87 10.05 10.03 10.21 10.29 10.38 8.94 10.78 11.08 11.39 11.66 11.90 11.60 12.30 12.60 12.86 13.22 13.42 13.76 14.11 14.42 14.69
7.53 7.42 7.36 7.37 7.38 7.40 7.39 7.31 7.20 7.28 7.35 7.38 7.42 7.45 7.32 7.28 7.25 7.14 7.28 7.58 7.75 7.87 7.95 7.94 8.02 8.06 8.03 8.27 8.08 8.09 8.20 8.43 8.56 8.62 8.63 8.52 8.33 8.18 7.94 7.61 6.97 6.81 6.92 6.98 7.26 7.41 7.54 7.64 7.54 7.68 7.78 7.69 7.87 8.23 8.59 8.87 9.09 9.28 9.49 9.56 9.69 9.72 9.92 9.90 10.02 10.27 9.97 9.69 10.19 10.99 11.12 10.91 11.67 11.92 12.22 12.44 12.71 12.71 13.32 13.62 13.88 14.14
7.45 7.38 7.32 7.31 7.31 7.30 7.30 7.17 7.07 7.17 7.24 7.24 7.29 7.30 7.03 7.14 7.03 6.84 6.97 7.27 7.46 7.65 7.68 7.78 7.84 7.80 7.80 8.02 7.89 7.77 7.90 8.28 8.35 8.39 8.38 8.28 8.03 7.80 7.30 7.42 7.07 6.83 6.21 6.03 7.03 7.19 7.39 7.44 7.52 7.58 7.52 7.43 7.77 8.09 8.31 8.66 8.83 9.13 9.29 9.39 9.37 9.26 9.70 9.80 9.69 9.94 10.23 9.49 9.32 10.11 10.22 10.82 11.35 11.47 11.71 12.07 12.37 12.61 12.91 13.17 13.43 13.58
7.41 7.35 7.29 7.26 7.24 7.22 7.21 7.17 7.10 7.09 7.14 7.14 7.13 7.10 7.05 6.95 6.88 6.63 6.67 7.00 7.25 7.39 7.45 7.46 7.57 7.61 7.63 7.74 7.66 7.54 7.66 7.97 8.11 8.16 8.16 8.11 7.96 7.78 7.44 7.22 6.94 6.57 6.16 6.05 6.80 7.00 7.15 7.27 7.24 7.18 7.17 7.14 7.49 7.88 8.10 8.48 8.68 8.77 9.09 9.11 9.22 9.31 9.49 9.50 9.57 9.78 10.04 9.34 9.74 10.29 10.03 10.65 10.85 10.90 11.20 11.51 11.88 12.12 12.48 12.70 13.00 13.22
