main/data/pressure/06.10.2023.grid
ncols 886
nrows 691
xllcenter 112.0000
yllcenter -44.5000
cellsize 0.0500
nodata_value 99999.90
[rows 407 to 443 of 691, columns 738 to 819 of 886]
8.98 8.91 8.84 8.75 8.66 8.58 8.50 8.41 8.33 8.26 8.18 8.11 8.09 8.06 8.05 8.05 8.08 8.11 8.11 8.09 8.00 7.46 7.14 6.58 7.26 6.72 5.33 5.53 5.47 6.04 6.68 7.25 7.43 7.61 7.71 7.04 7.42 7.47 7.51 6.90 6.60 6.48 7.09 6.77 7.52 7.97 7.95 7.85 7.43 6.71 7.05 6.79 7.03 6.94 6.64 7.27 6.74 7.26 7.38 7.02 7.75 7.86 7.54 7.38 7.79 7.07 6.80 7.46 7.40 7.63 7.29 7.26 7.81 7.40 8.59 8.20 8.68 9.24 7.73 8.05 9.09 8.91
8.90 8.86 8.79 8.71 8.64 8.57 8.50 8.43 8.35 8.28 8.21 8.15 8.12 8.10 8.10 8.11 8.14 8.09 8.15 8.16 8.20 8.15 7.10 7.08 6.46 7.48 6.32 6.05 6.23 5.86 6.65 7.18 6.74 7.45 7.89 7.26 7.72 8.02 7.25 6.64 6.58 6.83 6.73 6.63 6.80 7.72 7.97 7.49 7.94 7.31 7.14 8.01 7.28 6.91 6.58 7.10 7.68 7.21 7.38 7.13 7.26 7.89 7.44 7.48 7.78 7.36 6.63 7.09 7.12 7.26 6.78 6.71 6.64 6.81 8.64 8.32 8.40 9.93 8.32 10.06 10.81 10.27
8.84 8.81 8.76 8.68 8.61 8.56 8.50 8.44 8.39 8.32 8.26 8.20 8.16 8.14 8.15 8.16 8.16 8.09 8.06 7.97 8.26 8.31 8.30 7.89 7.97 7.66 7.85 7.18 6.19 6.52 6.38 7.12 6.57 7.11 7.38 7.80 8.04 7.88 7.52 6.89 6.43 7.05 6.22 7.20 6.83 7.65 7.87 8.03 7.80 7.03 7.37 8.03 7.10 6.99 7.20 7.37 7.68 7.53 7.65 7.68 7.65 7.58 8.02 7.66 7.51 7.47 6.95 6.20 6.94 6.99 6.56 6.99 7.97 7.81 10.93 11.02 10.51 10.42 10.33 10.53 10.93 10.82
8.81 8.76 8.73 8.67 8.60 8.54 8.50 8.46 8.43 8.39 8.32 8.26 8.21 8.21 8.21 8.23 8.08 8.04 7.94 7.90 8.27 8.38 8.39 8.36 8.31 8.27 8.13 7.79 6.29 7.75 6.32 7.03 6.98 7.04 7.02 7.18 8.10 7.88 6.68 6.75 6.41 6.52 7.12 7.01 7.32 7.64 7.79 7.40 7.70 7.93 8.02 7.93 7.25 6.94 6.97 7.44 7.42 7.42 7.62 7.57 7.88 7.40 7.68 8.14 7.93 7.91 7.52 7.74 7.37 6.69 6.08 8.25 9.83 9.81 9.34 9.08 9.86 9.81 9.83 9.91 10.10 10.78
8.79 8.74 8.72 8.67 8.60 8.54 8.49 8.46 8.45 8.43 8.37 8.32 8.28 8.27 8.28 8.29 8.24 8.20 7.98 7.98 8.32 8.48 8.48 8.10 8.35 8.00 8.26 7.54 7.40 7.25 6.35 6.89 6.51 6.81 7.75 8.13 8.22 7.85 7.82 6.48 7.51 8.20 8.07 7.59 7.78 7.04 7.33 7.21 7.07 7.28 7.55 7.21 7.45 7.19 7.21 6.95 7.51 7.52 7.78 7.72 8.17 7.38 8.06 8.26 8.01 7.66 7.77 7.69 7.05 8.00 7.62 8.34 7.77 9.41 8.90 10.72 8.86 9.12 9.92 9.38 9.73 9.91
8.77 8.73 8.70 8.68 8.62 8.56 8.50 8.44 8.39 8.35 8.40 8.35 8.30 8.33 8.33 8.36 8.29 8.17 7.94 7.87 8.36 8.56 8.57 8.28 8.16 7.85 8.02 7.64 7.07 6.41 6.59 6.71 6.67 6.75 7.05 8.18 7.47 8.46 8.13 7.65 8.45 7.94 6.64 6.49 7.82 7.45 7.50 7.31 6.99 7.15 6.91 7.50 7.06 7.03 7.29 7.56 6.96 7.84 8.59 7.84 8.71 7.50 8.58 8.52 7.87 8.58 7.94 8.21 7.95 9.47 9.85 7.76 8.96 9.99 8.14 8.47 10.64 10.39 10.70 9.81 10.76 10.76
8.76 8.74 8.71 8.67 8.65 8.58 8.50 8.42 8.36 8.40 8.38 8.38 8.25 8.36 8.42 8.41 8.32 8.16 7.99 8.12 8.55 8.49 8.51 8.25 8.55 8.48 8.54 8.28 7.24 7.49 7.76 7.51 7.39 7.90 6.57 8.45 8.35 8.31 8.54 8.54 7.78 6.99 7.35 7.03 7.36 6.99 7.23 7.31 7.31 6.77 7.06 7.22 7.05 6.70 6.96 7.30 7.00 7.81 7.93 9.21 9.39 7.92 8.97 7.95 8.92 8.11 7.92 7.85 7.12 8.22 10.50 7.85 8.69 9.03 10.07 8.74 9.65 9.69 10.58 10.67 10.70 10.52
8.75 8.73 8.71 8.68 8.66 8.60 8.49 8.39 8.36 8.41 8.35 8.39 8.28 8.47 8.46 8.45 8.37 8.14 7.91 8.18 8.50 8.43 8.11 8.75 8.77 8.69 8.49 8.39 8.51 7.28 8.32 8.27 8.16 7.84 7.16 7.49 8.58 8.30 8.60 7.96 8.18 6.34 6.32 6.66 7.10 7.18 7.19 7.19 7.09 6.94 6.12 7.03 6.76 7.25 7.45 7.49 7.21 7.70 7.24 6.77 8.75 8.62 7.46 9.36 7.50 8.74 9.91 9.67 8.22 8.51 10.41 8.39 9.33 7.73 9.33 10.21 10.11 10.13 10.45 10.51 10.63 10.68
8.76 8.74 8.73 8.70 8.68 8.62 8.50 8.39 8.34 8.42 8.11 8.34 8.42 8.54 8.47 8.40 8.35 8.34 8.08 8.25 8.65 8.71 8.78 8.59 8.83 8.61 8.68 7.98 7.15 8.46 8.28 7.94 8.18 8.39 7.99 8.49 8.67 8.48 8.33 7.83 8.17 7.69 6.21 6.94 7.41 6.33 6.26 6.83 6.17 6.37 6.68 6.81 6.97 6.82 6.81 6.91 6.69 6.82 6.52 7.61 7.81 9.82 9.96 7.42 7.15 9.98 10.40 10.42 9.67 9.47 10.39 8.31 10.00 9.43 8.18 10.33 10.11 10.44 9.97 10.04 10.54 10.57
8.76 8.74 8.72 8.70 8.69 8.63 8.53 8.44 8.35 8.34 8.48 8.41 8.41 8.36 8.35 8.27 8.18 8.11 8.10 8.27 8.48 8.82 8.21 8.23 8.85 8.90 8.85 8.75 8.55 8.66 8.07 8.21 8.55 8.62 8.21 8.46 8.48 8.41 7.53 7.20 7.03 8.16 6.89 6.06 6.68 7.28 7.19 7.17 7.12 6.65 6.60 6.64 6.80 6.54 6.58 6.68 6.54 7.30 7.55 6.94 8.56 9.22 10.03 7.68 7.37 10.22 7.20 7.31 9.46 9.12 8.64 10.03 9.83 10.01 9.47 8.91 9.14 9.41 10.03 10.06 10.38 9.43
8.78 8.74 8.73 8.74 8.67 8.64 8.55 8.42 8.26 8.17 8.48 8.48 8.37 8.43 8.25 8.18 8.12 8.11 8.23 8.45 8.86 8.83 8.40 8.72 8.94 8.95 8.95 8.89 8.86 8.53 7.78 8.04 8.75 8.61 8.41 8.08 8.07 7.87 7.44 7.49 7.91 7.50 6.98 6.80 6.08 7.26 7.03 6.93 6.48 6.50 6.34 6.48 6.96 6.28 6.43 6.35 5.86 6.61 6.38 7.14 6.41 7.01 7.22 10.00 7.63 10.03 7.34 7.35 6.53 8.74 8.25 9.53 9.38 10.10 9.09 9.98 8.55 9.74 9.89 9.97 10.21 10.08
8.81 8.76 8.75 8.74 8.65 8.55 8.53 8.40 8.14 8.08 8.35 8.42 8.49 8.34 8.14 8.17 8.18 8.31 8.54 8.62 8.58 8.78 8.90 8.87 8.65 8.91 8.90 8.72 8.91 8.12 7.49 8.62 8.80 8.72 8.54 8.21 8.43 8.18 8.44 8.28 7.69 6.79 6.01 6.32 5.68 7.14 7.10 7.06 7.00 6.52 6.30 6.12 6.30 7.70 6.00 5.90 6.32 5.96 6.09 5.93 7.14 7.87 8.41 8.24 8.43 9.67 6.77 6.03 6.45 9.41 7.12 8.36 9.60 9.77 9.92 9.29 9.72 9.32 9.69 9.93 10.02 10.15
8.83 8.81 8.76 8.68 8.70 8.52 8.42 8.39 8.12 8.01 8.21 8.39 8.44 8.48 8.15 8.25 8.51 8.70 8.84 8.89 8.94 8.73 8.69 8.63 8.73 8.98 9.00 9.00 8.97 8.88 8.12 8.86 8.05 8.74 8.74 8.72 8.70 8.60 8.62 8.59 7.65 6.29 7.14 8.05 6.93 5.39 6.38 6.76 6.63 6.86 6.18 5.89 5.94 8.63 8.67 6.56 7.21 6.11 5.82 6.38 7.27 7.57 9.46 6.47 6.49 6.90 9.21 6.66 7.80 8.53 7.39 8.17 8.52 9.70 9.57 9.69 9.34 9.41 9.71 9.88 9.94 10.02
8.83 8.77 8.68 8.55 8.67 8.67 8.39 8.22 8.44 7.89 8.13 8.49 8.20 8.43 8.12 8.39 8.58 8.70 8.85 8.92 8.96 8.59 8.76 8.41 8.62 8.69 8.25 8.85 8.98 8.94 8.92 8.89 8.80 8.00 7.92 8.43 8.50 8.36 8.29 8.48 8.41 8.37 8.18 7.53 7.89 7.22 8.06 7.92 6.14 6.36 6.52 6.63 8.48 5.66 6.04 8.59 8.62 6.59 5.54 5.42 5.67 6.03 7.06 8.98 7.00 6.07 8.89 6.68 6.40 6.27 6.19 6.02 9.45 8.36 8.56 9.27 9.54 9.38 9.54 9.64 9.73 9.83
8.76 8.62 8.20 8.23 8.66 8.49 8.44 8.03 8.43 7.83 8.26 8.47 8.17 8.34 8.07 8.53 8.22 8.49 8.65 8.89 8.96 8.77 8.61 7.99 7.82 7.20 7.85 8.90 8.96 8.96 8.93 8.81 8.32 8.29 7.13 8.30 8.43 8.20 8.37 8.39 8.34 7.85 8.34 8.20 8.21 8.19 8.03 7.65 7.66 6.09 5.94 6.59 6.82 5.85 6.13 5.72 5.63 8.51 6.90 6.78 5.11 5.83 6.41 8.78 6.65 5.44 7.24 6.37 5.93 5.77 5.87 8.78 7.45 9.21 8.62 8.59 9.32 9.26 9.31 9.49 9.54 9.61
8.60 8.65 7.97 7.73 8.60 8.06 8.57 8.38 8.11 8.04 8.11 8.39 7.92 8.30 8.19 8.21 8.29 8.41 7.70 8.83 8.94 8.79 8.73 8.03 8.28 8.04 7.59 8.61 8.93 8.90 8.94 8.88 8.77 8.57 7.46 8.02 8.30 8.23 8.28 8.20 8.35 8.33 8.31 7.74 7.17 8.05 7.19 7.79 7.29 6.15 5.81 6.39 6.31 5.64 5.95 5.62 4.97 5.40 5.84 7.65 8.44 8.46 8.51 6.76 5.93 6.10 5.26 7.14 6.00 5.33 7.51 6.87 7.32 7.94 8.62 9.06 8.65 9.19 9.20 9.15 9.31 9.28
8.51 8.10 8.04 7.80 8.44 8.00 8.45 7.79 7.91 7.73 8.02 8.05 8.01 8.10 8.12 8.31 8.40 8.54 8.77 8.85 8.93 8.76 8.58 8.64 8.21 8.08 7.86 8.73 8.91 8.92 8.89 8.86 8.81 8.66 7.92 7.90 8.10 7.81 8.00 8.09 8.25 8.17 8.26 7.71 7.00 7.85 7.03 7.70 7.58 5.92 5.60 6.20 5.70 5.73 5.74 5.57 5.01 5.19 5.49 6.43 5.30 5.55 5.84 6.44 5.72 5.77 5.90 6.57 5.17 5.68 5.62 5.07 7.25 7.72 7.82 8.10 8.07 8.40 8.73 8.96 9.09 8.58
7.28 7.53 8.39 7.64 6.67 7.30 8.31 7.65 7.67 7.80 7.79 7.74 7.84 7.69 8.00 8.21 8.22 7.98 7.65 8.29 8.91 8.61 8.12 8.71 8.86 8.74 8.77 8.64 8.62 8.84 8.84 8.84 8.78 8.19 8.51 8.21 6.92 7.16 7.93 8.12 7.85 8.01 7.87 8.10 8.01 7.82 7.06 7.47 7.18 6.21 5.31 6.06 5.52 5.32 5.56 5.30 5.01 5.01 5.94 5.55 5.30 5.56 6.14 6.15 5.74 5.35 6.55 6.36 5.23 4.80 5.63 5.45 5.55 7.02 7.64 7.99 8.06 8.25 8.83 8.81 8.85 8.77
8.56 8.23 7.37 6.55 6.69 7.47 7.99 7.79 8.14 7.60 7.90 8.19 7.64 7.78 7.92 7.90 8.24 7.38 7.67 8.82 8.87 8.62 8.90 8.89 8.90 8.89 8.85 8.81 8.70 8.73 8.46 8.54 8.79 8.67 7.88 7.56 8.26 8.12 7.97 8.00 7.69 7.67 7.58 7.86 7.79 8.00 7.87 5.66 5.70 6.83 6.07 5.83 5.48 5.11 5.35 4.69 5.17 5.25 4.96 4.27 5.50 5.88 5.27 5.66 5.44 5.07 6.86 5.69 6.74 6.88 6.49 7.47 6.84 7.15 8.64 8.76 7.87 8.34 8.21 8.94 8.88 9.02
7.50 6.20 8.13 6.77 5.87 7.83 8.08 7.57 7.93 8.18 8.28 8.00 7.86 7.81 7.73 7.64 7.69 8.13 8.39 8.72 8.82 8.52 8.87 8.88 8.86 8.79 8.85 8.84 8.82 8.79 8.78 8.76 8.73 8.67 7.83 8.17 6.37 6.92 8.00 7.97 7.94 7.65 6.51 7.49 6.22 7.82 6.72 7.71 6.52 6.11 5.69 5.42 5.36 5.19 4.51 4.42 4.80 5.29 4.38 5.27 5.12 4.62 5.03 5.21 5.71 5.81 7.68 7.83 8.03 7.08 6.02 8.22 7.53 6.69 7.80 8.30 8.60 8.11 8.66 8.85 8.77 8.79
7.73 8.00 5.86 5.73 7.81 6.80 8.07 8.11 8.06 8.39 8.26 8.26 8.18 8.11 7.95 7.80 8.12 7.86 7.11 8.62 8.79 8.37 8.65 8.82 8.77 7.47 8.67 8.79 8.77 8.75 8.29 8.71 8.69 8.64 8.52 8.31 7.85 7.08 7.40 7.83 7.73 7.88 7.36 7.35 6.78 6.48 6.63 6.68 7.27 6.08 5.37 4.99 5.10 4.52 4.17 4.47 4.62 4.14 4.96 5.50 5.07 4.97 4.55 5.11 5.78 6.71 8.20 6.90 7.20 7.56 6.00 7.52 8.21 7.21 7.66 7.43 7.58 8.72 8.72 8.76 8.75 8.86
8.03 7.42 6.45 7.22 7.39 7.86 7.91 8.27 8.40 8.14 7.91 7.95 8.03 7.93 7.87 7.94 8.20 8.33 8.51 8.69 8.72 8.23 8.26 8.68 8.61 8.08 8.70 8.71 8.70 8.69 8.58 8.65 8.25 8.57 7.27 8.28 8.01 7.92 6.67 6.65 7.29 7.69 7.47 6.24 7.32 7.22 7.11 5.30 5.88 6.90 4.53 4.88 5.31 4.53 5.10 5.08 4.94 4.89 4.83 5.96 5.31 5.54 5.52 5.51 6.02 6.28 6.79 7.85 6.69 8.47 7.51 7.21 6.93 8.24 7.59 7.91 8.22 8.51 8.56 8.68 8.70 8.76
8.33 7.36 7.68 7.58 6.81 7.59 7.89 8.12 8.43 8.00 7.84 7.77 7.80 8.01 7.82 7.63 7.95 7.94 8.51 8.39 8.61 8.60 8.49 8.53 8.60 8.60 8.61 8.01 8.63 8.53 8.21 8.61 8.55 8.50 8.42 8.28 7.82 7.45 7.17 6.59 6.05 7.53 7.08 7.04 6.83 7.25 4.60 5.22 5.58 5.68 5.01 5.19 5.24 4.79 4.61 5.90 5.15 5.08 6.02 6.46 7.13 5.73 6.52 6.11 6.13 5.17 5.32 6.44 7.66 6.79 7.96 8.40 8.12 8.46 8.47 8.44 8.53 8.57 8.25 8.59 8.61 8.68
8.10 8.22 7.85 7.55 7.49 7.66 8.14 7.89 8.25 8.48 7.96 7.86 7.93 7.77 7.81 7.63 8.05 8.14 8.35 8.27 8.51 8.51 7.62 8.33 8.49 8.41 8.51 8.54 8.53 8.31 8.52 8.55 8.52 8.45 8.39 8.31 8.09 7.87 7.55 6.41 6.52 6.11 6.53 6.69 7.14 6.15 5.49 5.36 6.40 4.45 5.42 4.57 4.74 4.93 4.81 5.08 5.93 5.35 5.89 5.89 6.37 5.67 5.73 6.91 5.94 5.17 5.80 6.65 6.29 6.12 8.16 7.30 7.12 7.39 8.13 7.74 7.28 8.22 8.14 8.39 8.57 8.61
7.51 8.22 7.75 7.74 7.71 7.70 8.05 7.80 8.01 8.30 8.41 8.35 8.25 8.28 7.83 7.75 7.68 7.60 8.04 8.09 8.46 8.34 8.26 8.18 8.12 8.23 8.46 8.49 8.42 8.49 8.48 8.48 8.48 8.41 8.36 8.22 8.10 7.88 7.70 7.55 7.19 6.27 5.11 6.78 6.61 6.49 5.03 5.57 6.59 6.74 6.79 6.43 5.50 4.96 5.23 5.12 5.13 5.99 5.32 6.30 6.78 7.07 5.32 7.23 6.71 5.70 5.53 6.16 6.19 8.05 7.22 6.37 6.85 7.02 7.13 7.32 8.13 8.32 7.99 8.47 8.52 8.54
8.31 7.97 8.04 7.65 8.05 7.88 7.85 7.72 7.78 8.39 8.49 8.23 8.39 8.33 7.93 7.83 8.01 7.95 6.46 7.07 8.34 8.06 8.06 7.12 7.71 6.93 8.31 8.42 8.44 8.43 8.38 8.41 8.37 8.37 8.28 7.93 8.05 6.75 7.39 7.11 7.09 6.20 4.17 6.25 5.25 4.80 4.65 5.01 5.87 4.73 6.38 6.35 5.11 6.29 6.39 6.22 6.22 5.27 6.11 4.99 7.25 7.10 5.38 7.55 6.03 5.39 5.80 6.73 6.04 6.54 6.07 6.25 6.63 6.06 7.38 7.75 7.86 8.39 8.02 8.45 8.47 8.50
8.35 8.06 7.92 7.82 8.21 8.06 7.95 7.88 8.06 8.49 8.28 8.09 7.87 8.10 8.23 8.09 7.89 7.70 6.66 6.30 7.10 6.20 7.87 7.29 6.76 8.09 7.21 8.29 8.33 8.16 8.34 8.35 7.99 8.28 8.08 8.11 7.42 7.36 5.61 6.62 5.53 6.13 6.14 6.79 5.91 4.87 5.55 4.44 6.36 6.52 7.12 6.25 7.38 7.52 7.66 7.73 7.70 7.68 5.36 6.29 5.51 6.23 6.48 7.77 6.53 4.73 5.89 5.87 7.51 6.85 6.12 6.06 6.37 7.92 7.61 8.29 8.35 8.31 8.38 8.13 8.43 8.45
8.22 7.97 7.88 8.20 8.15 7.99 7.97 8.24 8.47 8.48 7.88 7.67 7.44 7.75 7.84 7.88 7.86 7.15 6.54 5.96 6.12 5.84 5.79 6.04 6.14 7.81 6.66 7.97 8.22 7.90 8.21 8.18 8.23 8.17 8.06 7.96 7.57 7.62 7.23 5.38 7.14 5.28 5.90 7.03 7.05 6.11 6.05 4.47 5.72 4.70 6.25 6.38 6.28 6.08 6.13 5.73 7.25 6.23 7.83 5.66 5.71 6.57 8.03 7.42 6.55 5.31 6.02 6.97 7.37 6.51 7.03 6.60 6.13 7.67 7.65 8.23 7.81 8.34 8.36 8.37 8.39 8.41
8.08 8.03 8.02 8.34 8.46 8.35 8.30 8.32 8.23 8.27 8.36 8.23 7.24 8.24 7.55 7.65 7.49 7.02 7.79 7.03 6.87 6.41 5.95 5.53 5.56 7.51 7.83 8.02 8.01 7.87 7.46 7.97 7.80 7.97 7.86 7.04 7.24 7.22 6.89 5.98 7.52 5.89 6.46 7.06 7.14 6.54 4.93 6.59 6.56 6.39 5.83 5.10 4.83 6.46 6.67 6.38 5.79 5.97 5.79 7.32 6.84 6.62 6.39 8.11 7.01 6.00 7.57 7.18 7.94 6.91 7.53 7.61 7.18 7.19 7.85 8.06 8.16 8.28 8.19 8.34 8.36 8.38
8.20 8.02 8.35 8.48 8.49 8.48 8.46 8.34 7.85 7.77 7.93 7.80 7.76 7.41 7.22 7.06 7.43 7.88 7.61 7.67 7.06 6.29 6.37 6.64 7.32 6.06 6.04 6.43 7.73 6.85 7.21 7.56 7.01 7.23 6.47 6.76 5.03 5.25 6.34 6.38 7.57 7.26 6.55 7.49 7.07 5.64 6.80 6.21 6.78 6.52 5.95 5.03 4.60 4.85 5.59 6.10 5.36 5.99 7.80 5.88 7.10 8.20 7.95 8.24 5.86 5.82 6.56 7.96 8.18 7.11 7.98 8.15 7.87 8.29 8.28 8.24 8.27 8.31 8.31 8.32 8.33 8.34
8.34 8.43 8.43 8.22 8.34 8.28 8.38 8.37 8.16 7.75 7.60 7.48 7.31 7.28 7.16 7.07 8.05 7.76 7.11 7.71 7.48 6.88 6.53 6.27 6.33 6.19 6.01 5.12 5.48 5.44 7.67 7.74 7.31 7.41 5.33 7.45 5.93 5.46 7.07 7.29 7.60 7.63 7.40 7.59 7.36 6.26 6.18 5.89 6.85 5.81 4.16 4.36 4.64 4.24 4.46 5.31 5.71 6.58 5.73 8.01 6.85 6.16 7.15 8.25 8.32 7.52 5.89 7.17 8.23 7.88 7.66 8.05 8.26 8.21 8.29 8.28 8.24 8.30 8.30 8.30 8.32 8.33
8.06 8.18 8.30 8.24 8.22 8.10 8.00 7.96 8.08 7.87 7.65 7.53 7.60 7.45 7.38 7.63 8.12 7.46 7.77 7.50 7.26 7.35 7.04 7.29 7.59 7.37 7.38 7.37 7.55 6.64 7.98 7.82 6.53 7.48 5.89 7.18 7.36 7.32 7.34 7.54 7.45 7.00 7.32 7.65 7.24 7.41 7.15 6.80 6.06 6.04 5.23 4.13 3.94 4.86 6.42 7.18 6.94 5.51 5.77 6.80 6.65 6.19 6.74 8.21 7.87 8.24 8.30 8.29 8.19 8.30 8.31 8.23 8.30 8.30 8.30 8.30 8.29 8.29 8.30 8.30 8.30 8.32
8.14 8.11 8.17 8.00 7.97 7.92 7.72 7.79 7.88 8.13 7.99 8.26 8.11 8.14 8.26 8.20 7.81 7.53 8.08 7.99 7.31 7.92 7.91 7.91 7.23 7.53 7.90 7.78 7.16 8.08 7.94 7.67 7.49 7.86 7.55 7.11 7.91 7.59 6.77 8.03 6.64 6.67 7.78 7.73 6.13 7.46 7.22 6.10 6.38 5.99 4.17 3.88 3.55 4.92 6.81 5.31 7.15 7.73 6.18 6.82 7.33 8.14 8.19 7.06 8.03 7.27 7.35 7.39 8.30 7.66 7.82 8.12 8.19 8.29 8.32 8.32 8.31 8.30 8.29 8.30 8.30 8.31
8.18 8.03 8.05 7.95 8.04 8.02 7.90 7.99 8.12 8.37 8.40 8.38 8.37 8.28 8.07 7.68 7.56 7.74 8.14 8.10 8.29 7.96 8.24 7.78 7.36 7.85 8.02 7.53 7.66 8.01 7.52 6.86 7.38 8.07 7.56 7.86 7.87 8.04 8.14 8.08 6.99 7.55 7.84 7.65 7.60 7.04 6.25 6.68 6.01 5.01 4.43 2.99 3.52 4.32 6.25 5.84 6.49 6.96 6.89 7.05 8.01 8.14 8.09 7.55 7.52 6.89 6.96 7.31 6.31 7.29 7.31 7.88 8.16 8.25 8.35 8.34 8.33 8.32 8.31 8.30 8.30 8.31
8.11 8.18 8.18 8.25 8.36 8.05 8.31 8.41 8.41 8.26 8.07 7.94 8.25 7.83 7.84 7.83 8.09 8.02 8.34 8.12 8.22 8.03 8.17 7.93 7.78 8.25 8.15 8.07 7.17 8.02 7.84 7.52 8.03 7.80 8.19 8.09 7.89 6.72 8.08 8.08 7.21 7.93 7.88 7.74 5.65 5.77 4.03 3.89 6.40 5.30 4.00 3.10 3.41 4.09 4.16 4.90 6.67 7.13 7.64 7.87 7.97 8.04 8.01 7.95 7.21 6.85 7.56 8.18 7.75 7.55 7.49 8.37 8.01 8.40 8.38 8.36 8.34 8.33 8.33 8.32 8.32 8.31
8.13 8.32 8.05 8.45 8.41 8.32 8.44 8.39 8.32 8.12 7.85 7.99 8.28 8.39 8.35 8.32 8.29 8.30 8.25 8.17 7.96 7.98 8.23 8.09 8.40 8.29 8.11 8.13 7.71 8.26 8.00 7.74 8.11 7.28 7.70 8.17 7.45 6.81 7.59 8.10 7.23 7.96 7.91 7.06 7.00 6.86 6.48 6.60 5.49 4.86 3.68 4.66 4.05 5.26 5.06 6.01 5.81 6.63 6.03 7.12 6.97 8.04 7.46 7.87 7.49 7.19 7.18 7.89 8.28 8.32 8.44 8.45 8.38 8.43 8.41 8.40 8.38 8.36 8.35 8.34 8.33 8.32
8.13 8.46 8.39 8.10 8.31 8.15 8.37 8.22 7.90 8.06 7.67 7.82 7.91 8.09 8.24 8.18 8.15 7.83 8.15 8.22 8.01 7.88 8.37 8.38 8.49 8.31 8.22 8.31 8.08 8.41 7.95 8.15 8.10 7.58 7.59 8.22 7.20 7.01 7.59 8.04 8.09 7.84 7.78 7.75 7.62 7.38 5.32 5.82 4.07 4.42 5.27 5.70 6.21 6.62 6.47 6.66 5.52 5.99 6.02 7.24 7.81 7.96 7.93 7.02 7.57 6.88 7.99 8.16 8.34 8.36 8.23 8.44 8.49 8.47 8.45 8.43 8.41 8.39 8.37 8.36 8.35 8.34
