main/data/pressure/07.04.2023.grid
ncols 886
nrows 691
xllcenter 112.0000
yllcenter -44.5000
cellsize 0.0500
nodata_value 99999.90
[rows 175 to 209 of 691, columns 539 to 615 of 886]
25.06 25.23 25.33 25.42 25.68 25.86 26.00 26.15 26.32 26.54 26.74 26.96 27.17 27.29 27.39 27.46 27.55 27.56 27.54 27.52 27.48 27.40 27.36 27.38 27.34 27.29 27.24 27.22 27.15 27.10 27.06 27.06 27.05 27.04 27.02 27.00 26.98 26.99 26.98 26.97 26.98 26.97 26.98 26.95 26.94 26.92 26.91 26.90 26.88 26.85 26.81 26.78 26.74 26.69 26.63 26.58 26.53 26.48 26.40 26.35 26.30 26.26 26.21 26.15 26.11 26.08 26.03 26.00 25.98 25.95 25.92 25.89 25.85 25.88 25.66 25.63 25.70
24.56 24.64 24.83 25.19 25.42 25.50 25.62 25.74 25.92 26.14 26.35 26.57 26.75 26.88 26.97 27.06 27.12 27.16 27.13 27.12 27.09 27.05 27.02 27.02 27.00 26.97 26.93 26.90 26.86 26.82 26.81 26.81 26.80 26.78 26.76 26.75 26.73 26.73 26.74 26.74 26.74 26.76 26.74 26.72 26.70 26.70 26.68 26.67 26.66 26.63 26.58 26.56 26.53 26.47 26.43 26.39 26.33 26.28 26.24 26.17 26.12 26.08 26.02 25.97 25.93 25.90 25.85 25.81 25.79 25.77 25.75 25.71 25.70 25.73 25.64 25.65 25.63
24.40 24.68 24.83 25.02 25.09 25.14 25.24 25.35 25.58 25.76 25.97 26.17 26.21 26.44 26.53 26.58 26.69 26.79 26.77 26.76 26.74 26.71 26.70 26.70 26.70 26.67 26.64 26.61 26.58 26.54 26.54 26.54 26.55 26.54 26.53 26.52 26.50 26.49 26.50 26.51 26.50 26.51 26.50 26.48 26.48 26.48 26.46 26.44 26.43 26.40 26.37 26.34 26.32 26.29 26.23 26.19 26.14 26.09 26.04 26.00 25.94 25.90 25.84 25.77 25.75 25.72 25.68 25.65 25.63 25.59 25.58 25.57 25.55 25.55 25.54 25.53 25.53
24.52 24.59 24.56 24.64 24.72 24.75 24.88 25.06 25.26 25.41 25.62 25.39 25.76 26.03 26.17 26.26 26.34 26.46 26.46 26.44 26.44 26.43 26.42 26.41 26.42 26.39 26.36 26.33 26.31 26.29 26.30 26.32 26.31 26.30 26.30 26.28 26.27 26.26 26.27 26.28 26.28 26.27 26.26 26.26 26.26 26.26 26.24 26.23 26.21 26.19 26.16 26.13 26.11 26.09 26.05 25.99 25.95 25.90 25.86 25.81 25.76 25.72 25.67 25.63 25.59 25.55 25.50 25.50 25.46 25.42 25.39 25.39 25.39 25.34 25.22 25.34 25.34
24.25 24.11 24.13 24.31 24.39 24.50 24.57 24.80 24.89 25.09 25.29 25.39 25.56 25.76 25.89 25.98 26.07 26.11 26.21 26.17 26.17 26.18 26.17 26.16 26.18 26.14 26.11 26.07 26.05 26.05 26.06 26.06 26.09 26.08 26.07 26.06 26.04 26.03 26.06 26.04 26.05 26.04 26.03 26.05 26.04 26.04 26.02 26.01 25.99 25.98 25.96 25.94 25.90 25.88 25.86 25.82 25.76 25.71 25.68 25.64 25.59 25.54 25.49 25.46 25.41 25.37 25.33 25.29 25.27 25.24 25.22 25.21 25.19 25.20 25.18 25.18 25.16
23.99 23.72 23.93 23.58 24.09 24.25 24.37 24.43 24.14 24.52 25.02 25.06 25.26 25.51 25.65 25.73 25.81 25.88 25.95 25.92 25.92 25.94 25.94 25.94 25.94 25.94 25.89 25.84 25.82 25.83 25.84 25.83 25.83 25.87 25.85 25.84 25.83 25.84 25.84 25.84 25.84 25.83 25.84 25.83 25.83 25.83 25.82 25.80 25.78 25.76 25.75 25.74 25.70 25.66 25.64 25.62 25.60 25.55 25.49 25.46 25.41 25.35 25.31 25.28 25.24 25.20 25.17 25.11 25.10 25.06 25.03 25.03 25.00 24.99 24.99 24.97 24.96
23.74 23.70 23.59 23.36 23.67 23.91 24.16 23.87 24.15 24.41 24.76 24.58 24.87 25.22 25.40 25.49 25.57 25.65 25.70 25.78 25.79 25.76 25.74 25.75 25.74 25.72 25.69 25.65 25.62 25.64 25.64 25.61 25.55 25.67 25.66 25.65 25.62 25.62 25.63 25.62 25.64 25.63 25.61 25.61 25.62 25.63 25.62 25.60 25.58 25.56 25.54 25.51 25.53 25.46 25.46 25.44 25.42 25.37 25.31 25.28 25.24 25.18 25.14 25.11 25.05 25.01 24.96 24.93 24.93 24.87 24.86 24.84 24.81 24.79 24.77 24.75 24.74
23.26 23.44 23.35 23.16 23.24 23.38 23.77 23.51 23.98 24.28 24.56 24.49 24.71 24.97 25.09 25.25 25.38 25.45 25.50 25.60 25.55 25.59 25.56 25.57 25.55 25.53 25.49 25.46 25.44 25.42 25.45 25.47 25.48 25.47 25.46 25.45 25.45 25.45 25.44 25.43 25.43 25.42 25.41 25.41 25.41 25.42 25.42 25.41 25.39 25.38 25.35 25.32 25.34 25.30 25.28 25.27 25.23 25.19 25.14 25.10 25.07 25.02 24.98 24.94 24.89 24.84 24.79 24.78 24.73 24.69 24.67 24.66 24.64 24.61 24.58 24.56 24.53
22.96 23.23 23.15 22.90 23.13 23.57 23.39 23.68 23.92 24.19 24.32 24.44 24.65 24.84 24.77 25.13 25.23 25.29 25.34 25.45 25.46 25.41 25.42 25.41 25.40 25.37 25.32 25.28 25.26 25.27 25.31 25.29 25.28 25.30 25.26 25.26 25.25 25.25 25.23 25.22 25.23 25.21 25.21 25.21 25.22 25.23 25.23 25.22 25.21 25.19 25.16 25.14 25.17 25.14 25.12 25.09 25.06 25.02 24.98 24.94 24.91 24.85 24.81 24.77 24.73 24.69 24.65 24.58 24.55 24.52 24.49 24.46 24.47 24.45 24.42 24.39 24.34
22.83 22.96 22.73 22.75 22.91 23.36 23.16 23.37 23.48 23.89 23.88 24.12 24.48 24.70 24.83 25.01 25.11 25.15 25.22 25.30 25.40 25.34 25.29 25.27 25.26 25.24 25.17 25.13 25.11 25.16 25.13 25.09 25.08 25.09 25.11 25.08 25.07 25.04 25.04 25.02 25.04 25.03 25.02 25.02 25.04 25.05 25.04 25.04 25.02 25.01 24.99 24.98 24.98 24.96 24.94 24.92 24.90 24.85 24.82 24.78 24.74 24.70 24.66 24.62 24.58 24.52 24.49 24.48 24.41 24.35 24.32 24.29 24.29 24.28 24.25 24.21 24.17
22.45 22.68 22.75 22.54 22.61 23.20 22.84 23.20 23.67 23.59 23.46 23.73 24.18 24.40 24.62 24.88 24.99 25.05 25.12 25.19 25.28 25.25 25.17 25.15 25.12 25.08 25.01 25.01 25.03 24.99 24.96 24.89 24.87 24.88 24.89 24.90 24.89 24.86 24.84 24.83 24.85 24.84 24.84 24.84 24.83 24.85 24.87 24.86 24.86 24.86 24.82 24.83 24.81 24.80 24.78 24.76 24.75 24.71 24.68 24.62 24.60 24.56 24.53 24.48 24.43 24.40 24.36 24.34 24.26 24.21 24.17 24.13 24.12 24.10 24.07 24.05 24.02
22.42 22.57 22.53 22.33 22.27 22.64 23.07 22.78 23.54 23.14 23.19 23.53 24.00 24.16 24.48 24.76 24.92 25.01 25.09 25.16 25.21 25.24 25.06 25.06 25.03 24.96 24.90 24.88 24.91 24.86 24.77 24.67 24.64 24.65 24.67 24.69 24.70 24.69 24.66 24.67 24.67 24.66 24.65 24.66 24.67 24.68 24.69 24.70 24.70 24.67 24.69 24.67 24.66 24.65 24.63 24.63 24.61 24.58 24.55 24.50 24.47 24.43 24.39 24.35 24.30 24.27 24.24 24.20 24.15 24.09 24.04 24.01 23.98 23.95 23.92 23.88 23.87
22.20 22.48 22.53 22.50 22.42 22.59 22.83 23.16 23.08 23.02 23.07 23.57 24.07 24.31 24.46 24.70 24.86 24.94 25.03 25.05 25.07 25.10 24.99 24.97 24.92 24.83 24.76 24.74 24.74 24.72 24.65 24.54 24.43 24.43 24.46 24.48 24.50 24.49 24.50 24.47 24.47 24.48 24.48 24.48 24.50 24.51 24.53 24.52 24.50 24.54 24.54 24.53 24.51 24.50 24.49 24.49 24.48 24.45 24.42 24.38 24.35 24.31 24.27 24.22 24.16 24.12 24.09 24.04 24.00 23.95 23.91 23.88 23.84 23.82 23.79 23.76 23.75
22.54 22.17 22.33 22.38 22.48 22.46 22.58 22.88 22.84 23.19 23.61 23.84 24.07 24.28 24.45 24.58 24.69 24.79 24.88 24.94 24.97 24.94 24.94 24.89 24.84 24.75 24.66 24.60 24.59 24.58 24.45 24.38 24.29 24.24 24.25 24.29 24.31 24.33 24.33 24.30 24.29 24.30 24.31 24.31 24.33 24.35 24.37 24.38 24.38 24.39 24.40 24.40 24.39 24.39 24.37 24.36 24.36 24.34 24.30 24.27 24.24 24.20 24.15 24.11 24.05 24.02 23.98 23.97 23.88 23.84 23.79 23.74 23.71 23.68 23.64 23.61 23.59
22.35 22.11 22.28 22.12 22.15 22.28 22.42 22.53 22.66 23.19 23.30 23.49 23.97 24.07 24.17 24.32 24.48 24.58 24.67 24.72 24.76 24.81 24.84 24.78 24.74 24.66 24.55 24.49 24.46 24.45 24.34 24.23 24.15 24.06 24.05 24.08 24.10 24.15 24.13 24.11 24.13 24.13 24.14 24.15 24.17 24.19 24.20 24.23 24.24 24.25 24.27 24.27 24.28 24.27 24.26 24.26 24.24 24.23 24.21 24.17 24.14 24.10 24.07 24.01 23.97 23.92 23.89 23.83 23.79 23.73 23.67 23.62 23.58 23.54 23.50 23.46 23.45
22.10 21.93 22.10 22.17 22.07 22.14 22.22 22.43 22.86 23.17 23.42 23.51 23.41 23.74 23.81 24.04 24.24 24.27 24.35 24.46 24.51 24.58 24.83 24.59 24.60 24.55 24.36 24.39 24.35 24.30 24.23 24.04 24.04 23.97 23.93 23.89 23.88 23.92 23.89 23.94 23.95 23.96 23.98 23.99 24.03 24.05 24.07 24.10 24.13 24.14 24.15 24.16 24.17 24.17 24.18 24.17 24.16 24.15 24.14 24.10 24.07 24.02 23.99 23.94 23.88 23.83 23.79 23.74 23.67 23.61 23.56 23.51 23.47 23.44 23.37 23.33 23.30
21.96 21.89 21.93 22.11 22.04 21.96 22.18 22.54 22.63 22.71 23.24 23.24 22.98 23.22 23.34 23.75 23.97 23.88 24.10 24.20 24.23 24.28 24.58 24.37 24.36 24.33 24.24 24.23 24.17 24.14 24.05 23.99 23.91 23.83 23.80 23.77 23.74 23.73 23.76 23.77 23.78 23.80 23.82 23.84 23.88 23.91 23.94 23.98 24.01 24.05 24.06 24.07 24.08 24.09 24.09 24.10 24.09 24.07 24.06 24.04 24.00 23.97 23.92 23.87 23.81 23.74 23.71 23.66 23.58 23.51 23.47 23.41 23.38 23.35 23.29 23.24 23.18
21.77 21.61 21.78 21.91 22.02 21.92 22.11 22.31 22.31 22.78 22.88 22.59 22.71 23.11 23.30 23.56 23.71 23.83 23.90 23.86 23.92 23.98 24.33 24.26 24.12 24.02 23.96 24.01 24.01 23.96 23.85 23.71 23.65 23.63 23.63 23.59 23.59 23.59 23.58 23.59 23.59 23.62 23.68 23.72 23.72 23.79 23.82 23.88 23.92 23.97 23.99 24.01 24.02 24.03 24.04 24.04 24.03 24.02 24.01 23.99 23.97 23.92 23.88 23.82 23.76 23.69 23.63 23.58 23.51 23.46 23.41 23.36 23.30 23.24 23.19 23.14 23.09
21.58 21.35 21.46 21.71 21.68 21.77 21.73 21.96 22.30 22.51 22.35 22.29 22.75 23.00 23.14 23.27 23.43 23.55 23.38 23.48 23.64 23.73 23.80 23.82 23.83 23.76 23.73 23.72 23.73 23.74 23.67 23.50 23.49 23.46 23.46 23.40 23.41 23.40 23.38 23.41 23.43 23.48 23.52 23.56 23.62 23.67 23.72 23.77 23.84 23.90 23.93 23.97 23.98 23.99 24.01 24.00 24.00 23.98 23.96 23.96 23.93 23.90 23.85 23.79 23.73 23.66 23.58 23.52 23.45 23.39 23.34 23.29 23.24 23.16 23.11 23.06 23.01
21.33 21.25 21.05 21.40 21.48 21.52 21.69 21.83 22.24 21.98 21.99 22.32 22.53 22.70 22.86 23.04 23.06 23.23 23.07 23.22 23.27 23.80 23.50 23.56 23.55 23.48 23.43 23.45 23.46 23.47 23.38 23.32 23.31 23.29 23.24 23.24 23.20 23.18 23.19 23.22 23.26 23.32 23.38 23.45 23.51 23.57 23.64 23.71 23.78 23.84 23.89 23.92 23.96 23.98 24.00 24.01 24.00 23.99 23.97 23.95 23.92 23.89 23.85 23.78 23.70 23.64 23.57 23.51 23.42 23.36 23.31 23.25 23.20 23.13 23.07 23.02 23.00
21.01 21.00 20.78 21.21 21.30 21.50 21.70 21.88 21.41 21.74 21.96 21.96 22.10 22.32 22.51 22.74 22.81 22.72 22.70 22.87 23.09 23.27 23.23 23.24 23.25 23.16 23.14 23.17 23.19 23.19 23.07 23.03 23.06 23.08 23.01 23.03 22.97 22.97 22.99 23.02 23.09 23.14 23.24 23.32 23.40 23.48 23.57 23.65 23.73 23.80 23.88 23.93 23.97 24.01 24.03 24.04 24.04 24.02 23.99 23.96 23.93 23.90 23.86 23.80 23.72 23.65 23.58 23.49 23.42 23.35 23.28 23.22 23.18 23.10 23.04 23.03 22.98
20.57 20.69 20.83 20.97 20.92 21.21 21.49 21.62 21.38 21.36 21.45 21.59 21.72 21.90 22.12 22.33 22.47 22.22 22.02 22.52 22.77 22.89 22.84 22.95 22.98 22.92 22.86 22.90 22.92 22.93 22.79 22.82 22.85 22.82 22.81 22.80 22.77 22.76 22.80 22.86 22.94 23.00 23.10 23.20 23.31 23.42 23.51 23.61 23.71 23.80 23.89 23.95 23.99 24.04 24.08 24.10 24.10 24.08 24.05 24.02 23.98 23.94 23.90 23.85 23.77 23.68 23.61 23.52 23.43 23.35 23.28 23.21 23.17 23.12 23.06 23.03 22.98
20.53 20.53 20.58 20.67 20.61 20.92 21.19 21.33 21.28 21.05 21.05 21.31 21.41 21.53 21.74 21.92 22.14 22.01 21.62 22.24 22.47 22.57 22.24 22.64 22.68 22.58 22.57 22.60 22.63 22.66 22.61 22.60 22.56 22.55 22.55 22.54 22.53 22.55 22.61 22.66 22.76 22.86 22.97 23.09 23.22 23.34 23.46 23.58 23.70 23.83 23.91 23.99 24.06 24.11 24.16 24.18 24.19 24.17 24.14 24.11 24.06 24.01 23.96 23.89 23.81 23.75 23.65 23.55 23.47 23.39 23.31 23.24 23.19 23.13 23.09 23.04 22.97
20.66 20.70 20.39 20.38 20.36 20.51 21.02 21.07 20.95 20.68 20.67 20.98 21.25 21.39 21.37 21.54 21.82 21.71 21.72 22.09 22.17 22.23 22.30 22.39 22.41 22.30 22.26 22.29 22.30 22.37 22.35 22.31 22.30 22.29 22.31 22.29 22.29 22.33 22.39 22.47 22.59 22.72 22.83 23.00 23.15 23.29 23.44 23.58 23.70 23.83 23.98 24.07 24.15 24.21 24.25 24.29 24.28 24.28 24.26 24.22 24.16 24.11 24.04 23.96 23.88 23.80 23.73 23.63 23.54 23.45 23.36 23.30 23.23 23.18 23.14 23.07 23.01
20.66 20.30 20.15 20.20 20.04 19.99 20.44 20.80 20.82 20.74 20.24 20.73 20.96 21.20 20.77 21.18 21.49 21.41 21.58 21.86 21.82 21.90 21.81 22.11 22.11 22.00 22.01 22.02 22.04 22.07 22.07 22.02 22.01 22.04 22.02 22.03 22.03 22.09 22.18 22.27 22.40 22.56 22.72 22.89 23.08 23.25 23.42 23.58 23.74 23.89 24.02 24.16 24.24 24.33 24.39 24.42 24.43 24.42 24.40 24.37 24.32 24.25 24.15 24.07 23.98 23.90 23.81 23.72 23.62 23.53 23.44 23.36 23.30 23.25 23.17 23.11 23.06
19.91 19.89 19.84 19.93 19.90 20.00 20.36 20.41 20.50 20.54 20.50 20.57 20.55 20.82 21.08 21.21 21.35 21.42 21.55 21.31 21.60 21.73 21.70 21.83 21.78 21.69 21.69 21.75 21.76 21.82 21.79 21.77 21.79 21.77 21.77 21.78 21.80 21.84 21.96 22.06 22.20 22.37 22.55 22.76 22.99 23.20 23.40 23.58 23.77 23.93 24.08 24.22 24.34 24.43 24.49 24.54 24.57 24.58 24.57 24.54 24.50 24.43 24.31 24.21 24.12 24.03 23.92 23.83 23.73 23.63 23.53 23.45 23.39 23.31 23.23 23.16 23.12
19.61 19.62 19.67 19.72 19.77 19.93 20.02 20.00 20.04 20.07 20.27 20.08 20.36 20.68 20.42 20.83 21.02 21.26 21.34 21.38 21.44 21.44 21.50 21.53 21.55 21.49 21.47 21.49 21.51 21.54 21.51 21.51 21.51 21.51 21.52 21.52 21.56 21.63 21.73 21.84 22.00 22.18 22.38 22.59 22.84 23.06 23.28 23.48 23.66 23.85 24.00 24.13 24.25 24.36 24.45 24.51 24.55 24.59 24.59 24.62 24.59 24.56 24.47 24.37 24.26 24.18 24.07 23.95 23.83 23.74 23.62 23.53 23.48 23.41 23.32 23.24 23.19
19.34 19.41 19.48 19.50 19.53 19.63 19.51 19.58 19.71 19.77 19.95 19.78 20.03 19.86 20.00 20.50 20.90 20.73 20.92 21.03 21.14 21.16 21.11 21.25 21.23 21.23 21.22 21.25 21.25 21.26 21.24 21.25 21.26 21.25 21.26 21.29 21.33 21.41 21.53 21.66 21.81 21.98 22.18 22.37 22.68 22.90 23.12 23.32 23.51 23.70 23.84 23.98 24.11 24.21 24.29 24.37 24.43 24.46 24.50 24.52 24.52 24.49 24.47 24.42 24.34 24.24 24.17 24.06 23.94 23.83 23.72 23.65 23.57 23.50 23.38 23.30 23.26
19.14 19.23 19.25 19.30 19.27 19.20 19.12 19.10 19.34 19.56 19.47 19.20 19.74 19.99 19.73 20.51 20.38 20.21 20.31 20.72 20.77 20.71 20.87 20.98 20.83 20.83 20.94 20.98 21.00 20.99 21.00 21.02 21.00 21.00 21.04 21.04 21.12 21.18 21.33 21.44 21.60 21.78 22.02 22.27 22.51 22.74 22.95 23.17 23.37 23.54 23.69 23.83 23.94 24.04 24.12 24.20 24.28 24.32 24.36 24.39 24.37 24.35 24.34 24.31 24.26 24.19 24.12 24.04 23.94 23.85 23.76 23.68 23.59 23.47 23.37 23.28 23.18
19.06 19.07 19.10 19.10 19.10 19.09 18.96 19.04 18.92 19.28 19.35 19.39 19.55 19.81 19.66 20.11 19.79 19.97 20.02 20.31 20.45 20.38 20.55 20.70 20.26 20.48 20.67 20.69 20.67 20.73 20.77 20.77 20.76 20.78 20.81 20.85 20.91 20.99 21.11 21.24 21.41 21.62 21.86 22.11 22.34 22.57 22.78 23.00 23.19 23.39 23.55 23.69 23.79 23.89 23.97 24.02 24.08 24.17 24.21 24.23 24.20 24.20 24.21 24.18 24.11 24.08 24.03 23.94 23.83 23.72 23.63 23.54 23.46 23.36 23.25 23.15 23.05
18.86 18.88 18.86 18.81 18.83 18.82 18.83 18.84 18.58 18.93 19.00 18.85 19.30 19.41 19.56 19.44 20.07 19.83 19.82 20.23 20.02 19.95 20.17 20.42 20.22 20.07 20.32 20.41 20.45 20.50 20.51 20.53 20.54 20.55 20.57 20.65 20.69 20.79 20.90 21.04 21.22 21.45 21.70 21.94 22.18 22.41 22.62 22.83 23.02 23.20 23.39 23.53 23.64 23.74 23.82 23.86 23.86 23.99 24.05 24.09 24.09 24.11 24.10 24.07 24.03 23.96 23.90 23.81 23.70 23.58 23.43 23.37 23.30 23.23 23.11 23.01 22.90
18.65 18.64 18.65 18.63 18.54 18.28 18.41 18.51 18.38 18.71 18.75 18.81 19.07 19.12 19.04 19.31 19.65 19.55 19.86 19.76 19.59 19.80 19.99 20.09 20.14 20.03 20.13 20.11 20.22 20.25 20.29 20.29 20.31 20.33 20.36 20.43 20.49 20.59 20.71 20.86 21.05 21.26 21.53 21.78 22.02 22.25 22.47 22.68 22.86 23.03 23.21 23.37 23.49 23.59 23.68 23.72 23.76 23.82 23.89 23.94 23.96 23.96 23.95 23.94 23.90 23.85 23.79 23.71 23.61 23.50 23.36 23.25 23.15 23.07 22.99 22.88 22.78
18.44 18.41 18.39 18.42 18.38 17.82 18.19 18.36 18.52 18.59 18.46 18.87 18.88 18.98 18.76 18.89 18.88 19.52 19.44 19.46 19.22 19.56 19.65 19.77 19.88 19.80 19.73 19.96 20.02 20.06 20.08 20.08 20.10 20.13 20.18 20.21 20.30 20.39 20.51 20.67 20.90 21.10 21.38 21.60 21.86 22.10 22.32 22.53 22.71 22.86 23.06 23.21 23.33 23.44 23.54 23.58 23.63 23.68 23.73 23.77 23.81 23.82 23.81 23.80 23.76 23.71 23.65 23.58 23.50 23.39 23.28 23.15 23.03 22.94 22.86 22.77 22.68
18.23 18.21 18.20 18.23 18.21 18.04 18.22 18.20 18.12 18.30 18.51 18.56 18.42 18.46 18.73 19.04 19.17 19.12 18.93 18.97 19.09 19.21 19.27 19.58 19.50 19.60 19.72 19.80 19.82 19.84 19.86 19.83 19.89 19.91 19.98 20.00 20.10 20.20 20.32 20.51 20.74 20.98 21.23 21.43 21.70 21.94 22.17 22.38 22.57 22.73 22.88 23.05 23.17 23.28 23.38 23.45 23.50 23.51 23.54 23.58 23.64 23.69 23.68 23.64 23.64 23.58 23.53 23.46 23.38 23.28 23.17 23.06 22.95 22.84 22.73 22.66 22.58
18.03 18.03 18.03 18.04 17.99 18.02 18.02 17.97 17.91 17.94 18.21 18.23 18.02 18.45 18.43 18.34 18.94 18.91 18.69 18.59 18.63 19.06 19.28 19.24 19.06 19.35 19.50 19.58 19.58 19.60 19.63 19.66 19.70 19.72 19.79 19.83 19.94 20.04 20.11 20.36 20.59 20.82 21.05 21.28 21.52 21.78 22.02 22.22 22.41 22.61 22.69 22.88 23.01 23.11 23.21 23.29 23.33 23.35 23.35 23.39 23.43 23.54 23.56 23.49 23.51 23.45 23.39 23.34 23.25 23.17 23.06 22.97 22.88 22.74 22.61 22.55 22.48
