main/data/pressure/07.02.2023.grid
ncols 886
nrows 691
xllcenter 112.0000
yllcenter -44.5000
cellsize 0.0500
nodata_value 99999.90
[rows 175 to 209 of 691, columns 553 to 631 of 886]
31.59 31.58 31.63 31.59 31.54 31.52 31.49 31.42 31.42 31.47 31.47 31.46 31.44 31.44 31.40 31.36 31.33 31.34 31.33 31.30 31.26 31.21 31.18 31.16 31.12 31.08 31.06 31.04 31.04 30.98 30.95 30.94 30.94 30.92 30.91 30.88 30.86 30.85 30.83 30.80 30.76 30.72 30.70 30.67 30.59 30.57 30.53 30.49 30.43 30.37 30.33 30.27 30.19 30.11 30.04 29.94 29.81 29.68 29.51 29.40 28.96 28.76 28.66 28.38 28.14 28.09 27.95 27.94 27.51 27.36 27.25 27.18 27.50 27.14 27.53 27.30 27.26 27.05 26.58
31.62 31.61 31.62 31.60 31.52 31.51 31.48 31.42 31.42 31.44 31.45 31.44 31.41 31.41 31.38 31.35 31.34 31.35 31.33 31.31 31.28 31.23 31.19 31.16 31.14 31.12 31.11 31.09 31.06 31.01 30.97 30.98 30.95 30.94 30.93 30.90 30.86 30.86 30.83 30.79 30.76 30.74 30.69 30.66 30.62 30.56 30.52 30.47 30.42 30.35 30.31 30.25 30.17 30.09 30.01 29.92 29.82 29.68 29.56 29.47 29.21 29.05 28.86 28.57 28.22 27.96 27.85 27.96 27.80 27.39 27.17 27.27 27.49 27.37 27.42 27.45 27.31 27.12 27.01
31.54 31.49 31.53 31.59 31.52 31.47 31.44 31.39 31.40 31.41 31.42 31.40 31.39 31.37 31.35 31.31 31.32 31.32 31.32 31.30 31.27 31.24 31.20 31.17 31.14 31.15 31.11 31.09 31.06 31.02 31.00 30.99 30.97 30.95 30.93 30.91 30.87 30.84 30.83 30.81 30.76 30.72 30.68 30.64 30.60 30.55 30.50 30.46 30.40 30.31 30.28 30.22 30.16 30.09 30.01 29.92 29.83 29.73 29.61 29.49 29.34 29.19 29.03 28.82 28.23 27.82 27.87 28.00 27.54 27.45 27.42 27.46 27.50 27.23 27.14 27.34 27.38 27.28 27.14
31.48 31.47 31.49 31.55 31.50 31.43 31.41 31.39 31.37 31.36 31.37 31.36 31.33 31.30 31.29 31.29 31.30 31.31 31.30 31.28 31.25 31.21 31.19 31.16 31.15 31.14 31.10 31.08 31.05 31.03 31.01 31.00 30.97 30.95 30.92 30.90 30.87 30.84 30.82 30.81 30.77 30.71 30.66 30.63 30.59 30.54 30.48 30.43 30.38 30.33 30.27 30.21 30.13 30.09 30.01 29.91 29.81 29.74 29.64 29.48 29.21 29.23 29.08 28.78 28.23 27.84 27.91 28.04 27.70 27.32 27.28 27.43 27.61 27.39 27.18 27.15 27.29 27.10 27.07
31.46 31.45 31.45 31.43 31.48 31.40 31.36 31.35 31.33 31.32 31.35 31.32 31.27 31.23 31.22 31.22 31.25 31.25 31.27 31.26 31.23 31.20 31.16 31.13 31.14 31.10 31.10 31.05 31.03 31.03 31.01 30.99 30.96 30.93 30.89 30.88 30.87 30.83 30.79 30.77 30.75 30.71 30.65 30.60 30.57 30.53 30.47 30.40 30.35 30.32 30.25 30.18 30.11 30.04 29.97 29.90 29.82 29.73 29.63 29.55 29.42 29.30 29.16 28.88 28.45 28.17 27.90 28.02 27.59 27.65 27.33 27.35 27.33 27.38 27.46 27.08 27.01 26.71 26.72
31.41 31.39 31.39 31.39 31.41 31.31 31.28 31.28 31.28 31.28 31.27 31.27 31.22 31.17 31.16 31.17 31.20 31.19 31.18 31.22 31.19 31.17 31.14 31.13 31.11 31.10 31.07 31.04 31.03 31.01 30.98 30.96 30.94 30.92 30.88 30.85 30.83 30.81 30.76 30.72 30.71 30.68 30.66 30.59 30.54 30.50 30.45 30.37 30.32 30.29 30.21 30.15 30.11 30.02 29.97 29.89 29.79 29.73 29.63 29.54 29.44 29.32 29.19 29.01 28.66 28.53 28.34 28.20 28.01 27.87 27.63 27.39 27.19 27.25 27.60 27.30 26.89 26.59 26.64
31.31 31.29 31.29 31.28 31.29 31.34 31.32 31.26 31.21 31.22 31.20 31.19 31.15 31.12 31.10 31.13 31.14 31.11 31.04 31.17 31.15 31.15 31.09 31.08 31.08 31.05 31.05 31.02 30.99 30.96 30.95 30.94 30.92 30.89 30.86 30.82 30.79 30.75 30.77 30.68 30.67 30.66 30.63 30.56 30.51 30.46 30.41 30.36 30.30 30.25 30.18 30.12 30.05 29.98 29.94 29.85 29.79 29.72 29.62 29.52 29.42 29.30 29.19 29.07 28.95 28.81 28.62 28.36 28.07 28.11 27.86 27.50 27.28 27.39 27.66 27.63 27.36 26.84 26.58
31.04 31.13 31.18 31.18 31.18 31.25 31.15 31.17 31.13 31.13 31.12 31.09 31.07 31.04 31.02 31.03 31.08 31.11 31.13 31.12 31.10 31.09 31.09 31.06 31.04 31.02 31.00 30.97 30.95 30.93 30.92 30.92 30.90 30.86 30.83 30.79 30.75 30.70 30.74 30.67 30.65 30.63 30.58 30.53 30.47 30.43 30.39 30.33 30.28 30.22 30.16 30.10 30.03 29.98 29.91 29.83 29.77 29.71 29.63 29.53 29.44 29.32 29.19 29.07 28.96 28.86 28.70 28.50 28.23 28.15 27.87 27.56 27.34 27.30 27.31 27.32 27.64 27.37 26.88
30.73 31.06 31.09 31.06 31.05 31.14 31.12 31.04 31.04 31.04 31.04 31.01 30.97 30.95 30.93 30.98 31.05 31.04 31.04 31.07 31.04 31.04 31.01 31.02 30.98 30.96 30.96 30.91 30.90 30.89 30.88 30.87 30.86 30.82 30.80 30.76 30.71 30.68 30.69 30.65 30.63 30.59 30.55 30.50 30.45 30.40 30.36 30.30 30.25 30.19 30.14 30.08 30.03 29.93 29.88 29.81 29.74 29.67 29.63 29.55 29.46 29.35 29.23 29.08 28.99 28.87 28.76 28.58 28.47 28.37 27.89 27.60 27.33 27.22 27.07 27.23 27.67 27.43 26.95
30.85 30.95 30.96 30.94 30.95 31.02 31.10 31.01 30.95 30.93 30.93 30.93 30.86 30.86 30.86 30.96 30.95 30.92 30.94 30.96 30.99 30.97 30.97 30.93 30.93 30.89 30.90 30.87 30.85 30.84 30.83 30.83 30.80 30.79 30.76 30.72 30.68 30.65 30.65 30.61 30.58 30.55 30.52 30.46 30.43 30.38 30.33 30.28 30.23 30.18 30.12 30.06 30.01 29.98 29.88 29.80 29.72 29.66 29.62 29.57 29.48 29.37 29.26 29.15 29.05 28.95 28.85 28.74 28.62 28.45 28.13 27.86 27.61 27.41 27.22 27.12 27.70 27.66 27.51
30.59 30.79 30.82 30.80 30.85 30.88 30.97 30.92 30.83 30.81 30.80 30.79 30.75 30.78 30.84 30.83 30.84 30.78 30.80 30.83 30.86 30.90 30.90 30.87 30.84 30.82 30.84 30.82 30.79 30.78 30.76 30.75 30.77 30.74 30.71 30.69 30.63 30.62 30.59 30.57 30.54 30.51 30.48 30.44 30.40 30.33 30.30 30.25 30.21 30.17 30.10 30.05 30.01 29.98 29.86 29.80 29.72 29.64 29.61 29.55 29.48 29.40 29.30 29.21 29.11 29.01 28.92 28.82 28.73 28.58 28.38 28.19 27.92 27.82 27.77 27.72 27.57 27.73 27.66
30.39 30.61 30.69 30.73 30.78 30.82 30.86 30.90 30.68 30.71 30.71 30.67 30.63 30.67 30.75 30.75 30.69 30.61 30.62 30.66 30.72 30.76 30.80 30.80 30.76 30.78 30.76 30.75 30.73 30.72 30.70 30.71 30.70 30.70 30.68 30.61 30.62 30.58 30.55 30.54 30.50 30.48 30.45 30.42 30.38 30.32 30.29 30.24 30.20 30.15 30.10 30.05 30.01 29.97 29.91 29.82 29.74 29.67 29.62 29.56 29.48 29.41 29.34 29.24 29.14 29.03 28.94 28.85 28.76 28.67 28.58 28.42 28.06 27.67 27.48 27.31 27.18 27.38 27.57
30.45 30.58 30.62 30.62 30.65 30.64 30.64 30.69 30.56 30.57 30.56 30.52 30.48 30.52 30.60 30.63 30.61 30.53 30.44 30.49 30.56 30.64 30.68 30.69 30.71 30.67 30.68 30.68 30.67 30.66 30.64 30.64 30.64 30.62 30.57 30.60 30.57 30.53 30.50 30.48 30.45 30.44 30.41 30.38 30.34 30.30 30.27 30.23 30.17 30.12 30.06 30.01 29.99 29.92 29.86 29.81 29.75 29.69 29.64 29.58 29.52 29.45 29.39 29.30 29.17 29.03 28.92 28.87 28.80 28.69 28.60 28.54 28.19 27.70 27.20 27.01 26.97 27.11 27.33
30.54 30.55 30.53 30.54 30.52 30.51 30.49 30.45 30.46 30.44 30.44 30.39 30.37 30.37 30.43 30.50 30.41 30.40 30.35 30.34 30.41 30.50 30.56 30.60 30.61 30.59 30.58 30.58 30.58 30.57 30.56 30.57 30.57 30.55 30.53 30.52 30.51 30.49 30.46 30.44 30.41 30.39 30.38 30.36 30.31 30.27 30.23 30.20 30.15 30.11 30.05 30.01 29.98 29.96 29.86 29.82 29.76 29.69 29.63 29.58 29.51 29.45 29.39 29.33 29.19 29.07 28.95 28.87 28.79 28.67 28.57 28.39 27.95 27.50 27.16 26.97 26.93 27.04 27.23
30.35 30.39 30.44 30.43 30.43 30.40 30.34 30.35 30.33 30.28 30.29 30.25 30.21 30.23 30.29 30.37 30.33 30.27 30.25 30.20 30.25 30.33 30.41 30.48 30.48 30.48 30.49 30.49 30.50 30.49 30.49 30.49 30.46 30.48 30.47 30.46 30.45 30.42 30.40 30.39 30.36 30.34 30.32 30.32 30.28 30.24 30.21 30.17 30.15 30.10 30.05 30.01 29.98 29.93 29.88 29.81 29.75 29.69 29.63 29.57 29.50 29.44 29.39 29.35 29.22 29.11 28.98 28.86 28.75 28.64 28.46 28.08 27.85 27.50 27.24 27.17 27.11 27.05 26.98
30.07 30.22 30.34 30.27 30.26 30.29 30.26 30.26 30.50 30.15 30.13 30.11 29.95 30.10 30.15 30.21 30.20 30.08 30.15 30.16 30.17 30.18 30.21 30.31 30.30 30.36 30.38 30.38 30.40 30.40 30.41 30.41 30.40 30.40 30.41 30.40 30.37 30.36 30.34 30.33 30.31 30.30 30.28 30.26 30.26 30.22 30.19 30.15 30.14 30.08 30.03 30.00 29.97 29.92 29.86 29.80 29.74 29.68 29.64 29.59 29.50 29.44 29.37 29.32 29.27 29.13 28.99 28.87 28.74 28.61 28.44 28.29 28.17 27.90 27.67 27.46 27.34 27.01 26.66
29.67 30.06 30.22 30.01 30.17 30.21 30.15 30.12 30.44 30.11 30.05 29.97 29.84 29.91 29.94 30.01 30.03 30.07 30.05 30.05 30.08 30.11 30.13 30.15 30.22 30.24 30.26 30.28 30.30 30.29 30.31 30.31 30.31 30.32 30.34 30.34 30.31 30.29 30.27 30.27 30.25 30.24 30.22 30.21 30.21 30.19 30.16 30.13 30.10 30.06 30.01 29.97 29.94 29.91 29.83 29.77 29.74 29.67 29.65 29.60 29.53 29.47 29.37 29.29 29.31 29.19 29.03 28.94 28.80 28.66 28.59 28.57 28.44 28.28 28.06 27.64 27.38 26.99 26.54
29.85 30.06 30.14 30.17 30.17 30.02 30.02 30.02 30.39 30.23 30.00 29.83 29.71 29.77 29.79 29.83 29.79 29.74 29.77 29.85 29.94 29.96 30.01 30.06 30.07 30.09 30.11 30.14 30.18 30.19 30.18 30.21 30.22 30.24 30.24 30.27 30.25 30.23 30.21 30.20 30.19 30.18 30.16 30.15 30.14 30.14 30.13 30.10 30.07 30.05 30.00 29.95 29.92 29.88 29.83 29.79 29.75 29.71 29.66 29.59 29.53 29.47 29.40 29.34 29.32 29.30 29.19 29.10 28.92 28.74 28.76 28.62 28.43 28.31 28.21 27.82 27.44 27.03 26.57
29.90 29.94 30.04 30.08 29.77 29.81 29.93 29.96 29.99 29.95 29.90 29.77 29.69 29.66 29.64 29.67 29.64 29.53 29.62 29.71 29.77 29.79 29.85 29.89 29.89 29.95 29.97 30.01 30.04 30.07 30.10 30.11 30.12 30.14 30.16 30.18 30.17 30.17 30.15 30.14 30.13 30.11 30.10 30.09 30.07 30.08 30.09 30.07 30.05 30.01 29.99 29.94 29.90 29.86 29.81 29.78 29.75 29.72 29.66 29.60 29.54 29.48 29.42 29.35 29.38 29.31 29.21 29.11 29.06 28.96 28.79 28.62 28.38 28.17 28.48 28.08 27.60 27.29 27.08
29.80 29.92 29.84 29.94 29.64 29.75 29.73 30.33 29.88 29.89 29.82 29.69 29.59 29.57 29.56 29.57 29.45 29.38 29.46 29.53 29.57 29.65 29.66 29.68 29.71 29.76 29.80 29.87 29.91 29.94 29.98 29.99 30.02 30.04 30.07 30.08 30.08 30.08 30.08 30.07 30.07 30.06 30.04 30.04 30.03 30.03 30.02 30.03 30.02 30.00 29.95 29.93 29.90 29.87 29.81 29.79 29.77 29.74 29.69 29.64 29.58 29.53 29.50 29.47 29.43 29.36 29.28 29.17 29.12 29.07 28.85 28.69 28.50 28.32 28.64 28.28 27.88 27.55 27.20
29.62 29.80 29.79 29.58 29.46 29.57 29.79 29.94 29.82 29.77 29.73 29.57 29.49 29.50 29.50 29.49 29.30 29.26 29.30 29.36 29.35 29.45 29.43 29.46 29.51 29.57 29.64 29.67 29.74 29.79 29.84 29.88 29.90 29.93 29.96 29.97 30.00 30.00 30.01 30.01 30.01 30.01 30.00 29.99 29.98 29.98 29.96 29.97 30.00 29.98 29.94 29.93 29.90 29.86 29.83 29.80 29.77 29.72 29.72 29.66 29.61 29.62 29.57 29.51 29.38 29.42 29.35 29.26 29.19 29.08 28.94 28.86 28.82 28.77 28.82 28.23 27.59 27.32 27.17
29.40 29.57 29.65 29.23 28.88 29.43 29.67 29.74 29.61 29.68 29.66 29.53 29.42 29.44 29.43 29.43 29.23 29.24 29.26 29.22 29.21 29.24 29.23 29.25 29.32 29.40 29.47 29.52 29.59 29.64 29.70 29.75 29.78 29.82 29.85 29.89 29.91 29.91 29.91 29.92 29.95 29.95 29.95 29.94 29.92 29.92 29.92 29.93 29.94 29.95 29.94 29.92 29.90 29.86 29.84 29.80 29.78 29.75 29.75 29.72 29.69 29.69 29.65 29.55 29.48 29.45 29.40 29.33 29.25 29.15 29.08 29.08 29.09 29.03 28.89 28.21 27.28 27.38 27.14
29.19 29.34 29.51 29.24 28.64 29.36 29.57 29.61 29.13 29.56 29.58 29.40 29.33 29.32 29.33 29.35 29.26 29.23 29.16 29.12 29.08 29.06 29.02 29.04 29.13 29.17 29.26 29.33 29.40 29.48 29.55 29.60 29.65 29.69 29.73 29.79 29.81 29.83 29.84 29.85 29.87 29.88 29.88 29.88 29.87 29.87 29.87 29.88 29.90 29.90 29.90 29.93 29.89 29.87 29.85 29.83 29.81 29.79 29.78 29.76 29.77 29.74 29.69 29.63 29.60 29.57 29.54 29.47 29.38 29.26 29.23 29.25 29.19 29.14 29.04 28.57 28.26 28.15 27.76
29.02 29.14 29.39 29.16 29.07 29.45 29.48 29.48 29.49 29.54 29.49 29.32 29.20 29.21 29.17 29.24 29.19 29.11 29.07 29.03 29.01 28.96 28.90 28.89 28.91 28.96 29.05 29.14 29.19 29.32 29.39 29.46 29.52 29.57 29.60 29.65 29.73 29.74 29.76 29.78 29.80 29.81 29.81 29.81 29.82 29.83 29.83 29.84 29.84 29.86 29.87 29.87 29.91 29.89 29.88 29.87 29.86 29.85 29.84 29.84 29.85 29.80 29.78 29.75 29.74 29.72 29.69 29.62 29.54 29.45 29.43 29.39 29.25 29.27 29.13 28.83 28.69 28.63 28.43
28.55 28.96 29.27 29.07 29.19 29.46 29.32 29.35 29.16 29.47 29.40 29.20 29.16 29.13 29.12 29.12 29.08 29.00 28.95 28.95 28.89 28.84 28.79 28.79 28.79 28.80 28.85 28.94 29.03 29.11 29.21 29.30 29.37 29.42 29.49 29.54 29.59 29.65 29.67 29.70 29.73 29.75 29.75 29.76 29.77 29.80 29.81 29.82 29.82 29.83 29.86 29.87 29.89 29.91 29.91 29.91 29.90 29.91 29.91 29.93 29.89 29.87 29.87 29.88 29.87 29.83 29.81 29.76 29.70 29.62 29.59 29.54 29.46 29.39 29.24 29.20 29.06 28.91 28.84
29.24 29.31 29.38 29.39 29.45 29.05 29.33 29.42 29.29 29.39 29.27 29.09 29.03 29.06 29.03 29.06 28.98 28.92 28.91 28.84 28.79 28.74 28.71 28.67 28.72 28.71 28.74 28.81 28.86 28.95 29.05 29.16 29.23 29.30 29.38 29.43 29.48 29.55 29.60 29.62 29.65 29.67 29.70 29.73 29.75 29.77 29.81 29.82 29.81 29.82 29.84 29.89 29.91 29.93 29.94 29.96 29.95 29.96 29.98 29.98 29.97 29.95 29.95 29.96 29.94 29.93 29.93 29.87 29.80 29.76 29.74 29.72 29.61 29.47 29.32 29.33 29.25 29.13 29.07
28.69 29.12 29.26 29.47 29.47 29.43 29.43 29.34 29.33 29.28 29.24 29.10 29.01 28.98 28.96 28.95 28.89 28.82 28.79 28.72 28.68 28.62 28.60 28.59 28.61 28.62 28.68 28.74 28.81 28.89 29.00 29.08 29.17 29.24 29.31 29.37 29.43 29.47 29.52 29.58 29.61 29.63 29.66 29.68 29.70 29.74 29.76 29.81 29.81 29.83 29.84 29.90 29.94 29.96 29.97 30.00 29.98 30.01 30.06 30.07 30.05 30.04 30.05 30.05 30.04 30.02 29.97 29.93 29.90 29.90 29.89 29.77 29.62 29.60 29.59 29.50 29.39 29.33 29.25
28.44 28.99 29.40 29.08 29.22 29.28 29.34 29.26 29.12 29.21 29.12 29.04 28.96 28.93 28.88 28.84 28.76 28.73 28.68 28.62 28.59 28.54 28.50 28.50 28.54 28.57 28.61 28.66 28.72 28.78 28.96 29.05 29.13 29.20 29.27 29.34 29.39 29.44 29.49 29.53 29.58 29.62 29.65 29.68 29.71 29.75 29.77 29.79 29.82 29.84 29.84 29.85 29.93 29.97 30.00 30.03 30.05 30.09 30.14 30.16 30.12 30.12 30.18 30.16 30.14 30.05 29.97 29.97 29.97 29.98 29.91 29.79 29.70 29.71 29.71 29.62 29.51 29.49 29.49
28.39 29.29 29.02 28.71 28.73 29.16 29.13 28.97 29.08 29.13 28.87 28.78 28.86 28.84 28.80 28.73 28.69 28.66 28.58 28.51 28.48 28.42 28.42 28.41 28.45 28.47 28.51 28.56 28.68 28.80 28.91 29.00 29.08 29.16 29.24 29.31 29.37 29.42 29.46 29.50 29.54 29.58 29.64 29.68 29.72 29.77 29.77 29.77 29.82 29.86 29.88 29.89 29.94 29.98 30.01 30.06 30.10 30.16 30.20 30.21 30.22 30.24 30.23 30.21 30.10 30.07 30.04 30.27 30.29 30.01 29.89 29.81 29.76 29.83 29.84 29.73 29.63 29.63 29.62
28.59 29.07 28.55 28.68 28.64 28.92 28.99 28.82 28.93 29.05 28.39 28.58 28.76 28.72 28.63 28.63 28.61 28.56 28.48 28.44 28.39 28.37 28.34 28.34 28.35 28.37 28.43 28.52 28.63 28.76 28.86 28.95 29.03 29.10 29.19 29.29 29.35 29.40 29.45 29.49 29.52 29.53 29.56 29.66 29.71 29.73 29.72 29.76 29.83 29.87 29.87 29.93 29.99 30.00 30.01 30.04 30.08 30.15 30.20 30.22 30.23 30.22 30.21 30.23 30.23 30.21 30.36 30.78 30.40 30.02 29.95 29.93 29.95 29.95 29.88 29.82 29.76 29.72 29.65
28.75 28.49 29.20 28.79 28.67 29.08 28.72 28.52 28.72 28.95 28.59 28.32 28.55 28.60 28.57 28.56 28.51 28.45 28.40 28.33 28.29 28.29 28.23 28.25 28.27 28.27 28.36 28.47 28.59 28.70 28.81 28.89 28.97 29.07 29.13 29.22 29.32 29.39 29.42 29.48 29.51 29.50 29.48 29.60 29.68 29.73 29.77 29.82 29.87 29.92 29.93 29.96 30.01 30.03 30.03 30.04 30.01 30.10 30.17 30.22 30.23 30.22 30.21 30.26 30.37 30.38 30.37 30.70 30.41 30.12 30.09 30.05 30.02 29.94 29.92 29.86 29.76 29.67 29.61
28.34 28.59 28.92 28.70 29.00 28.77 28.43 28.60 28.74 28.78 28.75 28.50 28.55 28.44 28.50 28.47 28.42 28.36 28.30 28.24 28.20 28.19 28.15 28.16 28.17 28.21 28.29 28.39 28.53 28.65 28.76 28.86 28.94 29.03 29.10 29.15 29.26 29.35 29.41 29.46 29.49 29.50 29.51 29.58 29.66 29.72 29.77 29.81 29.87 29.91 29.95 29.99 30.03 30.07 30.08 30.11 30.09 30.12 30.15 30.21 30.23 30.23 30.23 30.25 30.36 30.58 30.79 30.57 30.25 30.12 30.12 30.02 29.99 29.96 29.92 29.89 29.79 29.67 29.71
28.25 28.31 28.20 28.92 28.72 28.64 28.22 28.55 28.57 28.61 28.65 28.46 28.27 28.46 28.46 28.41 28.35 28.28 28.21 28.15 28.12 28.07 28.07 28.07 28.08 28.13 28.24 28.32 28.50 28.57 28.71 28.81 28.91 29.00 29.06 29.10 29.23 29.31 29.36 29.44 29.49 29.51 29.54 29.57 29.63 29.70 29.76 29.80 29.85 29.91 29.95 29.99 30.04 30.08 30.11 30.14 30.17 30.17 30.17 30.21 30.23 30.26 30.26 30.23 30.26 30.67 30.28 30.49 30.13 30.15 30.15 30.14 30.17 30.05 29.94 30.02 30.06 29.98 29.87
28.46 28.76 28.84 28.66 28.30 28.25 28.30 28.35 28.31 28.62 28.41 28.43 28.47 28.48 28.40 28.32 28.27 28.14 28.12 28.05 28.04 27.95 27.97 27.97 27.98 28.08 28.19 28.33 28.45 28.51 28.66 28.77 28.89 28.96 29.05 29.10 29.17 29.27 29.33 29.40 29.46 29.51 29.54 29.55 29.56 29.63 29.71 29.82 29.86 29.88 29.97 29.99 30.05 30.09 30.15 30.17 30.20 30.22 30.24 30.24 30.24 30.28 30.30 30.29 30.36 30.64 30.76 30.45 30.25 30.30 30.27 30.25 30.24 30.16 30.14 30.16 30.12 30.05 29.98
28.32 28.10 28.77 28.65 28.24 28.01 27.95 28.39 28.57 28.40 28.06 28.31 28.40 28.39 28.29 28.22 28.15 28.10 28.04 27.97 27.95 27.89 27.91 27.91 27.86 28.02 28.15 28.27 28.38 28.46 28.59 28.72 28.84 28.93 29.01 29.11 29.10 29.24 29.30 29.36 29.43 29.48 29.51 29.52 29.51 29.56 29.63 29.80 29.89 29.85 29.97 29.98 30.04 30.11 30.14 30.20 30.23 30.27 30.30 30.28 30.25 30.31 30.33 30.32 30.36 30.66 30.39 30.30 30.37 30.41 30.36 30.33 30.30 30.20 30.21 30.24 30.17 30.10 30.08
