main/data/pressure/07.04.2023.grid
ncols 886
nrows 691
xllcenter 112.0000
yllcenter -44.5000
cellsize 0.0500
nodata_value 99999.90
[rows 245 to 279 of 691, columns 77 to 153 of 886]
16.76 16.86 17.40 17.56 17.69 17.80 17.87 17.93 17.98 17.94 17.97 17.58 17.32 17.14 17.75 17.92 17.77 17.81 16.77 17.71 17.68 17.68 18.00 18.26 18.11 18.45 18.51 18.61 18.59 18.56 18.44 18.90 18.69 19.32 19.26 19.14 20.47 20.73 20.89 21.14 21.31 21.42 21.57 21.66 21.97 21.04 21.39 22.77 22.99 23.12 23.24 23.55 23.69 23.79 23.85 24.00 24.08 24.15 24.18 24.19 24.19 24.15 24.05 24.01 24.01 23.89 23.70 23.47 23.25 22.87 22.46 21.99 21.77 21.69 21.39 21.24 21.25
17.14 17.10 17.41 17.57 17.69 17.79 17.85 17.93 17.96 17.95 17.86 17.53 17.23 16.60 17.21 17.94 17.83 17.93 15.97 16.69 16.81 17.18 17.84 18.22 18.31 18.38 18.33 18.05 18.58 18.73 18.92 19.12 19.33 19.58 19.83 19.84 20.27 20.48 20.67 20.88 21.05 21.19 21.38 20.65 20.53 20.75 20.82 22.18 22.42 21.36 22.67 22.74 23.10 23.45 23.59 23.80 23.84 23.99 24.07 24.07 24.10 24.09 24.06 24.01 23.96 23.90 23.75 23.58 23.30 22.94 22.46 22.09 21.97 21.81 21.63 21.33 21.13
17.08 17.15 17.44 17.58 17.65 17.74 17.84 17.91 17.90 17.86 17.90 17.53 17.27 17.04 17.30 17.90 17.93 17.89 17.86 17.86 16.59 17.77 18.02 18.16 18.24 18.16 18.31 18.41 18.23 18.39 18.70 18.91 19.11 19.31 19.29 19.72 19.98 20.18 20.39 20.53 20.78 20.87 21.10 19.49 19.87 20.87 20.82 21.65 21.80 22.21 21.87 22.30 22.53 23.04 23.05 23.42 23.56 23.74 23.81 23.92 23.97 24.00 24.00 23.96 23.89 23.80 23.67 23.52 23.24 22.97 22.68 22.34 22.09 21.81 21.52 21.28 21.16
17.02 17.12 17.46 17.57 17.41 17.65 17.79 17.81 17.58 17.69 17.83 17.72 17.57 17.12 16.47 17.90 17.92 17.69 17.70 17.74 17.85 17.90 17.92 17.84 17.62 17.88 17.72 17.65 17.44 17.50 18.20 18.24 18.21 18.70 19.15 19.41 19.62 19.84 19.73 19.91 20.45 20.22 20.81 19.01 19.44 19.79 20.98 21.33 21.58 21.83 21.60 21.92 22.50 21.27 22.15 21.87 22.04 22.78 23.38 23.60 23.65 23.72 23.77 23.74 23.73 23.64 23.52 23.35 23.10 22.83 22.54 22.27 22.01 21.78 21.55 21.36 21.22
17.06 17.25 17.45 17.56 17.48 17.66 17.72 17.55 17.22 17.66 17.88 17.93 17.46 17.34 16.99 17.56 17.97 17.37 17.27 17.58 17.38 17.67 17.59 17.67 17.23 17.62 17.57 17.56 16.82 16.02 17.55 18.06 17.30 18.30 18.93 19.14 19.30 19.50 19.72 19.75 20.10 20.22 20.50 19.94 19.20 19.62 20.74 20.90 20.93 21.14 21.29 21.62 22.04 21.87 21.79 21.92 22.61 22.74 21.72 22.27 23.09 23.30 23.47 23.43 23.48 23.43 23.33 23.17 22.93 22.64 22.36 22.10 21.88 21.66 21.46 21.29 21.14
17.07 17.28 17.37 17.49 17.49 17.57 17.56 17.73 17.73 17.79 17.77 17.57 17.62 17.82 17.93 17.92 17.93 16.50 16.59 16.95 16.76 16.81 16.45 17.08 16.82 17.55 17.58 17.28 17.23 17.14 17.73 16.99 17.50 18.60 18.70 18.24 18.95 19.17 19.34 18.85 19.53 19.84 20.11 19.58 18.90 19.18 20.37 20.20 19.54 20.32 20.65 21.05 21.33 21.67 21.21 21.96 22.38 22.55 21.85 21.28 21.75 22.07 22.76 22.97 23.08 23.14 23.08 22.93 22.65 22.39 22.11 21.88 21.66 21.46 21.28 21.11 20.96
17.05 17.23 17.35 17.45 17.20 17.17 17.43 17.39 17.67 17.38 17.68 17.05 17.04 17.19 17.60 17.47 17.81 17.61 16.76 17.55 17.05 16.95 16.69 17.15 17.33 17.46 17.12 17.46 17.51 17.45 17.13 17.15 17.99 18.40 17.82 17.70 18.51 18.55 18.97 18.92 19.16 19.47 19.68 19.88 20.07 20.07 19.41 20.44 19.65 20.27 20.12 21.18 21.38 21.42 21.36 21.67 21.36 21.71 22.01 21.85 21.91 21.71 21.89 22.16 22.41 22.57 22.42 22.56 22.40 22.11 21.84 21.60 21.39 21.20 21.04 20.89 20.74
17.06 17.18 17.27 17.31 17.12 16.94 17.11 17.24 17.53 17.47 17.44 17.12 17.32 17.08 16.87 16.42 16.60 17.59 16.83 17.24 17.48 17.28 16.93 17.34 17.31 17.18 17.15 17.29 16.98 17.23 17.13 17.79 17.95 18.00 17.92 18.09 18.38 17.25 18.60 18.52 18.77 18.85 19.07 19.45 19.76 19.53 18.88 20.31 20.47 20.06 20.12 20.71 21.06 20.78 20.71 21.07 20.74 21.51 21.85 21.96 21.92 21.89 21.46 21.51 21.33 21.31 21.84 22.00 21.85 21.81 21.54 21.30 21.09 20.92 20.76 20.60 20.48
16.80 16.73 17.07 17.26 17.35 17.30 17.40 17.12 17.61 17.65 17.66 17.57 17.60 17.54 17.36 17.12 16.00 17.09 17.42 17.30 17.28 16.92 16.95 16.65 15.70 16.23 16.84 17.08 17.08 17.13 17.45 17.60 17.70 17.82 17.72 18.02 16.45 17.86 18.17 18.39 18.30 17.83 18.12 18.89 19.13 19.56 19.65 19.99 18.77 20.13 20.49 20.58 20.64 20.18 19.72 21.02 21.02 21.46 21.54 21.69 21.77 21.76 21.58 21.43 21.60 21.27 21.43 20.97 20.62 21.46 21.20 20.97 20.79 20.61 20.46 20.32 20.20
16.68 16.68 16.99 17.13 17.14 17.36 17.43 17.44 17.49 17.03 17.42 17.60 17.58 17.57 17.38 16.55 16.85 16.67 16.49 16.91 17.02 16.55 16.11 15.96 15.83 16.30 16.25 16.32 16.92 17.25 17.30 16.62 16.47 17.45 17.66 17.80 17.91 17.83 17.47 18.01 18.02 17.70 17.08 17.74 17.97 18.57 19.40 19.69 19.85 20.09 20.20 20.24 20.08 20.21 20.60 20.81 20.50 20.96 20.95 21.17 21.35 21.51 21.51 21.33 21.41 21.22 20.61 20.46 20.53 20.93 20.83 20.55 20.40 20.30 20.15 20.01 19.89
16.64 16.78 16.88 17.00 16.65 17.12 17.34 17.39 17.16 16.64 17.22 17.36 17.44 17.43 17.51 16.12 16.55 16.25 16.23 15.74 16.52 16.29 15.13 15.84 16.30 16.52 16.00 16.28 16.79 17.09 17.11 17.12 17.11 17.42 17.30 16.98 17.41 17.56 16.65 17.39 18.05 18.36 18.55 18.41 18.62 18.87 19.31 19.57 19.62 19.71 19.78 19.83 19.52 19.08 19.43 20.42 20.25 20.71 20.58 20.98 21.14 21.13 20.94 20.80 20.97 21.08 20.94 20.45 20.45 20.49 20.40 19.79 19.92 19.99 19.85 19.65 19.52
16.41 16.41 16.48 16.33 16.23 16.80 17.24 17.31 17.38 17.27 17.32 17.25 17.37 17.35 17.34 16.70 16.94 17.17 16.73 16.25 16.93 16.40 15.76 16.14 16.37 16.43 16.62 16.59 16.77 16.86 17.02 17.01 17.14 17.25 16.87 15.80 15.75 17.00 17.39 17.60 17.64 17.70 18.38 18.58 18.75 18.37 19.17 18.64 18.79 19.29 19.47 19.58 19.08 19.12 19.81 20.10 20.36 20.25 20.47 20.73 20.20 19.90 19.57 19.83 20.54 20.37 20.36 20.32 20.25 20.20 19.73 19.23 19.42 19.58 19.52 19.41 19.30
16.41 16.35 16.52 16.61 16.35 16.64 17.10 17.18 17.28 17.30 17.32 17.33 16.89 17.25 17.29 17.10 17.16 17.23 17.05 16.98 16.92 16.80 15.79 15.97 15.77 15.21 16.63 16.64 16.57 16.62 16.84 16.84 16.99 17.03 16.97 16.84 15.48 16.91 16.87 17.39 17.42 17.00 17.92 18.34 18.57 18.45 18.94 18.05 18.10 18.81 18.76 19.14 19.36 18.73 19.50 19.92 20.07 19.44 20.13 19.70 19.04 19.16 19.48 19.63 19.59 19.46 19.72 19.62 19.96 19.62 19.17 18.98 19.05 19.18 19.16 19.12 19.02
16.41 16.50 16.57 16.63 16.43 16.36 16.69 17.00 17.17 17.20 17.22 17.26 17.27 17.27 17.25 17.23 17.20 17.13 17.08 17.00 16.74 16.54 16.21 16.63 16.24 16.54 15.53 15.69 16.00 16.41 16.67 16.75 16.42 16.32 16.71 16.86 16.93 16.96 16.11 16.99 17.39 16.31 17.18 18.04 18.20 18.47 18.73 18.86 19.00 18.84 17.84 18.47 19.23 19.06 19.13 19.40 19.67 19.87 19.92 19.70 19.33 19.00 19.07 18.88 19.45 18.86 19.35 19.49 19.20 18.46 18.78 18.59 18.39 18.58 18.59 18.73 18.74
16.08 15.14 16.23 16.52 16.30 16.01 16.45 16.89 17.03 17.12 17.13 17.14 17.18 17.12 17.11 17.07 17.04 16.98 16.95 16.93 16.84 16.68 16.70 16.60 16.48 16.20 16.10 16.03 15.98 16.44 16.56 16.60 15.92 15.69 16.13 16.04 16.09 16.06 16.06 16.72 17.31 16.42 16.33 17.65 17.63 18.03 18.48 18.44 18.09 18.47 18.83 18.79 18.31 17.91 18.07 19.10 19.13 18.49 19.64 19.61 19.59 19.29 19.54 19.49 19.53 19.24 19.24 19.12 18.90 18.04 18.35 18.06 18.08 18.05 17.79 18.45 18.42
15.90 15.42 15.80 16.32 16.46 16.23 16.47 16.74 16.88 17.00 16.99 16.88 16.94 17.00 16.72 16.72 16.85 16.82 16.63 16.62 16.61 16.65 16.56 16.47 16.33 16.26 16.27 15.39 16.19 16.16 15.71 15.75 16.08 16.39 16.41 16.17 16.45 16.69 16.67 16.56 16.87 16.70 16.16 17.46 17.52 17.62 18.23 17.81 16.91 17.64 18.51 18.29 17.75 18.52 17.21 17.46 18.67 18.97 19.24 19.37 19.37 19.12 19.08 18.68 18.19 19.00 18.91 18.74 18.49 17.96 17.49 17.41 17.15 17.27 17.29 18.07 17.94
15.78 15.63 15.54 16.08 16.24 16.38 15.82 15.83 16.71 16.89 16.89 16.72 16.80 16.99 16.87 16.86 16.84 16.83 16.70 16.69 16.40 16.23 16.24 16.21 16.19 16.13 15.82 16.07 15.99 15.74 15.70 15.75 15.88 16.31 16.40 16.59 16.55 16.49 16.38 16.68 16.95 17.15 17.21 17.27 17.69 17.88 17.69 17.21 17.54 18.22 17.65 17.58 17.54 18.08 17.46 17.98 18.81 18.90 18.79 18.49 18.73 18.92 18.77 18.70 17.82 18.61 18.22 17.88 18.20 17.84 17.76 17.32 17.33 17.58 17.43 17.67 17.68
15.61 15.34 14.66 15.93 16.02 16.26 15.98 16.13 16.35 16.61 16.83 16.68 16.70 16.80 16.91 16.86 16.82 16.72 16.67 16.58 16.35 16.15 16.07 16.05 16.01 16.06 16.03 16.05 16.03 16.00 15.90 15.86 15.85 16.26 16.23 16.52 16.57 16.63 16.16 16.54 16.95 17.05 17.03 17.03 17.44 17.32 17.40 17.60 17.87 17.74 17.39 17.72 17.64 18.16 18.05 18.60 18.61 17.26 17.87 18.05 18.24 18.43 18.28 18.29 18.22 18.16 17.90 17.68 17.76 17.68 17.57 17.43 17.27 17.41 17.37 17.32 17.19
14.88 15.06 15.02 15.55 15.40 16.02 16.20 15.69 16.08 16.30 16.65 16.77 16.65 16.66 16.82 16.78 16.74 16.69 16.51 16.35 16.25 16.06 16.10 15.83 15.71 15.96 16.02 16.06 15.91 16.10 16.10 16.12 15.91 16.07 16.30 16.42 16.46 16.54 16.63 16.63 16.38 16.61 16.48 16.51 17.11 17.10 17.50 17.38 17.36 17.86 17.76 17.94 17.08 18.04 18.24 18.22 18.17 18.23 18.14 18.03 17.29 17.58 17.64 17.69 17.84 17.73 17.61 17.50 17.43 17.38 17.31 17.27 17.15 17.21 16.98 17.06 16.80
14.90 14.98 14.62 15.33 15.11 15.46 16.01 15.71 16.02 16.17 16.40 16.53 16.65 16.58 16.66 16.43 16.64 16.50 16.39 16.27 16.29 16.15 16.09 15.99 15.82 15.84 15.94 15.91 16.02 15.97 15.66 15.60 15.95 15.70 16.18 16.34 16.37 16.40 16.45 16.41 15.49 15.90 16.33 16.59 16.95 17.24 17.15 16.96 16.84 17.63 17.67 17.79 17.85 17.84 17.02 17.32 17.04 16.85 16.85 17.55 16.72 16.49 16.41 16.61 17.25 17.35 17.25 17.24 17.17 17.10 17.00 16.98 16.93 16.68 16.70 16.97 17.01
14.89 14.64 14.57 14.64 15.03 14.93 15.81 15.93 15.59 15.84 16.19 16.22 16.23 16.50 16.49 16.25 16.14 16.47 16.39 16.41 16.17 16.15 16.08 16.01 15.88 15.85 15.88 15.92 15.90 15.99 15.58 16.11 16.01 16.07 16.22 16.21 15.38 15.44 16.25 16.15 14.92 15.27 16.31 16.69 16.91 17.08 17.10 17.20 17.28 17.37 17.39 17.54 17.22 17.27 17.15 17.39 16.70 17.05 16.69 17.26 16.74 16.87 16.84 16.69 16.94 17.08 17.06 16.55 16.87 15.58 16.55 16.55 16.62 16.37 16.71 16.67 16.82
15.00 14.79 14.60 14.82 15.09 15.18 15.45 15.71 15.85 15.74 15.56 15.72 15.78 16.24 16.37 15.92 15.48 15.60 16.14 16.26 16.03 15.77 15.97 15.96 15.86 15.62 15.70 15.70 15.82 15.91 15.91 16.01 16.05 16.07 16.13 16.04 15.98 15.97 15.87 15.98 15.55 15.64 16.09 16.03 16.82 16.80 16.85 16.93 17.00 17.04 16.99 17.00 16.64 16.78 16.91 16.59 15.98 16.08 16.89 17.09 16.83 16.83 16.96 16.85 16.85 16.85 16.71 16.49 16.53 16.15 16.49 16.59 16.64 16.69 16.17 16.83 16.89
15.07 14.89 14.53 14.54 14.96 14.76 15.23 15.54 15.70 15.78 15.82 15.82 15.73 16.23 15.93 15.75 15.80 15.81 15.70 15.72 16.05 16.08 16.00 15.93 15.81 15.69 15.65 15.73 15.78 15.85 15.86 15.87 15.92 15.94 16.04 16.08 16.20 16.11 16.26 16.31 16.30 16.19 16.16 16.58 16.45 16.34 16.46 16.63 16.62 16.78 16.50 16.75 16.68 16.60 16.91 16.94 16.16 16.88 16.48 16.92 16.92 16.85 16.76 16.70 16.74 16.68 16.67 16.59 16.59 16.39 16.57 16.60 16.62 16.63 16.52 16.57 16.52
14.77 14.65 14.61 14.47 14.82 14.79 14.91 15.15 15.19 15.50 15.56 15.91 16.01 16.11 15.71 15.95 15.73 14.93 15.42 15.25 15.90 15.33 15.49 15.80 15.77 15.68 15.62 15.63 15.60 15.39 15.68 15.63 15.70 15.78 15.95 16.03 16.06 16.09 16.11 16.04 16.07 16.28 16.14 15.95 15.35 15.73 16.02 16.01 16.11 16.39 16.32 16.64 16.38 16.38 16.31 15.59 16.70 16.87 16.67 16.33 16.76 16.75 16.15 16.44 16.52 16.43 16.47 16.48 16.40 16.18 16.32 16.51 16.58 16.52 16.35 15.99 15.98
14.67 14.69 14.81 14.81 14.67 14.78 14.77 14.84 15.15 15.27 15.55 15.28 15.67 15.98 15.83 15.72 15.55 15.70 15.65 15.30 15.59 15.71 15.84 15.67 15.26 15.58 15.55 15.58 15.50 15.42 15.24 15.35 15.77 15.82 15.87 15.95 15.97 16.05 16.12 16.10 16.11 16.05 15.81 15.54 15.79 15.94 15.99 16.30 16.44 16.53 16.33 16.58 16.36 16.68 16.73 16.89 16.06 16.77 16.83 16.90 16.76 16.72 16.26 16.12 16.09 16.28 16.33 16.34 16.37 15.89 16.35 16.45 16.48 16.45 16.33 16.23 16.24
14.86 14.37 14.71 14.69 14.74 14.74 14.71 14.55 14.77 14.90 14.98 15.00 15.44 15.33 15.89 15.87 15.55 15.60 15.37 15.25 15.41 15.63 15.72 15.36 15.29 15.47 15.48 15.49 15.54 15.59 15.57 15.62 15.73 15.78 15.81 15.79 15.87 15.86 15.80 15.84 15.97 16.02 15.91 15.80 15.92 15.93 16.01 15.75 16.35 16.38 16.23 16.49 16.21 16.70 16.84 16.82 16.39 16.57 16.80 16.85 16.77 16.67 16.50 16.35 16.22 16.26 16.24 16.24 16.23 16.24 16.08 16.30 16.32 16.33 16.32 16.32 16.36
14.76 14.80 14.60 14.69 14.43 14.69 14.69 14.65 14.86 14.49 14.78 15.03 15.31 15.01 15.54 15.78 15.56 15.75 15.60 15.42 15.40 15.48 15.57 15.50 15.49 15.58 15.49 15.43 15.42 15.47 15.54 15.59 15.64 15.70 15.74 15.05 15.81 15.82 15.82 15.80 16.01 16.04 16.06 16.05 16.08 16.02 16.17 16.31 16.34 16.32 16.35 16.48 16.45 16.62 16.76 16.80 16.54 16.69 16.76 16.76 16.70 16.62 16.55 16.46 16.36 16.22 16.13 16.11 16.11 16.10 16.08 16.15 16.13 16.10 16.15 16.17 16.19
14.66 14.58 14.39 14.33 14.31 14.43 14.71 14.82 14.93 14.96 14.94 14.54 15.00 15.12 15.37 15.67 15.29 14.94 15.37 15.58 15.39 15.02 15.23 15.31 15.43 15.42 15.42 15.38 15.38 15.35 15.31 15.49 15.54 15.60 15.64 15.70 15.70 15.77 15.83 15.81 15.92 15.99 15.98 16.03 16.07 16.11 16.02 15.57 15.72 16.11 16.27 16.43 16.53 16.61 16.67 16.64 16.61 16.71 16.72 16.67 16.61 16.53 16.46 16.38 16.11 15.65 15.55 15.81 15.91 15.86 15.90 15.87 15.91 15.92 15.95 15.98 15.99
14.60 14.66 14.44 14.54 14.59 14.60 14.71 14.87 14.92 14.97 14.90 14.64 14.88 15.00 15.17 15.56 15.58 15.31 15.19 15.28 15.29 15.43 15.07 15.12 15.37 15.12 15.30 15.37 15.26 15.31 15.28 15.37 15.37 15.45 15.49 15.56 15.65 15.67 15.75 15.79 15.84 15.87 15.92 15.96 16.01 16.02 16.07 16.09 15.79 15.19 15.94 16.23 16.42 16.28 16.39 16.46 16.34 16.61 16.63 16.58 16.53 16.46 16.41 16.31 16.05 15.68 15.48 15.55 15.71 15.55 15.80 15.73 15.71 15.72 15.77 15.79 15.79
14.49 14.56 14.55 14.62 14.72 14.74 14.69 14.89 14.62 14.60 14.87 14.86 14.89 15.05 15.36 15.36 15.44 15.46 15.29 15.23 15.11 15.34 15.04 15.03 15.33 14.90 15.04 15.04 15.11 15.34 15.27 15.24 15.23 15.21 15.25 15.39 15.27 15.58 15.65 15.71 15.71 15.66 15.47 15.61 15.66 15.81 15.90 16.06 16.14 16.24 15.99 15.99 16.27 16.37 16.39 16.47 16.20 16.34 16.55 16.51 16.47 16.42 16.31 16.13 15.68 15.76 15.61 15.38 15.24 15.34 15.64 15.66 15.57 15.54 15.59 15.61 15.58
14.42 14.45 14.59 14.67 14.75 14.79 14.85 14.86 14.91 14.81 14.91 14.94 14.94 14.90 15.08 14.85 15.12 15.11 15.29 15.26 14.87 15.26 15.09 15.00 15.26 15.30 14.90 14.81 15.00 15.28 15.03 15.18 15.09 14.67 15.04 15.17 15.04 15.27 15.48 15.56 15.68 15.48 15.65 15.64 15.62 15.85 15.70 15.95 16.10 16.21 15.68 15.58 16.00 16.11 15.73 16.42 16.44 16.53 16.31 16.42 16.44 16.36 16.18 15.82 15.62 15.78 15.78 15.65 15.40 15.13 15.65 15.53 15.49 15.43 15.45 15.45 15.39
14.45 14.50 14.59 14.66 14.71 14.77 14.83 14.89 14.93 14.95 14.88 14.54 14.64 14.48 14.86 15.05 14.55 14.55 15.18 14.98 14.61 14.85 14.44 14.79 15.11 15.14 15.14 15.15 15.25 14.86 14.57 14.70 14.93 14.62 14.85 14.76 13.99 14.86 15.47 15.59 15.42 14.76 15.30 15.68 15.73 15.80 15.68 15.86 15.96 16.20 16.02 15.90 15.85 16.10 16.27 16.33 16.46 16.51 16.40 16.42 16.40 16.32 16.10 15.82 15.73 15.82 15.84 15.66 15.49 15.58 15.35 14.68 15.11 15.26 15.32 15.33 15.23
14.46 14.51 14.58 14.62 14.67 14.76 14.78 14.79 14.88 14.89 14.96 14.60 14.70 14.68 14.83 15.02 15.01 14.77 14.59 14.91 15.00 14.91 14.80 14.69 14.76 15.21 14.78 15.22 15.08 15.20 14.89 14.84 14.95 14.88 14.77 14.89 15.03 15.15 15.52 15.63 15.60 14.80 15.17 15.51 15.76 15.62 15.62 15.76 15.86 16.07 15.96 16.03 15.53 16.03 16.26 16.21 16.41 16.49 16.44 16.40 16.31 16.19 15.92 15.93 15.98 15.94 15.87 15.75 15.66 15.20 15.40 15.21 15.25 15.22 15.17 15.23 15.18
14.44 14.50 14.54 14.60 14.65 14.71 14.75 14.73 14.81 14.61 14.83 14.87 14.89 14.80 14.77 14.57 15.00 14.92 14.57 14.51 14.84 15.04 15.00 15.02 14.82 14.62 14.63 14.82 14.54 14.81 15.00 15.06 15.15 15.17 15.00 15.08 15.36 15.28 15.32 15.53 15.79 15.60 15.62 15.60 15.62 14.86 15.35 15.49 15.53 15.72 15.27 15.66 15.91 16.30 16.29 16.04 16.39 16.43 16.40 16.30 16.10 15.92 15.84 15.98 16.08 16.03 15.92 15.80 15.64 15.35 15.35 15.35 15.29 15.22 15.20 15.11 15.05
14.43 14.48 14.54 14.58 14.64 14.74 14.80 14.84 14.90 14.78 14.88 14.92 14.92 14.94 14.94 14.97 15.07 15.05 14.88 14.72 14.94 15.07 14.92 14.75 14.94 14.86 14.74 14.62 14.62 14.89 15.06 15.18 15.28 15.30 15.37 15.34 15.33 15.18 14.91 15.15 15.73 15.92 15.92 15.87 15.76 15.56 15.51 15.51 15.52 15.75 15.59 15.87 16.12 16.38 16.39 16.36 16.27 16.22 16.30 16.15 15.78 15.84 16.03 16.12 16.13 16.02 15.90 15.75 15.64 15.45 15.43 15.38 15.28 15.19 15.10 15.01 14.90
