main/data/pressure/07.04.2023.grid
ncols 886
nrows 691
xllcenter 112.0000
yllcenter -44.5000
cellsize 0.0500
nodata_value 99999.90
[rows 245 to 279 of 691, columns 770 to 846 of 886]
27.90 27.93 27.97 28.00 28.04 28.08 28.11 28.16 28.19 28.23 28.28 28.32 28.36 28.40 28.45 28.49 28.54 28.58 28.63 28.71 28.84 28.97 29.09 29.20 29.31 29.39 29.48 29.56 29.63 29.71 29.76 29.82 29.87 29.92 29.97 30.01 30.05 30.09 30.13 30.16 30.19 30.23 30.26 30.29 30.32 30.35 30.38 30.40 30.43 30.45 30.48 30.50 30.53 30.55 30.58 30.60 30.62 30.65 30.67 30.69 30.71 30.73 30.75 30.78 30.79 30.81 30.83 30.85 30.87 30.88 30.90 30.91 30.93 30.95 30.96 30.98 30.99
27.64 27.95 27.98 28.02 28.05 28.08 28.13 28.16 28.20 28.25 28.28 28.32 28.37 28.41 28.45 28.50 28.54 28.58 28.62 28.68 28.77 28.90 29.03 29.14 29.24 29.34 29.42 29.51 29.59 29.65 29.72 29.77 29.83 29.88 29.92 29.97 30.01 30.05 30.09 30.12 30.16 30.19 30.21 30.24 30.27 30.30 30.33 30.36 30.39 30.42 30.44 30.47 30.50 30.52 30.55 30.56 30.58 30.61 30.63 30.65 30.67 30.69 30.71 30.73 30.75 30.77 30.79 30.81 30.83 30.84 30.86 30.87 30.89 30.91 30.93 30.93 30.95
27.78 27.94 26.09 28.02 28.05 28.09 28.13 28.16 28.20 28.24 28.28 28.32 28.36 28.40 28.44 28.48 28.53 28.57 28.61 28.66 28.71 28.83 28.95 29.07 29.18 29.27 29.37 29.45 29.52 29.60 29.66 29.73 29.78 29.83 29.88 29.93 29.97 30.00 30.04 30.07 30.11 30.14 30.17 30.21 30.24 30.26 30.29 30.32 30.34 30.37 30.40 30.43 30.45 30.48 30.50 30.53 30.55 30.56 30.58 30.61 30.63 30.65 30.67 30.69 30.71 30.73 30.75 30.77 30.79 30.80 30.82 30.83 30.85 30.87 30.88 30.89 30.91
27.91 27.81 27.68 26.74 28.04 28.07 28.11 28.14 28.18 28.22 28.26 28.30 28.33 28.38 28.42 28.47 28.51 28.54 28.58 28.63 28.68 28.75 28.87 28.99 29.10 29.21 29.30 29.39 29.47 29.54 29.61 29.67 29.73 29.78 29.83 29.88 29.92 29.95 30.00 30.03 30.06 30.09 30.13 30.16 30.19 30.22 30.24 30.27 30.30 30.33 30.36 30.38 30.41 30.43 30.46 30.47 30.50 30.52 30.54 30.56 30.59 30.61 30.63 30.65 30.67 30.69 30.71 30.73 30.74 30.76 30.77 30.79 30.81 30.82 30.84 30.85 30.87
27.89 27.93 27.95 27.98 27.64 27.50 28.08 28.12 28.15 28.19 28.23 28.27 28.31 28.35 28.39 28.43 28.47 28.51 28.55 28.59 28.64 28.69 28.79 28.91 29.03 29.13 29.23 29.32 29.41 29.49 29.56 29.62 29.67 29.74 29.78 29.83 29.87 29.92 29.95 29.99 30.01 30.05 30.08 30.11 30.13 30.17 30.20 30.23 30.25 30.28 30.30 30.33 30.35 30.38 30.41 30.43 30.45 30.48 30.50 30.52 30.54 30.57 30.59 30.61 30.63 30.65 30.66 30.68 30.70 30.72 30.73 30.75 30.76 30.78 30.79 30.81 30.82
27.86 27.89 27.90 27.85 27.98 28.01 28.04 28.09 28.12 28.15 28.19 28.24 28.27 28.32 28.35 28.39 28.44 28.47 28.51 28.56 28.61 28.65 28.71 28.83 28.95 29.06 29.17 29.26 29.35 29.43 29.50 29.57 29.62 29.68 29.73 29.78 29.82 29.86 29.89 29.93 29.97 30.00 30.02 30.06 30.09 30.12 30.14 30.17 30.20 30.23 30.26 30.28 30.31 30.34 30.35 30.38 30.41 30.43 30.46 30.48 30.50 30.51 30.54 30.56 30.58 30.60 30.62 30.64 30.66 30.68 30.68 30.70 30.72 30.74 30.74 30.76 30.78
27.82 27.85 27.88 27.74 27.86 27.32 27.98 28.03 28.07 28.11 28.14 28.18 28.23 28.27 28.30 28.35 28.39 28.43 28.48 28.52 28.56 28.60 28.66 28.74 28.87 28.99 29.09 29.19 29.28 29.36 29.44 29.51 29.57 29.63 29.68 29.72 29.77 29.81 29.85 29.88 29.91 29.94 29.98 30.00 30.03 30.05 30.09 30.11 30.14 30.17 30.19 30.22 30.25 30.27 30.30 30.33 30.36 30.38 30.40 30.43 30.45 30.47 30.49 30.51 30.54 30.56 30.58 30.58 30.60 30.62 30.64 30.66 30.67 30.69 30.70 30.72 30.73
27.78 27.67 27.83 27.83 27.88 27.79 27.95 27.98 28.02 28.06 28.10 28.14 28.18 28.22 28.26 28.30 28.34 28.39 28.43 28.47 28.52 28.57 28.61 28.67 28.78 28.90 29.01 29.12 29.21 29.30 29.38 29.45 29.51 29.57 29.62 29.67 29.71 29.75 29.79 29.81 29.85 29.89 29.91 29.94 29.97 30.00 30.02 30.05 30.08 30.11 30.14 30.16 30.19 30.22 30.24 30.27 30.29 30.32 30.35 30.37 30.40 30.42 30.44 30.46 30.48 30.50 30.52 30.54 30.56 30.57 30.59 30.61 30.63 30.64 30.65 30.67 30.69
27.12 26.88 27.75 27.48 27.00 27.86 27.87 27.93 27.97 28.00 28.04 28.08 28.12 28.17 28.21 28.25 28.29 28.34 28.39 28.44 28.48 28.53 28.57 28.62 28.70 28.82 28.94 29.04 29.15 29.24 29.32 29.38 29.45 29.50 29.56 29.61 29.65 29.69 29.72 29.76 29.78 29.82 29.84 29.87 29.90 29.92 29.95 29.98 30.01 30.03 30.06 30.09 30.13 30.15 30.18 30.20 30.23 30.26 30.29 30.31 30.33 30.37 30.39 30.41 30.43 30.45 30.47 30.49 30.51 30.53 30.55 30.56 30.58 30.59 30.61 30.62 30.64
27.56 27.14 27.32 27.57 27.56 27.39 27.82 27.86 27.89 27.94 27.98 28.02 28.06 28.11 28.15 28.20 28.24 28.29 28.34 28.39 28.44 28.48 28.53 28.58 28.64 28.75 28.86 28.97 29.07 29.17 29.24 29.32 29.39 29.45 29.50 29.54 29.58 29.62 29.65 29.69 29.71 29.74 29.76 29.79 29.82 29.84 29.88 29.90 29.93 29.96 29.99 30.01 30.05 30.08 30.11 30.14 30.17 30.20 30.22 30.25 30.28 30.30 30.33 30.36 30.38 30.40 30.42 30.44 30.46 30.48 30.50 30.51 30.52 30.54 30.56 30.57 30.59
27.20 27.41 27.26 27.55 27.08 26.49 27.42 27.80 27.83 27.87 27.92 27.95 28.00 28.05 28.10 28.14 28.19 28.24 28.29 28.34 28.39 28.44 28.50 28.55 28.61 28.67 28.78 28.89 29.00 29.09 29.18 29.25 29.32 29.37 29.43 29.47 29.51 29.54 29.57 29.60 29.63 29.65 29.68 29.71 29.73 29.76 29.79 29.81 29.84 29.87 29.90 29.93 29.97 29.99 30.03 30.06 30.09 30.13 30.15 30.18 30.21 30.24 30.26 30.29 30.32 30.34 30.37 30.39 30.41 30.43 30.45 30.45 30.47 30.49 30.51 30.52 30.54
27.13 27.01 26.26 27.47 27.32 26.47 27.69 27.72 27.77 27.81 27.85 27.90 27.94 27.99 28.04 28.09 28.14 28.19 28.25 28.30 28.35 28.41 28.46 28.51 28.57 28.63 28.71 28.82 28.93 29.03 29.11 29.18 29.25 29.30 29.36 29.39 29.43 29.46 29.49 29.52 29.54 29.56 29.59 29.61 29.64 29.66 29.68 29.71 29.75 29.78 29.80 29.83 29.87 29.91 29.94 29.97 30.01 30.04 30.08 30.11 30.14 30.17 30.20 30.23 30.25 30.28 30.30 30.33 30.35 30.36 30.39 30.40 30.42 30.44 30.46 30.47 30.49
27.03 27.08 25.24 26.83 27.42 27.08 27.62 27.65 27.70 27.74 27.78 27.84 27.88 27.93 27.99 28.04 28.09 28.14 28.20 28.26 28.31 28.37 28.43 28.49 28.54 28.61 28.67 28.76 28.86 28.96 29.04 29.11 29.18 29.23 29.28 29.31 29.34 29.37 29.39 29.42 29.44 29.45 29.48 29.50 29.52 29.54 29.58 29.60 29.63 29.66 29.70 29.73 29.77 29.80 29.84 29.88 29.92 29.96 29.99 30.03 30.06 30.09 30.13 30.16 30.19 30.22 30.24 30.26 30.29 30.31 30.33 30.35 30.37 30.39 30.41 30.42 30.43
27.20 25.99 25.15 26.69 26.73 27.47 27.53 27.58 27.62 27.67 27.72 27.77 27.82 27.88 27.93 27.98 28.05 28.10 28.15 28.21 28.27 28.34 28.40 28.46 28.51 28.58 28.64 28.70 28.79 28.89 28.97 29.04 29.10 29.15 29.19 29.22 29.25 29.27 29.29 29.31 29.32 29.33 29.35 29.38 29.39 29.42 29.44 29.47 29.50 29.53 29.57 29.61 29.65 29.69 29.73 29.77 29.82 29.85 29.90 29.94 29.98 30.02 30.05 30.08 30.12 30.15 30.18 30.20 30.23 30.25 30.27 30.29 30.31 30.33 30.35 30.36 30.38
27.21 26.44 26.68 26.96 26.51 27.42 27.17 27.50 27.55 27.60 27.65 27.71 27.76 27.82 27.88 27.93 28.00 28.06 28.12 28.18 28.24 28.30 28.37 28.43 28.50 28.57 28.62 28.68 28.74 28.82 28.90 28.97 29.01 29.06 29.09 29.13 29.15 29.16 29.17 29.18 29.20 29.21 29.21 29.23 29.25 29.27 29.29 29.32 29.36 29.39 29.43 29.47 29.52 29.56 29.61 29.66 29.70 29.75 29.80 29.84 29.88 29.93 29.97 30.01 30.04 30.08 30.11 30.14 30.17 30.19 30.22 30.24 30.26 30.28 30.29 30.31 30.32
27.03 26.90 27.18 27.09 26.87 27.30 27.38 27.42 27.48 27.53 27.58 27.65 27.70 27.76 27.82 27.88 27.95 28.01 28.07 28.14 28.21 28.27 28.34 28.41 28.47 28.54 28.61 28.66 28.72 28.76 28.83 28.89 28.93 28.97 29.00 29.01 29.03 29.04 29.04 29.05 29.05 29.05 29.06 29.07 29.08 29.10 29.12 29.16 29.19 29.23 29.27 29.31 29.36 29.42 29.47 29.52 29.58 29.62 29.68 29.74 29.79 29.83 29.88 29.92 29.96 30.00 30.03 30.06 30.09 30.12 30.14 30.17 30.19 30.21 30.23 30.25 30.27
26.99 26.57 27.12 26.78 26.79 27.21 27.30 27.36 26.96 27.46 27.52 27.59 27.65 27.71 27.77 27.84 27.91 27.97 28.04 28.11 28.17 28.24 28.30 28.38 28.45 28.52 28.59 28.64 28.70 28.74 28.77 28.81 28.85 28.87 28.89 28.90 28.90 28.90 28.89 28.90 28.89 28.88 28.88 28.89 28.90 28.91 28.94 28.97 29.00 29.04 29.08 29.14 29.19 29.25 29.31 29.37 29.43 29.49 29.55 29.62 29.67 29.73 29.78 29.82 29.88 29.92 29.96 29.99 30.02 30.05 30.08 30.11 30.13 30.15 30.17 30.19 30.21
27.03 26.75 26.64 26.98 25.86 27.18 27.22 27.28 27.33 27.40 27.46 27.53 27.60 27.66 27.73 27.80 27.86 27.93 28.00 28.07 28.14 28.20 28.28 28.35 28.43 28.50 28.57 28.63 28.69 28.72 28.74 28.75 28.76 28.77 28.78 28.77 28.77 28.75 28.74 28.72 28.70 28.69 28.69 28.69 28.70 28.70 28.73 28.75 28.79 28.84 28.89 28.94 29.00 29.07 29.13 29.20 29.28 29.35 29.42 29.49 29.55 29.61 29.67 29.73 29.78 29.82 29.88 29.92 29.95 29.98 30.02 30.04 30.07 30.09 30.12 30.14 30.16
26.70 26.95 26.38 26.45 26.93 26.99 26.84 27.21 27.28 26.73 27.41 27.48 27.55 27.62 27.68 27.76 27.83 27.89 27.96 28.03 28.10 28.17 28.25 28.32 28.40 28.47 28.54 28.61 28.66 28.69 28.71 28.72 28.70 28.68 28.66 28.64 28.62 28.59 28.57 28.54 28.51 28.49 28.47 28.46 28.47 28.47 28.49 28.51 28.56 28.60 28.66 28.72 28.79 28.86 28.94 29.02 29.10 29.18 29.26 29.34 29.41 29.49 29.55 29.61 29.68 29.73 29.78 29.83 29.88 29.91 29.95 29.98 30.01 30.03 30.05 30.08 30.09
26.59 26.50 26.76 26.79 26.56 26.76 26.83 27.15 27.21 26.62 26.92 27.42 27.50 27.57 27.65 27.71 27.78 27.85 27.92 27.99 28.07 28.13 28.21 28.29 28.36 28.43 28.51 28.58 28.64 28.67 28.67 28.67 28.66 28.62 28.57 28.52 28.46 28.42 28.37 28.33 28.29 28.26 28.23 28.22 28.21 28.21 28.23 28.25 28.30 28.34 28.40 28.47 28.55 28.63 28.72 28.82 28.91 29.00 29.09 29.18 29.27 29.35 29.43 29.50 29.57 29.64 29.69 29.74 29.79 29.83 29.86 29.90 29.93 29.96 29.98 30.01 30.03
26.73 26.63 26.71 26.44 26.74 26.97 26.74 27.09 27.15 27.22 27.29 27.36 27.44 27.52 27.60 27.68 27.74 27.82 27.89 27.95 28.03 28.10 28.18 28.25 28.32 28.40 28.47 28.54 28.58 28.62 28.63 28.63 28.61 28.57 28.52 28.45 28.36 28.27 28.18 28.12 28.06 28.00 27.96 27.95 27.92 27.92 27.94 27.96 28.01 28.06 28.12 28.21 28.30 28.39 28.48 28.59 28.70 28.81 28.90 29.01 29.11 29.21 29.29 29.38 29.45 29.52 29.58 29.64 29.70 29.75 29.79 29.83 29.86 29.89 29.92 29.94 29.97
26.72 26.32 24.85 26.15 26.82 26.92 26.96 27.03 27.09 27.16 27.24 27.31 27.39 27.48 27.55 27.64 27.71 27.78 27.84 27.92 27.98 28.06 28.14 28.21 28.29 28.36 28.42 28.48 28.54 28.57 28.58 28.58 28.56 28.52 28.46 28.39 28.30 28.19 28.08 27.96 27.85 27.76 27.70 27.65 27.62 27.62 27.63 27.66 27.70 27.75 27.83 27.92 28.01 28.12 28.23 28.35 28.47 28.59 28.71 28.82 28.94 29.04 29.15 29.24 29.32 29.40 29.48 29.55 29.60 29.65 29.70 29.74 29.79 29.82 29.85 29.88 29.90
26.68 26.00 24.60 26.54 26.74 26.66 26.90 26.97 27.02 27.09 27.18 27.26 27.35 27.43 27.52 27.59 27.67 27.74 27.80 27.87 27.94 28.02 28.09 28.16 28.24 28.31 28.38 28.44 28.48 28.51 28.52 28.52 28.51 28.46 28.41 28.34 28.24 28.14 28.02 27.89 27.76 27.64 27.52 27.40 27.34 27.31 27.30 27.32 27.36 27.43 27.51 27.60 27.71 27.83 27.95 28.09 28.23 28.36 28.49 28.63 28.75 28.88 28.99 29.09 29.20 29.28 29.36 29.45 29.51 29.57 29.62 29.67 29.71 29.74 29.77 29.80 29.83
26.58 26.64 26.49 26.26 25.26 26.76 26.84 26.89 26.96 27.03 27.11 27.19 27.29 27.38 27.47 27.55 27.61 27.69 27.75 27.82 27.89 27.96 28.04 28.12 28.19 28.26 28.32 28.38 28.42 28.45 28.47 28.47 28.45 28.41 28.36 28.28 28.18 28.09 27.97 27.83 27.71 27.58 27.44 27.32 27.20 27.10 27.02 27.00 27.02 27.08 27.16 27.27 27.38 27.52 27.66 27.81 27.96 28.12 28.26 28.42 28.56 28.70 28.82 28.95 29.05 29.15 29.25 29.33 29.40 29.47 29.54 29.59 29.63 29.67 29.70 29.74 29.76
26.51 26.58 26.61 26.38 25.82 25.95 26.60 26.82 26.89 26.96 27.03 26.99 27.22 27.31 27.41 27.49 27.56 27.62 27.69 27.76 27.83 27.91 27.98 28.06 28.13 28.20 28.27 28.32 28.37 28.40 28.41 28.41 28.39 28.35 28.30 28.23 28.13 28.02 27.91 27.79 27.66 27.52 27.40 27.27 27.15 27.03 26.93 26.84 26.77 26.76 26.82 26.92 27.05 27.20 27.36 27.51 27.69 27.86 28.02 28.19 28.36 28.51 28.66 28.79 28.91 29.03 29.13 29.21 29.30 29.38 29.44 29.49 29.54 29.59 29.62 29.67 29.70
26.39 26.49 26.54 26.56 26.62 26.65 26.37 26.75 26.81 26.87 26.77 26.94 26.90 27.23 27.33 27.19 27.48 27.55 27.62 27.69 27.76 27.85 27.92 28.01 28.08 28.15 28.22 28.27 28.31 28.34 28.36 28.35 28.34 28.30 28.24 28.17 28.08 27.97 27.85 27.74 27.61 27.48 27.36 27.23 27.11 26.99 26.89 26.79 26.69 26.62 26.58 26.61 26.71 26.86 27.04 27.21 27.40 27.59 27.78 27.96 28.14 28.31 28.47 28.62 28.76 28.88 29.00 29.10 29.19 29.27 29.34 29.41 29.46 29.51 29.55 29.59 29.62
26.14 26.44 26.47 26.51 26.55 26.57 26.62 26.67 26.72 26.78 26.86 26.94 26.83 26.81 27.20 27.30 27.38 27.45 27.52 27.61 27.69 27.78 27.86 27.94 28.02 28.10 28.16 28.22 28.26 28.29 28.30 28.30 28.28 28.25 28.19 28.11 28.02 27.92 27.80 27.69 27.56 27.43 27.31 27.19 27.06 26.95 26.85 26.75 26.65 26.57 26.50 26.45 26.44 26.54 26.71 26.91 27.11 27.32 27.53 27.72 27.92 28.12 28.29 28.46 28.60 28.74 28.87 28.98 29.08 29.17 29.25 29.32 29.37 29.43 29.48 29.52 29.55
24.82 26.03 26.39 26.42 26.43 26.49 26.54 26.56 26.64 26.69 26.76 26.84 26.84 26.83 27.01 27.18 27.27 27.35 27.43 27.52 27.61 27.70 27.79 27.88 27.96 28.03 28.10 28.15 28.21 28.23 28.25 28.24 28.23 28.18 28.13 28.06 27.97 27.87 27.76 27.63 27.52 27.39 27.26 27.14 27.03 26.91 26.81 26.71 26.62 26.54 26.46 26.40 26.34 26.33 26.41 26.60 26.81 27.04 27.27 27.49 27.70 27.91 28.10 28.28 28.44 28.60 28.74 28.85 28.97 29.06 29.15 29.23 29.29 29.34 29.39 29.43 29.48
25.96 26.27 26.24 26.33 26.19 26.33 26.43 26.49 26.53 26.45 26.46 26.72 26.59 26.77 26.72 27.05 27.14 27.24 27.33 27.43 27.53 27.62 27.72 27.81 27.90 27.97 28.04 28.10 28.15 28.18 28.20 28.20 28.17 28.13 28.08 28.00 27.92 27.82 27.71 27.59 27.47 27.36 27.23 27.11 27.00 26.88 26.78 26.68 26.59 26.51 26.43 26.36 26.30 26.25 26.23 26.32 26.52 26.76 27.01 27.25 27.48 27.71 27.91 28.11 28.28 28.45 28.60 28.74 28.85 28.95 29.05 29.13 29.20 29.26 29.32 29.36 29.40
24.88 26.07 25.99 26.18 26.13 26.21 26.33 26.39 26.43 26.33 26.35 25.65 26.67 26.74 26.40 26.69 27.02 27.12 27.23 27.33 27.44 27.54 27.65 27.74 27.84 27.91 27.99 28.05 28.10 28.12 28.14 28.14 28.12 28.08 28.03 27.95 27.87 27.77 27.66 27.55 27.43 27.32 27.20 27.08 26.96 26.86 26.75 26.65 26.56 26.48 26.40 26.33 26.27 26.21 26.17 26.15 26.26 26.49 26.76 27.01 27.26 27.50 27.72 27.94 28.14 28.31 28.46 28.61 28.74 28.85 28.95 29.03 29.11 29.18 29.23 29.28 29.33
24.31 25.41 25.87 26.03 25.55 25.96 26.10 26.20 26.28 26.30 26.23 25.25 26.08 26.61 26.69 26.79 26.86 27.00 27.13 27.24 27.36 27.47 27.57 27.67 27.77 27.86 27.93 27.99 28.04 28.08 28.08 28.08 28.07 28.03 27.97 27.90 27.82 27.72 27.63 27.51 27.40 27.28 27.16 27.05 26.94 26.84 26.73 26.63 26.54 26.46 26.38 26.30 26.24 26.18 26.13 26.09 26.09 26.25 26.51 26.78 27.05 27.31 27.54 27.77 27.98 28.16 28.34 28.49 28.63 28.75 28.85 28.94 29.02 29.09 29.15 29.20 29.24
24.76 25.29 23.74 24.88 24.93 25.54 25.92 26.05 26.07 26.11 25.34 25.41 24.66 26.29 26.55 26.62 26.77 26.90 27.02 27.15 27.27 27.39 27.50 27.61 27.71 27.80 27.87 27.94 27.99 28.02 28.03 28.03 28.01 27.97 27.92 27.85 27.78 27.68 27.58 27.47 27.37 27.26 27.14 27.03 26.93 26.81 26.71 26.61 26.52 26.43 26.36 26.28 26.22 26.16 26.10 26.06 26.02 26.06 26.28 26.56 26.85 27.12 27.37 27.61 27.83 28.02 28.21 28.37 28.52 28.64 28.75 28.85 28.93 29.01 29.07 29.12 29.17
24.30 25.06 24.10 25.64 25.64 25.75 25.79 25.78 25.91 25.90 25.99 25.72 25.66 26.17 26.40 26.48 26.65 26.75 26.84 27.06 27.19 27.31 27.43 27.54 27.65 27.74 27.82 27.89 27.93 27.97 27.99 27.98 27.96 27.92 27.88 27.80 27.72 27.64 27.54 27.44 27.33 27.23 27.12 27.02 26.91 26.80 26.70 26.61 26.51 26.42 26.34 26.26 26.20 26.14 26.09 26.04 25.99 25.98 26.10 26.37 26.66 26.94 27.20 27.45 27.69 27.89 28.08 28.25 28.40 28.54 28.65 28.75 28.85 28.92 28.99 29.04 29.09
24.95 24.92 24.72 24.64 25.24 25.14 25.52 25.22 25.49 25.42 25.83 25.78 25.79 25.95 26.28 25.94 26.56 26.70 26.84 26.98 27.11 27.24 27.36 27.48 27.58 27.68 27.77 27.84 27.88 27.92 27.93 27.93 27.90 27.88 27.83 27.76 27.69 27.60 27.51 27.41 27.31 27.20 27.11 27.00 26.90 26.80 26.70 26.59 26.50 26.41 26.33 26.26 26.19 26.13 26.07 26.02 25.98 25.95 25.97 26.18 26.48 26.77 27.05 27.31 27.55 27.76 27.97 28.14 28.30 28.44 28.56 28.67 28.75 28.84 28.90 28.96 29.02
25.15 24.26 24.16 24.41 23.35 24.23 23.13 24.85 25.35 25.53 25.81 25.91 25.97 26.14 25.90 25.59 26.25 26.61 26.76 26.91 27.04 27.17 27.30 27.42 27.53 27.63 27.72 27.79 27.83 27.86 27.88 27.88 27.87 27.83 27.78 27.72 27.64 27.56 27.48 27.39 27.29 27.19 27.10 27.00 26.89 26.80 26.70 26.60 26.51 26.41 26.33 26.25 26.18 26.12 26.06 26.01 25.97 25.93 25.92 26.05 26.33 26.63 26.92 27.17 27.42 27.65 27.85 28.04 28.19 28.34 28.46 28.58 28.67 28.75 28.82 28.88 28.93
