main/data/pressure/07.02.2023.grid
ncols 886
nrows 691
xllcenter 112.0000
yllcenter -44.5000
cellsize 0.0500
nodata_value 99999.90
[rows 70 to 104 of 691, columns 395 to 473 of 886]
29.70 28.90 28.95 28.98 29.21 29.21 29.09 28.56 28.33 28.40 28.38 28.16 28.27 27.98 28.73 28.65 28.21 28.03 27.07 26.74 26.89 27.49 26.78 27.37 26.37 26.48 26.51 26.30 26.35 26.51 26.46 26.18 25.92 25.86 25.74 25.54 25.54 25.58 25.54 25.53 25.51 25.35 25.40 25.42 25.56 25.76 25.69 25.85 25.92 25.81 25.73 26.00 25.93 25.83 25.70 25.70 25.77 25.85 25.92 25.95 26.00 26.00 25.96 26.04 26.18 26.47 26.48 26.59 26.53 26.15 26.87 27.31 26.89 27.89 28.16 28.07 27.60 28.39 28.82
29.23 29.38 28.90 29.16 28.38 29.02 29.04 28.92 28.77 28.63 27.56 27.99 28.19 28.40 28.28 27.39 28.50 28.42 28.35 28.27 27.55 27.54 27.75 27.44 26.34 26.62 26.76 26.36 26.30 26.45 26.41 26.13 26.03 26.12 25.56 25.31 25.32 25.39 25.10 25.25 25.35 25.41 25.45 25.47 25.56 25.43 25.50 25.66 25.78 25.85 25.80 25.90 25.87 25.71 25.71 25.65 25.73 25.72 25.76 25.71 25.79 25.82 25.81 26.00 26.24 26.34 26.39 26.49 26.42 26.05 26.67 27.21 27.33 27.86 28.11 28.29 28.12 28.47 28.55
29.39 28.64 28.46 28.30 28.05 28.55 28.92 28.82 28.75 28.64 28.23 27.35 27.49 27.49 27.75 26.91 27.34 27.25 28.09 27.81 27.80 27.81 27.23 26.67 27.13 27.08 26.61 26.29 26.26 26.29 26.39 26.18 26.20 26.04 25.50 25.29 25.25 25.26 25.14 25.16 25.24 25.28 25.28 25.32 25.39 25.41 25.43 25.49 25.57 25.63 25.69 25.76 25.84 25.48 25.71 25.72 25.74 25.73 25.73 25.70 25.68 25.77 25.82 26.10 26.09 26.21 26.29 26.47 26.20 26.07 26.70 27.11 27.34 27.71 27.92 28.18 28.33 28.41 28.56
29.29 28.82 28.86 28.94 28.89 28.87 28.43 28.45 28.59 28.53 28.36 28.32 27.77 27.46 26.94 26.95 27.08 27.59 27.71 27.13 27.32 27.23 27.00 27.32 27.33 27.24 26.37 26.41 26.40 26.45 26.34 26.35 26.03 25.94 25.55 25.45 25.26 25.15 25.13 25.15 25.16 25.14 25.08 25.11 25.20 25.29 25.29 25.33 25.35 25.38 25.35 25.47 25.74 25.74 25.68 25.73 25.31 25.60 25.72 25.78 25.61 25.81 25.95 26.03 26.08 26.12 26.18 26.28 26.30 26.79 26.94 27.14 27.19 27.57 27.82 28.05 27.29 28.26 28.51
29.06 28.38 28.83 28.67 28.79 28.68 28.32 28.24 28.28 28.35 27.99 28.07 27.91 27.64 27.29 27.10 26.92 27.15 27.53 27.50 27.16 27.14 27.05 27.30 27.28 27.00 26.61 26.12 26.49 26.61 26.39 26.10 25.68 25.48 25.36 25.43 25.29 25.10 25.00 25.08 25.09 25.00 24.85 24.86 25.03 25.10 25.09 25.12 25.15 25.21 25.08 25.18 25.58 25.74 25.71 25.72 25.23 25.48 25.68 25.64 25.67 25.80 25.86 25.86 26.02 26.05 26.12 26.33 26.22 26.63 26.90 27.00 27.09 27.35 27.34 27.83 27.87 28.13 28.38
28.73 28.82 28.68 28.64 28.65 28.57 28.51 28.36 27.86 27.74 27.41 27.72 28.00 27.79 27.43 27.11 26.77 26.92 27.20 27.20 26.99 27.27 27.22 27.25 27.00 27.21 26.93 26.38 26.69 26.31 26.02 25.76 25.76 25.51 25.19 25.23 24.86 25.06 25.01 25.04 25.04 25.00 24.92 24.87 24.95 24.97 24.92 24.92 24.93 25.16 25.29 25.36 25.46 25.49 25.72 25.73 25.57 25.62 25.71 25.70 25.72 25.64 25.82 25.89 25.95 26.04 26.15 26.33 26.06 26.63 26.84 26.98 27.17 27.39 27.17 27.76 27.53 27.67 28.19
28.67 28.49 28.58 28.21 28.56 28.22 28.15 28.23 27.92 27.90 27.99 27.91 27.86 27.64 27.37 27.04 26.79 26.60 26.76 26.87 26.58 26.87 27.26 26.79 26.46 26.36 26.48 26.42 26.06 25.89 25.76 25.66 25.62 25.71 25.41 25.24 25.25 25.13 25.01 24.99 24.94 24.99 25.01 24.87 24.89 25.00 24.93 24.86 24.73 24.79 25.39 25.55 25.58 25.44 25.70 25.70 25.56 25.69 25.69 25.68 25.70 25.74 25.74 25.79 25.88 26.00 26.17 26.33 26.41 26.54 26.53 26.91 27.18 27.30 27.40 27.70 27.47 27.78 28.06
28.73 28.05 28.46 28.29 28.45 28.42 28.23 28.20 28.04 27.97 27.67 27.78 27.45 26.92 27.20 26.88 26.86 26.82 26.54 27.09 26.68 27.25 26.77 26.54 26.56 26.29 26.42 26.20 26.06 25.87 25.89 25.97 25.76 25.75 25.61 25.31 25.34 25.15 24.94 24.80 24.93 24.96 24.97 24.97 24.70 24.81 25.04 25.06 25.13 25.30 25.47 25.52 25.61 25.70 25.68 25.67 25.67 25.69 25.61 25.59 25.64 25.66 25.68 25.67 25.78 25.92 26.02 26.36 26.49 26.62 26.65 26.96 27.17 27.36 27.49 27.49 27.78 27.93 28.07
28.47 28.40 28.44 28.39 28.43 28.26 28.26 28.15 27.91 27.52 27.86 27.65 27.39 27.20 26.98 26.88 26.95 26.88 26.71 27.06 27.11 27.05 26.30 26.73 26.56 26.33 26.28 25.85 25.94 25.69 25.91 25.96 25.89 25.78 25.66 25.29 25.15 25.06 24.84 24.64 24.73 24.84 24.91 24.93 24.71 24.93 25.09 25.22 25.11 25.10 25.17 25.32 25.49 25.68 25.69 25.58 25.57 25.53 25.44 25.43 25.46 25.81 25.75 25.32 25.47 25.85 26.16 26.34 26.46 26.64 26.83 27.00 27.17 27.33 27.26 27.44 27.69 27.83 27.92
27.96 28.42 28.11 28.37 28.36 28.24 28.19 27.96 27.90 27.92 27.17 26.90 27.34 26.88 26.83 26.79 26.84 27.09 27.00 27.04 27.12 27.07 26.85 26.88 26.23 26.55 26.28 26.18 25.95 25.62 25.79 25.96 25.91 25.31 25.51 25.55 25.34 25.11 24.87 24.62 24.65 24.74 24.76 24.85 24.96 25.08 25.14 25.15 25.06 25.13 25.23 25.29 25.36 25.61 25.70 25.56 25.55 25.40 25.18 25.29 25.37 25.76 25.92 25.71 25.58 25.72 25.95 26.27 26.49 26.67 26.87 27.04 27.18 27.28 27.45 27.56 27.66 27.72 27.78
27.88 28.19 28.28 28.27 28.24 28.15 28.12 28.01 27.43 27.38 27.21 27.37 27.00 26.79 26.78 26.63 26.46 26.35 26.75 27.08 27.08 26.90 26.71 26.40 26.70 26.51 25.86 25.68 25.88 25.54 25.65 25.65 25.85 25.63 25.09 25.21 24.92 25.14 25.02 24.57 24.60 24.72 24.63 24.37 24.76 25.04 25.14 25.21 25.26 25.29 25.38 25.42 25.26 25.59 25.70 25.51 25.39 25.20 25.02 25.07 25.55 25.78 25.96 26.05 26.15 26.18 26.07 26.26 26.47 26.67 26.83 27.04 27.17 27.27 27.40 27.54 27.63 27.66 27.74
27.99 28.11 28.33 28.30 28.18 28.11 28.00 27.89 27.71 27.31 27.30 27.06 26.68 26.88 26.56 26.50 26.31 26.40 26.51 26.88 26.95 26.70 26.34 26.63 26.65 26.29 26.12 26.02 25.97 25.25 25.65 25.97 25.43 25.58 25.40 25.51 25.12 25.22 25.11 24.98 24.57 24.84 24.80 24.80 24.52 24.87 24.95 25.21 25.29 25.32 25.18 25.38 25.49 25.64 25.65 25.64 25.24 25.42 25.36 25.50 25.86 25.82 25.55 25.88 26.14 26.27 26.15 26.31 26.50 26.71 26.82 27.02 27.16 27.27 27.40 27.51 27.60 27.70 27.75
28.00 28.11 27.99 28.30 28.14 27.94 27.34 27.36 27.49 27.33 26.87 26.98 26.86 26.92 26.72 26.52 26.24 26.26 26.61 26.79 26.84 26.68 26.47 26.67 26.04 26.37 26.22 26.00 25.81 25.80 25.80 25.91 25.83 25.28 25.56 24.84 25.35 24.94 24.91 25.05 24.72 24.91 24.93 24.90 24.98 25.09 25.07 25.22 25.12 24.76 24.94 25.26 25.44 25.49 25.72 25.59 25.46 25.63 25.69 25.84 25.84 25.73 25.60 26.02 26.16 26.25 26.37 26.25 26.52 26.71 26.74 26.85 27.10 27.27 27.40 27.50 27.60 27.67 27.77
28.00 28.23 27.97 28.23 28.00 27.80 27.33 27.68 27.47 27.46 26.79 26.78 27.03 26.91 26.78 26.49 26.17 26.26 26.10 26.84 26.79 26.69 26.62 26.60 26.41 26.09 26.03 25.96 25.71 26.06 25.79 25.60 25.79 25.65 25.46 25.31 25.36 25.28 25.06 24.90 25.04 25.06 24.83 24.79 24.83 25.00 25.19 25.31 25.11 24.65 24.86 25.25 25.25 24.95 25.62 25.65 25.48 25.52 25.83 25.63 25.87 25.72 25.41 25.54 25.97 26.02 26.38 26.60 26.65 26.82 26.88 26.90 27.02 27.24 27.36 27.48 27.58 27.64 27.73
28.05 28.02 28.11 28.07 27.95 27.79 27.62 27.53 27.32 26.60 26.93 26.29 26.89 26.96 26.34 26.14 25.97 26.06 26.44 26.74 26.67 26.57 26.45 26.31 25.94 25.77 25.68 25.55 25.77 26.00 25.68 25.37 25.59 25.63 25.16 25.21 25.43 25.48 25.21 24.85 25.27 24.93 24.45 24.64 24.65 24.79 24.80 25.33 25.09 24.77 24.71 25.02 25.20 25.29 25.62 25.82 25.49 25.27 25.75 25.91 25.91 25.91 25.83 25.90 26.18 26.22 26.37 26.66 26.77 26.73 26.91 26.88 26.93 27.18 27.32 27.42 27.53 27.60 27.66
27.83 27.58 27.80 27.89 27.75 27.61 27.31 27.26 27.02 26.45 26.93 26.60 26.38 27.00 26.47 25.93 25.93 26.63 26.62 26.24 26.21 26.29 26.20 26.06 26.05 26.04 25.79 25.85 25.99 26.02 25.74 25.82 25.65 25.66 25.26 25.24 25.51 25.65 25.53 25.13 25.02 25.00 24.75 25.01 24.56 25.05 25.11 25.35 25.22 24.87 24.77 25.02 25.34 25.60 25.51 25.91 25.64 25.39 25.87 25.90 25.92 25.26 25.94 26.27 26.43 26.45 26.46 26.62 26.52 26.85 27.00 26.95 26.88 27.18 27.30 27.33 27.44 27.56 27.65
27.78 27.66 27.80 27.66 27.51 27.35 27.05 26.83 26.60 26.49 26.44 26.87 26.60 26.64 26.48 26.47 26.67 26.26 25.89 25.90 25.93 25.69 26.10 25.87 26.04 25.83 25.67 26.01 26.00 25.91 25.88 25.66 25.72 25.58 25.29 25.39 25.70 25.69 25.65 25.51 25.38 25.14 24.78 25.05 25.09 25.24 25.35 25.41 25.41 25.17 25.08 25.18 25.39 25.70 25.42 25.20 25.74 25.58 26.01 25.64 25.96 25.86 25.90 25.91 26.37 26.56 26.62 26.58 26.74 26.86 26.96 26.98 27.01 27.16 27.19 27.31 27.42 27.50 27.58
27.72 27.69 27.52 27.38 27.23 26.92 26.72 26.82 26.79 26.57 26.70 26.83 26.72 26.15 26.60 26.25 25.84 25.82 25.70 25.80 25.87 25.68 25.64 25.77 25.98 25.89 25.51 26.02 25.66 25.64 25.79 25.78 25.70 25.91 25.63 25.34 25.26 25.69 25.64 25.36 25.47 25.38 25.03 25.01 25.18 25.34 25.32 25.52 25.49 25.35 25.24 25.25 25.22 25.65 25.86 25.99 26.04 26.08 25.95 25.72 26.00 26.09 26.08 26.35 26.45 26.56 26.66 26.75 26.80 26.81 26.94 27.02 27.10 27.09 26.99 27.23 27.36 27.45 27.49
27.51 27.39 27.18 27.08 26.89 26.71 26.82 26.51 26.65 26.74 26.70 26.71 26.65 26.52 26.02 25.96 25.82 25.76 25.76 25.86 25.68 25.65 25.75 25.76 25.61 25.92 25.84 25.83 25.51 25.75 25.82 25.51 25.45 25.61 25.81 25.89 25.45 25.76 25.53 25.51 25.55 25.45 25.29 25.09 25.12 24.98 25.01 25.49 25.57 25.48 25.24 25.19 25.25 25.57 25.69 25.64 26.07 26.12 25.96 25.90 25.80 25.94 26.20 26.23 26.38 26.49 26.67 26.64 26.83 26.88 26.95 27.02 27.08 27.07 26.84 27.04 27.05 27.40 27.47
27.23 27.08 26.94 26.83 26.52 26.15 26.63 26.62 26.47 26.54 26.60 26.41 26.15 26.27 26.21 26.25 25.89 25.82 25.81 25.67 25.68 25.64 25.73 25.79 25.67 25.69 25.88 25.87 25.74 25.29 25.56 25.57 25.56 25.50 25.71 25.81 25.87 25.78 25.62 25.46 25.59 25.44 25.46 25.27 25.31 25.47 25.37 25.66 25.70 25.76 25.18 25.70 25.64 25.68 25.57 25.31 26.09 26.13 25.86 25.97 25.70 25.95 25.99 26.12 26.32 26.28 26.60 26.30 26.82 26.89 26.93 26.98 27.05 27.11 27.15 27.16 27.22 27.35 27.39
26.88 26.88 26.68 26.52 26.30 26.05 26.32 26.48 26.43 26.45 26.42 26.37 26.27 26.21 26.06 26.00 25.80 25.80 25.69 25.60 25.64 25.56 25.61 25.47 25.29 25.75 25.82 25.66 25.72 25.52 25.61 25.65 25.59 25.64 25.75 25.68 25.64 25.49 25.75 25.64 25.57 25.39 25.30 25.49 25.50 25.55 25.51 25.28 25.43 25.80 25.67 25.78 25.83 25.82 25.79 25.68 25.67 26.12 25.57 25.92 26.10 26.09 26.20 26.13 26.43 26.51 26.30 26.39 26.69 26.87 26.91 26.96 26.97 27.01 26.99 27.14 27.22 27.28 27.32
26.37 26.37 26.35 26.23 26.15 26.22 26.25 26.42 26.37 26.22 26.00 26.13 26.03 25.98 25.87 25.77 25.61 25.73 25.64 25.34 25.61 25.56 25.56 25.59 25.37 25.37 25.71 25.76 25.29 25.66 25.70 25.64 25.56 25.41 25.42 25.43 25.35 25.75 25.74 25.72 25.62 25.40 25.45 25.34 25.49 25.44 25.63 25.67 25.57 25.79 25.87 25.93 25.92 25.91 25.91 25.98 25.73 26.15 25.94 26.12 26.15 26.22 26.24 26.27 26.47 26.52 26.47 26.64 26.78 26.75 26.88 26.92 26.80 26.85 26.93 27.11 27.07 27.21 27.26
25.94 25.97 26.07 25.90 25.91 26.27 26.29 26.09 26.07 25.79 25.38 25.37 25.64 25.72 25.64 25.57 25.54 25.61 25.57 25.51 25.49 25.61 25.36 25.50 25.34 25.32 25.36 25.66 25.57 25.64 25.70 25.49 25.20 25.44 25.62 25.66 25.68 25.53 25.35 25.41 25.67 25.20 25.07 25.52 25.46 25.37 25.40 25.71 25.73 25.78 25.86 25.93 25.95 25.66 25.63 26.03 26.05 26.15 26.01 26.11 26.15 26.23 26.31 26.36 26.46 26.49 26.54 26.65 26.67 26.61 26.83 26.47 26.58 26.69 26.84 26.87 27.11 27.15 27.19
25.98 25.94 26.01 26.01 25.90 26.11 25.88 25.62 25.63 25.50 25.45 25.43 25.48 25.30 25.25 25.32 25.14 25.51 25.37 25.43 25.36 25.45 25.46 25.48 25.32 25.41 25.42 25.52 25.36 25.31 25.59 25.61 25.32 25.45 25.36 25.24 25.28 25.28 25.30 25.51 25.55 25.63 25.45 25.60 25.53 25.54 25.63 25.67 25.77 25.83 25.85 25.61 25.87 25.89 25.81 25.81 25.92 26.14 26.09 26.14 26.20 25.98 26.12 26.16 26.15 26.33 26.21 26.42 26.64 26.66 26.78 26.63 26.67 26.92 26.94 27.01 27.04 27.08 27.12
25.80 25.86 25.86 25.85 25.91 25.87 25.80 25.68 25.54 25.35 25.32 25.19 25.37 25.00 25.13 25.26 25.26 25.29 25.14 25.18 25.31 25.37 25.37 25.24 25.30 25.26 25.32 25.41 25.29 25.28 25.40 25.55 25.51 25.13 25.03 25.50 25.12 25.21 25.21 25.16 25.36 25.52 25.19 25.47 25.60 25.58 25.55 25.71 25.75 25.79 25.64 25.64 25.58 25.78 26.00 26.03 26.07 25.55 26.12 26.21 26.20 25.62 25.67 25.94 26.05 26.11 26.24 26.38 26.58 26.66 26.73 26.78 26.73 26.87 26.91 26.95 26.98 27.02 27.05
25.41 25.38 25.53 25.50 25.45 25.43 25.41 25.48 25.48 25.33 25.15 25.30 25.07 24.77 25.02 25.17 25.17 25.10 24.78 24.88 24.98 25.01 25.19 25.23 25.17 25.13 25.19 25.30 25.01 25.18 25.38 25.40 25.29 25.48 25.01 25.37 25.44 25.49 25.32 25.23 25.31 25.39 25.14 25.17 25.57 25.54 25.64 25.55 25.67 25.73 25.72 25.51 25.56 25.93 25.64 25.80 26.03 26.07 26.13 26.18 26.23 25.76 25.98 26.23 26.27 25.70 26.50 26.52 26.58 26.63 26.63 26.71 26.74 26.81 26.86 26.89 26.91 26.95 26.99
24.51 25.03 25.14 25.09 24.94 24.68 24.90 25.08 25.07 25.20 25.19 24.87 24.84 24.65 24.88 25.03 24.93 24.72 24.62 24.62 24.66 24.73 24.92 25.01 25.06 25.04 25.08 25.15 24.99 25.11 25.30 25.23 24.95 24.71 25.38 25.41 25.28 25.38 25.41 25.36 25.38 25.42 25.26 25.30 25.46 25.41 24.87 25.35 25.62 25.63 25.18 25.34 25.42 25.26 25.58 25.89 25.63 25.94 26.08 25.77 26.08 26.20 26.20 26.27 26.37 26.41 26.44 26.47 26.53 26.55 26.51 26.55 26.67 26.76 26.79 26.82 26.85 26.88 26.92
24.15 24.50 24.71 24.68 24.68 24.45 24.46 24.61 24.78 24.81 24.92 24.93 24.85 24.78 24.82 24.73 24.73 24.64 24.52 24.45 24.50 24.52 24.54 24.61 24.81 24.91 24.86 25.02 24.75 24.84 25.08 25.18 25.20 25.22 25.24 25.25 25.29 25.29 24.78 25.14 25.27 25.37 25.38 25.41 25.45 25.49 25.51 25.46 25.50 25.43 25.29 25.64 25.71 25.64 25.51 25.88 25.94 25.90 26.01 25.98 26.06 25.98 25.99 26.01 26.26 26.35 25.93 26.43 26.43 26.48 26.52 26.58 26.64 26.70 26.74 26.76 26.78 26.82 26.85
23.62 24.06 24.33 24.21 24.22 24.25 24.15 23.96 24.28 24.48 24.50 24.45 24.64 24.66 24.64 24.61 24.59 24.50 24.47 24.43 24.40 24.35 24.29 24.30 24.52 24.68 24.77 24.85 24.89 24.61 24.78 24.87 24.92 25.06 24.72 24.87 24.99 25.03 24.81 24.76 25.02 25.13 24.97 25.23 25.35 25.35 25.36 25.27 25.35 25.11 24.89 25.37 25.68 25.78 25.81 25.86 25.76 25.86 25.61 25.95 25.99 25.85 25.85 26.04 25.98 26.04 25.88 25.67 26.17 26.42 26.46 26.49 26.57 26.64 26.67 26.69 26.72 26.75 26.79
23.34 23.48 23.70 23.97 23.82 23.74 23.84 23.58 23.82 24.00 24.08 24.11 24.26 24.36 24.25 24.19 24.08 24.33 24.27 24.30 24.25 24.18 24.11 24.14 24.30 24.41 24.48 24.60 24.69 24.72 24.80 24.84 24.86 24.82 24.63 24.61 24.78 24.88 24.89 24.94 25.10 24.95 24.79 25.13 25.04 25.16 25.23 25.29 25.42 25.52 25.50 25.63 25.42 25.41 25.68 25.54 25.31 25.79 25.84 25.80 25.92 25.68 25.72 25.99 26.02 25.93 26.12 26.18 26.31 26.30 26.39 26.47 26.54 26.58 26.60 26.63 26.67 26.69 26.73
22.95 23.12 23.41 23.55 23.20 23.14 23.17 23.21 23.32 23.25 23.64 23.51 23.81 23.98 24.05 23.90 23.81 23.84 23.90 23.95 23.89 23.93 23.87 23.90 24.01 24.07 24.22 24.41 24.45 24.49 24.58 24.59 24.58 24.53 24.54 24.66 24.77 24.83 24.88 24.92 24.74 24.90 24.77 24.98 24.70 24.99 25.03 25.01 25.22 25.37 25.52 25.36 25.23 25.41 25.68 25.67 25.42 25.67 25.64 25.79 25.82 25.68 25.66 25.83 25.92 25.95 26.00 26.16 26.26 26.31 26.37 26.42 26.47 26.50 26.53 26.56 26.60 26.63 26.66
22.97 22.99 23.09 23.04 22.83 22.78 22.83 22.92 22.97 23.05 23.13 23.22 23.47 23.61 23.71 23.59 23.63 23.65 23.70 23.73 23.67 23.68 23.65 23.66 23.80 23.84 23.99 24.05 24.18 24.24 24.35 24.32 24.30 24.29 24.37 24.52 24.44 24.66 24.65 24.56 24.43 24.67 24.64 24.76 24.42 24.87 24.82 24.77 25.03 24.97 25.43 25.40 25.33 25.54 25.55 25.58 25.24 25.58 25.51 25.70 25.65 25.61 25.63 25.86 25.88 25.95 26.06 26.14 26.20 26.28 26.26 26.33 26.39 26.42 26.45 26.49 26.53 26.57 26.61
22.73 22.72 22.71 22.59 22.44 22.45 22.54 22.62 22.62 22.72 22.80 22.92 23.15 23.32 23.33 23.39 23.39 23.42 23.42 23.40 23.39 23.41 23.43 23.48 23.60 23.74 23.86 23.96 24.01 24.07 24.10 24.07 24.05 24.09 24.22 24.31 24.24 24.26 24.39 24.40 24.25 24.28 24.23 24.26 24.34 24.49 24.79 24.73 25.13 25.25 25.15 25.17 25.37 25.50 25.52 25.42 25.24 25.35 25.50 25.61 25.47 25.13 25.58 25.78 25.77 25.89 26.00 26.08 26.15 26.21 26.22 26.26 26.30 26.33 26.35 26.40 26.44 26.49 26.55
22.28 22.40 22.39 22.26 22.11 22.22 22.30 22.27 22.26 22.41 22.56 22.71 22.89 22.85 22.88 22.90 22.98 23.00 23.08 23.07 23.08 23.13 23.19 23.29 23.41 23.58 23.61 23.55 23.68 23.79 23.82 23.80 23.77 23.80 23.88 23.91 24.04 24.02 24.07 24.24 23.98 23.98 24.04 24.37 24.61 24.52 24.76 24.51 25.06 24.88 24.67 25.13 24.90 25.31 25.39 25.41 25.13 25.22 25.46 25.48 25.57 25.62 25.63 25.56 25.55 25.73 25.93 26.01 26.08 26.11 26.12 26.17 26.22 26.23 26.26 26.32 26.37 26.42 26.49
21.97 22.07 22.06 22.00 21.99 22.04 22.04 22.01 22.01 22.19 22.33 22.47 22.46 22.43 22.48 22.52 22.58 22.63 22.69 22.71 22.75 22.78 22.89 23.03 23.16 23.29 23.31 23.26 23.27 23.30 23.47 23.49 23.45 23.48 23.48 23.71 23.69 23.54 23.84 23.93 23.71 23.71 23.81 24.11 23.98 24.48 24.70 24.84 24.92 24.72 24.83 24.89 24.78 25.07 25.27 25.01 24.86 25.20 25.36 25.44 25.47 25.50 25.44 25.49 25.55 25.80 25.79 25.93 26.01 25.96 25.98 26.07 26.13 26.09 26.14 26.26 26.34 26.39 26.43
