main/data/pressure/07.11.2023.grid
ncols 886
nrows 691
xllcenter 112.0000
yllcenter -44.5000
cellsize 0.0500
nodata_value 99999.90
[rows 560 to 594 of 691, columns 316 to 394 of 886]
14.20 14.17 14.15 14.13 14.11 14.09 14.07 14.06 14.04 14.02 14.02 14.00 13.99 13.97 13.96 13.96 13.95 13.93 13.92 13.92 13.92 13.91 13.91 13.90 13.91 13.91 13.90 13.90 13.91 13.91 13.92 13.92 13.92 13.94 13.95 13.94 13.92 13.89 13.86 13.84 13.80 13.77 13.75 13.72 13.70 13.68 13.65 13.63 13.61 13.58 13.57 13.55 13.53 13.51 13.50 13.48 13.46 13.45 13.44 13.42 13.40 13.39 13.37 13.36 13.35 13.33 13.32 13.30 13.29 13.27 13.25 13.24 13.23 13.21 13.20 13.18 13.16 13.14 13.12
14.10 14.08 14.05 14.03 14.02 14.00 13.98 13.96 13.95 13.93 13.92 13.90 13.89 13.89 13.87 13.86 13.86 13.85 13.84 13.83 13.83 13.83 13.83 13.82 13.82 13.82 13.83 13.83 13.83 13.83 13.84 13.84 13.85 13.85 13.86 13.88 13.88 13.86 13.83 13.80 13.77 13.75 13.72 13.70 13.67 13.65 13.62 13.61 13.59 13.57 13.55 13.53 13.51 13.50 13.48 13.46 13.45 13.43 13.41 13.40 13.39 13.38 13.36 13.35 13.33 13.32 13.31 13.30 13.28 13.27 13.25 13.23 13.22 13.21 13.19 13.18 13.16 13.14 13.12
14.00 13.97 13.96 13.94 13.92 13.90 13.89 13.87 13.86 13.84 13.83 13.82 13.81 13.79 13.79 13.78 13.77 13.76 13.76 13.76 13.75 13.74 13.74 13.74 13.74 13.74 13.74 13.75 13.75 13.75 13.75 13.76 13.76 13.78 13.79 13.79 13.80 13.81 13.81 13.78 13.75 13.72 13.69 13.68 13.65 13.63 13.60 13.58 13.56 13.55 13.53 13.51 13.49 13.47 13.46 13.45 13.43 13.42 13.40 13.39 13.37 13.37 13.35 13.34 13.32 13.31 13.29 13.28 13.28 13.26 13.25 13.23 13.22 13.20 13.18 13.18 13.16 13.14 13.12
13.91 13.88 13.86 13.84 13.83 13.81 13.80 13.79 13.77 13.76 13.74 13.74 13.73 13.72 13.70 13.69 13.69 13.69 13.68 13.67 13.67 13.67 13.66 13.66 13.66 13.67 13.67 13.67 13.67 13.68 13.68 13.69 13.69 13.70 13.71 13.72 13.73 13.74 13.75 13.74 13.73 13.70 13.67 13.65 13.62 13.61 13.59 13.56 13.54 13.52 13.50 13.49 13.48 13.46 13.44 13.43 13.41 13.39 13.39 13.37 13.36 13.35 13.33 13.32 13.31 13.30 13.29 13.27 13.26 13.24 13.23 13.23 13.21 13.20 13.18 13.17 13.15 13.13 13.13
13.81 13.80 13.78 13.76 13.74 13.73 13.72 13.70 13.68 13.68 13.67 13.65 13.64 13.64 13.63 13.62 13.61 13.61 13.60 13.60 13.59 13.59 13.59 13.59 13.59 13.59 13.59 13.60 13.60 13.60 13.60 13.62 13.62 13.63 13.63 13.64 13.66 13.67 13.68 13.69 13.69 13.67 13.65 13.63 13.60 13.58 13.56 13.54 13.52 13.50 13.49 13.47 13.45 13.43 13.43 13.41 13.40 13.38 13.37 13.36 13.35 13.33 13.32 13.31 13.29 13.28 13.28 13.27 13.25 13.24 13.23 13.21 13.20 13.19 13.18 13.16 13.15 13.13 13.12
13.73 13.71 13.69 13.68 13.66 13.64 13.63 13.62 13.61 13.59 13.58 13.58 13.57 13.56 13.55 13.55 13.54 13.53 13.52 13.53 13.52 13.52 13.51 13.51 13.52 13.52 13.52 13.52 13.53 13.53 13.54 13.54 13.54 13.55 13.57 13.58 13.58 13.59 13.62 13.63 13.64 13.64 13.62 13.60 13.58 13.56 13.54 13.52 13.50 13.49 13.47 13.45 13.43 13.42 13.40 13.39 13.38 13.37 13.35 13.34 13.33 13.31 13.31 13.30 13.29 13.27 13.26 13.25 13.24 13.23 13.22 13.21 13.19 13.18 13.17 13.16 13.15 13.13 13.12
13.64 13.63 13.61 13.59 13.57 13.57 13.55 13.54 13.53 13.52 13.51 13.50 13.49 13.49 13.48 13.47 13.46 13.46 13.46 13.45 13.44 13.45 13.45 13.44 13.44 13.44 13.45 13.45 13.46 13.46 13.46 13.47 13.48 13.49 13.49 13.51 13.52 13.53 13.54 13.55 13.57 13.59 13.59 13.58 13.55 13.53 13.52 13.50 13.48 13.46 13.44 13.43 13.42 13.40 13.39 13.37 13.36 13.35 13.34 13.33 13.32 13.30 13.29 13.28 13.28 13.26 13.25 13.24 13.23 13.22 13.21 13.20 13.19 13.18 13.16 13.15 13.14 13.12 13.12
13.56 13.54 13.53 13.52 13.50 13.48 13.48 13.47 13.45 13.44 13.43 13.43 13.42 13.41 13.40 13.40 13.39 13.39 13.38 13.39 13.38 13.38 13.37 13.38 13.38 13.38 13.38 13.38 13.39 13.39 13.40 13.40 13.41 13.42 13.43 13.44 13.45 13.46 13.48 13.49 13.50 13.52 13.53 13.55 13.53 13.51 13.49 13.47 13.46 13.44 13.43 13.41 13.39 13.38 13.37 13.36 13.35 13.33 13.32 13.31 13.29 13.29 13.28 13.27 13.26 13.25 13.24 13.23 13.22 13.21 13.20 13.19 13.18 13.16 13.16 13.15 13.14 13.12 13.11
13.49 13.47 13.45 13.43 13.43 13.41 13.40 13.39 13.38 13.37 13.36 13.35 13.35 13.34 13.33 13.33 13.32 13.32 13.32 13.31 13.31 13.31 13.31 13.31 13.31 13.32 13.32 13.32 13.32 13.32 13.34 13.34 13.35 13.35 13.36 13.38 13.39 13.40 13.41 13.42 13.44 13.46 13.47 13.48 13.49 13.49 13.47 13.45 13.44 13.42 13.40 13.39 13.38 13.36 13.35 13.34 13.32 13.32 13.31 13.29 13.28 13.27 13.27 13.26 13.25 13.24 13.23 13.22 13.20 13.20 13.19 13.18 13.17 13.16 13.15 13.14 13.13 13.12 13.11
13.40 13.39 13.38 13.37 13.35 13.34 13.33 13.32 13.31 13.30 13.30 13.29 13.28 13.27 13.27 13.27 13.26 13.25 13.25 13.25 13.25 13.24 13.24 13.25 13.25 13.25 13.25 13.26 13.26 13.27 13.27 13.27 13.29 13.29 13.30 13.31 13.32 13.34 13.35 13.36 13.37 13.39 13.40 13.43 13.44 13.45 13.44 13.43 13.42 13.40 13.38 13.37 13.35 13.35 13.33 13.32 13.31 13.30 13.28 13.28 13.27 13.26 13.25 13.24 13.23 13.22 13.22 13.21 13.20 13.19 13.18 13.18 13.17 13.16 13.15 13.13 13.12 13.11 13.11
13.34 13.32 13.30 13.29 13.29 13.27 13.26 13.25 13.25 13.24 13.23 13.22 13.22 13.21 13.20 13.20 13.20 13.19 13.19 13.18 13.19 13.19 13.19 13.18 13.18 13.19 13.19 13.20 13.20 13.21 13.21 13.22 13.22 13.23 13.24 13.25 13.26 13.27 13.28 13.29 13.32 13.33 13.34 13.36 13.38 13.40 13.41 13.41 13.39 13.37 13.37 13.35 13.34 13.32 13.31 13.30 13.30 13.28 13.27 13.26 13.25 13.24 13.24 13.23 13.22 13.21 13.20 13.20 13.19 13.18 13.17 13.16 13.15 13.14 13.14 13.13 13.12 13.11 13.10
13.26 13.24 13.24 13.23 13.21 13.20 13.20 13.19 13.18 13.17 13.17 13.16 13.15 13.14 13.14 13.14 13.13 13.13 13.12 13.13 13.12 13.12 13.12 13.13 13.13 13.13 13.13 13.14 13.14 13.15 13.15 13.15 13.17 13.17 13.18 13.19 13.20 13.22 13.23 13.24 13.25 13.26 13.29 13.30 13.32 13.34 13.35 13.37 13.37 13.36 13.34 13.33 13.31 13.31 13.30 13.28 13.27 13.26 13.26 13.25 13.24 13.23 13.22 13.21 13.21 13.20 13.19 13.18 13.17 13.16 13.16 13.16 13.15 13.14 13.13 13.12 13.12 13.11 13.10
13.20 13.18 13.17 13.15 13.15 13.14 13.13 13.12 13.12 13.11 13.10 13.09 13.09 13.09 13.08 13.07 13.08 13.07 13.07 13.06 13.06 13.07 13.07 13.07 13.07 13.08 13.08 13.08 13.08 13.09 13.10 13.10 13.11 13.11 13.13 13.14 13.15 13.15 13.16 13.19 13.20 13.21 13.22 13.24 13.26 13.28 13.30 13.32 13.33 13.34 13.33 13.31 13.30 13.28 13.27 13.27 13.26 13.25 13.24 13.23 13.22 13.22 13.21 13.20 13.19 13.18 13.18 13.17 13.16 13.16 13.15 13.14 13.13 13.13 13.12 13.11 13.11 13.10 13.09
13.13 13.12 13.11 13.10 13.08 13.07 13.07 13.06 13.05 13.04 13.04 13.04 13.03 13.02 13.03 13.02 13.02 13.01 13.02 13.01 13.01 13.01 13.02 13.02 13.02 13.02 13.02 13.03 13.03 13.03 13.04 13.04 13.06 13.06 13.07 13.08 13.09 13.10 13.11 13.12 13.14 13.16 13.17 13.19 13.20 13.22 13.23 13.26 13.28 13.30 13.30 13.29 13.28 13.27 13.26 13.25 13.23 13.22 13.22 13.21 13.20 13.20 13.19 13.19 13.18 13.17 13.16 13.16 13.15 13.14 13.14 13.13 13.13 13.12 13.11 13.11 13.10 13.09 13.08
13.07 13.05 13.04 13.03 13.03 13.02 13.01 13.00 13.00 12.99 12.98 12.97 12.98 12.97 12.96 12.96 12.96 12.96 12.96 12.95 12.96 12.96 12.96 12.96 12.96 12.97 12.97 12.97 12.97 12.99 12.99 12.99 13.00 13.00 13.02 13.03 13.04 13.04 13.05 13.08 13.09 13.10 13.11 13.13 13.15 13.17 13.18 13.20 13.22 13.25 13.26 13.27 13.26 13.25 13.23 13.23 13.22 13.21 13.20 13.19 13.18 13.18 13.18 13.17 13.16 13.15 13.15 13.15 13.14 13.13 13.12 13.12 13.12 13.11 13.10 13.10 13.09 13.08 13.07
13.00 12.99 12.99 12.97 12.96 12.95 12.95 12.94 12.94 12.93 12.93 12.92 12.92 12.91 12.92 12.91 12.91 12.90 12.91 12.91 12.90 12.90 12.90 12.91 12.91 12.91 12.91 12.92 12.93 12.93 12.93 12.94 12.95 12.96 12.96 12.97 12.99 13.00 13.01 13.02 13.03 13.04 13.06 13.08 13.09 13.11 13.12 13.15 13.17 13.19 13.21 13.22 13.24 13.23 13.22 13.21 13.20 13.20 13.19 13.18 13.17 13.16 13.16 13.16 13.15 13.14 13.14 13.13 13.12 13.12 13.12 13.11 13.10 13.10 13.09 13.09 13.08 13.08 13.07
12.95 12.93 12.92 12.91 12.91 12.90 12.89 12.88 12.89 12.88 12.87 12.86 12.87 12.86 12.86 12.85 12.86 12.86 12.85 12.85 12.86 12.86 12.85 12.85 12.85 12.87 12.87 12.87 12.87 12.88 12.89 12.89 12.90 12.90 12.92 12.93 12.93 12.94 12.95 12.97 12.98 12.99 13.01 13.02 13.04 13.06 13.07 13.09 13.11 13.14 13.16 13.18 13.20 13.20 13.20 13.20 13.19 13.18 13.17 13.16 13.16 13.15 13.14 13.14 13.13 13.12 13.13 13.12 13.11 13.11 13.10 13.09 13.10 13.09 13.08 13.08 13.07 13.06 13.07
12.88 12.87 12.87 12.86 12.85 12.84 12.84 12.84 12.83 12.82 12.82 12.82 12.81 12.81 12.80 12.81 12.80 12.80 12.80 12.80 12.80 12.80 12.80 12.81 12.81 12.81 12.81 12.82 12.83 12.83 12.83 12.84 12.85 12.86 12.87 12.87 12.88 12.90 12.91 12.92 12.93 12.95 12.96 12.97 12.99 13.00 13.03 13.04 13.06 13.08 13.10 13.12 13.15 13.17 13.18 13.17 13.16 13.16 13.15 13.15 13.14 13.13 13.12 13.13 13.12 13.11 13.11 13.10 13.10 13.10 13.09 13.09 13.08 13.08 13.08 13.07 13.07 13.06 13.05
12.83 12.82 12.81 12.80 12.80 12.80 12.79 12.78 12.78 12.78 12.77 12.76 12.77 12.76 12.76 12.75 12.76 12.76 12.75 12.75 12.75 12.76 12.76 12.76 12.76 12.76 12.77 12.77 12.78 12.78 12.79 12.80 12.80 12.81 12.82 12.83 12.84 12.85 12.85 12.87 12.88 12.90 12.91 12.92 12.94 12.96 12.97 12.99 13.01 13.03 13.05 13.07 13.09 13.12 13.13 13.15 13.15 13.14 13.13 13.12 13.13 13.12 13.11 13.11 13.10 13.09 13.10 13.09 13.09 13.08 13.08 13.07 13.07 13.07 13.06 13.06 13.05 13.05 13.05
12.78 12.77 12.77 12.76 12.75 12.74 12.74 12.73 12.73 12.72 12.72 12.72 12.71 12.71 12.71 12.71 12.71 12.71 12.70 12.71 12.71 12.71 12.71 12.71 12.72 12.72 12.72 12.72 12.74 12.74 12.74 12.75 12.76 12.77 12.77 12.78 12.79 12.80 12.81 12.82 12.83 12.84 12.86 12.88 12.89 12.90 12.92 12.94 12.96 12.98 13.00 13.02 13.05 13.07 13.09 13.11 13.12 13.13 13.12 13.11 13.10 13.10 13.10 13.10 13.09 13.08 13.08 13.07 13.08 13.07 13.07 13.06 13.06 13.05 13.05 13.05 13.05 13.04 13.04
12.72 12.72 12.71 12.70 12.70 12.70 12.69 12.68 12.69 12.68 12.67 12.67 12.66 12.67 12.67 12.66 12.66 12.67 12.66 12.66 12.66 12.66 12.67 12.67 12.67 12.67 12.68 12.69 12.69 12.69 12.70 12.71 12.71 12.72 12.72 12.74 12.75 12.76 12.76 12.78 12.79 12.80 12.81 12.83 12.85 12.86 12.88 12.89 12.91 12.93 12.95 12.97 12.99 13.01 13.04 13.07 13.09 13.10 13.10 13.09 13.09 13.09 13.08 13.08 13.07 13.06 13.07 13.06 13.06 13.05 13.05 13.05 13.05 13.05 13.04 13.04 13.03 13.04 13.03
12.68 12.67 12.66 12.66 12.65 12.64 12.64 12.64 12.63 12.63 12.62 12.63 12.62 12.62 12.62 12.62 12.62 12.62 12.62 12.62 12.62 12.62 12.62 12.62 12.63 12.63 12.64 12.64 12.65 12.65 12.66 12.66 12.67 12.68 12.69 12.69 12.70 12.71 12.73 12.73 12.74 12.75 12.77 12.79 12.80 12.81 12.83 12.85 12.87 12.88 12.90 12.92 12.95 12.97 12.99 13.01 13.03 13.07 13.08 13.08 13.07 13.07 13.06 13.06 13.06 13.05 13.05 13.05 13.04 13.05 13.04 13.04 13.03 13.03 13.04 13.03 13.03 13.02 13.02
12.62 12.62 12.62 12.61 12.60 12.60 12.60 12.59 12.58 12.59 12.58 12.58 12.58 12.57 12.58 12.58 12.57 12.57 12.58 12.58 12.58 12.57 12.58 12.58 12.59 12.59 12.60 12.60 12.60 12.61 12.61 12.62 12.63 12.63 12.64 12.65 12.66 12.67 12.68 12.69 12.71 12.72 12.73 12.74 12.75 12.77 12.79 12.80 12.82 12.83 12.86 12.88 12.89 12.91 12.94 12.97 12.99 13.01 13.04 13.05 13.05 13.05 13.05 13.04 13.04 13.03 13.04 13.04 13.03 13.03 13.02 13.03 13.03 13.02 13.02 13.02 13.01 13.01 13.01
12.58 12.57 12.57 12.56 12.56 12.55 12.55 12.54 12.55 12.54 12.54 12.54 12.54 12.54 12.53 12.53 12.54 12.53 12.53 12.53 12.54 12.54 12.54 12.54 12.54 12.55 12.56 12.56 12.56 12.57 12.58 12.58 12.58 12.60 12.60 12.61 12.62 12.62 12.64 12.65 12.66 12.67 12.68 12.70 12.71 12.72 12.74 12.75 12.78 12.79 12.81 12.83 12.84 12.87 12.89 12.91 12.94 12.96 12.99 13.02 13.03 13.03 13.03 13.03 13.03 13.03 13.02 13.02 13.01 13.02 13.02 13.01 13.01 13.01 13.01 13.01 13.01 13.00 13.00
12.53 12.52 12.53 12.52 12.51 12.51 12.51 12.51 12.50 12.50 12.50 12.50 12.49 12.49 12.50 12.49 12.49 12.49 12.49 12.50 12.50 12.50 12.51 12.51 12.51 12.51 12.51 12.52 12.53 12.53 12.53 12.54 12.55 12.56 12.56 12.57 12.58 12.59 12.60 12.61 12.61 12.63 12.64 12.65 12.67 12.69 12.70 12.71 12.73 12.74 12.76 12.79 12.80 12.82 12.84 12.87 12.89 12.92 12.94 12.96 12.99 13.01 13.02 13.01 13.01 13.01 13.01 13.01 13.00 13.00 13.00 13.00 13.00 13.00 13.00 12.99 12.99 12.99 13.00
12.49 12.49 12.48 12.47 12.48 12.47 12.47 12.46 12.46 12.46 12.46 12.45 12.46 12.46 12.45 12.45 12.46 12.46 12.46 12.45 12.45 12.46 12.46 12.46 12.46 12.47 12.48 12.48 12.48 12.49 12.50 12.50 12.51 12.51 12.53 12.53 12.54 12.55 12.55 12.57 12.58 12.59 12.60 12.62 12.63 12.64 12.65 12.67 12.69 12.71 12.72 12.74 12.75 12.78 12.80 12.82 12.84 12.86 12.89 12.92 12.94 12.97 12.99 12.99 13.00 13.00 12.99 12.99 12.99 12.99 12.99 12.99 12.99 12.98 12.98 12.99 12.99 12.98 12.98
12.45 12.44 12.44 12.44 12.43 12.43 12.42 12.43 12.42 12.42 12.41 12.42 12.42 12.41 12.41 12.42 12.42 12.42 12.41 12.42 12.42 12.42 12.42 12.42 12.43 12.44 12.44 12.44 12.45 12.46 12.46 12.46 12.47 12.48 12.49 12.49 12.50 12.51 12.52 12.53 12.54 12.55 12.57 12.58 12.59 12.60 12.62 12.63 12.65 12.66 12.67 12.70 12.72 12.73 12.75 12.77 12.79 12.82 12.84 12.87 12.89 12.93 12.95 12.97 12.98 12.98 12.97 12.98 12.98 12.97 12.97 12.97 12.97 12.98 12.97 12.97 12.97 12.97 12.98
12.40 12.41 12.40 12.39 12.39 12.39 12.39 12.38 12.38 12.38 12.38 12.38 12.37 12.38 12.38 12.38 12.38 12.38 12.38 12.38 12.38 12.38 12.39 12.39 12.39 12.40 12.41 12.41 12.41 12.41 12.42 12.43 12.44 12.44 12.44 12.46 12.47 12.47 12.48 12.49 12.51 12.51 12.52 12.53 12.54 12.56 12.58 12.59 12.60 12.62 12.64 12.65 12.67 12.69 12.71 12.73 12.75 12.77 12.79 12.82 12.85 12.87 12.90 12.92 12.96 12.96 12.96 12.96 12.96 12.96 12.96 12.96 12.96 12.96 12.96 12.96 12.96 12.96 12.96
12.37 12.36 12.36 12.36 12.36 12.35 12.35 12.35 12.35 12.34 12.34 12.34 12.34 12.34 12.34 12.34 12.35 12.34 12.34 12.34 12.35 12.35 12.35 12.35 12.36 12.37 12.37 12.37 12.37 12.39 12.39 12.39 12.40 12.41 12.42 12.42 12.43 12.43 12.45 12.46 12.46 12.47 12.48 12.50 12.51 12.52 12.53 12.55 12.57 12.58 12.60 12.61 12.63 12.65 12.67 12.69 12.71 12.73 12.76 12.78 12.80 12.82 12.86 12.88 12.91 12.93 12.94 12.95 12.95 12.95 12.95 12.94 12.94 12.95 12.95 12.95 12.95 12.95 12.94
12.33 12.32 12.32 12.32 12.31 12.31 12.31 12.31 12.31 12.30 12.30 12.31 12.30 12.30 12.30 12.31 12.31 12.31 12.30 12.31 12.31 12.31 12.31 12.32 12.33 12.33 12.33 12.34 12.34 12.35 12.35 12.35 12.37 12.37 12.38 12.38 12.39 12.40 12.41 12.42 12.42 12.44 12.45 12.46 12.47 12.48 12.50 12.51 12.53 12.54 12.55 12.58 12.59 12.61 12.62 12.64 12.67 12.69 12.71 12.73 12.76 12.78 12.81 12.83 12.86 12.88 12.92 12.93 12.93 12.93 12.93 12.94 12.94 12.93 12.93 12.93 12.94 12.94 12.94
12.29 12.29 12.28 12.28 12.28 12.28 12.27 12.27 12.27 12.27 12.27 12.27 12.27 12.27 12.27 12.27 12.27 12.28 12.28 12.28 12.28 12.29 12.29 12.29 12.29 12.29 12.30 12.30 12.31 12.31 12.32 12.33 12.33 12.33 12.34 12.35 12.36 12.36 12.37 12.39 12.40 12.40 12.41 12.42 12.44 12.45 12.46 12.47 12.49 12.51 12.52 12.53 12.55 12.56 12.59 12.61 12.62 12.64 12.66 12.69 12.71 12.73 12.76 12.79 12.82 12.84 12.87 12.89 12.91 12.92 12.92 12.92 12.92 12.92 12.93 12.93 12.92 12.92 12.92
12.25 12.25 12.24 12.25 12.24 12.24 12.24 12.23 12.24 12.24 12.23 12.23 12.24 12.24 12.24 12.24 12.24 12.24 12.24 12.24 12.25 12.25 12.25 12.25 12.26 12.26 12.27 12.27 12.28 12.28 12.29 12.29 12.29 12.31 12.31 12.32 12.32 12.34 12.34 12.35 12.36 12.37 12.38 12.39 12.40 12.41 12.42 12.44 12.45 12.47 12.48 12.49 12.52 12.53 12.55 12.56 12.59 12.61 12.63 12.64 12.66 12.70 12.72 12.74 12.77 12.79 12.82 12.85 12.88 12.90 12.90 12.90 12.91 12.91 12.91 12.91 12.91 12.91 12.92
12.21 12.21 12.21 12.21 12.21 12.20 12.21 12.20 12.20 12.20 12.21 12.20 12.20 12.20 12.21 12.21 12.21 12.21 12.21 12.21 12.21 12.21 12.21 12.23 12.23 12.23 12.23 12.24 12.25 12.25 12.25 12.26 12.27 12.27 12.28 12.28 12.30 12.30 12.31 12.31 12.32 12.34 12.35 12.35 12.36 12.38 12.39 12.40 12.41 12.43 12.45 12.46 12.47 12.49 12.51 12.53 12.55 12.56 12.58 12.61 12.63 12.65 12.67 12.69 12.72 12.75 12.78 12.80 12.83 12.86 12.89 12.89 12.89 12.89 12.89 12.89 12.90 12.90 12.90
12.19 12.18 12.18 12.17 12.18 12.18 12.17 12.17 12.18 12.17 12.17 12.17 12.17 12.17 12.17 12.17 12.17 12.18 12.18 12.18 12.18 12.19 12.19 12.19 12.19 12.20 12.21 12.21 12.21 12.21 12.23 12.23 12.23 12.24 12.25 12.25 12.26 12.27 12.27 12.29 12.29 12.30 12.31 12.32 12.34 12.34 12.35 12.36 12.38 12.40 12.41 12.42 12.43 12.46 12.47 12.49 12.50 12.52 12.55 12.57 12.58 12.60 12.62 12.66 12.68 12.70 12.73 12.75 12.79 12.82 12.84 12.87 12.87 12.88 12.88 12.88 12.88 12.89 12.89
12.15 12.14 12.14 12.15 12.14 12.14 12.14 12.14 12.14 12.14 12.14 12.13 12.14 12.14 12.14 12.14 12.15 12.15 12.15 12.15 12.16 12.16 12.16 12.16 12.17 12.17 12.17 12.17 12.18 12.19 12.19 12.19 12.20 12.21 12.22 12.22 12.23 12.24 12.25 12.25 12.26 12.27 12.28 12.29 12.30 12.31 12.32 12.34 12.35 12.36 12.37 12.38 12.40 12.42 12.43 12.45 12.47 12.49 12.50 12.52 12.54 12.57 12.59 12.61 12.63 12.66 12.69 12.71 12.74 12.77 12.79 12.82 12.86 12.86 12.87 12.87 12.88 12.88 12.88
