main/data/pressure/07.11.2023.grid
ncols 886
nrows 691
xllcenter 112.0000
yllcenter -44.5000
cellsize 0.0500
nodata_value 99999.90
[rows 70 to 104 of 691, columns 711 to 789 of 886]
27.86 27.88 27.88 27.89 27.91 27.91 27.91 27.92 27.92 27.91 27.91 27.90 27.89 27.88 27.86 27.85 27.82 27.80 27.77 27.74 27.72 27.70 27.68 27.67 27.67 27.67 27.67 27.66 27.66 27.66 27.64 27.64 27.64 27.62 27.62 27.62 27.61 27.61 27.61 27.60 27.60 27.59 27.60 27.59 27.59 27.59 27.60 27.59 27.59 27.60 27.60 27.61 27.61 27.62 27.62 27.64 27.64 27.65 27.66 27.68 27.69 27.70 27.71 27.73 27.75 27.77 27.78 27.80 27.82 27.84 27.86 27.88 27.90 27.92 27.94 27.97 27.99 28.01 28.04
27.83 27.85 27.86 27.87 27.88 27.89 27.89 27.89 27.90 27.89 27.89 27.88 27.86 27.86 27.84 27.82 27.80 27.77 27.75 27.72 27.68 27.65 27.62 27.61 27.60 27.59 27.58 27.57 27.57 27.56 27.56 27.55 27.54 27.54 27.54 27.52 27.52 27.51 27.51 27.50 27.50 27.50 27.50 27.50 27.49 27.49 27.49 27.49 27.50 27.50 27.51 27.51 27.51 27.52 27.53 27.54 27.55 27.56 27.57 27.58 27.60 27.61 27.63 27.65 27.66 27.68 27.70 27.71 27.73 27.75 27.77 27.80 27.83 27.85 27.87 27.89 27.91 27.94 27.96
27.81 27.82 27.84 27.85 27.86 27.87 27.87 27.88 27.87 27.87 27.87 27.86 27.85 27.83 27.81 27.79 27.77 27.76 27.73 27.70 27.67 27.62 27.60 27.55 27.52 27.51 27.50 27.49 27.49 27.47 27.47 27.46 27.46 27.44 27.44 27.44 27.42 27.42 27.41 27.41 27.41 27.40 27.39 27.40 27.39 27.40 27.39 27.40 27.40 27.41 27.41 27.41 27.42 27.43 27.43 27.45 27.46 27.46 27.47 27.49 27.51 27.52 27.54 27.55 27.57 27.59 27.60 27.62 27.65 27.68 27.70 27.72 27.74 27.77 27.79 27.82 27.84 27.87 27.90
27.78 27.80 27.81 27.83 27.84 27.85 27.85 27.85 27.86 27.85 27.84 27.83 27.83 27.81 27.80 27.78 27.75 27.73 27.70 27.67 27.64 27.61 27.57 27.53 27.50 27.46 27.42 27.41 27.40 27.39 27.38 27.37 27.36 27.36 27.34 27.34 27.33 27.32 27.32 27.31 27.31 27.30 27.30 27.29 27.30 27.29 27.30 27.29 27.30 27.30 27.30 27.31 27.32 27.32 27.33 27.34 27.35 27.36 27.38 27.39 27.41 27.42 27.44 27.45 27.48 27.50 27.52 27.54 27.56 27.59 27.61 27.63 27.66 27.68 27.71 27.74 27.76 27.79 27.82
27.77 27.78 27.80 27.80 27.82 27.82 27.82 27.83 27.83 27.82 27.83 27.82 27.80 27.79 27.77 27.75 27.74 27.70 27.68 27.66 27.62 27.59 27.55 27.51 27.47 27.43 27.39 27.35 27.31 27.30 27.29 27.28 27.26 27.25 27.25 27.24 27.23 27.23 27.21 27.21 27.20 27.20 27.19 27.19 27.19 27.19 27.19 27.20 27.19 27.19 27.20 27.21 27.21 27.22 27.23 27.24 27.25 27.27 27.28 27.29 27.31 27.32 27.35 27.37 27.38 27.40 27.42 27.45 27.47 27.49 27.52 27.54 27.57 27.60 27.63 27.65 27.68 27.71 27.74
27.74 27.76 27.77 27.79 27.79 27.80 27.81 27.81 27.80 27.81 27.80 27.79 27.79 27.77 27.76 27.74 27.71 27.69 27.66 27.63 27.60 27.57 27.53 27.50 27.46 27.42 27.36 27.32 27.28 27.24 27.20 27.18 27.17 27.16 27.15 27.14 27.12 27.12 27.12 27.10 27.10 27.09 27.09 27.08 27.09 27.08 27.09 27.09 27.08 27.09 27.09 27.10 27.11 27.12 27.12 27.14 27.15 27.16 27.17 27.19 27.21 27.23 27.25 27.26 27.28 27.30 27.33 27.35 27.38 27.40 27.44 27.46 27.49 27.52 27.55 27.58 27.61 27.63 27.66
27.73 27.74 27.76 27.76 27.78 27.78 27.78 27.79 27.79 27.78 27.79 27.78 27.76 27.75 27.73 27.71 27.70 27.67 27.65 27.62 27.59 27.54 27.51 27.47 27.43 27.39 27.35 27.31 27.25 27.21 27.17 27.13 27.08 27.06 27.05 27.03 27.03 27.02 27.01 27.00 26.99 26.99 26.98 26.98 26.98 26.98 26.98 26.97 26.98 26.98 26.98 26.99 27.00 27.00 27.02 27.03 27.04 27.05 27.07 27.09 27.10 27.12 27.14 27.16 27.19 27.21 27.24 27.26 27.29 27.31 27.34 27.37 27.40 27.43 27.46 27.49 27.53 27.56 27.59
27.70 27.72 27.73 27.75 27.75 27.77 27.77 27.77 27.77 27.77 27.76 27.75 27.74 27.73 27.72 27.70 27.67 27.65 27.62 27.59 27.56 27.53 27.49 27.46 27.42 27.38 27.33 27.28 27.24 27.20 27.14 27.10 27.05 27.01 26.96 26.94 26.92 26.91 26.91 26.89 26.89 26.88 26.88 26.87 26.87 26.87 26.86 26.87 26.87 26.88 26.88 26.88 26.89 26.90 26.91 26.92 26.93 26.95 26.96 26.98 27.00 27.01 27.04 27.06 27.09 27.11 27.14 27.16 27.19 27.22 27.25 27.28 27.31 27.34 27.37 27.40 27.44 27.47 27.51
27.69 27.70 27.72 27.73 27.74 27.74 27.75 27.75 27.75 27.74 27.75 27.74 27.72 27.71 27.69 27.67 27.66 27.64 27.61 27.58 27.55 27.51 27.48 27.43 27.40 27.36 27.31 27.27 27.23 27.17 27.13 27.08 27.03 26.98 26.94 26.89 26.85 26.82 26.80 26.79 26.77 26.77 26.76 26.76 26.75 26.75 26.75 26.75 26.76 26.76 26.76 26.77 26.78 26.78 26.79 26.81 26.82 26.84 26.85 26.88 26.90 26.91 26.94 26.96 26.98 27.01 27.03 27.06 27.09 27.12 27.15 27.18 27.21 27.25 27.28 27.32 27.35 27.39 27.42
27.67 27.69 27.69 27.71 27.72 27.73 27.73 27.73 27.74 27.73 27.72 27.71 27.71 27.70 27.68 27.66 27.64 27.61 27.59 27.56 27.53 27.49 27.46 27.42 27.38 27.34 27.29 27.25 27.21 27.16 27.11 27.06 27.02 26.96 26.92 26.87 26.82 26.78 26.74 26.70 26.68 26.66 26.64 26.64 26.64 26.64 26.63 26.64 26.64 26.64 26.65 26.65 26.66 26.67 26.68 26.70 26.71 26.72 26.75 26.76 26.78 26.80 26.82 26.85 26.87 26.90 26.94 26.97 27.00 27.03 27.06 27.09 27.13 27.16 27.20 27.23 27.26 27.30 27.34
27.65 27.66 27.68 27.69 27.70 27.71 27.72 27.72 27.71 27.71 27.71 27.70 27.69 27.67 27.66 27.64 27.62 27.60 27.57 27.55 27.51 27.48 27.45 27.40 27.36 27.32 27.28 27.24 27.20 27.14 27.10 27.05 27.00 26.95 26.91 26.85 26.81 26.76 26.71 26.67 26.63 26.58 26.55 26.53 26.53 26.52 26.52 26.52 26.52 26.53 26.53 26.53 26.55 26.56 26.56 26.58 26.60 26.61 26.63 26.65 26.67 26.69 26.72 26.75 26.77 26.80 26.83 26.86 26.89 26.92 26.96 26.99 27.03 27.07 27.10 27.14 27.18 27.22 27.26
27.64 27.65 27.66 27.68 27.68 27.69 27.70 27.70 27.70 27.70 27.69 27.69 27.68 27.66 27.64 27.62 27.60 27.58 27.55 27.52 27.49 27.46 27.43 27.39 27.35 27.31 27.26 27.22 27.18 27.13 27.08 27.03 26.99 26.93 26.89 26.84 26.79 26.75 26.69 26.65 26.61 26.56 26.52 26.49 26.45 26.42 26.41 26.40 26.40 26.40 26.41 26.42 26.43 26.43 26.45 26.46 26.48 26.49 26.51 26.54 26.56 26.58 26.61 26.63 26.66 26.69 26.72 26.75 26.79 26.82 26.86 26.89 26.93 26.97 27.01 27.05 27.09 27.13 27.17
27.62 27.64 27.65 27.66 27.67 27.67 27.68 27.68 27.68 27.68 27.68 27.67 27.65 27.64 27.63 27.61 27.59 27.57 27.54 27.51 27.48 27.45 27.41 27.38 27.33 27.29 27.25 27.21 27.17 27.11 27.07 27.02 26.97 26.92 26.88 26.83 26.78 26.73 26.69 26.64 26.60 26.55 26.51 26.46 26.43 26.39 26.36 26.32 26.30 26.30 26.30 26.30 26.30 26.32 26.33 26.34 26.36 26.38 26.40 26.42 26.44 26.47 26.49 26.52 26.55 26.58 26.61 26.65 26.69 26.72 26.76 26.80 26.84 26.88 26.91 26.95 27.00 27.04 27.08
27.61 27.62 27.63 27.64 27.66 27.66 27.66 27.67 27.67 27.66 27.66 27.65 27.64 27.63 27.61 27.59 27.57 27.55 27.52 27.49 27.46 27.43 27.39 27.36 27.32 27.28 27.24 27.19 27.15 27.10 27.05 27.00 26.96 26.92 26.86 26.82 26.76 26.72 26.67 26.63 26.58 26.54 26.49 26.46 26.41 26.38 26.34 26.30 26.27 26.24 26.21 26.20 26.19 26.20 26.20 26.22 26.24 26.26 26.28 26.30 26.32 26.36 26.38 26.41 26.44 26.47 26.51 26.54 26.58 26.62 26.66 26.70 26.74 26.78 26.82 26.87 26.90 26.95 26.99
27.58 27.60 27.61 27.63 27.64 27.65 27.65 27.65 27.66 27.65 27.64 27.63 27.62 27.62 27.60 27.58 27.56 27.54 27.51 27.48 27.45 27.42 27.38 27.35 27.30 27.26 27.22 27.18 27.14 27.08 27.04 27.00 26.94 26.90 26.85 26.80 26.76 26.70 26.66 26.61 26.57 26.52 26.48 26.44 26.40 26.36 26.32 26.29 26.25 26.21 26.19 26.16 26.13 26.11 26.10 26.11 26.12 26.13 26.15 26.18 26.21 26.24 26.26 26.29 26.33 26.36 26.39 26.43 26.47 26.51 26.55 26.59 26.63 26.68 26.72 26.77 26.82 26.86 26.91
27.57 27.59 27.60 27.61 27.62 27.63 27.64 27.64 27.63 27.64 27.63 27.62 27.61 27.60 27.58 27.56 27.55 27.53 27.49 27.46 27.43 27.40 27.37 27.33 27.29 27.25 27.21 27.16 27.12 27.08 27.02 26.98 26.93 26.89 26.84 26.79 26.74 26.70 26.64 26.60 26.55 26.52 26.47 26.43 26.39 26.34 26.31 26.27 26.23 26.21 26.17 26.14 26.12 26.09 26.06 26.04 26.02 26.03 26.04 26.06 26.09 26.11 26.14 26.17 26.21 26.24 26.28 26.33 26.37 26.40 26.44 26.48 26.53 26.58 26.62 26.67 26.72 26.77 26.82
27.56 27.57 27.59 27.60 27.61 27.62 27.62 27.62 27.62 27.62 27.61 27.61 27.60 27.59 27.57 27.55 27.53 27.51 27.48 27.45 27.42 27.39 27.36 27.32 27.27 27.24 27.20 27.15 27.11 27.06 27.02 26.97 26.92 26.87 26.83 26.78 26.73 26.68 26.64 26.59 26.55 26.50 26.46 26.42 26.37 26.34 26.30 26.26 26.23 26.19 26.16 26.13 26.10 26.07 26.04 26.02 26.00 25.97 25.96 25.95 25.97 26.00 26.02 26.06 26.10 26.13 26.17 26.21 26.25 26.30 26.34 26.39 26.43 26.48 26.52 26.57 26.62 26.67 26.73
27.54 27.56 27.57 27.59 27.59 27.61 27.61 27.61 27.61 27.61 27.60 27.59 27.58 27.57 27.55 27.54 27.52 27.50 27.47 27.44 27.41 27.38 27.34 27.30 27.27 27.23 27.19 27.14 27.10 27.05 27.01 26.96 26.91 26.86 26.81 26.77 26.72 26.67 26.62 26.58 26.53 26.49 26.45 26.41 26.37 26.32 26.29 26.25 26.21 26.18 26.15 26.12 26.09 26.06 26.03 26.01 25.98 25.95 25.93 25.92 25.91 25.90 25.92 25.94 25.98 26.02 26.06 26.10 26.14 26.18 26.23 26.28 26.33 26.38 26.43 26.48 26.52 26.58 26.63
27.53 27.54 27.56 27.57 27.58 27.59 27.60 27.60 27.59 27.59 27.59 27.58 27.57 27.56 27.54 27.52 27.50 27.48 27.45 27.43 27.40 27.36 27.33 27.30 27.26 27.21 27.17 27.13 27.09 27.04 26.99 26.95 26.90 26.85 26.81 26.76 26.71 26.66 26.62 26.57 26.53 26.48 26.43 26.40 26.35 26.32 26.28 26.24 26.21 26.17 26.14 26.11 26.08 26.05 26.02 25.99 25.98 25.95 25.93 25.90 25.88 25.86 25.85 25.84 25.87 25.90 25.94 25.98 26.03 26.07 26.12 26.17 26.22 26.27 26.33 26.38 26.43 26.49 26.55
27.51 27.53 27.55 27.56 27.56 27.58 27.58 27.58 27.58 27.58 27.57 27.56 27.55 27.55 27.53 27.51 27.49 27.47 27.45 27.42 27.39 27.36 27.32 27.28 27.24 27.20 27.17 27.11 27.07 27.03 26.99 26.93 26.89 26.84 26.79 26.75 26.70 26.66 26.60 26.56 26.51 26.48 26.43 26.38 26.35 26.31 26.26 26.23 26.20 26.16 26.13 26.10 26.07 26.04 26.01 25.99 25.96 25.94 25.91 25.89 25.87 25.85 25.83 25.82 25.81 25.81 25.84 25.87 25.92 25.97 26.02 26.06 26.11 26.17 26.22 26.28 26.33 26.39 26.45
27.50 27.52 27.53 27.55 27.55 27.56 27.57 27.57 27.57 27.57 27.56 27.55 27.54 27.53 27.51 27.50 27.48 27.45 27.43 27.40 27.37 27.34 27.31 27.27 27.24 27.20 27.15 27.11 27.07 27.02 26.97 26.93 26.88 26.83 26.79 26.74 26.69 26.64 26.60 26.55 26.51 26.46 26.41 26.38 26.33 26.30 26.26 26.22 26.18 26.15 26.12 26.08 26.05 26.03 26.00 25.97 25.95 25.92 25.91 25.88 25.86 25.84 25.82 25.80 25.79 25.77 25.77 25.77 25.81 25.85 25.91 25.96 26.01 26.07 26.12 26.18 26.23 26.29 26.36
27.49 27.50 27.52 27.53 27.54 27.55 27.55 27.56 27.56 27.55 27.55 27.55 27.54 27.52 27.51 27.49 27.47 27.45 27.42 27.39 27.36 27.33 27.30 27.26 27.22 27.18 27.14 27.10 27.05 27.01 26.97 26.92 26.87 26.83 26.78 26.73 26.68 26.64 26.59 26.55 26.50 26.45 26.41 26.37 26.33 26.29 26.25 26.22 26.18 26.14 26.11 26.08 26.05 26.02 25.99 25.96 25.94 25.92 25.89 25.87 25.85 25.83 25.81 25.79 25.77 25.76 25.74 25.73 25.73 25.75 25.79 25.85 25.91 25.96 26.02 26.08 26.14 26.20 26.26
27.48 27.49 27.51 27.52 27.53 27.54 27.54 27.54 27.55 27.54 27.54 27.53 27.52 27.50 27.50 27.48 27.46 27.44 27.41 27.39 27.36 27.32 27.29 27.25 27.22 27.18 27.13 27.09 27.05 27.01 26.95 26.91 26.86 26.81 26.76 26.72 26.68 26.62 26.58 26.53 26.49 26.45 26.40 26.36 26.32 26.27 26.24 26.20 26.16 26.14 26.10 26.07 26.04 26.00 25.99 25.96 25.93 25.90 25.88 25.86 25.84 25.82 25.80 25.79 25.76 25.75 25.73 25.71 25.70 25.69 25.70 25.74 25.80 25.86 25.92 25.98 26.04 26.11 26.16
27.46 27.48 27.49 27.51 27.52 27.52 27.53 27.53 27.53 27.54 27.53 27.52 27.51 27.50 27.48 27.46 27.44 27.42 27.40 27.37 27.34 27.31 27.28 27.25 27.20 27.16 27.12 27.08 27.03 26.99 26.95 26.90 26.85 26.80 26.76 26.72 26.66 26.62 26.57 26.53 26.48 26.43 26.40 26.35 26.30 26.27 26.23 26.19 26.16 26.12 26.09 26.06 26.03 26.00 25.97 25.94 25.92 25.89 25.88 25.86 25.83 25.81 25.79 25.78 25.76 25.74 25.73 25.71 25.70 25.69 25.68 25.67 25.70 25.75 25.81 25.88 25.94 26.01 26.08
27.46 27.47 27.49 27.49 27.51 27.51 27.51 27.52 27.52 27.52 27.51 27.51 27.50 27.49 27.47 27.46 27.44 27.42 27.39 27.37 27.34 27.30 27.26 27.23 27.20 27.16 27.11 27.07 27.03 26.99 26.94 26.89 26.84 26.80 26.76 26.70 26.66 26.61 26.56 26.52 26.47 26.43 26.38 26.35 26.30 26.26 26.23 26.19 26.15 26.11 26.08 26.05 26.02 25.99 25.96 25.94 25.91 25.89 25.87 25.84 25.82 25.80 25.78 25.76 25.75 25.73 25.71 25.70 25.69 25.67 25.66 25.65 25.65 25.67 25.71 25.77 25.84 25.91 25.98
27.45 27.46 27.48 27.48 27.49 27.50 27.51 27.51 27.51 27.51 27.50 27.50 27.49 27.47 27.46 27.45 27.43 27.40 27.38 27.35 27.32 27.29 27.26 27.23 27.18 27.14 27.11 27.07 27.02 26.98 26.93 26.88 26.84 26.80 26.74 26.70 26.65 26.61 26.56 26.51 26.47 26.42 26.38 26.33 26.29 26.26 26.21 26.17 26.14 26.11 26.07 26.04 26.01 25.99 25.96 25.93 25.90 25.88 25.85 25.83 25.81 25.79 25.77 25.75 25.73 25.72 25.70 25.69 25.67 25.66 25.65 25.64 25.63 25.62 25.63 25.68 25.74 25.81 25.89
27.43 27.45 27.46 27.48 27.48 27.49 27.50 27.50 27.50 27.50 27.50 27.49 27.48 27.47 27.45 27.43 27.42 27.39 27.37 27.34 27.32 27.29 27.26 27.21 27.18 27.14 27.10 27.05 27.01 26.97 26.92 26.88 26.83 26.78 26.74 26.69 26.64 26.59 26.54 26.50 26.45 26.42 26.37 26.32 26.29 26.24 26.20 26.17 26.13 26.10 26.06 26.04 26.00 25.97 25.94 25.92 25.89 25.86 25.84 25.82 25.81 25.79 25.77 25.75 25.73 25.72 25.70 25.69 25.66 25.65 25.64 25.63 25.62 25.61 25.60 25.61 25.66 25.72 25.79
27.42 27.44 27.45 27.46 27.48 27.48 27.49 27.49 27.49 27.49 27.48 27.48 27.47 27.46 27.45 27.43 27.41 27.39 27.37 27.33 27.30 27.27 27.24 27.21 27.17 27.13 27.09 27.05 27.00 26.96 26.92 26.87 26.83 26.77 26.73 26.68 26.63 26.58 26.54 26.49 26.45 26.40 26.36 26.32 26.27 26.23 26.20 26.16 26.12 26.08 26.06 26.02 25.99 25.96 25.93 25.91 25.89 25.86 25.84 25.82 25.79 25.77 25.76 25.74 25.72 25.70 25.69 25.67 25.66 25.65 25.64 25.62 25.61 25.60 25.59 25.58 25.59 25.64 25.70
27.41 27.42 27.44 27.45 27.46 27.47 27.47 27.47 27.48 27.48 27.47 27.47 27.46 27.44 27.43 27.41 27.39 27.37 27.35 27.33 27.30 27.27 27.24 27.20 27.16 27.13 27.09 27.04 27.00 26.96 26.91 26.87 26.81 26.77 26.72 26.68 26.62 26.58 26.53 26.49 26.44 26.39 26.35 26.31 26.26 26.23 26.19 26.15 26.12 26.08 26.04 26.01 25.98 25.95 25.93 25.90 25.87 25.85 25.83 25.80 25.78 25.76 25.74 25.73 25.71 25.69 25.68 25.66 25.65 25.64 25.63 25.62 25.61 25.59 25.58 25.57 25.56 25.57 25.62
27.41 27.42 27.43 27.44 27.45 27.46 27.47 27.47 27.47 27.46 27.47 27.46 27.45 27.44 27.42 27.41 27.39 27.37 27.35 27.32 27.29 27.26 27.23 27.19 27.16 27.11 27.08 27.04 27.00 26.95 26.91 26.85 26.81 26.76 26.72 26.66 26.62 26.57 26.53 26.48 26.43 26.39 26.34 26.30 26.26 26.21 26.17 26.14 26.10 26.07 26.03 26.00 25.97 25.94 25.91 25.89 25.86 25.84 25.81 25.79 25.77 25.76 25.74 25.71 25.70 25.68 25.67 25.65 25.64 25.63 25.62 25.61 25.59 25.59 25.58 25.56 25.55 25.54 25.55
27.39 27.41 27.42 27.44 27.44 27.45 27.45 27.46 27.46 27.46 27.45 27.45 27.44 27.43 27.42 27.40 27.39 27.36 27.33 27.31 27.28 27.25 27.22 27.19 27.15 27.11 27.07 27.03 26.99 26.95 26.89 26.85 26.80 26.76 26.70 26.66 26.61 26.57 26.51 26.47 26.42 26.37 26.34 26.29 26.24 26.21 26.17 26.13 26.09 26.05 26.03 25.99 25.96 25.93 25.90 25.87 25.86 25.83 25.81 25.79 25.77 25.75 25.73 25.71 25.70 25.68 25.67 25.64 25.63 25.62 25.61 25.60 25.58 25.58 25.57 25.55 25.54 25.53 25.53
27.38 27.39 27.41 27.42 27.44 27.44 27.44 27.45 27.45 27.45 27.45 27.44 27.43 27.42 27.40 27.39 27.37 27.35 27.33 27.30 27.28 27.25 27.21 27.18 27.14 27.11 27.06 27.02 26.98 26.93 26.89 26.84 26.80 26.75 26.70 26.65 26.61 26.55 26.51 26.46 26.41 26.37 26.32 26.27 26.24 26.19 26.15 26.11 26.08 26.04 26.01 25.98 25.94 25.91 25.89 25.87 25.84 25.82 25.80 25.77 25.75 25.74 25.72 25.70 25.68 25.67 25.66 25.64 25.63 25.62 25.61 25.59 25.58 25.57 25.56 25.55 25.54 25.52 25.52
27.37 27.38 27.40 27.41 27.42 27.43 27.44 27.44 27.44 27.43 27.44 27.43 27.42 27.41 27.40 27.38 27.37 27.35 27.32 27.29 27.27 27.24 27.21 27.18 27.13 27.10 27.06 27.01 26.97 26.93 26.88 26.84 26.79 26.74 26.69 26.65 26.59 26.55 26.50 26.45 26.41 26.35 26.31 26.27 26.22 26.18 26.15 26.10 26.07 26.03 25.99 25.96 25.94 25.91 25.88 25.85 25.83 25.80 25.78 25.76 25.74 25.72 25.71 25.69 25.67 25.66 25.64 25.63 25.62 25.61 25.60 25.58 25.57 25.56 25.55 25.54 25.53 25.52 25.51
27.36 27.38 27.39 27.41 27.41 27.42 27.43 27.43 27.43 27.43 27.42 27.42 27.41 27.40 27.38 27.37 27.35 27.33 27.31 27.29 27.26 27.23 27.20 27.16 27.13 27.09 27.05 27.01 26.96 26.92 26.88 26.83 26.79 26.73 26.69 26.63 26.59 26.54 26.48 26.44 26.39 26.34 26.30 26.25 26.21 26.17 26.13 26.09 26.05 26.01 25.98 25.95 25.92 25.89 25.86 25.84 25.81 25.79 25.77 25.76 25.73 25.71 25.70 25.69 25.66 25.65 25.63 25.62 25.61 25.60 25.59 25.58 25.57 25.55 25.54 25.53 25.52 25.52 25.50
27.35 27.37 27.38 27.39 27.41 27.41 27.41 27.42 27.42 27.42 27.42 27.41 27.40 27.39 27.38 27.37 27.35 27.33 27.31 27.28 27.25 27.22 27.19 27.16 27.12 27.08 27.05 27.00 26.96 26.91 26.87 26.83 26.77 26.73 26.68 26.63 26.58 26.52 26.48 26.43 26.38 26.33 26.28 26.24 26.20 26.15 26.11 26.08 26.04 26.00 25.96 25.93 25.90 25.87 25.84 25.83 25.80 25.78 25.76 25.74 25.72 25.71 25.69 25.67 25.66 25.65 25.62 25.61 25.60 25.59 25.58 25.57 25.56 25.55 25.53 25.52 25.52 25.51 25.50
