main/data/pressure/08.05.2023.grid
ncols 886
nrows 691
xllcenter 112.0000
yllcenter -44.5000
cellsize 0.0500
nodata_value 99999.90
[rows 111 to 147 of 691, columns 336 to 419 of 886]
10.79 10.17 10.31 10.91 10.94 10.68 10.68 10.18 10.83 10.41 10.64 10.41 9.94 9.64 9.94 10.04 9.94 9.75 9.52 9.43 8.99 9.28 9.23 9.16 8.78 9.07 9.19 9.14 9.10 9.07 9.04 9.03 8.98 8.76 8.64 8.50 8.28 8.44 8.26 8.50 8.79 8.80 8.40 8.79 8.81 8.82 8.84 8.83 8.75 8.62 8.79 8.77 8.75 8.40 8.69 8.36 8.45 8.51 8.52 8.57 8.53 8.61 8.64 8.62 8.64 8.69 8.76 8.74 8.76 8.77 8.77 8.79 8.80 8.79 8.77 8.78 8.78 8.75 8.76 8.76 8.73 8.76 8.77 8.68
10.65 10.02 10.80 10.82 10.76 10.89 10.37 10.18 10.43 10.54 10.17 10.02 9.81 9.68 9.81 9.89 9.88 9.61 8.96 9.36 8.79 9.15 8.74 8.68 9.27 9.23 9.19 9.15 9.09 9.06 9.05 8.99 9.04 8.71 8.77 8.98 8.17 8.63 8.92 8.33 7.89 8.30 8.85 8.87 8.16 8.62 8.93 8.91 8.90 8.89 8.74 8.56 8.59 8.57 8.80 8.69 8.66 8.62 8.50 8.54 8.58 8.59 8.63 8.57 8.64 8.70 8.69 8.71 8.75 8.76 8.76 8.76 8.76 8.76 8.75 8.76 8.76 8.74 8.73 8.73 8.72 8.72 8.74 8.69
10.60 10.54 10.75 10.79 10.70 10.86 10.49 10.70 10.13 10.09 9.85 9.95 9.57 9.53 9.69 9.59 9.91 9.72 9.46 9.20 9.04 8.74 9.16 9.33 9.27 9.23 9.20 9.14 9.08 9.03 8.98 8.98 9.04 9.04 8.56 8.73 8.17 8.86 8.99 8.34 8.87 8.46 8.32 8.88 8.86 8.29 8.99 9.03 8.77 8.93 8.76 8.49 9.03 8.86 8.92 8.91 8.86 8.85 8.43 8.49 8.56 8.55 8.57 8.63 8.66 8.69 8.65 8.68 8.73 8.74 8.74 8.73 8.71 8.73 8.73 8.73 8.74 8.72 8.71 8.70 8.70 8.68 8.69 8.69
10.37 10.47 10.59 10.71 10.71 10.81 10.79 10.38 10.15 10.08 9.91 9.90 9.65 9.61 9.58 9.47 9.68 9.34 9.29 9.03 9.04 8.69 9.42 9.33 9.27 9.24 9.20 9.14 9.04 8.92 8.79 8.73 8.97 8.83 8.38 8.36 8.10 8.48 8.64 9.02 8.95 8.31 8.24 8.86 8.34 8.59 8.77 9.05 8.99 9.06 9.10 9.09 9.08 9.08 9.03 8.98 8.90 8.86 8.51 8.50 8.51 8.52 8.56 8.60 8.59 8.66 8.65 8.65 8.67 8.73 8.72 8.71 8.70 8.71 8.70 8.70 8.69 8.69 8.67 8.65 8.65 8.66 8.67 8.66
9.67 10.30 10.17 10.47 10.21 10.73 10.78 10.77 10.10 10.07 10.39 9.96 10.04 9.75 9.69 9.68 9.63 9.70 9.46 9.62 9.58 9.52 9.43 9.35 9.28 9.17 9.20 9.03 8.94 8.82 8.81 8.63 8.92 8.35 9.00 8.94 8.68 8.72 9.01 9.08 8.95 8.64 8.20 8.77 8.46 8.90 9.14 8.77 9.13 8.77 8.97 8.95 9.11 8.91 9.10 9.01 8.90 8.71 8.68 8.57 8.53 8.55 8.56 8.60 8.64 8.65 8.62 8.62 8.65 8.68 8.70 8.68 8.69 8.70 8.68 8.67 8.67 8.65 8.63 8.61 8.64 8.65 8.62 8.62
10.12 10.36 10.36 9.81 10.44 10.44 10.71 10.58 10.23 10.42 10.51 10.29 10.27 9.81 9.81 9.78 9.78 9.59 9.65 8.73 9.64 9.54 9.45 9.36 9.29 9.24 9.19 8.94 8.66 8.65 8.75 8.36 8.71 8.72 8.88 8.99 8.86 8.90 9.04 8.91 8.72 8.63 8.51 8.53 8.98 9.07 9.20 8.94 8.85 8.80 8.82 8.66 8.72 8.99 9.04 8.99 8.98 8.87 8.75 8.64 8.59 8.59 8.59 8.59 8.60 8.63 8.59 8.60 8.63 8.65 8.67 8.66 8.65 8.65 8.65 8.64 8.64 8.62 8.61 8.60 8.60 8.62 8.60 8.60
10.20 10.19 10.32 10.33 10.01 10.11 10.63 10.67 10.58 10.57 10.52 10.11 10.27 10.02 9.93 9.86 9.68 9.76 9.90 9.79 9.67 9.57 9.48 9.39 9.31 9.24 9.16 9.14 8.81 8.79 8.95 8.75 8.84 8.61 8.73 9.03 9.06 9.10 9.14 8.44 8.24 8.30 8.24 8.54 8.59 9.13 8.71 9.10 8.79 8.96 9.00 8.68 9.02 8.96 9.01 8.94 8.96 8.91 8.89 8.67 8.66 8.62 8.59 8.57 8.59 8.63 8.57 8.58 8.60 8.62 8.64 8.62 8.62 8.63 8.60 8.61 8.60 8.58 8.58 8.58 8.57 8.59 8.57 8.57
9.89 9.95 10.21 10.24 10.25 10.16 10.59 10.42 10.60 10.53 10.35 10.25 10.19 9.91 9.55 9.80 9.99 10.00 9.94 9.82 9.69 9.59 9.51 9.39 9.25 9.18 9.03 8.83 8.91 9.09 8.98 8.83 8.65 8.69 8.84 8.97 9.05 8.83 8.65 8.39 8.30 8.36 8.41 8.53 8.80 9.22 9.18 9.10 9.22 9.18 9.14 9.11 9.06 8.85 8.74 8.84 8.89 8.88 8.88 8.82 8.74 8.65 8.57 8.54 8.57 8.61 8.58 8.58 8.59 8.59 8.59 8.61 8.61 8.61 8.57 8.58 8.57 8.54 8.54 8.56 8.56 8.55 8.56 8.56
9.35 10.03 9.30 9.95 10.41 10.47 10.35 10.34 10.48 10.50 10.47 10.39 10.25 10.08 10.11 10.22 10.16 10.06 9.94 9.84 9.71 9.60 9.51 9.38 9.15 9.04 9.03 8.69 8.53 8.50 9.12 8.65 8.52 8.68 8.75 8.84 9.03 8.56 8.38 8.60 8.56 8.66 8.60 8.64 8.96 9.14 9.36 9.10 9.07 9.16 9.14 9.08 9.06 8.81 8.98 8.84 8.85 8.82 8.87 8.84 8.78 8.71 8.57 8.53 8.59 8.60 8.56 8.56 8.57 8.55 8.59 8.59 8.60 8.58 8.53 8.54 8.54 8.51 8.54 8.54 8.53 8.52 8.53 8.53
9.75 9.96 9.57 9.22 10.03 10.26 10.07 10.16 10.37 10.40 10.39 10.36 10.30 10.26 10.27 10.18 10.13 9.75 9.86 9.78 9.67 9.57 9.42 9.23 9.10 8.94 8.89 8.82 8.51 8.63 9.09 8.74 8.73 8.77 8.69 8.69 9.08 9.12 8.83 8.93 9.09 9.12 9.13 9.04 9.03 8.81 9.42 9.41 9.35 9.26 9.21 9.17 9.13 9.12 8.92 8.87 8.91 8.87 8.92 8.89 8.81 8.74 8.61 8.56 8.57 8.57 8.54 8.55 8.56 8.55 8.56 8.57 8.56 8.56 8.52 8.50 8.49 8.49 8.50 8.50 8.49 8.49 8.51 8.51
9.78 9.72 9.89 9.54 10.02 10.13 9.95 10.20 10.24 10.29 10.29 10.17 10.29 10.28 10.29 10.22 9.82 9.47 9.84 9.72 9.60 9.49 9.34 9.04 8.96 8.81 8.63 8.92 8.45 8.44 9.05 9.09 9.00 8.76 8.78 9.05 9.07 9.16 9.22 9.06 9.30 8.75 9.26 9.43 9.45 9.43 9.45 9.45 9.44 9.39 9.31 9.31 9.27 9.14 9.05 9.03 9.07 8.98 8.96 8.82 8.73 8.66 8.59 8.55 8.55 8.54 8.50 8.52 8.54 8.53 8.52 8.55 8.53 8.52 8.51 8.49 8.47 8.47 8.45 8.44 8.44 8.45 8.48 8.49
8.84 9.00 9.32 9.42 9.64 9.72 9.97 9.93 10.06 9.97 10.04 10.01 10.22 10.24 10.23 10.14 9.99 9.86 9.76 9.65 9.55 9.45 9.28 8.96 8.78 8.66 8.56 8.88 8.72 8.59 8.72 8.89 9.11 8.84 8.94 9.13 9.17 9.15 8.80 9.07 9.30 9.26 9.21 9.40 9.39 9.38 9.50 9.49 9.46 9.41 9.30 9.13 9.20 9.19 9.14 9.12 9.01 9.01 8.93 8.82 8.69 8.60 8.60 8.53 8.51 8.50 8.49 8.48 8.51 8.50 8.50 8.53 8.50 8.48 8.48 8.47 8.44 8.41 8.40 8.39 8.37 8.38 8.44 8.45
9.66 9.10 9.79 9.79 9.72 9.74 9.86 9.78 9.89 9.84 9.68 9.99 10.11 10.16 10.00 10.02 9.88 9.78 9.67 9.57 9.43 9.18 9.27 9.17 8.95 8.59 8.70 8.89 8.85 8.67 8.99 9.04 9.12 9.06 8.96 9.16 8.97 9.06 9.20 9.27 9.33 8.97 9.13 9.41 9.24 9.25 9.50 9.53 9.50 9.47 9.43 9.30 9.23 9.22 9.17 9.11 9.10 9.04 8.91 8.82 8.70 8.56 8.68 8.57 8.52 8.49 8.51 8.51 8.47 8.49 8.49 8.51 8.47 8.46 8.46 8.44 8.39 8.35 8.35 8.31 8.31 8.36 8.43 8.43
9.17 9.42 9.68 9.69 9.71 9.72 9.58 9.53 9.43 9.33 9.63 9.85 9.97 9.98 9.83 9.39 9.55 9.66 9.58 9.49 9.36 9.09 8.87 8.60 8.86 8.99 8.96 8.73 8.45 8.56 8.72 9.08 8.68 9.05 9.06 9.19 9.11 9.02 8.97 8.99 9.00 9.07 9.27 9.38 9.24 9.24 9.43 9.56 9.46 9.48 9.44 9.37 9.27 9.09 9.11 9.07 9.01 9.01 8.93 8.86 8.79 8.74 8.69 8.63 8.59 8.53 8.48 8.49 8.48 8.51 8.50 8.47 8.45 8.42 8.42 8.41 8.36 8.31 8.31 8.33 8.35 8.37 8.40 8.42
8.62 9.50 9.48 9.49 9.46 9.57 9.56 9.52 9.43 9.21 9.01 9.51 9.77 9.65 9.82 9.65 9.57 9.56 9.48 9.41 9.33 9.08 8.85 8.61 8.40 8.74 8.94 8.89 8.70 8.79 9.05 8.75 9.09 8.96 8.81 8.65 9.28 9.16 9.00 8.83 8.83 9.25 9.29 9.41 9.39 9.39 9.45 9.59 9.52 9.48 9.42 9.39 9.29 9.03 9.06 9.02 8.92 8.90 8.95 8.85 8.80 8.76 8.70 8.66 8.61 8.55 8.50 8.51 8.49 8.50 8.46 8.44 8.42 8.37 8.37 8.39 8.34 8.28 8.29 8.32 8.27 8.34 8.40 8.41
9.36 9.37 9.33 9.24 9.21 9.27 9.15 9.19 9.31 9.10 9.18 9.37 9.32 9.39 9.53 9.61 9.54 9.44 9.39 9.33 9.22 8.96 8.76 8.66 8.46 8.40 8.53 8.78 8.95 8.87 9.00 8.88 9.07 8.90 8.70 8.88 8.99 9.34 9.27 9.18 9.15 9.22 9.10 9.47 9.53 9.53 9.60 9.62 9.57 9.49 9.42 9.35 9.32 9.03 8.88 9.05 9.03 8.99 8.94 8.87 8.79 8.74 8.70 8.66 8.62 8.60 8.58 8.54 8.51 8.50 8.45 8.43 8.38 8.34 8.34 8.37 8.32 8.26 8.27 8.30 8.32 8.35 8.37 8.38
9.19 9.20 9.22 9.05 8.98 8.96 8.84 8.87 9.18 9.09 9.23 9.31 9.48 9.53 9.52 9.12 9.41 9.23 9.29 9.22 9.11 8.79 8.57 8.56 8.49 8.32 8.25 8.38 8.78 8.81 8.89 8.96 8.86 8.83 8.83 9.04 9.29 9.35 8.76 9.24 9.52 9.45 9.54 9.58 9.67 9.68 9.67 9.58 9.56 9.51 9.42 9.32 9.30 9.24 9.24 9.16 9.10 9.03 8.94 8.78 8.74 8.72 8.69 8.66 8.61 8.64 8.58 8.57 8.48 8.51 8.44 8.38 8.35 8.33 8.30 8.26 8.25 8.22 8.24 8.29 8.33 8.35 8.36 8.37
9.04 9.06 9.05 8.90 8.75 8.84 8.77 9.04 8.84 9.13 8.78 9.00 9.39 9.38 9.28 9.20 9.07 8.96 9.20 9.15 8.95 8.56 8.30 8.19 8.18 8.20 8.25 8.45 8.58 8.73 8.82 8.92 9.04 8.98 9.09 9.18 9.31 9.38 8.87 9.14 9.43 9.57 9.62 9.68 9.73 9.71 9.68 9.50 9.53 9.40 9.38 9.33 9.29 9.18 9.06 9.06 9.05 9.02 8.84 8.64 8.71 8.73 8.69 8.68 8.68 8.67 8.62 8.58 8.51 8.46 8.40 8.33 8.27 8.28 8.26 8.20 8.20 8.19 8.23 8.30 8.33 8.33 8.35 8.37
8.83 8.83 8.85 8.89 8.59 8.89 8.91 8.76 8.99 9.05 9.06 9.17 9.29 8.97 8.86 8.99 9.16 9.09 9.11 9.04 8.89 8.28 8.04 7.99 8.03 7.98 8.09 8.10 8.41 8.53 8.60 8.81 9.13 9.17 9.28 9.32 9.38 9.41 9.35 9.31 9.38 9.55 9.63 9.63 9.62 9.69 9.59 9.24 9.51 9.27 9.31 9.28 9.24 9.09 8.86 8.95 9.04 9.02 8.93 8.85 8.78 8.78 8.72 8.73 8.72 8.67 8.61 8.52 8.43 8.33 8.29 8.24 8.19 8.20 8.22 8.23 8.20 8.23 8.29 8.29 8.28 8.27 8.30 8.35
8.51 8.31 8.74 8.66 8.56 8.63 8.49 8.57 8.92 9.00 9.05 9.11 9.14 8.94 8.64 8.81 9.02 9.05 9.01 8.89 8.76 8.42 8.07 8.00 8.09 8.15 8.13 8.16 8.34 8.48 8.46 8.60 9.11 8.76 8.77 9.16 9.20 9.33 9.45 9.49 9.54 9.51 9.37 9.40 9.66 9.65 9.48 9.28 9.33 9.21 9.19 9.18 9.17 9.04 8.84 8.88 9.04 9.02 8.95 8.90 8.86 8.82 8.78 8.74 8.70 8.64 8.53 8.40 8.28 8.21 8.21 8.18 8.14 8.17 8.24 8.22 8.19 8.21 8.24 8.23 8.20 8.22 8.28 8.32
8.50 8.06 8.50 8.59 8.25 8.43 8.40 8.50 8.69 8.66 8.76 8.94 8.98 8.98 8.97 8.97 8.96 8.72 8.91 8.76 8.62 8.34 8.17 8.11 8.15 8.20 8.14 8.21 8.28 8.64 8.85 8.96 8.75 8.73 8.89 8.99 8.84 8.99 9.25 9.47 9.49 9.30 9.29 9.53 9.56 9.58 9.56 9.42 9.27 9.07 9.06 9.00 8.97 8.87 8.85 8.95 9.08 8.96 8.89 8.84 8.77 8.84 8.80 8.75 8.65 8.54 8.40 8.29 8.18 8.15 8.19 8.16 8.12 8.14 8.20 8.18 8.15 8.17 8.19 8.20 8.18 8.23 8.27 8.28
8.39 8.27 8.36 8.35 8.08 8.22 8.18 8.22 8.26 8.27 8.61 8.79 8.76 8.80 8.86 8.86 8.75 8.66 8.73 8.60 8.43 8.24 8.20 8.17 8.18 8.22 8.26 8.30 8.35 8.65 8.85 8.55 8.66 8.73 8.86 8.93 8.92 8.99 9.35 9.40 9.42 9.43 9.47 9.55 9.56 9.49 9.52 9.46 9.31 9.07 8.99 8.92 8.84 8.76 8.95 9.11 9.06 9.01 8.96 8.92 8.89 8.85 8.76 8.66 8.52 8.39 8.36 8.22 8.11 8.10 8.17 8.14 8.07 8.10 8.16 8.18 8.18 8.19 8.20 8.28 8.32 8.29 8.25 8.25
8.35 8.31 8.29 8.04 7.92 8.26 8.09 7.94 7.88 8.25 8.59 8.57 8.56 8.62 8.76 8.71 8.74 8.53 8.57 8.47 8.28 8.16 8.08 8.00 7.93 8.09 8.26 8.40 8.54 8.67 8.66 8.66 8.87 8.89 8.93 8.99 9.08 8.90 9.38 9.19 9.23 9.40 9.49 9.41 9.50 9.28 9.48 9.45 9.40 9.25 9.26 9.18 9.17 8.72 9.13 9.11 8.95 8.95 8.92 8.87 8.79 8.74 8.68 8.56 8.49 8.33 8.28 8.16 8.04 8.04 8.09 8.11 8.03 8.03 8.09 8.13 8.14 8.19 8.22 8.28 8.30 8.36 8.34 8.34
8.22 8.15 8.04 7.81 7.75 7.98 8.04 7.83 7.61 8.07 8.41 8.37 8.53 8.62 8.65 8.44 8.21 8.16 8.48 8.43 8.23 8.16 8.09 7.94 7.81 7.99 8.17 8.26 8.16 8.52 8.41 8.69 8.90 9.06 9.12 9.24 9.22 9.32 9.10 8.94 9.23 9.38 9.44 9.44 9.37 9.10 9.27 9.37 9.38 9.27 9.28 9.23 9.15 9.05 9.15 8.98 8.86 8.83 8.83 8.78 8.68 8.59 8.53 8.36 8.29 8.35 8.18 8.11 8.02 8.03 8.11 8.04 8.01 8.00 8.05 8.10 8.10 8.20 8.28 8.34 8.35 8.43 8.44 8.45
8.05 7.99 7.93 7.57 7.64 7.71 7.85 7.81 7.81 7.97 8.16 8.33 8.47 8.28 8.56 8.55 7.80 7.76 8.46 8.41 8.15 8.21 8.12 7.92 7.79 7.94 8.14 8.19 8.37 8.41 8.67 8.84 8.99 9.02 9.12 9.21 9.25 9.27 9.06 9.03 9.35 9.37 9.38 9.39 9.30 9.16 9.23 9.31 9.34 9.31 9.28 9.25 9.21 9.17 9.10 8.94 8.84 8.74 8.71 8.66 8.57 8.49 8.38 8.23 8.21 8.18 8.02 8.02 7.96 7.98 8.02 7.98 8.01 7.99 8.04 8.15 8.13 8.24 8.34 8.43 8.41 8.47 8.47 8.54
7.86 7.77 7.76 7.37 7.53 7.36 7.28 7.53 7.75 7.94 8.11 8.28 8.26 7.64 8.19 8.47 8.30 7.89 8.17 7.99 8.19 8.23 8.05 7.88 7.82 7.91 8.07 8.11 8.18 8.48 8.65 8.67 8.70 8.84 9.02 9.06 9.17 9.16 9.05 9.07 9.17 9.19 9.28 9.29 9.04 9.09 9.20 9.26 9.28 9.25 9.15 9.20 9.17 9.13 9.05 8.96 8.86 8.75 8.66 8.57 8.46 8.36 8.24 8.18 8.17 8.10 8.02 8.00 7.98 8.00 7.98 7.96 8.03 8.00 8.06 8.17 8.16 8.25 8.32 8.45 8.53 8.59 8.61 8.61
7.65 7.29 7.61 7.18 7.43 7.10 7.38 7.47 7.48 7.55 7.86 7.92 8.05 7.86 8.34 8.31 8.11 8.02 7.98 8.05 7.92 8.13 7.83 7.77 7.77 7.92 8.09 8.18 8.25 8.45 8.34 8.41 8.58 8.80 8.84 8.84 9.11 9.02 8.94 9.01 9.07 8.98 9.26 9.21 9.08 9.08 9.21 9.22 9.22 9.23 9.12 8.95 9.12 9.04 9.03 8.90 8.82 8.70 8.60 8.49 8.36 8.26 8.10 8.12 8.11 8.02 7.93 7.98 8.00 7.99 7.94 7.95 8.06 8.03 8.06 8.17 8.20 8.26 8.35 8.45 8.56 8.57 8.59 8.65
7.50 7.16 7.32 7.32 7.47 7.25 7.29 7.42 7.31 7.12 7.01 7.56 8.01 7.76 8.00 7.98 8.01 7.77 7.70 7.86 7.99 7.81 7.60 7.67 7.80 7.93 8.03 8.20 8.22 8.15 8.20 8.29 8.43 8.68 8.69 8.76 8.86 8.78 8.87 8.96 9.02 9.09 9.21 9.14 8.99 9.05 9.14 9.18 9.19 9.19 9.01 8.86 8.91 8.85 8.93 8.76 8.62 8.53 8.45 8.36 8.26 8.18 8.11 8.10 8.08 8.03 8.01 8.01 7.99 7.95 7.93 7.95 8.04 8.11 8.14 8.17 8.20 8.27 8.34 8.42 8.55 8.64 8.67 8.67
7.74 7.08 7.58 7.28 7.35 7.52 7.56 7.38 7.44 7.33 7.18 7.50 7.40 7.36 7.45 7.25 7.92 7.79 7.54 7.66 7.69 7.90 7.71 7.59 7.83 7.94 8.06 8.02 8.05 8.05 8.12 8.24 8.46 8.48 8.49 8.66 8.75 8.75 8.87 8.96 9.01 9.09 9.16 9.05 8.94 9.00 9.09 9.13 9.15 9.13 9.11 8.83 8.80 8.76 8.75 8.60 8.45 8.38 8.30 8.20 8.09 8.07 8.02 8.09 8.06 8.05 7.97 7.91 7.88 7.89 7.90 7.92 7.98 8.08 8.09 8.14 8.19 8.26 8.34 8.48 8.59 8.70 8.78 8.75
7.67 7.44 7.62 7.36 7.46 7.45 7.55 7.39 7.34 7.38 7.17 7.29 7.45 7.55 7.22 7.39 7.69 7.79 7.56 7.48 7.50 7.76 7.83 7.76 7.76 7.96 7.92 7.93 7.92 7.95 8.04 8.13 8.31 8.42 8.43 8.56 8.62 8.75 8.82 8.89 8.96 8.98 8.99 8.95 8.92 8.94 9.04 9.09 9.07 9.06 8.97 8.79 8.77 8.67 8.60 8.46 8.36 8.31 8.25 8.17 8.08 8.03 8.00 7.99 7.97 8.02 7.92 7.86 7.85 7.89 7.93 7.95 8.00 8.07 8.07 8.12 8.20 8.30 8.40 8.56 8.66 8.77 8.87 8.86
7.78 7.74 7.69 7.61 7.40 7.59 7.65 7.55 7.53 7.48 7.41 7.50 7.54 7.37 7.43 7.57 7.59 7.53 7.59 7.48 7.52 7.62 7.67 7.79 7.76 7.74 7.84 7.87 7.83 7.86 8.05 8.14 8.26 8.29 8.32 8.40 8.52 8.60 8.66 8.76 8.66 8.82 8.83 8.83 8.84 8.88 8.99 8.95 8.91 8.93 8.91 8.83 8.73 8.57 8.45 8.37 8.33 8.31 8.30 8.20 8.10 8.04 7.98 7.97 7.96 8.00 7.93 7.90 7.86 7.93 7.96 7.96 8.01 8.05 8.06 8.12 8.24 8.35 8.46 8.61 8.69 8.81 8.90 8.98
6.98 7.60 7.69 7.50 7.44 7.66 7.62 7.60 7.60 7.64 7.58 7.53 7.46 7.34 7.31 7.58 7.69 7.63 7.54 7.50 7.54 7.51 7.65 7.69 7.65 7.63 7.73 7.75 7.81 7.89 8.00 8.04 8.08 8.10 8.12 8.23 8.33 8.43 8.55 8.44 8.63 8.62 8.65 8.68 8.73 8.82 8.87 8.75 8.69 8.73 8.77 8.75 8.66 8.55 8.49 8.45 8.39 8.29 8.23 8.19 8.13 8.08 8.01 8.00 8.00 7.99 7.97 7.96 7.96 7.96 7.94 7.93 7.97 8.02 8.08 8.17 8.31 8.42 8.53 8.67 8.78 8.91 9.02 9.05
7.57 7.65 7.51 7.22 7.21 7.55 7.56 7.57 7.63 7.47 7.60 7.43 7.46 7.40 7.35 7.55 7.70 7.69 7.60 7.57 7.54 7.45 7.60 7.62 7.64 7.56 7.62 7.57 7.81 7.87 7.88 7.90 7.94 7.98 8.00 8.20 8.28 8.38 8.35 8.43 8.47 8.44 8.49 8.53 8.61 8.70 8.69 8.58 8.51 8.57 8.61 8.61 8.60 8.52 8.43 8.27 8.19 8.11 8.05 8.04 8.00 8.05 8.01 7.98 7.94 7.90 7.87 7.85 7.82 7.91 7.92 7.91 7.96 8.02 8.10 8.21 8.39 8.49 8.59 8.71 8.87 9.02 9.11 9.12
7.57 7.62 7.43 7.07 7.19 7.47 7.52 7.55 7.62 7.68 7.73 7.53 7.66 7.58 7.49 7.65 7.75 7.68 7.60 7.60 7.55 7.46 7.54 7.54 7.54 7.57 7.62 7.62 7.72 7.78 7.85 7.89 7.92 7.96 8.08 8.18 8.24 8.28 8.26 8.31 8.32 8.40 8.42 8.43 8.49 8.63 8.53 8.42 8.45 8.49 8.42 8.45 8.48 8.46 8.36 8.20 8.10 8.03 7.98 7.96 7.94 7.97 7.96 7.92 7.86 7.82 7.81 7.82 7.83 7.90 7.98 8.00 8.03 8.08 8.15 8.24 8.37 8.54 8.65 8.78 8.96 9.12 9.20 9.18
7.49 7.56 7.50 7.11 7.13 7.34 7.47 7.49 7.52 7.57 7.62 7.73 7.78 7.79 7.80 7.79 7.77 7.65 7.58 7.63 7.64 7.59 7.57 7.50 7.44 7.49 7.49 7.52 7.62 7.69 7.76 7.82 7.89 7.93 7.95 8.08 8.17 8.17 8.25 8.20 8.23 8.30 8.37 8.35 8.37 8.51 8.37 8.31 8.27 8.30 8.21 8.30 8.36 8.38 8.32 8.18 8.06 8.01 7.96 7.92 7.91 7.93 7.91 7.89 7.85 7.83 7.81 7.83 7.86 7.87 7.98 8.05 8.12 8.13 8.22 8.30 8.39 8.57 8.71 8.86 9.06 9.21 9.30 9.27
7.35 7.47 7.55 7.29 7.23 7.28 7.44 7.54 7.57 7.56 7.51 7.53 7.76 7.60 7.67 7.68 7.70 7.70 7.70 7.68 7.65 7.61 7.55 7.49 7.40 7.41 7.38 7.43 7.50 7.59 7.72 7.76 7.77 7.86 7.96 7.99 7.96 7.82 8.10 8.23 8.15 8.20 8.29 8.36 8.42 8.33 8.26 8.22 8.24 8.29 8.24 8.25 8.27 8.30 8.29 8.16 8.05 7.99 7.96 7.92 7.90 7.89 7.87 7.86 7.86 7.85 7.85 7.87 7.89 7.91 7.98 8.05 8.11 8.18 8.26 8.34 8.45 8.60 8.76 8.93 9.11 9.28 9.35 9.34
7.27 7.44 7.48 7.34 7.04 7.25 7.45 7.56 7.47 7.58 7.52 7.59 7.70 7.28 7.48 7.60 7.65 7.51 7.62 7.63 7.61 7.59 7.53 7.47 7.46 7.46 7.38 7.41 7.41 7.48 7.61 7.69 7.74 7.84 7.89 7.98 7.95 7.94 8.06 8.21 8.16 8.14 8.28 8.33 8.20 8.20 8.16 8.14 8.12 8.15 8.20 8.22 8.22 8.23 8.23 8.11 8.03 7.98 7.94 7.91 7.89 7.86 7.83 7.85 7.88 7.87 7.89 7.91 7.93 7.97 8.00 8.01 8.05 8.16 8.26 8.37 8.49 8.63 8.78 8.96 9.13 9.31 9.41 9.40
