main/data/pressure/08.05.2023.grid
ncols 886
nrows 691
xllcenter 112.0000
yllcenter -44.5000
cellsize 0.0500
nodata_value 99999.90
[rows 444 to 480 of 691, columns 252 to 335 of 886]
9.74 9.74 9.76 9.77 9.79 9.83 9.85 9.79 9.80 9.80 9.82 9.82 9.82 9.85 9.87 9.87 9.88 9.88 9.89 9.91 9.95 9.97 9.95 9.95 9.96 9.97 9.97 10.09 9.98 10.00 10.09 10.18 10.12 10.09 10.12 10.17 10.15 10.13 10.10 10.07 10.05 10.03 10.02 9.98 9.91 9.88 9.88 9.91 9.91 9.84 9.80 9.79 9.81 9.82 9.79 9.77 9.75 9.73 9.72 9.72 9.71 9.69 9.68 9.67 9.65 9.63 9.61 9.60 9.57 9.55 9.53 9.51 9.48 9.45 9.43 9.41 9.39 9.37 9.35 9.35 9.35 9.35 9.35 9.35
9.77 9.78 9.80 9.81 9.81 9.86 9.91 9.93 9.88 9.84 9.85 9.86 9.87 9.88 9.89 9.90 9.90 9.91 9.92 9.93 9.97 9.99 10.01 10.02 10.02 10.06 10.06 10.18 10.20 10.19 10.23 10.25 10.24 10.24 10.24 10.20 10.19 10.15 10.12 10.09 10.09 10.04 10.04 10.03 9.97 9.94 9.92 9.93 9.95 9.90 9.85 9.84 9.84 9.85 9.82 9.81 9.80 9.78 9.77 9.75 9.74 9.72 9.71 9.69 9.67 9.66 9.64 9.62 9.60 9.59 9.56 9.54 9.52 9.50 9.47 9.45 9.43 9.42 9.40 9.38 9.37 9.36 9.36 9.36
9.82 9.83 9.83 9.84 9.86 9.88 9.89 9.92 10.00 9.87 9.87 9.89 9.90 9.90 9.92 9.93 9.95 9.95 9.97 9.99 10.01 10.03 10.10 10.10 10.10 10.21 10.21 10.29 10.29 10.27 10.27 10.27 10.26 10.26 10.26 10.24 10.22 10.19 10.17 10.16 10.13 10.12 10.09 10.07 10.06 10.04 10.02 10.01 9.98 9.96 9.94 9.92 9.91 9.88 9.86 9.84 9.82 9.80 9.79 9.77 9.75 9.74 9.73 9.71 9.70 9.68 9.67 9.65 9.64 9.61 9.60 9.58 9.55 9.54 9.52 9.50 9.48 9.46 9.45 9.43 9.42 9.40 9.40 9.39
9.87 9.88 9.85 9.86 9.86 9.86 9.89 9.91 10.05 9.91 9.89 9.90 9.91 9.92 9.96 9.98 10.00 10.01 10.02 10.04 10.05 10.06 10.20 10.21 10.09 10.31 10.31 10.31 10.31 10.30 10.30 10.30 10.29 10.28 10.27 10.25 10.24 10.21 10.20 10.17 10.16 10.14 10.12 10.10 10.08 10.06 10.05 10.02 10.01 9.99 9.97 9.94 9.92 9.90 9.88 9.86 9.84 9.82 9.81 9.80 9.78 9.77 9.75 9.74 9.72 9.71 9.70 9.67 9.66 9.65 9.62 9.61 9.60 9.57 9.56 9.54 9.52 9.51 9.50 9.48 9.47 9.45 9.45 9.44
9.90 9.91 9.91 9.90 9.89 9.90 9.97 10.09 10.12 9.99 9.92 9.93 9.94 9.96 9.99 10.02 10.04 10.06 10.06 10.10 10.16 10.21 10.32 10.34 10.34 10.34 10.33 10.33 10.33 10.32 10.32 10.31 10.30 10.30 10.28 10.27 10.25 10.24 10.22 10.20 10.18 10.15 10.14 10.12 10.10 10.09 10.06 10.05 10.03 10.00 9.98 9.96 9.94 9.92 9.90 9.89 9.87 9.85 9.83 9.82 9.80 9.79 9.78 9.76 9.75 9.74 9.72 9.71 9.69 9.68 9.66 9.64 9.63 9.62 9.59 9.58 9.56 9.55 9.54 9.53 9.52 9.51 9.50 9.50
9.93 9.96 9.93 9.94 9.94 9.94 9.95 9.97 10.18 10.08 9.98 9.99 9.98 10.00 10.03 10.08 10.12 10.13 10.13 10.14 10.30 10.33 10.33 10.37 10.37 10.36 10.35 10.35 10.35 10.34 10.34 10.32 10.32 10.32 10.30 10.29 10.27 10.26 10.23 10.22 10.19 10.18 10.15 10.14 10.12 10.10 10.09 10.06 10.05 10.03 10.01 9.99 9.97 9.94 9.92 9.90 9.88 9.87 9.86 9.84 9.82 9.81 9.80 9.79 9.77 9.76 9.74 9.73 9.72 9.70 9.69 9.68 9.66 9.65 9.63 9.62 9.61 9.60 9.59 9.57 9.57 9.56 9.55 9.54
9.97 10.00 10.02 10.01 9.99 9.99 10.00 10.04 10.20 10.25 10.18 10.10 10.06 10.07 10.12 10.18 10.23 10.25 10.26 10.20 10.40 10.40 10.40 10.39 10.39 10.38 10.37 10.37 10.37 10.36 10.36 10.34 10.34 10.32 10.32 10.31 10.29 10.27 10.25 10.24 10.21 10.20 10.18 10.16 10.14 10.12 10.10 10.09 10.07 10.04 10.02 10.00 9.98 9.96 9.94 9.92 9.91 9.89 9.87 9.86 9.85 9.83 9.82 9.81 9.80 9.78 9.77 9.75 9.75 9.74 9.72 9.71 9.69 9.68 9.68 9.66 9.65 9.64 9.62 9.62 9.61 9.61 9.60 9.59
9.99 10.00 10.00 10.06 10.03 10.04 10.05 10.05 10.09 10.07 10.33 10.22 10.15 10.17 10.20 10.30 10.36 10.38 10.42 10.42 10.41 10.42 10.42 10.42 10.41 10.40 10.40 10.39 10.39 10.38 10.37 10.36 10.35 10.34 10.33 10.31 10.30 10.28 10.27 10.25 10.23 10.21 10.20 10.17 10.16 10.14 10.13 10.10 10.08 10.06 10.04 10.02 10.00 9.98 9.97 9.94 9.93 9.91 9.90 9.88 9.86 9.86 9.84 9.83 9.82 9.81 9.79 9.79 9.77 9.76 9.75 9.74 9.72 9.72 9.70 9.69 9.69 9.68 9.66 9.66 9.65 9.64 9.64 9.64
10.05 10.05 10.08 10.09 10.07 10.09 10.11 10.12 10.12 10.16 10.35 10.36 10.31 10.33 10.23 10.44 10.44 10.43 10.44 10.44 10.44 10.44 10.44 10.44 10.43 10.43 10.42 10.41 10.41 10.39 10.39 10.38 10.37 10.36 10.35 10.33 10.32 10.30 10.29 10.27 10.25 10.23 10.22 10.20 10.18 10.16 10.14 10.12 10.09 10.07 10.05 10.04 10.02 10.00 9.98 9.96 9.95 9.93 9.91 9.91 9.89 9.87 9.87 9.85 9.85 9.83 9.81 9.81 9.79 9.79 9.77 9.77 9.76 9.75 9.73 9.73 9.71 9.71 9.70 9.70 9.69 9.68 9.68 9.68
10.05 10.11 10.14 10.12 10.10 10.11 10.15 10.17 10.18 10.19 10.34 10.45 10.37 10.46 10.46 10.46 10.46 10.45 10.46 10.46 10.46 10.45 10.46 10.46 10.45 10.44 10.44 10.43 10.42 10.41 10.41 10.39 10.39 10.37 10.36 10.35 10.34 10.32 10.29 10.28 10.26 10.25 10.23 10.22 10.19 10.18 10.16 10.14 10.12 10.10 10.07 10.05 10.03 10.01 9.99 9.98 9.96 9.95 9.94 9.92 9.90 9.90 9.88 9.87 9.86 9.85 9.84 9.83 9.82 9.81 9.81 9.79 9.78 9.77 9.76 9.76 9.75 9.75 9.74 9.73 9.73 9.72 9.72 9.71
10.09 10.14 10.17 10.17 10.15 10.16 10.18 10.20 10.27 10.26 10.49 10.48 10.48 10.48 10.48 10.48 10.48 10.47 10.48 10.48 10.48 10.47 10.47 10.47 10.46 10.46 10.46 10.45 10.44 10.43 10.42 10.41 10.40 10.39 10.38 10.36 10.34 10.33 10.31 10.30 10.28 10.27 10.25 10.23 10.21 10.19 10.17 10.15 10.13 10.11 10.09 10.07 10.04 10.03 10.02 10.00 9.98 9.97 9.95 9.94 9.93 9.92 9.90 9.89 9.88 9.87 9.86 9.85 9.85 9.83 9.83 9.82 9.80 9.80 9.79 9.79 9.78 9.77 9.77 9.76 9.75 9.76 9.75 9.75
10.13 10.16 10.21 10.24 10.24 10.25 10.30 10.27 10.51 10.51 10.51 10.50 10.50 10.51 10.50 10.50 10.50 10.49 10.50 10.50 10.49 10.49 10.49 10.49 10.48 10.48 10.48 10.46 10.46 10.45 10.44 10.43 10.42 10.40 10.38 10.38 10.36 10.35 10.33 10.31 10.30 10.28 10.27 10.24 10.22 10.20 10.18 10.16 10.14 10.12 10.10 10.08 10.07 10.05 10.03 10.01 10.00 9.98 9.97 9.95 9.95 9.93 9.92 9.91 9.90 9.89 9.88 9.87 9.87 9.85 9.84 9.84 9.83 9.83 9.82 9.82 9.81 9.80 9.80 9.79 9.78 9.78 9.78 9.77
10.16 10.21 10.25 10.33 10.38 10.42 10.50 10.53 10.54 10.53 10.53 10.53 10.53 10.53 10.52 10.52 10.52 10.52 10.52 10.52 10.51 10.51 10.51 10.50 10.50 10.50 10.48 10.48 10.48 10.46 10.46 10.44 10.43 10.42 10.40 10.39 10.38 10.37 10.35 10.33 10.32 10.29 10.28 10.25 10.23 10.21 10.19 10.17 10.15 10.13 10.11 10.10 10.08 10.06 10.04 10.03 10.01 10.00 9.98 9.98 9.96 9.95 9.93 9.93 9.92 9.90 9.90 9.89 9.89 9.87 9.86 9.86 9.85 9.85 9.84 9.83 9.83 9.82 9.82 9.81 9.81 9.81 9.81 9.80
10.24 10.33 10.34 10.40 10.51 10.56 10.57 10.56 10.56 10.55 10.56 10.55 10.55 10.55 10.54 10.54 10.54 10.54 10.54 10.54 10.53 10.53 10.51 10.51 10.51 10.51 10.50 10.50 10.48 10.48 10.46 10.46 10.44 10.43 10.42 10.41 10.39 10.37 10.35 10.34 10.32 10.30 10.28 10.26 10.24 10.22 10.20 10.18 10.16 10.15 10.13 10.11 10.09 10.07 10.06 10.04 10.03 10.01 10.01 9.99 9.98 9.96 9.95 9.95 9.93 9.92 9.92 9.91 9.90 9.89 9.88 9.88 9.87 9.86 9.86 9.85 9.85 9.85 9.84 9.84 9.83 9.84 9.83 9.83
10.51 10.55 10.60 10.59 10.59 10.59 10.59 10.58 10.59 10.58 10.58 10.57 10.57 10.57 10.57 10.57 10.56 10.56 10.56 10.55 10.54 10.54 10.53 10.53 10.53 10.52 10.51 10.50 10.50 10.48 10.48 10.46 10.46 10.44 10.43 10.41 10.40 10.38 10.37 10.35 10.33 10.31 10.29 10.27 10.25 10.23 10.21 10.20 10.18 10.16 10.14 10.12 10.11 10.09 10.07 10.06 10.04 10.02 10.02 10.01 9.99 9.98 9.97 9.96 9.95 9.94 9.93 9.92 9.91 9.91 9.90 9.89 9.89 9.88 9.87 9.88 9.87 9.86 9.86 9.86 9.86 9.85 9.85 9.85
10.62 10.62 10.62 10.62 10.62 10.61 10.62 10.61 10.61 10.60 10.60 10.60 10.60 10.59 10.59 10.59 10.58 10.58 10.58 10.56 10.56 10.55 10.55 10.55 10.53 10.53 10.52 10.51 10.50 10.50 10.48 10.48 10.46 10.45 10.44 10.42 10.40 10.38 10.38 10.36 10.34 10.32 10.30 10.28 10.26 10.25 10.23 10.21 10.19 10.17 10.15 10.14 10.12 10.10 10.09 10.07 10.05 10.04 10.03 10.02 10.01 9.99 9.98 9.98 9.96 9.95 9.95 9.94 9.93 9.93 9.92 9.91 9.90 9.90 9.89 9.89 9.89 9.88 9.88 9.87 9.88 9.88 9.87 9.87
10.65 10.64 10.65 10.64 10.65 10.64 10.63 10.63 10.64 10.63 10.63 10.62 10.62 10.61 10.61 10.61 10.60 10.60 10.59 10.58 10.57 10.57 10.57 10.55 10.55 10.54 10.53 10.53 10.52 10.51 10.49 10.48 10.47 10.46 10.44 10.43 10.41 10.40 10.38 10.36 10.34 10.32 10.30 10.28 10.27 10.25 10.23 10.21 10.20 10.17 10.17 10.15 10.13 10.12 10.10 10.08 10.07 10.05 10.04 10.03 10.02 10.01 9.99 9.99 9.98 9.97 9.96 9.96 9.95 9.94 9.94 9.93 9.92 9.91 9.91 9.91 9.90 9.90 9.90 9.90 9.89 9.89 9.89 9.89
10.67 10.67 10.67 10.67 10.66 10.66 10.66 10.66 10.66 10.65 10.64 10.64 10.64 10.63 10.63 10.62 10.62 10.62 10.61 10.60 10.59 10.59 10.58 10.57 10.57 10.55 10.55 10.54 10.53 10.52 10.50 10.49 10.48 10.46 10.45 10.43 10.42 10.40 10.39 10.37 10.35 10.34 10.32 10.30 10.28 10.26 10.24 10.22 10.21 10.19 10.17 10.15 10.14 10.13 10.11 10.10 10.08 10.07 10.05 10.04 10.04 10.02 10.01 10.00 10.00 9.98 9.97 9.97 9.96 9.95 9.94 9.94 9.94 9.93 9.93 9.93 9.92 9.91 9.91 9.91 9.91 9.91 9.91 9.91
10.70 10.69 10.70 10.69 10.70 10.69 10.68 10.68 10.67 10.68 10.67 10.67 10.66 10.66 10.66 10.64 10.64 10.63 10.63 10.61 10.61 10.61 10.59 10.59 10.58 10.57 10.56 10.55 10.54 10.53 10.51 10.50 10.49 10.47 10.46 10.45 10.43 10.41 10.39 10.38 10.36 10.35 10.33 10.31 10.29 10.27 10.26 10.24 10.22 10.20 10.18 10.17 10.15 10.13 10.12 10.11 10.10 10.08 10.07 10.05 10.04 10.04 10.03 10.01 10.00 10.00 9.99 9.98 9.98 9.97 9.96 9.95 9.95 9.95 9.94 9.93 9.94 9.93 9.93 9.92 9.92 9.92 9.92 9.92
10.73 10.72 10.71 10.72 10.71 10.71 10.71 10.71 10.70 10.70 10.69 10.69 10.68 10.68 10.67 10.67 10.65 10.65 10.64 10.64 10.63 10.62 10.61 10.60 10.60 10.58 10.57 10.56 10.55 10.54 10.52 10.51 10.50 10.48 10.47 10.45 10.43 10.43 10.41 10.39 10.37 10.35 10.33 10.31 10.30 10.29 10.27 10.25 10.23 10.22 10.20 10.18 10.17 10.15 10.13 10.12 10.11 10.10 10.08 10.07 10.06 10.04 10.04 10.03 10.02 10.01 10.00 9.99 9.98 9.98 9.98 9.97 9.96 9.95 9.96 9.95 9.94 9.94 9.94 9.94 9.94 9.94 9.93 9.93
10.75 10.75 10.74 10.74 10.74 10.74 10.73 10.73 10.72 10.71 10.71 10.71 10.70 10.70 10.69 10.69 10.68 10.67 10.66 10.66 10.64 10.64 10.62 10.62 10.60 10.60 10.58 10.58 10.56 10.54 10.54 10.52 10.51 10.49 10.48 10.46 10.45 10.43 10.41 10.39 10.38 10.37 10.35 10.33 10.31 10.29 10.27 10.26 10.24 10.22 10.21 10.20 10.18 10.16 10.15 10.13 10.12 10.10 10.10 10.08 10.07 10.06 10.05 10.04 10.03 10.02 10.01 10.01 10.00 9.99 9.98 9.98 9.98 9.97 9.96 9.96 9.96 9.96 9.95 9.95 9.95 9.94 9.94 9.94
10.78 10.77 10.77 10.77 10.76 10.76 10.76 10.75 10.75 10.74 10.74 10.73 10.73 10.72 10.71 10.70 10.70 10.69 10.68 10.67 10.66 10.65 10.64 10.63 10.62 10.61 10.60 10.58 10.58 10.56 10.54 10.54 10.52 10.50 10.49 10.47 10.45 10.44 10.43 10.41 10.39 10.37 10.35 10.33 10.33 10.31 10.29 10.27 10.25 10.24 10.22 10.20 10.18 10.17 10.16 10.15 10.13 10.12 10.10 10.09 10.09 10.07 10.06 10.05 10.04 10.04 10.03 10.02 10.01 10.01 10.00 9.99 9.98 9.98 9.98 9.97 9.97 9.96 9.96 9.97 9.96 9.96 9.96 9.96
10.79 10.80 10.79 10.79 10.79 10.78 10.78 10.77 10.77 10.76 10.75 10.75 10.74 10.74 10.73 10.72 10.71 10.71 10.69 10.69 10.68 10.67 10.65 10.65 10.63 10.63 10.61 10.60 10.59 10.57 10.56 10.54 10.53 10.52 10.50 10.48 10.47 10.45 10.43 10.41 10.41 10.39 10.37 10.35 10.33 10.31 10.29 10.28 10.26 10.25 10.23 10.22 10.20 10.18 10.17 10.15 10.15 10.13 10.12 10.10 10.09 10.09 10.08 10.06 10.05 10.04 10.04 10.03 10.02 10.01 10.00 10.00 10.00 9.99 9.98 9.98 9.98 9.98 9.97 9.97 9.97 9.97 9.97 9.97
10.82 10.82 10.82 10.81 10.81 10.80 10.80 10.80 10.79 10.79 10.78 10.78 10.77 10.76 10.75 10.75 10.73 10.72 10.72 10.71 10.70 10.68 10.68 10.66 10.65 10.64 10.63 10.61 10.61 10.59 10.57 10.56 10.54 10.52 10.52 10.50 10.48 10.46 10.45 10.43 10.41 10.39 10.37 10.36 10.35 10.33 10.31 10.29 10.27 10.26 10.24 10.22 10.22 10.20 10.18 10.17 10.15 10.14 10.13 10.12 10.11 10.09 10.08 10.08 10.07 10.06 10.05 10.04 10.04 10.03 10.02 10.01 10.00 10.01 10.00 9.99 9.99 9.98 9.98 9.99 9.98 9.98 9.98 9.98
10.84 10.84 10.84 10.83 10.84 10.83 10.82 10.82 10.81 10.80 10.80 10.79 10.79 10.78 10.77 10.76 10.76 10.74 10.74 10.72 10.71 10.70 10.69 10.68 10.66 10.66 10.64 10.62 10.61 10.60 10.59 10.57 10.55 10.54 10.52 10.50 10.50 10.48 10.46 10.44 10.42 10.40 10.39 10.37 10.35 10.33 10.32 10.30 10.29 10.27 10.26 10.24 10.22 10.21 10.20 10.18 10.17 10.15 10.14 10.13 10.12 10.11 10.10 10.08 10.07 10.06 10.06 10.05 10.04 10.03 10.03 10.03 10.02 10.01 10.00 10.00 9.99 10.00 10.00 9.99 9.99 9.99 9.99 9.99
10.87 10.86 10.87 10.86 10.85 10.85 10.85 10.84 10.84 10.83 10.83 10.82 10.80 10.80 10.79 10.79 10.77 10.77 10.75 10.75 10.73 10.72 10.71 10.69 10.69 10.67 10.66 10.64 10.62 10.62 10.60 10.58 10.57 10.55 10.53 10.52 10.50 10.48 10.46 10.46 10.44 10.42 10.40 10.38 10.37 10.35 10.33 10.31 10.30 10.28 10.26 10.24 10.24 10.22 10.21 10.19 10.17 10.17 10.16 10.14 10.13 10.11 10.10 10.10 10.09 10.08 10.07 10.06 10.06 10.05 10.04 10.03 10.02 10.03 10.02 10.01 10.01 10.00 10.00 10.00 10.00 10.00 10.00 10.00
10.89 10.89 10.88 10.88 10.88 10.87 10.87 10.86 10.85 10.85 10.84 10.84 10.83 10.83 10.81 10.80 10.79 10.78 10.78 10.76 10.74 10.74 10.72 10.71 10.70 10.69 10.67 10.65 10.65 10.63 10.62 10.60 10.58 10.56 10.55 10.53 10.51 10.49 10.48 10.46 10.44 10.42 10.42 10.40 10.38 10.36 10.34 10.32 10.31 10.30 10.28 10.26 10.24 10.23 10.21 10.21 10.19 10.18 10.16 10.15 10.13 10.13 10.12 10.11 10.09 10.09 10.08 10.07 10.06 10.05 10.04 10.05 10.04 10.03 10.02 10.02 10.01 10.02 10.02 10.01 10.01 10.01 10.01 10.01
10.91 10.91 10.91 10.90 10.90 10.89 10.89 10.89 10.88 10.87 10.87 10.85 10.85 10.84 10.84 10.82 10.81 10.80 10.79 10.78 10.77 10.75 10.74 10.73 10.72 10.70 10.68 10.67 10.66 10.64 10.63 10.61 10.60 10.58 10.56 10.54 10.53 10.51 10.49 10.47 10.46 10.44 10.42 10.40 10.38 10.38 10.36 10.34 10.32 10.30 10.29 10.28 10.26 10.24 10.23 10.21 10.20 10.18 10.18 10.16 10.15 10.14 10.12 10.12 10.11 10.10 10.09 10.08 10.07 10.07 10.06 10.05 10.04 10.04 10.04 10.03 10.03 10.02 10.02 10.02 10.02 10.01 10.01 10.01
10.93 10.93 10.93 10.92 10.92 10.92 10.91 10.90 10.90 10.89 10.88 10.88 10.87 10.86 10.85 10.84 10.83 10.82 10.81 10.80 10.78 10.77 10.76 10.75 10.73 10.71 10.70 10.69 10.68 10.66 10.64 10.62 10.61 10.59 10.57 10.56 10.54 10.52 10.51 10.49 10.47 10.45 10.43 10.41 10.40 10.38 10.37 10.35 10.33 10.32 10.30 10.29 10.27 10.25 10.24 10.23 10.21 10.20 10.18 10.17 10.16 10.15 10.14 10.13 10.11 10.10 10.10 10.09 10.08 10.07 10.06 10.06 10.06 10.05 10.04 10.04 10.03 10.03 10.03 10.02 10.03 10.03 10.03 10.03
10.96 10.95 10.95 10.95 10.94 10.93 10.94 10.93 10.92 10.92 10.90 10.89 10.89 10.88 10.87 10.86 10.85 10.84 10.83 10.82 10.80 10.79 10.78 10.76 10.74 10.74 10.72 10.71 10.69 10.67 10.66 10.64 10.62 10.61 10.59 10.57 10.55 10.54 10.52 10.50 10.48 10.46 10.45 10.43 10.41 10.39 10.37 10.36 10.35 10.33 10.31 10.29 10.29 10.27 10.25 10.24 10.22 10.20 10.20 10.19 10.17 10.16 10.14 10.13 10.13 10.12 10.11 10.10 10.09 10.09 10.08 10.07 10.06 10.06 10.05 10.04 10.04 10.04 10.04 10.04 10.04 10.03 10.03 10.03
10.97 10.98 10.97 10.96 10.96 10.96 10.95 10.95 10.94 10.93 10.92 10.92 10.91 10.90 10.89 10.88 10.87 10.86 10.85 10.83 10.82 10.81 10.79 10.77 10.77 10.75 10.74 10.72 10.70 10.69 10.67 10.65 10.63 10.62 10.60 10.58 10.57 10.55 10.53 10.51 10.50 10.48 10.46 10.44 10.42 10.41 10.39 10.37 10.35 10.34 10.32 10.31 10.29 10.28 10.26 10.24 10.23 10.22 10.21 10.19 10.18 10.16 10.16 10.15 10.14 10.12 10.11 10.11 10.10 10.09 10.08 10.08 10.07 10.06 10.06 10.06 10.05 10.05 10.05 10.04 10.04 10.04 10.04 10.04
11.00 10.99 11.00 10.99 10.98 10.97 10.97 10.97 10.96 10.96 10.94 10.93 10.93 10.92 10.91 10.90 10.88 10.88 10.86 10.85 10.84 10.82 10.81 10.80 10.78 10.77 10.75 10.73 10.71 10.70 10.68 10.66 10.65 10.63 10.61 10.60 10.58 10.56 10.54 10.53 10.51 10.49 10.47 10.46 10.44 10.42 10.40 10.38 10.37 10.35 10.34 10.32 10.30 10.28 10.28 10.26 10.24 10.23 10.21 10.20 10.19 10.18 10.17 10.15 10.14 10.13 10.13 10.12 10.11 10.10 10.09 10.08 10.08 10.08 10.07 10.06 10.06 10.06 10.05 10.05 10.05 10.04 10.04 10.05
11.02 11.02 11.01 11.00 11.01 11.00 10.99 10.99 10.98 10.97 10.96 10.96 10.94 10.94 10.93 10.91 10.91 10.89 10.88 10.87 10.85 10.84 10.83 10.81 10.79 10.78 10.76 10.76 10.74 10.72 10.71 10.68 10.66 10.64 10.63 10.61 10.59 10.57 10.56 10.54 10.52 10.50 10.49 10.47 10.45 10.43 10.41 10.40 10.38 10.36 10.34 10.33 10.31 10.30 10.28 10.27 10.25 10.24 10.23 10.22 10.20 10.19 10.17 10.16 10.16 10.15 10.14 10.12 10.11 10.10 10.11 10.10 10.09 10.08 10.08 10.07 10.06 10.06 10.07 10.06 10.06 10.06 10.06 10.06
11.04 11.04 11.03 11.03 11.02 11.01 11.01 11.00 10.99 10.99 10.98 10.97 10.97 10.96 10.94 10.94 10.92 10.91 10.90 10.89 10.87 10.86 10.84 10.82 10.82 10.80 10.79 10.77 10.75 10.73 10.72 10.70 10.68 10.67 10.64 10.62 10.60 10.59 10.57 10.55 10.53 10.52 10.50 10.48 10.46 10.45 10.43 10.41 10.39 10.37 10.35 10.34 10.33 10.31 10.29 10.27 10.27 10.25 10.24 10.22 10.21 10.19 10.19 10.18 10.16 10.15 10.14 10.13 10.13 10.12 10.11 10.10 10.09 10.09 10.08 10.09 10.08 10.08 10.07 10.07 10.07 10.07 10.06 10.06
11.06 11.06 11.05 11.04 11.04 11.04 11.03 11.03 11.02 11.01 11.01 11.00 10.98 10.97 10.97 10.95 10.94 10.93 10.92 10.90 10.89 10.87 10.86 10.85 10.83 10.81 10.80 10.78 10.76 10.75 10.73 10.71 10.70 10.68 10.66 10.63 10.62 10.60 10.58 10.56 10.55 10.53 10.51 10.49 10.47 10.46 10.44 10.42 10.40 10.38 10.37 10.35 10.33 10.32 10.30 10.29 10.28 10.26 10.24 10.23 10.21 10.21 10.20 10.18 10.17 10.16 10.15 10.15 10.14 10.13 10.12 10.11 10.10 10.10 10.10 10.09 10.09 10.08 10.08 10.07 10.07 10.07 10.07 10.07
11.07 11.07 11.07 11.07 11.06 11.05 11.05 11.04 11.03 11.03 11.02 11.01 11.01 11.00 10.98 10.97 10.96 10.95 10.93 10.92 10.91 10.89 10.88 10.86 10.84 10.83 10.81 10.79 10.78 10.76 10.74 10.72 10.71 10.69 10.67 10.66 10.64 10.61 10.59 10.58 10.56 10.54 10.52 10.51 10.49 10.47 10.45 10.43 10.42 10.40 10.38 10.36 10.34 10.32 10.32 10.30 10.28 10.27 10.25 10.25 10.23 10.22 10.20 10.19 10.18 10.17 10.16 10.15 10.14 10.13 10.12 10.12 10.12 10.11 10.10 10.10 10.09 10.09 10.08 10.08 10.09 10.09 10.09 10.09
11.10 11.09 11.09 11.09 11.08 11.08 11.07 11.06 11.06 11.05 11.04 11.04 11.02 11.01 11.00 10.99 10.98 10.96 10.95 10.94 10.92 10.91 10.89 10.88 10.87 10.85 10.83 10.82 10.80 10.78 10.76 10.74 10.72 10.70 10.69 10.67 10.65 10.63 10.61 10.59 10.57 10.55 10.54 10.52 10.50 10.48 10.46 10.45 10.43 10.41 10.39 10.37 10.36 10.34 10.32 10.31 10.29 10.28 10.27 10.25 10.24 10.22 10.21 10.21 10.19 10.18 10.17 10.16 10.15 10.14 10.14 10.13 10.12 10.11 10.11 10.10 10.10 10.09 10.10 10.10 10.09 10.09 10.09 10.09
