main/data/pressure/08.04.2023.grid
ncols 886
nrows 691
xllcenter 112.0000
yllcenter -44.5000
cellsize 0.0500
nodata_value 99999.90
[rows 374 to 407 of 691, columns 693 to 769 of 886]
12.46 12.42 12.38 12.35 12.33 12.31 12.28 12.31 12.30 12.26 12.23 12.21 12.19 12.16 12.13 12.11 12.10 12.07 12.06 12.05 12.03 12.03 12.02 12.00 11.99 11.97 11.95 11.93 11.89 11.87 11.86 11.83 11.81 11.75 11.70 11.71 11.69 11.65 11.63 11.60 11.56 11.54 11.52 11.48 11.46 11.45 11.41 11.34 11.24 11.25 11.32 11.34 11.32 11.31 11.30 11.29 11.31 11.33 11.35 11.37 11.41 11.46 11.54 11.65 11.80 11.97 12.12 12.31 12.53 12.76 13.03 13.27 13.48 13.61 13.88 14.04 14.17
12.34 12.31 12.28 12.23 12.25 12.20 12.23 12.22 12.19 12.18 12.17 12.13 12.12 12.09 12.07 12.05 12.02 12.01 12.00 11.99 11.98 11.97 11.95 11.93 11.93 11.91 11.90 11.85 11.85 11.83 11.81 11.79 11.77 11.72 11.70 11.70 11.66 11.62 11.60 11.57 11.53 11.51 11.47 11.44 11.41 11.38 11.37 11.29 11.23 11.21 11.25 11.25 11.22 11.20 11.18 11.16 11.17 11.17 11.19 11.21 11.25 11.32 11.42 11.54 11.69 11.82 12.02 12.21 12.43 12.67 12.91 13.12 13.24 13.54 13.70 13.81 13.91
12.26 12.21 12.17 12.13 12.16 12.15 12.14 12.12 12.10 12.09 12.09 12.06 12.03 12.02 11.99 11.98 11.95 11.94 11.93 11.93 11.91 11.90 11.89 11.89 11.87 11.87 11.85 11.83 11.81 11.75 11.71 11.71 11.71 11.68 11.68 11.66 11.63 11.60 11.57 11.54 11.49 11.47 11.44 11.41 11.38 11.29 11.26 11.18 11.19 11.17 11.18 11.15 11.12 11.09 11.06 11.05 11.02 11.04 11.06 11.08 11.12 11.20 11.28 11.40 11.54 11.71 11.89 12.07 12.30 12.52 12.73 12.89 13.10 13.29 13.52 13.67 13.77
12.13 12.09 12.06 12.06 12.07 12.05 12.03 12.02 12.01 12.00 12.00 11.98 11.95 11.94 11.92 11.90 11.88 11.87 11.86 11.87 11.85 11.84 11.85 11.83 11.83 11.81 11.80 11.79 11.78 11.72 11.64 11.66 11.70 11.69 11.67 11.64 11.60 11.58 11.54 11.52 11.48 11.43 11.41 11.38 11.29 11.26 11.23 11.12 11.14 11.12 11.09 11.04 11.01 10.96 10.95 10.89 10.89 10.89 10.89 10.93 10.98 11.07 11.19 11.31 11.44 11.60 11.77 11.93 12.14 12.34 12.55 12.79 12.91 13.04 13.26 13.52 13.58
11.99 11.96 11.92 11.95 11.97 11.95 11.90 11.92 11.92 11.91 11.91 11.89 11.87 11.85 11.84 11.83 11.82 11.81 11.80 11.81 11.80 11.80 11.80 11.79 11.78 11.76 11.77 11.76 11.75 11.70 11.66 11.64 11.68 11.68 11.66 11.63 11.60 11.56 11.53 11.48 11.45 11.41 11.37 11.32 11.22 11.18 11.19 11.12 11.08 11.04 11.00 10.95 10.89 10.87 10.81 10.76 10.74 10.76 10.80 10.86 10.92 11.02 11.12 11.23 11.36 11.51 11.64 11.76 11.98 12.20 12.41 12.63 12.81 12.96 13.10 13.34 13.42
11.90 11.89 11.86 11.86 11.88 11.82 11.77 11.81 11.82 11.82 11.81 11.79 11.78 11.77 11.75 11.76 11.74 11.75 11.74 11.75 11.75 11.74 11.75 11.75 11.74 11.73 11.71 11.72 11.73 11.72 11.72 11.61 11.66 11.67 11.66 11.63 11.61 11.57 11.52 11.48 11.42 11.37 11.34 11.27 11.21 11.17 11.12 11.05 11.00 10.95 10.89 10.86 10.80 10.74 10.69 10.66 10.69 10.73 10.75 10.83 10.89 10.97 11.07 11.17 11.29 11.42 11.54 11.68 11.87 12.06 12.26 12.47 12.65 12.80 12.96 13.13 13.24
11.81 11.81 11.79 11.78 11.78 11.77 11.71 11.74 11.73 11.73 11.72 11.70 11.71 11.69 11.69 11.69 11.68 11.68 11.68 11.70 11.71 11.71 11.71 11.72 11.72 11.69 11.65 11.65 11.73 11.73 11.66 11.64 11.67 11.67 11.66 11.63 11.60 11.56 11.52 11.48 11.43 11.37 11.30 11.26 11.20 11.13 11.06 10.99 10.93 10.88 10.81 10.75 10.69 10.64 10.65 10.65 10.67 10.71 10.74 10.80 10.86 10.94 11.02 11.12 11.21 11.34 11.48 11.63 11.77 11.95 12.11 12.33 12.48 12.63 12.76 12.75 13.06
11.65 11.69 11.70 11.68 11.67 11.69 11.58 11.66 11.64 11.64 11.63 11.63 11.63 11.63 11.62 11.62 11.62 11.64 11.63 11.66 11.66 11.68 11.68 11.69 11.71 11.68 11.63 11.68 11.74 11.73 11.72 11.70 11.69 11.69 11.66 11.64 11.61 11.58 11.53 11.49 11.45 11.37 11.27 11.25 11.19 11.10 11.02 10.95 10.87 10.80 10.75 10.69 10.67 10.64 10.64 10.65 10.67 10.69 10.73 10.78 10.84 10.90 10.97 11.06 11.16 11.27 11.40 11.53 11.68 11.85 12.00 12.19 12.36 12.53 12.66 12.72 12.60
11.55 11.60 11.60 11.59 11.59 11.59 11.59 11.56 11.51 11.55 11.55 11.56 11.56 11.57 11.57 11.57 11.57 11.59 11.61 11.62 11.64 11.66 11.68 11.70 11.70 11.73 11.71 11.73 11.75 11.74 11.71 11.73 11.72 11.70 11.68 11.65 11.62 11.59 11.56 11.52 11.46 11.41 11.36 11.29 11.20 11.12 11.04 10.95 10.88 10.82 10.76 10.70 10.68 10.66 10.65 10.65 10.66 10.69 10.72 10.77 10.80 10.88 10.95 11.02 11.12 11.22 11.34 11.47 11.61 11.75 11.88 12.06 12.23 12.40 12.50 12.60 12.82
11.49 11.51 11.50 11.51 11.50 11.51 11.46 11.48 11.48 11.49 11.48 11.49 11.51 11.52 11.51 11.52 11.54 11.56 11.59 11.61 11.63 11.65 11.67 11.71 11.73 11.73 11.76 11.76 11.74 11.76 11.74 11.75 11.73 11.72 11.70 11.67 11.65 11.62 11.56 11.53 11.50 11.44 11.38 11.32 11.23 11.15 11.07 10.99 10.91 10.84 10.78 10.73 10.70 10.67 10.66 10.65 10.66 10.68 10.71 10.75 10.78 10.85 10.91 10.99 11.07 11.19 11.31 11.40 11.55 11.70 11.84 11.91 12.07 12.22 12.46 12.32 12.32
11.39 11.40 11.41 11.41 11.41 11.40 11.39 11.39 11.39 11.41 11.42 11.44 11.46 11.48 11.49 11.51 11.53 11.55 11.57 11.60 11.63 11.65 11.68 11.71 11.70 11.72 11.75 11.78 11.78 11.78 11.77 11.77 11.75 11.74 11.72 11.70 11.68 11.64 11.57 11.50 11.53 11.47 11.41 11.34 11.26 11.13 11.09 11.01 10.94 10.87 10.80 10.75 10.71 10.69 10.68 10.67 10.67 10.68 10.71 10.73 10.77 10.82 10.88 10.95 11.00 11.15 11.26 11.36 11.51 11.64 11.76 11.83 11.84 11.90 12.20 12.29 12.28
11.26 11.28 11.29 11.31 11.30 11.30 11.29 11.30 11.33 11.36 11.38 11.40 11.41 11.44 11.46 11.50 11.51 11.53 11.56 11.59 11.62 11.66 11.69 11.72 11.69 11.74 11.78 11.78 11.79 11.80 11.79 11.79 11.76 11.77 11.75 11.73 11.71 11.69 11.61 11.56 11.55 11.51 11.44 11.38 11.29 11.20 11.12 11.01 10.96 10.89 10.83 10.78 10.74 10.71 10.69 10.68 10.68 10.69 10.70 10.72 10.76 10.81 10.86 10.93 11.03 11.12 11.21 11.33 11.44 11.59 11.71 11.84 11.92 11.70 11.81 12.30 12.46
11.16 11.17 11.19 11.20 11.19 11.20 11.21 11.24 11.28 11.31 11.34 11.36 11.39 11.41 11.45 11.48 11.50 11.53 11.55 11.59 11.63 11.67 11.70 11.72 11.74 11.77 11.80 11.81 11.82 11.82 11.83 11.81 11.81 11.80 11.78 11.76 11.74 11.70 11.62 11.59 11.58 11.54 11.47 11.40 11.32 11.24 11.12 10.88 10.94 10.92 10.87 10.81 10.77 10.74 10.71 10.70 10.69 10.70 10.72 10.72 10.75 10.80 10.85 10.90 10.99 11.07 11.19 11.27 11.41 11.56 11.66 11.78 11.82 11.88 11.93 12.22 12.15
11.03 11.07 11.09 11.09 11.10 11.11 11.14 11.19 11.23 11.27 11.31 11.33 11.37 11.39 11.42 11.47 11.49 11.52 11.56 11.59 11.64 11.66 11.68 11.75 11.75 11.78 11.80 11.83 11.84 11.85 11.84 11.85 11.84 11.82 11.79 11.77 11.77 11.72 11.60 11.58 11.59 11.57 11.50 11.44 11.36 11.28 11.20 11.07 11.03 10.96 10.90 10.85 10.81 10.78 10.74 10.72 10.71 10.72 10.73 10.75 10.77 10.79 10.83 10.89 10.97 11.06 11.15 11.26 11.36 11.52 11.60 11.70 11.78 11.89 11.92 12.02 11.99
10.92 10.95 10.94 10.98 11.01 11.06 11.10 11.15 11.20 11.24 11.28 11.31 11.35 11.39 11.44 11.46 11.48 11.53 11.57 11.61 11.64 11.69 11.72 11.76 11.79 11.79 11.83 11.87 11.88 11.88 11.88 11.87 11.86 11.84 11.82 11.80 11.79 11.72 11.62 11.60 11.62 11.60 11.54 11.47 11.39 11.32 11.24 11.15 11.08 11.00 10.94 10.88 10.85 10.81 10.79 10.76 10.75 10.73 10.75 10.77 10.79 10.81 10.83 10.86 10.93 11.04 11.15 11.26 11.34 11.42 11.56 11.66 11.77 11.75 11.72 11.89 11.94
10.80 10.84 10.86 10.91 10.96 11.01 11.08 11.12 11.16 11.20 11.25 11.29 11.34 11.39 11.40 11.44 11.48 11.53 11.57 11.59 11.64 11.68 11.71 11.76 11.79 11.85 11.85 11.90 11.89 11.90 11.88 11.88 11.87 11.86 11.85 11.83 11.81 11.75 11.69 11.67 11.67 11.63 11.57 11.51 11.43 11.35 11.28 11.20 11.12 11.05 10.98 10.93 10.88 10.85 10.82 10.81 10.79 10.77 10.79 10.79 10.81 10.83 10.85 10.89 10.95 11.03 11.15 11.27 11.37 11.49 11.58 11.75 11.71 11.82 12.02 12.10 12.21
10.75 10.78 10.82 10.87 10.93 10.99 11.04 11.08 11.13 11.19 11.25 11.30 11.35 11.35 11.43 11.46 11.49 11.51 11.58 11.59 11.61 11.66 11.68 11.73 11.81 11.84 11.88 11.90 11.91 11.91 11.89 11.89 11.88 11.88 11.86 11.84 11.81 11.78 11.74 11.73 11.70 11.65 11.60 11.54 11.47 11.39 11.31 11.24 11.15 11.08 11.02 10.97 10.93 10.88 10.87 10.84 10.82 10.82 10.81 10.82 10.84 10.86 10.88 10.90 10.94 11.04 11.14 11.29 11.44 11.55 11.67 11.78 11.83 11.88 11.91 12.04 11.76
10.69 10.75 10.80 10.86 10.91 10.96 11.02 11.06 11.11 11.17 11.25 11.30 11.31 11.37 11.38 11.46 11.46 11.49 11.56 11.61 11.63 11.67 11.70 11.75 11.81 11.83 11.85 11.88 11.91 11.90 11.89 11.89 11.89 11.88 11.86 11.85 11.82 11.81 11.79 11.77 11.73 11.68 11.63 11.57 11.51 11.43 11.36 11.27 11.19 11.12 11.06 11.01 10.97 10.93 10.89 10.88 10.86 10.86 10.86 10.87 10.88 10.91 10.91 10.94 11.00 11.07 11.16 11.27 11.40 11.49 11.66 11.81 11.97 12.07 12.26 12.20 11.53
10.71 10.75 10.78 10.84 10.90 10.95 11.00 11.05 11.12 11.17 11.21 11.24 11.29 11.35 11.40 11.46 11.45 11.46 11.53 11.60 11.64 11.67 11.71 11.76 11.80 11.84 11.86 11.88 11.90 11.89 11.89 11.90 11.90 11.88 11.87 11.84 11.84 11.80 11.83 11.80 11.76 11.71 11.66 11.60 11.53 11.48 11.40 11.32 11.24 11.17 11.11 11.06 11.02 10.99 10.95 10.93 10.92 10.92 10.93 10.92 10.95 10.96 10.98 11.00 11.06 11.13 11.20 11.29 11.39 11.51 11.58 11.38 11.29 11.97 12.06 12.33 12.37
10.71 10.74 10.77 10.83 10.87 10.93 10.98 11.05 11.11 11.14 11.18 11.23 11.28 11.33 11.38 11.44 11.44 11.46 11.53 11.60 11.63 11.67 11.70 11.74 11.78 11.81 11.86 11.87 11.89 11.89 11.90 11.90 11.90 11.89 11.88 11.84 11.88 11.87 11.85 11.82 11.78 11.74 11.67 11.63 11.54 11.50 11.44 11.37 11.28 11.21 11.14 11.09 11.07 11.04 11.01 11.00 10.99 10.99 10.99 11.00 11.01 11.01 11.04 11.06 11.12 11.17 11.28 11.36 11.42 11.49 11.52 11.39 11.12 11.59 11.28 12.34 12.32
10.72 10.74 10.79 10.81 10.87 10.92 10.98 11.02 11.08 11.13 11.17 11.22 11.27 11.32 11.40 11.44 11.46 11.49 11.55 11.57 11.59 11.60 11.62 11.66 11.74 11.81 11.85 11.86 11.88 11.90 11.90 11.91 11.91 11.91 11.91 11.90 11.90 11.89 11.86 11.83 11.79 11.76 11.71 11.64 11.58 11.53 11.46 11.39 11.30 11.25 11.20 11.16 11.12 11.10 11.08 11.07 11.05 11.06 11.06 11.07 11.08 11.10 11.12 11.15 11.19 11.23 11.23 11.18 11.44 11.56 11.56 11.44 11.08 11.06 11.57 12.25 12.41
10.70 10.74 10.77 10.81 10.86 10.93 10.97 11.01 11.06 11.11 11.16 11.22 11.27 11.32 11.37 11.44 11.47 11.50 11.54 11.57 11.56 11.56 11.58 11.60 11.74 11.81 11.84 11.86 11.87 11.89 11.91 11.92 11.92 11.93 11.92 11.92 11.91 11.89 11.87 11.84 11.80 11.76 11.72 11.67 11.61 11.55 11.49 11.42 11.35 11.29 11.24 11.20 11.18 11.15 11.13 11.12 11.12 11.13 11.12 11.13 11.15 11.17 11.20 11.24 11.25 11.30 11.38 11.41 11.40 11.53 11.66 11.37 11.07 10.81 11.85 12.36 12.47
10.72 10.74 10.77 10.82 10.87 10.92 10.97 11.01 11.06 11.10 11.15 11.21 11.27 11.33 11.38 11.43 11.44 11.46 11.53 11.55 11.55 11.60 11.71 11.75 11.78 11.81 11.83 11.85 11.87 11.89 11.91 11.91 11.92 11.93 11.93 11.93 11.91 11.89 11.87 11.84 11.82 11.78 11.74 11.69 11.64 11.58 11.52 11.46 11.41 11.36 11.30 11.24 11.23 11.22 11.20 11.20 11.19 11.20 11.20 11.22 11.23 11.25 11.26 11.30 11.24 11.33 11.37 11.25 11.25 10.98 11.75 11.58 11.25 10.59 12.15 12.08 12.25
10.72 10.76 10.78 10.83 10.87 10.90 10.97 11.02 11.07 11.12 11.16 11.22 11.28 11.33 11.39 11.42 11.41 11.41 11.53 11.54 11.58 11.66 11.70 11.74 11.78 11.80 11.83 11.84 11.87 11.89 11.90 11.92 11.93 11.93 11.93 11.92 11.92 11.90 11.88 11.86 11.83 11.80 11.76 11.71 11.66 11.60 11.55 11.49 11.44 11.40 11.36 11.31 11.29 11.28 11.26 11.27 11.27 11.27 11.29 11.31 11.33 11.34 11.33 11.34 11.20 11.37 11.44 11.53 11.46 11.31 11.77 11.87 11.42 11.28 12.28 11.53 11.66
10.75 10.78 10.81 10.84 10.86 10.90 10.95 11.00 11.06 11.12 11.17 11.22 11.27 11.33 11.37 11.38 11.40 11.44 11.54 11.56 11.64 11.67 11.70 11.73 11.77 11.79 11.82 11.85 11.87 11.89 11.90 11.91 11.92 11.92 11.92 11.93 11.92 11.90 11.89 11.87 11.84 11.82 11.74 11.74 11.69 11.63 11.58 11.53 11.48 11.45 11.41 11.38 11.35 11.34 11.33 11.34 11.36 11.37 11.38 11.41 11.43 11.45 11.43 11.43 11.37 11.22 11.38 11.49 11.57 11.56 11.60 11.54 11.80 10.88 12.30 11.49 11.60
10.79 10.81 10.82 10.86 10.88 10.92 10.97 11.03 11.08 11.14 11.17 11.23 11.28 11.34 11.37 11.37 11.36 11.43 11.53 11.60 11.63 11.67 11.71 11.73 11.76 11.79 11.82 11.84 11.87 11.88 11.89 11.90 11.92 11.92 11.93 11.92 11.92 11.91 11.89 11.87 11.84 11.82 11.79 11.75 11.70 11.66 11.61 11.56 11.52 11.49 11.46 11.44 11.43 11.41 11.41 11.41 11.43 11.46 11.48 11.49 11.52 11.52 11.54 11.58 11.49 11.04 11.03 11.55 11.39 11.39 11.28 10.99 11.23 11.73 12.33 12.20 12.37
10.82 10.84 10.86 10.86 10.89 10.95 11.00 11.07 11.11 11.14 11.20 11.25 11.30 11.36 11.38 11.37 11.36 11.43 11.51 11.61 11.63 11.67 11.71 11.73 11.76 11.79 11.82 11.84 11.86 11.89 11.89 11.91 11.92 11.92 11.93 11.92 11.91 11.90 11.89 11.87 11.85 11.83 11.79 11.75 11.72 11.68 11.65 11.61 11.57 11.54 11.52 11.51 11.48 11.48 11.48 11.50 11.52 11.54 11.58 11.60 11.62 11.63 11.62 11.66 11.65 11.54 11.35 11.47 11.33 11.26 11.63 10.96 11.38 10.77 12.34 12.19 12.01
10.87 10.88 10.90 10.92 10.95 10.99 11.03 11.07 11.13 11.17 11.22 11.28 11.32 11.36 11.39 11.40 11.41 11.47 11.55 11.61 11.64 11.67 11.71 11.73 11.78 11.79 11.83 11.85 11.86 11.87 11.89 11.91 11.91 11.91 11.91 11.90 11.89 11.89 11.88 11.87 11.85 11.82 11.79 11.77 11.73 11.70 11.67 11.65 11.62 11.60 11.58 11.57 11.56 11.56 11.57 11.58 11.60 11.63 11.68 11.71 11.71 11.74 11.77 11.79 11.80 11.76 11.67 11.62 10.51 10.51 11.31 10.82 11.95 12.15 12.32 12.47 12.18
10.92 10.94 10.94 10.93 10.87 11.01 11.06 11.10 11.15 11.20 11.24 11.29 11.34 11.37 11.41 11.46 11.49 11.54 11.59 11.62 11.65 11.68 11.72 11.74 11.78 11.80 11.82 11.84 11.85 11.86 11.87 11.89 11.90 11.92 11.90 11.84 11.86 11.88 11.87 11.86 11.84 11.83 11.80 11.78 11.75 11.73 11.70 11.69 11.67 11.66 11.65 11.64 11.64 11.64 11.66 11.68 11.70 11.74 11.78 11.82 11.85 11.87 11.90 11.90 11.87 11.77 11.72 10.55 8.34 9.92 11.29 11.90 11.84 10.61 11.09 12.13 12.26
10.95 10.98 11.00 11.02 11.05 11.07 11.10 11.13 11.18 11.22 11.26 11.32 11.36 11.40 11.43 11.48 11.52 11.55 11.57 11.63 11.66 11.69 11.72 11.73 11.77 11.79 11.81 11.83 11.84 11.85 11.86 11.86 11.88 11.89 11.91 11.78 11.85 11.88 11.87 11.86 11.84 11.83 11.81 11.79 11.78 11.76 11.74 11.73 11.72 11.72 11.71 11.71 11.72 11.73 11.76 11.78 11.81 11.84 11.89 11.93 11.98 12.00 12.04 12.03 12.04 11.98 11.93 11.81 11.54 10.50 11.63 11.76 11.88 10.24 11.39 11.82 12.52
11.04 11.04 11.06 11.08 11.10 11.12 11.14 11.17 11.21 11.24 11.29 11.33 11.38 11.41 11.45 11.49 11.52 11.57 11.60 11.63 11.66 11.69 11.72 11.75 11.78 11.80 11.81 11.83 11.83 11.85 11.85 11.86 11.86 11.87 11.88 11.89 11.89 11.88 11.87 11.85 11.85 11.84 11.83 11.82 11.80 11.80 11.79 11.78 11.78 11.78 11.78 11.80 11.82 11.83 11.85 11.88 11.92 11.95 12.00 12.05 12.10 12.15 12.17 12.20 12.15 12.16 12.04 11.85 11.63 8.66 8.49 10.89 11.77 11.29 12.17 12.40 11.40
11.08 11.11 11.12 11.14 11.12 11.15 11.20 11.23 11.25 11.27 11.32 11.37 11.40 11.43 11.46 11.50 11.52 11.57 11.62 11.64 11.67 11.68 11.70 11.73 11.76 11.79 11.80 11.82 11.82 11.84 11.84 11.85 11.85 11.85 11.85 11.86 11.88 11.87 11.86 11.86 11.85 11.85 11.85 11.84 11.83 11.83 11.84 11.83 11.84 11.86 11.87 11.88 11.91 11.93 11.96 12.00 12.04 12.06 12.11 12.17 12.23 12.29 12.33 12.28 12.31 12.31 12.20 10.91 11.89 10.79 9.05 9.21 10.09 10.38 11.78 12.02 11.22
11.10 11.13 11.17 11.20 11.21 11.23 11.25 11.27 11.30 11.33 11.36 11.39 11.42 11.45 11.49 11.53 11.55 11.58 11.62 11.65 11.68 11.69 11.71 11.74 11.76 11.77 11.79 11.81 11.82 11.83 11.84 11.84 11.85 11.85 11.85 11.85 11.86 11.86 11.87 11.86 11.86 11.86 11.86 11.87 11.87 11.88 11.88 11.89 11.91 11.93 11.96 11.98 12.01 12.04 12.07 12.10 12.12 12.15 12.19 12.27 12.35 12.42 12.49 12.54 12.38 12.49 12.45 12.33 11.22 9.77 8.54 9.22 9.75 10.89 11.39 11.78 11.91
11.11 11.15 11.20 11.23 11.25 11.28 11.29 11.32 11.34 11.36 11.40 11.42 11.45 11.47 11.50 11.54 11.56 11.59 11.62 11.64 11.68 11.68 11.71 11.73 11.75 11.76 11.77 11.79 11.81 11.82 11.82 11.83 11.83 11.83 11.83 11.83 11.84 11.85 11.86 11.86 11.87 11.87 11.88 11.88 11.90 11.92 11.93 11.95 11.97 11.99 12.03 12.06 12.09 12.11 12.14 12.16 12.18 12.25 12.30 12.36 12.43 12.52 12.62 12.67 12.70 12.66 12.14 11.84 11.31 12.04 11.50 10.13 10.35 10.31 10.87 11.50 12.05
