main/data/pressure/08.05.2023.grid
ncols 886
nrows 691
xllcenter 112.0000
yllcenter -44.5000
cellsize 0.0500
nodata_value 99999.90
[rows 296 to 332 of 691, columns 84 to 167 of 886]
9.19 9.20 9.12 9.06 9.07 9.01 8.90 8.73 8.76 8.56 8.42 8.03 7.98 7.95 8.38 8.29 8.20 8.16 8.14 8.09 7.98 7.80 7.75 7.66 7.53 7.50 7.55 7.52 7.53 7.45 7.36 7.40 7.28 7.26 7.20 7.19 7.07 7.17 7.20 7.16 7.14 7.12 7.00 6.71 6.81 6.91 6.91 6.75 6.42 6.51 6.61 6.64 6.58 6.45 6.50 6.55 6.49 6.42 6.36 6.31 6.14 6.48 6.56 6.62 6.61 6.65 6.72 6.74 6.76 6.80 6.73 6.51 6.62 6.70 6.87 6.93 7.04 7.08 7.09 7.08 7.18 7.22 7.26 7.28
9.03 9.07 9.07 9.02 9.00 8.94 8.88 8.81 8.75 8.61 8.55 8.23 8.26 8.27 8.27 8.23 8.14 8.13 8.15 8.05 7.98 7.74 7.72 7.56 7.33 7.60 7.71 7.66 7.57 7.56 7.51 7.46 7.19 7.22 7.23 7.27 7.26 7.25 7.25 7.22 7.20 7.14 7.10 6.88 7.00 6.99 6.96 6.88 6.57 6.46 6.53 6.63 6.61 6.59 6.62 6.57 6.51 6.41 6.45 6.45 6.53 6.55 6.58 6.66 6.68 6.72 6.75 6.76 6.80 6.82 6.73 6.50 6.85 6.80 6.80 6.87 7.00 7.06 6.98 6.73 7.05 7.09 7.27 7.29
8.86 8.94 8.95 8.96 8.78 8.85 8.76 8.63 8.55 8.38 8.55 8.44 8.40 8.27 8.13 8.24 8.23 8.11 8.13 8.02 7.90 7.74 7.88 7.60 7.34 7.74 7.77 7.71 7.63 7.53 7.33 7.29 7.32 7.14 7.18 7.06 7.28 7.30 7.28 7.25 7.21 7.16 7.15 7.09 7.05 7.03 6.99 6.95 6.91 6.77 6.76 6.74 6.72 6.65 6.55 6.52 6.44 6.25 6.22 6.24 6.35 6.59 6.62 6.63 6.72 6.76 6.77 6.79 6.81 6.83 6.82 6.77 6.88 6.88 6.87 6.89 6.99 7.03 6.95 6.86 6.96 7.13 7.27 7.13
8.68 8.80 8.70 8.85 8.76 8.65 8.68 8.61 7.97 7.27 8.43 8.34 8.23 7.96 8.02 8.23 8.21 8.16 8.09 8.03 7.99 7.91 7.91 7.71 7.46 7.74 7.79 7.70 7.63 7.54 7.34 7.39 7.18 7.32 7.38 7.18 7.39 7.33 7.31 7.26 7.27 7.01 7.18 7.14 7.09 7.05 7.01 6.91 6.75 6.84 6.83 6.78 6.73 6.65 6.57 6.37 6.34 6.33 6.33 6.39 6.47 6.62 6.63 6.54 6.73 6.75 6.76 6.76 6.78 6.81 6.84 6.86 6.88 6.88 6.86 6.86 6.83 6.92 7.01 7.00 7.09 7.21 7.23 6.79
8.46 8.55 8.61 8.74 8.69 8.49 8.58 8.34 8.19 8.28 8.12 8.14 8.28 8.14 8.16 8.20 8.20 8.13 8.06 8.04 8.02 7.98 7.94 7.92 7.88 7.82 7.80 7.73 7.61 7.40 7.41 7.57 7.20 7.24 7.44 7.29 7.39 7.38 7.36 7.30 6.75 7.23 7.20 7.15 7.10 6.98 6.95 6.97 6.88 6.82 6.74 6.68 6.73 6.67 6.56 6.38 6.53 6.47 6.53 6.57 6.60 6.67 6.68 6.69 6.73 6.75 6.75 6.75 6.75 6.77 6.83 6.83 6.85 6.85 6.83 6.84 6.91 6.88 7.02 7.08 7.13 7.21 7.24 6.91
8.73 8.51 8.64 8.61 8.65 8.57 8.52 8.54 8.39 8.36 8.29 8.27 8.29 8.26 8.23 8.19 8.14 8.05 8.00 8.02 8.00 7.96 7.93 7.90 7.85 7.81 7.77 7.74 7.70 7.64 7.62 7.55 7.55 7.48 7.43 7.42 7.40 7.39 7.35 7.32 7.04 7.23 7.20 7.16 6.98 6.79 6.85 6.90 6.89 6.77 6.79 6.66 6.66 6.53 6.69 6.52 6.55 6.61 6.62 6.63 6.65 6.69 6.71 6.73 6.75 6.75 6.76 6.75 6.74 6.76 6.78 6.75 6.77 6.82 6.80 6.83 6.94 6.99 7.06 7.10 7.13 7.18 7.22 7.10
8.49 8.40 8.48 8.39 8.43 8.54 8.50 8.48 8.36 8.35 8.31 8.29 8.27 8.24 8.20 8.17 8.11 8.08 8.06 8.03 7.98 7.95 7.61 7.60 7.76 7.74 7.71 7.69 7.68 7.63 7.56 7.45 7.32 7.49 7.48 7.46 7.43 7.39 7.35 7.30 7.20 7.21 7.18 7.10 6.82 6.51 6.77 6.76 6.65 6.43 6.55 6.56 6.52 6.52 6.73 6.44 6.60 6.67 6.65 6.64 6.67 6.67 6.67 6.74 6.76 6.76 6.76 6.76 6.76 6.74 6.73 6.64 6.78 6.85 6.87 6.87 6.89 6.99 7.03 7.06 7.07 7.11 7.16 7.17
8.52 8.39 8.52 8.22 8.27 8.21 8.42 8.40 8.32 8.32 8.30 8.27 8.24 8.21 8.18 8.14 8.10 8.07 8.03 7.98 7.94 7.88 7.72 7.78 7.74 7.67 7.63 7.62 7.62 7.59 7.55 7.42 7.34 7.46 7.28 7.40 7.39 7.38 7.35 7.31 7.24 7.21 7.19 7.17 6.96 6.85 6.91 6.97 6.85 6.78 6.87 6.82 6.77 6.76 6.78 6.72 6.72 6.64 6.62 6.68 6.70 6.69 6.61 6.74 6.76 6.78 6.77 6.78 6.77 6.78 6.78 6.76 6.85 6.89 6.92 6.94 6.91 6.95 7.02 7.02 6.99 7.06 7.11 7.19
8.51 8.49 8.33 8.06 8.15 8.02 8.32 8.33 8.30 8.28 8.25 8.22 8.19 8.15 8.12 8.08 8.04 8.01 7.97 7.93 7.89 7.84 7.80 7.75 7.68 7.60 7.56 7.57 7.58 7.54 7.49 7.41 7.40 7.45 7.40 7.35 7.26 7.34 7.34 7.29 7.22 7.00 6.44 7.17 7.15 7.12 7.07 7.01 6.92 6.90 6.92 6.92 6.90 6.86 6.84 6.82 6.76 6.51 6.62 6.68 6.75 6.74 6.73 6.77 6.78 6.79 6.79 6.78 6.78 6.78 6.79 6.83 6.90 6.94 6.98 6.98 6.94 6.97 7.03 7.07 7.08 7.10 7.16 7.23
8.47 8.40 8.23 7.91 8.32 8.23 8.28 8.24 8.25 8.22 8.19 8.15 8.11 8.08 8.04 8.00 7.97 7.95 7.92 7.87 7.83 7.80 7.75 7.70 7.62 7.52 7.48 7.52 7.54 7.49 7.43 7.37 7.42 7.42 7.40 7.36 7.33 7.36 7.33 7.28 7.25 7.19 6.70 6.98 7.15 7.14 7.10 7.06 7.05 7.00 6.93 6.91 6.93 6.91 6.88 6.66 6.68 6.80 6.77 6.78 6.78 6.78 6.78 6.76 6.78 6.80 6.80 6.80 6.75 6.73 6.80 6.87 6.96 7.01 7.03 7.05 7.03 7.04 7.09 7.15 7.17 7.14 7.22 7.29
8.36 8.37 8.36 8.34 8.26 8.23 8.22 8.14 8.15 8.13 8.11 8.08 8.04 8.00 7.96 7.92 7.90 7.89 7.86 7.82 7.77 7.73 7.67 7.62 7.58 7.48 7.43 7.47 7.50 7.45 7.35 7.31 7.37 7.38 7.36 7.35 7.32 7.31 7.30 7.28 7.22 7.09 6.94 7.01 7.12 7.13 7.11 7.07 7.01 6.95 6.88 6.79 6.87 6.93 6.79 6.60 6.68 6.80 6.82 6.82 6.82 6.82 6.81 6.80 6.81 6.80 6.80 6.81 6.79 6.81 6.84 6.91 6.99 7.05 7.08 7.11 7.11 7.14 7.17 7.19 7.13 7.13 7.26 7.33
8.23 8.11 8.22 8.19 8.19 8.13 8.11 8.06 8.05 8.05 8.03 8.00 7.98 7.95 7.88 7.82 7.80 7.80 7.80 7.77 7.72 7.67 7.61 7.53 7.56 7.45 7.42 7.43 7.46 7.46 7.36 7.31 7.33 7.33 7.33 7.30 7.28 7.27 7.26 7.26 7.23 7.18 7.17 7.15 7.09 7.12 7.09 7.06 6.99 6.89 6.97 6.90 6.96 6.93 6.89 6.78 6.80 6.85 6.84 6.86 6.86 6.85 6.85 6.83 6.83 6.81 6.80 6.83 6.84 6.88 6.85 6.93 6.98 7.07 7.14 7.17 7.19 7.22 7.24 7.26 7.26 7.25 7.34 7.39
8.12 8.03 8.03 7.96 8.04 8.14 8.09 7.97 7.95 7.95 7.93 7.92 7.90 7.87 7.82 7.77 7.70 7.62 7.73 7.72 7.69 7.64 7.61 7.58 7.53 7.50 7.46 7.42 7.43 7.45 7.37 7.28 7.24 7.31 7.30 7.25 7.23 7.21 7.22 7.22 7.21 7.17 7.14 7.11 7.12 7.09 7.05 6.99 6.86 6.94 6.97 7.01 6.99 6.90 6.74 6.60 6.77 6.83 6.85 6.89 6.89 6.87 6.87 6.86 6.85 6.83 6.79 6.83 6.87 6.86 6.93 6.99 7.03 7.11 7.18 7.22 7.25 7.28 7.30 7.32 7.33 7.35 7.40 7.43
8.12 8.07 8.01 7.88 7.91 8.02 8.09 7.91 7.89 7.88 7.85 7.81 7.80 7.81 7.76 7.73 7.65 7.35 7.56 7.65 7.62 7.60 7.53 7.49 7.48 7.42 7.40 7.37 7.42 7.45 7.29 7.29 7.29 7.33 7.26 7.21 7.19 7.15 7.18 7.20 7.19 7.12 7.07 7.08 7.14 7.07 7.04 6.77 7.02 7.02 6.98 6.99 6.99 6.96 6.88 6.85 6.85 6.85 6.85 6.90 6.92 6.92 6.90 6.88 6.86 6.85 6.84 6.88 6.93 6.97 7.01 7.05 7.12 7.19 7.23 7.27 7.31 7.33 7.36 7.39 7.40 7.42 7.45 7.48
8.02 8.00 7.95 7.90 7.82 7.88 7.92 7.88 7.83 7.83 7.80 7.64 7.70 7.71 7.71 7.55 7.56 7.45 7.51 7.58 7.54 7.51 7.48 7.45 7.43 7.41 7.42 7.44 7.45 7.42 7.36 7.37 7.38 7.34 7.29 7.26 7.23 7.20 7.21 7.23 7.22 7.08 7.01 7.14 7.14 6.97 7.02 7.03 6.87 6.88 6.93 6.99 6.99 6.99 6.96 6.92 6.86 6.84 6.86 6.92 6.93 6.94 6.94 6.92 6.87 6.82 6.87 6.94 7.00 7.04 7.07 7.11 7.18 7.23 7.28 7.33 7.36 7.38 7.42 7.45 7.47 7.48 7.52 7.54
7.93 7.86 7.85 7.81 7.76 7.77 7.73 7.72 7.68 7.77 7.76 7.67 7.72 7.68 7.62 7.59 7.57 7.52 7.50 7.52 7.52 7.46 7.46 7.43 7.42 7.43 7.47 7.48 7.41 7.40 7.34 7.41 7.37 7.36 7.35 7.33 7.30 7.28 7.28 7.29 7.31 7.25 7.13 7.16 7.09 6.96 7.03 6.59 7.02 6.90 7.01 7.01 7.02 7.00 6.98 6.95 6.92 6.83 6.85 6.90 6.88 6.99 6.95 6.92 6.87 6.85 6.93 7.02 7.08 7.11 7.13 7.19 7.23 7.25 7.34 7.38 7.39 7.43 7.46 7.49 7.51 7.53 7.54 7.47
7.85 7.75 7.63 7.67 7.72 7.75 7.74 7.70 7.69 7.74 7.72 7.62 7.71 7.65 7.51 7.45 7.57 7.56 7.53 7.54 7.53 7.50 7.48 7.48 7.47 7.48 7.51 7.48 7.42 7.38 7.25 7.47 7.43 7.42 7.42 7.42 7.40 7.38 7.40 7.42 7.37 7.29 7.13 6.83 6.62 6.79 6.96 6.96 7.10 6.91 6.97 6.97 7.03 7.01 6.98 6.96 6.97 6.88 6.85 6.94 7.00 7.02 6.99 6.90 6.92 6.97 7.03 7.09 7.13 7.16 7.22 7.26 7.26 7.27 7.36 7.41 7.44 7.46 7.49 7.52 7.53 7.54 7.52 7.47
7.82 7.83 7.74 7.78 7.78 7.73 7.74 7.78 7.77 7.77 7.76 7.72 7.72 7.70 7.60 7.67 7.63 7.60 7.54 7.55 7.55 7.53 7.53 7.55 7.53 7.52 7.54 7.49 7.47 7.47 7.51 7.52 7.48 7.48 7.50 7.50 7.48 7.50 7.50 7.47 7.44 7.39 7.27 7.00 6.48 6.84 7.08 6.97 7.18 7.08 7.03 6.92 7.03 7.03 7.01 6.94 6.94 6.92 6.98 7.02 7.05 7.05 6.98 6.89 6.96 7.04 7.06 7.11 7.17 7.21 7.26 7.31 7.33 7.34 7.41 7.42 7.46 7.46 7.52 7.54 7.55 7.56 7.56 7.55
7.79 7.85 7.85 7.84 7.77 7.71 7.75 7.75 7.78 7.77 7.75 7.74 7.72 7.71 7.68 7.63 7.58 7.58 7.56 7.55 7.57 7.56 7.57 7.58 7.58 7.57 7.56 7.55 7.55 7.56 7.57 7.56 7.54 7.55 7.56 7.57 7.58 7.53 7.58 7.56 7.53 7.51 7.48 7.49 7.30 7.23 7.35 7.25 7.08 7.26 7.19 7.10 7.11 7.11 6.98 6.92 6.93 6.98 7.09 7.01 7.11 7.11 7.04 6.98 7.01 7.05 7.02 7.09 7.20 7.25 7.28 7.27 7.35 7.41 7.41 7.36 7.34 7.36 7.49 7.57 7.58 7.59 7.59 7.60
7.83 7.84 7.81 7.82 7.80 7.78 7.77 7.77 7.77 7.77 7.75 7.74 7.72 7.69 7.67 7.66 7.61 7.58 7.56 7.56 7.57 7.59 7.60 7.62 7.61 7.59 7.58 7.60 7.61 7.61 7.60 7.61 7.61 7.62 7.63 7.63 7.55 7.46 7.53 7.55 7.58 7.54 7.59 7.57 7.51 7.46 7.47 7.44 7.41 7.36 7.32 7.21 7.09 7.25 7.03 6.99 7.12 7.22 7.12 7.14 7.15 7.19 7.10 7.03 7.04 7.05 6.99 7.12 7.18 7.24 7.31 7.35 7.40 7.39 7.38 7.32 7.38 7.39 7.57 7.59 7.59 7.59 7.60 7.60
7.83 7.81 7.81 7.80 7.80 7.78 7.78 7.77 7.76 7.74 7.73 7.72 7.67 7.65 7.58 7.59 7.60 7.61 7.60 7.60 7.60 7.61 7.63 6.69 7.64 7.63 7.63 7.64 7.65 7.65 7.64 7.66 7.67 7.67 7.66 7.59 7.38 7.34 7.50 7.57 7.58 7.58 7.61 7.63 7.63 7.60 7.57 7.55 7.53 7.47 7.45 7.35 7.17 7.32 7.37 7.35 7.32 7.30 7.20 7.08 7.16 7.24 7.18 7.12 7.04 7.07 7.09 7.14 7.24 7.24 7.29 7.40 7.37 7.32 7.35 7.43 7.50 7.53 7.59 7.60 7.59 7.60 7.61 7.60
7.79 7.77 7.74 7.69 7.73 7.75 7.73 7.67 7.60 7.68 7.56 7.69 7.63 7.64 7.53 7.52 7.62 7.63 7.65 7.65 7.63 7.63 7.66 7.66 7.65 7.68 7.69 7.67 7.67 7.68 7.69 7.70 7.70 7.72 7.72 7.69 7.66 7.63 7.63 7.65 7.63 7.60 7.61 7.65 7.68 7.70 7.69 7.67 7.64 7.61 7.59 7.55 7.56 7.50 7.48 7.48 7.44 7.38 7.33 7.25 7.22 7.23 7.24 7.20 7.13 7.15 7.20 7.25 7.26 7.25 7.27 7.44 7.33 7.33 7.42 7.44 7.53 7.59 7.61 7.61 7.60 7.60 7.61 7.61
7.74 7.73 7.66 7.52 7.65 7.71 7.70 7.66 7.51 7.57 7.63 7.63 7.45 7.64 7.62 7.63 7.67 7.67 7.68 7.67 7.66 7.67 7.67 7.69 7.69 7.69 7.69 7.69 7.70 7.72 7.72 7.73 7.75 7.76 7.76 7.76 7.75 7.74 7.73 7.71 7.68 7.65 7.68 7.71 7.72 7.73 7.72 7.72 7.74 7.73 7.70 7.68 7.57 7.60 7.60 7.54 7.45 7.44 7.43 7.35 7.28 7.23 7.24 7.21 7.18 7.22 7.23 7.16 7.23 7.25 7.27 7.32 7.35 7.39 7.44 7.47 7.58 7.62 7.64 7.63 7.61 7.60 7.60 7.61
7.65 7.67 7.64 7.54 7.64 7.68 7.69 7.63 7.45 7.73 7.74 7.76 7.74 7.72 7.70 7.70 7.70 7.70 7.69 7.68 7.69 7.68 7.69 7.66 7.68 7.69 7.71 7.72 7.74 7.74 7.76 7.78 7.80 7.81 7.83 7.82 7.82 7.80 7.81 7.80 7.74 7.75 7.80 7.81 7.80 7.77 7.77 7.77 7.78 7.79 7.79 7.77 7.76 7.71 7.61 7.58 7.54 7.52 7.49 7.41 7.32 7.26 7.26 7.23 7.19 7.26 7.26 7.27 7.29 7.29 7.26 7.24 7.27 7.32 7.48 7.52 7.60 7.65 7.68 7.67 7.65 7.61 7.58 7.60
7.64 7.61 7.57 7.49 7.57 7.61 7.64 7.68 7.72 7.76 7.75 7.74 7.71 7.72 7.71 7.71 7.69 7.69 7.69 7.69 7.69 7.52 7.55 7.62 7.67 7.68 7.68 7.70 7.74 7.76 7.78 7.81 7.84 7.87 7.89 7.90 7.90 7.89 7.90 7.89 7.85 7.88 7.94 7.94 7.92 7.89 7.92 7.86 7.75 7.85 7.89 7.90 7.87 7.81 7.72 7.68 7.66 7.63 7.58 7.49 7.38 7.31 7.27 7.27 7.28 7.33 7.35 7.38 7.40 7.34 7.28 7.27 7.30 7.35 7.51 7.53 7.62 7.67 7.72 7.71 7.68 7.64 7.61 7.63
7.67 7.64 7.62 7.56 7.55 7.58 7.60 7.66 7.74 7.73 7.73 7.72 7.69 7.64 7.68 7.69 7.68 7.67 7.69 7.58 7.37 6.91 7.28 7.56 7.67 7.68 7.59 7.66 7.73 7.76 7.76 7.79 7.85 7.90 7.95 7.97 7.99 7.99 8.00 8.01 8.01 8.05 8.07 8.06 8.03 8.01 8.00 7.96 7.94 7.99 8.00 8.00 7.95 7.89 7.87 7.85 7.83 7.77 7.70 7.59 7.47 7.42 7.37 7.33 7.34 7.38 7.40 7.44 7.48 7.44 7.41 7.41 7.42 7.48 7.55 7.59 7.63 7.68 7.72 7.72 7.69 7.67 7.67 7.68
7.73 7.70 7.68 7.63 7.61 7.60 7.62 7.67 7.75 7.73 7.71 7.69 7.67 7.64 7.65 7.65 7.62 7.62 7.62 7.54 7.39 7.26 7.39 7.56 7.65 7.66 7.65 7.67 7.71 7.72 7.69 7.71 7.83 7.91 7.97 8.04 8.07 8.09 8.11 8.13 8.14 8.12 8.12 8.11 8.10 8.09 8.09 8.06 8.05 8.05 8.05 8.03 8.00 7.97 7.95 7.94 7.90 7.86 7.82 7.72 7.63 7.57 7.51 7.46 7.47 7.47 7.48 7.51 7.56 7.55 7.54 7.54 7.52 7.52 7.55 7.59 7.63 7.64 7.65 7.67 7.68 7.69 7.69 7.68
7.74 7.71 7.66 7.61 7.50 7.58 7.62 7.68 7.75 7.74 7.71 7.67 7.67 7.65 7.62 7.56 7.58 7.59 7.62 7.60 7.58 7.63 7.59 7.64 7.65 7.64 7.65 7.66 7.69 7.70 7.74 7.76 7.84 7.93 8.01 8.08 8.13 8.17 8.19 8.19 8.17 8.16 8.15 8.13 8.09 8.09 8.09 8.08 8.08 8.07 8.06 8.05 8.03 8.02 8.00 7.98 7.81 7.77 7.88 7.82 7.78 7.68 7.62 7.58 7.58 7.58 7.56 7.59 7.63 7.65 7.64 7.64 7.60 7.53 7.53 7.58 7.61 7.62 7.65 7.66 7.69 7.71 7.70 7.68
7.71 7.69 7.67 7.62 7.56 7.57 7.63 7.71 7.75 7.74 7.73 7.70 7.70 7.61 7.19 7.43 7.59 7.62 7.67 7.67 7.67 7.67 7.65 7.65 7.65 7.64 7.63 7.64 7.66 7.67 7.71 7.78 7.87 7.97 8.06 8.13 8.19 8.22 8.22 8.19 8.14 8.10 8.09 8.09 8.06 8.05 8.04 8.06 8.07 8.06 8.04 8.02 8.02 8.03 8.01 7.96 7.75 7.68 7.81 7.81 7.76 7.71 7.66 7.64 7.65 7.66 7.67 7.68 7.70 7.72 7.72 7.71 7.67 7.62 7.59 7.60 7.60 7.63 7.66 7.69 7.73 7.75 7.76 7.75
7.67 7.66 7.66 7.63 7.60 7.58 7.63 7.73 7.76 7.75 7.74 7.72 7.71 7.68 7.51 7.56 7.66 7.67 7.67 7.66 7.64 7.67 7.68 7.65 7.64 7.63 7.63 7.62 7.62 7.64 7.66 7.78 7.90 8.00 8.08 8.17 8.23 8.25 8.23 8.19 8.13 8.07 8.04 8.03 7.99 7.99 8.00 8.02 8.05 8.06 8.05 7.99 8.00 8.02 8.02 8.00 7.90 7.83 7.83 7.79 7.72 7.71 7.69 7.69 7.69 7.72 7.75 7.76 7.76 7.78 7.78 7.78 7.76 7.71 7.67 7.65 7.64 7.66 7.67 7.71 7.77 7.81 7.84 7.82
7.64 7.63 7.63 7.63 7.58 7.50 7.59 7.74 7.76 7.74 7.74 7.73 7.72 7.70 7.68 7.68 7.66 7.65 7.63 7.62 7.63 7.64 7.67 7.66 7.65 7.64 7.64 7.64 7.63 7.63 7.64 7.77 7.93 8.02 8.10 8.19 8.23 8.25 8.23 8.19 8.13 8.07 8.01 7.95 7.87 7.93 7.98 7.98 8.01 8.05 8.04 8.01 7.99 7.97 7.99 8.00 7.97 7.93 7.88 7.83 7.79 7.77 7.75 7.75 7.75 7.77 7.80 7.81 7.80 7.81 7.82 7.82 7.82 7.80 7.76 7.73 7.72 7.71 7.72 7.76 7.82 7.86 7.89 7.90
7.63 7.64 7.61 7.65 7.67 7.41 7.53 7.77 7.76 7.74 7.73 7.73 7.72 7.69 7.67 7.65 7.64 7.61 7.58 7.58 7.59 7.61 7.67 7.66 7.67 7.66 7.67 7.67 7.66 7.64 7.62 7.77 7.92 8.01 8.07 8.15 8.21 8.24 8.24 8.21 8.14 8.06 8.03 7.99 7.99 7.97 7.97 7.91 7.98 8.01 8.02 8.01 7.96 7.93 7.94 7.97 7.98 7.97 7.92 7.90 7.87 7.83 7.82 7.80 7.80 7.81 7.83 7.84 7.84 7.85 7.86 7.86 7.86 7.86 7.84 7.81 7.79 7.77 7.76 7.78 7.84 7.76 7.85 7.93
7.65 7.67 7.69 7.69 7.71 7.61 7.68 7.78 7.76 7.72 7.69 7.68 7.66 7.64 7.63 7.63 7.61 7.58 7.56 7.56 7.57 7.60 7.66 7.67 7.69 7.69 7.69 7.71 7.73 7.77 7.78 7.85 7.92 7.99 8.08 8.15 8.19 8.22 8.25 8.22 8.16 8.11 8.08 8.06 8.06 8.05 8.01 7.94 7.97 7.99 7.98 7.96 7.92 7.89 7.89 7.89 7.89 7.95 7.96 7.94 7.92 7.87 7.84 7.83 7.83 7.83 7.84 7.85 7.85 7.87 7.85 7.85 7.89 7.91 7.90 7.88 7.86 7.84 7.83 7.83 7.81 7.73 7.85 7.97
7.68 7.73 7.73 7.62 7.70 7.77 7.80 7.77 7.74 7.70 7.62 7.55 7.54 7.56 7.59 7.60 7.58 7.55 7.54 7.53 7.54 7.57 7.64 7.67 7.69 7.71 7.71 7.70 7.72 7.73 7.75 7.88 7.94 8.03 8.12 8.17 8.17 8.22 8.26 8.23 8.19 8.16 8.16 8.13 8.09 8.07 8.06 8.05 8.02 7.99 7.97 7.93 7.91 7.87 7.88 7.86 7.85 7.91 7.92 7.93 7.93 7.87 7.83 7.84 7.84 7.84 7.83 7.84 7.84 7.88 7.84 7.83 7.90 7.93 7.94 7.94 7.93 7.91 7.88 7.86 7.90 7.91 7.95 8.01
7.73 7.77 7.63 7.37 7.66 7.82 7.80 7.77 7.73 7.68 7.59 7.44 7.43 7.52 7.54 7.55 7.55 7.52 7.50 7.48 7.49 7.51 7.60 7.67 7.69 7.71 7.71 7.72 7.74 7.75 7.78 7.88 7.96 8.06 8.15 8.19 8.21 8.24 8.26 8.24 8.23 8.25 8.30 8.21 8.08 8.02 8.01 8.06 8.04 8.00 7.98 7.96 7.96 7.95 7.93 7.91 7.88 7.88 7.89 7.90 7.88 7.84 7.81 7.80 7.79 7.78 7.77 7.81 7.83 7.87 7.89 7.91 7.92 7.90 7.95 7.98 7.98 7.95 7.88 7.79 7.89 7.96 8.02 8.04
7.74 7.81 7.71 7.45 7.85 7.82 7.78 7.76 7.72 7.69 7.65 7.60 7.57 7.51 7.49 7.51 7.53 7.50 7.46 7.44 7.43 7.43 7.53 7.62 7.69 7.69 7.70 7.74 7.77 7.77 7.80 7.89 7.98 8.09 8.17 8.20 8.23 8.26 8.27 8.27 8.24 8.23 8.30 8.29 8.07 7.99 7.94 8.03 8.03 8.00 8.00 8.00 8.01 8.00 7.98 7.96 7.93 7.89 7.88 7.88 7.86 7.81 7.76 7.73 7.70 7.68 7.70 7.79 7.84 7.84 7.86 7.85 7.88 7.90 7.93 7.97 8.01 8.02 7.96 7.92 7.96 8.02 8.06 8.07
7.78 7.83 7.84 7.76 7.84 7.81 7.76 7.73 7.70 7.64 7.57 7.60 7.58 7.54 7.52 7.53 7.53 7.51 7.48 7.46 7.44 7.43 7.51 7.60 7.67 7.68 7.70 7.73 7.76 7.77 7.82 7.90 8.01 8.11 8.16 8.20 8.22 8.24 8.26 8.26 8.25 8.19 8.20 8.17 8.13 8.09 7.99 8.02 8.00 7.98 8.03 8.04 8.01 7.99 7.98 7.98 7.96 7.95 7.93 7.92 7.90 7.83 7.76 7.72 7.68 7.67 7.74 7.80 7.79 7.76 7.77 7.79 7.83 7.87 7.91 7.96 8.00 8.04 8.03 8.07 8.07 8.05 8.10 8.10
