main/data/pressure/08.03.2023.grid
ncols 886
nrows 691
xllcenter 112.0000
yllcenter -44.5000
cellsize 0.0500
nodata_value 99999.90
[rows 70 to 104 of 691, columns 79 to 157 of 886]
34.99 35.01 35.04 35.06 35.08 35.12 35.15 35.17 35.20 35.23 35.27 35.30 35.33 35.36 35.40 35.43 35.46 35.50 35.53 35.58 35.61 35.65 35.69 35.73 35.78 35.82 35.87 35.91 35.96 36.01 36.06 36.11 36.16 36.22 36.27 36.32 36.38 36.45 36.51 36.57 36.63 36.69 36.77 36.83 36.90 36.97 37.05 37.13 37.20 37.28 37.36 37.45 37.53 37.62 37.70 37.79 37.89 37.99 38.08 38.18 38.28 38.39 38.49 38.61 38.72 38.83 38.95 39.07 39.19 39.31 39.44 39.57 39.70 39.84 39.97 40.11 40.26 40.40 40.54
35.01 35.03 35.07 35.09 35.12 35.15 35.17 35.21 35.24 35.27 35.30 35.33 35.37 35.41 35.44 35.47 35.51 35.55 35.59 35.63 35.67 35.72 35.76 35.80 35.84 35.88 35.94 35.98 36.03 36.08 36.13 36.19 36.24 36.30 36.35 36.42 36.48 36.54 36.60 36.67 36.73 36.80 36.87 36.95 37.02 37.09 37.17 37.24 37.33 37.41 37.49 37.58 37.66 37.76 37.85 37.95 38.04 38.15 38.25 38.35 38.45 38.56 38.67 38.78 38.91 39.02 39.14 39.26 39.39 39.52 39.66 39.79 39.92 40.06 40.20 40.35 40.49 40.62 40.70
35.04 35.07 35.10 35.12 35.16 35.19 35.22 35.25 35.28 35.32 35.35 35.38 35.42 35.45 35.50 35.53 35.57 35.61 35.65 35.69 35.73 35.78 35.82 35.87 35.92 35.96 36.01 36.06 36.12 36.17 36.22 36.27 36.34 36.39 36.45 36.51 36.58 36.64 36.71 36.77 36.84 36.92 36.99 37.06 37.13 37.22 37.30 37.38 37.46 37.54 37.64 37.72 37.81 37.91 38.01 38.11 38.21 38.31 38.41 38.53 38.63 38.74 38.86 38.97 39.10 39.22 39.35 39.47 39.60 39.73 39.87 40.01 40.15 40.30 40.44 40.59 40.70 40.75 40.74
35.07 35.11 35.14 35.17 35.20 35.23 35.26 35.30 35.33 35.36 35.40 35.43 35.48 35.51 35.55 35.59 35.63 35.67 35.71 35.75 35.80 35.85 35.90 35.94 35.99 36.05 36.09 36.14 36.20 36.25 36.31 36.37 36.43 36.49 36.56 36.62 36.68 36.74 36.81 36.89 36.96 37.03 37.11 37.19 37.27 37.35 37.43 37.52 37.60 37.69 37.78 37.88 37.97 38.07 38.17 38.28 38.38 38.49 38.59 38.70 38.82 38.94 39.06 39.18 39.30 39.43 39.56 39.69 39.82 39.96 40.10 40.24 40.38 40.54 40.68 40.79 40.80 40.77 40.73
35.12 35.15 35.18 35.22 35.25 35.28 35.31 35.34 35.38 35.42 35.46 35.49 35.53 35.58 35.62 35.65 35.70 35.74 35.78 35.83 35.88 35.92 35.97 36.03 36.08 36.13 36.18 36.24 36.29 36.35 36.41 36.46 36.53 36.60 36.66 36.72 36.80 36.87 36.93 37.01 37.09 37.16 37.24 37.32 37.40 37.49 37.57 37.66 37.75 37.85 37.94 38.04 38.14 38.24 38.34 38.45 38.55 38.67 38.78 38.90 39.01 39.14 39.26 39.39 39.51 39.64 39.78 39.92 40.06 40.20 40.34 40.49 40.63 40.76 40.84 40.84 40.81 40.77 40.73
35.16 35.20 35.23 35.26 35.29 35.33 35.37 35.40 35.44 35.48 35.51 35.56 35.60 35.64 35.68 35.72 35.77 35.82 35.86 35.91 35.95 36.01 36.06 36.11 36.16 36.22 36.28 36.33 36.39 36.45 36.52 36.58 36.64 36.70 36.78 36.85 36.91 36.98 37.07 37.14 37.22 37.29 37.38 37.46 37.55 37.63 37.73 37.82 37.91 38.01 38.11 38.21 38.31 38.41 38.53 38.64 38.75 38.86 38.99 39.10 39.22 39.35 39.47 39.61 39.74 39.88 40.01 40.15 40.30 40.45 40.60 40.74 40.85 40.89 40.88 40.84 40.81 40.77 40.73
35.21 35.24 35.28 35.31 35.35 35.39 35.42 35.46 35.50 35.55 35.59 35.62 35.67 35.71 35.76 35.80 35.85 35.89 35.95 36.00 36.05 36.10 36.15 36.21 36.26 36.32 36.37 36.44 36.50 36.56 36.62 36.69 36.76 36.83 36.90 36.97 37.05 37.12 37.20 37.27 37.36 37.44 37.53 37.61 37.71 37.80 37.89 37.98 38.09 38.18 38.28 38.39 38.50 38.61 38.72 38.83 38.95 39.07 39.19 39.31 39.44 39.57 39.70 39.83 39.98 40.12 40.26 40.40 40.55 40.71 40.84 40.94 40.94 40.91 40.87 40.83 40.80 40.76 40.72
35.26 35.31 35.34 35.38 35.41 35.45 35.49 35.53 35.57 35.61 35.65 35.71 35.75 35.79 35.84 35.88 35.94 35.99 36.03 36.08 36.14 36.20 36.25 36.31 36.36 36.42 36.49 36.55 36.61 36.67 36.75 36.81 36.88 36.95 37.03 37.11 37.18 37.26 37.35 37.43 37.51 37.59 37.69 37.78 37.87 37.96 38.06 38.16 38.26 38.37 38.47 38.58 38.69 38.80 38.92 39.04 39.16 39.29 39.41 39.54 39.67 39.81 39.94 40.08 40.22 40.36 40.52 40.67 40.81 40.93 41.00 40.99 40.95 40.91 40.87 40.83 40.79 40.76 40.72
35.33 35.36 35.40 35.44 35.48 35.52 35.56 35.60 35.64 35.70 35.74 35.78 35.83 35.87 35.92 35.98 36.03 36.08 36.13 36.19 36.24 36.30 36.35 36.41 36.48 36.54 36.60 36.66 36.74 36.80 36.87 36.94 37.02 37.09 37.17 37.24 37.33 37.41 37.49 37.58 37.67 37.76 37.85 37.94 38.05 38.14 38.24 38.34 38.45 38.56 38.67 38.78 38.90 39.01 39.13 39.26 39.38 39.51 39.64 39.78 39.91 40.05 40.18 40.34 40.48 40.63 40.78 40.93 41.04 41.05 41.02 40.99 40.95 40.91 40.87 40.83 40.79 40.75 40.72
35.39 35.44 35.47 35.51 35.55 35.59 35.64 35.69 35.73 35.77 35.82 35.87 35.92 35.97 36.02 36.07 36.12 36.17 36.24 36.29 36.35 36.41 36.47 36.53 36.60 36.66 36.72 36.80 36.87 36.93 37.00 37.09 37.16 37.24 37.31 37.40 37.48 37.57 37.65 37.75 37.84 37.93 38.03 38.13 38.22 38.32 38.44 38.54 38.65 38.77 38.88 38.99 39.11 39.24 39.36 39.48 39.61 39.75 39.88 40.02 40.15 40.31 40.45 40.60 40.76 40.90 41.03 41.09 41.10 41.06 41.02 40.98 40.94 40.91 40.87 40.83 40.79 40.75 40.72
35.47 35.51 35.55 35.59 35.63 35.68 35.73 35.77 35.81 35.86 35.91 35.97 36.02 36.07 36.12 36.17 36.23 36.29 36.34 36.40 36.47 36.53 36.59 36.65 36.72 36.79 36.86 36.93 37.00 37.08 37.16 37.23 37.31 37.40 37.48 37.56 37.64 37.74 37.83 37.92 38.01 38.12 38.21 38.31 38.42 38.53 38.63 38.74 38.86 38.97 39.09 39.22 39.34 39.46 39.59 39.73 39.86 39.99 40.14 40.28 40.42 40.57 40.73 40.88 41.02 41.14 41.16 41.14 41.10 41.05 41.02 40.98 40.94 40.90 40.87 40.83 40.79 40.75 40.71
35.54 35.58 35.62 35.68 35.72 35.77 35.81 35.86 35.92 35.97 36.01 36.07 36.12 36.18 36.23 36.29 36.34 36.40 36.47 36.53 36.59 36.66 36.72 36.79 36.86 36.93 37.00 37.08 37.16 37.23 37.31 37.39 37.48 37.56 37.64 37.73 37.83 37.91 38.01 38.10 38.21 38.31 38.41 38.52 38.62 38.73 38.85 38.96 39.08 39.20 39.33 39.45 39.57 39.71 39.84 39.97 40.11 40.26 40.40 40.54 40.70 40.85 41.00 41.13 41.21 41.21 41.17 41.14 41.10 41.05 41.01 40.98 40.94 40.90 40.86 40.83 40.79 40.75 40.71
35.62 35.67 35.72 35.76 35.81 35.86 35.92 35.97 36.02 36.07 36.12 36.17 36.24 36.29 36.35 36.41 36.46 36.53 36.60 36.66 36.72 36.79 36.87 36.93 37.00 37.08 37.16 37.23 37.31 37.39 37.47 37.56 37.64 37.73 37.83 37.91 38.01 38.10 38.21 38.30 38.40 38.51 38.62 38.73 38.84 38.96 39.07 39.19 39.31 39.44 39.56 39.69 39.83 39.96 40.10 40.24 40.38 40.53 40.68 40.83 40.98 41.13 41.25 41.27 41.24 41.21 41.17 41.13 41.10 41.05 41.01 40.97 40.93 40.90 40.86 40.82 40.78 40.75 40.71
35.72 35.76 35.81 35.86 35.92 35.97 36.02 36.07 36.12 36.18 36.24 36.30 36.35 36.41 36.47 36.53 36.60 36.67 36.73 36.80 36.86 36.94 37.01 37.08 37.16 37.24 37.32 37.39 37.47 37.56 37.65 37.73 37.82 37.91 38.01 38.10 38.20 38.31 38.41 38.51 38.61 38.73 38.83 38.95 39.07 39.18 39.30 39.42 39.56 39.68 39.81 39.95 40.09 40.22 40.37 40.52 40.66 40.82 40.97 41.12 41.25 41.32 41.31 41.28 41.25 41.20 41.16 41.13 41.09 41.05 41.01 40.97 40.93 40.89 40.86 40.82 40.78 40.74 40.72
35.81 35.86 35.92 35.97 36.02 36.08 36.13 36.18 36.24 36.30 36.36 36.42 36.48 36.54 36.61 36.67 36.74 36.81 36.87 36.95 37.02 37.09 37.17 37.24 37.33 37.40 37.48 37.57 37.65 37.74 37.83 37.92 38.01 38.11 38.21 38.30 38.41 38.51 38.62 38.72 38.84 38.95 39.06 39.19 39.30 39.42 39.55 39.68 39.81 39.95 40.08 40.22 40.36 40.51 40.65 40.80 40.96 41.11 41.25 41.37 41.38 41.35 41.32 41.28 41.24 41.21 41.16 41.12 41.09 41.05 41.01 40.98 40.94 40.89 40.85 40.83 40.79 40.75 40.71
35.92 35.98 36.03 36.08 36.14 36.19 36.26 36.31 36.37 36.43 36.49 36.55 36.61 36.69 36.75 36.82 36.89 36.95 37.04 37.11 37.18 37.25 37.33 37.42 37.50 37.58 37.66 37.76 37.84 37.93 38.02 38.12 38.22 38.32 38.41 38.52 38.63 38.73 38.84 38.96 39.07 39.19 39.31 39.43 39.55 39.69 39.81 39.94 40.08 40.22 40.36 40.50 40.65 40.80 40.95 41.11 41.26 41.37 41.43 41.43 41.39 41.36 41.31 41.27 41.24 41.20 41.16 41.12 41.08 41.04 41.01 40.97 40.93 40.90 40.86 40.82 40.78 40.75 40.71
36.04 36.09 36.15 36.20 36.26 36.33 36.38 36.44 36.50 36.57 36.63 36.70 36.77 36.83 36.90 36.97 37.04 37.12 37.20 37.27 37.35 37.43 37.52 37.60 37.68 37.77 37.85 37.95 38.04 38.13 38.24 38.33 38.43 38.53 38.63 38.75 38.85 38.96 39.09 39.20 39.32 39.43 39.56 39.69 39.81 39.95 40.08 40.22 40.37 40.51 40.65 40.80 40.95 41.10 41.26 41.39 41.48 41.49 41.46 41.43 41.39 41.35 41.31 41.27 41.23 41.20 41.16 41.12 41.08 41.05 41.00 40.97 40.93 40.89 40.85 40.83 40.79 40.75 40.72
36.16 36.21 36.27 36.33 36.40 36.46 36.52 36.58 36.65 36.71 36.79 36.85 36.92 36.99 37.06 37.14 37.22 37.29 37.37 37.45 37.53 37.62 37.70 37.79 37.88 37.96 38.06 38.16 38.25 38.35 38.45 38.55 38.66 38.76 38.88 38.98 39.10 39.22 39.33 39.45 39.57 39.71 39.83 39.96 40.10 40.23 40.37 40.52 40.66 40.80 40.96 41.11 41.26 41.41 41.52 41.54 41.53 41.50 41.45 41.42 41.38 41.35 41.31 41.27 41.24 41.19 41.15 41.12 41.08 41.04 41.01 40.97 40.93 40.90 40.86 40.82 40.79 40.75 40.72
36.28 36.34 36.41 36.48 36.54 36.60 36.67 36.73 36.80 36.88 36.94 37.01 37.09 37.16 37.23 37.32 37.40 37.48 37.56 37.64 37.73 37.82 37.90 37.99 38.08 38.18 38.28 38.37 38.47 38.57 38.68 38.79 38.89 39.01 39.12 39.23 39.35 39.48 39.60 39.72 39.85 39.98 40.11 40.24 40.39 40.53 40.67 40.82 40.97 41.12 41.28 41.42 41.55 41.60 41.59 41.57 41.53 41.49 41.46 41.42 41.37 41.34 41.30 41.26 41.23 41.19 41.16 41.12 41.08 41.05 41.01 40.98 40.94 40.90 40.86 40.83 40.79 40.75 40.73
36.43 36.49 36.56 36.62 36.69 36.75 36.82 36.89 36.97 37.04 37.11 37.19 37.26 37.34 37.43 37.50 37.59 37.67 37.75 37.84 37.93 38.02 38.11 38.20 38.30 38.40 38.50 38.60 38.70 38.82 38.92 39.03 39.14 39.26 39.38 39.50 39.62 39.75 39.87 40.00 40.14 40.27 40.41 40.55 40.69 40.84 40.99 41.14 41.29 41.45 41.57 41.64 41.65 41.63 41.59 41.56 41.52 41.49 41.45 41.41 41.38 41.34 41.30 41.27 41.23 41.20 41.15 41.11 41.08 41.04 41.00 40.97 40.93 40.91 40.87 40.83 40.80 40.76 40.73
36.58 36.64 36.71 36.78 36.85 36.92 36.99 37.07 37.14 37.22 37.29 37.37 37.45 37.54 37.62 37.70 37.79 37.87 37.96 38.06 38.15 38.24 38.33 38.43 38.54 38.64 38.74 38.84 38.96 39.07 39.18 39.29 39.40 39.53 39.65 39.77 39.90 40.03 40.16 40.29 40.44 40.57 40.71 40.87 41.01 41.16 41.32 41.47 41.60 41.70 41.70 41.68 41.66 41.62 41.59 41.55 41.51 41.48 41.44 41.40 41.37 41.33 41.30 41.26 41.22 41.19 41.15 41.12 41.08 41.04 41.01 40.97 40.94 40.91 40.87 40.84 40.80 40.77 40.74
36.74 36.80 36.87 36.94 37.02 37.10 37.17 37.25 37.33 37.40 37.48 37.56 37.65 37.74 37.82 37.91 38.00 38.09 38.19 38.28 38.38 38.47 38.57 38.67 38.78 38.89 38.99 39.10 39.22 39.33 39.45 39.56 39.68 39.81 39.94 40.06 40.20 40.33 40.47 40.60 40.75 40.89 41.04 41.20 41.35 41.49 41.63 41.74 41.75 41.74 41.71 41.69 41.65 41.61 41.58 41.55 41.51 41.48 41.44 41.41 41.37 41.33 41.30 41.26 41.23 41.19 41.16 41.12 41.08 41.05 41.01 40.98 40.94 40.91 40.88 40.84 40.80 40.78 40.74
36.90 36.97 37.05 37.12 37.21 37.28 37.36 37.44 37.52 37.60 37.68 37.77 37.86 37.95 38.04 38.13 38.22 38.32 38.42 38.52 38.62 38.72 38.82 38.92 39.04 39.15 39.26 39.37 39.49 39.61 39.73 39.85 39.97 40.11 40.24 40.37 40.51 40.65 40.79 40.94 41.08 41.23 41.38 41.54 41.67 41.78 41.80 41.79 41.76 41.74 41.70 41.68 41.64 41.60 41.58 41.54 41.51 41.47 41.43 41.41 41.37 41.34 41.30 41.26 41.23 41.19 41.16 41.12 41.09 41.05 41.01 40.99 40.95 40.92 40.88 40.85 40.82 40.78 40.75
37.08 37.16 37.24 37.32 37.40 37.48 37.56 37.64 37.73 37.81 37.90 37.99 38.09 38.18 38.27 38.36 38.46 38.56 38.67 38.77 38.87 38.97 39.08 39.19 39.31 39.42 39.54 39.65 39.77 39.90 40.03 40.15 40.28 40.42 40.56 40.69 40.84 40.98 41.12 41.27 41.43 41.58 41.71 41.82 41.84 41.84 41.82 41.79 41.76 41.73 41.69 41.67 41.63 41.60 41.57 41.53 41.51 41.47 41.44 41.40 41.36 41.34 41.30 41.27 41.23 41.20 41.16 41.12 41.09 41.06 41.03 40.99 40.96 40.92 40.89 40.86 40.82 40.80 40.76
37.27 37.35 37.44 37.52 37.60 37.69 37.77 37.86 37.95 38.04 38.13 38.22 38.32 38.42 38.51 38.61 38.71 38.81 38.92 39.03 39.14 39.25 39.36 39.47 39.60 39.71 39.83 39.95 40.08 40.21 40.34 40.47 40.60 40.75 40.89 41.03 41.17 41.33 41.48 41.62 41.76 41.86 41.88 41.88 41.86 41.83 41.81 41.78 41.75 41.72 41.69 41.66 41.63 41.59 41.57 41.53 41.50 41.47 41.44 41.40 41.36 41.34 41.30 41.27 41.23 41.20 41.16 41.14 41.10 41.07 41.03 41.00 40.97 40.93 40.90 40.87 40.84 40.81 40.77
37.47 37.55 37.65 37.73 37.82 37.91 38.00 38.09 38.18 38.27 38.37 38.47 38.57 38.67 38.77 38.87 38.98 39.08 39.20 39.31 39.42 39.53 39.65 39.77 39.90 40.02 40.14 40.27 40.40 40.54 40.67 40.81 40.94 41.09 41.24 41.38 41.53 41.68 41.80 41.89 41.92 41.91 41.89 41.87 41.85 41.82 41.80 41.77 41.73 41.71 41.68 41.66 41.62 41.59 41.56 41.53 41.50 41.47 41.44 41.40 41.36 41.34 41.30 41.27 41.23 41.21 41.17 41.14 41.10 41.08 41.04 41.01 40.98 40.95 40.91 40.88 40.85 40.82 40.79
37.68 37.78 37.87 37.96 38.05 38.14 38.23 38.33 38.42 38.52 38.62 38.73 38.83 38.93 39.04 39.15 39.26 39.37 39.48 39.60 39.72 39.84 39.96 40.08 40.20 40.34 40.47 40.60 40.73 40.87 41.02 41.16 41.30 41.45 41.60 41.73 41.85 41.93 41.94 41.94 41.92 41.90 41.88 41.86 41.83 41.81 41.78 41.76 41.73 41.71 41.67 41.65 41.62 41.58 41.56 41.53 41.50 41.47 41.43 41.40 41.37 41.34 41.30 41.28 41.24 41.21 41.18 41.15 41.11 41.09 41.05 41.02 40.99 40.96 40.92 40.90 40.86 40.84 40.80
37.92 38.01 38.10 38.19 38.29 38.38 38.48 38.58 38.68 38.78 38.89 38.99 39.10 39.21 39.32 39.44 39.55 39.66 39.78 39.90 40.03 40.15 40.28 40.41 40.54 40.67 40.81 40.95 41.08 41.23 41.38 41.52 41.66 41.79 41.90 41.95 41.96 41.95 41.95 41.92 41.90 41.89 41.86 41.84 41.82 41.80 41.77 41.75 41.72 41.70 41.67 41.64 41.62 41.58 41.56 41.53 41.50 41.47 41.43 41.41 41.37 41.35 41.31 41.28 41.25 41.22 41.18 41.16 41.12 41.10 41.06 41.03 41.00 40.97 40.94 40.91 40.88 40.85 40.82
38.16 38.25 38.35 38.44 38.54 38.64 38.75 38.85 38.95 39.06 39.17 39.28 39.40 39.51 39.62 39.74 39.86 39.98 40.10 40.22 40.35 40.49 40.62 40.75 40.88 41.02 41.17 41.31 41.45 41.60 41.73 41.85 41.94 41.96 41.97 41.97 41.96 41.94 41.92 41.91 41.89 41.87 41.85 41.83 41.80 41.79 41.76 41.74 41.72 41.69 41.67 41.64 41.61 41.58 41.55 41.53 41.49 41.47 41.44 41.41 41.38 41.35 41.32 41.29 41.26 41.23 41.19 41.17 41.13 41.11 41.07 41.05 41.01 40.99 40.95 40.93 40.89 40.87 40.84
38.41 38.51 38.61 38.71 38.81 38.92 39.02 39.13 39.24 39.35 39.46 39.58 39.69 39.81 39.94 40.06 40.18 40.31 40.44 40.57 40.70 40.83 40.96 41.11 41.25 41.39 41.53 41.67 41.80 41.91 41.95 41.97 41.97 41.97 41.96 41.94 41.94 41.92 41.90 41.90 41.88 41.85 41.84 41.82 41.80 41.78 41.76 41.73 41.71 41.68 41.65 41.64 41.61 41.58 41.55 41.53 41.50 41.48 41.44 41.42 41.39 41.36 41.33 41.30 41.27 41.24 41.21 41.18 41.15 41.12 41.09 41.06 41.03 41.00 40.97 40.95 40.92 40.89 40.87
38.67 38.78 38.88 38.99 39.10 39.21 39.32 39.43 39.54 39.66 39.78 39.90 40.02 40.14 40.26 40.39 40.53 40.66 40.79 40.92 41.06 41.20 41.34 41.49 41.62 41.75 41.86 41.92 41.95 41.97 41.97 41.96 41.95 41.95 41.94 41.93 41.91 41.91 41.89 41.87 41.85 41.84 41.82 41.80 41.79 41.77 41.75 41.73 41.70 41.68 41.65 41.64 41.61 41.59 41.56 41.54 41.51 41.47 41.45 41.42 41.40 41.36 41.34 41.31 41.28 41.26 41.22 41.20 41.16 41.14 41.11 41.08 41.05 41.03 40.99 40.97 40.95 40.91 40.89
38.95 39.05 39.17 39.28 39.39 39.51 39.63 39.74 39.86 39.98 40.11 40.23 40.36 40.48 40.61 40.74 40.88 41.01 41.16 41.30 41.44 41.57 41.69 41.81 41.88 41.92 41.94 41.95 41.95 41.94 41.95 41.94 41.93 41.92 41.91 41.91 41.90 41.88 41.88 41.86 41.84 41.83 41.81 41.79 41.78 41.76 41.74 41.72 41.70 41.67 41.66 41.63 41.61 41.58 41.56 41.53 41.51 41.48 41.46 41.43 41.41 41.38 41.35 41.32 41.30 41.26 41.24 41.22 41.18 41.16 41.13 41.10 41.07 41.05 41.02 40.99 40.97 40.94 40.92
39.24 39.35 39.46 39.58 39.71 39.83 39.95 40.07 40.20 40.32 40.45 40.58 40.71 40.84 40.98 41.11 41.25 41.39 41.52 41.65 41.76 41.84 41.88 41.90 41.91 41.92 41.91 41.92 41.92 41.92 41.91 41.91 41.91 41.90 41.89 41.88 41.88 41.87 41.85 41.85 41.83 41.82 41.80 41.79 41.77 41.76 41.74 41.71 41.70 41.67 41.66 41.63 41.61 41.59 41.56 41.54 41.51 41.49 41.46 41.44 41.41 41.39 41.36 41.34 41.32 41.28 41.26 41.23 41.21 41.17 41.15 41.13 41.10 41.08 41.04 41.02 40.99 40.97 40.95
39.54 39.66 39.78 39.91 40.03 40.15 40.28 40.41 40.54 40.67 40.80 40.95 41.08 41.22 41.36 41.48 41.61 41.72 41.78 41.82 41.84 41.86 41.87 41.88 41.88 41.89 41.89 41.89 41.89 41.89 41.89 41.89 41.88 41.87 41.88 41.87 41.86 41.85 41.84 41.83 41.81 41.81 41.79 41.77 41.77 41.75 41.74 41.71 41.69 41.68 41.66 41.64 41.62 41.60 41.57 41.55 41.53 41.51 41.48 41.45 41.43 41.41 41.38 41.36 41.33 41.31 41.28 41.25 41.23 41.20 41.18 41.15 41.13 41.10 41.07 41.05 41.02 41.00 40.98
39.87 39.99 40.12 40.25 40.38 40.51 40.64 40.77 40.91 41.04 41.18 41.31 41.44 41.56 41.67 41.71 41.75 41.78 41.80 41.81 41.82 41.83 41.84 41.84 41.85 41.85 41.86 41.86 41.86 41.86 41.86 41.86 41.86 41.86 41.85 41.84 41.84 41.83 41.82 41.82 41.81 41.79 41.78 41.77 41.76 41.75 41.73 41.71 41.70 41.68 41.66 41.64 41.63 41.60 41.59 41.56 41.54 41.52 41.50 41.47 41.45 41.42 41.40 41.37 41.35 41.33 41.30 41.28 41.25 41.23 41.21 41.18 41.16 41.13 41.11 41.09 41.06 41.04 41.02
