main/data/pressure/08.03.2023.grid
ncols 886
nrows 691
xllcenter 112.0000
yllcenter -44.5000
cellsize 0.0500
nodata_value 99999.90
[rows 525 to 559 of 691, columns 158 to 236 of 886]
14.17 14.16 14.17 14.17 14.18 14.18 14.18 14.18 14.19 14.19 14.19 14.19 14.20 14.19 14.20 14.19 14.20 14.21 14.20 14.21 14.20 14.21 14.21 14.21 14.21 14.21 14.21 14.22 14.22 14.22 14.22 14.23 14.22 14.23 14.23 14.24 14.25 14.24 14.25 14.25 14.26 14.27 14.27 14.28 14.28 14.29 14.29 14.30 14.31 14.32 14.33 14.34 14.35 14.36 14.37 14.38 14.39 14.41 14.42 14.43 14.45 14.46 14.47 14.49 14.51 14.52 14.54 14.56 14.57 14.59 14.62 14.64 14.66 14.69 14.71 14.73 14.76 14.78 14.82
14.17 14.17 14.18 14.18 14.19 14.18 14.19 14.19 14.20 14.19 14.20 14.20 14.20 14.20 14.20 14.20 14.21 14.21 14.21 14.21 14.21 14.21 14.22 14.21 14.22 14.22 14.22 14.22 14.23 14.22 14.23 14.23 14.24 14.23 14.24 14.24 14.25 14.26 14.25 14.26 14.26 14.27 14.28 14.28 14.29 14.29 14.30 14.31 14.31 14.32 14.33 14.34 14.35 14.36 14.37 14.38 14.39 14.41 14.42 14.43 14.45 14.46 14.47 14.49 14.50 14.52 14.54 14.55 14.57 14.59 14.62 14.64 14.66 14.68 14.70 14.73 14.75 14.78 14.81
14.18 14.18 14.19 14.18 14.19 14.19 14.20 14.19 14.20 14.20 14.21 14.20 14.21 14.20 14.21 14.21 14.21 14.22 14.21 14.22 14.21 14.22 14.22 14.22 14.22 14.23 14.22 14.23 14.23 14.24 14.23 14.24 14.24 14.24 14.24 14.25 14.25 14.26 14.26 14.26 14.27 14.27 14.28 14.29 14.29 14.29 14.30 14.31 14.32 14.32 14.33 14.34 14.35 14.36 14.37 14.38 14.39 14.41 14.42 14.43 14.44 14.46 14.47 14.49 14.50 14.52 14.53 14.55 14.57 14.59 14.62 14.64 14.66 14.68 14.70 14.72 14.75 14.78 14.81
14.18 14.18 14.18 14.19 14.20 14.20 14.20 14.20 14.21 14.21 14.21 14.21 14.21 14.21 14.22 14.21 14.22 14.22 14.22 14.22 14.22 14.22 14.23 14.22 14.23 14.23 14.24 14.23 14.24 14.24 14.24 14.24 14.25 14.25 14.25 14.25 14.26 14.26 14.27 14.26 14.27 14.28 14.28 14.29 14.30 14.30 14.30 14.31 14.32 14.33 14.33 14.34 14.35 14.36 14.37 14.38 14.40 14.41 14.42 14.43 14.44 14.46 14.47 14.49 14.50 14.52 14.53 14.55 14.57 14.59 14.61 14.63 14.65 14.67 14.70 14.72 14.74 14.76 14.80
14.18 14.19 14.19 14.20 14.20 14.20 14.21 14.21 14.21 14.21 14.22 14.21 14.22 14.22 14.22 14.22 14.22 14.23 14.22 14.23 14.23 14.23 14.23 14.24 14.23 14.24 14.24 14.24 14.24 14.25 14.24 14.25 14.25 14.26 14.25 14.26 14.26 14.27 14.27 14.28 14.27 14.28 14.29 14.29 14.30 14.31 14.31 14.32 14.32 14.33 14.34 14.35 14.35 14.36 14.37 14.38 14.40 14.41 14.42 14.43 14.44 14.46 14.47 14.48 14.50 14.51 14.53 14.55 14.56 14.59 14.61 14.63 14.65 14.67 14.69 14.71 14.74 14.77 14.79
14.19 14.20 14.19 14.20 14.20 14.21 14.21 14.21 14.21 14.22 14.22 14.22 14.23 14.22 14.23 14.22 14.23 14.24 14.23 14.24 14.24 14.24 14.24 14.23 14.24 14.24 14.25 14.24 14.25 14.25 14.25 14.25 14.26 14.26 14.26 14.26 14.26 14.27 14.28 14.28 14.28 14.28 14.29 14.30 14.30 14.31 14.32 14.31 14.32 14.33 14.34 14.35 14.36 14.37 14.38 14.39 14.40 14.41 14.42 14.43 14.44 14.46 14.47 14.48 14.50 14.51 14.53 14.54 14.56 14.59 14.61 14.63 14.65 14.67 14.69 14.71 14.73 14.76 14.79
14.19 14.20 14.20 14.21 14.21 14.22 14.21 14.22 14.22 14.22 14.23 14.23 14.23 14.23 14.23 14.24 14.24 14.24 14.24 14.24 14.25 14.24 14.25 14.25 14.24 14.25 14.25 14.25 14.25 14.26 14.26 14.26 14.26 14.26 14.27 14.26 14.27 14.27 14.28 14.28 14.28 14.29 14.29 14.30 14.30 14.31 14.32 14.33 14.32 14.33 14.34 14.35 14.36 14.37 14.38 14.39 14.40 14.41 14.42 14.43 14.44 14.46 14.47 14.48 14.50 14.51 14.53 14.54 14.56 14.59 14.60 14.62 14.64 14.66 14.68 14.70 14.73 14.75 14.78
14.20 14.21 14.21 14.22 14.21 14.22 14.22 14.23 14.22 14.23 14.23 14.23 14.24 14.24 14.24 14.24 14.24 14.25 14.24 14.25 14.25 14.25 14.25 14.25 14.25 14.25 14.26 14.25 14.26 14.26 14.27 14.26 14.26 14.27 14.27 14.27 14.27 14.28 14.28 14.29 14.28 14.29 14.29 14.30 14.31 14.31 14.32 14.33 14.34 14.33 14.34 14.35 14.36 14.37 14.38 14.39 14.40 14.41 14.42 14.43 14.44 14.45 14.47 14.48 14.50 14.51 14.52 14.54 14.57 14.58 14.60 14.62 14.64 14.66 14.68 14.70 14.72 14.74 14.76
14.21 14.20 14.21 14.21 14.22 14.23 14.23 14.23 14.23 14.24 14.23 14.24 14.25 14.24 14.25 14.24 14.25 14.25 14.25 14.25 14.25 14.25 14.26 14.26 14.25 14.26 14.26 14.26 14.26 14.27 14.26 14.26 14.27 14.27 14.28 14.27 14.28 14.28 14.29 14.29 14.29 14.29 14.30 14.30 14.31 14.32 14.32 14.33 14.34 14.33 14.34 14.35 14.36 14.37 14.38 14.39 14.40 14.41 14.42 14.43 14.44 14.45 14.47 14.48 14.49 14.51 14.52 14.54 14.55 14.57 14.60 14.62 14.63 14.65 14.67 14.69 14.71 14.73 14.74
14.21 14.21 14.22 14.22 14.23 14.22 14.23 14.24 14.24 14.24 14.24 14.25 14.24 14.25 14.25 14.25 14.25 14.25 14.25 14.26 14.26 14.26 14.26 14.27 14.26 14.26 14.27 14.26 14.27 14.27 14.26 14.27 14.27 14.28 14.28 14.28 14.28 14.29 14.29 14.29 14.29 14.30 14.30 14.31 14.31 14.32 14.33 14.33 14.34 14.34 14.34 14.35 14.36 14.37 14.38 14.39 14.40 14.41 14.42 14.43 14.44 14.45 14.47 14.48 14.49 14.51 14.52 14.54 14.55 14.57 14.59 14.61 14.63 14.65 14.67 14.68 14.70 14.69 14.68
14.21 14.22 14.23 14.22 14.23 14.23 14.24 14.23 14.24 14.25 14.25 14.25 14.25 14.25 14.26 14.25 14.26 14.25 14.26 14.26 14.26 14.26 14.27 14.26 14.27 14.27 14.26 14.27 14.27 14.28 14.27 14.27 14.28 14.28 14.29 14.28 14.28 14.29 14.29 14.30 14.29 14.30 14.30 14.31 14.32 14.32 14.33 14.32 14.33 14.34 14.35 14.35 14.36 14.37 14.38 14.39 14.40 14.41 14.42 14.43 14.44 14.45 14.46 14.48 14.49 14.50 14.52 14.53 14.55 14.57 14.59 14.61 14.63 14.64 14.65 14.65 14.64 14.62 14.60
14.21 14.22 14.22 14.23 14.24 14.24 14.24 14.24 14.25 14.24 14.25 14.26 14.25 14.26 14.25 14.26 14.27 14.26 14.27 14.27 14.26 14.27 14.27 14.27 14.27 14.27 14.27 14.27 14.28 14.28 14.27 14.28 14.28 14.29 14.28 14.28 14.29 14.29 14.30 14.29 14.30 14.30 14.31 14.31 14.32 14.32 14.33 14.34 14.33 14.34 14.35 14.35 14.36 14.37 14.38 14.39 14.40 14.41 14.42 14.43 14.44 14.45 14.46 14.48 14.49 14.50 14.52 14.53 14.55 14.56 14.58 14.60 14.61 14.61 14.60 14.58 14.56 14.55 14.53
14.22 14.23 14.23 14.24 14.23 14.24 14.24 14.25 14.25 14.25 14.26 14.25 14.26 14.27 14.26 14.27 14.27 14.27 14.27 14.28 14.27 14.27 14.28 14.27 14.28 14.28 14.27 14.28 14.28 14.29 14.28 14.28 14.29 14.29 14.28 14.29 14.29 14.30 14.30 14.30 14.30 14.30 14.31 14.32 14.32 14.33 14.32 14.33 14.33 14.34 14.35 14.36 14.36 14.37 14.38 14.39 14.40 14.41 14.42 14.43 14.44 14.45 14.46 14.47 14.49 14.50 14.51 14.53 14.54 14.56 14.57 14.56 14.55 14.54 14.52 14.51 14.49 14.48 14.46
14.23 14.23 14.23 14.24 14.24 14.25 14.25 14.25 14.26 14.26 14.26 14.26 14.27 14.26 14.27 14.27 14.27 14.27 14.28 14.27 14.28 14.28 14.27 14.28 14.28 14.29 14.28 14.28 14.29 14.28 14.28 14.29 14.29 14.29 14.29 14.29 14.30 14.30 14.29 14.30 14.30 14.31 14.31 14.32 14.32 14.32 14.32 14.33 14.34 14.34 14.35 14.36 14.37 14.37 14.38 14.39 14.40 14.41 14.42 14.43 14.44 14.45 14.46 14.47 14.49 14.50 14.51 14.52 14.53 14.53 14.51 14.50 14.48 14.46 14.45 14.44 14.42 14.41 14.40
14.23 14.23 14.24 14.24 14.25 14.24 14.25 14.26 14.26 14.26 14.26 14.27 14.27 14.27 14.27 14.28 14.27 14.28 14.28 14.28 14.28 14.29 14.28 14.28 14.29 14.28 14.28 14.29 14.29 14.28 14.29 14.29 14.30 14.29 14.29 14.30 14.30 14.30 14.30 14.30 14.31 14.31 14.32 14.32 14.32 14.32 14.33 14.33 14.34 14.35 14.35 14.36 14.37 14.37 14.38 14.39 14.40 14.41 14.42 14.43 14.44 14.45 14.46 14.47 14.48 14.49 14.50 14.50 14.48 14.46 14.44 14.42 14.41 14.39 14.37 14.37 14.36 14.34 14.33
14.23 14.24 14.24 14.24 14.25 14.25 14.26 14.26 14.26 14.27 14.27 14.27 14.28 14.27 14.28 14.27 14.28 14.28 14.28 14.28 14.29 14.28 14.28 14.29 14.29 14.29 14.29 14.29 14.29 14.29 14.29 14.30 14.29 14.29 14.30 14.30 14.30 14.30 14.30 14.31 14.31 14.31 14.32 14.32 14.32 14.32 14.33 14.34 14.34 14.35 14.35 14.36 14.37 14.38 14.38 14.39 14.40 14.41 14.41 14.43 14.44 14.45 14.46 14.47 14.47 14.47 14.45 14.43 14.41 14.39 14.37 14.35 14.34 14.32 14.31 14.29 14.29 14.28 14.27
14.23 14.24 14.24 14.25 14.25 14.26 14.26 14.26 14.27 14.27 14.27 14.28 14.27 14.28 14.28 14.28 14.28 14.29 14.28 14.29 14.29 14.29 14.29 14.29 14.29 14.29 14.29 14.29 14.29 14.29 14.30 14.29 14.29 14.30 14.30 14.30 14.30 14.30 14.31 14.31 14.31 14.32 14.32 14.32 14.32 14.33 14.33 14.34 14.34 14.35 14.36 14.36 14.37 14.38 14.38 14.38 14.39 14.40 14.41 14.42 14.43 14.43 14.44 14.43 14.41 14.39 14.38 14.36 14.34 14.32 14.30 14.29 14.27 14.26 14.24 14.23 14.22 14.21 14.21
14.24 14.24 14.25 14.25 14.26 14.26 14.26 14.27 14.27 14.27 14.28 14.27 14.28 14.29 14.28 14.29 14.29 14.29 14.29 14.29 14.29 14.29 14.30 14.29 14.29 14.30 14.30 14.29 14.30 14.30 14.30 14.30 14.30 14.30 14.31 14.30 14.30 14.31 14.31 14.31 14.32 14.31 14.32 14.32 14.32 14.33 14.33 14.34 14.35 14.35 14.36 14.36 14.37 14.37 14.37 14.38 14.39 14.40 14.41 14.41 14.41 14.40 14.38 14.36 14.34 14.32 14.30 14.29 14.26 14.25 14.24 14.22 14.21 14.19 14.18 14.17 14.16 14.15 14.14
14.24 14.25 14.25 14.25 14.26 14.26 14.27 14.27 14.27 14.28 14.28 14.28 14.29 14.28 14.29 14.29 14.29 14.29 14.30 14.29 14.29 14.30 14.29 14.29 14.30 14.30 14.30 14.30 14.30 14.30 14.30 14.30 14.30 14.31 14.31 14.30 14.31 14.31 14.31 14.32 14.31 14.31 14.32 14.32 14.33 14.33 14.34 14.34 14.35 14.35 14.35 14.35 14.36 14.37 14.38 14.38 14.39 14.39 14.39 14.38 14.36 14.33 14.31 14.29 14.27 14.25 14.23 14.21 14.19 14.18 14.17 14.16 14.14 14.13 14.12 14.11 14.10 14.10 14.09
14.24 14.25 14.25 14.26 14.26 14.26 14.27 14.27 14.28 14.28 14.28 14.29 14.29 14.29 14.29 14.29 14.29 14.30 14.29 14.30 14.30 14.30 14.30 14.30 14.30 14.30 14.30 14.30 14.31 14.30 14.30 14.31 14.31 14.31 14.30 14.31 14.31 14.31 14.32 14.32 14.31 14.32 14.32 14.33 14.33 14.33 14.34 14.34 14.34 14.34 14.35 14.36 14.36 14.37 14.37 14.37 14.37 14.35 14.33 14.30 14.28 14.26 14.24 14.22 14.20 14.18 14.16 14.14 14.13 14.11 14.10 14.09 14.07 14.07 14.06 14.06 14.05 14.04 14.03
14.25 14.25 14.26 14.26 14.26 14.27 14.27 14.28 14.28 14.28 14.29 14.29 14.29 14.29 14.30 14.29 14.30 14.30 14.30 14.30 14.30 14.30 14.30 14.31 14.30 14.30 14.31 14.31 14.30 14.30 14.31 14.31 14.31 14.31 14.31 14.31 14.31 14.32 14.32 14.31 14.32 14.32 14.32 14.33 14.33 14.34 14.33 14.34 14.34 14.35 14.35 14.36 14.36 14.36 14.35 14.33 14.30 14.28 14.25 14.23 14.21 14.19 14.17 14.15 14.13 14.11 14.09 14.08 14.07 14.05 14.04 14.03 14.02 14.01 14.00 13.99 13.99 13.99 13.98
14.24 14.25 14.26 14.26 14.27 14.28 14.27 14.28 14.28 14.29 14.29 14.29 14.29 14.30 14.29 14.30 14.30 14.30 14.30 14.31 14.30 14.30 14.31 14.30 14.30 14.31 14.31 14.30 14.31 14.31 14.31 14.31 14.31 14.31 14.31 14.32 14.32 14.31 14.31 14.32 14.32 14.32 14.33 14.32 14.33 14.33 14.33 14.34 14.34 14.35 14.35 14.34 14.33 14.30 14.28 14.25 14.23 14.20 14.18 14.16 14.13 14.12 14.10 14.08 14.06 14.05 14.03 14.02 14.01 13.99 13.98 13.97 13.96 13.95 13.95 13.94 13.93 13.93 13.93
14.25 14.26 14.26 14.27 14.27 14.27 14.28 14.28 14.28 14.29 14.29 14.29 14.30 14.29 14.30 14.30 14.30 14.30 14.31 14.30 14.31 14.31 14.30 14.31 14.31 14.31 14.32 14.31 14.31 14.31 14.31 14.31 14.31 14.31 14.32 14.31 14.31 14.32 14.32 14.32 14.32 14.33 14.32 14.33 14.33 14.33 14.34 14.34 14.34 14.33 14.31 14.28 14.24 14.22 14.19 14.17 14.14 14.12 14.10 14.08 14.06 14.04 14.02 14.01 13.99 13.98 13.96 13.96 13.95 13.94 13.93 13.92 13.91 13.90 13.89 13.89 13.88 13.88 13.88
14.26 14.25 14.26 14.26 14.27 14.28 14.28 14.28 14.29 14.29 14.29 14.30 14.29 14.30 14.31 14.30 14.31 14.31 14.30 14.31 14.31 14.32 14.31 14.31 14.32 14.31 14.31 14.31 14.32 14.31 14.31 14.31 14.32 14.32 14.32 14.31 14.32 14.32 14.32 14.33 14.32 14.32 14.32 14.33 14.33 14.33 14.33 14.31 14.28 14.26 14.22 14.19 14.17 14.14 14.12 14.09 14.07 14.05 14.03 14.01 13.99 13.98 13.96 13.95 13.93 13.92 13.91 13.89 13.88 13.87 13.86 13.87 13.86 13.85 13.85 13.84 13.84 13.83 13.83
14.25 14.26 14.27 14.27 14.28 14.27 14.28 14.29 14.29 14.29 14.30 14.30 14.30 14.31 14.30 14.31 14.31 14.31 14.31 14.31 14.31 14.31 14.31 14.32 14.31 14.31 14.32 14.32 14.31 14.31 14.32 14.32 14.32 14.31 14.32 14.32 14.32 14.32 14.32 14.32 14.32 14.32 14.32 14.32 14.31 14.29 14.26 14.23 14.20 14.17 14.14 14.12 14.09 14.07 14.05 14.02 14.00 13.98 13.97 13.95 13.93 13.92 13.90 13.89 13.87 13.86 13.85 13.84 13.83 13.82 13.81 13.81 13.80 13.79 13.79 13.79 13.79 13.79 13.79
14.26 14.26 14.27 14.27 14.27 14.28 14.29 14.28 14.29 14.30 14.29 14.30 14.31 14.30 14.31 14.31 14.31 14.31 14.32 14.31 14.31 14.32 14.32 14.31 14.32 14.32 14.32 14.31 14.32 14.32 14.32 14.31 14.32 14.32 14.32 14.32 14.33 14.32 14.32 14.32 14.32 14.31 14.30 14.27 14.23 14.20 14.17 14.15 14.12 14.09 14.07 14.04 14.02 14.00 13.98 13.96 13.94 13.92 13.90 13.89 13.87 13.86 13.84 13.83 13.82 13.81 13.80 13.79 13.78 13.77 13.76 13.76 13.75 13.75 13.74 13.74 13.74 13.74 13.75
14.25 14.26 14.27 14.27 14.28 14.29 14.28 14.29 14.29 14.29 14.30 14.30 14.30 14.31 14.31 14.31 14.31 14.32 14.31 14.31 14.32 14.32 14.32 14.32 14.32 14.31 14.32 14.32 14.32 14.32 14.32 14.32 14.32 14.32 14.33 14.32 14.32 14.32 14.31 14.30 14.28 14.24 14.21 14.18 14.15 14.12 14.09 14.07 14.04 14.02 14.00 13.97 13.95 13.93 13.90 13.88 13.87 13.85 13.83 13.82 13.80 13.79 13.78 13.77 13.76 13.75 13.74 13.73 13.72 13.71 13.72 13.71 13.71 13.70 13.70 13.70 13.70 13.70 13.70
14.26 14.27 14.27 14.28 14.28 14.28 14.29 14.29 14.29 14.30 14.30 14.30 14.31 14.30 14.31 14.31 14.32 14.31 14.32 14.32 14.31 14.32 14.32 14.32 14.32 14.32 14.32 14.32 14.32 14.32 14.32 14.32 14.33 14.32 14.32 14.31 14.31 14.29 14.26 14.22 14.19 14.16 14.13 14.10 14.07 14.04 14.02 13.99 13.96 13.94 13.92 13.90 13.88 13.86 13.84 13.82 13.81 13.79 13.78 13.76 13.75 13.74 13.73 13.72 13.71 13.70 13.69 13.68 13.67 13.67 13.66 13.66 13.65 13.65 13.66 13.66 13.66 13.66 13.66
14.26 14.26 14.27 14.27 14.28 14.29 14.28 14.29 14.30 14.30 14.30 14.31 14.30 14.31 14.31 14.31 14.31 14.32 14.32 14.32 14.32 14.32 14.33 14.32 14.32 14.32 14.33 14.32 14.32 14.32 14.33 14.33 14.31 14.31 14.30 14.27 14.24 14.21 14.17 14.13 14.10 14.08 14.05 14.02 13.99 13.96 13.94 13.91 13.89 13.87 13.85 13.83 13.81 13.79 13.78 13.76 13.75 13.73 13.72 13.71 13.70 13.69 13.67 13.67 13.66 13.65 13.64 13.64 13.63 13.62 13.62 13.62 13.61 13.61 13.61 13.61 13.62 13.62 13.62
14.26 14.27 14.27 14.28 14.28 14.28 14.29 14.30 14.29 14.30 14.31 14.30 14.31 14.31 14.31 14.31 14.32 14.31 14.32 14.32 14.33 14.32 14.32 14.32 14.33 14.32 14.32 14.32 14.33 14.33 14.31 14.30 14.28 14.25 14.22 14.18 14.14 14.11 14.08 14.05 14.02 14.00 13.96 13.94 13.91 13.89 13.87 13.85 13.82 13.81 13.79 13.77 13.75 13.74 13.71 13.71 13.68 13.67 13.66 13.65 13.64 13.63 13.62 13.61 13.60 13.60 13.60 13.59 13.59 13.58 13.58 13.58 13.57 13.57 13.57 13.57 13.57 13.57 13.57
14.27 14.26 14.27 14.28 14.28 14.29 14.29 14.29 14.30 14.30 14.30 14.31 14.32 14.31 14.32 14.32 14.32 14.32 14.32 14.33 14.32 14.32 14.33 14.33 14.32 14.33 14.33 14.32 14.31 14.29 14.26 14.23 14.19 14.16 14.12 14.09 14.06 14.03 14.00 13.96 13.94 13.91 13.89 13.87 13.84 13.82 13.80 13.78 13.76 13.73 13.72 13.70 13.68 13.67 13.66 13.64 13.63 13.62 13.61 13.60 13.59 13.58 13.57 13.56 13.56 13.55 13.54 13.54 13.54 13.53 13.53 13.53 13.54 13.53 13.53 13.53 13.54 13.54 13.54
14.26 14.27 14.27 14.28 14.29 14.28 14.29 14.30 14.30 14.30 14.31 14.31 14.31 14.32 14.32 14.32 14.32 14.33 14.32 14.32 14.33 14.33 14.32 14.32 14.32 14.32 14.29 14.27 14.24 14.20 14.17 14.13 14.10 14.07 14.04 14.01 13.98 13.95 13.91 13.89 13.86 13.84 13.82 13.80 13.78 13.75 13.73 13.71 13.69 13.67 13.66 13.64 13.63 13.62 13.60 13.59 13.58 13.57 13.56 13.55 13.54 13.53 13.53 13.52 13.51 13.51 13.50 13.50 13.50 13.49 13.49 13.49 13.49 13.49 13.49 13.49 13.49 13.49 13.51
14.26 14.27 14.27 14.28 14.28 14.29 14.29 14.29 14.30 14.31 14.30 14.31 14.32 14.31 14.32 14.32 14.33 14.32 14.32 14.33 14.33 14.32 14.32 14.31 14.28 14.24 14.21 14.18 14.15 14.11 14.07 14.04 14.01 13.98 13.95 13.92 13.89 13.87 13.84 13.82 13.79 13.77 13.74 13.72 13.70 13.68 13.67 13.65 13.63 13.62 13.60 13.59 13.58 13.55 13.54 13.54 13.52 13.51 13.50 13.49 13.49 13.48 13.47 13.47 13.46 13.46 13.46 13.46 13.46 13.46 13.46 13.45 13.45 13.45 13.46 13.46 13.46 13.46 13.47
14.26 14.27 14.27 14.28 14.29 14.29 14.29 14.30 14.30 14.30 14.31 14.31 14.31 14.32 14.32 14.32 14.32 14.33 14.33 14.31 14.31 14.29 14.26 14.22 14.18 14.15 14.12 14.09 14.05 14.02 13.99 13.96 13.93 13.89 13.87 13.84 13.82 13.79 13.77 13.74 13.72 13.70 13.68 13.66 13.64 13.62 13.61 13.59 13.57 13.55 13.54 13.53 13.52 13.50 13.49 13.48 13.47 13.47 13.46 13.45 13.44 13.44 13.43 13.43 13.42 13.42 13.42 13.41 13.41 13.41 13.41 13.41 13.41 13.41 13.42 13.43 13.43 13.43 13.44
14.27 14.27 14.28 14.28 14.28 14.29 14.29 14.30 14.30 14.31 14.31 14.31 14.32 14.32 14.32 14.32 14.32 14.31 14.29 14.26 14.23 14.19 14.16 14.12 14.09 14.05 14.02 13.99 13.96 13.93 13.89 13.87 13.84 13.82 13.79 13.77 13.74 13.71 13.69 13.67 13.65 13.63 13.62 13.59 13.57 13.56 13.54 13.53 13.51 13.50 13.49 13.48 13.47 13.46 13.45 13.44 13.43 13.42 13.42 13.41 13.40 13.40 13.39 13.39 13.39 13.38 13.38 13.38 13.38 13.38 13.38 13.38 13.38 13.38 13.38 13.39 13.39 13.39 13.40
