main/data/pressure/08.04.2023.grid
ncols 886
nrows 691
xllcenter 112.0000
yllcenter -44.5000
cellsize 0.0500
nodata_value 99999.90
[rows 476 to 509 of 691, columns 462 to 538 of 886]
14.76 14.70 14.71 14.79 14.81 14.84 14.87 14.89 14.92 14.95 14.99 15.04 15.04 15.09 15.04 14.67 15.15 15.16 15.17 15.17 15.18 15.28 15.44 15.33 15.47 15.44 15.13 15.37 15.46 15.66 15.60 15.65 15.78 15.82 16.04 16.09 16.14 16.18 16.22 16.26 16.30 16.36 16.40 16.43 16.47 16.50 16.52 16.55 16.57 16.59 16.60 16.61 16.51 16.41 16.41 16.41 16.36 16.30 16.25 16.14 15.89 15.74 16.11 16.12 16.22 16.20 16.06 15.91 15.76 15.29 15.34 15.06 15.26 14.98 15.11 14.95 14.84
14.66 14.65 14.69 14.70 14.68 14.77 14.81 14.83 14.85 14.88 14.93 14.95 15.00 14.98 15.05 15.04 15.03 15.07 15.10 15.10 15.04 15.12 15.23 15.14 15.41 15.48 15.40 15.41 15.57 15.72 15.74 15.81 15.95 15.99 16.02 16.07 16.11 16.15 16.20 16.25 16.29 16.33 16.37 16.41 16.45 16.48 16.51 16.53 16.55 16.57 16.58 16.47 16.44 16.39 16.36 16.36 16.30 16.26 16.19 16.09 15.82 16.03 16.19 15.98 16.19 16.25 16.15 16.05 15.92 15.33 15.04 15.17 15.18 15.13 14.96 15.02 15.04
14.55 14.59 14.58 14.64 14.64 14.67 14.72 14.75 14.78 14.82 14.85 14.89 14.93 14.92 14.91 14.98 15.01 14.99 15.09 15.09 15.03 14.83 15.04 15.36 15.41 15.47 15.54 15.57 15.65 15.75 15.83 15.88 15.92 15.95 15.99 16.04 16.08 16.12 16.16 16.21 16.25 16.30 16.33 16.37 16.40 16.44 16.47 16.49 16.51 16.53 16.55 16.53 16.48 16.38 16.36 16.34 16.26 16.20 16.08 16.06 15.59 15.64 16.20 15.94 16.26 16.26 16.20 16.07 15.92 15.56 15.13 14.83 15.16 15.21 15.18 14.54 15.05
14.45 14.48 14.51 14.37 14.57 14.53 14.60 14.65 14.69 14.71 14.78 14.82 14.84 14.84 14.83 14.84 14.88 14.96 15.01 15.01 14.90 14.68 15.12 15.35 15.38 15.42 15.46 15.55 15.66 15.72 15.80 15.83 15.87 15.90 15.94 15.98 16.02 16.06 16.11 16.15 16.20 16.24 16.27 16.32 16.35 16.38 16.41 16.44 16.45 16.47 16.45 16.41 16.34 16.37 16.33 16.28 16.19 16.13 16.12 15.87 15.47 15.66 16.08 16.06 15.96 16.28 16.20 15.96 15.45 15.64 15.01 14.97 15.21 15.27 15.12 15.06 14.85
14.33 14.37 14.41 14.45 14.43 14.34 14.49 14.53 14.51 14.57 14.64 14.72 14.77 14.80 14.83 14.69 14.78 14.85 14.91 14.89 14.83 14.76 15.16 15.31 15.36 15.37 15.39 15.64 15.67 15.70 15.74 15.77 15.81 15.84 15.88 15.92 15.96 16.00 16.04 16.09 16.12 16.16 16.20 16.24 16.27 16.30 16.33 16.36 16.38 16.40 16.37 16.23 16.16 16.19 16.25 16.10 16.02 16.09 16.02 15.68 15.67 16.04 15.96 15.98 15.60 16.26 16.20 16.08 16.00 15.77 15.25 15.45 15.43 15.07 14.90 14.70 14.80
14.22 14.27 14.30 14.35 14.34 14.40 14.35 14.36 14.38 14.48 14.53 14.61 14.63 14.63 14.66 14.70 14.75 14.80 14.80 14.66 14.72 15.00 15.13 15.25 15.41 15.43 15.54 15.57 15.61 15.64 15.68 15.71 15.74 15.78 15.81 15.84 15.88 15.92 15.96 15.99 16.03 16.07 16.11 16.14 16.17 16.21 16.24 16.27 16.28 16.31 16.25 16.08 16.07 16.05 16.04 15.97 15.88 15.95 14.81 15.76 16.22 16.21 16.22 16.01 15.84 16.21 16.17 16.15 16.05 15.82 15.51 15.53 15.50 15.36 15.37 14.91 15.08
14.11 14.15 14.19 14.24 14.28 14.22 14.01 14.19 14.28 14.40 14.44 14.48 14.47 14.46 14.41 14.52 14.58 14.56 14.56 14.61 14.77 14.84 14.95 15.09 15.28 15.43 15.47 15.50 15.54 15.57 15.59 15.63 15.66 15.69 15.71 15.75 15.78 15.82 15.85 15.89 15.92 15.96 15.99 16.02 16.06 16.09 16.12 16.14 16.18 16.15 16.10 16.03 15.96 15.89 15.85 15.80 15.73 15.71 15.79 15.95 16.32 16.26 16.21 16.12 16.06 16.20 16.20 16.10 16.01 15.77 15.70 15.69 15.45 15.37 15.29 14.83 15.13
13.99 14.04 14.07 14.00 14.18 13.58 13.99 14.15 14.26 14.35 14.38 14.37 14.32 14.35 14.16 14.25 14.33 14.45 14.61 14.64 14.73 14.82 14.91 15.02 14.95 15.35 15.39 15.42 15.45 15.48 15.51 15.54 15.56 15.59 15.62 15.64 15.67 15.69 15.73 15.76 15.79 15.82 15.85 15.89 15.92 15.95 15.99 16.02 16.04 16.02 15.96 15.90 15.79 15.68 15.62 15.60 15.61 15.64 15.75 16.14 16.26 16.24 16.22 16.21 16.17 16.13 16.08 16.10 16.10 15.81 15.85 15.43 15.38 15.51 15.15 15.10 15.17
13.87 13.92 13.96 14.01 14.06 13.71 13.94 14.09 14.20 14.24 14.25 14.27 14.34 14.38 14.29 14.31 14.15 14.28 14.56 14.65 14.75 14.82 14.84 15.00 15.15 15.26 15.30 15.33 15.35 15.38 15.41 15.43 15.46 15.47 15.50 15.51 15.54 15.56 15.59 15.61 15.64 15.67 15.70 15.73 15.77 15.80 15.84 15.87 15.91 15.84 15.78 15.69 15.66 15.48 15.41 15.46 15.55 15.63 15.81 16.16 16.18 16.19 16.16 16.16 15.88 16.07 16.04 16.01 15.83 15.66 15.48 15.12 15.34 15.52 15.18 14.93 15.20
13.76 13.80 13.84 13.90 13.95 14.01 13.87 14.04 14.09 14.09 14.15 14.21 14.27 14.30 14.28 14.15 14.10 14.23 14.43 14.18 14.58 14.80 14.91 15.07 15.14 15.17 15.20 15.23 15.25 15.28 15.29 15.32 15.33 15.35 15.36 15.37 15.40 15.41 15.43 15.46 15.48 15.51 15.54 15.57 15.61 15.64 15.68 15.72 15.76 15.69 15.54 15.31 15.50 15.24 15.33 15.47 15.58 15.63 15.97 16.08 16.09 16.08 16.08 16.10 16.05 16.00 15.97 15.98 15.88 15.74 15.65 15.54 15.43 15.57 15.26 14.95 15.18
13.64 13.69 13.74 13.79 13.85 13.90 13.85 13.97 13.95 13.94 14.04 14.14 14.20 14.20 14.11 13.70 13.86 14.13 14.20 14.33 14.63 14.79 14.75 14.97 15.05 15.08 15.10 15.12 15.15 15.16 15.18 15.19 15.20 15.21 15.21 15.22 15.24 15.25 15.26 15.28 15.30 15.33 15.36 15.39 15.43 15.47 15.51 15.55 15.60 15.52 15.30 15.18 15.24 15.18 15.22 15.46 15.61 15.75 15.95 15.97 15.99 16.00 16.02 16.01 15.99 15.96 15.96 15.97 15.90 15.80 15.75 15.50 15.39 15.60 15.24 14.99 15.31
13.53 13.58 13.63 13.68 13.74 13.79 13.84 13.80 13.73 13.70 13.92 14.07 14.08 13.99 13.83 13.83 13.84 13.59 13.90 14.45 14.75 14.84 14.88 14.91 14.95 14.97 15.00 15.01 15.03 15.04 15.04 15.05 15.05 15.05 15.05 15.07 15.07 15.08 15.09 15.10 15.12 15.15 15.18 15.21 15.25 15.30 15.34 15.38 15.41 15.28 15.09 15.02 15.02 15.09 15.24 15.41 15.54 15.67 15.84 15.86 15.88 15.90 15.93 15.93 15.92 15.90 15.90 15.90 15.85 15.76 15.73 15.68 15.65 15.59 15.47 15.35 15.46
13.42 13.47 13.52 13.57 13.63 13.70 13.58 13.50 13.60 13.66 13.37 14.00 13.96 13.85 13.64 13.88 13.82 13.64 14.08 14.58 14.71 14.75 14.78 14.82 14.84 14.87 14.88 14.89 14.90 14.91 14.91 14.91 14.90 14.89 14.89 14.89 14.89 14.90 14.90 14.92 14.94 14.96 14.99 15.03 15.06 15.11 15.16 15.22 15.23 15.18 15.01 14.90 14.94 15.03 15.21 15.34 15.45 15.70 15.72 15.75 15.78 15.80 15.82 15.83 15.82 15.82 15.79 15.78 15.77 15.72 15.75 15.64 15.55 15.45 15.45 15.34 15.27
13.32 13.37 13.41 13.48 13.54 13.60 13.68 13.43 13.69 13.80 13.87 13.89 13.92 13.72 13.62 13.72 13.88 14.20 14.41 14.53 14.58 14.65 14.68 14.72 14.74 14.76 14.77 14.78 14.78 14.77 14.76 14.75 14.74 14.74 14.73 14.72 14.71 14.71 14.71 14.72 14.74 14.77 14.81 14.84 14.89 14.93 14.98 15.05 15.02 14.94 14.88 14.79 14.97 15.10 15.31 15.38 15.45 15.57 15.61 15.63 15.67 15.69 15.71 15.73 15.73 15.72 15.71 15.68 15.69 15.66 15.58 15.65 15.58 15.41 15.42 15.36 15.06
13.21 13.26 13.33 13.38 13.45 13.52 13.59 13.64 13.70 13.73 13.70 13.80 13.76 13.50 13.45 13.88 14.15 14.34 14.44 14.49 14.46 14.56 14.59 14.62 14.63 14.64 14.66 14.66 14.65 14.64 14.62 14.61 14.59 14.57 14.55 14.54 14.53 14.53 14.53 14.54 14.56 14.59 14.62 14.66 14.70 14.75 14.82 14.88 14.85 14.85 14.87 14.84 14.78 14.76 15.00 15.13 15.40 15.45 15.49 15.52 15.55 15.58 15.60 15.62 15.64 15.62 15.62 15.60 15.64 15.62 15.59 15.58 15.51 15.37 15.32 15.39 15.31
13.11 13.17 13.23 13.29 13.36 13.43 13.51 13.56 13.58 13.66 13.68 13.70 13.54 13.33 13.32 13.63 14.18 14.30 14.35 14.40 14.44 14.47 14.50 14.52 14.42 14.53 14.53 14.53 14.51 14.50 14.48 14.45 14.43 14.41 14.39 14.37 14.36 14.35 14.35 14.36 14.39 14.41 14.45 14.48 14.54 14.59 14.65 14.71 14.78 14.78 14.69 14.57 14.63 14.69 14.88 15.04 15.29 15.33 15.37 15.41 15.44 15.47 15.49 15.51 15.52 15.54 15.53 15.55 15.54 15.54 15.49 15.49 15.53 15.39 15.70 15.75 15.65
12.97 13.05 13.14 13.21 13.28 13.35 13.43 13.51 13.57 13.62 13.63 13.51 13.40 13.30 13.43 13.92 14.15 14.22 14.28 14.32 14.35 14.39 14.41 14.42 14.43 14.43 14.42 14.41 14.39 14.37 14.34 14.30 14.27 14.24 14.22 14.20 14.18 14.18 14.18 14.19 14.21 14.24 14.27 14.32 14.37 14.43 14.49 14.56 14.63 14.63 14.49 14.41 14.63 14.83 14.93 15.05 15.16 15.21 15.25 15.29 15.33 15.36 15.37 15.40 15.41 15.42 15.43 15.41 15.42 15.41 15.42 15.39 15.45 15.55 15.17 15.37 15.70
12.91 12.98 13.05 13.12 13.20 13.27 13.35 13.43 13.48 13.50 13.46 13.40 13.41 13.40 13.57 13.99 14.10 14.10 14.20 14.24 14.28 14.30 14.32 14.33 14.33 14.17 14.31 14.29 14.26 14.23 14.20 14.16 14.12 14.09 14.06 14.03 14.02 14.02 14.02 14.03 14.05 14.07 14.12 14.16 14.22 14.28 14.35 14.42 14.48 14.44 14.31 14.31 14.32 14.50 14.75 14.88 15.04 15.10 15.13 15.18 15.22 15.24 15.27 15.28 15.30 15.30 15.31 15.31 15.29 15.28 15.29 15.28 15.27 15.06 15.18 14.89 14.78
12.82 12.89 12.97 13.04 13.11 13.16 13.27 13.35 13.39 13.41 13.38 13.36 13.40 13.46 13.40 13.97 14.05 13.93 14.13 14.16 14.20 14.22 14.23 14.24 14.24 14.22 14.20 14.18 14.14 14.10 14.07 14.03 13.98 13.95 13.91 13.89 13.87 13.87 13.86 13.88 13.91 13.93 13.98 14.02 14.07 14.13 14.20 14.28 14.35 14.29 14.25 14.27 14.42 14.51 14.50 14.69 14.92 14.97 15.02 15.07 15.10 15.13 15.16 15.18 15.19 15.19 15.20 15.19 15.18 15.14 15.16 15.18 14.90 14.68 14.84 14.93 14.80
12.73 12.80 12.88 12.95 13.03 13.12 13.19 13.27 13.24 13.35 13.38 13.37 13.42 13.54 13.67 13.94 13.53 13.86 14.02 14.09 14.13 14.14 14.15 14.15 14.14 14.13 14.11 14.07 14.03 13.98 13.94 13.89 13.85 13.81 13.77 13.75 13.74 13.72 13.73 13.75 13.76 13.80 13.84 13.89 13.95 14.01 14.08 14.15 14.20 14.13 14.16 14.19 14.14 14.35 14.54 14.61 14.82 14.86 14.92 14.97 15.00 15.03 15.05 15.07 15.08 15.09 15.10 15.09 15.09 15.06 15.08 15.03 14.55 14.59 14.30 14.54 14.62
12.65 12.72 12.80 12.87 12.95 13.04 13.12 13.21 13.16 13.36 13.38 13.36 13.40 13.57 13.78 13.86 13.92 13.97 13.99 14.03 14.05 14.07 14.07 14.07 14.06 14.04 14.01 13.97 13.93 13.87 13.83 13.77 13.73 13.68 13.65 13.62 13.61 13.60 13.61 13.62 13.64 13.67 13.72 13.76 13.83 13.89 13.96 14.03 14.08 13.98 14.02 14.19 14.11 14.32 14.45 14.64 14.70 14.76 14.81 14.86 14.90 14.93 14.95 14.97 14.99 14.99 14.99 14.98 14.97 14.98 14.99 14.98 14.54 14.40 14.30 14.23 14.49
12.57 12.64 12.72 12.80 12.88 12.96 13.05 13.13 13.22 13.30 13.37 13.33 13.44 13.65 13.72 13.68 13.75 13.81 13.93 13.97 13.99 14.01 14.01 14.01 13.98 13.96 13.92 13.87 13.83 13.78 13.72 13.67 13.62 13.58 13.54 13.51 13.50 13.48 13.49 13.51 13.53 13.56 13.61 13.66 13.71 13.78 13.85 13.92 13.94 13.80 13.90 13.94 14.00 14.18 14.38 14.54 14.60 14.66 14.71 14.75 14.80 14.83 14.86 14.88 14.89 14.89 14.90 14.89 14.88 14.89 14.88 14.66 14.63 14.49 14.50 14.47 14.37
12.49 12.57 12.64 12.73 12.81 12.90 12.98 13.07 13.15 13.24 13.33 13.38 13.51 13.59 13.66 13.72 13.73 13.40 13.88 13.91 13.93 13.94 13.95 13.94 13.91 13.89 13.84 13.79 13.74 13.69 13.63 13.57 13.53 13.48 13.44 13.41 13.40 13.39 13.39 13.40 13.43 13.47 13.50 13.56 13.61 13.68 13.76 13.82 13.85 13.82 13.87 13.93 13.95 14.14 14.34 14.43 14.51 14.56 14.62 14.67 14.71 14.74 14.77 14.79 14.80 14.81 14.81 14.81 14.81 14.81 14.70 14.66 14.43 14.22 13.64 13.93 14.25
12.42 12.49 12.57 12.66 12.74 12.83 12.91 13.01 13.10 13.18 13.27 13.36 13.23 13.53 13.61 13.67 13.74 13.72 13.83 13.86 13.88 13.90 13.89 13.88 13.85 13.83 13.78 13.73 13.67 13.61 13.55 13.50 13.44 13.39 13.36 13.33 13.30 13.30 13.24 13.26 13.26 13.29 13.33 13.35 13.48 13.54 13.65 13.73 13.76 13.74 13.81 13.86 13.92 14.14 14.27 14.34 14.41 14.47 14.53 14.57 14.62 14.66 14.69 14.71 14.72 14.73 14.73 14.74 14.74 14.74 14.32 14.47 13.62 13.59 13.53 14.20 14.18
12.34 12.43 12.50 12.59 12.68 12.77 12.85 12.94 13.03 13.12 13.21 13.30 13.39 13.47 13.56 13.62 13.69 13.75 13.73 13.83 13.85 13.73 13.83 13.84 13.81 13.76 13.72 13.66 13.60 13.54 13.48 13.42 13.37 13.32 13.28 13.25 13.23 13.18 13.21 13.17 13.01 13.02 13.11 13.07 13.21 13.40 13.45 13.64 13.69 13.74 13.80 13.81 13.90 14.05 14.18 14.25 14.31 14.37 14.43 14.49 14.54 14.57 14.60 14.63 14.65 14.66 14.67 14.68 14.70 14.68 14.46 13.89 13.45 13.44 14.10 13.98 13.93
12.28 12.36 12.45 12.53 12.62 12.71 12.80 12.89 12.98 13.08 13.17 13.27 13.35 13.44 13.52 13.60 13.66 13.72 13.76 13.80 13.82 13.82 13.81 13.80 13.77 13.73 13.67 13.62 13.55 13.49 13.43 13.36 13.30 13.25 13.22 13.19 13.16 13.15 13.14 13.09 12.97 12.96 13.00 13.03 13.16 13.27 13.44 13.54 13.62 13.64 13.71 13.75 13.89 14.00 14.08 14.16 14.23 14.29 14.35 14.40 14.45 14.49 14.53 14.55 14.58 14.60 14.61 14.63 14.65 14.31 14.26 13.97 13.61 14.15 14.16 14.14 14.07
12.21 12.30 12.38 12.47 12.56 12.65 12.75 12.84 12.94 13.04 13.14 13.23 13.32 13.41 13.49 13.57 13.63 13.69 13.75 13.78 13.81 13.81 13.80 13.78 13.74 13.69 13.63 13.58 13.51 13.44 13.37 13.31 13.26 13.20 13.16 13.12 13.10 13.09 12.99 12.95 12.92 12.90 12.94 13.06 13.16 13.31 13.39 13.46 13.53 13.58 13.62 13.67 13.80 13.90 14.00 14.08 14.14 14.21 14.27 14.32 14.37 14.42 14.45 14.49 14.51 14.54 14.56 14.58 14.29 14.14 13.96 14.17 14.15 14.02 13.64 13.87 14.02
12.16 12.25 12.33 12.42 12.51 12.61 12.71 12.80 12.90 13.00 13.11 13.20 13.30 13.38 13.47 13.55 13.62 13.69 13.73 13.78 13.80 13.80 13.79 13.76 13.72 13.67 13.61 13.37 13.29 13.40 13.33 13.27 13.21 13.16 13.11 13.08 13.04 12.99 12.90 12.84 12.89 12.95 13.01 13.16 13.21 13.28 13.34 13.40 13.47 13.55 13.62 13.66 13.77 13.84 13.92 13.99 14.07 14.13 14.19 14.25 14.30 14.34 14.38 14.42 14.45 14.48 14.50 14.53 14.50 14.28 14.24 13.83 13.92 13.92 13.81 13.94 14.18
12.11 12.19 12.28 12.38 12.48 12.58 12.68 12.78 12.88 12.98 13.08 13.18 13.28 13.37 13.46 13.55 13.62 13.69 13.74 13.79 13.81 13.81 13.79 13.76 13.71 13.65 13.59 13.51 13.45 13.37 13.30 13.23 13.17 13.12 13.07 12.80 13.01 12.98 12.95 12.90 12.87 12.85 13.06 13.11 13.16 13.21 13.27 13.34 13.41 13.48 13.55 13.62 13.70 13.77 13.85 13.92 13.98 14.05 14.12 14.17 14.22 14.27 14.32 14.35 14.38 14.42 14.46 14.48 14.28 14.38 14.28 13.48 13.80 13.66 13.69 14.16 14.31
12.06 12.15 12.25 12.34 12.44 12.54 12.65 12.75 12.86 12.96 13.07 13.17 13.28 13.38 13.46 13.55 13.63 13.70 13.75 13.47 13.82 13.82 13.80 13.76 13.70 13.64 13.57 13.49 13.42 13.34 13.27 13.20 13.14 13.09 13.04 13.00 12.97 12.93 12.95 12.95 12.97 12.98 13.02 13.05 13.10 13.15 13.21 13.28 13.34 13.41 13.48 13.56 13.62 13.70 13.78 13.85 13.91 13.97 14.04 14.09 14.15 14.20 14.25 14.28 14.33 14.37 14.40 14.43 14.31 14.24 13.89 13.68 13.63 13.81 13.74 14.23 14.53
12.01 12.11 12.21 12.32 12.42 12.53 12.63 12.74 12.86 12.97 13.08 13.19 13.29 13.39 13.49 13.57 13.64 13.71 13.77 13.82 13.84 13.84 13.81 13.75 13.70 13.63 13.56 13.48 13.40 13.32 13.25 13.18 13.11 13.06 13.01 12.96 12.93 12.92 12.91 12.91 12.92 12.95 12.97 13.01 13.05 13.10 13.16 13.21 13.28 13.34 13.41 13.48 13.56 13.63 13.71 13.77 13.84 13.90 13.96 14.02 14.07 14.13 14.18 14.22 14.27 14.31 14.34 14.38 14.24 13.70 13.44 13.92 13.54 14.35 14.16 14.29 14.59
11.99 12.09 12.19 12.30 12.41 12.52 12.64 12.75 12.87 12.98 13.10 13.21 13.30 13.41 13.50 13.59 13.67 13.74 13.80 13.84 13.87 13.86 13.81 13.76 13.70 13.62 13.54 13.46 13.39 13.30 13.23 13.15 13.09 13.03 12.98 12.94 12.91 12.89 12.88 12.88 12.89 12.90 12.93 12.96 13.00 13.05 13.10 13.16 13.22 13.29 13.36 13.42 13.50 13.56 13.63 13.70 13.77 13.82 13.88 13.94 14.00 14.05 14.11 14.15 14.20 14.25 14.28 14.28 13.46 13.50 13.53 13.86 14.18 13.74 14.44 14.51 14.64
11.98 12.07 12.18 12.30 12.41 12.53 12.65 12.77 12.88 13.00 13.12 13.23 13.34 13.44 13.54 13.63 13.69 13.76 13.81 13.85 13.87 13.84 13.81 13.76 13.68 13.61 13.53 13.45 13.37 13.28 13.21 13.13 13.07 13.01 12.96 12.92 12.88 12.87 12.85 12.85 12.85 12.86 12.88 12.91 12.95 13.00 13.04 13.11 13.17 13.23 13.29 13.37 13.43 13.50 13.56 13.63 13.69 13.76 13.82 13.87 13.93 13.98 14.03 14.08 14.13 13.82 13.96 13.69 13.19 13.12 13.11 13.74 13.71 14.15 14.42 14.64 14.64
12.02 12.09 12.19 12.31 12.43 12.54 12.67 12.80 12.92 13.04 13.16 13.28 13.38 13.48 13.58 13.66 13.73 13.79 13.83 13.86 13.86 13.84 13.80 13.75 13.68 13.60 13.52 13.44 13.35 13.27 13.19 13.12 13.04 12.98 12.94 12.90 12.86 12.84 12.82 12.82 12.82 12.83 12.85 12.88 12.91 12.95 12.99 13.05 13.11 13.17 13.24 13.30 13.36 13.43 13.49 13.56 13.62 13.68 13.74 13.80 13.85 13.90 13.96 14.01 14.06 13.99 13.51 13.00 12.96 12.91 13.23 13.50 13.83 14.28 14.46 14.51 14.62
