main/data/pressure/08.04.2023.grid
ncols 886
nrows 691
xllcenter 112.0000
yllcenter -44.5000
cellsize 0.0500
nodata_value 99999.90
[rows 136 to 169 of 691, columns 77 to 153 of 886]
26.96 27.02 27.08 27.15 27.23 27.29 27.36 27.44 27.51 27.58 27.67 27.75 27.82 27.90 27.98 28.07 28.16 28.24 28.32 28.42 28.50 28.59 28.68 28.77 28.86 28.95 29.04 29.13 29.22 29.31 29.40 29.49 29.56 29.65 29.74 29.82 29.90 29.98 30.05 30.14 30.21 30.28 30.35 30.42 30.48 30.54 30.61 30.66 30.71 30.76 30.80 30.83 30.86 30.87 30.87 30.87 30.86 30.85 30.83 30.81 30.80 30.78 30.75 30.73 30.71 30.68 30.65 30.63 30.60 30.57 30.54 30.52 30.49 30.46 30.44 30.42 30.40
26.86 26.92 26.99 27.07 27.14 27.21 27.28 27.36 27.43 27.51 27.59 27.67 27.75 27.84 27.93 28.01 28.10 28.19 28.27 28.37 28.46 28.55 28.65 28.74 28.84 28.92 29.02 29.11 29.20 29.29 29.38 29.48 29.56 29.65 29.74 29.82 29.91 29.99 30.07 30.15 30.22 30.30 30.37 30.44 30.50 30.56 30.62 30.67 30.71 30.74 30.77 30.79 30.80 30.79 30.80 30.80 30.79 30.77 30.77 30.75 30.73 30.71 30.69 30.66 30.63 30.61 30.58 30.55 30.52 30.49 30.46 30.44 30.41 30.38 30.36 30.33 30.31
26.77 26.84 26.90 26.98 27.05 27.12 27.20 27.28 27.36 27.44 27.52 27.60 27.69 27.78 27.87 27.95 28.04 28.14 28.24 28.33 28.42 28.51 28.61 28.71 28.80 28.91 29.00 29.09 29.19 29.29 29.38 29.47 29.56 29.65 29.74 29.83 29.92 30.00 30.08 30.16 30.24 30.31 30.38 30.44 30.49 30.54 30.58 30.61 30.65 30.67 30.69 30.70 30.71 30.72 30.72 30.72 30.72 30.71 30.69 30.67 30.66 30.63 30.61 30.59 30.56 30.53 30.51 30.48 30.45 30.42 30.39 30.36 30.33 30.30 30.28 30.25 30.23
26.67 26.73 26.81 26.88 26.96 27.02 27.11 27.19 27.27 27.35 27.44 27.53 27.62 27.71 27.80 27.89 27.99 28.08 28.18 28.28 28.38 28.48 28.57 28.68 28.78 28.87 28.97 29.07 29.17 29.27 29.36 29.46 29.55 29.64 29.73 29.82 29.89 29.97 30.04 30.12 30.19 30.26 30.31 30.37 30.41 30.46 30.50 30.54 30.56 30.59 30.61 30.62 30.64 30.64 30.65 30.65 30.64 30.63 30.63 30.61 30.58 30.57 30.54 30.52 30.50 30.46 30.43 30.40 30.37 30.34 30.31 30.29 30.26 30.22 30.20 30.17 30.14
26.56 26.63 26.71 26.78 26.86 26.93 27.02 27.10 27.19 27.28 27.37 27.46 27.55 27.65 27.74 27.83 27.93 28.03 28.12 28.23 28.32 28.42 28.51 28.61 28.71 28.81 28.91 29.00 29.09 29.19 29.28 29.38 29.46 29.56 29.64 29.72 29.80 29.88 29.96 30.03 30.09 30.16 30.21 30.27 30.33 30.37 30.41 30.45 30.48 30.51 30.52 30.54 30.56 30.57 30.58 30.58 30.57 30.56 30.55 30.53 30.52 30.50 30.48 30.45 30.43 30.40 30.36 30.33 30.30 30.27 30.24 30.21 30.18 30.15 30.11 30.09 30.05
26.45 26.52 26.60 26.68 26.77 26.84 26.93 27.01 27.10 27.19 27.27 27.36 27.46 27.55 27.64 27.74 27.83 27.93 28.02 28.11 28.21 28.32 28.41 28.51 28.61 28.70 28.80 28.89 28.99 29.08 29.17 29.27 29.35 29.45 29.54 29.62 29.70 29.78 29.86 29.92 29.99 30.05 30.11 30.18 30.23 30.28 30.32 30.36 30.39 30.42 30.44 30.47 30.48 30.49 30.49 30.50 30.49 30.49 30.48 30.47 30.45 30.43 30.41 30.38 30.36 30.33 30.29 30.27 30.23 30.20 30.17 30.13 30.10 30.07 30.04 30.00 29.98
26.35 26.42 26.50 26.58 26.66 26.74 26.83 26.91 26.99 27.08 27.17 27.26 27.35 27.44 27.53 27.63 27.72 27.82 27.91 28.00 28.10 28.20 28.29 28.39 28.49 28.58 28.69 28.78 28.88 28.97 29.06 29.16 29.25 29.34 29.42 29.51 29.60 29.67 29.75 29.82 29.89 29.96 30.02 30.08 30.13 30.18 30.23 30.27 30.30 30.33 30.36 30.38 30.40 30.41 30.42 30.43 30.43 30.42 30.41 30.40 30.38 30.37 30.34 30.31 30.29 30.26 30.23 30.20 30.17 30.13 30.10 30.07 30.03 29.99 29.97 29.93 29.89
26.24 26.32 26.40 26.48 26.56 26.64 26.72 26.81 26.89 26.98 27.07 27.15 27.24 27.34 27.42 27.51 27.61 27.71 27.79 27.89 27.99 28.09 28.18 28.28 28.38 28.48 28.57 28.67 28.76 28.86 28.95 29.05 29.14 29.23 29.31 29.41 29.48 29.57 29.64 29.72 29.79 29.86 29.92 29.98 30.04 30.09 30.13 30.17 30.22 30.25 30.28 30.30 30.32 30.33 30.34 30.35 30.35 30.34 30.34 30.32 30.31 30.30 30.27 30.24 30.22 30.20 30.16 30.13 30.10 30.07 30.03 30.00 29.96 29.93 29.89 29.85 29.82
26.14 26.22 26.30 26.37 26.46 26.53 26.62 26.70 26.78 26.86 26.95 27.05 27.13 27.22 27.31 27.40 27.50 27.59 27.68 27.78 27.88 27.98 28.06 28.16 28.26 28.36 28.46 28.55 28.65 28.74 28.83 28.94 29.03 29.11 29.21 29.29 29.38 29.46 29.54 29.61 29.68 29.75 29.82 29.88 29.94 29.99 30.04 30.08 30.12 30.16 30.19 30.22 30.23 30.25 30.27 30.27 30.27 30.27 30.26 30.25 30.24 30.23 30.20 30.17 30.15 30.12 30.09 30.07 30.03 29.99 29.96 29.92 29.89 29.85 29.82 29.78 29.74
26.05 26.12 26.20 26.27 26.35 26.43 26.51 26.59 26.68 26.76 26.85 26.93 27.03 27.11 27.20 27.29 27.39 27.47 27.57 27.67 27.77 27.86 27.95 28.05 28.15 28.24 28.34 28.44 28.53 28.63 28.72 28.82 28.91 29.00 29.09 29.18 29.26 29.35 29.43 29.51 29.58 29.65 29.72 29.78 29.84 29.90 29.95 29.99 30.03 30.07 30.11 30.13 30.16 30.17 30.18 30.20 30.20 30.19 30.19 30.18 30.16 30.16 30.13 30.11 30.09 30.06 30.03 29.99 29.96 29.93 29.89 29.86 29.82 29.78 29.74 29.71 29.67
25.94 26.02 26.09 26.17 26.25 26.33 26.41 26.49 26.57 26.66 26.74 26.83 26.91 27.01 27.09 27.18 27.27 27.36 27.46 27.56 27.65 27.75 27.83 27.93 28.03 28.13 28.23 28.32 28.42 28.51 28.61 28.70 28.80 28.89 28.98 29.07 29.16 29.24 29.32 29.40 29.48 29.54 29.62 29.68 29.75 29.80 29.86 29.90 29.94 29.98 30.01 30.05 30.07 30.09 30.10 30.11 30.12 30.12 30.11 30.11 30.09 30.09 30.07 30.04 30.01 29.99 29.96 29.93 29.90 29.86 29.82 29.79 29.75 29.71 29.67 29.63 29.60
25.84 25.92 25.99 26.06 26.15 26.22 26.30 26.39 26.46 26.54 26.63 26.72 26.80 26.89 26.98 27.07 27.16 27.25 27.35 27.44 27.54 27.62 27.72 27.82 27.91 28.01 28.11 28.20 28.30 28.40 28.49 28.59 28.68 28.77 28.86 28.96 29.04 29.13 29.21 29.29 29.37 29.44 29.51 29.58 29.64 29.70 29.75 29.80 29.85 29.89 29.93 29.96 29.98 30.01 30.02 30.03 30.04 30.05 30.04 30.03 30.02 30.01 30.00 29.98 29.95 29.92 29.90 29.87 29.83 29.80 29.76 29.73 29.68 29.64 29.61 29.57 29.53
25.75 25.82 25.89 25.96 26.04 26.12 26.19 26.27 26.36 26.44 26.52 26.60 26.70 26.78 26.87 26.96 27.05 27.14 27.23 27.32 27.42 27.51 27.60 27.70 27.80 27.90 28.00 28.10 28.18 28.28 28.38 28.48 28.57 28.66 28.75 28.84 28.93 29.01 29.10 29.18 29.26 29.33 29.41 29.47 29.54 29.60 29.66 29.71 29.76 29.80 29.83 29.86 29.90 29.92 29.94 29.95 29.96 29.96 29.96 29.96 29.95 29.94 29.92 29.91 29.89 29.86 29.83 29.80 29.77 29.73 29.69 29.66 29.62 29.58 29.54 29.50 29.46
25.64 25.71 25.78 25.87 25.94 26.01 26.09 26.17 26.25 26.34 26.42 26.50 26.58 26.67 26.75 26.85 26.94 27.02 27.11 27.21 27.30 27.39 27.49 27.59 27.69 27.78 27.88 27.98 28.07 28.17 28.27 28.36 28.45 28.54 28.63 28.72 28.82 28.91 28.99 29.07 29.15 29.22 29.30 29.37 29.44 29.50 29.55 29.61 29.66 29.70 29.74 29.78 29.81 29.83 29.86 29.87 29.89 29.89 29.89 29.89 29.88 29.87 29.86 29.84 29.81 29.79 29.76 29.73 29.70 29.67 29.63 29.59 29.55 29.51 29.47 29.43 29.39
25.54 25.61 25.69 25.76 25.84 25.91 25.99 26.06 26.14 26.22 26.30 26.39 26.47 26.55 26.64 26.74 26.82 26.91 27.00 27.09 27.19 27.28 27.37 27.48 27.57 27.67 27.76 27.86 27.95 28.05 28.14 28.24 28.34 28.43 28.52 28.62 28.70 28.79 28.88 28.96 29.04 29.12 29.20 29.26 29.34 29.39 29.45 29.51 29.56 29.61 29.65 29.69 29.72 29.74 29.77 29.79 29.81 29.81 29.81 29.82 29.81 29.80 29.79 29.77 29.75 29.72 29.69 29.67 29.63 29.60 29.57 29.52 29.49 29.45 29.41 29.36 29.32
25.45 25.52 25.59 25.66 25.73 25.81 25.88 25.96 26.04 26.12 26.20 26.28 26.37 26.45 26.54 26.62 26.71 26.80 26.89 26.98 27.07 27.16 27.26 27.35 27.45 27.55 27.64 27.74 27.84 27.94 28.03 28.13 28.21 28.31 28.40 28.50 28.59 28.68 28.76 28.84 28.93 29.01 29.08 29.16 29.22 29.29 29.36 29.41 29.46 29.51 29.56 29.60 29.63 29.66 29.69 29.70 29.73 29.73 29.74 29.74 29.73 29.73 29.71 29.70 29.68 29.66 29.63 29.60 29.57 29.54 29.50 29.46 29.42 29.38 29.34 29.30 29.25
25.34 25.41 25.48 25.56 25.63 25.70 25.78 25.86 25.93 26.01 26.09 26.17 26.25 26.34 26.42 26.51 26.60 26.69 26.78 26.87 26.96 27.05 27.14 27.23 27.33 27.43 27.52 27.62 27.72 27.81 27.91 28.00 28.10 28.20 28.28 28.38 28.47 28.56 28.65 28.73 28.81 28.90 28.97 29.04 29.12 29.18 29.25 29.31 29.36 29.41 29.46 29.50 29.54 29.57 29.60 29.62 29.63 29.65 29.65 29.66 29.66 29.66 29.65 29.63 29.62 29.59 29.56 29.53 29.51 29.47 29.44 29.39 29.36 29.32 29.28 29.24 29.19
25.25 25.31 25.38 25.45 25.53 25.60 25.68 25.74 25.82 25.90 25.98 26.06 26.14 26.22 26.31 26.40 26.49 26.56 26.65 26.75 26.84 26.93 27.02 27.11 27.22 27.31 27.40 27.50 27.60 27.69 27.79 27.89 27.98 28.08 28.17 28.26 28.35 28.44 28.53 28.62 28.70 28.78 28.87 28.94 29.01 29.08 29.14 29.21 29.27 29.31 29.36 29.41 29.45 29.48 29.52 29.54 29.55 29.57 29.58 29.59 29.58 29.58 29.57 29.56 29.54 29.52 29.50 29.48 29.44 29.41 29.38 29.33 29.30 29.26 29.21 29.16 29.12
25.15 25.21 25.29 25.35 25.42 25.50 25.56 25.64 25.72 25.79 25.87 25.95 26.04 26.11 26.20 26.28 26.36 26.45 26.54 26.63 26.72 26.82 26.91 27.00 27.10 27.19 27.29 27.38 27.47 27.58 27.67 27.76 27.86 27.95 28.05 28.15 28.23 28.33 28.42 28.50 28.59 28.67 28.75 28.82 28.90 28.97 29.04 29.10 29.16 29.22 29.26 29.31 29.35 29.39 29.42 29.45 29.47 29.48 29.50 29.50 29.51 29.51 29.51 29.49 29.47 29.45 29.43 29.41 29.38 29.34 29.31 29.27 29.23 29.20 29.15 29.10 29.06
25.04 25.11 25.18 25.24 25.32 25.39 25.46 25.54 25.60 25.69 25.77 25.84 25.92 26.00 26.08 26.17 26.25 26.34 26.43 26.51 26.60 26.70 26.79 26.88 26.98 27.07 27.17 27.26 27.36 27.45 27.55 27.65 27.74 27.84 27.93 28.03 28.11 28.21 28.30 28.39 28.48 28.56 28.64 28.72 28.79 28.86 28.93 28.99 29.06 29.12 29.16 29.21 29.26 29.30 29.33 29.36 29.39 29.40 29.41 29.43 29.43 29.43 29.43 29.42 29.41 29.39 29.37 29.34 29.31 29.28 29.25 29.21 29.17 29.13 29.09 29.04 29.00
24.95 25.01 25.08 25.15 25.21 25.29 25.36 25.43 25.50 25.58 25.65 25.74 25.81 25.89 25.97 26.06 26.14 26.23 26.31 26.40 26.49 26.57 26.67 26.76 26.86 26.95 27.05 27.14 27.24 27.33 27.43 27.52 27.62 27.72 27.81 27.91 27.99 28.09 28.18 28.27 28.35 28.44 28.52 28.60 28.69 28.76 28.82 28.90 28.95 29.02 29.06 29.12 29.16 29.21 29.24 29.27 29.30 29.32 29.34 29.34 29.36 29.35 29.35 29.35 29.34 29.32 29.30 29.28 29.25 29.22 29.19 29.15 29.11 29.07 29.03 28.99 28.93
24.85 24.91 24.98 25.05 25.11 25.19 25.25 25.32 25.40 25.47 25.54 25.62 25.70 25.78 25.86 25.95 26.02 26.11 26.20 26.29 26.37 26.46 26.55 26.64 26.74 26.83 26.92 27.01 27.11 27.21 27.30 27.41 27.50 27.59 27.69 27.79 27.88 27.97 28.06 28.15 28.24 28.33 28.41 28.49 28.57 28.64 28.71 28.79 28.85 28.91 28.96 29.02 29.07 29.11 29.15 29.18 29.21 29.23 29.25 29.27 29.27 29.28 29.27 29.27 29.26 29.25 29.23 29.21 29.18 29.15 29.12 29.09 29.05 29.01 28.96 28.92 28.88
24.75 24.81 24.88 24.94 25.01 25.08 25.15 25.22 25.28 25.36 25.44 25.51 25.59 25.67 25.74 25.83 25.91 25.99 26.08 26.16 26.26 26.34 26.44 26.52 26.62 26.71 26.80 26.90 26.99 27.09 27.19 27.28 27.38 27.47 27.57 27.66 27.76 27.85 27.94 28.03 28.13 28.21 28.29 28.37 28.45 28.53 28.61 28.68 28.74 28.81 28.86 28.92 28.96 29.01 29.05 29.09 29.12 29.14 29.17 29.18 29.19 29.20 29.20 29.20 29.19 29.18 29.17 29.14 29.12 29.09 29.06 29.03 28.99 28.95 28.91 28.87 28.81
24.65 24.72 24.78 24.84 24.90 24.98 25.04 25.11 25.18 25.25 25.32 25.41 25.48 25.56 25.63 25.71 25.80 25.88 25.96 26.05 26.14 26.22 26.31 26.40 26.50 26.59 26.68 26.78 26.87 26.96 27.06 27.16 27.25 27.35 27.45 27.54 27.63 27.72 27.82 27.91 28.00 28.09 28.18 28.26 28.34 28.41 28.50 28.57 28.63 28.70 28.76 28.81 28.87 28.92 28.96 29.00 29.03 29.06 29.08 29.10 29.12 29.12 29.13 29.12 29.12 29.11 29.10 29.08 29.06 29.03 29.00 28.96 28.93 28.89 28.85 28.80 28.76
24.55 24.61 24.67 24.74 24.80 24.87 24.94 25.01 25.08 25.15 25.22 25.29 25.37 25.44 25.52 25.60 25.69 25.77 25.85 25.93 26.01 26.11 26.19 26.28 26.38 26.46 26.56 26.66 26.75 26.84 26.94 27.04 27.13 27.23 27.32 27.42 27.51 27.61 27.70 27.79 27.89 27.97 28.06 28.15 28.23 28.30 28.39 28.46 28.52 28.59 28.66 28.71 28.77 28.81 28.86 28.90 28.94 28.97 28.99 29.01 29.03 29.04 29.05 29.04 29.04 29.04 29.02 29.00 28.98 28.96 28.94 28.90 28.86 28.83 28.79 28.75 28.70
24.45 24.52 24.57 24.64 24.71 24.77 24.84 24.89 24.96 25.03 25.11 25.18 25.25 25.33 25.41 25.48 25.56 25.64 25.73 25.81 25.90 25.99 26.07 26.16 26.26 26.34 26.44 26.53 26.63 26.72 26.81 26.91 27.01 27.11 27.20 27.30 27.39 27.49 27.58 27.67 27.76 27.86 27.94 28.03 28.11 28.19 28.27 28.35 28.42 28.48 28.54 28.61 28.66 28.71 28.76 28.81 28.84 28.87 28.91 28.93 28.95 28.96 28.97 28.97 28.97 28.97 28.95 28.94 28.92 28.89 28.87 28.84 28.81 28.77 28.72 28.69 28.65
24.36 24.42 24.48 24.54 24.60 24.67 24.72 24.79 24.86 24.93 25.00 25.08 25.14 25.22 25.29 25.37 25.45 25.53 25.61 25.70 25.78 25.86 25.95 26.04 26.13 26.22 26.31 26.41 26.50 26.60 26.69 26.79 26.88 26.98 27.07 27.17 27.26 27.36 27.46 27.55 27.64 27.73 27.81 27.91 27.99 28.08 28.16 28.23 28.31 28.37 28.44 28.50 28.56 28.61 28.66 28.71 28.75 28.79 28.82 28.84 28.86 28.87 28.89 28.89 28.90 28.89 28.88 28.87 28.85 28.83 28.81 28.78 28.74 28.71 28.67 28.63 28.59
24.26 24.31 24.37 24.44 24.50 24.56 24.62 24.69 24.76 24.83 24.89 24.96 25.04 25.11 25.18 25.26 25.34 25.42 25.50 25.57 25.66 25.74 25.83 25.92 26.00 26.10 26.19 26.28 26.38 26.47 26.57 26.66 26.76 26.86 26.95 27.04 27.14 27.23 27.33 27.42 27.52 27.61 27.70 27.78 27.87 27.96 28.03 28.11 28.19 28.26 28.33 28.39 28.45 28.51 28.57 28.61 28.65 28.69 28.72 28.75 28.77 28.79 28.81 28.81 28.82 28.81 28.81 28.80 28.79 28.76 28.75 28.72 28.69 28.65 28.61 28.58 28.53
24.16 24.22 24.28 24.33 24.40 24.46 24.52 24.58 24.65 24.71 24.79 24.85 24.92 25.00 25.07 25.15 25.23 25.30 25.38 25.46 25.55 25.62 25.71 25.80 25.88 25.97 26.07 26.16 26.25 26.34 26.44 26.53 26.63 26.72 26.82 26.92 27.02 27.11 27.21 27.30 27.39 27.48 27.58 27.66 27.75 27.83 27.92 28.00 28.07 28.15 28.22 28.29 28.35 28.40 28.46 28.50 28.55 28.59 28.63 28.66 28.69 28.70 28.73 28.73 28.74 28.74 28.74 28.73 28.72 28.70 28.68 28.65 28.62 28.59 28.56 28.52 28.48
24.07 24.12 24.18 24.24 24.29 24.36 24.41 24.48 24.54 24.61 24.67 24.75 24.81 24.89 24.95 25.03 25.10 25.18 25.26 25.34 25.42 25.51 25.59 25.67 25.76 25.85 25.94 26.03 26.12 26.22 26.32 26.41 26.51 26.60 26.70 26.80 26.89 26.98 27.08 27.17 27.27 27.37 27.45 27.54 27.63 27.71 27.80 27.88 27.96 28.04 28.11 28.18 28.24 28.30 28.36 28.41 28.45 28.50 28.54 28.57 28.60 28.62 28.64 28.66 28.66 28.67 28.66 28.66 28.65 28.64 28.61 28.59 28.57 28.54 28.50 28.46 28.42
23.96 24.02 24.08 24.14 24.20 24.25 24.31 24.38 24.44 24.50 24.57 24.63 24.70 24.77 24.84 24.92 24.99 25.06 25.14 25.23 25.30 25.39 25.47 25.55 25.64 25.73 25.82 25.91 26.00 26.10 26.19 26.28 26.38 26.47 26.57 26.66 26.76 26.86 26.96 27.05 27.15 27.24 27.33 27.42 27.51 27.60 27.68 27.77 27.84 27.92 27.99 28.07 28.13 28.19 28.25 28.31 28.36 28.40 28.44 28.48 28.51 28.53 28.55 28.58 28.58 28.58 28.59 28.59 28.58 28.57 28.55 28.53 28.50 28.47 28.44 28.41 28.37
23.87 23.93 23.98 24.03 24.10 24.15 24.21 24.27 24.33 24.40 24.46 24.52 24.60 24.66 24.73 24.80 24.88 24.95 25.02 25.11 25.18 25.27 25.35 25.43 25.52 25.61 25.69 25.78 25.88 25.97 26.06 26.15 26.26 26.35 26.44 26.54 26.64 26.73 26.83 26.93 27.02 27.11 27.21 27.30 27.39 27.48 27.57 27.64 27.73 27.81 27.88 27.95 28.02 28.08 28.15 28.20 28.26 28.30 28.35 28.39 28.42 28.45 28.47 28.49 28.51 28.51 28.52 28.51 28.51 28.50 28.48 28.46 28.44 28.41 28.39 28.35 28.31
23.78 23.83 23.89 23.94 23.99 24.05 24.11 24.16 24.23 24.29 24.36 24.42 24.48 24.55 24.62 24.69 24.76 24.84 24.91 24.99 25.06 25.15 25.23 25.31 25.39 25.48 25.57 25.67 25.75 25.84 25.93 26.03 26.12 26.22 26.31 26.42 26.51 26.61 26.70 26.80 26.89 26.99 27.08 27.17 27.26 27.36 27.44 27.53 27.61 27.69 27.77 27.84 27.91 27.97 28.04 28.10 28.16 28.20 28.25 28.29 28.33 28.36 28.39 28.40 28.42 28.44 28.44 28.44 28.43 28.43 28.42 28.41 28.39 28.36 28.33 28.30 28.26
23.69 23.73 23.79 23.84 23.89 23.95 24.00 24.06 24.12 24.18 24.24 24.31 24.37 24.44 24.51 24.58 24.65 24.72 24.79 24.88 24.95 25.03 25.11 25.20 25.27 25.37 25.45 25.54 25.63 25.71 25.81 25.90 25.99 26.10 26.19 26.28 26.38 26.48 26.57 26.67 26.77 26.86 26.96 27.05 27.14 27.24 27.32 27.40 27.49 27.58 27.66 27.72 27.81 27.87 27.93 27.99 28.05 28.10 28.15 28.20 28.24 28.27 28.30 28.32 28.34 28.35 28.37 28.37 28.37 28.37 28.35 28.34 28.32 28.30 28.27 28.24 28.21
