main/data/pressure/09.08.2023.grid
ncols 886
nrows 691
xllcenter 112.0000
yllcenter -44.5000
cellsize 0.0500
nodata_value 99999.90
[rows 540 to 575 of 691, columns 648 to 728 of 886]
9.13 9.40 9.45 9.54 9.33 9.41 9.28 9.30 9.15 9.35 9.18 8.97 9.61 9.43 9.54 9.65 9.40 8.93 8.97 9.27 9.18 8.97 8.72 8.73 8.96 8.97 9.03 9.18 9.16 9.01 8.93 9.05 9.16 9.14 9.02 9.02 8.80 8.59 8.31 7.77 7.11 8.48 7.18 8.04 7.74 8.13 8.48 8.36 7.66 7.29 7.20 7.81 7.14 6.07 5.99 5.44 6.22 6.21 6.13 6.32 6.89 7.35 7.35 7.19 7.58 7.17 7.11 6.50 5.50 6.38 6.32 5.69 5.36 5.59 5.80 5.86 5.56 5.84 6.17 7.39 7.06
9.23 9.38 9.38 9.32 9.15 9.30 9.20 8.60 9.26 8.93 9.22 9.47 9.18 9.57 9.57 9.67 9.45 9.34 8.74 8.65 8.37 8.54 8.56 8.44 9.24 9.33 8.76 9.00 9.04 9.04 9.21 8.84 9.06 9.19 9.11 8.67 8.36 7.91 7.73 7.27 6.93 7.05 7.03 6.87 6.03 7.81 7.94 7.42 7.14 6.89 7.35 7.74 6.51 6.26 5.88 6.34 5.77 5.92 6.33 6.43 6.80 7.08 6.99 6.49 7.49 6.83 6.86 7.39 6.93 6.74 6.35 5.87 5.86 5.97 5.96 5.96 5.86 6.00 6.30 6.89 7.78
9.26 8.79 9.21 9.20 9.15 8.53 8.72 8.66 9.04 9.24 9.09 9.36 9.44 9.51 9.50 9.52 9.64 9.35 8.46 8.59 8.28 8.18 8.37 8.25 9.41 9.35 9.20 9.08 8.56 8.59 9.21 9.20 9.08 8.82 8.51 8.68 8.53 8.81 8.33 8.27 7.95 6.11 6.71 6.76 6.36 7.33 6.33 6.79 6.83 7.18 6.81 6.95 6.87 6.09 6.30 5.74 6.81 7.46 6.45 6.43 6.86 6.83 6.73 6.85 7.35 6.79 6.20 6.27 7.47 6.97 6.36 6.03 5.83 4.97 5.71 6.11 5.78 6.26 6.30 7.16 7.85
8.95 9.00 8.91 8.71 9.01 8.65 8.87 8.97 9.10 9.26 9.33 9.33 9.40 9.46 9.20 8.40 8.92 9.52 9.62 9.14 9.52 9.50 9.08 8.23 9.42 9.32 8.67 9.27 8.77 8.66 8.75 8.78 9.15 8.95 9.05 8.96 8.70 7.88 7.66 6.85 6.41 6.03 6.08 5.51 6.52 5.97 7.13 8.04 7.21 7.44 6.96 6.00 6.72 6.67 5.99 6.11 5.99 6.28 7.59 6.59 6.17 6.38 6.73 6.23 7.04 7.10 6.90 7.35 7.46 7.14 5.52 5.81 5.76 6.04 6.40 6.29 5.65 6.31 7.18 8.07 6.74
8.88 8.94 8.80 8.74 8.76 8.21 8.40 8.74 8.44 8.91 9.21 9.27 8.83 9.40 8.91 8.19 9.28 9.42 9.30 9.34 9.54 9.29 9.31 9.28 9.31 9.41 9.34 9.27 8.78 8.29 9.19 8.59 9.13 9.11 8.63 8.74 8.07 7.58 7.89 8.37 7.93 7.42 6.90 5.71 5.77 5.94 5.95 6.66 8.19 8.09 8.19 6.84 6.50 7.07 6.29 6.27 6.12 7.79 6.97 7.12 6.06 5.76 6.85 7.33 7.08 6.98 7.07 7.93 7.08 6.52 5.58 5.96 6.14 6.00 6.84 6.51 6.33 6.75 6.74 8.21 6.66
8.82 8.78 8.54 8.69 8.65 8.39 8.62 8.74 8.39 8.87 9.13 9.16 9.22 9.25 8.93 8.67 9.00 9.31 9.24 9.25 9.26 9.43 9.01 8.80 8.91 9.09 9.36 9.35 9.33 9.30 9.18 8.85 8.67 7.99 9.01 8.33 8.69 8.10 7.37 6.83 6.40 7.12 5.82 6.87 6.76 6.59 6.34 6.47 7.62 8.03 8.27 7.06 7.09 7.34 7.20 7.12 6.20 7.95 7.97 7.13 6.39 6.59 6.69 7.32 7.85 7.43 8.22 7.27 7.34 7.99 6.25 6.44 7.22 7.00 7.01 7.21 6.56 6.84 7.66 8.34 7.76
8.65 8.66 8.70 8.44 8.36 8.55 8.52 8.52 8.52 8.91 8.98 9.00 9.20 9.02 8.61 8.44 8.64 8.84 8.91 8.62 8.52 8.92 9.25 8.82 8.62 8.96 9.30 9.21 9.19 9.03 8.25 8.45 8.54 8.80 7.73 8.86 8.35 8.45 7.47 7.37 6.79 5.73 7.03 6.27 5.93 7.23 5.71 5.97 7.17 7.82 8.22 7.51 6.87 7.83 7.87 7.24 6.10 7.21 7.86 6.61 7.18 7.15 6.76 6.65 7.47 7.51 7.94 8.28 7.60 8.10 7.38 6.46 7.28 7.84 7.56 7.52 6.98 7.05 7.93 8.46 7.85
8.45 8.47 8.65 8.49 7.96 8.08 8.20 8.68 8.52 8.67 8.89 8.82 8.97 8.81 8.54 8.26 8.35 8.71 8.63 8.53 8.77 9.19 9.28 9.23 7.86 8.80 9.22 9.02 8.12 7.97 7.52 5.92 8.44 8.85 8.79 8.80 8.71 7.95 7.17 7.54 7.04 6.96 7.30 7.40 7.84 7.59 6.42 5.71 7.13 7.72 8.22 8.32 7.85 7.90 8.29 6.24 6.33 7.36 8.33 7.27 7.76 6.95 6.45 6.24 6.80 6.84 7.00 7.64 8.15 8.22 7.55 7.09 7.61 8.02 7.89 7.82 7.09 8.03 6.97 7.88 6.92
8.36 8.62 8.43 8.31 8.15 8.74 8.72 8.82 8.99 9.01 9.03 8.86 9.01 9.05 8.51 7.89 7.93 8.38 8.59 8.52 9.12 9.21 9.13 9.11 7.66 7.95 9.15 7.88 7.14 7.26 7.00 6.64 8.19 8.24 8.13 6.38 8.11 8.54 6.85 6.09 6.79 7.13 7.16 8.26 7.27 7.55 5.35 5.62 5.92 6.66 7.95 5.93 6.95 7.92 8.47 7.12 6.61 7.73 7.69 7.16 8.21 7.49 6.58 6.69 7.61 7.76 7.55 7.23 8.04 8.41 7.98 7.51 7.35 6.90 8.15 8.08 8.27 7.09 7.39 8.67 8.35
8.56 8.68 8.49 8.68 8.76 8.67 8.88 9.01 8.99 9.11 9.15 9.00 9.11 9.13 8.60 8.43 7.96 8.64 8.49 8.48 8.96 8.82 8.89 8.43 8.36 8.14 9.06 8.58 6.83 6.64 6.71 6.96 7.57 7.03 8.48 6.90 8.14 8.36 7.07 6.85 6.12 7.29 8.20 8.28 8.02 6.32 6.19 5.86 5.64 6.33 7.22 6.17 5.83 5.61 7.87 8.11 7.49 8.48 7.85 7.17 8.48 7.03 7.25 7.44 7.12 6.94 7.81 8.28 8.25 8.56 7.93 7.65 7.81 8.47 8.11 8.26 8.18 7.44 8.80 8.52 8.27
8.79 8.70 8.27 8.72 8.83 8.96 9.04 9.06 8.92 9.23 9.09 9.18 9.09 8.95 9.35 9.31 8.76 8.38 8.30 8.30 8.17 8.83 7.57 7.53 7.80 8.83 8.70 8.65 8.48 6.84 6.09 7.74 7.96 7.39 8.22 6.99 7.76 7.19 7.68 7.10 6.90 6.72 8.29 8.07 7.74 7.35 6.63 6.40 6.13 5.24 6.11 5.98 6.08 6.21 7.24 7.97 8.47 7.18 7.97 7.70 8.46 7.26 7.41 7.22 7.79 7.55 7.25 7.98 8.23 8.65 7.38 7.74 8.26 8.18 7.80 8.23 8.80 7.94 8.84 8.23 7.90
9.15 8.92 9.05 8.64 8.68 8.81 9.01 9.16 9.23 9.37 9.15 9.22 9.25 9.23 9.21 9.34 9.26 8.99 9.18 8.43 8.58 8.69 7.95 7.10 8.50 8.87 8.81 7.93 7.46 7.05 7.26 7.13 7.37 7.80 6.75 6.42 6.22 6.54 6.80 6.48 6.80 6.39 6.16 8.31 8.34 6.50 6.95 6.58 5.24 6.26 6.49 6.48 6.80 7.33 7.01 7.20 8.19 8.45 8.45 8.46 8.13 7.92 7.93 7.42 7.87 8.10 7.79 7.61 7.86 8.41 8.78 8.29 8.70 8.57 8.34 8.53 8.00 8.36 9.00 8.36 8.01
9.48 9.31 9.23 8.95 9.12 9.27 9.16 9.23 9.36 9.25 9.17 9.24 9.36 9.26 9.43 9.39 9.47 9.38 9.19 8.81 9.08 9.35 9.48 7.44 9.12 8.35 8.57 7.07 7.59 7.58 7.49 7.46 6.98 7.24 6.51 6.33 6.24 7.52 6.45 6.22 5.80 6.09 6.43 6.96 7.87 7.66 6.31 6.23 5.78 6.72 6.97 6.80 7.52 7.10 7.74 7.44 7.45 7.88 8.21 8.55 7.58 8.07 7.83 7.81 7.93 8.19 8.36 8.02 7.85 8.26 8.47 8.86 8.38 8.32 8.62 8.31 7.95 8.28 8.94 8.79 8.06
9.07 9.59 9.43 9.43 9.44 9.43 9.35 9.38 9.41 9.35 9.34 9.37 9.45 9.32 9.47 9.63 9.57 9.43 9.37 9.43 9.53 9.38 9.69 9.48 8.13 7.11 7.33 6.80 8.02 8.30 7.89 8.48 7.14 6.84 6.69 6.43 7.07 7.60 7.33 6.57 6.42 6.28 5.80 7.13 8.20 8.31 6.54 7.26 6.35 7.08 7.72 7.61 8.05 7.29 7.71 7.96 7.75 7.86 7.98 8.53 8.27 7.66 7.80 8.27 8.13 8.29 8.56 8.34 7.98 8.75 8.90 8.60 8.62 8.70 8.71 8.56 8.75 8.65 8.69 9.17 8.81
9.56 9.63 9.67 9.54 9.49 9.54 9.45 9.42 9.48 9.49 9.45 9.45 9.50 9.48 9.63 9.76 9.34 9.64 9.50 9.80 9.77 9.27 9.69 8.30 7.58 7.49 6.99 7.02 8.85 8.87 8.48 8.19 7.22 6.79 6.75 6.47 7.13 7.78 7.81 6.26 7.15 6.68 5.52 7.78 7.49 8.34 7.40 8.05 7.19 7.30 7.68 7.67 8.05 7.38 8.08 8.29 7.47 7.53 8.08 8.39 8.38 8.15 8.41 7.89 8.61 8.48 8.82 8.61 8.67 8.99 8.63 8.53 8.82 8.65 8.21 8.70 9.04 8.97 8.97 8.98 9.23
9.49 9.51 9.52 9.58 9.53 9.49 9.51 9.53 9.53 9.57 9.57 9.55 9.53 9.61 9.65 9.76 9.77 9.75 9.67 9.70 9.55 9.18 9.55 9.51 8.20 9.40 9.31 9.17 8.21 8.07 7.54 7.68 7.40 7.47 7.18 6.64 6.09 6.45 7.03 7.83 7.55 7.58 6.18 6.21 7.52 8.37 7.18 7.73 7.98 7.95 7.89 8.01 7.70 8.03 8.39 7.50 7.68 7.95 8.30 8.51 8.72 8.52 8.71 8.04 8.73 8.47 8.80 8.91 8.87 8.98 8.73 8.68 8.84 9.00 9.13 9.06 9.02 9.06 9.14 9.11 9.10
9.58 9.51 9.52 9.58 9.61 9.61 9.60 9.61 9.60 9.60 9.63 9.58 9.64 9.68 9.62 9.55 9.62 9.52 9.58 9.11 9.34 9.42 9.54 9.35 9.41 9.41 8.35 8.01 7.33 7.33 7.36 7.76 7.72 6.62 6.20 6.44 6.34 5.95 6.01 7.34 7.85 7.39 6.58 6.42 6.94 7.90 8.01 7.45 7.16 7.85 8.32 8.43 8.48 8.39 8.42 8.17 8.21 8.36 8.39 8.51 8.66 8.76 8.82 8.87 8.84 8.81 8.84 8.87 8.82 9.04 8.82 8.84 8.89 9.06 9.15 9.20 9.18 9.20 9.27 9.29 9.30
9.60 9.61 9.59 9.64 9.68 9.70 9.69 9.67 9.69 9.70 9.69 9.68 9.62 9.66 9.56 9.50 9.58 9.66 9.53 9.11 9.05 9.30 9.55 9.35 9.15 9.09 9.24 9.03 8.28 7.96 7.14 7.65 8.47 7.55 6.89 8.01 7.16 5.91 5.49 5.98 7.94 7.40 7.09 6.79 7.18 7.72 8.05 7.99 7.59 7.79 8.33 8.39 8.47 8.49 8.39 8.30 8.38 8.42 8.45 8.49 8.59 8.63 8.69 8.81 8.85 8.94 8.97 9.00 9.03 8.97 8.90 8.97 9.01 9.04 9.21 9.24 9.26 9.29 9.31 9.32 9.33
9.52 9.59 9.66 9.68 9.74 9.75 9.72 9.74 9.74 9.72 9.72 9.71 9.70 9.64 9.62 9.57 9.65 9.71 9.51 8.93 8.86 8.94 9.36 9.29 8.78 8.05 7.91 7.84 8.00 7.90 8.59 8.63 8.62 8.30 8.16 8.24 7.85 7.60 6.70 6.15 8.03 6.97 7.29 7.00 7.11 7.66 8.17 8.30 8.36 8.24 8.38 8.42 8.45 8.46 8.39 8.34 8.41 8.43 8.47 8.57 8.62 8.64 8.68 8.74 8.80 8.90 8.95 8.99 9.04 9.07 9.09 9.13 9.15 9.19 9.22 9.25 9.28 9.31 9.33 9.35 9.37
9.69 9.67 9.76 9.77 9.81 9.79 9.78 9.78 9.77 9.76 9.74 9.74 9.71 9.66 9.71 9.69 9.65 9.56 9.68 9.14 9.33 9.11 9.33 8.92 8.77 9.41 9.24 8.81 7.69 8.17 8.85 8.34 8.31 8.67 7.98 8.24 8.10 8.03 8.15 7.45 7.82 7.88 7.78 7.95 7.76 7.82 8.18 8.33 8.36 8.35 8.44 8.46 8.44 8.50 8.44 8.39 8.42 8.51 8.54 8.59 8.67 8.67 8.71 8.81 8.82 8.91 8.97 9.01 9.04 9.08 9.10 9.13 9.16 9.21 9.23 9.27 9.30 9.33 9.36 9.38 9.40
9.76 9.78 9.80 9.83 9.85 9.84 9.83 9.81 9.80 9.78 9.78 9.77 9.78 9.78 9.78 9.77 9.82 9.79 9.76 9.45 9.36 9.09 9.08 9.14 9.25 9.21 9.26 9.42 9.42 8.97 8.95 8.67 8.37 8.45 8.72 8.22 8.31 7.94 8.10 8.13 7.88 8.15 8.18 8.13 8.12 8.38 8.43 8.45 8.46 8.47 8.47 8.46 8.47 8.43 8.52 8.48 8.52 8.56 8.58 8.61 8.72 8.72 8.75 8.83 8.90 8.94 8.97 9.01 9.05 9.08 9.12 9.15 9.18 9.23 9.26 9.29 9.33 9.36 9.38 9.41 9.43
9.75 9.79 9.84 9.87 9.87 9.86 9.85 9.84 9.82 9.82 9.81 9.81 9.81 9.81 9.80 9.83 9.84 9.84 9.78 9.80 9.69 9.59 9.76 9.50 9.50 9.22 9.31 9.53 9.21 9.06 9.03 8.92 8.49 8.53 8.84 8.44 8.24 7.74 8.24 8.28 7.97 7.95 7.90 8.12 8.38 8.48 8.46 8.47 8.45 8.49 8.49 8.49 8.49 8.52 8.51 8.55 8.59 8.62 8.62 8.67 8.73 8.77 8.81 8.86 8.90 8.94 8.98 9.02 9.05 9.09 9.13 9.16 9.20 9.25 9.28 9.32 9.35 9.38 9.41 9.43 9.46
9.78 9.82 9.86 9.89 9.89 9.90 9.87 9.86 9.85 9.85 9.85 9.84 9.85 9.86 9.86 9.87 9.78 9.78 9.78 9.85 9.88 9.83 9.86 9.75 9.73 9.65 9.65 9.57 9.35 9.36 9.01 8.95 8.82 8.84 8.86 8.89 8.54 8.62 8.62 8.48 8.32 8.07 8.13 8.34 8.59 8.53 8.52 8.51 8.42 8.49 8.49 8.49 8.50 8.54 8.54 8.56 8.60 8.64 8.68 8.71 8.75 8.77 8.82 8.87 8.91 8.95 8.99 9.02 9.07 9.11 9.14 9.18 9.22 9.27 9.30 9.33 9.37 9.40 9.43 9.47 9.48
9.77 9.82 9.84 9.87 9.49 9.75 9.87 9.88 9.88 9.89 9.89 9.89 9.90 9.91 9.89 9.78 9.74 9.76 9.81 9.90 9.92 9.91 9.89 9.85 9.81 9.74 9.66 9.62 9.32 9.22 9.11 9.13 9.06 9.02 8.99 8.88 8.81 8.88 8.76 8.67 8.45 8.53 8.72 8.69 8.68 8.65 8.62 8.61 8.60 8.59 8.59 8.57 8.57 8.58 8.60 8.62 8.60 8.66 8.69 8.72 8.76 8.80 8.85 8.89 8.93 8.97 9.00 9.04 9.09 9.13 9.16 9.20 9.24 9.28 9.33 9.36 9.40 9.43 9.47 9.49 9.52
9.76 9.80 9.80 9.72 9.62 9.81 9.89 9.90 9.90 9.91 9.91 9.92 9.94 9.95 9.69 9.81 9.81 9.92 9.95 9.95 9.94 9.94 9.90 9.87 9.81 9.72 9.52 9.55 9.42 9.36 9.25 9.22 9.17 9.13 9.06 9.02 8.92 8.43 8.82 8.74 8.80 8.73 8.73 8.68 8.63 8.62 8.60 8.56 8.52 8.34 8.22 8.23 8.36 8.44 8.45 8.50 8.59 8.67 8.70 8.75 8.81 8.84 8.87 8.91 8.95 8.99 9.03 9.07 9.11 9.15 9.18 9.23 9.27 9.30 9.35 9.39 9.42 9.46 9.49 9.51 9.55
9.74 9.78 9.81 9.82 9.70 9.89 9.90 9.91 9.92 9.94 9.94 9.96 9.97 9.87 9.81 9.75 9.89 9.98 9.99 9.98 9.97 9.96 9.94 9.90 9.83 9.74 9.66 9.55 9.46 9.16 9.11 9.17 8.13 8.05 8.22 8.25 8.56 8.27 8.57 8.88 8.70 8.72 8.56 8.58 8.57 8.58 8.28 8.50 8.54 8.52 8.46 8.16 8.37 8.50 8.55 8.64 8.67 8.72 8.74 8.81 8.86 8.88 8.92 8.95 8.99 9.02 9.06 9.10 9.14 9.18 9.21 9.25 9.29 9.34 9.38 9.42 9.45 9.48 9.52 9.55 9.57
9.74 9.77 9.71 9.84 9.81 9.81 9.89 9.92 9.94 9.95 9.97 9.99 9.80 9.85 9.69 9.91 10.01 10.03 10.01 10.00 9.99 9.98 9.96 9.90 9.84 9.65 9.50 9.42 9.34 9.09 9.02 8.86 8.17 8.46 8.46 8.53 8.47 8.30 8.78 8.75 8.77 8.45 8.28 8.43 8.39 8.36 8.50 8.31 8.11 8.36 8.53 8.61 8.67 8.68 8.70 8.74 8.79 8.83 8.86 8.89 8.91 8.94 8.97 9.00 9.03 9.06 9.10 9.14 9.18 9.22 9.24 9.28 9.32 9.36 9.41 9.45 9.48 9.51 9.54 9.58 9.61
9.73 9.76 9.80 9.83 9.86 9.88 9.91 9.87 9.94 9.97 10.01 9.99 9.85 9.67 9.94 10.02 10.03 10.05 9.85 9.81 9.82 9.93 9.98 9.96 9.82 9.58 9.63 9.52 9.29 9.26 8.53 8.83 8.79 8.92 8.70 8.54 8.64 8.76 8.93 8.78 8.31 7.66 7.96 8.21 7.97 8.14 7.80 8.12 7.98 8.34 8.58 8.69 8.72 8.80 8.84 8.87 8.91 8.93 8.95 8.96 8.98 9.01 9.03 9.06 9.08 9.12 9.15 9.18 9.22 9.26 9.28 9.32 9.36 9.40 9.44 9.48 9.52 9.55 9.58 9.61 9.64
9.71 9.74 9.78 9.82 9.85 9.88 9.91 9.93 9.97 9.88 9.93 9.53 9.49 9.80 10.03 10.09 10.04 10.08 10.05 10.01 10.03 10.03 10.01 9.85 9.77 9.38 9.35 9.33 9.13 9.23 9.31 9.35 9.25 9.36 8.96 8.77 8.81 8.82 8.80 8.30 8.45 7.88 7.90 7.79 7.57 7.44 8.35 8.62 8.72 8.64 8.77 8.90 8.91 8.95 8.99 8.97 9.02 9.03 9.04 9.05 9.06 9.08 9.10 9.12 9.15 9.18 9.21 9.24 9.27 9.30 9.34 9.36 9.40 9.44 9.47 9.51 9.55 9.59 9.62 9.65 9.68
9.69 9.73 9.76 9.80 9.84 9.87 9.90 9.93 9.97 10.00 9.64 9.64 9.79 10.03 10.12 10.12 10.12 10.10 10.07 10.06 10.05 10.04 9.90 9.62 9.62 9.28 9.43 9.49 9.17 9.42 9.56 9.41 9.54 9.45 8.74 8.88 8.90 8.65 8.71 8.22 8.10 8.08 7.58 8.36 8.11 8.07 8.66 8.93 8.92 8.94 8.99 9.06 9.09 9.08 9.13 9.13 9.13 9.13 9.14 9.15 9.16 9.17 9.19 9.20 9.22 9.25 9.27 9.30 9.33 9.36 9.39 9.43 9.45 9.48 9.52 9.55 9.59 9.62 9.65 9.68 9.72
9.67 9.71 9.75 9.79 9.82 9.86 9.90 9.93 9.97 10.00 10.03 10.03 10.09 10.11 10.13 10.09 10.02 10.07 10.08 10.08 10.08 10.07 9.78 9.23 9.58 9.58 9.44 9.15 9.78 9.75 9.74 9.69 9.39 9.51 9.37 9.41 9.14 8.60 8.57 8.37 8.14 8.33 8.07 8.84 8.91 9.09 9.07 9.09 9.11 9.15 9.18 9.23 9.24 9.27 9.27 9.25 9.25 9.25 9.26 9.26 9.27 9.28 9.29 9.30 9.32 9.34 9.35 9.37 9.40 9.43 9.45 9.48 9.51 9.54 9.57 9.60 9.64 9.67 9.70 9.73 9.76
9.66 9.70 9.73 9.77 9.81 9.85 9.89 9.93 9.97 9.99 10.03 10.06 10.09 10.12 10.14 10.15 10.15 10.13 10.12 10.08 10.11 10.11 10.03 9.90 10.04 9.95 9.94 9.88 9.82 9.76 9.78 9.77 9.65 9.68 9.58 9.22 8.86 8.67 8.07 8.36 8.24 8.92 9.09 9.11 9.40 9.38 9.38 9.35 9.40 9.39 9.35 9.42 9.42 9.40 9.40 9.39 9.39 9.39 9.39 9.39 9.39 9.39 9.40 9.41 9.42 9.43 9.45 9.47 9.48 9.50 9.53 9.55 9.58 9.60 9.63 9.66 9.69 9.72 9.75 9.78 9.81
9.64 9.68 9.72 9.76 9.80 9.84 9.88 9.92 9.96 9.99 10.03 10.06 10.08 10.11 10.13 10.14 10.15 10.15 10.15 10.14 10.14 10.14 10.14 10.11 10.03 10.01 10.03 9.99 9.91 9.86 9.70 9.85 9.85 9.73 9.63 9.27 9.11 9.01 8.75 9.12 8.55 8.87 9.15 9.19 9.52 9.58 9.58 9.58 9.57 9.59 9.57 9.57 9.56 9.56 9.55 9.53 9.53 9.53 9.52 9.52 9.52 9.52 9.53 9.53 9.53 9.54 9.55 9.57 9.58 9.59 9.61 9.64 9.66 9.67 9.70 9.73 9.76 9.78 9.81 9.83 9.86
9.63 9.67 9.71 9.74 9.79 9.83 9.88 9.91 9.95 9.98 10.03 10.06 10.08 10.11 10.13 10.14 10.16 10.16 10.16 10.16 10.17 10.16 10.17 10.17 10.12 10.07 10.14 10.07 10.09 10.02 9.65 9.99 9.93 9.62 9.36 9.22 9.77 9.68 9.68 9.07 9.28 9.48 9.71 9.77 9.74 9.75 9.75 9.75 9.75 9.73 9.74 9.73 9.71 9.71 9.70 9.69 9.69 9.68 9.67 9.67 9.67 9.66 9.66 9.66 9.66 9.67 9.68 9.68 9.69 9.70 9.71 9.73 9.75 9.76 9.78 9.81 9.83 9.85 9.87 9.90 9.92
9.62 9.66 9.70 9.73 9.78 9.82 9.86 9.90 9.94 9.98 10.02 10.05 10.08 10.11 10.13 10.15 10.16 10.17 10.18 10.18 10.19 10.20 10.20 10.20 10.20 10.19 10.18 10.17 10.15 10.13 10.10 10.01 9.99 9.92 9.78 9.39 9.96 9.96 9.95 9.93 9.92 9.92 9.91 9.91 9.91 9.91 9.90 9.90 9.89 9.89 9.89 9.88 9.87 9.87 9.86 9.85 9.85 9.84 9.83 9.82 9.82 9.81 9.81 9.81 9.81 9.80 9.81 9.81 9.81 9.82 9.83 9.84 9.85 9.86 9.88 9.90 9.91 9.93 9.95 9.97 9.99
9.61 9.65 9.68 9.73 9.77 9.81 9.86 9.89 9.94 9.98 10.01 10.05 10.08 10.10 10.13 10.15 10.16 10.18 10.19 10.21 10.22 10.22 10.23 10.24 10.24 10.24 10.23 10.22 10.22 10.20 10.14 9.90 9.97 9.94 10.01 9.89 10.09 10.08 10.07 10.06 10.05 10.05 10.05 10.05 10.04 10.05 10.05 10.05 10.05 10.05 10.05 10.04 10.04 10.03 10.03 10.01 10.01 10.00 9.99 9.99 9.98 9.97 9.97 9.96 9.96 9.96 9.95 9.95 9.94 9.95 9.96 9.96 9.97 9.97 9.99 9.99 10.01 10.03 10.04 10.06 10.08
