main/data/pressure/09.03.2023.grid
ncols 886
nrows 691
xllcenter 112.0000
yllcenter -44.5000
cellsize 0.0500
nodata_value 99999.90
[rows 0 to 34 of 691, columns 395 to 473 of 886]
33.88 33.85 33.83 33.79 33.76 33.72 33.68 33.65 33.62 33.58 33.55 33.51 33.48 33.43 33.40 33.36 33.33 33.28 33.24 33.20 33.16 33.10 33.06 33.02 32.96 32.91 32.85 32.80 32.74 32.69 32.62 32.56 32.50 32.43 32.37 32.31 32.25 32.18 32.11 32.05 31.99 31.92 31.87 31.81 31.75 31.70 31.64 31.58 31.53 31.48 31.44 31.39 31.34 31.29 31.25 31.21 31.18 31.14 31.10 31.07 31.04 31.01 30.98 30.95 30.93 30.91 30.90 30.87 30.86 30.86 30.85 30.84 30.84 30.84 30.85 30.86 30.87 30.89 30.92
33.85 33.82 33.80 33.76 33.73 33.69 33.65 33.63 33.59 33.55 33.52 33.48 33.45 33.41 33.38 33.34 33.31 33.26 33.23 33.19 33.14 33.10 33.05 33.01 32.96 32.90 32.85 32.80 32.73 32.67 32.61 32.54 32.48 32.42 32.35 32.28 32.22 32.15 32.09 32.01 31.95 31.89 31.83 31.77 31.71 31.65 31.59 31.54 31.49 31.43 31.39 31.34 31.28 31.24 31.20 31.16 31.12 31.08 31.04 31.01 30.98 30.95 30.92 30.89 30.87 30.85 30.83 30.82 30.80 30.79 30.78 30.77 30.78 30.78 30.78 30.80 30.82 30.83 30.86
33.82 33.79 33.75 33.73 33.70 33.66 33.62 33.60 33.56 33.52 33.50 33.46 33.43 33.39 33.36 33.33 33.29 33.26 33.22 33.18 33.15 33.10 33.05 33.00 32.95 32.90 32.85 32.79 32.73 32.67 32.60 32.54 32.47 32.40 32.33 32.27 32.20 32.13 32.06 31.99 31.92 31.86 31.80 31.72 31.66 31.61 31.55 31.49 31.44 31.39 31.34 31.28 31.23 31.19 31.14 31.10 31.06 31.02 30.98 30.95 30.91 30.89 30.86 30.83 30.80 30.78 30.77 30.75 30.74 30.72 30.72 30.72 30.71 30.72 30.73 30.73 30.75 30.77 30.80
33.79 33.75 33.72 33.70 33.67 33.63 33.60 33.57 33.54 33.51 33.48 33.45 33.41 33.39 33.35 33.32 33.28 33.25 33.22 33.18 33.14 33.10 33.05 33.01 32.97 32.91 32.85 32.80 32.73 32.67 32.61 32.54 32.46 32.40 32.33 32.26 32.18 32.11 32.04 31.97 31.90 31.83 31.75 31.69 31.63 31.57 31.51 31.45 31.39 31.33 31.28 31.23 31.18 31.13 31.09 31.05 31.00 30.97 30.93 30.89 30.85 30.82 30.80 30.77 30.75 30.72 30.70 30.68 30.67 30.66 30.65 30.65 30.65 30.65 30.66 30.68 30.69 30.72 30.75
33.75 33.72 33.69 33.66 33.64 33.60 33.57 33.55 33.51 33.49 33.46 33.43 33.40 33.38 33.34 33.32 33.29 33.25 33.22 33.19 33.15 33.11 33.07 33.02 32.97 32.92 32.86 32.81 32.75 32.68 32.61 32.54 32.47 32.40 32.33 32.24 32.17 32.10 32.02 31.95 31.87 31.80 31.73 31.66 31.59 31.53 31.47 31.40 31.34 31.28 31.23 31.18 31.13 31.08 31.03 30.99 30.95 30.91 30.86 30.82 30.79 30.76 30.73 30.71 30.68 30.66 30.63 30.62 30.61 30.60 30.58 30.58 30.59 30.59 30.60 30.62 30.64 30.66 30.70
33.72 33.69 33.66 33.63 33.61 33.58 33.55 33.53 33.49 33.47 33.44 33.42 33.39 33.37 33.34 33.31 33.29 33.26 33.23 33.20 33.17 33.12 33.08 33.04 32.99 32.94 32.89 32.83 32.76 32.69 32.63 32.56 32.47 32.40 32.32 32.25 32.17 32.08 32.00 31.92 31.85 31.77 31.70 31.63 31.56 31.49 31.42 31.35 31.29 31.24 31.18 31.13 31.07 31.02 30.98 30.93 30.89 30.85 30.81 30.76 30.73 30.70 30.67 30.64 30.62 30.60 30.58 30.55 30.54 30.53 30.53 30.52 30.52 30.53 30.54 30.56 30.58 30.61 30.65
33.69 33.66 33.63 33.60 33.58 33.55 33.52 33.50 33.47 33.46 33.43 33.41 33.39 33.36 33.34 33.31 33.29 33.27 33.25 33.21 33.18 33.15 33.11 33.06 33.02 32.97 32.91 32.85 32.79 32.72 32.65 32.57 32.49 32.42 32.34 32.24 32.16 32.08 32.00 31.91 31.83 31.76 31.68 31.60 31.52 31.45 31.38 31.31 31.25 31.19 31.13 31.07 31.02 30.97 30.92 30.87 30.83 30.79 30.75 30.71 30.66 30.63 30.60 30.57 30.55 30.53 30.51 30.49 30.48 30.46 30.46 30.46 30.45 30.47 30.48 30.51 30.53 30.57 30.60
33.65 33.63 33.60 33.58 33.55 33.53 33.50 33.49 33.46 33.44 33.42 33.40 33.38 33.36 33.34 33.33 33.30 33.28 33.26 33.24 33.20 33.17 33.13 33.09 33.04 32.99 32.94 32.88 32.81 32.75 32.68 32.60 32.52 32.43 32.35 32.26 32.17 32.08 32.00 31.91 31.82 31.73 31.65 31.57 31.49 31.42 31.34 31.27 31.21 31.14 31.08 31.02 30.97 30.91 30.86 30.81 30.77 30.73 30.68 30.65 30.61 30.58 30.55 30.52 30.48 30.46 30.44 30.43 30.41 30.41 30.39 30.39 30.40 30.41 30.42 30.45 30.48 30.51 30.57
33.61 33.60 33.58 33.55 33.53 33.51 33.49 33.47 33.45 33.43 33.42 33.40 33.38 33.37 33.35 33.34 33.33 33.31 33.28 33.26 33.22 33.18 33.12 33.07 33.02 32.97 32.91 32.86 32.81 32.75 32.70 32.62 32.54 32.46 32.37 32.28 32.19 32.09 31.99 31.90 31.81 31.72 31.63 31.55 31.47 31.39 31.31 31.24 31.17 31.10 31.03 30.97 30.91 30.86 30.80 30.75 30.71 30.66 30.62 30.58 30.54 30.51 30.48 30.45 30.42 30.39 30.37 30.36 30.34 30.34 30.33 30.33 30.33 30.35 30.37 30.39 30.43 30.47 30.52
33.58 33.56 33.54 33.53 33.51 33.49 33.47 33.46 33.44 33.42 33.41 33.39 33.39 33.38 33.37 33.35 33.34 33.32 33.29 33.24 33.19 33.14 33.09 33.04 32.98 32.93 32.88 32.83 32.76 32.71 32.66 32.61 32.55 32.49 32.40 32.30 32.20 32.10 32.01 31.91 31.81 31.71 31.62 31.53 31.44 31.36 31.28 31.20 31.12 31.05 30.98 30.92 30.86 30.80 30.74 30.69 30.64 30.60 30.55 30.51 30.47 30.44 30.41 30.38 30.35 30.33 30.31 30.29 30.27 30.27 30.26 30.27 30.28 30.28 30.31 30.34 30.37 30.42 30.49
33.55 33.53 33.52 33.51 33.49 33.48 33.46 33.45 33.44 33.42 33.41 33.41 33.39 33.39 33.38 33.37 33.35 33.30 33.25 33.20 33.15 33.10 33.04 32.99 32.94 32.89 32.83 32.78 32.72 32.67 32.62 32.57 32.51 32.45 32.39 32.32 32.23 32.13 32.02 31.92 31.81 31.71 31.61 31.51 31.41 31.32 31.23 31.16 31.08 31.01 30.93 30.87 30.80 30.74 30.68 30.63 30.57 30.53 30.48 30.44 30.40 30.36 30.33 30.30 30.28 30.25 30.23 30.22 30.21 30.20 30.20 30.20 30.21 30.23 30.26 30.28 30.33 30.38 30.45
33.52 33.51 33.50 33.49 33.48 33.47 33.45 33.44 33.44 33.42 33.42 33.41 33.41 33.40 33.39 33.36 33.31 33.26 33.21 33.15 33.10 33.05 33.00 32.95 32.89 32.84 32.79 32.74 32.69 32.62 32.57 32.52 32.47 32.41 32.36 32.30 32.24 32.15 32.04 31.93 31.81 31.70 31.60 31.49 31.39 31.30 31.20 31.11 31.04 30.96 30.88 30.81 30.74 30.67 30.61 30.56 30.50 30.45 30.40 30.36 30.32 30.29 30.25 30.23 30.20 30.17 30.16 30.14 30.13 30.13 30.13 30.14 30.15 30.16 30.19 30.23 30.28 30.34 30.41
33.49 33.49 33.48 33.47 33.47 33.45 33.45 33.44 33.44 33.43 33.42 33.43 33.43 33.42 33.38 33.33 33.27 33.22 33.17 33.12 33.07 33.02 32.96 32.90 32.85 32.80 32.75 32.69 32.64 32.58 32.53 32.48 32.43 32.37 32.31 32.25 32.20 32.13 32.05 31.95 31.83 31.71 31.60 31.48 31.38 31.27 31.17 31.08 30.98 30.91 30.83 30.75 30.68 30.61 30.54 30.48 30.42 30.37 30.32 30.29 30.25 30.21 30.18 30.15 30.12 30.10 30.08 30.07 30.06 30.06 30.05 30.06 30.08 30.11 30.14 30.17 30.23 30.30 30.37
33.47 33.47 33.47 33.47 33.46 33.45 33.45 33.45 33.45 33.44 33.44 33.44 33.43 33.39 33.34 33.29 33.24 33.18 33.13 33.07 33.02 32.97 32.92 32.87 32.82 32.75 32.70 32.65 32.60 32.55 32.49 32.43 32.38 32.32 32.27 32.21 32.16 32.10 32.03 31.96 31.84 31.72 31.60 31.48 31.36 31.25 31.14 31.04 30.94 30.84 30.76 30.68 30.61 30.53 30.46 30.40 30.34 30.28 30.24 30.20 30.15 30.12 30.08 30.05 30.03 30.01 29.99 29.98 29.98 29.98 29.98 30.00 30.02 30.04 30.07 30.12 30.17 30.25 30.33
33.45 33.46 33.46 33.47 33.46 33.46 33.46 33.46 33.46 33.46 33.47 33.45 33.41 33.36 33.30 33.25 33.19 33.14 33.09 33.04 32.98 32.93 32.88 32.82 32.77 32.72 32.66 32.61 32.55 32.50 32.44 32.39 32.34 32.28 32.23 32.17 32.10 32.05 31.98 31.92 31.85 31.73 31.60 31.47 31.34 31.22 31.11 30.99 30.89 30.79 30.70 30.61 30.53 30.45 30.38 30.31 30.26 30.20 30.14 30.10 30.05 30.01 29.98 29.95 29.94 29.92 29.91 29.90 29.90 29.90 29.90 29.92 29.94 29.97 30.02 30.06 30.12 30.20 30.29
33.45 33.46 33.47 33.47 33.48 33.48 33.48 33.48 33.48 33.49 33.48 33.45 33.39 33.33 33.27 33.22 33.16 33.11 33.05 33.00 32.94 32.89 32.83 32.78 32.73 32.68 32.61 32.56 32.51 32.46 32.40 32.35 32.29 32.23 32.18 32.12 32.06 32.00 31.94 31.87 31.80 31.71 31.59 31.45 31.32 31.19 31.07 30.95 30.83 30.72 30.62 30.53 30.44 30.36 30.28 30.21 30.15 30.09 30.03 29.98 29.95 29.91 29.88 29.85 29.83 29.81 29.80 29.80 29.80 29.80 29.82 29.84 29.87 29.91 29.94 30.00 30.07 30.15 30.25
33.46 33.47 33.49 33.50 33.50 33.51 33.51 33.52 33.52 33.52 33.49 33.43 33.36 33.30 33.24 33.18 33.12 33.06 33.01 32.96 32.90 32.85 32.80 32.74 32.68 32.63 32.58 32.52 32.47 32.42 32.35 32.30 32.25 32.19 32.13 32.08 32.02 31.96 31.89 31.82 31.75 31.67 31.57 31.44 31.30 31.15 31.03 30.90 30.77 30.65 30.54 30.45 30.35 30.26 30.17 30.10 30.03 29.97 29.91 29.87 29.82 29.78 29.75 29.73 29.71 29.70 29.69 29.69 29.70 29.71 29.73 29.75 29.78 29.82 29.88 29.94 30.01 30.10 30.20
33.47 33.51 33.52 33.54 33.55 33.55 33.56 33.56 33.56 33.55 33.48 33.41 33.35 33.28 33.21 33.15 33.09 33.03 32.98 32.92 32.87 32.80 32.75 32.70 32.64 32.59 32.54 32.49 32.42 32.37 32.32 32.26 32.21 32.15 32.09 32.02 31.96 31.90 31.83 31.77 31.70 31.61 31.52 31.41 31.27 31.12 30.97 30.84 30.70 30.57 30.45 30.35 30.24 30.14 30.05 29.98 29.90 29.83 29.78 29.73 29.68 29.64 29.62 29.60 29.58 29.57 29.56 29.57 29.58 29.60 29.62 29.65 29.69 29.74 29.80 29.87 29.95 30.04 30.15
33.51 33.55 33.58 33.59 33.60 33.61 33.62 33.62 33.61 33.56 33.48 33.40 33.32 33.25 33.18 33.12 33.05 33.00 32.95 32.88 32.82 32.77 32.71 32.66 32.61 32.55 32.49 32.44 32.38 32.33 32.28 32.22 32.16 32.10 32.04 31.98 31.92 31.85 31.78 31.71 31.63 31.55 31.46 31.35 31.23 31.07 30.91 30.77 30.62 30.48 30.35 30.23 30.12 30.01 29.92 29.83 29.75 29.68 29.62 29.57 29.52 29.49 29.46 29.44 29.42 29.43 29.43 29.44 29.46 29.48 29.51 29.55 29.60 29.66 29.71 29.79 29.88 29.98 30.09
33.58 33.62 33.65 33.67 33.69 33.69 33.70 33.70 33.66 33.58 33.48 33.39 33.31 33.24 33.16 33.09 33.03 32.97 32.90 32.85 32.79 32.73 32.68 32.62 32.56 32.51 32.45 32.40 32.34 32.28 32.23 32.17 32.11 32.06 32.00 31.94 31.87 31.81 31.73 31.66 31.57 31.48 31.38 31.27 31.15 31.01 30.85 30.68 30.53 30.37 30.23 30.10 29.98 29.86 29.76 29.66 29.58 29.51 29.44 29.39 29.35 29.31 29.29 29.27 29.26 29.26 29.27 29.29 29.32 29.35 29.39 29.44 29.50 29.55 29.63 29.71 29.81 29.91 30.03
33.67 33.72 33.76 33.78 33.80 33.80 33.80 33.79 33.70 33.60 33.49 33.40 33.30 33.22 33.15 33.07 33.00 32.94 32.87 32.81 32.76 32.70 32.63 32.58 32.52 32.47 32.41 32.35 32.30 32.24 32.19 32.13 32.07 32.01 31.95 31.89 31.83 31.76 31.68 31.60 31.51 31.42 31.31 31.19 31.07 30.93 30.76 30.59 30.42 30.25 30.09 29.95 29.82 29.69 29.58 29.48 29.39 29.31 29.24 29.19 29.14 29.11 29.09 29.07 29.08 29.08 29.10 29.12 29.16 29.20 29.26 29.32 29.37 29.45 29.53 29.63 29.73 29.84 29.97
33.80 33.85 33.89 33.92 33.93 33.95 33.93 33.87 33.75 33.62 33.51 33.40 33.30 33.21 33.13 33.04 32.98 32.90 32.85 32.78 32.72 32.65 32.59 32.54 32.48 32.42 32.36 32.31 32.26 32.20 32.15 32.08 32.02 31.96 31.90 31.84 31.77 31.70 31.62 31.53 31.45 31.35 31.24 31.11 30.98 30.83 30.66 30.48 30.30 30.11 29.94 29.78 29.63 29.50 29.38 29.26 29.17 29.08 29.02 28.95 28.92 28.88 28.86 28.86 28.86 28.87 28.90 28.94 28.98 29.04 29.10 29.17 29.25 29.33 29.43 29.53 29.64 29.76 29.90
33.96 34.02 34.06 34.10 34.11 34.12 34.07 33.95 33.80 33.65 33.53 33.41 33.30 33.20 33.12 33.03 32.96 32.89 32.82 32.74 32.68 32.62 32.56 32.50 32.44 32.38 32.33 32.27 32.22 32.15 32.09 32.04 31.98 31.92 31.85 31.79 31.72 31.64 31.56 31.47 31.38 31.27 31.16 31.03 30.89 30.73 30.56 30.37 30.17 29.97 29.77 29.60 29.43 29.28 29.15 29.03 28.92 28.84 28.76 28.70 28.65 28.62 28.61 28.60 28.62 28.64 28.68 28.73 28.79 28.86 28.93 29.02 29.11 29.21 29.31 29.43 29.54 29.67 29.82
34.17 34.24 34.28 34.31 34.33 34.30 34.20 34.03 33.85 33.71 33.56 33.43 33.27 33.21 33.10 33.02 32.92 32.86 32.78 32.71 32.65 32.59 32.51 32.46 32.40 32.34 32.29 32.22 32.17 32.11 32.05 31.99 31.93 31.87 31.80 31.73 31.66 31.59 31.50 31.41 31.31 31.20 31.08 30.95 30.80 30.63 30.46 30.26 30.05 29.84 29.62 29.42 29.22 29.05 28.90 28.77 28.64 28.55 28.47 28.41 28.36 28.34 28.33 28.33 28.35 28.39 28.44 28.51 28.58 28.66 28.75 28.85 28.95 29.07 29.19 29.31 29.44 29.58 29.73
34.43 34.50 34.53 34.51 34.56 34.45 34.29 34.11 33.92 33.76 33.60 33.45 33.33 33.20 33.10 33.00 32.79 32.84 32.75 32.69 32.62 32.55 32.48 32.42 32.36 32.30 32.24 32.18 32.12 32.07 32.01 31.94 31.88 31.82 31.75 31.68 31.60 31.52 31.43 31.35 31.24 31.13 31.00 30.86 30.70 30.53 30.35 30.15 29.94 29.73 29.50 29.29 29.07 28.87 28.68 28.52 28.38 28.27 28.19 28.11 28.07 28.05 28.04 28.06 28.08 28.13 28.19 28.26 28.36 28.45 28.56 28.67 28.79 28.92 29.05 29.19 29.32 29.47 29.63
34.73 34.81 34.85 34.78 34.76 34.56 34.32 34.21 34.01 33.81 33.53 33.49 33.34 33.22 33.10 33.00 32.90 32.81 32.74 32.65 32.58 32.51 32.44 32.38 32.32 32.25 32.20 32.14 32.08 32.01 31.95 31.89 31.83 31.77 31.70 31.63 31.55 31.46 31.37 31.27 31.16 31.05 30.91 30.76 30.61 30.43 30.24 30.04 29.83 29.61 29.39 29.17 28.96 28.76 28.58 28.40 28.26 28.13 28.03 27.96 27.90 27.87 27.87 27.88 27.92 27.96 28.03 28.11 28.20 28.31 28.42 28.54 28.66 28.79 28.92 29.07 29.21 29.35 29.51
35.09 35.16 35.17 35.00 34.72 34.65 34.46 34.30 34.09 33.89 33.39 33.52 33.36 33.23 33.10 32.99 32.89 32.79 32.70 32.62 32.55 32.48 32.41 32.34 32.27 32.21 32.15 32.10 32.03 31.97 31.91 31.85 31.78 31.72 31.64 31.57 31.49 31.40 31.31 31.20 31.09 30.96 30.83 30.67 30.50 30.33 30.13 29.93 29.71 29.50 29.28 29.06 28.85 28.66 28.48 28.31 28.17 28.05 27.95 27.87 27.82 27.80 27.78 27.80 27.84 27.88 27.95 28.02 28.11 28.22 28.32 28.44 28.56 28.68 28.81 28.95 29.09 29.22 29.37
35.46 35.46 35.39 35.26 35.07 34.75 34.54 34.38 34.17 33.96 33.67 33.47 33.34 33.21 33.10 32.99 32.87 32.77 32.68 32.60 32.52 32.44 32.36 32.30 32.23 32.17 32.11 32.04 31.98 31.92 31.86 31.80 31.72 31.65 31.58 31.50 31.42 31.33 31.24 31.13 31.01 30.88 30.74 30.58 30.40 30.22 30.02 29.82 29.60 29.39 29.17 28.96 28.75 28.56 28.38 28.23 28.08 27.97 27.87 27.80 27.76 27.72 27.72 27.73 27.76 27.81 27.88 27.95 28.05 28.14 28.24 28.35 28.47 28.58 28.71 28.84 28.97 29.10 29.23
35.63 35.61 35.52 35.38 35.05 34.98 34.63 34.45 34.27 34.00 33.74 33.62 33.33 33.02 33.08 32.99 32.74 32.75 32.65 32.57 32.48 32.40 32.32 32.25 32.19 32.13 32.05 31.99 31.93 31.87 31.80 31.74 31.67 31.60 31.52 31.44 31.36 31.26 31.16 31.06 30.93 30.79 30.64 30.48 30.30 30.12 29.92 29.70 29.49 29.27 29.06 28.85 28.65 28.46 28.29 28.14 28.01 27.89 27.79 27.73 27.68 27.66 27.65 27.66 27.69 27.74 27.80 27.88 27.96 28.06 28.16 28.28 28.39 28.50 28.62 28.74 28.85 28.98 29.11
35.74 35.72 35.63 35.50 35.31 35.09 34.43 34.18 34.30 34.11 33.89 33.67 33.47 33.29 33.13 32.98 32.86 32.60 32.63 32.53 32.44 32.36 32.28 32.21 32.13 32.08 32.01 31.94 31.88 31.81 31.75 31.68 31.61 31.54 31.46 31.38 31.29 31.20 31.09 30.97 30.85 30.71 30.55 30.39 30.20 30.01 29.81 29.59 29.38 29.16 28.95 28.75 28.55 28.37 28.20 28.05 27.93 27.82 27.73 27.66 27.62 27.59 27.58 27.59 27.63 27.68 27.73 27.81 27.90 27.99 28.08 28.19 28.30 28.41 28.52 28.64 28.76 28.87 28.99
35.82 35.80 35.71 35.58 35.40 35.19 34.95 34.17 34.44 34.19 33.95 33.72 33.51 33.31 33.14 32.98 32.85 32.72 32.61 32.50 32.41 32.26 32.20 32.17 32.06 32.03 31.95 31.89 31.83 31.75 31.69 31.62 31.54 31.37 31.39 31.31 31.22 31.12 31.01 30.89 30.76 30.62 30.46 30.28 30.10 29.90 29.70 29.49 29.28 29.06 28.85 28.65 28.46 28.28 28.12 27.97 27.85 27.74 27.65 27.59 27.55 27.52 27.52 27.53 27.56 27.61 27.66 27.74 27.83 27.91 28.01 28.11 28.22 28.32 28.43 28.54 28.66 28.77 28.87
35.87 35.85 35.77 35.64 35.48 35.26 35.03 34.78 34.52 34.26 34.01 33.76 33.54 33.33 33.15 32.98 32.83 32.70 32.27 32.40 32.01 32.09 32.12 32.11 32.03 31.87 31.89 31.83 31.77 31.70 31.63 31.55 31.48 31.40 31.32 31.24 31.14 31.05 30.93 30.81 30.67 30.53 30.36 30.18 30.00 29.80 29.59 29.38 29.17 28.96 28.75 28.56 28.37 28.20 28.04 27.89 27.77 27.68 27.59 27.53 27.48 27.46 27.45 27.47 27.50 27.55 27.61 27.67 27.75 27.85 27.94 28.04 28.15 28.25 28.35 28.46 28.57 28.67 28.78
35.89 35.87 35.80 35.68 35.52 35.32 35.09 34.84 34.55 34.31 34.06 33.78 33.57 33.35 33.16 32.98 32.82 32.65 32.54 32.43 32.26 32.09 32.09 32.05 31.99 31.76 31.79 31.77 31.71 31.63 31.57 31.49 31.41 31.34 31.25 31.16 31.07 30.97 30.85 30.72 30.58 30.43 30.27 30.08 29.90 29.70 29.49 29.28 29.06 28.86 28.66 28.47 28.28 28.12 27.96 27.82 27.70 27.60 27.52 27.46 27.41 27.39 27.39 27.41 27.44 27.48 27.54 27.60 27.68 27.78 27.86 27.97 28.07 28.18 28.28 28.38 28.47 28.58 28.67
35.88 35.87 35.80 35.69 35.54 35.35 35.13 34.88 34.62 34.35 34.09 33.83 33.59 33.36 33.16 32.96 32.81 32.65 32.52 32.39 32.22 32.10 32.03 31.95 31.90 31.80 31.75 31.71 31.64 31.57 31.50 31.43 31.30 31.23 31.18 31.09 30.99 30.89 30.77 30.63 30.49 30.34 30.17 29.98 29.80 29.59 29.38 29.18 28.96 28.76 28.56 28.38 28.20 28.03 27.88 27.75 27.63 27.53 27.45 27.40 27.36 27.33 27.32 27.34 27.37 27.42 27.48 27.55 27.62 27.71 27.80 27.89 28.00 28.10 28.20 28.30 28.39 28.49 28.58
35.85 35.84 35.78 35.68 35.53 35.35 35.15 34.90 34.64 34.38 34.11 33.86 33.60 33.38 33.16 32.95 32.77 32.62 32.48 32.35 32.22 32.10 32.01 31.93 31.85 31.76 31.69 31.62 31.58 31.50 31.43 31.35 31.26 31.19 31.10 31.01 30.92 30.80 30.68 30.55 30.41 30.25 30.07 29.88 29.69 29.49 29.28 29.08 28.87 28.67 28.47 28.29 28.11 27.95 27.81 27.67 27.56 27.47 27.39 27.33 27.30 27.27 27.27 27.28 27.30 27.36 27.41 27.48 27.52 27.64 27.73 27.83 27.92 28.03 28.12 28.22 28.32 28.40 28.50
