main/data/pressure/09.09.2023.grid
ncols 886
nrows 691
xllcenter 112.0000
yllcenter -44.5000
cellsize 0.0500
nodata_value 99999.90
[rows 0 to 36 of 691, columns 415 to 497 of 886]
30.34 30.29 30.24 30.21 30.16 30.12 30.08 30.04 30.00 29.97 29.94 29.92 29.89 29.87 29.85 29.84 29.82 29.81 29.80 29.79 29.78 29.77 29.77 29.76 29.76 29.75 29.74 29.73 29.73 29.72 29.72 29.71 29.70 29.69 29.68 29.68 29.67 29.65 29.65 29.64 29.63 29.62 29.62 29.61 29.60 29.60 29.59 29.59 29.58 29.56 29.56 29.55 29.55 29.55 29.54 29.53 29.53 29.53 29.53 29.52 29.52 29.52 29.51 29.51 29.51 29.52 29.52 29.51 29.53 29.53 29.53 29.54 29.54 29.55 29.56 29.56 29.57 29.58 29.59 29.60 29.61 29.62 29.63
30.28 30.24 30.19 30.13 30.09 30.03 29.99 29.94 29.89 29.86 29.83 29.79 29.77 29.75 29.72 29.71 29.70 29.69 29.68 29.66 29.66 29.65 29.65 29.65 29.64 29.64 29.62 29.62 29.62 29.61 29.61 29.60 29.60 29.59 29.58 29.57 29.56 29.56 29.55 29.54 29.54 29.53 29.52 29.51 29.51 29.50 29.50 29.48 29.48 29.47 29.46 29.46 29.45 29.45 29.45 29.44 29.44 29.43 29.43 29.43 29.43 29.43 29.42 29.42 29.42 29.42 29.42 29.43 29.43 29.43 29.44 29.44 29.44 29.45 29.46 29.46 29.47 29.48 29.49 29.50 29.51 29.52 29.53
30.25 30.19 30.13 30.07 30.01 29.95 29.90 29.84 29.80 29.75 29.71 29.68 29.65 29.62 29.60 29.59 29.58 29.56 29.55 29.54 29.54 29.53 29.53 29.53 29.52 29.52 29.51 29.51 29.50 29.50 29.50 29.49 29.49 29.48 29.48 29.47 29.46 29.45 29.45 29.45 29.44 29.43 29.42 29.42 29.41 29.41 29.39 29.39 29.38 29.38 29.37 29.36 29.36 29.36 29.35 29.35 29.35 29.34 29.34 29.33 29.33 29.33 29.32 29.33 29.33 29.33 29.33 29.34 29.34 29.34 29.35 29.35 29.36 29.36 29.37 29.38 29.38 29.39 29.40 29.41 29.42 29.43 29.45
30.22 30.15 30.08 30.01 29.94 29.88 29.81 29.76 29.70 29.65 29.61 29.56 29.53 29.50 29.48 29.45 29.44 29.43 29.42 29.42 29.41 29.41 29.40 29.40 29.39 29.39 29.39 29.39 29.39 29.39 29.38 29.38 29.38 29.37 29.37 29.37 29.36 29.36 29.34 29.34 29.34 29.33 29.32 29.32 29.31 29.30 29.30 29.29 29.29 29.28 29.28 29.27 29.26 29.26 29.26 29.25 29.24 29.25 29.24 29.24 29.24 29.23 29.23 29.23 29.23 29.23 29.23 29.24 29.24 29.24 29.25 29.25 29.26 29.26 29.27 29.28 29.29 29.29 29.30 29.31 29.32 29.34 29.35
30.20 30.12 30.05 29.97 29.89 29.81 29.74 29.67 29.61 29.54 29.50 29.45 29.41 29.37 29.35 29.33 29.31 29.30 29.29 29.28 29.27 29.27 29.27 29.27 29.27 29.27 29.27 29.27 29.27 29.27 29.27 29.27 29.27 29.26 29.26 29.26 29.25 29.25 29.25 29.24 29.24 29.23 29.22 29.22 29.21 29.21 29.20 29.19 29.18 29.18 29.17 29.18 29.17 29.16 29.16 29.16 29.15 29.15 29.14 29.14 29.14 29.14 29.14 29.14 29.14 29.14 29.14 29.14 29.15 29.15 29.16 29.16 29.17 29.17 29.18 29.18 29.20 29.20 29.20 29.21 29.23 29.24 29.26
30.19 30.10 30.02 29.93 29.83 29.75 29.66 29.59 29.52 29.44 29.38 29.33 29.29 29.25 29.21 29.19 29.17 29.16 29.15 29.14 29.14 29.14 29.14 29.14 29.15 29.15 29.15 29.15 29.15 29.16 29.16 29.16 29.15 29.15 29.15 29.15 29.15 29.14 29.14 29.14 29.13 29.13 29.12 29.12 29.11 29.11 29.10 29.10 29.09 29.09 29.08 29.07 29.07 29.07 29.06 29.05 29.06 29.05 29.05 29.04 29.04 29.04 29.04 29.04 29.04 29.04 29.04 29.04 29.05 29.05 29.05 29.06 29.06 29.07 29.08 29.09 29.09 29.10 29.11 29.12 29.13 29.15 29.16
30.11 30.01 29.93 29.83 29.74 29.66 29.58 29.50 29.43 29.34 29.28 29.22 29.17 29.12 29.09 29.06 29.04 29.02 29.01 29.01 29.00 29.01 29.01 29.01 29.02 29.02 29.03 29.03 29.03 29.04 29.04 29.04 29.04 29.05 29.05 29.05 29.05 29.04 29.04 29.04 29.03 29.03 29.02 29.02 29.02 29.01 29.01 28.99 28.99 28.98 28.99 28.98 28.97 28.97 28.96 28.96 28.95 28.96 28.95 28.95 28.95 28.95 28.94 28.94 28.94 28.94 28.95 28.95 28.95 28.96 28.96 28.97 28.96 28.97 28.98 28.98 28.99 29.00 29.01 29.02 29.03 29.04 29.06
30.00 29.91 29.82 29.73 29.64 29.56 29.48 29.40 29.32 29.25 29.17 29.10 29.04 28.99 28.95 28.92 28.89 28.87 28.86 28.86 28.85 28.86 28.86 28.87 28.88 28.89 28.90 28.90 28.91 28.92 28.92 28.92 28.94 28.94 28.94 28.94 28.94 28.94 28.93 28.93 28.93 28.93 28.92 28.91 28.91 28.91 28.90 28.90 28.89 28.89 28.88 28.88 28.87 28.87 28.87 28.86 28.86 28.85 28.85 28.84 28.84 28.84 28.84 28.84 28.84 28.84 28.84 28.84 28.85 28.85 28.86 28.86 28.87 28.88 28.88 28.89 28.90 28.91 28.92 28.93 28.94 28.95 28.96
29.90 29.80 29.71 29.63 29.53 29.45 29.36 29.29 29.21 29.14 29.06 28.99 28.92 28.86 28.81 28.77 28.74 28.72 28.71 28.70 28.70 28.71 28.72 28.73 28.74 28.75 28.76 28.77 28.78 28.79 28.80 28.80 28.82 28.82 28.82 28.83 28.83 28.83 28.83 28.82 28.82 28.82 28.82 28.82 28.82 28.81 28.80 28.80 28.79 28.79 28.78 28.78 28.78 28.77 28.76 28.77 28.76 28.76 28.75 28.75 28.75 28.74 28.74 28.74 28.74 28.74 28.75 28.75 28.75 28.76 28.75 28.76 28.76 28.77 28.78 28.79 28.80 28.81 28.82 28.83 28.84 28.85 28.86
29.79 29.70 29.60 29.52 29.43 29.35 29.26 29.18 29.10 29.02 28.95 28.88 28.81 28.74 28.68 28.63 28.59 28.56 28.55 28.55 28.55 28.55 28.56 28.57 28.59 28.61 28.62 28.63 28.65 28.67 28.67 28.69 28.70 28.71 28.71 28.71 28.72 28.73 28.73 28.73 28.73 28.72 28.72 28.71 28.71 28.71 28.71 28.70 28.70 28.69 28.69 28.68 28.67 28.67 28.67 28.66 28.65 28.65 28.66 28.65 28.65 28.65 28.64 28.64 28.64 28.64 28.64 28.64 28.65 28.65 28.66 28.66 28.67 28.68 28.68 28.69 28.70 28.70 28.71 28.72 28.73 28.74 28.77
29.68 29.58 29.49 29.40 29.32 29.23 29.15 29.07 28.99 28.91 28.83 28.76 28.69 28.63 28.56 28.50 28.44 28.42 28.40 28.39 28.39 28.39 28.41 28.42 28.44 28.46 28.48 28.50 28.51 28.54 28.55 28.56 28.58 28.59 28.59 28.61 28.61 28.62 28.62 28.62 28.62 28.62 28.62 28.62 28.62 28.61 28.60 28.60 28.59 28.59 28.58 28.58 28.57 28.58 28.57 28.56 28.56 28.55 28.55 28.54 28.54 28.54 28.54 28.54 28.54 28.54 28.54 28.55 28.54 28.54 28.55 28.56 28.56 28.57 28.58 28.59 28.60 28.61 28.62 28.63 28.64 28.65 28.66
29.56 29.47 29.38 29.29 29.20 29.12 29.04 28.95 28.87 28.79 28.72 28.65 28.58 28.51 28.44 28.37 28.32 28.27 28.23 28.22 28.21 28.23 28.24 28.26 28.29 28.31 28.33 28.36 28.38 28.39 28.42 28.44 28.46 28.47 28.48 28.50 28.50 28.51 28.51 28.51 28.52 28.52 28.52 28.52 28.51 28.51 28.51 28.51 28.50 28.50 28.49 28.49 28.48 28.47 28.46 28.46 28.46 28.45 28.45 28.45 28.44 28.44 28.44 28.43 28.43 28.43 28.44 28.44 28.44 28.45 28.45 28.46 28.46 28.46 28.47 28.48 28.49 28.50 28.51 28.52 28.53 28.55 28.56
29.45 29.35 29.26 29.17 29.09 29.00 28.91 28.83 28.76 28.68 28.60 28.53 28.46 28.39 28.32 28.25 28.20 28.14 28.08 28.05 28.05 28.06 28.07 28.10 28.12 28.14 28.18 28.20 28.24 28.26 28.29 28.31 28.34 28.35 28.36 28.38 28.39 28.41 28.41 28.42 28.42 28.42 28.42 28.42 28.42 28.42 28.42 28.40 28.40 28.39 28.39 28.38 28.38 28.37 28.37 28.36 28.35 28.35 28.34 28.34 28.33 28.33 28.33 28.33 28.33 28.33 28.34 28.34 28.33 28.34 28.35 28.35 28.36 28.37 28.38 28.39 28.38 28.40 28.41 28.42 28.43 28.44 28.45
29.33 29.23 29.15 29.05 28.97 28.88 28.79 28.71 28.63 28.55 28.48 28.40 28.33 28.27 28.20 28.13 28.06 28.01 27.95 27.90 27.88 27.88 27.89 27.92 27.95 27.99 28.02 28.06 28.09 28.13 28.15 28.18 28.21 28.23 28.25 28.27 28.28 28.30 28.31 28.31 28.32 28.33 28.33 28.33 28.33 28.32 28.31 28.31 28.31 28.30 28.30 28.29 28.28 28.28 28.27 28.26 28.25 28.25 28.24 28.24 28.23 28.23 28.23 28.23 28.22 28.22 28.23 28.23 28.24 28.24 28.24 28.24 28.25 28.26 28.27 28.28 28.29 28.30 28.31 28.32 28.33 28.35 28.36
29.21 29.11 29.02 28.93 28.84 28.76 28.67 28.59 28.51 28.43 28.36 28.28 28.21 28.13 28.07 28.00 27.94 27.88 27.82 27.76 27.72 27.70 27.72 27.74 27.78 27.82 27.86 27.90 27.94 27.98 28.02 28.06 28.08 28.12 28.14 28.16 28.17 28.20 28.20 28.22 28.22 28.23 28.23 28.24 28.23 28.23 28.22 28.22 28.21 28.21 28.20 28.19 28.18 28.17 28.16 28.16 28.15 28.15 28.14 28.14 28.12 28.12 28.12 28.12 28.12 28.12 28.12 28.12 28.13 28.13 28.14 28.14 28.14 28.15 28.16 28.17 28.18 28.19 28.21 28.22 28.23 28.24 28.25
29.08 28.99 28.90 28.80 28.72 28.63 28.55 28.46 28.38 28.30 28.22 28.15 28.08 28.01 27.93 27.87 27.81 27.74 27.69 27.63 27.58 27.54 27.54 27.56 27.60 27.64 27.69 27.75 27.79 27.84 27.89 27.92 27.96 28.00 28.02 28.05 28.08 28.09 28.11 28.12 28.13 28.14 28.14 28.14 28.14 28.14 28.14 28.13 28.12 28.12 28.10 28.10 28.09 28.08 28.07 28.06 28.05 28.04 28.03 28.03 28.02 28.02 28.02 28.01 28.01 28.01 28.02 28.02 28.02 28.02 28.03 28.04 28.05 28.05 28.06 28.07 28.08 28.09 28.10 28.11 28.13 28.14 28.15
28.96 28.86 28.76 28.67 28.59 28.50 28.42 28.33 28.25 28.17 28.09 28.02 27.94 27.88 27.81 27.73 27.67 27.61 27.56 27.50 27.45 27.40 27.38 27.37 27.42 27.47 27.52 27.58 27.64 27.70 27.74 27.79 27.84 27.88 27.91 27.95 27.98 27.99 28.02 28.04 28.04 28.05 28.06 28.06 28.06 28.06 28.05 28.04 28.03 28.03 28.01 28.00 28.00 27.98 27.97 27.96 27.95 27.94 27.93 27.93 27.92 27.91 27.91 27.91 27.91 27.90 27.90 27.91 27.92 27.91 27.92 27.93 27.94 27.95 27.95 27.96 27.97 27.99 28.00 28.01 28.02 28.04 28.05
28.82 28.73 28.63 28.55 28.46 28.37 28.29 28.20 28.12 28.03 27.96 27.88 27.82 27.74 27.66 27.60 27.53 27.47 27.41 27.36 27.31 27.27 27.23 27.21 27.24 27.29 27.35 27.41 27.48 27.55 27.61 27.67 27.72 27.76 27.80 27.84 27.88 27.91 27.92 27.95 27.96 27.97 27.97 27.98 27.98 27.98 27.96 27.96 27.95 27.95 27.93 27.91 27.91 27.89 27.88 27.86 27.85 27.84 27.83 27.82 27.81 27.81 27.80 27.79 27.80 27.80 27.79 27.80 27.81 27.81 27.81 27.82 27.83 27.84 27.86 27.87 27.88 27.88 27.90 27.91 27.92 27.95 27.96
28.68 28.59 28.50 28.40 28.32 28.24 28.15 28.06 27.98 27.90 27.82 27.74 27.67 27.60 27.53 27.46 27.40 27.33 27.27 27.22 27.17 27.14 27.10 27.08 27.08 27.11 27.17 27.25 27.32 27.40 27.47 27.54 27.60 27.65 27.70 27.75 27.79 27.82 27.85 27.86 27.88 27.90 27.90 27.90 27.90 27.90 27.89 27.88 27.87 27.86 27.85 27.83 27.81 27.80 27.79 27.77 27.75 27.73 27.72 27.72 27.71 27.70 27.69 27.69 27.68 27.69 27.69 27.69 27.70 27.71 27.72 27.72 27.73 27.74 27.75 27.77 27.78 27.80 27.80 27.81 27.84 27.85 27.86
28.55 28.45 28.36 28.27 28.18 28.09 28.00 27.93 27.84 27.76 27.68 27.60 27.53 27.45 27.38 27.32 27.25 27.19 27.13 27.08 27.04 26.99 26.97 26.95 26.95 26.95 27.00 27.08 27.17 27.25 27.34 27.42 27.48 27.55 27.61 27.66 27.70 27.74 27.77 27.80 27.82 27.83 27.84 27.84 27.84 27.83 27.82 27.81 27.80 27.78 27.77 27.75 27.73 27.71 27.69 27.67 27.65 27.64 27.63 27.61 27.60 27.59 27.59 27.58 27.58 27.57 27.58 27.59 27.59 27.60 27.61 27.61 27.63 27.64 27.65 27.67 27.68 27.70 27.71 27.73 27.74 27.75 27.77
28.40 28.31 28.22 28.12 28.03 27.95 27.86 27.78 27.70 27.61 27.54 27.45 27.38 27.31 27.24 27.17 27.11 27.04 26.99 26.93 26.89 26.86 26.83 26.81 26.81 26.83 26.86 26.92 27.01 27.12 27.21 27.29 27.37 27.45 27.51 27.57 27.62 27.66 27.70 27.73 27.75 27.77 27.78 27.78 27.78 27.77 27.76 27.75 27.74 27.71 27.70 27.67 27.65 27.62 27.60 27.58 27.56 27.54 27.52 27.51 27.50 27.48 27.48 27.47 27.47 27.47 27.47 27.48 27.48 27.49 27.50 27.52 27.52 27.54 27.56 27.57 27.59 27.61 27.62 27.64 27.66 27.67 27.68
28.26 28.16 28.06 27.98 27.88 27.79 27.71 27.63 27.54 27.47 27.39 27.31 27.23 27.16 27.08 27.02 26.96 26.89 26.84 26.79 26.74 26.71 26.69 26.68 26.69 26.71 26.74 26.80 26.87 26.98 27.08 27.17 27.27 27.35 27.43 27.50 27.55 27.61 27.65 27.68 27.71 27.73 27.73 27.74 27.73 27.72 27.71 27.69 27.68 27.65 27.63 27.60 27.57 27.54 27.52 27.49 27.47 27.44 27.42 27.41 27.39 27.38 27.37 27.37 27.36 27.36 27.36 27.37 27.38 27.39 27.40 27.42 27.43 27.44 27.46 27.48 27.50 27.52 27.54 27.55 27.57 27.58 27.59
28.11 28.00 27.92 27.82 27.73 27.65 27.56 27.48 27.40 27.32 27.23 27.15 27.08 27.01 26.93 26.87 26.80 26.74 26.69 26.64 26.61 26.57 26.55 26.55 26.56 26.58 26.62 26.69 26.76 26.86 26.96 27.07 27.17 27.27 27.35 27.43 27.49 27.55 27.60 27.63 27.67 27.68 27.69 27.70 27.69 27.68 27.67 27.65 27.62 27.60 27.57 27.53 27.50 27.47 27.44 27.41 27.37 27.35 27.33 27.30 27.29 27.27 27.27 27.26 27.26 27.25 27.26 27.26 27.28 27.28 27.30 27.32 27.33 27.35 27.37 27.40 27.42 27.44 27.46 27.43 27.49 27.50 27.52
27.95 27.85 27.75 27.66 27.58 27.49 27.40 27.32 27.23 27.15 27.08 27.00 26.93 26.85 26.78 26.71 26.65 26.59 26.53 26.49 26.46 26.42 26.41 26.41 26.44 26.47 26.51 26.57 26.66 26.75 26.85 26.97 27.07 27.18 27.28 27.37 27.44 27.51 27.57 27.61 27.63 27.66 27.67 27.68 27.67 27.66 27.64 27.61 27.58 27.55 27.51 27.47 27.43 27.40 27.36 27.33 27.29 27.26 27.23 27.21 27.18 27.16 27.16 27.15 27.15 27.15 27.16 27.16 27.18 27.18 27.21 27.23 27.24 27.27 27.29 27.32 27.34 27.36 27.38 27.40 27.42 27.43 27.45
27.79 27.69 27.60 27.50 27.42 27.32 27.24 27.15 27.07 26.99 26.91 26.83 26.76 26.69 26.62 26.55 26.49 26.43 26.38 26.34 26.31 26.29 26.27 26.28 26.31 26.34 26.39 26.47 26.55 26.65 26.76 26.87 26.99 27.10 27.21 27.31 27.39 27.46 27.53 27.57 27.61 27.63 27.65 27.65 27.64 27.63 27.61 27.58 27.54 27.51 27.46 27.42 27.37 27.33 27.29 27.24 27.20 27.16 27.14 27.10 27.09 27.07 27.05 27.05 27.04 27.04 27.05 27.06 27.08 27.09 27.11 27.14 27.16 27.19 27.21 27.24 27.27 27.29 27.32 27.18 27.36 27.37 27.39
27.64 27.52 27.43 27.33 27.24 27.16 27.07 26.99 26.90 26.82 26.75 26.67 26.60 26.53 26.46 26.39 26.33 26.27 26.23 26.19 26.15 26.14 26.13 26.14 26.17 26.22 26.28 26.36 26.45 26.55 26.65 26.78 26.89 27.00 27.11 27.21 27.30 27.39 27.44 27.50 27.54 27.56 27.58 27.58 27.58 27.56 27.54 27.51 27.47 27.43 27.38 27.34 27.29 27.25 27.21 27.16 27.12 27.08 27.04 27.01 26.98 26.96 26.95 26.94 26.94 26.93 26.95 26.96 26.98 27.00 27.03 27.05 27.08 27.11 27.14 27.17 27.20 27.22 27.12 27.27 27.30 27.32 27.33
27.47 27.36 27.26 27.16 27.07 26.98 26.89 26.81 26.73 26.65 26.58 26.50 26.44 26.36 26.30 26.22 26.17 26.11 26.07 26.03 26.00 25.99 25.99 26.01 26.04 26.09 26.16 26.24 26.34 26.44 26.55 26.67 26.79 26.90 27.01 27.11 27.20 27.28 27.34 27.39 27.44 27.46 27.48 27.49 27.47 27.46 27.44 27.41 27.37 27.33 27.29 27.24 27.19 27.14 27.10 27.05 27.01 26.97 26.94 26.91 26.88 26.85 26.85 26.84 26.83 26.84 26.85 26.86 26.89 26.91 26.94 26.97 27.01 27.04 27.08 27.11 27.14 27.03 27.20 27.23 27.26 27.28 27.29
27.29 27.18 27.08 26.98 26.89 26.80 26.71 26.63 26.55 26.48 26.41 26.33 26.26 26.19 26.12 26.06 26.01 25.95 25.91 25.88 25.85 25.84 25.85 25.87 25.91 25.96 26.04 26.13 26.22 26.33 26.44 26.56 26.68 26.79 26.90 27.00 27.08 27.17 27.23 27.29 27.33 27.35 27.37 27.37 27.37 27.35 27.32 27.29 27.26 27.22 27.17 27.13 27.08 27.03 26.98 26.94 26.89 26.85 26.82 26.79 26.77 26.75 26.74 26.73 26.73 26.74 26.75 26.77 26.80 26.83 26.86 26.90 26.94 26.98 27.02 27.06 27.10 27.05 27.17 27.19 27.22 27.25 27.26
27.12 27.01 26.90 26.80 26.70 26.62 26.53 26.45 26.37 26.30 26.23 26.16 26.09 26.02 25.96 25.90 25.83 25.79 25.74 25.71 25.69 25.69 25.70 25.72 25.78 25.83 25.91 26.00 26.11 26.22 26.34 26.45 26.57 26.68 26.79 26.88 26.97 27.05 27.12 27.17 27.22 27.24 27.25 27.26 27.25 27.24 27.22 27.19 27.14 27.11 27.06 27.01 26.96 26.91 26.86 26.81 26.78 26.74 26.70 26.67 26.65 26.63 26.62 26.62 26.62 26.64 26.66 26.68 26.71 26.75 26.78 26.83 26.88 26.92 26.97 26.99 26.78 27.10 27.14 27.17 27.20 27.23 27.24
26.93 26.82 26.71 26.61 26.50 26.42 26.33 26.25 26.18 26.11 26.04 25.98 25.92 25.85 25.78 25.72 25.66 25.61 25.58 25.54 25.53 25.53 25.55 25.58 25.64 25.70 25.78 25.88 25.98 26.10 26.22 26.34 26.45 26.56 26.68 26.77 26.86 26.94 27.01 27.06 27.10 27.13 27.15 27.15 27.14 27.13 27.11 27.08 27.03 26.99 26.94 26.90 26.84 26.79 26.74 26.69 26.65 26.61 26.57 26.54 26.52 26.50 26.49 26.49 26.50 26.52 26.56 26.59 26.62 26.67 26.71 26.77 26.82 26.87 26.93 26.88 26.92 27.07 27.11 27.16 27.19 27.21 27.23
26.74 26.57 26.48 26.40 26.27 26.22 26.14 26.06 25.98 25.92 25.86 25.80 25.74 25.60 25.60 25.55 25.49 25.44 25.40 25.38 25.36 25.37 25.39 25.44 25.49 25.56 25.65 25.75 25.86 25.97 26.09 26.22 26.33 26.45 26.56 26.66 26.74 26.82 26.89 26.94 26.99 27.02 27.04 27.04 27.03 27.02 27.00 26.97 26.92 26.88 26.83 26.78 26.72 26.67 26.62 26.57 26.53 26.49 26.44 26.41 26.39 26.37 26.37 26.37 26.38 26.40 26.44 26.48 26.54 26.60 26.65 26.70 26.77 26.83 26.74 26.95 27.01 27.06 27.11 27.15 27.19 27.21 27.23
26.26 26.27 26.24 26.19 26.09 25.92 25.91 25.84 25.77 25.71 25.66 25.60 25.55 25.49 25.43 25.36 25.31 25.26 25.22 25.21 25.20 25.21 25.24 25.29 25.34 25.43 25.52 25.61 25.72 25.84 25.97 26.09 26.21 26.33 26.43 26.53 26.62 26.70 26.77 26.83 26.88 26.91 26.93 26.93 26.93 26.91 26.88 26.85 26.81 26.77 26.71 26.67 26.61 26.55 26.50 26.45 26.39 26.35 26.32 26.29 26.26 26.24 26.24 26.24 26.25 26.27 26.32 26.32 26.42 26.49 26.57 26.64 26.65 26.41 26.86 26.93 27.00 27.06 27.11 27.15 27.20 27.22 27.24
26.28 26.10 26.05 25.96 25.88 25.65 25.65 25.62 25.55 25.50 25.45 25.41 25.37 25.31 25.25 25.18 25.12 25.08 25.05 25.03 25.03 25.05 25.08 25.13 25.20 25.28 25.37 25.48 25.59 25.71 25.83 25.95 26.08 26.19 26.31 26.40 26.50 26.59 26.66 26.72 26.76 26.79 26.82 26.83 26.82 26.81 26.78 26.74 26.70 26.65 26.60 26.54 26.49 26.42 26.37 26.31 26.27 26.22 26.18 26.16 26.12 26.11 26.10 26.11 26.12 26.15 26.18 26.23 26.30 26.34 26.44 26.49 26.53 26.71 26.79 26.88 26.96 27.03 27.09 27.15 27.19 27.23 27.24
26.08 25.93 25.81 25.70 25.62 25.50 25.44 25.39 25.33 25.27 25.23 25.19 25.13 25.10 25.05 24.98 24.93 24.89 24.86 24.85 24.86 24.88 24.92 24.97 25.04 25.12 25.23 25.33 25.45 25.57 25.69 25.82 25.94 26.06 26.18 26.28 26.37 26.46 26.54 26.59 26.64 26.69 26.70 26.71 26.71 26.70 26.68 26.64 26.59 26.54 26.48 26.43 26.36 26.30 26.25 26.19 26.13 26.08 26.05 26.02 25.99 25.98 25.97 25.98 25.99 25.97 26.03 26.10 26.16 25.99 26.15 26.38 26.50 26.59 26.68 26.77 26.84 26.93 26.99 27.05 27.11 27.16 27.20
25.90 25.74 25.62 25.51 25.39 25.30 25.20 25.13 25.09 25.04 24.99 24.95 24.91 24.88 24.83 24.76 24.72 24.69 24.67 24.67 24.68 24.70 24.75 24.81 24.89 24.98 25.08 25.19 25.30 25.42 25.55 25.68 25.80 25.92 26.03 26.14 26.25 26.34 26.41 26.48 26.53 26.57 26.60 26.61 26.61 26.59 26.57 26.53 26.45 26.42 26.36 26.30 26.23 26.17 26.11 26.05 26.00 25.95 25.91 25.88 25.85 25.84 25.84 25.84 25.80 25.81 25.92 25.97 25.92 26.11 26.20 26.28 26.36 26.46 26.54 26.63 26.71 26.79 26.85 26.92 26.97 27.03 27.08
25.65 25.51 25.39 25.27 25.14 25.00 24.88 24.79 24.77 24.79 24.73 24.70 24.67 24.62 24.58 24.54 24.50 24.48 24.47 24.48 24.49 24.52 24.57 24.64 24.73 24.81 24.92 25.03 25.15 25.27 25.40 25.52 25.65 25.77 25.90 26.01 26.11 26.21 26.29 26.36 26.41 26.46 26.49 26.51 26.50 26.49 26.46 26.42 26.37 26.31 26.24 26.18 26.11 26.04 25.98 25.92 25.86 25.81 25.77 25.73 25.71 25.70 25.70 25.71 25.64 25.75 25.79 25.75 25.91 25.98 26.06 26.14 26.24 26.32 26.41 26.49 26.57 26.60 26.72 26.77 26.83 26.89 26.94
25.41 25.27 25.15 25.00 24.85 24.70 24.56 23.99 24.35 24.47 24.33 24.42 24.39 24.36 24.31 24.28 24.29 24.27 24.27 24.28 24.29 24.31 24.39 24.47 24.56 24.65 24.75 24.87 24.99 25.11 25.24 25.37 25.50 25.63 25.75 25.86 25.98 26.07 26.16 26.24 26.30 26.35 26.39 26.40 26.40 26.38 26.35 26.31 26.25 26.19 26.12 26.05 25.98 25.91 25.84 25.78 25.71 25.67 25.62 25.59 25.57 25.56 25.56 25.55 25.55 25.62 25.55 25.71 25.78 25.85 25.93 26.01 26.10 26.18 26.27 26.22 26.22 26.50 26.57 26.63 26.68 26.73 26.79
