main/data/pressure/09.03.2023.grid
ncols 886
nrows 691
xllcenter 112.0000
yllcenter -44.5000
cellsize 0.0500
nodata_value 99999.90
[rows 280 to 314 of 691, columns 632 to 710 of 886]
23.47 23.56 23.65 23.70 23.70 23.70 23.74 23.81 23.89 23.90 23.97 24.09 24.09 24.11 24.16 24.24 24.37 24.47 24.52 24.49 24.59 24.65 24.71 24.71 24.75 24.82 24.86 24.76 24.75 24.85 24.89 24.83 24.85 24.88 24.96 24.96 24.93 24.91 24.96 24.97 24.96 24.98 24.99 24.97 24.97 24.93 24.78 24.73 24.66 24.49 24.37 24.68 24.70 24.86 24.89 24.83 24.67 24.50 24.19 24.71 24.64 24.37 24.36 24.45 24.45 24.19 24.18 23.95 24.49 24.37 24.43 24.36 24.26 24.57 24.74 24.63 25.01 25.23 25.37
23.49 23.52 23.59 23.69 23.75 23.78 23.82 23.85 23.88 23.84 23.95 24.10 24.19 24.16 24.25 24.27 24.32 24.52 24.59 24.58 24.64 24.74 24.77 24.79 24.83 24.90 24.89 24.90 24.92 24.95 24.95 24.92 24.87 24.92 25.02 25.02 24.95 24.91 25.06 25.07 25.07 25.09 25.05 25.01 25.00 24.96 24.90 24.86 24.88 24.68 24.42 24.37 24.55 24.84 24.85 24.82 24.72 24.64 24.75 24.62 24.67 24.35 24.08 24.30 24.41 24.00 24.21 24.27 24.17 23.98 24.11 24.26 24.31 24.52 24.77 24.80 24.90 25.16 25.26
23.55 23.56 23.57 23.67 23.76 23.83 23.88 23.90 23.89 23.88 24.02 24.16 24.28 24.28 24.39 24.32 24.45 24.57 24.65 24.66 24.74 24.81 24.84 24.88 24.90 24.91 24.95 24.99 25.05 25.08 25.04 25.04 24.98 24.93 25.05 25.08 25.05 25.03 25.08 25.12 25.12 25.14 25.14 25.09 25.06 25.08 25.03 24.95 24.92 24.88 24.66 24.18 24.61 24.80 24.64 24.20 24.54 24.67 24.68 24.40 24.64 24.49 24.31 23.82 24.32 23.80 24.02 24.06 23.81 23.66 24.01 24.36 24.46 24.52 24.67 24.92 24.90 24.98 25.11
23.58 23.63 23.67 23.73 23.81 23.87 23.92 23.94 23.96 24.02 24.10 24.22 24.35 24.36 24.47 24.44 24.57 24.67 24.72 24.74 24.82 24.86 24.86 24.90 24.89 24.88 24.93 24.97 25.09 25.10 25.11 25.11 25.09 25.06 25.09 25.11 25.11 25.14 25.03 25.17 25.21 25.20 25.18 25.19 25.15 25.18 25.11 25.01 24.77 24.77 24.84 24.58 24.46 24.69 24.48 24.54 24.58 24.52 24.64 24.54 24.58 24.51 24.37 24.21 24.10 24.23 23.80 23.42 23.27 23.42 24.05 24.22 24.56 24.73 24.89 24.55 25.03 24.82 24.78
23.65 23.69 23.74 23.79 23.83 23.89 23.94 23.97 24.01 24.10 24.20 24.30 24.40 24.46 24.55 24.58 24.68 24.70 24.78 24.82 24.87 24.90 24.92 24.96 24.95 24.95 24.95 24.98 25.12 25.17 25.18 25.17 25.18 25.20 25.21 25.24 25.29 25.31 25.25 25.32 25.34 25.33 25.27 25.31 25.26 25.17 25.18 25.04 24.95 24.58 24.60 24.79 24.74 24.50 24.23 24.48 24.52 24.53 24.57 24.56 24.58 24.51 24.43 24.04 23.95 24.15 23.78 23.77 23.64 23.80 24.16 23.99 24.33 24.44 24.60 24.54 25.00 24.82 25.00
23.69 23.77 23.81 23.81 23.83 23.89 23.96 24.00 24.05 24.15 24.27 24.36 24.42 24.51 24.58 24.65 24.71 24.76 24.81 24.82 24.87 24.91 24.94 25.00 25.02 25.03 24.99 24.96 25.12 25.16 25.23 25.25 25.26 25.29 25.33 25.37 25.37 25.29 25.39 25.41 25.42 25.43 25.39 25.33 25.30 25.22 25.16 25.09 24.87 24.62 24.54 24.62 24.68 24.66 24.55 23.76 24.25 24.50 24.29 24.49 24.49 24.41 24.34 24.28 24.04 24.14 23.80 23.76 24.10 23.68 24.25 24.55 24.66 24.45 24.49 24.19 24.84 25.05 25.14
23.64 23.75 23.81 23.84 23.83 23.86 23.93 24.01 24.09 24.19 24.30 24.39 24.46 24.54 24.59 24.61 24.71 24.77 24.81 24.83 24.84 24.88 24.92 24.96 24.99 25.06 25.07 25.09 25.07 25.22 25.26 25.29 25.31 25.35 25.38 25.40 25.42 25.44 25.46 25.47 25.47 25.44 25.40 25.34 25.29 25.25 25.17 25.03 24.94 24.90 24.82 24.68 24.57 24.57 24.45 24.45 24.15 24.46 24.24 24.41 24.36 24.29 24.09 24.11 24.27 24.15 23.99 23.88 24.21 24.29 24.37 24.43 24.54 24.68 24.81 24.78 24.93 25.11 25.18
23.60 23.72 23.80 23.86 23.83 23.86 23.93 24.04 24.13 24.22 24.32 24.40 24.48 24.51 24.52 24.53 24.62 24.74 24.80 24.80 24.85 24.90 24.90 24.94 24.99 25.02 25.07 25.06 25.07 25.21 25.28 25.28 25.30 25.32 25.36 25.42 25.45 25.47 25.50 25.49 25.46 25.47 25.44 25.40 25.29 25.29 25.19 25.12 25.06 24.81 24.71 24.66 24.40 24.35 24.27 24.51 24.25 24.09 24.27 24.23 23.75 24.08 23.92 24.11 24.20 24.07 23.87 23.95 24.07 24.11 24.25 24.50 24.57 24.54 24.38 24.80 25.03 25.02 25.00
23.58 23.70 23.77 23.84 23.86 23.91 23.98 24.08 24.14 24.24 24.33 24.41 24.44 24.47 24.51 24.55 24.59 24.68 24.75 24.81 24.85 24.83 24.85 24.87 24.95 25.02 25.06 25.10 25.09 25.20 25.28 25.30 25.30 25.31 25.30 25.38 25.45 25.46 25.49 25.51 25.50 25.48 25.42 25.39 25.34 25.32 25.23 25.10 25.01 24.76 24.71 24.63 24.50 24.06 24.42 24.68 24.48 23.96 24.01 24.02 23.93 24.17 24.19 24.05 23.85 24.15 24.20 24.40 24.30 24.05 24.13 24.49 24.71 24.77 24.79 24.92 24.86 24.78 24.68
23.55 23.63 23.73 23.77 23.82 23.93 23.95 24.06 24.10 24.21 24.33 24.32 24.42 24.44 24.43 24.57 24.61 24.65 24.68 24.74 24.80 24.87 24.84 24.81 24.91 24.99 25.04 25.02 25.07 25.13 25.27 25.30 25.29 25.28 25.28 25.34 25.43 25.43 25.46 25.46 25.46 25.47 25.46 25.45 25.39 25.26 25.18 25.11 24.84 24.57 24.92 24.67 24.78 23.97 23.88 24.73 24.48 24.31 24.11 23.81 23.36 24.30 24.30 24.26 23.96 24.22 24.37 24.24 24.54 24.33 24.37 24.64 24.74 24.74 24.76 24.87 24.78 24.64 24.56
23.48 23.55 23.67 23.77 23.83 23.93 23.99 24.07 24.12 24.20 24.30 24.29 24.34 24.38 24.43 24.50 24.54 24.63 24.63 24.66 24.71 24.71 24.79 24.80 24.88 24.93 24.96 24.99 25.04 25.15 25.25 25.26 25.34 25.31 25.26 25.27 25.37 25.41 25.42 25.44 25.43 25.31 25.38 25.34 25.34 25.24 25.17 25.15 24.92 24.46 25.05 24.85 24.75 24.82 23.98 24.61 24.66 24.51 24.50 24.21 24.07 24.07 24.14 24.35 24.34 24.43 24.50 24.42 24.44 24.39 24.58 24.62 24.60 24.47 24.71 24.77 24.81 24.76 24.60
23.39 23.43 23.57 23.75 23.86 23.92 23.99 24.06 24.10 24.22 24.26 24.24 24.34 24.39 24.41 24.44 24.47 24.55 24.60 24.64 24.65 24.67 24.71 24.73 24.81 24.88 24.89 24.93 25.01 25.12 25.19 25.22 25.30 25.30 25.27 25.17 25.27 25.36 25.36 25.36 25.38 25.34 25.35 25.33 25.33 25.27 25.18 25.13 25.03 25.03 25.05 24.96 24.93 24.95 24.87 24.76 24.68 24.55 24.34 24.23 24.06 23.74 23.58 23.79 23.58 23.79 24.29 24.53 24.52 24.54 24.52 24.50 24.52 24.56 24.69 24.68 24.71 24.62 24.64
23.19 23.34 23.53 23.71 23.82 23.92 23.99 24.04 24.11 24.17 24.23 24.26 24.23 24.32 24.37 24.38 24.37 24.44 24.56 24.58 24.64 24.58 24.66 24.61 24.69 24.81 24.83 24.87 24.97 25.09 25.11 25.14 25.25 25.26 25.24 25.21 25.22 25.29 25.30 25.27 25.26 25.32 25.29 25.27 25.25 25.24 25.23 25.21 25.18 25.12 25.02 25.02 24.97 24.80 24.37 24.47 24.38 24.40 24.26 24.08 23.89 23.70 23.72 23.75 23.47 23.50 23.89 24.34 24.41 24.48 24.34 24.40 24.48 24.59 24.62 24.51 24.61 24.58 24.56
22.99 23.25 23.45 23.63 23.70 23.85 23.98 24.02 24.06 24.12 24.15 24.15 24.24 24.28 24.30 24.31 24.31 24.36 24.43 24.48 24.09 23.54 24.57 24.44 24.64 24.73 24.75 24.78 24.89 25.02 25.01 25.05 25.16 25.20 25.21 25.19 25.16 25.21 25.25 25.14 25.07 25.11 25.21 25.18 25.20 25.18 25.15 25.12 25.09 25.07 24.98 24.93 24.88 24.72 24.52 24.59 24.52 24.33 24.34 24.14 23.91 23.84 23.84 23.69 23.54 23.53 22.88 23.66 23.98 24.31 24.30 24.44 24.51 24.45 24.32 24.26 24.51 24.44 24.17
22.93 23.10 23.30 23.48 23.61 23.79 23.92 23.97 23.98 23.99 24.06 24.02 23.91 24.15 24.22 24.22 24.23 24.29 24.34 24.30 23.84 23.64 23.73 24.15 24.53 24.61 24.68 24.73 24.87 24.94 24.92 24.96 25.06 25.13 25.15 25.14 25.15 25.16 25.17 25.10 25.05 24.98 25.04 25.07 25.00 25.04 25.07 25.06 25.02 24.97 24.97 24.77 24.77 24.59 24.61 24.43 24.37 24.24 23.98 23.68 24.02 23.84 23.68 23.55 23.62 23.38 23.01 22.99 23.77 24.26 24.26 24.25 24.28 23.37 23.55 23.64 24.19 24.44 24.34
22.71 22.95 23.16 23.31 23.48 23.68 23.86 23.90 23.89 23.80 23.94 23.90 23.28 24.02 24.09 24.13 24.13 24.18 24.22 24.21 24.02 23.62 23.72 23.92 23.83 24.52 24.62 24.68 24.76 24.84 24.82 24.87 24.94 25.02 25.09 25.09 25.11 25.12 25.04 24.96 24.91 24.90 24.95 24.88 24.86 24.59 24.66 24.87 24.81 24.75 24.77 24.87 24.70 24.43 24.32 24.23 24.15 24.23 24.23 24.15 23.97 23.56 23.46 23.55 23.67 23.48 23.36 23.68 23.97 23.87 23.93 24.09 24.21 23.82 23.49 22.93 23.88 24.26 23.94
22.73 22.93 23.11 23.26 23.41 23.57 23.71 23.76 23.68 23.25 23.56 23.75 23.25 23.71 23.80 23.96 23.92 24.04 24.07 24.01 23.84 23.54 23.89 24.04 24.12 24.41 24.43 24.54 24.63 24.72 24.73 24.73 24.78 24.92 24.99 24.96 24.96 25.05 24.98 24.87 24.89 24.89 24.82 24.72 24.56 24.46 24.77 24.74 24.71 24.52 24.65 24.76 24.69 24.39 24.38 24.30 24.11 24.15 24.11 24.10 23.82 23.67 23.56 23.44 23.68 23.62 23.46 23.84 23.25 23.10 23.54 23.77 24.18 23.80 23.80 23.45 23.76 23.40 22.09
22.78 22.95 23.11 23.22 23.35 23.45 23.55 23.56 23.53 23.51 23.71 23.74 23.37 23.74 23.28 23.60 23.61 23.88 23.93 23.83 23.77 23.71 23.77 23.93 23.97 24.01 24.18 24.44 24.52 24.60 24.57 24.66 24.76 24.86 24.86 24.80 24.78 24.94 24.84 24.77 24.71 24.79 24.70 24.50 24.33 24.48 24.64 24.56 24.61 24.51 24.53 24.62 24.67 24.54 24.49 24.43 24.33 24.13 23.89 23.80 23.69 23.74 23.67 23.75 23.59 23.41 23.44 23.74 23.00 23.40 23.92 24.06 23.99 23.18 23.18 22.77 22.73 22.92 22.62
22.80 22.90 23.03 23.15 23.23 23.29 23.36 23.39 23.39 23.55 23.41 23.27 23.05 23.22 23.26 23.51 23.49 23.64 23.81 23.73 23.49 23.65 23.64 23.91 23.88 23.80 23.97 24.21 24.41 24.30 24.33 24.46 24.61 24.72 24.73 24.65 24.66 24.80 24.76 24.74 24.72 24.71 24.45 24.45 24.49 24.43 24.24 24.31 24.31 24.34 24.36 24.46 24.53 24.54 24.51 24.45 24.35 24.18 24.01 23.85 23.90 23.85 23.77 23.56 23.60 23.35 23.26 23.56 23.21 23.68 23.58 23.06 23.31 22.88 22.64 22.65 22.92 23.16 23.13
22.80 22.84 22.95 23.05 23.09 23.11 23.14 23.21 23.30 23.22 23.14 23.30 23.40 23.42 23.41 23.37 23.54 23.62 23.54 23.62 23.58 23.65 23.64 23.75 23.79 23.60 23.76 24.21 24.21 24.13 24.08 24.29 24.50 24.58 24.62 24.57 24.61 24.65 24.61 24.60 24.50 24.54 24.50 24.47 24.38 24.34 24.23 24.18 24.16 24.12 24.13 24.29 24.32 24.30 24.29 24.28 24.26 24.13 23.91 23.89 23.72 23.53 23.52 23.56 23.24 23.42 23.32 23.05 23.24 23.53 23.27 23.16 23.39 23.11 22.81 23.04 23.28 23.30 22.78
22.82 22.86 22.90 22.92 22.89 22.89 22.91 22.98 23.04 23.12 23.17 23.05 22.93 23.01 23.23 23.10 23.45 23.53 23.51 23.48 23.45 23.63 23.57 23.81 23.72 23.56 23.81 24.01 24.01 24.09 23.97 23.94 24.14 24.47 24.47 24.42 24.42 24.51 24.38 24.52 24.45 24.35 24.29 24.04 24.15 24.20 24.22 24.19 24.08 24.05 24.03 24.15 24.18 24.19 24.13 24.03 24.07 23.96 23.79 23.81 23.63 23.39 23.41 23.47 23.35 23.28 23.14 23.01 23.01 23.38 22.99 23.22 23.43 23.42 23.34 23.39 23.04 23.26 22.84
22.82 22.78 22.76 22.76 22.73 22.70 22.69 22.73 22.79 22.88 22.96 22.85 22.68 23.04 23.05 23.13 23.28 23.33 23.33 23.33 23.32 23.42 23.64 23.72 23.57 23.43 23.79 23.89 23.93 23.99 23.96 24.10 24.17 24.29 24.28 24.28 24.20 24.35 24.24 24.37 24.30 24.06 23.97 23.99 24.09 24.10 24.01 23.98 23.96 23.97 24.05 24.10 24.15 24.16 24.11 23.98 23.82 23.83 23.77 23.82 23.57 23.43 23.55 23.48 23.12 23.30 23.25 23.02 23.10 23.11 23.38 23.40 23.48 23.46 23.42 22.16 23.11 23.08 23.15
22.71 22.64 22.62 22.59 22.57 22.54 22.52 22.49 22.46 22.52 22.67 22.74 22.80 22.85 22.90 22.96 22.98 22.98 23.01 23.05 23.08 23.23 23.47 23.48 23.50 23.62 23.76 23.88 23.91 23.93 23.90 24.01 24.08 24.09 24.10 24.10 24.12 24.09 24.04 24.16 24.19 23.87 23.85 24.01 24.00 23.94 23.84 23.75 23.73 23.88 23.99 24.01 24.09 24.08 24.01 23.90 23.77 23.74 23.76 23.76 23.70 23.63 23.56 23.51 23.45 23.39 23.33 23.22 23.29 23.29 23.45 23.52 23.52 23.45 23.32 23.18 23.00 22.58 22.55
22.59 22.51 22.47 22.44 22.41 22.38 22.37 22.30 22.22 22.24 22.31 22.46 22.57 22.59 22.54 22.58 22.67 22.67 22.75 22.85 22.85 22.89 23.24 23.25 23.29 23.47 23.63 23.71 23.68 23.71 23.74 23.79 23.82 23.81 23.89 23.89 23.91 23.91 23.89 23.95 24.10 23.78 23.77 23.90 23.88 23.80 23.72 23.68 23.76 23.86 23.91 23.97 24.01 24.01 23.97 23.86 23.73 23.73 23.71 23.67 23.57 23.47 23.38 23.37 23.38 23.01 23.07 23.15 23.23 23.35 23.45 23.50 23.42 23.43 23.36 23.26 23.04 22.84 22.26
22.45 22.36 22.30 22.27 22.24 22.20 22.17 22.12 22.10 22.13 22.22 22.30 22.31 22.16 22.14 22.25 22.41 22.43 22.46 22.64 22.71 22.87 22.96 22.89 23.01 23.26 23.42 23.39 23.41 23.35 23.57 23.68 23.75 23.78 23.72 23.65 23.66 23.70 23.72 23.73 23.95 23.81 23.66 23.79 23.60 23.75 23.69 23.65 23.73 23.83 23.90 23.90 23.90 23.87 23.84 23.82 23.73 23.64 23.64 23.62 23.52 23.41 23.31 23.29 23.19 22.95 22.85 23.27 23.23 23.36 23.48 23.46 23.41 23.37 23.29 23.20 23.09 22.79 22.62
22.24 22.16 22.07 22.07 22.07 22.04 21.98 21.96 21.98 22.03 22.06 22.04 21.93 21.86 21.95 22.10 22.20 22.24 22.31 22.38 22.54 22.70 22.65 22.71 22.78 22.98 23.19 23.07 23.01 23.17 23.39 23.54 23.61 23.61 23.48 23.43 23.44 23.52 23.44 23.48 23.54 23.86 23.68 23.64 23.53 23.56 23.51 23.62 23.69 23.77 23.83 23.80 23.76 23.71 23.66 23.65 23.59 23.56 23.61 23.59 23.50 23.50 23.38 23.31 23.27 23.05 23.29 23.39 22.90 23.28 23.51 23.43 23.43 23.34 23.32 23.39 23.28 23.23 23.19
22.00 21.81 21.81 21.84 21.85 21.85 21.82 21.81 21.83 21.80 21.75 21.74 21.76 21.75 21.77 21.93 22.00 22.06 22.13 22.22 22.35 22.49 22.57 22.57 22.62 22.77 22.99 22.94 22.88 23.08 23.29 23.35 23.39 23.41 23.41 23.31 23.35 23.40 23.28 23.27 23.40 23.61 23.61 23.47 23.50 23.43 23.31 23.46 23.58 23.70 23.74 23.62 23.67 23.62 23.61 23.52 23.53 23.52 23.59 23.55 23.51 23.47 23.36 23.31 23.25 23.02 23.34 23.39 23.26 23.28 23.51 23.41 23.22 23.34 23.43 23.51 23.44 23.37 23.57
21.73 21.58 21.50 21.58 21.64 21.63 21.65 21.64 21.63 21.55 21.42 21.42 21.53 21.58 21.64 21.74 21.76 21.83 21.97 22.01 22.08 22.27 22.38 22.33 22.45 22.62 22.79 22.85 22.86 22.98 23.10 22.98 23.08 23.16 23.21 23.29 23.29 23.27 23.15 23.14 23.21 23.41 23.63 23.41 23.35 23.33 23.25 23.35 23.48 23.63 23.61 23.57 23.62 23.63 23.58 23.49 23.52 23.47 23.50 23.54 23.54 23.44 23.39 23.36 23.30 23.23 23.36 23.41 23.40 23.42 23.57 23.45 23.37 23.39 23.55 23.52 23.61 23.64 23.41
21.54 21.34 21.10 21.29 21.39 21.37 21.36 21.44 21.42 21.33 21.21 21.21 21.35 21.42 21.49 21.56 21.59 21.70 21.74 21.81 21.88 22.00 22.16 22.23 22.23 22.37 22.58 22.63 22.70 22.82 22.84 22.89 23.01 23.04 23.08 23.11 23.13 23.09 23.04 23.08 23.14 23.22 23.52 23.25 23.29 23.31 23.24 23.36 23.35 23.49 23.57 23.51 23.54 23.45 23.41 23.47 23.44 23.36 23.44 23.52 23.48 23.46 23.40 23.34 23.36 23.41 23.54 23.55 23.49 23.57 23.50 23.51 23.38 23.59 23.65 23.67 23.61 23.62 23.42
21.37 21.16 21.08 21.03 21.17 21.14 21.08 21.17 21.23 21.22 21.12 21.12 21.22 21.24 21.33 21.32 21.46 21.52 21.60 21.68 21.78 21.90 21.94 21.95 21.96 22.18 22.38 22.45 22.55 22.59 22.63 22.65 22.70 22.76 22.77 22.80 22.92 22.95 22.88 22.97 23.09 23.11 23.34 23.24 23.22 23.22 23.24 23.32 23.35 23.41 23.49 23.40 23.40 23.35 23.35 23.40 23.46 23.37 23.40 23.50 23.45 23.34 23.36 23.34 23.51 23.57 23.47 23.38 23.48 23.40 23.29 23.39 23.52 23.70 23.74 23.74 23.53 23.67 23.65
21.22 21.02 20.83 20.70 20.80 20.91 20.87 20.94 20.96 21.01 21.05 21.06 21.07 21.10 21.16 21.19 21.21 21.30 21.42 21.53 21.64 21.68 21.71 21.76 21.88 22.11 22.19 22.25 22.26 22.27 22.34 22.39 22.41 22.40 22.37 22.45 22.59 22.70 22.67 22.79 23.01 23.07 23.32 23.16 23.11 23.05 23.07 23.15 23.30 23.41 23.43 23.39 23.37 23.38 23.36 23.38 23.42 23.39 23.40 23.49 23.48 23.38 23.33 23.36 23.58 23.53 23.44 23.45 23.44 23.44 23.47 23.38 23.62 23.72 23.83 23.83 23.86 23.78 23.89
20.98 20.87 20.69 20.57 20.48 20.46 20.51 20.67 20.75 20.73 20.83 20.89 20.91 20.89 20.93 20.97 21.02 21.12 21.24 21.35 21.44 21.46 21.49 21.56 21.76 21.91 21.98 22.03 22.05 22.07 22.11 22.18 22.19 22.10 21.97 22.14 22.31 22.46 22.54 22.64 22.80 23.07 23.09 22.98 22.99 23.03 23.05 23.20 23.26 23.36 23.38 23.40 23.39 23.36 23.35 23.36 23.41 23.42 23.46 23.45 23.39 23.37 23.40 23.50 23.60 23.57 23.34 23.58 23.32 23.20 23.55 23.62 23.86 23.82 23.93 23.91 23.94 24.02 24.13
20.71 20.60 20.52 20.40 20.33 20.33 20.35 20.43 20.51 20.51 20.58 20.65 20.70 20.72 20.77 20.80 20.86 20.92 21.04 21.19 21.23 21.26 21.33 21.41 21.59 21.72 21.75 21.77 21.80 21.84 21.86 21.87 21.93 21.95 21.92 21.98 22.10 22.28 22.43 22.59 22.70 23.05 23.00 22.86 22.81 22.79 22.91 23.06 23.15 23.30 23.36 23.35 23.38 23.41 23.39 23.32 23.40 23.46 23.47 23.41 23.34 23.37 23.54 23.61 23.65 23.64 23.66 23.66 23.71 23.60 23.75 23.85 23.77 23.83 23.97 23.98 24.07 24.31 24.45
20.52 20.39 20.27 20.20 20.19 20.20 20.20 20.10 20.17 20.24 20.31 20.37 20.45 20.52 20.60 20.69 20.71 20.70 20.83 21.00 20.96 21.07 21.20 21.33 21.45 21.57 21.47 21.50 21.57 21.61 21.63 21.54 21.67 21.81 21.89 21.90 22.00 22.16 22.30 22.45 22.67 22.89 22.84 22.76 22.63 22.85 22.68 22.96 22.94 23.21 23.33 23.35 23.38 23.37 23.41 23.31 23.30 23.43 23.48 23.36 23.38 23.50 23.61 23.59 23.67 23.68 23.55 23.70 23.67 23.80 23.84 23.80 23.55 23.69 24.07 24.09 24.40 24.65 24.88
20.28 20.19 20.07 20.05 20.05 20.05 20.03 19.97 19.96 20.00 20.08 20.12 20.16 20.26 20.30 20.50 20.58 20.59 20.67 20.83 20.87 20.90 21.05 21.20 21.27 21.33 21.34 21.34 21.34 21.37 21.55 21.43 21.55 21.68 21.81 21.86 21.96 22.10 22.18 22.33 22.71 22.73 22.74 22.79 22.80 22.87 22.85 22.78 22.95 23.04 23.21 23.35 23.33 23.41 23.34 23.30 23.32 23.40 23.49 23.37 23.45 23.57 23.64 23.70 23.69 23.69 23.70 23.67 23.71 23.70 23.76 23.82 23.54 23.94 24.22 24.29 24.54 24.89 25.20
