main/data/pressure/09.09.2023.grid
ncols 886
nrows 691
xllcenter 112.0000
yllcenter -44.5000
cellsize 0.0500
nodata_value 99999.90
[rows 37 to 73 of 691, columns 747 to 829 of 886]
32.32 32.32 32.32 32.30 32.23 32.14 32.03 31.94 31.85 31.75 31.66 31.58 31.49 31.42 31.34 31.27 31.20 31.13 31.06 31.00 30.94 30.88 30.83 30.77 30.72 30.68 30.63 30.58 30.53 30.49 30.46 30.42 30.39 30.36 30.33 30.29 30.26 30.23 30.21 30.19 30.16 30.14 30.12 30.09 30.08 30.06 30.05 30.02 30.01 30.00 29.98 29.97 29.96 29.95 29.94 29.93 29.93 29.91 29.91 29.91 29.89 29.89 29.88 29.88 29.87 29.88 29.87 29.87 29.86 29.87 29.86 29.87 29.86 29.87 29.86 29.86 29.86 29.86 29.87 29.87 29.86 29.87 29.87
32.28 32.28 32.28 32.27 32.26 32.23 32.14 32.05 31.95 31.86 31.76 31.67 31.59 31.50 31.42 31.34 31.27 31.19 31.13 31.06 31.00 30.93 30.88 30.82 30.77 30.72 30.67 30.62 30.58 30.54 30.50 30.46 30.42 30.38 30.35 30.32 30.29 30.26 30.22 30.20 30.18 30.16 30.13 30.11 30.09 30.07 30.05 30.04 30.02 30.00 29.99 29.98 29.96 29.95 29.94 29.93 29.93 29.91 29.91 29.89 29.89 29.88 29.88 29.87 29.87 29.86 29.86 29.85 29.85 29.85 29.85 29.84 29.85 29.84 29.85 29.84 29.84 29.85 29.84 29.85 29.85 29.85 29.85
32.24 32.23 32.24 32.23 32.23 32.22 32.21 32.15 32.06 31.96 31.86 31.76 31.68 31.59 31.51 31.43 31.35 31.27 31.20 31.13 31.06 31.00 30.94 30.88 30.82 30.77 30.72 30.67 30.62 30.58 30.54 30.49 30.45 30.41 30.38 30.35 30.30 30.28 30.25 30.22 30.20 30.17 30.14 30.12 30.11 30.08 30.06 30.05 30.02 30.01 30.00 29.98 29.97 29.95 29.94 29.93 29.92 29.91 29.90 29.89 29.88 29.88 29.88 29.86 29.86 29.85 29.85 29.84 29.85 29.84 29.84 29.83 29.83 29.83 29.83 29.83 29.83 29.82 29.83 29.83 29.83 29.83 29.83
32.20 32.19 32.19 32.18 32.19 32.18 32.18 32.16 32.13 32.06 31.97 31.87 31.77 31.68 31.59 31.50 31.42 31.35 31.28 31.20 31.13 31.07 31.00 30.94 30.88 30.83 30.76 30.71 30.66 30.61 30.57 30.53 30.49 30.45 30.41 30.37 30.33 30.30 30.27 30.25 30.21 30.19 30.16 30.13 30.11 30.09 30.08 30.05 30.03 30.01 30.00 29.98 29.96 29.95 29.94 29.93 29.92 29.90 29.90 29.89 29.88 29.87 29.86 29.86 29.85 29.85 29.84 29.84 29.83 29.83 29.82 29.82 29.82 29.81 29.82 29.81 29.81 29.81 29.82 29.81 29.81 29.82 29.81
32.15 32.14 32.15 32.14 32.14 32.13 32.14 32.13 32.12 32.10 32.05 31.97 31.87 31.78 31.69 31.60 31.51 31.43 31.35 31.27 31.20 31.13 31.06 30.99 30.93 30.87 30.82 30.76 30.71 30.66 30.61 30.57 30.52 30.48 30.44 30.40 30.37 30.33 30.29 30.26 30.24 30.21 30.17 30.15 30.13 30.11 30.08 30.06 30.05 30.02 30.01 29.99 29.97 29.96 29.94 29.93 29.92 29.90 29.90 29.88 29.88 29.86 29.86 29.85 29.84 29.83 29.83 29.82 29.82 29.81 29.81 29.81 29.81 29.80 29.80 29.80 29.79 29.80 29.79 29.80 29.79 29.79 29.80
32.11 32.10 32.10 32.10 32.09 32.09 32.08 32.08 32.08 32.08 32.06 32.03 31.96 31.88 31.78 31.69 31.60 31.51 31.43 31.35 31.27 31.20 31.13 31.06 31.00 30.93 30.87 30.82 30.76 30.70 30.65 30.60 30.56 30.52 30.47 30.44 30.39 30.35 30.32 30.29 30.26 30.22 30.20 30.17 30.14 30.12 30.10 30.08 30.05 30.03 30.02 29.99 29.98 29.96 29.95 29.94 29.92 29.91 29.89 29.88 29.87 29.86 29.86 29.84 29.84 29.83 29.83 29.82 29.82 29.81 29.80 29.80 29.79 29.79 29.78 29.79 29.78 29.77 29.78 29.77 29.78 29.78 29.77
32.06 32.05 32.05 32.05 32.04 32.04 32.04 32.03 32.03 32.03 32.03 32.02 32.00 31.95 31.87 31.78 31.68 31.59 31.51 31.43 31.34 31.26 31.20 31.12 31.05 30.99 30.92 30.86 30.81 30.75 30.70 30.65 30.60 30.56 30.50 30.46 30.42 30.39 30.35 30.31 30.28 30.25 30.22 30.18 30.16 30.14 30.11 30.08 30.06 30.05 30.02 30.00 29.98 29.97 29.95 29.93 29.92 29.90 29.89 29.89 29.87 29.86 29.85 29.84 29.83 29.83 29.81 29.81 29.80 29.80 29.79 29.79 29.78 29.77 29.77 29.77 29.77 29.76 29.76 29.76 29.76 29.76 29.76
32.02 32.01 32.00 32.00 32.00 31.99 31.98 31.99 31.98 31.98 31.97 31.96 31.97 31.96 31.93 31.87 31.78 31.69 31.59 31.51 31.42 31.34 31.26 31.19 31.12 31.05 30.98 30.92 30.86 30.80 30.75 30.70 30.64 30.59 30.55 30.50 30.46 30.42 30.38 30.34 30.31 30.27 30.24 30.21 30.18 30.15 30.12 30.10 30.08 30.05 30.03 30.01 29.99 29.97 29.95 29.94 29.92 29.91 29.90 29.88 29.87 29.85 29.85 29.83 29.83 29.81 29.81 29.80 29.79 29.78 29.78 29.77 29.77 29.76 29.75 29.76 29.75 29.75 29.74 29.74 29.74 29.74 29.74
31.96 31.97 31.96 31.95 31.95 31.94 31.94 31.93 31.92 31.93 31.92 31.92 31.91 31.91 31.90 31.89 31.85 31.78 31.69 31.60 31.51 31.42 31.34 31.26 31.19 31.12 31.05 30.98 30.91 30.85 30.79 30.74 30.69 30.64 30.59 30.54 30.49 30.45 30.41 30.37 30.33 30.29 30.26 30.23 30.19 30.17 30.14 30.11 30.09 30.07 30.04 30.02 30.00 29.98 29.96 29.95 29.92 29.91 29.89 29.88 29.86 29.85 29.84 29.83 29.82 29.81 29.80 29.79 29.78 29.78 29.77 29.76 29.75 29.75 29.75 29.74 29.74 29.73 29.73 29.73 29.72 29.72 29.72
31.92 31.91 31.91 31.90 31.90 31.89 31.89 31.88 31.88 31.87 31.86 31.87 31.86 31.86 31.85 31.85 31.84 31.82 31.76 31.67 31.58 31.50 31.41 31.33 31.25 31.18 31.11 31.04 30.97 30.91 30.85 30.79 30.73 30.68 30.62 30.57 30.53 30.49 30.44 30.40 30.36 30.32 30.29 30.25 30.22 30.19 30.15 30.13 30.10 30.07 30.05 30.03 30.00 29.99 29.97 29.95 29.93 29.91 29.90 29.88 29.87 29.86 29.84 29.83 29.81 29.81 29.79 29.79 29.78 29.77 29.76 29.75 29.75 29.74 29.74 29.73 29.72 29.72 29.71 29.71 29.71 29.70 29.71
31.88 31.87 31.86 31.86 31.85 31.84 31.83 31.82 31.83 31.82 31.81 31.81 31.80 31.81 31.80 31.80 31.79 31.79 31.78 31.74 31.67 31.58 31.49 31.41 31.33 31.25 31.17 31.10 31.03 30.97 30.90 30.83 30.78 30.72 30.67 30.62 30.57 30.52 30.47 30.43 30.39 30.34 30.31 30.28 30.24 30.20 30.18 30.15 30.11 30.09 30.07 30.04 30.02 30.00 29.97 29.96 29.93 29.92 29.89 29.88 29.87 29.85 29.84 29.82 29.82 29.80 29.79 29.78 29.77 29.76 29.76 29.74 29.73 29.73 29.72 29.72 29.71 29.71 29.70 29.69 29.70 29.69 29.68
31.82 31.81 31.81 31.80 31.79 31.79 31.78 31.78 31.77 31.76 31.76 31.76 31.75 31.75 31.74 31.74 31.73 31.74 31.74 31.73 31.71 31.65 31.58 31.49 31.41 31.32 31.25 31.17 31.09 31.02 30.95 30.89 30.83 30.77 30.72 30.65 30.60 30.56 30.51 30.47 30.42 30.38 30.34 30.30 30.26 30.23 30.20 30.16 30.13 30.11 30.07 30.05 30.03 30.00 29.98 29.96 29.94 29.92 29.90 29.89 29.87 29.85 29.83 29.82 29.81 29.80 29.78 29.78 29.76 29.76 29.74 29.74 29.73 29.72 29.71 29.70 29.70 29.69 29.69 29.68 29.67 29.68 29.67
31.78 31.76 31.75 31.75 31.74 31.73 31.72 31.73 31.72 31.71 31.70 31.70 31.70 31.69 31.69 31.68 31.68 31.68 31.67 31.67 31.67 31.66 31.63 31.56 31.48 31.39 31.31 31.23 31.15 31.08 31.01 30.95 30.88 30.81 30.76 30.70 30.65 30.60 30.55 30.50 30.45 30.41 30.36 30.32 30.29 30.26 30.21 30.18 30.16 30.12 30.09 30.07 30.04 30.02 30.00 29.97 29.95 29.92 29.91 29.88 29.87 29.86 29.84 29.83 29.81 29.80 29.78 29.76 29.76 29.74 29.74 29.72 29.72 29.71 29.71 29.69 29.68 29.68 29.67 29.67 29.66 29.66 29.66
31.72 31.72 31.70 31.69 31.69 31.68 31.67 31.66 31.66 31.66 31.65 31.64 31.64 31.64 31.64 31.63 31.63 31.62 31.62 31.62 31.61 31.61 31.61 31.59 31.54 31.47 31.38 31.30 31.22 31.15 31.08 31.00 30.93 30.87 30.81 30.75 30.70 30.63 30.58 30.53 30.49 30.44 30.39 30.36 30.32 30.27 30.24 30.21 30.17 30.14 30.11 30.08 30.05 30.02 30.00 29.98 29.95 29.93 29.91 29.89 29.88 29.85 29.84 29.82 29.81 29.79 29.78 29.76 29.76 29.74 29.73 29.72 29.71 29.70 29.69 29.69 29.68 29.67 29.66 29.65 29.65 29.64 29.64
31.67 31.66 31.65 31.64 31.63 31.62 31.62 31.61 31.60 31.59 31.60 31.59 31.58 31.58 31.57 31.57 31.56 31.56 31.56 31.56 31.56 31.56 31.56 31.56 31.55 31.52 31.45 31.37 31.29 31.21 31.13 31.06 30.99 30.92 30.86 30.79 30.73 30.68 30.63 30.58 30.52 30.47 30.43 30.39 30.34 30.30 30.27 30.22 30.19 30.16 30.12 30.10 30.07 30.04 30.01 29.98 29.96 29.94 29.92 29.90 29.87 29.86 29.84 29.82 29.80 29.79 29.77 29.76 29.75 29.74 29.72 29.72 29.70 29.70 29.68 29.67 29.67 29.66 29.64 29.64 29.63 29.63 29.63
31.61 31.61 31.59 31.59 31.58 31.57 31.56 31.56 31.55 31.54 31.53 31.52 31.53 31.52 31.51 31.51 31.51 31.50 31.50 31.50 31.49 31.49 31.49 31.49 31.49 31.49 31.47 31.43 31.36 31.28 31.20 31.12 31.05 30.97 30.91 30.84 30.78 30.73 30.66 30.61 30.56 30.51 30.46 30.41 30.37 30.33 30.29 30.25 30.22 30.17 30.14 30.12 30.08 30.05 30.02 30.00 29.98 29.95 29.93 29.90 29.88 29.86 29.84 29.82 29.81 29.79 29.78 29.76 29.75 29.73 29.72 29.70 29.70 29.68 29.67 29.66 29.65 29.65 29.64 29.64 29.62 29.61 29.61
31.56 31.54 31.54 31.53 31.52 31.51 31.50 31.49 31.49 31.48 31.47 31.47 31.46 31.45 31.45 31.45 31.45 31.44 31.44 31.44 31.44 31.44 31.43 31.43 31.43 31.44 31.44 31.43 31.41 31.34 31.26 31.18 31.10 31.03 30.96 30.90 30.83 30.76 30.71 30.65 30.60 30.54 30.49 30.45 30.40 30.35 30.31 30.28 30.23 30.20 30.17 30.13 30.10 30.06 30.04 30.01 29.98 29.96 29.93 29.91 29.89 29.87 29.85 29.83 29.81 29.79 29.78 29.76 29.75 29.73 29.71 29.70 29.69 29.68 29.66 29.66 29.65 29.63 29.63 29.62 29.62 29.60 29.59
31.51 31.49 31.49 31.47 31.46 31.45 31.44 31.43 31.42 31.41 31.41 31.41 31.40 31.39 31.39 31.38 31.38 31.37 31.38 31.38 31.38 31.38 31.38 31.38 31.38 31.38 31.38 31.37 31.37 31.36 31.31 31.25 31.17 31.09 31.02 30.94 30.88 30.82 30.76 30.70 30.63 30.58 30.53 30.48 30.43 30.39 30.35 30.30 30.26 30.22 30.18 30.15 30.11 30.08 30.05 30.02 30.00 29.96 29.94 29.92 29.89 29.87 29.85 29.83 29.81 29.79 29.77 29.76 29.74 29.73 29.71 29.70 29.68 29.67 29.66 29.64 29.64 29.63 29.61 29.61 29.60 29.60 29.58
31.44 31.44 31.42 31.41 31.40 31.39 31.38 31.37 31.36 31.35 31.35 31.34 31.33 31.33 31.33 31.32 31.32 31.31 31.31 31.31 31.31 31.31 31.31 31.31 31.31 31.31 31.31 31.31 31.32 31.32 31.32 31.29 31.23 31.15 31.07 31.00 30.93 30.87 30.80 30.74 30.68 30.62 30.56 30.51 30.47 30.42 30.37 30.33 30.29 30.24 30.21 30.17 30.13 30.10 30.06 30.04 30.01 29.98 29.95 29.92 29.90 29.87 29.86 29.83 29.81 29.79 29.78 29.75 29.74 29.72 29.71 29.69 29.68 29.66 29.65 29.64 29.63 29.62 29.61 29.59 29.59 29.58 29.58
31.39 31.37 31.36 31.35 31.33 31.33 31.32 31.30 31.29 31.29 31.28 31.28 31.27 31.26 31.26 31.26 31.26 31.25 31.25 31.25 31.25 31.24 31.24 31.25 31.25 31.25 31.25 31.25 31.26 31.26 31.26 31.26 31.25 31.20 31.13 31.06 30.99 30.91 30.85 30.78 30.72 30.66 30.60 30.55 30.49 30.45 30.40 30.36 30.31 30.27 30.23 30.19 30.15 30.11 30.08 30.05 30.02 29.99 29.96 29.94 29.90 29.88 29.86 29.84 29.82 29.79 29.77 29.76 29.73 29.72 29.70 29.69 29.67 29.66 29.64 29.63 29.62 29.61 29.60 29.59 29.57 29.57 29.56
31.33 31.31 31.30 31.29 31.27 31.26 31.26 31.24 31.23 31.22 31.21 31.21 31.20 31.20 31.19 31.19 31.18 31.18 31.19 31.17 31.18 31.18 31.18 31.18 31.17 31.18 31.19 31.18 31.19 31.19 31.20 31.20 31.21 31.21 31.17 31.11 31.04 30.97 30.90 30.83 30.76 30.70 30.65 30.58 30.53 30.48 30.43 30.38 30.34 30.30 30.25 30.21 30.17 30.13 30.10 30.06 30.04 30.00 29.97 29.95 29.92 29.90 29.86 29.85 29.82 29.80 29.78 29.76 29.74 29.71 29.70 29.68 29.67 29.65 29.64 29.62 29.61 29.60 29.58 29.58 29.57 29.55 29.55
31.27 31.26 31.24 31.22 31.21 31.20 31.18 31.17 31.17 31.16 31.15 31.14 31.14 31.13 31.13 31.12 31.12 31.11 31.11 31.11 31.11 31.11 31.11 31.11 31.11 31.11 31.12 31.12 31.13 31.13 31.14 31.14 31.14 31.15 31.15 31.14 31.09 31.02 30.94 30.88 30.81 30.75 30.68 30.62 30.57 30.51 30.46 30.41 30.36 30.32 30.28 30.24 30.19 30.16 30.11 30.08 30.05 30.02 29.99 29.95 29.93 29.90 29.88 29.85 29.83 29.80 29.78 29.76 29.74 29.72 29.70 29.68 29.66 29.65 29.63 29.62 29.60 29.59 29.58 29.56 29.56 29.54 29.53
31.21 31.19 31.18 31.16 31.14 31.13 31.12 31.10 31.09 31.09 31.08 31.07 31.06 31.06 31.05 31.05 31.05 31.05 31.04 31.04 31.04 31.04 31.04 31.04 31.05 31.05 31.05 31.06 31.06 31.07 31.06 31.07 31.08 31.09 31.10 31.11 31.09 31.06 31.00 30.93 30.86 30.79 30.73 30.67 30.61 30.55 30.50 30.45 30.39 30.35 30.30 30.26 30.22 30.17 30.14 30.09 30.06 30.03 30.00 29.97 29.93 29.91 29.88 29.86 29.83 29.81 29.78 29.76 29.74 29.72 29.70 29.68 29.66 29.64 29.63 29.61 29.60 29.58 29.57 29.56 29.54 29.54 29.52
31.15 31.12 31.10 31.09 31.07 31.06 31.05 31.04 31.03 31.01 31.01 31.00 30.99 30.99 30.98 30.97 30.97 30.97 30.96 30.96 30.96 30.97 30.97 30.98 30.97 30.98 30.98 30.98 30.99 30.99 31.00 31.01 31.02 31.03 31.04 31.04 31.05 31.05 31.03 30.97 30.90 30.84 30.77 30.70 30.64 30.59 30.54 30.48 30.43 30.38 30.33 30.28 30.24 30.20 30.16 30.12 30.08 30.04 30.01 29.98 29.95 29.92 29.89 29.86 29.84 29.80 29.79 29.76 29.74 29.71 29.70 29.68 29.66 29.64 29.62 29.61 29.59 29.58 29.56 29.54 29.54 29.52 29.51
31.07 31.06 31.04 31.02 31.01 30.99 30.97 30.96 30.96 30.94 30.93 30.92 30.92 30.92 30.91 30.90 30.90 30.90 30.89 30.89 30.89 30.89 30.89 30.90 30.90 30.90 30.91 30.91 30.92 30.93 30.94 30.94 30.95 30.95 30.96 30.97 30.99 31.00 31.00 30.99 30.95 30.89 30.81 30.75 30.69 30.62 30.57 30.51 30.46 30.40 30.36 30.30 30.26 30.22 30.18 30.14 30.10 30.06 30.03 29.99 29.96 29.93 29.90 29.87 29.85 29.81 29.79 29.77 29.75 29.72 29.69 29.68 29.65 29.64 29.62 29.61 29.59 29.57 29.56 29.54 29.52 29.52 29.50
31.01 30.98 30.97 30.95 30.93 30.92 30.90 30.89 30.88 30.87 30.86 30.85 30.84 30.83 30.83 30.82 30.83 30.82 30.82 30.82 30.82 30.82 30.82 30.83 30.83 30.83 30.84 30.85 30.85 30.86 30.86 30.87 30.88 30.89 30.90 30.91 30.91 30.93 30.94 30.95 30.95 30.92 30.86 30.80 30.72 30.66 30.61 30.54 30.49 30.44 30.38 30.34 30.29 30.24 30.20 30.15 30.12 30.08 30.04 30.01 29.97 29.94 29.91 29.88 29.85 29.82 29.79 29.77 29.74 29.73 29.70 29.68 29.66 29.63 29.62 29.60 29.59 29.57 29.55 29.54 29.52 29.50 29.49
30.94 30.92 30.89 30.88 30.86 30.84 30.83 30.82 30.80 30.79 30.78 30.78 30.77 30.76 30.75 30.75 30.74 30.74 30.74 30.75 30.75 30.75 30.75 30.75 30.76 30.75 30.76 30.76 30.77 30.78 30.79 30.80 30.81 30.82 30.82 30.84 30.85 30.86 30.88 30.88 30.90 30.91 30.89 30.83 30.77 30.71 30.64 30.58 30.53 30.46 30.41 30.37 30.31 30.27 30.23 30.18 30.14 30.10 30.06 30.02 29.99 29.95 29.92 29.88 29.86 29.83 29.80 29.77 29.75 29.72 29.70 29.68 29.66 29.64 29.61 29.60 29.58 29.55 29.54 29.52 29.51 29.50 29.48
30.86 30.85 30.82 30.80 30.79 30.77 30.75 30.73 30.73 30.71 30.70 30.69 30.68 30.68 30.68 30.67 30.67 30.66 30.66 30.66 30.66 30.66 30.67 30.67 30.67 30.68 30.69 30.69 30.70 30.71 30.72 30.73 30.73 30.74 30.76 30.77 30.78 30.80 30.80 30.82 30.84 30.84 30.86 30.86 30.81 30.74 30.68 30.62 30.56 30.50 30.45 30.39 30.34 30.30 30.25 30.20 30.16 30.12 30.07 30.04 30.00 29.97 29.93 29.90 29.86 29.84 29.80 29.78 29.75 29.73 29.70 29.68 29.66 29.64 29.61 29.59 29.58 29.55 29.54 29.52 29.50 29.49 29.47
30.79 30.76 30.75 30.73 30.70 30.69 30.67 30.66 30.64 30.64 30.62 30.61 30.60 30.60 30.59 30.59 30.59 30.59 30.58 30.58 30.58 30.59 30.59 30.59 30.60 30.60 30.61 30.62 30.63 30.64 30.64 30.65 30.66 30.67 30.69 30.70 30.71 30.72 30.74 30.76 30.76 30.78 30.80 30.82 30.81 30.78 30.73 30.65 30.60 30.54 30.48 30.42 30.38 30.32 30.27 30.22 30.18 30.13 30.09 30.05 30.02 29.98 29.94 29.91 29.88 29.85 29.82 29.79 29.76 29.73 29.71 29.68 29.66 29.63 29.61 29.59 29.57 29.55 29.53 29.52 29.50 29.48 29.46
30.71 30.69 30.66 30.65 30.63 30.61 30.59 30.58 30.56 30.55 30.54 30.53 30.52 30.51 30.51 30.50 30.50 30.50 30.49 30.50 30.50 30.51 30.51 30.51 30.51 30.53 30.52 30.53 30.54 30.55 30.56 30.58 30.59 30.60 30.61 30.62 30.64 30.66 30.67 30.68 30.70 30.72 30.74 30.75 30.77 30.78 30.75 30.70 30.64 30.57 30.51 30.45 30.40 30.35 30.29 30.25 30.20 30.16 30.12 30.07 30.04 29.99 29.96 29.92 29.89 29.85 29.83 29.79 29.77 29.74 29.71 29.68 29.66 29.64 29.61 29.59 29.57 29.54 29.53 29.51 29.49 29.47 29.45
30.64 30.62 30.59 30.56 30.55 30.53 30.51 30.49 30.48 30.47 30.45 30.44 30.43 30.43 30.43 30.42 30.42 30.41 30.41 30.41 30.41 30.42 30.42 30.42 30.43 30.44 30.45 30.46 30.47 30.48 30.49 30.50 30.51 30.52 30.54 30.55 30.57 30.58 30.60 30.61 30.63 30.64 30.66 30.68 30.71 30.72 30.73 30.72 30.67 30.61 30.55 30.49 30.43 30.37 30.32 30.28 30.22 30.18 30.13 30.09 30.05 30.01 29.97 29.94 29.90 29.87 29.83 29.80 29.77 29.75 29.71 29.69 29.66 29.63 29.61 29.59 29.57 29.54 29.52 29.51 29.48 29.46 29.45
30.56 30.53 30.51 30.48 30.46 30.45 30.43 30.41 30.39 30.38 30.37 30.36 30.35 30.34 30.33 30.34 30.33 30.33 30.33 30.33 30.33 30.33 30.34 30.34 30.35 30.36 30.37 30.38 30.39 30.39 30.40 30.42 30.43 30.45 30.46 30.48 30.49 30.51 30.53 30.55 30.56 30.58 30.60 30.61 30.63 30.66 30.68 30.69 30.69 30.65 30.58 30.52 30.46 30.41 30.36 30.30 30.25 30.20 30.16 30.11 30.07 30.02 29.99 29.94 29.91 29.87 29.84 29.81 29.78 29.75 29.72 29.69 29.67 29.64 29.61 29.59 29.56 29.55 29.52 29.50 29.48 29.46 29.44
30.48 30.45 30.42 30.40 30.38 30.35 30.34 30.32 30.30 30.29 30.27 30.27 30.26 30.25 30.25 30.24 30.24 30.23 30.23 30.24 30.24 30.25 30.24 30.25 30.26 30.26 30.27 30.28 30.30 30.31 30.32 30.34 30.35 30.36 30.38 30.40 30.42 30.44 30.45 30.47 30.49 30.51 30.52 30.55 30.57 30.59 30.61 30.63 30.64 30.65 30.62 30.55 30.50 30.44 30.38 30.33 30.27 30.23 30.17 30.13 30.09 30.04 30.00 29.96 29.93 29.89 29.86 29.82 29.78 29.76 29.72 29.70 29.67 29.64 29.61 29.58 29.57 29.54 29.51 29.50 29.47 29.45 29.44
30.39 30.37 30.34 30.31 30.29 30.27 30.25 30.24 30.22 30.20 30.19 30.17 30.16 30.16 30.16 30.15 30.15 30.15 30.14 30.15 30.15 30.15 30.16 30.16 30.17 30.18 30.19 30.20 30.21 30.23 30.24 30.26 30.27 30.28 30.30 30.32 30.34 30.35 30.37 30.40 30.42 30.43 30.46 30.48 30.49 30.52 30.55 30.56 30.59 30.61 30.61 30.58 30.53 30.47 30.41 30.35 30.30 30.25 30.20 30.16 30.11 30.07 30.02 29.98 29.94 29.91 29.86 29.83 29.80 29.76 29.73 29.70 29.67 29.64 29.61 29.59 29.56 29.54 29.51 29.49 29.47 29.45 29.42
30.31 30.27 30.25 30.22 30.20 30.18 30.16 30.14 30.12 30.11 30.10 30.08 30.07 30.06 30.06 30.06 30.06 30.06 30.05 30.06 30.06 30.06 30.07 30.08 30.08 30.09 30.11 30.12 30.12 30.14 30.15 30.17 30.19 30.20 30.22 30.23 30.26 30.28 30.30 30.31 30.34 30.36 30.39 30.40 30.43 30.45 30.48 30.50 30.53 30.54 30.57 30.58 30.55 30.50 30.44 30.39 30.33 30.28 30.23 30.17 30.13 30.08 30.04 29.99 29.96 29.91 29.88 29.84 29.81 29.77 29.74 29.71 29.67 29.65 29.62 29.59 29.56 29.53 29.52 29.49 29.46 29.45 29.42
30.22 30.19 30.15 30.13 30.11 30.08 30.07 30.05 30.03 30.01 30.00 29.99 29.98 29.97 29.96 29.96 29.95 29.95 29.96 29.95 29.96 29.96 29.98 29.98 29.99 30.00 30.01 30.02 30.04 30.05 30.07 30.09 30.10 30.11 30.13 30.16 30.18 30.20 30.22 30.24 30.27 30.29 30.31 30.33 30.36 30.38 30.41 30.43 30.45 30.48 30.51 30.53 30.54 30.52 30.48 30.42 30.36 30.31 30.25 30.20 30.15 30.10 30.05 30.01 29.97 29.93 29.89 29.85 29.81 29.78 29.75 29.71 29.68 29.65 29.62 29.59 29.57 29.54 29.51 29.49 29.46 29.44 29.42
30.13 30.10 30.07 30.03 30.02 29.99 29.96 29.95 29.93 29.92 29.90 29.89 29.89 29.88 29.87 29.86 29.86 29.86 29.86 29.86 29.86 29.87 29.88 29.88 29.89 29.91 29.92 29.93 29.95 29.96 29.98 29.99 30.01 30.03 30.05 30.08 30.10 30.11 30.14 30.17 30.18 30.21 30.24 30.26 30.28 30.31 30.34 30.36 30.39 30.42 30.44 30.47 30.50 30.51 30.50 30.45 30.39 30.33 30.28 30.22 30.17 30.12 30.08 30.03 29.99 29.94 29.91 29.86 29.83 29.79 29.76 29.72 29.68 29.66 29.62 29.60 29.57 29.53 29.51 29.48 29.46 29.44 29.41
