main/data/pressure/09.09.2023.grid
ncols 886
nrows 691
xllcenter 112.0000
yllcenter -44.5000
cellsize 0.0500
nodata_value 99999.90
[rows 444 to 480 of 691, columns 166 to 248 of 886]
7.52 7.19 6.94 6.69 6.36 6.28 6.13 5.96 5.78 5.59 5.39 5.17 4.97 4.86 4.85 4.85 4.79 4.69 4.55 4.40 4.35 4.37 4.36 4.30 4.22 4.23 4.18 3.96 4.13 4.32 4.17 4.06 4.07 4.01 3.85 3.87 3.89 3.77 3.51 3.51 3.48 3.41 3.43 3.37 3.33 3.41 3.48 3.42 3.30 3.42 3.40 3.36 3.66 3.87 3.96 4.02 4.08 4.13 4.14 4.06 4.11 4.04 4.11 4.11 4.18 4.26 4.32 4.36 4.37 4.41 4.49 4.56 4.56 4.58 4.63 4.67 4.71 4.75 4.80 4.83 4.87 4.92 4.98
7.68 7.30 7.03 6.78 6.52 6.33 6.17 5.95 5.74 5.55 5.37 5.18 5.01 4.88 4.83 4.81 4.75 4.64 4.53 4.43 4.33 4.34 4.33 4.29 4.25 4.35 4.25 4.16 4.18 4.08 3.96 4.21 4.10 4.03 3.90 3.86 3.91 3.89 3.71 3.51 3.35 3.39 3.39 3.31 3.34 3.42 3.46 3.35 3.39 3.49 3.51 3.51 3.79 3.93 4.02 4.07 4.11 4.12 4.09 4.07 4.08 4.10 4.14 4.14 4.20 4.29 4.34 4.38 4.39 4.41 4.49 4.56 4.55 4.57 4.61 4.64 4.69 4.72 4.78 4.84 4.87 4.92 4.99
7.88 7.48 7.14 6.86 6.58 6.35 6.13 5.91 5.70 5.50 5.33 5.18 5.03 4.90 4.80 4.73 4.69 4.64 4.56 4.49 4.42 4.38 4.36 4.37 4.42 4.44 4.35 4.32 4.32 4.21 3.98 4.22 4.06 4.04 3.87 3.84 3.92 3.90 3.76 3.62 3.50 3.43 3.34 3.37 3.43 3.46 3.41 3.40 3.48 3.59 3.66 3.75 3.88 3.98 4.06 4.07 4.06 4.04 4.05 4.08 4.12 4.18 4.22 4.23 4.28 4.34 4.37 4.42 4.43 4.45 4.51 4.57 4.58 4.58 4.63 4.66 4.70 4.74 4.80 4.85 4.87 4.94 4.99
7.95 7.56 7.20 6.89 6.60 6.33 6.09 5.85 5.62 5.44 5.33 5.18 5.05 4.92 4.78 4.65 4.64 4.65 4.60 4.56 4.51 4.44 4.39 4.44 4.56 4.51 4.50 4.44 4.40 4.33 4.24 4.21 4.10 4.13 3.96 3.91 3.90 3.88 3.83 3.76 3.67 3.57 3.48 3.45 3.46 3.45 3.38 3.40 3.54 3.67 3.80 3.92 3.92 4.00 4.07 4.07 4.01 3.97 4.02 4.08 4.15 4.23 4.27 4.33 4.36 4.40 4.38 4.36 4.46 4.49 4.53 4.57 4.59 4.61 4.65 4.70 4.74 4.77 4.80 4.85 4.89 4.94 5.00
7.91 7.53 7.17 6.84 6.55 6.28 6.02 5.74 5.49 5.31 5.29 5.19 5.06 4.94 4.80 4.67 4.64 4.64 4.63 4.62 4.59 4.50 4.41 4.42 4.44 4.48 4.46 4.44 4.40 4.36 4.33 4.17 4.09 4.15 4.02 3.88 3.79 3.81 3.82 3.81 3.76 3.69 3.61 3.49 3.48 3.49 3.45 3.48 3.56 3.68 3.86 3.98 4.01 4.04 4.09 4.11 4.07 4.03 4.03 4.11 4.19 4.26 4.30 4.33 4.38 4.41 4.39 4.39 4.47 4.50 4.53 4.57 4.61 4.64 4.66 4.69 4.76 4.79 4.79 4.85 4.89 4.94 5.01
7.76 7.44 7.09 6.76 6.46 6.19 5.90 5.57 5.20 5.10 5.27 5.16 5.02 4.94 4.85 4.75 4.67 4.65 4.65 4.68 4.70 4.58 4.47 4.42 4.36 4.38 4.38 4.38 4.36 4.40 4.36 4.29 4.23 4.15 4.02 3.87 3.76 3.79 3.84 3.77 3.75 3.68 3.63 3.54 3.52 3.55 3.56 3.56 3.51 3.65 3.83 3.97 4.02 4.05 4.10 4.12 4.14 4.09 4.09 4.15 4.25 4.32 4.33 4.32 4.38 4.41 4.42 4.44 4.48 4.50 4.49 4.54 4.57 4.65 4.65 4.69 4.72 4.83 4.81 4.86 4.91 4.97 5.02
7.51 7.26 6.96 6.64 6.35 6.07 5.79 5.47 5.09 4.99 5.14 5.13 5.00 4.89 4.81 4.72 4.67 4.65 4.66 4.70 4.70 4.64 4.59 4.52 4.43 4.39 4.42 4.51 4.48 4.32 4.11 4.35 4.28 4.19 4.05 3.90 3.82 3.86 3.89 3.79 3.69 3.63 3.63 3.56 3.53 3.53 3.57 3.66 3.62 3.64 3.79 3.91 3.92 4.02 4.10 4.12 4.11 4.12 4.17 4.23 4.31 4.36 4.38 4.39 4.40 4.42 4.44 4.46 4.48 4.51 4.53 4.56 4.58 4.64 4.68 4.70 4.74 4.84 4.91 4.91 4.94 5.00 5.03
7.48 7.17 6.82 6.49 6.20 5.93 5.71 5.50 5.20 5.09 5.12 5.09 4.95 4.84 4.75 4.66 4.66 4.66 4.68 4.69 4.69 4.69 4.71 4.67 4.58 4.48 4.53 4.53 4.52 4.43 4.34 4.37 4.29 4.18 4.06 3.95 3.92 3.95 3.94 3.87 3.80 3.74 3.70 3.61 3.55 3.54 3.50 3.67 3.68 3.63 3.80 3.95 3.95 4.01 4.12 4.12 4.07 4.12 4.28 4.31 4.34 4.37 4.40 4.45 4.45 4.44 4.45 4.46 4.48 4.52 4.55 4.57 4.60 4.64 4.69 4.70 4.72 4.82 4.93 4.99 4.96 5.04 5.05
7.32 6.97 6.62 6.31 6.03 5.81 5.60 5.38 5.17 5.10 5.10 5.03 4.88 4.79 4.75 4.72 4.72 4.73 4.73 4.70 4.65 4.67 4.75 4.77 4.68 4.63 4.64 4.59 4.51 4.40 4.43 4.39 4.33 4.21 4.07 3.94 3.99 3.99 3.96 3.91 3.87 3.83 3.79 3.72 3.62 3.61 3.60 3.69 3.81 3.79 3.92 3.99 3.96 4.00 4.10 4.15 4.13 4.16 4.23 4.27 4.33 4.36 4.39 4.44 4.46 4.47 4.47 4.49 4.50 4.51 4.56 4.58 4.61 4.65 4.70 4.73 4.75 4.82 4.92 5.01 5.07 5.10 5.09
7.07 6.71 6.38 6.09 5.87 5.69 5.50 5.29 5.08 5.05 5.06 4.95 4.89 4.84 4.80 4.78 4.82 4.83 4.81 4.72 4.61 4.66 4.73 4.79 4.75 4.73 4.69 4.63 4.52 4.51 4.48 4.43 4.39 4.26 4.17 4.11 4.09 4.02 3.96 3.88 3.89 3.85 3.86 3.83 3.77 3.72 3.67 3.69 3.82 3.93 3.99 3.97 3.92 3.94 4.11 4.20 4.20 4.21 4.19 4.23 4.33 4.37 4.40 4.42 4.45 4.47 4.48 4.50 4.52 4.52 4.57 4.61 4.64 4.67 4.70 4.75 4.76 4.80 4.90 4.95 5.06 5.12 5.04
6.73 6.42 6.12 5.87 5.68 5.53 5.37 5.25 5.23 5.10 4.97 4.89 4.99 5.01 4.87 4.90 4.95 4.94 4.91 4.80 4.72 4.76 4.81 4.82 4.78 4.71 4.58 4.61 4.54 4.52 4.50 4.49 4.40 4.18 4.28 4.22 4.05 4.01 3.94 3.88 3.90 3.91 3.89 3.88 3.88 3.81 3.77 3.77 3.88 3.98 4.00 3.96 4.03 4.06 4.15 4.23 4.28 4.31 4.30 4.32 4.38 4.41 4.42 4.42 4.44 4.46 4.44 4.48 4.53 4.55 4.58 4.62 4.63 4.66 4.70 4.73 4.78 4.82 4.91 4.94 5.06 5.16 5.07
6.40 6.15 5.90 5.65 5.51 5.37 5.24 5.20 5.28 5.21 5.16 5.06 5.09 5.12 4.96 4.87 4.98 5.01 4.97 4.90 4.72 4.77 4.90 4.86 4.77 4.68 4.64 4.58 4.58 4.53 4.54 4.55 4.51 4.44 4.39 4.24 4.12 4.10 3.99 3.92 3.91 3.96 3.88 3.89 3.96 3.96 3.88 3.87 3.98 4.03 4.12 4.16 4.19 4.15 4.19 4.23 4.29 4.35 4.41 4.43 4.43 4.45 4.45 4.45 4.46 4.48 4.37 4.47 4.53 4.56 4.59 4.61 4.63 4.66 4.69 4.73 4.77 4.82 4.98 4.96 5.08 5.17 5.04
6.13 5.89 5.74 5.62 5.43 5.27 5.19 5.20 5.23 5.23 5.21 5.16 5.16 5.14 5.04 4.97 4.99 5.04 5.06 5.01 4.89 4.89 4.93 4.91 4.84 4.75 4.69 4.59 4.53 4.58 4.61 4.59 4.56 4.54 4.50 4.40 4.32 4.26 4.17 4.11 4.04 4.04 3.98 4.00 4.05 4.05 4.02 4.00 4.01 4.02 4.11 4.17 4.25 4.16 4.14 4.25 4.27 4.38 4.45 4.47 4.48 4.49 4.48 4.49 4.49 4.50 4.48 4.51 4.55 4.57 4.58 4.61 4.63 4.66 4.69 4.73 4.77 4.84 4.98 5.11 5.21 5.19 5.07
5.94 5.65 5.62 5.57 5.39 5.24 5.18 5.18 5.19 5.22 5.24 5.21 5.20 5.17 5.11 5.07 5.02 5.04 5.09 5.08 5.01 5.00 4.99 4.94 4.88 4.79 4.69 4.59 4.57 4.65 4.70 4.67 4.62 4.60 4.59 4.56 4.49 4.44 4.36 4.30 4.24 4.17 4.13 4.19 4.16 4.15 4.12 4.10 4.12 4.14 4.18 4.21 4.32 4.32 4.31 4.36 4.40 4.45 4.49 4.51 4.51 4.52 4.50 4.51 4.50 4.51 4.53 4.55 4.56 4.58 4.59 4.61 4.62 4.64 4.68 4.73 4.76 4.81 4.93 5.03 5.21 5.25 5.07
5.83 5.65 5.54 5.48 5.37 5.29 5.24 5.19 5.18 5.21 5.23 5.22 5.21 5.20 5.15 5.13 5.08 4.96 5.13 5.10 5.08 5.05 5.01 4.98 4.91 4.82 4.71 4.63 4.69 4.75 4.77 4.76 4.74 4.70 4.68 4.64 4.62 4.59 4.51 4.44 4.38 4.31 4.22 4.17 4.22 4.23 4.18 4.15 4.18 4.24 4.32 4.33 4.31 4.34 4.37 4.40 4.41 4.47 4.52 4.54 4.54 4.51 4.47 4.53 4.51 4.51 4.54 4.57 4.58 4.59 4.61 4.62 4.62 4.63 4.67 4.73 4.77 4.81 4.88 4.91 5.12 5.35 5.30
5.69 5.58 5.47 5.42 5.36 5.33 5.29 5.21 5.17 5.19 5.23 5.18 5.19 5.18 5.14 5.15 5.19 4.22 5.03 5.18 5.12 5.08 5.04 4.98 4.89 4.85 4.80 4.76 4.86 4.88 4.85 4.86 4.83 4.81 4.74 4.73 4.68 4.65 4.63 4.58 4.53 4.47 4.35 4.29 4.30 4.36 4.33 4.30 4.31 4.39 4.44 4.44 4.35 4.35 4.34 4.35 4.31 4.45 4.54 4.57 4.54 4.52 4.35 4.51 4.50 4.51 4.54 4.57 4.57 4.56 4.60 4.65 4.62 4.61 4.66 4.74 4.77 4.82 4.93 5.09 5.27 5.39 5.46
5.49 5.45 5.39 5.35 5.32 5.29 5.25 5.21 5.20 5.17 5.12 5.09 5.12 5.16 5.21 5.18 5.22 5.19 5.21 5.21 5.20 5.14 5.06 4.98 4.91 4.92 4.96 4.99 4.98 4.98 4.95 4.96 4.89 4.90 4.88 4.80 4.72 4.69 4.69 4.67 4.66 4.64 4.56 4.44 4.45 4.51 4.51 4.50 4.49 4.51 4.55 4.47 4.42 4.51 4.47 4.47 4.43 4.53 4.57 4.60 4.44 4.31 4.38 4.56 4.55 4.54 4.54 4.56 4.55 4.51 4.59 4.65 4.66 4.61 4.68 4.78 4.81 4.91 5.08 5.28 5.38 5.42 5.47
5.22 5.26 5.18 5.22 5.22 5.21 5.18 5.15 5.20 5.10 5.06 5.08 5.06 5.14 5.20 5.22 5.24 5.26 5.27 5.29 5.27 5.19 5.09 5.03 5.02 5.02 5.05 5.09 5.09 5.10 5.05 5.07 5.03 5.00 5.00 4.91 4.79 4.75 4.80 4.79 4.78 4.79 4.76 4.69 4.68 4.69 4.68 4.70 4.67 4.67 4.61 4.55 4.55 4.48 4.54 4.60 4.57 4.63 4.62 4.59 4.42 4.42 4.54 4.61 4.59 4.56 4.53 4.56 4.56 4.56 4.59 4.62 4.71 4.71 4.72 4.87 4.77 5.17 5.29 5.34 5.37 5.42 5.46
4.96 5.05 5.05 5.12 5.14 5.13 5.11 5.04 5.03 5.04 5.10 5.14 5.13 5.17 5.20 5.24 5.24 5.20 5.24 5.33 5.34 5.22 5.15 5.17 5.16 5.13 5.12 5.18 5.21 5.23 5.14 5.14 5.17 5.16 5.12 5.09 4.99 4.94 4.96 4.96 4.96 4.93 4.82 4.80 4.83 4.81 4.84 4.82 4.80 4.79 4.75 4.70 4.65 4.55 4.56 4.64 4.67 4.65 4.63 4.60 4.53 4.55 4.46 4.60 4.63 4.60 4.57 4.59 4.59 4.58 4.59 4.63 4.72 4.77 4.74 4.89 5.12 5.26 5.30 5.33 5.37 5.41 5.45
4.87 4.87 5.01 4.99 4.97 5.03 5.05 4.97 4.91 4.94 5.03 5.12 5.19 5.21 5.22 5.25 5.28 5.30 5.36 5.40 5.43 5.37 5.36 5.35 5.32 5.25 5.18 5.24 5.27 5.32 5.32 5.28 5.28 5.28 5.26 5.23 5.19 5.16 5.12 5.11 5.12 5.08 5.01 4.99 4.96 4.96 4.94 4.92 4.91 4.89 4.88 4.85 4.81 4.72 4.68 4.68 4.75 4.73 4.64 4.52 4.60 4.64 4.63 4.65 4.65 4.61 4.59 4.59 4.62 4.62 4.62 4.62 4.69 4.76 4.98 5.12 5.20 5.26 5.29 5.33 5.37 5.41 5.46
4.88 4.90 4.96 4.87 4.79 4.88 4.97 4.93 4.78 4.86 4.99 5.09 5.18 5.23 5.23 5.24 5.31 5.36 5.41 5.43 5.51 5.49 5.50 5.50 5.48 5.45 5.40 5.40 5.41 5.42 5.47 5.44 5.37 5.41 5.37 5.37 5.36 5.33 5.27 5.24 5.24 5.23 5.21 5.16 5.10 5.06 5.01 4.99 4.98 4.98 4.96 4.94 4.90 4.85 4.80 4.77 4.72 4.79 4.73 4.73 4.71 4.71 4.70 4.66 4.65 4.62 4.55 4.57 4.62 4.63 4.67 4.71 4.72 4.72 5.00 5.16 5.22 5.26 5.29 5.33 5.37 5.41 5.45
4.74 4.79 4.86 4.92 4.82 4.79 4.89 4.99 4.91 4.89 5.01 5.09 5.17 5.21 5.19 5.22 5.32 5.36 5.48 5.54 5.60 5.59 5.58 5.63 5.61 5.62 5.58 5.57 5.55 5.53 5.56 5.58 5.55 5.50 5.49 5.48 5.48 5.41 5.45 5.41 5.38 5.36 5.31 5.28 5.25 5.22 5.16 5.16 5.12 5.08 5.02 5.01 4.98 4.94 4.91 4.86 4.78 4.84 4.82 4.80 4.79 4.76 4.73 4.68 4.62 4.64 4.52 4.51 4.58 4.63 4.69 4.79 4.91 5.06 5.14 5.17 5.23 5.26 5.28 5.33 5.36 5.41 5.44
4.57 4.68 4.80 4.88 4.91 4.83 4.85 4.97 5.04 5.08 5.09 5.09 5.14 5.18 5.16 5.24 5.37 5.43 5.51 5.58 5.63 5.71 5.72 5.72 5.71 5.73 5.71 5.69 5.68 5.66 5.67 5.68 5.68 5.65 5.62 5.56 5.45 5.33 5.52 5.54 5.50 5.45 5.40 5.34 5.23 5.20 5.29 5.20 5.13 5.13 5.08 5.10 5.09 5.03 5.05 5.01 4.95 4.92 4.89 4.86 4.82 4.78 4.74 4.69 4.59 4.65 4.48 4.28 4.47 4.62 4.63 4.63 4.76 5.04 5.16 5.19 5.23 5.25 5.29 5.32 5.36 5.40 5.44
4.59 4.75 4.84 4.88 4.76 4.81 4.91 4.97 5.02 5.11 5.13 5.08 5.12 5.16 5.20 5.39 5.43 5.42 5.54 5.60 5.61 5.72 5.84 5.81 5.82 5.83 5.80 5.79 5.78 5.80 5.80 5.78 5.76 5.77 5.76 5.74 5.70 5.68 5.65 5.64 5.59 5.57 5.52 5.25 5.15 5.23 5.39 5.22 5.14 5.20 5.20 5.22 5.22 5.11 4.90 5.20 5.05 4.93 4.91 4.90 4.83 4.75 4.67 4.51 4.18 4.43 4.62 3.72 4.39 4.68 4.65 4.66 4.96 5.09 5.16 5.20 5.22 5.25 5.29 5.32 5.36 5.39 5.44
4.68 4.87 4.93 4.96 4.81 4.87 4.95 4.99 4.97 5.05 5.19 5.20 5.22 5.27 5.36 5.48 5.54 5.58 5.66 5.71 5.74 5.85 5.90 5.90 5.90 5.89 5.88 5.89 5.90 5.90 5.90 5.89 5.86 5.89 5.88 5.84 5.72 5.66 5.68 5.73 5.71 5.64 5.43 5.04 5.50 5.50 5.49 5.40 5.34 5.35 5.37 5.40 5.39 5.31 5.28 5.29 5.10 4.89 4.94 4.93 4.83 4.73 4.70 4.28 3.55 4.00 4.22 4.09 4.44 4.75 4.70 4.74 4.99 5.12 5.18 5.20 5.22 5.25 5.28 5.31 5.35 5.39 5.44
4.74 4.99 5.03 5.06 5.03 5.03 5.04 5.02 5.00 5.08 5.20 5.31 5.34 5.39 5.48 5.53 5.59 5.66 5.75 5.79 5.82 5.95 5.97 5.99 5.99 5.98 5.96 5.98 5.99 6.01 6.01 5.99 5.98 6.01 6.00 5.94 5.74 5.49 5.85 5.82 5.80 5.74 5.66 5.59 5.64 5.61 5.58 5.57 5.53 5.52 5.53 5.56 5.52 5.45 5.37 5.16 5.13 5.06 5.03 4.95 4.84 4.70 4.45 4.68 3.67 4.30 4.66 4.52 4.57 4.76 4.90 4.95 5.05 5.15 5.18 5.20 5.22 5.25 5.28 5.32 5.35 5.39 5.43
4.76 4.90 4.98 5.05 5.09 5.10 5.10 5.06 5.03 5.09 5.21 5.29 5.40 5.46 5.56 5.59 5.62 5.70 5.81 5.82 5.90 6.01 5.98 6.04 6.10 6.10 6.09 6.07 6.09 6.11 6.11 6.10 6.06 6.03 6.01 6.07 5.99 5.92 5.97 5.92 5.86 5.81 5.81 5.77 5.72 5.69 5.65 5.66 5.66 5.64 5.66 5.62 5.52 5.48 5.41 5.28 5.20 5.09 5.06 4.92 4.79 4.76 4.72 4.72 4.68 4.64 4.69 4.66 4.64 4.67 4.81 5.01 5.05 5.14 5.18 5.19 5.21 5.25 5.27 5.31 5.34 5.39 5.42
4.78 4.85 4.94 5.00 5.08 5.15 5.16 5.11 5.03 5.04 5.15 5.26 5.39 5.52 5.61 5.56 5.61 5.71 5.87 5.94 5.95 6.05 6.01 6.11 6.19 6.22 6.22 6.20 6.20 6.22 6.23 6.20 6.19 6.14 6.13 6.23 6.11 6.07 6.07 5.93 5.89 5.92 5.91 5.81 5.76 5.75 5.64 5.70 5.74 5.74 5.71 5.63 5.64 5.54 5.42 5.31 5.26 5.00 5.09 4.99 4.80 4.72 4.83 4.80 4.73 4.58 4.74 4.69 4.71 4.98 4.99 5.09 5.13 5.15 5.17 5.19 5.22 5.24 5.27 5.31 5.34 5.38 5.42
4.91 4.89 4.91 4.89 5.04 5.15 5.21 5.19 5.11 5.08 5.22 5.34 5.45 5.59 5.67 5.67 5.70 5.83 5.97 6.07 6.12 6.13 6.12 6.20 6.29 6.32 6.34 6.36 6.35 6.35 6.33 6.34 6.33 6.28 6.29 6.33 6.25 6.19 6.15 6.07 6.07 6.03 5.93 5.71 5.81 5.77 5.58 5.71 5.79 5.84 5.74 5.57 5.67 5.58 5.41 5.28 5.16 5.09 5.17 5.03 4.88 4.80 4.90 4.75 4.36 4.47 4.78 4.70 4.74 4.97 5.06 5.04 5.14 5.15 5.17 5.19 5.22 5.24 5.27 5.30 5.33 5.38 5.41
5.01 4.94 4.73 4.82 5.04 5.14 5.20 5.30 5.23 5.23 5.33 5.43 5.47 5.51 5.72 5.86 5.90 5.99 6.04 6.19 6.15 6.22 6.25 6.31 6.40 6.41 6.44 6.51 6.45 6.44 6.37 6.42 6.45 6.38 6.46 6.42 6.33 6.27 6.21 6.19 6.15 6.09 6.06 6.04 6.01 6.02 5.89 5.87 5.97 5.92 5.84 5.75 5.77 5.67 5.47 5.33 5.32 5.31 5.15 4.79 4.80 4.89 4.71 4.58 4.86 4.76 4.79 4.79 4.85 5.00 5.11 5.12 5.14 5.15 5.17 5.19 5.21 5.24 5.26 5.30 5.33 5.37 5.41
5.07 5.02 4.95 5.04 5.08 5.13 5.19 5.35 5.36 5.43 5.43 5.56 5.62 5.58 5.69 5.86 6.00 6.06 6.12 6.29 6.28 6.33 6.36 6.39 6.45 6.51 6.58 6.54 6.54 6.54 6.48 6.49 6.54 6.56 6.56 6.29 6.34 6.32 6.29 6.24 6.15 6.14 6.14 6.13 6.12 6.10 6.06 6.05 5.95 5.68 5.84 5.88 5.86 5.74 5.52 5.38 5.44 5.39 5.13 4.54 4.91 5.01 4.76 4.68 4.85 4.85 4.92 5.02 5.02 5.09 5.12 5.13 5.14 5.15 5.17 5.18 5.20 5.23 5.26 5.29 5.32 5.37 5.40
5.13 5.13 5.07 5.06 5.09 5.14 5.21 5.30 5.43 5.53 5.55 5.68 5.57 5.61 5.74 5.87 5.99 6.11 6.18 6.40 6.40 6.46 6.52 6.56 6.63 6.69 6.65 6.66 6.65 6.64 6.57 6.54 6.57 6.64 6.59 6.49 6.45 6.37 6.32 6.31 6.27 6.23 6.18 6.14 6.12 6.03 6.12 6.09 6.10 5.94 6.05 6.01 5.97 5.86 5.72 5.46 5.41 5.44 5.33 5.16 4.88 5.06 4.93 4.90 4.92 4.95 5.03 5.05 5.09 5.12 5.12 5.13 5.14 5.14 5.17 5.18 5.20 5.23 5.25 5.29 5.32 5.36 5.39
5.14 5.09 5.07 5.11 5.12 5.12 5.22 5.28 5.36 5.53 5.67 5.70 5.64 5.68 5.82 5.96 6.10 6.31 6.34 6.43 6.52 6.58 6.58 6.69 6.75 6.78 6.77 6.76 6.76 6.71 6.68 6.64 6.67 6.72 6.68 6.57 6.51 6.39 6.27 6.34 6.38 6.32 6.14 6.09 6.21 6.04 6.14 6.19 6.22 6.19 6.15 6.08 6.11 6.01 5.85 5.62 5.46 5.41 5.37 5.13 4.98 5.08 5.05 5.01 5.02 5.05 5.07 5.06 5.10 5.10 5.12 5.13 5.13 5.14 5.16 5.18 5.20 5.23 5.25 5.29 5.31 5.36 5.39
5.13 5.10 5.13 5.18 5.21 5.25 5.30 5.32 5.31 5.62 5.62 5.79 5.84 5.91 6.06 6.14 6.24 5.99 6.41 6.49 6.56 6.63 6.68 6.74 6.78 6.81 6.84 6.84 6.85 6.82 6.82 6.76 6.79 6.78 6.77 6.73 6.62 6.47 6.45 6.47 6.47 6.48 6.29 6.22 6.29 6.30 6.33 6.30 6.30 6.28 6.16 6.03 6.25 6.14 5.96 5.78 5.62 5.42 5.41 5.22 5.08 5.17 5.06 5.00 5.11 5.16 5.15 5.13 5.12 5.12 5.12 5.12 5.13 5.14 5.15 5.18 5.19 5.22 5.25 5.27 5.31 5.34 5.38
5.20 5.20 5.23 5.24 5.27 5.37 5.42 5.48 5.54 5.60 5.68 5.77 5.86 5.95 6.04 6.14 6.23 6.33 6.41 6.50 6.57 6.64 6.70 6.74 6.79 6.83 6.84 6.86 6.87 6.86 6.85 6.83 6.81 6.80 6.79 6.77 6.72 6.49 6.29 6.45 6.18 6.58 6.56 6.50 6.41 6.44 6.50 6.47 6.45 6.42 6.40 6.38 6.31 6.17 6.02 5.89 5.76 5.62 5.23 5.15 5.00 5.34 5.28 5.24 5.18 5.18 5.15 5.13 5.12 5.12 5.12 5.12 5.12 5.14 5.15 5.17 5.19 5.21 5.24 5.27 5.31 5.34 5.38
5.22 5.23 5.24 5.26 5.29 5.34 5.38 5.44 5.50 5.58 5.65 5.74 5.83 5.93 6.02 6.13 6.22 6.32 6.41 6.50 6.57 6.64 6.70 6.75 6.80 6.83 6.85 6.87 6.87 6.87 6.85 6.84 6.83 6.81 6.80 6.78 6.76 6.60 6.47 6.66 6.67 6.64 6.61 6.59 6.56 6.53 6.08 6.48 6.46 6.43 6.41 6.38 6.29 6.14 6.00 5.86 5.74 5.64 4.61 5.10 5.26 5.33 5.28 5.23 5.14 5.16 5.15 5.13 5.12 5.11 5.12 5.12 5.12 5.14 5.15 5.16 5.19 5.21 5.24 5.26 5.30 5.33 5.37
5.18 5.19 5.20 5.22 5.26 5.29 5.35 5.40 5.47 5.54 5.62 5.71 5.80 5.91 6.01 6.11 6.21 6.31 6.40 6.49 6.57 6.64 6.70 6.75 6.79 6.83 6.86 6.87 6.87 6.87 6.87 6.86 6.84 6.83 6.81 6.79 6.47 6.76 6.73 6.70 6.68 6.65 6.62 6.60 6.58 6.55 6.52 6.49 6.48 6.45 6.42 6.35 6.26 6.11 5.96 5.84 5.73 5.62 5.53 5.43 5.38 5.32 5.26 5.22 5.19 5.16 5.14 5.12 5.12 5.11 5.11 5.12 5.12 5.13 5.15 5.16 5.18 5.21 5.23 5.26 5.30 5.33 5.37
