main/data/pressure/09.04.2023.grid
ncols 886
nrows 691
xllcenter 112.0000
yllcenter -44.5000
cellsize 0.0500
nodata_value 99999.90
[rows 306 to 339 of 691, columns 702 to 779 of 886]
10.27 10.11 9.87 9.90 9.89 9.88 9.75 9.61 9.72 9.63 9.23 8.77 9.15 9.64 9.22 9.15 8.60 9.14 9.57 9.58 9.64 9.64 9.66 9.53 9.44 9.18 9.29 9.18 9.44 9.57 9.40 9.51 9.68 10.00 10.06 10.50 10.29 9.60 9.69 10.08 10.20 10.36 10.17 10.03 10.28 10.49 10.46 10.53 10.39 10.68 10.86 10.90 11.01 10.87 10.85 10.80 10.72 10.56 10.63 10.79 11.00 11.32 11.34 11.12 10.86 11.11 10.89 10.82 10.92 11.15 11.22 11.38 11.45 11.61 11.85 12.05 12.26 12.39
10.28 10.09 9.94 9.88 9.93 9.82 9.82 9.76 9.49 9.11 8.78 9.23 9.52 9.72 9.55 9.41 9.25 9.26 9.50 9.72 9.80 9.74 9.57 9.75 9.62 9.41 9.78 9.52 9.59 9.84 9.84 9.88 9.44 9.93 10.40 10.50 9.97 9.06 9.57 10.11 9.56 9.82 10.55 10.58 10.49 10.83 10.68 10.61 10.39 10.61 10.77 10.83 10.86 11.06 11.09 10.94 10.96 10.70 10.68 10.81 11.00 11.36 11.41 11.18 11.09 10.98 10.79 10.86 10.98 11.24 11.31 11.42 11.52 11.63 11.94 12.08 12.31 12.49
10.16 10.09 9.90 9.98 9.95 9.86 9.73 9.64 9.39 9.10 9.03 9.60 9.76 9.49 9.22 9.38 9.34 9.37 9.47 9.67 9.88 9.82 9.79 9.80 9.70 9.61 9.75 9.88 9.93 9.98 9.68 10.06 9.54 9.78 10.22 10.32 10.46 9.52 9.33 9.45 9.86 9.93 10.32 10.67 10.85 10.88 10.95 10.92 10.45 10.51 10.55 10.73 10.77 10.93 11.14 11.03 10.54 10.73 10.91 11.07 11.19 11.47 11.48 11.32 11.09 11.00 10.85 11.00 11.08 11.33 11.48 11.54 11.63 11.66 11.92 12.28 12.44 12.54
9.93 9.92 9.94 10.00 9.93 9.82 9.55 9.57 9.45 9.45 9.52 9.54 9.77 9.29 9.25 9.41 9.52 9.59 9.62 9.70 9.93 9.67 9.78 9.86 9.79 9.57 9.76 9.77 9.81 9.93 10.08 9.97 10.16 10.06 10.13 9.74 9.96 9.92 9.62 9.67 10.13 10.42 10.34 10.72 10.76 10.84 10.81 11.04 10.87 10.90 10.92 10.96 10.77 11.15 11.08 11.12 11.03 11.03 11.24 11.43 11.47 11.52 11.47 11.36 11.03 11.10 11.06 11.10 11.20 11.42 11.57 11.70 11.84 11.94 12.10 12.06 12.54 12.67
9.99 9.83 9.93 9.91 9.88 9.78 9.70 9.51 9.49 9.60 9.66 9.77 9.46 9.34 9.41 9.34 9.61 9.70 9.80 9.80 9.95 9.80 9.94 9.91 9.85 9.81 9.72 9.81 9.90 9.98 9.98 10.21 10.26 10.24 10.05 10.49 10.28 10.15 9.80 9.93 10.30 10.22 10.68 10.84 10.90 10.95 10.98 11.01 11.14 11.15 11.17 11.19 11.07 11.19 11.27 10.92 10.96 11.22 11.44 11.45 11.43 11.36 11.40 11.31 11.19 11.14 11.12 11.13 11.30 11.48 11.68 11.81 12.00 12.12 12.25 12.38 12.61 12.80
9.98 9.94 10.02 9.88 9.85 9.71 9.61 9.54 9.51 9.55 9.78 9.70 9.60 9.50 9.58 9.58 9.74 9.85 9.93 9.89 9.96 9.71 9.88 9.98 9.86 9.84 10.01 10.04 10.05 10.11 10.16 10.20 10.15 10.09 9.93 9.94 10.64 10.68 10.02 9.94 10.12 10.75 10.62 10.83 10.62 10.68 10.76 10.96 11.07 11.07 10.95 10.54 11.04 11.13 11.21 11.32 11.43 11.44 11.41 11.46 11.37 11.39 11.33 11.29 11.31 11.20 11.13 11.13 11.32 11.52 11.71 11.88 12.08 12.23 12.33 12.54 12.68 12.81
10.04 10.02 9.82 9.75 9.73 9.61 9.53 9.61 9.58 9.63 9.71 9.76 9.64 9.64 9.57 9.69 9.71 9.80 9.96 9.97 9.93 10.07 10.06 10.00 9.86 9.85 9.96 10.08 10.12 10.24 10.23 10.28 10.42 10.46 10.52 10.55 10.61 10.70 10.79 10.39 9.97 10.88 10.81 10.88 10.78 10.75 10.75 10.93 11.07 11.12 11.05 11.04 10.91 11.12 11.43 11.45 11.37 11.17 11.40 11.37 11.50 11.49 11.40 11.33 11.27 11.22 11.20 11.21 11.41 11.54 11.79 11.93 12.12 12.29 12.41 12.64 12.70 12.71
10.00 9.84 9.50 9.48 9.65 9.52 9.62 9.67 9.70 9.72 9.76 9.72 9.64 9.75 9.77 9.76 9.93 9.92 10.04 10.07 10.10 10.11 10.06 9.89 9.92 10.10 10.15 10.22 10.32 10.42 10.26 10.40 10.60 10.28 10.32 10.30 10.48 10.96 10.72 10.91 10.40 11.22 11.09 11.44 10.90 10.96 11.06 11.05 11.05 11.27 11.24 11.29 10.99 11.27 11.49 11.30 11.28 11.16 11.31 11.44 11.51 11.52 11.42 11.38 11.36 11.27 11.35 11.41 11.50 11.44 11.83 11.98 12.16 12.29 12.41 12.58 12.70 12.70
9.80 9.72 9.34 9.52 9.59 9.48 9.51 9.63 9.73 9.76 9.81 9.86 9.80 9.83 9.90 9.98 10.00 10.08 10.04 9.94 10.02 9.99 9.97 9.45 9.58 10.03 10.29 10.48 10.60 10.59 10.47 10.68 10.59 10.73 10.54 10.87 11.01 11.62 11.70 11.69 11.68 11.67 11.65 11.58 11.29 11.25 11.39 11.15 11.15 11.28 11.45 11.44 11.39 11.55 11.51 11.32 11.19 11.15 11.33 11.40 11.46 11.55 11.53 11.49 11.48 11.47 11.51 11.58 11.64 11.72 11.90 12.02 12.24 12.36 12.47 12.60 12.70 12.75
9.62 9.60 9.57 9.39 9.46 9.52 9.57 9.61 9.74 9.78 9.75 9.78 9.89 9.93 10.00 10.06 10.09 10.09 9.96 9.94 9.99 10.00 9.66 8.97 9.54 10.02 10.46 10.53 10.57 10.74 10.86 10.93 11.00 10.94 10.68 10.78 11.54 11.01 11.55 11.15 11.51 11.13 10.78 11.26 11.50 11.69 11.68 11.55 11.46 11.33 11.55 11.62 11.53 11.43 11.55 11.48 11.33 11.22 11.35 11.42 11.43 11.55 11.58 11.53 11.50 11.49 11.47 11.45 11.67 11.63 11.95 11.90 12.22 12.42 12.50 12.59 12.39 12.50
9.65 9.60 9.48 9.22 9.41 9.50 9.59 9.68 9.61 9.61 9.60 9.65 9.76 9.91 9.97 10.10 10.03 10.03 10.10 10.09 10.03 10.01 10.01 9.48 10.28 10.44 10.53 10.46 10.57 10.78 10.96 11.02 11.15 11.26 11.35 11.46 11.51 11.15 11.08 11.14 11.19 11.43 10.97 11.10 11.38 11.50 11.59 11.69 11.74 11.72 11.61 11.42 11.55 11.43 11.57 11.60 11.55 11.46 11.47 11.51 11.55 11.62 11.57 11.47 11.39 11.40 11.42 11.46 11.66 11.91 11.95 11.99 12.17 12.32 12.46 12.38 12.24 12.27
9.48 9.47 9.44 9.23 9.34 9.44 9.53 9.56 9.48 9.52 9.76 9.72 9.84 9.98 10.08 10.14 10.08 10.15 10.25 10.22 10.19 10.12 9.76 9.14 9.59 9.28 10.06 10.70 10.88 11.07 11.07 11.12 11.22 11.29 11.33 11.36 11.35 11.07 10.77 11.26 11.36 11.45 11.37 11.36 11.41 11.52 11.55 11.55 11.66 11.54 11.37 11.41 11.51 11.56 11.70 11.64 11.63 11.61 11.62 11.63 11.64 11.65 11.51 11.45 11.35 11.39 11.45 11.43 11.57 11.96 11.97 12.02 12.13 12.29 12.39 12.14 12.08 12.12
9.50 9.50 9.25 9.02 9.27 9.31 9.46 9.49 9.43 9.55 9.66 9.66 9.84 9.84 10.04 10.18 10.18 10.15 10.16 10.09 10.17 10.22 9.88 9.08 9.66 10.38 9.84 11.06 11.13 11.20 11.17 11.19 11.25 11.36 11.28 11.28 11.25 11.08 11.28 11.38 11.23 11.33 11.36 11.42 11.45 11.57 11.75 11.76 11.71 11.63 11.44 11.54 11.63 11.76 11.79 11.67 11.57 11.61 11.57 11.65 11.66 11.66 11.59 11.56 11.55 11.52 11.47 11.46 11.61 12.01 11.96 12.10 12.14 12.21 12.20 12.05 11.98 12.06
9.51 9.45 9.28 9.05 9.31 9.35 9.30 9.27 9.27 9.50 9.56 9.72 9.76 9.84 9.97 10.21 10.03 10.06 10.04 10.05 10.02 10.06 10.04 9.47 10.27 10.45 10.96 10.90 11.09 11.21 11.12 11.17 11.29 11.31 11.18 10.81 11.11 11.18 11.44 11.23 11.30 11.39 11.55 11.56 11.67 11.83 11.71 11.82 11.65 11.67 11.54 11.70 11.80 11.70 11.81 11.82 11.76 11.78 11.71 11.71 11.64 11.66 11.60 11.55 11.47 11.42 11.39 11.42 11.43 11.74 12.04 12.09 12.08 11.98 11.99 11.83 11.84 12.05
9.55 9.41 9.28 9.27 9.43 9.41 9.30 9.19 9.31 9.39 9.44 9.65 9.44 9.81 9.99 10.23 10.27 10.17 10.19 10.03 9.60 10.01 9.80 9.58 10.59 10.71 10.85 10.93 10.93 11.09 11.04 11.20 11.23 11.32 11.35 11.21 11.24 11.33 11.53 11.51 11.71 11.72 11.75 11.80 11.81 11.80 11.69 11.76 11.72 11.47 11.62 11.82 11.61 11.67 11.84 11.93 11.96 11.89 11.82 11.74 11.70 11.66 11.42 11.39 11.22 10.91 11.27 11.47 11.58 11.93 11.76 11.41 11.92 11.59 11.67 11.29 11.67 12.05
9.49 9.39 9.09 9.34 9.55 9.31 9.19 9.08 9.12 9.69 9.53 9.39 9.31 9.91 10.11 10.26 10.17 10.27 10.25 9.83 9.84 10.04 9.86 10.21 10.59 10.71 10.94 10.96 10.89 11.12 11.12 10.96 11.13 11.31 11.40 11.47 11.37 11.58 11.63 11.63 11.47 11.59 11.70 11.75 11.63 11.75 11.60 11.69 11.71 11.62 11.76 11.77 11.55 11.70 11.60 11.81 11.90 11.76 11.67 11.63 11.59 11.65 11.64 11.51 11.28 11.55 11.63 11.65 11.75 11.84 11.50 11.46 11.58 11.06 10.81 11.33 11.77 11.66
9.48 9.49 9.57 9.68 9.27 9.06 9.06 9.03 9.03 9.37 9.74 9.63 9.25 9.66 10.04 10.29 10.28 10.29 10.18 9.83 10.07 10.31 10.35 10.56 10.68 10.88 10.98 11.06 10.98 11.08 11.19 11.20 11.12 11.19 11.26 11.35 11.45 11.44 11.36 11.43 11.39 11.56 11.63 11.65 11.50 11.65 11.54 11.66 11.63 11.60 11.69 11.62 11.58 11.68 11.70 11.85 11.76 11.86 11.69 11.50 11.46 11.48 11.47 11.40 11.26 11.33 11.40 11.65 11.74 11.63 11.72 11.63 11.31 10.77 10.71 11.34 11.65 11.73
9.61 9.66 9.48 9.20 8.93 9.06 8.77 9.11 9.11 9.30 9.67 9.77 9.48 9.69 9.97 10.28 10.37 10.36 10.08 10.16 10.41 10.56 10.54 10.65 10.49 10.73 10.89 11.02 10.94 10.95 11.09 11.23 10.66 11.19 11.17 11.20 11.24 11.25 11.03 11.30 11.41 11.48 11.52 11.55 11.35 11.56 11.52 11.48 10.92 11.45 11.57 11.24 11.40 11.57 11.65 11.77 11.54 11.67 11.82 11.60 11.49 11.36 11.34 11.39 11.39 11.28 11.40 11.64 11.55 11.53 11.54 11.58 11.47 11.00 10.96 11.33 11.55 11.15
9.59 9.52 9.34 9.19 9.05 9.27 8.95 9.17 9.14 9.29 9.39 9.84 9.64 9.74 9.89 10.19 10.41 10.38 10.11 10.29 10.39 10.63 10.69 10.54 10.49 10.66 10.87 11.02 10.96 10.92 11.01 11.22 11.19 11.19 11.01 10.83 10.96 10.97 11.08 11.25 11.29 11.26 11.33 11.38 11.38 11.40 11.42 11.26 11.16 11.37 11.48 11.36 11.39 11.51 11.62 11.64 11.43 11.48 11.58 11.69 11.46 11.24 11.32 11.42 11.44 11.32 11.39 11.56 11.40 11.32 11.28 11.30 11.38 11.31 11.04 11.14 11.40 11.16
9.55 9.51 9.46 9.33 9.33 9.35 8.72 9.32 9.41 9.47 9.41 9.73 9.94 9.91 9.79 10.04 10.38 10.48 10.06 10.44 10.48 10.61 10.65 10.43 10.65 10.73 10.74 10.96 11.01 11.03 10.99 11.13 11.23 11.16 11.03 10.98 10.94 10.80 10.81 11.07 11.10 11.14 11.23 11.16 11.21 11.23 11.17 11.13 11.21 11.40 11.34 11.31 11.32 11.39 11.60 11.48 11.20 11.30 11.49 11.71 11.46 11.54 11.31 11.42 11.35 11.47 11.42 11.48 11.41 11.16 11.09 11.03 11.07 11.25 11.00 10.92 11.07 11.34
9.55 9.46 9.54 9.43 9.37 9.33 9.20 9.32 9.38 9.59 9.61 9.73 9.77 10.01 10.04 10.15 10.32 10.36 10.34 10.52 10.60 10.62 10.68 10.58 10.74 10.66 10.77 10.90 10.98 11.07 11.05 11.13 11.20 11.20 11.09 11.08 11.03 10.77 10.05 10.68 10.94 10.80 10.80 10.91 11.09 11.14 11.02 10.96 11.14 11.15 11.02 11.24 11.03 11.10 11.40 11.54 11.46 11.11 11.19 11.48 11.53 11.29 11.21 11.26 11.21 11.42 11.47 11.46 11.32 11.21 11.17 11.09 11.04 11.23 11.15 10.76 10.77 11.27
9.55 9.45 9.48 9.41 9.35 9.41 9.41 9.41 9.54 9.67 9.77 9.71 9.63 9.89 10.13 10.27 10.41 10.47 10.55 10.61 10.66 10.55 10.72 10.72 10.78 10.64 10.54 10.69 10.73 10.99 11.11 11.10 10.95 11.21 11.14 11.13 10.97 10.23 10.21 10.88 10.96 10.87 10.80 10.88 10.91 10.89 11.10 10.89 10.99 10.93 10.75 11.00 11.15 11.20 11.38 11.36 11.17 10.99 11.03 11.31 11.52 11.42 11.32 11.24 11.42 11.42 11.48 11.44 11.36 11.29 11.23 11.14 11.00 11.07 11.21 10.83 10.84 11.22
9.50 9.46 9.45 9.36 9.34 9.53 9.43 9.56 9.68 9.74 9.68 9.61 9.78 9.98 10.05 10.24 10.44 10.51 10.57 10.63 10.59 10.44 10.62 10.72 10.70 10.61 10.61 10.75 10.84 10.89 11.07 11.13 10.82 11.05 11.20 10.95 10.37 10.64 10.82 11.01 11.01 10.77 10.71 10.44 10.75 10.76 10.76 11.02 10.97 10.84 10.83 10.95 11.08 11.11 11.00 11.13 10.87 10.91 11.16 11.19 11.29 11.42 11.37 11.26 11.27 11.37 11.47 11.42 11.37 11.31 11.21 11.13 11.04 11.05 11.18 10.72 11.07 11.01
9.43 9.48 9.46 9.36 9.36 9.53 9.61 9.58 9.77 9.82 9.62 9.80 9.94 10.06 10.10 10.20 10.31 10.50 10.55 10.59 10.61 10.52 10.59 10.68 10.62 10.49 10.57 10.77 10.90 10.99 11.04 11.11 10.99 11.01 11.16 10.95 10.28 10.76 10.91 11.02 10.95 10.71 10.63 10.67 10.71 10.77 10.99 10.90 10.88 10.85 10.93 11.05 11.08 11.12 11.13 11.14 11.01 10.89 10.90 11.16 11.28 11.33 11.40 11.44 11.40 11.46 11.39 11.38 11.27 11.25 11.18 11.14 11.16 11.11 10.98 11.10 10.98 10.89
9.26 9.28 9.18 9.27 9.48 9.60 9.68 9.65 9.76 9.76 9.70 9.74 9.88 10.03 10.15 10.17 10.38 10.45 10.56 10.62 10.56 10.51 10.40 10.63 10.55 10.43 10.59 10.73 10.83 10.93 11.03 11.07 11.11 10.96 11.13 10.63 10.41 10.78 11.03 10.85 10.86 10.70 10.64 10.74 10.75 10.84 10.93 10.83 10.84 10.91 10.99 11.04 11.06 11.08 11.02 11.06 11.10 11.04 10.96 11.19 11.39 11.07 11.27 11.47 11.50 11.38 11.28 11.29 11.19 11.09 11.06 11.11 11.17 11.17 11.18 11.12 11.00 11.17
9.23 9.39 9.47 9.45 9.60 9.70 9.77 9.65 9.84 9.66 9.83 9.83 9.85 9.95 9.99 10.24 10.27 10.20 10.57 10.58 10.49 10.42 10.62 10.57 10.49 10.51 10.66 10.69 10.76 10.87 10.93 11.02 11.05 11.03 11.09 10.80 10.90 10.92 10.88 10.66 10.74 10.81 10.72 10.58 10.76 10.80 10.89 10.75 10.80 10.90 10.97 10.94 10.95 10.99 11.01 11.01 11.10 11.19 11.10 11.09 11.25 11.43 11.37 11.49 11.34 11.29 11.23 11.18 11.17 11.12 11.08 11.11 11.21 11.19 11.18 11.17 11.16 10.85
9.52 9.57 9.57 9.63 9.69 9.77 9.83 9.76 9.90 9.89 9.85 9.77 9.84 9.96 10.02 10.27 10.19 10.13 10.40 10.59 10.24 10.37 10.49 10.31 10.26 10.56 10.63 10.61 10.68 10.70 10.80 10.88 10.99 10.97 10.97 10.93 10.95 10.92 10.82 10.69 10.72 10.77 10.79 10.76 10.66 10.77 10.83 10.71 10.75 10.89 10.78 10.85 10.90 10.99 11.02 11.03 11.09 11.17 11.14 11.19 11.14 11.42 11.46 11.28 11.20 11.28 11.17 11.13 11.11 11.10 11.07 11.11 11.20 11.19 11.18 11.17 10.98 10.93
9.54 9.68 9.68 9.71 9.77 9.83 9.91 9.86 9.94 9.88 9.86 9.86 10.00 10.20 10.27 10.31 10.31 10.18 10.42 10.41 10.44 10.57 10.50 10.42 10.29 10.44 10.60 10.35 10.51 10.63 10.68 10.77 10.85 10.91 10.66 10.86 10.88 10.59 10.61 10.67 10.71 10.72 10.71 10.64 10.39 10.67 10.75 10.68 10.71 10.81 10.81 10.84 10.83 11.00 11.01 11.02 11.03 11.16 11.22 11.24 11.32 11.38 11.42 11.01 11.13 11.32 11.24 11.20 11.16 11.20 11.16 11.08 11.13 11.18 11.17 11.16 11.08 11.09
9.59 9.71 9.81 9.88 9.90 9.90 9.98 9.98 9.92 9.89 9.91 9.99 10.09 10.02 10.18 10.29 10.38 10.38 10.44 10.46 10.51 10.46 10.42 10.26 10.02 10.28 10.50 10.43 10.21 10.36 10.54 10.68 10.76 10.79 10.82 10.78 10.79 10.59 10.51 10.59 10.65 10.67 10.67 10.44 10.21 10.44 10.63 10.70 10.72 10.75 10.79 10.74 10.84 10.91 11.02 10.95 10.92 11.08 11.20 11.21 11.22 11.33 11.41 11.28 11.23 11.33 11.29 11.20 11.09 11.10 11.22 11.18 11.21 11.18 11.17 11.14 11.14 11.12
9.70 9.81 9.94 9.99 10.05 10.06 10.00 9.95 9.90 9.97 9.95 10.01 10.02 10.01 10.17 10.29 10.26 10.32 10.44 10.45 10.39 10.34 10.16 10.18 10.27 10.24 10.47 10.38 10.06 10.21 10.43 10.50 10.59 10.52 10.62 10.68 10.69 10.50 10.48 10.55 10.55 10.59 10.61 10.41 10.31 10.35 10.45 10.64 10.68 10.69 10.75 10.76 10.83 10.95 11.03 10.93 10.85 10.87 11.08 11.10 11.22 11.35 11.36 11.34 11.33 11.29 11.15 11.05 11.01 11.18 11.25 11.22 11.17 11.13 11.12 11.14 11.14 11.14
9.85 9.90 9.99 10.02 10.11 10.04 9.89 10.06 10.08 10.03 10.01 10.03 10.04 10.07 10.22 10.29 10.33 10.36 10.42 10.41 10.23 10.17 10.25 10.19 9.97 10.05 10.42 10.18 10.07 10.19 10.26 10.19 10.34 10.38 10.45 10.51 10.59 10.53 10.22 10.36 10.41 10.48 10.53 10.44 10.35 10.33 10.31 10.54 10.62 10.61 10.68 10.74 10.82 10.91 10.99 10.91 10.82 10.99 11.12 11.07 11.26 11.35 11.35 11.36 11.33 11.27 11.10 11.13 11.24 11.27 11.23 11.21 11.17 11.12 11.13 11.15 11.16 11.17
10.00 10.01 10.07 10.10 10.17 10.17 10.11 10.09 10.10 10.04 9.99 9.98 10.09 10.12 10.21 10.22 10.21 10.24 10.32 10.40 10.20 10.33 10.18 10.23 10.17 10.18 10.36 10.11 9.96 10.11 10.23 10.20 10.36 10.43 10.40 10.32 10.45 10.44 10.38 10.33 10.35 10.39 10.43 10.39 10.34 10.34 10.39 10.50 10.47 10.43 10.56 10.70 10.79 10.88 10.95 10.96 11.00 11.12 11.14 11.16 11.29 11.30 11.34 11.27 11.32 11.34 11.32 11.29 11.26 11.22 11.17 11.18 11.15 11.18 11.15 11.18 11.19 11.20
10.09 10.11 10.16 10.19 10.23 10.12 10.19 10.20 10.11 10.07 10.07 10.06 10.09 10.10 10.14 10.13 10.16 10.26 10.33 10.35 10.23 10.13 10.08 10.13 10.21 10.26 10.30 10.18 9.98 10.11 10.20 10.24 10.13 10.15 10.27 10.36 10.25 10.39 10.39 10.34 10.31 10.31 10.32 10.33 10.29 10.27 10.38 10.42 10.39 10.39 10.49 10.61 10.75 10.83 10.92 10.90 11.05 11.13 11.18 11.19 11.21 11.29 11.27 11.17 11.19 11.22 11.24 11.18 11.16 11.19 11.15 11.11 11.05 11.01 11.19 11.21 11.23 11.27
10.18 10.18 10.23 10.24 10.28 10.31 10.28 10.29 10.14 10.10 10.16 10.17 10.10 10.08 10.08 10.12 10.16 10.23 10.24 10.29 10.19 10.02 9.98 10.00 10.04 10.09 10.08 10.25 10.21 10.11 10.02 9.98 9.88 9.96 10.19 10.25 10.26 10.18 10.30 10.28 10.26 10.24 10.29 10.27 10.25 10.26 10.32 10.27 10.30 10.34 10.45 10.57 10.68 10.77 10.82 10.84 10.93 11.03 11.12 11.18 11.21 11.26 11.23 11.16 11.16 11.09 11.23 11.21 11.18 11.06 11.17 11.14 11.02 11.15 11.02 11.21 11.26 11.30
