main/data/pressure/09.07.2023.grid
ncols 886
nrows 691
xllcenter 112.0000
yllcenter -44.5000
cellsize 0.0500
nodata_value 99999.90
[rows 324 to 359 of 691, columns 574 to 655 of 886]
9.36 9.61 9.62 9.53 9.55 9.62 9.61 9.57 9.45 9.19 9.43 9.45 9.48 9.45 9.44 9.42 9.40 9.37 9.34 9.32 9.30 9.27 9.24 9.21 9.19 9.17 9.14 9.12 9.10 9.08 9.06 9.03 8.99 8.96 8.81 8.68 8.65 8.50 8.70 8.42 8.50 8.65 8.69 8.67 8.65 8.69 8.72 8.74 8.74 8.73 8.70 8.68 8.67 8.68 8.69 8.70 8.68 8.65 8.67 8.66 8.65 8.60 8.56 8.52 8.46 8.39 8.34 8.40 8.45 8.48 8.47 8.45 8.47 8.47 8.48 8.41 8.34 8.36 8.38 8.38 8.39 8.38
9.40 9.52 9.52 9.43 9.35 9.60 9.58 9.50 9.42 9.42 9.43 9.45 9.49 9.48 9.45 9.43 9.42 9.39 9.34 9.31 9.30 9.29 9.26 9.22 9.19 9.19 9.16 9.14 9.13 9.10 9.08 9.04 9.01 8.94 8.75 8.68 8.80 8.72 8.76 8.58 8.54 8.71 8.69 8.65 8.61 8.69 8.73 8.75 8.76 8.76 8.75 8.70 8.69 8.72 8.74 8.73 8.72 8.70 8.69 8.65 8.63 8.65 8.59 8.55 8.52 8.30 8.43 8.46 8.44 8.50 8.51 8.49 8.53 8.49 8.46 8.48 8.39 8.37 8.37 8.39 8.39 8.38
9.53 9.51 9.45 9.35 9.61 9.59 9.58 9.41 9.45 9.50 9.52 9.50 9.50 9.49 9.46 9.44 9.42 9.38 9.32 9.33 9.32 9.29 9.26 9.23 9.20 9.20 9.18 9.16 9.15 9.13 9.09 9.05 9.02 8.92 8.89 8.82 8.83 8.82 8.83 8.71 8.57 8.74 8.64 8.60 8.51 8.66 8.71 8.76 8.79 8.79 8.78 8.74 8.73 8.77 8.76 8.75 8.75 8.74 8.73 8.67 8.64 8.65 8.60 8.53 8.53 8.50 8.44 8.44 8.47 8.48 8.54 8.39 8.54 8.49 8.45 8.45 8.41 8.39 8.39 8.41 8.42 8.41
9.51 9.57 9.59 9.60 9.49 9.52 9.52 9.48 9.52 9.53 9.51 9.51 9.51 9.49 9.47 9.46 9.43 9.38 9.32 9.33 9.33 9.30 9.29 9.25 9.22 9.21 9.20 9.18 9.16 9.14 9.11 9.09 9.03 8.88 8.71 8.81 8.87 8.88 8.85 8.69 8.64 8.61 8.59 8.69 8.69 8.74 8.73 8.72 8.78 8.81 8.81 8.80 8.80 8.80 8.79 8.78 8.77 8.75 8.74 8.71 8.69 8.67 8.64 8.61 8.58 8.50 8.48 8.39 8.44 8.51 8.55 8.56 8.56 8.56 8.48 8.43 8.43 8.42 8.43 8.45 8.46 8.42
9.57 9.55 9.49 9.56 9.31 9.45 9.48 9.45 9.51 9.53 9.48 9.47 9.52 9.50 9.48 9.46 9.43 9.39 9.26 9.31 9.34 9.31 9.29 9.26 9.24 9.22 9.20 9.19 9.16 9.15 9.13 9.10 9.05 8.98 8.96 8.94 8.92 8.93 8.86 8.67 8.56 8.48 8.58 8.76 8.76 8.77 8.78 8.79 8.81 8.82 8.84 8.83 8.83 8.82 8.82 8.81 8.79 8.77 8.76 8.74 8.72 8.69 8.67 8.62 8.63 8.54 8.47 8.45 8.50 8.51 8.50 8.58 8.59 8.54 8.42 8.45 8.46 8.45 8.48 8.49 8.48 8.44
9.64 9.64 9.64 9.42 9.42 9.47 9.50 9.50 9.55 9.54 9.48 9.43 9.47 9.50 9.49 9.47 9.42 9.35 9.22 9.31 9.33 9.32 9.29 9.28 9.25 9.22 9.21 9.21 9.18 9.17 9.15 9.12 9.08 9.05 9.03 9.03 9.01 8.97 8.91 8.72 8.68 8.70 8.79 8.75 8.66 8.74 8.78 8.76 8.82 8.85 8.85 8.86 8.86 8.85 8.84 8.82 8.82 8.81 8.79 8.76 8.74 8.70 8.70 8.68 8.63 8.59 8.57 8.49 8.51 8.48 8.49 8.58 8.61 8.57 8.52 8.53 8.51 8.49 8.53 8.52 8.50 8.41
9.69 9.61 9.53 9.43 9.53 9.52 9.48 9.52 9.58 9.56 9.51 9.43 9.45 9.47 9.48 9.48 9.43 9.38 9.34 9.37 9.34 9.31 9.30 9.27 9.26 9.24 9.23 9.21 9.19 9.18 9.16 9.14 9.11 9.10 9.09 9.05 9.01 8.95 8.90 8.79 8.76 8.83 8.65 8.61 8.78 8.76 8.79 8.80 8.86 8.86 8.87 8.88 8.88 8.86 8.85 8.84 8.84 8.82 8.80 8.78 8.75 8.70 8.68 8.67 8.55 8.51 8.51 8.45 8.39 8.51 8.60 8.61 8.62 8.63 8.57 8.59 8.56 8.55 8.58 8.55 8.50 8.41
9.57 9.58 9.55 9.56 9.56 9.55 9.55 9.59 9.60 9.57 9.53 9.48 9.45 9.45 9.44 9.43 9.40 9.37 9.34 9.33 9.33 9.32 9.30 9.28 9.27 9.25 9.23 9.22 9.20 9.19 9.17 9.15 9.05 8.91 9.04 9.05 9.03 8.90 8.82 8.79 8.82 8.87 8.75 8.63 8.78 8.76 8.79 8.86 8.85 8.87 8.89 8.89 8.89 8.89 8.86 8.84 8.85 8.84 8.82 8.78 8.76 8.73 8.70 8.67 8.54 8.55 8.56 8.51 8.47 8.59 8.57 8.64 8.65 8.63 8.57 8.59 8.62 8.62 8.61 8.59 8.54 8.52
9.64 9.62 9.65 9.63 9.69 9.62 9.63 9.63 9.61 9.58 9.55 9.50 9.44 9.41 9.40 9.38 9.38 9.34 9.29 9.28 9.30 9.32 9.30 9.29 9.27 9.26 9.24 9.22 9.21 9.20 9.17 9.16 9.11 8.99 9.09 9.06 9.00 8.88 8.73 8.80 8.91 8.88 8.82 8.76 8.81 8.83 8.84 8.85 8.86 8.84 8.86 8.91 8.91 8.89 8.86 8.83 8.85 8.85 8.82 8.80 8.77 8.75 8.71 8.69 8.63 8.59 8.61 8.60 8.54 8.63 8.66 8.63 8.66 8.66 8.62 8.64 8.65 8.65 8.64 8.62 8.56 8.58
9.76 9.69 9.71 9.69 9.71 9.68 9.60 9.63 9.61 9.58 9.54 9.50 9.44 9.38 9.36 9.34 9.33 9.31 9.26 9.23 9.25 9.29 9.30 9.29 9.27 9.22 9.23 9.22 9.22 9.20 9.18 9.15 9.04 9.12 9.11 9.07 9.04 9.03 8.99 8.95 8.97 8.86 8.84 8.69 8.73 8.82 8.79 8.84 8.87 8.86 8.88 8.92 8.92 8.90 8.88 8.86 8.86 8.86 8.84 8.81 8.76 8.72 8.70 8.65 8.64 8.60 8.64 8.63 8.66 8.61 8.61 8.69 8.70 8.69 8.68 8.68 8.68 8.67 8.64 8.63 8.59 8.51
9.88 9.83 9.76 9.75 9.73 9.70 9.68 9.64 9.60 9.58 9.54 9.50 9.43 9.38 9.34 9.29 9.27 9.29 9.24 9.19 9.19 9.28 9.28 9.27 9.26 9.25 9.24 9.23 9.22 9.19 9.18 9.16 9.15 9.14 9.12 9.10 9.08 9.06 9.04 9.02 8.99 8.94 8.88 8.77 8.75 8.81 8.85 8.87 8.89 8.91 8.90 8.91 8.93 8.93 8.84 8.88 8.89 8.87 8.86 8.77 8.71 8.68 8.59 8.46 8.61 8.59 8.63 8.60 8.57 8.57 8.59 8.70 8.72 8.72 8.73 8.73 8.72 8.69 8.64 8.60 8.55 8.51
9.91 9.87 9.82 9.81 9.77 9.76 9.73 9.68 9.61 9.56 9.53 9.49 9.44 9.39 9.35 9.28 9.25 9.27 9.20 9.17 9.19 9.17 9.24 9.27 9.26 9.25 9.23 9.22 9.21 9.19 9.16 9.03 9.08 9.13 9.13 9.10 9.09 9.09 9.08 9.04 9.01 8.99 8.93 8.82 8.78 8.89 8.90 8.90 8.90 8.92 8.89 8.92 8.95 8.93 8.88 8.88 8.90 8.89 8.86 8.83 8.74 8.69 8.64 8.65 8.66 8.68 8.69 8.69 8.64 8.67 8.70 8.74 8.76 8.75 8.75 8.75 8.73 8.71 8.67 8.62 8.56 8.55
9.93 9.91 9.89 9.84 9.80 9.78 9.71 9.66 9.59 9.56 9.51 9.50 9.45 9.40 9.37 9.29 9.28 9.26 9.22 9.18 9.16 9.21 9.24 9.27 9.25 9.25 9.23 9.21 9.19 9.18 9.18 9.18 9.16 9.14 9.14 9.13 9.11 9.10 9.09 9.06 9.03 9.00 8.93 8.86 8.88 8.94 8.94 8.92 8.91 8.95 8.93 8.94 8.96 8.95 8.91 8.88 8.90 8.89 8.87 8.84 8.76 8.69 8.66 8.71 8.73 8.72 8.59 8.55 8.71 8.75 8.78 8.78 8.78 8.78 8.77 8.75 8.73 8.72 8.68 8.62 8.56 8.59
9.99 9.94 9.90 9.87 9.84 9.79 9.73 9.67 9.63 9.57 9.53 9.58 9.48 9.44 9.38 9.32 9.27 9.21 9.21 9.25 9.26 9.30 9.15 9.20 9.26 9.25 9.23 9.21 9.20 9.17 9.13 9.14 9.16 9.15 9.13 9.13 9.11 9.07 9.09 9.07 9.01 9.01 9.00 8.98 8.96 8.99 8.98 8.98 8.93 8.93 8.96 8.95 8.97 8.96 8.94 8.93 8.92 8.91 8.86 8.84 8.79 8.69 8.66 8.73 8.76 8.76 8.60 8.60 8.71 8.78 8.79 8.80 8.80 8.80 8.76 8.74 8.74 8.73 8.70 8.61 8.63 8.65
10.02 9.96 9.93 9.89 9.84 9.81 9.73 9.69 9.63 9.56 9.51 9.52 9.48 9.44 9.40 9.35 9.32 9.22 9.19 9.24 9.28 9.30 9.31 9.29 9.29 9.27 9.24 9.23 9.21 9.18 9.02 8.91 9.13 9.15 9.14 9.13 9.11 9.01 9.06 9.07 9.04 9.02 9.04 9.04 8.96 9.02 9.01 9.00 8.95 8.94 8.98 8.94 8.98 8.97 8.95 8.93 8.92 8.90 8.86 8.84 8.83 8.58 8.67 8.74 8.74 8.79 8.70 8.64 8.70 8.77 8.83 8.82 8.82 8.83 8.78 8.76 8.75 8.74 8.73 8.67 8.70 8.70
10.04 10.00 9.95 9.90 9.86 9.81 9.77 9.69 9.62 9.55 9.53 9.52 9.49 9.46 9.43 9.39 9.37 9.30 9.25 9.18 9.29 9.29 9.27 9.31 9.30 9.28 9.26 9.25 9.20 9.07 8.94 8.85 9.00 9.12 9.14 9.13 9.09 9.01 9.09 9.01 8.89 9.00 9.01 9.02 9.06 9.04 9.04 9.01 8.93 8.95 9.02 9.02 8.99 8.94 8.96 8.91 8.92 8.85 8.80 8.82 8.82 8.76 8.65 8.72 8.76 8.81 8.79 8.69 8.77 8.83 8.84 8.84 8.85 8.84 8.84 8.83 8.78 8.78 8.77 8.76 8.69 8.73
10.06 10.02 9.97 9.92 9.88 9.82 9.76 9.70 9.63 9.56 9.58 9.55 9.52 9.47 9.44 9.43 9.41 9.37 9.26 9.22 9.29 9.24 9.23 9.26 9.32 9.31 9.29 9.27 9.22 9.07 9.00 8.95 9.04 9.11 9.11 9.13 9.13 9.12 9.09 9.02 8.92 8.99 9.02 9.02 9.08 9.08 9.08 9.06 9.00 9.02 9.04 9.03 9.01 8.99 8.98 8.92 8.87 8.87 8.79 8.82 8.83 8.67 8.60 8.77 8.79 8.79 8.83 8.83 8.80 8.84 8.87 8.86 8.87 8.88 8.86 8.84 8.86 8.83 8.81 8.77 8.70 8.73
10.09 10.04 9.98 9.93 9.89 9.81 9.77 9.71 9.64 9.61 9.57 9.54 9.51 9.50 9.47 9.45 9.42 9.39 9.30 9.17 9.24 9.30 9.31 9.28 9.34 9.33 9.31 9.30 9.27 9.20 9.15 9.12 9.14 9.14 9.12 9.12 9.11 9.11 9.11 9.07 9.01 9.01 9.05 9.07 9.09 9.09 9.10 9.09 9.07 9.09 9.01 9.00 8.97 9.00 8.98 8.94 8.91 8.85 8.82 8.86 8.85 8.71 8.72 8.73 8.76 8.78 8.75 8.82 8.85 8.83 8.88 8.89 8.89 8.89 8.89 8.89 8.87 8.86 8.82 8.79 8.73 8.73
10.12 10.07 10.01 9.90 9.89 9.80 9.75 9.70 9.66 9.59 9.56 9.55 9.52 9.49 9.47 9.45 9.43 9.41 9.31 9.20 9.21 9.27 9.33 9.34 9.36 9.35 9.34 9.32 9.30 9.26 9.22 9.20 9.18 9.11 9.10 9.11 9.09 9.07 9.09 9.11 9.07 9.02 9.06 9.06 9.05 9.07 9.12 9.12 9.11 9.07 8.97 8.98 8.92 8.94 8.97 8.93 8.89 8.81 8.83 8.87 8.86 8.71 8.77 8.61 8.67 8.72 8.80 8.83 8.88 8.85 8.88 8.90 8.90 8.92 8.89 8.85 8.85 8.86 8.81 8.82 8.81 8.80
10.13 10.08 10.02 9.97 9.89 9.83 9.75 9.69 9.64 9.59 9.56 9.56 9.51 9.48 9.45 9.45 9.44 9.43 9.34 9.30 9.25 9.24 9.36 9.38 9.38 9.37 9.36 9.34 9.33 9.29 9.23 9.19 9.14 9.01 9.01 9.04 9.05 8.92 8.97 9.08 9.11 9.10 9.08 9.06 9.04 9.08 9.13 9.13 9.13 9.11 9.05 9.02 8.92 8.92 8.93 8.93 8.91 8.83 8.84 8.87 8.86 8.82 8.73 8.74 8.73 8.74 8.76 8.84 8.89 8.89 8.91 8.92 8.93 8.93 8.90 8.84 8.83 8.84 8.88 8.88 8.86 8.91
10.17 10.12 10.05 9.98 9.91 9.84 9.74 9.65 9.61 9.60 9.55 9.53 9.50 9.48 9.43 9.44 9.43 9.44 9.41 9.36 9.25 9.20 9.37 9.39 9.40 9.38 9.38 9.35 9.34 9.31 9.25 9.19 9.08 8.89 9.07 9.04 9.03 8.91 9.04 9.08 9.11 9.13 9.11 9.07 9.07 9.13 9.16 9.15 9.13 9.11 9.08 9.01 8.94 8.89 8.88 8.89 8.86 8.88 8.86 8.87 8.86 8.76 8.73 8.77 8.79 8.77 8.77 8.83 8.90 8.90 8.91 8.93 8.93 8.94 8.91 8.85 8.82 8.83 8.86 8.89 8.90 8.94
10.20 10.14 10.06 9.99 9.91 9.78 9.70 9.61 9.61 9.57 9.53 9.47 9.48 9.38 9.36 9.41 9.46 9.47 9.45 9.44 9.30 9.24 9.33 9.36 9.41 9.39 9.39 9.36 9.35 9.34 9.30 9.23 9.16 9.12 9.10 9.05 9.04 9.05 9.13 9.13 9.11 9.14 9.14 9.10 9.09 9.04 9.15 9.16 9.14 9.11 9.08 9.05 9.00 8.90 8.85 8.85 8.84 8.84 8.82 8.85 8.86 8.80 8.74 8.77 8.84 8.83 8.81 8.83 8.90 8.91 8.92 8.93 8.94 8.94 8.93 8.91 8.87 8.87 8.87 8.92 8.95 8.98
10.24 10.16 10.10 10.00 9.91 9.79 9.68 9.57 9.49 9.49 9.46 9.41 9.36 9.36 9.39 9.43 9.49 9.48 9.49 9.48 9.45 9.39 9.35 9.32 9.27 9.41 9.41 9.40 9.39 9.36 9.35 9.29 9.22 9.16 9.13 9.08 9.08 9.13 9.15 9.17 9.16 9.18 9.19 9.18 9.20 9.16 9.19 9.18 9.14 9.11 9.07 9.00 8.99 8.97 8.93 8.89 8.83 8.76 8.77 8.82 8.86 8.84 8.80 8.83 8.83 8.80 8.82 8.87 8.91 8.91 8.92 8.94 8.93 8.92 8.93 8.92 8.89 8.89 8.89 8.91 8.93 8.98
10.29 10.22 10.09 10.03 9.92 9.72 9.57 9.58 9.38 9.47 9.46 9.58 9.52 9.48 9.49 9.53 9.52 9.52 9.51 9.51 9.47 9.44 9.40 9.37 9.36 9.43 9.42 9.41 9.40 9.38 9.35 9.31 9.26 9.22 9.17 9.10 9.09 9.18 9.19 9.21 9.20 9.22 9.22 9.22 9.20 9.20 9.21 9.19 9.14 9.13 9.08 9.01 8.96 8.88 8.85 8.82 8.83 8.68 8.73 8.77 8.80 8.85 8.71 8.80 8.84 8.84 8.83 8.89 8.90 8.91 8.92 8.92 8.91 8.92 8.93 8.90 8.88 8.88 8.84 8.93 8.94 8.99
10.31 10.20 10.14 9.99 9.94 9.84 9.80 9.81 9.76 9.69 9.62 9.59 9.58 9.53 9.59 9.59 9.56 9.56 9.55 9.52 9.50 9.46 9.41 9.44 9.45 9.44 9.44 9.43 9.41 9.39 9.37 9.32 9.27 9.26 9.23 9.17 9.10 9.13 9.21 9.24 9.25 9.26 9.24 9.25 9.24 9.23 9.21 9.18 9.13 9.03 9.06 9.04 9.01 8.95 8.86 8.90 8.76 8.63 8.70 8.75 8.74 8.85 8.86 8.82 8.82 8.85 8.84 8.89 8.90 8.91 8.91 8.89 8.90 8.93 8.92 8.87 8.86 8.87 8.85 8.94 8.97 9.02
10.32 10.20 10.18 10.11 9.98 9.93 9.90 9.87 9.85 9.73 9.72 9.72 9.69 9.68 9.65 9.63 9.62 9.59 9.57 9.55 9.52 9.47 9.39 9.47 9.48 9.47 9.46 9.45 9.42 9.38 9.30 9.28 9.22 9.20 9.25 9.20 9.15 9.20 9.22 9.24 9.27 9.27 9.27 9.26 9.26 9.24 9.22 9.20 9.14 9.07 9.05 9.01 8.96 8.77 8.74 8.92 8.76 8.70 8.76 8.83 8.86 8.87 8.89 8.89 8.82 8.88 8.89 8.90 8.90 8.91 8.89 8.89 8.91 8.94 8.94 8.91 8.91 8.89 8.91 8.98 9.00 9.03
10.28 10.21 10.07 10.06 10.07 10.02 9.95 9.86 9.83 9.80 9.81 9.77 9.72 9.72 9.69 9.66 9.65 9.63 9.59 9.58 9.55 9.50 9.47 9.46 9.49 9.49 9.48 9.47 9.43 9.40 9.35 9.26 9.15 9.17 9.24 9.23 9.10 9.19 9.14 9.21 9.28 9.30 9.30 9.28 9.27 9.25 9.21 9.16 9.15 9.10 9.02 8.91 8.91 8.79 8.79 8.94 8.80 8.75 8.83 8.85 8.88 8.88 8.91 8.93 8.91 8.93 8.91 8.93 8.94 8.93 8.91 8.91 8.93 8.93 8.94 8.93 8.87 8.90 8.94 9.02 9.03 9.01
10.38 10.24 10.12 9.96 10.11 9.99 9.97 9.94 9.93 9.91 9.87 9.83 9.79 9.75 9.72 9.70 9.67 9.65 9.62 9.60 9.58 9.55 9.53 9.53 9.52 9.50 9.49 9.48 9.46 9.43 9.39 9.26 9.06 9.23 9.28 9.28 9.26 9.23 9.11 9.24 9.31 9.33 9.32 9.30 9.28 9.27 9.24 9.21 9.17 9.10 9.05 8.97 8.94 8.88 8.87 8.93 8.81 8.79 8.89 8.80 8.93 8.94 8.95 8.97 8.92 8.97 8.97 8.97 8.96 8.98 8.93 8.94 8.94 8.94 8.95 8.97 8.93 8.95 9.00 9.07 9.05 9.03
10.44 10.35 10.19 10.16 10.08 10.01 10.10 10.07 10.03 9.97 9.91 9.86 9.82 9.78 9.75 9.72 9.69 9.67 9.64 9.63 9.60 9.58 9.57 9.55 9.53 9.52 9.51 9.50 9.47 9.45 9.41 9.34 9.28 9.30 9.32 9.32 9.30 9.30 9.28 9.31 9.33 9.33 9.33 9.31 9.29 9.25 9.18 9.06 9.18 9.12 9.05 8.95 8.99 8.97 8.98 9.00 8.94 8.87 8.96 8.91 8.98 9.00 9.00 9.01 8.98 8.99 8.99 8.99 9.00 9.00 8.99 8.96 8.93 8.93 8.96 8.95 8.95 8.99 9.05 9.11 9.07 9.08
10.51 10.38 10.37 10.28 10.20 10.17 10.16 10.12 10.04 9.96 9.90 9.87 9.83 9.78 9.75 9.74 9.71 9.69 9.66 9.64 9.62 9.60 9.58 9.56 9.55 9.54 9.53 9.51 9.50 9.48 9.46 9.42 9.42 9.38 9.36 9.32 9.29 9.33 9.24 9.33 9.36 9.36 9.36 9.33 9.30 9.26 9.22 9.17 9.13 9.09 9.07 8.98 8.95 9.04 9.05 9.04 9.00 8.97 9.01 8.94 9.01 9.03 9.03 9.04 9.02 9.01 9.03 9.02 9.02 9.03 9.01 8.99 8.96 8.98 9.00 9.02 9.01 9.04 9.08 9.15 9.10 9.14
10.55 10.50 10.41 10.41 10.34 10.29 10.21 10.14 10.04 10.01 9.92 9.87 9.83 9.80 9.72 9.75 9.73 9.70 9.68 9.65 9.64 9.61 9.59 9.58 9.56 9.55 9.53 9.52 9.51 9.50 9.49 9.47 9.45 9.41 9.38 9.34 9.25 9.32 9.30 9.36 9.36 9.38 9.36 9.34 9.29 9.25 9.19 9.10 8.98 9.05 9.04 9.04 9.00 9.03 9.09 9.09 9.02 9.02 9.07 9.05 9.01 9.02 9.06 9.08 9.04 9.04 9.06 9.06 9.06 9.05 9.03 9.02 9.01 9.03 9.03 8.99 9.02 9.03 9.10 9.18 9.18 9.20
10.58 10.55 10.49 10.38 10.37 10.31 10.22 10.13 10.05 9.98 9.88 9.82 9.81 9.80 9.72 9.71 9.72 9.72 9.70 9.67 9.64 9.62 9.61 9.60 9.58 9.57 9.56 9.54 9.53 9.51 9.50 9.49 9.47 9.44 9.39 9.30 9.09 9.17 9.39 9.40 9.41 9.39 9.37 9.33 9.30 9.26 9.21 9.09 9.05 9.06 9.00 9.00 9.03 9.05 9.10 9.12 9.10 9.11 9.12 9.05 9.07 9.10 9.06 9.11 9.11 9.14 9.07 9.10 9.09 9.07 9.07 9.06 9.05 9.07 9.07 9.08 9.05 9.02 9.10 9.19 9.26 9.29
10.60 10.55 10.46 10.41 10.38 10.31 10.24 10.12 10.02 9.94 9.84 9.78 9.79 9.80 9.74 9.68 9.70 9.72 9.71 9.69 9.66 9.64 9.63 9.60 9.59 9.58 9.56 9.55 9.55 9.53 9.52 9.50 9.48 9.47 9.42 9.36 9.32 9.38 9.43 9.44 9.41 9.40 9.37 9.35 9.31 9.25 9.22 9.16 9.10 9.03 9.00 8.99 9.10 9.10 9.10 9.13 9.16 9.17 9.16 9.08 9.14 9.09 9.12 9.14 9.17 9.13 9.12 9.10 9.08 9.08 9.10 9.10 9.10 9.11 9.11 9.11 9.10 9.11 9.13 9.21 9.31 9.35
10.63 10.55 10.50 10.48 10.44 10.35 10.26 10.15 10.00 9.93 9.84 9.72 9.82 9.82 9.78 9.70 9.71 9.72 9.72 9.70 9.68 9.66 9.63 9.62 9.61 9.60 9.59 9.57 9.55 9.54 9.53 9.52 9.49 9.48 9.48 9.48 9.48 9.48 9.44 9.35 9.33 9.39 9.36 9.35 9.32 9.27 9.21 9.14 9.10 9.06 8.91 9.00 9.02 9.10 9.16 9.18 9.19 9.19 9.20 9.20 9.19 9.08 9.18 9.20 9.16 9.13 9.11 9.11 9.11 9.09 9.11 9.13 9.14 9.14 9.14 9.14 9.13 9.16 9.17 9.23 9.34 9.41
10.63 10.58 10.53 10.47 10.43 10.36 10.29 10.17 10.04 9.98 9.90 9.75 9.85 9.83 9.80 9.75 9.73 9.72 9.72 9.72 9.70 9.67 9.65 9.64 9.62 9.60 9.59 9.59 9.57 9.55 9.53 9.53 9.51 9.51 9.49 9.49 9.51 9.47 9.48 9.38 9.37 9.38 9.36 9.36 9.32 9.27 9.18 9.13 9.07 8.96 9.06 9.04 9.00 9.05 9.16 9.22 9.23 9.23 9.23 9.21 9.23 9.18 9.22 9.23 9.19 9.18 9.15 9.14 9.14 9.13 9.15 9.17 9.17 9.18 9.17 9.16 9.15 9.13 9.17 9.27 9.38 9.45
10.63 10.56 10.51 10.37 10.36 10.37 10.29 10.20 10.10 10.06 10.00 9.89 9.84 9.80 9.80 9.70 9.72 9.74 9.73 9.73 9.71 9.69 9.67 9.65 9.64 9.62 9.61 9.59 9.57 9.56 9.55 9.55 9.54 9.53 9.52 9.53 9.52 9.49 9.47 9.48 9.41 9.27 9.29 9.29 9.31 9.28 9.19 9.03 8.95 9.11 9.06 9.11 9.09 9.06 9.16 9.26 9.25 9.25 9.25 9.24 9.24 9.24 9.23 9.26 9.21 9.19 9.16 9.15 9.14 9.15 9.18 9.17 9.18 9.19 9.19 9.19 9.17 9.09 9.15 9.23 9.33 9.49
