main/data/pressure/09.08.2023.grid
ncols 886
nrows 691
xllcenter 112.0000
yllcenter -44.5000
cellsize 0.0500
nodata_value 99999.90
[rows 432 to 467 of 691, columns 324 to 404 of 886]
13.57 13.52 13.38 13.23 13.12 13.06 13.04 12.89 12.74 12.63 12.54 12.47 12.40 12.29 12.18 12.06 11.96 11.79 11.69 11.56 11.49 11.32 11.18 10.98 10.87 10.94 10.75 10.54 10.38 10.26 10.09 9.95 9.58 9.63 9.43 9.23 9.03 8.84 8.66 8.49 8.34 8.19 8.04 7.91 7.78 7.67 7.56 7.45 7.35 7.25 7.16 7.07 6.99 6.90 6.82 6.74 6.67 6.59 6.52 6.45 6.38 6.31 6.26 6.20 6.15 6.11 6.07 5.99 5.85 5.93 6.06 6.20 6.28 6.28 6.36 6.49 6.63 6.69 6.76 6.78 6.84
13.63 13.61 13.45 13.29 13.18 13.10 13.12 12.96 12.81 12.73 12.61 12.54 12.52 12.37 12.30 12.13 12.14 11.95 11.79 11.67 11.73 11.47 11.46 11.32 11.18 11.04 10.89 10.73 10.57 10.40 10.23 10.04 9.85 9.67 9.49 9.29 9.08 8.88 8.70 8.53 8.37 8.22 8.07 7.94 7.81 7.70 7.58 7.47 7.37 7.28 7.18 7.09 7.00 6.92 6.83 6.76 6.68 6.60 6.53 6.46 6.40 6.33 6.28 6.22 6.17 6.12 6.08 6.05 6.09 6.15 6.20 6.31 6.34 6.43 6.46 6.51 6.59 6.67 6.73 6.89 6.92
13.72 13.71 13.55 13.37 13.25 13.19 13.20 13.11 12.99 12.90 12.76 12.67 12.64 12.59 12.51 12.41 12.03 12.16 12.03 11.89 11.76 11.63 11.50 11.36 11.21 11.07 10.92 10.76 10.61 10.44 10.27 10.08 9.90 9.73 9.54 9.35 9.15 8.94 8.74 8.56 8.41 8.25 8.10 7.97 7.84 7.73 7.61 7.50 7.40 7.29 7.20 7.11 7.02 6.94 6.86 6.77 6.69 6.62 6.54 6.48 6.42 6.35 6.30 6.24 6.19 6.14 6.10 6.10 6.17 6.26 6.36 6.44 6.48 6.52 6.52 6.61 6.59 6.50 6.72 6.89 6.97
13.78 13.82 13.63 13.44 13.35 13.25 13.28 13.22 13.15 13.05 12.97 12.87 12.78 12.67 12.56 12.44 12.32 12.18 12.05 11.93 11.79 11.66 11.52 11.38 11.25 11.10 10.96 10.80 10.64 10.47 10.30 10.12 9.95 9.78 9.60 9.42 9.22 9.02 8.81 8.61 8.43 8.28 8.14 7.99 7.87 7.74 7.63 7.53 7.42 7.32 7.23 7.13 7.04 6.95 6.87 6.79 6.71 6.64 6.57 6.50 6.43 6.37 6.31 6.26 6.20 6.16 6.13 6.17 6.26 6.35 6.44 6.52 6.60 6.59 6.61 6.67 6.65 6.77 6.62 6.74 7.00
14.03 13.94 13.77 13.54 13.55 13.52 13.41 13.30 13.21 13.11 13.01 12.91 12.80 12.69 12.58 12.47 12.34 12.21 12.09 11.95 11.82 11.68 11.56 11.42 11.27 11.13 10.98 10.84 10.67 10.51 10.34 10.17 10.01 9.85 9.68 9.50 9.31 9.11 8.90 8.69 8.49 8.31 8.17 8.03 7.90 7.77 7.66 7.54 7.44 7.34 7.24 7.14 7.06 6.98 6.89 6.80 6.73 6.65 6.58 6.51 6.45 6.38 6.32 6.28 6.23 6.19 6.20 6.27 6.35 6.43 6.51 6.59 6.68 6.75 6.80 6.78 6.71 6.82 6.77 6.79 6.94
14.20 14.04 13.94 13.82 13.72 13.59 13.48 13.37 13.26 13.15 13.04 12.94 12.83 12.71 12.60 12.48 12.36 12.24 12.10 11.98 11.84 11.71 11.58 11.44 11.31 11.16 11.01 10.86 10.70 10.54 10.38 10.23 10.08 9.92 9.75 9.57 9.38 9.19 8.99 8.80 8.59 8.38 8.20 8.06 7.92 7.80 7.68 7.56 7.46 7.36 7.26 7.17 7.07 6.99 6.90 6.82 6.75 6.67 6.60 6.53 6.46 6.41 6.35 6.29 6.25 6.25 6.31 6.38 6.45 6.53 6.60 6.68 6.74 6.81 6.88 6.93 6.84 6.93 6.92 6.85 6.76
14.28 14.15 14.03 13.92 13.79 13.66 13.54 13.43 13.31 13.19 13.08 12.97 12.86 12.74 12.62 12.51 12.38 12.26 12.13 12.00 11.87 11.73 11.61 11.47 11.33 11.19 11.04 10.89 10.74 10.57 10.43 10.29 10.14 9.99 9.82 9.65 9.48 9.29 9.10 8.90 8.70 8.50 8.30 8.11 7.96 7.82 7.70 7.59 7.48 7.38 7.27 7.18 7.09 7.01 6.92 6.83 6.76 6.68 6.61 6.55 6.48 6.42 6.37 6.33 6.33 6.37 6.43 6.50 6.56 6.63 6.69 6.75 6.82 6.88 6.93 6.98 7.03 7.07 7.06 6.98 6.89
14.37 14.24 14.10 13.98 13.85 13.72 13.60 13.47 13.34 13.23 13.11 13.00 12.87 12.76 12.64 12.53 12.40 12.28 12.15 12.02 11.89 11.76 11.62 11.49 11.36 11.21 11.07 10.92 10.77 10.63 10.49 10.36 10.22 10.07 9.90 9.73 9.56 9.38 9.20 9.01 8.82 8.62 8.42 8.23 8.04 7.87 7.74 7.61 7.50 7.40 7.30 7.20 7.11 7.02 6.93 6.86 6.78 6.70 6.63 6.57 6.50 6.45 6.41 6.42 6.45 6.51 6.56 6.61 6.67 6.72 6.79 6.84 6.90 6.95 6.99 7.05 7.09 7.12 7.17 7.11 6.96
14.44 14.29 14.17 14.04 13.91 13.78 13.64 13.51 13.39 13.27 13.15 13.03 12.90 12.78 12.66 12.54 12.42 12.30 12.17 12.04 11.92 11.78 11.65 11.52 11.37 11.24 11.10 10.95 10.82 10.69 10.56 10.42 10.28 10.14 9.98 9.82 9.66 9.48 9.30 9.12 8.93 8.74 8.56 8.37 8.18 8.00 7.83 7.67 7.54 7.42 7.32 7.22 7.13 7.04 6.95 6.87 6.79 6.72 6.65 6.60 6.55 6.54 6.54 6.57 6.61 6.64 6.68 6.73 6.77 6.83 6.88 6.93 6.97 7.02 7.06 7.10 7.15 7.18 7.21 7.23 7.18
14.50 14.38 14.24 14.11 13.97 13.83 13.70 13.57 13.44 13.31 13.19 13.05 12.94 12.81 12.69 12.57 12.44 12.32 12.19 12.06 11.93 11.81 11.67 11.53 11.40 11.26 11.12 10.99 10.88 10.76 10.62 10.49 10.35 10.21 10.06 9.91 9.74 9.58 9.40 9.23 9.04 8.86 8.69 8.50 8.32 8.15 7.98 7.81 7.67 7.52 7.40 7.27 7.17 7.08 6.99 6.91 6.84 6.78 6.75 6.72 6.70 6.69 6.71 6.73 6.75 6.77 6.81 6.85 6.89 6.93 6.97 7.01 7.05 7.09 7.12 7.17 7.20 7.22 7.26 7.28 7.30
14.57 14.44 14.30 14.17 14.02 13.88 13.76 13.62 13.48 13.35 13.21 13.09 12.96 12.84 12.72 12.59 12.46 12.34 12.21 12.08 11.95 11.82 11.69 11.56 11.42 11.29 11.17 11.05 10.94 10.81 10.69 10.56 10.42 10.28 10.14 9.99 9.83 9.67 9.50 9.33 9.16 8.99 8.81 8.64 8.47 8.30 8.14 7.98 7.83 7.68 7.56 7.43 7.33 7.23 7.14 7.07 7.00 6.95 6.91 6.88 6.87 6.86 6.87 6.87 6.89 6.90 6.94 6.97 6.99 7.02 7.07 7.10 7.13 7.16 7.19 7.22 7.24 7.28 7.30 7.31 7.34
14.64 14.50 14.37 14.23 14.09 13.95 13.81 13.67 13.53 13.39 13.26 13.13 13.00 12.86 12.74 12.61 12.49 12.36 12.23 12.10 11.97 11.84 11.71 11.58 11.46 11.34 11.23 11.11 10.99 10.87 10.75 10.62 10.49 10.35 10.21 10.06 9.91 9.75 9.59 9.43 9.27 9.10 8.94 8.77 8.61 8.45 8.29 8.14 7.99 7.85 7.73 7.61 7.51 7.40 7.31 7.25 7.18 7.12 7.09 7.05 7.03 7.01 7.01 7.01 7.02 7.03 7.06 7.07 7.10 7.13 7.15 7.18 7.20 7.23 7.25 7.27 7.30 7.32 7.34 7.36 7.37
14.70 14.56 14.43 14.29 14.14 14.01 13.87 13.71 13.57 13.43 13.30 13.16 13.03 12.90 12.77 12.64 12.50 12.38 12.25 12.13 12.00 11.87 11.74 11.62 11.51 11.40 11.29 11.17 11.06 10.94 10.82 10.69 10.56 10.42 10.28 10.14 9.99 9.84 9.68 9.53 9.37 9.21 9.05 8.89 8.73 8.58 8.43 8.29 8.15 8.01 7.90 7.78 7.68 7.58 7.49 7.42 7.35 7.29 7.25 7.21 7.18 7.17 7.16 7.15 7.15 7.16 7.17 7.18 7.19 7.22 7.23 7.25 7.28 7.29 7.31 7.34 7.35 7.37 7.38 7.40 7.42
14.75 14.62 14.49 14.35 14.20 14.06 13.91 13.77 13.62 13.48 13.34 13.20 13.06 12.93 12.79 12.66 12.53 12.41 12.27 12.14 12.02 11.90 11.79 11.67 11.56 11.45 11.34 11.23 11.11 10.99 10.87 10.74 10.61 10.48 10.34 10.21 10.07 9.92 9.77 9.62 9.46 9.31 9.16 9.01 8.85 8.71 8.56 8.42 8.29 8.16 8.05 7.93 7.83 7.74 7.65 7.58 7.51 7.45 7.39 7.36 7.33 7.30 7.29 7.27 7.27 7.27 7.27 7.28 7.29 7.30 7.31 7.33 7.34 7.35 7.37 7.38 7.39 7.41 7.42 7.44 7.45
14.81 14.68 14.55 14.41 14.27 14.12 13.97 13.83 13.68 13.53 13.38 13.24 13.10 12.96 12.83 12.69 12.57 12.43 12.31 12.18 12.07 11.96 11.84 11.73 11.62 11.52 11.40 11.29 11.17 11.05 10.93 10.81 10.68 10.55 10.41 10.27 10.13 9.99 9.85 9.70 9.55 9.40 9.26 9.11 8.96 8.83 8.69 8.55 8.43 8.30 8.18 8.08 7.97 7.88 7.80 7.72 7.65 7.59 7.54 7.50 7.46 7.43 7.41 7.39 7.38 7.38 7.37 7.37 7.38 7.38 7.38 7.40 7.40 7.42 7.43 7.43 7.45 7.45 7.47 7.47 7.49
14.86 14.74 14.61 14.47 14.33 14.18 14.03 13.87 13.72 13.58 13.42 13.28 13.14 13.00 12.86 12.72 12.60 12.48 12.36 12.24 12.12 12.01 11.90 11.79 11.68 11.57 11.45 11.34 11.22 11.10 10.98 10.85 10.73 10.61 10.47 10.34 10.20 10.06 9.92 9.78 9.64 9.49 9.35 9.21 9.07 8.93 8.80 8.67 8.55 8.43 8.31 8.21 8.11 8.01 7.93 7.85 7.78 7.72 7.67 7.63 7.58 7.55 7.53 7.50 7.48 7.47 7.46 7.45 7.46 7.45 7.46 7.46 7.46 7.47 7.48 7.49 7.49 7.49 7.50 7.51 7.52
14.91 14.79 14.66 14.52 14.38 14.23 14.08 13.93 13.78 13.62 13.47 13.32 13.19 13.04 12.91 12.78 12.65 12.52 12.41 12.30 12.18 12.07 11.95 11.84 11.72 11.62 11.50 11.38 11.27 11.15 11.03 10.91 10.78 10.65 10.52 10.39 10.26 10.12 9.98 9.84 9.70 9.57 9.43 9.29 9.16 9.03 8.90 8.78 8.65 8.54 8.43 8.32 8.23 8.13 8.06 7.97 7.90 7.84 7.78 7.74 7.69 7.65 7.63 7.60 7.57 7.56 7.55 7.53 7.53 7.52 7.53 7.52 7.53 7.53 7.52 7.53 7.53 7.54 7.54 7.55 7.55
14.97 14.84 14.72 14.58 14.44 14.29 14.14 13.97 13.82 13.67 13.51 13.37 13.22 13.08 12.95 12.82 12.70 12.58 12.46 12.34 12.23 12.11 12.00 11.89 11.77 11.66 11.55 11.43 11.31 11.20 11.08 10.95 10.83 10.70 10.58 10.44 10.31 10.17 10.04 9.91 9.77 9.64 9.51 9.37 9.24 9.12 8.99 8.87 8.75 8.64 8.54 8.43 8.34 8.24 8.16 8.09 8.01 7.94 7.89 7.84 7.80 7.75 7.72 7.69 7.66 7.65 7.62 7.62 7.60 7.59 7.59 7.58 7.58 7.57 7.58 7.57 7.58 7.58 7.58 7.58 7.59
15.01 14.89 14.77 14.64 14.49 14.32 14.16 14.00 13.85 13.69 13.55 13.40 13.26 13.12 13.00 12.87 12.75 12.62 12.50 12.39 12.28 12.16 12.04 11.93 11.82 11.71 11.59 11.47 11.36 11.24 11.12 10.99 10.87 10.75 10.62 10.49 10.36 10.23 10.10 9.96 9.84 9.70 9.57 9.45 9.32 9.19 9.07 8.95 8.83 8.73 8.62 8.53 8.43 8.34 8.26 8.17 8.11 8.04 7.99 7.93 7.89 7.84 7.80 7.77 7.74 7.72 7.69 7.68 7.66 7.65 7.64 7.63 7.63 7.62 7.62 7.61 7.61 7.61 7.61 7.61 7.62
15.05 14.94 14.80 14.65 14.49 14.33 14.17 14.01 13.86 13.71 13.57 13.42 13.29 13.16 13.03 12.91 12.78 12.67 12.55 12.43 12.31 12.20 12.08 11.98 11.86 11.74 11.63 11.51 11.39 11.28 11.15 11.03 10.91 10.78 10.65 10.53 10.40 10.27 10.14 10.02 9.89 9.75 9.63 9.50 9.38 9.26 9.14 9.03 8.91 8.81 8.70 8.60 8.51 8.42 8.34 8.26 8.19 8.13 8.06 8.01 7.96 7.92 7.87 7.84 7.81 7.78 7.76 7.73 7.72 7.70 7.69 7.68 7.67 7.66 7.66 7.65 7.65 7.65 7.65 7.65 7.64
15.09 14.95 14.80 14.63 14.47 14.32 14.17 14.02 13.87 13.73 13.58 13.45 13.32 13.19 13.06 12.95 12.81 12.70 12.58 12.47 12.36 12.23 12.12 12.00 11.89 11.77 11.66 11.54 11.43 11.31 11.18 11.06 10.94 10.82 10.70 10.57 10.44 10.31 10.19 10.06 9.93 9.81 9.68 9.56 9.44 9.32 9.20 9.09 8.98 8.87 8.77 8.68 8.58 8.50 8.41 8.34 8.26 8.20 8.14 8.09 8.03 7.98 7.94 7.90 7.87 7.84 7.81 7.79 7.77 7.75 7.74 7.72 7.71 7.70 7.70 7.68 7.68 7.68 7.68 7.68 7.68
15.06 14.91 14.76 14.61 14.46 14.31 14.16 14.01 13.88 13.73 13.60 13.47 13.34 13.22 13.09 12.97 12.85 12.73 12.62 12.50 12.38 12.27 12.16 12.04 11.93 11.81 11.70 11.58 11.46 11.34 11.21 11.10 10.97 10.85 10.73 10.60 10.47 10.35 10.22 10.10 9.97 9.85 9.73 9.61 9.49 9.37 9.25 9.15 9.04 8.94 8.83 8.74 8.65 8.56 8.48 8.40 8.33 8.26 8.20 8.14 8.09 8.04 8.00 7.96 7.93 7.89 7.87 7.84 7.82 7.79 7.78 7.76 7.75 7.74 7.73 7.73 7.72 7.72 7.72 7.71 7.71
15.00 14.87 14.71 14.57 14.43 14.29 14.15 14.02 13.87 13.75 13.61 13.48 13.36 13.23 13.11 12.99 12.87 12.76 12.64 12.53 12.42 12.30 12.18 12.07 11.95 11.84 11.72 11.60 11.48 11.37 11.24 11.13 11.00 10.87 10.75 10.63 10.51 10.38 10.25 10.13 10.01 9.89 9.77 9.64 9.53 9.41 9.31 9.19 9.09 8.99 8.89 8.79 8.70 8.62 8.53 8.46 8.38 8.32 8.25 8.20 8.14 8.10 8.05 8.01 7.97 7.94 7.90 7.88 7.86 7.84 7.82 7.80 7.79 7.77 7.77 7.76 7.75 7.75 7.74 7.73 7.74
14.95 14.81 14.68 14.54 14.41 14.26 14.13 14.00 13.87 13.74 13.61 13.50 13.37 13.25 13.14 13.02 12.90 12.79 12.67 12.55 12.44 12.33 12.21 12.09 11.98 11.87 11.75 11.63 11.51 11.39 11.27 11.15 11.02 10.91 10.78 10.65 10.53 10.41 10.29 10.16 10.03 9.92 9.80 9.68 9.56 9.46 9.34 9.24 9.13 9.04 8.93 8.84 8.75 8.66 8.58 8.50 8.44 8.36 8.31 8.24 8.19 8.15 8.10 8.06 8.01 7.98 7.95 7.92 7.89 7.87 7.86 7.84 7.82 7.81 7.80 7.79 7.78 7.77 7.77 7.76 7.76
14.88 14.75 14.63 14.50 14.37 14.25 14.12 13.99 13.87 13.74 13.62 13.50 13.38 13.27 13.15 13.03 12.92 12.81 12.69 12.58 12.47 12.35 12.23 12.12 12.01 11.88 11.77 11.66 11.53 11.41 11.29 11.16 11.05 10.92 10.80 10.67 10.56 10.43 10.31 10.18 10.07 9.95 9.83 9.71 9.60 9.49 9.38 9.27 9.16 9.07 8.97 8.88 8.80 8.71 8.62 8.55 8.47 8.41 8.35 8.29 8.24 8.18 8.14 8.09 8.06 8.02 7.99 7.96 7.93 7.91 7.88 7.87 7.86 7.84 7.83 7.82 7.81 7.80 7.80 7.79 7.79
14.83 14.71 14.59 14.47 14.34 14.22 14.10 13.97 13.86 13.74 13.62 13.51 13.39 13.28 13.16 13.05 12.94 12.82 12.71 12.59 12.48 12.37 12.26 12.14 12.02 11.91 11.79 11.67 11.55 11.43 11.31 11.18 11.07 10.94 10.82 10.69 10.57 10.45 10.33 10.21 10.09 9.97 9.86 9.74 9.63 9.51 9.41 9.30 9.20 9.10 9.01 8.91 8.83 8.74 8.66 8.59 8.52 8.45 8.38 8.33 8.27 8.22 8.17 8.13 8.10 8.05 8.03 7.99 7.97 7.95 7.92 7.90 7.89 7.87 7.86 7.85 7.84 7.83 7.83 7.83 7.82
14.76 14.65 14.54 14.43 14.31 14.20 14.08 13.97 13.85 13.74 13.62 13.51 13.40 13.28 13.18 13.07 12.95 12.84 12.73 12.62 12.50 12.39 12.27 12.16 12.04 11.93 11.80 11.69 11.57 11.45 11.33 11.20 11.08 10.96 10.84 10.71 10.59 10.47 10.35 10.22 10.11 9.99 9.88 9.77 9.65 9.55 9.43 9.33 9.23 9.13 9.03 8.95 8.86 8.78 8.69 8.62 8.55 8.48 8.42 8.36 8.31 8.25 8.21 8.17 8.12 8.09 8.05 8.02 8.00 7.97 7.95 7.94 7.91 7.90 7.89 7.88 7.87 7.86 7.86 7.85 7.84
14.71 14.61 14.49 14.39 14.28 14.17 14.07 13.95 13.84 13.73 13.63 13.51 13.40 13.30 13.19 13.07 12.96 12.85 12.74 12.63 12.52 12.40 12.29 12.18 12.05 11.94 11.82 11.71 11.58 11.46 11.34 11.22 11.10 10.97 10.85 10.73 10.61 10.48 10.37 10.24 10.13 10.01 9.89 9.79 9.67 9.56 9.45 9.35 9.25 9.16 9.07 8.97 8.89 8.80 8.73 8.65 8.58 8.51 8.45 8.39 8.33 8.29 8.24 8.19 8.16 8.11 8.08 8.06 8.02 8.00 7.98 7.96 7.94 7.93 7.92 7.90 7.89 7.89 7.89 7.88 7.88
14.66 14.56 14.46 14.36 14.26 14.15 14.05 13.93 13.83 13.72 13.62 13.51 13.41 13.30 13.19 13.09 12.98 12.87 12.76 12.65 12.53 12.42 12.30 12.19 12.07 11.96 11.84 11.71 11.60 11.48 11.35 11.23 11.11 10.99 10.87 10.74 10.62 10.50 10.38 10.27 10.14 10.03 9.91 9.80 9.69 9.58 9.48 9.37 9.28 9.18 9.09 8.99 8.91 8.83 8.75 8.68 8.60 8.54 8.48 8.42 8.36 8.31 8.26 8.22 8.18 8.14 8.11 8.08 8.05 8.03 8.01 7.99 7.97 7.96 7.94 7.93 7.92 7.92 7.91 7.91 7.90
14.62 14.51 14.42 14.33 14.23 14.12 14.03 13.93 13.82 13.72 13.62 13.52 13.41 13.30 13.20 13.09 12.99 12.88 12.77 12.65 12.54 12.43 12.32 12.20 12.09 11.96 11.85 11.73 11.61 11.48 11.37 11.25 11.12 11.00 10.88 10.75 10.64 10.51 10.39 10.28 10.16 10.04 9.92 9.82 9.70 9.60 9.50 9.39 9.29 9.19 9.10 9.02 8.93 8.85 8.77 8.70 8.63 8.56 8.50 8.45 8.39 8.34 8.29 8.24 8.21 8.18 8.14 8.11 8.08 8.05 8.03 8.02 8.00 7.99 7.97 7.96 7.95 7.95 7.94 7.93 7.93
14.57 14.48 14.40 14.30 14.20 14.11 14.01 13.92 13.82 13.72 13.62 13.52 13.41 13.31 13.21 13.10 12.99 12.88 12.78 12.66 12.55 12.45 12.32 12.21 12.09 11.98 11.86 11.74 11.62 11.50 11.38 11.25 11.13 11.01 10.88 10.77 10.65 10.52 10.41 10.29 10.17 10.06 9.94 9.83 9.72 9.61 9.51 9.40 9.31 9.22 9.12 9.04 8.94 8.87 8.79 8.71 8.65 8.59 8.52 8.46 8.41 8.36 8.31 8.27 8.24 8.19 8.16 8.14 8.10 8.08 8.06 8.05 8.02 8.01 8.00 7.99 7.98 7.98 7.96 7.96 7.95
14.53 14.45 14.36 14.28 14.19 14.09 14.00 13.90 13.81 13.71 13.62 13.51 13.42 13.31 13.21 13.10 13.00 12.90 12.79 12.68 12.56 12.45 12.34 12.22 12.11 11.98 11.87 11.75 11.63 11.51 11.38 11.26 11.14 11.03 10.90 10.78 10.65 10.53 10.42 10.29 10.18 10.07 9.95 9.84 9.74 9.62 9.52 9.43 9.32 9.23 9.13 9.05 8.97 8.88 8.81 8.74 8.67 8.60 8.55 8.48 8.43 8.39 8.34 8.29 8.26 8.22 8.18 8.16 8.13 8.11 8.09 8.07 8.05 8.04 8.03 8.02 8.01 7.99 7.99 7.99 7.98
14.50 14.43 14.34 14.25 14.17 14.08 13.99 13.90 13.80 13.71 13.61 13.52 13.42 13.32 13.21 13.12 13.01 12.90 12.79 12.68 12.57 12.46 12.34 12.23 12.11 12.00 11.88 11.76 11.63 11.51 11.39 11.28 11.16 11.03 10.91 10.79 10.66 10.54 10.43 10.30 10.19 10.08 9.96 9.85 9.75 9.64 9.54 9.44 9.34 9.25 9.16 9.06 8.98 8.91 8.83 8.76 8.69 8.62 8.56 8.51 8.45 8.40 8.36 8.32 8.28 8.24 8.21 8.19 8.15 8.13 8.11 8.09 8.08 8.07 8.05 8.04 8.03 8.02 8.02 8.01 8.01
14.47 14.40 14.32 14.23 14.15 14.07 13.98 13.89 13.80 13.71 13.61 13.52 13.42 13.32 13.22 13.12 13.01 12.90 12.80 12.69 12.58 12.47 12.36 12.24 12.13 12.01 11.88 11.76 11.65 11.53 11.41 11.28 11.16 11.04 10.92 10.79 10.67 10.55 10.44 10.31 10.20 10.09 9.97 9.86 9.76 9.65 9.55 9.45 9.35 9.26 9.17 9.08 9.00 8.92 8.85 8.77 8.71 8.65 8.58 8.53 8.48 8.43 8.38 8.34 8.30 8.27 8.23 8.20 8.18 8.16 8.14 8.11 8.10 8.09 8.08 8.07 8.06 8.05 8.05 8.04 8.04
14.46 14.38 14.30 14.23 14.14 14.06 13.98 13.89 13.80 13.71 13.62 13.52 13.42 13.33 13.22 13.12 13.02 12.92 12.81 12.70 12.59 12.47 12.36 12.25 12.13 12.01 11.89 11.78 11.66 11.53 11.41 11.29 11.17 11.05 10.92 10.80 10.68 10.56 10.44 10.32 10.21 10.09 9.98 9.87 9.76 9.66 9.56 9.46 9.36 9.27 9.18 9.10 9.01 8.94 8.86 8.79 8.72 8.66 8.61 8.54 8.49 8.45 8.41 8.36 8.32 8.29 8.26 8.23 8.20 8.18 8.16 8.14 8.13 8.12 8.11 8.10 8.09 8.08 8.08 8.07 8.07
14.44 14.37 14.29 14.21 14.14 14.05 13.97 13.88 13.80 13.71 13.62 13.52 13.43 13.33 13.23 13.13 13.03 12.92 12.81 12.70 12.59 12.49 12.37 12.26 12.13 12.01 11.90 11.78 11.66 11.54 11.42 11.30 11.18 11.05 10.93 10.81 10.69 10.56 10.45 10.33 10.21 10.10 9.99 9.88 9.77 9.67 9.57 9.47 9.37 9.28 9.20 9.11 9.02 8.95 8.88 8.81 8.74 8.68 8.62 8.57 8.51 8.46 8.42 8.38 8.35 8.31 8.28 8.25 8.23 8.21 8.19 8.16 8.15 8.14 8.13 8.12 8.11 8.10 8.10 8.09 8.09
