main/data/pressure/09.07.2023.grid
ncols 886
nrows 691
xllcenter 112.0000
yllcenter -44.5000
cellsize 0.0500
nodata_value 99999.90
[rows 360 to 395 of 691, columns 246 to 327 of 886]
10.36 10.35 10.34 10.34 10.33 10.29 10.27 10.24 10.20 10.13 10.08 10.03 10.03 10.04 10.06 9.95 9.88 9.85 9.84 9.84 9.81 9.84 9.85 9.82 9.69 9.60 9.51 9.46 9.43 9.40 9.37 9.33 9.30 9.24 9.16 9.19 9.22 9.13 9.06 9.01 8.95 8.91 8.89 8.91 8.90 8.84 8.80 8.82 8.85 8.90 8.91 8.86 8.82 8.80 8.79 8.72 8.63 8.55 8.54 8.56 8.55 8.52 8.52 8.54 8.56 8.56 8.58 8.67 8.78 8.83 8.76 8.69 8.63 8.55 8.46 8.48 8.49 8.51 8.54 8.59 8.64 8.72
10.29 10.29 10.30 10.28 10.26 10.23 10.24 10.24 10.20 10.16 10.09 10.02 10.05 10.07 10.05 9.95 9.89 9.87 9.85 9.82 9.77 9.77 9.79 9.83 9.76 9.67 9.56 9.50 9.48 9.45 9.42 9.36 9.30 9.26 9.23 9.22 9.23 9.14 9.09 9.04 8.98 8.93 8.92 8.93 8.90 8.86 8.83 8.82 8.81 8.89 8.92 8.93 8.92 8.88 8.84 8.76 8.70 8.62 8.59 8.56 8.59 8.60 8.61 8.63 8.63 8.60 8.57 8.69 8.82 8.85 8.78 8.69 8.64 8.55 8.54 8.55 8.58 8.63 8.66 8.66 8.67 8.77
10.23 10.25 10.24 10.15 10.20 10.16 10.20 10.21 10.20 10.17 10.14 10.10 10.10 10.07 10.03 9.97 9.93 9.90 9.86 9.80 9.75 9.72 9.73 9.80 9.78 9.65 9.57 9.59 9.56 9.51 9.47 9.43 9.35 9.27 9.25 9.25 9.26 9.20 9.12 9.07 9.01 8.97 8.95 8.94 8.92 8.90 8.88 8.88 8.90 8.93 8.91 8.92 8.94 8.95 8.90 8.85 8.81 8.76 8.71 8.69 8.68 8.65 8.67 8.71 8.72 8.68 8.67 8.73 8.80 8.83 8.81 8.78 8.73 8.66 8.63 8.65 8.68 8.72 8.74 8.74 8.76 8.85
10.15 10.17 10.15 10.15 10.14 10.14 10.15 10.17 10.16 10.16 10.15 10.13 10.08 10.02 9.99 9.98 9.95 9.91 9.84 9.79 9.71 9.67 9.66 9.73 9.80 9.70 9.64 9.70 9.63 9.57 9.53 9.52 9.41 9.30 9.29 9.31 9.29 9.22 9.15 9.10 9.04 9.00 8.98 8.97 8.95 8.95 8.95 8.95 8.95 8.93 8.86 8.89 8.93 8.97 8.98 8.94 8.90 8.88 8.84 8.82 8.79 8.72 8.74 8.80 8.76 8.74 8.76 8.77 8.80 8.83 8.88 8.90 8.85 8.81 8.73 8.75 8.77 8.79 8.84 8.83 8.81 8.92
10.07 10.10 10.10 10.08 10.06 10.09 10.09 10.07 10.08 10.09 10.07 10.02 9.96 9.93 9.95 9.96 9.95 9.92 9.88 9.81 9.72 9.66 9.67 9.73 9.80 9.77 9.73 9.69 9.64 9.59 9.57 9.55 9.46 9.39 9.39 9.37 9.30 9.23 9.18 9.12 9.08 9.05 9.03 9.03 9.02 9.01 9.01 8.98 8.96 8.93 8.89 8.90 8.93 8.98 9.01 8.99 8.95 8.92 8.90 8.90 8.89 8.87 8.88 8.83 8.75 8.74 8.77 8.81 8.87 8.92 8.95 8.97 8.95 8.93 8.86 8.82 8.82 8.84 8.89 8.95 8.96 9.01
10.00 10.04 10.03 9.99 9.96 9.97 9.96 9.99 10.04 10.04 10.01 9.92 9.88 9.89 9.93 9.94 9.92 9.92 9.91 9.87 9.83 9.75 9.73 9.77 9.82 9.78 9.73 9.65 9.61 9.59 9.56 9.54 9.57 9.49 9.45 9.35 9.28 9.22 9.18 9.15 9.12 9.10 9.09 9.08 9.06 9.02 8.99 8.98 8.97 8.94 8.91 8.91 8.91 8.98 8.99 8.95 8.98 8.93 8.93 8.96 8.98 8.96 8.90 8.85 8.78 8.77 8.77 8.83 8.94 9.00 9.01 9.03 9.03 8.99 8.95 8.87 8.86 8.87 8.93 9.01 9.07 9.07
9.98 9.99 9.97 9.93 9.91 9.91 9.92 9.97 10.01 9.93 9.93 9.94 9.88 9.89 9.92 9.90 9.86 9.86 9.87 9.86 9.81 9.81 9.84 9.85 9.78 9.73 9.69 9.64 9.61 9.59 9.56 9.56 9.54 9.50 9.49 9.31 9.29 9.24 9.19 9.16 9.15 9.14 9.12 9.08 9.06 9.04 9.02 9.00 9.00 8.95 8.95 8.96 8.96 9.01 8.97 8.99 8.97 8.93 8.93 8.97 9.04 9.03 8.96 8.91 8.85 8.82 8.82 8.86 8.91 8.95 9.02 9.07 9.09 9.08 9.01 8.95 8.94 8.98 9.04 9.09 9.13 9.13
9.96 9.93 9.90 9.89 9.87 9.87 9.89 9.95 9.97 9.89 9.92 9.92 9.84 9.87 9.86 9.82 9.80 9.80 9.85 9.84 9.76 9.83 9.87 9.76 9.70 9.66 9.65 9.63 9.61 9.59 9.60 9.58 9.61 9.57 9.51 9.38 9.31 9.26 9.21 9.19 9.13 9.16 9.14 9.12 9.09 9.07 9.06 9.04 9.05 9.03 9.04 8.99 9.02 9.04 8.97 9.00 8.98 8.95 8.97 9.04 9.09 9.11 9.05 8.99 8.91 8.88 8.87 8.90 8.89 8.90 9.02 9.12 9.14 9.16 9.08 9.03 9.02 9.09 9.14 9.16 9.16 9.20
9.89 9.89 9.86 9.85 9.85 9.84 9.85 9.90 9.93 9.90 9.88 9.87 9.83 9.82 9.78 9.77 9.78 9.81 9.84 9.82 9.77 9.79 9.81 9.80 9.70 9.65 9.64 9.61 9.59 9.55 9.55 9.56 9.60 9.59 9.50 9.42 9.36 9.30 9.27 9.22 9.18 9.18 9.17 9.14 9.12 9.11 9.10 9.10 9.11 9.09 9.06 9.04 9.03 9.04 9.02 9.02 9.01 8.99 9.01 9.06 9.11 9.15 9.14 9.08 9.02 8.99 8.98 8.96 8.86 8.95 9.03 9.10 9.15 9.20 9.20 9.17 9.13 9.12 9.15 9.21 9.25 9.27
9.84 9.84 9.83 9.83 9.82 9.80 9.79 9.84 9.88 9.88 9.85 9.81 9.80 9.79 9.77 9.76 9.76 9.79 9.83 9.82 9.74 9.74 9.70 9.78 9.75 9.65 9.65 9.62 9.58 9.55 9.54 9.53 9.55 9.59 9.49 9.44 9.37 9.35 9.29 9.24 9.22 9.22 9.20 9.18 9.16 9.15 9.14 9.14 9.14 9.12 9.08 9.07 9.06 9.04 9.04 9.04 9.04 9.02 9.05 9.07 9.12 9.19 9.20 9.16 9.13 9.09 9.08 9.04 9.02 9.05 9.07 9.10 9.16 9.19 9.26 9.27 9.19 9.14 9.12 9.22 9.32 9.33
9.82 9.81 9.79 9.78 9.79 9.78 9.78 9.80 9.82 9.83 9.80 9.78 9.77 9.77 9.76 9.75 9.75 9.76 9.78 9.81 9.80 9.77 9.74 9.79 9.77 9.69 9.68 9.68 9.65 9.59 9.55 9.56 9.62 9.64 9.56 9.49 9.44 9.39 9.32 9.28 9.26 9.25 9.24 9.22 9.20 9.20 9.19 9.18 9.18 9.16 9.14 9.13 9.10 9.09 9.10 9.11 9.10 9.08 9.10 9.13 9.18 9.23 9.25 9.24 9.20 9.19 9.17 9.15 9.13 9.13 9.14 9.17 9.21 9.26 9.32 9.32 9.26 9.20 9.14 9.22 9.31 9.35
9.82 9.80 9.77 9.78 9.77 9.77 9.77 9.77 9.77 9.77 9.77 9.75 9.76 9.76 9.75 9.75 9.76 9.73 9.70 9.74 9.75 9.79 9.77 9.81 9.79 9.73 9.75 9.77 9.74 9.70 9.61 9.61 9.66 9.65 9.59 9.52 9.47 9.41 9.35 9.32 9.30 9.29 9.28 9.27 9.25 9.24 9.24 9.22 9.21 9.20 9.21 9.19 9.16 9.14 9.17 9.20 9.19 9.14 9.17 9.20 9.24 9.26 9.31 9.29 9.28 9.27 9.28 9.25 9.22 9.22 9.23 9.24 9.28 9.34 9.38 9.40 9.38 9.32 9.28 9.31 9.39 9.38
9.86 9.85 9.82 9.80 9.78 9.77 9.76 9.75 9.75 9.74 9.74 9.74 9.74 9.74 9.75 9.77 9.78 9.78 9.76 9.76 9.78 9.79 9.79 9.81 9.79 9.77 9.80 9.81 9.80 9.78 9.77 9.73 9.70 9.61 9.45 9.48 9.45 9.41 9.36 9.35 9.35 9.32 9.34 9.30 9.28 9.28 9.28 9.26 9.25 9.24 9.24 9.24 9.23 9.23 9.24 9.28 9.30 9.27 9.27 9.28 9.30 9.31 9.34 9.35 9.35 9.34 9.36 9.35 9.33 9.32 9.31 9.32 9.35 9.40 9.43 9.44 9.42 9.41 9.40 9.43 9.46 9.48
9.89 9.89 9.86 9.83 9.79 9.77 9.74 9.72 9.72 9.73 9.74 9.74 9.73 9.73 9.76 9.80 9.81 9.83 9.82 9.81 9.81 9.80 9.79 9.80 9.79 9.78 9.81 9.80 9.80 9.79 9.78 9.74 9.69 9.60 9.51 9.49 9.47 9.44 9.39 9.39 9.41 9.33 9.39 9.34 9.30 9.32 9.31 9.29 9.28 9.27 9.26 9.28 9.29 9.30 9.30 9.30 9.31 9.35 9.36 9.35 9.35 9.36 9.39 9.39 9.40 9.42 9.43 9.43 9.43 9.42 9.39 9.38 9.40 9.44 9.49 9.49 9.47 9.49 9.50 9.52 9.55 9.56
9.83 9.86 9.85 9.84 9.81 9.77 9.73 9.71 9.72 9.72 9.73 9.72 9.74 9.77 9.80 9.82 9.83 9.84 9.84 9.83 9.84 9.81 9.80 9.79 9.80 9.79 9.78 9.77 9.79 9.79 9.78 9.76 9.71 9.66 9.61 9.57 9.55 9.52 9.49 9.48 9.48 9.46 9.45 9.44 9.39 9.38 9.36 9.32 9.30 9.30 9.30 9.30 9.30 9.31 9.32 9.33 9.33 9.32 9.40 9.42 9.41 9.41 9.42 9.43 9.45 9.47 9.50 9.48 9.47 9.47 9.46 9.45 9.47 9.48 9.52 9.55 9.55 9.56 9.57 9.59 9.61 9.60
9.73 9.78 9.82 9.82 9.82 9.78 9.75 9.73 9.72 9.71 9.70 9.71 9.75 9.81 9.84 9.84 9.84 9.84 9.83 9.84 9.84 9.84 9.84 9.78 9.77 9.75 9.75 9.74 9.77 9.81 9.80 9.78 9.76 9.73 9.69 9.65 9.63 9.62 9.58 9.56 9.55 9.58 9.52 9.55 9.50 9.46 9.43 9.37 9.35 9.36 9.34 9.34 9.32 9.32 9.36 9.37 9.39 9.43 9.46 9.49 9.45 9.45 9.46 9.46 9.47 9.52 9.55 9.50 9.50 9.50 9.50 9.51 9.52 9.53 9.56 9.59 9.61 9.62 9.64 9.65 9.65 9.63
9.64 9.68 9.73 9.77 9.79 9.78 9.76 9.74 9.72 9.68 9.68 9.70 9.75 9.80 9.83 9.83 9.83 9.83 9.82 9.82 9.79 9.80 9.82 9.84 9.80 9.74 9.77 9.77 9.75 9.75 9.80 9.76 9.74 9.72 9.71 9.67 9.66 9.66 9.66 9.62 9.61 9.61 9.59 9.58 9.56 9.53 9.51 9.50 9.48 9.46 9.45 9.44 9.42 9.43 9.44 9.45 9.46 9.46 9.53 9.55 9.52 9.51 9.50 9.50 9.52 9.57 9.61 9.56 9.54 9.54 9.55 9.57 9.58 9.59 9.61 9.62 9.63 9.64 9.67 9.69 9.69 9.67
9.55 9.60 9.64 9.69 9.74 9.74 9.74 9.72 9.68 9.64 9.66 9.69 9.75 9.80 9.82 9.82 9.81 9.81 9.81 9.79 9.77 9.76 9.76 9.79 9.84 9.75 9.81 9.82 9.75 9.73 9.78 9.70 9.67 9.68 9.68 9.66 9.65 9.66 9.69 9.68 9.67 9.60 9.64 9.61 9.61 9.61 9.62 9.64 9.63 9.59 9.56 9.55 9.54 9.54 9.55 9.57 9.61 9.60 9.61 9.62 9.58 9.57 9.57 9.57 9.58 9.62 9.67 9.65 9.59 9.57 9.60 9.63 9.64 9.65 9.66 9.66 9.67 9.68 9.70 9.74 9.74 9.72
9.53 9.56 9.59 9.65 9.70 9.70 9.69 9.67 9.64 9.63 9.65 9.70 9.75 9.79 9.81 9.81 9.80 9.80 9.78 9.77 9.77 9.75 9.75 9.77 9.81 9.84 9.83 9.84 9.85 9.80 9.82 9.75 9.70 9.71 9.68 9.69 9.69 9.70 9.73 9.73 9.72 9.69 9.69 9.68 9.69 9.70 9.71 9.72 9.72 9.69 9.67 9.67 9.66 9.66 9.66 9.67 9.69 9.70 9.71 9.69 9.67 9.67 9.66 9.63 9.62 9.69 9.73 9.70 9.64 9.60 9.63 9.67 9.68 9.69 9.73 9.74 9.76 9.78 9.79 9.80 9.79 9.76
9.53 9.56 9.59 9.62 9.65 9.66 9.63 9.62 9.60 9.60 9.65 9.72 9.75 9.78 9.79 9.79 9.79 9.79 9.78 9.77 9.76 9.75 9.75 9.76 9.77 9.75 9.76 9.74 9.81 9.84 9.87 9.81 9.78 9.81 9.81 9.77 9.76 9.76 9.77 9.77 9.77 9.76 9.74 9.79 9.78 9.78 9.78 9.79 9.78 9.76 9.76 9.76 9.77 9.77 9.76 9.77 9.76 9.77 9.78 9.77 9.76 9.76 9.74 9.72 9.73 9.78 9.75 9.75 9.69 9.60 9.67 9.71 9.69 9.69 9.76 9.82 9.85 9.84 9.78 9.82 9.84 9.80
9.56 9.58 9.60 9.62 9.64 9.64 9.61 9.60 9.59 9.61 9.65 9.70 9.74 9.78 9.79 9.78 9.78 9.79 9.77 9.77 9.75 9.74 9.74 9.75 9.76 9.77 9.77 9.77 9.81 9.81 9.84 9.88 9.89 9.92 9.88 9.84 9.82 9.82 9.82 9.82 9.81 9.80 9.79 9.80 9.82 9.82 9.83 9.83 9.83 9.83 9.83 9.83 9.83 9.82 9.81 9.82 9.81 9.82 9.84 9.85 9.84 9.82 9.81 9.79 9.79 9.82 9.76 9.78 9.79 9.76 9.76 9.74 9.72 9.70 9.78 9.83 9.88 9.82 9.78 9.79 9.81 9.81
9.58 9.59 9.61 9.63 9.64 9.62 9.59 9.59 9.58 9.60 9.64 9.69 9.73 9.76 9.76 9.75 9.77 9.80 9.79 9.79 9.73 9.75 9.74 9.75 9.76 9.80 9.81 9.83 9.88 9.93 9.93 9.92 9.94 9.94 9.92 9.89 9.88 9.86 9.86 9.85 9.83 9.83 9.84 9.86 9.84 9.85 9.86 9.86 9.87 9.86 9.87 9.87 9.86 9.86 9.87 9.87 9.85 9.84 9.87 9.88 9.88 9.88 9.85 9.86 9.87 9.87 9.83 9.83 9.86 9.86 9.86 9.83 9.83 9.88 9.87 9.93 9.86 9.83 9.79 9.77 9.81 9.82
9.51 9.52 9.55 9.59 9.63 9.63 9.62 9.60 9.58 9.60 9.63 9.68 9.71 9.74 9.76 9.74 9.75 9.78 9.80 9.82 9.82 9.78 9.74 9.74 9.79 9.83 9.84 9.85 9.87 9.95 9.95 9.95 9.95 9.96 9.95 9.92 9.90 9.89 9.89 9.87 9.86 9.85 9.87 9.88 9.88 9.88 9.89 9.88 9.89 9.90 9.89 9.90 9.90 9.90 9.90 9.90 9.90 9.90 9.91 9.93 9.92 9.92 9.92 9.92 9.93 9.91 9.89 9.91 9.91 9.93 9.93 9.92 9.94 9.96 9.93 9.94 9.90 9.88 9.86 9.84 9.84 9.85
9.42 9.44 9.48 9.54 9.58 9.62 9.63 9.63 9.60 9.61 9.64 9.66 9.69 9.72 9.75 9.74 9.75 9.74 9.73 9.73 9.83 9.83 9.75 9.76 9.85 9.91 9.87 9.87 9.91 9.93 9.89 9.93 9.96 9.98 9.98 9.95 9.93 9.92 9.91 9.89 9.88 9.88 9.89 9.90 9.91 9.90 9.91 9.91 9.91 9.92 9.93 9.92 9.92 9.92 9.92 9.92 9.94 9.95 9.97 9.94 9.94 9.97 9.95 9.96 9.97 9.95 9.93 9.95 9.94 9.95 9.99 9.95 10.00 9.94 9.94 9.96 9.97 9.97 9.94 9.91 9.89 9.92
9.40 9.43 9.48 9.52 9.54 9.59 9.62 9.64 9.65 9.67 9.69 9.69 9.71 9.72 9.74 9.73 9.73 9.71 9.69 9.71 9.78 9.85 9.85 9.86 9.90 9.92 9.91 9.91 9.96 9.92 9.89 9.92 9.96 9.99 10.01 9.99 9.97 9.96 9.96 9.94 9.92 9.90 9.91 9.93 9.93 9.93 9.94 9.94 9.93 9.94 9.94 9.96 9.96 9.94 9.94 9.95 9.98 9.99 9.98 9.96 9.96 9.97 9.99 10.01 10.01 9.99 9.98 10.00 10.00 10.01 10.03 10.04 10.03 9.99 9.99 10.01 10.02 10.02 10.02 10.00 10.00 10.02
9.39 9.45 9.49 9.51 9.53 9.56 9.58 9.58 9.55 9.56 9.63 9.69 9.71 9.74 9.73 9.72 9.70 9.70 9.68 9.72 9.75 9.85 9.89 9.92 9.93 9.89 9.93 9.92 9.97 9.95 9.93 9.93 9.96 10.01 10.02 10.03 10.02 10.00 10.01 9.99 9.96 9.93 9.95 9.94 9.95 9.96 9.97 9.96 9.96 9.96 9.96 9.98 10.00 9.99 10.00 10.02 10.03 10.00 10.00 9.98 9.98 9.99 10.02 10.04 10.03 10.00 10.02 10.05 10.06 10.07 10.07 10.08 10.05 10.03 10.04 10.05 10.06 10.06 10.06 10.09 10.10 10.12
9.41 9.44 9.44 9.47 9.50 9.51 9.49 9.47 9.44 9.47 9.53 9.61 9.67 9.71 9.73 9.71 9.71 9.73 9.75 9.78 9.81 9.86 9.89 9.92 9.93 9.90 9.91 9.92 9.95 9.97 9.98 9.95 9.99 10.00 10.00 10.03 10.05 10.03 10.02 10.00 9.99 9.98 9.97 9.96 9.96 9.96 9.97 9.99 10.00 10.00 10.01 10.02 10.03 10.03 10.04 10.02 9.99 10.05 10.03 10.01 10.00 10.01 10.05 10.07 10.05 10.05 10.08 10.08 10.07 10.07 10.08 10.06 10.06 10.06 10.08 10.10 10.11 10.11 10.12 10.17 10.19 10.21
9.40 9.38 9.34 9.40 9.47 9.46 9.41 9.38 9.36 9.40 9.48 9.53 9.65 9.72 9.72 9.70 9.72 9.78 9.81 9.84 9.89 9.90 9.91 9.93 9.91 9.90 9.90 9.91 9.93 9.93 9.97 10.01 9.95 9.93 9.96 10.03 10.06 10.02 9.98 9.96 9.97 9.95 9.95 9.95 9.96 9.97 9.98 9.99 10.00 10.03 10.04 10.05 10.05 10.06 10.05 10.01 10.01 10.07 10.06 10.03 10.02 10.03 10.06 10.09 10.07 10.10 10.10 10.08 10.06 10.06 10.09 10.09 10.10 10.10 10.12 10.14 10.15 10.16 10.17 10.21 10.17 10.21
9.34 9.33 9.32 9.35 9.40 9.43 9.41 9.36 9.35 9.38 9.47 9.56 9.67 9.72 9.71 9.73 9.77 9.81 9.84 9.87 9.90 9.91 9.91 9.91 9.91 9.91 9.91 9.92 9.94 9.98 9.99 9.97 9.93 9.95 9.98 10.01 10.06 10.08 10.01 9.96 9.96 9.96 9.97 9.97 9.99 9.99 9.99 10.01 10.02 10.03 10.04 10.06 10.06 10.07 10.08 10.04 10.02 10.07 10.08 10.05 10.04 10.05 10.08 10.11 10.12 10.12 10.11 10.11 10.10 10.09 10.10 10.12 10.12 10.13 10.13 10.16 10.17 10.20 10.21 10.22 10.21 10.22
9.28 9.29 9.30 9.32 9.33 9.38 9.39 9.37 9.34 9.38 9.49 9.58 9.68 9.72 9.73 9.77 9.81 9.84 9.87 9.89 9.90 9.90 9.91 9.91 9.90 9.90 9.91 9.93 9.98 9.98 9.96 9.95 9.94 9.96 9.95 9.99 10.01 10.08 10.05 9.97 9.97 9.98 10.00 9.99 10.04 10.03 10.03 10.05 10.03 10.03 10.02 10.07 10.06 10.06 10.10 10.11 10.04 10.06 10.09 10.07 10.05 10.08 10.10 10.11 10.11 10.14 10.14 10.14 10.15 10.13 10.14 10.14 10.15 10.16 10.16 10.19 10.20 10.22 10.23 10.24 10.24 10.26
9.24 9.26 9.29 9.31 9.33 9.35 9.33 9.32 9.37 9.43 9.51 9.59 9.68 9.72 9.74 9.78 9.81 9.84 9.87 9.88 9.89 9.89 9.89 9.88 9.89 9.90 9.93 9.96 9.97 9.95 9.94 9.95 9.95 9.98 10.00 10.04 10.08 10.11 10.11 10.07 10.01 10.00 10.07 10.09 10.09 10.10 10.10 10.12 10.10 10.08 10.06 10.07 10.09 10.07 10.09 10.08 10.06 10.08 10.09 10.10 10.10 10.09 10.11 10.13 10.14 10.14 10.16 10.16 10.19 10.20 10.19 10.18 10.18 10.20 10.20 10.21 10.23 10.25 10.26 10.27 10.28 10.31
9.20 9.24 9.28 9.31 9.34 9.36 9.28 9.30 9.43 9.49 9.54 9.59 9.65 9.73 9.74 9.77 9.81 9.82 9.85 9.88 9.87 9.88 9.89 9.87 9.88 9.90 9.94 9.96 9.94 9.93 9.93 9.95 9.97 9.97 10.00 10.06 10.03 10.06 10.11 10.11 10.08 10.01 10.10 10.01 10.01 10.04 10.07 10.10 10.05 10.05 10.07 10.08 10.09 10.09 10.10 10.09 10.09 10.10 10.10 10.11 10.12 10.11 10.13 10.14 10.15 10.15 10.16 10.21 10.22 10.23 10.25 10.24 10.22 10.23 10.24 10.25 10.27 10.28 10.30 10.31 10.32 10.36
9.20 9.23 9.25 9.29 9.34 9.36 9.36 9.39 9.47 9.53 9.56 9.60 9.65 9.70 9.74 9.77 9.80 9.82 9.84 9.87 9.88 9.88 9.88 9.88 9.88 9.91 9.94 9.95 9.95 9.94 9.94 9.94 9.95 10.01 10.04 10.05 10.02 10.05 10.09 10.09 10.11 10.10 10.08 10.08 10.06 10.05 10.06 10.07 10.07 10.07 10.08 10.09 10.10 10.11 10.12 10.12 10.12 10.12 10.11 10.12 10.13 10.13 10.14 10.16 10.18 10.18 10.21 10.25 10.25 10.25 10.28 10.28 10.26 10.27 10.28 10.29 10.32 10.34 10.35 10.36 10.38 10.39
9.24 9.23 9.21 9.28 9.33 9.38 9.43 9.47 9.53 9.56 9.58 9.61 9.65 9.70 9.73 9.77 9.79 9.81 9.84 9.85 9.87 9.89 9.89 9.89 9.90 9.90 9.92 9.95 9.95 9.95 9.95 9.97 9.96 10.02 9.97 9.99 10.00 10.04 10.07 10.03 10.06 10.02 10.04 10.04 10.06 10.06 10.06 10.08 10.08 10.08 10.09 10.10 10.10 10.12 10.12 10.12 10.11 10.12 10.12 10.13 10.14 10.15 10.16 10.19 10.21 10.24 10.26 10.28 10.27 10.28 10.30 10.29 10.29 10.31 10.31 10.34 10.37 10.39 10.39 10.38 10.40 10.44
9.30 9.30 9.30 9.32 9.35 9.41 9.46 9.49 9.52 9.54 9.55 9.59 9.65 9.70 9.73 9.76 9.78 9.81 9.83 9.85 9.87 9.88 9.88 9.90 9.90 9.91 9.92 9.94 9.94 9.93 9.95 9.96 9.97 10.01 10.01 10.00 10.00 10.04 10.06 10.06 10.06 10.04 10.04 10.05 10.06 10.07 10.08 10.09 10.09 10.09 10.10 10.11 10.12 10.12 10.12 10.12 10.12 10.12 10.13 10.15 10.16 10.17 10.18 10.21 10.24 10.26 10.29 10.31 10.32 10.34 10.34 10.33 10.33 10.35 10.36 10.38 10.42 10.43 10.40 10.41 10.44 10.49
9.36 9.36 9.39 9.40 9.42 9.44 9.47 9.48 9.51 9.52 9.53 9.55 9.64 9.72 9.73 9.74 9.77 9.80 9.83 9.85 9.86 9.86 9.88 9.89 9.89 9.91 9.91 9.94 9.93 9.92 9.96 9.96 9.95 9.99 10.01 10.01 10.01 10.01 10.04 10.04 10.05 10.06 10.06 10.06 10.07 10.08 10.09 10.10 10.11 10.10 10.10 10.12 10.12 10.12 10.13 10.13 10.13 10.14 10.15 10.17 10.18 10.19 10.21 10.23 10.23 10.25 10.30 10.33 10.32 10.34 10.36 10.36 10.35 10.39 10.42 10.43 10.46 10.47 10.44 10.47 10.49 10.52
