main/data/pressure/09.03.2023.grid
ncols 886
nrows 691
xllcenter 112.0000
yllcenter -44.5000
cellsize 0.0500
nodata_value 99999.90
[rows 490 to 524 of 691, columns 237 to 315 of 886]
14.56 14.59 14.62 14.67 14.71 14.75 14.80 14.86 14.91 14.97 15.03 15.10 15.17 15.24 15.32 15.41 15.49 15.59 15.68 15.77 15.87 15.97 16.07 16.18 16.28 16.39 16.51 16.61 16.73 16.84 16.95 17.06 17.17 17.28 17.38 17.49 17.59 17.70 17.79 17.88 17.97 18.06 18.14 18.22 18.30 18.36 18.43 18.49 18.55 18.60 18.65 18.69 18.73 18.76 18.79 18.81 18.84 18.85 18.87 18.88 18.89 18.89 18.89 18.89 18.88 18.86 18.86 18.84 18.82 18.81 18.78 18.76 18.73 18.70 18.67 18.64 18.60 18.57 18.53
14.56 14.59 14.63 14.66 14.71 14.75 14.79 14.84 14.89 14.96 15.02 15.08 15.15 15.23 15.30 15.38 15.47 15.56 15.64 15.74 15.84 15.93 16.04 16.14 16.25 16.36 16.47 16.58 16.69 16.80 16.91 17.02 17.14 17.24 17.35 17.46 17.56 17.66 17.76 17.85 17.94 18.03 18.11 18.20 18.27 18.34 18.41 18.47 18.53 18.58 18.63 18.68 18.71 18.75 18.78 18.81 18.83 18.85 18.86 18.88 18.88 18.89 18.88 18.89 18.88 18.87 18.85 18.85 18.82 18.81 18.78 18.76 18.73 18.71 18.67 18.65 18.61 18.58 18.54
14.56 14.59 14.63 14.66 14.70 14.74 14.79 14.84 14.89 14.94 15.01 15.07 15.14 15.21 15.29 15.36 15.44 15.54 15.62 15.71 15.81 15.91 16.01 16.12 16.22 16.32 16.44 16.54 16.66 16.77 16.88 16.99 17.10 17.21 17.31 17.43 17.52 17.62 17.73 17.82 17.91 18.00 18.09 18.16 18.25 18.31 18.39 18.45 18.51 18.56 18.62 18.66 18.70 18.74 18.77 18.80 18.83 18.84 18.86 18.87 18.88 18.88 18.89 18.88 18.88 18.87 18.86 18.84 18.83 18.81 18.79 18.76 18.74 18.71 18.69 18.65 18.62 18.58 18.55
14.56 14.59 14.62 14.65 14.70 14.74 14.78 14.82 14.88 14.93 14.99 15.05 15.12 15.19 15.26 15.34 15.43 15.51 15.60 15.69 15.78 15.88 15.98 16.08 16.19 16.29 16.40 16.51 16.62 16.74 16.84 16.95 17.06 17.17 17.28 17.39 17.49 17.59 17.69 17.79 17.88 17.97 18.05 18.14 18.22 18.29 18.36 18.43 18.49 18.55 18.59 18.65 18.68 18.73 18.76 18.79 18.81 18.84 18.85 18.87 18.87 18.89 18.88 18.89 18.88 18.88 18.86 18.85 18.83 18.82 18.79 18.77 18.75 18.71 18.69 18.65 18.63 18.59 18.56
14.56 14.58 14.62 14.65 14.69 14.72 14.77 14.82 14.87 14.92 14.98 15.04 15.10 15.17 15.25 15.32 15.40 15.49 15.57 15.66 15.76 15.85 15.95 16.05 16.15 16.26 16.37 16.47 16.59 16.69 16.80 16.92 17.02 17.14 17.24 17.35 17.45 17.55 17.66 17.75 17.85 17.94 18.03 18.11 18.19 18.26 18.34 18.40 18.47 18.52 18.58 18.62 18.67 18.71 18.74 18.78 18.80 18.83 18.84 18.86 18.86 18.88 18.88 18.88 18.87 18.87 18.86 18.85 18.83 18.82 18.79 18.78 18.75 18.73 18.69 18.67 18.63 18.60 18.56
14.56 14.59 14.61 14.64 14.69 14.72 14.76 14.80 14.86 14.91 14.96 15.02 15.09 15.15 15.22 15.29 15.38 15.46 15.54 15.63 15.72 15.82 15.92 16.02 16.12 16.23 16.33 16.44 16.55 16.65 16.77 16.88 16.99 17.10 17.21 17.31 17.41 17.52 17.62 17.72 17.81 17.91 17.99 18.08 18.16 18.24 18.31 18.38 18.44 18.50 18.56 18.60 18.65 18.69 18.73 18.76 18.79 18.81 18.84 18.85 18.86 18.87 18.88 18.87 18.88 18.87 18.86 18.85 18.84 18.82 18.80 18.78 18.76 18.73 18.69 18.67 18.63 18.60 18.56
14.56 14.58 14.62 14.64 14.68 14.71 14.76 14.80 14.84 14.89 14.95 15.01 15.07 15.13 15.21 15.28 15.35 15.44 15.52 15.60 15.70 15.79 15.88 15.99 16.09 16.19 16.30 16.40 16.52 16.62 16.73 16.84 16.95 17.06 17.17 17.27 17.38 17.48 17.59 17.68 17.78 17.87 17.96 18.05 18.13 18.21 18.28 18.35 18.41 18.48 18.53 18.59 18.63 18.68 18.71 18.75 18.78 18.81 18.82 18.84 18.85 18.86 18.87 18.88 18.87 18.86 18.86 18.85 18.84 18.82 18.80 18.78 18.76 18.73 18.71 18.67 18.64 18.61 18.57
14.56 14.58 14.61 14.63 14.66 14.71 14.74 14.78 14.84 14.88 14.93 14.99 15.06 15.12 15.18 15.26 15.33 15.41 15.49 15.58 15.67 15.75 15.86 15.95 16.05 16.16 16.26 16.37 16.47 16.58 16.69 16.80 16.91 17.02 17.12 17.24 17.34 17.45 17.55 17.65 17.74 17.83 17.93 18.01 18.10 18.17 18.26 18.32 18.39 18.45 18.51 18.56 18.61 18.66 18.70 18.73 18.76 18.79 18.81 18.83 18.84 18.86 18.86 18.87 18.86 18.87 18.86 18.85 18.83 18.82 18.80 18.79 18.76 18.73 18.71 18.67 18.65 18.61 18.58
14.56 14.58 14.61 14.64 14.66 14.70 14.73 14.78 14.82 14.87 14.91 14.98 15.03 15.09 15.17 15.23 15.30 15.38 15.47 15.55 15.63 15.73 15.82 15.92 16.02 16.12 16.23 16.33 16.43 16.55 16.65 16.77 16.87 16.98 17.09 17.19 17.31 17.41 17.51 17.61 17.70 17.80 17.89 17.98 18.06 18.15 18.22 18.30 18.36 18.42 18.49 18.54 18.59 18.63 18.68 18.71 18.75 18.77 18.80 18.82 18.84 18.85 18.86 18.86 18.86 18.86 18.85 18.85 18.83 18.82 18.80 18.78 18.76 18.74 18.71 18.67 18.65 18.61 18.58
14.55 14.58 14.60 14.63 14.65 14.69 14.73 14.76 14.80 14.86 14.91 14.96 15.01 15.08 15.14 15.21 15.29 15.36 15.44 15.53 15.61 15.69 15.79 15.89 15.98 16.09 16.19 16.29 16.40 16.50 16.62 16.72 16.83 16.94 17.05 17.16 17.26 17.36 17.47 17.57 17.67 17.76 17.86 17.95 18.04 18.11 18.19 18.27 18.33 18.40 18.46 18.52 18.57 18.62 18.66 18.70 18.73 18.76 18.79 18.80 18.82 18.83 18.85 18.85 18.86 18.85 18.85 18.84 18.83 18.82 18.80 18.78 18.76 18.74 18.71 18.68 18.65 18.61 18.58
14.56 14.57 14.59 14.63 14.65 14.68 14.71 14.76 14.80 14.84 14.89 14.95 15.00 15.06 15.12 15.19 15.26 15.33 15.42 15.49 15.57 15.67 15.76 15.85 15.95 16.05 16.15 16.26 16.36 16.46 16.57 16.68 16.79 16.90 17.01 17.12 17.22 17.33 17.43 17.54 17.63 17.73 17.82 17.91 18.00 18.08 18.16 18.23 18.31 18.37 18.43 18.49 18.54 18.59 18.63 18.68 18.71 18.75 18.77 18.80 18.81 18.83 18.84 18.84 18.85 18.84 18.85 18.83 18.83 18.81 18.80 18.78 18.75 18.74 18.71 18.68 18.65 18.62 18.58
14.55 14.58 14.60 14.62 14.64 14.68 14.71 14.75 14.78 14.82 14.88 14.93 14.98 15.04 15.10 15.17 15.23 15.31 15.38 15.46 15.55 15.64 15.72 15.82 15.91 16.01 16.11 16.21 16.32 16.43 16.53 16.64 16.75 16.86 16.97 17.07 17.18 17.28 17.39 17.49 17.59 17.69 17.78 17.88 17.96 18.05 18.13 18.20 18.28 18.34 18.41 18.46 18.52 18.57 18.62 18.66 18.70 18.73 18.75 18.78 18.79 18.82 18.82 18.84 18.84 18.84 18.84 18.83 18.82 18.81 18.80 18.77 18.76 18.73 18.70 18.68 18.65 18.62 18.58
14.56 14.57 14.59 14.61 14.64 14.67 14.70 14.73 14.78 14.82 14.86 14.91 14.97 15.02 15.08 15.14 15.21 15.28 15.35 15.44 15.52 15.60 15.70 15.78 15.87 15.98 16.07 16.18 16.28 16.38 16.50 16.60 16.70 16.82 16.92 17.04 17.14 17.24 17.35 17.45 17.55 17.65 17.74 17.84 17.92 18.01 18.09 18.17 18.24 18.32 18.38 18.43 18.49 18.54 18.59 18.63 18.68 18.71 18.74 18.76 18.79 18.80 18.81 18.82 18.83 18.83 18.83 18.83 18.82 18.80 18.79 18.77 18.76 18.73 18.71 18.68 18.65 18.62 18.58
14.55 14.57 14.59 14.61 14.63 14.66 14.70 14.73 14.76 14.80 14.85 14.90 14.95 15.00 15.06 15.12 15.19 15.25 15.33 15.41 15.48 15.58 15.66 15.75 15.85 15.94 16.04 16.14 16.24 16.35 16.45 16.55 16.67 16.77 16.89 16.99 17.09 17.20 17.30 17.41 17.51 17.61 17.71 17.80 17.89 17.97 18.05 18.14 18.21 18.28 18.34 18.41 18.47 18.52 18.57 18.61 18.65 18.68 18.72 18.74 18.77 18.79 18.81 18.81 18.82 18.82 18.82 18.82 18.81 18.80 18.78 18.76 18.75 18.72 18.70 18.67 18.64 18.61 18.57
14.55 14.57 14.58 14.60 14.62 14.66 14.68 14.71 14.75 14.79 14.83 14.88 14.92 14.99 15.04 15.10 15.16 15.23 15.30 15.38 15.46 15.54 15.62 15.72 15.81 15.90 16.00 16.10 16.20 16.31 16.41 16.52 16.62 16.73 16.84 16.94 17.06 17.16 17.26 17.37 17.47 17.57 17.66 17.75 17.85 17.93 18.02 18.10 18.18 18.25 18.32 18.38 18.44 18.50 18.54 18.59 18.63 18.67 18.70 18.72 18.75 18.76 18.78 18.79 18.80 18.80 18.80 18.79 18.77 18.76 18.74 18.72 18.69 18.66 18.63 18.60 18.57 18.53 18.48
14.55 14.56 14.58 14.60 14.62 14.65 14.67 14.70 14.74 14.78 14.82 14.86 14.91 14.96 15.02 15.07 15.14 15.21 15.27 15.35 15.43 15.51 15.60 15.68 15.77 15.87 15.96 16.06 16.16 16.26 16.36 16.47 16.58 16.69 16.79 16.90 17.01 17.11 17.22 17.32 17.42 17.53 17.62 17.72 17.81 17.89 17.98 18.06 18.14 18.21 18.29 18.35 18.41 18.46 18.50 18.55 18.59 18.63 18.64 18.67 18.68 18.68 18.70 18.70 18.70 18.69 18.69 18.68 18.66 18.65 18.63 18.61 18.58 18.55 18.53 18.49 18.46 18.42 18.39
14.55 14.56 14.58 14.59 14.61 14.63 14.66 14.70 14.73 14.76 14.80 14.85 14.89 14.94 14.99 15.06 15.12 15.18 15.25 15.32 15.40 15.48 15.56 15.64 15.74 15.83 15.92 16.02 16.12 16.22 16.33 16.43 16.54 16.64 16.75 16.86 16.96 17.06 17.18 17.28 17.39 17.48 17.59 17.68 17.77 17.86 17.94 18.03 18.10 18.17 18.24 18.29 18.34 18.38 18.42 18.45 18.48 18.51 18.52 18.55 18.55 18.57 18.57 18.57 18.58 18.57 18.57 18.55 18.55 18.53 18.51 18.49 18.46 18.44 18.41 18.38 18.35 18.32 18.29
14.54 14.56 14.57 14.59 14.60 14.63 14.66 14.68 14.71 14.74 14.79 14.83 14.87 14.93 14.98 15.03 15.09 15.16 15.22 15.29 15.37 15.45 15.53 15.62 15.70 15.79 15.89 15.98 16.08 16.18 16.28 16.38 16.49 16.60 16.70 16.81 16.92 17.03 17.13 17.24 17.34 17.44 17.54 17.63 17.73 17.81 17.88 17.96 18.01 18.08 18.13 18.17 18.22 18.25 18.30 18.32 18.36 18.38 18.39 18.42 18.43 18.44 18.44 18.45 18.45 18.44 18.44 18.43 18.43 18.41 18.39 18.38 18.35 18.33 18.30 18.27 18.25 18.21 18.18
14.55 14.55 14.57 14.58 14.60 14.62 14.64 14.67 14.71 14.74 14.77 14.81 14.86 14.91 14.96 15.01 15.07 15.13 15.20 15.27 15.34 15.41 15.49 15.58 15.66 15.76 15.85 15.94 16.04 16.14 16.24 16.35 16.45 16.55 16.66 16.77 16.88 16.98 17.08 17.19 17.29 17.39 17.48 17.56 17.65 17.71 17.79 17.84 17.90 17.96 18.00 18.06 18.09 18.13 18.17 18.20 18.23 18.25 18.27 18.29 18.30 18.32 18.32 18.33 18.33 18.32 18.33 18.32 18.31 18.30 18.29 18.27 18.24 18.23 18.20 18.17 18.15 18.11 18.09
14.54 14.55 14.56 14.58 14.59 14.61 14.63 14.67 14.69 14.72 14.76 14.80 14.84 14.89 14.93 14.99 15.05 15.11 15.17 15.24 15.31 15.38 15.47 15.55 15.63 15.72 15.81 15.90 16.00 16.10 16.20 16.30 16.40 16.51 16.62 16.72 16.83 16.93 17.03 17.14 17.23 17.32 17.39 17.46 17.54 17.60 17.67 17.73 17.79 17.84 17.89 17.94 17.97 18.01 18.05 18.08 18.11 18.13 18.16 18.17 18.18 18.20 18.20 18.21 18.21 18.21 18.21 18.20 18.20 18.19 18.18 18.16 18.14 18.12 18.10 18.08 18.05 18.02 17.99
14.54 14.54 14.56 14.57 14.59 14.60 14.63 14.65 14.68 14.71 14.75 14.78 14.82 14.87 14.92 14.97 15.02 15.09 15.15 15.21 15.28 15.36 15.43 15.51 15.60 15.68 15.77 15.87 15.96 16.05 16.16 16.26 16.36 16.47 16.57 16.67 16.78 16.87 16.97 17.06 17.14 17.22 17.29 17.37 17.44 17.50 17.57 17.62 17.68 17.73 17.77 17.82 17.86 17.90 17.93 17.96 17.99 18.01 18.04 18.05 18.08 18.08 18.09 18.10 18.10 18.11 18.10 18.09 18.09 18.08 18.07 18.06 18.04 18.02 18.00 17.98 17.95 17.92 17.90
14.54 14.55 14.55 14.56 14.58 14.60 14.62 14.64 14.67 14.70 14.73 14.77 14.80 14.85 14.90 14.95 15.00 15.06 15.12 15.18 15.26 15.33 15.40 15.47 15.56 15.64 15.73 15.83 15.92 16.01 16.11 16.21 16.32 16.42 16.52 16.62 16.71 16.80 16.89 16.97 17.05 17.13 17.20 17.28 17.34 17.41 17.46 17.52 17.57 17.62 17.67 17.71 17.75 17.79 17.82 17.86 17.88 17.90 17.93 17.94 17.96 17.97 17.98 17.99 17.99 18.00 18.00 17.99 17.99 17.98 17.97 17.96 17.94 17.93 17.90 17.89 17.86 17.84 17.81
14.54 14.54 14.55 14.56 14.58 14.59 14.61 14.63 14.66 14.69 14.72 14.75 14.79 14.83 14.88 14.92 14.98 15.03 15.09 15.15 15.22 15.29 15.36 15.45 15.52 15.61 15.70 15.79 15.87 15.98 16.07 16.17 16.27 16.37 16.46 16.56 16.64 16.73 16.81 16.89 16.97 17.04 17.11 17.18 17.24 17.31 17.37 17.42 17.47 17.52 17.57 17.61 17.64 17.69 17.72 17.75 17.77 17.80 17.82 17.84 17.86 17.87 17.87 17.89 17.89 17.90 17.89 17.89 17.89 17.88 17.88 17.86 17.84 17.83 17.81 17.79 17.78 17.75 17.73
14.53 14.54 14.54 14.56 14.57 14.58 14.60 14.62 14.65 14.67 14.70 14.74 14.78 14.81 14.85 14.90 14.96 15.01 15.06 15.13 15.19 15.26 15.34 15.41 15.49 15.58 15.66 15.74 15.83 15.93 16.03 16.12 16.22 16.31 16.41 16.49 16.58 16.66 16.74 16.81 16.89 16.96 17.02 17.10 17.15 17.22 17.27 17.33 17.38 17.42 17.47 17.51 17.55 17.59 17.61 17.65 17.67 17.70 17.72 17.74 17.76 17.77 17.77 17.79 17.79 17.80 17.80 17.79 17.79 17.78 17.78 17.77 17.75 17.75 17.73 17.70 17.69 17.67 17.64
14.53 14.54 14.55 14.55 14.56 14.57 14.60 14.61 14.63 14.66 14.68 14.72 14.76 14.79 14.83 14.89 14.93 14.98 15.04 15.10 15.16 15.23 15.31 15.38 15.45 15.54 15.62 15.70 15.80 15.89 15.98 16.08 16.17 16.26 16.35 16.43 16.51 16.60 16.67 16.75 16.82 16.88 16.95 17.01 17.07 17.13 17.18 17.24 17.29 17.33 17.38 17.41 17.45 17.49 17.52 17.55 17.58 17.61 17.62 17.64 17.66 17.67 17.69 17.69 17.70 17.71 17.70 17.70 17.70 17.69 17.68 17.68 17.67 17.66 17.64 17.62 17.61 17.59 17.56
14.53 14.54 14.54 14.54 14.55 14.56 14.59 14.60 14.62 14.64 14.68 14.71 14.74 14.77 14.82 14.86 14.91 14.96 15.02 15.07 15.13 15.21 15.27 15.34 15.41 15.50 15.58 15.67 15.77 15.86 15.95 16.04 16.13 16.21 16.30 16.38 16.45 16.53 16.60 16.68 16.75 16.81 16.88 16.93 16.99 17.05 17.10 17.16 17.20 17.24 17.29 17.32 17.36 17.40 17.42 17.46 17.48 17.50 17.53 17.54 17.57 17.58 17.60 17.60 17.60 17.62 17.61 17.61 17.62 17.61 17.61 17.60 17.58 17.58 17.56 17.54 17.53 17.51 17.48
14.53 14.53 14.53 14.54 14.54 14.56 14.58 14.59 14.61 14.63 14.66 14.69 14.72 14.76 14.80 14.84 14.88 14.94 14.99 15.05 15.10 15.17 15.24 15.31 15.39 15.47 15.55 15.64 15.74 15.83 15.91 16.00 16.08 16.17 16.25 16.32 16.41 16.47 16.54 16.62 16.68 16.74 16.81 16.86 16.92 16.97 17.02 17.07 17.12 17.16 17.20 17.24 17.28 17.31 17.34 17.37 17.39 17.42 17.44 17.46 17.48 17.49 17.50 17.51 17.52 17.53 17.53 17.53 17.53 17.52 17.52 17.51 17.50 17.49 17.48 17.46 17.46 17.43 17.41
14.53 14.53 14.53 14.53 14.55 14.55 14.57 14.58 14.61 14.63 14.65 14.67 14.70 14.75 14.78 14.82 14.86 14.92 14.97 15.02 15.07 15.14 15.21 15.28 15.36 15.45 15.53 15.63 15.71 15.80 15.89 15.97 16.05 16.13 16.20 16.27 16.35 16.42 16.48 16.56 16.62 16.67 16.74 16.79 16.85 16.90 16.94 17.00 17.04 17.08 17.12 17.16 17.20 17.23 17.25 17.29 17.31 17.34 17.36 17.37 17.39 17.40 17.41 17.43 17.43 17.45 17.45 17.44 17.45 17.44 17.44 17.44 17.43 17.41 17.41 17.39 17.38 17.36 17.34
14.52 14.52 14.52 14.53 14.54 14.55 14.56 14.57 14.59 14.61 14.63 14.66 14.70 14.73 14.76 14.80 14.84 14.89 14.94 14.99 15.05 15.11 15.18 15.27 15.35 15.44 15.52 15.61 15.69 15.77 15.86 15.94 16.01 16.09 16.16 16.23 16.30 16.37 16.43 16.50 16.56 16.61 16.67 16.72 16.78 16.83 16.87 16.92 16.96 17.00 17.05 17.08 17.12 17.15 17.17 17.21 17.23 17.26 17.28 17.29 17.31 17.32 17.33 17.35 17.35 17.36 17.37 17.37 17.37 17.37 17.36 17.36 17.35 17.34 17.34 17.32 17.30 17.29 17.27
14.52 14.52 14.53 14.53 14.53 14.54 14.55 14.56 14.58 14.60 14.62 14.64 14.68 14.71 14.74 14.78 14.82 14.87 14.91 14.96 15.03 15.10 15.17 15.27 15.35 15.43 15.52 15.60 15.68 15.75 15.83 15.91 15.98 16.05 16.12 16.19 16.26 16.32 16.38 16.44 16.50 16.55 16.61 16.66 16.72 16.76 16.80 16.85 16.89 16.93 16.97 17.00 17.04 17.07 17.10 17.13 17.15 17.17 17.20 17.21 17.24 17.25 17.26 17.27 17.28 17.28 17.29 17.29 17.30 17.30 17.29 17.29 17.28 17.27 17.27 17.25 17.24 17.23 17.21
14.52 14.51 14.52 14.52 14.52 14.53 14.54 14.56 14.57 14.59 14.61 14.63 14.66 14.69 14.72 14.76 14.80 14.84 14.89 14.95 15.02 15.10 15.18 15.27 15.35 15.43 15.51 15.59 15.66 15.74 15.81 15.88 15.95 16.02 16.08 16.15 16.22 16.27 16.33 16.39 16.45 16.51 16.56 16.60 16.66 16.70 16.74 16.79 16.83 16.86 16.90 16.94 16.96 17.00 17.03 17.06 17.08 17.10 17.13 17.14 17.15 17.17 17.18 17.20 17.21 17.21 17.22 17.22 17.22 17.23 17.22 17.21 17.21 17.20 17.20 17.19 17.17 17.17 17.15
14.51 14.52 14.52 14.51 14.52 14.52 14.54 14.55 14.56 14.57 14.59 14.62 14.64 14.67 14.70 14.73 14.78 14.82 14.88 14.96 15.04 15.11 15.19 15.28 15.35 15.42 15.51 15.58 15.65 15.71 15.79 15.85 15.93 15.99 16.05 16.11 16.18 16.23 16.29 16.35 16.40 16.45 16.50 16.55 16.60 16.64 16.68 16.73 16.76 16.80 16.84 16.87 16.91 16.93 16.96 16.99 17.01 17.03 17.06 17.07 17.08 17.10 17.11 17.12 17.14 17.14 17.15 17.15 17.15 17.16 17.15 17.15 17.15 17.14 17.13 17.13 17.11 17.10 17.09
14.52 14.51 14.51 14.51 14.51 14.51 14.53 14.54 14.55 14.56 14.58 14.61 14.63 14.65 14.68 14.73 14.77 14.83 14.90 14.98 15.06 15.13 15.21 15.28 15.35 15.42 15.50 15.57 15.63 15.71 15.77 15.83 15.89 15.96 16.02 16.08 16.14 16.19 16.25 16.30 16.35 16.40 16.45 16.49 16.55 16.59 16.62 16.67 16.70 16.74 16.78 16.81 16.83 16.87 16.89 16.91 16.94 16.96 16.99 17.00 17.02 17.04 17.05 17.05 17.07 17.08 17.08 17.09 17.09 17.08 17.09 17.08 17.09 17.08 17.07 17.07 17.05 17.04 17.03
14.52 14.51 14.51 14.50 14.50 14.52 14.52 14.53 14.54 14.55 14.57 14.59 14.61 14.64 14.67 14.72 14.79 14.86 14.93 15.01 15.08 15.15 15.21 15.29 15.36 15.42 15.50 15.56 15.62 15.69 15.75 15.81 15.88 15.93 15.99 16.04 16.10 16.15 16.20 16.26 16.31 16.36 16.40 16.45 16.49 16.53 16.57 16.61 16.65 16.68 16.72 16.75 16.77 16.81 16.83 16.85 16.88 16.90 16.92 16.94 16.95 16.97 16.98 16.99 17.01 17.01 17.02 17.03 17.03 17.02 17.03 17.02 17.02 17.02 17.01 17.00 17.00 16.98 16.97
14.51 14.51 14.50 14.50 14.50 14.51 14.51 14.52 14.53 14.54 14.55 14.58 14.60 14.63 14.68 14.75 14.82 14.89 14.95 15.03 15.10 15.16 15.23 15.30 15.36 15.42 15.49 15.55 15.61 15.68 15.74 15.79 15.86 15.91 15.96 16.01 16.07 16.12 16.17 16.22 16.27 16.31 16.36 16.40 16.44 16.48 16.52 16.55 16.59 16.62 16.66 16.69 16.72 16.75 16.77 16.79 16.82 16.84 16.86 16.88 16.89 16.91 16.92 16.93 16.95 16.95 16.96 16.97 16.97 16.97 16.97 16.97 16.96 16.96 16.95 16.94 16.94 16.93 16.91
