main/data/pressure/09.04.2023.grid
ncols 886
nrows 691
xllcenter 112.0000
yllcenter -44.5000
cellsize 0.0500
nodata_value 99999.90
[rows 0 to 33 of 691, columns 780 to 857 of 886]
35.04 35.05 35.06 35.06 35.08 35.09 35.10 35.10 35.11 35.13 35.14 35.14 35.16 35.17 35.19 35.19 35.21 35.22 35.23 35.24 35.26 35.26 35.28 35.29 35.30 35.32 35.33 35.34 35.36 35.36 35.38 35.40 35.40 35.42 35.43 35.45 35.46 35.47 35.49 35.50 35.52 35.52 35.54 35.55 35.57 35.58 35.59 35.60 35.62 35.63 35.65 35.66 35.67 35.68 35.70 35.71 35.73 35.74 35.76 35.77 35.78 35.79 35.80 35.82 35.83 35.85 35.86 35.87 35.89 35.90 35.92 35.93 35.93 35.95 35.96 35.97 35.99 36.00
35.02 35.03 35.04 35.05 35.05 35.06 35.07 35.08 35.08 35.10 35.11 35.12 35.13 35.14 35.15 35.17 35.17 35.19 35.20 35.21 35.22 35.24 35.24 35.26 35.28 35.28 35.30 35.31 35.32 35.34 35.35 35.36 35.38 35.39 35.40 35.41 35.43 35.45 35.45 35.47 35.48 35.50 35.50 35.52 35.53 35.55 35.56 35.58 35.58 35.60 35.61 35.63 35.64 35.66 35.66 35.68 35.69 35.70 35.72 35.73 35.75 35.76 35.77 35.78 35.80 35.81 35.82 35.84 35.85 35.87 35.88 35.89 35.91 35.91 35.92 35.94 35.95 35.97
34.99 35.00 35.01 35.02 35.03 35.03 35.04 35.05 35.07 35.08 35.08 35.09 35.11 35.11 35.12 35.14 35.15 35.16 35.17 35.19 35.19 35.21 35.22 35.23 35.24 35.26 35.26 35.28 35.29 35.30 35.32 35.33 35.34 35.36 35.37 35.39 35.39 35.41 35.42 35.43 35.45 35.46 35.48 35.49 35.50 35.51 35.53 35.54 35.56 35.56 35.58 35.59 35.61 35.62 35.64 35.64 35.65 35.67 35.68 35.70 35.71 35.73 35.74 35.74 35.76 35.77 35.79 35.80 35.82 35.83 35.84 35.86 35.87 35.89 35.90 35.90 35.91 35.93
34.98 34.98 34.98 34.99 35.00 35.01 35.01 35.03 35.04 35.05 35.05 35.06 35.08 35.09 35.09 35.11 35.12 35.13 35.14 35.15 35.17 35.17 35.19 35.20 35.21 35.23 35.24 35.25 35.26 35.27 35.29 35.30 35.31 35.33 35.34 35.35 35.37 35.37 35.39 35.40 35.42 35.42 35.44 35.46 35.47 35.47 35.49 35.51 35.52 35.53 35.55 35.55 35.57 35.58 35.60 35.61 35.63 35.63 35.65 35.66 35.68 35.69 35.70 35.72 35.73 35.74 35.75 35.77 35.78 35.79 35.81 35.82 35.83 35.85 35.86 35.88 35.88 35.89
34.95 34.96 34.97 34.97 34.98 34.99 35.00 35.01 35.01 35.02 35.03 35.04 35.05 35.06 35.07 35.08 35.09 35.10 35.12 35.12 35.14 35.15 35.16 35.17 35.19 35.19 35.21 35.22 35.23 35.25 35.25 35.27 35.28 35.29 35.31 35.31 35.33 35.35 35.36 35.37 35.38 35.40 35.40 35.42 35.43 35.45 35.46 35.47 35.48 35.50 35.51 35.53 35.53 35.55 35.56 35.58 35.59 35.61 35.61 35.63 35.64 35.65 35.67 35.68 35.70 35.71 35.72 35.73 35.74 35.76 35.77 35.78 35.80 35.81 35.83 35.84 35.85 35.86
34.93 34.94 34.94 34.95 34.95 34.96 34.97 34.98 34.99 34.99 35.00 35.02 35.03 35.03 35.04 35.06 35.06 35.07 35.09 35.10 35.10 35.12 35.13 35.14 35.15 35.17 35.17 35.19 35.20 35.21 35.23 35.23 35.25 35.27 35.27 35.29 35.30 35.31 35.33 35.34 35.35 35.36 35.38 35.39 35.40 35.41 35.43 35.44 35.45 35.46 35.48 35.49 35.51 35.52 35.53 35.54 35.56 35.57 35.59 35.60 35.60 35.62 35.63 35.65 35.66 35.68 35.69 35.70 35.71 35.72 35.74 35.75 35.76 35.78 35.79 35.80 35.82 35.83
34.91 34.91 34.92 34.93 34.94 34.95 34.94 34.95 34.97 34.98 34.98 34.99 35.00 35.01 35.01 35.03 35.04 35.05 35.06 35.07 35.08 35.09 35.10 35.12 35.12 35.14 35.15 35.16 35.17 35.18 35.19 35.21 35.22 35.23 35.24 35.25 35.27 35.28 35.29 35.30 35.32 35.34 35.34 35.36 35.37 35.38 35.39 35.41 35.42 35.44 35.44 35.46 35.47 35.49 35.50 35.51 35.52 35.53 35.55 35.56 35.58 35.58 35.60 35.61 35.63 35.64 35.65 35.67 35.68 35.69 35.70 35.71 35.73 35.74 35.76 35.77 35.78 35.80
34.89 34.90 34.90 34.90 34.91 34.92 34.93 34.93 34.94 34.95 34.96 34.97 34.97 34.98 35.00 35.00 35.01 35.02 35.04 35.04 35.05 35.07 35.07 35.08 35.10 35.10 35.12 35.13 35.14 35.15 35.16 35.18 35.19 35.20 35.21 35.22 35.24 35.25 35.26 35.28 35.28 35.30 35.31 35.32 35.33 35.35 35.36 35.37 35.39 35.40 35.42 35.42 35.43 35.45 35.47 35.48 35.48 35.50 35.51 35.53 35.54 35.56 35.56 35.57 35.59 35.60 35.62 35.63 35.65 35.66 35.66 35.68 35.69 35.71 35.72 35.73 35.75 35.76
34.87 34.88 34.88 34.89 34.89 34.90 34.90 34.91 34.91 34.92 34.93 34.94 34.95 34.96 34.97 34.98 34.99 34.99 35.01 35.02 35.02 35.04 35.05 35.05 35.07 35.08 35.09 35.10 35.12 35.12 35.14 35.14 35.16 35.17 35.18 35.20 35.20 35.22 35.23 35.24 35.26 35.26 35.28 35.29 35.31 35.31 35.33 35.34 35.35 35.37 35.38 35.40 35.41 35.41 35.43 35.44 35.46 35.47 35.48 35.49 35.51 35.52 35.53 35.55 35.55 35.57 35.58 35.60 35.61 35.62 35.64 35.64 35.66 35.67 35.68 35.70 35.71 35.72
34.85 34.86 34.86 34.87 34.88 34.88 34.88 34.89 34.90 34.91 34.91 34.92 34.93 34.94 34.94 34.95 34.96 34.97 34.98 34.99 35.00 35.01 35.02 35.03 35.04 35.05 35.06 35.07 35.08 35.10 35.10 35.12 35.12 35.14 35.16 35.16 35.18 35.18 35.20 35.22 35.22 35.24 35.25 35.26 35.27 35.29 35.29 35.31 35.32 35.34 35.34 35.36 35.37 35.39 35.39 35.41 35.42 35.44 35.45 35.46 35.47 35.49 35.50 35.51 35.53 35.53 35.55 35.56 35.57 35.59 35.60 35.62 35.63 35.63 35.65 35.66 35.67 35.69
34.84 34.85 34.84 34.85 34.85 34.86 34.87 34.87 34.87 34.88 34.89 34.89 34.90 34.91 34.92 34.92 34.93 34.95 34.96 34.96 34.97 34.99 34.99 35.00 35.02 35.02 35.03 35.05 35.05 35.07 35.08 35.09 35.10 35.11 35.12 35.14 35.14 35.16 35.17 35.18 35.19 35.20 35.22 35.23 35.24 35.25 35.27 35.28 35.29 35.30 35.32 35.32 35.34 35.35 35.37 35.38 35.39 35.40 35.42 35.43 35.43 35.45 35.46 35.48 35.49 35.51 35.51 35.52 35.54 35.55 35.57 35.58 35.59 35.61 35.61 35.62 35.64 35.65
34.83 34.83 34.83 34.83 34.83 34.84 34.85 34.85 34.85 34.86 34.87 34.88 34.89 34.89 34.90 34.91 34.92 34.92 34.93 34.94 34.94 34.96 34.97 34.97 34.98 35.00 35.00 35.02 35.03 35.03 35.05 35.05 35.07 35.08 35.09 35.10 35.11 35.13 35.14 35.15 35.16 35.17 35.19 35.20 35.21 35.23 35.23 35.25 35.26 35.27 35.28 35.30 35.31 35.32 35.33 35.35 35.36 35.36 35.38 35.39 35.41 35.42 35.43 35.44 35.46 35.47 35.48 35.50 35.50 35.52 35.53 35.54 35.56 35.57 35.59 35.59 35.60 35.62
34.81 34.81 34.81 34.82 34.82 34.82 34.82 34.83 34.84 34.85 34.84 34.85 34.86 34.87 34.87 34.88 34.89 34.90 34.90 34.91 34.92 34.93 34.94 34.95 34.95 34.97 34.98 34.98 35.00 35.01 35.02 35.03 35.05 35.05 35.07 35.07 35.09 35.09 35.11 35.12 35.13 35.14 35.15 35.17 35.17 35.19 35.21 35.21 35.23 35.24 35.24 35.26 35.28 35.29 35.30 35.31 35.32 35.34 35.34 35.36 35.37 35.39 35.40 35.41 35.42 35.43 35.45 35.46 35.48 35.48 35.49 35.51 35.52 35.54 35.55 35.56 35.57 35.58
34.80 34.79 34.80 34.80 34.80 34.81 34.80 34.81 34.82 34.82 34.83 34.83 34.84 34.85 34.85 34.85 34.86 34.87 34.88 34.89 34.90 34.91 34.91 34.92 34.94 34.94 34.95 34.96 34.97 34.98 35.00 35.00 35.01 35.03 35.03 35.05 35.05 35.07 35.07 35.09 35.10 35.11 35.13 35.13 35.15 35.16 35.17 35.18 35.19 35.20 35.22 35.23 35.24 35.25 35.27 35.27 35.29 35.30 35.32 35.32 35.34 35.35 35.36 35.38 35.38 35.40 35.41 35.43 35.44 35.46 35.46 35.47 35.49 35.50 35.51 35.53 35.54 35.55
34.79 34.79 34.78 34.78 34.79 34.79 34.79 34.80 34.80 34.80 34.81 34.82 34.82 34.82 34.83 34.84 34.85 34.85 34.86 34.87 34.87 34.88 34.89 34.89 34.91 34.92 34.92 34.93 34.95 34.95 34.96 34.98 34.98 35.00 35.01 35.02 35.03 35.04 35.05 35.06 35.07 35.08 35.09 35.11 35.11 35.13 35.14 35.15 35.16 35.18 35.18 35.20 35.21 35.22 35.23 35.25 35.26 35.27 35.28 35.30 35.31 35.31 35.33 35.34 35.36 35.37 35.38 35.39 35.41 35.42 35.43 35.44 35.45 35.46 35.48 35.49 35.50 35.52
34.77 34.77 34.77 34.78 34.78 34.77 34.78 34.78 34.79 34.78 34.79 34.79 34.80 34.81 34.81 34.81 34.82 34.83 34.83 34.84 34.85 34.85 34.86 34.88 34.88 34.89 34.90 34.90 34.92 34.93 34.93 34.95 34.96 34.96 34.98 34.98 35.00 35.01 35.02 35.03 35.04 35.05 35.06 35.07 35.09 35.10 35.11 35.12 35.13 35.14 35.16 35.16 35.18 35.19 35.20 35.21 35.23 35.24 35.25 35.26 35.28 35.29 35.29 35.31 35.32 35.34 35.35 35.35 35.37 35.38 35.40 35.41 35.42 35.43 35.44 35.46 35.47 35.48
34.76 34.76 34.76 34.76 34.76 34.76 34.76 34.76 34.77 34.77 34.78 34.77 34.78 34.79 34.79 34.79 34.80 34.81 34.82 34.82 34.83 34.84 34.84 34.85 34.86 34.86 34.87 34.89 34.89 34.90 34.91 34.92 34.93 34.94 34.95 34.96 34.97 34.98 34.99 35.00 35.01 35.02 35.03 35.04 35.06 35.07 35.08 35.09 35.10 35.12 35.12 35.14 35.15 35.16 35.17 35.19 35.19 35.20 35.22 35.22 35.24 35.25 35.27 35.27 35.29 35.30 35.31 35.33 35.33 35.35 35.36 35.38 35.39 35.40 35.41 35.42 35.43 35.45
34.76 34.76 34.75 34.75 34.75 34.75 34.75 34.74 34.75 34.75 34.76 34.76 34.76 34.76 34.77 34.78 34.78 34.78 34.79 34.80 34.80 34.81 34.82 34.82 34.83 34.84 34.85 34.86 34.87 34.88 34.88 34.90 34.90 34.91 34.93 34.93 34.94 34.95 34.96 34.98 34.98 35.00 35.00 35.02 35.02 35.04 35.04 35.06 35.06 35.08 35.09 35.10 35.12 35.13 35.14 35.15 35.16 35.17 35.18 35.20 35.21 35.22 35.23 35.25 35.26 35.26 35.28 35.29 35.31 35.31 35.33 35.34 35.35 35.37 35.38 35.38 35.40 35.41
34.75 34.75 34.74 34.74 34.73 34.73 34.74 34.74 34.74 34.74 34.74 34.74 34.75 34.75 34.75 34.76 34.76 34.77 34.77 34.78 34.79 34.79 34.80 34.81 34.81 34.82 34.83 34.84 34.84 34.85 34.85 34.87 34.88 34.88 34.90 34.91 34.91 34.93 34.93 34.94 34.96 34.96 34.98 34.98 35.00 35.00 35.02 35.02 35.04 35.05 35.06 35.07 35.08 35.09 35.11 35.11 35.13 35.14 35.15 35.16 35.18 35.19 35.20 35.21 35.23 35.24 35.24 35.26 35.27 35.28 35.29 35.30 35.32 35.33 35.35 35.36 35.36 35.38
34.74 34.73 34.73 34.73 34.73 34.73 34.72 34.72 34.72 34.73 34.73 34.72 34.73 34.73 34.74 34.73 34.74 34.75 34.76 34.75 34.76 34.77 34.77 34.78 34.79 34.80 34.80 34.81 34.82 34.82 34.84 34.85 34.85 34.86 34.87 34.88 34.89 34.89 34.91 34.91 34.93 34.94 34.95 34.96 34.96 34.98 34.99 35.00 35.01 35.02 35.03 35.04 35.05 35.07 35.07 35.09 35.10 35.11 35.12 35.14 35.14 35.16 35.17 35.17 35.19 35.20 35.22 35.22 35.24 35.25 35.26 35.28 35.28 35.30 35.31 35.32 35.34 35.34
34.74 34.73 34.72 34.72 34.72 34.72 34.72 34.72 34.71 34.71 34.71 34.72 34.72 34.71 34.72 34.72 34.72 34.73 34.73 34.74 34.74 34.75 34.76 34.76 34.76 34.77 34.78 34.78 34.79 34.81 34.81 34.82 34.83 34.83 34.85 34.85 34.86 34.87 34.88 34.89 34.89 34.91 34.91 34.93 34.93 34.95 34.96 34.97 34.98 34.99 35.00 35.01 35.02 35.03 35.05 35.05 35.07 35.08 35.09 35.10 35.12 35.12 35.13 35.15 35.15 35.17 35.18 35.20 35.20 35.21 35.23 35.24 35.26 35.26 35.27 35.29 35.30 35.32
34.73 34.73 34.72 34.72 34.71 34.71 34.70 34.70 34.70 34.70 34.70 34.70 34.70 34.71 34.70 34.71 34.71 34.72 34.71 34.72 34.73 34.72 34.73 34.74 34.75 34.75 34.76 34.77 34.77 34.78 34.79 34.79 34.80 34.80 34.82 34.83 34.83 34.84 34.85 34.86 34.87 34.88 34.89 34.89 34.91 34.92 34.93 34.94 34.95 34.96 34.97 34.98 34.99 35.01 35.01 35.03 35.03 35.05 35.06 35.07 35.08 35.09 35.10 35.11 35.13 35.13 35.15 35.16 35.17 35.18 35.19 35.21 35.22 35.23 35.24 35.25 35.26 35.28
34.73 34.72 34.72 34.71 34.71 34.70 34.69 34.69 34.69 34.69 34.69 34.68 34.69 34.69 34.69 34.70 34.69 34.70 34.70 34.70 34.70 34.71 34.72 34.72 34.72 34.73 34.73 34.74 34.75 34.75 34.76 34.77 34.77 34.79 34.79 34.80 34.81 34.81 34.83 34.83 34.84 34.86 34.86 34.87 34.88 34.89 34.90 34.91 34.92 34.93 34.93 34.95 34.97 34.97 34.99 34.99 35.00 35.01 35.02 35.04 35.04 35.06 35.07 35.08 35.09 35.11 35.12 35.12 35.14 35.15 35.16 35.17 35.18 35.20 35.21 35.22 35.23 35.24
34.73 34.73 34.71 34.70 34.70 34.70 34.69 34.68 34.68 34.68 34.68 34.68 34.67 34.67 34.68 34.68 34.68 34.68 34.68 34.69 34.68 34.69 34.70 34.70 34.70 34.71 34.72 34.72 34.73 34.74 34.74 34.75 34.76 34.76 34.77 34.77 34.78 34.79 34.80 34.81 34.81 34.82 34.84 34.84 34.85 34.86 34.87 34.88 34.89 34.90 34.91 34.92 34.93 34.94 34.95 34.96 34.97 34.98 35.00 35.00 35.02 35.02 35.04 35.05 35.05 35.07 35.08 35.10 35.10 35.12 35.13 35.14 35.15 35.16 35.18 35.19 35.19 35.21
34.73 34.72 34.72 34.71 34.69 34.69 34.68 34.68 34.68 34.67 34.67 34.67 34.67 34.67 34.66 34.66 34.66 34.67 34.66 34.67 34.67 34.68 34.67 34.68 34.69 34.69 34.69 34.70 34.70 34.71 34.72 34.72 34.73 34.74 34.74 34.75 34.76 34.76 34.78 34.78 34.79 34.79 34.81 34.82 34.82 34.84 34.84 34.85 34.86 34.87 34.88 34.89 34.90 34.91 34.92 34.93 34.94 34.95 34.96 34.98 34.98 35.00 35.01 35.02 35.03 35.04 35.05 35.06 35.08 35.08 35.10 35.11 35.12 35.13 35.14 35.15 35.17 35.17
34.73 34.72 34.71 34.70 34.70 34.69 34.68 34.67 34.67 34.67 34.66 34.65 34.65 34.65 34.65 34.66 34.65 34.65 34.65 34.66 34.65 34.66 34.66 34.66 34.67 34.67 34.67 34.68 34.69 34.69 34.69 34.70 34.70 34.71 34.72 34.72 34.73 34.75 34.75 34.76 34.76 34.77 34.78 34.79 34.80 34.81 34.82 34.82 34.84 34.84 34.85 34.86 34.87 34.88 34.89 34.90 34.91 34.92 34.94 34.94 34.96 34.96 34.97 34.99 34.99 35.01 35.02 35.03 35.04 35.05 35.06 35.07 35.09 35.10 35.10 35.12 35.13 35.15
34.74 34.72 34.71 34.70 34.69 34.69 34.68 34.67 34.66 34.66 34.65 34.65 34.65 34.64 34.64 34.64 34.64 34.63 34.64 34.64 34.64 34.64 34.64 34.65 34.65 34.65 34.66 34.65 34.66 34.67 34.67 34.68 34.69 34.69 34.70 34.71 34.71 34.72 34.73 34.73 34.74 34.74 34.76 34.76 34.77 34.78 34.79 34.80 34.80 34.82 34.82 34.84 34.84 34.85 34.86 34.87 34.88 34.89 34.90 34.92 34.92 34.93 34.94 34.95 34.97 34.97 34.99 35.00 35.01 35.02 35.03 35.04 35.05 35.07 35.08 35.08 35.10 35.11
34.74 34.73 34.72 34.71 34.69 34.68 34.67 34.67 34.66 34.66 34.64 34.64 34.64 34.64 34.63 34.63 34.63 34.63 34.62 34.62 34.63 34.63 34.62 34.63 34.63 34.64 34.64 34.64 34.65 34.65 34.65 34.65 34.66 34.67 34.67 34.68 34.69 34.69 34.70 34.71 34.71 34.72 34.73 34.74 34.74 34.75 34.76 34.77 34.77 34.79 34.79 34.80 34.82 34.82 34.84 34.84 34.85 34.86 34.88 34.88 34.89 34.90 34.91 34.92 34.93 34.95 34.95 34.97 34.98 34.98 35.00 35.01 35.02 35.03 35.04 35.06 35.06 35.07
34.75 34.73 34.72 34.71 34.70 34.69 34.67 34.66 34.66 34.65 34.65 34.64 34.63 34.63 34.63 34.62 34.61 34.61 34.62 34.62 34.61 34.61 34.62 34.62 34.61 34.62 34.62 34.62 34.63 34.63 34.63 34.64 34.65 34.65 34.65 34.65 34.66 34.67 34.67 34.68 34.68 34.70 34.71 34.71 34.72 34.72 34.73 34.74 34.75 34.75 34.77 34.78 34.78 34.80 34.80 34.81 34.82 34.83 34.84 34.85 34.86 34.87 34.88 34.89 34.90 34.91 34.92 34.93 34.94 34.96 34.96 34.98 34.99 34.99 35.01 35.02 35.03 35.04
34.76 34.74 34.72 34.71 34.70 34.69 34.68 34.67 34.65 34.65 34.64 34.63 34.63 34.62 34.61 34.61 34.61 34.61 34.60 34.60 34.60 34.60 34.60 34.60 34.61 34.60 34.60 34.61 34.61 34.61 34.62 34.62 34.62 34.63 34.63 34.64 34.65 34.65 34.66 34.66 34.67 34.67 34.68 34.69 34.69 34.70 34.70 34.72 34.72 34.73 34.73 34.75 34.75 34.77 34.77 34.78 34.79 34.80 34.81 34.82 34.83 34.84 34.85 34.86 34.87 34.88 34.89 34.90 34.91 34.92 34.94 34.94 34.95 34.97 34.97 34.99 35.00 35.01
34.77 34.75 34.74 34.72 34.70 34.69 34.68 34.67 34.66 34.65 34.63 34.63 34.62 34.62 34.61 34.60 34.60 34.60 34.60 34.59 34.59 34.59 34.59 34.58 34.59 34.59 34.58 34.59 34.59 34.59 34.60 34.60 34.60 34.61 34.61 34.61 34.62 34.62 34.63 34.64 34.64 34.65 34.65 34.66 34.67 34.67 34.68 34.69 34.70 34.70 34.71 34.72 34.73 34.73 34.75 34.75 34.76 34.77 34.78 34.79 34.80 34.81 34.82 34.83 34.83 34.85 34.86 34.87 34.88 34.89 34.90 34.91 34.92 34.93 34.95 34.95 34.96 34.98
34.78 34.76 34.74 34.73 34.71 34.70 34.69 34.67 34.66 34.65 34.64 34.63 34.62 34.61 34.61 34.60 34.60 34.59 34.59 34.58 34.58 34.57 34.58 34.58 34.57 34.57 34.58 34.57 34.57 34.58 34.57 34.58 34.59 34.58 34.59 34.60 34.60 34.60 34.60 34.61 34.62 34.62 34.63 34.63 34.64 34.65 34.65 34.67 34.67 34.68 34.68 34.69 34.70 34.71 34.71 34.73 34.73 34.75 34.75 34.76 34.77 34.78 34.79 34.80 34.81 34.81 34.83 34.84 34.85 34.86 34.86 34.88 34.89 34.90 34.91 34.92 34.93 34.94
34.80 34.78 34.75 34.74 34.72 34.70 34.69 34.68 34.67 34.65 34.64 34.63 34.62 34.61 34.60 34.59 34.59 34.59 34.57 34.57 34.57 34.57 34.56 34.56 34.56 34.56 34.56 34.56 34.55 34.56 34.56 34.56 34.56 34.57 34.57 34.57 34.58 34.58 34.59 34.60 34.59 34.60 34.60 34.61 34.61 34.62 34.62 34.64 34.65 34.65 34.66 34.66 34.68 34.68 34.69 34.69 34.71 34.71 34.73 34.73 34.74 34.75 34.75 34.77 34.77 34.79 34.79 34.81 34.82 34.83 34.84 34.84 34.86 34.87 34.87 34.89 34.90 34.91
34.81 34.79 34.77 34.75 34.74 34.71 34.69 34.68 34.67 34.66 34.65 34.63 34.62 34.61 34.60 34.60 34.58 34.58 34.57 34.57 34.56 34.56 34.56 34.55 34.55 34.55 34.54 34.54 34.55 34.55 34.54 34.55 34.54 34.55 34.55 34.55 34.56 34.56 34.56 34.57 34.58 34.58 34.59 34.59 34.60 34.60 34.61 34.61 34.62 34.62 34.63 34.64 34.64 34.65 34.66 34.66 34.68 34.69 34.69 34.71 34.71 34.71 34.73 34.73 34.75 34.75 34.77 34.77 34.78 34.80 34.80 34.82 34.82 34.84 34.85 34.85 34.87 34.88
