main/data/pressure/09.07.2023.grid
ncols 886
nrows 691
xllcenter 112.0000
yllcenter -44.5000
cellsize 0.0500
nodata_value 99999.90
[rows 324 to 359 of 691, columns 328 to 409 of 886]
7.24 7.29 7.33 7.32 7.27 7.21 7.14 7.06 7.06 7.03 6.92 6.84 6.93 6.97 6.99 6.98 6.87 6.32 6.59 6.95 6.90 6.96 6.93 6.94 6.97 6.97 6.94 6.89 6.89 6.87 6.84 6.88 6.92 6.96 7.00 7.05 7.08 7.13 7.15 7.14 7.17 7.21 7.24 7.20 7.22 7.23 7.22 7.23 7.19 7.14 7.18 7.27 7.34 7.45 7.65 7.70 7.72 7.83 7.69 7.95 7.87 7.72 8.06 8.17 8.12 8.22 8.28 8.39 8.52 8.56 8.58 8.63 8.69 8.48 8.28 8.66 8.76 8.83 8.88 8.92 8.94 9.02
7.20 7.27 7.29 7.37 7.32 7.26 7.21 7.15 7.15 7.11 7.03 6.98 7.01 7.03 7.06 7.07 6.99 6.60 6.63 7.02 6.97 7.01 7.03 7.04 7.03 7.03 7.01 6.93 6.90 6.87 6.82 6.83 6.88 6.89 6.99 7.07 7.14 7.18 7.21 7.23 7.25 7.28 7.31 7.33 7.36 7.34 7.37 7.33 7.31 7.28 7.33 7.38 7.43 7.58 7.72 7.77 7.87 7.89 6.91 7.97 7.79 7.96 8.16 7.92 7.77 8.24 8.33 8.47 8.53 8.47 8.49 8.57 8.60 8.55 8.55 8.72 8.78 8.84 8.86 8.91 8.95 9.02
7.22 7.28 7.33 7.39 7.35 7.31 7.28 7.28 7.23 7.20 7.18 7.13 7.13 7.14 7.15 7.15 7.16 7.12 7.05 7.11 7.09 7.08 7.09 7.11 7.11 7.08 7.07 6.96 6.96 6.93 6.83 6.71 6.86 6.87 6.98 7.09 7.16 7.21 7.25 7.29 7.30 7.35 7.37 7.39 7.43 7.43 7.45 7.40 7.22 7.47 7.41 7.43 7.48 7.61 7.81 7.91 7.99 8.09 8.11 8.20 8.18 8.33 8.23 7.82 7.78 8.22 8.26 7.55 8.43 8.35 8.38 8.57 8.73 8.76 8.82 8.72 8.81 8.82 8.86 8.95 9.02 9.07
7.22 7.18 7.29 7.38 7.39 7.35 7.33 7.31 7.27 7.23 7.19 7.18 7.19 7.21 7.22 7.21 7.22 7.18 7.18 7.19 7.18 7.16 7.16 7.15 7.15 7.13 7.12 7.05 7.06 7.03 6.93 6.39 6.96 7.03 7.05 7.09 7.19 7.24 7.29 7.34 7.37 7.41 7.43 7.43 7.48 7.49 7.55 7.60 6.99 7.52 7.51 7.53 7.59 7.65 7.71 7.95 8.08 8.16 8.24 8.32 8.38 8.43 8.48 8.52 8.52 8.49 8.38 7.79 8.39 8.47 8.49 8.81 8.88 8.91 8.72 7.74 8.79 8.84 8.93 9.01 9.08 9.18
7.25 7.20 7.29 7.40 7.43 7.39 7.36 7.35 7.32 7.30 7.31 7.24 7.24 7.27 7.27 7.27 7.27 7.26 7.25 7.24 7.22 7.22 7.20 7.19 7.18 7.18 7.18 7.14 7.13 7.11 7.12 6.79 7.06 7.14 7.14 7.14 7.25 7.28 7.31 7.37 7.42 7.47 7.50 7.49 7.54 7.58 7.62 7.65 7.56 7.65 7.66 7.64 7.69 7.76 7.83 8.03 8.13 8.23 8.31 8.40 8.47 8.52 8.56 8.60 8.66 8.70 8.75 8.75 8.60 8.62 8.85 8.90 8.91 8.98 8.86 8.76 9.06 9.02 9.05 9.10 9.14 9.20
7.34 7.33 7.38 7.44 7.45 7.42 7.41 7.38 7.35 7.35 7.35 7.32 7.31 7.32 7.33 7.33 7.33 7.31 7.29 7.28 7.28 7.25 7.24 7.23 7.22 7.22 7.21 7.22 7.20 7.18 7.15 7.14 7.20 7.21 7.24 7.25 7.24 7.27 7.28 7.31 7.45 7.50 7.53 7.59 7.63 7.66 7.68 7.69 7.71 7.70 7.70 7.76 7.79 7.84 7.99 8.07 8.18 8.26 8.34 8.39 8.51 8.59 8.63 8.66 8.73 8.80 8.82 8.81 8.89 8.93 8.96 8.97 8.92 9.03 9.05 9.04 9.11 9.12 9.15 9.18 9.21 9.26
7.37 7.40 7.43 7.46 7.47 7.46 7.45 7.43 7.41 7.40 7.41 7.39 7.37 7.37 7.37 7.37 7.36 7.34 7.31 7.31 7.29 7.29 7.28 7.28 7.27 7.26 7.24 7.29 7.26 7.23 7.20 7.25 7.26 7.24 7.29 7.32 7.33 7.31 7.30 7.35 7.47 7.53 7.58 7.65 7.68 7.72 7.72 7.75 7.76 7.80 7.82 7.86 7.91 7.94 8.02 8.14 8.22 8.31 8.38 8.45 8.56 8.63 8.67 8.69 8.76 8.83 8.90 8.90 8.94 8.99 9.04 9.06 9.11 9.11 9.13 9.13 9.16 9.19 9.23 9.26 9.27 9.27
7.40 7.44 7.47 7.47 7.49 7.50 7.49 7.48 7.47 7.47 7.45 7.43 7.42 7.42 7.41 7.40 7.38 7.35 7.37 7.35 7.35 7.35 7.34 7.35 7.32 7.30 7.32 7.30 7.27 7.29 7.33 7.32 7.31 7.34 7.38 7.40 7.43 7.43 7.41 7.42 7.45 7.58 7.53 7.70 7.73 7.78 7.78 7.74 7.76 7.88 7.91 7.94 7.99 8.05 7.63 8.16 8.27 8.33 8.43 8.49 8.56 8.62 8.68 8.72 8.82 8.92 8.96 8.94 8.96 9.03 9.10 9.13 9.16 9.19 9.21 9.22 9.25 9.27 9.29 9.33 9.36 9.35
7.48 7.51 7.53 7.53 7.54 7.54 7.53 7.52 7.52 7.50 7.48 7.47 7.47 7.47 7.46 7.44 7.43 7.42 7.42 7.41 7.40 7.40 7.41 7.42 7.40 7.38 7.38 7.33 7.32 7.35 7.38 7.38 7.37 7.44 7.43 7.45 7.48 7.50 7.50 7.52 7.55 7.51 7.64 7.72 7.78 7.82 7.86 7.89 7.77 7.94 7.98 8.02 8.06 8.09 7.98 8.23 8.31 8.37 8.41 8.48 8.54 8.59 8.67 8.80 8.89 8.96 9.00 9.00 9.03 9.11 9.15 9.20 9.24 9.25 9.26 9.29 9.32 9.35 9.37 9.39 9.42 9.41
7.57 7.58 7.59 7.59 7.58 7.58 7.57 7.57 7.56 7.53 7.52 7.52 7.51 7.52 7.50 7.49 7.47 7.45 7.45 7.44 7.44 7.46 7.47 7.47 7.45 7.43 7.43 7.40 7.37 7.39 7.42 7.45 7.45 7.49 7.49 7.49 7.54 7.54 7.55 7.59 7.62 7.68 7.71 7.76 7.81 7.88 7.91 7.95 7.25 7.98 8.03 8.09 8.11 8.12 8.18 8.27 8.32 8.37 8.43 8.50 8.56 8.62 8.69 8.84 8.91 9.02 9.07 9.08 9.07 9.12 9.19 9.26 9.30 9.31 9.33 9.35 9.39 9.40 9.41 9.44 9.46 9.46
7.58 7.60 7.63 7.63 7.62 7.61 7.61 7.60 7.60 7.58 7.57 7.57 7.58 7.56 7.53 7.49 7.48 7.46 7.48 7.47 7.48 7.49 7.51 7.50 7.46 7.45 7.46 7.42 7.44 7.48 7.49 7.52 7.54 7.56 7.54 7.46 7.59 7.61 7.62 7.64 7.66 7.72 7.80 7.82 7.85 7.92 7.96 8.00 7.93 8.05 8.11 8.14 8.18 8.21 8.26 8.31 8.36 8.42 8.48 8.54 8.59 8.64 8.74 8.86 8.95 9.05 9.12 9.13 9.13 9.19 9.24 9.13 9.35 9.37 9.39 9.41 9.44 9.45 9.47 9.48 9.50 9.48
7.57 7.62 7.67 7.66 7.66 7.66 7.65 7.65 7.64 7.63 7.62 7.59 7.59 7.58 7.55 7.46 7.46 7.47 7.49 7.47 7.46 7.49 7.50 7.49 7.47 7.50 7.53 7.46 7.48 7.55 7.57 7.59 7.60 7.59 7.51 7.14 7.58 7.68 7.69 7.75 7.77 7.82 7.84 7.84 7.89 7.97 8.01 8.03 8.09 8.10 8.14 8.19 8.22 8.25 8.30 8.33 8.39 8.45 8.52 8.57 8.63 8.68 8.76 8.86 8.95 9.05 9.13 9.19 9.23 9.24 9.20 9.17 9.30 9.42 9.46 9.48 9.50 9.51 9.50 9.50 9.51 9.54
7.62 7.65 7.68 7.71 7.70 7.69 7.67 7.65 7.66 7.67 7.64 7.54 7.60 7.56 7.55 7.49 7.51 7.53 7.50 7.47 7.46 7.47 7.47 7.46 7.49 7.56 7.60 7.54 7.53 7.56 7.61 7.64 7.63 7.63 7.59 7.63 7.69 7.74 7.77 7.83 7.85 7.89 7.88 7.89 7.93 8.01 8.06 8.09 8.12 8.14 8.17 8.22 8.25 8.29 8.34 8.37 8.41 8.47 8.53 8.59 8.66 8.69 8.75 8.85 8.95 9.05 9.12 9.21 9.27 9.33 9.32 9.40 9.41 9.47 9.51 9.54 9.55 9.55 9.53 9.53 9.55 9.60
7.68 7.69 7.70 7.72 7.74 7.72 7.70 7.69 7.69 7.68 7.62 7.42 7.34 7.52 7.57 7.58 7.60 7.59 7.54 7.52 7.50 7.47 7.51 7.50 7.54 7.60 7.63 7.61 7.59 7.60 7.64 7.67 7.69 7.68 7.67 7.69 7.74 7.78 7.83 7.87 7.90 7.95 7.95 7.96 7.97 8.02 8.07 8.13 8.16 8.19 8.21 8.26 8.29 8.32 8.35 8.39 8.44 8.49 8.55 8.62 8.68 8.71 8.73 8.81 8.92 8.99 9.08 9.16 9.24 9.32 9.39 9.45 9.49 9.53 9.55 9.58 9.59 9.60 9.57 9.56 9.57 9.58
7.65 7.68 7.72 7.76 7.78 7.78 7.76 7.74 7.73 7.74 7.72 7.66 7.50 7.62 7.66 7.67 7.65 7.61 7.57 7.57 7.56 7.55 7.60 7.64 7.66 7.65 7.67 7.67 7.68 7.70 7.70 7.72 7.73 7.74 7.73 7.75 7.77 7.80 7.87 7.92 7.97 8.00 8.02 8.03 8.05 8.06 8.12 8.19 8.21 8.23 8.26 8.28 8.29 8.28 8.33 8.39 8.43 8.46 8.56 8.64 8.67 8.68 8.70 8.79 8.88 8.93 9.05 9.15 9.22 9.28 9.31 9.39 9.48 9.50 9.53 9.58 9.56 9.51 9.54 9.51 9.52 9.53
7.55 7.64 7.75 7.81 7.82 7.82 7.82 7.82 7.81 7.79 7.79 7.80 7.74 7.74 7.73 7.71 7.67 7.64 7.63 7.62 7.58 7.64 7.69 7.66 7.67 7.67 7.72 7.71 7.70 7.74 7.73 7.74 7.75 7.70 7.77 7.81 7.82 7.87 7.92 7.95 8.01 8.06 8.09 8.10 8.13 8.10 8.13 8.21 8.25 8.27 8.31 8.31 8.31 8.32 8.35 8.40 8.32 8.41 8.58 8.66 8.67 8.69 8.73 8.84 8.86 8.92 9.05 9.13 9.19 9.25 9.31 9.37 9.44 9.49 9.54 9.55 9.53 9.54 9.50 9.47 9.47 9.51
7.61 7.66 7.72 7.78 7.82 7.87 7.87 7.88 7.89 7.86 7.85 7.84 7.80 7.80 7.78 7.76 7.71 7.69 7.67 7.69 7.67 7.70 7.70 7.75 7.69 7.75 7.75 7.70 7.67 7.72 7.64 7.70 7.76 7.80 7.86 7.88 7.87 7.92 7.96 7.99 8.06 8.11 8.11 8.07 8.16 8.15 8.16 8.23 8.29 8.33 8.36 8.37 8.36 8.39 8.43 8.46 8.41 8.50 8.62 8.69 8.69 8.68 8.77 8.86 8.90 8.94 9.05 9.11 9.14 9.23 9.29 9.36 9.43 9.46 9.50 9.49 9.48 9.49 9.48 9.47 9.48 9.12
7.68 7.70 7.71 7.76 7.84 7.90 7.92 7.93 7.94 7.91 7.91 7.89 7.89 7.87 7.81 7.77 7.76 7.77 7.71 7.76 7.78 7.80 7.80 7.77 7.77 7.74 7.69 7.73 7.70 7.65 7.65 7.73 7.81 7.87 7.92 7.95 7.96 8.01 8.04 8.08 8.12 8.15 8.16 7.97 8.16 8.20 8.19 8.25 8.29 8.34 8.40 8.44 8.47 8.49 8.49 8.50 8.54 8.60 8.66 8.72 8.74 8.77 8.79 8.87 8.95 9.00 9.07 9.14 9.18 9.22 9.28 9.39 9.38 9.45 9.45 9.43 9.39 9.40 9.43 9.44 9.51 9.18
7.83 7.82 7.81 7.82 7.86 7.91 7.94 7.97 7.97 7.95 7.94 7.93 7.93 7.91 7.86 7.82 7.82 7.84 7.78 7.69 7.84 7.83 7.79 7.78 7.81 7.82 7.74 7.66 7.76 7.79 7.82 7.83 7.89 7.95 7.99 8.03 8.07 8.09 8.13 8.17 8.18 8.20 8.19 8.13 8.20 8.22 8.23 8.27 8.30 8.36 8.42 8.46 8.51 8.55 8.56 8.57 8.64 8.69 8.72 8.75 8.76 8.78 8.81 8.86 8.94 9.04 9.09 9.14 9.18 9.22 9.27 9.35 9.40 9.41 9.40 9.36 9.23 9.23 9.39 9.49 9.52 9.51
7.90 7.91 7.90 7.88 7.88 7.94 7.98 8.01 8.01 8.00 7.98 7.95 7.94 7.93 7.94 7.88 7.85 7.86 7.91 7.87 7.89 7.85 7.83 7.85 7.87 7.87 7.65 7.50 7.83 7.86 7.85 7.91 7.96 8.01 8.06 8.10 8.14 8.16 8.21 8.22 8.23 8.24 8.24 8.22 8.23 8.24 8.27 8.31 8.32 8.38 8.46 8.51 8.54 8.59 8.62 8.66 8.71 8.74 8.75 8.78 8.79 8.80 8.85 8.89 8.95 9.07 9.07 9.09 9.16 9.24 9.28 9.36 9.39 9.40 9.42 9.44 9.34 9.40 9.51 9.50 9.54 9.55
7.89 7.96 7.89 7.88 7.94 8.01 8.04 8.05 8.06 8.05 8.01 7.98 7.97 7.97 8.00 7.96 7.90 7.90 7.97 7.96 7.95 7.92 7.92 7.94 7.94 7.95 7.92 7.85 7.95 7.94 7.91 7.97 8.01 8.09 8.14 8.18 8.20 8.24 8.28 8.27 8.28 8.27 8.25 8.25 8.24 8.27 8.34 8.38 8.38 8.43 8.51 8.56 8.59 8.63 8.68 8.70 8.73 8.78 8.79 8.81 8.83 8.84 8.89 8.95 9.03 9.09 9.08 9.09 9.14 9.23 9.30 9.35 9.39 9.41 9.45 9.49 9.50 9.55 9.58 9.55 9.58 9.59
8.01 8.02 7.97 7.97 8.03 8.09 8.10 8.10 8.11 8.08 8.04 8.03 8.00 8.00 8.05 8.00 7.92 7.96 8.02 8.02 8.02 8.02 8.02 8.02 8.01 8.03 8.03 8.02 8.04 8.03 8.03 8.03 8.07 8.12 8.19 8.26 8.30 8.31 8.33 8.34 8.33 8.30 8.29 8.29 8.31 8.32 8.36 8.42 8.48 8.51 8.56 8.62 8.65 8.68 8.72 8.75 8.80 8.83 8.85 8.87 8.88 8.88 8.92 8.99 9.07 9.11 9.15 9.16 9.14 9.24 9.31 9.36 9.41 9.41 9.46 9.52 9.53 9.56 9.61 9.61 9.62 9.64
8.01 8.06 8.07 8.08 8.11 8.14 8.15 8.15 8.15 8.13 8.11 8.09 8.09 8.11 8.11 8.01 7.77 8.00 8.09 8.07 8.07 8.10 8.10 8.10 8.09 8.11 8.12 8.12 8.12 8.12 8.14 7.91 8.14 8.18 8.25 8.33 8.36 8.38 8.38 8.39 8.36 8.34 8.32 8.32 8.37 8.40 8.40 8.43 8.50 8.56 8.63 8.68 8.70 8.74 8.77 8.80 8.84 8.88 8.91 8.93 8.91 8.88 8.88 8.95 9.03 9.10 9.16 9.21 9.24 9.29 9.34 9.38 9.43 9.46 9.48 9.55 9.55 9.59 9.62 9.60 9.64 9.67
7.99 8.05 8.11 8.15 8.17 8.20 8.21 8.20 8.20 8.20 8.19 8.18 8.19 8.18 8.18 8.15 8.04 8.10 8.14 8.11 8.11 8.16 8.17 8.17 8.17 8.18 8.20 8.21 8.21 8.21 8.21 8.01 8.27 8.26 8.32 8.38 8.39 8.41 8.40 8.43 8.41 8.37 8.37 8.38 8.43 8.48 8.49 8.51 8.55 8.59 8.66 8.72 8.76 8.78 8.82 8.86 8.88 8.93 8.96 8.97 8.94 8.94 8.95 8.97 9.05 9.12 9.19 9.24 9.28 9.30 9.34 9.38 9.43 9.46 9.49 9.54 9.60 9.60 9.63 9.65 9.68 9.71
7.99 8.04 8.10 8.15 8.19 8.23 8.25 8.25 8.24 8.26 8.26 8.26 8.25 8.25 8.25 8.24 8.21 8.21 8.19 8.17 8.18 8.20 8.22 8.24 8.23 8.25 8.27 8.28 8.29 8.31 8.31 8.32 8.39 8.36 8.43 8.44 8.38 8.37 8.14 8.40 8.44 8.38 8.40 8.45 8.50 8.54 8.59 8.62 8.65 8.68 8.70 8.74 8.80 8.84 8.88 8.91 8.94 8.97 8.99 8.98 9.00 9.02 9.04 9.03 9.08 9.12 9.20 9.24 9.29 9.29 9.35 9.38 9.41 9.47 9.55 9.55 9.62 9.64 9.64 9.67 9.71 9.74
7.98 8.03 8.09 8.14 8.20 8.25 8.30 8.28 8.28 8.30 8.31 8.31 8.31 8.31 8.29 8.29 8.27 8.27 8.28 8.27 8.27 8.25 8.26 8.29 8.30 8.32 8.34 8.35 8.36 8.38 8.39 8.42 8.45 8.47 8.51 8.44 8.38 8.41 8.37 8.46 8.43 8.40 8.47 8.53 8.57 8.62 8.67 8.71 8.74 8.77 8.77 8.78 8.84 8.89 8.93 8.96 8.99 9.00 9.01 9.02 9.06 9.07 9.09 9.10 9.11 9.14 9.22 9.24 9.30 9.33 9.34 9.37 9.45 9.50 9.48 9.47 9.55 9.67 9.68 9.70 9.72 9.77
8.02 8.05 8.09 8.16 8.23 8.30 8.35 8.32 8.32 8.34 8.36 8.35 8.32 8.36 8.35 8.34 8.34 8.34 8.33 8.32 8.31 8.29 8.29 8.32 8.35 8.36 8.41 8.43 8.44 8.46 8.49 8.51 8.52 8.52 8.56 8.52 8.49 8.51 8.51 8.53 8.51 8.51 8.52 8.55 8.66 8.70 8.74 8.75 8.82 8.85 8.87 8.85 8.90 8.94 8.98 9.01 9.04 9.05 9.09 9.10 9.13 9.14 9.16 9.15 9.16 9.18 9.20 9.21 9.28 9.27 9.34 9.42 9.48 9.44 9.49 9.53 9.58 9.64 9.72 9.72 9.74 9.78
8.06 8.09 8.12 8.17 8.27 8.37 8.40 8.40 8.40 8.40 8.41 8.41 8.42 8.41 8.40 8.40 8.39 8.37 8.36 8.34 8.33 8.32 8.33 8.38 8.43 8.46 8.48 8.50 8.53 8.55 8.59 8.60 8.61 8.62 8.61 8.59 8.59 8.60 8.62 8.62 8.61 8.60 8.60 8.56 8.69 8.73 8.82 8.82 8.86 8.92 8.95 8.91 8.95 8.98 9.02 9.03 9.08 9.12 9.12 9.16 9.19 9.20 9.21 9.20 9.21 9.22 9.15 9.21 9.28 9.33 9.43 9.50 9.54 9.53 9.55 9.64 9.66 9.68 9.73 9.77 9.80 9.82
8.17 8.17 8.19 8.23 8.30 8.37 8.42 8.46 8.48 8.47 8.47 8.47 8.44 8.41 8.44 8.44 8.44 8.41 8.39 8.37 8.34 8.35 8.40 8.44 8.49 8.52 8.55 8.56 8.59 8.62 8.64 8.67 8.68 8.69 8.69 8.66 8.62 8.68 8.72 8.70 8.69 8.69 8.72 8.68 8.77 8.81 8.87 8.89 8.92 8.96 9.01 8.98 9.02 9.04 9.07 9.11 9.14 9.16 9.17 9.21 9.25 9.29 9.27 9.29 9.30 9.29 9.25 9.30 9.36 9.39 9.41 9.54 9.62 9.64 9.66 9.68 9.75 9.78 9.78 9.81 9.83 9.86
8.26 8.24 8.26 8.29 8.31 8.37 8.43 8.48 8.52 8.53 8.53 8.53 8.55 8.49 8.50 8.50 8.48 8.46 8.42 8.40 8.38 8.38 8.46 8.51 8.54 8.56 8.60 8.63 8.66 8.69 8.71 8.73 8.73 8.74 8.74 8.73 8.73 8.75 8.78 8.78 8.77 8.77 8.78 8.79 8.87 8.89 8.95 8.97 8.99 9.04 9.06 9.05 9.06 9.09 9.11 9.15 9.20 9.22 9.24 9.26 9.30 9.32 9.35 9.38 9.40 9.32 9.28 9.35 9.45 9.52 9.55 9.63 9.69 9.73 9.74 9.65 9.78 9.83 9.85 9.84 9.86 9.91
8.31 8.30 8.29 8.28 8.31 8.36 8.42 8.49 8.54 8.59 8.58 8.58 8.58 8.56 8.55 8.55 8.53 8.50 8.49 8.45 8.39 8.36 8.41 8.52 8.57 8.59 8.63 8.67 8.71 8.74 8.75 8.78 8.80 8.81 8.81 8.82 8.82 8.84 8.86 8.88 8.87 8.85 8.86 8.90 8.95 8.98 9.01 9.08 9.10 9.11 9.15 9.16 9.19 9.19 9.21 9.23 9.25 9.29 9.30 9.33 9.35 9.36 9.37 9.38 9.36 9.33 9.33 9.35 9.47 9.48 9.60 9.57 9.65 9.70 9.72 9.76 9.70 9.88 9.90 9.91 9.92 9.94
8.38 8.36 8.30 8.29 8.32 8.35 8.44 8.52 8.59 8.63 8.62 8.60 8.55 8.55 8.60 8.58 8.54 8.52 8.52 8.48 8.40 8.34 8.37 8.44 8.47 8.53 8.59 8.64 8.69 8.74 8.78 8.83 8.87 8.88 8.90 8.91 8.91 8.93 8.96 8.98 8.96 8.94 8.96 8.97 9.00 9.05 9.06 9.02 9.10 9.14 9.17 9.16 9.16 9.20 9.24 9.25 9.31 9.29 9.29 9.34 9.36 9.36 9.36 9.36 9.35 9.39 9.44 9.50 9.52 9.59 9.58 9.61 9.67 9.68 9.73 9.79 9.85 9.83 9.87 9.89 9.92 10.04
8.52 8.46 8.38 8.35 8.37 8.41 8.48 8.57 8.65 8.69 8.70 8.69 8.68 8.68 8.67 8.61 8.57 8.54 8.51 8.49 8.46 8.43 8.44 8.49 8.49 8.53 8.58 8.60 8.65 8.70 8.76 8.81 8.89 8.94 8.97 8.99 9.00 9.01 9.02 9.01 9.01 9.00 8.94 8.96 9.00 9.03 9.11 9.15 9.17 9.18 9.20 9.21 9.19 9.20 9.23 9.28 9.33 9.26 9.31 9.32 9.37 9.36 9.35 9.40 9.39 9.45 9.53 9.64 9.69 9.72 9.71 9.66 9.68 9.81 9.82 9.87 9.90 9.92 9.91 9.86 9.95 10.02
8.64 8.56 8.45 8.41 8.43 8.47 8.53 8.61 8.69 8.73 8.77 8.77 8.74 8.70 8.69 8.66 8.62 8.60 8.54 8.52 8.58 8.58 8.62 8.68 8.69 8.66 8.68 8.70 8.70 8.68 8.67 8.75 8.87 8.99 9.01 9.05 9.03 9.08 9.08 9.04 9.04 9.00 8.93 8.93 8.97 9.03 9.11 9.20 9.24 9.27 9.28 9.30 9.32 9.25 9.23 9.28 9.29 9.35 9.49 9.43 9.45 9.47 9.45 9.50 9.51 9.52 9.59 9.64 9.78 9.78 9.88 9.80 9.71 9.86 9.95 10.00 9.93 10.05 9.99 9.97 10.03 9.97
8.69 8.64 8.55 8.48 8.47 8.51 8.57 8.64 8.70 8.76 8.82 8.83 8.78 8.63 8.72 8.71 8.68 8.66 8.56 8.56 8.64 8.72 8.77 8.82 8.80 8.78 8.82 8.89 8.84 8.77 8.73 8.73 8.83 8.91 8.95 9.05 9.12 9.17 9.17 9.10 9.09 9.04 9.02 8.96 8.98 9.07 9.15 9.24 9.30 9.31 9.34 9.38 9.39 9.31 9.27 9.36 9.39 9.40 9.56 9.52 9.54 9.59 9.50 9.59 9.61 9.58 9.64 9.64 9.75 9.89 9.88 9.93 9.79 9.87 9.83 9.99 9.95 10.12 10.05 10.13 10.09 10.07
8.74 8.71 8.64 8.58 8.52 8.53 8.60 8.67 8.72 8.76 8.83 8.89 8.89 8.76 8.71 8.75 8.75 8.70 8.59 8.56 8.64 8.75 8.77 8.67 8.75 8.82 8.88 9.02 8.99 8.91 8.93 8.86 8.88 8.98 9.02 9.07 9.10 9.22 9.24 9.21 9.20 9.09 9.07 9.04 9.03 9.09 9.18 9.26 9.29 9.34 9.38 9.43 9.45 9.49 9.39 9.52 9.60 9.50 9.62 9.67 9.66 9.66 9.57 9.75 9.75 9.66 9.65 9.80 9.76 9.91 9.92 9.90 9.82 9.86 9.96 10.00 10.06 10.14 10.10 10.17 10.24 10.20
