main/data/pressure/10.03.2023.grid
ncols 886
nrows 691
xllcenter 112.0000
yllcenter -44.5000
cellsize 0.0500
nodata_value 99999.90
[rows 72 to 107 of 691, columns 400 to 479 of 886]
28.07 28.35 28.16 28.01 27.80 27.31 26.34 26.38 26.26 26.40 25.47 25.78 25.58 26.30 25.92 25.83 25.76 25.12 24.52 24.91 24.83 24.33 24.00 23.98 24.03 24.19 24.08 24.22 24.23 23.91 23.92 24.15 24.43 24.50 24.69 24.90 25.09 25.22 25.36 25.53 25.63 25.71 25.83 25.94 26.03 26.09 26.17 26.25 25.88 26.09 26.08 26.07 26.04 25.99 25.92 25.86 25.91 25.90 26.12 26.07 26.12 26.12 26.18 25.74 25.46 25.93 26.21 26.33 26.60 26.73 26.94 27.05 27.12 27.27 27.38 27.58 27.72 27.85 27.97 28.05
28.39 27.88 27.80 27.83 27.67 27.40 27.26 26.61 26.18 25.57 25.46 25.47 25.86 25.88 25.20 25.30 25.12 24.84 25.07 25.03 24.89 23.99 24.01 24.02 24.11 24.06 24.18 24.00 24.09 23.90 24.05 24.14 24.33 24.53 24.70 24.87 25.00 25.05 25.20 25.38 25.54 25.59 25.67 25.74 25.77 25.76 25.88 26.14 26.12 26.05 26.07 25.63 25.88 25.96 25.97 25.77 25.91 26.00 26.01 26.02 25.99 25.99 25.98 25.84 26.17 26.17 26.24 26.18 26.47 26.64 26.82 26.06 26.99 27.25 27.35 27.46 27.68 27.82 27.91 27.96
28.20 27.75 27.59 27.51 27.48 27.03 26.98 26.72 26.33 25.86 25.57 25.28 25.39 25.64 25.51 25.09 24.98 24.82 25.00 24.90 24.57 24.15 23.66 24.05 24.20 24.06 23.88 23.62 23.60 23.69 24.00 24.15 24.28 24.43 24.69 24.84 24.88 24.86 24.97 25.22 25.35 25.41 25.48 25.54 25.60 25.49 25.59 25.96 26.10 26.05 26.03 25.51 25.72 25.88 25.80 25.78 25.85 25.86 25.80 25.90 25.87 25.88 26.01 25.75 26.00 26.12 26.10 26.08 26.26 26.18 26.62 26.63 26.88 27.13 27.00 27.32 27.61 27.75 27.83 27.84
28.10 27.94 27.70 27.10 26.87 26.44 26.62 26.77 26.46 25.99 25.55 25.10 25.12 25.29 25.19 24.89 25.07 24.94 24.89 24.57 24.72 24.42 23.87 24.19 23.86 23.65 23.51 23.64 23.60 23.50 23.80 23.72 24.23 24.47 24.68 24.82 24.92 24.94 24.99 25.16 25.24 25.24 25.28 25.31 25.54 25.67 25.74 25.82 25.83 26.03 25.99 25.82 25.82 25.86 25.82 25.78 25.64 25.76 25.76 25.78 25.79 25.85 25.95 25.58 25.99 26.05 26.06 26.15 26.27 26.00 26.54 26.30 26.44 26.96 27.18 27.35 27.57 27.69 27.71 27.71
27.77 27.61 27.56 27.16 27.02 26.99 26.80 26.62 26.30 25.91 25.46 25.11 24.82 24.85 24.86 24.48 24.67 24.95 24.41 24.02 23.86 23.95 23.87 23.54 23.41 23.38 23.37 23.49 23.76 23.68 23.77 24.08 24.29 24.48 24.66 24.74 24.92 25.05 25.01 25.11 25.26 25.25 25.21 25.09 25.16 25.76 25.89 25.90 25.75 25.96 25.93 25.75 25.83 25.78 25.74 25.70 25.68 25.62 25.61 25.63 25.69 25.79 25.88 25.87 25.86 25.72 25.97 26.13 26.17 26.21 26.47 26.24 26.53 26.82 27.10 27.31 27.48 27.56 27.55 27.58
27.96 27.67 27.54 27.26 27.09 26.67 26.67 26.23 25.59 25.75 25.32 25.17 25.02 24.65 25.07 24.58 25.04 24.48 24.16 24.11 23.80 23.88 23.65 23.53 23.39 23.47 23.67 23.60 23.77 23.86 23.81 24.14 24.28 24.38 24.48 24.75 24.90 25.02 25.09 24.91 25.07 25.34 25.38 25.47 25.63 25.79 25.82 25.89 25.95 25.89 25.85 25.81 25.77 25.65 25.57 25.56 25.52 25.48 25.41 25.45 25.54 25.56 25.82 25.88 25.89 25.79 25.97 26.10 26.21 26.28 26.25 26.51 26.67 26.83 27.01 27.19 27.36 27.38 27.28 27.39
27.83 27.72 27.50 27.14 26.65 26.86 26.55 26.17 25.89 25.54 25.33 25.29 25.10 24.84 25.07 25.02 24.88 24.06 24.38 24.14 23.86 23.76 23.32 23.43 23.21 23.50 23.64 23.72 23.79 23.88 23.77 23.92 24.14 24.25 24.33 24.58 24.80 24.96 25.06 24.91 25.18 25.37 25.50 25.41 25.40 25.45 25.59 25.72 25.87 25.85 25.70 25.64 25.56 25.41 25.34 25.31 25.60 25.47 24.99 25.07 25.38 25.61 25.71 25.77 25.86 25.92 25.98 26.04 26.13 26.02 26.16 26.39 26.54 26.66 26.84 27.08 27.16 27.15 27.14 27.25
27.82 27.66 27.32 27.14 27.05 26.21 25.83 26.16 25.59 25.43 25.28 25.22 25.35 25.16 25.09 25.07 24.93 24.64 24.57 23.87 24.10 23.80 23.68 23.46 23.17 23.40 23.66 23.73 23.32 23.72 24.01 24.09 24.15 24.23 24.31 24.50 24.70 24.81 24.98 25.15 25.30 25.38 25.41 25.33 25.38 25.48 25.51 25.54 25.74 25.79 25.61 25.54 25.35 25.07 25.13 25.14 25.45 25.55 25.27 25.09 25.16 25.30 25.56 25.69 25.81 25.90 25.97 26.01 26.04 26.15 26.23 26.32 26.39 26.47 26.68 26.90 26.94 26.95 27.03 27.17
27.74 27.58 27.37 26.69 26.53 26.26 26.30 25.84 25.52 25.41 25.16 24.88 24.67 24.97 25.19 25.09 24.83 24.56 24.18 24.39 24.14 23.45 23.24 23.44 23.12 23.28 23.36 23.69 23.64 23.30 23.65 23.64 24.13 24.34 24.21 24.44 24.68 24.67 24.49 24.93 25.22 25.35 25.43 25.48 25.49 25.57 25.57 25.39 25.66 25.72 25.49 25.32 25.08 24.83 24.83 25.23 25.38 25.49 25.52 25.53 25.50 25.33 25.44 25.58 25.70 25.80 25.90 25.95 25.98 26.06 26.17 26.24 26.28 26.39 26.56 26.70 26.80 26.88 27.04 27.03
27.70 27.48 27.26 26.98 26.48 26.36 26.01 25.55 25.65 25.23 25.08 24.80 24.79 24.79 25.06 25.04 24.72 24.27 24.47 24.44 24.00 23.79 23.66 23.59 22.90 23.32 23.72 23.30 23.59 23.60 23.92 23.80 24.18 24.36 24.54 24.39 24.78 24.83 24.89 24.66 25.03 25.13 25.37 25.46 25.48 25.30 25.48 25.54 25.63 25.59 25.54 25.08 25.20 25.07 25.15 25.43 25.32 25.00 25.25 25.42 25.48 25.29 25.37 25.50 25.65 25.69 25.82 25.88 25.92 26.00 26.08 26.16 26.27 26.34 26.55 26.50 26.70 26.78 26.87 26.89
27.54 26.84 26.74 26.77 26.51 25.96 25.96 25.75 25.71 25.43 25.13 24.77 24.70 24.95 25.04 25.01 24.77 24.49 24.61 23.92 24.17 23.96 23.71 23.50 23.50 23.53 23.70 23.72 23.32 23.76 23.27 24.00 23.87 24.11 24.54 24.48 24.83 24.92 24.95 25.08 25.21 25.20 25.34 25.23 24.86 24.99 25.28 25.41 25.41 25.57 25.39 25.21 25.31 25.30 25.39 25.31 25.14 24.94 25.29 25.33 25.36 25.41 25.21 25.41 25.54 25.53 25.58 25.75 25.86 25.93 26.01 26.09 26.17 26.28 26.43 26.49 26.57 26.64 26.74 26.74
27.38 26.82 27.06 26.76 26.65 25.89 25.80 25.94 25.73 25.52 25.15 24.76 24.76 24.52 25.17 25.03 24.86 24.71 24.63 24.39 24.00 23.88 23.76 23.51 23.82 23.59 23.45 23.71 23.72 23.69 23.73 24.00 24.16 24.20 24.31 24.71 24.93 24.80 24.81 24.89 25.07 25.26 25.37 25.16 24.67 24.84 25.18 25.14 24.80 25.40 25.36 25.13 25.12 25.33 25.08 25.25 25.02 24.65 24.70 25.05 25.02 25.30 25.45 25.44 25.53 25.55 25.52 25.60 25.75 25.83 25.90 26.00 26.06 26.17 26.31 26.42 26.48 26.47 26.59 26.58
27.39 27.12 26.92 26.62 25.82 26.05 25.33 25.83 25.81 25.11 24.86 24.62 24.62 24.91 25.13 25.00 24.82 24.63 24.43 24.02 23.78 23.65 23.46 23.64 23.84 23.55 23.30 23.62 23.80 23.49 23.71 24.12 24.37 24.31 24.20 24.85 24.74 24.40 24.62 24.66 24.82 24.82 25.32 25.05 24.71 24.62 24.88 25.00 25.03 25.30 25.43 25.05 24.76 25.17 25.25 25.17 25.10 24.95 24.95 25.14 25.12 25.19 25.41 25.44 25.35 25.47 25.40 25.42 25.60 25.69 25.77 25.85 25.93 26.01 26.12 26.26 26.37 26.41 26.39 26.43
27.20 26.81 26.66 26.33 25.68 26.06 25.65 25.35 25.87 25.28 24.68 24.61 25.21 25.14 24.71 24.62 24.64 24.48 24.28 24.22 24.16 23.86 23.86 23.96 23.96 23.71 23.87 23.84 23.98 23.72 23.87 24.30 24.59 24.65 24.45 24.54 24.72 24.63 24.94 24.52 25.00 25.06 25.27 25.11 24.73 24.59 24.79 25.04 25.24 25.09 25.42 25.10 24.78 25.18 25.13 25.09 24.37 24.96 25.21 25.28 25.23 25.17 25.26 25.10 25.36 25.45 25.36 25.26 25.52 25.60 25.60 25.69 25.80 25.89 25.99 26.07 26.21 26.24 26.26 26.27
26.94 26.56 26.25 25.93 25.71 25.59 25.94 25.58 25.54 25.31 25.23 25.36 24.91 24.49 24.45 24.41 24.13 24.47 24.19 24.30 24.05 23.83 24.10 24.06 23.96 24.00 23.87 24.06 24.04 23.89 24.11 24.56 24.70 24.80 24.82 24.85 24.78 24.58 24.91 24.97 25.12 25.21 25.25 25.21 24.93 24.81 24.86 25.01 25.23 24.91 24.63 25.08 24.86 25.21 24.77 25.01 24.84 24.81 24.75 25.13 25.24 25.23 25.13 25.22 25.27 25.33 25.29 25.29 25.40 25.40 25.47 25.57 25.64 25.73 25.82 25.91 26.01 26.07 26.09 26.10
26.52 26.22 26.23 26.12 25.81 25.87 25.90 25.70 25.07 25.43 25.04 24.59 24.52 24.35 24.39 24.41 24.18 24.08 24.16 24.32 24.19 23.76 24.21 23.83 23.84 24.06 24.14 24.16 24.47 24.32 24.15 24.20 24.75 24.82 24.66 24.90 24.95 24.73 24.80 24.99 25.14 25.11 25.27 25.20 25.03 24.87 24.83 24.75 25.09 25.24 25.29 25.28 25.25 25.05 24.76 24.96 24.97 24.89 25.08 25.10 25.14 25.17 25.19 25.18 25.13 25.20 25.24 25.26 25.23 25.11 25.30 25.40 25.48 25.51 25.62 25.71 25.79 25.86 25.91 25.92
26.31 26.33 25.92 25.99 26.01 25.88 25.81 25.65 25.44 24.88 24.76 24.59 24.49 24.45 24.49 24.27 24.20 24.26 24.22 24.03 24.28 24.18 24.11 23.78 24.07 24.22 24.00 24.03 24.28 24.58 24.77 24.44 24.84 24.73 24.81 24.96 24.97 24.92 24.82 24.87 24.71 24.74 25.16 25.20 25.06 24.77 24.68 24.67 24.92 24.97 24.87 25.20 25.18 24.96 24.83 24.67 24.73 24.91 24.87 24.93 24.97 25.08 24.97 25.11 25.10 25.11 25.13 25.15 25.11 24.86 25.01 24.99 25.31 25.37 25.42 25.48 25.55 25.64 25.70 25.73
25.75 26.14 26.04 25.82 25.82 25.81 25.51 25.15 25.17 25.06 25.05 24.67 24.57 24.52 24.35 24.32 24.24 24.29 24.31 24.17 24.15 24.28 24.24 24.12 23.74 24.08 24.17 24.23 24.26 24.56 24.74 24.88 24.89 24.82 24.76 24.96 24.90 25.00 24.91 24.97 25.11 25.00 25.24 25.23 25.23 24.62 25.08 24.96 24.93 24.76 24.44 25.14 25.11 24.77 24.81 24.48 24.64 24.61 24.66 24.79 24.68 24.92 24.56 25.00 25.01 25.00 24.99 25.03 25.04 25.05 25.03 25.04 25.15 25.18 25.21 25.26 25.32 25.38 25.45 25.51
25.65 25.83 25.91 25.78 25.72 25.63 25.46 25.25 25.08 24.91 24.83 24.60 24.57 24.43 24.31 24.32 24.21 24.23 24.06 23.85 24.27 24.29 24.10 24.21 24.08 24.22 24.33 24.35 24.46 24.65 24.66 24.69 24.61 24.95 24.91 24.92 24.81 24.79 25.03 25.09 25.12 25.05 24.79 24.89 25.20 25.01 25.06 25.05 24.98 24.88 24.71 24.63 25.01 24.40 24.66 24.77 24.70 24.71 24.59 24.81 24.81 24.54 24.56 24.79 24.90 24.89 24.88 24.84 24.84 24.79 24.89 24.93 24.96 24.97 25.00 25.04 25.08 25.13 25.18 25.24
25.82 25.76 25.85 25.72 25.49 25.17 25.21 25.01 24.88 24.74 24.61 24.44 24.53 24.42 24.09 24.34 24.25 24.22 24.22 23.98 23.95 24.25 24.30 23.87 24.30 24.40 24.40 24.37 24.30 24.37 24.44 24.42 24.88 24.92 24.96 24.93 24.77 24.87 24.81 24.98 24.93 25.09 25.08 24.93 25.09 25.12 25.12 25.04 24.99 24.92 24.92 24.60 24.95 24.66 24.78 24.73 24.73 24.67 24.64 24.75 24.73 24.62 24.71 24.79 24.70 24.76 24.74 24.58 24.59 24.63 24.75 24.67 24.76 24.76 24.79 24.81 24.83 24.87 24.91 24.95
25.88 25.80 25.53 25.42 25.06 24.57 24.48 24.67 24.67 24.55 24.45 24.39 24.43 24.37 24.28 24.24 24.33 24.07 24.18 23.99 23.95 23.96 24.27 24.23 24.35 24.47 24.32 24.08 24.37 24.61 24.70 24.77 24.66 24.54 24.64 24.93 24.52 24.44 24.92 24.88 24.80 24.78 25.04 25.01 25.01 25.03 25.03 24.98 24.65 24.56 24.87 24.84 24.86 24.65 24.67 24.65 24.65 24.66 24.63 24.66 24.62 24.60 24.64 24.59 24.47 24.62 24.22 24.27 24.33 24.43 24.41 24.58 24.57 24.57 24.56 24.58 24.59 24.61 24.64 24.66
25.74 25.42 25.08 24.99 24.78 24.66 24.56 24.54 24.31 24.22 24.24 24.05 24.37 24.21 24.24 24.15 24.21 24.20 24.20 24.02 24.09 24.09 24.21 24.10 24.10 24.43 24.49 24.26 24.42 24.39 24.31 24.38 24.42 24.48 24.72 24.79 24.90 24.74 24.92 24.87 24.88 24.94 24.93 24.97 24.96 24.93 24.65 24.83 24.79 24.64 24.59 24.62 24.76 24.64 24.62 24.61 24.32 24.38 24.35 24.27 24.37 24.19 24.32 24.47 24.43 24.48 24.28 24.26 24.44 24.41 24.42 24.40 24.37 24.36 24.34 24.34 24.34 24.35 24.35 24.36
25.53 25.35 25.16 24.92 24.65 24.56 24.36 24.46 24.05 24.14 24.21 24.19 24.18 24.03 24.04 24.14 24.17 24.16 24.02 24.06 24.01 24.05 24.18 24.10 24.15 24.30 24.49 24.50 24.15 24.08 24.58 24.24 24.36 24.38 24.36 24.57 24.74 24.42 24.73 24.87 24.84 24.78 24.89 24.88 24.85 24.65 24.60 24.46 24.59 24.76 24.73 24.69 24.10 24.60 24.61 24.51 23.88 23.85 24.05 24.09 24.08 24.13 24.20 24.32 24.34 24.34 24.32 24.23 24.30 24.28 24.25 24.21 24.17 24.15 24.12 24.11 24.09 24.09 24.08 24.07
25.11 25.00 24.97 24.89 24.67 24.42 24.49 24.21 23.87 24.06 24.18 24.15 24.04 23.70 23.78 23.85 23.87 24.02 24.04 23.97 23.93 24.00 24.14 23.91 24.12 24.35 24.40 24.32 24.54 24.10 24.48 24.57 24.62 24.48 24.41 24.49 24.58 24.34 24.38 24.76 24.74 24.80 24.67 24.73 24.72 24.65 24.38 24.36 24.67 24.32 24.41 24.57 24.53 24.52 24.49 24.47 23.94 24.07 24.25 24.21 23.58 24.29 24.24 24.24 24.22 24.15 24.16 24.14 24.13 24.11 24.06 24.02 23.98 23.94 23.90 23.88 23.85 23.82 23.80 23.78
24.41 24.53 24.62 24.53 24.58 24.50 24.12 24.03 23.80 23.97 24.09 23.94 23.72 23.59 23.57 23.59 23.64 23.81 23.89 23.91 23.90 23.97 24.07 23.95 24.11 24.32 24.28 24.03 23.82 24.49 24.53 24.42 24.52 24.56 24.52 24.54 24.57 24.42 24.45 24.60 24.55 23.99 24.40 24.60 24.55 24.04 24.13 24.15 23.92 24.17 24.42 24.10 24.32 24.39 24.01 24.24 24.28 24.21 24.20 24.22 24.19 24.16 24.11 24.09 24.05 23.93 23.91 23.96 23.98 23.93 23.88 23.83 23.77 23.72 23.68 23.64 23.61 23.57 23.53 23.49
24.23 24.14 24.21 24.29 24.24 24.29 24.22 24.09 23.98 23.97 23.84 23.80 23.68 23.54 23.44 23.48 23.49 23.49 23.55 23.74 23.85 23.83 24.02 23.80 23.91 24.17 24.29 24.33 24.37 24.40 24.42 24.45 24.46 23.95 24.30 24.42 24.49 24.49 24.51 24.53 24.56 24.55 24.45 24.42 24.29 24.08 24.36 24.36 24.22 24.02 24.32 24.30 24.20 24.24 24.14 24.14 23.99 23.91 23.86 24.04 24.04 23.57 23.98 23.91 23.88 23.84 23.85 23.83 23.80 23.75 23.69 23.63 23.57 23.52 23.36 23.38 23.37 23.30 23.25 23.20
24.07 23.89 23.61 23.85 23.98 23.92 23.82 23.95 23.91 23.84 23.78 23.72 23.61 23.54 23.49 23.44 23.37 23.31 23.30 23.53 23.71 23.84 23.93 24.01 23.76 23.95 24.05 24.11 24.27 23.93 24.07 24.19 24.21 24.00 23.92 24.16 24.25 24.05 24.29 24.37 24.35 24.32 24.21 24.20 23.90 23.61 24.02 24.25 24.28 24.23 24.22 24.05 24.07 23.75 24.01 23.98 23.76 23.70 23.80 23.67 23.66 23.43 23.14 23.56 23.73 23.69 23.64 23.65 23.63 23.57 23.50 23.44 23.37 23.31 23.11 22.87 23.12 23.05 22.98 22.91
23.62 23.64 23.30 23.46 23.56 23.58 23.55 23.63 23.68 23.53 23.43 23.29 23.48 23.42 23.43 23.37 23.29 23.22 23.24 23.41 23.55 23.64 23.79 23.91 23.96 24.05 24.10 24.13 24.09 23.89 23.86 24.01 24.11 24.08 24.12 24.24 24.06 23.87 24.17 24.03 24.11 24.14 24.15 24.22 24.25 24.15 24.20 23.92 23.84 24.03 23.82 23.53 23.91 23.89 23.79 23.82 23.52 23.48 23.66 23.61 23.45 23.56 23.54 23.60 23.52 23.52 23.52 23.51 23.46 23.39 23.32 23.24 23.17 23.10 23.04 22.96 22.88 22.80 22.72 22.63
23.10 23.05 23.00 23.02 22.90 23.21 23.02 23.26 23.37 23.39 23.22 23.08 23.08 23.12 23.16 23.10 23.12 23.08 23.11 23.24 23.32 23.51 23.70 23.77 23.83 23.93 23.94 23.94 23.88 23.87 23.98 24.06 24.10 24.11 24.12 23.90 24.01 23.84 23.99 23.67 23.91 23.89 23.82 23.97 24.05 24.10 23.87 23.66 23.77 23.95 23.87 23.55 23.72 23.61 23.68 23.65 23.43 23.32 23.42 23.43 23.38 23.37 23.43 23.45 23.42 23.40 23.37 23.33 23.27 23.20 23.13 23.05 22.97 22.89 22.82 22.74 22.65 22.55 22.46 22.35
22.82 22.78 22.78 22.76 22.78 22.79 22.82 23.00 23.09 23.15 22.99 22.99 22.99 23.02 23.03 22.96 22.98 22.97 23.00 23.16 23.21 23.38 23.47 23.62 23.69 23.81 23.78 23.76 23.72 23.80 23.92 23.82 23.99 23.93 23.80 23.62 23.80 23.72 23.78 23.38 23.76 23.65 23.55 23.74 23.61 23.96 23.84 23.69 23.83 23.75 23.71 23.29 23.54 23.40 23.51 23.38 23.27 23.21 23.35 23.29 23.28 23.32 23.32 23.30 23.30 23.20 23.18 23.14 23.08 23.00 22.93 22.86 22.78 22.69 22.61 22.52 22.42 22.31 22.20 22.08
22.55 22.56 22.55 22.50 22.52 22.54 22.60 22.77 22.89 22.85 22.88 22.86 22.85 22.83 22.82 22.81 22.84 22.89 22.95 23.10 23.25 23.40 23.51 23.58 23.65 23.69 23.65 23.63 23.65 23.75 23.81 23.71 23.68 23.76 23.69 23.50 23.46 23.34 23.29 23.30 23.38 23.60 23.46 23.79 23.82 23.65 23.57 23.67 23.71 23.65 23.47 23.20 23.24 23.30 23.33 23.12 22.70 23.07 23.18 23.10 23.14 23.16 23.16 23.14 23.12 23.05 22.99 22.95 22.86 22.79 22.72 22.65 22.57 22.50 22.39 22.30 22.20 22.08 21.95 21.81
22.37 22.39 22.28 22.22 22.29 22.38 22.48 22.61 22.52 22.51 22.49 22.55 22.55 22.61 22.61 22.64 22.70 22.80 22.92 23.05 23.25 23.30 23.26 23.41 23.53 23.56 23.53 23.49 23.50 23.54 23.53 23.60 23.53 23.52 23.63 23.29 23.22 23.18 23.42 23.58 23.40 23.55 23.21 23.67 23.41 23.13 23.48 23.17 23.46 23.45 23.38 23.01 23.03 23.17 23.12 23.12 23.10 23.02 22.88 22.79 22.88 23.00 23.00 22.98 22.92 22.84 22.81 22.75 22.66 22.58 22.53 22.46 22.37 22.30 22.07 22.09 21.97 21.85 21.71 21.55
22.25 22.18 22.10 22.04 22.15 22.24 22.31 22.27 22.20 22.21 22.23 22.26 22.30 22.36 22.40 22.45 22.52 22.66 22.83 22.97 23.12 23.18 23.16 23.18 23.21 23.39 23.39 23.34 23.34 23.30 23.47 23.41 23.18 23.40 23.41 23.11 23.01 23.01 23.20 22.98 23.38 23.49 23.53 23.51 23.23 23.23 23.20 22.99 23.17 23.27 22.93 22.68 22.91 22.99 22.98 22.94 22.88 22.74 22.71 22.68 22.86 22.76 22.82 22.81 22.69 22.60 22.60 22.55 22.41 22.34 22.35 22.30 22.22 22.11 22.00 21.86 21.74 21.62 21.47 21.30
22.03 22.00 21.94 21.84 21.92 22.05 21.97 21.96 21.98 21.96 21.97 21.99 22.03 22.08 22.15 22.23 22.29 22.49 22.71 22.86 23.00 23.06 23.09 23.09 23.15 23.27 23.25 23.23 23.31 23.34 23.40 23.29 23.23 23.39 23.31 23.15 23.03 22.85 23.33 23.37 23.37 23.39 23.36 23.32 23.22 23.16 23.00 22.82 23.12 23.09 23.00 22.69 22.87 22.85 22.77 22.66 22.64 22.52 22.69 22.69 22.58 22.65 22.68 22.19 22.47 22.44 22.42 22.37 21.88 22.11 22.23 22.12 21.96 21.90 21.63 21.58 21.49 21.31 21.24 21.11
21.77 21.78 21.78 21.78 21.79 21.67 21.66 21.66 21.68 21.72 21.75 21.76 21.74 21.83 21.92 22.00 22.11 22.31 22.54 22.71 22.87 22.96 22.98 22.99 23.07 23.14 23.14 23.20 23.26 23.28 23.28 23.20 23.25 23.26 22.95 22.92 22.82 22.85 23.18 23.18 23.10 23.05 23.20 23.15 23.06 22.64 22.48 22.53 22.86 22.89 22.39 22.23 22.35 22.68 22.46 22.46 22.62 22.48 22.53 22.41 22.36 22.48 22.50 22.15 22.23 22.29 22.26 22.20 22.08 22.10 21.99 21.70 21.54 21.72 21.40 21.27 21.29 21.06 21.02 20.96
21.53 21.53 21.50 21.50 21.54 21.43 21.41 21.41 21.43 21.50 21.55 21.59 21.63 21.66 21.75 21.79 21.92 22.17 22.44 22.50 22.68 22.86 22.90 22.92 22.99 23.01 23.03 23.10 23.10 23.14 23.14 23.07 23.18 23.13 22.98 22.76 23.01 23.01 22.69 22.70 22.87 23.05 23.01 22.94 22.89 22.41 22.74 22.73 22.72 22.69 22.41 22.16 22.45 22.45 22.33 22.30 22.46 22.44 22.41 22.24 22.36 22.35 22.27 22.11 22.18 22.14 22.09 22.02 21.99 21.71 21.77 21.75 21.43 21.25 20.99 21.05 21.05 20.97 20.92 20.85
