main/data/pressure/10.03.2023.grid
ncols 886
nrows 691
xllcenter 112.0000
yllcenter -44.5000
cellsize 0.0500
nodata_value 99999.90
[rows 540 to 575 of 691, columns 320 to 399 of 886]
17.46 17.41 17.36 17.30 17.25 17.21 17.15 17.10 17.05 17.00 16.95 16.90 16.86 16.81 16.77 16.72 16.67 16.64 16.60 16.55 16.51 16.47 16.44 16.40 16.37 16.33 16.30 16.26 16.24 16.21 16.18 16.15 16.12 16.11 16.08 16.05 16.03 16.01 15.98 15.96 15.94 15.91 15.90 15.88 15.86 15.84 15.82 15.80 15.78 15.75 15.73 15.71 15.70 15.67 15.65 15.63 15.60 15.58 15.55 15.52 15.49 15.46 15.43 15.39 15.36 15.32 15.29 15.25 15.20 15.16 15.11 15.07 15.03 14.96 14.91 14.86 14.80 14.74 14.68 14.62
17.43 17.38 17.34 17.28 17.23 17.17 17.13 17.08 17.03 16.98 16.93 16.88 16.84 16.79 16.75 16.70 16.66 16.61 16.58 16.54 16.50 16.46 16.42 16.38 16.36 16.32 16.29 16.25 16.22 16.20 16.17 16.14 16.12 16.09 16.06 16.04 16.01 16.00 15.98 15.96 15.93 15.91 15.89 15.87 15.86 15.84 15.82 15.80 15.78 15.76 15.74 15.72 15.70 15.67 15.65 15.63 15.61 15.59 15.56 15.54 15.51 15.48 15.45 15.42 15.38 15.35 15.31 15.27 15.23 15.19 15.15 15.10 15.05 15.00 14.95 14.90 14.84 14.78 14.72 14.65
17.41 17.36 17.30 17.26 17.21 17.15 17.10 17.06 17.01 16.96 16.91 16.86 16.82 16.77 16.72 16.68 16.64 16.60 16.55 16.51 16.48 16.44 16.40 16.37 16.33 16.30 16.27 16.24 16.21 16.18 16.15 16.12 16.11 16.08 16.06 16.03 16.01 15.99 15.96 15.95 15.93 15.91 15.89 15.87 15.85 15.83 15.81 15.79 15.78 15.76 15.74 15.72 15.70 15.68 15.66 15.64 15.62 15.59 15.57 15.54 15.52 15.50 15.47 15.44 15.40 15.37 15.34 15.30 15.26 15.22 15.18 15.14 15.09 15.04 14.99 14.94 14.88 14.83 14.77 14.70
17.38 17.34 17.28 17.23 17.18 17.14 17.08 17.03 16.98 16.94 16.89 16.84 16.79 16.75 16.71 16.66 16.61 16.57 16.54 16.50 16.46 16.42 16.39 16.35 16.32 16.29 16.25 16.22 16.20 16.17 16.14 16.12 16.09 16.06 16.05 16.03 16.00 15.98 15.96 15.94 15.92 15.90 15.89 15.87 15.85 15.83 15.81 15.80 15.78 15.76 15.74 15.73 15.71 15.69 15.67 15.65 15.63 15.60 15.58 15.56 15.53 15.50 15.48 15.45 15.43 15.38 15.36 15.33 15.29 15.25 15.21 15.17 15.12 15.08 15.03 14.98 14.93 14.87 14.81 14.75
17.36 17.31 17.26 17.21 17.16 17.11 17.06 17.01 16.96 16.91 16.86 16.82 16.77 16.72 16.68 16.64 16.60 16.56 16.51 16.48 16.44 16.40 16.37 16.33 16.30 16.27 16.24 16.21 16.18 16.15 16.13 16.11 16.08 16.06 16.03 16.01 15.99 15.98 15.95 15.93 15.92 15.90 15.88 15.86 15.85 15.83 15.82 15.80 15.78 15.76 15.74 15.73 15.71 15.69 15.67 15.66 15.64 15.61 15.59 15.57 15.54 15.52 15.49 15.47 15.44 15.41 15.37 15.34 15.31 15.28 15.24 15.20 15.16 15.11 15.07 15.02 14.97 14.92 14.86 14.80
17.34 17.29 17.24 17.18 17.14 17.09 17.04 16.98 16.94 16.89 16.84 16.79 16.76 16.71 16.66 16.62 16.58 16.54 16.50 16.46 16.42 16.39 16.35 16.32 16.28 16.25 16.23 16.20 16.17 16.14 16.11 16.09 16.07 16.05 16.02 16.00 15.98 15.96 15.94 15.93 15.91 15.89 15.88 15.86 15.84 15.82 15.81 15.79 15.78 15.76 15.75 15.73 15.71 15.69 15.67 15.66 15.64 15.62 15.60 15.58 15.56 15.53 15.51 15.48 15.46 15.43 15.40 15.36 15.33 15.30 15.26 15.22 15.18 15.14 15.09 15.06 15.01 14.96 14.91 14.85
17.28 17.24 17.20 17.15 17.10 17.05 17.02 16.97 16.92 16.88 16.83 16.78 16.73 16.68 16.65 16.60 16.56 16.51 16.48 16.44 16.40 16.37 16.33 16.30 16.27 16.24 16.21 16.18 16.16 16.13 16.10 16.08 16.05 16.03 16.02 16.00 15.97 15.95 15.93 15.92 15.90 15.88 15.87 15.86 15.84 15.82 15.81 15.79 15.77 15.76 15.74 15.73 15.72 15.70 15.68 15.66 15.64 15.63 15.61 15.58 15.56 15.54 15.53 15.50 15.47 15.45 15.42 15.39 15.36 15.32 15.29 15.25 15.21 15.17 15.13 15.08 15.04 14.99 14.95 14.89
17.18 17.14 17.10 17.07 17.03 16.99 16.96 16.93 16.89 16.84 16.80 16.75 16.71 16.67 16.62 16.59 16.54 16.50 16.46 16.42 16.39 16.35 16.32 16.28 16.25 16.23 16.20 16.17 16.14 16.11 16.08 16.07 16.05 16.02 16.00 15.98 15.96 15.95 15.93 15.91 15.89 15.88 15.86 15.84 15.84 15.82 15.81 15.79 15.78 15.76 15.74 15.73 15.71 15.71 15.69 15.67 15.65 15.63 15.62 15.60 15.57 15.55 15.53 15.51 15.48 15.46 15.43 15.41 15.38 15.35 15.31 15.28 15.24 15.20 15.16 15.12 15.08 15.03 14.98 14.93
17.06 17.03 16.99 16.96 16.92 16.90 16.87 16.84 16.81 16.79 16.76 16.72 16.68 16.65 16.60 16.56 16.52 16.48 16.44 16.40 16.37 16.33 16.30 16.27 16.24 16.21 16.17 16.16 16.13 16.10 16.08 16.05 16.03 16.00 15.99 15.97 15.95 15.93 15.91 15.90 15.89 15.87 15.86 15.84 15.83 15.81 15.80 15.79 15.78 15.76 15.75 15.73 15.72 15.70 15.68 15.67 15.65 15.63 15.63 15.61 15.59 15.57 15.54 15.52 15.50 15.47 15.45 15.42 15.39 15.36 15.34 15.31 15.27 15.23 15.19 15.15 15.11 15.07 15.02 14.97
16.96 16.92 16.89 16.86 16.83 16.80 16.77 16.75 16.72 16.70 16.68 16.66 16.64 16.61 16.57 16.54 16.50 16.46 16.42 16.39 16.35 16.32 16.28 16.25 16.23 16.19 16.16 16.13 16.11 16.08 16.07 16.04 16.02 16.00 15.97 15.95 15.95 15.93 15.91 15.89 15.88 15.86 15.84 15.84 15.82 15.81 15.80 15.78 15.77 15.75 15.74 15.72 15.72 15.70 15.69 15.67 15.66 15.64 15.62 15.61 15.59 15.57 15.56 15.54 15.51 15.49 15.47 15.44 15.41 15.38 15.35 15.32 15.29 15.25 15.22 15.19 15.15 15.10 15.06 15.01
16.86 16.82 16.79 16.75 16.73 16.70 16.68 16.65 16.62 16.61 16.59 16.57 16.55 16.54 16.52 16.50 16.47 16.44 16.41 16.37 16.33 16.29 16.27 16.24 16.20 16.17 16.14 16.12 16.10 16.07 16.05 16.02 16.00 15.99 15.97 15.95 15.93 15.91 15.89 15.89 15.87 15.86 15.84 15.83 15.81 15.80 15.79 15.78 15.77 15.75 15.74 15.73 15.71 15.70 15.68 15.68 15.66 15.65 15.63 15.62 15.60 15.58 15.56 15.54 15.52 15.51 15.48 15.46 15.43 15.40 15.38 15.35 15.31 15.28 15.25 15.21 15.17 15.13 15.09 15.04
16.75 16.71 16.69 16.66 16.63 16.60 16.59 16.56 16.54 16.52 16.51 16.49 16.47 16.45 16.45 16.43 16.42 16.40 16.37 16.35 16.32 16.28 16.25 16.21 16.19 16.16 16.13 16.10 16.08 16.05 16.04 16.01 15.99 15.97 15.95 15.94 15.92 15.90 15.89 15.87 15.86 15.85 15.84 15.82 15.81 15.80 15.78 15.77 15.76 15.74 15.74 15.73 15.72 15.70 15.69 15.67 15.66 15.65 15.63 15.62 15.61 15.59 15.57 15.55 15.53 15.51 15.49 15.47 15.44 15.42 15.40 15.37 15.34 15.31 15.27 15.24 15.20 15.17 15.13 15.08
16.65 16.62 16.59 16.56 16.54 16.52 16.49 16.47 16.46 16.43 16.42 16.40 16.39 16.37 16.36 16.35 16.34 16.34 16.32 16.31 16.29 16.26 16.23 16.20 16.17 16.14 16.11 16.09 16.07 16.04 16.02 15.99 15.98 15.96 15.94 15.92 15.90 15.89 15.88 15.87 15.85 15.84 15.82 15.81 15.80 15.79 15.78 15.77 15.76 15.74 15.73 15.72 15.71 15.71 15.69 15.68 15.67 15.65 15.64 15.62 15.61 15.60 15.58 15.57 15.55 15.53 15.51 15.48 15.46 15.44 15.41 15.38 15.35 15.33 15.29 15.27 15.23 15.20 15.16 15.12
16.55 16.52 16.50 16.47 16.45 16.42 16.41 16.39 16.36 16.35 16.34 16.32 16.30 16.29 16.29 16.27 16.26 16.25 16.25 16.25 16.24 16.23 16.21 16.18 16.16 16.13 16.10 16.07 16.05 16.03 16.01 15.98 15.96 15.94 15.93 15.91 15.90 15.88 15.87 15.85 15.85 15.83 15.82 15.81 15.79 15.78 15.77 15.76 15.76 15.74 15.73 15.72 15.71 15.70 15.69 15.67 15.67 15.66 15.64 15.63 15.62 15.60 15.58 15.57 15.55 15.54 15.52 15.50 15.48 15.45 15.43 15.40 15.38 15.35 15.32 15.29 15.25 15.22 15.19 15.16
16.46 16.43 16.41 16.38 16.37 16.34 16.32 16.30 16.29 16.27 16.25 16.24 16.23 16.22 16.20 16.19 16.18 16.19 16.18 16.17 16.17 16.18 16.17 16.16 16.13 16.10 16.09 16.06 16.03 16.01 15.99 15.96 15.95 15.93 15.91 15.90 15.88 15.87 15.86 15.84 15.83 15.82 15.80 15.79 15.79 15.78 15.77 15.76 15.74 15.73 15.72 15.72 15.71 15.70 15.69 15.68 15.67 15.65 15.64 15.63 15.62 15.61 15.59 15.58 15.56 15.54 15.52 15.50 15.48 15.46 15.45 15.43 15.40 15.37 15.34 15.31 15.28 15.25 15.22 15.18
16.37 16.34 16.32 16.30 16.28 16.25 16.24 16.22 16.20 16.18 16.18 16.16 16.15 16.14 16.13 16.12 16.12 16.11 16.11 16.11 16.11 16.10 16.10 16.11 16.11 16.09 16.06 16.04 16.01 16.00 15.98 15.96 15.93 15.92 15.91 15.89 15.87 15.86 15.84 15.83 15.82 15.81 15.80 15.79 15.78 15.77 15.76 15.75 15.74 15.73 15.72 15.71 15.70 15.69 15.69 15.68 15.67 15.66 15.65 15.63 15.62 15.61 15.59 15.59 15.57 15.56 15.54 15.52 15.50 15.48 15.46 15.43 15.41 15.39 15.37 15.34 15.31 15.28 15.25 15.21
16.29 16.26 16.23 16.21 16.20 16.18 16.16 16.14 16.13 16.11 16.10 16.08 16.08 16.07 16.06 16.05 16.05 16.04 16.04 16.03 16.03 16.04 16.04 16.04 16.05 16.05 16.05 16.03 16.00 15.98 15.96 15.95 15.93 15.91 15.89 15.87 15.87 15.85 15.84 15.82 15.81 15.80 15.78 15.78 15.77 15.76 15.75 15.74 15.73 15.72 15.72 15.71 15.70 15.69 15.68 15.67 15.66 15.65 15.64 15.64 15.63 15.61 15.60 15.59 15.57 15.56 15.54 15.53 15.51 15.50 15.48 15.45 15.43 15.41 15.38 15.36 15.33 15.30 15.27 15.24
16.20 16.17 16.16 16.13 16.11 16.09 16.08 16.06 16.05 16.03 16.03 16.01 16.00 15.99 15.99 15.98 15.98 15.97 15.97 15.97 15.97 15.97 15.97 15.97 15.99 15.99 16.00 16.00 15.99 15.97 15.95 15.93 15.91 15.89 15.88 15.86 15.85 15.83 15.82 15.81 15.80 15.79 15.78 15.77 15.76 15.75 15.74 15.74 15.73 15.72 15.71 15.70 15.69 15.69 15.69 15.68 15.67 15.66 15.65 15.63 15.62 15.61 15.61 15.60 15.58 15.57 15.55 15.54 15.52 15.50 15.48 15.46 15.45 15.43 15.40 15.38 15.35 15.33 15.30 15.27
16.12 16.09 16.07 16.05 16.04 16.02 16.00 15.98 15.98 15.96 15.95 15.94 15.94 15.93 15.92 15.91 15.91 15.91 15.90 15.90 15.90 15.91 15.91 15.92 15.92 15.93 15.94 15.95 15.95 15.94 15.93 15.92 15.90 15.88 15.86 15.85 15.84 15.83 15.81 15.80 15.79 15.78 15.76 15.76 15.75 15.74 15.74 15.73 15.72 15.71 15.71 15.70 15.69 15.68 15.68 15.67 15.66 15.65 15.65 15.64 15.63 15.62 15.61 15.59 15.58 15.57 15.56 15.55 15.53 15.52 15.50 15.48 15.46 15.44 15.41 15.39 15.38 15.35 15.32 15.29
16.03 16.01 16.00 15.98 15.96 15.94 15.93 15.92 15.90 15.89 15.89 15.88 15.86 15.85 15.86 15.85 15.84 15.84 15.84 15.84 15.84 15.84 15.85 15.86 15.86 15.87 15.88 15.89 15.90 15.91 15.91 15.90 15.88 15.86 15.85 15.84 15.82 15.81 15.79 15.79 15.78 15.77 15.76 15.75 15.74 15.73 15.73 15.72 15.71 15.71 15.70 15.69 15.68 15.69 15.68 15.67 15.66 15.65 15.64 15.63 15.62 15.62 15.61 15.60 15.59 15.58 15.56 15.55 15.53 15.52 15.51 15.49 15.48 15.46 15.43 15.41 15.39 15.37 15.34 15.31
15.96 15.94 15.92 15.90 15.89 15.87 15.86 15.84 15.84 15.83 15.81 15.80 15.80 15.79 15.79 15.78 15.78 15.78 15.78 15.78 15.78 15.79 15.79 15.79 15.80 15.80 15.82 15.83 15.84 15.85 15.86 15.88 15.87 15.85 15.83 15.82 15.80 15.80 15.79 15.78 15.76 15.75 15.74 15.74 15.73 15.73 15.72 15.71 15.70 15.70 15.70 15.69 15.68 15.67 15.67 15.66 15.66 15.65 15.65 15.64 15.63 15.62 15.61 15.60 15.59 15.59 15.57 15.56 15.55 15.53 15.52 15.50 15.48 15.46 15.45 15.43 15.41 15.39 15.36 15.34
15.88 15.86 15.85 15.83 15.82 15.80 15.79 15.78 15.77 15.75 15.75 15.74 15.73 15.73 15.72 15.72 15.72 15.71 15.71 15.72 15.72 15.72 15.73 15.73 15.74 15.75 15.76 15.77 15.79 15.80 15.82 15.83 15.84 15.83 15.82 15.81 15.80 15.78 15.77 15.77 15.76 15.75 15.74 15.73 15.72 15.71 15.71 15.71 15.70 15.69 15.68 15.68 15.68 15.67 15.67 15.66 15.65 15.65 15.64 15.63 15.62 15.62 15.61 15.60 15.59 15.58 15.57 15.56 15.55 15.54 15.53 15.51 15.50 15.48 15.46 15.44 15.42 15.40 15.38 15.36
15.81 15.79 15.78 15.76 15.75 15.74 15.72 15.71 15.71 15.70 15.69 15.68 15.67 15.67 15.66 15.66 15.65 15.66 15.66 15.66 15.66 15.66 15.67 15.68 15.68 15.69 15.71 15.72 15.73 15.74 15.75 15.78 15.80 15.81 15.80 15.79 15.78 15.77 15.76 15.75 15.74 15.73 15.72 15.72 15.71 15.71 15.70 15.69 15.69 15.69 15.68 15.68 15.67 15.66 15.66 15.65 15.64 15.65 15.64 15.63 15.63 15.62 15.61 15.60 15.60 15.59 15.58 15.57 15.56 15.54 15.53 15.52 15.50 15.49 15.48 15.46 15.44 15.42 15.40 15.38
15.74 15.72 15.71 15.70 15.68 15.67 15.65 15.65 15.64 15.63 15.62 15.62 15.61 15.60 15.60 15.60 15.60 15.60 15.60 15.61 15.61 15.61 15.61 15.62 15.63 15.64 15.65 15.66 15.67 15.69 15.70 15.72 15.74 15.75 15.78 15.78 15.77 15.76 15.75 15.73 15.73 15.72 15.72 15.71 15.70 15.69 15.70 15.69 15.68 15.68 15.67 15.66 15.66 15.66 15.66 15.65 15.64 15.64 15.63 15.63 15.62 15.62 15.61 15.61 15.60 15.59 15.58 15.57 15.56 15.55 15.54 15.53 15.52 15.50 15.48 15.47 15.45 15.43 15.41 15.40
15.68 15.66 15.64 15.63 15.62 15.61 15.59 15.58 15.57 15.57 15.56 15.56 15.55 15.55 15.55 15.54 15.54 15.54 15.54 15.54 15.55 15.55 15.56 15.57 15.57 15.58 15.59 15.61 15.62 15.63 15.64 15.66 15.69 15.70 15.72 15.74 15.75 15.74 15.74 15.73 15.72 15.71 15.70 15.70 15.69 15.69 15.68 15.67 15.67 15.66 15.67 15.66 15.66 15.65 15.65 15.64 15.63 15.64 15.63 15.63 15.62 15.61 15.61 15.60 15.60 15.59 15.58 15.58 15.57 15.55 15.54 15.53 15.53 15.51 15.50 15.48 15.47 15.45 15.43 15.41
15.61 15.59 15.57 15.57 15.55 15.54 15.53 15.53 15.52 15.51 15.50 15.50 15.50 15.49 15.48 15.48 15.49 15.49 15.49 15.49 15.50 15.50 15.50 15.51 15.51 15.53 15.54 15.55 15.56 15.57 15.60 15.61 15.63 15.65 15.66 15.70 15.71 15.72 15.72 15.71 15.71 15.70 15.69 15.69 15.68 15.67 15.68 15.67 15.66 15.66 15.65 15.65 15.64 15.65 15.64 15.64 15.63 15.63 15.62 15.62 15.62 15.62 15.61 15.60 15.60 15.59 15.58 15.57 15.56 15.56 15.55 15.54 15.53 15.52 15.50 15.49 15.47 15.46 15.45 15.43
15.54 15.53 15.52 15.50 15.49 15.49 15.48 15.46 15.45 15.46 15.45 15.44 15.44 15.43 15.44 15.43 15.43 15.43 15.44 15.44 15.44 15.44 15.45 15.46 15.47 15.48 15.48 15.49 15.51 15.53 15.54 15.55 15.57 15.60 15.62 15.64 15.66 15.68 15.70 15.70 15.69 15.68 15.68 15.67 15.67 15.67 15.66 15.66 15.65 15.65 15.65 15.65 15.64 15.64 15.63 15.63 15.62 15.63 15.62 15.62 15.61 15.61 15.60 15.60 15.60 15.59 15.59 15.58 15.57 15.56 15.55 15.54 15.54 15.53 15.52 15.50 15.49 15.48 15.46 15.44
15.48 15.46 15.45 15.45 15.44 15.42 15.41 15.40 15.40 15.40 15.39 15.38 15.39 15.38 15.38 15.37 15.38 15.38 15.38 15.38 15.38 15.40 15.40 15.41 15.41 15.42 15.44 15.45 15.46 15.47 15.48 15.51 15.52 15.54 15.56 15.58 15.61 15.64 15.66 15.68 15.67 15.68 15.67 15.66 15.66 15.65 15.65 15.64 15.65 15.64 15.64 15.63 15.63 15.62 15.63 15.63 15.62 15.62 15.61 15.61 15.62 15.61 15.61 15.60 15.59 15.59 15.58 15.58 15.57 15.57 15.56 15.55 15.54 15.53 15.52 15.51 15.49 15.49 15.48 15.46
15.42 15.40 15.40 15.38 15.37 15.36 15.36 15.35 15.34 15.34 15.34 15.33 15.33 15.32 15.32 15.33 15.33 15.33 15.33 15.34 15.34 15.34 15.35 15.36 15.37 15.38 15.38 15.39 15.41 15.43 15.44 15.45 15.47 15.49 15.52 15.54 15.56 15.58 15.60 15.64 15.66 15.66 15.65 15.65 15.64 15.65 15.64 15.64 15.63 15.63 15.62 15.63 15.63 15.62 15.62 15.62 15.61 15.62 15.61 15.61 15.61 15.60 15.60 15.59 15.59 15.59 15.59 15.58 15.57 15.57 15.56 15.55 15.54 15.54 15.53 15.52 15.51 15.50 15.48 15.47
15.36 15.35 15.34 15.32 15.31 15.31 15.30 15.29 15.29 15.29 15.28 15.28 15.27 15.28 15.28 15.27 15.27 15.28 15.28 15.28 15.29 15.29 15.30 15.31 15.32 15.32 15.34 15.35 15.36 15.37 15.39 15.40 15.43 15.44 15.46 15.48 15.51 15.53 15.56 15.58 15.61 15.63 15.63 15.64 15.63 15.63 15.62 15.62 15.63 15.62 15.62 15.62 15.61 15.61 15.62 15.61 15.61 15.61 15.60 15.60 15.60 15.60 15.60 15.60 15.59 15.59 15.58 15.58 15.57 15.57 15.57 15.56 15.55 15.54 15.53 15.52 15.51 15.51 15.50 15.48
15.30 15.29 15.28 15.28 15.26 15.26 15.25 15.25 15.24 15.23 15.23 15.23 15.23 15.23 15.22 15.22 15.23 15.23 15.23 15.23 15.24 15.25 15.25 15.26 15.27 15.28 15.29 15.30 15.31 15.32 15.34 15.36 15.37 15.39 15.41 15.44 15.46 15.48 15.50 15.53 15.57 15.59 15.62 15.62 15.62 15.62 15.62 15.61 15.61 15.61 15.60 15.61 15.61 15.61 15.60 15.60 15.60 15.60 15.59 15.60 15.60 15.59 15.59 15.59 15.58 15.59 15.58 15.58 15.57 15.57 15.56 15.56 15.55 15.54 15.54 15.53 15.52 15.51 15.50 15.49
15.24 15.24 15.23 15.22 15.21 15.21 15.20 15.19 15.19 15.19 15.19 15.18 15.18 15.17 15.18 15.18 15.18 15.18 15.18 15.19 15.19 15.20 15.20 15.22 15.22 15.23 15.24 15.26 15.27 15.28 15.29 15.31 15.33 15.35 15.37 15.38 15.41 15.43 15.46 15.48 15.51 15.54 15.57 15.59 15.61 15.61 15.60 15.60 15.60 15.60 15.60 15.60 15.59 15.59 15.59 15.60 15.60 15.59 15.59 15.59 15.59 15.58 15.58 15.59 15.58 15.58 15.58 15.57 15.57 15.56 15.57 15.56 15.56 15.55 15.54 15.53 15.52 15.51 15.51 15.50
15.19 15.18 15.17 15.16 15.16 15.15 15.15 15.14 15.14 15.14 15.13 15.13 15.13 15.13 15.13 15.13 15.13 15.14 15.14 15.14 15.14 15.16 15.16 15.17 15.17 15.18 15.20 15.21 15.22 15.23 15.24 15.27 15.28 15.30 15.31 15.33 15.36 15.38 15.41 15.43 15.46 15.49 15.52 15.55 15.58 15.59 15.59 15.59 15.59 15.59 15.59 15.58 15.58 15.59 15.59 15.59 15.58 15.58 15.58 15.59 15.59 15.58 15.58 15.58 15.58 15.57 15.58 15.58 15.57 15.57 15.56 15.56 15.55 15.55 15.54 15.54 15.53 15.53 15.52 15.51
15.14 15.13 15.13 15.12 15.11 15.10 15.10 15.10 15.09 15.09 15.09 15.09 15.08 15.08 15.08 15.09 15.09 15.09 15.09 15.10 15.11 15.11 15.11 15.12 15.14 15.14 15.15 15.16 15.17 15.19 15.20 15.22 15.23 15.25 15.27 15.29 15.31 15.33 15.35 15.39 15.41 15.44 15.47 15.50 15.54 15.56 15.58 15.58 15.57 15.57 15.58 15.58 15.58 15.58 15.57 15.57 15.57 15.58 15.58 15.58 15.57 15.57 15.57 15.57 15.58 15.57 15.57 15.57 15.57 15.56 15.56 15.56 15.56 15.55 15.55 15.54 15.53 15.53 15.52 15.52
15.08 15.08 15.07 15.06 15.06 15.06 15.05 15.05 15.04 15.05 15.04 15.04 15.04 15.04 15.04 15.04 15.04 15.04 15.05 15.05 15.06 15.06 15.07 15.08 15.09 15.10 15.10 15.12 15.13 15.14 15.16 15.17 15.19 15.21 15.23 15.24 15.26 15.29 15.31 15.34 15.36 15.39 15.41 15.45 15.48 15.52 15.54 15.56 15.56 15.57 15.57 15.56 15.56 15.56 15.57 15.57 15.57 15.57 15.57 15.56 15.57 15.57 15.57 15.57 15.57 15.57 15.56 15.56 15.57 15.57 15.56 15.56 15.55 15.55 15.54 15.54 15.54 15.54 15.53 15.52
15.04 15.03 15.02 15.02 15.02 15.01 15.00 15.01 15.00 15.00 14.99 14.99 15.00 15.00 14.99 14.99 14.99 15.00 15.01 15.01 15.01 15.03 15.03 15.04 15.04 15.05 15.07 15.08 15.09 15.10 15.12 15.13 15.15 15.16 15.18 15.20 15.22 15.24 15.26 15.29 15.32 15.35 15.37 15.40 15.43 15.46 15.50 15.53 15.55 15.55 15.55 15.55 15.56 15.56 15.56 15.56 15.55 15.55 15.55 15.56 15.56 15.56 15.56 15.56 15.56 15.57 15.56 15.56 15.56 15.56 15.56 15.55 15.55 15.55 15.55 15.54 15.54 15.53 15.53 15.52
