main/data/pressure/10.03.2023.grid
ncols 886
nrows 691
xllcenter 112.0000
yllcenter -44.5000
cellsize 0.0500
nodata_value 99999.90
[rows 540 to 575 of 691, columns 400 to 479 of 886]
14.60 14.61 14.62 14.64 14.65 14.66 14.68 14.69 14.71 14.72 14.74 14.75 14.77 14.78 14.80 14.82 14.83 14.85 14.87 14.88 14.90 14.92 14.94 14.95 14.97 14.99 15.01 15.03 15.05 15.07 15.08 15.10 15.12 15.14 15.16 15.18 15.20 15.23 15.25 15.27 15.29 15.31 15.33 15.35 15.37 15.39 15.41 15.43 15.46 15.48 15.50 15.51 15.54 15.56 15.59 15.60 15.62 15.65 15.66 15.68 15.71 15.72 15.75 15.76 15.79 15.80 15.82 15.84 15.86 15.87 15.88 15.91 15.92 15.93 15.95 15.96 15.96 15.97 15.97 15.98
14.61 14.60 14.60 14.62 14.63 14.65 14.66 14.68 14.69 14.70 14.72 14.74 14.75 14.77 14.78 14.80 14.82 14.83 14.85 14.87 14.88 14.90 14.92 14.94 14.95 14.97 14.99 15.01 15.03 15.05 15.07 15.09 15.11 15.13 15.15 15.17 15.19 15.21 15.23 15.25 15.27 15.29 15.31 15.33 15.35 15.37 15.39 15.42 15.44 15.46 15.48 15.50 15.52 15.55 15.57 15.58 15.61 15.63 15.65 15.67 15.70 15.71 15.73 15.75 15.77 15.79 15.81 15.83 15.85 15.86 15.88 15.90 15.91 15.92 15.94 15.95 15.96 15.97 15.98 15.99
14.64 14.59 14.58 14.59 14.61 14.62 14.63 14.66 14.67 14.69 14.70 14.72 14.73 14.75 14.77 14.78 14.80 14.81 14.83 14.85 14.87 14.88 14.90 14.92 14.94 14.96 14.97 14.99 15.01 15.03 15.05 15.07 15.09 15.11 15.13 15.15 15.17 15.19 15.21 15.22 15.25 15.27 15.29 15.31 15.33 15.36 15.38 15.40 15.42 15.44 15.46 15.48 15.51 15.53 15.55 15.57 15.59 15.62 15.63 15.66 15.67 15.70 15.72 15.74 15.76 15.78 15.80 15.82 15.84 15.85 15.87 15.89 15.90 15.92 15.94 15.95 15.96 15.97 15.99 16.00
14.69 14.63 14.58 14.58 14.59 14.60 14.62 14.63 14.65 14.66 14.69 14.70 14.72 14.73 14.75 14.76 14.78 14.80 14.81 14.83 14.85 14.87 14.88 14.90 14.92 14.94 14.96 14.98 14.99 15.01 15.03 15.05 15.07 15.09 15.11 15.13 15.15 15.18 15.20 15.21 15.23 15.25 15.27 15.30 15.32 15.34 15.36 15.39 15.40 15.42 15.45 15.47 15.49 15.51 15.53 15.56 15.58 15.59 15.62 15.64 15.66 15.68 15.71 15.72 15.75 15.76 15.79 15.80 15.83 15.84 15.86 15.88 15.90 15.91 15.93 15.95 15.96 15.97 15.99 16.00
14.74 14.68 14.62 14.57 14.57 14.58 14.60 14.61 14.63 14.64 14.66 14.67 14.69 14.70 14.72 14.74 14.76 14.78 14.79 14.81 14.83 14.85 14.87 14.88 14.90 14.92 14.94 14.96 14.98 15.00 15.02 15.04 15.06 15.07 15.10 15.12 15.13 15.15 15.17 15.19 15.21 15.23 15.26 15.28 15.30 15.32 15.35 15.36 15.38 15.41 15.43 15.45 15.47 15.49 15.52 15.54 15.57 15.58 15.61 15.62 15.65 15.67 15.69 15.71 15.73 15.75 15.78 15.79 15.82 15.83 15.85 15.87 15.89 15.90 15.93 15.94 15.96 15.98 15.99 16.00
14.79 14.73 14.67 14.61 14.57 14.57 14.58 14.60 14.61 14.63 14.64 14.66 14.67 14.69 14.70 14.72 14.74 14.75 14.77 14.79 14.80 14.82 14.84 14.86 14.88 14.89 14.91 14.93 14.96 14.97 14.99 15.01 15.03 15.05 15.07 15.09 15.11 15.13 15.15 15.18 15.20 15.22 15.24 15.26 15.29 15.30 15.32 15.35 15.37 15.39 15.42 15.44 15.45 15.48 15.50 15.53 15.54 15.57 15.59 15.61 15.63 15.66 15.67 15.70 15.72 15.74 15.76 15.78 15.80 15.82 15.84 15.87 15.88 15.91 15.92 15.94 15.96 15.98 15.99 16.00
14.84 14.78 14.72 14.66 14.60 14.56 14.56 14.58 14.59 14.61 14.62 14.64 14.65 14.67 14.69 14.70 14.72 14.73 14.75 14.77 14.79 14.80 14.82 14.84 14.86 14.88 14.90 14.91 14.93 14.95 14.97 14.99 15.01 15.03 15.05 15.07 15.10 15.12 15.14 15.16 15.18 15.20 15.23 15.25 15.26 15.28 15.31 15.33 15.35 15.38 15.39 15.42 15.44 15.46 15.49 15.50 15.53 15.55 15.57 15.59 15.62 15.64 15.66 15.69 15.70 15.73 15.75 15.77 15.79 15.81 15.83 15.86 15.87 15.89 15.91 15.93 15.96 15.97 15.99 16.01
14.88 14.82 14.76 14.71 14.64 14.59 14.56 14.56 14.58 14.59 14.61 14.62 14.64 14.65 14.67 14.68 14.70 14.72 14.73 14.75 14.77 14.79 14.80 14.82 14.84 14.86 14.88 14.90 14.92 14.94 14.96 14.98 15.00 15.02 15.04 15.06 15.08 15.10 15.12 15.14 15.17 15.19 15.21 15.22 15.25 15.27 15.29 15.32 15.34 15.36 15.38 15.40 15.43 15.45 15.47 15.49 15.52 15.54 15.56 15.58 15.61 15.62 15.65 15.68 15.69 15.72 15.73 15.76 15.78 15.80 15.82 15.85 15.86 15.88 15.91 15.92 15.95 15.97 15.98 16.01
14.92 14.87 14.81 14.76 14.70 14.63 14.58 14.55 14.55 14.56 14.59 14.60 14.62 14.63 14.65 14.67 14.68 14.70 14.72 14.73 14.75 14.77 14.79 14.81 14.82 14.84 14.86 14.88 14.90 14.92 14.94 14.96 14.98 15.00 15.02 15.04 15.06 15.08 15.11 15.12 15.14 15.16 15.18 15.21 15.23 15.25 15.28 15.30 15.31 15.34 15.36 15.39 15.41 15.44 15.45 15.48 15.50 15.53 15.54 15.57 15.60 15.61 15.64 15.65 15.68 15.71 15.72 15.75 15.77 15.79 15.81 15.84 15.86 15.88 15.90 15.92 15.94 15.96 15.99 16.00
14.97 14.92 14.86 14.81 14.75 14.69 14.63 14.57 14.54 14.55 14.56 14.58 14.59 14.61 14.62 14.64 14.66 14.67 14.70 14.72 14.73 14.75 14.77 14.79 14.81 14.83 14.84 14.86 14.88 14.90 14.92 14.94 14.96 14.98 14.99 15.03 15.04 15.06 15.08 15.10 15.12 15.15 15.17 15.19 15.22 15.24 15.26 15.28 15.30 15.32 15.35 15.37 15.39 15.41 15.44 15.46 15.49 15.51 15.53 15.56 15.57 15.60 15.63 15.64 15.67 15.69 15.71 15.73 15.76 15.79 15.80 15.83 15.85 15.87 15.89 15.91 15.94 15.95 15.98 16.00
15.01 14.96 14.91 14.86 14.80 14.74 14.68 14.62 14.57 14.54 14.54 14.56 14.57 14.59 14.61 14.62 14.64 14.66 14.67 14.69 14.71 14.73 14.74 14.76 14.78 14.80 14.82 14.84 14.86 14.88 14.90 14.92 14.94 14.96 14.98 15.00 15.02 15.04 15.07 15.09 15.11 15.13 15.15 15.18 15.20 15.21 15.24 15.26 15.29 15.31 15.34 15.36 15.38 15.40 15.43 15.45 15.47 15.49 15.52 15.54 15.56 15.59 15.62 15.63 15.66 15.68 15.70 15.72 15.75 15.78 15.79 15.82 15.84 15.87 15.88 15.90 15.93 15.95 15.98 15.99
15.04 14.99 14.94 14.89 14.85 14.79 14.74 14.68 14.62 14.57 14.54 14.54 14.56 14.57 14.59 14.61 14.62 14.64 14.66 14.67 14.69 14.71 14.73 14.74 14.76 14.78 14.80 14.82 14.84 14.86 14.88 14.90 14.92 14.94 14.96 14.98 15.01 15.03 15.05 15.07 15.09 15.12 15.13 15.15 15.18 15.20 15.22 15.25 15.27 15.30 15.31 15.34 15.36 15.39 15.41 15.43 15.46 15.48 15.51 15.52 15.55 15.58 15.59 15.62 15.65 15.67 15.69 15.71 15.74 15.77 15.79 15.80 15.83 15.86 15.88 15.90 15.92 15.95 15.97 15.99
15.08 15.03 14.99 14.94 14.89 14.84 14.78 14.73 14.67 14.61 14.55 14.54 14.54 14.56 14.57 14.59 14.60 14.62 14.64 14.66 14.67 14.69 14.71 14.73 14.75 14.77 14.78 14.80 14.82 14.84 14.86 14.88 14.91 14.93 14.95 14.97 14.99 15.01 15.03 15.05 15.07 15.09 15.12 15.14 15.16 15.19 15.21 15.24 15.26 15.27 15.30 15.32 15.35 15.38 15.39 15.42 15.44 15.47 15.49 15.51 15.54 15.56 15.58 15.61 15.63 15.66 15.68 15.70 15.73 15.75 15.78 15.80 15.82 15.84 15.87 15.89 15.92 15.95 15.96 15.98
15.12 15.07 15.03 14.98 14.94 14.89 14.84 14.78 14.73 14.67 14.61 14.55 14.53 14.53 14.54 14.56 14.59 14.60 14.62 14.63 14.66 14.67 14.69 14.71 14.73 14.75 14.77 14.79 14.81 14.83 14.85 14.87 14.89 14.91 14.93 14.95 14.97 14.99 15.01 15.03 15.06 15.08 15.10 15.13 15.15 15.17 15.20 15.21 15.24 15.26 15.29 15.31 15.34 15.35 15.38 15.41 15.43 15.45 15.48 15.50 15.53 15.55 15.57 15.60 15.62 15.65 15.68 15.69 15.72 15.74 15.77 15.79 15.82 15.84 15.86 15.89 15.91 15.94 15.96 15.99
15.14 15.10 15.06 15.03 14.98 14.94 14.89 14.83 14.78 14.73 14.67 14.61 14.56 14.53 14.53 14.54 14.56 14.58 14.60 14.61 14.63 14.65 14.67 14.69 14.70 14.72 14.74 14.76 14.78 14.80 14.82 14.84 14.86 14.89 14.91 14.93 14.95 14.97 15.00 15.02 15.04 15.06 15.09 15.11 15.13 15.15 15.17 15.20 15.22 15.25 15.27 15.29 15.32 15.34 15.37 15.39 15.41 15.44 15.46 15.49 15.51 15.54 15.56 15.58 15.61 15.64 15.66 15.69 15.71 15.73 15.76 15.78 15.81 15.84 15.86 15.89 15.91 15.93 15.95 15.98
15.18 15.14 15.10 15.06 15.02 14.97 14.92 14.88 14.84 14.78 14.73 14.67 14.61 14.56 14.53 14.53 14.54 14.56 14.58 14.60 14.61 14.63 14.65 14.67 14.69 14.71 14.73 14.75 14.77 14.79 14.81 14.83 14.85 14.87 14.89 14.91 14.94 14.96 14.98 15.00 15.03 15.04 15.06 15.09 15.11 15.14 15.16 15.19 15.21 15.24 15.25 15.28 15.30 15.33 15.36 15.37 15.40 15.43 15.45 15.47 15.50 15.53 15.56 15.57 15.60 15.63 15.65 15.68 15.71 15.73 15.75 15.77 15.80 15.82 15.85 15.88 15.90 15.93 15.95 15.98
15.21 15.18 15.14 15.10 15.06 15.02 14.97 14.93 14.88 14.83 14.77 14.72 14.66 14.61 14.55 14.53 14.53 14.54 14.56 14.58 14.60 14.62 14.63 14.65 14.67 14.69 14.71 14.73 14.75 14.77 14.79 14.81 14.83 14.86 14.88 14.90 14.92 14.93 14.96 14.98 15.00 15.03 15.05 15.08 15.10 15.12 15.15 15.17 15.20 15.21 15.24 15.27 15.29 15.32 15.34 15.36 15.39 15.42 15.43 15.46 15.49 15.52 15.54 15.56 15.59 15.61 15.64 15.67 15.69 15.72 15.75 15.77 15.80 15.82 15.85 15.88 15.90 15.93 15.94 15.97
15.23 15.20 15.16 15.13 15.10 15.06 15.02 14.97 14.93 14.88 14.83 14.78 14.72 14.67 14.61 14.56 14.52 14.52 14.54 14.55 14.57 14.59 14.61 14.63 14.65 14.67 14.69 14.71 14.73 14.75 14.77 14.79 14.81 14.83 14.85 14.88 14.90 14.92 14.94 14.97 14.99 15.01 15.04 15.06 15.09 15.11 15.13 15.15 15.18 15.20 15.23 15.26 15.28 15.30 15.33 15.35 15.38 15.40 15.43 15.45 15.48 15.50 15.53 15.56 15.59 15.60 15.63 15.65 15.68 15.71 15.73 15.76 15.79 15.81 15.84 15.87 15.89 15.92 15.94 15.97
15.26 15.23 15.20 15.16 15.13 15.09 15.05 15.01 14.96 14.92 14.88 14.83 14.78 14.73 14.68 14.62 14.56 14.52 14.52 14.54 14.56 14.57 14.59 14.61 14.63 14.65 14.67 14.69 14.71 14.73 14.75 14.77 14.80 14.82 14.84 14.86 14.88 14.91 14.93 14.95 14.98 15.00 15.03 15.04 15.06 15.09 15.12 15.14 15.17 15.19 15.22 15.23 15.26 15.29 15.32 15.34 15.36 15.39 15.42 15.44 15.46 15.49 15.52 15.55 15.57 15.60 15.63 15.65 15.68 15.71 15.73 15.76 15.79 15.81 15.84 15.87 15.89 15.92 15.94 15.97
15.28 15.26 15.23 15.20 15.16 15.13 15.09 15.05 15.01 14.97 14.92 14.88 14.83 14.78 14.73 14.67 14.62 14.56 14.53 14.53 14.54 14.56 14.58 14.60 14.62 14.64 14.66 14.68 14.70 14.72 14.74 14.76 14.78 14.80 14.83 14.85 14.87 14.88 14.91 14.93 14.95 14.98 15.00 15.03 15.05 15.08 15.10 15.13 15.16 15.17 15.20 15.22 15.25 15.28 15.31 15.32 15.35 15.38 15.41 15.43 15.46 15.48 15.51 15.53 15.56 15.59 15.62 15.64 15.67 15.70 15.72 15.75 15.78 15.80 15.83 15.85 15.88 15.91 15.93 15.97
15.31 15.28 15.25 15.22 15.19 15.16 15.12 15.09 15.06 15.01 14.97 14.93 14.88 14.84 14.79 14.74 14.68 14.63 14.57 14.53 14.52 14.53 14.55 14.57 14.59 14.61 14.63 14.65 14.67 14.69 14.71 14.74 14.76 14.78 14.80 14.83 14.85 14.87 14.89 14.92 14.94 14.97 14.99 15.02 15.04 15.07 15.09 15.11 15.13 15.16 15.19 15.21 15.24 15.26 15.29 15.32 15.34 15.37 15.39 15.42 15.45 15.48 15.51 15.53 15.55 15.58 15.60 15.63 15.66 15.69 15.72 15.75 15.77 15.80 15.83 15.85 15.88 15.91 15.93 15.96
15.34 15.31 15.28 15.26 15.22 15.19 15.16 15.12 15.09 15.05 15.01 14.97 14.93 14.88 14.84 14.80 14.75 14.69 14.64 14.59 14.54 14.53 14.54 14.56 14.58 14.60 14.62 14.64 14.66 14.68 14.70 14.72 14.74 14.77 14.79 14.81 14.84 14.86 14.88 14.91 14.93 14.96 14.97 15.00 15.02 15.05 15.07 15.10 15.12 15.15 15.18 15.21 15.22 15.25 15.28 15.31 15.33 15.35 15.38 15.41 15.44 15.46 15.49 15.52 15.55 15.57 15.60 15.63 15.66 15.68 15.71 15.74 15.76 15.79 15.83 15.85 15.88 15.90 15.93 15.96
15.35 15.33 15.30 15.28 15.26 15.23 15.20 15.16 15.13 15.09 15.06 15.02 14.98 14.93 14.89 14.84 14.80 14.75 14.70 14.64 14.59 14.55 14.54 14.54 14.56 14.58 14.60 14.62 14.64 14.67 14.69 14.71 14.73 14.75 14.78 14.79 14.81 14.84 14.86 14.88 14.91 14.93 14.96 14.98 15.01 15.04 15.06 15.09 15.11 15.13 15.16 15.19 15.21 15.24 15.27 15.29 15.32 15.35 15.38 15.40 15.43 15.45 15.48 15.51 15.54 15.56 15.59 15.62 15.65 15.68 15.71 15.74 15.76 15.79 15.81 15.84 15.88 15.90 15.93 15.96
15.38 15.36 15.33 15.31 15.28 15.25 15.22 15.19 15.16 15.12 15.10 15.06 15.02 14.98 14.94 14.90 14.85 14.81 14.76 14.71 14.66 14.61 14.56 14.53 14.54 14.56 14.58 14.60 14.62 14.64 14.66 14.69 14.71 14.73 14.75 14.78 14.80 14.82 14.85 14.87 14.90 14.92 14.95 14.97 15.00 15.03 15.04 15.07 15.10 15.12 15.15 15.18 15.21 15.22 15.25 15.28 15.31 15.34 15.37 15.39 15.42 15.45 15.48 15.51 15.53 15.56 15.59 15.62 15.64 15.67 15.70 15.73 15.76 15.79 15.81 15.84 15.87 15.90 15.93 15.96
15.39 15.37 15.35 15.32 15.31 15.28 15.25 15.23 15.19 15.16 15.13 15.10 15.06 15.02 14.98 14.94 14.90 14.87 14.81 14.78 14.73 14.68 14.63 14.58 14.54 14.55 14.56 14.59 14.61 14.63 14.65 14.67 14.70 14.72 14.74 14.77 14.79 14.81 14.84 14.86 14.88 14.90 14.93 14.95 14.98 15.01 15.03 15.06 15.09 15.11 15.14 15.16 15.19 15.22 15.25 15.27 15.30 15.33 15.35 15.38 15.41 15.44 15.46 15.49 15.52 15.56 15.59 15.61 15.64 15.67 15.69 15.72 15.76 15.79 15.81 15.84 15.87 15.90 15.93 15.96
15.41 15.39 15.37 15.35 15.33 15.30 15.28 15.25 15.22 15.20 15.17 15.14 15.10 15.07 15.03 14.99 14.95 14.91 14.87 14.83 14.78 14.74 14.69 14.64 14.59 14.55 14.55 14.56 14.58 14.61 14.63 14.65 14.67 14.70 14.72 14.74 14.77 14.79 14.82 14.84 14.87 14.89 14.92 14.94 14.97 15.00 15.02 15.05 15.08 15.10 15.12 15.15 15.18 15.21 15.24 15.27 15.29 15.32 15.35 15.38 15.41 15.43 15.46 15.49 15.52 15.54 15.57 15.60 15.64 15.67 15.69 15.72 15.75 15.78 15.81 15.84 15.87 15.90 15.93 15.96
15.42 15.41 15.39 15.38 15.35 15.33 15.31 15.28 15.25 15.23 15.20 15.17 15.14 15.10 15.07 15.04 15.01 14.97 14.93 14.89 14.84 14.80 14.75 14.71 14.66 14.61 14.57 14.56 14.57 14.59 14.62 14.64 14.66 14.68 14.71 14.73 14.76 14.78 14.81 14.83 14.86 14.88 14.91 14.93 14.96 14.98 15.01 15.03 15.06 15.09 15.12 15.15 15.17 15.20 15.22 15.25 15.28 15.31 15.34 15.37 15.39 15.42 15.45 15.49 15.52 15.54 15.57 15.60 15.62 15.66 15.69 15.72 15.74 15.78 15.81 15.84 15.86 15.90 15.93 15.96
15.44 15.43 15.41 15.39 15.37 15.35 15.32 15.30 15.29 15.26 15.23 15.21 15.18 15.14 15.11 15.08 15.04 15.01 14.97 14.93 14.89 14.85 14.81 14.77 14.72 14.67 14.63 14.60 14.57 14.57 14.60 14.62 14.64 14.66 14.70 14.71 14.74 14.76 14.79 14.81 14.84 14.86 14.89 14.92 14.94 14.97 15.00 15.02 15.05 15.08 15.11 15.13 15.16 15.19 15.22 15.25 15.28 15.30 15.33 15.36 15.39 15.42 15.45 15.47 15.50 15.54 15.57 15.60 15.62 15.66 15.69 15.71 15.74 15.78 15.81 15.84 15.86 15.90 15.93 15.95
15.45 15.44 15.43 15.41 15.39 15.37 15.35 15.33 15.31 15.28 15.26 15.23 15.20 15.17 15.16 15.12 15.09 15.06 15.02 14.99 14.95 14.91 14.87 14.83 14.79 14.74 14.70 14.66 14.61 14.58 14.59 14.61 14.63 14.65 14.68 14.70 14.73 14.75 14.78 14.80 14.83 14.85 14.88 14.91 14.93 14.96 14.99 15.01 15.04 15.06 15.09 15.12 15.15 15.18 15.21 15.24 15.26 15.29 15.32 15.35 15.39 15.41 15.44 15.47 15.50 15.53 15.56 15.59 15.62 15.65 15.69 15.71 15.74 15.78 15.81 15.83 15.87 15.90 15.93 15.95
15.47 15.46 15.44 15.42 15.41 15.39 15.37 15.35 15.34 15.31 15.29 15.27 15.24 15.21 15.19 15.16 15.13 15.09 15.06 15.03 14.99 14.96 14.92 14.88 14.85 14.80 14.77 14.73 14.68 14.64 14.61 14.60 14.62 14.64 14.67 14.69 14.72 14.74 14.77 14.79 14.82 14.84 14.86 14.89 14.92 14.94 14.97 15.00 15.03 15.06 15.09 15.12 15.14 15.17 15.20 15.23 15.26 15.29 15.32 15.34 15.37 15.40 15.44 15.47 15.50 15.52 15.56 15.59 15.62 15.65 15.68 15.71 15.74 15.78 15.80 15.83 15.87 15.90 15.92 15.96
15.48 15.46 15.46 15.44 15.43 15.41 15.39 15.37 15.35 15.33 15.31 15.29 15.26 15.24 15.21 15.20 15.17 15.14 15.11 15.08 15.04 15.01 14.98 14.94 14.90 14.87 14.83 14.79 14.75 14.71 14.66 14.63 14.61 14.62 14.65 14.67 14.70 14.72 14.75 14.77 14.80 14.83 14.85 14.88 14.91 14.94 14.97 14.99 15.01 15.04 15.07 15.10 15.13 15.16 15.19 15.22 15.25 15.29 15.31 15.34 15.37 15.40 15.44 15.46 15.49 15.52 15.56 15.59 15.62 15.65 15.68 15.71 15.75 15.77 15.80 15.84 15.87 15.89 15.93 15.96
15.49 15.48 15.47 15.45 15.44 15.42 15.41 15.39 15.38 15.36 15.34 15.32 15.30 15.27 15.25 15.23 15.20 15.17 15.14 15.11 15.08 15.05 15.02 15.00 14.96 14.93 14.89 14.85 14.82 14.78 14.74 14.70 14.66 14.63 14.64 14.66 14.69 14.71 14.74 14.77 14.79 14.82 14.85 14.87 14.89 14.92 14.95 14.98 15.01 15.04 15.07 15.10 15.13 15.16 15.19 15.21 15.24 15.27 15.31 15.34 15.37 15.39 15.42 15.46 15.49 15.52 15.56 15.58 15.61 15.65 15.68 15.71 15.74 15.77 15.81 15.84 15.87 15.90 15.93 15.97
15.50 15.48 15.47 15.46 15.46 15.44 15.43 15.41 15.40 15.38 15.36 15.34 15.32 15.30 15.28 15.26 15.24 15.21 15.19 15.16 15.13 15.10 15.07 15.04 15.01 14.98 14.94 14.91 14.87 14.84 14.80 14.76 14.72 14.69 14.66 14.65 14.67 14.70 14.72 14.75 14.78 14.80 14.83 14.86 14.89 14.92 14.94 14.97 15.00 15.03 15.05 15.08 15.11 15.15 15.18 15.21 15.24 15.27 15.30 15.34 15.36 15.39 15.42 15.46 15.49 15.51 15.55 15.58 15.61 15.65 15.68 15.71 15.74 15.77 15.81 15.84 15.87 15.90 15.94 15.97
15.51 15.50 15.49 15.48 15.46 15.45 15.44 15.42 15.41 15.39 15.39 15.37 15.35 15.33 15.31 15.29 15.26 15.24 15.22 15.19 15.17 15.14 15.11 15.08 15.05 15.03 15.00 14.97 14.94 14.90 14.87 14.83 14.80 14.76 14.72 14.69 14.68 14.69 14.72 14.74 14.77 14.80 14.82 14.84 14.88 14.90 14.93 14.96 14.99 15.02 15.05 15.08 15.11 15.14 15.17 15.21 15.23 15.26 15.29 15.33 15.36 15.39 15.42 15.46 15.48 15.52 15.55 15.58 15.62 15.64 15.68 15.71 15.74 15.78 15.80 15.84 15.87 15.91 15.94 15.97
15.51 15.50 15.49 15.48 15.47 15.47 15.46 15.44 15.43 15.42 15.40 15.38 15.37 15.35 15.33 15.31 15.29 15.28 15.25 15.23 15.21 15.18 15.16 15.13 15.10 15.07 15.05 15.02 14.99 14.95 14.92 14.89 14.86 14.82 14.79 14.76 14.72 14.70 14.71 14.73 14.75 14.78 14.81 14.84 14.87 14.90 14.93 14.96 14.99 15.02 15.05 15.07 15.11 15.13 15.16 15.20 15.23 15.26 15.29 15.33 15.36 15.38 15.42 15.45 15.48 15.52 15.55 15.59 15.61 15.64 15.68 15.71 15.75 15.77 15.81 15.84 15.88 15.91 15.94 15.97
15.51 15.51 15.51 15.50 15.49 15.48 15.47 15.45 15.44 15.43 15.41 15.41 15.39 15.38 15.36 15.34 15.32 15.30 15.28 15.26 15.24 15.21 15.19 15.17 15.14 15.12 15.10 15.07 15.04 15.01 14.98 14.95 14.92 14.89 14.86 14.83 14.80 14.77 14.74 14.73 14.75 14.78 14.80 14.83 14.86 14.88 14.91 14.94 14.97 15.00 15.03 15.07 15.10 15.13 15.16 15.19 15.23 15.26 15.28 15.32 15.35 15.38 15.42 15.45 15.49 15.51 15.54 15.58 15.61 15.65 15.68 15.71 15.74 15.78 15.81 15.85 15.88 15.91 15.94 15.98
