main/data/pressure/10.12.2023.grid
ncols 886
nrows 691
xllcenter 112.0000
yllcenter -44.5000
cellsize 0.0500
nodata_value 99999.90
[rows 140 to 174 of 691, columns 553 to 631 of 886]
32.77 32.77 32.75 32.75 32.72 32.70 32.68 32.64 32.61 32.57 32.53 32.47 32.41 32.34 32.26 32.17 32.08 31.97 31.86 31.73 31.60 31.45 31.31 31.16 31.02 30.89 30.76 30.62 30.48 30.34 30.20 30.05 29.89 29.71 29.55 29.40 29.23 29.05 28.88 28.71 28.53 28.37 28.20 28.03 27.83 27.65 27.50 27.35 27.19 27.04 26.91 26.76 26.62 26.47 26.31 26.15 26.02 25.85 25.72 25.60 25.46 25.33 25.18 25.07 24.97 24.83 24.71 24.62 24.51 24.38 24.27 24.18 24.07 23.96 23.93 23.83 23.75 23.73 23.62
32.69 32.69 32.68 32.67 32.65 32.62 32.60 32.56 32.53 32.49 32.44 32.39 32.33 32.26 32.19 32.10 32.00 31.90 31.79 31.68 31.56 31.44 31.31 31.17 31.05 30.93 30.80 30.67 30.54 30.39 30.26 30.11 29.96 29.79 29.61 29.44 29.26 29.08 28.93 28.75 28.56 28.37 28.18 28.01 27.87 27.70 27.49 27.35 27.18 27.03 26.88 26.75 26.60 26.42 26.28 26.11 25.98 25.84 25.70 25.56 25.41 25.26 25.14 25.01 24.89 24.80 24.64 24.51 24.41 24.26 24.12 24.06 23.96 23.84 23.71 23.73 23.66 23.61 23.50
32.60 32.60 32.59 32.58 32.56 32.53 32.50 32.47 32.44 32.40 32.35 32.30 32.24 32.17 32.10 32.02 31.92 31.83 31.72 31.61 31.50 31.38 31.26 31.14 31.02 30.91 30.78 30.66 30.54 30.41 30.28 30.15 30.00 29.85 29.68 29.50 29.32 29.15 28.97 28.79 28.60 28.41 28.21 28.03 27.84 27.69 27.52 27.36 27.19 27.03 26.88 26.72 26.56 26.40 26.24 26.11 25.95 25.80 25.66 25.52 25.38 25.23 25.09 24.98 24.85 24.72 24.58 24.39 24.30 24.18 24.05 23.94 23.86 23.78 23.65 23.51 23.45 23.43 23.39
32.50 32.49 32.49 32.47 32.45 32.44 32.41 32.37 32.34 32.30 32.25 32.19 32.13 32.08 32.00 31.92 31.83 31.74 31.65 31.54 31.43 31.33 31.21 31.10 30.98 30.88 30.76 30.63 30.51 30.39 30.26 30.14 30.00 29.87 29.72 29.55 29.37 29.18 29.00 28.81 28.61 28.42 28.25 28.05 27.88 27.70 27.51 27.34 27.19 27.01 26.85 26.68 26.53 26.37 26.22 26.07 25.91 25.76 25.62 25.47 25.33 25.17 25.05 24.90 24.76 24.65 24.49 24.35 24.23 24.11 23.99 23.82 23.67 23.69 23.52 23.39 23.26 23.26 23.33
32.38 32.38 32.37 32.35 32.34 32.31 32.29 32.26 32.22 32.18 32.14 32.08 32.03 31.97 31.90 31.83 31.74 31.66 31.56 31.47 31.37 31.27 31.16 31.06 30.95 30.84 30.72 30.61 30.49 30.37 30.25 30.12 29.99 29.85 29.70 29.56 29.40 29.22 29.03 28.83 28.63 28.45 28.27 28.07 27.89 27.71 27.51 27.34 27.16 27.00 26.82 26.65 26.50 26.34 26.18 26.03 25.86 25.72 25.57 25.43 25.28 25.12 24.98 24.84 24.70 24.55 24.42 24.28 24.16 24.02 23.89 23.75 23.61 23.50 23.36 23.25 23.12 23.00 23.15
32.25 32.24 32.23 32.22 32.21 32.19 32.15 32.13 32.10 32.05 32.02 31.96 31.91 31.86 31.79 31.73 31.64 31.57 31.49 31.39 31.30 31.21 31.10 31.01 30.90 30.80 30.69 30.58 30.46 30.35 30.23 30.09 29.97 29.83 29.68 29.54 29.39 29.24 29.06 28.86 28.67 28.46 28.25 28.08 27.90 27.69 27.51 27.33 27.12 26.99 26.81 26.63 26.46 26.30 26.14 25.99 25.83 25.67 25.52 25.36 25.23 25.06 24.91 24.78 24.63 24.47 24.31 24.17 24.05 23.94 23.80 23.72 23.57 23.45 23.27 23.04 22.83 22.80 22.85
32.11 32.10 32.10 32.08 32.06 32.04 32.02 31.99 31.96 31.92 31.88 31.84 31.79 31.74 31.68 31.61 31.55 31.48 31.40 31.32 31.23 31.14 31.05 30.96 30.86 30.77 30.66 30.55 30.43 30.31 30.20 30.07 29.94 29.81 29.67 29.53 29.39 29.25 29.08 28.92 28.71 28.49 28.28 28.08 27.88 27.69 27.48 27.30 27.12 26.96 26.79 26.61 26.43 26.26 26.10 25.93 25.79 25.63 25.46 25.30 25.15 25.00 24.86 24.71 24.55 24.39 24.23 24.07 23.94 23.82 23.68 23.57 23.50 23.35 23.15 22.91 22.69 22.62 22.58
31.96 31.94 31.94 31.92 31.91 31.89 31.87 31.84 31.81 31.78 31.74 31.70 31.66 31.61 31.56 31.50 31.44 31.37 31.30 31.24 31.16 31.08 30.99 30.91 30.82 30.72 30.62 30.52 30.41 30.27 30.16 30.03 29.93 29.79 29.66 29.51 29.37 29.23 29.11 28.96 28.73 28.52 28.29 28.08 27.88 27.68 27.48 27.28 27.09 26.93 26.76 26.56 26.39 26.22 26.06 25.87 25.72 25.58 25.41 25.23 25.07 24.91 24.76 24.63 24.47 24.31 24.16 23.98 23.83 23.71 23.54 23.40 23.30 23.28 23.06 22.89 22.79 22.60 22.46
31.78 31.78 31.78 31.77 31.75 31.73 31.71 31.68 31.66 31.63 31.60 31.56 31.52 31.49 31.44 31.39 31.33 31.28 31.22 31.15 31.09 31.01 30.93 30.86 30.77 30.67 30.58 30.48 30.39 30.26 30.14 30.02 29.90 29.77 29.62 29.49 29.35 29.22 29.09 28.94 28.74 28.53 28.31 28.10 27.89 27.67 27.47 27.27 27.07 26.91 26.73 26.54 26.35 26.18 26.00 25.86 25.68 25.51 25.36 25.19 25.01 24.85 24.67 24.53 24.39 24.24 24.09 23.90 23.74 23.61 23.43 23.29 23.15 23.07 22.99 22.84 22.70 22.54 22.45
31.62 31.61 31.60 31.59 31.58 31.56 31.54 31.52 31.50 31.47 31.45 31.41 31.39 31.35 31.31 31.27 31.23 31.18 31.13 31.07 31.01 30.94 30.88 30.80 30.71 30.61 30.53 30.44 30.35 30.24 30.11 29.99 29.88 29.74 29.61 29.46 29.33 29.18 29.04 28.91 28.75 28.53 28.31 28.10 27.88 27.67 27.47 27.25 27.06 26.87 26.70 26.51 26.33 26.13 25.98 25.81 25.65 25.45 25.29 25.12 24.95 24.77 24.60 24.43 24.27 24.10 23.95 23.83 23.65 23.50 23.28 23.21 22.97 22.85 22.76 22.69 22.56 22.44 22.29
31.43 31.43 31.43 31.42 31.40 31.39 31.37 31.35 31.33 31.31 31.29 31.27 31.24 31.21 31.19 31.15 31.12 31.08 31.03 30.99 30.94 30.88 30.81 30.74 30.66 30.58 30.50 30.42 30.32 30.21 30.09 29.96 29.83 29.71 29.57 29.42 29.30 29.16 29.01 28.87 28.72 28.53 28.30 28.09 27.87 27.65 27.44 27.23 27.03 26.84 26.65 26.47 26.26 26.07 25.91 25.76 25.59 25.42 25.24 25.06 24.88 24.71 24.51 24.33 24.17 23.98 23.80 23.68 23.57 23.42 23.28 23.09 22.86 22.63 22.48 22.40 22.40 22.26 22.11
31.24 31.24 31.24 31.23 31.22 31.21 31.20 31.18 31.17 31.14 31.13 31.11 31.09 31.08 31.06 31.04 31.01 30.98 30.94 30.90 30.86 30.79 30.74 30.66 30.61 30.54 30.46 30.36 30.28 30.18 30.06 29.93 29.80 29.67 29.53 29.38 29.26 29.13 29.00 28.85 28.68 28.52 28.28 28.08 27.85 27.63 27.41 27.21 27.00 26.80 26.62 26.43 26.23 26.04 25.87 25.70 25.54 25.34 25.18 24.97 24.83 24.64 24.45 24.23 24.06 23.89 23.71 23.56 23.44 23.24 23.00 22.93 22.76 22.45 22.33 22.18 22.22 22.06 21.91
31.03 31.00 31.04 31.03 31.03 31.03 31.01 31.00 30.99 30.97 30.96 30.95 30.94 30.93 30.92 30.91 30.89 30.88 30.85 30.81 30.78 30.72 30.67 30.61 30.55 30.48 30.41 30.34 30.24 30.14 30.03 29.90 29.77 29.63 29.51 29.37 29.24 29.10 28.97 28.82 28.66 28.50 28.28 28.06 27.83 27.61 27.41 27.20 26.99 26.79 26.58 26.38 26.20 26.00 25.83 25.66 25.47 25.31 25.14 24.96 24.77 24.57 24.37 24.18 23.99 23.82 23.65 23.47 23.30 23.16 23.01 22.83 22.65 22.47 22.26 22.12 22.04 21.88 21.72
30.85 30.85 30.85 30.84 30.82 30.83 30.83 30.82 30.81 30.81 30.80 30.80 30.79 30.80 30.80 30.79 30.78 30.76 30.75 30.72 30.69 30.65 30.60 30.54 30.48 30.42 30.33 30.27 30.21 30.10 29.99 29.86 29.72 29.59 29.45 29.31 29.19 29.03 28.91 28.77 28.64 28.48 28.27 28.02 27.79 27.57 27.36 27.16 26.96 26.76 26.55 26.34 26.11 25.95 25.77 25.60 25.42 25.23 25.05 24.85 24.70 24.48 24.28 24.09 23.90 23.70 23.52 23.35 23.15 22.93 22.79 22.64 22.48 22.32 22.18 22.03 21.91 21.78 21.56
30.66 30.66 30.64 30.64 30.63 30.64 30.64 30.64 30.64 30.64 30.64 30.64 30.65 30.65 30.66 30.66 30.67 30.66 30.65 30.63 30.60 30.56 30.52 30.46 30.40 30.34 30.27 30.18 30.11 30.05 29.94 29.81 29.67 29.54 29.40 29.27 29.14 29.01 28.87 28.72 28.60 28.44 28.22 27.98 27.75 27.55 27.33 27.12 26.92 26.72 26.51 26.31 26.11 25.91 25.72 25.55 25.36 25.17 24.98 24.80 24.60 24.39 24.18 23.95 23.76 23.57 23.38 23.21 23.02 22.74 22.42 22.33 22.25 22.12 21.99 21.86 21.73 21.62 21.52
30.46 30.44 30.45 30.44 30.43 30.44 30.44 30.45 30.45 30.45 30.47 30.48 30.48 30.50 30.52 30.53 30.55 30.55 30.55 30.54 30.52 30.48 30.44 30.38 30.31 30.26 30.21 30.12 30.00 29.98 29.87 29.74 29.61 29.49 29.36 29.23 29.09 28.95 28.82 28.68 28.55 28.39 28.17 27.95 27.73 27.51 27.29 27.07 26.87 26.66 26.48 26.26 26.07 25.87 25.67 25.47 25.27 25.09 24.90 24.73 24.52 24.32 24.09 23.83 23.63 23.44 23.22 23.02 22.80 22.66 22.37 22.17 22.06 21.94 21.84 21.72 21.60 21.45 21.49
30.26 30.24 30.25 30.23 30.22 30.21 30.22 30.23 30.24 30.25 30.28 30.31 30.35 30.36 30.39 30.41 30.43 30.44 30.44 30.44 30.43 30.41 30.37 30.32 30.24 30.17 30.11 30.03 29.96 29.90 29.81 29.68 29.55 29.43 29.30 29.17 29.03 28.90 28.77 28.63 28.49 28.34 28.12 27.89 27.66 27.45 27.24 27.03 26.83 26.62 26.43 26.21 26.02 25.84 25.63 25.40 25.21 25.00 24.80 24.63 24.44 24.24 24.02 23.77 23.56 23.34 23.10 22.88 22.66 22.47 22.23 22.05 21.94 21.77 21.69 21.59 21.48 21.34 21.35
30.05 30.04 30.06 30.03 30.02 29.99 29.99 29.99 30.01 30.05 30.11 30.16 30.18 30.22 30.26 30.29 30.31 30.33 30.34 30.34 30.33 30.32 30.28 30.23 30.16 30.06 29.98 29.89 29.83 29.79 29.75 29.61 29.50 29.37 29.24 29.11 28.98 28.85 28.71 28.57 28.43 28.25 28.05 27.83 27.61 27.39 27.17 26.97 26.75 26.56 26.36 26.14 25.94 25.73 25.53 25.34 25.15 24.94 24.68 24.53 24.35 24.16 23.94 23.70 23.48 23.24 23.03 22.78 22.50 22.28 22.17 21.97 21.88 21.72 21.60 21.43 21.32 21.12 21.24
29.85 29.86 29.87 29.87 29.85 29.84 29.80 29.80 29.82 29.86 29.94 30.00 30.03 30.07 30.12 30.16 30.19 30.21 30.23 30.23 30.22 30.22 30.16 30.12 30.07 29.97 29.84 29.79 29.75 29.76 29.67 29.55 29.44 29.31 29.19 29.06 28.92 28.80 28.66 28.52 28.37 28.19 27.96 27.71 27.53 27.33 27.12 26.92 26.70 26.51 26.30 26.10 25.90 25.69 25.49 25.29 25.09 24.86 24.66 24.44 24.25 24.04 23.80 23.60 23.40 23.12 22.94 22.70 22.40 22.17 22.07 21.97 21.80 21.61 21.57 21.23 20.92 20.76 20.68
29.64 29.66 29.65 29.69 29.66 29.64 29.65 29.63 29.65 29.70 29.78 29.84 29.87 29.91 29.98 30.04 30.06 30.08 30.11 30.12 30.10 30.11 30.08 30.04 29.98 29.88 29.80 29.76 29.73 29.68 29.59 29.49 29.37 29.25 29.13 29.01 28.87 28.73 28.61 28.46 28.31 28.12 27.89 27.68 27.48 27.27 27.06 26.85 26.66 26.45 26.26 26.06 25.87 25.65 25.45 25.23 25.02 24.76 24.51 24.36 24.14 23.91 23.66 23.44 23.24 23.04 22.81 22.56 22.32 22.13 21.98 21.85 21.66 21.55 21.52 21.33 21.03 20.74 20.58
29.44 29.45 29.46 29.50 29.49 29.46 29.46 29.44 29.46 29.48 29.55 29.66 29.72 29.75 29.82 29.89 29.90 29.93 29.98 29.99 29.99 30.00 29.98 29.93 29.90 29.77 29.76 29.74 29.68 29.60 29.50 29.40 29.28 29.18 29.08 28.96 28.83 28.69 28.56 28.41 28.23 28.03 27.83 27.63 27.41 27.20 26.99 26.80 26.60 26.39 26.13 25.93 25.79 25.58 25.32 24.91 24.65 24.67 24.35 24.14 24.04 23.80 23.56 23.36 23.06 22.97 22.71 22.41 22.18 22.02 21.91 21.81 21.60 21.41 21.31 21.32 21.17 20.96 20.76
29.25 29.26 29.29 29.30 29.31 29.30 29.31 29.32 29.28 29.26 29.33 29.48 29.55 29.58 29.65 29.72 29.72 29.78 29.86 29.88 29.89 29.89 29.87 29.82 29.80 29.71 29.67 29.64 29.57 29.53 29.43 29.31 29.19 29.10 29.00 28.88 28.75 28.62 28.47 28.33 28.14 27.94 27.73 27.54 27.33 27.13 26.93 26.73 26.54 26.34 26.14 25.80 25.55 25.45 25.24 24.85 24.22 24.52 24.30 24.00 23.66 23.73 23.48 23.19 23.00 22.94 22.40 22.32 22.05 21.83 21.74 21.70 21.59 21.29 21.23 21.02 20.94 20.92 20.76
29.07 29.08 29.09 29.11 29.17 29.16 29.16 29.15 29.12 29.12 29.20 29.30 29.36 29.44 29.46 29.51 29.57 29.65 29.72 29.77 29.78 29.78 29.76 29.74 29.72 29.64 29.59 29.55 29.50 29.44 29.35 29.24 29.13 29.02 28.91 28.80 28.69 28.56 28.41 28.22 28.03 27.84 27.64 27.45 27.25 27.06 26.86 26.68 26.48 26.29 26.10 25.88 25.40 25.08 24.99 24.81 24.02 24.42 24.13 23.97 23.84 23.64 23.41 23.15 22.96 22.69 22.34 22.17 21.92 21.66 21.54 21.53 21.45 21.39 21.18 20.99 20.83 20.75 20.55
28.90 28.92 28.93 28.94 28.99 29.02 28.96 28.99 28.95 28.98 29.06 29.09 29.16 29.26 29.30 29.32 29.41 29.50 29.61 29.66 29.68 29.68 29.65 29.63 29.62 29.57 29.49 29.44 29.41 29.31 29.26 29.16 29.05 28.95 28.84 28.74 28.60 28.46 28.29 28.11 27.91 27.73 27.54 27.36 27.17 26.98 26.80 26.61 26.43 26.27 26.04 25.82 25.34 24.95 24.80 24.73 24.49 24.10 23.88 23.92 23.76 23.56 23.25 23.03 22.82 22.49 22.29 22.13 21.91 21.68 21.51 21.39 21.20 21.25 21.16 20.94 20.78 20.62 20.48
28.73 28.76 28.76 28.77 28.80 28.85 28.83 28.84 28.82 28.84 28.90 28.92 28.97 29.08 29.17 29.21 29.30 29.38 29.48 29.52 29.55 29.57 29.55 29.54 29.52 29.46 29.40 29.36 29.31 29.25 29.17 29.07 28.98 28.88 28.77 28.65 28.51 28.34 28.17 27.99 27.82 27.64 27.45 27.27 27.08 26.91 26.73 26.55 26.37 26.19 26.00 25.78 25.52 25.16 24.82 24.63 24.42 24.13 23.92 23.82 23.65 23.30 23.12 22.90 22.72 22.45 22.24 22.11 21.95 21.77 21.58 21.39 21.34 21.17 21.03 20.81 20.77 20.61 20.47
28.57 28.58 28.59 28.61 28.62 28.62 28.70 28.65 28.67 28.72 28.76 28.79 28.81 28.90 29.01 29.05 29.13 29.24 29.33 29.37 29.42 29.46 29.45 29.42 29.40 29.36 29.30 29.26 29.22 29.16 29.07 28.99 28.88 28.77 28.65 28.51 28.35 28.20 28.04 27.87 27.69 27.52 27.34 27.17 27.00 26.82 26.64 26.48 26.30 26.10 25.92 25.72 25.47 25.22 24.98 24.76 24.30 24.22 23.92 23.76 23.58 23.24 22.89 22.69 22.57 22.35 22.23 22.08 21.93 21.80 21.63 21.46 21.33 21.12 20.96 20.51 20.02 20.54 20.45
28.42 28.43 28.44 28.45 28.47 28.48 28.52 28.56 28.58 28.62 28.68 28.71 28.69 28.72 28.84 28.85 28.93 29.07 29.17 29.23 29.28 29.30 29.31 29.31 29.29 29.26 29.20 29.15 29.11 29.05 28.97 28.88 28.77 28.65 28.52 28.38 28.22 28.06 27.91 27.75 27.60 27.43 27.25 27.08 26.90 26.72 26.55 26.38 26.21 26.03 25.83 25.63 25.41 25.13 24.84 24.70 24.43 24.02 23.77 23.69 23.41 23.21 22.88 22.54 22.28 22.20 22.15 21.99 21.77 21.40 21.59 21.45 21.32 21.10 20.95 20.69 20.50 20.44 20.39
28.28 28.28 28.28 28.30 28.32 28.33 28.35 28.40 28.49 28.55 28.62 28.66 28.66 28.69 28.73 28.72 28.79 28.93 29.00 29.08 29.12 29.13 29.14 29.15 29.14 29.08 29.04 28.99 28.95 28.88 28.80 28.71 28.60 28.49 28.35 28.22 28.09 27.94 27.78 27.62 27.46 27.32 27.14 26.96 26.80 26.63 26.44 26.28 26.10 25.92 25.73 25.54 25.35 25.00 24.45 24.36 24.26 23.90 23.68 23.59 23.32 23.08 22.83 22.50 22.16 21.99 22.00 21.90 21.76 21.48 21.52 21.38 21.21 21.14 20.83 20.61 20.40 20.36 19.63
28.15 28.16 28.16 28.17 28.20 28.21 28.26 28.35 28.41 28.47 28.55 28.61 28.63 28.64 28.66 28.66 28.69 28.74 28.81 28.90 28.95 28.96 28.98 28.99 28.97 28.92 28.86 28.82 28.77 28.71 28.62 28.52 28.43 28.34 28.22 28.08 27.94 27.79 27.66 27.51 27.33 27.20 27.04 26.86 26.70 26.52 26.35 26.18 26.00 25.83 25.64 25.45 25.25 25.00 24.70 24.49 24.26 23.92 23.69 23.39 23.10 22.93 22.70 22.46 22.20 22.01 21.92 21.80 21.57 21.33 21.36 21.28 21.13 21.04 20.75 20.62 20.47 20.23 19.49
28.05 28.04 28.03 28.05 28.08 28.16 28.22 28.29 28.33 28.39 28.47 28.53 28.57 28.55 28.57 28.58 28.59 28.58 28.61 28.70 28.78 28.80 28.82 28.83 28.80 28.75 28.69 28.65 28.60 28.54 28.45 28.35 28.27 28.16 28.05 27.93 27.80 27.64 27.51 27.37 27.21 27.03 26.89 26.73 26.57 26.40 26.24 26.08 25.91 25.74 25.56 25.36 25.17 24.97 24.75 24.52 24.23 23.99 23.69 23.15 22.90 22.81 22.40 22.18 22.13 21.86 21.80 21.74 21.48 21.23 21.31 21.12 21.02 20.95 20.73 20.49 20.16 19.93 19.88
27.93 27.92 27.94 27.99 28.05 28.12 28.18 28.23 28.27 28.33 28.39 28.44 28.49 28.50 28.51 28.52 28.52 28.52 28.52 28.55 28.57 28.62 28.69 28.67 28.64 28.61 28.54 28.48 28.43 28.36 28.29 28.20 28.10 28.01 27.90 27.78 27.65 27.50 27.38 27.24 27.10 26.94 26.76 26.61 26.45 26.31 26.14 25.99 25.82 25.62 25.47 25.27 25.10 24.89 24.68 24.38 23.96 23.87 23.62 23.15 22.77 22.48 22.14 22.02 22.05 21.76 21.70 21.57 21.25 21.17 21.10 20.98 20.93 20.78 20.51 20.45 20.23 19.97 19.71
27.82 27.84 27.90 27.95 28.02 28.07 28.12 28.18 28.23 28.26 28.30 28.34 28.40 28.43 28.43 28.43 28.44 28.45 28.43 28.42 28.45 28.50 28.53 28.50 28.46 28.42 28.39 28.32 28.26 28.19 28.11 28.04 27.95 27.85 27.75 27.64 27.52 27.38 27.25 27.12 26.96 26.82 26.66 26.51 26.36 26.19 26.04 25.88 25.70 25.53 25.37 25.20 25.01 24.83 24.62 24.39 23.99 23.84 23.59 23.11 22.75 22.31 21.86 21.88 21.84 21.69 21.57 21.54 21.26 21.23 21.07 20.93 20.85 20.71 20.39 20.24 20.00 19.74 19.71
27.75 27.80 27.87 27.93 28.00 28.01 28.07 28.10 28.15 28.20 28.23 28.28 28.31 28.30 28.28 28.31 28.30 28.31 28.32 28.33 28.38 28.40 28.37 28.34 28.29 28.26 28.23 28.18 28.11 28.04 27.95 27.87 27.80 27.71 27.61 27.49 27.38 27.26 27.13 27.00 26.85 26.69 26.56 26.40 26.24 26.09 25.92 25.78 25.61 25.44 25.27 25.11 24.93 24.76 24.52 24.19 23.97 23.88 23.56 23.21 22.78 22.02 21.96 21.90 21.73 21.54 21.38 21.45 21.33 21.17 20.97 20.79 20.68 20.66 20.52 20.31 19.98 19.45 19.56
27.70 27.77 27.84 27.91 27.92 27.95 27.98 28.00 28.01 28.09 28.14 28.16 28.20 28.22 28.18 28.19 28.15 28.15 28.16 28.24 28.26 28.26 28.23 28.19 28.15 28.10 28.06 28.03 27.96 27.88 27.80 27.72 27.65 27.56 27.46 27.36 27.24 27.12 27.00 26.89 26.71 26.57 26.43 26.30 26.14 25.99 25.81 25.68 25.52 25.34 25.20 25.01 24.85 24.67 24.46 24.23 24.07 23.80 23.51 23.25 22.92 22.59 22.30 21.99 21.67 21.39 21.12 21.38 21.16 20.99 20.80 20.58 20.36 20.53 20.38 20.04 19.99 19.53 19.37
27.66 27.73 27.82 27.86 27.87 27.89 27.90 27.90 27.91 27.99 28.05 28.09 28.12 28.13 28.09 28.07 28.05 28.08 28.07 28.14 28.12 28.11 28.08 28.04 28.00 27.95 27.92 27.89 27.82 27.73 27.65 27.58 27.50 27.43 27.33 27.22 27.11 27.00 26.88 26.76 26.61 26.47 26.33 26.19 26.02 25.89 25.74 25.59 25.43 25.27 25.10 24.93 24.76 24.59 24.41 24.21 23.98 23.61 23.45 23.25 22.88 22.57 22.32 21.96 21.59 21.48 21.47 21.29 21.13 20.83 20.63 20.52 20.45 20.46 20.34 19.69 19.81 19.66 19.08
