main/data/pressure/11.02.2023.grid
ncols 886
nrows 691
xllcenter 112.0000
yllcenter -44.5000
cellsize 0.0500
nodata_value 99999.90
[rows 442 to 475 of 691, columns 462 to 538 of 886]
14.88 14.47 14.91 14.44 14.41 14.91 14.95 14.82 14.77 14.77 14.59 14.52 13.97 14.18 14.34 14.61 14.88 14.94 14.98 15.04 15.08 15.11 15.14 15.19 15.13 15.06 15.12 15.16 15.28 15.37 15.46 15.46 15.48 15.50 15.49 15.48 15.45 15.42 15.28 15.25 15.33 15.60 15.81 15.79 15.85 15.81 15.96 16.22 16.31 16.31 16.11 15.77 16.53 16.74 16.76 16.76 16.52 15.84 14.77 15.52 15.66 16.36 16.34 16.28 16.16 16.05 15.87 15.71 15.34 15.34 15.19 14.76 13.87 14.18 14.72 15.29 15.44
15.27 14.86 14.82 14.72 14.75 14.84 14.81 14.73 14.65 14.62 14.49 14.38 14.16 14.37 14.57 14.74 14.84 14.89 14.89 14.93 14.99 15.04 15.10 15.11 15.05 14.99 14.99 15.04 15.20 15.20 15.39 15.19 15.38 15.46 15.46 15.39 15.31 15.27 15.13 14.89 15.15 15.46 15.62 15.58 15.64 15.75 16.05 16.20 16.28 16.24 16.13 16.08 16.58 16.73 16.71 16.75 16.59 14.26 14.81 15.09 15.30 16.25 16.24 16.25 15.99 15.76 15.60 15.13 14.49 15.11 14.86 14.92 14.15 14.64 14.75 15.09 15.24
15.34 14.86 14.67 14.71 14.68 14.64 14.60 14.55 14.42 14.45 14.43 14.44 14.44 14.44 14.55 14.74 14.85 14.88 14.78 14.76 14.95 15.01 15.05 15.04 14.99 14.96 14.98 15.03 15.10 15.12 15.28 15.27 15.34 15.37 15.43 15.26 15.09 15.06 15.12 14.82 14.64 14.74 15.45 15.54 15.70 15.72 15.99 16.11 16.23 16.35 16.44 16.48 16.63 16.72 16.64 16.66 16.61 14.68 14.78 15.05 15.89 16.12 16.15 16.07 15.84 15.34 15.07 14.58 15.11 14.91 14.70 14.84 14.81 14.71 14.71 14.70 14.96
15.48 15.03 14.71 14.68 14.56 14.42 14.36 14.20 13.76 14.25 14.41 14.33 14.27 14.38 14.58 14.77 14.45 14.42 14.55 14.61 14.84 14.91 14.93 15.00 14.99 14.99 15.00 15.01 14.98 14.99 15.21 15.18 15.23 15.29 15.33 15.30 15.23 15.12 15.13 15.02 14.59 14.69 14.99 15.32 15.76 15.89 16.00 16.10 16.21 16.31 16.40 16.48 16.58 16.69 16.39 16.56 16.21 14.98 14.60 15.16 15.59 16.07 15.96 15.78 15.77 15.65 15.59 15.52 15.15 14.28 14.48 14.80 14.83 14.80 14.39 14.08 14.86
15.66 15.34 14.98 14.74 14.57 14.36 14.27 14.23 14.24 14.28 14.33 13.78 14.13 14.59 14.65 14.71 14.39 14.36 14.64 14.61 14.72 14.64 14.60 14.91 14.87 14.88 14.92 14.92 14.93 14.85 15.06 15.16 15.04 15.03 15.24 15.28 15.23 15.18 15.10 14.89 14.69 14.57 14.75 15.20 15.63 15.80 15.79 15.50 16.11 16.27 16.34 16.35 16.45 16.63 16.61 16.53 15.74 14.30 14.07 15.17 15.62 15.96 15.91 15.41 15.49 15.41 15.23 15.39 15.24 14.24 14.69 14.87 14.82 14.58 14.05 14.03 14.42
15.64 15.33 15.10 14.83 14.66 14.47 14.22 14.17 14.08 14.07 14.33 14.04 14.46 14.45 14.47 14.49 14.68 14.75 14.66 14.55 14.58 14.40 14.25 14.65 14.68 14.68 14.82 14.81 14.79 14.75 14.97 15.09 15.02 15.17 15.23 15.24 15.25 15.20 15.14 15.01 14.82 14.57 14.84 14.78 15.57 15.77 15.62 15.45 16.08 16.21 16.32 16.36 16.41 16.57 16.64 16.66 16.02 13.64 15.08 15.40 15.49 15.78 15.81 15.61 15.50 14.78 14.32 14.92 15.15 14.95 14.89 14.48 14.38 14.60 14.25 14.62 14.98
15.64 15.36 15.09 14.89 14.78 14.56 14.37 14.26 14.30 14.20 14.40 14.24 14.08 14.14 14.21 14.34 14.47 14.72 14.67 14.54 14.36 14.38 14.12 14.33 14.56 14.65 14.71 14.65 14.48 14.49 14.87 14.64 14.77 15.14 15.01 15.09 15.19 15.19 15.20 14.99 14.76 14.82 15.10 15.11 15.61 15.79 15.80 15.35 15.80 15.61 16.39 16.40 16.46 16.63 16.62 16.64 14.95 14.59 15.00 15.05 15.23 15.72 15.73 15.48 15.38 13.95 13.06 14.14 14.83 14.78 14.55 14.05 14.67 14.74 14.07 14.40 15.01
15.57 15.38 15.10 14.73 14.38 14.32 14.27 14.24 14.33 14.36 14.19 13.86 13.73 13.85 14.10 14.30 14.43 14.64 14.71 14.64 14.53 14.12 13.84 14.28 14.38 14.53 14.57 14.57 14.73 14.88 14.77 14.67 14.95 15.06 14.95 14.88 15.05 15.02 15.15 15.17 14.94 15.07 15.30 15.46 15.49 15.76 15.87 15.87 16.04 16.05 16.25 16.53 16.51 16.62 16.57 16.44 15.94 14.32 13.77 14.65 15.19 15.49 15.62 15.28 15.12 14.87 14.61 14.58 14.42 14.65 13.99 14.18 14.85 14.77 14.30 14.84 14.85
15.60 15.43 15.16 14.57 13.81 14.24 14.12 14.06 14.16 14.12 13.86 13.54 13.70 13.88 13.84 14.05 14.34 14.54 14.69 14.71 14.66 14.33 14.13 14.44 14.39 14.49 14.56 14.60 14.68 14.41 14.13 14.47 14.15 14.93 14.88 14.88 15.03 14.72 14.84 15.01 15.07 15.06 15.20 15.28 15.66 15.70 15.83 15.87 15.59 15.08 15.40 16.37 16.52 16.60 16.56 16.41 16.08 15.55 12.22 14.04 15.06 15.42 15.50 15.29 15.21 14.50 14.40 14.06 14.14 14.39 14.05 14.45 14.86 14.87 14.78 14.99 15.06
15.60 15.51 15.40 14.90 14.02 14.47 14.33 14.13 14.20 13.94 13.86 13.62 13.95 14.09 13.85 14.00 14.34 14.51 14.57 14.62 14.68 14.65 14.58 14.48 14.40 14.32 14.30 14.42 14.41 14.38 14.28 14.71 14.88 14.76 14.67 14.49 14.82 14.67 14.93 14.82 14.93 15.07 15.29 15.37 15.55 15.64 15.87 15.95 15.92 15.13 15.00 16.20 15.53 16.56 16.58 16.42 16.35 15.83 13.99 13.26 14.85 15.30 15.39 15.32 15.22 14.95 14.60 14.10 13.93 14.09 13.69 14.53 14.89 14.91 14.86 15.03 15.02
15.55 15.42 15.38 15.27 14.77 14.67 14.58 14.34 14.35 14.12 14.10 13.96 13.99 14.34 14.30 14.41 14.55 14.62 14.54 14.54 14.57 14.66 14.56 14.41 14.24 14.03 14.00 14.23 14.44 14.46 14.53 14.46 14.36 14.85 14.35 14.41 14.77 14.71 14.68 14.42 14.86 14.79 15.27 15.53 15.62 15.79 15.91 16.02 15.98 15.55 15.79 15.88 15.01 16.48 16.50 16.49 16.41 16.04 15.39 13.55 14.76 15.04 15.29 15.24 15.10 14.95 14.70 14.28 13.84 14.06 14.16 14.60 14.84 14.73 14.52 14.77 14.66
15.47 15.30 15.26 15.26 15.08 14.95 14.79 14.64 14.47 14.31 14.21 14.21 14.39 14.42 14.42 14.52 14.63 14.64 14.54 14.44 14.02 14.50 14.61 14.46 14.38 14.05 13.96 14.13 14.31 14.42 14.47 14.61 14.63 14.63 14.80 14.74 14.83 14.74 14.87 15.01 14.91 15.05 15.29 15.55 15.68 15.76 15.81 16.02 16.07 16.01 15.91 15.03 15.16 16.47 16.48 16.48 16.34 16.20 15.40 13.60 14.77 15.06 15.14 15.09 14.86 14.85 14.16 14.37 14.04 14.16 14.38 14.61 14.68 14.35 14.36 14.62 14.64
15.38 15.08 15.01 15.14 15.15 15.04 14.84 14.51 14.49 14.31 14.11 14.10 14.34 14.48 14.43 14.47 14.62 14.56 14.43 14.22 13.93 14.60 14.61 14.50 14.39 14.30 14.18 14.15 14.31 14.42 14.40 14.51 14.43 14.13 14.77 14.85 14.85 14.85 14.98 15.02 15.21 15.15 15.44 15.52 15.65 15.54 15.65 15.89 16.12 15.23 15.65 14.91 15.34 16.43 16.43 16.42 16.26 16.11 15.20 13.23 13.82 14.70 14.97 15.01 14.91 14.66 14.10 14.39 14.10 13.88 14.30 14.43 14.49 14.33 14.50 14.16 14.36
15.35 15.14 15.10 15.09 15.08 15.06 14.91 14.73 14.68 14.45 14.18 14.04 14.18 14.43 14.55 14.59 14.60 14.46 14.29 14.32 14.37 14.57 14.61 14.53 14.38 14.25 14.10 14.02 14.34 14.45 14.54 14.65 14.68 14.75 14.79 14.83 14.81 14.83 14.99 15.23 15.28 15.41 15.45 15.60 15.67 15.61 15.61 15.66 16.09 15.87 16.01 14.80 15.53 16.38 16.37 16.37 16.36 16.27 14.96 12.97 14.45 13.49 14.78 14.82 14.75 14.59 14.39 14.10 13.38 12.77 13.86 14.06 14.30 13.97 12.46 13.40 13.87
15.29 15.14 15.05 15.03 15.05 15.05 14.91 14.86 14.77 14.61 14.46 14.26 14.20 14.38 14.52 14.58 14.59 14.43 14.10 14.12 14.29 14.47 14.54 14.53 14.38 14.22 14.01 13.98 14.20 14.35 14.44 14.57 14.74 14.76 14.80 14.83 14.77 14.73 14.90 15.06 14.93 15.30 15.52 15.64 15.68 15.54 15.23 15.79 15.85 16.18 16.19 14.79 14.87 16.12 16.34 16.32 16.30 16.07 15.29 14.77 12.53 11.31 14.66 14.62 14.52 14.42 14.07 13.77 13.21 13.38 13.54 13.95 14.16 13.52 13.26 13.47 13.73
15.31 15.11 14.66 14.91 15.05 15.06 14.96 14.88 14.74 14.66 14.65 14.50 14.34 14.37 14.40 14.50 14.62 14.54 14.31 14.13 14.34 14.43 14.41 14.37 14.38 14.29 13.97 13.87 14.11 14.33 14.46 14.62 14.75 14.70 14.78 14.77 14.80 14.74 14.97 14.98 15.06 15.24 15.46 15.69 15.64 15.67 15.52 15.41 15.88 16.25 16.12 16.09 15.60 15.68 16.29 16.27 16.26 16.12 15.94 15.37 13.02 12.89 14.53 14.33 14.39 14.18 14.14 14.01 12.30 13.36 13.18 13.39 14.05 13.91 13.51 13.24 13.66
15.43 15.37 15.23 15.05 15.12 15.10 14.93 14.79 14.70 14.71 14.74 14.61 14.41 14.38 14.37 14.48 14.62 14.60 14.41 14.16 14.16 14.31 14.29 14.24 14.22 14.23 14.03 13.95 14.12 14.35 14.43 14.55 14.69 14.75 14.63 14.68 14.84 14.78 14.97 15.05 14.89 15.13 15.48 15.68 15.80 15.79 15.82 15.85 16.04 16.15 16.28 16.18 15.65 15.91 16.25 16.23 16.19 16.10 15.91 15.24 13.24 13.95 13.85 14.12 14.12 14.00 13.90 13.68 13.60 12.39 13.01 13.22 13.84 13.79 13.45 13.13 13.42
15.56 15.54 15.42 15.23 15.28 14.97 14.75 14.71 14.62 14.74 14.80 14.70 14.49 14.45 14.37 14.45 14.53 14.56 14.37 14.25 14.13 14.27 14.21 14.22 14.14 14.22 14.21 14.15 14.10 14.39 14.49 14.56 14.72 14.72 14.45 14.59 14.82 14.84 14.87 15.11 15.08 14.88 15.40 15.64 15.79 15.92 15.91 15.92 16.08 16.04 16.29 16.28 16.23 16.24 16.20 16.17 16.14 16.09 15.97 15.55 14.22 14.07 13.75 13.88 13.79 13.94 14.16 14.00 12.89 12.67 13.01 13.80 13.43 13.53 13.35 13.29 13.23
15.67 15.55 15.48 15.40 15.29 14.99 14.81 14.77 14.55 14.24 14.82 14.77 14.61 14.68 14.61 14.59 14.66 14.64 14.50 14.44 14.39 14.37 14.25 14.22 14.20 14.27 14.38 14.39 14.40 14.54 14.62 14.67 14.70 14.70 14.39 14.56 14.89 14.95 14.63 15.06 15.17 13.99 15.28 15.39 15.56 15.79 16.02 16.10 15.82 15.95 16.29 16.27 16.23 16.06 16.15 16.12 16.08 16.05 15.92 15.67 13.43 13.84 13.71 13.71 13.58 14.05 14.49 13.91 13.40 12.79 13.05 13.61 13.64 13.50 13.44 13.33 12.95
15.62 15.52 15.39 15.33 15.28 15.15 15.02 15.04 15.00 14.95 14.95 14.80 14.79 14.84 14.81 14.68 14.70 14.72 14.63 14.55 14.61 14.43 14.38 14.17 13.94 14.26 14.30 14.40 14.48 14.57 14.62 14.64 14.63 14.51 14.56 14.69 14.80 15.03 15.12 15.21 15.06 13.70 14.87 15.21 15.45 15.66 15.93 16.13 16.17 16.25 16.18 16.23 16.18 16.14 16.10 16.07 16.04 15.99 15.97 15.90 15.40 13.54 13.69 14.36 14.04 14.38 14.14 13.77 13.68 13.04 13.37 13.41 13.42 13.48 13.21 13.04 13.10
15.52 15.45 15.41 15.34 15.32 15.22 15.20 15.20 15.17 15.10 14.96 14.87 14.97 14.90 14.83 14.55 14.62 14.74 14.75 14.72 14.67 14.46 14.47 14.33 14.15 14.20 14.17 14.34 14.31 14.39 14.50 14.57 14.65 14.52 14.69 14.80 14.84 14.98 14.74 15.16 15.10 14.97 15.32 14.99 15.45 15.55 15.90 16.13 16.22 16.22 16.20 16.16 16.12 16.09 16.05 16.01 15.97 15.94 15.91 15.88 15.47 12.95 12.88 13.71 14.24 14.43 14.01 13.82 13.80 12.90 12.83 13.16 13.13 13.37 13.01 12.75 13.24
15.26 15.41 15.43 15.40 15.34 15.33 15.28 15.23 15.20 15.18 15.00 14.96 15.02 14.88 14.83 14.64 14.51 14.58 14.80 14.69 14.58 14.46 14.48 14.37 14.13 14.12 14.13 14.19 14.04 13.82 14.39 14.50 14.52 14.51 14.63 14.69 14.82 14.90 14.86 15.04 14.69 14.62 15.28 15.33 15.55 15.68 15.94 16.12 16.14 16.14 16.12 16.09 16.07 16.03 15.99 15.96 15.92 15.89 15.86 15.84 15.70 14.40 13.13 13.78 14.52 14.33 14.01 14.00 13.90 13.49 13.45 13.21 12.32 13.16 12.99 12.95 13.41
15.67 15.45 15.36 15.40 15.38 15.34 15.29 15.24 15.18 15.16 15.07 15.14 15.12 14.96 14.84 14.67 14.57 14.54 14.85 14.69 14.56 14.31 14.52 14.38 14.00 14.09 14.20 14.10 13.90 13.75 14.30 14.39 14.42 14.33 14.51 14.59 14.74 14.81 14.79 14.71 14.16 14.32 15.22 15.44 15.52 15.53 15.90 16.05 16.05 16.06 16.05 16.02 15.99 15.97 15.93 15.90 15.87 15.84 15.78 15.77 15.65 14.77 14.05 14.03 14.58 14.48 14.10 13.96 13.91 13.70 13.65 13.45 12.86 12.98 12.94 13.00 13.51
15.79 15.51 15.36 15.42 15.37 15.34 15.28 15.29 15.18 15.11 14.99 15.05 15.29 15.14 14.80 14.63 14.75 14.68 14.73 14.70 14.53 14.18 14.06 14.55 14.35 14.18 14.26 14.17 13.86 13.94 14.11 14.23 14.25 14.35 14.50 14.58 14.68 14.74 14.73 14.71 14.66 14.87 15.09 15.26 15.12 15.04 15.94 15.97 15.98 15.98 15.97 15.96 15.93 15.91 15.88 15.85 15.81 15.77 15.72 15.70 15.59 15.39 14.21 14.39 14.61 14.61 14.37 13.77 13.59 13.24 13.69 13.47 13.17 12.77 13.20 13.29 13.09
15.85 15.69 15.54 15.49 15.40 15.37 15.33 15.24 15.18 15.14 15.09 15.12 15.10 15.12 14.91 14.74 14.79 14.88 14.86 14.73 14.59 14.27 14.01 14.57 14.29 14.25 14.13 14.04 13.88 13.74 13.89 13.88 13.88 14.12 14.40 14.55 14.65 14.75 14.76 14.86 15.03 15.23 15.23 15.24 15.06 15.86 15.89 15.91 15.91 15.91 15.90 15.89 15.87 15.85 15.83 15.80 15.77 15.72 15.66 15.63 15.46 15.27 14.51 14.55 14.71 14.72 14.32 14.25 13.23 12.40 13.88 13.65 13.25 12.67 13.38 13.21 13.24
15.87 15.68 15.57 15.52 15.48 15.43 15.30 15.21 15.18 15.15 15.11 15.09 15.05 14.99 15.04 14.95 14.96 14.89 14.83 14.70 14.54 14.49 14.60 14.50 14.33 14.25 13.93 13.95 13.89 13.39 13.45 13.76 13.86 14.06 14.16 14.46 14.77 14.85 14.82 14.80 14.99 14.88 15.23 15.48 15.67 15.78 15.84 15.84 15.86 15.85 15.84 15.83 15.82 15.80 15.78 15.77 15.74 15.69 15.61 15.58 15.49 15.32 15.17 14.82 14.90 14.48 14.45 14.16 13.09 13.61 14.06 13.69 13.19 12.98 12.86 13.61 12.72
15.85 15.66 15.66 15.58 15.51 15.44 15.32 15.23 15.21 15.17 15.13 15.06 15.04 14.99 14.97 15.02 14.87 14.76 14.75 14.68 14.64 14.64 14.60 14.50 14.42 14.28 13.88 13.85 13.84 13.64 13.61 13.88 14.06 14.16 13.96 14.28 14.86 14.98 15.00 14.87 14.84 14.71 14.98 15.50 15.64 15.71 15.79 15.79 15.80 15.79 15.79 15.78 15.77 15.75 15.74 15.72 15.70 15.66 15.63 15.44 15.18 15.41 15.32 15.22 15.05 14.63 14.61 13.94 13.61 14.21 14.12 13.94 13.49 13.36 13.67 12.79 13.07
15.68 15.27 15.73 15.61 15.53 15.43 15.35 15.28 15.22 15.17 15.12 15.07 15.04 14.98 14.93 15.01 14.73 14.65 14.83 14.77 14.52 13.66 14.56 14.48 14.32 14.05 13.86 13.81 13.93 13.95 13.94 14.10 14.33 14.46 14.50 14.67 14.63 14.48 14.94 15.15 15.16 15.09 15.33 15.50 15.65 15.71 15.74 15.74 15.74 15.74 15.74 15.73 15.73 15.71 15.71 15.70 15.68 15.57 15.60 15.59 14.95 15.30 14.69 15.19 14.87 14.63 14.71 13.87 14.33 14.30 14.28 14.27 13.28 13.35 13.61 13.29 13.07
15.87 15.93 15.79 15.65 15.54 15.46 15.40 15.32 15.24 15.19 15.12 15.00 14.98 14.93 14.90 14.88 14.85 14.84 14.84 14.76 14.60 14.27 14.49 14.44 14.18 14.02 13.92 13.71 13.94 14.03 14.08 14.22 14.36 14.53 14.54 14.49 14.54 14.49 15.06 15.33 15.35 15.34 15.56 15.56 15.67 15.68 15.69 15.69 15.70 15.70 15.69 15.69 15.69 15.68 15.68 15.67 15.67 15.66 15.62 15.59 15.34 15.09 15.32 15.19 14.92 14.77 14.12 13.98 14.50 14.53 14.47 14.13 13.25 13.97 13.13 13.08 13.38
16.11 15.86 15.66 15.55 15.46 15.41 15.38 15.28 15.24 15.20 15.06 14.76 14.91 14.80 14.80 14.74 14.94 14.88 14.82 14.78 14.72 14.67 14.59 14.46 14.23 14.20 13.95 13.55 13.78 13.98 14.07 14.01 13.88 14.02 13.86 14.33 14.80 15.12 15.30 15.38 15.36 15.40 15.51 15.60 15.63 15.63 15.64 15.65 15.65 15.66 15.65 15.65 15.65 15.65 15.64 15.65 15.65 15.64 15.62 15.57 15.19 14.35 15.19 15.29 15.02 14.85 14.73 14.66 14.81 14.53 14.52 14.36 13.83 14.15 13.75 13.13 13.57
16.06 15.83 15.67 15.53 15.41 15.36 15.34 15.28 15.22 15.19 15.09 14.95 14.91 14.77 14.84 14.80 14.88 14.83 14.80 14.76 14.72 14.70 14.71 14.53 14.37 14.24 14.13 13.78 13.78 13.93 13.83 13.74 13.76 13.84 14.09 14.54 14.95 15.35 15.40 15.41 15.40 15.47 15.50 15.59 15.60 15.60 15.60 15.61 15.62 15.62 15.62 15.62 15.63 15.62 15.62 15.63 15.63 15.60 15.49 15.46 15.26 14.86 14.61 15.27 15.22 15.08 15.04 14.97 14.74 13.58 14.46 14.42 14.31 14.21 13.84 13.51 13.73
16.14 15.93 15.75 15.59 15.47 15.39 15.40 15.37 15.29 15.23 15.14 15.10 15.05 14.96 14.93 14.93 14.89 14.84 14.77 14.77 14.76 14.74 14.75 14.71 14.52 14.30 14.18 13.87 13.53 13.61 13.93 13.94 14.32 14.43 14.57 14.90 15.25 15.46 15.42 15.43 15.46 15.49 15.52 15.54 15.56 15.56 15.57 15.57 15.59 15.59 15.59 15.59 15.60 15.60 15.61 15.62 15.50 15.34 15.32 15.38 15.27 14.62 14.42 15.21 15.26 15.14 15.01 14.57 14.19 13.60 14.43 14.38 13.83 14.24 13.99 13.44 13.81
16.23 16.00 15.85 15.68 15.53 15.51 15.52 15.46 15.40 15.30 15.17 15.15 15.12 15.08 15.01 14.92 14.85 14.84 14.82 14.81 14.80 14.76 14.80 14.80 14.83 14.63 14.53 14.35 14.43 14.41 14.62 14.31 14.55 14.70 14.62 15.18 15.38 15.45 15.45 15.47 15.48 15.49 15.51 15.51 15.52 15.53 15.54 15.55 15.56 15.57 15.57 15.58 15.58 15.58 15.60 15.40 15.35 15.22 15.18 15.10 15.22 15.24 15.05 15.20 15.26 15.13 14.97 14.78 14.48 14.11 14.40 14.34 13.20 14.20 14.09 13.91 13.39
16.24 16.05 15.88 15.75 15.66 15.64 15.59 15.49 15.41 15.31 15.21 15.18 15.09 15.02 15.01 14.83 14.86 14.86 14.85 14.82 14.80 14.79 14.87 14.85 14.93 14.93 14.91 14.78 14.75 15.05 14.93 14.40 14.70 14.89 14.71 15.22 15.41 15.41 15.43 15.44 15.45 15.46 15.48 15.49 15.50 15.50 15.51 15.52 15.53 15.54 15.55 15.55 15.56 15.51 15.46 15.35 15.32 15.24 15.12 15.13 14.54 14.13 15.08 15.24 15.32 15.24 15.06 14.89 14.63 13.92 14.36 14.23 13.91 14.16 13.83 13.98 13.47
