main/data/pressure/11.02.2023.grid
ncols 886
nrows 691
xllcenter 112.0000
yllcenter -44.5000
cellsize 0.0500
nodata_value 99999.90
[rows 340 to 373 of 691, columns 154 to 230 of 886]
10.16 10.16 10.09 9.98 9.93 9.91 9.94 9.97 10.01 9.98 9.96 9.94 9.98 10.02 10.09 10.10 10.06 10.21 10.27 10.29 10.27 10.29 10.36 10.38 10.36 10.24 10.32 10.38 10.48 10.54 10.56 10.53 10.51 10.49 10.47 10.49 10.45 10.40 10.36 10.33 10.34 10.40 10.48 10.41 10.47 10.51 10.56 10.55 10.54 10.55 10.55 10.55 10.58 10.64 10.74 10.80 10.75 10.75 10.78 10.80 10.84 10.87 10.84 10.83 10.78 10.78 10.76 10.83 10.92 11.00 11.03 11.06 11.11 11.14 11.11 11.02 10.74
10.29 10.30 10.26 10.20 10.14 10.01 9.95 10.00 9.99 9.99 10.02 10.00 10.04 10.04 10.10 10.19 10.25 10.32 10.38 10.43 10.39 10.44 10.47 10.53 10.55 10.49 10.52 10.59 10.62 10.67 10.66 10.63 10.57 10.49 10.46 10.49 10.46 10.40 10.35 10.30 10.32 10.32 10.47 10.44 10.44 10.39 10.45 10.47 10.47 10.48 10.47 10.48 10.49 10.60 10.70 10.72 10.67 10.65 10.66 10.67 10.82 10.86 10.85 10.85 10.86 10.77 10.72 10.77 10.86 10.91 10.85 10.88 11.01 11.08 11.07 11.02 10.89
10.42 10.44 10.44 10.42 10.37 10.27 10.09 10.13 10.18 10.21 10.22 10.22 10.22 10.19 10.16 10.27 10.38 10.38 10.49 10.57 10.59 10.61 10.64 10.67 10.71 10.69 10.70 10.76 10.77 10.77 10.74 10.69 10.64 10.60 10.59 10.57 10.47 10.42 10.37 10.34 10.36 10.40 10.47 10.51 10.49 10.45 10.45 10.44 10.44 10.46 10.48 10.49 10.51 10.57 10.65 10.68 10.62 10.60 10.62 10.67 10.79 10.80 10.79 10.84 10.85 10.76 10.67 10.71 10.76 10.79 10.81 10.87 10.96 11.01 11.01 10.99 10.93
10.49 10.49 10.57 10.60 10.62 10.55 10.38 10.41 10.47 10.49 10.49 10.48 10.46 10.43 10.39 10.44 10.46 10.36 10.59 10.66 10.68 10.74 10.78 10.80 10.84 10.88 10.89 10.90 10.92 10.86 10.84 10.77 10.70 10.68 10.70 10.64 10.53 10.47 10.41 10.39 10.42 10.45 10.46 10.47 10.50 10.51 10.48 10.43 10.43 10.47 10.51 10.50 10.52 10.54 10.57 10.63 10.57 10.56 10.63 10.67 10.76 10.71 10.69 10.79 10.85 10.79 10.74 10.72 10.71 10.72 10.80 10.87 10.93 10.96 10.96 10.97 10.93
10.61 10.65 10.68 10.71 10.75 10.80 10.78 10.76 10.75 10.75 10.76 10.76 10.73 10.70 10.62 10.57 10.54 10.50 10.66 10.77 10.82 10.85 10.87 10.88 10.88 10.92 10.94 10.89 10.99 11.04 10.97 10.89 10.83 10.80 10.81 10.74 10.63 10.56 10.51 10.47 10.46 10.45 10.46 10.43 10.45 10.47 10.49 10.46 10.44 10.46 10.47 10.47 10.47 10.50 10.54 10.58 10.56 10.58 10.64 10.70 10.77 10.70 10.65 10.73 10.80 10.80 10.80 10.77 10.75 10.76 10.80 10.85 10.89 10.89 10.87 10.86 10.89
10.79 10.81 10.80 10.80 10.86 10.93 11.00 11.04 11.02 11.02 11.03 11.04 11.00 10.96 10.86 10.73 10.70 10.78 10.84 10.89 10.95 10.96 10.96 10.89 10.87 10.95 11.06 11.05 11.09 11.15 11.11 11.04 11.01 10.95 10.89 10.84 10.75 10.67 10.60 10.54 10.48 10.45 10.40 10.35 10.39 10.41 10.43 10.44 10.43 10.44 10.43 10.43 10.40 10.46 10.51 10.52 10.50 10.51 10.49 10.48 10.68 10.65 10.63 10.72 10.75 10.78 10.79 10.79 10.78 10.76 10.77 10.82 10.80 10.82 10.71 10.67 10.72
10.92 10.90 10.89 10.92 10.96 11.03 11.09 11.18 11.24 11.26 11.26 11.26 11.25 11.19 11.12 10.98 10.87 10.83 10.92 11.01 11.06 11.05 11.00 10.89 10.82 10.98 11.12 11.21 11.23 11.25 11.23 11.20 11.14 11.07 11.01 10.95 10.86 10.78 10.70 10.61 10.52 10.43 10.40 10.38 10.37 10.37 10.36 10.37 10.38 10.39 10.40 10.41 10.42 10.44 10.44 10.40 10.36 10.35 10.34 10.36 10.48 10.59 10.66 10.69 10.70 10.70 10.69 10.69 10.68 10.65 10.67 10.68 10.64 10.60 10.57 10.55 10.58
11.10 11.04 11.04 11.07 11.11 11.17 11.21 11.32 11.40 11.43 11.40 11.41 11.43 11.41 11.32 11.22 11.13 10.96 11.00 11.09 11.19 11.13 11.05 10.99 10.99 11.15 11.20 11.27 11.30 11.33 11.32 11.31 11.27 11.22 11.16 11.06 10.96 10.88 10.79 10.68 10.55 10.42 10.44 10.43 10.37 10.31 10.30 10.30 10.31 10.33 10.36 10.37 10.33 10.38 10.34 10.27 10.21 10.20 10.20 10.21 10.29 10.32 10.49 10.57 10.63 10.62 10.57 10.57 10.55 10.52 10.57 10.58 10.52 10.41 10.46 10.48 10.47
11.40 11.36 11.35 11.34 11.36 11.37 11.40 11.46 11.51 11.52 11.50 11.53 11.58 11.59 11.53 11.47 11.35 11.14 10.98 11.10 11.21 11.16 11.15 11.13 11.16 11.22 11.22 11.26 11.32 11.29 11.32 11.33 11.34 11.31 11.24 11.14 11.05 10.96 10.88 10.76 10.63 10.57 10.57 10.50 10.39 10.28 10.26 10.26 10.24 10.25 10.26 10.25 10.25 10.29 10.24 10.16 10.10 10.09 10.11 10.14 10.20 10.27 10.39 10.45 10.50 10.51 10.52 10.50 10.47 10.48 10.52 10.54 10.52 10.47 10.44 10.43 10.45
11.75 11.72 11.70 11.68 11.64 11.63 11.60 11.63 11.62 11.61 11.62 11.64 11.68 11.76 11.71 11.67 11.58 11.34 10.92 11.17 11.36 11.19 11.29 11.24 11.19 11.26 11.23 11.25 11.21 11.23 11.31 11.31 11.36 11.36 11.31 11.23 11.14 11.05 10.95 10.81 10.63 10.62 10.59 10.59 10.41 10.22 10.27 10.22 10.15 10.13 10.11 10.12 10.12 10.21 10.14 10.07 10.03 10.02 10.04 10.07 10.13 10.22 10.31 10.28 10.28 10.36 10.40 10.42 10.43 10.47 10.51 10.52 10.50 10.50 10.41 10.38 10.44
12.09 12.06 12.04 12.01 11.97 11.94 11.88 11.84 11.78 11.75 11.74 11.75 11.79 11.83 11.84 11.82 11.76 11.65 11.43 11.44 11.52 11.45 11.44 11.38 11.30 11.36 11.39 11.40 11.35 11.34 11.37 11.36 11.38 11.41 11.38 11.30 11.22 11.13 11.02 10.86 10.61 10.33 10.55 10.62 10.45 10.39 10.29 10.16 9.99 10.01 10.05 10.06 10.09 10.12 10.07 10.00 9.94 9.91 9.94 9.99 10.04 10.09 10.16 10.21 10.18 10.21 10.25 10.34 10.42 10.47 10.43 10.37 10.30 10.25 10.27 10.32 10.41
12.36 12.34 12.33 12.32 12.29 12.24 12.17 12.08 11.95 11.89 11.87 11.86 11.89 11.92 11.96 11.97 11.93 11.83 11.68 11.67 11.75 11.70 11.66 11.60 11.56 11.55 11.58 11.60 11.55 11.52 11.47 11.41 11.41 11.45 11.42 11.36 11.29 11.20 11.10 10.97 10.84 10.82 10.71 10.54 10.41 10.27 10.15 9.89 9.77 9.93 9.99 9.99 10.03 9.97 9.95 9.93 9.83 9.79 9.83 9.89 9.92 9.96 10.01 10.08 10.06 10.05 10.16 10.28 10.39 10.42 10.35 10.22 10.12 9.98 10.16 10.29 10.39
12.55 12.54 12.51 12.48 12.46 12.46 12.43 12.32 12.19 12.09 12.04 12.01 12.03 12.05 12.08 12.10 12.08 11.88 11.73 11.81 11.90 11.88 11.85 11.80 11.76 11.67 11.64 11.73 11.70 11.63 11.58 11.53 11.50 11.48 11.45 11.39 11.30 11.23 11.13 11.03 10.92 10.83 10.65 10.47 10.31 10.14 10.02 9.93 9.87 9.90 9.73 9.81 9.86 9.73 9.73 9.82 9.75 9.69 9.72 9.77 9.82 9.85 9.88 9.93 9.98 10.07 10.14 10.23 10.33 10.38 10.31 10.22 10.14 10.11 10.20 10.33 10.43
12.69 12.69 12.65 12.57 12.54 12.58 12.63 12.56 12.41 12.28 12.20 12.14 12.16 12.18 12.22 12.23 12.21 12.17 12.05 11.97 12.05 12.03 11.99 11.96 11.93 11.78 11.57 11.88 11.82 11.73 11.68 11.63 11.60 11.56 11.49 11.40 11.31 11.22 11.14 11.04 10.94 10.83 10.61 10.39 10.21 10.03 9.93 9.93 9.91 9.87 9.84 9.70 9.69 9.56 9.59 9.69 9.63 9.56 9.60 9.65 9.69 9.74 9.75 9.74 9.78 9.90 10.00 10.14 10.26 10.33 10.30 10.24 10.21 10.23 10.27 10.38 10.46
12.83 12.84 12.79 12.70 12.61 12.62 12.73 12.77 12.64 12.50 12.37 12.29 12.30 12.33 12.34 12.35 12.32 12.23 12.08 11.95 12.03 12.06 12.04 12.03 12.01 11.92 11.86 11.93 11.89 11.84 11.78 11.70 11.64 11.59 11.51 11.42 11.33 11.22 11.12 11.02 10.89 10.74 10.55 10.34 10.15 9.98 9.89 9.88 9.88 9.82 9.74 9.58 9.48 9.42 9.49 9.54 9.49 9.45 9.47 9.51 9.53 9.56 9.56 9.55 9.63 9.77 9.89 10.04 10.18 10.27 10.27 10.24 10.21 10.22 10.27 10.33 10.39
12.96 13.00 12.96 12.86 12.63 12.59 12.81 12.93 12.85 12.69 12.52 12.38 12.43 12.46 12.45 12.46 12.39 12.29 12.09 11.92 12.04 12.04 12.02 12.02 12.05 12.04 12.01 11.94 11.80 11.87 11.82 11.73 11.66 11.60 11.53 11.44 11.34 11.22 11.11 10.96 10.82 10.68 10.49 10.31 10.11 9.91 9.79 9.76 9.69 9.62 9.69 9.57 9.41 9.24 9.31 9.35 9.31 9.30 9.33 9.35 9.35 9.33 9.34 9.38 9.54 9.71 9.83 9.97 10.10 10.20 10.22 10.21 10.16 10.14 10.21 10.28 10.32
13.12 13.17 13.14 13.06 12.83 12.77 12.97 13.08 12.99 12.83 12.66 12.54 12.52 12.51 12.50 12.48 12.44 12.39 12.18 11.91 11.88 12.02 12.05 12.05 12.08 12.05 12.00 11.89 11.64 11.39 11.75 11.73 11.64 11.54 11.46 11.38 11.29 11.17 11.07 10.93 10.78 10.61 10.41 10.23 10.05 9.84 9.70 9.61 9.48 9.39 9.57 9.49 9.33 9.15 9.11 9.14 9.17 9.19 9.21 9.20 9.18 9.17 9.21 9.31 9.49 9.66 9.78 9.91 10.05 10.13 10.12 10.09 10.07 10.08 10.20 10.31 10.36
13.32 13.33 13.34 13.34 13.24 13.14 13.19 13.23 13.13 12.95 12.80 12.66 12.61 12.56 12.52 12.48 12.48 12.36 12.14 12.05 12.10 12.13 12.15 12.13 12.11 12.04 11.97 11.90 11.75 11.87 11.81 11.68 11.57 11.45 11.35 11.30 11.21 11.13 11.03 10.89 10.72 10.53 10.31 10.10 9.96 9.79 9.62 9.47 9.32 9.28 9.37 9.35 9.21 9.12 9.15 9.18 9.15 9.15 9.10 9.03 9.02 9.02 9.11 9.31 9.46 9.61 9.71 9.84 9.97 10.05 10.02 9.93 9.99 10.04 10.21 10.37 10.42
13.48 13.49 13.50 13.51 13.46 13.40 13.40 13.38 13.30 13.13 12.97 12.82 12.72 12.63 12.57 12.51 12.51 12.36 12.19 12.20 12.12 12.20 12.22 12.16 12.07 12.00 11.94 11.87 11.77 11.78 11.73 11.62 11.53 11.41 11.32 11.25 11.15 11.08 10.99 10.84 10.66 10.46 10.22 10.00 9.86 9.70 9.52 9.31 9.10 9.11 9.16 9.21 9.15 9.05 9.07 9.08 9.07 9.05 8.97 8.89 8.87 8.89 9.01 9.19 9.36 9.52 9.64 9.77 9.88 9.97 9.99 9.96 9.99 10.10 10.20 10.29 10.39
13.64 13.66 13.67 13.67 13.62 13.58 13.58 13.51 13.46 13.31 13.15 13.00 12.82 12.68 12.64 12.58 12.55 12.43 12.35 12.33 12.30 12.29 12.24 12.12 12.02 11.93 11.91 11.87 11.76 11.73 11.71 11.68 11.54 11.39 11.29 11.25 11.18 11.08 10.97 10.81 10.63 10.44 10.22 10.02 9.85 9.69 9.48 9.27 9.04 9.03 9.04 9.07 9.01 8.85 8.87 8.90 8.92 8.90 8.82 8.76 8.72 8.73 8.84 8.97 9.10 9.37 9.55 9.67 9.71 9.81 9.95 10.01 10.00 10.03 9.97 10.27 10.36
13.83 13.87 13.87 13.84 13.76 13.54 13.70 13.67 13.60 13.44 13.24 12.93 12.75 12.77 12.77 12.69 12.51 12.36 12.40 12.41 12.38 12.34 12.16 12.04 11.97 11.89 11.92 11.93 11.84 11.79 11.76 11.68 11.57 11.44 11.34 11.29 11.20 11.07 10.94 10.80 10.64 10.46 10.19 9.94 9.73 9.55 9.37 9.32 9.21 9.15 9.05 8.95 8.95 8.75 8.74 8.77 8.82 8.78 8.68 8.61 8.55 8.55 8.72 8.89 8.99 9.24 9.45 9.51 9.56 9.65 9.81 9.98 9.96 9.62 9.57 10.05 10.31
14.00 14.02 14.01 13.98 13.95 13.84 13.79 13.77 13.72 13.53 13.36 13.12 13.00 13.06 12.98 12.90 12.71 12.52 12.49 12.44 12.32 12.32 12.10 12.01 12.05 12.02 11.99 11.95 11.89 11.83 11.74 11.65 11.57 11.49 11.39 11.28 11.13 11.00 10.88 10.75 10.63 10.44 10.18 9.90 9.64 9.38 9.49 9.35 9.28 9.27 9.14 9.16 9.05 8.72 8.69 8.72 8.79 8.80 8.67 8.55 8.47 8.42 8.63 8.83 8.95 9.10 9.24 9.34 9.38 9.48 9.64 9.85 10.01 10.08 9.89 10.08 10.27
14.03 14.04 14.04 14.04 14.04 14.00 13.88 13.88 13.83 13.66 13.48 13.33 13.23 13.20 13.12 12.98 12.73 12.77 12.61 12.37 12.22 12.20 12.08 12.00 12.05 11.98 11.90 11.93 11.86 11.76 11.66 11.55 11.48 11.43 11.33 11.18 11.00 10.88 10.77 10.66 10.56 10.41 10.22 10.01 9.79 9.64 9.59 9.48 9.40 9.37 9.30 9.19 9.04 8.82 8.73 8.73 8.78 8.83 8.77 8.68 8.59 8.51 8.56 8.72 8.83 8.95 9.07 9.15 9.24 9.34 9.49 9.68 9.89 10.05 10.07 10.14 10.26
14.12 14.08 14.07 14.08 14.09 14.09 14.06 14.01 13.95 13.79 13.62 13.49 13.42 13.35 13.28 13.18 13.04 12.66 12.74 12.33 12.33 12.25 12.10 11.92 11.90 11.90 11.63 11.91 11.80 11.67 11.56 11.45 11.38 11.36 11.26 11.09 10.90 10.76 10.65 10.57 10.51 10.45 10.26 10.13 9.96 9.86 9.72 9.61 9.51 9.43 9.34 9.25 9.15 8.90 8.73 8.73 8.76 8.82 8.84 8.83 8.77 8.67 8.61 8.66 8.72 8.79 8.89 8.98 9.07 9.20 9.34 9.53 9.75 9.94 10.08 10.15 10.24
14.32 14.25 14.22 14.22 14.20 14.16 14.18 14.12 14.06 13.95 13.82 13.71 13.61 13.52 13.44 13.33 13.16 12.97 12.88 12.70 12.55 12.38 12.24 12.09 12.00 11.94 11.83 11.86 11.70 11.58 11.48 11.39 11.33 11.28 11.19 11.01 10.78 10.64 10.53 10.47 10.45 10.36 10.24 10.18 10.01 9.91 9.79 9.69 9.58 9.49 9.39 9.30 9.18 8.96 8.74 8.69 8.74 8.79 8.79 8.78 8.82 8.83 8.77 8.71 8.66 8.66 8.71 8.79 8.88 9.02 9.20 9.40 9.62 9.82 10.01 10.13 10.22
14.51 14.43 14.40 14.39 14.32 14.19 14.21 14.21 14.16 14.08 13.99 13.89 13.78 13.68 13.59 13.48 13.32 13.17 13.03 12.85 12.73 12.44 12.43 12.29 12.17 12.07 11.99 11.85 11.59 11.50 11.44 11.36 11.29 11.22 11.15 10.96 10.70 10.55 10.44 10.40 10.41 10.33 10.22 10.14 10.01 9.90 9.79 9.69 9.65 9.53 9.44 9.34 9.26 9.06 8.86 8.68 8.77 8.79 8.73 8.66 8.69 8.77 8.84 8.76 8.66 8.59 8.58 8.62 8.69 8.84 9.07 9.30 9.51 9.71 9.93 10.09 10.18
14.69 14.62 14.58 14.54 14.48 14.39 14.36 14.29 14.20 14.12 14.05 13.96 13.87 13.78 13.68 13.58 13.44 13.30 13.15 12.99 12.85 12.56 12.53 12.43 12.31 12.19 12.07 11.88 11.63 11.49 11.42 11.35 11.27 11.16 11.04 10.86 10.64 10.49 10.43 10.42 10.39 10.30 10.16 10.09 9.99 9.86 9.74 9.65 9.59 9.56 9.48 9.38 9.28 9.14 9.00 8.86 8.81 8.78 8.73 8.75 8.76 8.82 8.88 8.81 8.70 8.59 8.49 8.52 8.63 8.81 9.04 9.26 9.46 9.67 9.87 10.04 10.13
14.85 14.78 14.72 14.70 14.64 14.57 14.50 14.36 14.21 14.11 14.04 13.96 13.88 13.79 13.72 13.65 13.54 13.40 13.26 13.11 12.97 12.80 12.71 12.57 12.43 12.29 12.15 12.00 11.75 11.57 11.46 11.38 11.28 11.14 10.98 10.80 10.57 10.39 10.43 10.46 10.39 10.28 9.97 10.04 9.95 9.81 9.73 9.62 9.57 9.57 9.50 9.39 9.31 9.19 9.11 9.00 8.88 8.79 8.73 8.79 8.86 8.91 8.92 8.85 8.74 8.60 8.48 8.47 8.59 8.78 9.00 9.22 9.42 9.62 9.82 10.00 10.08
14.96 14.91 14.85 14.80 14.73 14.65 14.53 14.38 14.21 14.09 14.00 13.92 13.87 13.81 13.75 13.67 13.55 13.44 13.32 13.19 13.07 12.94 12.79 12.65 12.52 12.38 12.21 12.01 11.79 11.64 11.57 11.47 11.34 11.18 11.01 10.81 10.57 10.27 10.42 10.48 10.32 10.10 9.89 9.94 9.93 9.87 9.79 9.69 9.64 9.62 9.50 9.34 9.28 9.20 9.15 9.05 8.94 8.90 8.88 8.89 8.92 8.95 8.94 8.89 8.78 8.64 8.49 8.46 8.57 8.75 8.90 9.12 9.38 9.57 9.76 9.91 9.98
15.04 14.99 14.93 14.87 14.79 14.68 14.56 14.38 14.19 14.06 13.96 13.87 13.86 13.83 13.77 13.67 13.54 13.45 13.34 13.22 13.14 13.02 12.86 12.72 12.60 12.46 12.27 12.01 11.77 11.78 11.69 11.57 11.40 11.23 11.06 10.89 10.72 10.53 10.51 10.46 10.23 10.06 10.01 9.99 9.96 9.90 9.84 9.78 9.73 9.67 9.43 9.26 9.27 9.18 9.20 9.08 8.93 8.97 8.95 8.97 8.97 8.97 8.96 8.94 8.85 8.69 8.49 8.47 8.56 8.76 9.03 9.26 9.40 9.55 9.70 9.82 9.91
15.03 14.97 14.92 14.87 14.78 14.67 14.54 14.37 14.18 14.05 13.98 13.93 13.89 13.85 13.75 13.60 13.47 13.40 13.30 13.16 13.05 13.00 12.93 12.81 12.64 12.53 12.34 12.03 11.65 11.79 11.76 11.59 11.39 11.20 10.99 10.85 10.74 10.57 10.41 10.37 10.27 10.18 10.12 10.06 9.99 9.95 9.90 9.84 9.80 9.71 9.43 9.33 9.35 9.31 9.24 9.21 8.97 8.92 8.89 8.97 9.01 8.91 8.89 8.96 8.92 8.81 8.64 8.50 8.57 8.73 9.06 9.32 9.46 9.58 9.69 9.79 9.86
15.01 14.99 14.95 14.86 14.76 14.66 14.53 14.40 14.20 14.07 14.05 14.01 13.96 13.88 13.75 13.55 13.42 13.36 13.26 13.12 12.94 12.94 12.91 12.85 12.73 12.59 12.43 12.24 11.98 11.94 11.78 11.57 11.36 11.18 10.91 10.79 10.79 10.57 10.27 10.33 10.32 10.26 10.15 10.03 9.94 9.99 9.95 9.89 9.88 9.81 9.67 9.48 9.55 9.51 9.41 9.28 8.90 8.92 8.94 9.02 9.09 9.07 9.05 9.03 9.00 8.97 8.83 8.67 8.76 8.89 9.16 9.39 9.51 9.61 9.70 9.77 9.84
14.98 14.97 14.90 14.80 14.72 14.69 14.63 14.52 14.35 14.23 14.18 14.14 14.06 13.97 13.84 13.68 13.56 13.45 13.33 13.19 13.05 12.99 12.94 12.88 12.77 12.64 12.49 12.33 12.15 11.98 11.81 11.62 11.45 11.27 11.02 10.90 10.91 10.73 10.54 10.44 10.34 10.20 10.08 9.87 9.83 10.00 10.00 9.98 9.97 9.90 9.82 9.73 9.61 9.59 9.50 9.33 9.05 8.96 9.06 9.13 9.17 9.18 9.18 9.14 9.10 9.05 8.94 8.87 8.92 9.07 9.26 9.45 9.57 9.67 9.73 9.77 9.84
15.00 14.93 14.85 14.74 14.72 14.74 14.78 14.68 14.52 14.40 14.35 14.30 14.20 14.08 13.98 13.86 13.74 13.61 13.47 13.33 13.20 13.08 12.99 12.90 12.81 12.67 12.50 12.36 12.17 12.00 11.78 11.70 11.58 11.46 11.29 11.13 11.06 10.92 10.78 10.62 10.38 10.12 10.09 10.17 10.04 10.11 10.10 10.07 10.06 10.00 9.91 9.74 9.74 9.58 9.38 9.48 9.31 9.23 9.20 9.24 9.20 9.14 9.14 9.13 9.15 9.12 8.99 8.99 9.06 9.19 9.36 9.51 9.60 9.71 9.73 9.78 9.88
