main/data/pressure/11.06.2023.grid
ncols 886
nrows 691
xllcenter 112.0000
yllcenter -44.5000
cellsize 0.0500
nodata_value 99999.90
[rows 396 to 431 of 691, columns 486 to 566 of 886]
9.95 9.94 9.96 10.02 10.03 10.06 10.13 10.16 10.19 10.22 10.26 10.29 10.29 10.30 10.32 10.29 10.40 10.38 10.36 10.38 10.42 10.38 10.23 10.41 10.41 10.34 10.29 10.29 10.32 10.29 10.26 10.31 10.33 10.26 10.31 10.41 10.46 10.50 10.50 10.50 10.49 10.49 10.49 10.48 10.47 10.46 10.47 10.45 10.46 10.46 10.44 10.42 10.40 10.37 10.42 10.42 10.43 10.43 10.41 10.26 10.43 10.39 10.44 10.46 10.50 10.51 10.53 10.51 10.59 10.60 10.61 10.61 10.58 10.61 10.66 10.66 10.61 10.62 10.60 10.56 10.48
9.97 9.96 9.97 9.99 10.00 10.04 10.11 10.12 10.18 10.21 10.22 10.21 10.18 10.19 10.20 10.29 10.37 10.34 10.29 10.31 10.37 10.42 10.39 10.39 10.39 10.37 10.27 10.23 10.23 10.19 10.13 10.21 10.30 10.11 10.25 10.38 10.42 10.50 10.51 10.51 10.48 10.47 10.46 10.49 10.48 10.47 10.49 10.44 10.45 10.45 10.45 10.43 10.42 10.38 10.41 10.45 10.38 10.37 10.19 10.10 10.32 10.32 10.37 10.37 10.23 10.39 10.49 10.53 10.55 10.56 10.57 10.57 10.57 10.58 10.61 10.62 10.61 10.61 10.56 10.53 10.46
9.97 9.98 10.00 10.00 10.01 10.04 10.08 10.13 10.14 10.16 10.19 10.13 10.10 10.12 10.14 10.27 10.33 10.31 10.28 10.28 10.34 10.38 10.39 10.33 10.29 10.33 10.29 10.21 10.06 10.11 10.12 10.19 10.25 10.07 10.06 10.28 10.40 10.44 10.49 10.50 10.50 10.49 10.46 10.48 10.47 10.46 10.47 10.44 10.45 10.46 10.46 10.42 10.42 10.38 10.37 10.49 10.32 10.31 10.25 10.16 10.23 10.11 10.21 10.28 10.19 10.29 10.42 10.45 10.49 10.52 10.53 10.57 10.57 10.58 10.58 10.59 10.59 10.58 10.49 10.47 10.44
9.97 9.98 10.01 10.03 10.02 10.02 10.05 10.12 10.09 10.09 10.10 10.11 10.12 10.13 10.15 10.27 10.29 10.26 10.28 10.29 10.34 10.31 10.28 10.37 10.25 10.29 10.29 10.26 9.75 10.08 10.17 10.19 10.19 10.17 10.14 9.99 10.13 10.43 10.48 10.48 10.48 10.48 10.46 10.45 10.44 10.45 10.48 10.45 10.43 10.44 10.44 10.37 10.43 10.37 10.39 10.38 10.27 10.24 10.19 10.05 10.08 10.09 10.03 9.86 10.21 10.33 10.38 10.23 10.35 10.52 10.54 10.57 10.57 10.58 10.57 10.57 10.59 10.55 10.45 10.45 10.43
9.96 9.99 10.02 10.04 10.00 10.02 10.05 10.10 10.06 10.04 10.07 10.11 10.12 10.12 10.18 10.24 10.25 10.24 10.26 10.27 10.31 10.32 10.32 10.30 10.35 10.33 10.30 10.25 10.11 10.14 10.13 10.16 10.13 10.12 10.03 10.16 10.19 10.28 10.35 10.43 10.46 10.46 10.45 10.44 10.38 10.43 10.42 10.41 10.39 10.40 10.40 10.28 10.40 10.35 10.29 10.25 10.22 10.20 10.13 9.76 9.84 9.52 9.56 9.30 10.25 10.25 10.17 9.96 10.45 10.57 10.57 10.58 10.58 10.57 10.57 10.57 10.59 10.58 10.52 10.41 10.44
10.01 10.04 10.01 10.04 10.02 10.02 10.03 10.09 10.08 10.05 10.07 10.10 10.14 10.15 10.18 10.23 10.23 10.25 10.30 10.28 10.30 10.35 10.37 10.37 10.38 10.35 10.29 10.30 10.27 10.26 10.19 10.10 10.15 10.08 10.02 10.09 10.23 10.28 10.33 10.35 10.40 10.42 10.41 10.40 10.40 10.39 10.36 10.35 10.35 10.38 10.41 10.31 10.36 10.22 10.43 10.28 10.19 10.10 9.97 9.64 9.92 9.42 9.34 9.70 9.81 9.97 10.14 10.09 10.54 10.59 10.59 10.59 10.59 10.59 10.58 10.58 10.58 10.56 10.53 10.47 10.44
10.02 10.04 9.98 10.00 10.05 10.03 10.05 10.09 10.09 10.07 10.09 10.16 10.22 10.19 10.20 10.22 10.26 10.31 10.34 10.34 10.37 10.41 10.38 10.38 10.39 10.35 10.30 10.34 10.31 10.28 10.29 10.22 10.21 10.17 10.11 10.07 10.20 10.29 10.34 10.36 10.36 10.36 10.38 10.36 10.34 10.35 10.32 10.25 10.21 10.28 10.34 10.41 10.09 10.48 10.12 10.15 9.93 10.00 9.91 9.69 9.77 9.36 8.68 9.11 9.77 10.29 10.43 10.61 10.62 10.63 10.62 10.62 10.60 10.59 10.60 10.59 10.58 10.54 10.48 10.47 10.44
10.03 10.03 10.00 10.00 10.03 10.04 10.06 10.09 10.07 10.08 10.10 10.15 10.22 10.24 10.21 10.20 10.29 10.36 10.39 10.41 10.42 10.41 10.41 10.39 10.37 10.34 10.31 10.34 10.30 10.28 10.28 10.24 10.21 10.17 10.13 10.16 10.20 10.29 10.31 10.33 10.32 10.30 10.33 10.31 10.31 10.19 10.20 10.27 10.18 10.27 10.29 10.40 10.07 9.82 9.97 9.83 9.52 9.62 9.71 9.57 9.76 9.22 8.55 9.55 10.38 10.44 10.57 10.59 10.61 10.62 10.63 10.63 10.63 10.61 10.60 10.57 10.53 10.54 10.50 10.45 10.42
10.03 10.05 9.98 10.00 10.05 10.07 10.09 10.09 10.07 10.10 10.10 10.14 10.21 10.25 10.20 10.24 10.33 10.39 10.43 10.44 10.42 10.41 10.42 10.39 10.35 10.33 10.34 10.33 10.32 10.29 10.26 10.20 10.20 10.18 10.07 9.84 10.24 10.27 10.24 10.30 10.28 10.28 10.26 10.24 10.12 10.12 10.14 10.21 10.20 10.20 10.06 10.15 10.00 9.91 9.95 9.70 9.31 9.35 9.67 9.23 8.76 9.12 9.47 10.33 10.45 10.49 10.56 10.60 10.60 10.62 10.62 10.64 10.63 10.61 10.62 10.58 10.54 10.54 10.50 10.45 10.42
9.99 10.04 9.99 10.01 10.09 10.08 10.08 10.08 10.09 10.12 10.12 10.16 10.25 10.31 10.29 10.35 10.38 10.39 10.41 10.43 10.43 10.44 10.44 10.39 10.36 10.36 10.36 10.35 10.30 10.28 10.26 10.22 10.23 10.20 10.13 9.42 10.08 10.21 10.21 10.22 10.25 10.24 10.21 10.20 10.15 10.15 10.14 10.08 10.04 9.92 9.84 10.08 10.02 9.72 9.76 9.64 9.47 9.24 9.28 9.11 9.24 9.72 9.14 10.17 10.46 10.54 10.60 10.61 10.62 10.62 10.64 10.63 10.63 10.64 10.53 10.58 10.53 10.52 10.50 10.45 10.43
9.97 10.00 10.01 10.08 10.04 10.03 10.05 10.08 10.10 10.11 10.13 10.16 10.26 10.24 10.29 10.33 10.35 10.38 10.39 10.40 10.42 10.43 10.44 10.41 10.38 10.37 10.32 10.29 10.30 10.29 10.28 10.27 10.24 10.21 10.17 9.73 10.06 10.17 10.18 10.17 10.20 10.12 10.14 10.13 10.13 10.08 10.03 9.98 9.91 9.79 9.86 9.99 9.47 9.34 9.35 9.30 9.21 9.03 9.14 9.47 9.60 10.03 10.08 10.33 10.53 10.56 10.60 10.61 10.61 10.63 10.63 10.64 10.63 10.64 10.59 10.54 10.51 10.49 10.51 10.46 10.42
9.98 9.99 10.02 10.09 10.03 10.06 10.08 10.07 10.08 10.16 10.16 10.21 10.28 10.21 10.21 10.28 10.35 10.33 10.35 10.36 10.41 10.44 10.44 10.42 10.38 10.38 10.33 10.32 10.32 10.30 10.29 10.29 10.28 10.25 10.22 10.17 10.15 10.13 10.12 10.13 10.14 10.11 10.08 10.05 10.03 10.03 10.00 9.85 9.72 9.60 9.71 9.85 9.14 9.40 9.27 9.32 9.14 9.15 9.32 9.42 9.58 9.99 10.28 10.36 10.57 10.60 10.61 10.62 10.63 10.63 10.63 10.65 10.64 10.64 10.61 10.54 10.51 10.50 10.48 10.49 10.45
10.03 10.05 10.08 10.05 10.03 10.08 10.09 10.10 10.15 10.13 10.17 10.22 10.19 10.19 10.23 10.24 10.29 10.32 10.38 10.38 10.41 10.43 10.43 10.43 10.42 10.36 10.36 10.34 10.35 10.33 10.31 10.31 10.29 10.27 10.25 10.20 10.21 10.15 9.80 9.61 10.08 10.05 10.00 9.86 9.80 9.94 9.91 9.85 9.73 9.64 9.51 9.70 9.53 9.23 9.13 8.85 8.57 8.69 8.61 9.17 9.71 10.22 9.95 10.50 10.62 10.62 10.63 10.64 10.63 10.63 10.64 10.65 10.65 10.64 10.62 10.59 10.56 10.52 10.46 10.50 10.47
9.97 10.00 10.01 10.06 10.03 10.06 10.11 10.13 10.10 10.19 10.18 10.24 10.19 10.17 10.21 10.22 10.24 10.29 10.32 10.36 10.41 10.43 10.43 10.42 10.41 10.39 10.39 10.39 10.37 10.34 10.32 10.31 10.31 10.29 10.27 10.24 10.20 10.17 10.07 9.91 9.72 9.84 9.99 9.88 9.72 9.65 9.61 9.53 9.45 9.64 9.40 9.45 9.37 9.24 8.87 8.94 8.26 8.52 9.45 9.36 10.21 10.33 10.43 10.58 10.61 10.63 10.65 10.65 10.64 10.64 10.64 10.65 10.65 10.64 10.61 10.60 10.55 10.53 10.51 10.51 10.48
9.95 9.98 9.99 9.99 9.98 10.04 10.06 10.07 10.09 10.12 10.18 10.15 10.15 10.18 10.17 10.19 10.19 10.17 10.23 10.24 10.31 10.41 10.41 10.41 10.40 10.40 10.39 10.39 10.37 10.36 10.34 10.31 10.32 10.28 10.26 10.23 10.21 10.17 10.15 9.57 9.25 9.69 9.87 9.86 9.62 9.60 9.45 9.31 9.32 9.39 9.20 9.27 8.69 8.73 8.68 8.94 8.31 9.66 9.37 9.75 10.09 10.25 10.48 10.55 10.62 10.62 10.63 10.66 10.66 10.66 10.65 10.65 10.65 10.63 10.62 10.60 10.52 10.51 10.50 10.49 10.51
9.96 9.93 9.97 9.97 10.00 10.06 10.06 10.07 10.12 10.14 10.16 10.16 10.13 10.15 10.16 10.15 10.19 10.20 10.21 10.25 10.24 10.33 10.39 10.39 10.39 10.39 10.38 10.38 10.38 10.37 10.36 10.36 10.30 10.28 10.29 10.26 10.25 10.21 10.13 10.04 9.94 9.45 9.72 9.66 9.55 9.39 9.45 9.27 8.89 9.24 8.90 9.29 8.66 8.81 9.54 9.59 9.52 10.01 10.10 10.17 10.27 10.33 10.47 10.56 10.62 10.64 10.66 10.66 10.66 10.67 10.65 10.64 10.63 10.62 10.62 10.57 10.52 10.51 10.49 10.51 10.51
9.92 9.94 9.97 10.00 10.03 10.06 10.05 10.09 10.11 10.12 10.14 10.14 10.13 10.16 10.17 10.15 10.19 10.15 10.15 10.20 10.34 10.37 10.39 10.38 10.38 10.38 10.37 10.37 10.37 10.36 10.36 10.35 10.33 10.31 10.29 10.27 10.24 10.19 10.14 9.93 9.72 9.80 9.70 9.60 9.62 9.54 9.48 9.25 8.95 8.84 9.08 9.10 8.89 8.54 9.17 9.78 9.87 9.51 10.20 10.31 10.37 10.42 10.49 10.57 10.63 10.64 10.66 10.66 10.66 10.65 10.64 10.64 10.62 10.61 10.60 10.57 10.53 10.52 10.53 10.52 10.51
9.94 9.94 9.95 9.99 10.03 10.05 10.08 10.10 10.08 10.07 10.12 10.12 10.13 10.19 10.15 10.17 10.19 10.14 10.11 10.28 10.35 10.29 10.29 10.35 10.37 10.37 10.37 10.36 10.36 10.35 10.34 10.33 10.33 10.31 10.27 10.25 10.22 10.21 10.08 9.47 9.72 9.55 9.67 9.64 9.60 9.50 9.49 9.41 9.19 9.06 8.93 8.96 8.96 9.18 9.15 9.18 9.97 9.76 9.91 10.32 10.38 10.46 10.52 10.60 10.62 10.63 10.66 10.66 10.65 10.64 10.63 10.63 10.62 10.61 10.59 10.55 10.53 10.51 10.55 10.54 10.53
9.96 9.96 9.95 9.97 10.00 10.03 10.07 10.08 10.07 10.06 10.09 10.10 10.09 10.14 10.14 10.15 10.20 10.21 10.27 10.27 10.30 10.22 10.19 10.30 10.36 10.36 10.36 10.35 10.35 10.33 10.33 10.33 10.32 10.29 10.26 10.25 10.20 10.15 10.10 8.65 9.54 9.74 9.68 9.50 9.40 9.44 9.44 9.11 9.12 8.61 9.16 9.13 9.08 9.12 8.75 9.86 9.96 9.95 9.98 10.24 10.43 10.46 10.54 10.55 10.61 10.62 10.64 10.64 10.63 10.62 10.62 10.61 10.61 10.60 10.60 10.55 10.53 10.52 10.54 10.55 10.58
9.94 9.94 9.95 9.98 10.01 10.04 10.06 10.05 10.06 10.07 10.07 10.10 10.09 10.10 10.15 10.20 10.23 10.24 10.22 10.18 10.23 10.19 10.16 10.28 10.35 10.32 10.33 10.34 10.34 10.33 10.32 10.31 10.30 10.28 10.26 10.23 10.11 9.84 10.02 9.67 9.60 9.78 9.05 9.60 9.45 9.19 9.26 9.02 8.96 8.51 8.15 8.87 9.32 8.76 9.66 9.73 9.75 9.78 9.78 9.91 10.41 10.48 10.54 10.57 10.60 10.62 10.62 10.62 10.61 10.60 10.59 10.60 10.60 10.60 10.59 10.54 10.53 10.53 10.52 10.56 10.57
9.89 9.88 9.89 9.96 9.99 10.02 10.01 10.02 10.02 10.01 10.01 10.11 10.15 10.17 10.14 10.13 10.13 10.09 10.12 10.13 10.20 10.09 10.10 10.22 10.31 10.23 10.29 10.33 10.31 10.30 10.30 10.29 10.28 10.26 10.24 10.22 10.11 9.93 10.00 9.92 9.86 9.73 9.66 9.58 9.52 9.40 9.10 8.76 8.80 8.73 8.72 8.71 8.92 9.38 9.36 9.53 9.64 9.60 9.14 9.92 10.37 10.47 10.54 10.56 10.58 10.60 10.60 10.59 10.55 10.57 10.56 10.59 10.60 10.58 10.57 10.53 10.56 10.54 10.59 10.57 10.54
9.86 9.87 9.87 9.91 9.97 10.00 9.99 9.99 9.99 10.01 10.03 10.11 10.16 10.11 10.14 10.10 10.05 10.05 10.07 10.07 10.17 10.06 10.02 10.16 10.29 10.29 10.25 10.29 10.29 10.29 10.28 10.27 10.26 10.26 10.24 10.19 10.11 10.01 9.97 9.93 9.82 9.70 9.66 9.28 9.21 9.06 8.81 8.34 8.06 8.20 8.84 8.59 8.47 8.58 8.77 9.64 9.60 9.73 9.95 9.93 10.34 10.45 10.50 10.53 10.56 10.58 10.57 10.57 10.57 10.58 10.57 10.58 10.58 10.57 10.54 10.54 10.59 10.60 10.59 10.55 10.54
9.81 9.84 9.88 9.89 9.90 9.95 9.98 9.99 9.98 10.08 10.06 10.06 10.06 10.05 10.04 10.10 10.06 10.09 10.11 10.13 10.05 10.03 10.13 10.23 10.21 10.20 10.28 10.28 10.27 10.28 10.28 10.26 10.25 10.24 10.22 10.17 10.09 9.99 9.95 9.93 9.87 9.67 9.70 9.42 9.02 8.84 8.65 8.46 8.36 8.77 8.87 9.09 8.89 9.05 9.20 9.62 9.80 9.87 9.92 9.89 10.29 10.41 10.47 10.49 10.54 10.54 10.55 10.55 10.55 10.55 10.56 10.56 10.56 10.56 10.53 10.59 10.56 10.57 10.58 10.57 10.57
9.81 9.80 9.79 9.87 9.86 9.94 9.91 10.00 10.04 10.04 10.02 10.04 10.03 10.09 10.06 10.05 10.03 10.00 9.97 10.04 9.96 9.97 10.12 10.18 10.15 10.20 10.25 10.26 10.26 10.25 10.24 10.24 10.22 10.21 10.19 10.16 10.10 10.03 9.88 9.93 9.87 9.78 9.63 9.33 9.24 8.84 8.39 8.63 8.08 8.19 8.49 8.84 9.16 9.24 9.58 9.71 9.80 9.91 10.03 9.84 10.22 10.35 10.40 10.44 10.47 10.49 10.50 10.52 10.53 10.53 10.53 10.53 10.54 10.54 10.49 10.56 10.55 10.54 10.57 10.55 10.60
9.85 9.77 9.80 9.83 9.86 9.86 9.87 9.94 9.96 9.95 9.96 10.01 9.99 10.01 10.00 10.03 10.01 9.97 9.93 10.04 10.06 10.08 10.16 10.13 9.94 10.08 10.16 10.22 10.22 10.21 10.20 10.17 10.17 10.14 10.13 10.09 10.08 10.04 9.92 9.92 9.86 9.78 9.63 9.21 8.92 8.82 8.78 8.61 8.12 8.35 8.55 8.99 9.18 9.37 9.55 9.55 9.55 9.53 9.64 9.77 10.21 10.30 10.35 10.38 10.42 10.44 10.45 10.49 10.50 10.51 10.52 10.52 10.53 10.52 10.46 10.51 10.45 10.52 10.55 10.54 10.51
9.87 9.85 9.79 9.80 9.90 9.91 9.89 9.92 9.87 9.90 9.91 9.98 9.97 9.97 9.94 10.00 10.01 9.97 9.97 10.03 10.06 10.11 10.18 10.17 10.07 10.10 10.14 10.18 10.19 10.18 10.17 10.15 10.13 10.11 10.10 10.07 10.04 10.01 9.94 9.87 9.86 9.80 9.66 9.19 8.25 8.92 8.85 8.76 8.38 8.50 8.93 8.94 9.10 9.07 9.45 9.63 9.78 9.86 9.79 10.10 10.19 10.25 10.29 10.33 10.35 10.38 10.38 10.44 10.44 10.47 10.47 10.49 10.47 10.50 10.50 10.52 10.46 10.51 10.54 10.52 10.56
9.93 9.95 9.87 9.83 9.98 9.94 9.86 9.86 9.85 9.87 9.89 9.90 9.93 9.94 9.91 9.98 10.00 9.99 10.01 10.03 9.98 9.97 10.07 10.18 10.19 10.19 10.19 10.16 10.15 10.15 10.13 10.12 10.09 10.07 10.06 10.04 10.00 9.97 9.90 9.88 9.80 9.75 9.70 9.62 9.12 9.14 8.61 8.46 8.49 8.66 8.87 9.10 9.31 9.40 9.48 9.60 9.70 9.82 9.67 10.03 10.10 10.17 10.21 10.26 10.30 10.33 10.33 10.34 10.33 10.44 10.46 10.45 10.45 10.45 10.45 10.43 10.44 10.50 10.50 10.50 10.55
9.90 9.95 9.96 9.97 9.92 9.83 9.78 9.80 9.86 9.89 9.85 9.92 9.98 9.97 9.96 9.92 9.94 10.04 10.09 10.08 9.98 9.87 9.91 10.09 10.18 10.20 10.18 10.15 10.14 10.13 10.10 10.07 10.04 10.02 10.02 10.00 9.95 9.91 9.87 9.81 9.74 9.68 9.63 9.53 9.37 8.96 8.96 8.54 8.52 8.52 8.76 9.05 9.27 9.44 9.53 9.62 9.70 9.76 9.85 9.83 10.01 10.08 10.16 10.21 10.23 10.27 10.31 10.30 10.35 10.31 10.35 10.38 10.40 10.43 10.43 10.42 10.44 10.47 10.48 10.52 10.54
9.88 9.93 9.93 9.90 9.97 9.89 9.84 9.78 9.78 9.82 9.90 9.82 9.86 9.92 9.91 9.82 9.73 9.86 10.13 10.08 9.93 9.85 9.92 10.07 10.08 10.12 10.14 10.14 10.11 10.09 10.05 10.02 10.00 9.97 9.96 9.93 9.90 9.86 9.79 9.73 9.68 9.63 9.60 9.52 9.17 8.65 8.58 8.64 8.16 8.56 8.69 8.95 9.19 9.38 9.47 9.55 9.60 9.68 9.76 9.86 9.94 10.00 10.07 10.13 10.18 10.21 10.22 10.23 10.29 10.27 10.29 10.32 10.36 10.39 10.38 10.39 10.41 10.45 10.46 10.48 10.51
9.89 9.91 9.94 9.96 9.99 9.97 9.67 9.55 9.72 9.78 9.78 9.79 9.82 9.89 9.86 9.84 9.91 10.01 10.14 10.05 9.94 9.95 9.97 9.89 9.83 9.92 10.03 10.08 10.07 10.04 10.01 9.98 9.94 9.92 9.90 9.88 9.84 9.79 9.74 9.68 9.64 9.60 9.56 9.51 9.15 8.33 8.54 8.54 8.35 8.61 8.69 8.87 9.00 9.29 9.42 9.45 9.52 9.60 9.66 9.73 9.83 9.94 10.00 10.06 10.11 10.14 10.16 10.20 10.21 10.24 10.26 10.27 10.30 10.30 10.32 10.34 10.34 10.38 10.44 10.47 10.47
9.86 9.88 9.91 9.98 10.02 10.01 9.63 9.64 9.85 9.81 9.81 9.80 9.86 9.83 9.78 9.83 10.04 10.14 10.11 10.05 9.99 9.98 9.95 9.85 9.73 9.80 9.89 9.97 10.03 10.01 9.97 9.93 9.90 9.87 9.84 9.82 9.79 9.76 9.70 9.64 9.59 9.54 9.45 9.41 9.23 7.60 8.61 8.60 8.42 8.52 8.64 8.80 9.01 9.18 9.33 9.39 9.45 9.52 9.59 9.69 9.78 9.86 9.93 9.99 10.04 10.09 10.13 10.13 10.15 10.17 10.20 10.22 10.23 10.26 10.27 10.28 10.30 10.31 10.34 10.40 10.41
9.82 9.83 9.84 9.92 9.96 9.75 9.66 10.00 10.00 9.89 9.89 9.78 9.89 9.86 9.74 9.82 10.00 10.13 10.17 10.20 9.82 9.79 9.77 9.81 9.76 9.74 9.71 9.86 9.93 9.95 9.95 9.89 9.85 9.82 9.80 9.76 9.72 9.68 9.64 9.58 9.54 9.46 9.39 9.30 9.24 8.99 8.78 8.40 8.12 8.26 8.45 8.60 8.90 8.97 9.18 9.32 9.39 9.43 9.52 9.52 9.60 9.75 9.85 9.92 9.97 10.02 10.07 10.05 10.09 10.11 10.14 10.17 10.18 10.21 10.22 10.22 10.24 10.26 10.28 10.30 10.35
9.83 9.82 9.83 9.92 10.00 10.00 9.80 10.02 9.99 9.98 10.02 10.02 9.93 9.98 9.95 10.09 10.06 10.08 10.18 10.21 10.02 9.81 9.73 9.76 9.69 9.66 9.79 9.79 9.84 9.91 9.91 9.86 9.81 9.79 9.75 9.72 9.69 9.63 9.55 9.51 9.48 9.41 9.32 9.25 9.09 8.07 8.51 8.18 8.13 7.93 7.33 8.11 8.38 8.83 8.92 9.24 9.29 9.32 9.32 9.02 9.45 9.70 9.77 9.84 9.91 9.92 9.96 9.99 10.06 10.06 10.08 10.10 10.11 10.13 10.15 10.16 10.18 10.20 10.22 10.25 10.28
9.85 9.85 9.88 9.98 10.04 10.05 10.04 10.03 10.02 10.01 10.02 10.00 9.97 10.04 10.11 10.16 10.21 10.14 10.11 10.10 10.09 9.97 9.91 9.84 9.71 9.57 9.62 9.71 9.82 9.89 9.86 9.82 9.81 9.76 9.72 9.68 9.65 9.59 9.55 9.49 9.42 9.35 9.14 9.15 8.63 8.66 8.22 7.91 7.79 7.99 8.03 8.33 8.75 8.94 9.06 9.13 9.18 9.21 9.22 9.32 9.53 9.60 9.67 9.76 9.82 9.84 9.88 9.93 9.97 10.00 10.01 10.04 10.06 10.07 10.09 10.10 10.12 10.13 10.15 10.19 10.22
9.89 9.91 9.96 9.99 9.99 10.02 10.02 10.03 10.03 10.02 10.02 9.98 9.94 10.01 10.05 9.99 10.01 9.86 10.06 10.10 10.09 10.02 9.97 9.82 9.85 9.65 9.64 9.70 9.81 9.87 9.84 9.80 9.78 9.73 9.68 9.64 9.60 9.54 9.49 9.44 9.36 9.21 8.87 9.15 8.94 6.65 8.07 8.33 8.11 8.03 8.39 8.60 8.76 8.86 8.95 9.09 9.14 9.16 9.09 9.29 9.41 9.50 9.59 9.66 9.73 9.76 9.80 9.85 9.90 9.92 9.95 9.97 9.99 10.01 10.02 10.04 10.04 10.06 10.09 10.13 10.16
9.84 9.91 9.94 9.95 9.98 10.01 9.99 10.00 10.03 10.03 10.02 10.01 9.99 9.98 10.01 9.98 9.94 9.93 10.09 10.11 10.04 10.06 10.00 9.93 9.89 9.73 9.66 9.74 9.86 9.86 9.83 9.80 9.77 9.70 9.64 9.60 9.56 9.50 9.46 9.38 9.24 9.12 9.06 8.80 7.66 8.03 8.13 8.01 8.32 8.12 8.39 8.52 8.51 8.82 8.92 9.05 9.10 9.12 9.14 9.07 9.33 9.42 9.51 9.58 9.63 9.68 9.72 9.76 9.82 9.84 9.87 9.89 9.91 9.94 9.95 9.96 9.98 9.99 10.02 10.06 10.08
