main/data/pressure/11.08.2023.grid
ncols 886
nrows 691
xllcenter 112.0000
yllcenter -44.5000
cellsize 0.0500
nodata_value 99999.90
[rows 360 to 395 of 691, columns 405 to 485 of 886]
8.41 8.39 8.48 8.53 8.42 8.45 8.48 8.44 8.40 8.37 8.34 8.33 8.30 8.24 8.22 8.25 8.26 8.28 8.28 8.27 8.25 8.20 8.19 8.16 8.14 8.19 8.12 8.18 8.20 8.18 8.16 8.12 8.06 8.03 8.01 7.99 7.95 7.95 7.87 7.95 7.94 7.95 8.04 8.10 8.12 7.97 8.04 8.12 8.19 8.26 8.28 8.36 8.39 8.41 8.40 8.40 8.62 8.48 8.45 8.49 8.49 8.49 8.52 8.55 8.56 8.58 8.59 8.64 8.66 8.69 8.71 8.60 8.56 8.70 8.75 8.76 8.73 8.77 8.76 8.74 8.75
8.40 8.37 8.39 8.48 8.45 8.41 8.44 8.41 8.38 8.34 8.28 8.28 8.29 8.24 8.22 8.20 8.19 8.17 8.18 8.19 8.20 8.17 8.16 8.16 8.16 8.19 8.17 8.19 8.19 8.16 8.13 8.10 8.06 8.04 8.02 7.99 7.93 7.91 7.86 7.88 7.87 7.93 8.01 8.03 8.06 8.04 8.11 8.07 8.10 8.16 8.25 8.31 8.34 8.37 8.40 8.40 8.48 8.47 8.46 8.48 8.50 8.50 8.53 8.56 8.51 8.58 8.62 8.66 8.66 8.68 8.70 8.71 8.72 8.73 8.74 8.74 8.75 8.76 8.77 8.78 8.78
8.35 8.27 8.33 8.35 8.42 8.44 8.38 8.36 8.34 8.30 8.23 8.24 8.25 8.27 8.26 8.26 8.25 8.22 8.17 8.18 8.20 8.18 8.15 8.15 8.16 8.18 8.19 8.20 8.18 8.15 8.12 8.09 8.06 8.04 8.00 7.96 7.94 7.91 7.83 7.86 7.85 7.90 7.95 7.98 8.08 8.09 8.11 8.09 8.06 8.07 8.17 8.19 8.24 8.28 8.35 8.38 8.40 8.44 8.45 8.47 8.50 8.50 8.54 8.56 8.58 8.61 8.62 8.64 8.65 8.66 8.65 8.65 8.63 8.59 8.59 8.70 8.72 8.74 8.75 8.76 8.78
8.27 8.24 8.24 8.26 8.32 8.38 8.39 8.35 8.31 8.28 8.22 8.20 8.22 8.27 8.29 8.31 8.30 8.23 8.16 8.16 8.19 8.13 8.16 8.19 8.21 8.18 8.19 8.17 8.13 8.11 8.10 8.07 8.05 8.01 7.97 7.94 7.92 7.89 7.84 7.86 7.86 7.83 7.89 7.95 8.03 8.04 8.01 8.09 8.07 8.07 8.08 8.10 8.16 8.23 8.29 8.34 8.36 8.39 8.40 8.41 8.47 8.50 8.52 8.54 8.55 8.59 8.57 8.59 8.62 8.60 8.62 8.60 8.55 8.44 8.16 8.60 8.68 8.69 8.73 8.73 8.76
8.29 8.28 8.31 8.25 8.31 8.31 8.32 8.34 8.30 8.26 8.22 8.20 8.21 8.26 8.29 8.23 8.27 8.26 8.18 8.16 8.19 8.12 8.13 8.16 8.19 8.20 8.18 8.11 8.05 8.03 8.02 8.01 8.00 7.97 7.93 7.90 7.87 7.85 7.81 7.85 7.85 7.82 7.89 7.94 7.98 8.00 7.99 8.03 8.06 8.06 8.05 8.06 8.12 8.19 8.23 8.27 8.30 8.32 8.36 8.39 8.44 8.47 8.47 8.49 8.51 8.52 8.55 8.59 8.59 8.58 8.56 8.55 8.55 8.54 8.59 8.62 8.65 8.68 8.71 8.73 8.76
8.25 8.28 8.30 8.23 8.28 8.32 8.30 8.30 8.27 8.25 8.23 8.21 8.20 8.24 8.26 8.23 8.19 8.19 8.23 8.17 8.17 8.14 8.15 8.16 8.18 8.18 8.15 8.05 8.00 8.01 7.99 7.98 7.98 7.94 7.90 7.85 7.82 7.80 7.77 7.77 7.80 7.80 7.81 7.84 7.90 7.96 8.01 8.03 8.03 8.04 8.06 8.08 8.12 8.14 8.18 8.22 8.25 8.29 8.34 8.37 8.40 8.39 8.41 8.44 8.46 8.48 8.52 8.55 8.53 8.52 8.52 8.50 8.50 8.52 8.54 8.60 8.63 8.66 8.71 8.73 8.76
8.31 8.31 8.32 8.27 8.29 8.30 8.29 8.25 8.24 8.23 8.21 8.18 8.16 8.17 8.16 8.12 8.07 8.08 8.14 8.18 8.17 8.16 8.15 8.14 8.14 8.14 8.15 8.08 8.06 8.04 8.02 7.99 7.98 7.94 7.89 7.85 7.80 7.76 7.72 7.72 7.70 7.69 7.72 7.76 7.82 7.88 7.95 7.94 7.98 8.01 8.03 8.05 8.10 8.12 8.16 8.20 8.23 8.25 8.28 8.32 8.34 8.35 8.37 8.38 8.41 8.46 8.50 8.51 8.50 8.50 8.48 8.47 8.45 8.45 8.44 8.51 8.56 8.60 8.64 8.70 8.73
8.35 8.36 8.38 8.31 8.29 8.27 8.26 8.24 8.22 8.19 8.15 8.13 8.12 8.11 8.11 8.10 8.05 8.07 8.11 8.14 8.11 8.11 8.09 8.11 8.12 8.12 8.14 8.11 8.08 8.06 8.02 8.00 7.97 7.93 7.88 7.83 7.78 7.73 7.69 7.68 7.68 7.67 7.70 7.72 7.77 7.78 7.84 7.89 7.93 7.92 7.92 7.96 8.03 8.10 8.14 8.16 8.18 8.20 8.24 8.25 8.26 8.26 8.32 8.34 8.40 8.40 8.45 8.49 8.48 8.46 8.45 8.41 8.42 8.39 8.32 8.37 8.47 8.58 8.62 8.67 8.72
8.36 8.37 8.30 8.31 8.27 8.23 8.23 8.22 8.18 8.15 8.11 8.09 8.08 8.08 8.08 8.09 8.08 8.08 8.09 8.10 8.08 8.08 8.06 8.09 8.10 8.08 8.11 8.10 8.08 8.06 8.03 7.97 7.94 7.91 7.86 7.81 7.74 7.68 7.66 7.65 7.67 7.69 7.68 7.69 7.73 7.78 7.83 7.84 7.86 7.86 7.88 7.93 7.98 8.07 8.07 8.09 8.10 8.14 8.16 8.18 8.19 8.24 8.27 8.29 8.33 8.33 8.41 8.46 8.46 8.44 8.39 8.35 8.35 8.37 8.26 8.23 8.31 8.58 8.61 8.64 8.68
8.35 8.27 8.21 8.22 8.24 8.20 8.20 8.15 8.10 8.10 8.07 8.06 8.06 8.05 8.05 8.07 8.08 8.07 8.06 8.06 8.05 8.05 8.03 8.05 8.05 8.06 8.10 8.08 8.04 8.02 8.00 7.95 7.92 7.87 7.82 7.77 7.70 7.62 7.59 7.62 7.65 7.61 7.65 7.68 7.71 7.73 7.70 7.74 7.79 7.84 7.86 7.88 7.91 7.98 8.03 8.01 8.02 8.08 8.11 8.12 8.15 8.18 8.21 8.25 8.27 8.32 8.39 8.42 8.40 8.37 8.37 8.30 8.27 8.31 8.25 8.11 7.66 8.36 8.58 8.57 8.65
8.22 8.15 8.14 8.12 8.14 8.14 8.11 8.07 8.03 8.02 8.05 8.07 8.07 8.05 8.06 8.08 8.08 8.07 8.05 8.05 8.04 8.05 8.04 8.05 8.05 8.04 8.07 8.07 8.01 7.97 7.96 7.94 7.90 7.85 7.78 7.73 7.70 7.64 7.57 7.59 7.54 7.54 7.57 7.62 7.64 7.68 7.69 7.72 7.79 7.84 7.86 7.87 7.89 7.94 7.96 7.92 7.97 8.00 8.03 8.06 8.10 8.11 8.16 8.21 8.25 8.31 8.34 8.38 8.38 8.34 8.32 8.28 8.23 8.25 8.16 8.04 7.60 8.14 8.50 8.57 8.63
8.18 8.12 8.07 8.01 8.02 8.06 8.03 8.03 8.05 8.09 8.07 8.07 8.10 8.09 8.10 8.10 8.07 8.04 8.06 8.06 8.03 8.02 8.03 8.04 8.04 8.02 8.04 8.05 8.01 7.98 7.95 7.90 7.83 7.80 7.75 7.71 7.68 7.63 7.54 7.51 7.47 7.48 7.50 7.57 7.62 7.70 7.72 7.76 7.82 7.85 7.87 7.89 7.91 7.92 7.91 7.78 7.81 7.93 7.95 7.94 8.02 8.05 8.10 8.16 8.17 8.23 8.26 8.34 8.36 8.33 8.31 8.30 8.29 8.27 8.15 8.12 8.17 8.43 8.53 8.59 8.61
8.17 8.10 8.04 7.98 7.96 7.98 8.00 8.02 8.04 8.06 8.07 8.08 8.07 8.08 8.08 8.07 8.05 8.06 8.06 8.06 8.04 8.02 8.01 8.02 8.03 8.02 8.03 8.03 7.99 7.95 7.92 7.86 7.78 7.76 7.74 7.70 7.64 7.62 7.57 7.49 7.49 7.45 7.49 7.60 7.62 7.66 7.72 7.76 7.79 7.81 7.84 7.86 7.90 7.92 7.92 7.90 7.95 7.94 7.94 7.92 7.98 8.02 8.05 8.10 8.14 8.19 8.24 8.30 8.33 8.31 8.29 8.26 8.23 8.22 8.22 8.19 8.13 8.37 8.52 8.57 8.60
8.10 8.06 8.01 7.95 7.93 7.94 7.97 8.01 8.04 8.05 8.07 8.09 8.09 8.09 8.07 8.06 8.03 8.04 8.04 8.04 8.04 8.04 8.04 8.03 8.03 8.04 8.04 8.00 7.97 7.93 7.89 7.83 7.77 7.76 7.74 7.69 7.62 7.61 7.55 7.50 7.53 7.49 7.56 7.47 7.50 7.60 7.67 7.73 7.76 7.78 7.81 7.85 7.90 7.93 7.94 7.96 7.97 7.98 7.97 7.97 7.99 8.02 8.06 8.09 8.14 8.19 8.23 8.25 8.31 8.30 8.27 8.25 8.24 8.24 8.25 8.22 8.19 8.28 8.44 8.46 8.53
8.01 8.01 7.99 7.97 7.96 7.97 7.96 7.98 8.02 8.07 8.06 8.06 8.11 8.11 8.10 8.06 8.02 8.00 8.01 8.02 8.03 8.04 8.04 8.04 8.04 8.04 8.02 7.97 7.94 7.91 7.88 7.83 7.77 7.74 7.72 7.67 7.62 7.60 7.56 7.55 7.54 7.53 7.53 7.50 7.41 7.54 7.63 7.71 7.75 7.78 7.82 7.88 7.90 7.92 7.95 7.96 7.97 7.99 8.00 8.00 7.99 8.05 8.07 8.08 8.11 8.10 8.16 8.21 8.26 8.28 8.27 8.26 8.25 8.26 8.31 8.30 8.15 8.25 8.39 8.45 8.49
7.95 7.96 7.93 7.94 7.95 7.93 7.97 7.98 8.03 8.09 8.04 8.03 8.07 8.05 8.06 8.06 8.02 8.00 8.01 8.01 7.99 8.02 8.00 8.02 8.04 8.04 8.01 7.95 7.93 7.89 7.84 7.80 7.76 7.74 7.73 7.70 7.62 7.59 7.57 7.54 7.53 7.54 7.54 7.55 7.54 7.52 7.57 7.68 7.74 7.78 7.82 7.87 7.89 7.92 7.94 7.96 7.98 7.99 8.00 8.00 7.98 8.02 8.06 8.08 8.09 8.10 8.09 8.18 8.22 8.27 8.27 8.26 8.26 8.26 8.34 8.35 8.35 8.39 8.40 8.45 8.45
8.00 7.98 7.95 7.92 7.96 7.94 8.00 7.99 8.02 8.02 8.05 8.02 8.02 8.02 8.04 8.06 8.07 8.06 8.02 8.02 8.01 7.98 7.99 7.99 8.01 8.03 8.00 7.95 7.94 7.89 7.85 7.79 7.75 7.75 7.74 7.70 7.61 7.59 7.58 7.55 7.56 7.56 7.55 7.56 7.57 7.55 7.54 7.58 7.71 7.75 7.79 7.85 7.90 7.93 7.94 7.95 7.96 7.98 8.00 8.02 8.02 8.05 8.07 8.08 8.09 8.14 8.13 8.18 8.22 8.26 8.27 8.27 8.26 8.24 8.32 8.38 8.39 8.41 8.44 8.48 8.52
8.00 7.96 7.92 7.91 7.94 7.96 7.98 7.99 7.97 7.99 8.01 8.04 8.05 8.04 8.03 8.05 8.04 8.03 8.02 8.02 7.97 7.99 7.99 8.00 8.02 8.00 7.96 7.92 7.92 7.88 7.85 7.79 7.74 7.70 7.68 7.69 7.60 7.56 7.62 7.59 7.60 7.59 7.62 7.61 7.61 7.60 7.56 7.53 7.56 7.69 7.77 7.83 7.88 7.92 7.93 7.94 7.95 7.97 7.99 8.00 8.03 8.05 8.06 8.07 8.10 8.15 8.19 8.20 8.19 8.25 8.28 8.28 8.28 8.29 8.34 8.42 8.44 8.46 8.50 8.54 8.56
7.94 7.93 7.90 7.90 7.92 7.96 7.96 7.97 7.94 7.98 7.99 8.00 7.94 8.01 8.03 8.03 8.01 8.00 8.04 8.03 8.00 7.99 8.00 8.03 8.02 7.95 7.93 7.92 7.91 7.88 7.84 7.79 7.70 7.64 7.62 7.60 7.62 7.55 7.63 7.62 7.65 7.60 7.64 7.62 7.60 7.58 7.63 7.58 7.61 7.73 7.77 7.83 7.87 7.87 7.90 7.93 7.95 7.96 7.98 7.99 7.98 8.00 8.02 8.04 8.10 8.14 8.19 8.20 8.19 8.22 8.28 8.31 8.31 8.34 8.40 8.44 8.49 8.52 8.56 8.57 8.58
7.89 7.88 7.89 7.92 7.92 7.93 7.95 7.95 7.96 7.99 7.99 8.00 7.99 7.98 8.02 8.01 8.02 8.01 8.03 8.04 8.01 8.00 8.05 8.03 7.98 7.93 7.93 7.93 7.91 7.86 7.83 7.81 7.71 7.66 7.64 7.65 7.67 7.57 7.61 7.66 7.66 7.65 7.63 7.60 7.64 7.68 7.61 7.60 7.68 7.75 7.77 7.80 7.85 7.86 7.90 7.92 7.94 7.96 7.97 7.97 7.98 7.99 8.00 8.03 8.07 8.13 8.18 8.22 8.22 8.25 8.29 8.34 8.34 8.41 8.46 8.48 8.51 8.54 8.54 8.58 8.62
7.86 7.87 7.88 7.88 7.96 7.97 7.95 7.94 7.97 7.97 7.95 7.98 7.97 7.97 7.98 8.01 7.98 7.99 7.94 8.03 8.02 8.05 8.03 7.98 7.95 7.94 7.94 7.94 7.91 7.86 7.81 7.82 7.76 7.72 7.67 7.63 7.61 7.67 7.65 7.66 7.67 7.66 7.63 7.64 7.69 7.68 7.62 7.65 7.71 7.67 7.68 7.71 7.78 7.84 7.87 7.89 7.94 7.94 7.97 7.98 7.99 8.00 8.01 8.03 8.07 8.10 8.15 8.21 8.24 8.26 8.30 8.32 8.36 8.38 8.43 8.45 8.35 8.45 8.53 8.58 8.65
7.83 7.86 7.88 7.89 7.92 7.96 7.96 7.94 7.91 7.91 7.93 7.97 7.93 7.95 7.97 8.00 7.98 7.97 7.98 8.02 8.04 8.06 7.97 7.97 7.97 7.95 7.96 7.91 7.87 7.83 7.82 7.82 7.80 7.77 7.72 7.67 7.66 7.68 7.69 7.68 7.68 7.67 7.66 7.67 7.69 7.69 7.69 7.67 7.67 7.61 7.63 7.68 7.81 7.81 7.83 7.86 7.87 7.92 7.94 7.96 7.97 8.00 8.02 8.03 8.04 8.11 8.15 8.19 8.22 8.24 8.29 8.30 8.33 8.38 8.43 8.45 8.47 8.49 8.55 8.60 8.66
7.81 7.84 7.88 7.88 7.90 7.93 7.94 7.90 7.86 7.88 7.91 7.92 7.96 7.96 7.97 7.97 7.98 7.99 7.97 7.99 8.02 8.03 8.01 8.01 8.00 7.98 7.94 7.90 7.87 7.85 7.85 7.82 7.77 7.73 7.73 7.71 7.69 7.71 7.69 7.68 7.69 7.69 7.67 7.68 7.71 7.72 7.69 7.67 7.65 7.64 7.66 7.74 7.79 7.70 7.76 7.82 7.86 7.89 7.92 7.94 7.96 8.00 8.02 8.02 8.07 8.10 8.14 8.18 8.20 8.22 8.26 8.30 8.34 8.38 8.44 8.48 8.51 8.55 8.57 8.61 8.65
7.80 7.82 7.85 7.86 7.88 7.91 7.92 7.87 7.85 7.89 7.89 7.91 7.95 7.96 7.96 7.96 7.96 7.98 7.97 7.98 8.01 8.05 8.03 8.00 7.94 7.92 7.90 7.90 7.87 7.82 7.79 7.80 7.77 7.73 7.70 7.69 7.68 7.70 7.71 7.71 7.70 7.69 7.64 7.70 7.74 7.74 7.74 7.71 7.68 7.69 7.68 7.75 7.77 7.68 7.67 7.75 7.86 7.89 7.91 7.94 7.98 7.98 7.99 8.03 8.05 8.09 8.13 8.17 8.21 8.23 8.26 8.32 8.39 8.41 8.46 8.49 8.53 8.56 8.60 8.62 8.67
7.80 7.81 7.82 7.83 7.86 7.87 7.88 7.88 7.87 7.89 7.89 7.91 7.93 7.96 7.96 7.97 7.99 7.99 7.99 8.01 8.03 8.02 7.96 7.94 7.94 7.93 7.91 7.90 7.86 7.81 7.79 7.79 7.77 7.74 7.70 7.67 7.68 7.70 7.71 7.71 7.73 7.74 7.73 7.73 7.76 7.77 7.77 7.75 7.71 7.70 7.69 7.78 7.78 7.70 7.67 7.73 7.88 7.90 7.91 7.94 7.97 7.96 8.00 8.03 8.03 8.09 8.13 8.17 8.21 8.24 8.28 8.36 8.34 8.42 8.46 8.50 8.53 8.57 8.60 8.64 8.68
7.84 7.82 7.80 7.82 7.84 7.84 7.86 7.91 7.87 7.92 7.91 7.91 7.91 7.93 7.94 7.95 7.98 7.98 7.96 7.99 7.99 7.94 7.90 7.91 7.93 7.92 7.89 7.88 7.88 7.84 7.84 7.81 7.80 7.76 7.72 7.69 7.68 7.69 7.71 7.73 7.71 7.74 7.76 7.78 7.78 7.79 7.80 7.78 7.77 7.78 7.78 7.81 7.78 7.74 7.72 7.77 7.86 7.90 7.92 7.95 7.95 7.95 7.99 7.98 8.02 8.09 8.13 8.18 8.22 8.26 8.30 8.33 8.38 8.41 8.45 8.48 8.52 8.58 8.60 8.63 8.66
7.86 7.81 7.79 7.82 7.85 7.83 7.83 7.85 7.95 7.98 7.95 7.90 7.91 7.92 7.93 7.93 7.92 8.00 7.97 7.96 7.91 7.86 7.88 7.88 7.88 7.88 7.88 7.87 7.90 7.88 7.85 7.83 7.81 7.78 7.74 7.71 7.70 7.69 7.70 7.72 7.70 7.75 7.78 7.80 7.80 7.81 7.80 7.82 7.82 7.82 7.83 7.81 7.79 7.76 7.74 7.78 7.86 7.90 7.92 7.93 7.94 7.96 7.97 7.98 8.05 8.09 8.13 8.18 8.23 8.27 8.30 8.32 8.38 8.42 8.44 8.45 8.45 8.55 8.58 8.60 8.63
7.86 7.83 7.81 7.82 7.82 7.84 7.85 7.85 7.87 7.83 7.98 8.00 7.96 7.92 7.92 7.96 7.94 7.98 7.99 7.96 7.92 7.89 7.88 7.85 7.83 7.85 7.87 7.89 7.90 7.90 7.88 7.87 7.85 7.81 7.76 7.75 7.72 7.73 7.73 7.73 7.72 7.79 7.81 7.81 7.82 7.78 7.70 7.81 7.82 7.83 7.83 7.80 7.79 7.77 7.76 7.78 7.84 7.90 7.91 7.93 7.94 7.94 7.97 8.01 8.06 8.09 8.14 8.19 8.23 8.27 8.30 8.33 8.38 8.41 8.45 8.46 8.43 8.50 8.48 8.47 8.52
7.86 7.83 7.80 7.79 7.79 7.81 7.84 7.86 7.85 7.82 7.94 8.02 7.99 7.93 7.92 7.95 7.98 8.01 7.99 7.93 7.90 7.89 7.86 7.82 7.82 7.85 7.87 7.93 7.91 7.91 7.92 7.89 7.89 7.85 7.82 7.81 7.79 7.78 7.76 7.76 7.78 7.78 7.80 7.82 7.82 7.78 7.78 7.82 7.83 7.82 7.83 7.82 7.80 7.78 7.77 7.74 7.81 7.88 7.89 7.91 7.93 7.95 7.99 8.03 8.07 8.09 8.14 8.19 8.24 8.26 8.28 8.32 8.37 8.36 8.41 8.50 8.49 8.50 8.47 8.40 8.45
7.84 7.82 7.79 7.78 7.77 7.79 7.80 7.84 7.87 7.84 7.92 8.02 8.01 7.95 7.92 7.94 8.00 7.99 7.96 7.89 7.86 7.87 7.87 7.85 7.86 7.91 7.91 7.92 7.92 7.90 7.92 7.91 7.88 7.88 7.86 7.82 7.79 7.79 7.78 7.76 7.75 7.74 7.77 7.82 7.83 7.79 7.80 7.82 7.84 7.85 7.86 7.85 7.83 7.79 7.79 7.77 7.86 7.89 7.89 7.92 7.93 7.97 8.00 8.04 8.07 8.11 8.15 8.19 8.22 8.22 8.27 8.31 8.34 8.36 8.32 8.51 8.53 8.55 8.57 8.55 8.57
7.80 7.79 7.77 7.81 7.79 7.81 7.76 7.81 7.91 7.91 7.95 8.02 8.00 7.94 7.93 7.97 7.99 7.99 7.93 7.87 7.86 7.83 7.89 7.93 7.94 7.92 7.91 7.92 7.96 7.93 7.93 7.93 7.90 7.87 7.84 7.80 7.80 7.78 7.79 7.79 7.75 7.75 7.80 7.83 7.84 7.81 7.83 7.85 7.85 7.87 7.86 7.86 7.86 7.82 7.82 7.82 7.85 7.86 7.88 7.89 7.94 7.98 8.02 8.06 8.10 8.12 8.15 8.16 8.17 8.18 8.25 8.24 8.26 8.38 8.42 8.49 8.51 8.53 8.53 8.59 8.59
7.79 7.81 7.80 7.81 7.78 7.84 7.85 7.90 7.95 7.94 7.97 8.02 8.01 7.97 7.97 8.01 7.99 7.99 7.90 7.88 7.95 7.95 7.93 7.97 7.96 7.92 7.92 7.94 7.98 7.98 7.97 7.95 7.92 7.89 7.87 7.82 7.80 7.78 7.81 7.82 7.81 7.81 7.81 7.83 7.83 7.84 7.86 7.88 7.89 7.90 7.88 7.87 7.86 7.86 7.85 7.83 7.82 7.79 7.79 7.80 7.87 7.96 8.00 8.06 8.08 8.10 8.11 8.16 8.21 8.23 8.24 8.23 8.22 8.36 8.45 8.47 8.43 8.49 8.52 8.56 8.60
7.79 7.83 7.85 7.81 7.86 7.91 7.91 7.88 8.00 8.01 8.02 7.98 7.93 8.01 8.02 8.02 8.02 7.98 7.95 7.96 8.01 8.04 8.04 8.02 8.00 7.92 7.95 7.93 7.98 8.01 7.97 7.92 7.90 7.93 7.91 7.88 7.85 7.86 7.86 7.83 7.81 7.82 7.81 7.81 7.83 7.83 7.85 7.89 7.90 7.91 7.89 7.88 7.89 7.89 7.87 7.84 7.84 7.84 7.80 7.81 7.87 7.94 7.96 8.03 8.03 8.04 8.02 8.15 8.18 8.20 8.22 8.26 8.26 8.37 8.43 8.37 8.40 8.45 8.48 8.50 8.54
7.80 7.83 7.89 7.92 7.94 7.97 7.96 7.98 7.89 7.92 7.97 7.99 7.96 7.96 7.97 8.01 7.99 7.99 8.00 8.03 8.03 7.97 8.01 8.03 8.04 8.01 8.01 8.00 8.03 7.97 7.93 7.91 7.90 7.94 7.94 7.93 7.92 7.90 7.87 7.84 7.84 7.83 7.80 7.80 7.82 7.82 7.83 7.85 7.86 7.89 7.92 7.92 7.92 7.94 7.89 7.90 7.92 7.89 7.83 7.84 7.87 7.88 7.93 7.95 8.00 8.06 8.12 8.10 8.17 8.16 8.22 8.29 8.33 8.37 8.40 8.40 8.42 8.45 8.46 8.45 8.55
7.66 7.69 7.76 7.94 7.96 7.94 7.95 7.90 7.89 7.90 7.98 7.98 7.96 7.93 7.96 7.98 7.94 7.93 7.98 7.99 7.98 7.97 7.97 7.96 8.01 8.02 8.02 8.03 8.01 7.95 7.92 7.91 7.92 7.95 7.95 7.93 7.91 7.88 7.86 7.85 7.86 7.84 7.81 7.81 7.82 7.83 7.85 7.85 7.85 7.89 7.92 7.93 7.94 7.93 7.93 7.95 7.95 7.89 7.84 7.82 7.86 7.89 7.93 7.96 8.02 8.06 8.08 8.13 8.14 8.17 8.16 8.21 8.28 8.34 8.35 8.34 8.38 8.34 8.46 8.50 8.48
7.67 7.66 7.69 7.79 7.84 7.88 7.97 7.90 7.89 7.96 7.92 7.92 7.93 7.94 7.95 7.94 7.90 7.89 7.93 7.95 7.95 7.93 7.96 7.91 7.95 7.96 7.97 7.98 7.96 7.93 7.92 7.94 7.95 7.93 7.95 7.94 7.92 7.88 7.85 7.85 7.87 7.87 7.84 7.82 7.84 7.85 7.86 7.90 7.92 7.93 7.92 7.93 7.95 7.95 7.97 7.98 7.98 7.85 7.91 7.93 7.93 7.95 7.97 7.97 8.02 8.03 8.07 8.12 8.13 8.16 8.18 8.17 8.23 8.28 8.30 8.33 8.38 8.42 8.43 8.43 8.41
