main/data/pressure/11.01.2023.grid
ncols 886
nrows 691
xllcenter 112.0000
yllcenter -44.5000
cellsize 0.0500
nodata_value 99999.90
[rows 544 to 577 of 691, columns 468 to 545 of 886]
17.05 17.03 17.02 17.00 16.98 16.95 16.93 16.92 16.90 16.88 16.86 16.85 16.83 16.81 16.79 16.78 16.76 16.74 16.73 16.71 16.71 16.69 16.69 16.67 16.67 16.66 16.65 16.65 16.65 16.65 16.65 16.65 16.65 16.65 16.66 16.66 16.68 16.69 16.69 16.70 16.71 16.73 16.74 16.76 16.77 16.79 16.81 16.83 16.85 16.87 16.89 16.93 16.96 17.00 17.04 17.08 17.13 17.20 17.27 17.34 17.42 17.52 17.60 17.61 17.57 17.54 17.51 17.47 17.45 17.42 17.39 17.36 17.33 17.30 17.27 17.24 17.20 17.17
17.05 17.03 17.02 17.00 16.98 16.96 16.95 16.93 16.91 16.89 16.87 16.85 16.83 16.82 16.80 16.79 16.78 16.76 16.74 16.73 16.71 16.71 16.70 16.68 16.68 16.67 16.66 16.66 16.65 16.65 16.65 16.65 16.65 16.65 16.65 16.66 16.66 16.67 16.68 16.68 16.69 16.70 16.71 16.72 16.73 16.75 16.76 16.78 16.80 16.82 16.84 16.87 16.90 16.94 16.98 17.02 17.08 17.13 17.20 17.27 17.36 17.45 17.55 17.59 17.58 17.55 17.53 17.50 17.47 17.45 17.42 17.40 17.37 17.34 17.31 17.28 17.25 17.22
17.05 17.04 17.02 17.00 16.98 16.97 16.95 16.93 16.92 16.90 16.88 16.86 16.85 16.83 16.81 16.80 16.78 16.77 16.75 16.75 16.73 16.72 16.70 16.70 16.69 16.68 16.67 16.67 16.66 16.66 16.66 16.65 16.65 16.65 16.65 16.65 16.65 16.66 16.66 16.67 16.68 16.68 16.69 16.69 16.71 16.72 16.73 16.74 16.76 16.78 16.80 16.82 16.85 16.89 16.92 16.97 17.02 17.08 17.15 17.22 17.31 17.41 17.50 17.59 17.58 17.57 17.54 17.51 17.50 17.48 17.45 17.44 17.41 17.39 17.36 17.33 17.30 17.27
17.04 17.04 17.02 17.00 16.99 16.97 16.95 16.93 16.92 16.90 16.88 16.87 16.85 16.83 16.82 16.80 16.79 16.78 16.77 16.75 16.74 16.72 16.72 16.71 16.69 16.69 16.68 16.68 16.67 16.66 16.66 16.65 16.65 16.65 16.66 16.66 16.65 16.65 16.66 16.66 16.66 16.67 16.68 16.68 16.69 16.70 16.71 16.73 16.74 16.76 16.78 16.80 16.83 16.86 16.90 16.94 16.99 17.04 17.11 17.18 17.26 17.36 17.47 17.56 17.60 17.58 17.57 17.55 17.52 17.51 17.49 17.47 17.45 17.43 17.40 17.38 17.35 17.32
17.04 17.04 17.02 17.00 16.99 16.97 16.95 16.94 16.92 16.90 16.89 16.87 16.86 16.85 16.83 16.82 16.80 16.79 16.77 16.76 16.75 16.74 16.73 16.71 16.71 16.70 16.69 16.68 16.67 16.67 16.67 16.66 16.66 16.65 16.65 16.65 16.65 16.66 16.66 16.66 16.66 16.66 16.66 16.67 16.68 16.69 16.70 16.71 16.72 16.73 16.75 16.77 16.80 16.83 16.87 16.91 16.96 17.02 17.08 17.15 17.23 17.33 17.42 17.54 17.61 17.61 17.59 17.58 17.56 17.54 17.53 17.51 17.49 17.48 17.45 17.43 17.40 17.37
17.04 17.03 17.02 17.00 16.99 16.97 16.95 16.94 16.92 16.91 16.89 16.88 16.87 16.85 16.84 16.82 16.81 16.79 16.79 16.77 16.76 16.75 16.73 16.73 16.72 16.70 16.70 16.69 16.69 16.68 16.68 16.67 16.67 16.66 16.66 16.66 16.66 16.65 16.65 16.65 16.65 16.66 16.67 16.67 16.67 16.68 16.68 16.69 16.70 16.73 16.74 16.77 16.79 16.82 16.84 16.88 16.93 16.99 17.05 17.12 17.20 17.29 17.39 17.50 17.60 17.63 17.63 17.61 17.60 17.58 17.56 17.55 17.53 17.51 17.49 17.46 17.45 17.42
17.04 17.03 17.02 17.00 16.99 16.97 16.96 16.94 16.92 16.92 16.90 16.89 16.87 16.86 16.84 16.83 16.82 16.81 16.79 16.78 16.76 16.76 16.75 16.74 16.72 16.72 16.71 16.71 16.70 16.69 16.68 16.67 16.67 16.67 16.67 16.67 16.67 16.66 16.66 16.66 16.66 16.66 16.66 16.66 16.68 16.68 16.69 16.70 16.71 16.72 16.73 16.75 16.78 16.80 16.84 16.88 16.92 16.96 17.02 17.09 17.17 17.25 17.35 17.46 17.57 17.65 17.66 17.65 17.63 17.62 17.61 17.59 17.58 17.56 17.53 17.51 17.49 17.46
17.04 17.03 17.02 17.00 16.99 16.97 16.96 16.94 16.93 16.92 16.91 16.89 16.88 16.86 16.85 16.84 16.83 16.81 16.80 16.78 16.78 16.77 16.75 16.74 16.74 16.73 16.71 16.71 16.70 16.70 16.69 16.69 16.68 16.68 16.67 16.67 16.67 16.66 16.66 16.67 16.67 16.67 16.67 16.67 16.67 16.68 16.68 16.69 16.70 16.71 16.73 16.74 16.77 16.79 16.82 16.86 16.90 16.95 17.01 17.07 17.14 17.23 17.32 17.42 17.53 17.63 17.69 17.68 17.67 17.66 17.64 17.63 17.61 17.59 17.58 17.56 17.54 17.51
17.04 17.03 17.02 17.01 16.99 16.98 16.96 16.94 16.94 16.92 16.91 16.89 16.88 16.86 16.86 16.84 16.83 16.82 16.81 16.80 16.79 16.77 16.77 16.76 16.75 16.74 16.73 16.72 16.72 16.71 16.71 16.70 16.70 16.69 16.69 16.68 16.68 16.68 16.67 16.67 16.67 16.67 16.67 16.67 16.67 16.68 16.69 16.70 16.71 16.72 16.73 16.75 16.77 16.79 16.82 16.86 16.89 16.94 16.99 17.05 17.11 17.19 17.28 17.38 17.48 17.60 17.69 17.72 17.70 17.70 17.68 17.66 17.66 17.64 17.62 17.60 17.58 17.56
17.04 17.03 17.01 17.01 16.99 16.98 16.96 16.96 16.94 16.93 16.91 16.90 16.89 16.88 16.86 16.85 16.83 16.83 16.82 16.80 16.79 16.79 16.77 16.76 16.76 16.75 16.74 16.74 16.72 16.72 16.71 16.70 16.70 16.70 16.69 16.69 16.68 16.68 16.68 16.68 16.67 16.68 16.68 16.68 16.69 16.69 16.69 16.70 16.71 16.72 16.73 16.75 16.76 16.79 16.81 16.85 16.88 16.93 16.97 17.03 17.09 17.17 17.24 17.33 17.44 17.54 17.65 17.72 17.74 17.73 17.72 17.71 17.69 17.68 17.66 17.64 17.62 17.59
17.04 17.03 17.01 17.01 16.99 16.98 16.96 16.96 16.94 16.93 16.91 16.90 16.89 16.88 16.86 16.85 16.85 16.83 16.82 16.81 16.80 16.79 16.78 16.78 16.76 16.75 16.75 16.74 16.74 16.73 16.72 16.72 16.71 16.71 16.71 16.70 16.70 16.70 16.69 16.69 16.69 16.69 16.69 16.69 16.69 16.69 16.70 16.70 16.71 16.73 16.74 16.75 16.76 16.78 16.81 16.84 16.87 16.91 16.96 17.00 17.07 17.13 17.21 17.29 17.38 17.49 17.59 17.70 17.75 17.77 17.75 17.74 17.73 17.71 17.70 17.69 17.66 17.64
17.04 17.03 17.01 17.01 16.99 16.98 16.96 16.96 16.94 16.93 16.92 16.91 16.90 16.88 16.87 16.86 16.85 16.84 16.82 16.82 16.81 16.80 16.79 16.78 16.77 16.77 16.76 16.75 16.74 16.73 16.73 16.72 16.72 16.71 16.71 16.71 16.70 16.70 16.70 16.70 16.69 16.69 16.70 16.70 16.70 16.71 16.71 16.71 16.72 16.73 16.74 16.75 16.77 16.79 16.81 16.83 16.86 16.90 16.94 16.99 17.05 17.10 17.17 17.25 17.33 17.42 17.53 17.62 17.73 17.78 17.79 17.78 17.76 17.76 17.74 17.72 17.70 17.69
17.04 17.03 17.01 17.01 16.99 16.98 16.97 16.96 16.95 16.93 16.93 16.91 16.90 16.89 16.88 16.87 16.85 16.84 16.84 16.83 16.81 16.81 16.80 16.79 16.78 16.77 16.77 16.76 16.75 16.75 16.74 16.74 16.73 16.73 16.73 16.72 16.72 16.72 16.71 16.71 16.71 16.71 16.71 16.71 16.71 16.71 16.71 16.72 16.72 16.73 16.74 16.75 16.77 16.79 16.81 16.83 16.86 16.90 16.93 16.97 17.02 17.08 17.14 17.21 17.28 17.36 17.45 17.56 17.65 17.75 17.80 17.82 17.81 17.79 17.77 17.76 17.74 17.72
17.04 17.03 17.01 17.01 16.99 16.98 16.98 16.96 16.95 16.93 16.93 16.91 16.90 16.90 16.88 16.87 16.86 16.85 16.84 16.83 16.83 16.81 16.80 16.80 16.79 16.79 16.77 16.76 16.76 16.75 16.75 16.74 16.74 16.74 16.73 16.73 16.72 16.72 16.72 16.72 16.72 16.71 16.71 16.71 16.71 16.72 16.72 16.72 16.74 16.74 16.75 16.76 16.77 16.79 16.80 16.83 16.85 16.88 16.92 16.95 17.00 17.05 17.11 17.17 17.23 17.31 17.39 17.48 17.56 17.67 17.76 17.82 17.83 17.83 17.81 17.79 17.77 17.76
17.04 17.03 17.01 17.01 16.99 16.98 16.98 16.96 16.95 16.94 16.93 16.92 16.90 16.90 16.89 16.87 16.87 16.86 16.84 16.84 16.83 16.82 16.81 16.80 16.80 16.79 16.78 16.78 16.77 16.76 16.75 16.75 16.74 16.74 16.74 16.73 16.73 16.73 16.72 16.72 16.73 16.73 16.73 16.73 16.73 16.73 16.73 16.74 16.74 16.75 16.76 16.77 16.78 16.79 16.80 16.83 16.85 16.87 16.91 16.94 16.98 17.02 17.07 17.13 17.18 17.25 17.33 17.40 17.49 17.58 17.67 17.76 17.84 17.85 17.85 17.83 17.81 17.79
17.04 17.03 17.02 17.01 16.99 16.98 16.98 16.96 16.95 16.95 16.93 16.92 16.91 16.90 16.89 16.89 16.87 16.86 16.86 16.84 16.83 16.83 16.82 16.82 16.80 16.79 16.79 16.78 16.78 16.77 16.77 16.76 16.76 16.76 16.75 16.75 16.75 16.74 16.74 16.74 16.74 16.74 16.74 16.74 16.74 16.74 16.74 16.74 16.75 16.75 16.76 16.77 16.78 16.79 16.81 16.83 16.85 16.86 16.89 16.93 16.96 17.00 17.05 17.09 17.15 17.21 17.27 17.34 17.41 17.49 17.57 17.66 17.75 17.82 17.86 17.86 17.85 17.83
17.04 17.03 17.02 17.01 16.99 16.99 16.98 16.96 16.95 16.95 16.93 16.92 16.92 16.90 16.89 16.89 16.87 16.87 16.86 16.85 16.84 16.83 16.83 16.82 16.81 16.80 16.79 16.79 16.78 16.78 16.77 16.77 16.77 16.76 16.76 16.76 16.75 16.75 16.75 16.75 16.74 16.74 16.74 16.74 16.74 16.74 16.75 16.75 16.75 16.76 16.77 16.77 16.78 16.80 16.81 16.83 16.84 16.87 16.89 16.91 16.94 16.98 17.02 17.06 17.11 17.16 17.22 17.28 17.35 17.41 17.49 17.56 17.65 17.72 17.80 17.86 17.87 17.86
17.04 17.03 17.02 17.01 16.99 16.99 16.98 16.96 16.96 16.95 16.93 16.93 16.92 16.90 16.90 16.89 16.88 16.87 16.86 16.86 16.85 16.83 16.83 16.82 16.82 16.81 16.81 16.80 16.80 16.79 16.78 16.77 16.77 16.77 16.76 16.76 16.76 16.76 16.75 16.75 16.75 16.75 16.75 16.75 16.75 16.75 16.75 16.77 16.77 16.77 16.77 16.79 16.80 16.80 16.81 16.82 16.84 16.86 16.88 16.91 16.93 16.96 17.00 17.04 17.08 17.12 17.17 17.23 17.28 17.35 17.40 17.48 17.54 17.62 17.69 17.76 17.83 17.87
17.04 17.02 17.02 17.01 16.99 16.99 16.98 16.96 16.96 16.95 16.93 16.93 16.92 16.92 16.90 16.89 16.89 16.88 16.87 16.86 16.85 16.85 16.83 16.83 16.82 16.82 16.81 16.81 16.80 16.80 16.79 16.79 16.79 16.78 16.78 16.78 16.77 16.77 16.77 16.77 16.77 16.77 16.77 16.77 16.77 16.77 16.77 16.77 16.77 16.78 16.78 16.79 16.80 16.81 16.82 16.82 16.84 16.86 16.87 16.90 16.92 16.95 16.97 17.01 17.05 17.09 17.13 17.18 17.23 17.28 17.34 17.39 17.46 17.52 17.59 17.65 17.72 17.79
17.04 17.02 17.02 17.01 16.99 16.99 16.98 16.96 16.96 16.95 16.95 16.93 16.92 16.92 16.90 16.90 16.89 16.88 16.87 16.86 16.86 16.85 16.85 16.84 16.83 16.82 16.82 16.81 16.81 16.80 16.80 16.80 16.79 16.79 16.79 16.78 16.78 16.78 16.78 16.77 16.77 16.77 16.77 16.77 16.77 16.77 16.78 16.78 16.78 16.78 16.79 16.80 16.80 16.81 16.82 16.83 16.85 16.86 16.87 16.89 16.91 16.94 16.96 16.98 17.02 17.06 17.10 17.13 17.18 17.23 17.27 17.33 17.38 17.44 17.49 17.56 17.61 17.67
17.04 17.02 17.02 17.01 16.99 16.99 16.98 16.97 16.96 16.95 16.95 16.93 16.93 16.92 16.90 16.90 16.89 16.89 16.88 16.87 16.86 16.85 16.85 16.84 16.84 16.83 16.82 16.82 16.81 16.81 16.80 16.80 16.80 16.79 16.79 16.79 16.79 16.78 16.78 16.78 16.78 16.78 16.78 16.78 16.78 16.78 16.78 16.78 16.79 16.79 16.79 16.80 16.81 16.81 16.82 16.83 16.85 16.86 16.87 16.89 16.90 16.92 16.95 16.97 16.99 17.03 17.06 17.10 17.13 17.18 17.21 17.26 17.31 17.36 17.41 17.46 17.51 17.57
17.04 17.02 17.02 17.01 17.00 16.99 16.98 16.97 16.96 16.96 16.95 16.93 16.93 16.92 16.91 16.90 16.89 16.89 16.88 16.88 16.86 16.86 16.85 16.85 16.84 16.84 16.83 16.83 16.82 16.81 16.81 16.81 16.80 16.80 16.80 16.79 16.79 16.79 16.79 16.79 16.79 16.78 16.78 16.78 16.79 16.79 16.79 16.79 16.79 16.80 16.80 16.81 16.81 16.82 16.83 16.84 16.85 16.86 16.87 16.89 16.90 16.91 16.93 16.96 16.98 17.00 17.03 17.07 17.10 17.13 17.17 17.20 17.25 17.30 17.34 17.39 17.43 17.49
17.03 17.02 17.02 17.01 17.00 16.99 16.98 16.97 16.96 16.96 16.95 16.94 16.93 16.92 16.92 16.90 16.90 16.89 16.89 16.88 16.88 16.86 16.86 16.85 16.85 16.84 16.84 16.83 16.83 16.83 16.82 16.82 16.81 16.80 16.80 16.80 16.80 16.80 16.79 16.79 16.80 16.80 16.80 16.80 16.80 16.80 16.80 16.81 16.81 16.81 16.82 16.82 16.83 16.83 16.83 16.84 16.85 16.86 16.87 16.88 16.90 16.92 16.92 16.94 16.97 16.99 17.02 17.04 17.07 17.10 17.13 17.17 17.20 17.24 17.28 17.32 17.36 17.40
17.03 17.02 17.02 17.00 17.00 16.99 16.98 16.97 16.96 16.96 16.95 16.94 16.93 16.93 16.92 16.90 16.90 16.89 16.89 16.88 16.88 16.86 16.86 16.86 16.85 16.85 16.84 16.84 16.83 16.83 16.83 16.82 16.82 16.82 16.82 16.81 16.81 16.81 16.81 16.81 16.81 16.81 16.81 16.81 16.81 16.81 16.81 16.81 16.81 16.82 16.82 16.83 16.83 16.84 16.84 16.84 16.85 16.86 16.87 16.88 16.90 16.91 16.93 16.94 16.95 16.98 17.00 17.02 17.04 17.07 17.10 17.12 17.16 17.20 17.22 17.26 17.30 17.34
17.03 17.02 17.01 17.00 17.00 16.99 16.98 16.97 16.96 16.96 16.95 16.94 16.93 16.93 16.92 16.91 16.90 16.90 16.89 16.89 16.88 16.88 16.86 16.86 16.85 16.85 16.85 16.84 16.84 16.84 16.83 16.83 16.83 16.82 16.82 16.82 16.82 16.82 16.81 16.81 16.81 16.81 16.81 16.81 16.81 16.81 16.82 16.82 16.82 16.82 16.83 16.83 16.84 16.84 16.85 16.85 16.86 16.86 16.87 16.88 16.89 16.91 16.92 16.94 16.95 16.96 16.98 17.01 17.03 17.04 17.07 17.10 17.12 17.15 17.19 17.21 17.25 17.28
17.03 17.02 17.01 17.00 17.00 16.99 16.98 16.97 16.97 16.96 16.95 16.94 16.93 16.93 16.92 16.91 16.90 16.90 16.89 16.89 16.89 16.88 16.87 16.86 16.86 16.85 16.85 16.85 16.84 16.84 16.84 16.83 16.83 16.83 16.83 16.82 16.82 16.82 16.82 16.82 16.82 16.82 16.82 16.82 16.82 16.82 16.82 16.82 16.83 16.83 16.83 16.84 16.84 16.85 16.85 16.86 16.87 16.87 16.88 16.89 16.89 16.90 16.92 16.93 16.95 16.96 16.97 16.99 17.01 17.03 17.05 17.07 17.10 17.12 17.15 17.18 17.20 17.24
17.03 17.01 17.01 17.00 17.00 16.98 16.98 16.97 16.97 16.96 16.95 16.94 16.94 16.93 16.93 16.91 16.91 16.90 16.90 16.89 16.89 16.88 16.88 16.87 16.86 16.86 16.85 16.85 16.85 16.84 16.84 16.84 16.84 16.83 16.83 16.83 16.83 16.83 16.83 16.82 16.82 16.82 16.82 16.82 16.83 16.83 16.83 16.83 16.83 16.84 16.84 16.84 16.85 16.85 16.86 16.86 16.87 16.88 16.88 16.89 16.90 16.91 16.92 16.93 16.94 16.96 16.97 16.98 17.00 17.02 17.04 17.05 17.07 17.10 17.12 17.14 17.17 17.19
17.02 17.01 17.01 17.00 16.99 16.98 16.98 16.97 16.97 16.95 16.95 16.94 16.94 16.93 16.92 16.91 16.91 16.90 16.90 16.89 16.89 16.89 16.88 16.87 16.86 16.86 16.86 16.85 16.85 16.85 16.84 16.84 16.84 16.84 16.84 16.83 16.83 16.83 16.83 16.83 16.83 16.83 16.83 16.83 16.83 16.83 16.83 16.84 16.84 16.84 16.84 16.85 16.85 16.86 16.86 16.87 16.87 16.88 16.89 16.90 16.90 16.91 16.92 16.93 16.94 16.95 16.97 16.98 17.00 17.01 17.02 17.04 17.05 17.08 17.10 17.12 17.14 17.17
17.02 17.01 17.01 17.00 16.99 16.98 16.98 16.97 16.96 16.95 16.95 16.94 16.94 16.93 16.92 16.92 16.91 16.91 16.90 16.90 16.89 16.89 16.89 16.87 16.87 16.86 16.86 16.86 16.85 16.85 16.85 16.85 16.84 16.84 16.84 16.84 16.84 16.84 16.84 16.84 16.83 16.84 16.84 16.84 16.84 16.84 16.84 16.84 16.84 16.85 16.85 16.85 16.86 16.86 16.87 16.87 16.88 16.88 16.89 16.90 16.91 16.92 16.93 16.94 16.94 16.95 16.96 16.98 16.99 17.01 17.01 17.03 17.05 17.07 17.08 17.10 17.12 17.14
17.02 17.01 17.01 16.99 16.99 16.98 16.98 16.97 16.96 16.96 16.95 16.95 16.94 16.93 16.92 16.92 16.91 16.91 16.90 16.90 16.90 16.89 16.89 16.87 16.87 16.87 16.86 16.86 16.86 16.86 16.85 16.85 16.85 16.85 16.84 16.84 16.84 16.84 16.84 16.84 16.84 16.84 16.84 16.84 16.84 16.84 16.85 16.85 16.85 16.85 16.86 16.86 16.86 16.87 16.87 16.88 16.88 16.89 16.90 16.90 16.91 16.92 16.93 16.94 16.95 16.95 16.96 16.97 16.99 17.00 17.01 17.02 17.04 17.06 17.07 17.08 17.10 17.13
17.02 17.01 17.00 16.99 16.99 16.99 16.98 16.97 16.96 16.96 16.95 16.95 16.94 16.93 16.92 16.92 16.91 16.91 16.91 16.90 16.90 16.89 16.88 16.88 16.87 16.87 16.87 16.86 16.86 16.86 16.86 16.85 16.85 16.85 16.85 16.85 16.85 16.85 16.85 16.84 16.84 16.84 16.85 16.85 16.85 16.85 16.85 16.85 16.85 16.86 16.86 16.86 16.87 16.87 16.88 16.88 16.89 16.89 16.90 16.91 16.91 16.92 16.93 16.94 16.95 16.96 16.96 16.97 16.98 17.00 17.01 17.02 17.04 17.04 17.06 17.08 17.10 17.11
17.01 17.00 17.00 16.99 16.99 16.99 16.97 16.97 16.96 16.96 16.95 16.95 16.93 16.93 16.92 16.92 16.92 16.91 16.91 16.90 16.89 16.89 16.88 16.88 16.88 16.87 16.87 16.87 16.86 16.86 16.86 16.86 16.86 16.85 16.85 16.85 16.85 16.85 16.85 16.85 16.85 16.85 16.85 16.85 16.85 16.85 16.86 16.86 16.86 16.86 16.87 16.87 16.87 16.88 16.88 16.89 16.89 16.90 16.90 16.91 16.92 16.92 16.93 16.94 16.95 16.96 16.97 16.98 16.98 16.99 17.01 17.02 17.03 17.05 17.05 17.07 17.09 17.10
17.01 17.00 17.00 17.00 16.99 16.98 16.97 16.97 16.96 16.96 16.95 16.94 16.93 16.93 16.93 16.92 16.92 16.91 16.91 16.90 16.89 16.89 16.89 16.88 16.88 16.88 16.87 16.87 16.87 16.87 16.86 16.86 16.86 16.86 16.86 16.86 16.85 16.85 16.85 16.85 16.85 16.85 16.85 16.86 16.86 16.86 16.86 16.86 16.86 16.87 16.87 16.87 16.89 16.89 16.89 16.89 16.90 16.90 16.91 16.91 16.92 16.93 16.94 16.94 16.95 16.96 16.97 16.98 16.99 17.00 17.00 17.02 17.03 17.04 17.06 17.07 17.08 17.09
17.01 17.00 17.00 16.99 16.98 16.98 16.97 16.97 16.96 16.95 16.94 16.94 16.94 16.93 16.93 16.92 16.92 16.92 16.91 16.90 16.89 16.89 16.89 16.88 16.88 16.88 16.88 16.87 16.87 16.87 16.87 16.86 16.86 16.86 16.86 16.86 16.86 16.86 16.86 16.86 16.86 16.86 16.86 16.86 16.86 16.86 16.86 16.87 16.87 16.87 16.88 16.88 16.89 16.89 16.89 16.91 16.91 16.92 16.91 16.92 16.92 16.93 16.94 16.95 16.95 16.96 16.97 16.98 16.99 17.00 17.01 17.01 17.03 17.04 17.05 17.06 17.08 17.08
