main/data/pressure/11.08.2023.grid
ncols 886
nrows 691
xllcenter 112.0000
yllcenter -44.5000
cellsize 0.0500
nodata_value 99999.90
[rows 504 to 539 of 691, columns 405 to 485 of 886]
9.81 9.81 9.81 9.83 9.83 9.84 9.85 9.86 9.86 9.88 9.88 9.89 9.90 9.90 9.92 9.92 9.94 9.94 9.96 9.96 9.98 9.98 9.99 10.00 10.01 10.02 10.03 10.04 10.05 10.05 10.07 10.07 10.09 10.09 10.09 10.11 10.11 10.11 10.12 10.12 10.12 10.12 10.12 10.12 10.11 10.12 10.11 10.10 10.10 10.10 10.10 10.11 10.13 10.13 10.14 10.16 10.17 10.18 10.19 10.20 10.21 10.23 10.24 10.25 10.26 10.28 10.29 10.30 10.32 10.33 10.34 10.35 10.37 10.37 10.39 10.40 10.41 10.40 10.39 10.38 10.36
9.81 9.81 9.82 9.83 9.84 9.84 9.85 9.86 9.86 9.87 9.88 9.89 9.90 9.91 9.92 9.93 9.93 9.95 9.95 9.97 9.97 9.98 9.99 10.00 10.02 10.02 10.04 10.04 10.05 10.06 10.07 10.08 10.08 10.09 10.10 10.11 10.12 10.12 10.12 10.12 10.13 10.13 10.13 10.14 10.13 10.13 10.13 10.13 10.12 10.12 10.12 10.12 10.14 10.15 10.16 10.17 10.18 10.20 10.21 10.22 10.23 10.25 10.26 10.27 10.29 10.29 10.32 10.32 10.34 10.35 10.36 10.38 10.39 10.41 10.42 10.44 10.20 10.45 10.45 10.42 10.39
9.80 9.82 9.82 9.83 9.84 9.85 9.85 9.86 9.87 9.87 9.89 9.89 9.90 9.91 9.92 9.93 9.94 9.95 9.95 9.97 9.97 9.99 9.99 10.01 10.01 10.03 10.03 10.04 10.05 10.06 10.07 10.08 10.09 10.10 10.10 10.12 10.12 10.12 10.13 10.14 10.14 10.15 10.15 10.14 10.15 10.15 10.15 10.15 10.15 10.14 10.14 10.14 10.15 10.16 10.17 10.19 10.20 10.22 10.22 10.24 10.25 10.27 10.28 10.29 10.31 10.32 10.34 10.35 10.37 10.38 10.39 10.41 10.42 10.43 10.45 10.47 10.49 10.49 10.48 10.45 10.43
9.81 9.81 9.83 9.83 9.83 9.85 9.85 9.86 9.87 9.88 9.88 9.90 9.90 9.91 9.92 9.93 9.94 9.95 9.96 9.97 9.98 9.99 10.00 10.01 10.02 10.03 10.03 10.05 10.05 10.07 10.07 10.09 10.09 10.10 10.11 10.12 10.12 10.13 10.14 10.15 10.15 10.15 10.16 10.16 10.16 10.17 10.17 10.18 10.17 10.17 10.17 10.17 10.18 10.18 10.18 10.20 10.21 10.23 10.24 10.26 10.28 10.29 10.30 10.32 10.33 10.35 10.36 10.38 10.39 10.40 10.42 10.43 10.45 10.46 10.48 10.50 10.52 10.53 10.51 10.48 10.44
9.81 9.81 9.82 9.83 9.84 9.84 9.86 9.86 9.86 9.88 9.89 9.90 9.90 9.91 9.92 9.93 9.94 9.95 9.96 9.97 9.98 9.98 10.00 10.00 10.02 10.03 10.04 10.05 10.06 10.07 10.07 10.09 10.09 10.11 10.11 10.13 10.13 10.14 10.15 10.15 10.16 10.17 10.17 10.18 10.18 10.19 10.19 10.19 10.20 10.20 10.20 10.20 10.20 10.21 10.21 10.22 10.23 10.25 10.26 10.28 10.30 10.30 10.32 10.34 10.35 10.37 10.38 10.40 10.41 10.43 10.44 10.45 10.47 10.49 10.49 10.51 10.53 10.54 10.52 10.49 10.46
9.81 9.82 9.82 9.84 9.84 9.85 9.85 9.86 9.87 9.88 9.89 9.89 9.91 9.91 9.93 9.93 9.95 9.95 9.97 9.97 9.98 9.99 10.00 10.01 10.02 10.03 10.04 10.06 10.06 10.07 10.08 10.09 10.10 10.11 10.12 10.13 10.13 10.15 10.15 10.16 10.17 10.18 10.18 10.19 10.20 10.20 10.21 10.21 10.21 10.22 10.22 10.23 10.23 10.24 10.24 10.25 10.25 10.27 10.28 10.30 10.32 10.32 10.34 10.36 10.38 10.39 10.41 10.42 10.43 10.44 10.46 10.47 10.48 10.50 10.51 10.53 10.52 10.53 10.51 10.49 10.46
9.81 9.82 9.82 9.83 9.84 9.85 9.85 9.87 9.87 9.88 9.89 9.90 9.91 9.91 9.93 9.93 9.95 9.95 9.97 9.97 9.99 9.99 10.01 10.01 10.03 10.03 10.04 10.06 10.06 10.08 10.08 10.10 10.10 10.12 10.12 10.13 10.14 10.15 10.16 10.17 10.18 10.19 10.19 10.20 10.20 10.22 10.22 10.22 10.23 10.24 10.25 10.25 10.26 10.26 10.27 10.27 10.29 10.29 10.30 10.32 10.33 10.35 10.37 10.38 10.40 10.42 10.43 10.45 10.46 10.47 10.48 10.49 10.51 10.52 10.53 10.53 10.53 10.52 10.51 10.49 10.46
9.81 9.81 9.83 9.83 9.84 9.85 9.85 9.86 9.87 9.88 9.89 9.90 9.90 9.92 9.92 9.94 9.94 9.96 9.96 9.98 9.98 9.99 10.01 10.01 10.03 10.03 10.05 10.05 10.07 10.08 10.09 10.10 10.11 10.12 10.12 10.14 10.15 10.16 10.17 10.18 10.19 10.19 10.20 10.21 10.22 10.23 10.24 10.24 10.26 10.26 10.26 10.27 10.28 10.29 10.29 10.31 10.32 10.32 10.34 10.34 10.35 10.37 10.39 10.40 10.42 10.43 10.45 10.46 10.48 10.49 10.50 10.51 10.52 10.53 10.54 10.53 10.53 10.52 10.51 10.49 10.47
9.81 9.81 9.83 9.83 9.84 9.85 9.86 9.86 9.88 9.88 9.89 9.90 9.91 9.92 9.92 9.94 9.94 9.96 9.96 9.98 9.98 10.00 10.00 10.02 10.03 10.04 10.05 10.06 10.07 10.09 10.09 10.10 10.11 10.12 10.14 10.14 10.16 10.16 10.18 10.18 10.19 10.20 10.21 10.22 10.23 10.24 10.25 10.26 10.27 10.28 10.28 10.29 10.30 10.31 10.32 10.34 10.34 10.36 10.36 10.38 10.39 10.39 10.41 10.43 10.45 10.46 10.47 10.48 10.50 10.51 10.52 10.53 10.54 10.54 10.55 10.55 10.53 10.53 10.51 10.49 10.47
9.81 9.82 9.82 9.84 9.84 9.84 9.86 9.86 9.87 9.88 9.89 9.90 9.91 9.92 9.93 9.94 9.95 9.96 9.97 9.98 9.99 10.00 10.01 10.02 10.03 10.04 10.05 10.06 10.07 10.09 10.09 10.11 10.11 10.13 10.14 10.14 10.16 10.16 10.18 10.19 10.20 10.21 10.22 10.23 10.24 10.25 10.26 10.27 10.29 10.29 10.30 10.31 10.32 10.33 10.35 10.36 10.37 10.38 10.39 10.41 10.42 10.43 10.44 10.45 10.47 10.48 10.50 10.51 10.52 10.53 10.54 10.54 10.55 10.55 10.55 10.55 10.55 10.54 10.52 10.51 10.48
9.81 9.82 9.82 9.84 9.84 9.85 9.86 9.86 9.87 9.89 9.89 9.90 9.91 9.92 9.93 9.93 9.95 9.96 9.97 9.98 9.99 10.00 10.01 10.02 10.03 10.04 10.06 10.06 10.07 10.09 10.10 10.11 10.11 10.13 10.14 10.15 10.16 10.18 10.18 10.20 10.20 10.22 10.23 10.23 10.25 10.26 10.27 10.28 10.29 10.30 10.32 10.32 10.34 10.35 10.36 10.38 10.39 10.41 10.41 10.43 10.45 10.46 10.47 10.49 10.49 10.51 10.52 10.54 10.54 10.56 10.56 10.57 10.57 10.57 10.57 10.57 10.55 10.54 10.53 10.51 10.49
9.80 9.82 9.82 9.83 9.84 9.85 9.85 9.87 9.87 9.89 9.89 9.90 9.91 9.92 9.93 9.93 9.95 9.95 9.97 9.97 9.99 10.00 10.01 10.02 10.03 10.04 10.06 10.06 10.08 10.09 10.10 10.11 10.13 10.13 10.15 10.15 10.16 10.18 10.19 10.20 10.21 10.22 10.23 10.25 10.25 10.27 10.28 10.29 10.30 10.32 10.32 10.34 10.35 10.37 10.38 10.39 10.40 10.42 10.44 10.45 10.47 10.49 10.50 10.51 10.53 10.53 10.55 10.55 10.57 10.57 10.58 10.58 10.58 10.58 10.58 10.58 10.57 10.56 10.54 10.53 10.51
9.81 9.82 9.83 9.83 9.84 9.85 9.85 9.87 9.87 9.88 9.89 9.90 9.91 9.92 9.93 9.94 9.95 9.96 9.97 9.98 9.99 10.01 10.01 10.03 10.03 10.04 10.06 10.07 10.08 10.09 10.10 10.11 10.13 10.13 10.15 10.16 10.17 10.18 10.20 10.20 10.22 10.23 10.24 10.25 10.27 10.28 10.29 10.30 10.31 10.32 10.34 10.35 10.37 10.38 10.40 10.41 10.43 10.44 10.46 10.47 10.49 10.51 10.52 10.54 10.54 10.56 10.58 10.58 10.59 10.60 10.60 10.61 10.61 10.60 10.60 10.60 10.59 10.58 10.56 10.54 10.52
9.81 9.81 9.83 9.83 9.83 9.85 9.85 9.87 9.87 9.88 9.89 9.90 9.91 9.92 9.93 9.94 9.95 9.96 9.97 9.98 9.99 10.01 10.01 10.03 10.03 10.05 10.06 10.07 10.08 10.10 10.10 10.12 10.13 10.13 10.15 10.16 10.17 10.18 10.20 10.21 10.22 10.23 10.25 10.25 10.27 10.28 10.30 10.30 10.32 10.33 10.35 10.36 10.38 10.39 10.41 10.42 10.44 10.46 10.47 10.49 10.50 10.52 10.54 10.56 10.57 10.58 10.59 10.61 10.61 10.62 10.63 10.63 10.63 10.63 10.62 10.62 10.61 10.59 10.57 10.56 10.54
9.81 9.81 9.83 9.83 9.84 9.85 9.85 9.86 9.88 9.88 9.89 9.90 9.91 9.92 9.93 9.94 9.95 9.96 9.97 9.98 9.99 10.01 10.01 10.03 10.03 10.05 10.06 10.07 10.08 10.10 10.10 10.12 10.13 10.14 10.15 10.17 10.18 10.19 10.20 10.22 10.22 10.23 10.25 10.27 10.28 10.29 10.30 10.31 10.33 10.34 10.36 10.37 10.38 10.39 10.42 10.44 10.45 10.47 10.48 10.50 10.52 10.54 10.55 10.57 10.58 10.61 10.62 10.62 10.64 10.64 10.64 10.65 10.65 10.65 10.64 10.63 10.62 10.61 10.59 10.58 10.56
9.81 9.81 9.82 9.83 9.84 9.84 9.86 9.86 9.88 9.88 9.90 9.90 9.92 9.92 9.93 9.94 9.95 9.96 9.97 9.98 9.99 10.00 10.01 10.03 10.03 10.05 10.06 10.07 10.08 10.10 10.10 10.12 10.13 10.14 10.15 10.17 10.18 10.19 10.20 10.22 10.23 10.24 10.25 10.27 10.28 10.30 10.31 10.32 10.33 10.35 10.36 10.38 10.39 10.41 10.42 10.44 10.46 10.48 10.49 10.51 10.53 10.55 10.56 10.59 10.60 10.62 10.64 10.65 10.65 10.66 10.67 10.66 10.66 10.66 10.66 10.65 10.64 10.63 10.62 10.60 10.58
9.81 9.81 9.82 9.83 9.84 9.84 9.86 9.86 9.88 9.88 9.90 9.90 9.91 9.92 9.93 9.94 9.95 9.96 9.98 9.98 10.00 10.00 10.01 10.03 10.03 10.05 10.06 10.07 10.08 10.10 10.10 10.12 10.13 10.15 10.15 10.17 10.18 10.20 10.20 10.22 10.23 10.25 10.26 10.27 10.28 10.30 10.31 10.33 10.34 10.36 10.37 10.39 10.40 10.42 10.43 10.45 10.46 10.49 10.50 10.52 10.54 10.56 10.58 10.60 10.61 10.63 10.64 10.67 10.68 10.68 10.69 10.69 10.69 10.68 10.68 10.67 10.66 10.65 10.63 10.62 10.61
9.80 9.81 9.82 9.83 9.84 9.84 9.86 9.86 9.88 9.88 9.89 9.90 9.91 9.92 9.92 9.94 9.95 9.96 9.98 9.98 10.00 10.01 10.01 10.03 10.04 10.05 10.07 10.07 10.09 10.10 10.12 10.12 10.13 10.15 10.15 10.17 10.18 10.20 10.21 10.22 10.23 10.25 10.26 10.28 10.28 10.30 10.31 10.33 10.34 10.36 10.37 10.39 10.40 10.42 10.43 10.46 10.47 10.49 10.51 10.53 10.54 10.57 10.58 10.60 10.63 10.64 10.66 10.67 10.68 10.71 10.71 10.71 10.71 10.71 10.70 10.70 10.68 10.67 10.66 10.65 10.64
9.80 9.81 9.82 9.82 9.84 9.84 9.86 9.86 9.87 9.88 9.89 9.90 9.91 9.92 9.92 9.94 9.95 9.96 9.98 9.98 10.00 10.01 10.01 10.03 10.04 10.05 10.07 10.07 10.09 10.10 10.12 10.12 10.13 10.15 10.16 10.17 10.19 10.20 10.21 10.23 10.23 10.25 10.26 10.28 10.29 10.31 10.32 10.33 10.34 10.36 10.37 10.39 10.41 10.43 10.44 10.46 10.47 10.50 10.51 10.54 10.55 10.57 10.59 10.61 10.62 10.65 10.67 10.68 10.70 10.71 10.72 10.73 10.73 10.72 10.72 10.71 10.70 10.70 10.69 10.67 10.65
9.80 9.81 9.82 9.82 9.84 9.84 9.86 9.86 9.86 9.88 9.89 9.90 9.91 9.92 9.92 9.94 9.95 9.96 9.98 9.98 10.00 10.01 10.01 10.03 10.04 10.05 10.07 10.08 10.09 10.10 10.12 10.12 10.13 10.15 10.16 10.18 10.19 10.20 10.21 10.23 10.24 10.25 10.26 10.28 10.29 10.31 10.32 10.34 10.35 10.37 10.38 10.40 10.41 10.43 10.44 10.47 10.48 10.50 10.52 10.53 10.56 10.57 10.60 10.61 10.63 10.65 10.68 10.69 10.71 10.72 10.74 10.74 10.75 10.75 10.74 10.74 10.72 10.71 10.70 10.70 10.69
9.80 9.81 9.82 9.82 9.83 9.84 9.85 9.86 9.86 9.88 9.89 9.90 9.91 9.92 9.92 9.94 9.95 9.96 9.98 9.98 10.00 10.01 10.01 10.03 10.04 10.05 10.07 10.08 10.09 10.10 10.12 10.13 10.13 10.15 10.16 10.18 10.19 10.20 10.21 10.23 10.24 10.26 10.26 10.28 10.29 10.31 10.32 10.34 10.35 10.37 10.38 10.40 10.41 10.43 10.45 10.47 10.48 10.50 10.52 10.53 10.56 10.58 10.59 10.62 10.64 10.65 10.67 10.69 10.71 10.72 10.74 10.75 10.77 10.76 10.76 10.75 10.75 10.74 10.72 10.71 10.71
9.80 9.80 9.82 9.82 9.83 9.84 9.84 9.86 9.86 9.88 9.88 9.90 9.90 9.92 9.92 9.94 9.95 9.96 9.97 9.98 9.99 10.01 10.01 10.03 10.04 10.05 10.06 10.08 10.09 10.10 10.11 10.13 10.14 10.15 10.16 10.18 10.19 10.20 10.21 10.23 10.24 10.26 10.27 10.29 10.30 10.31 10.32 10.34 10.35 10.37 10.38 10.41 10.42 10.44 10.45 10.46 10.49 10.50 10.52 10.54 10.55 10.58 10.60 10.61 10.63 10.66 10.68 10.70 10.71 10.73 10.75 10.76 10.77 10.78 10.78 10.77 10.76 10.76 10.75 10.74 10.73
9.79 9.80 9.81 9.82 9.83 9.84 9.84 9.86 9.86 9.88 9.88 9.90 9.90 9.92 9.93 9.94 9.95 9.96 9.97 9.99 9.99 10.01 10.01 10.03 10.04 10.05 10.06 10.08 10.09 10.10 10.11 10.13 10.14 10.15 10.16 10.18 10.19 10.21 10.22 10.23 10.24 10.26 10.27 10.29 10.30 10.32 10.33 10.35 10.36 10.38 10.39 10.40 10.42 10.43 10.45 10.47 10.49 10.50 10.52 10.54 10.56 10.57 10.60 10.62 10.63 10.65 10.67 10.69 10.71 10.72 10.74 10.76 10.77 10.79 10.79 10.79 10.78 10.78 10.77 10.76 10.76
9.79 9.80 9.81 9.82 9.83 9.84 9.84 9.86 9.86 9.88 9.88 9.90 9.90 9.92 9.93 9.94 9.95 9.96 9.97 9.99 9.99 10.01 10.02 10.03 10.04 10.06 10.06 10.08 10.09 10.11 10.11 10.13 10.14 10.16 10.16 10.18 10.19 10.21 10.22 10.24 10.25 10.26 10.27 10.29 10.30 10.32 10.33 10.34 10.36 10.38 10.39 10.40 10.42 10.43 10.46 10.47 10.48 10.51 10.52 10.54 10.56 10.58 10.59 10.62 10.64 10.65 10.67 10.69 10.71 10.73 10.75 10.76 10.78 10.78 10.80 10.80 10.80 10.79 10.79 10.78 10.78
9.79 9.80 9.81 9.82 9.83 9.84 9.84 9.86 9.86 9.88 9.88 9.90 9.91 9.92 9.93 9.94 9.95 9.96 9.97 9.99 9.99 10.01 10.02 10.03 10.04 10.06 10.06 10.08 10.09 10.11 10.11 10.13 10.14 10.16 10.17 10.19 10.19 10.21 10.22 10.24 10.25 10.27 10.28 10.29 10.30 10.32 10.33 10.34 10.36 10.37 10.39 10.41 10.43 10.44 10.45 10.47 10.49 10.50 10.52 10.54 10.55 10.58 10.59 10.61 10.63 10.65 10.67 10.69 10.71 10.73 10.74 10.75 10.77 10.79 10.79 10.81 10.82 10.81 10.81 10.80 10.80
9.79 9.80 9.81 9.82 9.83 9.83 9.84 9.85 9.86 9.87 9.88 9.89 9.91 9.91 9.93 9.93 9.95 9.96 9.97 9.98 9.99 10.01 10.02 10.04 10.04 10.05 10.07 10.07 10.09 10.11 10.12 10.12 10.14 10.15 10.17 10.19 10.20 10.21 10.22 10.23 10.25 10.26 10.28 10.29 10.31 10.32 10.34 10.35 10.37 10.38 10.39 10.41 10.42 10.44 10.45 10.47 10.49 10.50 10.53 10.54 10.55 10.57 10.60 10.61 10.63 10.65 10.66 10.68 10.70 10.72 10.74 10.75 10.77 10.79 10.79 10.81 10.82 10.82 10.83 10.82 10.82
9.79 9.79 9.81 9.81 9.83 9.83 9.84 9.85 9.86 9.87 9.89 9.89 9.91 9.91 9.93 9.93 9.95 9.96 9.97 9.98 10.00 10.00 10.02 10.03 10.04 10.05 10.07 10.08 10.09 10.10 10.12 10.13 10.15 10.15 10.17 10.18 10.20 10.21 10.23 10.23 10.25 10.26 10.28 10.29 10.31 10.32 10.34 10.35 10.36 10.38 10.39 10.41 10.42 10.45 10.46 10.47 10.49 10.51 10.52 10.54 10.56 10.57 10.59 10.61 10.63 10.65 10.66 10.68 10.70 10.72 10.74 10.75 10.76 10.78 10.79 10.81 10.81 10.82 10.83 10.83 10.84
9.79 9.79 9.81 9.81 9.83 9.83 9.84 9.85 9.86 9.87 9.89 9.89 9.91 9.91 9.93 9.94 9.95 9.96 9.97 9.98 10.00 10.00 10.02 10.03 10.05 10.05 10.07 10.08 10.10 10.10 10.12 10.13 10.15 10.16 10.17 10.18 10.20 10.21 10.23 10.24 10.25 10.27 10.29 10.29 10.30 10.32 10.33 10.35 10.36 10.39 10.40 10.41 10.43 10.44 10.46 10.47 10.49 10.51 10.52 10.54 10.55 10.57 10.59 10.61 10.62 10.64 10.65 10.68 10.70 10.71 10.72 10.74 10.76 10.78 10.79 10.80 10.81 10.83 10.84 10.84 10.84
9.78 9.79 9.80 9.81 9.82 9.83 9.84 9.85 9.86 9.87 9.88 9.89 9.90 9.91 9.92 9.94 9.94 9.96 9.97 9.98 9.99 10.01 10.01 10.03 10.04 10.06 10.06 10.08 10.09 10.11 10.11 10.13 10.14 10.16 10.17 10.19 10.19 10.21 10.22 10.24 10.25 10.27 10.28 10.30 10.31 10.33 10.34 10.36 10.37 10.38 10.40 10.41 10.43 10.44 10.46 10.48 10.49 10.50 10.53 10.54 10.55 10.57 10.58 10.61 10.62 10.64 10.66 10.67 10.69 10.71 10.72 10.74 10.76 10.78 10.78 10.80 10.81 10.83 10.83 10.84 10.85
9.78 9.79 9.80 9.81 9.82 9.83 9.84 9.85 9.86 9.87 9.88 9.89 9.90 9.92 9.92 9.94 9.94 9.96 9.97 9.98 9.99 10.01 10.02 10.03 10.04 10.06 10.07 10.08 10.09 10.11 10.12 10.13 10.14 10.16 10.17 10.19 10.20 10.22 10.23 10.24 10.25 10.26 10.28 10.29 10.31 10.32 10.34 10.35 10.37 10.38 10.39 10.42 10.43 10.45 10.46 10.47 10.49 10.51 10.52 10.53 10.56 10.57 10.58 10.60 10.61 10.63 10.66 10.67 10.69 10.71 10.72 10.74 10.75 10.76 10.78 10.80 10.81 10.82 10.83 10.84 10.85
9.78 9.78 9.80 9.80 9.82 9.82 9.84 9.84 9.86 9.86 9.88 9.88 9.90 9.91 9.92 9.93 9.95 9.95 9.97 9.98 9.99 10.00 10.02 10.02 10.04 10.05 10.07 10.08 10.09 10.10 10.12 10.13 10.15 10.15 10.17 10.18 10.20 10.21 10.23 10.24 10.26 10.27 10.29 10.30 10.31 10.33 10.34 10.36 10.37 10.39 10.40 10.41 10.43 10.44 10.46 10.48 10.49 10.51 10.52 10.54 10.55 10.57 10.59 10.60 10.62 10.63 10.65 10.66 10.68 10.70 10.71 10.73 10.75 10.76 10.78 10.80 10.80 10.81 10.83 10.84 10.85
9.78 9.78 9.80 9.80 9.82 9.82 9.84 9.84 9.86 9.86 9.88 9.89 9.90 9.91 9.92 9.93 9.95 9.95 9.97 9.98 10.00 10.00 10.02 10.03 10.04 10.05 10.07 10.08 10.10 10.10 10.12 10.13 10.15 10.16 10.18 10.19 10.20 10.21 10.22 10.24 10.25 10.27 10.28 10.30 10.31 10.33 10.34 10.36 10.37 10.38 10.40 10.41 10.43 10.45 10.46 10.47 10.49 10.51 10.52 10.54 10.55 10.57 10.58 10.61 10.62 10.64 10.65 10.67 10.68 10.70 10.71 10.73 10.75 10.76 10.78 10.78 10.80 10.81 10.83 10.84 10.85
9.77 9.78 9.79 9.80 9.81 9.82 9.83 9.84 9.85 9.87 9.87 9.89 9.89 9.91 9.92 9.93 9.94 9.96 9.96 9.98 9.99 10.00 10.01 10.03 10.04 10.06 10.06 10.08 10.09 10.11 10.12 10.13 10.14 10.16 10.17 10.19 10.20 10.22 10.23 10.25 10.26 10.28 10.29 10.30 10.32 10.33 10.35 10.36 10.38 10.39 10.40 10.42 10.43 10.44 10.46 10.48 10.49 10.51 10.52 10.54 10.55 10.57 10.59 10.60 10.61 10.63 10.64 10.66 10.68 10.70 10.71 10.72 10.74 10.75 10.77 10.79 10.80 10.82 10.83 10.84 10.85
9.77 9.78 9.79 9.80 9.81 9.82 9.83 9.84 9.85 9.86 9.87 9.89 9.90 9.90 9.92 9.94 9.94 9.96 9.97 9.97 9.99 10.01 10.01 10.03 10.04 10.05 10.07 10.07 10.09 10.11 10.12 10.13 10.15 10.16 10.17 10.18 10.20 10.21 10.23 10.24 10.26 10.27 10.29 10.30 10.31 10.33 10.34 10.36 10.37 10.39 10.40 10.41 10.44 10.45 10.46 10.48 10.49 10.51 10.53 10.54 10.55 10.57 10.58 10.60 10.62 10.63 10.65 10.66 10.68 10.69 10.71 10.72 10.74 10.76 10.77 10.79 10.80 10.82 10.82 10.84 10.85
9.77 9.78 9.79 9.80 9.81 9.82 9.83 9.84 9.85 9.86 9.88 9.88 9.90 9.90 9.92 9.93 9.94 9.95 9.97 9.98 9.99 10.00 10.02 10.03 10.04 10.05 10.07 10.08 10.10 10.10 10.12 10.13 10.15 10.16 10.18 10.19 10.21 10.22 10.23 10.24 10.25 10.27 10.28 10.30 10.31 10.34 10.35 10.36 10.38 10.39 10.40 10.42 10.43 10.45 10.46 10.48 10.49 10.51 10.52 10.54 10.56 10.57 10.59 10.60 10.61 10.63 10.64 10.67 10.68 10.70 10.71 10.73 10.74 10.76 10.77 10.79 10.79 10.81 10.82 10.84 10.85
9.76 9.78 9.78 9.80 9.80 9.82 9.82 9.84 9.85 9.86 9.87 9.88 9.89 9.91 9.91 9.93 9.94 9.95 9.96 9.98 9.99 10.00 10.01 10.03 10.04 10.05 10.06 10.08 10.09 10.11 10.12 10.14 10.14 10.16 10.17 10.19 10.20 10.22 10.23 10.24 10.26 10.27 10.29 10.30 10.32 10.33 10.34 10.36 10.37 10.39 10.40 10.43 10.44 10.45 10.46 10.48 10.49 10.51 10.53 10.54 10.56 10.57 10.59 10.61 10.62 10.63 10.65 10.66 10.68 10.69 10.71 10.72 10.74 10.75 10.77 10.78 10.80 10.81 10.83 10.84 10.86
