main/data/pressure/11.02.2023.grid
ncols 886
nrows 691
xllcenter 112.0000
yllcenter -44.5000
cellsize 0.0500
nodata_value 99999.90
[rows 170 to 203 of 691, columns 462 to 538 of 886]
27.60 27.58 27.52 27.47 27.44 27.41 27.40 27.40 27.35 27.31 27.28 27.27 27.23 27.16 27.13 27.06 27.01 26.98 26.97 26.94 26.92 26.89 26.86 26.83 26.80 26.76 26.72 26.69 26.63 26.60 26.55 26.45 26.48 26.45 26.42 26.39 26.32 26.26 26.21 26.16 26.19 26.27 26.37 26.27 26.26 26.28 26.38 26.47 26.56 27.00 27.02 26.84 27.27 27.39 27.54 27.67 27.95 28.27 28.47 28.69 29.27 29.80 29.95 29.89 30.04 29.17 29.33 30.45 30.49 30.42 30.50 30.22 30.30 30.28 30.42 30.54 30.55
27.49 27.45 27.40 27.36 27.36 27.34 27.32 27.29 27.25 27.22 27.19 27.16 27.10 27.04 26.98 26.95 26.91 26.89 26.86 26.81 26.78 26.78 26.74 26.70 26.64 26.62 26.55 26.50 26.46 26.43 26.42 26.32 26.18 26.18 26.15 26.04 26.01 26.01 26.01 26.01 25.99 25.99 25.98 25.97 25.90 25.94 26.11 26.21 26.44 26.63 26.73 26.66 26.88 26.97 27.39 27.76 27.96 28.35 28.69 28.81 29.17 29.69 29.95 30.01 29.92 29.42 29.52 29.92 30.21 30.27 30.29 29.93 30.15 30.10 30.38 30.41 30.37
27.39 27.35 27.31 27.28 27.27 27.24 27.21 27.19 27.15 27.12 27.08 27.04 26.98 26.93 26.86 26.82 26.80 26.80 26.73 26.69 26.68 26.63 26.59 26.55 26.49 26.46 26.40 26.35 26.32 26.30 26.28 26.18 26.04 25.84 25.84 25.75 25.76 25.81 25.85 25.86 25.65 25.63 25.58 25.79 25.89 25.84 25.86 25.91 26.01 26.31 26.54 26.65 26.86 27.23 27.43 27.73 28.10 28.43 28.66 28.73 29.30 29.43 29.33 29.34 29.25 28.95 29.11 29.34 30.01 30.03 30.07 29.98 29.94 30.07 30.21 30.07 30.14
27.27 27.24 27.22 27.18 27.15 27.10 27.08 27.07 27.04 27.01 26.98 26.92 26.87 26.83 26.76 26.73 26.71 26.67 26.63 26.58 26.50 26.46 26.42 26.41 26.33 26.30 26.23 26.20 26.16 26.16 26.11 26.04 25.93 25.78 25.71 25.66 25.68 25.74 25.78 25.78 25.72 25.63 25.75 25.81 25.92 25.82 25.67 25.59 25.81 26.01 26.41 26.57 26.82 27.02 27.09 27.51 27.85 28.11 28.61 28.91 28.89 29.06 29.03 29.08 29.25 29.02 29.11 28.92 29.77 29.76 29.80 29.74 29.75 29.93 29.95 29.69 29.90
27.15 27.12 27.10 27.05 27.00 26.97 26.93 26.92 26.91 26.87 26.85 26.80 26.76 26.69 26.65 26.62 26.57 26.51 26.45 26.40 26.35 26.29 26.24 26.22 26.22 26.17 26.12 26.07 26.04 26.01 25.95 25.87 25.79 25.70 25.61 25.54 25.55 25.64 25.69 25.67 25.64 25.64 25.68 25.73 25.79 25.79 25.77 25.79 25.72 25.50 25.70 26.41 26.59 26.80 27.06 27.37 27.69 28.05 28.43 28.54 28.62 28.69 28.71 28.83 28.98 29.18 29.29 29.41 29.52 29.55 29.44 29.45 29.64 29.73 29.49 29.55 29.44
27.02 26.99 26.98 26.93 26.88 26.81 26.78 26.79 26.76 26.72 26.70 26.65 26.64 26.57 26.52 26.48 26.42 26.34 26.27 26.24 26.19 26.15 26.09 26.04 26.03 26.04 25.94 25.92 25.88 25.85 25.79 25.71 25.64 25.58 25.50 25.30 25.26 25.40 25.51 25.55 25.54 25.55 25.57 25.59 25.61 25.67 25.73 25.80 25.72 25.59 25.91 26.30 26.47 26.69 27.00 27.25 27.57 27.93 28.28 28.39 28.41 28.56 28.67 28.76 28.64 28.86 29.09 29.07 29.13 29.20 29.27 28.90 29.46 29.49 29.06 29.20 29.46
26.88 26.85 26.84 26.80 26.75 26.70 26.67 26.65 26.62 26.59 26.56 26.53 26.50 26.44 26.38 26.33 26.27 26.20 26.14 26.12 26.08 26.01 25.96 25.90 25.88 25.83 25.80 25.73 25.70 25.67 25.62 25.56 25.49 25.37 25.17 25.02 24.99 25.06 25.24 25.34 25.39 25.39 25.41 25.42 25.44 25.50 25.57 25.63 25.67 25.73 25.88 26.14 26.36 26.57 26.85 27.15 27.44 27.77 28.04 28.14 28.21 28.26 28.43 28.58 28.69 28.77 28.72 28.61 28.96 28.89 28.69 28.31 29.06 29.21 28.75 28.94 28.86
26.77 26.73 26.69 26.67 26.63 26.58 26.55 26.53 26.50 26.47 26.44 26.40 26.35 26.30 26.26 26.20 26.15 26.10 26.05 26.01 25.95 25.87 25.83 25.79 25.77 25.71 25.64 25.60 25.54 25.48 25.45 25.35 25.22 25.08 24.88 24.82 24.93 24.96 25.08 25.18 25.22 25.22 25.23 25.23 25.25 25.31 25.38 25.45 25.55 25.68 25.78 25.99 26.18 26.37 26.70 26.90 27.25 27.47 27.59 27.70 27.76 27.89 27.94 28.08 28.17 28.26 28.28 28.45 28.43 28.63 28.73 28.80 28.86 28.51 28.93 29.07 28.72
26.66 26.61 26.55 26.50 26.48 26.46 26.43 26.40 26.38 26.35 26.30 26.24 26.19 26.13 26.09 26.07 26.02 25.97 25.92 25.86 25.80 25.75 25.70 25.65 25.61 25.53 25.47 25.42 25.38 25.32 25.27 25.06 24.86 24.76 24.85 24.88 24.90 24.92 24.92 24.89 25.06 25.05 25.05 25.05 25.08 25.12 25.19 25.26 25.36 25.49 25.56 25.84 26.02 26.22 26.37 26.55 26.87 27.11 27.26 27.36 27.46 27.52 27.61 27.73 27.80 27.90 28.01 28.10 28.18 28.39 28.26 28.37 28.15 27.99 28.28 28.70 29.09
26.51 26.48 26.43 26.35 26.35 26.33 26.30 26.28 26.26 26.20 26.16 26.09 26.04 25.97 25.93 25.91 25.86 25.81 25.75 25.70 25.62 25.55 25.51 25.48 25.44 25.36 25.28 25.24 25.22 25.17 25.09 24.89 24.90 24.84 24.89 24.90 24.86 24.84 24.85 24.86 24.84 24.86 24.86 24.87 24.90 24.93 24.99 25.07 25.14 25.24 25.45 25.54 25.69 25.93 26.03 26.26 26.53 26.77 26.94 27.08 27.16 27.33 27.32 27.49 27.51 27.58 27.69 27.79 27.87 28.06 28.12 28.42 28.24 28.41 28.81 28.94 28.52
26.39 26.36 26.31 26.29 26.25 26.21 26.19 26.16 26.11 26.05 26.01 25.95 25.90 25.84 25.79 25.71 25.67 25.62 25.56 25.53 25.45 25.36 25.31 25.30 25.24 25.17 25.11 25.05 25.04 25.01 24.95 24.85 24.84 24.84 24.82 24.79 24.77 24.76 24.74 24.74 24.67 24.67 24.68 24.69 24.71 24.73 24.79 24.87 24.95 25.07 25.18 25.25 25.42 25.64 25.75 25.98 26.24 26.30 26.55 26.63 26.76 26.88 27.13 27.22 27.22 27.28 27.38 27.51 27.60 27.67 27.74 27.87 28.37 28.61 27.60 27.69 27.90
26.23 26.18 26.08 26.08 26.03 26.04 26.02 25.95 25.94 25.90 25.86 25.79 25.75 25.67 25.64 25.50 25.47 25.41 25.32 25.34 25.29 25.18 25.12 25.08 25.00 24.98 24.98 24.85 24.87 24.84 24.82 24.75 24.75 24.71 24.66 24.57 24.58 24.57 24.54 24.52 24.49 24.48 24.50 24.47 24.50 24.54 24.59 24.64 24.73 24.83 24.87 24.97 25.14 25.34 25.48 25.69 25.93 26.09 26.15 26.28 26.47 26.51 26.68 26.94 26.98 27.08 27.14 27.28 27.31 27.31 27.54 27.94 27.91 28.31 28.22 27.99 27.94
26.10 26.07 25.95 25.93 25.93 25.92 25.86 25.83 25.77 25.78 25.73 25.67 25.61 25.55 25.48 25.40 25.31 25.25 25.18 25.15 25.14 25.08 25.02 24.95 24.90 24.87 24.82 24.72 24.72 24.70 24.66 24.58 24.56 24.50 24.46 24.42 24.36 24.34 24.34 24.33 24.32 24.32 24.32 24.30 24.30 24.33 24.36 24.40 24.46 24.57 24.66 24.76 24.88 25.03 25.19 25.35 25.53 25.75 25.77 25.93 26.13 26.31 26.39 26.59 26.77 26.92 27.02 27.01 27.09 27.23 27.47 27.46 27.65 28.03 27.54 27.37 27.53
25.96 25.93 25.85 25.82 25.81 25.79 25.71 25.71 25.64 25.63 25.58 25.52 25.46 25.40 25.35 25.28 25.18 25.11 25.04 24.97 24.93 24.92 24.87 24.82 24.76 24.72 24.65 24.63 24.59 24.53 24.46 24.41 24.36 24.32 24.29 24.27 24.21 24.18 24.17 24.18 24.15 24.12 24.14 24.12 24.12 24.11 24.14 24.17 24.23 24.30 24.38 24.47 24.58 24.72 24.87 25.01 25.21 25.38 25.56 25.72 25.89 25.98 26.14 26.28 26.45 26.38 26.34 26.66 26.89 26.93 26.92 26.90 27.36 27.63 27.25 27.16 26.82
25.83 25.81 25.76 25.72 25.69 25.65 25.61 25.57 25.54 25.45 25.41 25.37 25.32 25.24 25.18 25.12 25.07 25.01 24.94 24.85 24.80 24.77 24.70 24.63 24.57 24.50 24.44 24.41 24.40 24.37 24.31 24.26 24.22 24.18 24.14 24.11 24.08 24.04 24.01 23.99 23.96 23.95 23.93 23.93 23.92 23.91 23.93 23.95 24.00 24.05 24.11 24.19 24.29 24.41 24.54 24.68 24.84 24.94 25.04 25.25 25.36 25.40 25.57 25.76 26.04 25.95 26.00 26.31 26.38 26.34 26.39 26.39 26.94 27.36 26.67 26.77 26.54
25.69 25.68 25.65 25.61 25.57 25.51 25.47 25.42 25.37 25.33 25.25 25.22 25.17 25.08 24.98 24.95 24.88 24.80 24.79 24.72 24.67 24.59 24.55 24.42 24.39 24.37 24.32 24.27 24.25 24.20 24.14 24.09 24.05 24.00 23.94 23.89 23.86 23.84 23.82 23.79 23.76 23.74 23.72 23.70 23.70 23.70 23.70 23.73 23.76 23.80 23.85 23.92 24.00 24.10 24.20 24.33 24.45 24.49 24.67 24.81 24.86 24.98 25.14 25.39 25.60 25.51 25.72 25.98 26.02 25.99 26.02 26.16 26.65 26.24 26.14 26.24 26.10
25.57 25.55 25.52 25.48 25.44 25.37 25.32 25.27 25.21 25.18 25.12 25.04 24.98 24.90 24.82 24.77 24.70 24.62 24.63 24.52 24.44 24.36 24.36 24.25 24.26 24.22 24.14 24.05 24.06 24.03 23.98 23.92 23.86 23.81 23.74 23.71 23.68 23.65 23.63 23.60 23.57 23.54 23.53 23.51 23.51 23.51 23.50 23.51 23.52 23.54 23.59 23.65 23.72 23.80 23.88 23.99 24.07 24.13 24.23 24.39 24.53 24.65 24.83 24.94 25.14 25.15 25.26 25.45 25.58 25.59 25.73 25.64 25.75 26.35 25.84 25.86 25.73
25.46 25.39 25.39 25.37 25.32 25.24 25.18 25.14 25.08 25.02 24.96 24.89 24.82 24.73 24.64 24.60 24.55 24.51 24.46 24.34 24.27 24.21 24.16 24.12 24.07 24.02 23.95 23.89 23.88 23.86 23.81 23.76 23.69 23.63 23.57 23.54 23.51 23.48 23.45 23.42 23.39 23.36 23.34 23.32 23.31 23.30 23.28 23.27 23.27 23.30 23.33 23.38 23.45 23.50 23.57 23.67 23.71 23.77 23.89 24.01 24.34 24.45 24.57 24.60 24.61 24.72 24.87 25.04 25.19 25.22 25.64 25.84 26.06 26.19 26.23 26.02 25.58
25.32 25.28 25.26 25.25 25.20 25.11 25.07 25.01 24.92 24.86 24.81 24.73 24.66 24.57 24.51 24.45 24.40 24.36 24.28 24.15 24.07 24.02 23.93 23.88 23.90 23.83 23.76 23.70 23.69 23.69 23.64 23.59 23.52 23.47 23.42 23.39 23.34 23.31 23.28 23.25 23.21 23.18 23.15 23.12 23.10 23.07 23.06 23.05 23.05 23.06 23.08 23.12 23.17 23.22 23.27 23.35 23.39 23.44 23.56 23.65 23.82 23.96 24.05 24.07 24.16 24.29 24.40 24.53 24.75 25.00 25.01 24.97 25.43 25.77 25.81 25.83 25.62
25.22 25.17 25.10 25.07 25.06 25.00 24.92 24.83 24.77 24.72 24.64 24.58 24.50 24.43 24.37 24.30 24.25 24.20 24.13 24.05 23.94 23.83 23.77 23.69 23.69 23.64 23.59 23.52 23.51 23.48 23.45 23.42 23.37 23.32 23.27 23.23 23.19 23.15 23.10 23.05 23.01 22.98 22.95 22.92 22.88 22.84 22.83 22.82 22.82 22.82 22.83 22.86 22.91 22.93 22.98 23.02 23.10 23.16 23.25 23.34 23.44 23.50 23.61 23.66 23.77 23.87 23.98 24.20 24.41 24.40 24.45 24.51 24.62 25.19 25.10 24.64 24.80
25.09 25.05 24.98 24.94 24.91 24.84 24.77 24.69 24.63 24.57 24.50 24.42 24.36 24.29 24.23 24.17 24.11 24.02 23.95 23.89 23.80 23.73 23.64 23.56 23.52 23.45 23.37 23.34 23.33 23.30 23.27 23.25 23.20 23.16 23.10 23.05 23.00 22.98 22.92 22.87 22.82 22.78 22.75 22.71 22.67 22.63 22.61 22.60 22.60 22.57 22.57 22.61 22.66 22.70 22.71 22.70 22.79 22.90 22.94 23.02 23.09 23.15 23.23 23.31 23.40 23.50 23.60 23.86 23.89 23.91 23.94 23.96 24.07 24.55 24.30 24.19 24.23
24.96 24.91 24.87 24.81 24.75 24.69 24.61 24.53 24.47 24.41 24.35 24.26 24.22 24.15 24.08 24.02 23.96 23.86 23.77 23.72 23.66 23.55 23.46 23.40 23.35 23.29 23.21 23.17 23.15 23.12 23.09 23.08 23.02 22.98 22.92 22.86 22.82 22.81 22.75 22.68 22.63 22.60 22.56 22.52 22.47 22.43 22.41 22.40 22.38 22.33 22.33 22.36 22.41 22.47 22.51 22.52 22.60 22.65 22.65 22.74 22.79 22.84 22.90 22.98 23.07 23.19 23.37 23.42 23.44 23.46 23.48 23.58 23.80 23.82 23.70 23.71 23.73
24.83 24.78 24.73 24.67 24.60 24.53 24.44 24.37 24.30 24.25 24.18 24.11 24.05 23.98 23.92 23.85 23.77 23.71 23.63 23.56 23.49 23.40 23.32 23.25 23.18 23.13 23.06 23.01 22.97 22.95 22.93 22.90 22.85 22.80 22.75 22.71 22.68 22.63 22.56 22.51 22.47 22.43 22.38 22.33 22.30 22.26 22.23 22.20 22.15 22.12 22.12 22.15 22.19 22.24 22.29 22.33 22.38 22.41 22.43 22.49 22.53 22.56 22.61 22.67 22.74 22.88 22.96 22.98 23.02 23.03 23.08 23.17 23.26 23.38 23.16 23.00 23.31
24.68 24.64 24.59 24.52 24.44 24.37 24.28 24.19 24.15 24.08 24.01 23.93 23.87 23.81 23.73 23.67 23.60 23.53 23.46 23.38 23.32 23.25 23.18 23.11 23.04 22.97 22.90 22.83 22.78 22.78 22.77 22.74 22.68 22.63 22.58 22.55 22.50 22.44 22.39 22.34 22.31 22.27 22.21 22.14 22.13 22.11 22.04 21.99 21.95 21.93 21.93 21.95 21.97 22.02 22.07 22.11 22.16 22.21 22.25 22.27 22.29 22.30 22.34 22.37 22.44 22.55 22.62 22.59 22.64 22.66 22.68 22.71 22.72 22.79 22.78 22.74 22.88
24.54 24.49 24.43 24.36 24.29 24.22 24.14 24.04 23.99 23.93 23.86 23.78 23.72 23.66 23.59 23.50 23.43 23.35 23.29 23.22 23.16 23.09 23.04 22.97 22.89 22.83 22.76 22.70 22.64 22.60 22.57 22.57 22.51 22.46 22.42 22.41 22.32 22.27 22.24 22.20 22.16 22.11 22.05 22.00 21.97 21.91 21.85 21.79 21.75 21.74 21.75 21.76 21.78 21.81 21.85 21.89 21.93 21.98 22.05 22.05 22.08 22.06 22.09 22.12 22.16 22.21 22.27 22.32 22.29 22.25 22.26 22.27 22.29 22.32 22.33 22.35 22.44
24.41 24.36 24.30 24.21 24.12 24.03 23.94 23.85 23.83 23.78 23.70 23.63 23.55 23.49 23.42 23.34 23.25 23.18 23.13 23.07 22.99 22.91 22.85 22.81 22.73 22.68 22.62 22.57 22.51 22.44 22.41 22.40 22.35 22.30 22.27 22.24 22.14 22.16 22.11 22.05 22.01 21.96 21.90 21.85 21.78 21.72 21.67 21.60 21.57 21.55 21.58 21.59 21.60 21.62 21.65 21.67 21.70 21.72 21.80 21.86 21.82 21.83 21.87 21.88 21.88 21.90 21.91 21.91 21.99 21.87 21.85 21.81 21.87 21.82 21.79 21.87 22.06
24.27 24.22 24.15 24.05 23.95 23.86 23.76 23.70 23.66 23.62 23.53 23.46 23.39 23.32 23.26 23.18 23.10 23.04 22.99 22.89 22.80 22.72 22.67 22.65 22.59 22.53 22.45 22.38 22.31 22.26 22.26 22.24 22.19 22.14 22.10 22.07 22.04 22.01 21.92 21.87 21.86 21.78 21.71 21.67 21.62 21.56 21.50 21.44 21.41 21.39 21.42 21.42 21.42 21.44 21.46 21.48 21.50 21.54 21.62 21.68 21.68 21.66 21.68 21.70 21.68 21.66 21.64 21.64 21.63 21.57 21.45 21.42 21.48 21.47 21.37 21.34 21.47
24.13 24.07 23.99 23.89 23.79 23.69 23.61 23.55 23.51 23.44 23.36 23.30 23.24 23.15 23.08 23.01 22.95 22.88 22.83 22.73 22.63 22.51 22.48 22.48 22.42 22.36 22.30 22.18 22.08 22.01 22.11 22.07 22.01 21.96 21.92 21.89 21.88 21.86 21.78 21.75 21.67 21.57 21.50 21.49 21.45 21.38 21.35 21.26 21.23 21.24 21.26 21.28 21.26 21.28 21.29 21.32 21.33 21.35 21.40 21.46 21.51 21.47 21.44 21.40 21.48 21.45 21.38 21.33 21.26 21.26 21.21 21.08 21.14 21.18 21.07 21.03 21.12
23.96 23.90 23.82 23.73 23.63 23.54 23.47 23.40 23.35 23.28 23.20 23.14 23.07 22.99 22.92 22.86 22.80 22.73 22.67 22.58 22.46 22.37 22.33 22.28 22.21 22.18 22.09 21.98 21.91 21.81 21.87 21.86 21.80 21.75 21.73 21.71 21.70 21.70 21.66 21.60 21.52 21.42 21.35 21.29 21.28 21.25 21.18 21.12 21.09 21.11 21.11 21.13 21.16 21.15 21.15 21.17 21.16 21.14 21.15 21.00 21.32 21.28 21.24 21.25 21.24 21.20 21.13 21.05 20.94 20.89 20.90 20.96 20.92 20.92 20.88 20.81 20.85
23.80 23.73 23.65 23.57 23.48 23.40 23.31 23.24 23.18 23.12 23.05 22.98 22.91 22.83 22.77 22.70 22.63 22.59 22.51 22.43 22.30 22.24 22.17 22.09 22.00 21.92 21.81 21.69 21.73 21.69 21.69 21.63 21.53 21.51 21.51 21.52 21.53 21.54 21.53 21.41 21.38 21.32 21.27 21.22 21.19 21.03 21.01 20.98 20.98 20.98 20.96 20.96 21.00 21.03 21.01 21.10 21.04 20.99 21.05 20.95 21.14 21.10 21.07 21.09 21.02 20.98 20.89 20.80 20.68 20.55 20.61 20.68 20.67 20.68 20.65 20.53 20.53
23.62 23.57 23.49 23.41 23.33 23.25 23.17 23.10 23.03 22.96 22.89 22.81 22.75 22.67 22.62 22.56 22.50 22.43 22.36 22.27 22.19 22.10 22.01 21.91 21.80 21.67 21.56 21.51 21.50 21.50 21.48 21.30 21.25 21.29 21.32 21.35 21.39 21.40 21.39 21.28 21.24 21.18 21.13 21.09 21.05 20.95 20.89 20.84 20.86 20.86 20.85 20.81 20.84 20.88 20.99 20.97 20.92 20.88 20.84 20.96 20.97 20.94 20.92 20.87 20.83 20.77 20.70 20.61 20.44 20.35 20.35 20.37 20.40 20.47 20.33 20.50 21.01
23.47 23.41 23.33 23.25 23.17 23.09 23.01 22.95 22.88 22.80 22.73 22.66 22.58 22.52 22.46 22.41 22.35 22.28 22.18 22.09 22.01 21.92 21.83 21.72 21.62 21.49 21.41 21.38 21.35 21.32 21.31 21.21 21.03 21.12 21.24 21.24 21.25 21.24 21.23 21.22 21.13 21.06 21.01 20.94 20.93 20.84 20.81 20.75 20.69 20.63 20.65 20.67 20.69 20.74 20.83 20.81 20.76 20.78 20.80 20.80 20.81 20.78 20.68 20.67 20.66 20.58 20.51 20.39 20.28 20.21 20.15 20.16 20.14 20.22 20.23 20.60 20.10
23.30 23.24 23.16 23.08 23.01 22.94 22.86 22.79 22.71 22.65 22.57 22.50 22.43 22.37 22.31 22.26 22.20 22.13 22.02 21.92 21.82 21.72 21.64 21.55 21.46 21.40 21.35 21.29 21.21 21.14 21.06 21.03 21.00 21.03 21.02 20.99 21.10 21.14 21.10 21.08 21.04 20.97 20.91 20.86 20.82 20.73 20.70 20.66 20.56 20.54 20.55 20.56 20.58 20.63 20.69 20.67 20.63 20.65 20.65 20.65 20.64 20.60 20.52 20.50 20.49 20.40 20.33 20.19 20.08 20.04 19.97 19.81 19.90 20.12 20.53 19.90 19.77
23.09 23.04 23.00 22.93 22.85 22.77 22.71 22.64 22.57 22.49 22.42 22.35 22.28 22.22 22.16 22.11 22.05 21.98 21.87 21.76 21.66 21.54 21.46 21.39 21.32 21.32 21.31 21.20 21.08 20.97 20.81 20.77 20.85 20.87 20.81 20.83 20.95 21.01 20.98 20.96 20.92 20.87 20.80 20.75 20.72 20.64 20.60 20.54 20.47 20.46 20.47 20.46 20.48 20.50 20.55 20.52 20.49 20.52 20.49 20.52 20.48 20.43 20.37 20.36 20.32 20.26 20.18 20.00 19.86 19.87 19.86 19.76 19.75 19.79 19.65 19.76 19.68
