main/data/pressure/11.06.2023.grid
ncols 886
nrows 691
xllcenter 112.0000
yllcenter -44.5000
cellsize 0.0500
nodata_value 99999.90
[rows 0 to 35 of 691, columns 405 to 485 of 886]
26.46 26.43 26.40 26.37 26.33 26.29 26.26 26.22 26.18 26.15 26.11 26.07 26.04 26.00 25.96 25.92 25.90 25.86 25.83 25.81 25.79 25.76 25.75 25.73 25.72 25.72 25.71 25.70 25.71 25.71 25.72 25.73 25.74 25.75 25.77 25.79 25.81 25.84 25.86 25.89 25.93 25.96 26.00 26.04 26.07 26.11 26.16 26.21 26.25 26.30 26.34 26.40 26.45 26.50 26.55 26.61 26.67 26.72 26.77 26.83 26.89 26.94 27.00 27.05 27.10 27.16 27.22 27.27 27.32 27.37 27.42 27.46 27.51 27.55 27.60 27.64 27.68 27.71 27.75 27.79 27.82
26.45 26.41 26.38 26.35 26.32 26.28 26.24 26.20 26.16 26.12 26.08 26.05 26.00 25.96 25.92 25.88 25.85 25.81 25.79 25.75 25.73 25.70 25.69 25.67 25.66 25.64 25.64 25.64 25.64 25.64 25.65 25.66 25.67 25.68 25.70 25.72 25.74 25.76 25.79 25.82 25.86 25.89 25.92 25.96 26.00 26.05 26.09 26.13 26.18 26.23 26.28 26.33 26.38 26.44 26.49 26.54 26.59 26.66 26.71 26.77 26.82 26.88 26.94 26.99 27.04 27.10 27.16 27.21 27.26 27.31 27.36 27.40 27.45 27.49 27.53 27.57 27.61 27.64 27.68 27.71 27.74
26.43 26.39 26.37 26.34 26.31 26.27 26.24 26.19 26.15 26.11 26.06 26.02 25.98 25.93 25.89 25.84 25.81 25.77 25.74 25.70 25.68 25.65 25.63 25.61 25.60 25.59 25.57 25.57 25.57 25.57 25.57 25.58 25.59 25.60 25.62 25.65 25.67 25.69 25.71 25.74 25.77 25.81 25.85 25.88 25.92 25.97 26.01 26.06 26.11 26.16 26.21 26.26 26.31 26.37 26.42 26.48 26.53 26.59 26.64 26.71 26.76 26.81 26.88 26.93 26.98 27.04 27.10 27.15 27.20 27.25 27.29 27.34 27.38 27.42 27.46 27.50 27.54 27.58 27.60 27.63 27.66
26.42 26.39 26.37 26.34 26.31 26.28 26.24 26.19 26.15 26.10 26.06 26.01 25.97 25.92 25.87 25.82 25.78 25.74 25.70 25.66 25.63 25.61 25.57 25.55 25.54 25.52 25.52 25.51 25.51 25.50 25.51 25.51 25.52 25.53 25.55 25.56 25.58 25.62 25.64 25.67 25.70 25.73 25.77 25.81 25.85 25.90 25.94 25.98 26.04 26.08 26.13 26.19 26.24 26.30 26.36 26.41 26.46 26.53 26.58 26.64 26.70 26.75 26.81 26.87 26.93 26.98 27.03 27.09 27.14 27.18 27.23 27.27 27.31 27.36 27.40 27.44 27.47 27.50 27.53 27.56 27.59
26.43 26.41 26.38 26.36 26.33 26.30 26.25 26.21 26.16 26.12 26.07 26.01 25.96 25.92 25.86 25.81 25.76 25.71 25.67 25.63 25.59 25.56 25.53 25.50 25.48 25.47 25.46 25.45 25.44 25.44 25.44 25.44 25.45 25.46 25.48 25.50 25.51 25.53 25.57 25.59 25.62 25.65 25.70 25.73 25.77 25.82 25.86 25.92 25.96 26.01 26.07 26.12 26.17 26.23 26.28 26.35 26.40 26.46 26.52 26.58 26.63 26.70 26.75 26.80 26.87 26.92 26.97 27.02 27.08 27.12 27.17 27.21 27.26 27.30 27.33 27.36 27.40 27.42 27.45 27.48 27.50
26.45 26.43 26.41 26.39 26.36 26.32 26.28 26.24 26.19 26.14 26.09 26.03 25.97 25.92 25.87 25.81 25.75 25.70 25.65 25.61 25.57 25.52 25.49 25.46 25.44 25.42 25.40 25.39 25.38 25.37 25.37 25.37 25.39 25.39 25.40 25.42 25.43 25.46 25.49 25.51 25.55 25.58 25.61 25.66 25.70 25.75 25.79 25.83 25.89 25.94 26.00 26.05 26.11 26.16 26.22 26.28 26.33 26.40 26.45 26.52 26.57 26.63 26.69 26.75 26.80 26.86 26.91 26.96 27.02 27.06 27.10 27.15 27.18 27.23 27.26 27.29 27.32 27.35 27.37 27.39 27.41
26.49 26.47 26.45 26.44 26.40 26.37 26.33 26.29 26.23 26.18 26.12 26.06 26.00 25.94 25.87 25.81 25.75 25.70 25.64 25.59 25.55 25.50 25.46 25.43 25.40 25.38 25.36 25.34 25.33 25.32 25.32 25.32 25.32 25.32 25.33 25.35 25.37 25.39 25.42 25.44 25.47 25.51 25.54 25.58 25.62 25.67 25.72 25.76 25.82 25.87 25.92 25.98 26.04 26.09 26.16 26.21 26.28 26.33 26.40 26.45 26.52 26.57 26.63 26.69 26.74 26.80 26.86 26.90 26.95 27.00 27.04 27.08 27.13 27.16 27.19 27.22 27.24 27.26 27.28 27.30 27.33
26.52 26.52 26.51 26.49 26.46 26.43 26.39 26.34 26.29 26.23 26.17 26.11 26.04 25.97 25.91 25.83 25.76 25.70 25.65 25.58 25.53 25.49 25.45 25.41 25.37 25.34 25.32 25.30 25.28 25.26 25.26 25.26 25.26 25.26 25.27 25.28 25.29 25.32 25.34 25.36 25.39 25.42 25.47 25.50 25.55 25.59 25.64 25.69 25.74 25.79 25.85 25.91 25.97 26.03 26.09 26.15 26.21 26.28 26.33 26.40 26.45 26.52 26.58 26.64 26.69 26.74 26.80 26.85 26.89 26.94 26.98 27.02 27.06 27.09 27.12 27.14 27.16 27.18 27.21 27.22 27.24
26.59 26.59 26.57 26.56 26.53 26.50 26.47 26.41 26.36 26.30 26.23 26.16 26.09 26.01 25.94 25.86 25.80 25.72 25.66 25.60 25.54 25.49 25.43 25.39 25.35 25.32 25.29 25.26 25.24 25.22 25.21 25.20 25.20 25.20 25.20 25.21 25.23 25.24 25.27 25.29 25.32 25.35 25.38 25.43 25.47 25.51 25.57 25.61 25.67 25.72 25.78 25.84 25.90 25.96 26.02 26.09 26.14 26.21 26.28 26.34 26.40 26.46 26.52 26.58 26.64 26.69 26.74 26.79 26.84 26.89 26.93 26.96 26.99 27.03 27.05 27.07 27.09 27.11 27.12 27.13 27.14
26.66 26.66 26.66 26.64 26.63 26.59 26.55 26.51 26.44 26.38 26.31 26.23 26.15 26.08 26.00 25.91 25.83 25.76 25.68 25.61 25.55 25.49 25.43 25.38 25.34 25.29 25.26 25.23 25.20 25.18 25.17 25.15 25.14 25.14 25.14 25.14 25.16 25.17 25.19 25.21 25.24 25.28 25.31 25.35 25.39 25.44 25.49 25.54 25.60 25.65 25.71 25.78 25.83 25.90 25.97 26.02 26.09 26.15 26.22 26.29 26.35 26.41 26.47 26.53 26.58 26.64 26.69 26.74 26.79 26.82 26.87 26.90 26.93 26.96 26.98 27.00 27.02 27.03 27.04 27.04 27.05
26.74 26.75 26.75 26.74 26.72 26.69 26.64 26.60 26.53 26.47 26.40 26.32 26.23 26.14 26.06 25.97 25.89 25.81 25.73 25.64 25.57 25.50 25.45 25.39 25.34 25.29 25.25 25.21 25.18 25.15 25.12 25.11 25.09 25.09 25.08 25.09 25.09 25.10 25.11 25.14 25.16 25.19 25.23 25.27 25.31 25.36 25.41 25.47 25.53 25.58 25.64 25.71 25.77 25.83 25.90 25.96 26.03 26.10 26.16 26.23 26.30 26.36 26.42 26.48 26.54 26.59 26.65 26.69 26.74 26.78 26.82 26.85 26.87 26.90 26.92 26.93 26.95 26.95 26.95 26.95 26.95
26.81 26.83 26.82 26.80 26.76 26.71 26.68 26.64 26.59 26.55 26.48 26.40 26.32 26.23 26.14 26.04 25.95 25.86 25.78 25.70 25.62 25.54 25.47 25.40 25.34 25.30 25.24 25.20 25.15 25.12 25.09 25.07 25.05 25.04 25.02 25.02 25.02 25.03 25.04 25.06 25.09 25.11 25.15 25.19 25.23 25.28 25.33 25.39 25.44 25.51 25.57 25.64 25.70 25.77 25.85 25.92 25.98 26.05 26.12 26.18 26.25 26.32 26.38 26.44 26.49 26.55 26.61 26.65 26.70 26.73 26.76 26.80 26.82 26.84 26.86 26.86 26.88 26.88 26.87 26.88 26.87
26.84 26.81 26.77 26.73 26.68 26.64 26.60 26.56 26.52 26.49 26.45 26.41 26.37 26.30 26.21 26.12 26.03 25.92 25.83 25.75 25.66 25.58 25.50 25.43 25.37 25.30 25.24 25.20 25.15 25.11 25.07 25.04 25.01 24.99 24.97 24.96 24.95 24.96 24.96 24.98 25.00 25.03 25.06 25.10 25.15 25.20 25.25 25.31 25.37 25.44 25.51 25.58 25.64 25.72 25.79 25.86 25.93 26.00 26.08 26.15 26.21 26.28 26.35 26.40 26.46 26.52 26.56 26.62 26.65 26.69 26.72 26.75 26.77 26.79 26.80 26.80 26.81 26.80 26.79 26.79 26.79
26.77 26.72 26.67 26.63 26.59 26.54 26.49 26.46 26.41 26.38 26.35 26.32 26.29 26.26 26.23 26.18 26.09 26.00 25.91 25.81 25.72 25.63 25.55 25.46 25.40 25.32 25.26 25.20 25.15 25.09 25.05 25.00 24.97 24.93 24.91 24.89 24.88 24.88 24.89 24.89 24.91 24.94 24.98 25.01 25.06 25.11 25.17 25.23 25.30 25.37 25.43 25.51 25.58 25.66 25.74 25.82 25.90 25.96 26.04 26.11 26.19 26.25 26.31 26.38 26.44 26.49 26.54 26.58 26.62 26.66 26.69 26.72 26.73 26.75 26.75 26.75 26.75 26.74 26.72 26.72 26.72
26.68 26.63 26.58 26.53 26.49 26.44 26.39 26.35 26.31 26.27 26.24 26.21 26.18 26.17 26.14 26.12 26.10 26.06 25.97 25.88 25.78 25.70 25.60 25.52 25.43 25.36 25.28 25.21 25.14 25.09 25.02 24.98 24.92 24.89 24.86 24.83 24.81 24.80 24.80 24.81 24.82 24.85 24.88 24.92 24.97 25.02 25.08 25.15 25.22 25.29 25.37 25.45 25.53 25.61 25.69 25.78 25.86 25.94 26.01 26.08 26.16 26.23 26.30 26.36 26.42 26.47 26.52 26.56 26.61 26.63 26.66 26.68 26.70 26.70 26.71 26.70 26.70 26.68 26.67 26.66 26.67
26.58 26.53 26.48 26.43 26.38 26.33 26.28 26.24 26.20 26.16 26.12 26.09 26.07 26.05 26.02 26.01 26.00 25.98 25.96 25.93 25.85 25.76 25.66 25.57 25.48 25.40 25.31 25.23 25.15 25.08 25.01 24.94 24.89 24.84 24.79 24.76 24.74 24.71 24.71 24.71 24.73 24.75 24.78 24.83 24.88 24.93 25.00 25.07 25.14 25.22 25.30 25.39 25.48 25.57 25.65 25.74 25.83 25.91 26.00 26.07 26.14 26.22 26.29 26.35 26.41 26.46 26.51 26.56 26.59 26.62 26.64 26.66 26.67 26.67 26.67 26.66 26.65 26.63 26.62 26.62 26.64
26.48 26.43 26.38 26.32 26.27 26.22 26.17 26.12 26.08 26.04 26.01 25.98 25.95 25.92 25.90 25.89 25.88 25.86 25.86 25.85 25.83 25.79 25.72 25.63 25.53 25.44 25.34 25.25 25.16 25.07 24.99 24.92 24.85 24.79 24.73 24.69 24.65 24.63 24.61 24.61 24.62 24.65 24.68 24.72 24.77 24.83 24.90 24.98 25.06 25.14 25.24 25.34 25.43 25.53 25.62 25.71 25.81 25.90 25.99 26.07 26.14 26.22 26.29 26.36 26.42 26.48 26.52 26.56 26.60 26.62 26.64 26.66 26.65 26.66 26.65 26.63 26.62 26.59 26.58 26.59 26.62
26.38 26.33 26.27 26.21 26.15 26.10 26.05 26.00 25.96 25.91 25.88 25.85 25.82 25.80 25.78 25.76 25.75 25.74 25.73 25.73 25.71 25.70 25.68 25.64 25.56 25.47 25.38 25.27 25.17 25.07 24.97 24.89 24.81 24.73 24.66 24.61 24.56 24.53 24.51 24.50 24.51 24.53 24.56 24.61 24.66 24.73 24.80 24.89 24.98 25.08 25.17 25.28 25.38 25.49 25.60 25.70 25.80 25.89 25.99 26.08 26.16 26.24 26.32 26.38 26.44 26.49 26.54 26.58 26.61 26.63 26.65 26.66 26.66 26.65 26.63 26.62 26.60 26.56 26.56 26.57 26.60
26.28 26.22 26.16 26.10 26.04 25.98 25.92 25.87 25.83 25.79 25.75 25.72 25.69 25.66 25.64 25.62 25.61 25.61 25.59 25.59 25.58 25.57 25.55 25.54 25.51 25.46 25.39 25.28 25.17 25.06 24.96 24.85 24.75 24.66 24.59 24.51 24.46 24.41 24.39 24.37 24.38 24.41 24.44 24.48 24.54 24.61 24.71 24.80 24.89 25.00 25.12 25.23 25.34 25.46 25.58 25.69 25.80 25.90 26.01 26.10 26.19 26.27 26.35 26.42 26.48 26.54 26.58 26.62 26.65 26.67 26.67 26.68 26.68 26.67 26.64 26.62 26.59 26.56 26.56 26.56 26.58
26.18 26.11 26.05 25.98 25.91 25.84 25.79 25.74 25.69 25.64 25.61 25.58 25.54 25.52 25.50 25.48 25.46 25.46 25.45 25.44 25.43 25.42 25.41 25.39 25.37 25.34 25.30 25.23 25.15 25.04 24.92 24.80 24.69 24.58 24.49 24.41 24.35 24.29 24.26 24.24 24.24 24.26 24.30 24.35 24.42 24.49 24.59 24.70 24.81 24.93 25.05 25.18 25.31 25.44 25.56 25.70 25.82 25.93 26.04 26.14 26.24 26.32 26.40 26.48 26.54 26.60 26.64 26.68 26.69 26.71 26.72 26.72 26.71 26.68 26.66 26.63 26.59 26.56 26.55 26.55 26.56
26.07 25.99 25.92 25.85 25.77 25.71 25.64 25.59 25.55 25.50 25.46 25.43 25.39 25.37 25.35 25.33 25.32 25.31 25.30 25.29 25.29 25.28 25.26 25.24 25.22 25.19 25.14 25.09 25.02 24.95 24.86 24.74 24.60 24.49 24.38 24.29 24.21 24.15 24.10 24.08 24.09 24.10 24.14 24.20 24.28 24.36 24.48 24.59 24.72 24.85 25.00 25.14 25.28 25.43 25.57 25.71 25.85 25.97 26.09 26.20 26.30 26.40 26.48 26.55 26.62 26.67 26.72 26.75 26.77 26.79 26.79 26.78 26.76 26.73 26.70 26.66 26.61 26.58 26.56 26.55 26.55
25.95 25.87 25.79 25.71 25.63 25.56 25.50 25.43 25.39 25.34 25.30 25.27 25.23 25.21 25.18 25.16 25.16 25.15 25.14 25.14 25.13 25.11 25.10 25.08 25.05 25.01 24.97 24.92 24.86 24.78 24.70 24.60 24.49 24.37 24.25 24.14 24.05 23.98 23.93 23.91 23.90 23.92 23.97 24.03 24.12 24.22 24.35 24.48 24.63 24.79 24.94 25.11 25.27 25.42 25.59 25.74 25.89 26.03 26.16 26.28 26.39 26.49 26.59 26.65 26.73 26.78 26.81 26.84 26.86 26.87 26.87 26.85 26.83 26.80 26.75 26.69 26.64 26.60 26.58 26.55 26.55
25.81 25.73 25.65 25.56 25.48 25.41 25.33 25.27 25.22 25.17 25.14 25.10 25.07 25.04 25.01 25.00 24.98 24.98 24.97 24.97 24.96 24.95 24.93 24.91 24.88 24.84 24.80 24.74 24.68 24.60 24.51 24.41 24.31 24.20 24.08 23.97 23.87 23.79 23.73 23.71 23.70 23.73 23.78 23.86 23.95 24.07 24.21 24.36 24.53 24.71 24.88 25.07 25.26 25.44 25.62 25.79 25.95 26.11 26.25 26.38 26.50 26.61 26.71 26.79 26.85 26.91 26.95 26.97 26.99 26.99 26.98 26.95 26.92 26.87 26.81 26.75 26.68 26.63 26.60 26.56 26.55
25.67 25.58 25.46 25.40 25.31 25.23 25.15 25.09 25.04 24.99 24.96 24.92 24.88 24.86 24.84 24.82 24.81 24.81 24.79 24.79 24.78 24.77 24.75 24.74 24.70 24.66 24.62 24.56 24.49 24.40 24.32 24.22 24.11 24.00 23.89 23.78 23.68 23.59 23.52 23.49 23.48 23.51 23.56 23.65 23.77 23.91 24.07 24.24 24.43 24.63 24.84 25.04 25.25 25.46 25.65 25.85 26.03 26.21 26.36 26.50 26.64 26.75 26.85 26.94 27.00 27.06 27.09 27.12 27.12 27.12 27.10 27.07 27.02 26.96 26.88 26.80 26.73 26.67 26.62 26.58 26.56
25.51 25.41 25.32 25.23 25.14 25.05 24.91 24.91 24.85 24.81 24.77 24.73 24.70 24.66 24.64 24.63 24.62 24.61 24.60 24.60 24.60 24.58 24.57 24.54 24.51 24.47 24.42 24.36 24.29 24.21 24.12 24.01 23.91 23.80 23.69 23.58 23.48 23.40 23.33 23.30 23.29 23.31 23.37 23.45 23.58 23.73 23.91 24.11 24.32 24.55 24.78 25.02 25.25 25.47 25.70 25.92 26.11 26.30 26.47 26.63 26.77 26.90 27.00 27.09 27.16 27.21 27.25 27.27 27.27 27.25 27.22 27.18 27.11 27.03 26.95 26.86 26.78 26.72 26.65 26.60 26.57
25.25 25.23 25.14 25.04 24.96 24.88 24.79 24.71 24.66 24.60 24.56 24.52 24.49 24.46 24.43 24.43 24.41 24.40 24.40 24.40 24.39 24.39 24.37 24.35 24.32 24.28 24.23 24.17 24.08 24.00 23.91 23.81 23.70 23.60 23.48 23.38 23.29 23.21 23.16 23.12 23.12 23.15 23.22 23.32 23.45 23.61 23.80 24.00 24.23 24.46 24.71 24.96 25.21 25.45 25.69 25.90 26.12 26.32 26.49 26.66 26.80 26.94 27.05 27.14 27.22 27.28 27.32 27.34 27.35 27.33 27.29 27.23 27.16 27.08 27.00 26.91 26.83 26.75 26.69 26.63 26.59
24.94 25.02 24.93 24.84 24.75 24.66 24.59 24.51 24.45 24.38 24.34 24.29 24.26 24.23 24.21 24.20 24.18 24.18 24.18 24.18 24.18 24.17 24.16 24.14 24.10 24.07 24.01 23.95 23.88 23.80 23.70 23.60 23.50 23.39 23.28 23.18 23.09 23.02 22.97 22.96 22.96 23.01 23.08 23.19 23.33 23.50 23.69 23.91 24.14 24.38 24.63 24.89 25.14 25.39 25.62 25.84 26.06 26.25 26.44 26.61 26.77 26.90 27.02 27.12 27.20 27.26 27.31 27.35 27.36 27.34 27.31 27.27 27.20 27.14 27.06 26.97 26.88 26.80 26.73 26.67 26.62
24.84 24.76 24.69 24.60 24.54 24.44 24.36 24.28 24.21 24.15 24.10 24.05 24.01 23.98 23.96 23.95 23.94 23.94 23.95 23.95 23.95 23.95 23.94 23.91 23.89 23.85 23.80 23.73 23.66 23.57 23.48 23.38 23.27 23.17 23.07 22.98 22.89 22.84 22.79 22.78 22.80 22.86 22.94 23.07 23.21 23.39 23.59 23.81 24.05 24.30 24.56 24.81 25.06 25.31 25.55 25.78 26.00 26.19 26.38 26.55 26.70 26.85 26.97 27.07 27.16 27.23 27.29 27.33 27.35 27.35 27.33 27.30 27.25 27.18 27.10 27.02 26.94 26.85 26.77 26.70 26.64
24.63 24.58 24.43 24.25 24.26 24.20 24.05 24.03 23.96 23.89 23.84 23.79 23.75 23.72 23.70 23.68 23.69 23.69 23.70 23.71 23.70 23.71 23.70 23.69 23.66 23.62 23.57 23.51 23.44 23.35 23.26 23.15 23.05 22.95 22.85 22.76 22.70 22.64 22.61 22.61 22.64 22.71 22.81 22.93 23.10 23.29 23.49 23.72 23.97 24.22 24.48 24.73 25.00 25.24 25.48 25.71 25.93 26.13 26.32 26.49 26.64 26.79 26.91 27.02 27.11 27.19 27.26 27.31 27.33 27.34 27.33 27.31 27.27 27.21 27.14 27.06 26.98 26.90 26.81 26.74 26.67
24.44 24.34 24.24 24.14 24.04 23.94 23.85 23.68 23.68 23.61 23.55 23.50 23.46 23.43 23.41 23.40 23.41 23.42 23.43 23.44 23.45 23.46 23.46 23.45 23.42 23.39 23.34 23.27 23.19 23.12 23.02 22.93 22.82 22.73 22.63 22.56 22.49 22.45 22.44 22.45 22.49 22.57 22.67 22.81 22.99 23.18 23.40 23.64 23.89 24.13 24.40 24.66 24.92 25.17 25.42 25.65 25.86 26.06 26.26 26.43 26.58 26.73 26.86 26.97 27.07 27.15 27.22 27.28 27.31 27.33 27.34 27.32 27.28 27.24 27.17 27.10 27.02 26.93 26.85 26.77 26.70
24.20 24.09 23.98 23.88 23.77 23.66 23.56 23.47 23.38 23.31 23.25 23.16 23.13 23.12 23.08 23.11 23.10 23.11 23.14 23.15 23.18 23.19 23.20 23.15 23.18 23.14 23.09 23.02 22.95 22.87 22.78 22.69 22.59 22.50 22.42 22.35 22.30 22.26 22.25 22.28 22.33 22.42 22.55 22.70 22.88 23.08 23.30 23.54 23.79 24.05 24.32 24.59 24.85 25.10 25.35 25.58 25.79 26.00 26.19 26.36 26.52 26.67 26.80 26.92 27.02 27.10 27.18 27.24 27.28 27.31 27.32 27.31 27.29 27.25 27.20 27.13 27.05 26.96 26.89 26.80 26.72
23.94 23.83 23.72 23.60 23.48 23.36 23.26 23.16 22.89 22.95 22.72 22.76 22.79 22.79 22.78 22.72 22.78 22.81 22.84 22.86 22.90 22.92 22.94 22.93 22.91 22.87 22.83 22.77 22.70 22.62 22.54 22.44 22.36 22.27 22.20 22.14 22.09 22.07 22.08 22.11 22.18 22.28 22.41 22.57 22.76 22.98 23.20 23.45 23.71 23.98 24.24 24.51 24.78 25.04 25.28 25.51 25.73 25.94 26.13 26.30 26.46 26.61 26.75 26.86 26.97 27.06 27.13 27.19 27.25 27.28 27.30 27.30 27.29 27.25 27.21 27.15 27.07 26.96 26.90 26.82 26.74
23.68 23.55 23.44 23.30 23.18 23.06 22.93 22.81 22.73 22.65 22.54 22.44 22.45 22.44 22.44 22.35 22.42 22.47 22.50 22.55 22.58 22.62 22.66 22.66 22.64 22.60 22.55 22.49 22.43 22.35 22.28 22.19 22.11 22.04 21.98 21.92 21.89 21.88 21.89 21.94 22.02 22.13 22.27 22.45 22.65 22.86 23.11 23.36 23.63 23.90 24.18 24.44 24.71 24.97 25.21 25.45 25.66 25.87 26.07 26.24 26.40 26.54 26.68 26.80 26.90 27.01 27.09 27.15 27.20 27.25 27.27 27.28 27.27 27.25 27.20 27.15 27.08 27.01 26.92 26.82 26.75
23.41 23.28 23.14 23.00 22.86 22.72 22.61 22.49 22.39 22.30 22.19 22.11 22.08 22.05 22.06 22.04 22.07 22.12 22.16 22.20 22.25 22.30 22.33 22.36 22.34 22.30 22.27 22.21 22.16 22.09 22.01 21.94 21.87 21.80 21.75 21.70 21.68 21.69 21.72 21.78 21.87 22.00 22.15 22.33 22.54 22.77 23.01 23.27 23.54 23.82 24.10 24.38 24.65 24.91 25.15 25.39 25.61 25.81 26.01 26.18 26.34 26.48 26.62 26.74 26.85 26.94 27.03 27.10 27.16 27.20 27.23 27.25 27.25 27.23 27.20 27.11 27.07 27.01 26.93 26.67 26.64
23.14 23.00 22.85 22.69 22.54 22.40 22.26 22.13 22.03 21.93 21.84 21.78 21.72 21.71 21.69 21.69 21.71 21.74 21.79 21.85 21.90 21.95 21.99 22.03 22.01 21.99 21.96 21.92 21.86 21.81 21.75 21.68 21.63 21.57 21.53 21.49 21.48 21.50 21.55 21.62 21.72 21.86 22.02 22.21 22.43 22.67 22.92 23.19 23.47 23.74 24.03 24.31 24.58 24.84 25.08 25.33 25.55 25.76 25.92 26.12 26.28 26.42 26.56 26.68 26.79 26.89 26.97 27.04 27.10 27.16 27.19 27.22 27.22 27.21 27.14 27.08 27.07 27.00 26.84 26.83 26.75
22.88 22.71 22.55 22.38 22.22 22.07 21.92 21.78 21.59 21.55 21.45 21.39 21.35 21.32 21.29 21.27 21.27 21.29 21.36 21.47 21.51 21.58 21.62 21.65 21.67 21.66 21.64 21.61 21.57 21.52 21.47 21.42 21.37 21.33 21.29 21.28 21.28 21.31 21.37 21.45 21.57 21.72 21.89 22.09 22.32 22.56 22.83 23.10 23.39 23.67 23.96 24.24 24.52 24.78 25.03 25.26 25.48 25.69 25.88 26.05 26.22 26.36 26.50 26.61 26.72 26.82 26.91 26.98 27.05 27.11 27.15 27.17 27.18 27.17 27.10 27.11 27.05 26.92 26.90 26.82 26.74
