main/data/pressure/11.01.2023.grid
ncols 886
nrows 691
xllcenter 112.0000
yllcenter -44.5000
cellsize 0.0500
nodata_value 99999.90
[rows 102 to 135 of 691, columns 78 to 155 of 886]
34.05 34.10 34.13 34.18 34.22 34.26 34.30 34.34 34.39 34.43 34.47 34.53 34.57 34.62 34.67 34.71 34.76 34.81 34.86 34.91 34.96 35.01 35.06 35.11 35.16 35.22 35.26 35.31 35.34 35.38 35.41 35.43 35.45 35.47 35.49 35.51 35.53 35.54 35.56 35.57 35.58 35.58 35.59 35.60 35.61 35.61 35.61 35.60 35.60 35.59 35.59 35.58 35.57 35.55 35.54 35.51 35.49 35.47 35.45 35.43 35.40 35.37 35.33 35.30 35.27 35.23 35.19 35.15 35.11 35.06 35.01 34.96 34.91 34.86 34.80 34.74 34.69 34.62
34.05 34.09 34.14 34.17 34.22 34.26 34.31 34.35 34.41 34.45 34.49 34.54 34.59 34.65 34.69 34.74 34.79 34.84 34.89 34.95 35.00 35.05 35.10 35.15 35.20 35.24 35.27 35.30 35.33 35.36 35.39 35.41 35.43 35.45 35.48 35.50 35.51 35.53 35.54 35.55 35.57 35.58 35.59 35.59 35.60 35.60 35.60 35.60 35.59 35.59 35.58 35.57 35.56 35.55 35.54 35.52 35.50 35.48 35.45 35.43 35.40 35.38 35.35 35.31 35.27 35.24 35.20 35.16 35.11 35.07 35.01 34.97 34.92 34.86 34.81 34.74 34.69 34.62
34.05 34.10 34.14 34.18 34.23 34.27 34.32 34.37 34.42 34.46 34.51 34.57 34.61 34.67 34.72 34.77 34.83 34.88 34.92 34.98 35.03 35.08 35.11 35.15 35.18 35.22 35.25 35.28 35.30 35.34 35.36 35.39 35.41 35.43 35.46 35.48 35.49 35.51 35.52 35.55 35.56 35.57 35.58 35.58 35.59 35.59 35.59 35.59 35.59 35.59 35.58 35.57 35.56 35.55 35.54 35.52 35.51 35.49 35.47 35.44 35.41 35.38 35.35 35.32 35.29 35.24 35.21 35.17 35.13 35.07 35.03 34.98 34.92 34.87 34.81 34.75 34.70 34.63
34.05 34.09 34.14 34.18 34.24 34.28 34.33 34.38 34.44 34.48 34.53 34.59 34.64 34.70 34.75 34.80 34.85 34.89 34.94 34.98 35.01 35.05 35.09 35.12 35.15 35.19 35.22 35.25 35.28 35.31 35.34 35.36 35.39 35.42 35.44 35.46 35.48 35.50 35.51 35.53 35.55 35.56 35.57 35.58 35.58 35.59 35.59 35.59 35.59 35.59 35.58 35.57 35.57 35.56 35.54 35.53 35.51 35.49 35.47 35.45 35.43 35.40 35.36 35.33 35.30 35.26 35.23 35.18 35.14 35.09 35.04 34.99 34.94 34.88 34.82 34.76 34.70 34.63
34.05 34.09 34.15 34.19 34.25 34.29 34.35 34.40 34.46 34.50 34.55 34.61 34.66 34.71 34.75 34.79 34.83 34.87 34.92 34.95 34.99 35.03 35.06 35.09 35.13 35.17 35.20 35.23 35.27 35.29 35.32 35.34 35.37 35.40 35.42 35.45 35.46 35.48 35.50 35.52 35.54 35.55 35.56 35.57 35.58 35.58 35.59 35.60 35.60 35.60 35.59 35.59 35.58 35.57 35.55 35.55 35.52 35.50 35.48 35.46 35.44 35.41 35.38 35.34 35.31 35.27 35.24 35.20 35.15 35.10 35.06 35.00 34.95 34.90 34.83 34.78 34.71 34.65
34.05 34.10 34.15 34.20 34.26 34.30 34.36 34.41 34.47 34.51 34.55 34.60 34.64 34.68 34.72 34.76 34.80 34.84 34.88 34.92 34.96 34.99 35.04 35.07 35.10 35.14 35.17 35.20 35.24 35.27 35.30 35.33 35.35 35.39 35.41 35.43 35.45 35.47 35.50 35.52 35.53 35.55 35.56 35.57 35.58 35.58 35.60 35.60 35.60 35.60 35.60 35.59 35.59 35.58 35.57 35.56 35.54 35.51 35.50 35.47 35.45 35.42 35.40 35.37 35.33 35.29 35.25 35.21 35.17 35.12 35.07 35.02 34.96 34.91 34.85 34.79 34.73 34.65
34.06 34.10 34.16 34.21 34.26 34.30 34.34 34.39 34.43 34.48 34.52 34.57 34.60 34.65 34.69 34.73 34.77 34.81 34.85 34.89 34.93 34.97 35.01 35.04 35.08 35.12 35.15 35.18 35.22 35.25 35.28 35.31 35.34 35.37 35.40 35.42 35.44 35.46 35.49 35.51 35.53 35.54 35.56 35.57 35.58 35.58 35.60 35.61 35.61 35.61 35.61 35.60 35.60 35.59 35.58 35.57 35.56 35.54 35.52 35.49 35.47 35.44 35.41 35.38 35.35 35.32 35.27 35.23 35.19 35.15 35.09 35.04 34.99 34.93 34.87 34.81 34.74 34.68
34.04 34.09 34.13 34.18 34.22 34.27 34.31 34.36 34.40 34.45 34.48 34.53 34.57 34.61 34.66 34.70 34.74 34.78 34.82 34.87 34.90 34.94 34.99 35.02 35.06 35.10 35.13 35.17 35.20 35.24 35.27 35.30 35.33 35.36 35.39 35.41 35.44 35.46 35.49 35.51 35.53 35.54 35.56 35.57 35.58 35.60 35.61 35.61 35.62 35.62 35.62 35.62 35.61 35.60 35.60 35.59 35.57 35.56 35.54 35.52 35.50 35.47 35.44 35.41 35.37 35.34 35.30 35.25 35.21 35.17 35.12 35.06 35.01 34.96 34.89 34.83 34.76 34.69
34.01 34.06 34.10 34.15 34.19 34.24 34.28 34.32 34.36 34.40 34.45 34.49 34.54 34.58 34.63 34.67 34.71 34.76 34.80 34.83 34.88 34.92 34.97 35.00 35.04 35.07 35.12 35.15 35.18 35.22 35.26 35.29 35.32 35.35 35.38 35.41 35.43 35.46 35.49 35.51 35.53 35.54 35.56 35.57 35.59 35.60 35.62 35.62 35.63 35.63 35.63 35.63 35.63 35.62 35.62 35.61 35.59 35.58 35.56 35.54 35.52 35.50 35.47 35.43 35.40 35.37 35.33 35.29 35.24 35.19 35.15 35.10 35.04 34.98 34.92 34.85 34.79 34.71
33.98 34.03 34.07 34.10 34.15 34.20 34.24 34.28 34.33 34.37 34.42 34.46 34.51 34.55 34.59 34.64 34.68 34.73 34.77 34.81 34.86 34.90 34.94 34.98 35.02 35.06 35.10 35.14 35.17 35.20 35.25 35.28 35.31 35.34 35.38 35.40 35.43 35.45 35.49 35.51 35.53 35.55 35.57 35.58 35.60 35.61 35.63 35.64 35.64 35.65 35.65 35.65 35.65 35.64 35.64 35.63 35.62 35.60 35.59 35.57 35.55 35.53 35.50 35.47 35.43 35.40 35.36 35.32 35.28 35.23 35.18 35.13 35.08 35.01 34.95 34.89 34.82 34.75
33.94 33.98 34.03 34.07 34.12 34.16 34.21 34.25 34.30 34.35 34.40 34.44 34.48 34.53 34.57 34.62 34.66 34.70 34.75 34.79 34.84 34.88 34.92 34.97 35.01 35.04 35.08 35.13 35.16 35.20 35.24 35.27 35.31 35.34 35.38 35.40 35.43 35.46 35.48 35.51 35.54 35.56 35.58 35.59 35.61 35.62 35.64 35.65 35.66 35.67 35.67 35.67 35.67 35.67 35.67 35.66 35.65 35.64 35.62 35.60 35.58 35.56 35.54 35.51 35.47 35.43 35.40 35.36 35.32 35.27 35.21 35.16 35.11 35.04 34.98 34.92 34.85 34.78
33.91 33.95 34.00 34.04 34.09 34.13 34.17 34.23 34.27 34.32 34.36 34.41 34.45 34.51 34.55 34.59 34.64 34.68 34.72 34.77 34.82 34.87 34.91 34.95 34.99 35.03 35.07 35.12 35.16 35.19 35.23 35.27 35.30 35.34 35.37 35.41 35.44 35.46 35.49 35.52 35.55 35.57 35.59 35.61 35.63 35.64 35.67 35.68 35.69 35.69 35.70 35.70 35.70 35.70 35.70 35.69 35.68 35.67 35.66 35.64 35.62 35.60 35.57 35.55 35.52 35.48 35.44 35.40 35.36 35.31 35.26 35.20 35.15 35.09 35.02 34.96 34.90 34.82
33.87 33.92 33.96 34.01 34.05 34.11 34.15 34.20 34.24 34.29 34.34 34.38 34.43 34.48 34.53 34.57 34.61 34.67 34.71 34.76 34.80 34.84 34.89 34.94 34.98 35.03 35.07 35.10 35.15 35.19 35.23 35.26 35.31 35.34 35.37 35.40 35.45 35.47 35.50 35.53 35.55 35.59 35.61 35.63 35.65 35.67 35.68 35.70 35.71 35.72 35.73 35.73 35.74 35.74 35.73 35.73 35.72 35.71 35.70 35.68 35.66 35.64 35.62 35.59 35.56 35.53 35.48 35.45 35.40 35.36 35.31 35.25 35.20 35.14 35.08 35.01 34.94 34.86
33.84 33.88 33.94 33.99 34.03 34.08 34.12 34.17 34.22 34.26 34.32 34.36 34.41 34.46 34.51 34.55 34.60 34.65 34.70 34.74 34.79 34.83 34.88 34.93 34.97 35.01 35.06 35.10 35.14 35.19 35.23 35.27 35.30 35.35 35.38 35.42 35.45 35.49 35.52 35.55 35.57 35.60 35.63 35.65 35.67 35.69 35.71 35.72 35.74 35.76 35.77 35.77 35.77 35.78 35.77 35.77 35.76 35.76 35.74 35.73 35.71 35.69 35.67 35.64 35.61 35.58 35.54 35.50 35.46 35.41 35.36 35.30 35.25 35.19 35.13 35.06 34.99 34.92
33.82 33.86 33.91 33.95 34.01 34.05 34.10 34.15 34.20 34.24 34.29 34.34 34.39 34.44 34.49 34.53 34.59 34.63 34.69 34.73 34.77 34.83 34.87 34.93 34.97 35.01 35.05 35.10 35.15 35.19 35.24 35.27 35.31 35.35 35.40 35.43 35.46 35.50 35.54 35.57 35.60 35.62 35.65 35.68 35.70 35.73 35.74 35.76 35.77 35.79 35.81 35.81 35.82 35.82 35.82 35.82 35.81 35.81 35.80 35.78 35.77 35.75 35.73 35.70 35.67 35.64 35.60 35.56 35.52 35.47 35.42 35.37 35.31 35.25 35.19 35.12 35.05 34.97
33.78 33.84 33.88 33.93 33.97 34.03 34.07 34.13 34.17 34.23 34.27 34.33 34.37 34.42 34.48 34.52 34.58 34.62 34.67 34.72 34.77 34.82 34.87 34.92 34.97 35.01 35.06 35.10 35.15 35.20 35.24 35.29 35.33 35.37 35.40 35.45 35.49 35.52 35.55 35.59 35.63 35.65 35.68 35.71 35.74 35.76 35.78 35.80 35.82 35.83 35.84 35.85 35.87 35.87 35.88 35.87 35.87 35.86 35.86 35.84 35.83 35.81 35.79 35.77 35.74 35.71 35.66 35.63 35.58 35.54 35.49 35.44 35.38 35.32 35.25 35.19 35.11 35.04
33.76 33.80 33.86 33.90 33.96 34.01 34.06 34.10 34.16 34.20 34.26 34.31 34.36 34.41 34.46 34.51 34.56 34.62 34.67 34.71 34.77 34.82 34.86 34.92 34.97 35.01 35.07 35.11 35.15 35.21 35.25 35.29 35.35 35.39 35.43 35.46 35.51 35.55 35.58 35.62 35.65 35.69 35.72 35.75 35.77 35.80 35.83 35.85 35.87 35.88 35.90 35.91 35.92 35.93 35.93 35.94 35.93 35.93 35.92 35.91 35.90 35.88 35.86 35.84 35.81 35.78 35.75 35.70 35.66 35.61 35.57 35.52 35.45 35.39 35.33 35.26 35.19 35.11
33.73 33.79 33.84 33.89 33.94 33.99 34.03 34.09 34.15 34.19 34.24 34.30 34.35 34.40 34.45 34.50 34.56 34.61 34.67 34.71 34.76 34.82 34.87 34.92 34.97 35.02 35.07 35.13 35.17 35.22 35.27 35.31 35.36 35.40 35.45 35.49 35.53 35.57 35.62 35.65 35.69 35.72 35.76 35.79 35.82 35.85 35.87 35.90 35.92 35.94 35.95 35.97 35.98 35.99 35.99 35.99 35.99 35.99 35.99 35.99 35.97 35.96 35.94 35.92 35.89 35.85 35.82 35.78 35.74 35.70 35.65 35.60 35.54 35.47 35.41 35.34 35.27 35.19
33.71 33.77 33.82 33.87 33.92 33.98 34.02 34.08 34.13 34.18 34.23 34.28 34.34 34.39 34.45 34.50 34.55 34.61 34.66 34.72 34.77 34.82 34.88 34.93 34.98 35.04 35.09 35.13 35.19 35.24 35.29 35.33 35.39 35.43 35.47 35.53 35.57 35.61 35.65 35.70 35.73 35.77 35.80 35.83 35.87 35.90 35.93 35.95 35.97 36.00 36.02 36.04 36.05 36.06 36.07 36.07 36.07 36.07 36.07 36.06 36.05 36.03 36.01 35.99 35.97 35.94 35.91 35.87 35.83 35.79 35.74 35.69 35.62 35.56 35.50 35.43 35.36 35.27
33.70 33.75 33.80 33.85 33.91 33.96 34.01 34.06 34.12 34.17 34.23 34.28 34.33 34.39 34.44 34.51 34.56 34.61 34.67 34.72 34.77 34.83 34.88 34.95 35.00 35.05 35.10 35.16 35.21 35.26 35.31 35.36 35.41 35.47 35.51 35.56 35.60 35.65 35.69 35.73 35.77 35.82 35.86 35.89 35.92 35.95 35.99 36.02 36.04 36.06 36.08 36.10 36.13 36.14 36.15 36.15 36.16 36.16 36.15 36.15 36.14 36.13 36.11 36.09 36.07 36.04 36.01 35.97 35.93 35.89 35.84 35.79 35.72 35.67 35.60 35.53 35.46 35.37
33.68 33.74 33.79 33.84 33.89 33.95 34.00 34.06 34.11 34.17 34.22 34.27 34.34 34.39 34.45 34.50 34.56 34.62 34.67 34.73 34.79 34.84 34.90 34.96 35.01 35.07 35.12 35.18 35.24 35.29 35.34 35.40 35.45 35.50 35.55 35.60 35.65 35.69 35.74 35.79 35.83 35.87 35.91 35.95 35.99 36.02 36.05 36.08 36.12 36.14 36.16 36.18 36.20 36.22 36.24 36.24 36.25 36.25 36.25 36.25 36.24 36.23 36.21 36.19 36.17 36.15 36.11 36.08 36.04 36.00 35.95 35.90 35.84 35.78 35.71 35.64 35.57 35.48
33.67 33.72 33.78 33.83 33.89 33.94 34.00 34.05 34.11 34.17 34.23 34.28 34.33 34.40 34.45 34.51 34.57 34.62 34.69 34.74 34.80 34.86 34.92 34.97 35.04 35.09 35.15 35.21 35.27 35.32 35.38 35.43 35.49 35.55 35.60 35.65 35.69 35.75 35.80 35.84 35.89 35.94 35.98 36.02 36.05 36.10 36.13 36.16 36.19 36.22 36.24 36.28 36.29 36.31 36.32 36.34 36.34 36.35 36.35 36.35 36.35 36.34 36.33 36.31 36.29 36.26 36.23 36.20 36.16 36.12 36.06 36.01 35.96 35.90 35.83 35.76 35.69 35.60
33.66 33.72 33.77 33.83 33.88 33.94 33.99 34.06 34.11 34.17 34.23 34.28 34.35 34.40 34.47 34.52 34.58 34.65 34.70 34.76 34.83 34.88 34.95 35.01 35.06 35.13 35.19 35.24 35.30 35.36 35.42 35.47 35.54 35.59 35.64 35.70 35.76 35.80 35.85 35.91 35.96 36.00 36.04 36.10 36.14 36.17 36.21 36.24 36.29 36.31 36.34 36.37 36.39 36.42 36.43 36.44 36.45 36.46 36.46 36.46 36.46 36.45 36.44 36.43 36.41 36.39 36.35 36.32 36.28 36.24 36.19 36.14 36.09 36.03 35.96 35.89 35.80 35.71
33.66 33.71 33.77 33.82 33.89 33.94 33.99 34.06 34.11 34.18 34.23 34.30 34.35 34.42 34.48 34.54 34.60 34.66 34.72 34.79 34.85 34.92 34.97 35.03 35.10 35.16 35.22 35.29 35.35 35.40 35.47 35.53 35.59 35.64 35.71 35.76 35.81 35.88 35.93 35.98 36.03 36.08 36.13 36.17 36.22 36.26 36.31 36.34 36.38 36.41 36.45 36.47 36.50 36.52 36.54 36.55 36.58 36.58 36.59 36.59 36.59 36.58 36.57 36.56 36.54 36.52 36.49 36.46 36.42 36.38 36.34 36.29 36.23 36.17 36.11 36.02 35.91 35.79
33.65 33.71 33.77 33.83 33.88 33.94 34.00 34.06 34.13 34.18 34.25 34.31 34.38 34.43 34.49 34.56 34.62 34.69 34.75 34.81 34.88 34.95 35.01 35.08 35.14 35.20 35.27 35.33 35.39 35.46 35.52 35.58 35.65 35.71 35.77 35.82 35.89 35.95 36.00 36.05 36.11 36.16 36.21 36.26 36.32 36.36 36.40 36.44 36.49 36.52 36.55 36.58 36.61 36.63 36.67 36.68 36.70 36.71 36.72 36.72 36.73 36.73 36.72 36.70 36.69 36.67 36.64 36.61 36.58 36.54 36.49 36.44 36.39 36.32 36.23 36.12 36.00 35.88
33.65 33.71 33.77 33.83 33.89 33.95 34.01 34.08 34.14 34.20 34.26 34.33 34.39 34.45 34.52 34.59 34.66 34.72 34.78 34.85 34.92 34.98 35.05 35.12 35.18 35.25 35.32 35.38 35.45 35.52 35.58 35.65 35.71 35.78 35.84 35.91 35.96 36.02 36.08 36.15 36.20 36.25 36.31 36.37 36.41 36.46 36.51 36.56 36.60 36.63 36.67 36.71 36.74 36.77 36.79 36.81 36.84 36.85 36.86 36.87 36.87 36.87 36.86 36.85 36.84 36.82 36.79 36.77 36.74 36.69 36.65 36.60 36.53 36.44 36.33 36.21 36.08 35.96
33.66 33.71 33.78 33.84 33.90 33.96 34.03 34.09 34.15 34.22 34.28 34.35 34.41 34.49 34.55 34.61 34.69 34.75 34.83 34.89 34.96 35.03 35.10 35.16 35.24 35.31 35.37 35.45 35.51 35.58 35.66 35.72 35.78 35.85 35.92 35.99 36.05 36.12 36.18 36.24 36.30 36.36 36.42 36.47 36.52 36.58 36.63 36.67 36.72 36.77 36.81 36.84 36.87 36.90 36.94 36.96 36.98 37.00 37.01 37.02 37.03 37.04 37.03 37.02 37.01 36.99 36.97 36.94 36.91 36.87 36.82 36.76 36.65 36.54 36.41 36.29 36.15 36.03
33.66 33.73 33.79 33.85 33.92 33.98 34.05 34.11 34.18 34.24 34.32 34.38 34.45 34.52 34.58 34.66 34.72 34.79 34.87 34.94 35.00 35.08 35.15 35.23 35.30 35.37 35.44 35.51 35.58 35.65 35.73 35.80 35.86 35.94 36.01 36.07 36.14 36.21 36.28 36.34 36.41 36.47 36.53 36.58 36.65 36.70 36.75 36.80 36.86 36.90 36.94 36.98 37.03 37.06 37.09 37.12 37.14 37.17 37.18 37.19 37.20 37.20 37.20 37.20 37.19 37.17 37.15 37.13 37.10 37.05 36.97 36.86 36.74 36.61 36.48 36.36 36.23 36.11
33.67 33.74 33.80 33.87 33.93 34.01 34.07 34.14 34.21 34.27 34.34 34.41 34.49 34.55 34.62 34.70 34.77 34.85 34.92 34.99 35.07 35.14 35.21 35.29 35.36 35.43 35.51 35.59 35.66 35.74 35.81 35.88 35.96 36.03 36.10 36.17 36.25 36.32 36.38 36.46 36.52 36.59 36.65 36.72 36.78 36.83 36.89 36.95 37.00 37.05 37.09 37.14 37.18 37.22 37.25 37.28 37.32 37.34 37.36 37.37 37.38 37.39 37.40 37.39 37.38 37.37 37.35 37.31 37.25 37.16 37.05 36.93 36.81 36.69 36.56 36.44 36.32 36.19
33.70 33.76 33.83 33.89 33.97 34.03 34.09 34.17 34.24 34.31 34.38 34.45 34.53 34.60 34.68 34.75 34.82 34.90 34.97 35.05 35.13 35.20 35.27 35.36 35.43 35.51 35.59 35.67 35.74 35.82 35.90 35.97 36.06 36.13 36.20 36.28 36.36 36.43 36.50 36.58 36.65 36.71 36.78 36.85 36.91 36.97 37.04 37.10 37.15 37.20 37.26 37.31 37.35 37.39 37.43 37.47 37.50 37.52 37.54 37.57 37.58 37.59 37.59 37.59 37.58 37.56 37.52 37.45 37.35 37.24 37.12 37.00 36.89 36.77 36.64 36.51 36.39 36.26
33.72 33.78 33.85 33.92 33.99 34.06 34.14 34.20 34.27 34.35 34.42 34.50 34.57 34.64 34.73 34.80 34.88 34.96 35.03 35.12 35.19 35.27 35.36 35.43 35.51 35.60 35.68 35.75 35.83 35.92 36.00 36.08 36.16 36.24 36.32 36.40 36.48 36.55 36.63 36.71 36.78 36.85 36.93 37.00 37.06 37.13 37.20 37.26 37.32 37.38 37.43 37.48 37.53 37.58 37.62 37.66 37.69 37.72 37.74 37.77 37.79 37.80 37.80 37.79 37.78 37.70 37.61 37.51 37.41 37.30 37.18 37.07 36.95 36.83 36.71 36.59 36.47 36.34
33.74 33.82 33.88 33.95 34.03 34.10 34.17 34.24 34.33 34.40 34.47 34.55 34.63 34.71 34.78 34.86 34.95 35.02 35.10 35.19 35.27 35.35 35.44 35.52 35.60 35.69 35.77 35.85 35.94 36.02 36.11 36.20 36.28 36.36 36.44 36.53 36.61 36.69 36.78 36.85 36.93 37.00 37.08 37.16 37.23 37.29 37.37 37.43 37.49 37.56 37.62 37.67 37.72 37.78 37.82 37.86 37.90 37.93 37.97 37.99 38.00 38.00 38.00 37.93 37.86 37.76 37.67 37.57 37.46 37.36 37.24 37.13 37.03 36.90 36.78 36.67 36.54 36.42
33.77 33.85 33.92 34.00 34.07 34.14 34.22 34.29 34.37 34.45 34.53 34.61 34.68 34.77 34.85 34.93 35.02 35.10 35.18 35.27 35.35 35.43 35.53 35.61 35.69 35.79 35.87 35.96 36.05 36.14 36.22 36.31 36.40 36.49 36.57 36.67 36.75 36.83 36.92 37.00 37.08 37.16 37.25 37.33 37.40 37.48 37.55 37.62 37.68 37.76 37.82 37.87 37.93 37.99 38.04 38.08 38.12 38.16 38.18 38.19 38.17 38.12 38.06 37.99 37.90 37.81 37.72 37.62 37.53 37.42 37.31 37.20 37.09 36.97 36.86 36.74 36.62 36.50
33.81 33.89 33.96 34.04 34.11 34.19 34.27 34.34 34.43 34.51 34.58 34.67 34.75 34.84 34.92 35.00 35.10 35.18 35.26 35.36 35.44 35.53 35.63 35.71 35.80 35.90 35.99 36.07 36.17 36.26 36.35 36.44 36.54 36.63 36.72 36.81 36.90 36.99 37.08 37.17 37.25 37.34 37.43 37.51 37.58 37.67 37.75 37.82 37.89 37.96 38.03 38.09 38.15 38.21 38.26 38.30 38.33 38.36 38.33 38.28 38.23 38.17 38.10 38.02 37.94 37.85 37.77 37.68 37.58 37.48 37.37 37.26 37.15 37.04 36.92 36.81 36.69 36.57
