main/data/pressure/11.06.2023.grid
ncols 886
nrows 691
xllcenter 112.0000
yllcenter -44.5000
cellsize 0.0500
nodata_value 99999.90
[rows 360 to 395 of 691, columns 729 to 809 of 886]
9.68 9.73 9.78 9.84 9.87 9.89 9.92 9.93 9.98 9.99 10.00 10.04 10.10 10.11 10.13 10.15 10.15 10.15 10.20 10.23 10.23 10.23 10.19 10.21 10.21 10.34 10.40 10.42 10.49 10.50 10.52 10.62 10.68 10.80 10.91 10.97 11.04 11.12 11.21 11.30 11.44 11.65 11.76 11.81 11.94 12.14 12.21 12.43 12.55 12.65 12.68 12.70 12.67 12.80 12.83 12.85 12.53 12.76 12.98 13.08 13.11 13.12 13.01 13.02 12.94 12.97 12.99 12.92 12.83 12.71 12.56 12.46 12.39 12.13 11.82 11.85 11.70 11.06 11.66 12.29 12.40
9.79 9.84 9.90 9.95 9.97 9.99 10.03 10.05 10.09 10.12 10.13 10.18 10.19 10.21 10.23 10.26 10.25 10.24 10.21 10.27 10.32 10.32 10.29 10.33 10.37 10.42 10.46 10.51 10.57 10.58 10.63 10.70 10.73 10.82 10.89 10.87 10.91 11.07 11.13 11.20 11.33 11.48 11.57 11.78 11.93 11.98 12.01 12.27 12.19 12.34 12.41 12.49 12.46 12.61 12.71 12.76 12.54 12.68 12.77 12.79 12.79 12.80 12.82 12.86 12.78 12.66 12.65 12.67 12.64 12.60 12.51 12.44 12.38 12.32 12.23 12.16 12.06 11.68 11.41 11.71 12.44
9.87 9.93 9.98 10.03 10.07 10.09 10.13 10.15 10.19 10.21 10.24 10.28 10.30 10.31 10.29 10.33 10.35 10.36 10.35 10.34 10.36 10.39 10.34 10.40 10.45 10.48 10.52 10.54 10.57 10.66 10.72 10.77 10.74 10.80 10.87 10.75 10.87 11.03 11.03 11.06 11.19 11.31 11.43 11.60 11.75 11.86 11.93 11.92 11.94 12.00 12.25 12.14 12.04 12.40 12.52 12.64 12.51 12.52 12.58 12.46 12.43 12.58 12.59 12.57 12.52 12.31 12.42 12.55 12.38 12.31 12.34 12.22 12.25 12.19 12.13 12.03 11.80 11.51 11.72 11.80 12.37
9.97 10.01 10.07 10.11 10.14 10.18 10.21 10.25 10.26 10.30 10.35 10.36 10.40 10.40 10.41 10.45 10.47 10.48 10.47 10.46 10.39 10.46 10.47 10.52 10.51 10.60 10.63 10.64 10.64 10.70 10.76 10.76 10.78 10.81 10.80 10.84 10.90 10.95 10.98 10.96 11.07 11.15 11.28 11.39 11.52 11.61 11.67 11.74 11.81 11.92 11.89 11.89 11.82 12.17 12.19 12.39 12.37 12.45 12.29 12.36 12.16 12.22 12.37 12.30 12.29 12.28 12.11 12.35 12.33 12.29 12.20 12.07 11.78 11.97 11.90 11.75 11.62 11.43 11.79 10.91 11.72
10.04 10.09 10.14 10.18 10.21 10.25 10.29 10.32 10.35 10.39 10.41 10.43 10.48 10.47 10.50 10.55 10.55 10.57 10.58 10.57 10.52 10.48 10.60 10.70 10.67 10.70 10.72 10.73 10.74 10.77 10.78 10.77 10.77 10.79 10.77 10.80 10.83 10.83 10.83 10.85 10.91 10.98 11.08 11.15 11.16 11.32 11.41 11.51 11.63 11.69 11.74 11.73 11.63 11.96 11.97 12.15 12.08 12.06 12.14 11.87 11.87 11.81 12.05 12.07 12.01 12.09 12.10 12.04 11.95 12.00 12.09 12.05 11.94 11.79 11.71 11.71 11.86 11.72 10.90 10.91 10.60
10.11 10.16 10.21 10.24 10.28 10.32 10.36 10.39 10.42 10.46 10.47 10.51 10.55 10.57 10.60 10.60 10.59 10.63 10.65 10.65 10.63 10.56 10.74 10.80 10.78 10.79 10.80 10.80 10.78 10.79 10.79 10.77 10.75 10.75 10.73 10.74 10.74 10.72 10.70 10.72 10.74 10.79 10.87 10.96 11.00 11.12 11.23 11.31 11.39 11.46 11.40 11.44 11.55 11.73 11.84 11.94 11.98 11.82 11.81 11.99 11.92 11.79 11.80 11.76 11.72 11.72 11.86 11.69 11.82 11.96 11.84 11.77 11.86 11.88 11.86 11.83 11.53 11.65 10.85 10.95 10.86
10.18 10.23 10.27 10.31 10.34 10.37 10.42 10.46 10.50 10.53 10.55 10.55 10.59 10.62 10.62 10.63 10.62 10.65 10.65 10.68 10.73 10.76 10.83 10.86 10.85 10.86 10.86 10.83 10.81 10.79 10.77 10.74 10.70 10.68 10.68 10.65 10.63 10.60 10.58 10.56 10.58 10.64 10.70 10.80 10.86 10.95 11.03 11.10 11.15 11.22 11.12 11.21 11.31 11.53 11.68 11.74 11.77 11.79 11.82 11.79 11.74 11.62 11.56 11.48 11.41 11.36 11.33 11.54 11.70 11.69 11.75 11.78 11.69 11.81 11.79 11.75 11.70 11.47 11.28 11.33 11.44
10.24 10.28 10.33 10.37 10.28 10.36 10.47 10.54 10.55 10.57 10.59 10.63 10.63 10.67 10.68 10.69 10.70 10.71 10.65 10.73 10.80 10.86 10.88 10.91 10.91 10.91 10.88 10.84 10.81 10.78 10.75 10.71 10.66 10.63 10.60 10.56 10.51 10.47 10.42 10.41 10.44 10.49 10.55 10.62 10.70 10.78 10.87 10.94 11.00 11.02 10.98 11.15 11.20 11.41 11.45 11.54 11.51 11.46 11.54 11.65 11.27 11.52 11.47 11.38 11.15 10.99 11.34 11.38 11.45 11.37 11.35 11.51 11.39 11.69 11.73 11.62 11.74 11.74 11.25 10.69 11.76
10.31 10.36 10.39 10.44 10.39 10.42 10.53 10.60 10.62 10.65 10.68 10.70 10.72 10.74 10.75 10.76 10.75 10.81 10.85 10.85 10.87 10.92 10.94 10.96 10.95 10.91 10.89 10.84 10.80 10.75 10.71 10.66 10.62 10.56 10.51 10.46 10.40 10.35 10.31 10.30 10.34 10.39 10.41 10.51 10.56 10.65 10.73 10.80 10.85 10.89 10.93 10.99 11.23 11.30 11.35 11.38 11.38 11.49 11.26 11.18 11.41 11.41 11.25 11.16 10.99 10.94 11.11 11.10 11.06 10.97 11.08 11.29 11.03 11.22 11.63 11.60 11.61 11.62 11.44 11.94 12.02
10.37 10.42 10.47 10.50 10.52 10.54 10.61 10.66 10.68 10.73 10.75 10.78 10.79 10.80 10.79 10.81 10.81 10.90 10.93 10.94 10.94 10.96 10.97 10.96 10.93 10.92 10.88 10.84 10.78 10.72 10.66 10.60 10.54 10.47 10.42 10.36 10.29 10.24 10.22 10.23 10.26 10.29 10.34 10.40 10.46 10.47 10.53 10.66 10.68 10.57 10.93 11.02 11.08 11.12 11.20 11.17 11.32 11.05 11.29 11.17 10.98 11.37 11.16 11.05 10.94 10.92 10.95 10.81 10.87 10.70 10.81 10.84 10.87 11.09 11.51 11.56 11.71 12.00 11.80 11.85 11.50
10.44 10.47 10.52 10.56 10.61 10.63 10.67 10.71 10.75 10.77 10.80 10.82 10.84 10.83 10.82 10.82 10.84 10.91 10.96 10.98 10.99 10.99 10.99 10.97 10.94 10.93 10.87 10.82 10.76 10.69 10.62 10.55 10.47 10.39 10.33 10.27 10.21 10.19 10.18 10.18 10.19 10.22 10.27 10.32 10.38 10.39 10.48 10.55 10.62 10.75 10.84 10.89 10.95 10.89 10.98 10.93 11.17 11.21 11.20 11.21 11.08 11.08 10.95 10.74 10.90 10.82 10.87 10.56 10.51 10.57 10.60 10.71 10.75 10.86 11.19 11.68 11.69 12.04 11.89 11.83 11.87
10.48 10.51 10.54 10.61 10.66 10.70 10.72 10.76 10.79 10.81 10.85 10.87 10.84 10.84 10.85 10.87 10.90 10.95 10.98 11.01 11.00 10.99 11.00 10.95 10.94 10.90 10.85 10.80 10.73 10.66 10.60 10.49 10.45 10.33 10.33 10.21 10.24 10.22 10.21 10.14 10.15 10.17 10.20 10.24 10.30 10.35 10.43 10.50 10.54 10.65 10.52 10.64 10.72 10.56 10.85 10.88 10.81 11.00 11.04 11.04 10.95 11.08 10.88 10.62 10.86 10.74 10.68 10.59 10.51 10.54 10.58 10.72 10.86 11.05 11.25 11.51 11.89 12.14 11.56 12.12 12.25
10.56 10.55 10.57 10.68 10.72 10.75 10.77 10.80 10.83 10.85 10.89 10.90 10.88 10.88 10.91 10.95 10.95 11.00 11.02 11.01 11.01 10.99 10.97 10.93 10.92 10.88 10.84 10.79 10.72 10.66 10.58 10.51 10.44 10.35 10.29 10.21 10.14 10.10 10.09 10.15 10.16 10.14 10.14 10.18 10.23 10.29 10.36 10.43 10.42 10.35 10.40 10.56 10.66 10.75 10.55 10.64 10.74 10.65 10.82 10.80 10.66 10.75 10.80 10.78 10.81 10.62 10.52 10.51 10.52 10.56 10.53 10.61 10.81 10.89 11.00 11.43 12.01 12.18 11.53 12.19 12.18
10.65 10.68 10.70 10.74 10.76 10.79 10.82 10.85 10.87 10.90 10.91 10.92 10.89 10.92 10.97 10.99 10.99 11.01 11.02 11.01 10.98 10.97 10.93 10.93 10.89 10.82 10.79 10.72 10.66 10.60 10.52 10.43 10.37 10.30 10.27 10.15 10.12 10.09 10.06 10.05 10.06 10.17 10.11 10.14 10.16 10.24 10.25 10.36 10.34 10.24 10.22 10.59 10.64 10.65 10.69 10.70 10.63 10.52 10.48 10.58 10.68 10.59 10.61 10.80 10.63 10.61 10.58 10.41 10.46 10.56 10.52 10.52 10.55 10.76 11.31 11.25 12.03 12.26 12.09 12.32 11.92
10.72 10.74 10.77 10.80 10.81 10.84 10.86 10.89 10.91 10.94 10.95 10.93 10.90 10.92 10.98 11.02 11.02 11.01 11.00 10.99 10.97 10.96 10.93 10.88 10.84 10.77 10.73 10.66 10.62 10.56 10.48 10.39 10.32 10.26 10.22 10.18 10.13 10.07 10.11 10.11 10.12 10.14 10.17 10.11 10.15 10.18 10.18 10.17 10.33 10.41 10.48 10.53 10.54 10.41 10.49 10.66 10.64 10.61 10.36 10.07 10.53 10.34 10.58 10.64 10.54 10.48 10.31 10.29 10.35 10.60 10.46 10.51 10.32 10.79 11.25 11.64 11.67 11.72 11.94 12.40 12.07
10.78 10.80 10.82 10.84 10.86 10.88 10.90 10.92 10.93 10.95 10.97 10.96 10.94 10.96 11.00 11.01 11.01 11.00 10.99 10.96 10.94 10.91 10.88 10.83 10.78 10.73 10.69 10.64 10.59 10.50 10.44 10.37 10.31 10.25 10.20 10.15 10.05 10.09 10.05 10.02 10.00 10.03 10.05 10.14 10.14 10.14 10.17 10.09 10.21 10.35 10.39 10.46 10.51 10.42 10.51 10.43 10.34 10.46 10.01 9.99 10.23 10.35 10.69 10.59 10.35 10.46 10.44 10.54 10.60 10.25 10.26 10.48 10.46 10.69 10.94 11.55 11.16 10.85 11.62 12.29 11.81
10.83 10.84 10.87 10.89 10.90 10.92 10.93 10.95 10.97 10.95 10.96 10.93 10.97 10.99 11.01 11.01 11.00 10.98 10.97 10.94 10.90 10.88 10.84 10.80 10.75 10.71 10.65 10.59 10.53 10.46 10.40 10.32 10.28 10.21 10.15 10.07 10.03 10.00 10.02 10.00 9.98 9.98 9.99 10.07 10.06 10.13 10.07 9.99 10.03 10.25 10.34 10.25 10.49 10.46 10.55 10.34 10.34 10.12 10.29 9.96 10.14 10.45 10.64 10.16 10.35 10.78 10.75 10.70 10.49 10.35 10.49 10.27 10.33 10.30 10.98 11.16 11.28 11.14 11.94 12.15 12.07
10.88 10.90 10.91 10.93 10.93 10.95 10.96 10.98 10.96 10.98 10.99 10.95 11.00 11.01 11.01 10.99 10.97 10.95 10.95 10.90 10.87 10.84 10.79 10.75 10.70 10.65 10.60 10.53 10.47 10.41 10.35 10.27 10.22 10.16 10.10 10.08 9.99 9.93 9.93 9.98 9.92 9.94 9.93 10.04 10.07 9.89 10.16 10.18 9.93 10.20 10.28 10.28 10.41 10.36 10.55 10.11 10.51 10.61 10.56 10.09 10.46 10.65 10.49 10.34 10.85 10.26 10.06 10.60 10.65 10.37 9.65 9.70 9.72 10.38 10.67 11.00 11.43 11.64 11.20 11.76 11.90
10.92 10.94 10.95 10.96 10.97 10.98 10.99 10.99 10.96 10.97 11.02 11.01 11.01 11.01 11.00 10.98 10.96 10.94 10.90 10.85 10.83 10.80 10.75 10.70 10.64 10.60 10.54 10.49 10.42 10.37 10.28 10.19 10.15 10.12 10.07 10.04 9.99 9.94 9.90 9.93 9.90 9.88 9.88 9.92 9.98 9.98 10.11 10.18 10.00 9.98 10.12 10.17 10.33 10.33 10.47 10.50 10.61 10.49 10.43 10.08 10.59 10.36 10.51 10.84 9.73 10.14 10.02 10.39 10.06 10.47 10.40 9.81 9.99 10.16 10.40 10.97 11.43 11.18 11.56 11.80 12.08
10.96 10.97 10.97 10.99 10.99 10.99 11.01 11.01 11.00 11.01 11.02 11.01 11.00 11.00 10.97 10.96 10.94 10.89 10.87 10.82 10.79 10.75 10.70 10.65 10.59 10.55 10.49 10.43 10.37 10.30 10.22 10.16 10.12 10.07 10.04 10.01 9.96 9.92 9.89 9.89 9.85 9.76 9.70 9.86 9.93 9.96 10.05 10.14 9.95 9.61 9.90 9.98 10.13 10.04 10.15 10.28 10.55 10.17 10.48 10.29 10.62 10.48 10.85 10.88 10.71 10.41 10.03 9.68 10.26 10.51 10.43 10.11 10.07 10.33 10.01 11.15 11.38 10.84 11.23 11.59 12.03
10.99 10.99 10.99 11.00 11.01 11.02 11.01 11.03 11.02 11.03 11.01 11.01 10.99 10.99 10.96 10.93 10.90 10.85 10.83 10.79 10.75 10.70 10.65 10.59 10.54 10.49 10.43 10.37 10.31 10.25 10.20 10.14 10.08 10.04 9.98 9.97 9.92 9.87 9.83 9.72 9.82 9.79 9.65 9.59 9.92 9.84 9.91 10.01 10.16 9.93 10.10 9.64 10.05 9.84 9.89 10.28 10.13 10.65 10.16 10.33 10.08 10.80 10.82 10.51 10.44 10.52 9.97 9.67 10.26 10.60 10.60 10.55 10.36 10.67 10.66 10.60 10.69 10.96 11.59 11.25 12.26
11.02 11.02 11.02 11.02 11.03 11.02 11.00 11.03 11.03 11.02 11.00 11.00 10.98 10.95 10.93 10.90 10.86 10.83 10.79 10.74 10.70 10.65 10.60 10.54 10.49 10.42 10.36 10.31 10.25 10.20 10.15 10.09 10.04 10.01 9.95 9.93 9.91 9.87 9.85 9.77 9.60 9.71 9.76 9.81 9.97 9.87 9.74 9.96 9.95 10.19 10.08 10.09 9.77 9.38 9.98 10.32 10.58 10.64 10.18 10.04 10.39 10.76 10.90 10.57 10.99 11.02 10.48 10.54 10.58 10.23 9.77 10.52 10.56 10.64 10.57 10.84 10.17 10.22 11.41 12.09 11.33
11.03 11.04 11.04 11.03 11.04 11.04 11.04 11.04 11.04 11.02 11.01 10.99 10.97 10.93 10.90 10.87 10.83 10.78 10.75 10.70 10.64 10.59 10.53 10.48 10.42 10.37 10.31 10.25 10.20 10.15 10.10 10.05 10.01 9.96 9.90 9.89 9.86 9.85 9.80 9.76 9.81 9.77 9.66 9.69 9.69 9.98 9.90 9.83 9.74 10.03 10.12 9.98 10.08 10.09 10.12 10.35 10.42 10.62 10.04 10.20 10.79 10.77 10.43 10.67 10.19 10.33 11.03 10.24 10.33 9.98 9.44 10.33 9.84 10.36 10.58 10.60 10.17 10.44 11.95 11.10 11.09
11.05 11.05 11.04 11.04 11.05 11.05 11.04 11.04 11.02 11.01 11.00 10.97 10.95 10.91 10.87 10.83 10.79 10.75 10.69 10.64 10.58 10.54 10.47 10.42 10.36 10.30 10.25 10.19 10.14 10.10 10.06 10.00 9.97 9.94 9.91 9.82 9.80 9.78 9.83 9.64 9.56 9.66 9.63 9.83 9.52 9.93 9.98 9.77 9.76 9.93 9.93 10.11 9.88 9.68 10.07 10.20 10.30 10.61 10.23 10.74 10.39 10.23 10.06 10.51 10.15 9.91 10.18 11.01 11.03 10.28 10.14 10.51 10.34 10.10 10.23 10.88 11.44 10.72 11.88 10.89 10.99
11.05 11.04 11.02 11.01 11.05 11.05 11.03 11.03 11.02 10.96 10.97 10.95 10.92 10.89 10.84 10.80 10.75 10.69 10.65 10.59 10.53 10.47 10.41 10.35 10.29 10.23 10.19 10.13 10.06 10.05 10.01 9.96 9.94 9.91 9.86 9.80 9.69 9.61 9.71 9.68 9.59 9.50 9.36 9.59 9.29 9.55 9.97 9.73 9.77 9.83 10.02 9.79 10.01 10.15 10.18 10.06 9.87 10.42 10.46 10.21 10.09 9.77 9.73 9.79 9.87 10.02 10.47 10.27 10.29 10.69 10.26 10.66 10.02 9.90 9.93 10.85 11.63 11.77 11.61 10.70 11.23
11.06 11.05 11.03 11.02 11.04 11.03 11.02 11.02 11.00 10.97 10.95 10.90 10.88 10.85 10.80 10.76 10.71 10.65 10.59 10.54 10.47 10.41 10.34 10.28 10.23 10.18 10.12 10.07 10.04 9.99 9.95 9.92 9.88 9.86 9.84 9.81 9.76 9.51 9.49 9.73 9.76 9.69 9.71 9.67 9.28 9.59 9.94 9.74 9.70 9.92 9.92 9.62 9.59 10.02 10.16 9.93 9.85 9.95 10.11 10.70 10.08 9.69 9.52 9.43 9.52 9.55 9.63 9.91 10.66 9.96 10.66 10.53 9.99 10.18 10.24 11.14 11.60 10.88 10.79 10.25 11.71
11.06 11.05 11.02 11.01 11.02 11.03 11.01 11.00 10.97 10.95 10.90 10.76 10.82 10.81 10.77 10.71 10.66 10.60 10.54 10.48 10.41 10.35 10.28 10.21 10.16 10.10 10.06 10.00 9.96 9.92 9.89 9.86 9.83 9.84 9.80 9.78 9.71 9.65 9.60 9.70 9.60 9.74 9.76 9.62 9.55 9.65 9.88 9.83 9.62 9.90 9.71 9.60 9.81 10.14 10.09 9.92 9.85 9.87 9.86 9.93 10.36 9.98 9.92 9.87 9.53 9.41 9.54 9.56 9.97 10.45 10.45 10.34 9.70 9.21 10.14 10.69 11.45 10.69 9.98 11.28 11.31
11.05 11.03 10.97 10.96 11.00 11.01 11.00 10.99 10.96 10.94 10.90 10.84 10.82 10.78 10.73 10.67 10.62 10.55 10.49 10.42 10.35 10.29 10.22 10.16 10.09 10.03 9.99 9.95 9.89 9.87 9.83 9.81 9.77 9.78 9.73 9.70 9.67 9.66 9.59 9.59 9.51 9.65 9.67 9.75 9.61 9.52 9.56 9.92 9.70 9.73 9.86 9.81 9.90 10.08 10.19 9.87 9.73 9.96 9.87 9.79 10.00 10.09 9.84 10.22 9.94 9.61 9.99 9.98 10.23 9.69 9.47 9.35 9.50 9.37 10.30 10.17 11.11 10.48 10.02 10.52 11.95
11.02 10.99 10.94 10.95 10.99 10.99 10.98 10.96 10.94 10.91 10.88 10.84 10.80 10.74 10.69 10.63 10.57 10.50 10.43 10.36 10.29 10.21 10.16 10.10 10.03 9.97 9.91 9.86 9.82 9.80 9.79 9.76 9.71 9.67 9.68 9.66 9.64 9.55 9.45 9.51 9.49 9.33 9.55 9.48 9.55 9.31 9.30 9.64 9.50 9.56 9.75 9.89 9.83 10.04 10.12 10.08 9.99 9.90 9.83 9.76 9.84 10.01 9.65 9.72 9.81 10.18 9.92 9.85 10.03 9.92 9.37 9.28 9.43 9.50 10.21 10.42 10.94 10.45 10.50 11.38 11.17
11.00 10.97 10.93 10.95 10.97 10.96 10.95 10.94 10.91 10.89 10.85 10.81 10.76 10.71 10.65 10.59 10.52 10.45 10.38 10.31 10.23 10.15 10.09 10.03 9.96 9.90 9.85 9.80 9.77 9.74 9.72 9.71 9.68 9.68 9.65 9.68 9.57 9.58 9.63 9.63 9.65 9.67 9.69 9.72 9.41 9.49 9.20 9.59 9.60 9.42 9.72 9.74 9.88 9.86 10.05 9.94 9.96 9.90 9.85 9.90 10.00 10.03 9.81 9.83 9.82 9.95 10.15 9.88 10.03 9.90 9.79 9.58 9.80 10.13 9.99 10.28 10.19 9.79 10.89 11.85 11.35
10.97 10.95 10.93 10.93 10.94 10.94 10.93 10.91 10.89 10.86 10.82 10.78 10.72 10.67 10.60 10.54 10.47 10.39 10.32 10.24 10.16 10.09 10.02 9.95 9.90 9.84 9.78 9.74 9.69 9.67 9.64 9.65 9.66 9.65 9.65 9.65 9.61 9.57 9.54 9.56 9.34 9.43 9.37 9.48 9.42 9.43 9.28 9.44 9.38 9.50 9.57 9.60 9.86 9.89 10.00 9.94 9.86 9.84 9.68 9.86 9.94 10.03 10.01 9.77 9.83 9.89 10.08 9.90 9.92 9.53 9.70 9.32 9.37 9.74 9.61 9.83 10.30 9.79 9.82 11.16 12.24
10.93 10.93 10.91 10.92 10.92 10.91 10.91 10.89 10.86 10.83 10.78 10.74 10.68 10.61 10.55 10.49 10.41 10.34 10.25 10.17 10.09 10.02 9.94 9.88 9.83 9.77 9.72 9.66 9.63 9.59 9.56 9.56 9.56 9.54 9.58 9.60 9.65 9.65 9.72 9.64 9.15 9.55 9.77 9.71 9.71 9.62 9.56 9.73 9.36 9.53 9.36 9.57 9.85 9.92 9.94 9.91 10.01 9.98 9.93 9.77 9.67 9.96 9.68 9.52 9.57 9.94 9.97 9.96 9.92 9.84 9.88 9.47 9.64 10.15 10.38 9.93 10.14 10.16 10.03 10.07 11.20
10.91 10.88 10.91 10.91 10.89 10.89 10.88 10.86 10.83 10.80 10.76 10.71 10.64 10.57 10.50 10.43 10.36 10.28 10.19 10.10 10.04 9.96 9.88 9.82 9.76 9.70 9.65 9.59 9.56 9.53 9.49 9.48 9.47 9.47 9.44 9.24 9.11 9.52 9.53 9.66 9.65 9.72 9.73 9.45 9.44 9.58 9.57 9.65 9.61 9.56 9.49 9.51 9.79 9.87 9.89 9.93 9.97 9.87 9.52 9.70 9.60 9.68 9.63 9.74 9.63 9.87 9.88 9.73 9.75 9.71 9.74 9.80 9.92 9.95 10.01 10.31 10.79 10.91 10.57 11.09 10.96
10.90 10.90 10.90 10.88 10.88 10.86 10.85 10.83 10.79 10.76 10.72 10.67 10.59 10.52 10.45 10.37 10.30 10.21 10.13 10.04 9.97 9.90 9.82 9.76 9.69 9.62 9.57 9.52 9.48 9.45 9.44 9.42 9.39 9.37 9.32 9.16 8.92 9.18 8.94 9.61 9.56 9.36 9.40 9.28 9.35 9.48 9.50 9.44 9.40 9.21 9.57 9.62 9.69 9.87 9.81 9.72 9.91 9.60 9.55 9.48 9.43 9.47 9.76 9.68 9.61 9.75 9.61 9.71 9.43 9.54 9.59 9.52 9.79 10.48 9.84 9.51 10.17 11.85 11.24 10.43 11.06
10.88 10.87 10.88 10.86 10.85 10.84 10.82 10.80 10.76 10.72 10.67 10.61 10.53 10.46 10.39 10.32 10.24 10.15 10.07 9.98 9.90 9.84 9.76 9.69 9.62 9.56 9.51 9.45 9.41 9.37 9.30 9.18 9.30 9.32 9.24 9.10 8.80 8.74 9.05 9.47 9.54 9.04 9.26 9.11 9.39 9.56 9.38 9.40 9.41 9.43 9.31 9.52 9.63 9.84 9.89 9.83 9.85 9.68 9.66 9.41 9.39 9.36 9.69 9.32 9.57 9.55 9.57 9.63 9.57 9.74 9.41 9.52 10.04 10.53 11.46 9.86 11.42 11.38 11.60 11.72 11.44
10.84 10.84 10.83 10.83 10.82 10.80 10.78 10.75 10.72 10.68 10.62 10.57 10.49 10.41 10.33 10.25 10.17 10.08 10.00 9.92 9.84 9.76 9.68 9.62 9.55 9.49 9.43 9.40 9.34 9.31 9.27 9.24 9.16 9.18 9.21 8.96 8.70 8.48 9.13 9.45 9.51 9.44 9.22 8.97 9.60 9.54 9.56 9.49 9.21 9.41 9.26 9.30 9.38 9.78 9.83 9.83 9.85 9.84 9.84 9.86 9.75 9.09 9.50 9.35 9.22 9.35 9.36 9.40 9.60 9.60 9.49 10.02 9.85 9.51 10.05 11.56 11.63 10.10 11.00 10.46 11.19
