main/data/pressure/12.03.2023.grid
ncols 886
nrows 691
xllcenter 112.0000
yllcenter -44.5000
cellsize 0.0500
nodata_value 99999.90
[rows 630 to 664 of 691, columns 0 to 78 of 886]
13.36 13.36 13.36 13.36 13.36 13.36 13.36 13.36 13.36 13.36 13.36 13.36 13.36 13.36 13.36 13.36 13.36 13.36 13.36 13.37 13.37 13.37 13.37 13.37 13.37 13.37 13.37 13.37 13.37 13.37 13.37 13.37 13.37 13.37 13.37 13.36 13.36 13.36 13.36 13.36 13.36 13.36 13.36 13.36 13.36 13.36 13.36 13.36 13.36 13.36 13.36 13.36 13.36 13.36 13.36 13.36 13.36 13.36 13.36 13.36 13.35 13.35 13.35 13.35 13.35 13.35 13.35 13.35 13.35 13.35 13.35 13.35 13.35 13.35 13.34 13.34 13.34 13.34 13.34
13.34 13.34 13.34 13.34 13.34 13.34 13.33 13.33 13.33 13.33 13.33 13.33 13.33 13.33 13.33 13.33 13.33 13.33 13.33 13.33 13.33 13.33 13.33 13.33 13.33 13.33 13.33 13.33 13.33 13.33 13.33 13.34 13.34 13.34 13.34 13.34 13.34 13.34 13.34 13.34 13.34 13.34 13.34 13.34 13.34 13.34 13.34 13.34 13.34 13.34 13.34 13.33 13.33 13.33 13.33 13.33 13.33 13.33 13.33 13.33 13.33 13.33 13.33 13.33 13.33 13.33 13.33 13.33 13.32 13.32 13.32 13.32 13.32 13.32 13.32 13.32 13.32 13.32 13.31
13.31 13.31 13.31 13.31 13.31 13.31 13.31 13.31 13.31 13.31 13.31 13.31 13.31 13.31 13.31 13.31 13.31 13.31 13.31 13.31 13.31 13.31 13.31 13.31 13.31 13.31 13.31 13.31 13.31 13.31 13.31 13.31 13.30 13.30 13.30 13.30 13.30 13.30 13.30 13.30 13.30 13.30 13.30 13.30 13.30 13.30 13.30 13.30 13.30 13.30 13.30 13.30 13.30 13.30 13.30 13.30 13.30 13.30 13.30 13.30 13.29 13.29 13.29 13.29 13.29 13.29 13.29 13.29 13.29 13.29 13.29 13.29 13.29 13.29 13.29 13.29 13.29 13.29 13.28
13.28 13.28 13.28 13.28 13.28 13.28 13.28 13.28 13.28 13.28 13.28 13.28 13.28 13.28 13.28 13.28 13.28 13.28 13.28 13.28 13.28 13.28 13.28 13.28 13.28 13.28 13.28 13.28 13.28 13.28 13.28 13.28 13.28 13.28 13.28 13.28 13.28 13.28 13.28 13.28 13.28 13.28 13.28 13.28 13.28 13.28 13.28 13.28 13.28 13.28 13.28 13.28 13.27 13.27 13.27 13.27 13.27 13.27 13.27 13.27 13.27 13.27 13.27 13.27 13.27 13.27 13.27 13.27 13.27 13.27 13.27 13.27 13.26 13.26 13.26 13.26 13.26 13.26 13.26
13.26 13.26 13.26 13.26 13.26 13.26 13.26 13.26 13.26 13.26 13.26 13.26 13.26 13.26 13.26 13.26 13.26 13.26 13.26 13.26 13.26 13.26 13.26 13.26 13.26 13.26 13.26 13.26 13.26 13.26 13.26 13.26 13.26 13.26 13.26 13.26 13.26 13.25 13.25 13.25 13.25 13.25 13.25 13.25 13.25 13.25 13.25 13.25 13.25 13.25 13.25 13.25 13.25 13.25 13.25 13.25 13.25 13.25 13.25 13.25 13.25 13.25 13.25 13.25 13.24 13.24 13.24 13.24 13.24 13.24 13.24 13.24 13.24 13.24 13.24 13.24 13.24 13.24 13.24
13.22 13.22 13.22 13.22 13.23 13.23 13.23 13.23 13.23 13.23 13.23 13.23 13.23 13.23 13.23 13.23 13.23 13.23 13.23 13.23 13.23 13.23 13.23 13.23 13.23 13.23 13.23 13.23 13.23 13.23 13.23 13.23 13.23 13.23 13.23 13.23 13.23 13.23 13.23 13.23 13.23 13.23 13.23 13.23 13.23 13.23 13.23 13.23 13.23 13.23 13.23 13.22 13.22 13.22 13.22 13.22 13.22 13.22 13.22 13.22 13.22 13.22 13.22 13.22 13.22 13.22 13.22 13.22 13.22 13.22 13.22 13.22 13.21 13.21 13.21 13.21 13.21 13.21 13.21
13.20 13.20 13.20 13.20 13.20 13.20 13.20 13.20 13.20 13.20 13.21 13.21 13.21 13.21 13.21 13.21 13.21 13.21 13.21 13.21 13.21 13.21 13.21 13.21 13.21 13.21 13.21 13.21 13.21 13.21 13.21 13.21 13.21 13.21 13.21 13.21 13.21 13.20 13.20 13.20 13.20 13.20 13.20 13.20 13.20 13.20 13.20 13.20 13.20 13.20 13.20 13.20 13.20 13.20 13.20 13.20 13.20 13.20 13.20 13.20 13.20 13.20 13.20 13.20 13.20 13.20 13.19 13.19 13.19 13.19 13.19 13.19 13.19 13.19 13.19 13.19 13.19 13.19 13.19
13.17 13.17 13.17 13.17 13.17 13.17 13.17 13.17 13.17 13.17 13.17 13.17 13.17 13.17 13.17 13.17 13.17 13.18 13.18 13.18 13.18 13.18 13.18 13.18 13.18 13.18 13.18 13.18 13.18 13.18 13.18 13.18 13.18 13.18 13.18 13.18 13.18 13.18 13.18 13.18 13.18 13.18 13.18 13.18 13.18 13.18 13.18 13.18 13.18 13.18 13.18 13.18 13.18 13.18 13.18 13.17 13.17 13.17 13.17 13.17 13.17 13.17 13.17 13.17 13.17 13.17 13.17 13.17 13.17 13.17 13.17 13.17 13.17 13.17 13.17 13.17 13.16 13.16 13.16
13.15 13.15 13.15 13.15 13.15 13.15 13.15 13.15 13.15 13.15 13.15 13.15 13.15 13.15 13.15 13.15 13.15 13.15 13.15 13.15 13.15 13.15 13.15 13.15 13.15 13.15 13.15 13.15 13.15 13.14 13.14 13.16 13.16 13.16 13.16 13.16 13.15 13.15 13.15 13.15 13.15 13.15 13.15 13.15 13.15 13.15 13.15 13.15 13.15 13.15 13.15 13.15 13.15 13.15 13.15 13.15 13.15 13.15 13.15 13.15 13.15 13.15 13.15 13.15 13.15 13.15 13.14 13.14 13.14 13.13 13.13 13.13 13.13 13.13 13.13 13.13 13.13 13.13 13.13
13.12 13.12 13.12 13.12 13.12 13.12 13.12 13.12 13.12 13.12 13.12 13.12 13.12 13.12 13.12 13.12 13.12 13.12 13.12 13.12 13.12 13.12 13.12 13.12 13.12 13.12 13.12 13.12 13.12 13.12 13.12 13.12 13.12 13.12 13.12 13.12 13.12 13.12 13.12 13.12 13.12 13.12 13.12 13.12 13.12 13.12 13.12 13.12 13.12 13.12 13.12 13.12 13.12 13.12 13.12 13.12 13.11 13.11 13.11 13.11 13.11 13.11 13.11 13.11 13.11 13.11 13.11 13.11 13.11 13.11 13.11 13.11 13.11 13.11 13.11 13.11 13.11 13.11 13.11
13.10 13.10 13.10 13.10 13.10 13.10 13.10 13.10 13.10 13.10 13.10 13.10 13.10 13.10 13.10 13.10 13.10 13.10 13.10 13.10 13.10 13.10 13.10 13.10 13.10 13.10 13.10 13.10 13.10 13.10 13.10 13.10 13.10 13.10 13.09 13.09 13.09 13.09 13.09 13.09 13.09 13.09 13.09 13.09 13.09 13.09 13.09 13.09 13.09 13.09 13.09 13.09 13.09 13.09 13.09 13.09 13.09 13.09 13.09 13.09 13.09 13.09 13.09 13.09 13.09 13.09 13.09 13.09 13.09 13.09 13.08 13.08 13.08 13.08 13.08 13.08 13.08 13.08 13.08
13.07 13.07 13.07 13.07 13.07 13.07 13.07 13.07 13.07 13.07 13.07 13.07 13.07 13.07 13.07 13.07 13.07 13.07 13.07 13.07 13.07 13.07 13.07 13.07 13.07 13.07 13.07 13.07 13.07 13.07 13.07 13.07 13.07 13.07 13.07 13.07 13.07 13.07 13.07 13.07 13.07 13.07 13.07 13.07 13.07 13.07 13.07 13.07 13.07 13.07 13.07 13.07 13.07 13.07 13.07 13.07 13.07 13.06 13.06 13.06 13.06 13.06 13.06 13.06 13.06 13.06 13.06 13.06 13.06 13.06 13.06 13.06 13.06 13.06 13.06 13.06 13.06 13.06 13.06
13.04 13.04 13.04 13.04 13.04 13.04 13.04 13.04 13.04 13.04 13.04 13.04 13.04 13.04 13.04 13.04 13.04 13.04 13.04 13.04 13.04 13.04 13.04 13.04 13.04 13.04 13.04 13.04 13.04 13.04 13.04 13.04 13.04 13.04 13.04 13.04 13.04 13.04 13.04 13.04 13.04 13.04 13.04 13.04 13.04 13.04 13.04 13.04 13.04 13.04 13.04 13.04 13.04 13.04 13.04 13.04 13.04 13.04 13.04 13.04 13.04 13.04 13.04 13.04 13.04 13.04 13.04 13.04 13.04 13.04 13.04 13.04 13.03 13.03 13.03 13.03 13.03 13.03 13.03
13.02 13.02 13.02 13.02 13.02 13.02 13.02 13.02 13.02 13.02 13.02 13.02 13.02 13.02 13.02 13.02 13.02 13.02 13.02 13.02 13.02 13.02 13.02 13.02 13.02 13.02 13.02 13.02 13.02 13.02 13.02 13.02 13.02 13.02 13.02 13.02 13.02 13.02 13.02 13.02 13.02 13.02 13.02 13.02 13.02 13.02 13.02 13.02 13.02 13.02 13.02 13.02 13.02 13.02 13.02 13.02 13.02 13.02 13.01 13.01 13.01 13.01 13.01 13.01 13.01 13.01 13.01 13.01 13.01 13.01 13.01 13.01 13.01 13.01 13.01 13.01 13.01 13.01 13.01
12.99 12.99 12.99 12.99 12.99 12.99 12.99 12.99 12.99 12.99 12.99 12.99 12.99 12.99 12.99 12.99 12.99 12.99 12.99 12.99 12.99 12.99 12.99 12.99 12.99 12.99 12.99 12.99 12.99 12.99 12.99 12.99 12.99 12.99 12.99 12.99 12.99 12.99 12.99 12.99 12.99 12.99 12.99 12.99 12.99 12.99 12.99 12.99 12.99 12.99 12.99 12.99 12.99 12.99 12.99 12.99 12.99 12.99 12.99 12.99 12.99 12.99 12.99 12.99 12.99 12.99 12.99 12.99 12.99 12.99 12.99 12.99 12.99 12.99 12.98 12.98 12.98 12.98 12.98
12.97 12.97 12.97 12.97 12.97 12.97 12.97 12.97 12.97 12.97 12.97 12.97 12.97 12.97 12.97 12.97 12.97 12.97 12.97 12.97 12.97 12.97 12.97 12.97 12.97 12.97 12.97 12.97 12.97 12.97 12.97 12.97 12.97 12.97 12.97 12.97 12.97 12.97 12.97 12.97 12.97 12.97 12.97 12.97 12.97 12.97 12.97 12.97 12.97 12.97 12.97 12.97 12.97 12.97 12.96 12.96 12.96 12.96 12.96 12.96 12.96 12.96 12.96 12.96 12.96 12.96 12.96 12.96 12.96 12.96 12.96 12.96 12.96 12.96 12.96 12.96 12.96 12.96 12.96
12.94 12.94 12.94 12.94 12.94 12.94 12.94 12.94 12.94 12.94 12.94 12.94 12.94 12.94 12.94 12.94 12.94 12.94 12.94 12.94 12.94 12.94 12.94 12.94 12.94 12.94 12.94 12.94 12.94 12.94 12.94 12.94 12.94 12.94 12.94 12.94 12.94 12.94 12.94 12.94 12.94 12.94 12.94 12.94 12.94 12.94 12.94 12.94 12.94 12.94 12.94 12.94 12.94 12.94 12.94 12.94 12.94 12.94 12.94 12.94 12.94 12.94 12.94 12.94 12.94 12.94 12.94 12.94 12.94 12.94 12.94 12.94 12.94 12.94 12.94 12.93 12.93 12.93 12.93
12.92 12.92 12.92 12.92 12.92 12.92 12.92 12.92 12.92 12.92 12.92 12.92 12.92 12.92 12.92 12.92 12.92 12.92 12.92 12.92 12.92 12.92 12.92 12.92 12.92 12.92 12.92 12.92 12.92 12.92 12.92 12.92 12.92 12.92 12.92 12.92 12.92 12.92 12.92 12.92 12.92 12.92 12.92 12.92 12.92 12.92 12.92 12.92 12.92 12.92 12.92 12.92 12.92 12.92 12.91 12.91 12.91 12.91 12.91 12.91 12.91 12.91 12.91 12.91 12.91 12.91 12.91 12.91 12.91 12.91 12.91 12.91 12.91 12.91 12.91 12.91 12.91 12.91 12.91
12.89 12.89 12.89 12.89 12.89 12.89 12.89 12.89 12.89 12.89 12.89 12.89 12.89 12.89 12.89 12.89 12.89 12.89 12.89 12.89 12.89 12.89 12.89 12.89 12.89 12.89 12.89 12.89 12.89 12.89 12.89 12.89 12.89 12.89 12.89 12.89 12.89 12.89 12.89 12.89 12.89 12.89 12.89 12.89 12.89 12.89 12.89 12.89 12.89 12.89 12.89 12.89 12.89 12.89 12.89 12.89 12.89 12.89 12.89 12.89 12.89 12.89 12.89 12.89 12.89 12.89 12.89 12.89 12.89 12.89 12.89 12.89 12.89 12.89 12.88 12.88 12.88 12.88 12.88
12.87 12.87 12.87 12.87 12.87 12.87 12.87 12.87 12.87 12.87 12.87 12.87 12.87 12.87 12.87 12.87 12.87 12.87 12.87 12.87 12.87 12.87 12.87 12.87 12.87 12.87 12.87 12.87 12.87 12.87 12.87 12.87 12.87 12.87 12.87 12.87 12.87 12.87 12.87 12.87 12.87 12.87 12.87 12.87 12.87 12.87 12.87 12.87 12.87 12.87 12.87 12.87 12.87 12.87 12.87 12.87 12.87 12.87 12.87 12.86 12.86 12.86 12.86 12.86 12.86 12.86 12.86 12.86 12.86 12.86 12.86 12.86 12.86 12.86 12.86 12.86 12.86 12.86 12.86
12.84 12.84 12.84 12.84 12.84 12.84 12.84 12.84 12.84 12.84 12.84 12.84 12.84 12.84 12.84 12.84 12.84 12.84 12.84 12.84 12.84 12.84 12.84 12.84 12.84 12.84 12.84 12.84 12.84 12.84 12.84 12.84 12.84 12.84 12.84 12.84 12.84 12.84 12.84 12.84 12.84 12.84 12.84 12.84 12.84 12.84 12.84 12.84 12.84 12.84 12.84 12.84 12.84 12.84 12.84 12.84 12.84 12.84 12.84 12.84 12.84 12.84 12.84 12.84 12.84 12.84 12.84 12.84 12.84 12.84 12.84 12.84 12.84 12.84 12.84 12.84 12.84 12.84 12.84
12.80 12.80 12.80 12.80 12.80 12.80 12.80 12.80 12.80 12.80 12.80 12.81 12.81 12.81 12.82 12.82 12.82 12.82 12.82 12.82 12.82 12.82 12.82 12.82 12.82 12.82 12.82 12.82 12.82 12.82 12.82 12.82 12.82 12.82 12.82 12.82 12.82 12.82 12.82 12.82 12.82 12.82 12.82 12.82 12.82 12.82 12.82 12.82 12.82 12.82 12.82 12.82 12.82 12.82 12.82 12.82 12.82 12.81 12.81 12.81 12.81 12.81 12.81 12.81 12.81 12.81 12.81 12.81 12.81 12.81 12.81 12.81 12.81 12.81 12.81 12.81 12.81 12.81 12.81
12.78 12.78 12.78 12.78 12.78 12.78 12.78 12.78 12.78 12.78 12.78 12.78 12.78 12.78 12.78 12.78 12.78 12.78 12.78 12.78 12.78 12.79 12.79 12.79 12.79 12.79 12.79 12.79 12.79 12.79 12.79 12.79 12.79 12.79 12.79 12.79 12.79 12.79 12.79 12.79 12.79 12.79 12.79 12.79 12.79 12.79 12.79 12.79 12.79 12.79 12.79 12.79 12.79 12.79 12.79 12.79 12.79 12.79 12.79 12.79 12.79 12.79 12.79 12.79 12.79 12.78 12.78 12.78 12.78 12.78 12.78 12.78 12.78 12.78 12.78 12.78 12.78 12.78 12.78
12.75 12.75 12.75 12.75 12.75 12.75 12.75 12.75 12.75 12.75 12.75 12.75 12.75 12.75 12.75 12.75 12.75 12.75 12.75 12.75 12.75 12.75 12.75 12.75 12.75 12.75 12.75 12.75 12.75 12.75 12.76 12.76 12.76 12.76 12.76 12.76 12.76 12.76 12.76 12.76 12.76 12.76 12.76 12.76 12.76 12.76 12.76 12.76 12.76 12.76 12.76 12.76 12.76 12.76 12.75 12.75 12.75 12.75 12.75 12.75 12.75 12.75 12.75 12.75 12.75 12.75 12.75 12.75 12.75 12.75 12.75 12.75 12.75 12.75 12.75 12.75 12.75 12.75 12.75
12.72 12.72 12.73 12.73 12.73 12.73 12.73 12.73 12.73 12.73 12.73 12.73 12.73 12.73 12.73 12.73 12.73 12.73 12.73 12.73 12.73 12.73 12.73 12.73 12.73 12.73 12.73 12.73 12.73 12.73 12.73 12.73 12.73 12.73 12.73 12.73 12.73 12.73 12.73 12.73 12.73 12.73 12.73 12.73 12.73 12.73 12.73 12.73 12.73 12.73 12.73 12.73 12.73 12.73 12.73 12.73 12.73 12.73 12.73 12.73 12.73 12.73 12.73 12.73 12.73 12.73 12.73 12.73 12.73 12.73 12.73 12.73 12.73 12.73 12.73 12.73 12.73 12.73 12.73
12.70 12.70 12.70 12.70 12.70 12.70 12.70 12.70 12.70 12.70 12.70 12.70 12.70 12.70 12.70 12.70 12.70 12.70 12.70 12.70 12.70 12.70 12.70 12.70 12.70 12.70 12.70 12.70 12.70 12.70 12.70 12.70 12.70 12.70 12.70 12.70 12.70 12.70 12.70 12.70 12.70 12.70 12.70 12.70 12.70 12.70 12.70 12.70 12.70 12.70 12.70 12.70 12.70 12.70 12.70 12.70 12.70 12.70 12.70 12.70 12.70 12.70 12.70 12.70 12.70 12.70 12.70 12.70 12.70 12.70 12.70 12.70 12.70 12.70 12.70 12.70 12.70 12.70 12.70
12.67 12.67 12.67 12.67 12.67 12.67 12.67 12.67 12.68 12.68 12.68 12.68 12.68 12.68 12.68 12.68 12.68 12.68 12.68 12.68 12.68 12.68 12.68 12.68 12.68 12.68 12.68 12.68 12.68 12.68 12.68 12.68 12.68 12.68 12.68 12.68 12.68 12.68 12.68 12.68 12.68 12.68 12.68 12.68 12.68 12.68 12.68 12.68 12.68 12.68 12.68 12.68 12.68 12.68 12.68 12.68 12.68 12.68 12.68 12.68 12.68 12.68 12.68 12.68 12.68 12.68 12.68 12.68 12.68 12.68 12.68 12.68 12.68 12.68 12.68 12.68 12.68 12.68 12.68
12.65 12.65 12.65 12.65 12.65 12.65 12.65 12.65 12.65 12.65 12.65 12.65 12.65 12.65 12.65 12.65 12.65 12.65 12.65 12.65 12.65 12.65 12.65 12.65 12.65 12.65 12.65 12.65 12.65 12.65 12.65 12.65 12.65 12.65 12.65 12.65 12.65 12.65 12.65 12.65 12.65 12.65 12.65 12.65 12.65 12.65 12.65 12.65 12.65 12.65 12.65 12.65 12.65 12.65 12.65 12.65 12.65 12.65 12.65 12.65 12.65 12.65 12.65 12.65 12.65 12.65 12.65 12.65 12.65 12.65 12.65 12.65 12.65 12.65 12.65 12.65 12.65 12.65 12.65
12.62 12.62 12.62 12.62 12.62 12.62 12.62 12.62 12.62 12.62 12.62 12.62 12.62 12.62 12.62 12.62 12.62 12.62 12.62 12.62 12.62 12.62 12.62 12.62 12.63 12.63 12.63 12.63 12.63 12.63 12.63 12.63 12.63 12.63 12.63 12.63 12.63 12.63 12.63 12.63 12.63 12.63 12.63 12.63 12.63 12.63 12.63 12.63 12.63 12.63 12.63 12.63 12.63 12.63 12.63 12.63 12.63 12.63 12.63 12.63 12.63 12.63 12.63 12.63 12.63 12.63 12.63 12.63 12.63 12.63 12.63 12.63 12.63 12.63 12.63 12.63 12.63 12.63 12.63
12.60 12.60 12.60 12.60 12.60 12.60 12.60 12.60 12.60 12.60 12.60 12.60 12.60 12.60 12.60 12.60 12.60 12.60 12.60 12.60 12.60 12.60 12.60 12.60 12.60 12.60 12.60 12.60 12.60 12.60 12.60 12.60 12.60 12.60 12.60 12.60 12.60 12.60 12.60 12.60 12.60 12.60 12.60 12.60 12.60 12.60 12.60 12.60 12.60 12.60 12.60 12.60 12.60 12.60 12.60 12.60 12.60 12.60 12.60 12.60 12.60 12.60 12.60 12.60 12.60 12.60 12.60 12.60 12.60 12.60 12.60 12.60 12.60 12.60 12.60 12.60 12.60 12.60 12.60
12.57 12.57 12.57 12.57 12.57 12.57 12.57 12.57 12.57 12.57 12.57 12.57 12.57 12.57 12.57 12.57 12.57 12.57 12.57 12.57 12.57 12.57 12.57 12.57 12.57 12.57 12.57 12.57 12.57 12.57 12.57 12.57 12.57 12.57 12.57 12.58 12.58 12.58 12.58 12.58 12.58 12.58 12.58 12.58 12.58 12.58 12.58 12.58 12.58 12.58 12.58 12.58 12.58 12.58 12.58 12.58 12.58 12.58 12.58 12.58 12.58 12.58 12.58 12.58 12.58 12.58 12.58 12.58 12.58 12.58 12.58 12.58 12.58 12.58 12.58 12.58 12.58 12.58 12.58
12.54 12.54 12.54 12.54 12.54 12.54 12.54 12.54 12.54 12.54 12.54 12.54 12.55 12.55 12.55 12.55 12.55 12.55 12.55 12.55 12.55 12.55 12.55 12.55 12.55 12.55 12.55 12.55 12.55 12.55 12.55 12.55 12.55 12.55 12.55 12.55 12.55 12.55 12.55 12.55 12.55 12.55 12.55 12.55 12.55 12.55 12.55 12.55 12.55 12.55 12.55 12.55 12.55 12.55 12.55 12.55 12.55 12.55 12.55 12.55 12.55 12.55 12.55 12.55 12.55 12.55 12.55 12.55 12.55 12.55 12.55 12.55 12.55 12.55 12.55 12.55 12.55 12.55 12.55
12.52 12.52 12.52 12.52 12.52 12.52 12.52 12.52 12.52 12.52 12.52 12.52 12.52 12.52 12.52 12.52 12.52 12.52 12.52 12.52 12.52 12.52 12.52 12.52 12.52 12.52 12.52 12.52 12.52 12.52 12.52 12.52 12.52 12.52 12.52 12.52 12.52 12.52 12.53 12.53 12.53 12.53 12.53 12.53 12.53 12.53 12.53 12.53 12.53 12.53 12.53 12.53 12.53 12.53 12.53 12.53 12.53 12.53 12.53 12.53 12.53 12.53 12.53 12.53 12.53 12.53 12.53 12.53 12.53 12.53 12.53 12.53 12.53 12.53 12.53 12.53 12.53 12.53 12.53
12.49 12.49 12.49 12.49 12.49 12.49 12.49 12.49 12.49 12.49 12.49 12.49 12.49 12.49 12.49 12.49 12.49 12.49 12.49 12.49 12.49 12.50 12.50 12.50 12.50 12.50 12.50 12.50 12.50 12.50 12.50 12.50 12.50 12.50 12.50 12.50 12.50 12.50 12.50 12.50 12.50 12.50 12.50 12.50 12.50 12.50 12.50 12.50 12.50 12.50 12.50 12.50 12.50 12.50 12.50 12.50 12.50 12.50 12.50 12.50 12.50 12.50 12.50 12.50 12.50 12.50 12.50 12.50 12.50 12.50 12.50 12.50 12.50 12.50 12.50 12.50 12.50 12.50 12.50
12.46 12.46 12.46 12.46 12.47 12.47 12.47 12.47 12.47 12.47 12.47 12.47 12.47 12.47 12.47 12.47 12.47 12.47 12.47 12.47 12.47 12.47 12.47 12.47 12.47 12.47 12.47 12.47 12.47 12.47 12.47 12.47 12.47 12.47 12.47 12.47 12.47 12.47 12.47 12.47 12.47 12.47 12.47 12.47 12.47 12.47 12.47 12.47 12.47 12.47 12.47 12.47 12.47 12.47 12.47 12.47 12.47 12.48 12.48 12.48 12.48 12.48 12.48 12.48 12.48 12.48 12.48 12.48 12.48 12.48 12.48 12.48 12.48 12.48 12.48 12.48 12.48 12.48 12.48
