main/data/pressure/12.09.2023.grid
ncols 886
nrows 691
xllcenter 112.0000
yllcenter -44.5000
cellsize 0.0500
nodata_value 99999.90
[rows 252 to 287 of 691, columns 166 to 248 of 886]
4.83 4.79 4.84 4.92 4.84 4.85 4.88 4.90 4.92 4.94 4.98 5.12 5.04 5.15 5.24 5.33 5.39 5.43 5.48 5.53 5.57 5.60 5.62 5.63 5.65 5.68 5.75 5.85 5.98 6.13 6.26 6.35 6.42 6.51 6.60 6.70 6.82 6.93 7.04 7.16 7.31 7.44 7.55 7.62 7.70 7.84 7.99 8.11 8.19 8.29 8.40 8.52 8.63 8.73 8.82 8.93 9.03 9.15 9.24 9.29 9.34 9.37 9.40 9.47 9.56 9.66 9.76 9.87 9.94 10.00 10.02 10.07 10.12 10.08 10.03 10.01 10.04 10.12 10.17 10.19 10.19 10.16 10.14
4.99 4.96 4.98 5.00 4.95 4.89 4.87 4.85 4.92 5.03 5.11 4.92 5.11 5.23 5.29 5.38 5.45 5.48 5.54 5.60 5.65 5.66 5.70 5.68 5.73 5.78 5.83 5.94 6.08 6.22 6.35 6.46 6.58 6.69 6.77 6.84 6.90 7.00 7.12 7.21 7.40 7.56 7.66 7.74 7.84 7.97 8.11 8.25 8.33 8.45 8.57 8.69 8.81 8.91 9.03 9.12 9.22 9.34 9.45 9.54 9.62 9.69 9.74 9.81 9.89 9.99 10.07 10.15 10.19 10.21 10.22 10.24 10.34 10.41 10.33 10.25 10.26 10.33 10.38 10.38 10.33 10.34 10.31
5.14 5.11 5.09 5.06 4.99 4.85 4.90 4.88 4.90 5.05 5.13 5.08 5.21 5.26 5.32 5.39 5.47 5.53 5.61 5.64 5.68 5.61 5.74 5.80 5.85 5.90 5.97 6.08 6.20 6.34 6.46 6.57 6.69 6.83 6.94 7.03 7.10 7.18 7.27 7.37 7.51 7.65 7.77 7.87 7.99 8.11 8.26 8.39 8.50 8.61 8.75 8.87 8.99 9.11 9.22 9.34 9.45 9.57 9.67 9.78 9.86 9.96 10.05 10.12 10.20 10.28 10.34 10.40 10.42 10.43 10.42 10.43 10.55 10.67 10.68 10.61 10.60 10.64 10.66 10.64 10.62 10.59 10.55
5.21 5.18 5.15 5.12 5.08 5.03 5.03 4.95 4.98 5.10 5.13 4.86 5.16 5.28 5.36 5.44 5.53 5.61 5.67 5.71 5.74 5.66 5.80 5.90 5.99 6.05 6.11 6.24 6.36 6.49 6.61 6.70 6.77 6.92 7.09 7.21 7.32 7.39 7.47 7.55 7.68 7.78 7.90 8.01 8.14 8.28 8.43 8.55 8.66 8.79 8.92 9.06 9.19 9.32 9.44 9.56 9.68 9.79 9.91 10.00 10.10 10.20 10.31 10.40 10.48 10.56 10.61 10.64 10.65 10.67 10.64 10.61 10.77 10.92 10.99 10.97 10.97 10.97 10.95 10.93 10.92 10.87 10.82
5.26 5.23 5.22 5.16 5.09 5.07 5.10 5.06 5.04 5.15 5.20 5.22 5.28 5.37 5.45 5.53 5.61 5.67 5.73 5.74 5.79 5.83 5.92 6.00 6.11 6.22 6.31 6.43 6.55 6.68 6.78 6.86 6.93 7.05 7.16 7.30 7.48 7.60 7.69 7.77 7.87 7.97 8.07 8.19 8.32 8.46 8.59 8.71 8.83 8.97 9.12 9.26 9.40 9.53 9.65 9.77 9.89 10.01 10.12 10.24 10.35 10.46 10.56 10.66 10.74 10.80 10.84 10.87 10.87 10.90 10.92 10.96 11.07 11.18 11.26 11.30 11.26 11.22 11.18 11.17 11.16 11.12 11.06
5.30 5.30 5.27 5.23 5.17 5.17 5.22 5.15 5.12 5.22 5.25 5.31 5.39 5.46 5.51 5.58 5.68 5.69 5.80 5.80 5.87 5.99 6.06 6.09 6.24 6.39 6.51 6.63 6.72 6.83 6.96 7.05 7.10 7.19 7.26 7.40 7.64 7.80 7.91 8.01 8.10 8.18 8.28 8.39 8.50 8.64 8.76 8.89 9.01 9.16 9.30 9.46 9.61 9.74 9.86 9.98 10.11 10.23 10.35 10.48 10.61 10.73 10.84 10.94 11.01 11.06 11.10 11.10 11.12 11.16 11.23 11.30 11.37 11.43 11.52 11.60 11.53 11.50 11.41 11.44 11.43 11.40 11.33
5.35 5.35 5.33 5.32 5.32 5.32 5.28 5.11 5.14 5.33 5.35 5.39 5.43 5.45 5.44 5.58 5.75 5.80 5.82 5.91 6.02 6.07 6.21 6.29 6.42 6.56 6.67 6.75 6.84 6.96 7.11 7.23 7.31 7.39 7.48 7.62 7.76 7.97 8.13 8.24 8.34 8.42 8.51 8.60 8.69 8.81 8.93 9.05 9.19 9.35 9.49 9.66 9.82 9.95 10.07 10.19 10.32 10.46 10.61 10.75 10.89 11.02 11.13 11.23 11.32 11.38 11.42 11.44 11.47 11.52 11.56 11.60 11.64 11.70 11.80 11.89 11.91 11.88 11.83 11.81 11.78 11.74 11.68
5.38 5.39 5.40 5.40 5.41 5.41 5.32 5.24 5.31 5.43 5.40 5.37 5.38 5.47 5.57 5.70 5.81 5.84 5.86 5.96 6.15 6.13 6.29 6.47 6.59 6.71 6.80 6.85 6.92 7.06 7.25 7.41 7.53 7.64 7.74 7.87 8.03 8.20 8.34 8.46 8.57 8.65 8.73 8.81 8.89 8.99 9.14 9.25 9.41 9.58 9.68 9.87 10.03 10.16 10.28 10.41 10.54 10.71 10.88 11.03 11.19 11.33 11.44 11.52 11.61 11.71 11.78 11.81 11.85 11.90 11.91 11.90 11.94 12.01 12.10 12.16 12.21 12.23 12.21 12.18 12.14 12.09 12.03
5.42 5.43 5.45 5.47 5.48 5.47 5.38 5.47 5.55 5.54 5.49 5.39 5.40 5.56 5.69 5.80 5.88 5.94 5.90 5.99 6.14 6.19 6.42 6.59 6.71 6.82 6.90 6.96 7.03 7.16 7.36 7.54 7.67 7.82 7.96 8.11 8.26 8.40 8.55 8.68 8.80 8.89 8.91 8.87 8.93 9.12 9.29 9.42 9.61 9.87 10.01 10.17 10.31 10.43 10.52 10.65 10.80 10.99 11.19 11.36 11.51 11.64 11.74 11.80 11.86 11.97 12.07 12.16 12.23 12.26 12.28 12.27 12.28 12.33 12.41 12.40 12.46 12.48 12.48 12.45 12.43 12.40 12.33
5.45 5.47 5.49 5.51 5.52 5.56 5.55 5.59 5.64 5.63 5.63 5.64 5.61 5.70 5.79 5.85 5.95 6.04 6.07 6.06 6.06 6.31 6.61 6.73 6.83 6.92 7.00 7.07 7.16 7.30 7.47 7.64 7.80 7.97 8.11 8.24 8.45 8.63 8.76 8.91 9.04 9.18 9.19 9.07 9.11 9.31 9.48 9.60 9.66 10.07 10.32 10.51 10.65 10.76 10.85 10.99 11.11 11.32 11.53 11.69 11.81 11.95 12.05 12.11 12.10 12.18 12.36 12.48 12.55 12.63 12.66 12.64 12.62 12.64 12.70 12.72 12.74 12.75 12.73 12.70 12.70 12.71 12.61
5.48 5.50 5.52 5.55 5.57 5.59 5.65 5.67 5.70 5.72 5.73 5.75 5.73 5.75 5.80 5.88 6.01 6.10 6.17 6.20 6.27 6.45 6.67 6.83 6.97 7.02 7.08 7.18 7.29 7.44 7.61 7.79 7.98 8.16 8.31 8.46 8.65 8.82 8.99 9.14 9.30 9.43 9.51 9.52 9.60 9.73 9.87 10.01 10.17 10.42 10.66 10.85 11.00 11.11 11.25 11.38 11.51 11.69 11.88 12.02 12.12 12.24 12.38 12.46 12.51 12.55 12.65 12.75 12.85 12.95 13.03 13.05 13.01 13.03 13.08 13.11 13.10 13.09 13.06 13.02 13.01 13.02 12.92
5.54 5.54 5.56 5.59 5.60 5.63 5.68 5.71 5.76 5.79 5.82 5.84 5.82 5.78 5.81 5.86 5.99 6.17 6.28 6.35 6.45 6.58 6.74 6.92 7.06 7.11 7.15 7.29 7.43 7.60 7.78 7.96 8.18 8.37 8.51 8.68 8.86 9.04 9.21 9.38 9.55 9.70 9.84 9.96 10.08 10.19 10.32 10.49 10.70 10.87 11.03 11.20 11.35 11.49 11.63 11.78 11.91 12.07 12.23 12.34 12.43 12.57 12.71 12.82 12.91 12.93 12.96 13.02 13.12 13.24 13.35 13.45 13.45 13.47 13.49 13.49 13.47 13.45 13.42 13.34 13.34 13.33 13.20
5.56 5.59 5.60 5.63 5.66 5.69 5.72 5.77 5.81 5.85 5.89 5.92 5.90 5.89 5.93 6.03 6.17 6.31 6.42 6.49 6.57 6.73 6.89 7.03 7.12 7.22 7.32 7.47 7.64 7.82 8.00 8.15 8.32 8.51 8.71 8.89 9.07 9.26 9.44 9.62 9.79 9.95 10.12 10.28 10.42 10.57 10.72 10.89 11.07 11.25 11.39 11.54 11.70 11.86 12.01 12.15 12.29 12.44 12.58 12.66 12.75 12.89 13.03 13.15 13.23 13.29 13.34 13.38 13.43 13.49 13.64 13.76 13.83 13.87 13.87 13.82 13.77 13.75 13.73 13.70 13.68 13.65 13.55
5.59 5.64 5.65 5.67 5.70 5.73 5.75 5.81 5.88 5.92 5.96 6.00 6.00 6.02 6.08 6.23 6.38 6.49 6.60 6.64 6.68 6.88 7.08 7.20 7.29 7.40 7.51 7.70 7.88 8.06 8.24 8.37 8.45 8.70 8.91 9.11 9.30 9.49 9.68 9.85 10.03 10.21 10.38 10.57 10.74 10.89 11.05 11.23 11.41 11.57 11.73 11.90 12.06 12.21 12.36 12.51 12.66 12.81 12.93 13.00 13.06 13.21 13.36 13.48 13.58 13.66 13.80 13.95 13.87 13.80 13.92 14.03 14.12 14.20 14.23 14.13 14.08 14.07 14.06 14.05 14.01 13.96 13.89
5.66 5.67 5.68 5.70 5.72 5.76 5.79 5.86 5.94 6.01 6.05 6.08 6.10 6.13 6.21 6.35 6.49 6.61 6.75 6.84 6.91 7.09 7.26 7.40 7.53 7.66 7.79 7.97 8.15 8.33 8.49 8.63 8.75 8.94 9.16 9.36 9.55 9.73 9.92 10.10 10.27 10.45 10.64 10.84 11.03 11.21 11.38 11.56 11.73 11.90 12.07 12.24 12.41 12.57 12.72 12.87 13.02 13.16 13.29 13.39 13.47 13.60 13.72 13.84 13.94 14.05 14.17 14.31 14.28 14.24 14.28 14.35 14.44 14.51 14.59 14.56 14.51 14.48 14.46 14.40 14.33 14.24 14.16
5.68 5.70 5.72 5.73 5.74 5.78 5.85 5.93 6.01 6.08 6.13 6.15 6.20 6.23 6.31 6.44 6.57 6.69 6.85 7.02 7.11 7.30 7.43 7.56 7.68 7.88 8.05 8.22 8.40 8.55 8.72 8.89 9.05 9.23 9.42 9.62 9.80 9.99 10.18 10.36 10.50 10.68 10.88 11.11 11.32 11.52 11.71 11.88 12.06 12.23 12.41 12.58 12.76 12.91 13.07 13.22 13.38 13.53 13.67 13.77 13.87 13.98 14.09 14.17 14.29 14.40 14.52 14.67 14.69 14.65 14.67 14.68 14.77 14.83 14.90 14.94 14.91 14.83 14.78 14.72 14.61 14.55 14.43
5.72 5.73 5.75 5.76 5.80 5.85 5.91 5.98 6.07 6.14 6.20 6.26 6.29 6.32 6.39 6.54 6.68 6.82 6.98 7.16 7.31 7.41 7.51 7.68 7.86 8.03 8.20 8.36 8.51 8.68 8.90 9.10 9.29 9.48 9.67 9.86 10.05 10.25 10.43 10.59 10.71 10.85 11.09 11.38 11.62 11.84 12.03 12.21 12.39 12.57 12.75 12.92 13.08 13.20 13.31 13.51 13.72 13.88 14.02 14.12 14.22 14.29 14.36 14.48 14.61 14.73 14.85 15.01 15.10 15.11 15.11 15.13 15.14 15.15 15.18 15.22 15.23 15.17 15.08 15.01 14.96 14.88 14.76
5.75 5.77 5.78 5.81 5.86 5.91 5.95 6.02 6.12 6.22 6.27 6.32 6.37 6.43 6.48 6.66 6.82 6.95 7.10 7.27 7.42 7.49 7.54 7.80 8.04 8.19 8.35 8.50 8.63 8.83 9.09 9.32 9.51 9.71 9.90 10.09 10.29 10.49 10.69 10.84 10.93 11.01 11.35 11.68 11.95 12.16 12.35 12.54 12.73 12.91 13.09 13.27 13.44 13.50 13.54 13.84 14.08 14.24 14.37 14.47 14.56 14.60 14.62 14.80 14.96 15.08 15.16 15.30 15.46 15.54 15.55 15.57 15.54 15.49 15.47 15.48 15.51 15.53 15.45 15.35 15.24 15.18 15.08
5.80 5.82 5.83 5.86 5.91 5.96 6.00 6.07 6.16 6.24 6.29 6.34 6.44 6.54 6.64 6.80 6.94 7.06 7.19 7.34 7.49 7.61 7.76 7.98 8.21 8.38 8.55 8.72 8.89 9.12 9.36 9.55 9.73 9.92 10.13 10.33 10.53 10.75 10.96 11.13 11.24 11.40 11.68 11.98 12.23 12.46 12.65 12.86 13.06 13.26 13.43 13.62 13.78 13.88 14.01 14.25 14.45 14.60 14.72 14.84 14.94 15.02 15.10 15.21 15.36 15.48 15.59 15.70 15.82 15.88 15.92 15.94 15.91 15.88 15.84 15.80 15.80 15.82 15.78 15.68 15.56 15.46 15.34
5.84 5.86 5.89 5.93 5.95 6.01 6.05 6.12 6.21 6.27 6.31 6.34 6.50 6.67 6.82 6.92 7.06 7.16 7.28 7.43 7.56 7.75 7.96 8.18 8.41 8.58 8.77 8.96 9.15 9.40 9.56 9.74 9.91 10.13 10.36 10.58 10.77 10.98 11.21 11.41 11.58 11.76 12.03 12.31 12.54 12.74 12.95 13.18 13.40 13.59 13.77 13.97 14.15 14.29 14.44 14.62 14.79 14.96 15.09 15.20 15.31 15.43 15.54 15.62 15.76 15.89 15.99 16.09 16.17 16.21 16.26 16.30 16.27 16.25 16.21 16.12 16.10 16.11 16.08 16.01 15.85 15.74 15.61
5.88 5.88 5.93 5.98 6.03 6.08 6.14 6.22 6.31 6.37 6.43 6.47 6.61 6.78 6.97 7.13 7.24 7.34 7.45 7.59 7.73 7.94 8.15 8.35 8.54 8.75 8.98 9.20 9.41 9.59 9.76 9.94 10.12 10.34 10.59 10.81 11.00 11.22 11.46 11.69 11.89 12.11 12.37 12.61 12.84 13.06 13.27 13.50 13.72 13.93 14.13 14.32 14.50 14.65 14.80 14.97 15.14 15.29 15.43 15.52 15.61 15.72 15.84 15.94 16.07 16.19 16.30 16.38 16.48 16.54 16.60 16.62 16.59 16.55 16.50 16.46 16.43 16.41 16.35 16.28 16.20 16.06 15.91
5.88 5.92 5.97 6.04 6.12 6.18 6.26 6.35 6.47 6.56 6.65 6.75 6.80 6.88 7.08 7.30 7.46 7.58 7.70 7.84 7.98 8.18 8.37 8.52 8.66 8.93 9.20 9.43 9.59 9.76 9.94 10.12 10.33 10.57 10.81 11.04 11.23 11.46 11.73 11.98 12.20 12.43 12.67 12.90 13.12 13.36 13.60 13.82 14.03 14.25 14.47 14.68 14.86 15.01 15.14 15.33 15.50 15.64 15.75 15.85 15.90 16.00 16.13 16.24 16.36 16.48 16.59 16.66 16.79 16.86 16.92 16.95 16.89 16.85 16.81 16.78 16.73 16.70 16.59 16.52 16.44 16.33 16.19
5.93 5.99 6.07 6.15 6.22 6.29 6.37 6.46 6.59 6.73 6.84 6.94 7.01 7.09 7.25 7.45 7.66 7.80 7.95 8.09 8.25 8.45 8.63 8.78 8.91 9.19 9.40 9.61 9.80 9.94 10.08 10.28 10.54 10.80 11.03 11.26 11.50 11.74 12.01 12.26 12.50 12.74 12.95 13.14 13.36 13.63 13.89 14.11 14.32 14.55 14.80 15.00 15.21 15.37 15.50 15.69 15.86 16.00 16.11 16.22 16.32 16.40 16.51 16.62 16.73 16.82 16.93 17.03 17.09 17.14 17.21 17.25 17.27 17.24 17.18 17.14 17.08 17.00 16.90 16.79 16.68 16.55 16.40
6.03 6.11 6.20 6.28 6.35 6.42 6.48 6.56 6.67 6.82 6.99 7.11 7.24 7.41 7.57 7.72 7.86 8.00 8.16 8.31 8.50 8.69 8.86 9.05 9.23 9.36 9.56 9.79 10.01 10.12 10.23 10.45 10.77 11.05 11.27 11.50 11.77 12.03 12.29 12.53 12.77 13.01 13.21 13.39 13.63 13.92 14.19 14.43 14.65 14.86 15.10 15.31 15.53 15.72 15.89 16.07 16.23 16.38 16.51 16.62 16.74 16.82 16.91 17.01 17.08 17.18 17.27 17.34 17.38 17.41 17.47 17.51 17.56 17.57 17.53 17.48 17.40 17.29 17.16 17.05 16.92 16.78 16.61
6.17 6.23 6.31 6.40 6.47 6.55 6.62 6.69 6.79 6.94 7.12 7.26 7.41 7.55 7.68 7.84 8.00 8.17 8.33 8.51 8.67 8.82 8.98 9.16 9.29 9.51 9.75 9.95 10.14 10.31 10.48 10.71 11.00 11.27 11.51 11.76 12.03 12.30 12.55 12.78 13.00 13.23 13.42 13.63 13.89 14.21 14.44 14.70 14.95 15.18 15.41 15.59 15.82 16.05 16.25 16.42 16.60 16.74 16.87 16.95 17.04 17.14 17.23 17.33 17.42 17.52 17.60 17.66 17.70 17.72 17.78 17.82 17.85 17.83 17.80 17.74 17.69 17.57 17.43 17.30 17.16 17.00 16.85
6.24 6.30 6.38 6.46 6.56 6.66 6.78 6.87 6.96 7.09 7.26 7.39 7.52 7.66 7.80 7.96 8.13 8.30 8.48 8.64 8.78 8.91 9.06 9.26 9.48 9.71 9.90 10.09 10.29 10.50 10.72 10.96 11.24 11.50 11.74 12.01 12.29 12.55 12.78 13.01 13.24 13.46 13.65 13.91 14.24 14.45 14.66 14.95 15.22 15.48 15.71 15.90 16.09 16.35 16.58 16.76 16.94 17.09 17.20 17.29 17.33 17.45 17.52 17.63 17.76 17.86 17.94 17.99 18.03 18.04 18.11 18.14 18.14 18.08 18.03 17.97 17.92 17.84 17.69 17.55 17.39 17.25 17.09
6.22 6.30 6.42 6.51 6.60 6.72 6.84 6.98 7.11 7.24 7.34 7.46 7.59 7.76 7.89 8.04 8.23 8.44 8.63 8.76 8.88 9.00 9.15 9.38 9.64 9.87 10.03 10.22 10.45 10.69 10.95 11.21 11.46 11.71 11.96 12.25 12.53 12.77 12.98 13.21 13.46 13.72 13.99 14.25 14.51 14.72 14.96 15.23 15.50 15.75 15.99 16.21 16.45 16.69 16.90 17.10 17.27 17.42 17.55 17.66 17.76 17.83 17.88 17.98 18.12 18.22 18.28 18.33 18.39 18.42 18.44 18.45 18.41 18.36 18.29 18.21 18.15 18.09 17.97 17.80 17.64 17.49 17.35
6.06 6.26 6.43 6.52 6.61 6.73 6.86 7.01 7.18 7.31 7.37 7.47 7.66 7.84 7.99 8.09 8.30 8.57 8.76 8.88 8.97 9.10 9.26 9.49 9.78 10.02 10.15 10.37 10.60 10.88 11.18 11.44 11.67 11.91 12.15 12.48 12.75 12.96 13.17 13.38 13.66 13.98 14.25 14.48 14.73 14.99 15.25 15.53 15.78 16.00 16.22 16.50 16.79 17.00 17.20 17.41 17.58 17.73 17.89 18.04 18.16 18.25 18.30 18.39 18.52 18.59 18.63 18.69 18.75 18.79 18.77 18.74 18.70 18.63 18.54 18.46 18.40 18.32 18.20 18.04 17.86 17.73 17.58
6.11 6.33 6.50 6.52 6.66 6.83 6.97 7.12 7.25 7.31 7.42 7.58 7.80 7.94 8.11 8.19 8.44 8.71 8.90 9.02 9.07 9.18 9.39 9.69 9.99 10.16 10.32 10.56 10.83 11.10 11.37 11.63 11.89 12.13 12.38 12.71 12.95 13.20 13.40 13.61 13.88 14.20 14.47 14.70 14.95 15.24 15.53 15.80 16.04 16.25 16.48 16.78 17.08 17.30 17.51 17.71 17.85 17.97 18.15 18.32 18.48 18.60 18.68 18.79 18.91 18.96 19.00 19.06 19.09 19.05 19.05 19.04 18.98 18.88 18.76 18.72 18.63 18.55 18.41 18.26 18.08 17.92 17.73
6.38 6.48 6.55 6.60 6.80 6.89 7.05 7.20 7.23 7.28 7.44 7.68 7.87 8.03 8.22 8.44 8.64 8.81 8.96 9.21 9.22 9.29 9.52 9.79 10.04 10.26 10.45 10.74 11.06 11.31 11.56 11.83 12.11 12.38 12.62 12.87 13.14 13.43 13.61 13.82 14.10 14.41 14.71 14.95 15.20 15.50 15.77 16.03 16.27 16.51 16.77 17.06 17.34 17.56 17.82 17.99 18.11 18.15 18.40 18.58 18.75 18.89 19.04 19.13 19.19 19.29 19.34 19.38 19.34 19.25 19.32 19.36 19.27 19.15 19.07 19.00 18.82 18.76 18.60 18.49 18.28 18.10 17.86
6.37 6.51 6.64 6.75 6.78 6.74 7.03 7.17 7.25 7.33 7.47 7.69 7.90 8.13 8.36 8.52 8.68 8.83 8.97 9.19 9.51 9.52 9.75 10.00 10.15 10.39 10.62 10.90 11.19 11.47 11.75 12.00 12.26 12.53 12.80 13.06 13.32 13.54 13.81 14.04 14.36 14.69 14.98 15.22 15.48 15.75 16.01 16.25 16.48 16.75 17.04 17.35 17.61 17.80 18.11 18.29 18.41 18.47 18.64 18.84 19.01 19.16 19.28 19.37 19.44 19.52 19.59 19.62 19.61 19.59 19.60 19.62 19.54 19.44 19.33 19.22 19.08 18.97 18.85 18.68 18.47 18.30 18.07
6.35 6.53 6.67 6.76 6.79 6.90 7.05 7.16 7.36 7.58 7.64 7.73 7.95 8.18 8.44 8.56 8.70 8.88 9.00 9.26 9.68 9.74 9.96 10.25 10.41 10.59 10.80 11.06 11.31 11.63 11.93 12.16 12.41 12.68 12.99 13.27 13.53 13.82 14.13 14.41 14.68 14.98 15.26 15.50 15.75 16.02 16.27 16.48 16.68 16.99 17.32 17.63 17.93 18.18 18.37 18.51 18.70 18.77 18.87 19.01 19.24 19.44 19.53 19.61 19.68 19.72 19.79 19.85 19.84 19.86 19.87 19.86 19.79 19.68 19.57 19.44 19.32 19.20 19.06 18.88 18.71 18.54 18.29
6.55 6.60 6.60 6.67 6.80 6.94 7.07 7.15 7.43 7.67 7.82 7.90 8.01 8.21 8.46 8.66 8.87 9.04 9.20 9.43 9.70 9.85 10.13 10.51 10.64 10.79 11.00 11.25 11.52 11.79 12.07 12.31 12.55 12.86 13.20 13.51 13.78 14.08 14.39 14.68 14.97 15.27 15.53 15.78 16.03 16.29 16.53 16.75 16.96 17.26 17.58 17.92 18.23 18.46 18.60 18.75 18.95 19.10 19.14 19.28 19.52 19.69 19.76 19.83 19.91 19.92 19.95 19.98 20.01 20.04 20.06 20.06 20.00 19.92 19.80 19.67 19.53 19.39 19.25 19.08 18.90 18.71 18.48
6.73 6.75 6.78 6.88 6.99 7.13 7.17 7.26 7.49 7.72 7.95 8.00 8.10 8.36 8.55 8.76 9.08 9.29 9.46 9.62 9.83 9.99 10.27 10.66 10.80 10.97 11.19 11.46 11.73 11.98 12.22 12.48 12.72 13.04 13.44 13.78 14.06 14.35 14.63 14.90 15.24 15.55 15.79 16.04 16.30 16.58 16.83 17.04 17.24 17.56 17.85 18.20 18.52 18.72 18.84 18.94 19.14 19.37 19.49 19.68 19.82 19.89 19.95 20.02 20.13 20.10 20.11 20.09 20.15 20.20 20.23 20.23 20.20 20.13 20.00 19.86 19.72 19.58 19.42 19.24 19.06 18.86 18.63
6.77 6.86 6.93 7.03 7.10 7.17 7.23 7.36 7.55 7.77 8.06 8.18 8.31 8.54 8.72 8.93 9.20 9.40 9.62 9.82 9.99 10.17 10.46 10.77 10.89 11.14 11.40 11.66 11.90 12.15 12.41 12.69 12.98 13.30 13.63 13.98 14.31 14.60 14.88 15.18 15.49 15.76 16.01 16.26 16.54 16.85 17.12 17.38 17.63 17.91 18.21 18.50 18.77 18.96 19.08 19.22 19.39 19.58 19.73 19.87 19.99 20.07 20.15 20.26 20.36 20.37 20.33 20.29 20.34 20.39 20.42 20.41 20.36 20.27 20.16 20.02 19.88 19.74 19.59 19.40 19.21 19.00 18.77
6.80 6.95 7.04 7.15 7.22 7.23 7.27 7.44 7.60 7.80 8.13 8.32 8.50 8.76 8.90 9.07 9.27 9.44 9.64 9.89 10.01 10.40 10.67 10.91 11.04 11.32 11.62 11.86 12.08 12.33 12.59 12.89 13.23 13.55 13.80 14.12 14.49 14.82 15.12 15.41 15.68 15.95 16.20 16.45 16.75 17.09 17.40 17.68 17.99 18.26 18.55 18.79 19.04 19.22 19.33 19.50 19.67 19.82 19.95 20.04 20.18 20.26 20.37 20.46 20.57 20.62 20.55 20.48 20.53 20.59 20.59 20.57 20.52 20.43 20.31 20.16 20.02 19.88 19.73 19.54 19.34 19.12 18.88
