main/data/pressure/12.01.2023.grid
ncols 886
nrows 691
xllcenter 112.0000
yllcenter -44.5000
cellsize 0.0500
nodata_value 99999.90
[rows 34 to 67 of 691, columns 468 to 545 of 886]
32.94 32.99 33.04 33.08 33.10 33.12 33.13 33.13 33.11 33.08 33.05 32.93 32.84 32.87 32.80 32.56 32.63 32.55 32.47 32.39 32.31 32.25 32.19 32.15 32.10 32.08 32.05 32.02 32.01 32.00 31.99 31.99 31.99 31.99 32.00 32.00 32.01 32.02 32.03 32.04 32.07 32.11 32.17 32.22 32.27 32.31 32.35 32.39 32.42 32.45 32.48 32.50 32.53 32.55 32.56 32.58 32.59 32.59 32.60 32.60 32.61 32.61 32.61 32.61 32.61 32.60 32.60 32.58 32.57 32.56 32.56 32.55 32.53 32.52 32.51 32.49 32.48 32.46
32.92 32.98 33.03 33.07 33.09 33.12 33.13 33.12 33.11 33.08 33.05 32.90 32.95 32.87 32.67 32.72 32.63 32.55 32.47 32.39 32.31 32.25 32.19 32.14 32.05 32.06 32.04 32.01 31.99 31.99 31.98 31.98 31.98 31.98 31.98 31.99 31.99 32.01 32.02 32.03 32.05 32.11 32.17 32.21 32.26 32.30 32.35 32.38 32.42 32.45 32.49 32.51 32.53 32.55 32.56 32.58 32.59 32.60 32.61 32.61 32.62 32.62 32.61 32.61 32.61 32.60 32.60 32.59 32.59 32.58 32.57 32.55 32.54 32.53 32.51 32.50 32.48 32.47
32.90 32.96 33.02 33.06 33.09 33.11 33.12 33.12 33.11 33.08 33.03 32.95 32.94 32.74 32.80 32.72 32.64 32.54 32.46 32.39 32.31 32.24 32.00 31.86 32.09 32.05 32.02 32.00 31.98 31.97 31.96 31.96 31.96 31.96 31.97 31.98 31.99 32.00 32.02 32.02 32.05 32.09 32.15 32.21 32.25 32.30 32.35 32.38 32.42 32.45 32.49 32.51 32.54 32.55 32.57 32.59 32.60 32.61 32.62 32.62 32.62 32.63 32.63 32.63 32.62 32.62 32.61 32.61 32.60 32.58 32.57 32.56 32.55 32.53 32.52 32.51 32.49 32.48
32.89 32.96 33.01 33.05 33.08 33.11 33.11 33.11 33.10 33.07 33.01 32.99 32.91 32.87 32.80 32.71 32.63 32.54 32.46 32.38 32.29 32.23 32.17 32.12 32.08 31.74 32.01 31.98 31.97 31.95 31.95 31.95 31.95 31.95 31.96 31.97 31.98 31.99 32.01 32.02 32.04 32.09 32.14 32.20 32.25 32.30 32.35 32.38 32.42 32.46 32.49 32.52 32.54 32.56 32.58 32.60 32.61 32.62 32.62 32.63 32.64 32.64 32.63 32.63 32.63 32.62 32.62 32.62 32.60 32.60 32.59 32.58 32.56 32.55 32.54 32.51 32.50 32.49
32.88 32.95 33.00 33.05 33.08 33.10 33.10 33.10 33.09 33.05 33.03 32.92 32.93 32.85 32.78 32.70 32.62 32.54 32.44 32.37 31.90 32.20 32.16 31.95 32.05 32.03 31.99 31.97 31.95 31.94 31.94 31.93 31.94 31.94 31.95 31.96 31.97 31.99 32.00 32.01 32.04 32.08 32.13 32.19 32.24 32.30 32.35 32.38 32.43 32.46 32.49 32.52 32.54 32.57 32.58 32.60 32.61 32.63 32.64 32.64 32.65 32.65 32.65 32.65 32.64 32.64 32.63 32.63 32.62 32.61 32.60 32.59 32.57 32.56 32.55 32.53 32.52 32.50
32.86 32.93 32.99 33.04 33.06 33.09 33.08 33.01 33.07 33.05 32.74 32.97 32.91 32.85 32.77 32.69 32.60 32.52 32.43 32.35 32.27 32.19 32.10 31.74 32.04 32.00 31.97 31.96 31.93 31.93 31.92 31.92 31.92 31.93 31.94 31.95 31.96 31.98 32.00 32.01 32.04 32.06 32.12 32.18 32.24 32.29 32.35 32.38 32.43 32.47 32.50 32.53 32.56 32.57 32.60 32.61 32.63 32.64 32.65 32.65 32.66 32.67 32.67 32.66 32.66 32.65 32.65 32.64 32.63 32.62 32.62 32.60 32.58 32.57 32.56 32.54 32.53 32.51
32.85 32.92 32.99 33.03 32.97 33.07 33.08 33.08 33.05 33.03 33.00 32.95 32.90 32.83 32.76 32.67 32.58 32.50 32.41 32.33 32.25 32.19 32.11 32.07 32.02 31.99 31.96 31.93 31.92 31.91 31.90 31.90 31.91 31.92 31.93 31.95 31.95 31.97 31.99 32.01 32.03 32.06 32.12 32.18 32.24 32.29 32.34 32.39 32.43 32.47 32.51 32.54 32.56 32.59 32.60 32.62 32.63 32.65 32.66 32.67 32.67 32.67 32.67 32.68 32.68 32.67 32.66 32.66 32.65 32.64 32.63 32.61 32.60 32.59 32.58 32.56 32.54 32.53
32.82 32.90 32.96 32.99 33.05 33.06 33.06 33.04 33.04 33.02 32.98 32.93 32.88 32.78 32.74 32.53 32.52 32.48 32.39 32.18 32.01 32.08 32.08 32.05 32.01 31.97 31.94 31.92 31.90 31.89 31.89 31.89 31.89 31.91 31.92 31.94 31.95 31.97 31.99 32.01 32.03 32.06 32.11 32.18 32.24 32.29 32.35 32.39 32.44 32.48 32.51 32.54 32.57 32.59 32.62 32.64 32.65 32.67 32.67 32.68 32.69 32.69 32.69 32.69 32.69 32.69 32.68 32.67 32.67 32.66 32.65 32.63 32.61 32.60 32.59 32.57 32.56 32.55
32.76 32.86 32.78 32.97 33.01 32.99 33.00 33.04 33.02 33.00 32.96 32.92 32.64 32.64 32.71 32.63 32.55 32.46 32.15 32.08 32.04 32.08 31.93 31.82 31.99 31.95 31.92 31.89 31.82 31.87 31.87 31.88 31.88 31.90 31.91 31.93 31.95 31.97 31.99 32.01 32.03 32.06 32.11 32.18 32.24 32.29 32.35 32.40 32.44 32.48 32.52 32.56 32.58 32.61 32.63 32.65 32.67 32.67 32.69 32.69 32.71 32.71 32.70 32.70 32.71 32.70 32.70 32.69 32.68 32.67 32.66 32.64 32.63 32.62 32.61 32.59 32.57 32.56
32.73 32.82 32.85 32.93 32.98 32.99 33.00 33.00 32.99 32.97 32.93 32.89 32.61 32.77 32.69 32.60 32.50 32.16 31.85 32.21 32.10 32.05 31.92 31.51 31.97 31.93 31.90 31.75 31.86 31.85 31.86 31.86 31.87 31.89 31.91 31.93 31.95 31.97 31.99 32.01 32.03 32.06 32.12 32.19 32.25 32.31 32.36 32.41 32.46 32.50 32.53 32.56 32.60 32.62 32.64 32.66 32.68 32.69 32.71 32.71 32.71 32.72 32.72 32.72 32.72 32.72 32.71 32.71 32.70 32.69 32.68 32.67 32.65 32.64 32.62 32.60 32.59 32.58
32.70 32.75 32.73 32.76 32.92 32.96 32.98 32.98 32.97 32.84 32.66 32.87 32.80 32.74 32.35 32.28 32.43 32.42 32.29 32.25 32.16 31.98 31.80 31.75 31.95 31.92 31.83 31.87 31.70 31.81 31.84 31.85 31.86 31.89 31.90 31.92 31.95 31.97 32.00 32.02 32.04 32.07 32.13 32.19 32.25 32.31 32.36 32.42 32.46 32.51 32.54 32.58 32.61 32.64 32.66 32.68 32.70 32.71 32.72 32.73 32.73 32.74 32.74 32.74 32.74 32.74 32.73 32.72 32.72 32.71 32.70 32.68 32.67 32.65 32.64 32.63 32.61 32.59
32.67 32.73 32.75 32.86 32.88 32.90 32.95 32.95 32.90 32.52 32.56 32.83 32.75 32.62 32.63 32.56 32.47 32.39 32.30 32.23 32.13 32.07 32.00 31.68 31.92 31.89 31.87 31.81 31.73 31.81 31.83 31.84 31.86 31.88 31.91 31.92 31.95 31.97 32.00 32.02 32.05 32.08 32.13 32.21 32.27 32.33 32.38 32.43 32.48 32.52 32.56 32.60 32.63 32.65 32.67 32.70 32.71 32.73 32.74 32.75 32.75 32.76 32.76 32.75 32.76 32.76 32.75 32.74 32.73 32.72 32.71 32.70 32.69 32.67 32.66 32.64 32.63 32.61
32.51 32.57 32.64 32.69 32.66 32.57 32.91 32.91 32.69 32.17 32.62 32.77 32.63 32.69 32.62 32.53 32.45 32.36 32.29 32.21 32.09 31.92 31.36 31.94 31.55 31.80 31.85 31.69 31.74 31.74 31.82 31.84 31.86 31.88 31.91 31.94 31.96 31.99 32.01 32.04 32.06 32.08 32.15 32.21 32.28 32.33 32.40 32.45 32.50 32.54 32.58 32.61 32.65 32.67 32.69 32.71 32.73 32.74 32.75 32.76 32.77 32.78 32.78 32.78 32.78 32.77 32.77 32.76 32.75 32.74 32.73 32.72 32.71 32.70 32.67 32.66 32.65 32.63
32.43 32.47 32.48 32.53 32.55 32.69 32.84 32.88 32.70 32.56 32.80 32.66 32.72 32.66 32.59 32.50 32.42 32.35 32.24 32.19 32.08 31.84 31.68 31.32 31.60 31.63 31.85 31.30 31.56 31.76 31.81 31.68 31.87 31.89 31.92 31.94 31.97 31.99 32.02 32.04 32.07 32.10 32.17 32.24 32.30 32.36 32.41 32.47 32.52 32.56 32.60 32.63 32.66 32.68 32.71 32.73 32.74 32.76 32.78 32.78 32.79 32.79 32.79 32.80 32.80 32.79 32.78 32.78 32.78 32.76 32.75 32.74 32.73 32.71 32.70 32.68 32.67 32.66
32.47 32.50 32.53 32.42 32.55 32.80 32.72 32.79 32.76 32.59 32.77 32.68 32.69 32.63 32.56 32.48 32.40 32.32 32.25 32.17 32.06 31.86 31.62 31.84 31.61 31.58 31.85 31.82 31.58 31.21 31.84 31.86 31.88 31.91 31.93 31.96 31.98 32.01 32.03 32.06 32.08 32.13 32.19 32.26 32.32 32.38 32.43 32.49 32.54 32.58 32.62 32.65 32.69 32.70 32.73 32.75 32.76 32.78 32.80 32.80 32.81 32.81 32.82 32.82 32.82 32.81 32.81 32.81 32.80 32.79 32.78 32.77 32.75 32.73 32.72 32.71 32.69 32.67
32.39 32.37 32.41 32.46 32.69 32.69 32.56 32.47 32.57 32.65 32.74 32.72 32.68 32.60 32.53 32.46 32.38 32.31 32.20 32.15 32.01 31.80 31.73 31.78 31.85 31.61 31.84 31.86 31.85 31.76 31.86 31.88 31.90 31.92 31.94 31.97 31.99 32.02 32.04 32.07 32.10 32.16 32.22 32.29 32.35 32.40 32.46 32.51 32.56 32.60 32.64 32.67 32.71 32.72 32.75 32.77 32.79 32.80 32.82 32.83 32.83 32.83 32.84 32.84 32.83 32.84 32.83 32.82 32.82 32.81 32.79 32.78 32.77 32.76 32.75 32.72 32.71 32.70
32.22 32.26 32.33 32.38 32.47 32.49 32.64 32.53 32.41 32.45 32.68 32.68 32.64 32.57 32.51 32.43 32.37 32.28 32.21 32.15 32.05 31.79 31.81 31.56 31.63 31.71 31.55 31.88 31.78 31.88 31.89 31.91 31.92 31.94 31.96 31.99 32.01 32.04 32.06 32.09 32.12 32.19 32.25 32.32 32.38 32.43 32.48 32.54 32.58 32.62 32.66 32.70 32.73 32.75 32.78 32.79 32.81 32.83 32.84 32.85 32.85 32.86 32.86 32.87 32.86 32.86 32.85 32.84 32.83 32.83 32.82 32.80 32.79 32.78 32.77 32.75 32.73 32.72
32.16 32.18 32.29 32.31 32.35 32.42 32.47 32.56 32.33 32.38 32.64 32.62 32.59 32.23 32.47 32.41 32.35 32.27 32.21 32.13 32.01 31.86 31.64 31.82 31.14 31.62 31.84 31.78 31.90 31.90 31.91 31.92 31.94 31.96 31.99 32.01 32.04 32.06 32.09 32.12 32.16 32.22 32.28 32.35 32.41 32.46 32.52 32.57 32.61 32.65 32.68 32.72 32.75 32.78 32.80 32.82 32.83 32.85 32.87 32.87 32.88 32.88 32.89 32.89 32.88 32.89 32.88 32.87 32.86 32.85 32.84 32.83 32.82 32.81 32.78 32.77 32.76 32.75
32.20 32.25 32.27 32.25 32.17 32.32 32.42 32.49 32.45 32.54 32.57 32.55 32.48 32.40 32.40 32.39 32.34 32.27 32.20 32.11 31.93 31.88 31.91 31.98 31.97 31.95 31.63 31.93 31.92 31.94 31.94 31.96 31.97 31.99 32.01 32.04 32.06 32.09 32.11 32.15 32.20 32.26 32.33 32.39 32.44 32.50 32.55 32.59 32.63 32.67 32.71 32.74 32.77 32.80 32.82 32.84 32.86 32.87 32.89 32.90 32.90 32.91 32.91 32.91 32.91 32.91 32.90 32.89 32.89 32.88 32.87 32.85 32.84 32.83 32.81 32.80 32.78 32.77
32.29 32.08 32.25 32.24 32.08 32.11 32.28 32.39 32.41 32.44 32.48 32.45 32.42 32.22 32.46 32.39 32.33 32.22 32.17 32.08 31.92 31.85 31.86 32.01 31.91 31.71 31.84 31.96 31.96 31.96 31.98 31.99 32.01 32.03 32.05 32.07 32.10 32.12 32.15 32.19 32.25 32.31 32.37 32.42 32.48 32.53 32.58 32.62 32.67 32.71 32.74 32.77 32.80 32.83 32.85 32.86 32.88 32.90 32.92 32.92 32.93 32.93 32.94 32.94 32.93 32.94 32.93 32.92 32.91 32.90 32.89 32.88 32.87 32.86 32.84 32.82 32.81 32.80
32.14 31.74 32.03 32.12 32.14 32.06 32.28 32.24 32.30 32.42 32.33 32.31 32.20 32.11 32.31 32.31 32.28 32.16 32.13 32.01 31.99 32.02 32.03 32.03 32.02 32.01 31.65 32.00 32.00 32.00 32.02 32.03 32.05 32.07 32.09 32.11 32.13 32.16 32.19 32.24 32.31 32.36 32.42 32.47 32.52 32.57 32.62 32.66 32.70 32.73 32.77 32.80 32.83 32.85 32.87 32.89 32.91 32.92 32.94 32.95 32.95 32.96 32.96 32.97 32.96 32.95 32.95 32.95 32.94 32.93 32.92 32.91 32.90 32.87 32.86 32.85 32.84 32.82
32.01 32.14 32.12 31.97 32.08 32.17 32.21 32.12 32.20 32.41 32.27 32.17 32.03 32.14 32.19 32.25 32.26 32.09 31.92 32.03 32.09 32.09 32.08 32.08 32.07 32.06 32.05 32.05 32.04 32.06 32.07 32.07 32.09 32.11 32.12 32.15 32.17 32.20 32.26 32.31 32.36 32.41 32.46 32.51 32.56 32.61 32.65 32.69 32.74 32.77 32.80 32.83 32.86 32.88 32.91 32.92 32.93 32.95 32.97 32.97 32.98 32.98 32.99 32.98 32.99 32.98 32.98 32.97 32.96 32.95 32.94 32.93 32.92 32.90 32.89 32.88 32.86 32.85
31.88 32.00 32.12 31.76 31.55 32.15 32.21 32.15 32.27 32.38 32.32 32.33 32.23 32.35 32.32 32.27 32.22 32.08 31.96 32.06 32.01 32.12 32.15 32.13 32.12 32.11 32.10 32.11 32.11 32.12 32.12 32.13 32.15 32.16 32.18 32.20 32.24 32.27 32.32 32.37 32.42 32.46 32.52 32.56 32.60 32.65 32.69 32.73 32.76 32.80 32.83 32.85 32.88 32.90 32.93 32.95 32.96 32.98 32.99 33.00 33.01 33.01 33.01 33.01 33.01 33.01 33.01 33.00 32.99 32.98 32.97 32.96 32.95 32.93 32.92 32.90 32.89 32.88
31.58 31.80 32.02 31.72 31.49 32.12 32.22 32.22 32.31 32.31 32.27 32.30 32.34 32.04 32.26 32.32 32.21 32.15 32.20 32.19 32.20 32.21 32.22 32.20 32.20 32.19 32.18 32.17 32.18 32.18 32.19 32.20 32.21 32.23 32.25 32.27 32.30 32.35 32.39 32.43 32.48 32.52 32.56 32.61 32.65 32.69 32.73 32.77 32.80 32.83 32.86 32.89 32.91 32.94 32.96 32.98 33.00 33.00 33.02 33.03 33.03 33.04 33.04 33.04 33.04 33.03 33.03 33.03 33.02 33.01 33.00 32.99 32.98 32.96 32.94 32.93 32.92 32.90
31.15 31.67 31.79 31.66 31.80 32.06 32.21 32.22 32.29 32.26 32.24 32.31 32.25 32.23 32.34 32.35 32.28 32.25 32.31 32.33 32.28 32.18 31.94 32.29 32.28 32.27 32.26 32.26 32.26 32.27 32.27 32.28 32.30 32.31 32.33 32.36 32.39 32.42 32.46 32.50 32.53 32.58 32.62 32.65 32.70 32.73 32.77 32.80 32.84 32.87 32.90 32.92 32.95 32.97 32.99 33.01 33.02 33.03 33.05 33.05 33.06 33.06 33.07 33.06 33.07 33.06 33.06 33.05 33.05 33.04 33.03 33.02 33.01 32.98 32.97 32.96 32.95 32.93
31.27 31.57 31.46 31.29 31.94 32.08 32.19 32.07 32.27 32.27 32.26 32.35 32.36 32.36 32.33 32.39 32.45 32.42 32.46 32.38 32.25 32.19 32.25 32.30 32.38 32.37 32.37 32.36 32.37 32.37 32.38 32.38 32.39 32.40 32.43 32.45 32.47 32.50 32.54 32.57 32.60 32.63 32.67 32.71 32.74 32.78 32.81 32.84 32.87 32.90 32.93 32.96 32.98 33.00 33.01 33.03 33.05 33.06 33.06 33.08 33.09 33.09 33.10 33.09 33.10 33.09 33.09 33.08 33.07 33.06 33.05 33.04 33.03 33.01 33.00 32.99 32.97 32.96
31.37 31.33 31.19 31.21 31.77 32.03 32.19 32.05 32.28 32.30 32.35 32.40 32.42 32.38 32.27 32.43 32.51 32.38 32.51 32.42 32.22 32.15 32.52 32.52 32.39 32.30 32.49 32.49 32.49 32.48 32.48 32.49 32.49 32.50 32.52 32.54 32.56 32.58 32.60 32.64 32.66 32.69 32.73 32.76 32.79 32.83 32.85 32.88 32.91 32.93 32.96 32.99 33.01 33.02 33.04 33.06 33.08 33.09 33.09 33.11 33.12 33.12 33.12 33.12 33.12 33.12 33.11 33.11 33.10 33.09 33.08 33.07 33.06 33.04 33.03 33.02 33.00 32.99
31.14 30.67 31.38 31.51 31.92 32.02 32.22 32.07 32.31 32.35 32.40 32.46 32.49 32.48 32.47 32.53 32.53 32.52 32.62 32.64 32.45 32.40 32.60 32.63 32.64 32.63 32.63 32.62 32.61 32.61 32.61 32.61 32.61 32.61 32.62 32.63 32.65 32.66 32.68 32.71 32.73 32.75 32.79 32.81 32.84 32.86 32.90 32.92 32.95 32.97 32.99 33.01 33.03 33.05 33.07 33.09 33.11 33.12 33.12 33.14 33.15 33.15 33.15 33.15 33.15 33.15 33.14 33.14 33.13 33.12 33.11 33.10 33.09 33.07 33.06 33.05 33.03 33.02
31.11 31.11 31.27 31.52 31.82 32.04 32.20 32.03 32.23 32.37 32.42 32.48 32.54 32.57 32.61 32.65 32.66 32.69 32.74 32.76 32.60 32.28 32.78 32.78 32.78 32.77 32.77 32.76 32.75 32.75 32.74 32.73 32.73 32.73 32.73 32.73 32.74 32.75 32.76 32.78 32.80 32.81 32.83 32.86 32.88 32.91 32.94 32.96 32.98 33.00 33.03 33.05 33.07 33.09 33.10 33.12 33.13 33.15 33.15 33.16 33.17 33.17 33.17 33.18 33.17 33.17 33.17 33.16 33.16 33.15 33.14 33.13 33.11 33.10 33.09 33.07 33.06 33.05
30.94 30.86 30.66 31.14 31.91 32.03 32.11 32.18 32.14 32.42 32.47 32.53 32.58 32.65 32.70 32.75 32.79 32.82 32.85 32.88 32.78 32.70 32.92 32.93 32.93 32.93 32.92 32.90 32.89 32.88 32.86 32.85 32.85 32.84 32.83 32.83 32.83 32.84 32.84 32.85 32.86 32.88 32.89 32.92 32.93 32.95 32.98 33.00 33.02 33.04 33.06 33.08 33.10 33.12 33.13 33.15 33.16 33.18 33.18 33.19 33.20 33.20 33.21 33.21 33.20 33.21 33.20 33.19 33.18 33.18 33.17 33.16 33.14 33.13 33.12 33.10 33.09 33.08
30.35 30.07 30.62 31.15 31.56 31.92 32.08 32.04 32.19 32.42 32.51 32.59 32.66 32.72 32.78 32.85 32.90 32.95 32.98 33.02 33.03 33.04 33.08 33.08 33.08 33.08 33.07 33.06 33.04 33.02 33.01 32.99 32.97 32.95 32.94 32.93 32.92 32.92 32.92 32.92 32.93 32.94 32.95 32.97 32.98 33.00 33.02 33.04 33.06 33.07 33.09 33.11 33.13 33.15 33.16 33.18 33.19 33.21 33.21 33.22 33.22 33.23 33.24 33.24 33.23 33.24 33.23 33.22 33.21 33.20 33.19 33.18 33.17 33.16 33.15 33.13 33.12 33.11
30.33 30.58 31.00 31.45 31.82 31.96 31.94 32.07 32.28 32.45 32.56 32.65 32.73 32.56 32.88 32.94 32.94 33.08 33.12 33.16 33.19 33.20 33.20 33.21 33.22 33.22 33.22 33.21 33.19 33.17 33.15 33.12 33.10 33.07 33.05 33.03 33.02 33.01 33.00 32.99 33.00 33.00 33.00 33.02 33.03 33.04 33.06 33.08 33.09 33.11 33.13 33.14 33.16 33.18 33.19 33.21 33.22 33.23 33.24 33.25 33.26 33.26 33.27 33.26 33.26 33.26 33.26 33.25 33.24 33.23 33.22 33.21 33.20 33.19 33.18 33.16 33.15 33.14
29.98 30.60 31.01 31.01 31.57 31.69 31.92 32.16 32.34 32.42 32.63 32.71 32.82 32.70 32.86 33.07 33.15 33.21 33.26 33.13 33.30 33.30 33.33 33.33 33.35 33.35 33.37 33.37 33.35 33.32 33.29 33.25 33.23 33.19 33.16 33.14 33.11 33.09 33.08 33.07 33.07 33.06 33.06 33.07 33.08 33.08 33.10 33.12 33.13 33.14 33.16 33.17 33.20 33.21 33.22 33.24 33.25 33.26 33.26 33.28 33.29 33.29 33.29 33.29 33.30 33.29 33.28 33.28 33.27 33.26 33.25 33.24 33.23 33.22 33.21 33.19 33.18 33.17
30.54 30.89 31.35 31.55 31.78 31.70 32.00 32.25 32.38 32.53 32.69 32.80 32.91 33.01 33.12 33.20 33.27 33.31 33.34 33.36 33.38 33.41 33.42 33.44 33.45 33.47 33.48 33.49 33.50 33.47 33.44 33.40 33.35 33.32 33.27 33.25 33.21 33.18 33.16 33.14 33.13 33.12 33.12 33.12 33.12 33.14 33.14 33.15 33.16 33.18 33.20 33.21 33.23 33.24 33.26 33.26 33.28 33.29 33.30 33.30 33.31 33.31 33.32 33.32 33.32 33.32 33.31 33.31 33.30 33.29 33.28 33.27 33.26 33.25 33.24 33.22 33.21 33.20
