main/data/pressure/12.01.2023.grid
ncols 886
nrows 691
xllcenter 112.0000
yllcenter -44.5000
cellsize 0.0500
nodata_value 99999.90
[rows 544 to 577 of 691, columns 0 to 77 of 886]
18.02 18.07 18.11 18.15 18.20 18.25 18.29 18.30 18.30 18.30 18.28 18.28 18.27 18.27 18.25 18.25 18.24 18.24 18.22 18.22 18.21 18.20 18.19 18.19 18.18 18.17 18.16 18.16 18.14 18.14 18.13 18.13 18.11 18.11 18.10 18.10 18.08 18.08 18.07 18.05 18.05 18.04 18.04 18.02 18.02 18.00 18.00 17.99 17.98 17.97 17.96 17.95 17.94 17.93 17.92 17.91 17.90 17.89 17.87 17.87 17.86 17.84 17.83 17.82 17.80 17.80 17.78 17.77 17.76 17.75 17.73 17.72 17.71 17.69 17.67 17.67 17.65 17.63
17.96 18.01 18.05 18.09 18.13 18.18 18.23 18.26 18.29 18.29 18.28 18.28 18.27 18.26 18.25 18.25 18.24 18.23 18.22 18.22 18.21 18.20 18.19 18.19 18.18 18.17 18.16 18.16 18.14 18.14 18.13 18.12 18.11 18.10 18.10 18.08 18.08 18.07 18.07 18.05 18.05 18.04 18.02 18.02 18.01 18.01 17.99 17.99 17.97 17.96 17.96 17.94 17.94 17.92 17.91 17.91 17.89 17.89 17.87 17.86 17.85 17.84 17.82 17.82 17.80 17.79 17.78 17.77 17.75 17.74 17.73 17.71 17.70 17.69 17.67 17.66 17.64 17.63
17.91 17.95 17.99 18.02 18.07 18.11 18.15 18.20 18.24 18.27 18.28 18.27 18.27 18.25 18.25 18.24 18.24 18.22 18.22 18.21 18.21 18.19 18.19 18.18 18.17 18.16 18.16 18.15 18.14 18.13 18.13 18.12 18.11 18.10 18.10 18.08 18.07 18.07 18.06 18.05 18.04 18.04 18.02 18.01 18.01 17.99 17.99 17.98 17.97 17.96 17.95 17.94 17.93 17.92 17.91 17.90 17.89 17.88 17.86 17.86 17.84 17.83 17.82 17.81 17.79 17.79 17.77 17.76 17.75 17.74 17.72 17.70 17.70 17.68 17.66 17.65 17.64 17.62
17.85 17.89 17.92 17.96 18.00 18.05 18.08 18.13 18.18 18.21 18.25 18.26 18.26 18.25 18.25 18.24 18.24 18.22 18.22 18.21 18.20 18.19 18.19 18.18 18.16 18.16 18.15 18.15 18.13 18.13 18.12 18.11 18.10 18.10 18.09 18.08 18.07 18.06 18.05 18.04 18.04 18.03 18.02 18.01 18.00 17.99 17.98 17.98 17.96 17.95 17.95 17.93 17.93 17.91 17.90 17.90 17.88 17.87 17.86 17.85 17.84 17.83 17.81 17.81 17.79 17.78 17.76 17.76 17.74 17.73 17.72 17.70 17.69 17.67 17.67 17.65 17.63 17.61
17.80 17.83 17.86 17.90 17.94 17.97 18.01 18.06 18.10 18.14 18.19 18.23 18.25 18.25 18.24 18.24 18.23 18.22 18.21 18.21 18.19 18.19 18.18 18.18 18.16 18.16 18.15 18.15 18.13 18.12 18.12 18.11 18.10 18.09 18.09 18.07 18.07 18.06 18.05 18.04 18.03 18.03 18.01 18.01 18.00 17.98 17.98 17.97 17.96 17.95 17.94 17.93 17.92 17.91 17.90 17.89 17.88 17.87 17.85 17.85 17.83 17.82 17.81 17.80 17.78 17.78 17.76 17.75 17.73 17.73 17.71 17.69 17.68 17.67 17.66 17.64 17.62 17.62
17.74 17.77 17.80 17.84 17.88 17.91 17.95 17.99 18.02 18.07 18.11 18.16 18.19 18.23 18.23 18.23 18.22 18.21 18.21 18.20 18.19 18.18 18.18 18.17 18.16 18.15 18.15 18.14 18.13 18.12 18.11 18.10 18.09 18.09 18.08 18.07 18.06 18.06 18.04 18.03 18.03 18.01 18.01 18.00 17.99 17.98 17.97 17.96 17.95 17.94 17.93 17.92 17.92 17.90 17.89 17.89 17.87 17.86 17.85 17.84 17.82 17.82 17.80 17.79 17.78 17.77 17.75 17.75 17.73 17.72 17.70 17.69 17.68 17.66 17.65 17.64 17.62 17.61
17.69 17.71 17.75 17.78 17.81 17.85 17.88 17.92 17.95 18.00 18.04 18.08 18.12 18.16 18.20 18.21 18.21 18.21 18.20 18.20 18.18 18.18 18.17 18.16 18.15 18.15 18.14 18.13 18.12 18.12 18.11 18.09 18.09 18.08 18.07 18.06 18.06 18.05 18.03 18.03 18.02 18.01 18.00 18.00 17.98 17.97 17.97 17.95 17.95 17.94 17.92 17.92 17.91 17.89 17.89 17.87 17.86 17.86 17.84 17.83 17.82 17.81 17.79 17.79 17.77 17.76 17.75 17.74 17.72 17.71 17.70 17.68 17.67 17.65 17.65 17.63 17.61 17.60
17.63 17.66 17.69 17.72 17.75 17.78 17.82 17.86 17.89 17.93 17.97 18.00 18.04 18.09 18.13 18.16 18.19 18.20 18.20 18.18 18.18 18.17 18.17 18.15 18.15 18.14 18.14 18.12 18.12 18.11 18.11 18.09 18.08 18.08 18.06 18.06 18.05 18.05 18.03 18.02 18.02 18.00 18.00 17.99 17.97 17.97 17.96 17.95 17.94 17.93 17.92 17.91 17.89 17.89 17.88 17.86 17.86 17.85 17.83 17.83 17.81 17.80 17.79 17.78 17.76 17.76 17.74 17.73 17.71 17.71 17.69 17.67 17.66 17.65 17.64 17.62 17.60 17.60
17.58 17.61 17.64 17.66 17.69 17.73 17.76 17.79 17.82 17.86 17.90 17.93 17.97 18.01 18.05 18.09 18.13 18.16 18.17 18.18 18.17 18.17 18.16 18.15 18.14 18.14 18.12 18.12 18.11 18.11 18.09 18.08 18.08 18.07 18.06 18.05 18.05 18.03 18.02 18.02 18.01 18.00 17.99 17.98 17.97 17.96 17.95 17.94 17.93 17.92 17.91 17.90 17.89 17.88 17.87 17.86 17.85 17.83 17.83 17.81 17.80 17.80 17.78 17.77 17.76 17.75 17.73 17.72 17.71 17.70 17.68 17.66 17.66 17.64 17.63 17.61 17.61 17.59
17.53 17.56 17.58 17.61 17.64 17.67 17.70 17.72 17.76 17.79 17.82 17.86 17.90 17.94 17.97 18.01 18.05 18.09 18.12 18.15 18.16 18.16 18.15 18.14 18.14 18.12 18.12 18.11 18.11 18.10 18.08 18.08 18.07 18.06 18.05 18.05 18.04 18.02 18.02 18.01 18.00 17.99 17.98 17.97 17.96 17.96 17.94 17.93 17.93 17.91 17.90 17.90 17.88 17.87 17.86 17.85 17.84 17.83 17.82 17.80 17.80 17.79 17.77 17.77 17.75 17.74 17.72 17.72 17.70 17.68 17.67 17.66 17.65 17.63 17.62 17.61 17.59 17.58
17.48 17.51 17.52 17.55 17.58 17.61 17.63 17.66 17.70 17.73 17.75 17.79 17.83 17.86 17.89 17.93 17.97 18.00 18.04 18.08 18.12 18.13 18.14 18.14 18.13 18.12 18.11 18.11 18.10 18.08 18.08 18.07 18.07 18.05 18.05 18.04 18.02 18.02 18.01 18.01 17.99 17.98 17.98 17.96 17.96 17.95 17.93 17.93 17.92 17.90 17.90 17.89 17.87 17.87 17.85 17.84 17.84 17.82 17.81 17.80 17.79 17.77 17.77 17.76 17.74 17.73 17.72 17.70 17.69 17.68 17.67 17.65 17.64 17.62 17.62 17.60 17.59 17.57
17.43 17.45 17.47 17.50 17.53 17.55 17.58 17.61 17.64 17.66 17.69 17.72 17.76 17.78 17.82 17.86 17.89 17.92 17.96 18.00 18.04 18.07 18.10 18.12 18.11 18.11 18.11 18.10 18.08 18.08 18.07 18.07 18.05 18.05 18.04 18.03 18.02 18.01 18.01 17.99 17.98 17.98 17.96 17.95 17.95 17.94 17.93 17.92 17.91 17.90 17.89 17.87 17.87 17.86 17.84 17.84 17.83 17.81 17.81 17.79 17.78 17.77 17.76 17.74 17.73 17.73 17.71 17.70 17.68 17.67 17.66 17.64 17.63 17.62 17.61 17.59 17.58 17.56
17.39 17.40 17.43 17.45 17.47 17.49 17.52 17.55 17.57 17.60 17.63 17.66 17.68 17.71 17.75 17.78 17.81 17.84 17.88 17.92 17.95 17.99 18.03 18.06 18.08 18.10 18.10 18.09 18.08 18.07 18.07 18.05 18.04 18.04 18.03 18.02 18.01 18.00 18.00 17.98 17.98 17.97 17.95 17.95 17.94 17.93 17.92 17.91 17.90 17.89 17.88 17.87 17.86 17.85 17.84 17.83 17.81 17.81 17.80 17.78 17.78 17.76 17.75 17.73 17.73 17.71 17.70 17.68 17.68 17.66 17.65 17.63 17.63 17.61 17.60 17.58 17.57 17.56
17.34 17.36 17.38 17.39 17.42 17.44 17.47 17.49 17.51 17.54 17.57 17.59 17.62 17.65 17.68 17.70 17.74 17.77 17.81 17.83 17.87 17.90 17.94 17.98 18.01 18.04 18.07 18.07 18.07 18.07 18.06 18.04 18.04 18.03 18.02 18.01 18.00 18.00 17.98 17.98 17.97 17.95 17.95 17.94 17.93 17.92 17.91 17.91 17.89 17.88 17.88 17.86 17.85 17.84 17.83 17.82 17.81 17.80 17.78 17.77 17.77 17.75 17.74 17.73 17.72 17.70 17.69 17.68 17.67 17.65 17.64 17.63 17.62 17.60 17.59 17.57 17.57 17.55
17.29 17.31 17.33 17.35 17.37 17.39 17.42 17.43 17.46 17.48 17.51 17.53 17.56 17.59 17.61 17.64 17.67 17.70 17.73 17.75 17.79 17.82 17.86 17.88 17.92 17.96 17.99 18.02 18.04 18.05 18.05 18.04 18.03 18.02 18.01 18.00 18.00 17.99 17.97 17.97 17.96 17.95 17.94 17.93 17.92 17.91 17.90 17.89 17.88 17.87 17.86 17.85 17.84 17.83 17.82 17.80 17.80 17.79 17.77 17.77 17.76 17.74 17.73 17.72 17.71 17.69 17.69 17.67 17.66 17.64 17.63 17.62 17.61 17.59 17.58 17.57 17.56 17.54
17.25 17.27 17.28 17.30 17.32 17.34 17.36 17.38 17.40 17.43 17.44 17.47 17.50 17.52 17.54 17.57 17.60 17.63 17.65 17.68 17.71 17.75 17.77 17.80 17.84 17.87 17.90 17.93 17.97 18.00 18.01 18.02 18.02 18.01 18.00 18.00 17.99 17.97 17.97 17.96 17.95 17.94 17.93 17.93 17.91 17.90 17.90 17.88 17.87 17.87 17.85 17.84 17.83 17.82 17.81 17.80 17.79 17.78 17.76 17.76 17.74 17.73 17.73 17.71 17.70 17.68 17.68 17.66 17.65 17.63 17.63 17.61 17.60 17.58 17.57 17.56 17.55 17.53
17.21 17.22 17.24 17.26 17.28 17.29 17.31 17.33 17.35 17.37 17.39 17.41 17.44 17.45 17.48 17.51 17.54 17.55 17.58 17.61 17.64 17.66 17.69 17.72 17.76 17.78 17.81 17.84 17.88 17.90 17.94 17.97 17.99 17.99 17.99 17.99 17.98 17.96 17.96 17.95 17.94 17.93 17.92 17.91 17.90 17.89 17.88 17.87 17.86 17.85 17.84 17.83 17.82 17.81 17.80 17.79 17.78 17.76 17.76 17.75 17.73 17.72 17.71 17.70 17.68 17.68 17.67 17.65 17.64 17.62 17.62 17.60 17.59 17.57 17.57 17.55 17.54 17.52
17.16 17.18 17.20 17.21 17.22 17.24 17.26 17.28 17.29 17.32 17.34 17.36 17.37 17.40 17.42 17.45 17.46 17.49 17.52 17.54 17.57 17.59 17.62 17.65 17.67 17.70 17.73 17.76 17.78 17.81 17.85 17.88 17.90 17.93 17.95 17.97 17.96 17.96 17.95 17.93 17.93 17.92 17.92 17.90 17.89 17.89 17.87 17.86 17.86 17.84 17.83 17.83 17.81 17.80 17.80 17.78 17.77 17.75 17.75 17.74 17.72 17.72 17.70 17.69 17.67 17.67 17.66 17.64 17.62 17.62 17.61 17.59 17.58 17.56 17.56 17.54 17.52 17.51
17.12 17.14 17.16 17.16 17.18 17.20 17.22 17.23 17.25 17.27 17.29 17.30 17.32 17.34 17.37 17.39 17.40 17.43 17.45 17.48 17.49 17.52 17.55 17.58 17.59 17.62 17.65 17.67 17.70 17.73 17.76 17.79 17.81 17.84 17.87 17.89 17.92 17.93 17.93 17.92 17.92 17.91 17.90 17.89 17.88 17.87 17.86 17.85 17.84 17.83 17.82 17.81 17.80 17.79 17.78 17.77 17.76 17.75 17.74 17.72 17.71 17.71 17.69 17.68 17.66 17.66 17.64 17.63 17.61 17.61 17.60 17.58 17.57 17.55 17.55 17.53 17.51 17.50
17.09 17.10 17.11 17.12 17.14 17.16 17.16 17.18 17.20 17.22 17.24 17.25 17.27 17.29 17.30 17.32 17.34 17.37 17.39 17.41 17.43 17.45 17.48 17.50 17.52 17.55 17.58 17.59 17.62 17.65 17.67 17.70 17.72 17.75 17.77 17.80 17.83 17.86 17.87 17.89 17.90 17.89 17.89 17.88 17.86 17.86 17.85 17.84 17.83 17.82 17.81 17.80 17.79 17.77 17.77 17.76 17.74 17.74 17.73 17.71 17.70 17.69 17.68 17.67 17.65 17.65 17.63 17.62 17.60 17.60 17.58 17.57 17.55 17.55 17.54 17.52 17.51 17.49
17.05 17.06 17.07 17.08 17.10 17.10 17.12 17.14 17.15 17.17 17.18 17.20 17.22 17.24 17.25 17.27 17.29 17.31 17.32 17.34 17.37 17.39 17.40 17.43 17.45 17.48 17.49 17.52 17.54 17.57 17.59 17.61 17.64 17.67 17.68 17.71 17.74 17.76 17.78 17.81 17.84 17.85 17.86 17.86 17.85 17.85 17.84 17.83 17.82 17.81 17.80 17.79 17.78 17.76 17.76 17.75 17.73 17.73 17.71 17.70 17.69 17.68 17.67 17.66 17.65 17.64 17.62 17.61 17.59 17.59 17.57 17.56 17.54 17.54 17.52 17.51 17.49 17.48
17.01 17.02 17.03 17.05 17.05 17.07 17.08 17.10 17.11 17.12 17.13 17.15 17.17 17.18 17.20 17.22 17.24 17.25 17.27 17.29 17.31 17.32 17.34 17.36 17.39 17.40 17.42 17.45 17.47 17.49 17.51 17.54 17.56 17.58 17.60 17.63 17.64 17.67 17.69 17.72 17.74 17.76 17.79 17.80 17.82 17.83 17.83 17.81 17.81 17.80 17.79 17.78 17.76 17.76 17.75 17.74 17.72 17.72 17.70 17.69 17.68 17.67 17.66 17.64 17.64 17.62 17.61 17.60 17.58 17.58 17.56 17.55 17.53 17.53 17.51 17.50 17.48 17.47
16.97 16.99 17.00 17.00 17.01 17.03 17.04 17.05 17.06 17.07 17.09 17.11 17.11 17.13 17.15 17.17 17.17 17.19 17.21 17.23 17.24 17.26 17.28 17.30 17.31 17.33 17.36 17.38 17.39 17.41 17.44 17.46 17.47 17.50 17.52 17.54 17.56 17.58 17.61 17.62 17.65 17.67 17.69 17.71 17.73 17.75 17.76 17.78 17.79 17.78 17.77 17.77 17.75 17.75 17.74 17.72 17.71 17.70 17.69 17.68 17.67 17.66 17.65 17.63 17.63 17.61 17.60 17.58 17.57 17.57 17.55 17.54 17.52 17.52 17.50 17.49 17.47 17.46
16.94 16.95 16.95 16.97 16.98 16.99 16.99 17.01 17.02 17.03 17.05 17.05 17.07 17.08 17.09 17.11 17.12 17.14 17.16 17.17 17.19 17.20 17.22 17.23 17.25 17.27 17.29 17.30 17.32 17.35 17.37 17.38 17.40 17.42 17.44 17.46 17.48 17.50 17.51 17.54 17.56 17.58 17.59 17.62 17.64 17.65 17.67 17.69 17.70 17.72 17.74 17.74 17.73 17.73 17.73 17.71 17.70 17.69 17.68 17.67 17.65 17.65 17.63 17.62 17.62 17.60 17.59 17.57 17.56 17.55 17.54 17.53 17.51 17.51 17.49 17.48 17.46 17.45
16.91 16.91 16.92 16.93 16.94 16.94 16.96 16.97 16.98 16.99 17.00 17.01 17.03 17.04 17.04 17.06 17.08 17.09 17.10 17.12 17.13 17.15 17.16 17.18 17.19 17.21 17.22 17.24 17.26 17.28 17.29 17.31 17.33 17.35 17.36 17.38 17.40 17.42 17.43 17.45 17.48 17.49 17.51 17.53 17.55 17.56 17.58 17.60 17.61 17.63 17.65 17.66 17.67 17.69 17.69 17.69 17.69 17.67 17.67 17.66 17.64 17.64 17.62 17.61 17.59 17.59 17.58 17.56 17.55 17.54 17.53 17.51 17.50 17.49 17.48 17.47 17.45 17.44
16.87 16.88 16.89 16.90 16.90 16.91 16.92 16.93 16.93 16.95 16.96 16.97 16.98 16.99 17.00 17.02 17.03 17.03 17.05 17.07 17.08 17.09 17.10 17.12 17.14 17.15 17.16 17.18 17.20 17.21 17.23 17.24 17.26 17.27 17.29 17.31 17.33 17.34 17.36 17.38 17.39 17.41 17.43 17.44 17.45 17.47 17.49 17.50 17.52 17.54 17.55 17.56 17.58 17.59 17.61 17.62 17.62 17.63 17.64 17.63 17.63 17.61 17.61 17.60 17.58 17.58 17.57 17.55 17.54 17.53 17.52 17.50 17.49 17.48 17.47 17.46 17.44 17.43
16.84 16.85 16.86 16.86 16.87 16.88 16.89 16.89 16.90 16.91 16.92 16.92 16.93 16.95 16.96 16.96 16.98 16.99 17.00 17.02 17.02 17.04 17.05 17.07 17.07 17.09 17.11 17.12 17.13 17.15 17.16 17.18 17.19 17.21 17.22 17.24 17.25 17.27 17.29 17.30 17.31 17.33 17.35 17.36 17.37 17.39 17.41 17.42 17.43 17.45 17.46 17.47 17.49 17.50 17.51 17.52 17.53 17.55 17.55 17.56 17.57 17.57 17.58 17.58 17.57 17.56 17.55 17.54 17.53 17.51 17.51 17.49 17.48 17.46 17.46 17.45 17.43 17.42
16.81 16.81 16.82 16.83 16.83 16.84 16.84 16.85 16.86 16.87 16.87 16.88 16.90 16.91 16.92 16.92 16.93 16.95 16.96 16.96 16.98 16.99 17.00 17.01 17.02 17.04 17.05 17.06 17.07 17.09 17.10 17.11 17.13 17.14 17.16 17.17 17.18 17.20 17.22 17.22 17.24 17.26 17.26 17.28 17.30 17.31 17.32 17.33 17.35 17.36 17.37 17.39 17.39 17.41 17.42 17.43 17.44 17.45 17.46 17.47 17.48 17.49 17.50 17.50 17.50 17.51 17.51 17.51 17.50 17.50 17.49 17.47 17.47 17.45 17.44 17.43 17.42 17.41
16.77 16.78 16.79 16.79 16.80 16.80 16.81 16.82 16.83 16.83 16.84 16.85 16.86 16.86 16.87 16.88 16.89 16.89 16.91 16.92 16.93 16.94 16.95 16.96 16.97 16.99 16.99 17.01 17.02 17.03 17.04 17.05 17.07 17.08 17.09 17.10 17.12 17.13 17.14 17.16 17.17 17.18 17.19 17.21 17.22 17.23 17.24 17.26 17.26 17.28 17.29 17.30 17.31 17.32 17.33 17.34 17.35 17.36 17.37 17.38 17.38 17.39 17.40 17.40 17.41 17.41 17.42 17.43 17.43 17.43 17.43 17.43 17.43 17.43 17.42 17.41 17.40 17.38
16.74 16.75 16.76 16.76 16.76 16.77 16.78 16.79 16.79 16.79 16.80 16.81 16.81 16.82 16.83 16.84 16.84 16.85 16.86 16.88 16.89 16.89 16.90 16.91 16.93 16.93 16.94 16.95 16.97 16.97 16.98 17.00 17.01 17.02 17.03 17.04 17.06 17.06 17.08 17.09 17.11 17.11 17.12 17.14 17.14 17.16 17.17 17.17 17.19 17.20 17.21 17.22 17.23 17.24 17.25 17.26 17.27 17.27 17.28 17.30 17.30 17.31 17.31 17.32 17.32 17.32 17.33 17.33 17.34 17.34 17.34 17.35 17.34 17.34 17.35 17.34 17.34 17.33
16.72 16.71 16.72 16.73 16.73 16.74 16.74 16.75 16.75 16.76 16.76 16.77 16.78 16.79 16.80 16.80 16.80 16.81 16.82 16.83 16.84 16.85 16.86 16.87 16.87 16.88 16.89 16.91 16.91 16.92 16.93 16.95 16.95 16.96 16.97 16.99 16.99 17.00 17.02 17.03 17.03 17.05 17.06 17.06 17.08 17.09 17.10 17.10 17.12 17.13 17.13 17.14 17.16 17.16 17.17 17.18 17.18 17.19 17.20 17.20 17.21 17.22 17.22 17.23 17.24 17.24 17.25 17.24 17.25 17.26 17.25 17.26 17.25 17.26 17.25 17.25 17.25 17.25
16.68 16.69 16.69 16.70 16.70 16.70 16.71 16.72 16.72 16.72 16.73 16.74 16.74 16.74 16.75 16.76 16.77 16.78 16.78 16.79 16.80 16.81 16.82 16.82 16.83 16.84 16.85 16.85 16.86 16.87 16.88 16.89 16.90 16.91 16.92 16.92 16.93 16.95 16.96 16.96 16.97 16.99 16.99 17.00 17.01 17.02 17.03 17.04 17.05 17.05 17.06 17.07 17.08 17.09 17.10 17.11 17.11 17.12 17.12 17.13 17.14 17.13 17.14 17.15 17.15 17.16 17.16 17.16 17.17 17.16 17.17 17.17 17.17 17.17 17.16 17.17 17.17 17.16
16.66 16.66 16.67 16.66 16.67 16.67 16.68 16.69 16.68 16.69 16.70 16.70 16.70 16.71 16.72 16.73 16.73 16.73 16.74 16.75 16.76 16.76 16.77 16.78 16.79 16.80 16.80 16.81 16.82 16.83 16.83 16.84 16.85 16.86 16.86 16.87 16.88 16.89 16.89 16.91 16.92 16.92 16.93 16.94 16.95 16.95 16.96 16.97 16.98 16.99 17.00 17.01 17.01 17.02 17.03 17.03 17.04 17.04 17.04 17.05 17.06 17.06 17.07 17.07 17.07 17.08 17.07 17.08 17.09 17.08 17.09 17.08 17.09 17.09 17.08 17.09 17.08 17.08
16.63 16.64 16.63 16.64 16.64 16.65 16.64 16.65 16.65 16.66 16.67 16.66 16.67 16.68 16.68 16.69 16.69 16.70 16.70 16.71 16.71 16.72 16.73 16.74 16.74 16.74 16.75 16.76 16.76 16.77 16.78 16.79 16.80 16.80 16.81 16.82 16.83 16.83 16.84 16.85 16.86 16.86 16.87 16.88 16.88 16.89 16.90 16.90 16.91 16.92 16.93 16.93 16.94 16.95 16.95 16.96 16.97 16.97 16.97 16.98 16.98 16.99 17.00 16.99 17.00 17.00 17.00 17.01 17.00 17.01 17.01 17.01 17.01 17.01 17.01 17.01 17.00 17.00
