main/data/pressure/12.09.2023.grid
ncols 886
nrows 691
xllcenter 112.0000
yllcenter -44.5000
cellsize 0.0500
nodata_value 99999.90
[rows 324 to 359 of 691, columns 581 to 663 of 886]
5.70 5.54 5.19 5.53 5.58 5.64 5.62 5.62 5.61 5.59 5.56 5.53 5.49 5.47 5.43 5.40 5.35 5.32 5.27 5.24 5.20 5.16 5.13 5.10 5.05 5.01 4.97 4.77 4.60 4.59 4.42 4.74 4.39 4.57 4.83 4.96 5.01 5.07 5.22 5.36 5.49 5.60 5.69 5.76 5.84 5.94 6.07 6.20 6.30 6.39 6.45 6.58 6.66 6.74 6.76 6.80 6.83 6.82 6.80 6.80 6.96 7.10 7.22 7.26 7.30 7.40 7.45 7.53 7.49 7.46 7.53 7.61 7.68 7.74 7.77 7.78 7.82 7.85 7.83 7.78 7.79 7.76 7.86
5.59 5.49 5.51 5.54 5.58 5.64 5.65 5.64 5.62 5.61 5.58 5.53 5.50 5.50 5.48 5.44 5.39 5.37 5.34 5.31 5.28 5.26 5.22 5.19 5.16 5.10 5.02 4.78 4.70 4.89 4.82 4.91 4.71 4.71 5.01 5.03 5.07 5.09 5.28 5.42 5.57 5.67 5.77 5.86 5.89 5.97 6.13 6.25 6.34 6.42 6.50 6.57 6.61 6.68 6.78 6.79 6.81 6.84 6.60 6.86 6.99 7.01 7.16 7.25 7.28 7.40 7.41 7.43 7.50 7.44 7.46 7.54 7.61 7.67 7.70 7.70 7.70 7.79 7.77 7.78 7.71 7.78 7.84
5.45 5.52 5.61 5.65 5.65 5.66 5.66 5.65 5.64 5.62 5.58 5.52 5.55 5.53 5.50 5.48 5.43 5.40 5.40 5.37 5.36 5.34 5.31 5.28 5.22 5.18 5.05 5.04 4.98 5.02 5.02 5.08 4.97 4.82 5.11 5.05 5.07 5.00 5.31 5.45 5.61 5.74 5.85 5.93 5.97 6.04 6.19 6.28 6.35 6.43 6.51 6.59 6.60 6.64 6.74 6.74 6.72 6.78 6.83 6.82 6.88 6.99 7.08 7.22 7.07 7.33 7.34 7.34 7.38 7.39 7.42 7.49 7.56 7.63 7.65 7.66 7.67 7.72 7.73 7.73 7.67 7.70 7.80
5.55 5.61 5.65 5.65 5.65 5.67 5.67 5.66 5.66 5.63 5.59 5.51 5.53 5.56 5.54 5.52 5.48 5.45 5.45 5.44 5.42 5.40 5.38 5.36 5.34 5.26 5.07 4.86 5.02 5.14 5.19 5.18 5.01 4.98 5.01 5.02 5.24 5.31 5.45 5.52 5.60 5.75 5.88 5.98 6.06 6.14 6.22 6.30 6.38 6.44 6.51 6.58 6.61 6.66 6.71 6.74 6.78 6.82 6.76 6.80 6.74 6.88 7.05 7.16 7.22 7.30 7.35 7.30 7.29 7.35 7.39 7.45 7.53 7.61 7.62 7.60 7.55 7.60 7.69 7.75 7.75 7.69 7.70
5.51 5.59 5.65 5.60 5.59 5.68 5.69 5.68 5.67 5.64 5.60 5.45 5.54 5.58 5.57 5.54 5.52 5.51 5.50 5.47 5.47 5.45 5.44 5.43 5.40 5.35 5.27 5.26 5.25 5.26 5.32 5.25 5.04 4.93 4.87 5.07 5.38 5.45 5.54 5.63 5.71 5.81 5.92 6.02 6.10 6.17 6.24 6.32 6.39 6.45 6.51 6.57 6.61 6.66 6.70 6.74 6.73 6.81 6.75 6.72 6.77 6.89 6.96 7.01 7.20 7.26 7.24 7.14 7.25 7.31 7.35 7.44 7.52 7.55 7.56 7.51 7.45 7.51 7.64 7.72 7.72 7.70 7.71
5.57 5.64 5.65 5.58 5.53 5.62 5.67 5.69 5.68 5.63 5.54 5.40 5.54 5.60 5.59 5.57 5.56 5.54 5.52 5.52 5.53 5.50 5.50 5.50 5.48 5.44 5.42 5.40 5.44 5.42 5.42 5.38 5.15 5.13 5.22 5.39 5.41 5.33 5.51 5.64 5.69 5.83 5.96 6.04 6.13 6.20 6.26 6.33 6.39 6.45 6.52 6.56 6.61 6.64 6.65 6.71 6.76 6.76 6.77 6.79 6.75 6.83 6.86 6.93 7.12 7.21 7.22 7.20 7.27 7.30 7.33 7.44 7.49 7.50 7.44 7.42 7.40 7.51 7.62 7.69 7.67 7.64 7.72
5.58 5.68 5.68 5.64 5.54 5.59 5.64 5.67 5.69 5.65 5.60 5.58 5.63 5.61 5.61 5.60 5.58 5.58 5.56 5.57 5.56 5.54 5.55 5.55 5.53 5.51 5.51 5.53 5.50 5.47 5.43 5.40 5.29 5.29 5.44 5.24 5.23 5.53 5.57 5.68 5.76 5.90 5.98 6.06 6.15 6.22 6.28 6.33 6.38 6.44 6.50 6.54 6.59 6.60 6.62 6.65 6.69 6.58 6.59 6.66 6.64 6.61 6.84 7.02 7.09 7.16 7.22 7.20 7.28 7.30 7.34 7.44 7.45 7.44 7.36 7.33 7.37 7.46 7.58 7.65 7.61 7.55 7.64
5.67 5.70 5.69 5.66 5.60 5.60 5.61 5.62 5.63 5.63 5.60 5.59 5.59 5.62 5.62 5.61 5.61 5.61 5.61 5.60 5.60 5.59 5.59 5.59 5.57 5.46 5.29 5.51 5.53 5.53 5.39 5.31 5.30 5.40 5.51 5.40 5.27 5.56 5.58 5.68 5.83 5.90 5.99 6.07 6.16 6.22 6.29 6.31 6.36 6.44 6.49 6.52 6.55 6.59 6.60 6.62 6.65 6.52 6.60 6.66 6.65 6.66 6.89 6.91 7.07 7.12 7.16 7.13 7.22 7.31 7.36 7.41 7.42 7.41 7.44 7.42 7.42 7.48 7.57 7.62 7.57 7.50 7.64
5.72 5.72 5.70 5.68 5.64 5.59 5.57 5.57 5.58 5.60 5.57 5.53 5.53 5.59 5.63 5.63 5.63 5.62 5.62 5.63 5.62 5.62 5.63 5.62 5.61 5.58 5.42 5.58 5.58 5.53 5.39 5.20 5.35 5.53 5.55 5.52 5.48 5.59 5.66 5.74 5.82 5.89 5.94 6.03 6.15 6.22 6.27 6.29 6.31 6.41 6.47 6.50 6.53 6.56 6.59 6.60 6.62 6.61 6.60 6.69 6.73 6.70 6.88 6.98 7.00 7.09 7.14 7.14 7.22 7.28 7.34 7.38 7.40 7.38 7.45 7.43 7.38 7.45 7.49 7.58 7.58 7.56 7.54
5.73 5.72 5.70 5.68 5.64 5.58 5.53 5.52 5.53 5.54 5.54 5.49 5.49 5.52 5.61 5.64 5.64 5.64 5.60 5.63 5.65 5.65 5.65 5.63 5.61 5.50 5.63 5.63 5.61 5.58 5.61 5.59 5.57 5.64 5.52 5.54 5.38 5.49 5.66 5.67 5.82 5.91 5.94 6.05 6.16 6.23 6.27 6.30 6.33 6.39 6.47 6.49 6.51 6.51 6.50 6.54 6.53 6.58 6.58 6.68 6.72 6.82 6.80 6.86 7.02 7.07 7.12 7.16 7.22 7.27 7.30 7.31 7.34 7.34 7.28 7.37 7.35 7.37 7.40 7.54 7.61 7.49 7.45
5.74 5.71 5.70 5.68 5.64 5.57 5.53 5.51 5.47 5.46 5.52 5.46 5.43 5.47 5.61 5.64 5.64 5.66 5.66 5.66 5.67 5.67 5.67 5.66 5.65 5.66 5.67 5.67 5.67 5.66 5.67 5.67 5.67 5.67 5.65 5.61 5.50 5.51 5.64 5.75 5.85 5.92 6.01 6.04 6.14 6.22 6.29 6.22 6.34 6.42 6.46 6.49 6.43 6.40 6.42 6.35 6.22 6.50 6.51 6.64 6.63 6.64 6.70 6.77 6.97 7.05 7.10 7.16 7.21 7.24 7.26 7.25 7.24 7.22 7.21 7.28 7.31 7.39 7.48 7.55 7.60 7.46 7.36
5.79 5.71 5.67 5.66 5.63 5.59 5.56 5.52 5.46 5.45 5.50 5.43 5.42 5.47 5.47 5.59 5.66 5.66 5.67 5.67 5.67 5.67 5.67 5.65 5.48 5.56 5.66 5.68 5.68 5.69 5.70 5.73 5.72 5.71 5.71 5.68 5.56 5.56 5.74 5.82 5.87 5.93 6.02 6.03 6.13 6.23 6.27 6.26 6.30 6.40 6.44 6.47 6.48 6.42 6.39 6.40 6.46 6.52 6.61 6.67 6.72 6.70 6.79 6.88 6.99 7.05 7.09 7.15 7.19 7.21 7.23 7.22 7.19 7.16 7.20 7.22 7.22 7.28 7.39 7.52 7.60 7.53 7.42
5.75 5.69 5.67 5.64 5.64 5.61 5.58 5.55 5.47 5.49 5.49 5.46 5.44 5.45 5.54 5.60 5.66 5.66 5.67 5.68 5.67 5.67 5.68 5.70 5.69 5.69 5.69 5.70 5.72 5.72 5.72 5.75 5.73 5.71 5.73 5.66 5.61 5.68 5.80 5.88 5.90 5.92 6.04 6.07 6.14 6.24 6.28 6.27 6.30 6.39 6.44 6.46 6.48 6.43 6.39 6.39 6.52 6.58 6.64 6.51 6.51 6.78 6.86 6.95 6.99 7.04 7.09 7.13 7.14 7.16 7.18 7.17 7.14 7.10 7.18 7.20 7.17 7.21 7.34 7.46 7.56 7.62 7.54
5.78 5.74 5.69 5.65 5.76 5.66 5.64 5.58 5.53 5.49 5.43 5.45 5.54 5.56 5.64 5.46 5.57 5.68 5.69 5.68 5.67 5.67 5.67 5.63 5.65 5.70 5.71 5.71 5.73 5.72 5.68 5.75 5.74 5.70 5.73 5.77 5.78 5.79 5.89 5.91 5.96 5.94 6.00 6.10 6.15 6.23 6.29 6.30 6.36 6.42 6.44 6.45 6.47 6.46 6.37 6.38 6.52 6.62 6.67 6.49 6.54 6.73 6.89 6.94 6.99 7.04 7.08 7.06 7.07 7.12 7.14 7.14 7.08 7.15 7.22 7.24 7.24 7.24 7.33 7.42 7.55 7.61 7.62
5.78 5.74 5.67 5.64 5.68 5.66 5.64 5.62 5.58 5.54 5.44 5.42 5.51 5.58 5.64 5.67 5.68 5.70 5.70 5.69 5.69 5.70 5.68 5.47 5.34 5.67 5.71 5.71 5.73 5.72 5.60 5.71 5.74 5.73 5.74 5.81 5.85 5.78 5.92 5.94 5.99 5.98 6.01 6.13 6.12 6.24 6.28 6.32 6.35 6.40 6.43 6.44 6.47 6.52 6.22 6.39 6.54 6.59 6.70 6.62 6.59 6.71 6.84 6.97 7.00 7.03 7.08 7.06 7.07 7.09 7.12 7.14 7.10 7.19 7.24 7.26 7.28 7.29 7.26 7.37 7.51 7.60 7.64
5.79 5.72 5.67 5.67 5.68 5.68 5.67 5.64 5.62 5.61 5.55 5.49 5.41 5.58 5.60 5.61 5.70 5.70 5.70 5.70 5.71 5.67 5.51 5.36 5.25 5.48 5.67 5.72 5.72 5.69 5.61 5.74 5.64 5.52 5.70 5.76 5.82 5.92 5.92 5.98 5.99 5.95 6.02 6.19 6.24 6.26 6.25 6.35 6.34 6.41 6.39 6.36 6.45 6.50 6.47 6.37 6.53 6.63 6.74 6.76 6.64 6.80 6.92 6.97 7.01 7.05 7.07 7.10 7.13 7.08 7.13 7.16 7.18 7.11 7.22 7.30 7.35 7.42 7.39 7.39 7.48 7.61 7.67
5.80 5.73 5.68 5.73 5.71 5.71 5.68 5.65 5.66 5.64 5.62 5.49 5.45 5.57 5.55 5.55 5.61 5.72 5.72 5.72 5.72 5.67 5.50 5.42 5.40 5.53 5.65 5.68 5.72 5.75 5.75 5.74 5.66 5.55 5.69 5.77 5.82 5.94 5.99 6.04 6.06 6.04 6.12 6.22 6.26 6.30 6.34 6.39 6.37 6.36 6.42 6.38 6.46 6.54 6.37 6.32 6.60 6.68 6.71 6.82 6.85 6.84 6.93 7.00 7.03 7.07 7.11 7.11 7.11 7.17 7.17 7.17 7.14 7.08 7.18 7.31 7.36 7.42 7.46 7.50 7.54 7.64 7.65
5.81 5.75 5.74 5.72 5.70 5.70 5.69 5.70 5.67 5.66 5.64 5.53 5.37 5.50 5.60 5.64 5.63 5.73 5.74 5.73 5.74 5.73 5.67 5.62 5.62 5.65 5.68 5.69 5.70 5.71 5.73 5.76 5.72 5.68 5.71 5.81 5.89 5.95 6.00 6.07 6.11 6.15 6.22 6.19 6.25 6.26 6.36 6.41 6.42 6.44 6.42 6.44 6.55 6.61 6.46 6.53 6.59 6.67 6.74 6.73 6.88 6.93 6.95 7.03 7.06 7.10 7.12 7.15 7.16 7.16 7.18 7.17 7.15 7.10 7.14 7.25 7.34 7.43 7.49 7.56 7.61 7.67 7.69
5.77 5.76 5.70 5.70 5.70 5.69 5.67 5.67 5.67 5.67 5.65 5.53 5.40 5.44 5.55 5.66 5.69 5.74 5.75 5.75 5.76 5.75 5.73 5.70 5.70 5.69 5.62 5.64 5.68 5.67 5.67 5.72 5.78 5.77 5.72 5.82 5.85 5.89 5.97 6.10 6.15 6.20 6.23 6.14 6.23 6.22 6.31 6.42 6.45 6.46 6.42 6.51 6.62 6.66 6.51 6.65 6.45 6.58 6.69 6.82 6.91 7.00 6.97 7.05 7.09 7.12 7.14 7.14 7.10 7.12 7.16 7.11 7.16 7.16 7.20 7.19 7.33 7.43 7.50 7.58 7.65 7.68 7.63
5.75 5.72 5.70 5.69 5.70 5.67 5.65 5.63 5.66 5.67 5.67 5.56 5.53 5.48 5.49 5.68 5.73 5.76 5.76 5.77 5.77 5.77 5.75 5.69 5.67 5.62 5.47 5.51 5.57 5.61 5.45 5.54 5.73 5.81 5.82 5.85 5.86 5.89 5.99 6.12 6.19 6.24 6.30 6.29 6.30 6.25 6.33 6.41 6.49 6.53 6.49 6.57 6.68 6.71 6.72 6.65 6.70 6.73 6.78 6.82 6.95 7.04 7.07 7.10 7.14 7.16 7.18 7.15 7.08 7.08 7.12 7.19 7.21 7.20 7.33 7.34 7.42 7.42 7.51 7.58 7.68 7.62 7.77
5.68 5.68 5.70 5.67 5.65 5.63 5.63 5.60 5.61 5.64 5.66 5.65 5.61 5.47 5.42 5.67 5.72 5.76 5.76 5.78 5.75 5.77 5.76 5.70 5.64 5.54 5.28 5.57 5.56 5.58 5.45 5.63 5.72 5.80 5.86 5.89 5.89 5.94 6.07 6.17 6.24 6.28 6.33 6.36 6.34 6.32 6.34 6.41 6.49 6.52 6.63 6.67 6.75 6.78 6.71 6.72 6.82 6.88 6.88 6.91 7.00 7.12 7.14 7.15 7.18 7.20 7.22 7.19 7.11 7.08 7.09 7.15 7.21 7.24 7.35 7.40 7.42 7.41 7.44 7.54 7.71 7.79 7.80
5.61 5.67 5.64 5.61 5.56 5.60 5.47 5.48 5.56 5.66 5.69 5.71 5.69 5.52 5.46 5.59 5.67 5.76 5.75 5.78 5.76 5.77 5.79 5.75 5.69 5.62 5.58 5.59 5.57 5.58 5.64 5.75 5.79 5.81 5.88 5.93 5.93 5.97 5.96 6.18 6.27 6.32 6.36 6.40 6.44 6.46 6.40 6.43 6.51 6.56 6.64 6.68 6.79 6.88 6.83 6.82 6.90 7.02 7.04 7.03 7.08 7.18 7.21 7.22 7.24 7.25 7.25 7.23 7.19 7.15 7.15 7.16 7.25 7.31 7.37 7.44 7.49 7.46 7.46 7.59 7.79 7.86 7.91
5.54 5.47 5.51 5.51 5.46 5.43 5.45 5.51 5.59 5.70 5.70 5.73 5.74 5.72 5.65 5.63 5.60 5.55 5.78 5.79 5.80 5.80 5.80 5.80 5.76 5.68 5.63 5.62 5.58 5.63 5.73 5.79 5.84 5.88 5.93 6.00 6.05 6.13 6.15 6.27 6.32 6.35 6.39 6.43 6.42 6.49 6.57 6.61 6.63 6.65 6.63 6.72 6.85 6.97 6.99 6.99 7.07 7.11 7.09 7.14 7.21 7.27 7.28 7.28 7.30 7.27 7.26 7.26 7.23 7.20 7.19 7.18 7.23 7.27 7.35 7.46 7.55 7.57 7.58 7.68 7.74 7.94 8.01
5.54 5.29 5.46 5.49 5.68 5.61 5.60 5.64 5.72 5.72 5.75 5.75 5.76 5.74 5.72 5.68 5.67 5.67 5.79 5.80 5.80 5.81 5.80 5.79 5.76 5.72 5.69 5.66 5.59 5.62 5.79 5.85 5.89 5.94 5.99 6.05 6.12 6.15 6.22 6.31 6.37 6.39 6.46 6.51 6.50 6.52 6.52 6.58 6.64 6.73 6.61 6.76 6.89 6.99 7.11 6.97 7.13 7.21 7.23 7.25 7.32 7.35 7.35 7.36 7.34 7.30 7.30 7.29 7.23 7.21 7.21 7.14 7.25 7.28 7.36 7.47 7.56 7.68 7.75 7.82 7.90 7.95 8.12
5.84 5.81 5.75 5.69 5.68 5.69 5.66 5.76 5.79 5.77 5.78 5.79 5.78 5.77 5.73 5.69 5.74 5.78 5.78 5.81 5.81 5.81 5.81 5.80 5.76 5.72 5.74 5.74 5.68 5.62 5.72 5.86 5.94 5.99 6.06 6.09 6.16 6.22 6.29 6.34 6.39 6.42 6.37 6.52 6.61 6.67 6.68 6.67 6.83 6.73 6.62 6.82 6.95 6.97 7.17 7.21 7.20 7.24 7.32 7.34 7.42 7.43 7.42 7.41 7.37 7.35 7.36 7.33 7.24 7.20 7.20 7.16 7.28 7.33 7.40 7.52 7.66 7.62 7.75 7.84 7.84 7.94 8.08
5.90 5.92 5.79 5.82 5.85 5.83 5.83 5.83 5.84 5.83 5.82 5.81 5.82 5.78 5.73 5.64 5.77 5.80 5.81 5.82 5.82 5.81 5.78 5.68 5.68 5.63 5.65 5.74 5.72 5.69 5.80 5.87 5.93 6.02 6.08 6.13 6.20 6.26 6.32 6.39 6.45 6.47 6.48 6.56 6.63 6.67 6.53 6.59 6.95 6.79 6.74 6.89 7.01 7.09 7.15 7.22 7.24 7.20 7.32 7.37 7.42 7.45 7.48 7.46 7.44 7.43 7.43 7.40 7.32 7.30 7.25 7.27 7.35 7.38 7.44 7.49 7.59 7.79 7.82 7.85 7.85 8.00 8.20
5.86 5.86 5.86 5.92 5.90 5.85 5.89 5.88 5.87 5.87 5.86 5.84 5.84 5.81 5.76 5.75 5.76 5.82 5.82 5.83 5.83 5.81 5.78 5.75 5.64 5.51 5.58 5.72 5.73 5.62 5.78 5.75 5.90 6.03 6.13 6.19 6.24 6.31 6.37 6.41 6.44 6.54 6.58 6.60 6.56 6.68 6.62 6.70 6.97 6.81 6.80 6.93 6.99 7.07 7.10 7.18 7.24 7.25 7.32 7.32 7.40 7.45 7.48 7.46 7.50 7.51 7.48 7.45 7.40 7.28 7.28 7.32 7.41 7.42 7.40 7.47 7.66 7.86 7.88 7.83 7.98 8.12 8.29
5.94 5.98 5.99 5.99 5.96 5.95 5.93 5.90 5.89 5.88 5.87 5.87 5.85 5.84 5.83 5.82 5.84 5.83 5.83 5.84 5.84 5.83 5.81 5.78 5.63 5.38 5.65 5.75 5.80 5.82 5.83 5.71 5.92 6.07 6.16 6.22 6.29 6.35 6.41 6.48 6.56 6.61 6.65 6.69 6.71 6.77 6.77 6.80 6.91 6.78 6.80 6.97 6.87 7.08 7.13 7.17 7.24 7.21 7.31 7.34 7.38 7.42 7.47 7.43 7.50 7.52 7.53 7.51 7.48 7.39 7.39 7.42 7.50 7.46 7.43 7.52 7.73 7.86 8.04 7.99 8.19 8.28 8.45
6.09 6.10 6.06 6.02 6.00 5.97 5.95 5.93 5.92 5.91 5.90 5.88 5.88 5.87 5.87 5.85 5.85 5.84 5.85 5.85 5.86 5.84 5.83 5.80 5.73 5.68 5.74 5.80 5.85 5.88 5.90 5.92 6.02 6.12 6.18 6.25 6.31 6.36 6.42 6.43 6.38 6.68 6.72 6.75 6.71 6.84 6.87 6.91 6.97 6.92 6.86 7.02 6.97 7.10 7.16 7.19 7.23 7.23 7.27 7.31 7.35 7.40 7.44 7.45 7.46 7.45 7.48 7.53 7.50 7.46 7.47 7.50 7.57 7.49 7.51 7.62 7.78 7.91 8.08 8.23 8.30 8.37 8.53
6.15 6.08 6.02 6.00 5.99 5.96 5.94 5.92 5.94 5.92 5.91 5.90 5.89 5.88 5.87 5.87 5.86 5.86 5.86 5.87 5.87 5.86 5.86 5.86 5.84 5.85 5.84 5.86 5.85 5.86 5.94 5.87 6.04 6.14 6.22 6.29 6.35 6.39 6.45 6.51 6.57 6.64 6.71 6.81 6.76 6.75 6.92 6.97 6.98 6.96 6.95 7.03 6.95 7.08 7.14 7.16 7.22 7.20 7.24 7.31 7.31 7.37 7.42 7.42 7.42 7.41 7.47 7.53 7.57 7.55 7.55 7.57 7.64 7.54 7.58 7.67 7.79 7.80 8.14 8.27 8.43 8.35 8.52
6.15 6.05 6.07 5.99 5.98 5.95 5.93 5.86 5.94 5.93 5.92 5.91 5.90 5.90 5.89 5.88 5.87 5.87 5.86 5.87 5.88 5.88 5.89 5.90 5.89 5.90 5.88 5.89 5.85 5.78 5.91 5.94 6.07 6.14 6.24 6.30 6.36 6.41 6.45 6.50 6.49 6.47 6.69 6.77 6.82 6.79 6.87 6.98 7.01 6.94 6.96 7.06 7.06 7.02 7.07 7.14 7.20 7.18 7.21 7.29 7.31 7.36 7.37 7.40 7.40 7.41 7.48 7.50 7.47 7.53 7.55 7.61 7.68 7.66 7.68 7.67 7.60 7.82 8.12 8.31 8.44 8.46 8.53
6.11 6.05 6.00 5.93 5.89 5.91 5.92 5.86 5.88 5.92 5.93 5.92 5.92 5.91 5.89 5.89 5.89 5.88 5.88 5.88 5.90 5.90 5.90 5.90 5.91 5.92 5.91 5.88 5.80 5.55 5.71 6.05 6.13 6.21 6.26 6.31 6.36 6.42 6.47 6.55 6.51 6.60 6.72 6.69 6.73 6.81 6.86 6.96 7.00 7.00 7.05 7.08 7.01 7.05 7.11 7.09 7.20 7.21 7.29 7.24 7.31 7.33 7.35 7.38 7.40 7.42 7.48 7.50 7.54 7.49 7.47 7.58 7.69 7.76 7.79 7.81 7.82 7.95 8.17 8.26 8.38 8.46 8.55
6.07 5.99 5.93 5.84 5.80 5.87 5.93 5.87 5.83 5.88 5.93 5.94 5.93 5.92 5.92 5.90 5.91 5.91 5.91 5.91 5.91 5.91 5.91 5.92 5.93 5.94 5.95 5.93 5.86 5.85 5.98 6.09 6.17 6.20 6.26 6.32 6.38 6.44 6.48 6.57 6.64 6.68 6.65 6.66 6.67 6.87 6.90 6.91 6.99 7.05 7.08 7.08 6.99 7.10 7.04 7.12 7.17 7.24 7.21 7.25 7.24 7.26 7.30 7.35 7.40 7.43 7.47 7.50 7.51 7.51 7.53 7.57 7.67 7.81 7.85 7.86 7.86 8.00 8.10 8.14 8.12 8.37 8.52
6.08 5.94 5.90 5.83 5.70 5.89 5.94 5.92 5.85 5.88 5.92 5.94 5.95 5.94 5.93 5.92 5.92 5.92 5.92 5.93 5.92 5.92 5.92 5.93 5.94 5.94 5.96 5.98 6.02 6.05 6.09 6.10 6.02 6.07 6.23 6.30 6.39 6.45 6.52 6.57 6.61 6.69 6.69 6.52 6.68 6.73 6.87 6.97 7.02 7.05 7.06 7.10 7.11 7.10 6.98 7.13 7.19 7.15 7.17 7.18 7.20 7.25 7.27 7.31 7.38 7.43 7.46 7.48 7.48 7.50 7.53 7.56 7.65 7.80 7.88 7.90 7.95 8.08 8.15 8.11 8.34 8.38 8.51
6.10 5.97 5.94 5.88 5.73 5.91 5.93 5.94 5.90 5.90 5.92 5.94 5.96 5.95 5.95 5.94 5.94 5.94 5.93 5.94 5.94 5.94 5.93 5.93 5.95 5.95 5.97 5.98 6.02 6.07 6.06 6.13 6.06 6.12 6.21 6.29 6.39 6.44 6.51 6.51 6.58 6.62 6.53 6.70 6.71 6.67 6.77 6.93 7.04 7.06 7.08 7.10 7.07 7.11 7.06 7.13 7.18 7.16 7.17 7.18 7.19 7.23 7.26 7.31 7.38 7.41 7.44 7.45 7.46 7.45 7.43 7.49 7.63 7.77 7.87 7.95 8.03 8.07 8.01 8.08 8.29 8.41 8.47
6.12 6.04 6.03 6.01 5.90 5.88 5.87 5.92 5.82 5.88 5.94 5.95 5.98 5.98 5.97 5.97 5.96 5.96 5.95 5.96 5.95 5.94 5.94 5.95 5.97 5.98 5.99 6.00 6.05 6.08 6.07 6.09 6.16 6.15 6.04 6.17 6.28 6.40 6.51 6.51 6.44 6.43 6.70 6.69 6.78 6.77 6.75 6.90 7.07 7.06 7.07 7.07 7.07 7.08 7.09 7.09 7.16 7.13 7.13 7.14 7.15 7.19 7.24 7.30 7.32 7.36 7.39 7.42 7.45 7.42 7.31 7.40 7.51 7.65 7.86 7.95 8.02 8.00 8.03 8.15 8.27 8.38 8.45
