main/data/pressure/12.01.2023.grid
ncols 886
nrows 691
xllcenter 112.0000
yllcenter -44.5000
cellsize 0.0500
nodata_value 99999.90
[rows 238 to 271 of 691, columns 312 to 389 of 886]
22.66 22.74 22.68 22.71 22.67 22.66 22.86 23.10 23.29 23.28 23.40 23.46 23.52 23.56 23.75 23.94 24.01 24.04 24.06 24.09 24.13 24.18 24.23 24.28 24.33 24.41 24.50 24.60 24.65 24.66 24.68 24.73 24.79 24.80 24.80 24.86 24.96 25.05 25.14 25.21 25.23 25.20 25.20 25.21 25.22 25.23 25.24 25.30 25.33 25.34 25.37 25.41 25.44 25.44 25.51 25.51 25.49 25.51 25.57 25.64 25.72 25.79 25.84 25.82 25.88 25.95 26.00 26.02 26.05 26.13 26.21 26.28 26.32 26.34 26.37 26.41 26.45 26.50
22.61 22.60 22.66 22.62 22.61 22.68 22.90 23.14 23.24 23.36 23.36 23.50 23.54 23.59 23.78 23.87 23.94 23.99 24.01 24.06 24.11 24.15 24.21 24.24 24.27 24.34 24.40 24.55 24.65 24.68 24.71 24.78 24.83 24.83 24.82 24.91 25.01 25.10 25.17 25.21 25.21 25.13 25.15 25.17 25.17 25.17 25.17 25.22 25.22 25.19 25.23 25.32 25.38 25.25 25.42 25.42 25.41 25.45 25.50 25.58 25.66 25.71 25.65 25.41 25.74 25.90 25.93 25.99 26.05 26.08 26.16 26.24 26.26 26.29 26.31 26.35 26.42 26.47
22.57 22.57 22.57 22.55 22.53 22.65 22.90 23.08 23.17 23.30 23.38 23.43 23.50 23.61 23.70 23.78 23.86 23.94 23.96 24.00 24.05 24.10 24.18 24.21 24.25 24.34 24.43 24.55 24.64 24.69 24.74 24.82 24.85 24.86 24.85 24.96 25.05 25.11 25.14 25.17 25.13 24.99 25.10 25.13 25.12 25.13 25.15 25.17 25.13 25.02 25.06 25.20 25.23 25.07 25.13 25.30 25.35 25.40 25.44 25.53 25.60 25.64 25.52 24.59 25.78 25.85 25.82 25.94 26.03 26.02 26.09 26.18 26.21 26.22 26.23 26.28 26.36 26.31
22.49 22.49 22.47 22.48 22.49 22.62 22.87 23.06 23.15 23.23 23.30 23.34 23.43 23.50 23.61 23.68 23.79 23.89 23.93 23.94 23.97 24.01 24.02 24.15 24.27 24.37 24.48 24.55 24.62 24.68 24.73 24.82 24.86 24.91 24.93 25.01 25.06 25.09 25.12 25.14 25.18 25.12 25.19 25.13 25.07 25.09 25.15 25.15 25.12 25.01 25.08 25.19 25.24 25.24 25.26 25.30 25.32 25.39 25.44 25.48 25.51 25.52 25.39 25.16 25.58 25.77 25.82 25.89 25.95 25.95 26.04 26.14 26.18 26.16 26.18 26.20 26.06 25.96
22.44 22.40 22.34 22.39 22.46 22.62 22.83 22.99 23.09 23.18 23.25 23.32 23.40 23.49 23.58 23.65 23.74 23.82 23.86 23.89 23.92 23.97 24.04 24.15 24.26 24.36 24.46 24.53 24.61 24.67 24.73 24.80 24.85 24.89 24.94 24.97 24.98 25.01 25.08 25.11 25.15 25.16 25.17 25.12 25.08 25.11 25.15 25.14 25.14 25.14 25.20 25.26 25.30 25.32 25.34 25.35 25.37 25.42 25.46 25.45 25.42 25.46 25.47 25.45 25.63 25.71 25.78 25.84 25.91 25.94 25.99 26.08 26.11 26.11 26.13 26.10 25.65 25.54
22.41 22.37 22.31 22.37 22.44 22.62 22.78 22.92 23.03 23.12 23.21 23.29 23.39 23.49 23.57 23.64 23.70 23.75 23.80 23.85 23.89 23.97 24.07 24.17 24.28 24.35 24.43 24.52 24.60 24.66 24.73 24.78 24.83 24.84 24.87 24.87 24.84 24.92 25.01 25.04 25.11 25.14 25.14 25.14 25.13 25.14 25.15 25.15 25.15 25.23 25.31 25.31 25.34 25.35 25.37 25.38 25.40 25.44 25.46 25.43 25.41 25.43 25.44 25.47 25.54 25.62 25.70 25.76 25.82 25.88 25.95 26.03 26.05 26.05 26.07 26.11 26.09 26.02
22.34 22.38 22.39 22.44 22.52 22.64 22.74 22.86 22.98 23.07 23.16 23.25 23.36 23.47 23.55 23.61 23.66 23.71 23.76 23.84 23.90 23.98 24.07 24.19 24.28 24.35 24.42 24.51 24.58 24.64 24.71 24.77 24.79 24.80 24.82 24.84 24.83 24.83 24.89 24.97 25.08 25.11 25.13 25.14 25.15 25.15 25.16 25.19 25.22 25.26 25.29 25.30 25.34 25.36 25.38 25.39 25.41 25.44 25.43 25.42 25.39 25.42 25.39 25.40 25.44 25.53 25.63 25.68 25.72 25.80 25.90 26.00 26.01 25.99 25.98 25.96 25.91 26.01
22.32 22.40 22.45 22.52 22.60 22.68 22.71 22.80 22.93 23.01 23.09 23.17 23.30 23.42 23.52 23.58 23.64 23.67 23.75 23.83 23.92 24.00 24.08 24.19 24.27 24.34 24.41 24.49 24.53 24.59 24.66 24.74 24.76 24.77 24.81 24.83 24.83 24.82 24.85 24.94 25.05 25.09 25.11 25.13 25.17 25.18 25.20 25.23 25.27 25.27 25.28 25.26 25.24 25.35 25.35 25.32 25.30 25.39 25.40 25.40 25.40 25.40 25.39 25.35 25.38 25.50 25.59 25.61 25.62 25.72 25.84 25.95 25.94 25.90 25.86 25.85 25.88 25.99
22.25 22.39 22.47 22.55 22.63 22.69 22.72 22.78 22.85 22.91 22.99 23.07 23.21 23.36 23.48 23.57 23.64 23.69 23.77 23.86 23.93 24.00 24.09 24.17 24.25 24.32 24.39 24.45 24.49 24.55 24.62 24.72 24.74 24.77 24.81 24.83 24.84 24.85 24.88 24.93 25.01 25.07 25.10 25.13 25.16 25.18 25.21 25.24 25.27 25.27 25.26 25.25 25.25 25.29 25.31 25.25 25.23 25.30 25.37 25.37 25.36 25.37 25.33 25.35 25.24 25.49 25.58 25.61 25.64 25.68 25.81 25.89 25.88 25.81 25.76 25.78 25.87 26.01
22.18 22.34 22.46 22.54 22.63 22.70 22.73 22.76 22.77 22.83 22.92 22.97 23.15 23.31 23.44 23.54 23.63 23.70 23.79 23.87 23.94 24.01 24.08 24.14 24.22 24.29 24.36 24.42 24.47 24.54 24.61 24.69 24.74 24.79 24.83 24.84 24.84 24.87 24.90 24.96 25.02 25.05 25.08 25.12 25.17 25.19 25.22 25.24 25.26 25.24 25.21 25.22 25.22 25.22 25.20 25.14 25.10 25.21 25.32 25.35 25.35 25.38 25.38 25.38 25.34 25.57 25.63 25.64 25.65 25.64 25.75 25.84 25.83 25.82 25.77 25.81 25.89 26.03
22.10 22.26 22.38 22.48 22.58 22.66 22.73 22.76 22.80 22.86 22.94 23.02 23.15 23.28 23.39 23.48 23.57 23.68 23.77 23.85 23.92 23.99 24.05 24.12 24.18 24.26 24.33 24.40 24.45 24.52 24.59 24.66 24.73 24.79 24.83 24.85 24.87 24.88 24.91 24.98 25.02 25.05 25.08 25.13 25.17 25.19 25.20 25.21 25.22 25.21 25.20 25.19 25.18 25.17 25.14 25.08 25.04 25.16 25.30 25.34 25.34 25.41 25.27 25.43 25.50 25.60 25.64 25.67 25.70 25.70 25.79 25.83 25.82 25.88 25.91 25.90 25.92 26.06
22.03 22.16 22.28 22.38 22.49 22.61 22.70 22.75 22.81 22.89 22.99 23.07 23.17 23.27 23.36 23.42 23.52 23.64 23.74 23.81 23.89 23.96 24.02 24.09 24.14 24.21 24.30 24.38 24.44 24.50 24.57 24.64 24.70 24.77 24.82 24.85 24.87 24.90 24.94 24.98 25.01 25.05 25.09 25.13 25.17 25.18 25.18 25.17 25.16 25.18 25.18 25.16 25.13 25.14 25.12 25.08 25.06 25.17 25.31 25.38 25.39 25.38 25.45 25.49 25.53 25.63 25.61 25.65 25.74 25.73 25.81 25.86 25.84 25.90 25.94 26.00 26.06 26.16
21.93 22.05 22.16 22.27 22.40 22.51 22.62 22.71 22.78 22.86 22.96 23.06 23.15 23.25 23.35 23.43 23.51 23.61 23.70 23.78 23.86 23.92 23.99 24.05 24.12 24.18 24.27 24.34 24.41 24.47 24.53 24.59 24.65 24.72 24.78 24.82 24.85 24.89 24.93 24.96 25.00 25.04 25.08 25.11 25.14 25.15 25.15 25.14 25.13 25.14 25.15 25.14 25.12 25.14 25.14 25.12 25.11 25.21 25.32 25.40 25.41 25.44 25.50 25.58 25.59 25.64 25.72 25.71 25.75 25.83 25.84 25.89 25.94 25.96 25.98 26.07 26.11 26.17
21.84 21.94 22.04 22.15 22.30 22.42 22.53 22.64 22.72 22.80 22.91 23.02 23.11 23.20 23.31 23.42 23.50 23.59 23.65 23.72 23.81 23.88 23.94 24.01 24.09 24.15 24.23 24.30 24.37 24.43 24.51 24.55 24.61 24.66 24.71 24.76 24.81 24.85 24.89 24.93 24.97 25.01 25.07 25.09 25.11 25.13 25.14 25.13 25.13 25.11 25.13 25.14 25.14 25.17 25.19 25.20 25.21 25.29 25.35 25.42 25.48 25.52 25.57 25.60 25.61 25.64 25.72 25.74 25.78 25.83 25.88 25.94 25.97 25.98 26.01 26.10 26.16 26.20
21.71 21.85 21.97 22.08 22.22 22.34 22.45 22.55 22.65 22.75 22.85 22.94 23.04 23.14 23.24 23.35 23.44 23.53 23.60 23.66 23.74 23.82 23.90 23.97 24.04 24.12 24.19 24.26 24.32 24.38 24.46 24.51 24.57 24.62 24.67 24.72 24.77 24.81 24.85 24.89 24.95 24.98 25.02 25.05 25.07 25.08 25.09 25.09 25.06 25.00 25.06 25.12 25.16 25.20 25.23 25.25 25.28 25.33 25.40 25.47 25.52 25.55 25.55 25.56 25.60 25.65 25.70 25.76 25.81 25.84 25.88 25.94 25.99 26.01 26.03 26.07 26.14 26.20
21.59 21.75 21.91 22.02 22.14 22.26 22.38 22.48 22.58 22.68 22.77 22.87 22.95 23.06 23.16 23.26 23.35 23.44 23.52 23.59 23.67 23.76 23.84 23.92 24.00 24.07 24.16 24.21 24.27 24.33 24.38 24.45 24.51 24.57 24.62 24.67 24.71 24.76 24.81 24.85 24.90 24.93 24.95 24.99 25.02 25.02 25.02 25.05 25.02 24.81 25.02 25.12 25.17 25.23 25.28 25.31 25.32 25.35 25.43 25.46 25.51 25.53 25.56 25.58 25.55 25.65 25.70 25.76 25.82 25.85 25.91 25.95 25.97 25.94 26.02 26.07 26.11 26.19
21.48 21.62 21.78 21.92 22.07 22.18 22.29 22.40 22.49 22.58 22.67 22.75 22.86 22.96 23.07 23.17 23.26 23.36 23.44 23.52 23.60 23.69 23.77 23.85 23.93 24.00 24.07 24.15 24.21 24.27 24.33 24.40 24.45 24.51 24.56 24.61 24.65 24.71 24.76 24.81 24.85 24.88 24.91 24.95 24.99 25.00 25.01 25.05 25.08 25.03 25.16 25.18 25.19 25.24 25.30 25.35 25.37 25.26 25.25 25.41 25.49 25.53 25.55 25.58 25.61 25.63 25.70 25.77 25.84 25.86 25.91 25.94 25.96 25.66 25.99 26.07 26.09 26.17
21.37 21.48 21.66 21.83 21.99 22.11 22.20 22.29 22.40 22.49 22.55 22.61 22.74 22.86 22.97 23.07 23.17 23.27 23.36 23.45 23.53 23.61 23.69 23.77 23.84 23.91 23.98 24.07 24.14 24.21 24.27 24.33 24.39 24.44 24.50 24.55 24.61 24.66 24.71 24.75 24.80 24.84 24.87 24.91 24.95 24.98 25.02 25.06 25.10 25.11 25.16 25.18 25.20 25.23 25.29 25.33 25.25 24.79 24.39 24.87 25.34 25.52 25.54 25.56 25.58 25.60 25.66 25.74 25.81 25.85 25.90 25.92 25.84 25.62 26.01 26.08 26.10 26.16
21.35 21.27 21.61 21.76 21.88 21.98 22.08 22.17 22.28 22.37 22.43 22.50 22.62 22.75 22.87 22.97 23.08 23.19 23.28 23.37 23.45 23.53 23.61 23.69 23.76 23.84 23.92 23.99 24.06 24.13 24.20 24.26 24.32 24.37 24.43 24.48 24.53 24.60 24.63 24.63 24.72 24.78 24.82 24.86 24.92 24.95 24.99 24.94 25.03 25.09 25.13 25.17 25.19 25.24 25.29 25.33 25.33 24.58 23.75 24.60 25.35 25.50 25.51 25.55 25.58 25.56 25.59 25.70 25.79 25.82 25.86 25.92 26.00 25.90 26.00 26.08 26.13 26.15
21.31 21.24 21.57 21.70 21.78 21.87 21.96 22.05 22.16 22.24 22.28 22.34 22.51 22.65 22.77 22.88 22.99 23.09 23.20 23.29 23.37 23.45 23.53 23.60 23.68 23.77 23.85 23.91 23.97 24.04 24.12 24.19 24.25 24.31 24.37 24.42 24.48 24.54 24.52 24.40 24.60 24.72 24.76 24.79 24.83 24.85 24.72 24.67 24.91 25.03 25.09 25.13 25.17 25.21 25.24 25.27 25.25 25.01 24.88 25.02 25.33 25.47 25.49 25.53 25.54 25.53 25.55 25.66 25.75 25.79 25.83 25.88 25.96 25.97 26.01 26.05 26.10 26.14
21.36 21.43 21.57 21.68 21.74 21.81 21.88 21.97 22.08 22.18 22.15 22.07 22.44 22.57 22.67 22.79 22.90 23.00 23.10 23.21 23.30 23.37 23.44 23.52 23.60 23.68 23.75 23.80 23.86 23.94 24.03 24.12 24.18 24.24 24.30 24.35 24.39 24.48 24.49 23.93 24.57 24.65 24.69 24.69 24.71 24.80 24.85 24.67 24.90 24.97 25.01 25.05 25.09 25.12 25.13 25.21 25.24 25.27 25.29 25.30 25.38 25.42 25.42 25.46 25.50 25.49 25.51 25.61 25.71 25.74 25.77 25.83 25.89 25.95 25.98 26.02 26.07 26.11
21.42 21.51 21.61 21.71 21.77 21.81 21.89 21.97 22.06 22.13 22.22 21.81 22.34 22.47 22.55 22.66 22.79 22.90 23.01 23.12 23.21 23.28 23.35 23.42 23.51 23.58 23.65 23.70 23.76 23.83 23.94 24.02 24.09 24.14 24.20 24.25 24.30 24.36 24.28 24.09 24.36 24.51 24.58 24.61 24.63 24.70 24.75 24.74 24.82 24.87 24.91 24.94 25.00 25.04 25.07 25.12 25.17 25.22 25.26 25.30 25.33 25.35 25.36 25.38 25.42 25.46 25.50 25.57 25.63 25.68 25.71 25.75 25.82 25.89 25.93 25.97 26.00 26.02
21.45 21.54 21.63 21.71 21.79 21.88 21.90 21.96 22.03 22.08 22.17 22.20 22.28 22.35 22.43 22.54 22.67 22.80 22.91 23.03 23.11 23.17 23.24 23.32 23.39 23.45 23.53 23.61 23.67 23.71 23.83 23.91 24.02 24.04 24.08 24.14 24.20 24.25 24.29 24.33 24.35 24.42 24.48 24.51 24.54 24.57 24.63 24.68 24.73 24.76 24.80 24.83 24.90 24.96 25.00 25.05 25.08 25.11 25.14 25.20 25.24 25.27 25.28 25.30 25.35 25.41 25.45 25.52 25.57 25.62 25.66 25.69 25.75 25.82 25.87 25.91 25.93 25.94
21.43 21.51 21.57 21.65 21.72 21.79 21.84 21.89 21.94 21.97 22.06 22.13 22.17 22.22 22.33 22.46 22.59 22.71 22.81 22.92 23.02 23.06 23.12 23.21 23.28 23.32 23.38 23.47 23.56 23.63 23.71 23.80 23.94 23.96 23.97 24.03 24.09 24.14 24.20 24.23 24.28 24.33 24.37 24.39 24.44 24.49 24.53 24.59 24.66 24.66 24.70 24.75 24.80 24.87 24.92 24.94 24.97 25.03 25.07 25.11 25.16 25.19 25.21 25.24 25.28 25.31 25.38 25.44 25.48 25.53 25.57 25.59 25.65 25.74 25.78 25.81 25.83 25.85
21.30 21.36 21.43 21.51 21.59 21.66 21.71 21.76 21.82 21.87 21.94 21.98 22.03 22.08 22.22 22.36 22.48 22.60 22.69 22.81 22.93 22.85 22.99 23.10 23.15 23.14 23.14 23.30 23.43 23.53 23.61 23.71 23.84 23.89 23.91 23.95 24.00 24.06 24.10 24.13 24.18 24.23 24.27 24.29 24.34 24.40 24.44 24.49 24.55 24.58 24.62 24.67 24.71 24.77 24.84 24.87 24.88 24.95 25.00 25.04 25.07 25.10 25.14 25.17 25.21 25.24 25.29 25.34 25.38 25.42 25.47 25.51 25.56 25.63 25.68 25.71 25.74 25.77
21.10 21.18 21.26 21.34 21.43 21.51 21.57 21.61 21.70 21.80 21.82 21.85 21.87 21.93 22.08 22.24 22.36 22.46 22.57 22.64 22.76 22.70 22.87 22.95 23.02 22.95 22.80 23.20 23.35 23.43 23.51 23.61 23.74 23.84 23.85 23.88 23.91 23.93 23.99 24.03 24.08 24.13 24.15 24.19 24.25 24.31 24.35 24.39 24.44 24.48 24.53 24.59 24.61 24.65 24.76 24.76 24.67 24.85 24.91 24.95 24.98 25.00 25.04 25.09 25.13 25.17 25.20 25.24 25.27 25.31 25.37 25.41 25.47 25.54 25.64 25.65 25.67 25.69
20.95 21.01 21.09 21.20 21.31 21.40 21.44 21.46 21.56 21.65 21.67 21.69 21.75 21.82 21.95 22.10 22.24 22.36 22.48 22.59 22.71 22.81 22.82 22.85 22.93 22.96 22.83 23.15 23.26 23.32 23.39 23.48 23.62 23.75 23.79 23.82 23.83 23.86 23.90 23.94 23.97 24.01 24.05 24.09 24.16 24.20 24.26 24.31 24.35 24.37 24.41 24.45 24.51 24.60 24.67 24.46 24.13 24.52 24.79 24.85 24.87 24.92 24.96 24.99 25.03 25.05 25.09 25.14 25.15 25.18 25.26 25.32 25.39 25.53 25.68 25.74 25.59 25.60
20.87 20.85 20.93 21.10 21.23 21.30 21.34 21.34 21.39 21.43 21.50 21.54 21.66 21.78 21.86 21.96 22.15 22.28 22.42 22.55 22.67 22.74 22.79 22.83 22.90 22.96 22.99 23.11 23.19 23.21 23.27 23.38 23.52 23.66 23.71 23.68 23.84 23.78 23.80 23.84 23.87 23.91 23.94 23.99 24.06 24.11 24.15 24.20 24.24 24.25 24.30 24.33 24.38 24.48 24.61 24.49 23.45 24.43 24.72 24.70 24.76 24.83 24.87 24.91 24.92 24.94 24.99 25.04 25.04 25.05 25.16 25.22 25.28 25.43 25.42 24.96 25.18 25.50
20.80 20.80 20.90 21.08 21.17 21.17 21.20 21.20 21.25 21.30 21.40 21.49 21.60 21.73 21.83 21.91 22.10 22.24 22.38 22.49 22.62 22.72 22.79 22.85 22.90 22.95 23.02 23.10 23.17 23.22 23.27 23.36 23.47 23.51 23.17 22.44 23.50 23.60 23.68 23.73 23.77 23.82 23.86 23.89 23.95 24.01 24.06 24.10 24.14 24.16 24.22 24.26 24.27 24.35 24.33 24.26 24.09 24.51 24.61 24.62 24.67 24.73 24.80 24.83 24.84 24.86 24.89 24.92 24.93 24.95 25.07 25.14 25.20 25.09 24.02 21.11 23.55 24.95
20.70 20.82 20.97 21.11 21.14 21.05 21.10 21.09 21.19 21.26 21.36 21.46 21.54 21.63 21.79 21.89 22.06 22.21 22.34 22.45 22.56 22.68 22.76 22.85 22.89 22.94 23.00 23.09 23.17 23.25 23.28 23.34 23.40 23.40 22.78 21.54 23.41 23.70 23.64 23.63 23.67 23.73 23.75 23.76 23.82 23.89 23.94 23.98 24.02 24.05 24.09 24.15 24.16 24.10 23.34 23.63 24.15 24.28 24.41 24.50 24.55 24.61 24.69 24.75 24.75 24.77 24.79 24.82 24.82 24.83 24.96 25.02 25.07 25.07 24.81 25.05 24.53 25.11
20.68 20.86 21.01 21.08 21.09 21.09 21.13 21.17 21.21 21.28 21.34 21.41 21.51 21.61 21.74 21.87 22.01 22.15 22.29 22.41 22.51 22.60 22.69 22.78 22.85 22.92 22.98 23.05 23.14 23.21 23.25 23.29 23.33 23.31 23.17 23.25 23.64 23.61 23.55 23.53 23.56 23.59 23.63 23.65 23.70 23.76 23.81 23.85 23.90 23.92 23.97 24.01 24.03 23.91 23.59 23.93 24.13 24.18 24.29 24.36 24.43 24.48 24.58 24.61 24.67 24.69 24.70 24.72 24.74 24.78 24.86 24.97 25.03 25.06 25.06 24.91 24.94 25.14
20.77 20.89 20.94 20.92 20.98 21.11 21.16 21.23 21.23 21.27 21.28 21.34 21.45 21.60 21.70 21.80 21.95 22.11 22.23 22.28 22.40 22.51 22.61 22.69 22.79 22.86 22.94 23.01 23.08 23.15 23.20 23.22 23.30 23.28 23.41 23.54 23.44 23.36 23.40 23.41 23.43 23.45 23.50 23.54 23.57 23.63 23.67 23.72 23.79 23.80 23.85 23.89 23.95 23.99 23.88 23.98 24.09 24.06 24.20 24.26 24.34 24.39 24.49 24.54 24.60 24.63 24.63 24.65 24.66 24.71 24.72 24.85 24.97 24.93 25.03 25.02 25.05 25.11
20.77 20.77 20.82 20.89 20.99 21.01 21.06 21.09 21.11 21.15 21.15 21.20 21.35 21.54 21.65 21.75 21.89 22.03 22.14 22.18 22.28 22.39 22.50 22.59 22.68 22.76 22.87 22.95 23.01 23.07 23.14 23.19 23.26 23.31 23.35 23.21 23.23 23.24 23.28 23.30 23.31 23.35 23.39 23.42 23.43 23.50 23.54 23.66 23.72 23.74 23.77 23.79 23.84 23.91 23.92 23.98 24.06 24.09 24.14 24.26 24.31 24.36 24.42 24.49 24.53 24.57 24.59 24.62 24.61 24.54 24.58 24.76 24.84 24.95 25.04 25.07 25.10 25.14
20.56 20.59 20.68 20.85 20.90 20.84 20.92 20.93 20.93 20.93 20.97 20.99 21.21 21.45 21.58 21.71 21.84 21.95 22.05 22.12 22.17 22.27 22.38 22.47 22.55 22.62 22.73 22.81 22.89 22.98 23.03 23.04 23.09 23.10 23.13 23.11 23.14 23.16 23.15 23.14 23.18 23.26 23.31 23.33 23.34 23.47 23.30 23.67 23.74 23.71 23.76 23.77 23.80 23.85 23.90 23.95 24.05 24.14 24.16 24.23 24.28 24.31 24.38 24.43 24.46 24.51 24.57 24.63 24.66 24.71 24.78 24.85 24.89 24.97 25.00 25.05 25.10 25.04
