main/data/pressure/12.03.2023.grid
ncols 886
nrows 691
xllcenter 112.0000
yllcenter -44.5000
cellsize 0.0500
nodata_value 99999.90
[rows 35 to 69 of 691, columns 0 to 78 of 886]
35.14 35.14 35.14 35.15 35.15 35.15 35.16 35.16 35.16 35.17 35.17 35.17 35.18 35.18 35.18 35.19 35.19 35.19 35.19 35.20 35.20 35.20 35.21 35.20 35.20 35.21 35.21 35.21 35.21 35.22 35.22 35.22 35.23 35.23 35.23 35.23 35.24 35.24 35.24 35.24 35.25 35.25 35.25 35.26 35.26 35.26 35.27 35.28 35.28 35.28 35.28 35.28 35.29 35.29 35.29 35.29 35.30 35.30 35.30 35.30 35.31 35.31 35.31 35.31 35.31 35.32 35.32 35.32 35.32 35.33 35.34 35.34 35.34 35.34 35.34 35.35 35.35 35.35 35.35
35.10 35.10 35.10 35.11 35.11 35.12 35.12 35.12 35.12 35.13 35.13 35.13 35.14 35.14 35.14 35.14 35.14 35.14 35.15 35.15 35.15 35.15 35.16 35.16 35.16 35.17 35.17 35.17 35.18 35.18 35.18 35.18 35.19 35.19 35.19 35.19 35.20 35.20 35.20 35.21 35.21 35.21 35.21 35.22 35.22 35.22 35.22 35.23 35.23 35.24 35.24 35.25 35.25 35.25 35.25 35.26 35.26 35.26 35.26 35.26 35.27 35.27 35.27 35.27 35.28 35.28 35.28 35.28 35.28 35.30 35.30 35.30 35.30 35.30 35.31 35.31 35.31 35.31 35.32
35.06 35.06 35.07 35.07 35.07 35.08 35.08 35.08 35.08 35.09 35.09 35.09 35.09 35.09 35.09 35.10 35.10 35.10 35.11 35.11 35.11 35.12 35.12 35.12 35.12 35.13 35.13 35.13 35.14 35.14 35.14 35.14 35.15 35.15 35.15 35.16 35.16 35.16 35.16 35.17 35.17 35.17 35.17 35.18 35.18 35.18 35.18 35.19 35.19 35.19 35.19 35.20 35.21 35.21 35.21 35.22 35.22 35.22 35.22 35.22 35.23 35.23 35.23 35.23 35.24 35.24 35.24 35.24 35.24 35.26 35.26 35.26 35.26 35.27 35.27 35.27 35.27 35.27 35.28
35.02 35.02 35.03 35.03 35.03 35.04 35.04 35.04 35.04 35.04 35.04 35.05 35.05 35.05 35.05 35.06 35.06 35.06 35.07 35.07 35.07 35.08 35.08 35.08 35.08 35.09 35.09 35.09 35.10 35.10 35.10 35.10 35.11 35.11 35.11 35.12 35.12 35.12 35.12 35.13 35.13 35.13 35.13 35.14 35.14 35.14 35.15 35.15 35.15 35.15 35.16 35.16 35.16 35.17 35.17 35.18 35.18 35.18 35.18 35.19 35.19 35.19 35.19 35.20 35.20 35.20 35.20 35.20 35.21 35.22 35.22 35.22 35.22 35.23 35.23 35.23 35.23 35.24 35.25
34.98 34.98 34.99 34.99 34.99 35.00 35.00 34.99 35.00 35.00 35.00 35.01 35.01 35.01 35.02 35.02 35.02 35.02 35.03 35.03 35.03 35.04 35.04 35.04 35.05 35.05 35.05 35.05 35.06 35.06 35.06 35.07 35.07 35.07 35.07 35.08 35.08 35.08 35.08 35.09 35.09 35.09 35.10 35.10 35.10 35.10 35.11 35.11 35.11 35.11 35.12 35.12 35.12 35.12 35.12 35.14 35.14 35.14 35.15 35.15 35.15 35.15 35.15 35.16 35.16 35.16 35.16 35.17 35.17 35.18 35.18 35.18 35.18 35.19 35.19 35.19 35.19 35.21 35.21
34.94 34.94 34.95 34.95 34.94 34.95 34.95 34.95 34.96 34.96 34.96 34.97 34.97 34.97 34.98 34.98 34.98 34.98 34.99 34.99 34.99 35.00 35.00 35.00 35.01 35.01 35.01 35.01 35.02 35.02 35.02 35.03 35.03 35.03 35.03 35.04 35.04 35.04 35.05 35.05 35.05 35.05 35.05 35.06 35.06 35.06 35.07 35.07 35.07 35.07 35.08 35.08 35.08 35.08 35.09 35.09 35.09 35.10 35.10 35.11 35.11 35.11 35.11 35.12 35.12 35.12 35.12 35.12 35.13 35.14 35.14 35.14 35.15 35.15 35.15 35.15 35.16 35.17 35.17
34.90 34.90 34.90 34.90 34.90 34.91 34.91 34.91 34.92 34.92 34.92 34.93 34.93 34.93 34.94 34.94 34.94 34.94 34.95 34.95 34.95 34.96 34.96 34.96 34.97 34.97 34.97 34.97 34.98 34.98 34.98 34.99 34.99 34.99 34.99 35.00 35.00 35.00 35.01 35.01 35.01 35.01 35.02 35.02 35.02 35.02 35.03 35.03 35.03 35.03 35.04 35.04 35.04 35.04 35.05 35.05 35.05 35.05 35.06 35.07 35.07 35.07 35.08 35.08 35.08 35.08 35.08 35.09 35.09 35.10 35.10 35.10 35.11 35.11 35.11 35.11 35.12 35.13 35.13
34.85 34.85 34.86 34.86 34.86 34.87 34.87 34.87 34.88 34.88 34.88 34.89 34.89 34.89 34.90 34.90 34.90 34.91 34.91 34.91 34.91 34.92 34.92 34.92 34.93 34.93 34.93 34.93 34.94 34.94 34.94 34.95 34.95 34.95 34.95 34.96 34.96 34.96 34.97 34.97 34.97 34.97 34.98 34.98 34.98 34.98 34.99 34.99 34.99 34.99 35.00 35.00 35.00 35.00 35.01 35.01 35.01 35.01 35.02 35.03 35.03 35.03 35.03 35.04 35.04 35.04 35.04 35.05 35.05 35.06 35.06 35.06 35.07 35.07 35.07 35.08 35.08 35.09 35.09
34.81 34.81 34.82 34.82 34.82 34.83 34.83 34.83 34.84 34.84 34.84 34.85 34.85 34.85 34.86 34.86 34.86 34.87 34.87 34.87 34.87 34.88 34.88 34.88 34.89 34.89 34.89 34.89 34.90 34.90 34.90 34.91 34.91 34.91 34.91 34.92 34.92 34.92 34.93 34.93 34.93 34.93 34.94 34.94 34.94 34.94 34.95 34.95 34.95 34.95 34.96 34.96 34.96 34.96 34.97 34.97 34.97 34.97 34.98 34.98 34.99 34.99 34.99 35.00 35.00 35.00 35.00 35.01 35.01 35.02 35.02 35.02 35.03 35.03 35.03 35.04 35.05 35.05 35.05
34.77 34.77 34.78 34.78 34.78 34.79 34.79 34.79 34.80 34.80 34.80 34.81 34.81 34.81 34.82 34.82 34.82 34.83 34.83 34.83 34.83 34.84 34.84 34.84 34.85 34.85 34.85 34.85 34.86 34.86 34.86 34.87 34.87 34.87 34.87 34.88 34.88 34.88 34.89 34.89 34.89 34.89 34.90 34.90 34.90 34.90 34.91 34.91 34.91 34.91 34.92 34.92 34.92 34.92 34.93 34.93 34.93 34.93 34.94 34.94 34.94 34.95 34.96 34.96 34.96 34.96 34.96 34.97 34.97 34.98 34.98 34.98 34.99 34.99 34.99 35.00 35.01 35.01 35.01
34.73 34.73 34.74 34.74 34.74 34.75 34.75 34.75 34.76 34.76 34.76 34.77 34.77 34.77 34.78 34.78 34.78 34.78 34.79 34.79 34.79 34.80 34.80 34.80 34.81 34.81 34.81 34.81 34.82 34.82 34.82 34.83 34.83 34.83 34.83 34.84 34.84 34.84 34.85 34.85 34.85 34.85 34.86 34.86 34.86 34.86 34.87 34.87 34.87 34.87 34.88 34.88 34.88 34.88 34.89 34.89 34.89 34.89 34.90 34.90 34.90 34.91 34.92 34.92 34.92 34.92 34.92 34.93 34.93 34.94 34.94 34.95 34.95 34.95 34.95 34.96 34.97 34.97 34.97
34.69 34.69 34.70 34.70 34.70 34.71 34.71 34.71 34.72 34.72 34.72 34.73 34.73 34.73 34.74 34.74 34.74 34.75 34.75 34.75 34.75 34.76 34.76 34.76 34.77 34.77 34.77 34.77 34.78 34.78 34.78 34.79 34.79 34.79 34.79 34.80 34.79 34.79 34.79 34.80 34.80 34.80 34.81 34.82 34.82 34.82 34.83 34.83 34.83 34.83 34.84 34.84 34.84 34.84 34.85 34.85 34.85 34.85 34.86 34.86 34.86 34.86 34.88 34.88 34.88 34.88 34.88 34.89 34.89 34.90 34.90 34.90 34.91 34.91 34.92 34.92 34.93 34.93 34.94
34.65 34.65 34.66 34.66 34.66 34.67 34.67 34.67 34.68 34.68 34.68 34.69 34.69 34.69 34.70 34.70 34.70 34.70 34.71 34.71 34.71 34.72 34.72 34.72 34.73 34.73 34.73 34.73 34.73 34.73 34.73 34.74 34.74 34.74 34.74 34.75 34.75 34.75 34.76 34.76 34.76 34.76 34.76 34.77 34.77 34.77 34.78 34.78 34.78 34.79 34.80 34.80 34.80 34.80 34.81 34.81 34.81 34.81 34.82 34.82 34.82 34.82 34.83 34.84 34.84 34.84 34.84 34.85 34.85 34.85 34.86 34.86 34.87 34.87 34.88 34.88 34.89 34.89 34.90
34.61 34.61 34.62 34.62 34.62 34.63 34.63 34.63 34.64 34.64 34.64 34.65 34.65 34.65 34.66 34.66 34.66 34.66 34.67 34.67 34.67 34.68 34.68 34.67 34.67 34.68 34.68 34.68 34.69 34.69 34.69 34.70 34.70 34.70 34.70 34.71 34.71 34.71 34.71 34.72 34.72 34.72 34.72 34.73 34.73 34.73 34.74 34.74 34.74 34.74 34.75 34.75 34.75 34.76 34.77 34.77 34.77 34.77 34.78 34.78 34.78 34.78 34.78 34.80 34.80 34.80 34.80 34.81 34.81 34.81 34.82 34.82 34.83 34.83 34.84 34.84 34.85 34.85 34.86
34.57 34.57 34.58 34.58 34.58 34.59 34.59 34.59 34.60 34.60 34.60 34.61 34.61 34.61 34.61 34.62 34.62 34.62 34.63 34.62 34.62 34.63 34.63 34.63 34.63 34.64 34.64 34.64 34.65 34.65 34.65 34.65 34.66 34.66 34.66 34.67 34.67 34.67 34.67 34.68 34.68 34.68 34.69 34.69 34.69 34.69 34.70 34.70 34.70 34.70 34.70 34.71 34.71 34.71 34.72 34.73 34.73 34.73 34.74 34.74 34.74 34.74 34.74 34.75 34.76 34.76 34.76 34.76 34.77 34.77 34.78 34.78 34.79 34.79 34.80 34.80 34.80 34.81 34.82
34.53 34.53 34.54 34.54 34.54 34.55 34.55 34.55 34.55 34.56 34.56 34.57 34.57 34.57 34.57 34.57 34.57 34.57 34.58 34.58 34.58 34.58 34.59 34.59 34.59 34.60 34.60 34.60 34.60 34.61 34.61 34.61 34.62 34.62 34.62 34.62 34.63 34.63 34.63 34.64 34.64 34.64 34.64 34.65 34.65 34.65 34.65 34.66 34.66 34.66 34.67 34.67 34.67 34.67 34.67 34.68 34.68 34.69 34.69 34.70 34.70 34.70 34.70 34.71 34.71 34.72 34.72 34.72 34.73 34.73 34.74 34.74 34.75 34.75 34.76 34.76 34.76 34.78 34.78
34.49 34.49 34.50 34.50 34.50 34.51 34.51 34.51 34.52 34.52 34.52 34.52 34.52 34.52 34.52 34.53 34.53 34.53 34.53 34.54 34.54 34.54 34.55 34.55 34.55 34.56 34.56 34.56 34.56 34.57 34.57 34.57 34.58 34.58 34.58 34.58 34.59 34.59 34.59 34.60 34.60 34.60 34.60 34.61 34.61 34.61 34.61 34.62 34.62 34.62 34.62 34.63 34.63 34.63 34.63 34.64 34.64 34.64 34.64 34.66 34.66 34.66 34.66 34.67 34.67 34.68 34.68 34.68 34.69 34.69 34.70 34.70 34.70 34.71 34.72 34.72 34.72 34.74 34.74
34.45 34.45 34.46 34.46 34.46 34.46 34.47 34.47 34.47 34.47 34.47 34.47 34.48 34.48 34.48 34.49 34.49 34.49 34.49 34.50 34.50 34.50 34.51 34.51 34.51 34.51 34.52 34.52 34.52 34.53 34.53 34.53 34.53 34.54 34.54 34.54 34.54 34.54 34.54 34.54 34.55 34.55 34.55 34.55 34.56 34.57 34.57 34.58 34.58 34.58 34.58 34.58 34.59 34.59 34.59 34.60 34.60 34.60 34.60 34.60 34.62 34.62 34.62 34.62 34.63 34.63 34.64 34.64 34.65 34.65 34.66 34.66 34.66 34.67 34.68 34.68 34.68 34.70 34.70
34.41 34.41 34.41 34.42 34.42 34.42 34.42 34.42 34.42 34.43 34.43 34.43 34.44 34.44 34.44 34.45 34.45 34.45 34.45 34.46 34.46 34.46 34.47 34.47 34.47 34.47 34.48 34.48 34.47 34.48 34.48 34.48 34.48 34.49 34.49 34.49 34.50 34.50 34.50 34.50 34.51 34.51 34.51 34.51 34.52 34.52 34.52 34.52 34.53 34.53 34.53 34.53 34.55 34.55 34.55 34.55 34.56 34.56 34.56 34.56 34.57 34.58 34.58 34.58 34.59 34.59 34.59 34.60 34.60 34.61 34.61 34.62 34.62 34.62 34.64 34.64 34.64 34.65 34.66
34.37 34.37 34.37 34.38 34.37 34.37 34.38 34.38 34.38 34.38 34.39 34.39 34.40 34.40 34.40 34.40 34.41 34.41 34.41 34.42 34.42 34.42 34.42 34.43 34.42 34.42 34.43 34.43 34.43 34.44 34.44 34.44 34.44 34.45 34.45 34.45 34.45 34.46 34.46 34.46 34.47 34.47 34.47 34.47 34.48 34.48 34.48 34.48 34.49 34.49 34.49 34.49 34.50 34.50 34.50 34.51 34.51 34.52 34.52 34.52 34.52 34.53 34.54 34.54 34.54 34.55 34.55 34.56 34.56 34.56 34.57 34.58 34.58 34.58 34.60 34.60 34.60 34.61 34.61
34.33 34.32 34.32 34.33 34.33 34.33 34.33 34.34 34.34 34.35 34.35 34.35 34.35 34.36 34.36 34.36 34.37 34.37 34.37 34.38 34.37 34.37 34.37 34.38 34.38 34.38 34.39 34.39 34.39 34.39 34.40 34.40 34.40 34.41 34.41 34.41 34.41 34.42 34.42 34.42 34.42 34.43 34.43 34.43 34.43 34.44 34.44 34.44 34.45 34.45 34.45 34.45 34.46 34.46 34.46 34.46 34.46 34.48 34.48 34.48 34.48 34.49 34.49 34.50 34.50 34.51 34.51 34.51 34.52 34.52 34.53 34.54 34.54 34.54 34.55 34.56 34.57 34.57 34.57
34.27 34.28 34.28 34.28 34.29 34.29 34.29 34.30 34.30 34.30 34.31 34.31 34.31 34.32 34.32 34.32 34.32 34.32 34.32 34.32 34.33 34.33 34.33 34.34 34.34 34.34 34.34 34.35 34.35 34.35 34.36 34.36 34.36 34.36 34.37 34.37 34.37 34.36 34.37 34.37 34.37 34.38 34.38 34.38 34.38 34.39 34.39 34.40 34.40 34.41 34.41 34.41 34.41 34.42 34.42 34.42 34.42 34.43 34.43 34.44 34.44 34.44 34.45 34.45 34.46 34.46 34.47 34.47 34.48 34.48 34.49 34.50 34.50 34.50 34.51 34.52 34.53 34.53 34.54
34.23 34.24 34.24 34.24 34.25 34.25 34.25 34.26 34.26 34.26 34.26 34.27 34.27 34.26 34.27 34.27 34.27 34.28 34.28 34.28 34.29 34.29 34.29 34.30 34.30 34.30 34.30 34.31 34.31 34.30 34.30 34.31 34.31 34.31 34.31 34.32 34.32 34.32 34.33 34.33 34.33 34.33 34.34 34.34 34.34 34.34 34.35 34.35 34.35 34.35 34.36 34.36 34.36 34.37 34.38 34.38 34.38 34.38 34.39 34.39 34.40 34.40 34.40 34.41 34.41 34.42 34.42 34.43 34.43 34.44 34.44 34.45 34.46 34.46 34.47 34.47 34.49 34.49 34.50
34.19 34.20 34.20 34.20 34.20 34.21 34.21 34.22 34.22 34.22 34.22 34.22 34.22 34.22 34.23 34.23 34.23 34.24 34.24 34.24 34.24 34.25 34.25 34.25 34.26 34.25 34.25 34.25 34.26 34.26 34.26 34.27 34.27 34.27 34.27 34.28 34.28 34.28 34.28 34.29 34.29 34.29 34.29 34.30 34.30 34.30 34.30 34.31 34.31 34.31 34.31 34.32 34.32 34.32 34.33 34.33 34.34 34.34 34.34 34.35 34.35 34.35 34.36 34.37 34.37 34.37 34.38 34.39 34.39 34.40 34.40 34.40 34.42 34.42 34.43 34.43 34.44 34.45 34.46
34.15 34.15 34.16 34.16 34.16 34.17 34.17 34.17 34.17 34.17 34.17 34.18 34.18 34.18 34.19 34.19 34.19 34.19 34.20 34.20 34.20 34.20 34.20 34.20 34.20 34.21 34.21 34.21 34.22 34.22 34.22 34.22 34.23 34.23 34.23 34.24 34.24 34.23 34.23 34.24 34.24 34.24 34.24 34.25 34.25 34.25 34.25 34.26 34.27 34.27 34.27 34.28 34.28 34.28 34.28 34.28 34.29 34.29 34.30 34.30 34.31 34.31 34.31 34.32 34.33 34.33 34.33 34.34 34.35 34.35 34.36 34.36 34.37 34.38 34.39 34.39 34.40 34.40 34.42
34.11 34.11 34.12 34.12 34.12 34.12 34.12 34.12 34.12 34.13 34.13 34.14 34.14 34.14 34.14 34.15 34.15 34.14 34.15 34.15 34.15 34.15 34.16 34.16 34.16 34.17 34.17 34.17 34.17 34.18 34.17 34.17 34.17 34.18 34.18 34.18 34.19 34.19 34.19 34.19 34.20 34.20 34.20 34.20 34.21 34.21 34.21 34.21 34.22 34.22 34.22 34.22 34.23 34.24 34.24 34.24 34.25 34.25 34.25 34.25 34.26 34.27 34.27 34.27 34.28 34.29 34.29 34.30 34.30 34.30 34.32 34.32 34.33 34.33 34.35 34.35 34.36 34.36 34.37
34.07 34.07 34.08 34.07 34.07 34.08 34.08 34.08 34.08 34.09 34.09 34.09 34.10 34.10 34.09 34.09 34.10 34.10 34.10 34.11 34.11 34.11 34.12 34.12 34.12 34.11 34.12 34.12 34.12 34.12 34.13 34.13 34.13 34.14 34.14 34.14 34.14 34.15 34.15 34.15 34.16 34.16 34.16 34.16 34.17 34.17 34.17 34.17 34.17 34.18 34.18 34.18 34.18 34.19 34.19 34.19 34.20 34.21 34.21 34.21 34.21 34.23 34.23 34.23 34.23 34.24 34.25 34.25 34.26 34.26 34.28 34.28 34.28 34.29 34.29 34.31 34.32 34.32 34.33
34.03 34.02 34.02 34.03 34.03 34.03 34.04 34.04 34.04 34.05 34.05 34.05 34.04 34.05 34.05 34.05 34.06 34.06 34.06 34.06 34.07 34.07 34.06 34.07 34.07 34.07 34.08 34.08 34.08 34.08 34.09 34.09 34.09 34.10 34.09 34.09 34.09 34.09 34.10 34.10 34.10 34.10 34.11 34.11 34.11 34.11 34.12 34.12 34.12 34.12 34.13 34.13 34.14 34.15 34.15 34.15 34.15 34.15 34.16 34.17 34.17 34.17 34.17 34.19 34.19 34.19 34.20 34.21 34.21 34.22 34.22 34.24 34.24 34.25 34.25 34.26 34.28 34.28 34.29
33.98 33.98 33.98 33.99 33.99 33.99 33.99 34.00 34.00 33.99 34.00 34.00 34.00 34.01 34.01 34.01 34.01 34.02 34.01 34.01 34.02 34.02 34.02 34.03 34.03 34.03 34.03 34.04 34.03 34.03 34.03 34.04 34.04 34.04 34.04 34.05 34.05 34.05 34.06 34.06 34.06 34.06 34.07 34.07 34.07 34.07 34.08 34.08 34.08 34.08 34.08 34.09 34.09 34.09 34.09 34.11 34.11 34.11 34.11 34.12 34.12 34.13 34.13 34.13 34.15 34.15 34.15 34.16 34.17 34.18 34.18 34.19 34.20 34.21 34.21 34.22 34.23 34.24 34.25
33.93 33.94 33.94 33.94 33.95 33.95 33.94 33.95 33.95 33.95 33.95 33.96 33.96 33.96 33.97 33.96 33.96 33.97 33.97 33.97 33.98 33.98 33.98 33.98 33.98 33.98 33.98 33.98 33.99 33.99 33.99 33.99 34.00 34.00 34.00 34.00 34.00 34.00 34.00 34.01 34.01 34.01 34.01 34.02 34.02 34.02 34.02 34.03 34.03 34.03 34.03 34.03 34.05 34.05 34.05 34.05 34.06 34.06 34.07 34.07 34.08 34.08 34.09 34.09 34.09 34.11 34.11 34.11 34.12 34.13 34.14 34.14 34.15 34.16 34.17 34.18 34.19 34.19 34.20
33.89 33.90 33.90 33.90 33.90 33.90 33.90 33.90 33.91 33.91 33.91 33.92 33.91 33.91 33.92 33.92 33.92 33.92 33.93 33.93 33.92 33.92 33.93 33.93 33.93 33.94 33.94 33.94 33.95 33.94 33.94 33.94 33.95 33.95 33.95 33.95 33.96 33.96 33.96 33.96 33.97 33.97 33.97 33.97 33.98 33.98 33.98 33.98 33.99 33.99 33.99 33.99 33.99 34.00 34.00 34.00 34.01 34.02 34.02 34.02 34.03 34.03 34.04 34.04 34.05 34.05 34.07 34.07 34.08 34.08 34.10 34.10 34.11 34.11 34.12 34.14 34.14 34.15 34.16
33.85 33.85 33.85 33.85 33.85 33.86 33.86 33.86 33.86 33.87 33.86 33.86 33.87 33.87 33.87 33.88 33.88 33.87 33.88 33.88 33.88 33.88 33.89 33.89 33.89 33.89 33.89 33.89 33.89 33.90 33.90 33.90 33.90 33.91 33.90 33.90 33.90 33.91 33.91 33.91 33.91 33.92 33.92 33.92 33.92 33.93 33.93 33.93 33.93 33.94 33.94 33.94 33.94 33.96 33.96 33.96 33.96 33.96 33.97 33.98 33.98 33.98 33.99 34.00 34.00 34.01 34.01 34.03 34.03 34.04 34.04 34.05 34.06 34.07 34.08 34.09 34.09 34.11 34.12
33.80 33.80 33.80 33.81 33.81 33.81 33.82 33.81 33.81 33.82 33.82 33.82 33.83 33.83 33.82 33.82 33.83 33.83 33.83 33.83 33.84 33.83 33.83 33.84 33.84 33.84 33.85 33.85 33.85 33.84 33.85 33.85 33.85 33.85 33.86 33.86 33.86 33.86 33.87 33.86 33.86 33.86 33.87 33.87 33.87 33.87 33.88 33.88 33.88 33.88 33.89 33.90 33.90 33.90 33.90 33.91 33.91 33.92 33.92 33.92 33.93 33.94 33.94 33.94 33.96 33.96 33.97 33.97 33.99 33.99 34.00 34.01 34.01 34.03 34.04 34.04 34.05 34.06 34.08
33.76 33.76 33.76 33.76 33.77 33.76 33.76 33.77 33.77 33.77 33.78 33.78 33.77 33.78 33.78 33.78 33.78 33.79 33.78 33.78 33.79 33.79 33.79 33.79 33.80 33.79 33.79 33.79 33.80 33.80 33.80 33.81 33.80 33.80 33.80 33.81 33.81 33.81 33.81 33.82 33.82 33.82 33.82 33.83 33.83 33.83 33.83 33.83 33.84 33.84 33.84 33.85 33.85 33.85 33.85 33.86 33.87 33.87 33.87 33.87 33.88 33.89 33.89 33.90 33.90 33.92 33.92 33.93 33.93 33.94 33.95 33.96 33.97 33.98 33.98 34.00 34.01 34.02 34.03
33.71 33.72 33.72 33.71 33.72 33.72 33.72 33.73 33.73 33.72 33.72 33.73 33.73 33.73 33.74 33.73 33.73 33.74 33.74 33.74 33.74 33.74 33.74 33.74 33.74 33.75 33.75 33.74 33.74 33.75 33.75 33.75 33.76 33.76 33.76 33.75 33.76 33.76 33.76 33.76 33.77 33.77 33.77 33.77 33.78 33.78 33.78 33.78 33.78 33.79 33.79 33.79 33.79 33.80 33.81 33.81 33.81 33.81 33.82 33.83 33.83 33.83 33.85 33.85 33.86 33.86 33.87 33.88 33.89 33.89 33.90 33.91 33.93 33.93 33.94 33.95 33.96 33.98 33.99
