main/data/pressure/12.03.2023.grid
ncols 886
nrows 691
xllcenter 112.0000
yllcenter -44.5000
cellsize 0.0500
nodata_value 99999.90
[rows 245 to 279 of 691, columns 711 to 789 of 886]
25.39 25.38 25.40 25.38 25.49 25.38 25.33 24.92 25.58 25.31 25.85 25.85 25.57 26.01 26.34 26.50 26.61 26.73 26.76 26.82 26.86 26.93 26.99 27.06 27.19 27.11 27.13 27.26 26.92 27.38 27.26 25.81 26.72 27.33 27.19 26.24 27.07 27.05 28.11 28.64 28.58 29.12 29.32 29.48 29.65 29.83 30.00 30.17 30.35 30.17 30.68 30.39 31.03 31.20 31.37 31.50 31.68 31.83 31.79 32.13 32.26 32.39 32.53 32.66 32.78 32.90 33.03 33.14 33.26 33.37 33.48 33.59 33.69 33.79 33.89 33.99 34.08 34.17 34.20
25.25 25.32 25.29 25.26 25.34 25.43 25.24 25.11 25.35 25.29 25.33 25.73 25.47 25.83 26.24 26.45 26.59 26.67 26.76 26.79 26.83 26.84 26.91 27.04 27.11 27.06 27.04 27.17 27.35 27.13 27.01 27.17 27.23 26.89 26.18 25.91 26.99 28.26 28.23 28.64 28.57 29.08 29.25 29.42 29.60 29.77 29.95 30.14 30.31 30.15 30.48 30.16 31.02 31.18 31.34 31.51 31.66 31.82 31.93 31.78 32.25 32.38 32.51 32.65 32.77 32.90 33.01 33.13 33.24 33.35 33.47 33.57 33.67 33.77 33.87 33.97 34.06 34.15 34.22
25.12 25.16 25.25 25.29 25.26 24.62 25.37 25.16 25.30 25.11 25.06 25.65 25.63 25.88 26.35 26.44 26.54 26.64 26.72 26.76 26.77 26.83 26.86 26.92 27.00 27.05 26.97 26.98 27.07 27.22 27.02 27.16 26.67 26.28 27.00 26.45 27.06 27.63 28.49 28.64 28.73 28.97 29.19 29.34 29.44 29.73 29.91 30.10 30.29 30.44 30.42 30.38 30.79 31.16 31.32 31.49 31.64 31.80 31.94 31.92 32.22 30.12 32.50 32.63 32.75 32.88 33.00 33.11 33.23 33.34 33.45 33.55 33.65 33.76 33.85 33.94 34.03 34.12 34.21
25.08 25.06 25.19 25.23 25.22 25.28 25.21 25.27 25.15 25.16 25.22 25.38 25.62 26.04 26.04 26.27 26.49 26.60 26.69 26.75 26.74 26.76 26.80 26.88 26.92 26.95 27.00 26.97 27.05 27.14 27.09 27.05 26.90 26.62 26.52 26.91 26.09 26.87 28.01 28.52 28.78 28.96 29.14 29.33 29.46 29.52 29.89 30.07 30.25 30.35 30.31 30.63 30.61 30.89 31.31 31.46 31.62 31.78 31.92 32.07 32.06 31.99 30.97 32.61 32.73 32.85 32.98 33.09 33.20 33.31 33.42 33.52 33.63 33.72 33.83 33.92 34.00 34.09 34.18
25.05 24.89 25.05 25.11 25.19 25.23 24.81 24.93 25.18 25.17 25.12 25.10 25.89 25.56 25.91 26.08 26.46 26.54 26.63 26.71 26.77 26.78 26.81 26.82 26.77 26.80 26.79 26.98 26.90 27.07 26.95 26.44 26.82 26.43 26.66 26.32 25.73 26.33 28.23 28.17 28.73 28.86 29.10 29.30 29.47 29.67 29.73 30.04 30.24 30.39 30.59 30.75 30.61 29.99 29.94 30.75 31.60 31.75 31.90 32.05 32.19 32.33 32.45 32.13 32.06 32.83 32.95 33.06 33.18 33.29 33.39 33.50 33.59 33.70 33.79 33.88 33.97 34.05 34.14
25.02 25.06 25.05 25.04 25.11 25.07 24.85 24.51 24.80 25.10 25.49 25.77 25.94 26.05 26.17 25.83 26.44 26.53 26.61 26.66 26.77 26.77 26.74 26.74 26.72 26.78 26.81 26.92 27.01 26.89 26.81 26.84 26.89 26.37 26.22 26.45 25.67 25.81 27.90 28.42 28.68 28.72 29.06 29.26 29.44 28.56 29.13 30.03 30.22 30.40 30.50 30.49 30.66 30.55 30.08 29.68 30.90 31.67 31.88 32.03 32.16 32.27 32.31 32.55 32.68 32.80 32.91 33.03 33.15 33.25 33.36 33.46 33.55 33.65 33.75 33.84 33.93 34.01 34.10
25.23 25.19 25.08 25.05 25.08 24.80 25.20 24.74 24.41 24.97 25.75 25.57 24.89 25.27 25.57 26.16 26.40 26.51 26.63 26.67 26.69 26.73 26.71 26.74 26.74 26.75 26.63 26.87 26.94 26.91 26.86 26.88 26.83 26.89 26.76 26.21 25.37 25.57 27.62 27.90 28.63 28.82 29.05 29.22 29.20 28.91 29.22 29.46 30.19 30.38 30.46 30.63 30.59 30.85 30.77 27.71 30.29 31.52 31.84 32.00 32.13 32.27 32.20 32.42 31.88 32.74 32.89 33.00 33.10 33.21 33.32 33.42 33.52 33.61 33.71 33.79 33.88 33.97 34.04
25.19 25.12 25.05 25.13 25.29 25.18 24.99 24.93 24.43 25.01 25.30 25.73 25.91 26.08 25.88 26.09 26.39 26.54 26.62 26.67 26.70 26.71 26.68 26.68 26.72 26.66 26.71 26.71 26.77 26.94 26.93 26.94 26.95 26.89 26.99 26.28 24.96 25.54 26.79 27.95 28.53 28.78 29.03 29.16 29.30 29.40 29.37 27.47 30.19 30.37 30.53 30.55 30.64 30.69 30.39 29.24 29.88 31.30 31.71 31.97 31.95 32.23 32.32 32.48 32.45 32.72 32.84 32.95 33.06 33.17 33.28 33.37 33.47 33.56 33.65 33.74 33.83 33.91 33.98
25.24 25.29 25.40 25.46 25.65 25.65 25.59 25.58 25.38 24.61 25.61 25.47 26.12 26.19 26.21 25.60 26.10 26.54 26.67 26.69 26.68 26.72 26.70 26.64 26.74 26.75 26.71 26.57 26.73 26.80 26.93 26.98 26.95 26.75 27.15 26.99 26.25 25.69 26.79 28.08 28.47 28.59 29.01 29.07 29.17 29.34 29.11 29.14 30.15 30.18 30.52 30.64 30.64 30.81 30.12 29.32 29.84 30.71 31.79 31.21 31.03 32.16 31.94 31.45 32.56 32.66 32.80 32.90 33.01 33.12 33.22 33.32 33.41 33.51 33.60 33.69 33.77 33.85 33.92
25.41 25.49 25.69 25.80 25.72 25.70 25.72 25.60 25.48 24.75 24.54 24.56 25.79 26.11 26.34 26.39 26.44 26.61 26.69 26.70 26.69 26.78 26.80 26.78 26.73 26.71 26.47 26.11 26.69 26.34 26.60 26.75 27.00 27.04 27.11 27.17 26.76 26.87 27.04 27.75 28.28 28.64 28.62 29.04 29.16 29.19 28.29 29.00 29.56 29.85 29.65 30.67 30.53 30.58 30.60 30.62 30.75 31.38 31.25 31.77 31.36 31.68 32.07 32.15 32.03 32.62 32.74 32.85 32.96 33.06 33.16 33.26 33.35 33.45 33.53 33.63 33.71 33.78 33.86
25.71 25.79 25.92 25.93 25.77 25.88 25.95 25.78 25.85 25.81 25.77 23.87 25.95 26.15 26.36 26.52 26.61 26.03 26.63 26.73 26.73 26.83 26.72 26.73 26.71 26.63 26.50 26.43 26.45 26.08 26.58 26.67 26.76 26.99 27.15 27.20 27.19 26.36 26.17 27.97 28.11 28.02 28.74 28.92 29.02 28.71 27.21 29.18 28.21 28.75 30.30 30.60 30.79 30.55 30.99 31.06 31.20 30.42 30.34 31.37 31.73 31.64 32.08 31.61 30.95 32.17 32.69 32.79 32.90 33.00 33.10 33.20 33.30 33.39 33.47 33.55 33.64 33.71 33.79
25.85 25.99 26.11 26.20 26.14 26.15 26.05 26.14 25.98 25.98 26.15 25.64 25.17 25.62 26.43 26.39 25.96 26.67 26.74 26.86 26.82 26.82 26.46 26.82 26.77 26.63 26.49 26.32 26.15 25.99 26.09 26.26 26.48 26.82 27.12 27.24 27.27 26.80 26.07 27.72 27.61 28.01 28.23 28.81 28.90 28.97 29.13 29.55 29.68 29.27 30.26 30.37 30.78 30.73 30.06 30.67 30.38 30.65 30.60 31.32 31.27 30.45 32.01 31.93 30.97 32.51 32.62 32.73 32.83 32.93 33.04 33.14 33.23 33.32 33.41 33.48 33.57 33.64 33.71
26.02 26.12 26.36 26.42 26.40 26.24 25.96 26.36 26.35 26.09 26.26 26.48 25.45 25.11 25.90 25.86 26.40 26.84 26.77 26.81 26.96 27.01 26.97 26.95 26.86 26.75 26.46 26.53 26.10 26.09 26.08 26.34 26.31 26.46 26.92 27.23 27.34 27.39 26.62 27.48 28.03 28.17 28.50 28.69 28.89 29.19 29.33 29.41 29.64 30.07 29.30 30.12 30.67 30.88 30.98 31.04 30.52 30.60 30.31 31.21 31.38 29.21 31.26 32.07 31.73 32.45 32.55 32.66 32.76 32.87 32.96 33.07 33.16 33.24 33.33 33.41 33.50 33.56 33.63
26.25 26.39 26.37 26.63 26.53 26.53 26.50 26.61 26.49 26.45 26.57 26.77 25.79 26.12 26.64 26.16 26.72 26.77 26.62 26.74 26.85 27.00 26.97 27.05 26.92 26.87 26.70 26.60 26.42 26.57 26.40 26.61 26.28 26.40 26.82 27.17 27.34 27.43 26.91 26.40 27.45 27.77 28.14 28.62 28.96 29.05 29.47 27.99 29.20 30.06 29.62 29.66 30.70 30.84 30.80 30.38 30.83 31.20 31.08 31.45 30.08 29.11 31.12 31.24 32.23 32.36 32.48 32.59 32.70 32.79 32.89 32.99 33.08 33.17 33.26 33.34 33.41 33.48 33.55
26.32 26.49 26.66 26.70 26.91 26.85 26.91 26.81 26.84 26.87 26.98 27.04 26.93 27.04 27.00 26.03 26.72 26.85 26.52 26.97 27.12 27.05 27.07 27.06 27.06 26.97 26.79 26.61 26.53 26.62 26.67 26.66 26.58 26.54 26.88 27.11 27.26 27.48 27.12 26.72 27.57 27.99 28.12 28.67 28.89 28.56 29.25 28.48 28.94 29.95 29.94 29.50 29.73 30.65 30.76 30.95 31.14 31.21 31.34 31.49 30.64 31.04 31.46 31.01 32.18 31.95 32.40 32.51 32.62 32.72 32.82 32.92 33.00 33.09 33.17 33.25 33.33 33.40 33.46
26.70 26.82 26.81 26.60 27.05 27.17 27.21 27.15 27.21 27.22 27.32 27.31 27.31 27.33 27.28 26.99 27.04 27.33 27.27 27.20 27.32 27.30 27.24 27.16 27.09 27.05 26.92 26.75 26.61 26.69 26.67 26.73 26.77 26.86 26.72 27.05 27.25 27.39 27.56 27.31 26.32 28.08 27.30 28.28 28.82 28.77 28.90 29.69 29.60 29.86 30.11 29.99 30.44 30.34 30.67 30.71 31.06 31.23 31.33 31.28 31.23 31.67 31.65 31.45 32.05 32.22 32.32 32.43 32.54 32.64 32.73 32.83 32.92 33.01 33.10 33.17 33.25 33.32 33.38
26.90 27.09 27.17 27.01 27.29 27.46 27.54 27.41 27.49 27.55 27.56 27.51 27.56 27.62 27.55 27.45 27.39 27.07 27.32 27.55 27.50 27.45 27.39 27.31 27.21 27.09 27.02 26.90 26.80 26.76 26.77 26.74 26.77 26.82 26.55 26.89 27.12 27.40 27.56 27.78 27.69 27.50 27.35 28.39 28.81 29.02 29.35 29.58 29.82 30.02 30.23 30.03 30.50 30.52 30.64 30.66 31.04 30.99 31.19 31.24 30.84 31.59 31.27 31.37 31.96 32.13 32.24 31.81 32.45 32.55 32.65 32.75 32.84 32.92 33.01 33.08 33.16 33.23 33.29
27.19 27.34 27.45 27.51 27.59 27.73 27.74 27.82 27.72 27.80 27.72 27.72 27.83 27.86 27.79 27.68 27.68 27.50 27.54 27.61 27.55 27.46 27.41 27.27 27.17 27.10 27.07 27.00 26.92 26.84 26.72 26.71 26.77 26.75 26.64 26.64 26.83 27.22 27.52 27.75 27.65 27.29 27.02 27.86 28.54 28.98 29.39 29.69 29.78 30.03 29.50 30.33 30.34 30.52 30.71 30.81 30.95 30.33 30.79 31.28 31.06 31.02 31.53 30.19 31.93 32.05 32.15 32.25 32.36 32.46 32.56 32.66 32.75 32.84 32.92 33.00 33.07 33.14 33.20
27.48 27.16 27.46 27.69 27.86 27.95 28.01 28.05 27.96 28.01 27.90 27.96 28.06 28.10 28.01 27.82 27.80 27.77 27.71 27.60 27.54 27.45 27.39 27.26 27.15 27.11 27.05 26.99 26.92 26.86 26.75 26.74 26.73 26.66 26.59 26.47 26.67 27.08 27.50 27.72 27.66 27.00 28.14 27.82 28.15 28.64 29.29 29.65 29.70 29.92 30.01 30.10 30.40 30.45 30.66 30.78 30.90 30.99 29.86 30.89 31.29 30.68 30.86 31.54 31.71 31.58 32.05 32.16 31.54 32.37 32.47 32.57 32.67 32.76 32.84 32.91 32.99 33.05 33.12
27.16 27.29 27.48 27.67 27.97 28.13 28.19 28.27 28.30 28.26 28.18 28.17 28.22 28.29 28.18 28.10 28.08 27.98 27.87 27.72 27.69 27.62 27.18 27.30 27.27 27.18 27.05 27.00 26.95 26.84 26.76 26.73 26.66 26.56 26.42 26.48 26.62 26.89 27.36 27.67 27.90 27.78 27.55 27.77 28.39 28.67 29.01 29.55 29.45 29.74 29.50 29.87 30.05 30.06 30.37 30.69 30.83 30.91 30.84 30.75 30.74 31.16 31.29 31.08 31.40 31.54 31.96 32.06 31.36 31.75 32.38 32.48 32.58 32.67 32.75 32.83 32.89 32.96 33.02
27.76 27.83 27.98 28.10 28.22 28.29 28.27 28.26 28.49 28.51 28.43 28.34 28.32 28.39 28.35 28.32 28.18 28.08 27.90 27.84 27.71 27.67 27.63 27.43 27.42 27.33 27.27 27.13 26.99 26.84 26.74 26.71 26.67 26.59 26.50 26.65 26.61 26.65 27.07 27.50 27.79 27.88 27.97 27.29 28.35 27.92 28.48 29.36 29.71 29.68 29.04 29.47 29.74 29.59 30.25 30.58 30.74 30.84 30.80 30.91 30.87 31.06 30.83 31.28 31.62 31.40 31.85 31.96 32.07 32.18 32.29 32.39 32.48 32.58 32.66 32.74 32.80 32.86 32.92
27.49 27.91 28.11 28.30 28.40 28.39 28.34 28.34 28.47 28.55 28.68 28.53 28.53 28.83 28.62 28.51 28.36 28.14 27.86 27.88 27.59 27.60 27.65 27.62 27.52 27.40 27.28 27.12 26.96 26.84 26.75 26.69 26.64 26.60 26.60 26.74 26.73 26.60 26.77 27.60 27.74 27.90 28.07 27.54 28.05 28.40 28.75 29.50 29.39 29.31 29.03 28.52 29.62 30.00 30.35 30.38 30.61 30.36 30.82 30.87 30.50 28.73 30.45 31.34 31.52 31.63 31.75 31.86 31.97 32.08 32.19 32.30 32.40 32.48 32.57 32.65 32.71 32.77 32.83
28.30 28.38 28.46 28.53 28.57 28.55 28.56 28.56 28.44 28.59 28.78 28.76 28.64 28.59 28.64 28.62 28.48 28.25 28.26 27.86 27.52 27.62 27.77 27.72 27.57 27.45 27.33 27.15 26.95 26.86 26.75 26.65 26.58 26.55 26.61 26.74 26.93 26.91 27.13 27.56 27.74 27.93 28.02 27.73 28.27 28.65 28.85 29.33 29.44 29.20 29.35 29.36 29.32 29.09 30.21 30.07 30.23 30.43 30.71 30.80 30.08 28.41 30.90 31.22 31.18 31.53 31.64 31.76 31.86 31.98 32.09 32.20 32.30 32.40 32.48 32.56 32.61 32.67 32.73
27.11 28.45 28.48 28.69 28.58 28.82 28.86 28.86 28.75 28.72 28.87 28.93 28.88 28.79 28.75 28.69 28.63 28.51 27.97 27.93 27.72 27.80 27.65 27.79 27.62 27.45 27.31 27.23 27.06 26.87 26.76 26.67 26.59 26.58 26.59 26.70 26.87 27.01 27.26 27.51 27.76 27.96 27.97 27.85 28.24 28.46 28.97 29.14 29.54 29.60 29.58 29.45 28.62 28.91 29.33 29.45 29.84 30.49 30.60 30.67 30.83 30.74 30.54 29.37 31.26 31.42 31.53 31.64 31.75 31.87 31.98 32.09 32.20 32.30 32.39 32.46 32.51 32.57 32.62
28.69 28.78 28.75 28.88 28.96 28.96 29.02 29.05 28.98 29.04 29.05 29.01 28.94 28.91 28.85 28.77 28.71 28.60 28.50 28.19 27.81 28.02 27.99 27.86 27.70 27.47 27.34 27.19 27.04 26.84 26.79 26.73 26.67 26.58 26.69 26.70 26.88 27.17 27.33 27.46 27.50 27.98 28.00 27.72 27.94 28.40 28.92 28.94 29.33 29.58 29.61 29.43 28.95 29.28 29.98 29.93 30.29 30.17 30.50 30.57 30.74 30.85 30.66 30.05 30.27 31.11 31.40 31.53 31.64 31.76 31.72 31.97 32.09 32.20 32.28 32.34 32.40 32.45 32.51
28.85 28.80 28.84 28.95 29.08 28.97 29.15 29.19 29.15 29.06 29.03 29.05 29.00 28.96 28.89 28.80 28.71 28.59 28.55 28.46 28.17 28.17 28.07 27.84 27.69 27.52 27.36 27.18 27.01 26.88 26.80 26.81 26.96 26.84 26.76 26.68 26.87 27.19 27.36 27.54 27.70 27.95 28.18 28.25 28.03 28.20 28.88 28.70 29.20 29.54 29.35 28.68 28.52 29.25 29.89 30.08 29.76 30.20 30.39 30.41 30.61 30.75 30.87 30.99 31.10 30.81 31.31 31.41 31.51 31.42 31.62 31.57 31.96 32.06 31.89 32.22 32.28 32.32 32.38
29.09 29.01 28.75 29.04 29.14 29.04 29.21 29.13 29.12 29.14 28.91 29.03 29.08 28.98 28.91 28.79 28.74 28.64 28.56 28.51 28.41 28.27 27.99 27.75 27.57 27.55 27.40 27.26 26.99 26.86 26.86 26.73 27.12 27.16 27.16 26.83 27.19 27.17 27.12 27.34 27.31 27.63 27.98 28.32 28.45 28.52 28.72 29.08 29.32 29.41 29.04 28.92 29.10 29.68 29.66 29.52 29.60 29.68 30.10 30.11 30.55 30.66 30.79 30.89 30.98 31.09 31.19 31.30 31.40 31.50 31.61 31.46 31.44 31.89 32.00 32.07 32.13 32.20 32.26
29.31 28.59 29.02 29.21 29.11 28.89 29.15 29.16 29.18 29.23 29.25 29.22 29.02 28.97 28.91 28.85 28.82 28.72 28.62 28.56 28.48 28.15 27.75 27.65 27.60 27.56 27.37 27.31 27.00 26.64 26.63 26.83 26.82 26.79 26.97 26.85 27.11 27.03 27.08 27.23 27.25 27.43 27.77 28.18 28.53 28.74 28.94 29.12 29.27 29.29 28.78 28.23 29.09 29.47 29.14 28.54 28.84 29.14 28.78 28.51 30.06 30.55 30.67 30.74 30.88 30.97 31.06 31.17 31.26 31.36 31.46 31.47 31.45 31.65 31.83 31.91 31.99 32.06 32.12
29.44 29.47 29.33 29.40 29.46 29.33 29.40 29.30 29.27 29.20 29.29 29.21 29.06 29.00 28.95 28.92 28.86 28.78 28.68 28.61 28.53 27.81 27.86 27.63 27.50 27.61 27.25 27.35 27.03 26.00 25.92 26.98 27.13 27.23 27.21 27.22 26.85 26.96 27.05 27.17 27.25 27.45 27.77 28.11 28.39 28.65 28.55 28.72 29.09 29.05 29.21 29.12 28.79 28.95 28.61 29.06 28.40 29.06 29.18 29.89 30.34 30.39 30.56 30.45 30.69 30.85 30.95 31.04 30.96 30.99 31.31 31.16 31.37 31.29 31.66 31.75 31.83 31.91 31.98
29.45 29.33 29.42 29.56 29.55 29.54 29.43 29.49 29.37 29.36 29.39 29.23 29.11 29.05 29.04 28.98 28.90 28.83 28.74 28.68 28.56 28.27 27.89 27.64 27.56 27.63 27.38 27.34 26.57 26.04 26.69 26.66 26.76 27.00 27.21 27.08 26.81 26.93 26.99 27.10 27.26 27.36 27.67 28.10 28.39 28.50 28.46 28.49 28.66 28.92 28.86 29.20 29.06 29.11 27.63 28.54 28.91 29.03 28.60 28.61 30.11 30.08 30.39 30.39 30.54 30.73 30.84 30.92 30.83 30.86 30.03 31.25 31.33 30.90 31.22 31.58 31.67 31.76 31.84
29.43 28.88 29.35 29.43 29.48 29.54 29.56 29.39 29.44 29.43 29.39 29.24 29.17 29.14 29.07 29.03 29.01 28.95 28.89 28.79 28.58 28.27 27.85 27.38 27.47 27.37 27.45 27.45 27.22 26.62 25.43 24.89 25.66 26.83 27.23 27.01 26.97 26.99 27.05 27.14 27.37 27.54 27.88 28.18 28.29 28.46 28.49 28.28 28.33 28.63 28.71 28.90 29.16 29.07 29.11 28.53 29.07 29.04 28.00 27.94 29.34 29.96 30.22 29.70 30.25 30.46 30.63 30.75 30.80 30.72 29.54 30.55 31.17 31.24 31.34 31.37 31.51 31.62 31.71
29.55 29.32 29.19 29.14 29.29 29.48 29.58 29.37 29.41 29.39 29.31 29.16 29.08 29.11 29.08 29.07 29.10 29.04 28.92 28.85 28.66 28.41 28.12 27.91 27.59 27.33 27.35 27.32 27.20 25.56 24.16 25.05 25.28 26.28 27.08 27.05 26.95 27.21 27.35 27.50 27.68 27.83 27.95 28.08 28.26 28.42 28.42 28.45 28.26 28.46 28.30 28.67 28.70 28.53 28.76 28.75 29.22 28.59 28.72 28.51 29.23 27.41 28.86 28.98 29.76 30.25 30.45 30.49 30.57 29.65 29.75 28.82 30.78 31.07 31.12 31.27 31.37 31.48 31.57
29.58 29.63 29.42 29.10 29.45 29.63 29.38 29.34 29.33 29.35 28.66 29.23 29.19 29.13 29.27 29.23 29.18 29.06 28.93 28.92 28.76 28.49 28.25 28.04 27.73 27.45 27.14 27.11 27.01 26.29 24.49 24.63 26.34 26.57 25.52 26.78 26.12 27.15 27.47 27.52 27.40 27.61 27.85 27.85 27.86 28.37 28.50 28.40 28.46 28.00 27.99 28.44 28.81 28.78 29.12 29.16 29.05 28.05 28.36 27.99 28.97 27.88 29.80 29.86 30.03 30.11 30.13 30.31 30.32 30.44 30.12 30.05 30.64 30.89 30.96 31.11 31.19 31.24 31.46
29.57 29.59 29.68 29.68 29.67 29.64 29.41 29.24 29.16 29.04 29.11 29.22 29.19 29.24 29.24 29.18 29.12 29.12 29.07 28.99 28.78 28.66 28.41 28.13 27.92 27.67 27.50 27.13 27.12 26.71 25.11 25.21 25.35 26.55 26.51 26.21 26.21 27.43 26.84 27.50 27.52 27.50 27.78 27.70 28.07 28.38 28.50 28.50 28.42 28.27 28.39 27.84 28.77 28.98 29.09 28.95 28.76 28.37 28.92 28.80 28.83 28.67 28.62 29.41 29.32 29.81 29.49 29.83 29.76 30.27 30.19 30.19 30.38 30.75 30.29 31.00 31.11 31.23 31.34
29.69 29.71 29.63 29.48 29.69 29.46 29.29 29.08 28.62 28.15 28.56 29.14 29.25 29.13 29.18 29.24 29.22 29.20 29.12 29.07 28.90 28.70 28.48 28.25 28.04 27.80 27.71 27.51 27.23 26.92 25.73 26.10 25.44 26.54 27.60 26.88 27.14 27.23 26.64 27.33 27.49 27.59 27.74 27.70 28.07 28.37 28.51 28.61 28.44 28.55 28.41 27.88 28.73 28.99 29.03 29.01 28.84 28.94 28.97 29.10 28.10 28.03 28.39 27.15 28.26 26.94 29.06 29.68 29.91 30.23 30.36 30.42 30.59 30.28 29.86 30.61 30.99 31.12 31.23
