main/data/pressure/12.08.2023.grid
ncols 886
nrows 691
xllcenter 112.0000
yllcenter -44.5000
cellsize 0.0500
nodata_value 99999.90
[rows 396 to 431 of 691, columns 243 to 323 of 886]
12.95 12.97 13.00 13.02 13.02 13.02 13.01 13.02 12.99 12.97 12.95 12.92 12.92 12.91 12.93 12.97 13.01 13.01 13.00 12.98 12.98 12.97 12.96 12.94 12.92 12.89 12.87 12.85 12.84 12.82 12.79 12.79 12.78 12.78 12.75 12.74 12.74 12.72 12.71 12.73 12.72 12.69 12.69 12.70 12.69 12.69 12.69 12.69 12.68 12.69 12.69 12.68 12.67 12.66 12.68 12.68 12.67 12.67 12.67 12.67 12.67 12.69 12.70 12.71 12.71 12.72 12.73 12.74 12.76 12.79 12.80 12.79 12.81 12.82 12.83 12.82 12.85 12.87 12.88 12.89 12.91
12.98 12.99 13.01 13.03 13.03 13.03 13.03 13.02 13.00 12.98 12.96 12.93 12.93 12.94 12.96 13.00 13.06 13.03 13.01 13.00 12.98 12.98 12.97 12.95 12.93 12.90 12.87 12.86 12.83 12.82 12.79 12.79 12.78 12.78 12.76 12.75 12.75 12.73 12.72 12.71 12.71 12.70 12.70 12.70 12.71 12.71 12.71 12.71 12.71 12.71 12.70 12.70 12.69 12.68 12.70 12.70 12.69 12.69 12.70 12.70 12.70 12.73 12.74 12.75 12.75 12.76 12.78 12.80 12.82 12.82 12.82 12.83 12.84 12.86 12.87 12.88 12.90 12.90 12.91 12.91 12.94
13.02 13.02 13.04 13.05 13.04 13.03 13.02 13.02 13.00 12.99 12.97 12.97 12.98 12.98 12.99 13.02 13.06 13.05 13.03 13.01 12.98 12.98 12.98 12.96 12.94 12.92 12.88 12.86 12.84 12.83 12.81 12.79 12.79 12.79 12.76 12.75 12.75 12.75 12.74 12.72 12.71 12.70 12.71 12.71 12.72 12.72 12.73 12.73 12.73 12.73 12.73 12.72 12.71 12.71 12.72 12.73 12.73 12.72 12.72 12.73 12.74 12.77 12.78 12.78 12.79 12.81 12.82 12.83 12.84 12.86 12.87 12.88 12.90 12.91 12.92 12.93 12.94 12.96 12.96 12.96 12.97
13.07 13.06 13.07 13.06 13.04 13.02 13.02 13.02 13.01 12.98 12.98 13.01 13.03 13.02 13.02 13.04 13.07 13.07 13.04 13.02 12.99 12.99 13.00 12.97 12.95 12.94 12.91 12.87 12.84 12.83 12.82 12.79 12.78 12.80 12.78 12.75 12.76 12.76 12.74 12.71 12.71 12.71 12.71 12.71 12.72 12.73 12.74 12.74 12.75 12.75 12.75 12.74 12.73 12.72 12.74 12.75 12.75 12.75 12.76 12.77 12.78 12.81 12.81 12.80 12.82 12.85 12.86 12.86 12.88 12.92 12.94 12.96 12.97 12.99 12.98 12.99 12.98 13.00 13.03 13.00 13.03
13.09 13.08 13.08 13.07 13.05 13.04 13.04 13.03 13.03 13.01 13.02 13.05 13.07 13.07 13.05 13.07 13.08 13.06 13.04 13.04 13.03 13.02 13.00 12.96 12.94 12.92 12.92 12.88 12.84 12.84 12.83 12.79 12.79 12.78 12.79 12.78 12.78 12.77 12.75 12.73 12.72 12.72 12.72 12.73 12.74 12.74 12.75 12.74 12.75 12.76 12.76 12.76 12.76 12.75 12.76 12.77 12.78 12.80 12.81 12.82 12.82 12.85 12.85 12.85 12.87 12.89 12.89 12.90 12.92 12.97 12.99 13.01 13.03 13.05 13.05 13.05 13.05 13.06 13.08 13.09 13.09
13.11 13.10 13.09 13.08 13.07 13.07 13.07 13.07 13.07 13.09 13.08 13.11 13.11 13.12 13.12 13.12 13.11 13.09 13.06 13.05 13.05 13.02 12.99 12.96 12.94 12.91 12.90 12.90 12.87 12.84 12.83 12.81 12.79 12.79 12.80 12.79 12.79 12.78 12.76 12.75 12.74 12.74 12.74 12.74 12.74 12.75 12.76 12.75 12.75 12.76 12.77 12.77 12.78 12.78 12.78 12.79 12.80 12.83 12.88 12.87 12.86 12.89 12.90 12.90 12.93 12.94 12.95 12.96 12.98 13.00 13.02 13.03 13.05 13.07 13.08 13.12 13.11 13.11 13.15 13.16 13.17
13.12 13.10 13.10 13.09 13.09 13.10 13.10 13.11 13.10 13.10 13.11 13.13 13.14 13.13 13.13 13.14 13.14 13.13 13.10 13.07 13.05 13.01 12.99 12.95 12.93 12.91 12.90 12.89 12.87 12.84 12.83 12.82 12.80 12.79 12.79 12.78 12.78 12.76 12.75 12.75 12.74 12.75 12.75 12.75 12.76 12.77 12.77 12.77 12.78 12.78 12.79 12.79 12.80 12.81 12.82 12.82 12.84 12.85 12.90 12.92 12.92 12.93 12.94 12.95 12.97 13.00 13.01 13.02 13.04 13.05 13.07 13.08 13.10 13.11 13.14 13.18 13.18 13.17 13.19 13.21 13.23
13.12 13.11 13.10 13.10 13.11 13.11 13.12 13.12 13.11 13.10 13.13 13.16 13.16 13.15 13.14 13.15 13.16 13.13 13.07 13.04 13.04 13.01 12.97 12.92 12.91 12.92 12.90 12.89 12.87 12.85 12.83 12.82 12.81 12.80 12.79 12.79 12.79 12.77 12.77 12.76 12.76 12.75 12.76 12.77 12.78 12.77 12.78 12.79 12.79 12.80 12.80 12.82 12.83 12.84 12.85 12.87 12.88 12.88 12.90 12.96 12.95 12.97 12.97 12.99 13.02 13.05 13.07 13.08 13.09 13.11 13.12 13.13 13.15 13.16 13.18 13.23 13.23 13.22 13.25 13.27 13.27
13.12 13.11 13.11 13.12 13.13 13.14 13.14 13.14 13.14 13.14 13.15 13.17 13.18 13.18 13.17 13.16 13.15 13.11 13.07 13.05 13.03 13.00 12.96 12.93 12.92 12.91 12.90 12.88 12.87 12.86 12.85 12.84 12.82 12.81 12.81 12.80 12.80 12.80 12.79 12.78 12.78 12.78 12.77 12.77 12.78 12.79 12.80 12.81 12.82 12.83 12.83 12.84 12.86 12.87 12.88 12.91 12.92 12.93 12.95 12.98 13.00 13.00 13.02 13.04 13.06 13.09 13.12 13.14 13.15 13.16 13.17 13.18 13.20 13.22 13.25 13.28 13.30 13.29 13.29 13.32 13.33
13.12 13.12 13.12 13.14 13.16 13.17 13.17 13.17 13.17 13.17 13.18 13.20 13.20 13.19 13.17 13.13 13.12 13.10 13.07 13.04 13.02 13.00 12.96 12.94 12.92 12.91 12.90 12.89 12.88 12.86 12.86 12.85 12.84 12.83 12.82 12.82 12.82 12.82 12.81 12.79 12.79 12.80 12.80 12.78 12.79 12.80 12.81 12.83 12.84 12.84 12.86 12.86 12.87 12.89 12.91 12.94 12.96 12.98 12.99 13.01 13.03 13.05 13.06 13.08 13.11 13.13 13.15 13.18 13.19 13.20 13.21 13.23 13.25 13.28 13.29 13.33 13.35 13.35 13.35 13.36 13.37
13.13 13.12 13.13 13.16 13.18 13.21 13.21 13.21 13.21 13.21 13.20 13.20 13.18 13.18 13.16 13.13 13.10 13.08 13.05 13.03 13.01 12.99 12.96 12.94 12.93 12.92 12.91 12.90 12.89 12.88 12.87 12.86 12.86 12.85 12.84 12.84 12.84 12.83 12.83 12.82 12.82 12.83 12.83 12.83 12.83 12.84 12.85 12.87 12.88 12.89 12.88 12.88 12.90 12.91 12.93 12.95 12.98 13.00 13.01 13.04 13.06 13.08 13.10 13.12 13.14 13.17 13.19 13.21 13.25 13.25 13.26 13.28 13.31 13.32 13.34 13.37 13.39 13.40 13.39 13.39 13.40
13.13 13.14 13.15 13.16 13.20 13.23 13.24 13.24 13.23 13.22 13.21 13.20 13.19 13.18 13.15 13.12 13.09 13.06 13.04 13.01 13.00 12.98 12.96 12.95 12.93 12.93 12.92 12.91 12.90 12.89 12.88 12.87 12.88 12.87 12.85 12.85 12.85 12.86 12.86 12.85 12.85 12.86 12.86 12.87 12.88 12.89 12.90 12.91 12.92 12.92 12.92 12.92 12.93 12.94 12.95 12.98 13.00 13.03 13.04 13.07 13.09 13.12 13.14 13.16 13.17 13.20 13.21 13.24 13.29 13.29 13.30 13.33 13.35 13.37 13.37 13.38 13.39 13.43 13.43 13.42 13.43
13.16 13.16 13.16 13.18 13.22 13.25 13.26 13.26 13.25 13.24 13.21 13.19 13.18 13.18 13.14 13.11 13.08 13.06 13.04 13.02 13.01 12.99 12.97 12.96 12.95 12.94 12.93 12.92 12.92 12.91 12.90 12.90 12.89 12.89 12.87 12.86 12.87 12.88 12.87 12.88 12.89 12.89 12.90 12.91 12.92 12.92 12.93 12.94 12.95 12.95 12.96 12.96 12.98 12.99 13.00 13.02 13.04 13.06 13.09 13.10 13.13 13.15 13.17 13.20 13.21 13.23 13.26 13.29 13.34 13.34 13.35 13.37 13.39 13.40 13.41 13.42 13.42 13.46 13.46 13.45 13.46
13.16 13.17 13.18 13.20 13.23 13.25 13.26 13.26 13.25 13.24 13.21 13.18 13.17 13.17 13.13 13.10 13.09 13.07 13.04 13.03 13.01 13.00 12.98 12.98 12.97 12.95 12.94 12.93 12.93 12.92 12.91 12.91 12.91 12.90 12.89 12.88 12.89 12.89 12.90 12.91 12.92 12.92 12.93 12.93 12.94 12.95 12.96 12.96 12.98 12.99 13.00 13.00 13.02 13.04 13.05 13.06 13.08 13.11 13.13 13.13 13.15 13.18 13.20 13.23 13.24 13.27 13.30 13.32 13.38 13.38 13.39 13.42 13.43 13.44 13.45 13.44 13.45 13.47 13.48 13.46 13.48
13.15 13.18 13.20 13.22 13.26 13.27 13.28 13.27 13.25 13.24 13.22 13.21 13.19 13.17 13.13 13.11 13.08 13.06 13.05 13.04 13.02 13.01 12.99 12.99 12.97 12.96 12.95 12.94 12.94 12.94 12.93 12.93 12.92 12.91 12.91 12.90 12.91 12.91 12.92 12.91 12.93 12.94 12.95 12.96 12.96 12.96 12.98 12.98 13.00 13.01 13.03 13.03 13.05 13.07 13.09 13.10 13.12 13.14 13.16 13.16 13.18 13.21 13.23 13.26 13.29 13.30 13.34 13.37 13.42 13.43 13.44 13.46 13.47 13.47 13.46 13.46 13.47 13.49 13.52 13.51 13.51
13.17 13.18 13.21 13.25 13.27 13.29 13.29 13.27 13.26 13.23 13.22 13.20 13.19 13.16 13.13 13.11 13.09 13.07 13.07 13.05 13.03 13.02 13.00 12.99 12.98 12.96 12.95 12.95 12.95 12.95 12.95 12.95 12.94 12.93 12.93 12.93 12.93 12.93 12.93 12.93 12.95 12.97 12.97 12.98 12.98 12.99 13.00 13.01 13.02 13.03 13.05 13.05 13.07 13.10 13.12 13.14 13.15 13.16 13.18 13.19 13.22 13.24 13.26 13.30 13.33 13.35 13.38 13.41 13.44 13.46 13.47 13.49 13.49 13.49 13.47 13.48 13.50 13.53 13.54 13.54 13.55
13.20 13.22 13.24 13.27 13.29 13.30 13.30 13.28 13.26 13.23 13.20 13.18 13.17 13.15 13.13 13.12 13.10 13.09 13.07 13.06 13.04 13.04 13.01 13.00 12.99 12.97 12.97 12.97 12.96 12.97 12.96 12.95 12.95 12.95 12.95 12.94 12.95 12.95 12.94 12.95 12.96 12.97 12.98 12.99 13.01 13.02 13.03 13.03 13.05 13.05 13.07 13.07 13.10 13.12 13.14 13.16 13.17 13.19 13.21 13.23 13.25 13.28 13.30 13.32 13.36 13.38 13.42 13.44 13.46 13.47 13.50 13.52 13.51 13.51 13.50 13.51 13.53 13.56 13.57 13.58 13.59
13.23 13.25 13.27 13.29 13.29 13.29 13.29 13.28 13.26 13.23 13.21 13.18 13.17 13.15 13.13 13.12 13.11 13.10 13.08 13.06 13.05 13.04 13.03 13.02 13.01 12.99 12.98 12.98 12.98 12.97 12.96 12.96 12.96 12.96 12.96 12.97 12.96 12.96 12.97 12.97 12.98 12.99 13.00 13.02 13.03 13.03 13.05 13.06 13.06 13.07 13.08 13.09 13.12 13.14 13.15 13.16 13.19 13.21 13.23 13.26 13.28 13.31 13.33 13.36 13.39 13.43 13.45 13.47 13.49 13.50 13.53 13.55 13.54 13.54 13.53 13.54 13.56 13.57 13.59 13.61 13.62
13.26 13.28 13.30 13.30 13.29 13.30 13.30 13.29 13.26 13.23 13.21 13.18 13.16 13.15 13.14 13.13 13.11 13.10 13.09 13.07 13.06 13.05 13.05 13.04 13.02 13.01 13.00 12.99 12.99 12.98 12.97 12.96 12.97 12.96 12.97 12.97 12.97 12.97 12.98 12.98 12.99 13.00 13.01 13.03 13.05 13.05 13.06 13.07 13.08 13.09 13.10 13.12 13.13 13.15 13.17 13.19 13.20 13.23 13.25 13.28 13.31 13.33 13.36 13.39 13.43 13.46 13.49 13.50 13.52 13.54 13.55 13.55 13.57 13.58 13.57 13.58 13.58 13.60 13.62 13.62 13.65
13.29 13.32 13.33 13.33 13.31 13.29 13.30 13.27 13.26 13.24 13.21 13.20 13.17 13.15 13.14 13.14 13.12 13.11 13.10 13.08 13.07 13.06 13.07 13.07 13.04 13.03 13.02 13.00 13.00 12.99 12.97 12.98 12.97 12.98 12.98 12.98 12.99 12.99 12.99 12.99 12.99 13.01 13.02 13.04 13.05 13.07 13.07 13.09 13.09 13.11 13.11 13.13 13.15 13.17 13.19 13.21 13.23 13.25 13.28 13.30 13.33 13.36 13.39 13.42 13.45 13.48 13.51 13.53 13.54 13.54 13.55 13.56 13.57 13.60 13.59 13.61 13.62 13.63 13.63 13.64 13.66
13.31 13.33 13.36 13.34 13.32 13.31 13.31 13.28 13.25 13.23 13.22 13.20 13.19 13.17 13.15 13.14 13.13 13.12 13.10 13.09 13.08 13.08 13.09 13.08 13.06 13.04 13.02 13.01 13.01 12.99 12.98 12.98 12.98 12.99 12.99 12.99 13.00 13.00 13.01 13.00 13.01 13.03 13.04 13.05 13.06 13.08 13.09 13.10 13.11 13.11 13.13 13.14 13.16 13.18 13.20 13.22 13.24 13.27 13.29 13.33 13.35 13.38 13.41 13.44 13.48 13.51 13.53 13.54 13.56 13.56 13.56 13.57 13.60 13.62 13.64 13.63 13.64 13.65 13.66 13.67 13.66
13.30 13.33 13.34 13.35 13.34 13.32 13.31 13.28 13.26 13.25 13.23 13.22 13.20 13.18 13.17 13.15 13.14 13.13 13.12 13.11 13.10 13.10 13.09 13.06 13.06 13.06 13.04 13.02 13.01 13.00 12.99 12.99 12.99 13.00 13.00 13.01 13.01 13.02 13.02 13.02 13.02 13.03 13.04 13.06 13.07 13.09 13.10 13.11 13.12 13.13 13.14 13.15 13.17 13.19 13.22 13.24 13.26 13.29 13.31 13.34 13.37 13.41 13.44 13.47 13.50 13.54 13.55 13.55 13.56 13.57 13.59 13.60 13.63 13.64 13.65 13.66 13.66 13.66 13.66 13.68 13.72
13.33 13.34 13.35 13.35 13.34 13.34 13.31 13.28 13.27 13.26 13.24 13.23 13.21 13.19 13.18 13.17 13.16 13.14 13.14 13.12 13.12 13.11 13.10 13.08 13.07 13.06 13.06 13.04 13.02 13.01 13.00 12.99 13.00 13.01 13.01 13.02 13.03 13.04 13.03 13.03 13.04 13.04 13.06 13.07 13.09 13.10 13.12 13.13 13.15 13.15 13.16 13.17 13.19 13.21 13.24 13.26 13.28 13.30 13.33 13.36 13.39 13.43 13.46 13.49 13.52 13.55 13.55 13.56 13.57 13.58 13.61 13.62 13.66 13.67 13.68 13.68 13.68 13.69 13.70 13.72 13.76
13.37 13.37 13.36 13.34 13.34 13.33 13.32 13.29 13.29 13.28 13.26 13.24 13.21 13.21 13.19 13.18 13.18 13.16 13.14 13.14 13.13 13.12 13.11 13.10 13.09 13.08 13.07 13.04 13.03 13.02 13.02 13.00 13.00 13.01 13.02 13.04 13.04 13.05 13.03 13.03 13.04 13.07 13.08 13.10 13.11 13.12 13.14 13.16 13.19 13.18 13.18 13.18 13.21 13.23 13.26 13.28 13.30 13.32 13.34 13.39 13.43 13.43 13.47 13.51 13.54 13.56 13.56 13.57 13.59 13.61 13.63 13.64 13.66 13.68 13.70 13.72 13.73 13.74 13.75 13.77 13.78
13.39 13.36 13.36 13.35 13.33 13.32 13.32 13.31 13.30 13.29 13.29 13.25 13.22 13.21 13.21 13.19 13.18 13.17 13.14 13.14 13.13 13.12 13.11 13.12 13.10 13.09 13.07 13.04 13.04 13.03 13.03 13.01 13.02 13.03 13.04 13.04 13.05 13.05 13.05 13.05 13.07 13.08 13.09 13.12 13.12 13.13 13.15 13.17 13.20 13.17 13.19 13.21 13.22 13.24 13.26 13.29 13.32 13.37 13.41 13.44 13.45 13.45 13.49 13.53 13.56 13.57 13.58 13.60 13.61 13.64 13.66 13.67 13.70 13.71 13.72 13.75 13.76 13.78 13.80 13.80 13.82
13.39 13.37 13.36 13.36 13.36 13.34 13.33 13.32 13.31 13.31 13.28 13.26 13.24 13.22 13.21 13.19 13.19 13.16 13.15 13.14 13.14 13.12 13.11 13.11 13.11 13.10 13.07 13.05 13.05 13.03 13.02 13.02 13.03 13.04 13.05 13.05 13.06 13.06 13.06 13.07 13.09 13.11 13.12 13.13 13.14 13.15 13.17 13.20 13.22 13.20 13.21 13.23 13.25 13.26 13.28 13.31 13.37 13.44 13.46 13.45 13.44 13.46 13.49 13.53 13.57 13.59 13.60 13.61 13.64 13.68 13.69 13.71 13.73 13.74 13.76 13.78 13.79 13.80 13.83 13.85 13.85
13.39 13.40 13.39 13.40 13.39 13.39 13.36 13.32 13.30 13.31 13.29 13.27 13.24 13.22 13.22 13.21 13.20 13.18 13.16 13.15 13.15 13.14 13.13 13.12 13.12 13.11 13.09 13.07 13.05 13.04 13.03 13.03 13.04 13.06 13.05 13.06 13.07 13.08 13.08 13.09 13.10 13.12 13.14 13.15 13.15 13.16 13.18 13.21 13.24 13.22 13.23 13.24 13.26 13.27 13.30 13.33 13.41 13.41 13.38 13.41 13.44 13.47 13.49 13.53 13.56 13.60 13.61 13.63 13.65 13.69 13.72 13.73 13.75 13.77 13.79 13.81 13.83 13.85 13.87 13.88 13.88
13.42 13.42 13.42 13.41 13.40 13.36 13.34 13.32 13.30 13.30 13.29 13.27 13.24 13.22 13.21 13.21 13.20 13.20 13.18 13.17 13.16 13.16 13.14 13.13 13.12 13.12 13.11 13.09 13.07 13.05 13.04 13.04 13.05 13.06 13.07 13.07 13.08 13.09 13.09 13.10 13.12 13.13 13.14 13.15 13.16 13.16 13.17 13.22 13.25 13.23 13.23 13.24 13.26 13.29 13.31 13.33 13.41 13.40 13.41 13.43 13.46 13.47 13.49 13.52 13.56 13.59 13.61 13.63 13.67 13.70 13.73 13.75 13.77 13.79 13.80 13.83 13.86 13.88 13.89 13.91 13.91
13.42 13.43 13.42 13.40 13.38 13.36 13.34 13.31 13.30 13.31 13.29 13.26 13.24 13.24 13.22 13.21 13.21 13.20 13.20 13.18 13.17 13.16 13.14 13.13 13.12 13.12 13.11 13.09 13.08 13.07 13.05 13.06 13.07 13.08 13.07 13.08 13.09 13.09 13.10 13.11 13.12 13.13 13.14 13.15 13.16 13.17 13.18 13.21 13.26 13.26 13.25 13.25 13.27 13.29 13.32 13.35 13.39 13.39 13.37 13.42 13.45 13.46 13.49 13.52 13.56 13.59 13.61 13.65 13.68 13.71 13.73 13.76 13.79 13.81 13.83 13.87 13.89 13.91 13.91 13.93 13.95
13.44 13.43 13.41 13.39 13.39 13.37 13.35 13.33 13.31 13.30 13.30 13.27 13.25 13.25 13.24 13.22 13.20 13.21 13.20 13.20 13.18 13.16 13.16 13.15 13.14 13.12 13.11 13.10 13.09 13.08 13.07 13.07 13.09 13.09 13.09 13.08 13.09 13.10 13.10 13.11 13.12 13.12 13.13 13.15 13.17 13.18 13.18 13.21 13.26 13.27 13.25 13.26 13.27 13.29 13.31 13.35 13.37 13.37 13.39 13.41 13.43 13.45 13.48 13.52 13.55 13.59 13.61 13.64 13.68 13.72 13.75 13.78 13.80 13.84 13.86 13.89 13.91 13.93 13.95 13.96 13.99
13.43 13.44 13.42 13.41 13.39 13.38 13.37 13.35 13.34 13.32 13.31 13.28 13.28 13.26 13.25 13.24 13.22 13.22 13.21 13.21 13.18 13.18 13.18 13.16 13.13 13.10 13.10 13.09 13.10 13.09 13.09 13.08 13.09 13.09 13.10 13.09 13.09 13.09 13.10 13.11 13.12 13.12 13.12 13.14 13.17 13.18 13.18 13.21 13.25 13.26 13.26 13.25 13.27 13.29 13.31 13.34 13.35 13.35 13.33 13.38 13.43 13.44 13.46 13.50 13.55 13.58 13.62 13.64 13.68 13.72 13.76 13.79 13.82 13.86 13.90 13.90 13.91 13.96 13.98 13.99 14.02
13.43 13.43 13.44 13.42 13.40 13.39 13.38 13.37 13.35 13.33 13.32 13.30 13.28 13.28 13.27 13.25 13.25 13.23 13.22 13.20 13.20 13.19 13.18 13.16 13.14 13.12 13.11 13.10 13.10 13.10 13.09 13.10 13.09 13.09 13.10 13.10 13.10 13.10 13.10 13.11 13.11 13.10 13.11 13.13 13.16 13.19 13.19 13.22 13.24 13.25 13.24 13.23 13.25 13.28 13.30 13.32 13.33 13.32 13.34 13.36 13.40 13.42 13.45 13.48 13.54 13.59 13.60 13.63 13.68 13.73 13.76 13.79 13.83 13.88 13.93 13.94 13.94 13.98 14.00 14.03 14.06
13.43 13.43 13.44 13.43 13.41 13.39 13.38 13.38 13.36 13.34 13.32 13.31 13.29 13.28 13.28 13.26 13.25 13.24 13.22 13.21 13.21 13.19 13.19 13.18 13.15 13.12 13.11 13.10 13.10 13.10 13.10 13.10 13.10 13.10 13.11 13.10 13.10 13.09 13.10 13.11 13.11 13.11 13.12 13.13 13.16 13.19 13.20 13.21 13.24 13.24 13.23 13.23 13.23 13.25 13.28 13.30 13.31 13.31 13.32 13.34 13.37 13.41 13.44 13.49 13.53 13.58 13.60 13.63 13.68 13.72 13.77 13.80 13.84 13.89 13.94 13.96 13.96 14.01 14.03 14.06 14.10
13.43 13.44 13.44 13.44 13.42 13.40 13.39 13.38 13.37 13.36 13.34 13.31 13.30 13.29 13.28 13.28 13.26 13.26 13.24 13.23 13.21 13.19 13.18 13.18 13.16 13.13 13.12 13.11 13.12 13.11 13.10 13.09 13.10 13.11 13.11 13.09 13.10 13.09 13.09 13.10 13.11 13.12 13.13 13.13 13.15 13.18 13.19 13.21 13.23 13.22 13.22 13.22 13.22 13.24 13.25 13.27 13.28 13.29 13.31 13.33 13.36 13.39 13.44 13.48 13.52 13.57 13.59 13.62 13.67 13.74 13.78 13.80 13.84 13.89 13.93 13.99 14.00 14.03 14.03 14.07 14.14
13.45 13.44 13.45 13.44 13.44 13.42 13.41 13.39 13.37 13.36 13.35 13.33 13.31 13.31 13.30 13.28 13.28 13.26 13.26 13.24 13.22 13.20 13.19 13.19 13.17 13.14 13.13 13.12 13.12 13.11 13.10 13.08 13.09 13.10 13.11 13.11 13.09 13.06 13.08 13.09 13.11 13.11 13.13 13.13 13.15 13.17 13.19 13.21 13.22 13.23 13.22 13.22 13.21 13.21 13.23 13.25 13.27 13.28 13.31 13.34 13.36 13.39 13.44 13.48 13.52 13.56 13.59 13.62 13.68 13.73 13.78 13.82 13.86 13.90 13.94 13.99 14.02 14.04 14.05 14.09 14.15
13.46 13.46 13.45 13.44 13.43 13.43 13.41 13.41 13.38 13.35 13.35 13.34 13.33 13.31 13.31 13.29 13.28 13.27 13.26 13.25 13.22 13.21 13.19 13.18 13.19 13.16 13.14 13.13 13.12 13.11 13.10 13.09 13.09 13.10 13.11 13.09 13.07 13.07 13.07 13.09 13.10 13.10 13.12 13.12 13.15 13.16 13.18 13.20 13.22 13.22 13.23 13.22 13.22 13.21 13.23 13.25 13.25 13.28 13.33 13.35 13.36 13.40 13.43 13.47 13.52 13.56 13.59 13.63 13.68 13.73 13.79 13.83 13.87 13.92 13.96 14.00 14.03 14.05 14.07 14.10 14.15
