main/data/pressure/12.08.2023.grid
ncols 886
nrows 691
xllcenter 112.0000
yllcenter -44.5000
cellsize 0.0500
nodata_value 99999.90
[rows 216 to 251 of 691, columns 162 to 242 of 886]
9.68 9.55 9.28 9.32 9.61 9.73 9.71 9.69 9.66 9.61 9.60 9.63 9.60 9.59 9.59 9.56 9.52 9.48 9.47 9.48 9.48 9.47 9.44 9.42 9.39 9.36 9.33 9.36 9.40 9.47 9.52 9.54 9.58 9.64 9.62 9.57 9.59 9.64 9.72 9.70 9.66 9.66 9.68 9.73 9.77 9.77 9.77 9.78 9.79 9.81 9.82 9.84 9.85 9.84 9.81 9.78 9.75 9.66 9.62 9.61 9.57 9.55 9.54 9.56 9.52 9.54 9.58 9.57 9.57 9.60 9.52 9.50 9.49 9.43 9.38 9.46 9.46 9.52 9.47 9.37 9.33
9.59 9.45 9.31 9.34 9.56 9.63 9.64 9.62 9.60 9.53 9.46 9.53 9.55 9.49 9.52 9.54 9.49 9.43 9.39 9.40 9.42 9.43 9.43 9.41 9.39 9.34 9.30 9.34 9.39 9.44 9.51 9.55 9.59 9.59 9.56 9.55 9.57 9.66 9.69 9.67 9.65 9.66 9.68 9.71 9.73 9.75 9.76 9.76 9.77 9.77 9.77 9.80 9.83 9.83 9.81 9.80 9.78 9.74 9.72 9.69 9.63 9.59 9.53 9.51 9.49 9.54 9.54 9.63 9.59 9.51 9.50 9.45 9.43 9.39 9.40 9.43 9.46 9.51 9.44 9.36 9.28
9.49 9.40 9.33 9.36 9.48 9.55 9.55 9.53 9.49 9.39 9.26 9.39 9.51 9.48 9.47 9.47 9.47 9.37 9.31 9.32 9.35 9.37 9.40 9.39 9.37 9.35 9.33 9.35 9.38 9.42 9.48 9.49 9.50 9.51 9.50 9.52 9.57 9.66 9.67 9.64 9.65 9.65 9.66 9.68 9.70 9.72 9.74 9.75 9.76 9.74 9.72 9.75 9.79 9.80 9.78 9.76 9.76 9.75 9.75 9.74 9.70 9.66 9.60 9.55 9.55 9.57 9.60 9.51 9.53 9.50 9.49 9.46 9.43 9.39 9.40 9.42 9.51 9.46 9.41 9.32 9.31
9.41 9.32 9.27 9.34 9.45 9.47 9.48 9.43 9.38 9.31 9.05 9.44 9.43 9.41 9.39 9.39 9.43 9.32 9.26 9.20 9.19 9.27 9.33 9.36 9.36 9.38 9.40 9.39 9.39 9.36 9.39 9.41 9.43 9.45 9.45 9.50 9.58 9.67 9.70 9.65 9.65 9.64 9.63 9.65 9.68 9.69 9.69 9.72 9.76 9.76 9.72 9.71 9.72 9.76 9.76 9.72 9.68 9.67 9.69 9.69 9.69 9.71 9.65 9.65 9.64 9.65 9.64 9.58 9.61 9.59 9.59 9.54 9.50 9.45 9.51 9.52 9.50 9.45 9.41 9.32 9.28
9.31 9.25 9.20 9.28 9.37 9.35 9.37 9.35 9.32 9.33 9.37 9.39 9.27 9.37 9.28 9.33 9.37 9.28 9.29 9.09 9.04 9.18 9.26 9.30 9.32 9.35 9.39 9.40 9.35 9.28 9.31 9.36 9.38 9.43 9.44 9.51 9.60 9.64 9.71 9.65 9.66 9.66 9.63 9.64 9.68 9.68 9.65 9.70 9.77 9.78 9.73 9.68 9.64 9.74 9.76 9.69 9.60 9.59 9.63 9.65 9.65 9.62 9.66 9.66 9.65 9.63 9.62 9.56 9.59 9.60 9.61 9.57 9.60 9.60 9.58 9.52 9.45 9.43 9.37 9.34 9.31
9.20 9.19 9.17 9.27 9.24 9.21 9.26 9.28 9.33 9.36 9.35 9.29 9.26 9.31 9.23 9.29 9.32 9.33 9.26 9.15 9.10 9.14 9.19 9.23 9.28 9.32 9.37 9.40 9.37 9.31 9.30 9.39 9.47 9.51 9.56 9.63 9.67 9.68 9.65 9.65 9.70 9.70 9.71 9.71 9.74 9.76 9.75 9.78 9.82 9.80 9.77 9.74 9.73 9.78 9.75 9.68 9.61 9.59 9.60 9.61 9.62 9.61 9.66 9.58 9.64 9.63 9.54 9.53 9.51 9.50 9.54 9.55 9.52 9.55 9.56 9.44 9.40 9.44 9.32 9.31 9.28
9.19 9.17 9.18 9.20 9.17 9.14 9.16 9.21 9.28 9.32 9.29 9.23 9.17 9.15 9.18 9.24 9.27 9.30 9.26 9.19 9.14 9.12 9.13 9.18 9.24 9.30 9.35 9.39 9.39 9.39 9.41 9.47 9.54 9.59 9.65 9.69 9.73 9.72 9.69 9.74 9.76 9.77 9.78 9.78 9.80 9.83 9.85 9.86 9.87 9.85 9.83 9.83 9.81 9.79 9.73 9.68 9.63 9.60 9.59 9.60 9.61 9.61 9.56 9.59 9.60 9.58 9.60 9.53 9.49 9.48 9.48 9.50 9.46 9.50 9.51 9.50 9.50 9.41 9.35 9.34 9.30
9.16 9.13 9.13 9.11 9.08 9.06 9.08 9.15 9.26 9.29 9.22 9.17 9.06 8.97 9.09 9.21 9.21 9.23 9.26 9.21 9.15 9.08 9.07 9.14 9.20 9.26 9.33 9.39 9.42 9.45 9.49 9.52 9.59 9.64 9.70 9.75 9.79 9.81 9.81 9.82 9.82 9.82 9.81 9.80 9.82 9.86 9.87 9.87 9.87 9.87 9.85 9.81 9.78 9.77 9.74 9.70 9.66 9.64 9.63 9.61 9.60 9.60 9.56 9.57 9.61 9.56 9.59 9.58 9.56 9.52 9.50 9.45 9.46 9.45 9.47 9.44 9.47 9.38 9.39 9.36 9.35
9.09 9.07 9.05 9.03 9.01 9.02 9.10 9.16 9.22 9.20 9.13 9.08 9.01 8.97 9.07 9.17 9.16 9.15 9.22 9.22 9.15 9.07 9.03 9.08 9.16 9.23 9.30 9.37 9.42 9.47 9.52 9.56 9.59 9.66 9.73 9.78 9.82 9.84 9.84 9.84 9.83 9.83 9.81 9.81 9.81 9.82 9.83 9.83 9.84 9.86 9.86 9.83 9.81 9.78 9.77 9.76 9.74 9.71 9.68 9.65 9.62 9.60 9.58 9.56 9.56 9.55 9.57 9.54 9.53 9.52 9.51 9.49 9.51 9.49 9.46 9.44 9.41 9.39 9.43 9.43 9.40
9.01 8.99 8.97 8.97 8.95 9.00 9.11 9.17 9.14 9.07 9.02 9.00 8.97 8.96 9.05 9.14 9.11 9.11 9.17 9.21 9.15 9.04 8.97 9.03 9.11 9.20 9.27 9.34 9.41 9.47 9.54 9.56 9.59 9.67 9.75 9.79 9.82 9.83 9.83 9.83 9.84 9.84 9.83 9.81 9.79 9.78 9.79 9.78 9.80 9.83 9.85 9.86 9.84 9.81 9.81 9.82 9.84 9.77 9.72 9.69 9.66 9.65 9.65 9.62 9.59 9.54 9.53 9.53 9.51 9.52 9.52 9.52 9.57 9.53 9.49 9.45 9.48 9.45 9.47 9.45 9.49
8.96 8.93 8.91 8.95 9.01 9.07 9.15 9.11 8.98 8.88 8.88 8.92 8.94 8.96 9.03 9.05 9.04 9.06 9.12 9.19 9.15 9.04 8.94 8.99 9.09 9.17 9.25 9.31 9.39 9.47 9.55 9.59 9.65 9.71 9.75 9.78 9.80 9.81 9.77 9.77 9.82 9.84 9.82 9.80 9.77 9.75 9.76 9.77 9.79 9.81 9.82 9.84 9.84 9.83 9.82 9.84 9.88 9.82 9.74 9.73 9.73 9.71 9.69 9.60 9.60 9.57 9.54 9.54 9.57 9.56 9.54 9.57 9.61 9.52 9.50 9.49 9.50 9.45 9.45 9.45 9.52
8.92 8.89 8.84 8.95 9.08 9.11 9.09 8.97 8.79 8.65 8.71 8.84 8.89 8.93 8.98 8.95 8.97 9.01 9.07 9.15 9.17 9.05 8.85 8.92 9.03 9.12 9.23 9.28 9.39 9.47 9.56 9.62 9.68 9.72 9.74 9.76 9.78 9.80 9.81 9.80 9.84 9.83 9.80 9.78 9.75 9.73 9.75 9.77 9.80 9.81 9.82 9.82 9.84 9.84 9.81 9.86 9.89 9.88 9.80 9.81 9.81 9.77 9.75 9.68 9.61 9.65 9.58 9.54 9.58 9.62 9.57 9.56 9.59 9.54 9.53 9.54 9.56 9.51 9.49 9.50 9.55
8.84 8.84 8.86 8.93 9.03 9.06 9.02 8.90 8.72 8.39 8.59 8.75 8.85 8.89 8.92 8.90 8.93 9.00 9.07 9.12 9.12 9.05 8.84 8.76 8.85 9.05 9.17 9.25 9.38 9.48 9.55 9.63 9.68 9.70 9.72 9.74 9.76 9.78 9.79 9.82 9.82 9.81 9.76 9.72 9.72 9.73 9.76 9.81 9.82 9.81 9.82 9.84 9.86 9.87 9.87 9.88 9.89 9.91 9.89 9.88 9.81 9.73 9.65 9.75 9.68 9.69 9.61 9.57 9.60 9.58 9.60 9.59 9.68 9.61 9.58 9.57 9.61 9.59 9.58 9.53 9.52
8.73 8.74 8.80 8.84 8.90 8.97 8.98 8.78 8.85 8.68 8.64 8.73 8.80 8.82 8.86 8.85 8.89 8.98 9.06 9.09 9.04 9.08 9.02 8.83 8.94 9.05 9.16 9.26 9.37 9.45 9.54 9.61 9.66 9.68 9.70 9.73 9.73 9.73 9.75 9.78 9.80 9.78 9.73 9.66 9.71 9.75 9.79 9.84 9.84 9.82 9.84 9.89 9.90 9.90 9.91 9.90 9.90 9.93 9.94 9.88 9.79 9.73 9.70 9.74 9.75 9.70 9.65 9.59 9.63 9.66 9.71 9.67 9.72 9.68 9.65 9.64 9.68 9.66 9.67 9.61 9.57
8.59 8.64 8.71 8.74 8.78 8.84 8.83 8.81 8.85 8.66 8.64 8.69 8.75 8.79 8.81 8.83 8.87 8.95 8.98 9.06 8.98 8.99 9.04 8.98 8.99 9.06 9.15 9.25 9.34 9.43 9.53 9.59 9.62 9.64 9.67 9.70 9.70 9.60 9.68 9.74 9.77 9.76 9.72 9.71 9.75 9.80 9.83 9.84 9.86 9.86 9.88 9.91 9.90 9.91 9.92 9.93 9.93 9.95 9.96 9.88 9.79 9.75 9.74 9.75 9.77 9.65 9.63 9.63 9.66 9.63 9.67 9.70 9.74 9.78 9.68 9.71 9.72 9.75 9.74 9.65 9.61
8.66 8.63 8.62 8.64 8.64 8.72 8.79 8.80 8.74 8.60 8.59 8.63 8.72 8.73 8.75 8.79 8.85 8.84 8.90 8.97 9.06 9.08 9.08 9.01 8.98 9.04 9.13 9.23 9.34 9.42 9.53 9.57 9.59 9.61 9.65 9.68 9.70 9.36 9.65 9.70 9.73 9.75 9.72 9.75 9.80 9.85 9.86 9.85 9.88 9.89 9.91 9.89 9.89 9.91 9.93 9.96 9.95 9.97 9.98 9.89 9.79 9.77 9.77 9.76 9.77 9.76 9.67 9.65 9.67 9.68 9.67 9.68 9.72 9.82 9.78 9.81 9.80 9.80 9.75 9.74 9.73
8.57 8.61 8.59 8.58 8.58 8.67 8.75 8.73 8.57 8.47 8.45 8.49 8.68 8.64 8.68 8.74 8.80 8.78 8.81 8.89 8.99 9.06 8.92 9.02 8.98 9.00 9.11 9.23 9.33 9.41 9.50 9.55 9.57 9.60 9.63 9.66 9.65 9.53 9.55 9.60 9.64 9.71 9.65 9.74 9.82 9.86 9.88 9.91 9.92 9.94 9.95 9.93 9.93 9.94 9.95 9.97 9.98 9.99 9.98 9.91 9.85 9.81 9.80 9.77 9.80 9.80 9.70 9.67 9.70 9.73 9.75 9.76 9.78 9.86 9.85 9.82 9.82 9.81 9.82 9.83 9.82
8.46 8.56 8.58 8.60 8.62 8.66 8.70 8.59 8.43 8.34 8.36 8.35 8.63 8.51 8.65 8.73 8.71 8.68 8.73 8.83 8.93 9.02 9.06 9.06 8.99 9.00 9.11 9.21 9.30 9.38 9.47 9.53 9.56 9.59 9.61 9.63 9.65 9.60 9.51 9.54 9.61 9.69 9.62 9.77 9.82 9.86 9.91 9.95 9.97 9.99 10.00 9.99 9.98 9.96 9.98 9.99 10.00 10.02 10.02 9.96 9.89 9.86 9.86 9.85 9.85 9.82 9.77 9.73 9.74 9.78 9.84 9.84 9.86 9.90 9.87 9.81 9.79 9.77 9.83 9.84 9.83
8.52 8.56 8.61 8.63 8.65 8.66 8.64 8.57 8.45 8.41 8.44 8.56 8.60 8.61 8.63 8.64 8.61 8.60 8.70 8.84 8.93 8.93 8.99 9.03 9.01 9.02 9.09 9.18 9.27 9.36 9.46 9.52 9.55 9.57 9.60 9.62 9.64 9.63 9.58 9.57 9.59 9.55 9.56 9.70 9.78 9.86 9.91 9.96 10.01 10.03 10.04 10.03 10.02 9.99 9.99 10.01 10.02 10.05 10.07 10.00 9.92 9.90 9.89 9.90 9.90 9.87 9.83 9.81 9.80 9.84 9.89 9.90 9.91 9.93 9.89 9.82 9.79 9.80 9.80 9.81 9.82
8.46 8.55 8.57 8.58 8.60 8.60 8.58 8.56 8.51 8.46 8.46 8.51 8.54 8.53 8.50 8.48 8.51 8.52 8.69 8.86 8.91 8.86 8.95 9.00 9.02 9.00 9.03 9.12 9.26 9.36 9.48 9.49 9.52 9.56 9.58 9.59 9.61 9.63 9.64 9.62 9.59 9.53 9.56 9.68 9.71 9.84 9.90 9.94 10.02 10.05 10.07 10.08 10.07 10.04 10.03 10.05 10.04 10.09 10.12 10.03 9.94 9.95 9.99 9.96 9.97 9.95 9.90 9.87 9.85 9.86 9.90 9.94 9.96 9.96 9.93 9.91 9.84 9.84 9.82 9.85 9.79
8.46 8.51 8.54 8.53 8.54 8.53 8.50 8.49 8.49 8.46 8.45 8.48 8.43 8.36 8.43 8.45 8.52 8.60 8.73 8.82 8.88 8.88 8.90 8.93 8.97 8.96 8.98 9.01 9.14 9.27 9.37 9.44 9.49 9.54 9.56 9.56 9.57 9.61 9.64 9.62 9.57 9.48 9.52 9.65 9.69 9.77 9.89 9.97 10.03 10.08 10.11 10.12 10.12 10.12 10.11 10.11 10.12 10.15 10.16 10.06 9.97 10.01 10.05 10.04 10.02 10.00 9.97 9.93 9.89 9.89 9.91 9.97 10.00 9.99 9.97 9.96 9.89 9.86 9.84 9.87 9.83
8.43 8.47 8.49 8.47 8.45 8.47 8.44 8.43 8.41 8.39 8.37 8.39 8.46 8.43 8.48 8.55 8.59 8.68 8.76 8.77 8.84 8.86 8.83 8.85 8.86 8.90 8.95 8.95 9.05 9.19 9.28 9.39 9.49 9.52 9.55 9.56 9.56 9.60 9.64 9.64 9.59 9.51 9.60 9.70 9.77 9.85 9.93 10.00 10.05 10.08 10.13 10.18 10.19 10.21 10.22 10.21 10.17 10.20 10.17 10.10 10.03 10.06 10.04 10.03 10.02 10.03 10.02 9.97 9.93 9.90 9.91 9.95 10.02 10.03 9.99 9.96 9.95 9.93 9.85 9.84 9.87
8.42 8.35 8.41 8.40 8.37 8.37 8.38 8.37 8.34 8.32 8.35 8.43 8.49 8.51 8.54 8.58 8.61 8.68 8.71 8.71 8.77 8.86 8.82 8.84 8.84 8.87 8.90 8.97 9.10 9.19 9.30 9.39 9.47 9.51 9.54 9.55 9.57 9.60 9.64 9.65 9.63 9.58 9.65 9.72 9.82 9.89 9.97 10.02 10.06 10.10 10.14 10.19 10.23 10.26 10.30 10.30 10.26 10.25 10.16 10.17 10.16 10.15 10.07 10.03 10.04 10.05 10.04 10.00 9.98 9.94 9.96 9.97 10.05 10.07 10.02 9.93 9.96 9.95 9.84 9.92 9.98
8.29 8.06 8.28 8.32 8.28 8.23 8.22 8.24 8.30 8.25 8.26 8.44 8.45 8.43 8.48 8.56 8.62 8.63 8.65 8.63 8.69 8.84 8.86 8.88 8.90 8.88 8.85 8.97 9.09 9.19 9.30 9.40 9.46 9.51 9.52 9.54 9.57 9.60 9.64 9.64 9.59 9.55 9.64 9.71 9.81 9.89 9.98 10.04 10.08 10.12 10.16 10.21 10.25 10.27 10.26 10.33 10.31 10.27 10.24 10.23 10.22 10.14 10.06 10.02 10.04 10.08 10.08 10.05 10.04 9.96 10.01 10.04 10.10 10.13 10.09 10.04 10.03 10.02 9.98 10.03 10.07
8.26 8.18 8.23 8.20 8.11 8.02 8.06 7.99 8.14 8.17 8.19 8.36 8.27 8.31 8.40 8.54 8.56 8.50 8.56 8.50 8.59 8.80 8.80 8.77 8.85 8.90 8.88 8.97 9.02 9.16 9.29 9.40 9.47 9.49 9.51 9.54 9.57 9.60 9.63 9.64 9.60 9.60 9.68 9.76 9.83 9.92 9.99 10.04 10.09 10.14 10.19 10.23 10.28 10.32 10.34 10.35 10.32 10.30 10.27 10.26 10.25 10.18 10.11 10.07 10.07 10.11 10.11 10.08 10.04 10.01 10.05 10.09 10.14 10.18 10.16 10.14 10.14 10.13 10.13 10.14 10.16
8.12 8.12 8.06 8.06 7.96 7.92 8.05 8.02 8.11 8.09 8.11 8.32 8.45 8.34 8.37 8.55 8.43 8.40 8.50 8.58 8.68 8.79 8.76 8.70 8.80 8.88 8.82 8.88 9.00 9.13 9.26 9.37 9.46 9.46 9.50 9.53 9.56 9.59 9.61 9.63 9.65 9.68 9.73 9.80 9.87 9.95 10.01 10.05 10.10 10.16 10.21 10.26 10.31 10.35 10.35 10.35 10.34 10.34 10.32 10.31 10.29 10.24 10.16 10.11 10.08 10.10 10.11 10.09 10.05 10.05 10.09 10.14 10.19 10.23 10.23 10.23 10.23 10.23 10.24 10.23 10.22
7.88 7.99 7.92 8.00 8.01 8.01 8.09 8.09 8.13 8.16 8.10 8.21 8.39 8.47 8.51 8.53 8.35 8.37 8.47 8.62 8.68 8.77 8.73 8.69 8.78 8.85 8.76 8.71 8.99 9.14 9.24 9.34 9.43 9.45 9.47 9.48 9.49 9.52 9.59 9.65 9.69 9.73 9.77 9.84 9.90 9.97 10.03 10.08 10.13 10.19 10.23 10.28 10.32 10.35 10.35 10.35 10.35 10.36 10.33 10.32 10.30 10.26 10.21 10.15 10.10 10.08 10.07 10.08 10.09 10.11 10.16 10.21 10.25 10.27 10.28 10.26 10.24 10.22 10.27 10.25 10.22
7.90 7.79 7.99 8.03 8.04 8.05 8.07 8.13 8.21 8.23 8.16 8.14 8.36 8.45 8.25 8.42 8.35 8.40 8.48 8.59 8.67 8.74 8.75 8.64 8.80 8.82 8.74 8.76 9.01 9.11 9.20 9.30 9.39 9.43 9.44 9.45 9.43 9.48 9.57 9.60 9.73 9.77 9.81 9.87 9.94 9.99 10.06 10.11 10.16 10.21 10.26 10.31 10.33 10.34 10.35 10.35 10.36 10.37 10.36 10.34 10.30 10.28 10.25 10.19 10.14 10.10 10.07 10.08 10.14 10.18 10.23 10.28 10.33 10.34 10.30 10.24 10.25 10.25 10.30 10.25 10.21
7.90 7.83 7.95 8.02 8.05 8.06 8.09 8.12 8.22 8.25 8.19 8.05 8.31 8.34 8.19 8.03 8.24 8.41 8.48 8.53 8.66 8.73 8.71 8.65 8.77 8.77 8.69 8.66 8.97 9.06 9.16 9.25 9.34 9.39 9.42 9.47 9.51 9.55 9.59 9.66 9.71 9.75 9.79 9.84 9.93 10.02 10.10 10.15 10.19 10.23 10.28 10.30 10.32 10.33 10.34 10.36 10.36 10.37 10.37 10.38 10.36 10.32 10.30 10.26 10.21 10.16 10.13 10.14 10.17 10.22 10.27 10.34 10.38 10.40 10.37 10.32 10.33 10.33 10.35 10.30 10.25
7.87 7.89 7.95 8.01 8.03 8.07 8.11 8.16 8.16 8.27 8.27 8.31 8.19 8.23 8.23 8.24 8.33 8.47 8.56 8.61 8.63 8.69 8.68 8.65 8.76 8.72 8.66 8.70 8.92 9.01 9.11 9.21 9.28 9.34 9.37 9.43 9.47 9.53 9.60 9.66 9.70 9.74 9.76 9.81 9.93 10.06 10.12 10.18 10.20 10.23 10.27 10.29 10.31 10.32 10.33 10.35 10.34 10.38 10.38 10.40 10.40 10.38 10.35 10.31 10.28 10.24 10.20 10.20 10.21 10.24 10.32 10.37 10.43 10.47 10.47 10.47 10.42 10.37 10.37 10.36 10.33
7.89 7.94 7.97 8.00 8.02 8.03 8.04 8.11 8.15 8.23 8.29 8.32 8.25 8.12 8.22 8.32 8.38 8.46 8.49 8.58 8.60 8.67 8.65 8.60 8.68 8.67 8.64 8.76 8.89 8.99 9.09 9.18 9.26 9.30 9.31 9.32 9.33 9.40 9.54 9.63 9.69 9.74 9.77 9.81 9.92 10.03 10.09 10.12 10.16 10.21 10.24 10.28 10.29 10.32 10.34 10.35 10.37 10.40 10.41 10.42 10.43 10.41 10.38 10.35 10.33 10.28 10.25 10.23 10.27 10.31 10.36 10.40 10.46 10.52 10.55 10.55 10.52 10.48 10.45 10.43 10.43
7.91 7.95 7.97 7.99 7.99 7.93 7.90 8.07 8.11 8.18 8.24 8.23 8.30 8.30 8.18 8.34 8.37 8.45 8.52 8.55 8.58 8.67 8.66 8.58 8.73 8.66 8.51 8.60 8.77 8.92 9.04 9.15 9.23 9.27 9.26 9.21 9.10 9.17 9.41 9.57 9.65 9.72 9.75 9.78 9.88 9.98 10.02 10.04 10.08 10.17 10.23 10.26 10.28 10.31 10.33 10.36 10.39 10.42 10.43 10.45 10.47 10.44 10.41 10.37 10.35 10.33 10.29 10.26 10.31 10.39 10.41 10.43 10.50 10.57 10.62 10.64 10.63 10.59 10.56 10.54 10.54
7.87 7.97 7.99 7.98 7.96 7.91 7.93 8.03 8.06 8.13 8.18 8.20 8.23 8.22 8.13 8.26 8.30 8.47 8.51 8.51 8.57 8.63 8.69 8.67 8.74 8.71 8.62 8.56 8.68 8.86 9.00 9.10 9.19 9.24 9.24 9.20 9.15 9.21 9.36 9.51 9.60 9.66 9.72 9.77 9.85 9.92 9.97 10.01 10.06 10.15 10.21 10.25 10.28 10.30 10.33 10.37 10.41 10.44 10.46 10.49 10.49 10.47 10.43 10.40 10.37 10.38 10.37 10.36 10.38 10.44 10.48 10.52 10.59 10.65 10.69 10.71 10.72 10.70 10.68 10.67 10.67
7.95 7.97 7.93 7.94 7.91 7.83 7.94 8.02 8.03 8.09 8.03 8.11 8.15 8.20 8.22 8.31 8.40 8.46 8.42 8.47 8.53 8.52 8.69 8.73 8.72 8.72 8.72 8.62 8.73 8.84 8.96 9.05 9.15 9.22 9.24 9.23 9.24 9.29 9.38 9.47 9.55 9.59 9.69 9.78 9.84 9.90 9.97 10.05 10.10 10.15 10.21 10.25 10.28 10.30 10.35 10.39 10.42 10.46 10.49 10.52 10.53 10.52 10.48 10.44 10.40 10.42 10.45 10.45 10.46 10.50 10.56 10.62 10.69 10.74 10.78 10.79 10.80 10.79 10.79 10.78 10.77
7.83 7.98 7.97 7.95 7.94 7.91 7.94 7.97 8.01 8.07 7.89 7.89 8.06 8.17 8.24 8.33 8.40 8.38 8.41 8.47 8.53 8.60 8.68 8.71 8.71 8.71 8.65 8.59 8.71 8.82 8.90 8.99 9.08 9.18 9.26 9.27 9.27 9.33 9.41 9.49 9.56 9.62 9.69 9.76 9.84 9.92 9.98 10.05 10.10 10.15 10.21 10.25 10.28 10.31 10.35 10.40 10.45 10.48 10.51 10.55 10.59 10.59 10.58 10.54 10.51 10.51 10.51 10.53 10.54 10.60 10.66 10.74 10.80 10.84 10.87 10.87 10.84 10.81 10.80 10.81 10.83
7.97 7.86 7.96 7.91 7.93 7.91 7.94 7.97 7.95 8.03 8.04 8.06 8.09 8.14 8.18 8.30 8.29 8.34 8.42 8.49 8.55 8.60 8.66 8.69 8.72 8.73 8.76 8.75 8.76 8.81 8.84 8.93 9.02 9.13 9.23 9.27 9.27 9.31 9.40 9.48 9.57 9.65 9.70 9.77 9.85 9.94 10.00 10.02 10.05 10.13 10.23 10.26 10.27 10.32 10.36 10.42 10.46 10.49 10.52 10.57 10.62 10.67 10.68 10.65 10.63 10.62 10.59 10.60 10.65 10.71 10.78 10.85 10.90 10.93 10.94 10.94 10.92 10.81 10.82 10.82 10.85
