main/data/pressure/12.09.2023.grid
ncols 886
nrows 691
xllcenter 112.0000
yllcenter -44.5000
cellsize 0.0500
nodata_value 99999.90
[rows 504 to 539 of 691, columns 664 to 746 of 886]
11.45 11.47 11.50 11.54 11.55 11.59 11.62 11.64 11.66 11.67 11.68 11.68 11.66 11.66 11.64 11.63 11.62 11.62 11.59 11.57 11.55 11.53 11.52 11.48 11.45 11.45 11.44 11.38 11.31 11.22 11.25 11.26 11.16 11.07 11.16 11.19 11.19 11.11 10.92 10.81 10.99 10.99 10.43 10.44 10.42 10.48 10.78 10.45 10.25 10.49 10.57 10.54 10.13 10.25 10.24 9.43 9.37 10.09 9.28 9.71 9.88 8.54 8.61 8.43 7.93 7.52 7.54 7.46 7.59 8.17 8.80 7.04 7.47 7.89 8.08 8.72 8.31 8.18 8.11 8.04 7.91 8.08 7.98
11.54 11.57 11.61 11.64 11.67 11.71 11.73 11.76 11.78 11.80 11.80 11.79 11.79 11.78 11.78 11.76 11.74 11.72 11.71 11.68 11.65 11.61 11.61 11.57 11.51 11.51 11.49 11.46 11.43 11.40 11.37 11.31 11.18 11.17 11.25 11.24 11.19 10.98 11.08 11.01 10.91 10.77 10.59 10.54 10.06 10.42 10.74 10.14 10.47 10.35 10.05 10.53 9.99 10.09 10.17 9.92 9.17 10.06 9.29 8.82 9.79 9.56 9.12 8.45 8.14 7.84 7.01 7.22 7.44 7.28 7.79 7.07 6.62 7.35 8.07 8.61 8.20 8.04 8.01 8.23 8.08 7.98 7.97
11.65 11.69 11.73 11.77 11.81 11.83 11.87 11.89 11.91 11.92 11.93 11.93 11.92 11.92 11.90 11.88 11.88 11.86 11.81 11.79 11.76 11.74 11.70 11.68 11.65 11.64 11.59 11.54 11.49 11.39 11.34 11.31 11.15 11.21 11.20 11.24 11.03 10.61 11.08 10.84 10.95 10.37 10.62 10.64 10.11 10.28 10.70 10.61 10.49 10.50 10.52 10.48 9.84 9.31 9.66 9.96 9.80 10.04 9.55 8.61 9.81 9.76 9.66 7.97 8.33 7.83 7.21 7.17 6.72 6.54 7.25 8.32 6.51 7.16 7.98 7.55 7.81 8.31 8.28 8.31 8.34 8.06 7.87
11.76 11.80 11.84 11.89 11.93 11.97 11.99 12.02 12.04 12.06 12.07 12.07 12.05 12.07 12.04 12.02 11.99 11.98 11.93 11.93 11.87 11.85 11.81 11.79 11.75 11.70 11.65 11.62 11.56 11.47 11.48 11.41 11.32 11.24 11.25 11.28 11.26 11.08 11.11 10.24 10.68 10.90 10.38 10.63 10.36 10.45 10.41 10.58 10.37 10.43 10.21 10.41 10.24 9.71 9.31 9.97 9.22 9.47 9.55 9.84 8.39 9.73 9.17 8.83 8.31 7.94 6.83 7.39 6.76 6.86 7.47 8.11 6.62 7.42 7.85 8.12 8.06 8.12 8.11 8.18 8.31 8.28 7.87
11.88 11.92 11.96 12.01 12.06 12.10 12.13 12.16 12.17 12.19 12.20 12.20 12.20 12.17 12.15 12.13 12.11 12.08 12.05 12.02 11.99 11.95 11.90 11.85 11.82 11.77 11.67 11.54 11.59 11.60 11.53 11.38 11.25 11.25 11.33 11.28 11.21 11.12 11.01 10.65 10.65 10.83 10.67 10.50 10.22 10.12 10.30 10.48 10.23 10.12 9.91 10.26 9.70 9.85 8.90 9.31 8.91 8.98 9.40 9.78 9.05 9.69 9.00 7.10 8.22 8.27 6.99 7.24 5.99 6.24 6.07 8.00 6.34 7.26 6.09 8.06 7.83 8.25 8.02 8.12 7.70 8.05 7.55
12.00 12.04 12.09 12.13 12.18 12.22 12.25 12.29 12.31 12.33 12.34 12.33 12.32 12.30 12.28 12.25 12.22 12.19 12.16 12.12 12.08 12.03 11.99 11.95 11.90 11.86 11.72 11.59 11.55 11.65 11.61 11.41 11.34 11.23 11.24 11.20 11.25 11.09 10.75 10.76 10.58 10.82 10.67 10.66 10.12 10.10 10.32 10.38 10.36 10.21 10.09 10.36 10.16 10.19 8.95 9.16 8.69 8.58 8.31 8.88 9.54 9.64 8.48 6.69 6.56 8.24 6.93 6.85 6.25 6.66 7.08 7.37 6.53 5.48 6.97 7.72 7.56 8.18 7.61 7.18 7.68 7.95 7.50
12.12 12.16 12.21 12.25 12.29 12.34 12.40 12.42 12.44 12.45 12.46 12.45 12.44 12.42 12.39 12.36 12.32 12.29 12.25 12.21 12.09 12.10 12.07 12.02 11.96 11.92 11.83 11.71 11.61 11.58 11.63 11.51 11.31 11.17 11.15 11.30 11.21 11.10 10.82 10.64 10.79 10.83 10.47 10.33 9.96 9.89 9.96 10.38 9.39 9.61 9.94 10.21 9.82 9.85 9.66 9.17 8.36 8.40 8.31 7.88 9.14 9.59 7.31 6.73 6.75 7.07 6.74 6.71 6.41 6.76 7.08 6.48 6.30 6.98 6.97 7.02 6.94 8.06 7.69 7.62 6.64 7.95 7.52
12.23 12.28 12.32 12.36 12.40 12.46 12.50 12.54 12.56 12.58 12.57 12.56 12.54 12.51 12.49 12.45 12.41 12.38 12.31 12.23 12.20 12.20 12.15 12.09 11.99 11.99 11.92 11.84 11.78 11.73 11.43 11.45 11.48 11.32 11.21 11.25 11.21 11.14 11.05 10.41 10.51 10.75 10.62 10.44 9.78 9.78 10.36 10.33 9.79 9.42 9.85 10.07 10.08 9.29 9.66 8.64 8.60 8.24 7.95 8.06 7.64 9.22 9.44 7.03 6.91 6.35 6.75 6.29 5.85 6.05 5.82 6.27 6.04 6.84 6.70 6.15 6.97 6.10 7.91 7.16 7.43 7.77 7.88
12.34 12.39 12.43 12.47 12.51 12.57 12.62 12.64 12.68 12.69 12.68 12.66 12.63 12.60 12.57 12.52 12.49 12.45 12.38 12.27 12.24 12.26 12.22 12.15 12.00 12.02 11.97 11.89 11.84 11.73 11.34 11.29 11.46 11.38 11.32 11.31 11.27 11.07 10.95 10.70 10.68 10.78 10.67 10.36 10.06 10.26 10.61 10.33 9.90 9.42 9.65 9.86 9.58 9.12 8.77 9.38 8.56 8.40 7.75 7.68 7.25 8.58 9.33 7.30 7.13 6.44 6.54 6.38 6.09 6.21 6.11 6.15 6.54 6.77 6.73 6.26 7.20 7.97 7.88 7.84 7.00 7.12 7.13
12.45 12.48 12.53 12.58 12.62 12.66 12.71 12.75 12.78 12.79 12.77 12.74 12.71 12.67 12.63 12.59 12.55 12.51 12.46 12.42 12.36 12.31 12.27 12.12 11.99 12.06 12.00 11.93 11.86 11.79 11.66 11.56 11.53 11.46 11.43 11.37 11.33 11.20 10.98 10.98 10.82 10.93 10.91 10.84 10.63 10.69 10.52 10.14 9.56 9.26 9.83 9.78 9.40 9.34 9.18 9.14 8.18 8.17 7.72 7.01 6.97 7.70 9.25 7.42 6.90 7.25 6.84 6.24 5.88 6.28 5.89 6.55 4.79 5.85 5.79 6.67 7.25 7.66 7.30 7.46 7.12 6.57 7.23
12.54 12.58 12.62 12.65 12.70 12.74 12.78 12.83 12.87 12.85 12.83 12.79 12.75 12.69 12.69 12.66 12.56 12.55 12.51 12.46 12.40 12.36 12.27 12.08 11.83 11.99 12.01 11.92 11.86 11.81 11.72 11.66 11.59 11.52 11.47 11.39 11.31 11.10 11.10 11.01 11.05 10.98 10.88 10.76 10.65 10.67 10.45 10.07 9.62 9.43 9.80 9.55 9.22 9.34 9.32 8.95 8.13 8.70 7.17 7.55 6.88 7.19 8.13 7.28 6.99 6.92 6.59 6.40 5.66 6.46 6.40 5.88 4.99 5.85 5.12 6.07 7.13 6.66 6.49 7.94 7.52 6.58 6.41
12.62 12.65 12.68 12.72 12.76 12.80 12.83 12.84 12.89 12.87 12.86 12.79 12.69 12.71 12.71 12.63 12.60 12.57 12.54 12.48 12.43 12.38 12.33 12.21 12.08 12.09 12.05 11.98 11.41 11.77 11.72 11.64 11.53 11.42 11.45 11.33 11.28 10.87 10.74 10.89 10.56 10.76 10.84 10.60 10.32 10.49 10.46 9.99 9.66 9.58 10.17 9.53 9.10 9.38 9.37 9.33 8.69 8.14 7.94 7.34 7.17 7.21 7.98 8.89 8.32 7.64 6.75 6.51 6.02 6.64 6.17 5.59 6.11 5.12 5.87 6.56 7.09 6.48 7.88 7.47 7.73 7.11 6.74
12.68 12.72 12.74 12.76 12.80 12.83 12.85 12.87 12.88 12.86 12.85 12.73 12.55 12.70 12.74 12.57 12.54 12.58 12.55 12.49 12.42 12.39 12.33 12.26 12.19 12.13 12.07 11.87 11.84 11.78 11.70 11.56 11.47 11.38 11.17 11.19 11.21 10.45 10.40 10.83 10.62 10.04 10.68 10.35 9.96 9.75 9.79 9.78 9.83 9.28 10.21 9.20 8.88 9.31 8.93 9.21 9.27 7.63 7.54 7.74 7.51 7.22 7.15 8.83 8.38 6.89 6.05 6.20 6.19 6.48 6.73 6.82 6.48 6.70 6.24 6.57 6.07 6.86 7.55 7.43 7.44 7.18 6.82
12.75 12.77 12.79 12.81 12.83 12.85 12.87 12.87 12.88 12.89 12.88 12.78 12.70 12.73 12.64 12.73 12.66 12.62 12.56 12.51 12.45 12.40 12.33 12.27 12.20 12.14 12.05 11.93 11.90 11.78 11.59 11.40 11.34 11.30 10.88 11.16 11.20 10.45 10.81 10.69 10.68 10.58 10.06 9.87 9.22 9.31 9.30 8.97 8.73 10.05 10.27 9.21 8.95 9.06 8.91 9.38 9.55 9.32 8.38 8.43 8.36 7.67 6.68 7.95 6.72 6.19 6.38 5.89 5.96 5.57 6.18 5.82 6.94 5.74 6.68 6.75 6.78 6.79 6.54 7.88 7.27 7.46 7.18
12.79 12.80 12.83 12.84 12.86 12.87 12.88 12.89 12.88 12.88 12.87 12.78 12.80 12.76 12.36 12.64 12.68 12.61 12.56 12.50 12.45 12.39 12.33 12.22 12.17 12.12 12.07 11.97 11.68 11.47 11.38 11.22 11.28 11.22 11.19 11.31 11.29 10.67 10.49 10.94 10.45 9.85 9.52 9.71 9.91 10.16 9.53 9.16 9.00 10.35 10.15 9.52 8.71 8.66 8.41 7.90 9.70 9.84 8.92 9.27 8.23 7.20 7.30 6.58 6.54 5.90 6.41 6.39 6.24 6.44 6.43 6.43 6.99 6.07 5.83 6.84 6.70 7.24 7.77 7.60 7.22 7.53 7.05
12.82 12.84 12.85 12.87 12.87 12.88 12.88 12.88 12.88 12.87 12.87 12.76 12.82 12.77 12.75 12.69 12.66 12.60 12.55 12.49 12.43 12.36 12.31 12.06 12.14 12.09 12.04 11.95 11.47 11.80 11.48 11.05 11.37 11.02 11.15 10.87 11.21 11.27 11.18 10.82 10.29 10.17 9.18 10.12 10.84 10.78 10.74 10.61 9.09 10.54 10.43 10.38 9.99 9.38 9.74 8.78 9.77 9.88 9.64 7.78 8.23 8.68 7.39 6.85 6.82 6.28 5.76 6.59 6.70 6.24 6.89 6.97 7.03 6.96 6.95 7.06 6.60 6.34 7.64 7.98 7.68 7.82 7.35
12.85 12.86 12.87 12.87 12.87 12.84 12.87 12.87 12.87 12.86 12.84 12.82 12.79 12.76 12.71 12.68 12.62 12.57 12.52 12.45 12.40 12.35 12.28 12.21 12.16 12.05 11.97 11.89 11.85 11.79 11.72 11.40 11.51 10.71 10.67 10.69 11.17 11.03 11.17 10.85 10.74 10.85 9.58 10.87 10.63 10.36 9.04 10.65 10.26 9.30 10.25 9.75 9.54 9.50 10.06 9.97 9.64 9.41 9.69 9.34 9.06 7.64 7.57 6.06 5.80 6.56 5.91 6.03 6.28 6.90 6.49 7.05 7.11 7.19 7.25 7.18 6.84 6.65 7.64 7.72 7.90 7.78 7.65
12.87 12.88 12.88 12.87 12.85 12.84 12.86 12.86 12.85 12.85 12.82 12.80 12.76 12.73 12.67 12.62 12.58 12.51 12.46 12.43 12.37 12.32 12.24 12.17 12.07 11.92 11.89 11.82 11.72 11.69 11.59 11.63 11.50 11.05 11.24 11.32 11.26 10.71 10.99 10.98 11.04 10.98 10.91 10.86 10.11 8.55 9.55 10.25 9.49 9.66 9.70 9.66 9.54 9.35 10.09 10.04 9.96 9.90 8.95 8.77 7.75 6.86 7.20 5.95 5.80 5.51 6.20 5.73 6.45 6.98 6.97 6.82 6.78 6.85 7.21 7.25 6.92 7.00 7.68 7.81 7.66 7.56 7.60
12.89 12.89 12.89 12.87 12.85 12.84 12.85 12.85 12.84 12.82 12.80 12.77 12.73 12.68 12.61 12.50 12.49 12.45 12.35 12.33 12.32 12.24 12.18 12.08 11.99 11.88 11.79 11.69 11.44 11.55 11.51 10.65 11.27 11.44 11.40 11.35 11.21 11.06 10.01 10.51 10.51 9.61 10.22 9.86 9.81 9.95 9.08 9.36 9.40 9.41 7.52 9.53 9.45 10.04 8.49 9.52 9.80 8.65 8.47 8.17 6.80 6.49 6.54 5.61 5.86 5.98 6.04 5.56 6.95 6.84 6.50 6.94 6.83 6.73 6.92 7.00 7.49 7.25 7.73 8.02 7.84 7.60 7.45
12.89 12.89 12.88 12.87 12.86 12.84 12.83 12.83 12.81 12.79 12.76 12.73 12.69 12.64 12.58 12.52 12.46 12.38 12.20 12.23 12.25 12.19 12.11 12.03 11.93 11.82 11.68 11.62 11.53 11.45 11.14 10.38 11.05 11.18 10.64 11.27 11.07 11.11 10.41 10.14 10.05 10.25 9.58 10.25 9.88 9.62 9.46 9.14 9.26 9.61 8.57 9.09 9.97 8.09 9.33 9.89 9.89 9.74 8.46 8.59 7.18 5.96 6.35 5.95 4.71 5.77 6.06 6.20 6.26 6.73 6.60 6.88 6.55 6.68 6.68 6.86 7.60 7.63 7.90 7.83 8.07 8.13 8.17
12.88 12.88 12.89 12.87 12.86 12.84 12.83 12.81 12.78 12.75 12.72 12.63 12.59 12.59 12.52 12.47 12.36 12.19 12.08 12.15 12.14 12.11 12.03 11.97 11.86 11.71 11.29 11.25 11.33 11.17 10.83 10.66 10.56 10.62 11.12 10.62 11.11 10.70 10.79 10.46 10.57 10.76 10.69 9.42 9.37 9.31 9.11 8.86 9.21 9.80 9.88 9.89 9.86 9.82 9.75 9.06 9.06 9.75 9.63 8.90 7.28 6.02 6.21 6.08 5.08 5.24 5.79 6.69 6.08 6.67 6.45 6.73 6.77 6.62 6.89 7.46 7.55 7.75 7.80 7.95 7.96 7.70 7.63
12.88 12.88 12.87 12.86 12.84 12.82 12.80 12.78 12.75 12.72 12.68 12.63 12.57 12.52 12.46 12.36 12.21 11.87 11.80 11.76 11.59 12.02 11.95 11.88 11.80 11.28 11.20 10.78 10.87 10.92 10.48 10.38 10.55 9.57 10.93 10.96 10.96 10.47 10.51 9.72 9.56 10.70 9.14 10.51 9.63 9.16 8.50 8.94 9.29 9.72 9.73 8.85 9.41 9.72 9.15 9.46 9.50 8.78 9.45 8.51 8.20 6.88 5.39 6.34 5.31 4.96 5.74 6.76 6.74 6.76 6.64 6.95 7.17 7.02 7.14 7.03 7.68 7.64 7.77 7.75 7.87 7.64 7.89
12.86 12.86 12.86 12.84 12.82 12.80 12.77 12.74 12.71 12.67 12.61 12.57 12.51 12.44 12.37 12.31 12.25 12.10 12.01 11.60 11.51 11.94 11.89 11.80 11.71 11.44 11.42 11.21 11.09 10.96 10.78 10.60 10.48 10.51 10.80 10.28 9.58 10.85 10.56 9.18 10.03 10.62 9.50 9.42 10.26 9.32 8.26 9.05 9.53 8.63 9.30 8.18 9.50 9.59 9.40 9.26 9.10 9.47 9.45 9.03 7.35 6.23 6.80 5.52 4.72 5.69 6.90 5.76 5.96 7.16 6.87 6.99 7.48 7.20 7.43 7.61 7.66 7.65 7.68 7.75 7.82 7.86 7.95
12.83 12.84 12.83 12.82 12.79 12.76 12.73 12.69 12.67 12.60 11.99 12.45 12.43 12.36 12.27 12.13 12.00 12.00 11.86 11.47 11.09 11.86 11.80 11.75 11.64 11.56 11.34 11.11 10.79 10.33 9.99 9.94 10.24 10.47 10.57 9.86 10.64 10.75 10.04 8.95 9.09 10.54 9.76 10.26 9.38 9.91 8.76 8.95 9.00 8.21 8.86 8.72 9.46 8.89 8.55 8.92 7.93 9.55 8.42 9.16 8.29 7.12 6.20 4.75 6.12 5.99 5.95 6.55 7.60 7.36 6.90 7.21 7.61 7.83 7.82 7.69 7.53 7.69 7.08 7.57 7.84 7.81 7.86
12.81 12.80 12.79 12.74 12.75 12.71 12.67 12.64 12.58 12.46 12.47 12.41 12.35 12.27 12.19 12.03 11.84 11.73 11.39 11.37 11.04 11.60 11.71 11.64 11.57 11.48 11.40 11.14 10.76 10.02 10.03 9.36 9.55 10.41 10.29 8.23 9.75 10.64 9.33 8.71 9.92 10.43 9.96 8.71 8.87 9.19 9.76 9.51 8.45 7.96 8.19 8.10 8.66 8.92 8.36 8.05 9.06 9.38 7.40 8.66 8.70 6.43 4.55 5.68 5.69 6.03 7.18 7.15 7.59 7.52 7.07 7.32 7.49 7.64 7.92 7.84 7.67 7.48 7.70 7.62 7.79 7.75 7.74
12.76 12.76 12.74 12.71 12.68 12.65 12.61 12.56 12.50 12.43 12.39 12.31 12.26 12.18 12.09 11.99 11.76 11.74 11.79 11.59 11.16 11.51 11.60 11.56 11.48 11.40 11.23 11.21 10.74 10.84 10.59 9.42 8.58 10.33 9.85 10.21 10.43 10.53 9.32 8.60 10.33 10.30 9.68 9.90 9.33 9.64 9.14 9.28 7.34 7.45 7.62 7.75 7.44 8.12 7.79 7.78 7.01 8.30 8.99 7.66 6.83 4.31 5.19 5.86 6.83 7.05 7.08 6.74 7.50 7.78 7.38 7.82 7.76 7.94 8.01 7.86 7.77 7.68 7.83 7.30 7.73 7.55 7.65
12.69 12.69 12.67 12.64 12.61 12.58 12.53 12.47 12.41 12.21 12.24 12.18 12.04 12.00 11.97 11.89 11.81 11.75 11.62 11.53 11.56 11.54 11.52 11.42 11.29 11.14 11.00 10.71 11.06 10.50 10.46 10.43 10.48 10.34 9.55 7.98 9.56 10.34 9.41 8.81 9.43 9.43 9.79 10.09 9.51 9.62 8.56 7.42 8.85 8.00 7.44 7.66 8.04 8.02 7.59 6.98 6.07 6.74 8.93 8.50 6.24 4.60 6.10 5.20 5.45 6.06 6.88 7.39 7.00 7.54 6.90 7.81 8.09 8.15 7.70 8.01 8.14 8.08 8.05 7.70 7.83 7.68 7.59
12.56 12.60 12.59 12.55 12.54 12.49 12.44 12.35 12.32 12.22 12.17 12.07 11.96 11.91 11.81 11.77 11.69 11.63 11.49 10.99 11.31 11.37 11.34 11.18 11.31 10.65 10.75 10.36 10.81 10.63 10.77 10.62 10.01 9.76 9.85 8.96 9.96 9.97 9.80 8.63 9.73 8.91 8.05 9.63 9.82 9.68 9.79 9.21 9.61 8.72 8.19 7.55 7.40 8.27 8.06 7.90 5.66 8.24 8.30 8.51 6.56 5.71 6.52 5.43 5.63 6.01 7.05 6.82 7.09 7.40 7.33 7.67 8.01 8.05 8.28 8.11 7.91 7.70 7.81 7.74 7.93 7.65 7.68
12.53 12.52 12.50 12.47 12.43 12.39 12.29 12.20 12.23 12.17 12.08 11.99 11.90 11.81 11.66 11.62 11.62 11.47 11.14 11.08 11.03 11.15 11.17 11.25 11.22 10.79 10.94 10.51 10.42 9.92 10.60 10.55 10.45 10.14 9.84 9.13 9.94 8.77 10.04 8.70 8.72 8.31 8.25 9.22 9.23 9.45 9.03 8.61 9.58 8.65 7.66 7.50 7.40 7.05 7.17 6.69 7.69 7.37 8.45 8.17 8.39 6.68 5.60 6.67 6.42 6.55 6.82 7.23 7.65 7.55 7.40 7.36 7.96 7.60 7.72 8.36 8.15 7.67 7.93 8.22 7.78 7.95 7.83
12.39 12.42 12.41 12.37 12.32 12.28 12.23 12.16 12.12 12.03 11.93 11.60 11.69 11.62 11.51 11.46 11.51 11.46 11.31 11.16 11.06 10.96 10.79 10.89 11.04 11.00 10.82 10.57 10.26 10.44 10.52 9.81 9.93 10.23 9.74 7.76 8.81 8.79 9.58 9.49 8.28 7.65 7.83 8.36 8.64 9.06 8.14 8.54 9.47 8.79 7.59 7.15 8.40 7.36 7.29 6.48 6.44 7.28 7.18 6.32 8.23 6.93 6.26 7.20 7.71 6.43 7.36 7.80 8.75 7.88 7.87 7.51 7.93 8.27 7.64 8.53 7.96 7.86 8.41 8.36 7.90 8.04 7.96
12.33 12.31 12.30 12.26 12.23 12.16 12.02 12.06 11.99 11.90 11.44 11.41 11.45 11.35 11.08 11.31 11.42 11.34 11.16 10.89 10.74 10.53 10.68 10.57 10.57 10.86 10.42 9.13 9.92 10.32 9.69 7.90 7.62 9.36 9.98 9.48 9.41 8.61 8.62 9.69 8.48 7.16 6.26 7.16 7.77 8.81 8.38 8.03 9.26 8.45 6.93 9.01 8.74 8.37 8.17 7.63 6.68 7.21 5.77 7.30 7.42 6.96 6.64 6.88 8.74 7.94 8.24 7.87 7.89 7.83 8.81 8.37 7.82 8.28 7.50 8.69 8.15 8.48 8.19 8.10 8.39 8.26 7.97
12.21 12.19 12.15 12.14 12.09 11.96 11.58 11.93 11.83 11.11 10.93 10.94 10.71 10.91 10.45 11.31 11.31 11.07 11.05 10.38 10.30 10.30 10.36 10.13 10.76 10.57 10.25 9.84 9.12 10.27 9.60 6.99 7.36 9.38 9.67 9.65 9.62 8.83 7.92 9.28 9.21 6.62 5.08 7.13 7.72 7.68 8.14 6.99 8.93 9.25 9.15 8.28 6.65 6.18 7.81 7.10 6.84 6.97 7.59 7.04 5.56 6.55 6.96 8.08 8.58 9.69 9.66 9.04 7.63 8.70 9.29 9.04 8.29 8.46 8.85 8.88 7.86 8.26 8.34 8.39 8.40 8.27 8.27
12.07 12.00 11.99 11.96 11.90 11.88 11.65 10.94 11.72 11.00 10.70 10.71 10.56 10.55 10.42 10.96 11.06 10.56 10.50 10.21 9.59 9.74 9.90 9.29 10.25 10.44 9.95 9.42 9.67 10.17 9.52 8.81 7.99 9.66 9.24 8.89 8.63 9.36 7.99 8.27 8.62 7.82 7.09 6.33 7.93 7.36 7.25 7.46 8.34 8.85 9.04 7.97 7.04 7.93 7.74 6.85 6.08 7.23 7.85 7.01 6.97 7.30 7.73 8.57 9.77 8.03 8.27 8.43 7.92 8.74 8.97 9.12 9.21 9.16 9.00 8.50 7.88 8.42 8.60 8.25 8.48 8.51 8.70
11.94 11.91 11.89 11.81 11.49 11.47 11.58 10.63 11.46 11.03 10.66 10.65 10.21 10.18 10.31 9.78 10.95 9.57 9.63 10.23 9.51 9.29 9.44 9.30 10.31 9.79 9.64 9.88 9.71 9.78 9.68 9.02 8.02 9.51 8.36 8.52 9.10 8.54 7.49 6.65 7.49 7.39 5.83 5.28 7.19 8.21 7.78 7.32 8.29 9.04 8.77 7.94 8.17 7.52 7.53 7.10 6.55 7.76 6.89 5.72 7.25 7.57 8.43 7.60 9.88 9.09 7.96 7.12 8.05 7.95 7.58 8.52 8.74 8.94 9.16 9.12 8.28 8.64 8.73 8.74 8.74 8.76 8.51
11.80 11.69 11.39 11.43 11.05 11.17 10.89 10.73 11.30 11.05 10.66 10.55 10.33 10.07 9.69 9.71 10.97 9.89 8.99 9.84 9.44 8.98 9.05 8.56 10.10 9.05 8.50 9.85 8.74 9.15 9.71 8.65 8.23 8.83 9.20 7.83 7.64 8.67 7.38 5.09 5.32 5.66 6.11 6.53 7.07 8.35 6.68 6.89 8.24 7.99 8.53 6.69 8.03 8.06 8.00 7.44 7.12 6.58 7.03 6.07 7.10 8.32 8.87 8.44 9.88 9.30 7.74 7.72 8.32 8.09 7.66 7.95 8.47 7.89 7.99 8.27 9.01 9.02 8.70 8.92 8.87 8.84 8.78
11.55 11.50 11.57 11.32 10.62 10.93 10.50 10.65 10.66 10.69 10.87 10.61 10.69 10.57 9.78 10.05 10.81 10.68 10.15 10.32 9.66 9.06 8.82 9.10 9.29 9.66 9.30 9.60 9.43 8.35 9.03 9.47 8.07 7.76 8.51 7.78 8.13 7.27 6.69 5.15 5.71 7.12 7.28 5.93 7.86 8.26 7.83 7.86 8.85 8.32 8.45 8.45 8.15 7.04 7.76 7.45 7.13 6.62 7.54 7.15 6.67 6.98 8.04 9.26 10.14 9.28 7.41 8.32 8.91 8.14 7.77 7.79 8.56 8.45 7.79 7.79 8.65 8.90 8.89 8.62 8.77 8.81 8.59
