main/data/pressure/12.12.2023.grid
ncols 886
nrows 691
xllcenter 112.0000
yllcenter -44.5000
cellsize 0.0500
nodata_value 99999.90
[rows 35 to 69 of 691, columns 553 to 631 of 886]
32.18 32.15 32.14 32.12 32.10 32.09 32.07 32.05 32.02 32.01 31.98 31.97 31.94 31.92 31.90 31.88 31.85 31.82 31.80 31.78 31.75 31.73 31.70 31.67 31.64 31.61 31.58 31.56 31.53 31.50 31.48 31.46 31.43 31.42 31.41 31.39 31.39 31.38 31.38 31.38 31.38 31.39 31.39 31.41 31.41 31.42 31.43 31.39 31.39 31.37 31.32 31.32 31.25 31.15 31.08 31.04 30.79 30.64 30.66 30.54 30.31 30.14 30.23 30.43 30.52 30.43 30.35 30.28 30.22 30.17 30.11 30.08 30.05 30.04 30.04 30.04 30.05 30.08 30.11
32.17 32.16 32.14 32.12 32.10 32.09 32.06 32.05 32.02 32.01 31.98 31.96 31.94 31.92 31.89 31.87 31.85 31.82 31.80 31.77 31.74 31.71 31.68 31.66 31.64 31.61 31.58 31.55 31.52 31.49 31.47 31.44 31.42 31.41 31.39 31.38 31.37 31.37 31.37 31.37 31.38 31.40 31.40 31.41 31.41 31.42 31.42 31.38 31.38 31.38 31.36 31.33 31.13 31.09 30.98 31.08 30.91 30.80 30.73 30.59 30.49 30.24 30.24 30.22 30.41 30.31 30.21 30.13 30.06 29.99 29.94 29.89 29.86 29.84 29.85 29.85 29.87 29.89 29.94
32.18 32.16 32.14 32.12 32.11 32.08 32.07 32.04 32.03 32.00 31.99 31.96 31.93 31.91 31.89 31.87 31.84 31.81 31.80 31.77 31.74 31.71 31.68 31.65 31.62 31.59 31.56 31.53 31.50 31.47 31.45 31.42 31.40 31.38 31.37 31.36 31.36 31.36 31.36 31.37 31.38 31.39 31.39 31.40 31.41 31.41 31.41 31.36 31.33 31.32 31.33 31.32 31.25 31.17 31.14 31.06 30.88 30.77 30.58 30.45 30.35 30.25 29.77 30.01 30.22 30.17 30.07 29.97 29.88 29.80 29.73 29.69 29.65 29.63 29.62 29.64 29.65 29.68 29.74
32.18 32.16 32.14 32.13 32.10 32.08 32.06 32.04 32.02 32.00 31.98 31.95 31.94 31.91 31.88 31.86 31.84 31.81 31.78 31.76 31.73 31.70 31.67 31.64 31.61 31.58 31.55 31.52 31.49 31.46 31.43 31.41 31.39 31.37 31.35 31.35 31.34 31.34 31.35 31.36 31.36 31.37 31.38 31.39 31.39 31.39 31.39 31.34 31.31 31.28 31.32 31.30 31.24 31.13 30.91 30.99 30.83 30.69 30.58 30.40 30.16 30.15 30.02 29.88 29.73 29.86 29.89 29.78 29.68 29.58 29.51 29.45 29.41 29.38 29.38 29.38 29.42 29.45 29.50
32.18 32.16 32.15 32.12 32.10 32.09 32.06 32.05 32.02 32.00 31.98 31.96 31.93 31.91 31.89 31.86 31.83 31.80 31.78 31.75 31.72 31.69 31.66 31.63 31.59 31.56 31.53 31.50 31.46 31.43 31.41 31.38 31.36 31.34 31.33 31.32 31.32 31.32 31.34 31.35 31.35 31.36 31.37 31.37 31.37 31.35 31.36 31.32 31.30 31.33 31.32 31.25 31.12 31.15 30.93 30.77 30.85 30.70 30.57 30.37 30.13 30.01 30.02 29.91 29.72 29.83 29.70 29.26 29.45 29.26 29.26 29.10 28.99 29.11 29.11 29.11 29.14 29.20 29.25
32.18 32.17 32.15 32.13 32.11 32.08 32.07 32.04 32.03 32.00 31.97 31.96 31.93 31.90 31.89 31.86 31.83 31.80 31.77 31.74 31.71 31.68 31.66 31.62 31.59 31.55 31.52 31.48 31.45 31.42 31.39 31.36 31.34 31.32 31.31 31.30 31.30 31.31 31.32 31.33 31.33 31.34 31.35 31.35 31.36 31.36 31.36 31.36 31.34 31.33 31.21 31.28 31.19 31.12 30.99 30.94 30.83 30.65 30.49 30.38 30.22 29.96 29.76 29.86 29.25 29.64 29.45 29.11 28.83 28.78 28.95 28.84 28.85 28.82 28.81 28.82 28.85 28.90 28.98
32.19 32.17 32.15 32.13 32.11 32.09 32.07 32.05 32.03 32.00 31.98 31.96 31.93 31.91 31.88 31.86 31.83 31.80 31.77 31.74 31.71 31.67 31.64 31.60 31.57 31.53 31.49 31.46 31.42 31.39 31.36 31.33 31.31 31.29 31.28 31.28 31.28 31.30 31.30 31.32 31.33 31.33 31.34 31.34 31.30 31.31 31.35 31.34 31.30 31.25 31.22 31.26 31.22 31.17 31.00 30.92 30.77 30.69 30.57 30.44 30.25 30.03 29.58 29.65 29.32 29.28 29.22 29.02 28.67 28.56 28.68 28.59 28.52 28.49 28.48 28.49 28.54 28.60 28.68
32.20 32.18 32.15 32.14 32.12 32.09 32.08 32.05 32.03 32.01 31.98 31.95 31.94 31.91 31.88 31.85 31.82 31.80 31.77 31.74 31.71 31.67 31.63 31.60 31.56 31.52 31.48 31.44 31.41 31.37 31.34 31.31 31.28 31.27 31.26 31.27 31.27 31.28 31.29 31.30 31.31 31.31 31.32 31.31 31.30 31.33 31.29 31.26 31.29 31.21 31.12 31.12 31.17 31.13 31.02 30.92 30.85 30.55 30.51 30.31 30.09 29.87 29.65 29.39 29.17 28.91 28.85 28.88 28.61 28.38 28.43 28.30 28.22 28.17 28.15 28.15 28.19 28.27 28.36
32.20 32.19 32.16 32.14 32.12 32.10 32.07 32.06 32.03 32.01 31.99 31.96 31.93 31.91 31.88 31.86 31.82 31.79 31.76 31.73 31.70 31.66 31.62 31.59 31.55 31.50 31.46 31.43 31.39 31.34 31.30 31.28 31.26 31.24 31.24 31.26 31.26 31.27 31.28 31.29 31.30 31.31 31.31 31.29 31.27 31.29 31.27 31.23 31.23 31.18 31.07 31.02 31.06 31.11 31.05 30.89 30.72 30.64 30.39 30.16 29.98 29.80 29.77 29.52 29.19 29.05 28.99 28.87 28.71 28.54 28.36 28.21 28.09 27.98 27.90 27.85 27.87 27.93 28.03
32.21 32.20 32.17 32.15 32.12 32.11 32.08 32.06 32.04 32.01 31.99 31.96 31.94 31.92 31.89 31.86 31.83 31.79 31.76 31.73 31.69 31.65 31.61 31.57 31.53 31.49 31.44 31.40 31.36 31.32 31.28 31.25 31.23 31.22 31.23 31.24 31.25 31.26 31.27 31.27 31.28 31.29 31.30 31.27 31.26 31.29 31.22 31.18 31.15 31.10 31.02 30.96 30.97 30.97 30.98 30.77 30.48 30.43 30.32 29.99 29.64 29.67 29.68 29.60 29.33 29.26 29.06 28.86 28.56 28.51 28.34 28.19 28.06 27.95 27.85 27.77 27.72 27.70 27.73
32.22 32.20 32.18 32.16 32.13 32.11 32.09 32.07 32.04 32.01 32.00 31.97 31.94 31.91 31.89 31.86 31.83 31.80 31.76 31.73 31.69 31.65 31.61 31.56 31.52 31.47 31.43 31.38 31.34 31.30 31.26 31.22 31.21 31.21 31.22 31.23 31.24 31.25 31.26 31.27 31.28 31.22 31.28 31.26 31.27 31.27 31.24 31.21 31.20 31.08 31.00 30.93 30.89 30.86 30.92 30.84 30.63 30.42 30.30 29.96 29.74 29.55 29.69 29.61 29.40 29.15 28.94 28.74 28.43 28.48 28.33 28.17 28.04 27.93 27.84 27.76 27.69 27.65 27.62
32.23 32.21 32.18 32.17 32.15 32.12 32.09 32.08 32.05 32.02 32.00 31.97 31.94 31.92 31.88 31.86 31.83 31.80 31.76 31.72 31.69 31.64 31.60 31.56 31.51 31.46 31.41 31.36 31.31 31.26 31.22 31.19 31.19 31.20 31.21 31.22 31.22 31.23 31.24 31.25 31.26 31.27 31.26 31.26 31.25 31.25 31.24 31.21 31.22 31.20 31.06 30.89 30.90 30.87 30.76 30.73 30.60 30.47 30.25 30.09 29.95 29.67 29.45 29.21 28.84 28.27 28.95 28.59 28.41 28.48 28.31 28.16 28.04 27.93 27.84 27.76 27.70 27.65 27.60
32.24 32.22 32.20 32.18 32.16 32.13 32.10 32.08 32.05 32.03 32.01 31.98 31.95 31.92 31.89 31.86 31.83 31.80 31.76 31.72 31.68 31.64 31.59 31.54 31.49 31.44 31.39 31.34 31.29 31.24 31.20 31.18 31.18 31.19 31.20 31.21 31.22 31.23 31.24 31.25 31.25 31.25 31.25 31.23 31.24 31.24 31.19 31.13 31.05 31.18 31.15 31.09 31.00 30.91 30.77 30.81 30.63 30.54 30.16 30.09 30.01 29.63 29.37 29.01 28.52 27.91 27.59 28.67 28.45 28.46 27.91 28.13 28.04 27.94 27.85 27.78 27.71 27.66 27.62
32.26 32.23 32.21 32.18 32.17 32.14 32.12 32.09 32.06 32.03 32.01 31.99 31.96 31.93 31.89 31.86 31.83 31.79 31.75 31.72 31.67 31.63 31.58 31.53 31.48 31.43 31.38 31.33 31.27 31.22 31.17 31.16 31.16 31.17 31.18 31.19 31.20 31.21 31.22 31.23 31.24 31.23 31.22 31.19 31.24 31.16 31.01 30.97 30.96 31.03 31.14 31.08 31.00 31.00 30.88 30.79 30.64 30.49 30.34 30.20 29.87 29.49 29.13 28.87 28.71 28.12 27.61 28.51 28.29 28.14 28.00 26.78 28.04 27.94 27.85 27.78 27.72 27.67 27.63
32.27 32.24 32.22 32.19 32.18 32.15 32.13 32.10 32.07 32.05 32.02 31.99 31.96 31.93 31.90 31.87 31.83 31.79 31.76 31.72 31.67 31.63 31.58 31.53 31.48 31.42 31.37 31.30 31.25 31.19 31.15 31.15 31.16 31.17 31.18 31.19 31.20 31.21 31.22 31.22 31.23 31.23 31.23 31.19 31.17 31.17 31.02 30.96 31.04 30.95 30.84 31.04 30.88 30.89 30.87 30.76 30.61 30.44 30.40 30.22 30.03 29.65 29.18 29.00 28.96 28.45 27.92 27.67 28.32 28.00 27.32 27.48 26.47 27.96 27.88 27.81 27.75 27.70 27.66
32.28 32.26 32.23 32.21 32.19 32.17 32.14 32.11 32.08 32.06 32.03 32.00 31.97 31.94 31.90 31.87 31.84 31.80 31.76 31.72 31.67 31.63 31.58 31.53 31.47 31.41 31.35 31.29 31.23 31.18 31.14 31.14 31.14 31.15 31.16 31.17 31.18 31.19 31.20 31.21 31.22 31.23 31.12 31.12 31.16 31.18 31.10 31.09 31.10 31.04 30.99 30.99 30.88 30.75 30.77 30.76 30.65 30.52 30.36 30.16 29.94 29.75 29.42 29.27 28.68 28.48 28.53 28.42 28.23 27.98 27.65 27.36 27.85 27.98 27.90 27.83 27.77 27.72 27.68
32.30 32.28 32.26 32.23 32.20 32.18 32.15 32.12 32.10 32.07 32.04 32.01 31.98 31.94 31.91 31.88 31.84 31.80 31.76 31.72 31.68 31.63 31.58 31.52 31.46 31.40 31.34 31.28 31.22 31.16 31.13 31.13 31.14 31.15 31.16 31.16 31.17 31.18 31.19 31.14 31.20 31.21 31.23 31.16 31.22 31.23 31.22 31.21 31.16 31.13 31.08 31.02 30.92 30.83 30.66 30.73 30.61 30.49 30.33 30.10 29.83 29.78 29.59 29.20 28.59 27.93 28.02 27.80 28.33 28.14 27.53 27.99 26.95 28.01 27.94 27.87 27.81 27.77 27.73
32.32 32.29 32.27 32.24 32.22 32.19 32.16 32.14 32.11 32.08 32.05 32.01 31.98 31.95 31.92 31.88 31.85 31.81 31.77 31.73 31.68 31.63 31.58 31.52 31.46 31.40 31.34 31.27 31.20 31.15 31.12 31.11 31.12 31.13 31.14 31.15 31.16 31.17 31.18 31.18 31.20 31.21 31.21 31.22 31.22 31.21 31.21 31.19 31.14 31.05 31.02 30.92 30.94 30.75 30.65 30.64 30.56 30.43 30.25 30.04 29.78 29.75 29.57 29.11 28.48 28.20 27.99 27.43 28.30 28.28 27.98 26.47 26.98 27.35 26.43 27.91 27.86 27.81 27.77
32.33 32.31 32.28 32.26 32.23 32.20 32.18 32.15 32.12 32.09 32.05 32.02 31.99 31.97 31.93 31.89 31.85 31.82 31.77 31.73 31.69 31.64 31.57 31.52 31.46 31.40 31.33 31.26 31.20 31.14 31.11 31.11 31.12 31.13 31.13 31.14 31.15 31.16 31.17 31.18 31.19 31.19 31.20 31.21 31.20 31.16 31.11 31.09 31.08 30.88 30.91 30.77 30.80 30.76 30.59 30.59 30.51 30.38 30.18 29.95 29.76 29.65 29.51 29.34 28.98 28.62 28.28 27.97 28.46 28.16 27.14 26.83 27.36 27.39 27.18 27.97 27.91 27.86 27.82
32.36 32.33 32.30 32.27 32.24 32.22 32.19 32.16 32.13 32.11 32.07 32.04 32.01 31.98 31.94 31.91 31.87 31.82 31.78 31.74 31.69 31.64 31.58 31.52 31.46 31.39 31.33 31.26 31.20 31.13 31.10 31.11 31.10 31.11 31.12 31.12 31.13 31.14 31.15 31.16 31.16 31.17 31.18 31.18 31.19 31.13 31.06 31.02 31.09 30.95 30.81 30.74 30.81 30.82 30.41 30.61 30.40 30.29 29.90 29.58 29.59 29.44 29.41 29.33 28.84 28.42 27.87 28.45 28.41 27.75 27.54 26.73 27.05 27.94 27.61 27.68 27.99 27.93 27.89
32.37 32.35 32.32 32.30 32.26 32.23 32.20 32.18 32.15 32.12 32.08 32.05 32.02 31.99 31.95 31.92 31.88 31.83 31.79 31.75 31.70 31.64 31.59 31.53 31.46 31.40 31.33 31.27 31.19 31.13 31.09 31.09 31.10 31.10 31.11 31.12 31.12 31.13 31.14 31.14 31.15 31.16 31.17 31.14 31.14 31.16 31.08 30.95 31.02 31.05 30.81 30.86 30.83 30.77 30.54 30.58 30.41 30.35 30.09 29.91 29.61 29.49 29.28 29.33 29.04 28.83 28.60 28.58 27.76 28.23 26.98 25.75 28.10 27.77 27.79 28.13 28.07 28.02 27.98
32.40 32.36 32.34 32.31 32.28 32.25 32.22 32.19 32.16 32.13 32.10 32.06 32.03 32.00 31.96 31.93 31.89 31.84 31.80 31.75 31.71 31.65 31.59 31.54 31.47 31.41 31.34 31.27 31.20 31.13 31.09 31.08 31.09 31.10 31.10 31.11 31.11 31.12 31.13 31.13 31.14 31.14 31.14 31.10 31.05 31.14 31.07 30.87 30.86 30.91 30.98 30.91 30.74 30.70 30.64 30.56 30.44 30.25 30.07 29.81 29.49 29.51 29.41 29.35 29.01 28.94 28.79 28.59 27.52 27.69 27.37 27.37 28.19 28.34 28.10 28.23 28.16 28.12 28.06
32.41 32.39 32.36 32.33 32.30 32.27 32.24 32.20 32.17 32.15 32.12 32.08 32.05 32.01 31.97 31.94 31.90 31.86 31.81 31.76 31.72 31.66 31.61 31.55 31.48 31.42 31.34 31.28 31.20 31.14 31.08 31.07 31.07 31.08 31.08 31.09 31.10 31.11 31.11 31.12 31.12 31.13 31.07 31.01 31.02 31.11 31.12 30.80 30.79 30.71 30.94 30.91 30.72 30.67 30.62 30.46 30.41 30.25 29.94 29.63 29.20 29.50 29.50 29.29 29.05 28.95 28.61 28.60 27.07 27.14 27.62 27.54 27.81 28.24 28.40 28.34 27.93 28.22 28.19
32.44 32.41 32.38 32.35 32.31 32.29 32.26 32.23 32.19 32.16 32.13 32.09 32.06 32.03 31.98 31.95 31.91 31.87 31.82 31.78 31.73 31.67 31.62 31.55 31.49 31.43 31.36 31.29 31.22 31.14 31.09 31.06 31.07 31.07 31.08 31.08 31.09 31.09 31.09 31.10 31.09 31.07 30.84 30.85 30.98 31.11 31.10 31.08 30.95 30.86 30.88 30.87 30.76 30.65 30.54 30.45 30.37 30.23 29.87 29.47 29.73 29.66 29.53 29.09 28.76 29.00 28.12 28.64 28.68 27.11 26.84 27.69 27.82 28.31 28.51 28.45 28.24 28.35 28.31
32.47 32.43 32.40 32.37 32.34 32.30 32.27 32.24 32.21 32.17 32.14 32.11 32.07 32.04 32.00 31.96 31.92 31.88 31.84 31.79 31.74 31.68 31.63 31.57 31.51 31.44 31.38 31.30 31.24 31.16 31.09 31.06 31.06 31.06 31.07 31.07 31.07 31.08 31.08 31.06 31.00 31.01 30.83 30.75 30.88 31.00 31.01 31.01 30.89 30.76 30.80 30.84 30.76 30.62 30.46 30.33 30.28 30.18 30.01 29.88 29.81 29.68 29.56 29.14 29.05 29.08 28.07 28.68 27.92 27.47 27.88 27.88 27.71 27.69 28.63 28.60 27.51 28.49 28.45
32.48 32.46 32.42 32.39 32.35 32.33 32.30 32.26 32.23 32.19 32.16 32.13 32.08 32.05 32.02 31.98 31.93 31.89 31.85 31.80 31.76 31.70 31.65 31.58 31.53 31.46 31.39 31.32 31.25 31.19 31.11 31.06 31.05 31.06 31.06 31.06 31.07 31.07 31.07 31.05 31.03 31.04 30.91 30.81 30.67 30.71 30.84 30.90 30.79 30.65 30.72 30.80 30.75 30.64 30.53 30.42 30.27 30.10 29.95 29.93 29.83 29.65 29.56 29.25 29.18 29.00 28.36 28.70 27.44 27.96 28.15 27.94 27.52 27.69 28.50 28.75 27.39 28.66 28.62
32.51 32.47 32.45 32.41 32.38 32.34 32.31 32.28 32.24 32.21 32.17 32.14 32.11 32.07 32.03 31.99 31.95 31.91 31.87 31.81 31.77 31.71 31.66 31.60 31.55 31.48 31.41 31.35 31.28 31.20 31.13 31.08 31.05 31.04 31.05 31.05 31.06 31.06 31.06 31.06 31.07 31.04 30.98 30.87 30.69 30.64 30.66 30.84 30.74 30.74 30.82 30.81 30.74 30.68 30.63 30.51 30.36 30.23 29.92 29.92 29.56 29.64 29.61 29.49 29.17 29.24 28.66 28.34 28.28 28.45 28.37 27.03 26.86 26.86 28.21 28.92 26.44 28.85 28.80
32.54 32.50 32.47 32.44 32.40 32.37 32.33 32.30 32.26 32.23 32.20 32.15 32.12 32.08 32.05 32.00 31.97 31.92 31.88 31.83 31.79 31.73 31.68 31.62 31.57 31.50 31.43 31.37 31.31 31.23 31.17 31.10 31.05 31.03 31.04 31.05 31.05 31.05 31.05 31.06 31.05 31.03 31.02 30.85 30.65 30.74 30.82 30.89 30.83 30.89 30.86 30.79 30.69 30.72 30.66 30.55 30.44 30.32 29.91 29.98 29.88 29.82 29.73 29.45 29.25 29.26 29.22 28.58 28.89 28.59 27.29 28.28 27.86 26.50 28.66 29.09 28.55 29.05 29.01
32.57 32.53 32.49 32.46 32.42 32.39 32.36 32.32 32.28 32.24 32.21 32.18 32.14 32.10 32.06 32.03 31.98 31.94 31.89 31.85 31.80 31.75 31.70 31.64 31.58 31.53 31.46 31.39 31.33 31.26 31.20 31.14 31.08 31.04 31.03 31.04 31.04 31.04 31.04 31.04 31.03 31.01 31.03 30.90 30.82 30.85 30.93 30.95 30.93 30.89 30.86 30.79 30.76 30.72 30.65 30.61 30.51 30.37 30.19 30.21 30.13 30.03 29.89 29.63 29.48 29.32 29.27 29.25 28.84 28.99 28.87 28.73 27.64 27.18 28.36 29.25 27.76 29.27 29.24
32.58 32.56 32.52 32.48 32.44 32.41 32.37 32.34 32.30 32.27 32.23 32.19 32.15 32.12 32.07 32.04 32.00 31.96 31.91 31.87 31.82 31.76 31.72 31.66 31.60 31.55 31.49 31.42 31.36 31.29 31.23 31.16 31.11 31.06 31.03 31.03 31.03 31.03 31.04 31.03 31.04 31.02 31.03 30.96 30.93 30.94 30.99 30.98 30.95 30.88 30.86 30.81 30.79 30.74 30.66 30.46 30.35 30.43 30.42 30.38 30.30 30.18 30.06 29.85 29.62 29.43 29.34 29.28 28.89 28.27 28.50 28.64 28.44 28.17 28.77 29.40 27.49 28.42 29.49
32.61 32.58 32.55 32.51 32.47 32.43 32.40 32.36 32.33 32.28 32.25 32.21 32.18 32.13 32.10 32.05 32.02 31.97 31.93 31.88 31.83 31.79 31.74 31.68 31.63 31.57 31.52 31.45 31.39 31.33 31.27 31.21 31.15 31.09 31.04 31.02 31.02 31.03 31.02 31.03 31.04 31.03 31.01 30.99 30.98 31.02 30.98 31.00 30.95 30.75 30.87 30.83 30.80 30.77 30.71 30.54 30.25 30.42 30.56 30.54 30.40 30.27 30.24 30.05 29.69 29.54 29.44 29.22 29.14 28.89 28.84 28.77 28.67 28.44 28.98 29.42 27.30 28.65 29.75
32.64 32.60 32.57 32.53 32.50 32.46 32.42 32.38 32.34 32.30 32.27 32.22 32.19 32.15 32.11 32.08 32.03 31.99 31.95 31.90 31.86 31.81 31.76 31.70 31.65 31.59 31.53 31.47 31.42 31.35 31.29 31.24 31.18 31.13 31.08 31.05 31.02 31.02 31.03 31.03 31.03 31.04 31.05 31.01 31.02 31.02 31.01 30.68 30.92 30.84 30.90 30.84 30.72 30.73 30.78 30.68 30.48 30.66 30.79 30.70 30.48 30.39 30.41 30.21 30.01 29.88 29.72 29.60 28.35 28.93 29.54 29.55 28.54 28.54 29.33 29.68 28.91 29.05 30.02
32.67 32.63 32.60 32.55 32.51 32.48 32.44 32.40 32.36 32.33 32.28 32.25 32.21 32.17 32.13 32.09 32.05 32.01 31.96 31.93 31.88 31.83 31.78 31.73 31.67 31.62 31.56 31.51 31.45 31.39 31.33 31.28 31.22 31.17 31.12 31.08 31.05 31.02 31.03 31.03 31.01 31.04 30.97 31.03 31.04 31.03 31.04 31.05 30.91 30.75 30.90 30.86 30.70 30.79 30.93 30.96 30.99 30.97 30.95 30.85 30.74 30.71 30.64 30.50 30.29 30.14 30.00 29.71 29.38 29.53 29.94 29.84 28.91 29.72 29.64 30.06 30.08 29.28 30.29
32.69 32.65 32.62 32.58 32.54 32.50 32.46 32.42 32.39 32.34 32.30 32.27 32.22 32.19 32.15 32.10 32.07 32.02 31.98 31.94 31.89 31.85 31.80 31.75 31.69 31.64 31.59 31.53 31.48 31.43 31.37 31.32 31.26 31.21 31.17 31.12 31.09 31.05 31.04 31.03 31.04 31.05 31.05 31.03 31.06 31.07 31.06 31.03 30.98 30.97 31.00 31.02 31.05 31.12 31.14 31.15 31.14 31.11 31.09 31.05 31.00 30.93 30.85 30.75 30.67 30.60 30.39 30.34 30.20 30.15 30.20 30.13 30.07 29.90 30.23 30.36 30.06 28.20 29.89
32.72 32.68 32.64 32.60 32.56 32.52 32.49 32.45 32.40 32.36 32.33 32.28 32.25 32.20 32.17 32.12 32.08 32.04 32.00 31.95 31.91 31.86 31.81 31.77 31.72 31.67 31.61 31.56 31.51 31.46 31.41 31.35 31.30 31.24 31.20 31.16 31.12 31.10 31.07 31.05 31.04 31.06 31.07 31.04 31.01 31.04 31.00 30.94 30.82 30.88 31.08 31.21 31.22 31.23 31.27 31.26 31.25 31.27 31.25 31.21 31.15 31.11 31.05 30.97 30.83 30.58 30.64 30.63 30.55 30.48 30.14 30.10 29.15 29.20 30.43 30.51 30.76 28.48 30.33
