main/data/pressure/12.12.2023.grid
ncols 886
nrows 691
xllcenter 112.0000
yllcenter -44.5000
cellsize 0.0500
nodata_value 99999.90
[rows 525 to 559 of 691, columns 237 to 315 of 886]
14.29 14.30 14.32 14.34 14.36 14.38 14.40 14.42 14.45 14.47 14.50 14.52 14.55 14.57 14.60 14.62 14.66 14.68 14.72 14.74 14.78 14.80 14.84 14.86 14.90 14.93 14.97 15.00 15.04 15.07 15.10 15.14 15.17 15.21 15.24 15.28 15.32 15.35 15.39 15.43 15.47 15.50 15.54 15.58 15.62 15.66 15.70 15.73 15.77 15.81 15.84 15.89 15.92 15.96 16.00 16.03 16.08 16.11 16.14 16.17 16.21 16.24 16.27 16.31 16.34 16.37 16.41 16.44 16.46 16.50 16.53 16.55 16.57 16.61 16.63 16.65 16.67 16.70 16.72
14.28 14.29 14.31 14.33 14.35 14.37 14.39 14.41 14.44 14.46 14.49 14.51 14.54 14.56 14.59 14.61 14.64 14.66 14.70 14.72 14.76 14.78 14.82 14.84 14.88 14.91 14.93 14.97 15.00 15.04 15.07 15.11 15.14 15.18 15.21 15.24 15.29 15.32 15.36 15.40 15.43 15.47 15.51 15.55 15.58 15.62 15.66 15.70 15.74 15.77 15.81 15.85 15.89 15.92 15.96 16.00 16.03 16.07 16.11 16.14 16.18 16.21 16.24 16.27 16.31 16.34 16.37 16.41 16.43 16.46 16.49 16.52 16.54 16.57 16.60 16.62 16.64 16.66 16.69
14.27 14.28 14.30 14.32 14.34 14.36 14.38 14.40 14.43 14.44 14.47 14.49 14.52 14.54 14.57 14.59 14.62 14.65 14.68 14.70 14.74 14.76 14.79 14.82 14.85 14.88 14.91 14.95 14.98 15.02 15.04 15.07 15.11 15.14 15.19 15.22 15.26 15.29 15.32 15.37 15.40 15.44 15.47 15.51 15.55 15.59 15.62 15.66 15.70 15.74 15.77 15.81 15.85 15.89 15.92 15.96 16.00 16.03 16.07 16.10 16.14 16.18 16.21 16.24 16.28 16.31 16.33 16.36 16.40 16.43 16.45 16.49 16.51 16.54 16.56 16.59 16.61 16.63 16.65
14.26 14.27 14.30 14.31 14.33 14.35 14.37 14.39 14.42 14.43 14.46 14.48 14.51 14.53 14.55 14.58 14.60 14.63 14.65 14.68 14.71 14.74 14.77 14.80 14.83 14.86 14.89 14.92 14.95 14.98 15.02 15.05 15.09 15.12 15.16 15.19 15.22 15.26 15.29 15.34 15.37 15.40 15.44 15.48 15.52 15.55 15.59 15.63 15.67 15.70 15.74 15.78 15.81 15.85 15.89 15.92 15.96 16.00 16.03 16.07 16.10 16.13 16.18 16.21 16.24 16.27 16.30 16.33 16.36 16.40 16.42 16.45 16.48 16.51 16.53 16.55 16.59 16.61 16.63
14.25 14.27 14.29 14.30 14.32 14.34 14.36 14.38 14.39 14.42 14.45 14.47 14.48 14.51 14.53 14.56 14.58 14.61 14.63 14.67 14.69 14.72 14.75 14.78 14.81 14.83 14.87 14.89 14.93 14.96 15.00 15.02 15.05 15.09 15.12 15.16 15.19 15.24 15.27 15.30 15.34 15.37 15.41 15.45 15.48 15.52 15.56 15.59 15.63 15.67 15.70 15.74 15.78 15.81 15.86 15.89 15.93 15.97 16.00 16.04 16.07 16.10 16.13 16.17 16.20 16.23 16.27 16.30 16.33 16.36 16.39 16.42 16.44 16.48 16.50 16.53 16.55 16.58 16.60
14.25 14.26 14.28 14.29 14.30 14.33 14.34 14.37 14.38 14.41 14.42 14.45 14.47 14.50 14.52 14.55 14.57 14.60 14.62 14.64 14.67 14.69 14.73 14.75 14.78 14.81 14.84 14.87 14.91 14.93 14.96 15.00 15.03 15.07 15.10 15.13 15.17 15.20 15.24 15.27 15.30 15.34 15.38 15.42 15.45 15.48 15.53 15.56 15.60 15.64 15.67 15.71 15.75 15.78 15.83 15.86 15.89 15.93 15.97 16.00 16.04 16.07 16.10 16.14 16.17 16.20 16.23 16.27 16.30 16.33 16.36 16.39 16.42 16.44 16.48 16.50 16.52 16.55 16.58
14.24 14.25 14.27 14.28 14.30 14.32 14.33 14.36 14.37 14.40 14.41 14.44 14.46 14.47 14.50 14.53 14.55 14.57 14.60 14.62 14.65 14.67 14.71 14.73 14.75 14.79 14.81 14.85 14.87 14.91 14.94 14.97 15.00 15.03 15.07 15.10 15.14 15.17 15.20 15.24 15.27 15.32 15.35 15.38 15.42 15.46 15.49 15.53 15.56 15.61 15.64 15.67 15.72 15.75 15.79 15.83 15.86 15.89 15.94 15.97 16.00 16.04 16.07 16.10 16.14 16.18 16.21 16.23 16.27 16.30 16.33 16.36 16.39 16.42 16.44 16.48 16.50 16.52 16.54
14.22 14.24 14.25 14.27 14.29 14.31 14.32 14.34 14.36 14.38 14.40 14.41 14.44 14.46 14.49 14.50 14.53 14.55 14.58 14.60 14.62 14.66 14.68 14.71 14.73 14.77 14.79 14.83 14.85 14.88 14.92 14.94 14.98 15.01 15.04 15.08 15.11 15.15 15.18 15.21 15.25 15.28 15.32 15.35 15.38 15.43 15.46 15.50 15.54 15.57 15.61 15.64 15.68 15.72 15.76 15.79 15.83 15.86 15.90 15.94 15.97 16.00 16.05 16.08 16.11 16.14 16.18 16.21 16.24 16.27 16.30 16.33 16.36 16.39 16.42 16.44 16.48 16.50 16.52
14.21 14.23 14.24 14.26 14.28 14.30 14.31 14.32 14.35 14.36 14.39 14.40 14.43 14.44 14.47 14.49 14.52 14.54 14.56 14.59 14.61 14.64 14.66 14.69 14.71 14.74 14.77 14.80 14.83 14.86 14.89 14.92 14.95 14.98 15.01 15.05 15.08 15.11 15.15 15.18 15.22 15.25 15.28 15.33 15.36 15.39 15.43 15.46 15.51 15.54 15.57 15.62 15.65 15.68 15.73 15.76 15.79 15.84 15.87 15.90 15.94 15.98 16.01 16.05 16.08 16.11 16.14 16.18 16.21 16.24 16.28 16.30 16.33 16.36 16.39 16.42 16.44 16.48 16.50
14.20 14.22 14.23 14.25 14.26 14.29 14.30 14.31 14.33 14.35 14.37 14.39 14.41 14.43 14.45 14.47 14.49 14.52 14.54 14.57 14.59 14.62 14.64 14.66 14.69 14.72 14.75 14.78 14.80 14.84 14.86 14.90 14.92 14.96 14.99 15.02 15.06 15.09 15.12 15.16 15.19 15.23 15.26 15.29 15.33 15.36 15.41 15.44 15.47 15.51 15.55 15.58 15.62 15.66 15.69 15.73 15.77 15.80 15.84 15.87 15.91 15.95 15.98 16.01 16.05 16.08 16.11 16.14 16.18 16.21 16.24 16.28 16.31 16.33 16.36 16.40 16.42 16.44 16.47
14.19 14.21 14.22 14.23 14.25 14.27 14.29 14.30 14.32 14.34 14.36 14.37 14.39 14.42 14.43 14.46 14.48 14.49 14.52 14.54 14.57 14.59 14.62 14.64 14.68 14.70 14.72 14.75 14.78 14.81 14.84 14.87 14.90 14.93 14.97 14.99 15.02 15.06 15.09 15.13 15.16 15.19 15.23 15.26 15.29 15.34 15.37 15.41 15.44 15.48 15.52 15.55 15.58 15.63 15.66 15.70 15.74 15.77 15.80 15.85 15.88 15.91 15.95 15.99 16.02 16.05 16.09 16.12 16.15 16.19 16.22 16.25 16.27 16.31 16.34 16.36 16.40 16.42 16.45
14.19 14.19 14.21 14.22 14.24 14.25 14.28 14.29 14.30 14.32 14.34 14.36 14.38 14.40 14.42 14.43 14.46 14.48 14.51 14.52 14.55 14.57 14.59 14.63 14.65 14.68 14.70 14.72 14.76 14.78 14.82 14.84 14.88 14.91 14.93 14.97 15.00 15.04 15.07 15.10 15.14 15.17 15.20 15.24 15.27 15.31 15.34 15.37 15.42 15.45 15.48 15.52 15.56 15.59 15.63 15.67 15.70 15.74 15.78 15.81 15.85 15.89 15.92 15.96 15.99 16.02 16.05 16.10 16.13 16.15 16.19 16.22 16.25 16.29 16.32 16.34 16.37 16.39 16.43
14.18 14.18 14.20 14.21 14.22 14.24 14.25 14.28 14.29 14.31 14.32 14.35 14.36 14.38 14.40 14.42 14.45 14.46 14.49 14.51 14.53 14.56 14.58 14.61 14.63 14.65 14.68 14.70 14.74 14.76 14.79 14.82 14.85 14.88 14.91 14.94 14.98 15.00 15.04 15.07 15.10 15.14 15.17 15.21 15.24 15.28 15.32 15.35 15.38 15.42 15.46 15.49 15.53 15.57 15.60 15.64 15.68 15.71 15.75 15.79 15.82 15.86 15.89 15.92 15.97 16.00 16.03 16.06 16.10 16.13 16.16 16.20 16.23 16.26 16.29 16.32 16.35 16.37 16.40
14.17 14.17 14.19 14.20 14.21 14.23 14.24 14.26 14.28 14.29 14.31 14.32 14.35 14.36 14.38 14.40 14.42 14.45 14.46 14.49 14.51 14.54 14.56 14.58 14.61 14.63 14.65 14.69 14.71 14.74 14.77 14.79 14.83 14.85 14.89 14.92 14.95 14.98 15.01 15.05 15.08 15.11 15.15 15.18 15.21 15.25 15.28 15.32 15.36 15.39 15.43 15.46 15.50 15.54 15.57 15.61 15.65 15.68 15.72 15.76 15.79 15.83 15.87 15.90 15.93 15.96 16.01 16.04 16.07 16.11 16.14 16.17 16.20 16.24 16.27 16.29 16.33 16.36 16.38
14.16 14.16 14.17 14.19 14.20 14.22 14.23 14.24 14.26 14.28 14.30 14.31 14.32 14.35 14.36 14.39 14.40 14.43 14.45 14.47 14.49 14.51 14.54 14.56 14.58 14.61 14.63 14.67 14.69 14.71 14.75 14.77 14.81 14.83 14.86 14.89 14.92 14.96 14.99 15.02 15.06 15.08 15.11 15.15 15.19 15.22 15.26 15.29 15.33 15.36 15.40 15.44 15.47 15.50 15.55 15.58 15.62 15.66 15.69 15.73 15.77 15.80 15.83 15.88 15.91 15.94 15.97 16.02 16.05 16.08 16.12 16.15 16.18 16.21 16.25 16.27 16.30 16.34 16.36
14.14 14.15 14.16 14.18 14.19 14.20 14.22 14.23 14.25 14.26 14.27 14.30 14.31 14.33 14.35 14.36 14.39 14.41 14.43 14.45 14.47 14.50 14.51 14.54 14.56 14.59 14.62 14.64 14.67 14.69 14.72 14.75 14.78 14.81 14.84 14.87 14.90 14.93 14.97 14.99 15.02 15.06 15.09 15.12 15.16 15.19 15.22 15.26 15.30 15.34 15.37 15.40 15.45 15.48 15.51 15.56 15.59 15.62 15.67 15.70 15.73 15.78 15.81 15.84 15.88 15.92 15.95 15.98 16.02 16.06 16.09 16.12 16.16 16.19 16.22 16.26 16.28 16.31 16.34
14.13 14.14 14.15 14.16 14.18 14.19 14.21 14.22 14.23 14.25 14.26 14.28 14.30 14.31 14.33 14.35 14.37 14.39 14.41 14.43 14.45 14.48 14.50 14.52 14.55 14.57 14.60 14.62 14.64 14.67 14.70 14.73 14.76 14.78 14.82 14.84 14.88 14.91 14.93 14.97 15.00 15.03 15.07 15.10 15.13 15.17 15.20 15.23 15.27 15.30 15.35 15.38 15.41 15.46 15.49 15.52 15.57 15.60 15.63 15.67 15.71 15.74 15.79 15.82 15.85 15.89 15.93 15.96 15.99 16.02 16.07 16.10 16.13 16.17 16.20 16.23 16.26 16.29 16.32
14.12 14.12 14.14 14.15 14.16 14.18 14.19 14.21 14.22 14.23 14.25 14.26 14.28 14.30 14.32 14.33 14.35 14.37 14.39 14.41 14.43 14.45 14.48 14.50 14.53 14.55 14.57 14.60 14.62 14.64 14.68 14.70 14.74 14.76 14.78 14.82 14.85 14.88 14.91 14.94 14.98 15.01 15.04 15.08 15.11 15.14 15.18 15.21 15.25 15.28 15.31 15.36 15.39 15.42 15.46 15.50 15.53 15.57 15.61 15.64 15.69 15.72 15.75 15.79 15.83 15.86 15.90 15.94 15.97 16.00 16.04 16.08 16.11 16.14 16.17 16.21 16.24 16.27 16.31
14.11 14.11 14.13 14.14 14.15 14.16 14.17 14.19 14.20 14.21 14.24 14.25 14.26 14.28 14.30 14.32 14.33 14.35 14.38 14.39 14.42 14.44 14.45 14.48 14.50 14.53 14.55 14.57 14.60 14.63 14.66 14.68 14.71 14.74 14.76 14.79 14.83 14.85 14.88 14.92 14.95 14.98 15.01 15.04 15.08 15.11 15.14 15.18 15.22 15.25 15.29 15.32 15.37 15.40 15.43 15.47 15.51 15.54 15.58 15.62 15.66 15.69 15.73 15.77 15.80 15.84 15.88 15.91 15.95 15.98 16.02 16.05 16.09 16.12 16.15 16.18 16.22 16.25 16.28
14.10 14.10 14.11 14.13 14.13 14.14 14.16 14.17 14.19 14.20 14.21 14.23 14.25 14.26 14.28 14.30 14.32 14.33 14.36 14.38 14.39 14.42 14.44 14.46 14.48 14.50 14.53 14.55 14.58 14.61 14.63 14.66 14.69 14.71 14.74 14.77 14.80 14.83 14.86 14.89 14.92 14.95 14.99 15.02 15.05 15.09 15.12 15.15 15.19 15.23 15.26 15.30 15.33 15.37 15.41 15.44 15.48 15.52 15.56 15.59 15.63 15.67 15.70 15.74 15.78 15.81 15.86 15.89 15.92 15.95 16.00 16.03 16.06 16.09 16.13 16.16 16.19 16.23 16.26
14.07 14.09 14.10 14.12 14.12 14.13 14.15 14.16 14.17 14.19 14.20 14.21 14.23 14.25 14.27 14.28 14.30 14.32 14.33 14.36 14.38 14.39 14.42 14.44 14.46 14.49 14.51 14.54 14.56 14.58 14.61 14.63 14.66 14.69 14.71 14.75 14.78 14.80 14.84 14.87 14.89 14.93 14.96 14.99 15.03 15.06 15.10 15.13 15.16 15.20 15.23 15.27 15.31 15.34 15.38 15.42 15.45 15.49 15.53 15.57 15.60 15.64 15.68 15.71 15.75 15.79 15.82 15.85 15.89 15.92 15.95 15.97 16.01 16.03 16.06 16.10 16.13 16.15 16.19
14.06 14.07 14.09 14.09 14.11 14.12 14.13 14.15 14.16 14.17 14.19 14.20 14.21 14.23 14.24 14.27 14.28 14.30 14.32 14.34 14.36 14.38 14.39 14.42 14.44 14.46 14.49 14.51 14.54 14.56 14.58 14.61 14.64 14.66 14.70 14.72 14.76 14.78 14.81 14.85 14.87 14.90 14.94 14.97 15.00 15.04 15.07 15.11 15.14 15.17 15.21 15.24 15.28 15.32 15.36 15.39 15.42 15.47 15.50 15.54 15.58 15.61 15.64 15.68 15.70 15.72 15.76 15.78 15.80 15.82 15.85 15.88 15.90 15.94 15.96 15.99 16.02 16.05 16.08
14.05 14.06 14.08 14.08 14.09 14.11 14.12 14.12 14.14 14.15 14.16 14.18 14.20 14.22 14.23 14.24 14.27 14.28 14.30 14.32 14.34 14.36 14.38 14.40 14.42 14.44 14.46 14.49 14.51 14.54 14.56 14.59 14.62 14.64 14.68 14.70 14.73 14.76 14.79 14.81 14.85 14.88 14.91 14.95 14.98 15.01 15.05 15.08 15.11 15.15 15.18 15.21 15.26 15.29 15.32 15.37 15.40 15.43 15.47 15.50 15.53 15.55 15.57 15.59 15.62 15.63 15.65 15.68 15.70 15.72 15.74 15.77 15.80 15.82 15.85 15.88 15.91 15.94 15.97
14.04 14.05 14.05 14.07 14.08 14.09 14.10 14.11 14.12 14.14 14.15 14.16 14.18 14.19 14.22 14.23 14.24 14.27 14.28 14.30 14.32 14.34 14.36 14.38 14.40 14.43 14.44 14.46 14.49 14.51 14.55 14.57 14.59 14.62 14.65 14.67 14.71 14.73 14.77 14.79 14.82 14.86 14.89 14.92 14.95 14.98 15.01 15.06 15.09 15.12 15.16 15.19 15.22 15.27 15.30 15.33 15.37 15.38 15.40 15.43 15.44 15.46 15.47 15.50 15.51 15.53 15.56 15.58 15.60 15.63 15.65 15.67 15.69 15.72 15.75 15.77 15.80 15.84 15.87
14.02 14.04 14.04 14.05 14.07 14.07 14.08 14.10 14.11 14.12 14.14 14.15 14.17 14.18 14.19 14.22 14.23 14.24 14.27 14.28 14.30 14.32 14.34 14.36 14.38 14.40 14.43 14.45 14.47 14.50 14.52 14.55 14.57 14.60 14.63 14.65 14.68 14.71 14.74 14.77 14.80 14.83 14.87 14.90 14.92 14.96 14.99 15.02 15.06 15.10 15.13 15.17 15.20 15.22 15.25 15.26 15.28 15.29 15.32 15.33 15.35 15.37 15.38 15.40 15.42 15.44 15.46 15.48 15.50 15.52 15.54 15.57 15.60 15.62 15.64 15.68 15.70 15.73 15.77
14.01 14.02 14.03 14.04 14.04 14.06 14.07 14.09 14.10 14.11 14.12 14.14 14.15 14.17 14.18 14.19 14.21 14.23 14.24 14.27 14.28 14.30 14.32 14.34 14.37 14.38 14.40 14.43 14.45 14.47 14.50 14.52 14.54 14.58 14.60 14.63 14.66 14.68 14.72 14.75 14.77 14.81 14.84 14.87 14.90 14.93 14.96 15.00 15.03 15.06 15.10 15.11 15.13 15.15 15.16 15.17 15.20 15.21 15.22 15.24 15.26 15.27 15.29 15.31 15.32 15.35 15.37 15.39 15.40 15.43 15.45 15.47 15.50 15.53 15.55 15.58 15.61 15.64 15.66
14.00 14.00 14.01 14.03 14.03 14.04 14.06 14.07 14.07 14.09 14.10 14.12 14.13 14.14 14.17 14.18 14.19 14.21 14.23 14.24 14.27 14.28 14.30 14.32 14.34 14.37 14.38 14.40 14.43 14.45 14.47 14.50 14.53 14.55 14.58 14.61 14.63 14.66 14.69 14.73 14.75 14.78 14.82 14.85 14.87 14.91 14.94 14.97 15.00 15.01 15.02 15.04 15.05 15.06 15.08 15.09 15.10 15.13 15.14 15.15 15.16 15.19 15.20 15.21 15.24 15.25 15.27 15.30 15.32 15.33 15.36 15.38 15.41 15.43 15.46 15.49 15.51 15.54 15.57
13.98 13.99 14.00 14.02 14.02 14.03 14.04 14.05 14.06 14.07 14.09 14.10 14.12 14.13 14.14 14.16 14.18 14.19 14.21 14.23 14.24 14.27 14.28 14.30 14.32 14.34 14.37 14.39 14.41 14.44 14.46 14.48 14.51 14.53 14.55 14.59 14.61 14.64 14.67 14.70 14.72 14.76 14.79 14.81 14.85 14.87 14.89 14.91 14.92 14.93 14.95 14.95 14.96 14.98 15.00 15.02 15.03 15.04 15.05 15.07 15.08 15.10 15.12 15.13 15.15 15.17 15.19 15.21 15.22 15.25 15.27 15.29 15.32 15.34 15.37 15.39 15.42 15.45 15.47
13.97 13.97 13.99 13.99 14.01 14.02 14.02 14.04 14.05 14.06 14.08 14.09 14.10 14.12 14.13 14.14 14.16 14.17 14.19 14.21 14.23 14.24 14.27 14.28 14.30 14.32 14.34 14.37 14.39 14.41 14.44 14.46 14.48 14.51 14.54 14.56 14.59 14.62 14.64 14.68 14.70 14.73 14.76 14.79 14.80 14.82 14.83 14.83 14.85 14.86 14.86 14.88 14.89 14.90 14.92 14.93 14.94 14.96 14.97 14.98 15.01 15.02 15.03 15.04 15.07 15.08 15.10 15.13 15.14 15.16 15.19 15.21 15.23 15.25 15.28 15.30 15.33 15.35 15.39
13.96 13.96 13.97 13.98 13.99 14.00 14.01 14.02 14.03 14.05 14.05 14.07 14.08 14.09 14.12 14.13 14.14 14.15 14.17 14.19 14.21 14.23 14.24 14.27 14.28 14.30 14.33 14.34 14.36 14.39 14.41 14.43 14.46 14.49 14.52 14.54 14.57 14.60 14.62 14.65 14.68 14.70 14.71 14.73 14.73 14.74 14.76 14.76 14.77 14.79 14.79 14.80 14.81 14.83 14.84 14.86 14.87 14.88 14.89 14.91 14.92 14.93 14.96 14.97 14.98 15.01 15.02 15.04 15.05 15.08 15.10 15.12 15.15 15.17 15.19 15.21 15.25 15.27 15.30
13.93 13.95 13.95 13.96 13.98 13.98 13.99 14.01 14.02 14.02 14.04 14.05 14.06 14.08 14.09 14.10 14.13 14.14 14.16 14.17 14.19 14.21 14.23 14.24 14.26 14.28 14.30 14.33 14.35 14.37 14.40 14.42 14.44 14.47 14.49 14.51 14.55 14.57 14.59 14.62 14.63 14.63 14.65 14.65 14.66 14.67 14.68 14.69 14.70 14.71 14.72 14.73 14.74 14.75 14.77 14.78 14.79 14.81 14.82 14.83 14.85 14.86 14.87 14.89 14.91 14.92 14.94 14.96 14.98 15.00 15.02 15.04 15.06 15.08 15.11 15.14 15.16 15.18 15.22
13.92 13.93 13.94 13.95 13.96 13.97 13.98 13.99 14.00 14.01 14.02 14.04 14.05 14.06 14.08 14.09 14.10 14.12 14.14 14.15 14.17 14.19 14.20 14.23 14.24 14.26 14.29 14.30 14.32 14.35 14.37 14.39 14.42 14.44 14.47 14.49 14.51 14.54 14.55 14.55 14.57 14.57 14.58 14.59 14.60 14.60 14.62 14.62 14.63 14.64 14.65 14.66 14.66 14.68 14.69 14.71 14.72 14.73 14.74 14.76 14.77 14.78 14.80 14.82 14.83 14.84 14.87 14.88 14.90 14.92 14.94 14.96 14.99 15.01 15.03 15.05 15.08 15.10 15.13
13.91 13.92 13.92 13.94 13.94 13.95 13.97 13.97 13.98 14.00 14.01 14.02 14.04 14.05 14.06 14.08 14.09 14.10 14.12 14.13 14.15 14.17 14.19 14.20 14.23 14.24 14.26 14.29 14.30 14.32 14.35 14.37 14.39 14.42 14.44 14.46 14.47 14.48 14.48 14.49 14.50 14.50 14.52 14.52 14.52 14.54 14.54 14.55 14.57 14.57 14.58 14.59 14.60 14.61 14.63 14.64 14.65 14.67 14.67 14.68 14.71 14.72 14.73 14.74 14.76 14.77 14.79 14.81 14.83 14.84 14.87 14.89 14.91 14.93 14.96 14.98 15.00 15.02 15.06
13.89 13.91 13.91 13.92 13.93 13.94 13.94 13.96 13.97 13.98 13.99 14.00 14.01 14.03 14.04 14.05 14.07 14.09 14.10 14.12 14.13 14.15 14.16 14.19 14.20 14.22 14.24 14.26 14.29 14.31 14.33 14.36 14.37 14.39 14.40 14.41 14.41 14.42 14.42 14.43 14.44 14.44 14.45 14.46 14.47 14.47 14.48 14.49 14.50 14.51 14.52 14.52 14.54 14.55 14.56 14.57 14.58 14.59 14.60 14.62 14.63 14.64 14.66 14.67 14.69 14.71 14.72 14.74 14.75 14.78 14.79 14.81 14.83 14.86 14.88 14.90 14.93 14.95 14.97
13.88 13.89 13.90 13.91 13.91 13.93 13.93 13.94 13.96 13.96 13.97 13.98 14.00 14.01 14.02 14.04 14.05 14.06 14.08 14.10 14.11 14.13 14.15 14.16 14.19 14.20 14.22 14.25 14.26 14.28 14.31 14.32 14.33 14.34 14.34 14.34 14.35 14.36 14.36 14.37 14.37 14.38 14.39 14.39 14.40 14.41 14.42 14.42 14.44 14.44 14.45 14.46 14.47 14.48 14.50 14.50 14.51 14.53 14.54 14.55 14.57 14.58 14.59 14.60 14.62 14.63 14.65 14.66 14.69 14.70 14.72 14.74 14.76 14.78 14.80 14.83 14.85 14.87 14.90
