main/data/pressure/13.01.2023.grid
ncols 886
nrows 691
xllcenter 112.0000
yllcenter -44.5000
cellsize 0.0500
nodata_value 99999.90
[rows 525 to 559 of 691, columns 385 to 461 of 886]
16.30 16.24 16.21 16.21 16.20 16.21 16.21 16.21 16.22 16.22 16.24 16.25 16.25 16.27 16.27 16.29 16.30 16.32 16.34 16.35 16.37 16.38 16.40 16.42 16.43 16.45 16.47 16.49 16.50 16.53 16.55 16.57 16.59 16.60 16.63 16.64 16.67 16.70 16.71 16.74 16.76 16.78 16.80 16.82 16.85 16.87 16.89 16.91 16.94 16.96 16.98 17.01 17.02 17.05 17.07 17.09 17.11 17.13 17.15 17.17 17.19 17.20 17.21 17.23 17.23 17.24 17.24 17.23 17.22 17.21 17.17 17.14 17.09 17.02 16.94 16.83 16.71
16.32 16.28 16.24 16.20 16.20 16.21 16.21 16.22 16.23 16.23 16.24 16.24 16.26 16.27 16.28 16.30 16.31 16.32 16.34 16.35 16.37 16.39 16.41 16.42 16.44 16.46 16.48 16.50 16.51 16.54 16.56 16.58 16.60 16.62 16.64 16.67 16.68 16.71 16.73 16.75 16.78 16.79 16.82 16.84 16.86 16.89 16.90 16.93 16.96 16.97 17.00 17.02 17.04 17.06 17.09 17.10 17.13 17.15 17.16 17.19 17.21 17.22 17.23 17.25 17.25 17.26 17.27 17.26 17.25 17.24 17.21 17.18 17.13 17.07 17.00 16.90 16.78
16.34 16.31 16.26 16.23 16.21 16.20 16.21 16.22 16.22 16.23 16.25 16.25 16.27 16.27 16.29 16.31 16.31 16.33 16.34 16.36 16.38 16.39 16.42 16.43 16.45 16.47 16.49 16.51 16.53 16.55 16.57 16.59 16.61 16.63 16.66 16.68 16.70 16.72 16.75 16.76 16.79 16.81 16.83 16.86 16.88 16.90 16.93 16.95 16.97 17.00 17.01 17.04 17.05 17.08 17.11 17.12 17.14 17.17 17.18 17.20 17.23 17.24 17.25 17.27 17.27 17.29 17.29 17.29 17.28 17.27 17.25 17.22 17.18 17.13 17.06 16.98 16.87
16.37 16.33 16.29 16.25 16.23 16.21 16.21 16.21 16.22 16.24 16.24 16.26 16.27 16.28 16.29 16.30 16.32 16.34 16.35 16.37 16.39 16.40 16.43 16.44 16.46 16.48 16.50 16.52 16.54 16.56 16.59 16.60 16.63 16.64 16.67 16.69 16.71 16.74 16.75 16.78 16.81 16.82 16.85 16.87 16.89 16.92 16.94 16.96 16.99 17.00 17.03 17.06 17.08 17.10 17.12 17.14 17.16 17.19 17.20 17.22 17.24 17.26 17.27 17.29 17.30 17.31 17.32 17.31 17.31 17.30 17.29 17.26 17.23 17.18 17.12 17.04 16.96
16.39 16.35 16.32 16.29 16.24 16.22 16.22 16.22 16.23 16.24 16.25 16.26 16.27 16.28 16.30 16.31 16.33 16.35 16.36 16.38 16.39 16.41 16.44 16.45 16.47 16.49 16.51 16.53 16.55 16.57 16.60 16.61 16.64 16.65 16.68 16.71 16.72 16.75 16.77 16.79 16.82 16.84 16.86 16.89 16.91 16.93 16.96 16.98 17.00 17.03 17.05 17.07 17.09 17.11 17.14 17.16 17.18 17.20 17.23 17.24 17.26 17.27 17.29 17.31 17.32 17.33 17.34 17.34 17.34 17.33 17.32 17.30 17.27 17.23 17.19 17.12 17.05
16.41 16.38 16.35 16.31 16.28 16.25 16.22 16.22 16.23 16.24 16.25 16.27 16.27 16.29 16.30 16.32 16.34 16.35 16.37 16.39 16.40 16.42 16.43 16.46 16.48 16.50 16.52 16.54 16.56 16.58 16.61 16.63 16.65 16.67 16.69 16.72 16.74 16.76 16.79 16.81 16.83 16.85 16.88 16.90 16.92 16.95 16.97 16.99 17.02 17.05 17.06 17.09 17.11 17.13 17.16 17.17 17.20 17.22 17.24 17.26 17.28 17.29 17.31 17.33 17.34 17.36 17.36 17.37 17.37 17.37 17.36 17.34 17.32 17.29 17.25 17.19 17.12
16.44 16.41 16.37 16.34 16.31 16.27 16.24 16.23 16.23 16.24 16.25 16.26 16.28 16.30 16.30 16.32 16.34 16.35 16.37 16.39 16.41 16.43 16.44 16.47 16.49 16.51 16.53 16.55 16.57 16.60 16.61 16.64 16.66 16.68 16.71 16.73 16.75 16.78 16.80 16.82 16.85 16.86 16.89 16.92 16.94 16.96 16.99 17.01 17.03 17.06 17.08 17.10 17.12 17.15 17.17 17.20 17.21 17.24 17.25 17.28 17.30 17.31 17.33 17.36 17.36 17.38 17.38 17.40 17.39 17.40 17.39 17.38 17.36 17.34 17.30 17.26 17.20
16.45 16.42 16.39 16.37 16.33 16.30 16.27 16.24 16.23 16.24 16.25 16.27 16.28 16.29 16.31 16.33 16.34 16.36 16.38 16.39 16.42 16.44 16.45 16.48 16.50 16.52 16.54 16.56 16.58 16.61 16.62 16.65 16.68 16.69 16.72 16.75 16.76 16.79 16.81 16.83 16.86 16.88 16.91 16.93 16.95 16.98 17.01 17.02 17.05 17.08 17.09 17.12 17.14 17.16 17.19 17.21 17.23 17.26 17.27 17.30 17.32 17.33 17.35 17.38 17.39 17.40 17.41 17.42 17.42 17.43 17.42 17.42 17.40 17.39 17.36 17.33 17.28
16.47 16.45 16.41 16.38 16.36 16.33 16.30 16.27 16.25 16.24 16.25 16.27 16.28 16.30 16.32 16.33 16.35 16.37 16.38 16.40 16.43 16.44 16.46 16.49 16.50 16.53 16.55 16.57 16.59 16.61 16.63 16.66 16.68 16.70 16.73 16.75 16.78 16.80 16.82 16.85 16.87 16.89 16.92 16.95 16.96 16.99 17.01 17.04 17.06 17.08 17.11 17.14 17.15 17.18 17.21 17.22 17.25 17.27 17.29 17.31 17.34 17.35 17.37 17.39 17.41 17.43 17.43 17.45 17.45 17.46 17.46 17.46 17.45 17.44 17.41 17.38 17.35
16.49 16.46 16.43 16.41 16.39 16.35 16.33 16.30 16.27 16.26 16.26 16.27 16.29 16.30 16.32 16.33 16.36 16.38 16.39 16.41 16.42 16.45 16.47 16.49 16.51 16.54 16.55 16.58 16.60 16.62 16.65 16.67 16.69 16.72 16.74 16.76 16.79 16.82 16.83 16.86 16.89 16.91 16.93 16.95 16.98 17.01 17.02 17.05 17.08 17.10 17.12 17.15 17.17 17.20 17.22 17.24 17.27 17.29 17.31 17.33 17.36 17.37 17.39 17.41 17.43 17.44 17.46 17.46 17.48 17.49 17.49 17.49 17.49 17.47 17.46 17.44 17.41
16.51 16.48 16.46 16.43 16.40 16.38 16.36 16.33 16.30 16.28 16.26 16.27 16.29 16.30 16.32 16.34 16.36 16.37 16.40 16.42 16.43 16.46 16.48 16.50 16.52 16.55 16.56 16.59 16.61 16.63 16.66 16.67 16.70 16.73 16.75 16.77 16.80 16.83 16.85 16.87 16.89 16.92 16.95 16.97 16.99 17.02 17.04 17.07 17.10 17.11 17.14 17.17 17.19 17.21 17.24 17.26 17.28 17.30 17.32 17.35 17.37 17.39 17.41 17.43 17.45 17.46 17.48 17.49 17.50 17.51 17.52 17.52 17.52 17.51 17.50 17.49 17.47
16.53 16.49 16.47 16.45 16.43 16.41 16.38 16.36 16.34 16.31 16.29 16.28 16.30 16.31 16.33 16.35 16.36 16.38 16.40 16.42 16.44 16.47 16.48 16.50 16.53 16.55 16.57 16.60 16.61 16.64 16.67 16.69 16.71 16.74 16.76 16.79 16.81 16.83 16.86 16.89 16.91 16.93 16.96 16.98 17.01 17.04 17.05 17.08 17.11 17.13 17.16 17.17 17.20 17.23 17.25 17.27 17.30 17.32 17.34 17.37 17.38 17.41 17.42 17.45 17.47 17.48 17.50 17.51 17.53 17.53 17.55 17.55 17.55 17.55 17.55 17.54 17.52
16.53 16.51 16.49 16.47 16.44 16.42 16.40 16.39 16.36 16.34 16.32 16.30 16.30 16.31 16.33 16.34 16.37 16.39 16.40 16.43 16.45 16.46 16.49 16.51 16.53 16.56 16.58 16.61 16.62 16.65 16.68 16.70 16.72 16.75 16.77 16.80 16.83 16.84 16.87 16.89 16.92 16.95 16.98 16.99 17.02 17.05 17.07 17.10 17.12 17.14 17.17 17.19 17.22 17.24 17.26 17.29 17.32 17.33 17.36 17.39 17.40 17.43 17.44 17.47 17.48 17.50 17.51 17.53 17.55 17.56 17.58 17.58 17.58 17.59 17.59 17.58 17.58
16.55 16.53 16.50 16.49 16.47 16.45 16.42 16.40 16.39 16.37 16.34 16.33 16.32 16.32 16.33 16.35 16.37 16.39 16.41 16.43 16.45 16.47 16.50 16.51 16.54 16.57 16.59 16.61 16.64 16.66 16.68 16.71 16.74 16.75 16.78 16.81 16.83 16.86 16.88 16.90 16.93 16.96 16.98 17.01 17.04 17.06 17.08 17.11 17.13 17.16 17.19 17.21 17.23 17.26 17.28 17.31 17.33 17.35 17.38 17.39 17.42 17.44 17.46 17.48 17.50 17.52 17.53 17.56 17.57 17.59 17.59 17.61 17.61 17.62 17.62 17.62 17.62
16.56 16.54 16.52 16.51 16.49 16.46 16.45 16.43 16.41 16.39 16.37 16.36 16.34 16.33 16.34 16.36 16.37 16.39 16.42 16.43 16.46 16.48 16.51 16.52 16.55 16.57 16.59 16.62 16.65 16.66 16.69 16.72 16.74 16.77 16.79 16.81 16.84 16.87 16.89 16.92 16.95 16.96 16.99 17.02 17.05 17.07 17.10 17.12 17.15 17.17 17.20 17.22 17.25 17.27 17.29 17.32 17.34 17.37 17.39 17.41 17.44 17.45 17.48 17.49 17.52 17.54 17.56 17.58 17.59 17.61 17.62 17.64 17.64 17.65 17.66 17.66 17.66
16.58 16.56 16.54 16.52 16.50 16.49 16.47 16.45 16.43 16.42 16.40 16.38 16.37 16.36 16.34 16.36 16.38 16.40 16.41 16.44 16.46 16.49 16.51 16.53 16.56 16.57 16.60 16.63 16.65 16.67 16.70 16.73 16.75 16.78 16.80 16.82 16.85 16.88 16.90 16.93 16.96 16.98 17.01 17.04 17.05 17.08 17.11 17.13 17.16 17.19 17.21 17.24 17.26 17.28 17.31 17.34 17.36 17.38 17.40 17.43 17.45 17.47 17.50 17.51 17.54 17.55 17.58 17.60 17.61 17.62 17.64 17.65 17.67 17.68 17.69 17.69 17.69
16.58 16.57 16.55 16.54 16.52 16.50 16.48 16.47 16.46 16.43 16.42 16.41 16.40 16.38 16.37 16.37 16.38 16.40 16.42 16.45 16.46 16.49 16.51 16.54 16.56 16.58 16.61 16.63 16.66 16.68 16.70 16.73 16.76 16.79 16.81 16.84 16.86 16.88 16.91 16.94 16.96 16.99 17.02 17.04 17.07 17.10 17.12 17.15 17.17 17.19 17.22 17.25 17.27 17.30 17.33 17.34 17.37 17.40 17.42 17.44 17.46 17.49 17.51 17.53 17.56 17.57 17.60 17.61 17.63 17.64 17.67 17.68 17.69 17.70 17.71 17.72 17.73
16.60 16.58 16.57 16.55 16.53 16.52 16.51 16.49 16.47 16.46 16.45 16.43 16.42 16.41 16.40 16.39 16.39 16.40 16.43 16.44 16.47 16.50 16.52 16.54 16.57 16.59 16.61 16.64 16.67 16.68 16.71 16.74 16.77 16.79 16.82 16.85 16.87 16.90 16.93 16.95 16.97 17.00 17.02 17.05 17.08 17.11 17.13 17.16 17.19 17.21 17.24 17.27 17.29 17.31 17.33 17.36 17.39 17.41 17.43 17.46 17.48 17.51 17.52 17.55 17.57 17.59 17.61 17.63 17.65 17.67 17.69 17.70 17.71 17.73 17.74 17.75 17.76
16.61 16.59 16.58 16.56 16.55 16.54 16.52 16.50 16.49 16.48 16.46 16.45 16.45 16.44 16.42 16.42 16.41 16.42 16.43 16.45 16.48 16.50 16.52 16.55 16.57 16.59 16.62 16.65 16.67 16.69 16.72 16.75 16.77 16.80 16.83 16.85 16.88 16.91 16.93 16.96 16.99 17.02 17.04 17.07 17.10 17.12 17.15 17.17 17.19 17.22 17.25 17.27 17.30 17.33 17.35 17.38 17.41 17.42 17.45 17.47 17.50 17.52 17.54 17.57 17.58 17.61 17.62 17.65 17.67 17.69 17.70 17.72 17.73 17.75 17.76 17.78 17.79
16.62 16.60 16.59 16.57 16.56 16.55 16.54 16.53 16.51 16.50 16.49 16.48 16.46 16.46 16.45 16.45 16.43 16.43 16.44 16.46 16.47 16.50 16.53 16.56 16.57 16.60 16.63 16.66 16.68 16.70 16.73 16.75 16.78 16.81 16.83 16.86 16.89 16.92 16.94 16.97 17.00 17.02 17.05 17.08 17.10 17.13 17.16 17.18 17.21 17.24 17.26 17.29 17.32 17.33 17.36 17.39 17.41 17.44 17.47 17.49 17.51 17.53 17.56 17.58 17.60 17.63 17.64 17.67 17.68 17.71 17.72 17.74 17.76 17.78 17.79 17.80 17.82
16.62 16.61 16.60 16.59 16.58 16.57 16.55 16.54 16.53 16.52 16.50 16.49 16.49 16.48 16.48 16.46 16.46 16.46 16.45 16.46 16.48 16.51 16.54 16.55 16.58 16.61 16.63 16.66 16.69 16.71 16.73 16.76 16.79 16.81 16.84 16.87 16.90 16.92 16.95 16.98 17.00 17.03 17.06 17.08 17.11 17.14 17.16 17.19 17.22 17.25 17.27 17.30 17.33 17.35 17.38 17.41 17.43 17.46 17.47 17.50 17.53 17.55 17.57 17.59 17.62 17.64 17.66 17.69 17.70 17.73 17.74 17.76 17.78 17.80 17.81 17.82 17.84
16.63 16.62 16.61 16.59 16.58 16.57 16.56 16.56 16.54 16.53 16.52 16.52 16.50 16.50 16.49 16.49 16.49 16.48 16.48 16.48 16.49 16.51 16.53 16.56 16.59 16.61 16.64 16.67 16.70 16.71 16.74 16.77 16.79 16.82 16.85 16.88 16.90 16.93 16.96 16.98 17.01 17.05 17.08 17.10 17.13 17.16 17.18 17.21 17.24 17.26 17.29 17.32 17.34 17.37 17.39 17.41 17.44 17.46 17.49 17.52 17.54 17.56 17.59 17.61 17.64 17.65 17.68 17.69 17.72 17.74 17.76 17.77 17.80 17.81 17.83 17.84 17.87
16.64 16.63 16.62 16.61 16.60 16.58 16.57 16.56 16.56 16.55 16.54 16.53 16.52 16.52 16.52 16.51 16.50 16.50 16.50 16.50 16.50 16.52 16.54 16.56 16.59 16.62 16.65 16.67 16.69 16.72 16.75 16.77 16.80 16.83 16.86 16.88 16.92 16.95 16.97 17.00 17.03 17.05 17.08 17.11 17.14 17.16 17.19 17.22 17.24 17.27 17.30 17.32 17.35 17.38 17.40 17.43 17.46 17.48 17.51 17.54 17.55 17.58 17.60 17.63 17.64 17.67 17.70 17.71 17.74 17.75 17.78 17.79 17.82 17.83 17.85 17.87 17.89
16.65 16.64 16.62 16.61 16.60 16.60 16.59 16.58 16.57 16.56 16.55 16.55 16.55 16.53 16.53 16.53 16.53 16.52 16.52 16.52 16.53 16.54 16.54 16.57 16.60 16.62 16.64 16.67 16.70 16.73 16.75 16.78 16.81 16.83 16.87 16.90 16.93 16.95 16.98 17.01 17.04 17.06 17.09 17.12 17.14 17.17 17.20 17.22 17.25 17.29 17.31 17.34 17.37 17.39 17.42 17.45 17.46 17.49 17.52 17.54 17.57 17.59 17.62 17.64 17.66 17.69 17.70 17.73 17.75 17.77 17.80 17.81 17.84 17.85 17.88 17.89 17.90
16.65 16.64 16.63 16.62 16.62 16.60 16.59 16.59 16.58 16.58 16.57 16.56 16.56 16.55 16.55 16.54 16.54 16.54 16.55 16.55 16.54 16.55 16.56 16.58 16.60 16.62 16.65 16.68 16.70 16.73 16.76 16.79 16.81 16.85 16.88 16.91 16.93 16.96 16.99 17.01 17.04 17.07 17.10 17.12 17.16 17.19 17.21 17.24 17.27 17.29 17.32 17.35 17.38 17.40 17.43 17.45 17.48 17.51 17.53 17.56 17.59 17.60 17.63 17.66 17.68 17.71 17.72 17.75 17.77 17.79 17.81 17.83 17.85 17.87 17.89 17.91 17.92
16.66 16.64 16.63 16.63 16.62 16.61 16.61 16.60 16.59 16.59 16.58 16.58 16.58 16.56 16.56 16.56 16.56 16.57 16.56 16.56 16.57 16.57 16.57 16.58 16.61 16.63 16.66 16.68 16.71 16.74 16.76 16.79 16.82 16.86 16.88 16.91 16.94 16.97 16.99 17.02 17.05 17.09 17.11 17.14 17.17 17.19 17.22 17.25 17.27 17.30 17.33 17.36 17.39 17.42 17.45 17.47 17.50 17.52 17.54 17.57 17.59 17.62 17.65 17.67 17.70 17.71 17.74 17.76 17.78 17.81 17.83 17.85 17.87 17.89 17.90 17.93 17.94
16.66 16.65 16.65 16.64 16.62 16.62 16.61 16.61 16.61 16.60 16.59 16.59 16.59 16.58 16.58 16.57 16.58 16.58 16.58 16.59 16.58 16.59 16.60 16.61 16.61 16.63 16.66 16.69 16.72 16.74 16.77 16.80 16.83 16.86 16.89 16.92 16.95 16.97 17.00 17.03 17.06 17.09 17.12 17.15 17.17 17.20 17.23 17.26 17.29 17.32 17.34 17.37 17.40 17.43 17.45 17.48 17.51 17.53 17.56 17.58 17.61 17.64 17.66 17.68 17.71 17.73 17.76 17.77 17.80 17.82 17.84 17.86 17.88 17.91 17.92 17.95 17.96
16.67 16.65 16.65 16.64 16.64 16.63 16.63 16.61 16.61 16.61 16.61 16.60 16.60 16.59 16.59 16.59 16.60 16.60 16.59 16.60 16.60 16.61 16.61 16.62 16.63 16.65 16.67 16.69 16.72 16.75 16.78 16.80 16.83 16.87 16.90 16.92 16.95 16.98 17.01 17.04 17.07 17.10 17.12 17.15 17.18 17.22 17.24 17.27 17.30 17.33 17.35 17.38 17.41 17.44 17.47 17.50 17.52 17.55 17.58 17.60 17.62 17.64 17.67 17.70 17.72 17.75 17.76 17.79 17.82 17.84 17.86 17.88 17.90 17.92 17.94 17.96 17.98
16.67 16.66 16.66 16.64 16.64 16.63 16.63 16.63 16.62 16.61 16.61 16.61 16.61 16.61 16.61 16.61 16.61 16.61 16.61 16.62 16.61 16.62 16.63 16.64 16.65 16.66 16.68 16.70 16.73 16.76 16.78 16.81 16.84 16.88 16.90 16.93 16.96 16.99 17.02 17.05 17.08 17.10 17.13 17.17 17.20 17.22 17.25 17.28 17.30 17.34 17.37 17.40 17.42 17.45 17.48 17.50 17.53 17.56 17.58 17.61 17.64 17.66 17.69 17.71 17.74 17.76 17.78 17.81 17.83 17.85 17.88 17.90 17.92 17.94 17.96 17.98 18.00
16.67 16.66 16.66 16.65 16.65 16.65 16.63 16.63 16.63 16.63 16.63 16.63 16.62 16.62 16.62 16.62 16.62 16.62 16.62 16.63 16.63 16.64 16.64 16.65 16.67 16.68 16.70 16.70 16.73 16.76 16.79 16.82 16.84 16.88 16.91 16.94 16.96 16.99 17.03 17.06 17.08 17.11 17.15 17.17 17.20 17.23 17.26 17.29 17.32 17.35 17.38 17.40 17.43 17.46 17.49 17.52 17.55 17.57 17.60 17.63 17.65 17.68 17.70 17.72 17.75 17.77 17.80 17.83 17.84 17.87 17.89 17.91 17.93 17.96 17.98 17.99 18.02
16.67 16.66 16.66 16.65 16.65 16.65 16.64 16.64 16.64 16.63 16.63 16.63 16.63 16.63 16.63 16.63 16.63 16.63 16.64 16.65 16.64 16.65 16.66 16.67 16.69 16.69 16.71 16.72 16.74 16.76 16.79 16.82 16.85 16.89 16.91 16.94 16.97 17.01 17.03 17.06 17.09 17.13 17.15 17.18 17.21 17.24 17.27 17.30 17.33 17.36 17.38 17.42 17.45 17.47 17.50 17.53 17.55 17.58 17.61 17.63 17.66 17.69 17.71 17.74 17.76 17.79 17.82 17.83 17.86 17.89 17.91 17.93 17.95 17.97 17.99 18.01 18.04
16.67 16.67 16.66 16.66 16.66 16.65 16.65 16.64 16.64 16.64 16.64 16.64 16.64 16.64 16.64 16.64 16.65 16.64 16.65 16.65 16.66 16.67 16.67 16.68 16.69 16.71 16.72 16.74 16.75 16.77 16.80 16.83 16.85 16.89 16.92 16.95 16.98 17.01 17.04 17.07 17.09 17.13 17.16 17.19 17.21 17.25 17.28 17.31 17.33 17.37 17.40 17.42 17.45 17.48 17.52 17.54 17.57 17.60 17.62 17.65 17.68 17.70 17.73 17.76 17.78 17.80 17.82 17.85 17.88 17.90 17.92 17.95 17.97 17.99 18.01 18.03 18.05
16.67 16.67 16.66 16.66 16.66 16.66 16.66 16.65 16.65 16.65 16.65 16.65 16.65 16.65 16.64 16.65 16.65 16.66 16.66 16.67 16.67 16.68 16.69 16.70 16.71 16.72 16.73 16.75 16.77 16.79 16.80 16.83 16.86 16.90 16.92 16.95 16.98 17.02 17.05 17.07 17.11 17.14 17.17 17.19 17.23 17.26 17.29 17.32 17.35 17.38 17.40 17.43 17.47 17.50 17.52 17.55 17.58 17.60 17.63 17.66 17.68 17.71 17.74 17.76 17.79 17.82 17.84 17.87 17.89 17.91 17.94 17.96 17.98 18.00 18.02 18.05 18.06
16.68 16.67 16.66 16.66 16.66 16.66 16.66 16.66 16.66 16.66 16.66 16.65 16.65 16.66 16.66 16.66 16.67 16.66 16.67 16.68 16.68 16.69 16.70 16.71 16.72 16.73 16.75 16.76 16.78 16.80 16.82 16.84 16.86 16.90 16.93 16.96 16.99 17.02 17.05 17.08 17.12 17.14 17.17 17.21 17.24 17.26 17.30 17.33 17.36 17.38 17.42 17.45 17.48 17.50 17.53 17.57 17.59 17.62 17.65 17.67 17.70 17.73 17.75 17.78 17.81 17.83 17.86 17.88 17.90 17.93 17.95 17.97 18.00 18.02 18.04 18.07 18.08
16.67 16.67 16.67 16.67 16.67 16.67 16.66 16.66 16.66 16.66 16.66 16.66 16.66 16.66 16.66 16.67 16.67 16.68 16.68 16.68 16.69 16.70 16.71 16.72 16.73 16.74 16.75 16.77 16.79 16.81 16.82 16.85 16.88 16.91 16.94 16.96 16.99 17.03 17.06 17.08 17.12 17.15 17.19 17.21 17.24 17.28 17.31 17.33 17.36 17.40 17.43 17.45 17.48 17.52 17.55 17.57 17.60 17.63 17.65 17.68 17.72 17.74 17.77 17.80 17.81 17.84 17.87 17.89 17.92 17.95 17.96 17.99 18.01 18.03 18.06 18.07 18.10
