main/data/pressure/13.01.2023.grid
ncols 886
nrows 691
xllcenter 112.0000
yllcenter -44.5000
cellsize 0.0500
nodata_value 99999.90
[rows 280 to 314 of 691, columns 385 to 461 of 886]
24.50 24.56 24.65 24.72 24.70 24.59 24.68 24.89 24.90 24.89 24.86 25.06 25.27 25.50 25.38 25.38 25.35 25.19 25.11 25.05 24.29 24.02 23.86 23.58 23.52 23.39 23.10 21.95 21.99 21.73 22.91 23.02 22.99 22.85 22.60 22.39 22.28 22.15 22.24 22.30 22.33 22.36 22.37 22.50 22.45 22.24 22.05 22.00 22.20 22.09 22.07 21.99 22.04 22.15 22.17 21.91 22.19 22.16 22.30 22.17 21.88 21.98 22.09 21.91 22.10 21.88 21.73 21.18 21.99 22.28 22.17 21.90 22.16 21.99 21.76 21.45 21.84
24.25 24.33 24.34 24.30 24.56 24.44 24.46 24.67 24.87 24.98 24.91 24.80 24.73 25.21 25.53 25.48 25.40 25.29 25.30 25.25 24.53 23.95 23.79 23.55 23.36 23.28 23.30 23.18 23.10 23.15 23.13 23.09 22.99 22.67 22.52 22.32 22.17 22.13 22.27 22.30 22.27 22.35 22.36 22.45 22.44 22.28 22.20 22.09 22.21 22.15 22.07 22.14 22.16 22.08 22.07 22.02 22.20 22.26 22.34 22.30 22.15 22.16 22.26 22.20 22.25 21.96 22.12 22.17 22.33 22.34 22.24 22.26 22.16 22.09 22.00 21.87 21.74
24.07 24.20 24.35 24.48 24.64 24.28 24.17 24.51 24.65 24.81 24.96 24.81 24.70 25.12 25.44 25.42 25.31 25.23 25.42 25.41 25.03 24.27 24.03 23.64 23.29 23.21 23.19 22.98 23.11 22.99 22.96 22.99 22.98 22.68 22.36 22.13 22.14 22.18 22.26 22.36 22.27 22.23 22.32 22.34 22.41 22.31 22.15 22.08 22.20 22.18 22.09 22.05 22.16 22.08 22.11 21.72 22.12 22.23 22.31 22.32 22.26 22.21 22.26 22.28 22.13 21.95 22.03 22.19 22.29 22.33 22.30 22.19 22.37 22.17 22.07 21.94 21.87
23.96 24.11 24.26 24.37 24.51 24.59 24.62 24.61 24.46 24.64 24.81 24.96 25.09 25.20 25.40 25.37 25.27 25.14 25.20 25.25 25.20 23.98 24.38 23.95 23.53 23.36 23.29 23.17 23.06 22.93 22.84 22.86 22.94 22.72 22.48 22.22 22.06 22.02 22.14 22.23 22.33 22.33 22.31 22.41 22.40 22.24 22.16 22.10 22.17 22.15 22.12 22.17 22.13 21.99 21.98 22.05 22.15 22.23 22.29 22.36 22.20 22.20 22.14 22.26 22.13 22.03 22.00 22.16 22.25 22.23 22.15 22.15 21.96 22.12 22.09 22.01 21.90
23.85 23.99 24.15 24.29 24.31 24.07 24.25 24.55 24.54 24.54 24.64 24.79 24.96 25.14 25.25 25.31 25.32 25.20 24.92 24.91 25.04 24.94 24.52 24.19 23.76 23.38 23.33 23.25 23.08 22.93 22.79 22.73 22.82 22.85 22.62 22.35 22.00 21.54 21.95 22.16 22.21 22.33 22.45 22.40 22.25 22.14 22.20 22.09 22.14 22.19 22.20 22.19 22.09 21.89 21.93 22.04 22.14 22.20 22.25 22.32 22.24 22.30 22.29 22.25 22.21 22.16 21.87 22.24 22.27 22.21 22.08 22.08 22.11 22.12 22.13 22.07 21.92
23.72 23.86 24.00 24.13 24.08 23.78 23.91 24.25 24.27 24.24 24.38 24.54 24.70 24.92 25.02 25.16 25.27 25.08 24.53 24.80 24.95 24.88 24.61 24.27 23.89 23.55 23.40 23.26 23.10 23.00 22.84 22.74 22.76 22.79 22.61 22.39 22.15 22.02 21.99 22.03 22.11 22.26 22.35 22.39 22.25 22.17 22.27 22.16 22.17 22.18 22.26 22.06 21.93 21.84 21.89 22.02 22.07 22.12 22.20 22.29 22.18 21.92 22.25 22.26 22.22 22.17 22.18 22.26 22.20 22.21 22.05 22.02 22.04 22.05 22.02 22.04 22.01
23.67 23.77 23.85 23.94 24.00 24.08 24.28 23.88 24.01 23.68 24.03 24.27 24.47 24.63 24.63 24.88 25.10 25.20 24.98 24.99 25.07 24.84 24.61 24.05 23.83 23.63 23.52 23.31 23.14 23.05 22.89 22.74 22.70 22.76 22.62 22.43 22.26 22.13 22.02 22.08 22.16 22.24 22.31 22.32 22.16 21.79 21.93 22.27 22.22 22.25 22.19 22.09 21.96 21.84 21.96 22.04 21.96 21.72 22.15 22.24 22.20 22.15 22.22 22.20 22.20 22.22 22.21 22.12 22.13 22.21 22.09 22.07 22.05 22.07 22.05 22.03 21.99
23.53 23.61 23.67 23.74 23.82 24.02 23.91 23.95 23.97 23.83 23.92 24.01 24.22 24.32 24.10 24.49 24.83 25.00 25.11 25.15 25.10 24.87 24.58 24.20 23.90 23.69 23.51 23.28 23.07 22.95 22.89 22.80 22.65 22.68 22.65 22.53 22.39 22.27 22.19 22.20 22.23 22.26 22.24 22.26 22.21 22.14 21.80 22.15 22.26 22.23 22.25 22.15 22.09 21.47 21.84 22.03 22.04 21.63 22.11 22.17 22.14 22.14 22.07 22.07 22.18 22.15 22.10 21.98 22.01 22.15 22.13 22.08 22.05 22.06 22.02 21.95 21.94
23.30 23.40 23.50 23.56 23.64 23.82 23.79 23.84 23.90 23.98 24.08 24.13 24.07 24.13 24.21 24.26 24.53 24.75 24.92 24.97 24.92 24.70 24.33 24.22 23.95 23.69 23.47 23.20 22.93 22.83 22.81 22.76 22.70 22.64 22.60 22.55 22.53 22.37 22.30 22.31 22.30 22.29 22.19 22.15 22.19 22.19 22.18 22.20 22.22 22.24 22.14 22.18 22.09 21.71 21.92 22.01 22.03 21.93 22.03 22.02 21.99 22.03 22.09 22.10 22.07 22.01 21.95 22.03 22.06 22.13 22.11 22.05 22.00 21.85 21.44 21.87 21.87
23.07 23.17 23.33 23.41 23.51 23.60 23.56 23.69 23.80 23.83 23.98 24.00 23.98 24.05 24.08 23.85 24.07 24.52 24.65 24.69 24.60 24.51 24.27 24.04 23.84 23.62 23.38 22.99 22.84 22.82 22.73 22.62 22.53 22.48 22.45 22.44 22.43 22.40 22.35 22.31 22.30 22.27 22.21 22.16 22.11 22.06 22.05 22.07 22.08 22.12 22.18 22.20 22.18 22.06 22.11 22.09 22.06 21.98 21.94 21.88 21.91 22.03 22.04 21.99 21.77 21.92 21.93 21.96 22.02 22.04 22.08 22.02 21.94 21.87 21.83 21.95 21.96
22.78 22.90 23.04 23.17 23.29 23.39 23.41 23.45 23.50 23.63 23.78 23.83 23.86 23.93 24.00 24.06 24.03 24.19 24.30 24.28 24.14 23.95 23.78 23.75 23.64 23.47 23.28 22.65 22.74 22.84 22.67 22.47 22.35 22.32 22.30 22.32 22.32 22.30 22.30 22.26 22.26 22.23 22.18 22.12 22.05 21.97 21.91 21.86 21.92 21.98 22.06 22.12 22.14 22.11 22.09 22.08 22.06 21.98 21.89 21.84 21.85 21.91 21.92 21.70 21.77 21.85 21.84 21.91 21.96 21.98 21.96 22.00 21.96 21.98 21.96 21.89 21.96
22.46 22.62 22.75 22.90 23.03 23.13 23.20 23.18 23.17 23.40 23.58 23.65 23.69 23.78 23.88 23.95 23.97 24.03 24.11 24.08 23.82 23.44 23.29 23.33 23.30 23.30 23.08 22.95 22.81 22.69 22.58 22.39 22.26 22.23 22.18 22.17 22.16 22.15 22.16 22.16 22.18 22.18 22.14 22.09 22.02 21.93 21.84 21.76 21.79 21.86 21.94 22.02 22.07 22.08 22.05 22.02 22.01 22.02 21.91 21.85 21.82 21.78 21.73 21.61 21.61 21.68 21.62 21.80 21.86 21.90 21.92 21.97 21.99 22.02 22.02 21.99 21.93
22.18 22.33 22.47 22.62 22.75 22.86 22.95 23.00 23.06 23.22 23.36 23.46 23.54 23.61 23.68 23.76 23.83 23.93 23.98 23.95 23.70 23.14 23.06 23.27 23.20 22.85 22.73 22.61 22.54 22.47 22.39 22.35 22.26 22.18 22.11 22.00 21.97 22.00 21.98 21.94 22.03 22.07 22.09 22.06 22.00 21.92 21.81 21.73 21.73 21.75 21.82 21.90 21.96 22.00 22.00 21.95 21.95 21.96 21.93 21.89 21.82 21.69 21.53 21.49 21.63 21.79 21.68 21.62 21.71 21.88 21.92 21.95 22.00 22.01 21.96 21.89 21.85
21.88 22.03 22.16 22.31 22.44 22.57 22.69 22.81 22.89 23.01 23.12 23.25 23.36 23.40 23.46 23.52 23.62 23.72 23.78 23.70 23.51 23.33 23.25 23.17 22.98 22.64 22.40 22.32 22.28 22.21 22.06 21.85 21.90 22.10 22.05 21.99 21.95 21.92 21.81 21.54 21.86 21.97 22.00 22.00 21.95 21.88 21.79 21.72 21.68 21.67 21.69 21.76 21.85 21.92 21.95 21.95 21.94 21.88 21.88 21.87 21.80 21.64 21.49 21.51 21.68 21.80 21.72 21.55 21.46 21.67 21.86 21.93 21.99 21.95 21.85 21.78 21.85
21.55 21.63 21.76 21.99 22.15 22.27 22.40 22.49 22.58 22.75 22.86 22.98 23.08 23.15 23.19 23.26 23.37 23.46 23.49 23.40 23.25 23.14 23.04 22.90 22.68 22.34 22.03 22.01 22.00 21.91 21.76 21.72 21.94 21.94 21.88 21.89 21.89 21.88 21.85 21.83 21.84 21.88 21.92 21.93 21.89 21.83 21.78 21.71 21.65 21.59 21.58 21.62 21.70 21.80 21.85 21.89 21.88 21.68 21.71 21.80 21.74 21.61 21.54 21.64 21.73 21.82 21.81 21.64 21.27 21.53 21.83 21.88 21.93 21.87 21.74 21.71 21.82
21.23 21.26 21.26 21.67 21.82 21.96 22.09 22.18 22.18 22.42 22.57 22.69 22.79 22.88 22.98 23.06 23.13 23.18 23.17 23.04 22.84 22.76 22.72 22.56 22.39 22.06 21.58 21.66 21.71 21.68 21.62 21.62 21.71 21.73 21.73 21.75 21.77 21.77 21.78 21.79 21.80 21.81 21.83 21.84 21.82 21.78 21.75 21.71 21.66 21.59 21.56 21.56 21.63 21.71 21.69 21.66 21.72 21.80 21.70 21.74 21.66 21.46 21.45 21.65 21.72 21.77 21.86 21.83 21.71 21.91 21.91 21.87 21.89 21.81 21.70 21.65 21.61
20.92 21.02 21.02 21.37 21.50 21.65 21.79 21.91 21.97 22.12 22.24 22.33 22.43 22.60 22.72 22.83 22.92 22.94 22.89 22.75 22.57 22.48 22.28 22.15 22.10 21.97 21.61 21.52 21.52 21.50 21.47 21.45 21.45 21.50 21.56 21.60 21.62 21.57 21.57 21.70 21.71 21.71 21.73 21.74 21.74 21.74 21.71 21.70 21.67 21.65 21.58 21.54 21.57 21.55 21.46 21.52 21.60 21.71 21.74 21.73 21.62 21.42 21.46 21.66 21.72 21.79 21.88 21.90 21.92 21.89 21.87 21.86 21.82 21.77 21.70 21.61 21.60
20.59 20.75 20.89 21.04 21.20 21.34 21.48 21.60 21.69 21.77 21.83 21.98 22.12 22.27 22.36 22.52 22.59 22.57 22.47 22.37 22.24 22.05 21.84 21.70 21.71 21.65 21.49 21.40 21.38 21.36 21.33 21.30 21.26 21.30 21.35 21.38 21.38 21.24 20.99 21.52 21.60 21.62 21.62 21.64 21.66 21.67 21.67 21.66 21.65 21.63 21.50 21.30 21.34 21.45 21.38 21.45 21.53 21.59 21.58 21.67 21.60 21.47 21.53 21.69 21.73 21.79 21.84 21.84 21.83 21.81 21.77 21.74 21.70 21.66 21.62 21.50 21.53
20.27 20.43 20.58 20.72 20.86 21.00 21.12 21.23 21.33 21.41 21.48 21.65 21.78 21.79 21.81 22.04 22.11 22.03 21.96 21.91 21.75 21.60 21.39 21.20 21.35 21.33 21.27 21.24 21.24 21.23 21.20 21.16 21.12 21.13 21.16 21.17 21.21 21.22 21.19 21.45 21.47 21.46 21.41 21.49 21.53 21.57 21.59 21.61 21.61 21.57 21.45 21.27 21.34 21.49 21.46 21.52 21.57 21.54 21.40 21.54 21.52 21.35 21.42 21.62 21.71 21.76 21.77 21.74 21.72 21.68 21.65 21.60 21.56 21.50 21.50 21.51 21.54
19.95 20.10 20.26 20.38 20.49 20.64 20.73 20.80 20.96 21.07 21.17 21.26 21.32 21.27 21.10 21.24 21.55 21.61 21.60 21.56 21.48 21.31 21.17 21.09 21.08 21.08 21.05 21.02 21.07 21.07 21.05 21.00 20.96 20.97 20.99 21.00 21.06 21.13 21.22 21.34 21.24 21.05 21.03 21.21 21.33 21.42 21.46 21.50 21.55 21.58 21.51 21.51 21.56 21.60 21.66 21.70 21.64 21.63 21.56 21.55 21.46 21.32 21.35 21.55 21.65 21.69 21.64 21.62 21.60 21.56 21.51 21.46 21.43 21.41 21.45 21.54 21.57
19.60 19.74 19.88 20.01 20.14 20.28 20.29 20.24 20.52 20.68 20.74 20.78 20.79 20.90 21.02 21.11 21.18 21.21 21.16 21.23 21.15 21.09 21.01 20.99 20.92 20.90 20.87 20.77 20.87 20.91 20.90 20.84 20.79 20.82 20.85 20.86 20.89 20.97 21.08 21.15 21.02 20.73 20.73 21.02 21.17 21.26 21.33 21.40 21.45 21.47 21.48 21.53 21.58 21.60 21.56 21.51 21.44 21.62 21.58 21.51 21.35 21.16 21.39 21.53 21.60 21.59 21.46 21.41 21.44 21.44 21.40 21.31 21.30 21.38 21.46 21.55 21.61
19.26 19.40 19.53 19.65 19.79 19.90 19.97 19.88 20.18 20.27 20.32 20.38 20.52 20.64 20.77 20.87 20.80 20.57 20.30 20.79 20.92 20.86 20.81 20.77 20.73 20.71 20.71 20.71 20.72 20.76 20.76 20.70 20.65 20.69 20.73 20.72 20.65 20.70 20.88 20.94 20.91 20.92 20.93 20.97 21.04 21.13 21.21 21.30 21.35 21.41 21.46 21.46 21.39 21.39 21.35 21.26 21.18 21.50 21.51 21.39 21.23 21.04 21.33 21.49 21.52 21.45 21.18 20.93 21.11 21.25 21.28 21.24 21.28 21.38 21.46 21.54 21.58
18.98 19.10 19.22 19.31 19.39 19.51 19.63 19.65 19.76 19.85 19.90 20.02 20.18 20.32 20.47 20.55 20.50 20.28 20.03 20.46 20.64 20.62 20.58 20.52 20.47 20.47 20.47 20.53 20.58 20.59 20.59 20.55 20.55 20.59 20.64 20.64 20.30 20.36 20.76 20.75 20.78 20.94 20.95 20.90 20.93 21.04 21.13 21.20 21.27 21.33 21.38 21.32 21.23 21.17 21.12 21.18 21.29 21.43 21.46 21.33 21.26 21.21 21.30 21.44 21.41 21.33 21.05 20.83 21.02 21.13 21.15 21.26 21.35 21.40 21.48 21.55 21.59
18.71 18.82 18.92 19.00 19.10 19.17 19.30 19.33 19.46 19.49 19.48 19.64 19.77 19.89 19.94 20.16 20.23 20.24 20.30 20.34 20.36 20.36 20.34 20.30 20.26 20.27 20.27 20.33 20.42 20.47 20.45 20.42 20.44 20.49 20.56 20.58 20.24 20.28 20.69 20.69 20.72 20.90 20.92 20.89 20.89 20.99 21.06 21.12 21.16 21.19 21.26 21.18 21.11 21.06 21.02 21.15 21.35 21.38 21.43 21.33 21.30 21.28 21.30 21.34 21.15 21.05 21.02 21.09 21.18 21.17 21.17 21.29 21.39 21.44 21.50 21.55 21.61
18.46 18.55 18.63 18.69 18.79 18.87 18.94 18.99 19.13 19.18 19.24 19.36 19.46 19.55 19.62 19.77 19.89 19.97 20.03 20.07 20.08 20.10 20.11 20.12 20.11 20.12 20.14 20.21 20.27 20.33 20.35 20.31 20.31 20.39 20.47 20.51 20.48 20.47 20.61 20.64 20.73 20.81 20.87 20.89 20.91 20.94 20.99 21.02 21.06 21.12 21.16 21.11 21.06 21.00 21.02 21.08 21.17 21.27 21.34 21.36 21.30 21.24 21.22 21.21 20.89 20.70 20.89 21.09 21.19 21.24 21.27 21.33 21.41 21.46 21.51 21.56 21.61
18.22 18.28 18.36 18.42 18.50 18.57 18.63 18.69 18.77 18.87 18.95 19.04 19.16 19.23 19.31 19.43 19.53 19.62 19.70 19.77 19.80 19.85 19.88 19.92 19.93 19.96 20.01 20.07 20.13 20.19 20.26 20.23 20.23 20.30 20.39 20.47 20.53 20.54 20.59 20.67 20.70 20.72 20.77 20.82 20.85 20.88 20.89 20.91 20.93 20.95 20.97 20.97 20.95 20.92 20.95 21.00 21.08 21.17 21.27 21.31 21.25 21.11 21.05 21.09 21.04 20.96 20.72 20.97 21.14 21.24 21.31 21.34 21.40 21.46 21.51 21.56 21.60
17.99 18.03 18.09 18.15 18.20 18.26 18.32 18.39 18.45 18.51 18.58 18.68 18.78 18.87 18.96 19.07 19.17 19.26 19.35 19.45 19.52 19.56 19.63 19.68 19.71 19.76 19.83 19.91 19.96 20.02 20.08 20.15 20.18 20.23 20.31 20.37 20.42 20.47 20.51 20.56 20.60 20.63 20.65 20.70 20.73 20.77 20.77 20.77 20.75 20.70 20.70 20.75 20.78 20.81 20.84 20.92 21.01 21.08 21.14 21.24 21.19 20.82 20.84 20.97 20.96 20.70 20.54 20.87 21.09 21.22 21.28 21.32 21.37 21.45 21.49 21.54 21.58
17.76 17.80 17.86 17.91 17.94 17.99 18.04 18.11 18.16 18.21 18.28 18.36 18.45 18.53 18.62 18.73 18.81 18.89 18.99 19.10 19.20 19.26 19.32 19.38 19.45 19.53 19.61 19.68 19.76 19.83 19.91 19.98 20.04 20.09 20.13 20.17 20.24 20.32 20.36 20.39 20.45 20.47 20.49 20.53 20.57 20.61 20.61 20.60 20.59 20.53 20.55 20.61 20.67 20.74 20.78 20.86 20.95 21.01 21.01 21.17 20.93 20.65 20.78 20.95 21.02 20.94 20.83 20.95 21.08 21.19 21.25 21.27 21.35 21.43 21.48 21.52 21.55
17.53 17.58 17.62 17.66 17.69 17.74 17.79 17.86 17.92 17.97 18.02 18.02 18.11 18.13 18.30 18.40 18.50 18.55 18.61 18.77 18.88 18.95 19.00 19.06 19.16 19.25 19.33 19.41 19.51 19.61 19.68 19.76 19.86 19.88 19.91 19.97 20.04 20.10 20.14 20.20 20.26 20.31 20.34 20.37 20.41 20.43 20.43 20.43 20.45 20.47 20.52 20.58 20.64 20.70 20.76 20.84 20.92 21.00 21.04 21.11 20.80 20.80 20.96 20.97 20.94 21.03 21.05 21.03 21.08 21.16 21.23 21.28 21.34 21.41 21.46 21.50 21.55
17.31 17.36 17.39 17.42 17.46 17.50 17.56 17.64 17.66 17.73 17.75 17.69 17.71 17.48 17.96 18.10 18.16 18.23 18.32 18.45 18.56 18.63 18.69 18.75 18.84 18.95 19.03 19.11 19.21 19.31 19.40 19.50 19.60 19.66 19.70 19.75 19.82 19.87 19.92 19.98 20.05 20.15 20.18 20.21 20.23 20.26 20.27 20.28 20.34 20.39 20.46 20.51 20.57 20.62 20.68 20.78 20.84 20.92 20.99 21.03 21.06 21.00 21.07 21.04 20.96 21.02 21.06 21.07 21.09 21.16 21.23 21.29 21.35 21.40 21.45 21.51 21.56
17.10 17.14 17.17 17.22 17.25 17.29 17.36 17.40 17.45 17.51 17.53 17.40 17.35 16.08 17.77 17.80 17.76 17.87 17.99 18.11 18.22 18.31 18.39 18.46 18.52 18.63 18.71 18.79 18.90 19.00 19.10 19.20 19.30 19.41 19.49 19.52 19.59 19.66 19.72 19.74 19.83 19.97 20.00 20.03 20.06 20.08 20.11 20.17 20.22 20.29 20.35 20.39 20.44 20.48 20.53 20.62 20.69 20.79 20.87 20.88 20.95 20.94 21.04 21.07 21.04 21.06 21.07 21.11 21.14 21.18 21.24 21.30 21.35 21.41 21.46 21.52 21.56
16.88 16.93 16.98 17.01 17.05 17.09 17.13 17.18 17.23 17.27 17.34 17.33 17.21 16.96 17.45 17.58 17.56 17.60 17.68 17.78 17.88 17.97 18.06 18.13 18.17 18.31 18.40 18.49 18.61 18.72 18.82 18.93 19.04 19.18 19.28 19.31 19.37 19.44 19.55 19.66 19.74 19.78 19.85 19.88 19.90 19.92 19.97 20.04 20.10 20.17 20.23 20.29 20.33 20.36 20.36 20.52 20.62 20.69 20.70 20.75 20.82 20.64 20.63 20.93 21.04 21.07 21.10 21.13 21.14 21.19 21.23 21.29 21.34 21.40 21.43 21.48 21.48
16.70 16.72 16.76 16.82 16.88 16.91 16.93 16.97 16.99 17.05 17.12 17.15 17.13 17.13 17.30 17.35 17.35 17.40 17.45 17.51 17.58 17.65 17.73 17.80 17.89 17.99 18.10 18.20 18.33 18.45 18.57 18.68 18.82 18.96 19.05 19.12 19.16 19.20 19.34 19.47 19.55 19.63 19.68 19.73 19.78 19.79 19.84 19.89 19.95 20.02 20.12 20.19 20.26 20.32 20.33 20.48 20.52 20.53 20.55 20.61 20.66 20.65 20.65 20.81 20.91 21.02 21.04 20.95 21.10 21.16 21.22 21.26 21.30 21.37 21.39 21.45 21.35
16.49 16.51 16.54 16.62 16.69 16.71 16.74 16.77 16.79 16.85 16.91 16.96 17.01 17.09 17.13 17.05 17.11 17.20 17.27 17.31 17.36 17.41 17.44 17.49 17.58 17.69 17.79 17.92 18.05 18.19 18.32 18.44 18.58 18.73 18.83 18.91 18.99 19.06 19.15 19.24 19.35 19.45 19.51 19.57 19.61 19.63 19.69 19.74 19.80 19.90 20.01 20.11 20.18 20.22 20.31 20.34 20.35 20.35 20.38 20.44 20.46 20.46 20.61 20.74 20.81 20.89 20.94 21.04 21.06 21.14 21.19 21.25 21.27 21.33 21.38 21.43 21.46
16.33 16.34 16.32 16.39 16.48 16.52 16.55 16.59 16.64 16.68 16.73 16.76 16.81 16.86 16.88 16.69 16.89 17.03 17.08 17.13 17.16 17.21 17.24 17.27 17.32 17.40 17.50 17.62 17.77 17.92 18.06 18.19 18.33 18.47 18.59 18.70 18.81 18.90 18.93 18.90 19.09 19.26 19.34 19.41 19.42 19.42 19.50 19.58 19.68 19.79 19.92 20.01 20.06 20.12 20.20 20.16 20.15 20.18 20.23 20.30 20.36 20.42 20.64 20.65 20.71 20.70 20.74 20.96 20.81 20.47 21.08 21.21 21.28 21.29 21.37 21.43 21.48
