main/data/pressure/13.12.2023.grid
ncols 886
nrows 691
xllcenter 112.0000
yllcenter -44.5000
cellsize 0.0500
nodata_value 99999.90
[rows 525 to 559 of 691, columns 632 to 710 of 886]
19.08 19.13 19.17 19.30 19.33 19.36 19.39 19.40 19.40 19.41 19.40 19.38 19.37 19.35 19.33 19.30 19.27 19.25 19.19 19.18 19.23 19.22 19.24 19.25 19.26 19.31 19.33 19.36 19.40 19.43 19.45 19.48 19.50 19.52 19.55 19.57 19.59 19.59 19.60 19.59 19.58 19.56 19.54 19.51 19.49 19.48 19.46 19.41 19.29 18.98 18.98 19.02 18.93 19.49 19.52 19.56 19.60 19.21 19.27 19.04 19.27 19.49 19.21 19.28 19.61 18.68 20.37 20.57 20.73 20.29 20.45 19.55 19.42 20.96 18.98 20.87 19.79 19.16 18.24
18.78 19.12 19.23 19.34 19.41 19.46 19.50 19.50 19.50 19.52 19.50 19.48 19.48 19.45 19.43 19.40 19.38 19.36 19.33 19.33 19.33 19.33 19.33 19.33 19.37 19.40 19.42 19.45 19.48 19.51 19.54 19.56 19.58 19.60 19.62 19.64 19.65 19.66 19.65 19.64 19.63 19.61 19.55 19.55 19.52 19.50 19.47 19.47 19.45 19.34 19.31 18.94 18.94 19.49 19.53 19.57 19.59 19.44 19.58 19.53 19.57 19.60 19.58 19.56 19.60 19.79 20.29 19.84 19.11 20.78 20.57 18.90 20.12 20.92 19.56 19.51 20.70 19.46 17.99
18.89 19.15 19.35 19.41 19.41 19.54 19.60 19.60 19.63 19.62 19.60 19.60 19.58 19.57 19.52 19.51 19.48 19.45 19.44 19.42 19.41 19.40 19.45 19.45 19.44 19.49 19.51 19.54 19.56 19.60 19.61 19.63 19.64 19.66 19.68 19.71 19.71 19.71 19.70 19.68 19.66 19.62 18.95 19.51 19.54 19.51 19.47 19.37 19.28 19.35 19.25 18.92 18.62 19.50 19.53 19.59 19.61 19.68 19.58 19.49 19.33 19.03 18.83 18.93 19.39 19.82 20.09 19.40 20.46 20.72 20.00 18.67 18.91 20.89 20.00 20.72 19.58 20.38 18.73
19.16 19.30 19.38 19.36 19.51 19.64 19.68 19.69 19.71 19.72 19.70 19.69 19.68 19.65 19.60 19.57 19.57 19.53 19.51 19.50 19.49 19.48 19.49 19.44 19.46 19.56 19.58 19.60 19.62 19.64 19.66 19.68 19.70 19.71 19.73 19.71 19.78 19.76 19.75 19.73 19.69 19.57 19.61 19.59 19.57 19.54 19.51 19.38 19.23 19.17 18.87 18.92 18.67 19.32 19.53 19.57 19.64 19.69 19.75 19.62 19.38 18.78 18.95 18.35 18.68 19.83 19.83 17.50 19.45 20.64 19.12 18.41 20.11 20.82 20.36 18.62 18.91 19.43 20.30
19.22 19.27 19.38 18.88 19.61 19.72 19.76 19.78 19.81 19.79 19.77 19.77 19.76 19.73 19.68 19.62 19.64 19.62 19.58 19.55 19.55 19.54 19.51 19.35 19.61 19.61 19.64 19.66 19.67 19.68 19.70 19.71 19.73 19.75 19.77 19.80 19.80 19.79 19.78 19.75 19.70 19.66 19.65 19.61 19.60 19.56 19.52 19.46 19.27 19.32 19.43 19.27 18.90 19.34 19.52 19.60 19.66 19.71 19.68 19.79 19.46 19.71 19.60 18.46 17.65 19.79 19.40 19.95 20.35 20.58 19.20 18.32 20.68 20.74 20.05 20.41 19.67 20.20 19.48
19.24 19.12 19.27 19.64 19.72 19.77 19.74 19.76 19.86 19.86 19.85 19.83 19.82 19.81 19.77 19.67 19.66 19.63 19.65 19.62 19.58 19.58 19.51 19.37 19.67 19.67 19.70 19.70 19.71 19.65 19.74 19.75 19.77 19.78 19.80 19.82 19.82 19.83 19.80 19.77 19.73 19.53 19.60 19.59 19.50 19.50 19.54 19.51 19.47 19.47 19.37 19.35 19.44 19.50 19.58 19.58 19.57 19.53 19.52 19.37 19.90 19.45 19.55 19.68 19.90 19.88 19.10 17.31 19.37 20.44 19.40 18.65 19.61 19.70 20.28 20.71 20.04 20.25 18.68
19.27 19.05 18.60 19.44 19.74 19.63 19.80 19.91 19.94 19.93 19.92 19.89 19.85 19.85 19.71 19.66 19.52 19.57 19.65 19.67 19.64 19.62 19.53 19.42 19.71 19.71 19.72 19.73 19.73 19.73 19.76 19.76 19.72 19.80 19.83 19.83 19.84 19.84 19.82 19.75 19.75 19.68 19.67 19.62 19.53 19.54 19.49 19.52 19.48 19.47 19.38 18.90 19.32 19.47 19.53 19.46 19.71 19.15 19.38 19.11 19.73 19.68 19.99 19.99 19.45 19.30 19.56 18.55 19.96 20.10 20.01 18.48 20.10 19.03 17.89 20.20 20.52 20.42 20.59
19.28 18.90 19.07 19.49 19.35 19.88 19.95 19.99 19.99 19.97 19.95 19.92 19.85 19.67 19.62 19.67 19.67 19.70 19.73 19.69 19.68 19.64 19.55 19.39 19.73 19.74 19.74 19.72 19.48 19.73 19.75 19.76 19.80 19.83 19.84 19.84 19.84 19.83 19.77 19.71 19.78 19.76 19.70 19.67 19.61 19.57 19.47 19.49 19.54 19.44 19.14 19.14 19.16 19.37 19.47 19.67 19.76 19.42 19.70 19.37 19.41 19.01 19.90 20.00 20.04 19.84 19.64 18.85 20.02 18.58 20.35 18.66 18.76 18.26 18.22 19.70 19.78 20.15 19.55
19.06 19.10 19.61 19.52 19.76 19.94 20.01 20.04 20.04 20.00 19.96 19.91 19.91 19.66 19.67 19.76 19.78 19.73 19.75 19.70 19.71 19.63 19.54 19.51 19.75 19.69 19.70 19.68 19.63 19.72 19.49 19.64 19.76 19.84 19.86 19.85 19.84 19.84 19.83 19.79 19.80 19.74 19.69 19.37 19.54 19.51 19.46 19.45 19.57 19.57 19.46 19.37 19.33 19.32 19.21 19.43 19.70 19.77 19.69 19.55 19.35 19.69 19.92 19.26 19.55 20.03 19.60 17.25 18.63 18.69 19.89 19.86 18.22 17.49 17.75 18.50 18.96 19.63 18.31
19.34 19.00 19.74 19.82 19.90 20.00 20.04 20.08 20.07 19.96 19.99 19.87 19.93 19.55 19.73 19.72 19.67 19.56 19.67 19.74 19.62 19.66 19.45 19.32 19.69 19.60 19.60 19.59 19.60 19.70 19.62 19.71 19.84 19.85 19.88 19.87 19.87 19.85 19.72 19.82 19.81 19.75 19.29 19.32 19.41 19.36 19.11 19.43 19.61 19.59 19.45 19.22 19.13 18.99 19.24 19.21 19.32 19.75 19.39 18.11 19.10 19.66 19.11 17.16 16.95 19.10 19.99 19.51 19.54 18.54 18.64 20.19 18.59 16.97 15.99 17.04 17.82 19.31 18.72
19.12 19.43 19.64 19.86 19.95 19.97 20.11 20.12 20.10 19.89 19.99 19.93 19.88 19.61 19.67 19.59 19.69 19.66 19.78 19.76 19.73 19.68 19.59 19.28 19.69 19.46 19.50 19.42 19.42 19.70 19.68 19.85 19.83 19.85 19.84 19.88 19.86 19.76 19.39 19.83 19.77 19.02 18.88 18.96 18.74 19.03 18.54 19.58 19.64 19.44 19.49 18.82 18.81 18.89 19.05 18.90 19.68 19.57 19.33 19.01 18.32 19.71 19.11 16.22 16.73 19.23 19.71 19.82 19.89 18.94 17.81 19.75 19.72 16.43 14.62 17.08 17.84 17.82 18.46
19.16 19.30 19.54 19.76 19.87 19.99 20.15 20.12 20.10 19.91 19.93 19.94 19.87 19.69 19.36 19.73 19.80 19.84 19.84 19.74 19.73 19.68 19.62 19.58 19.63 19.53 19.52 19.33 19.34 19.52 19.88 19.86 19.82 19.79 19.81 19.82 19.81 19.83 19.62 18.90 19.81 19.07 18.80 18.87 18.73 18.78 18.68 19.36 19.52 19.02 19.03 18.77 18.17 18.42 18.68 18.11 19.25 19.58 19.14 18.66 19.06 19.73 19.12 18.41 17.54 19.67 19.27 18.91 18.67 19.77 17.97 18.41 18.94 17.92 17.07 16.26 18.18 17.50 17.39
19.76 19.74 19.91 19.84 19.89 20.08 20.19 20.14 20.13 20.01 19.94 19.93 19.48 19.06 19.37 19.80 19.81 19.83 19.80 19.61 19.74 19.70 19.48 19.44 19.54 19.79 19.85 19.87 19.74 19.90 19.91 19.88 19.83 19.84 19.86 19.81 19.50 19.53 19.70 18.71 19.69 19.27 18.92 18.97 18.48 18.49 18.70 18.15 19.56 18.05 18.20 18.95 18.23 18.06 18.32 18.26 19.47 19.00 18.94 19.31 19.21 19.42 19.44 18.76 17.67 19.58 18.25 18.53 19.40 18.73 17.46 16.53 17.55 17.46 15.77 15.10 17.33 18.67 18.13
19.87 19.67 19.99 19.97 20.10 20.18 20.15 20.07 19.95 19.84 19.86 19.50 19.74 19.35 19.18 19.68 19.77 19.71 19.67 19.80 19.81 19.76 19.69 19.49 19.71 19.79 19.78 19.73 19.55 19.82 19.86 19.93 19.85 19.75 19.46 19.56 19.20 19.37 19.11 18.98 19.67 19.46 19.09 19.01 18.79 18.52 18.13 18.23 19.75 18.57 17.63 18.65 18.29 17.87 18.03 17.58 19.38 18.31 17.78 19.41 18.25 18.83 19.58 18.44 18.02 18.85 19.42 17.77 17.61 19.00 17.41 14.82 15.16 15.62 16.12 16.61 17.27 18.93 16.86
19.51 20.00 20.05 20.12 20.10 20.17 20.22 20.12 19.82 19.47 19.88 19.50 19.22 19.58 18.94 19.78 19.61 19.66 19.81 19.86 19.67 19.79 19.74 19.68 19.51 19.75 19.85 19.42 19.98 19.63 19.86 19.95 19.76 19.73 19.86 19.61 18.89 19.27 18.84 19.07 19.13 19.22 19.48 19.24 19.37 19.29 18.40 18.77 19.73 19.65 19.10 19.37 18.70 18.10 17.93 18.32 18.62 19.14 18.83 19.27 19.17 18.03 18.91 19.54 17.95 17.66 18.65 17.81 18.31 17.33 16.71 14.99 15.67 17.31 17.54 16.03 18.33 18.89 18.34
19.68 19.93 20.06 20.05 20.13 20.23 20.23 20.27 20.23 19.07 19.53 19.66 19.64 19.83 18.56 19.16 19.45 19.73 19.73 19.86 19.59 19.70 19.54 19.57 19.41 19.66 19.45 19.22 19.99 19.77 19.93 20.10 19.80 19.28 19.35 19.73 19.65 19.42 19.15 19.18 19.47 19.50 19.57 19.75 19.72 19.54 19.44 19.58 19.72 19.68 19.52 19.51 19.25 18.99 18.68 18.05 17.26 18.92 17.40 18.47 18.13 18.65 19.15 19.06 18.22 17.80 17.73 18.60 17.78 16.31 16.25 15.50 16.74 16.79 16.78 17.14 18.11 18.94 19.06
19.91 20.03 20.06 19.94 20.24 20.17 20.19 20.27 19.95 20.00 20.03 20.02 20.03 19.91 19.49 19.47 19.69 19.80 19.76 19.68 19.50 19.66 19.58 18.88 19.63 19.28 19.62 19.93 19.59 20.08 20.10 20.24 19.98 19.87 19.20 19.12 18.82 19.02 19.08 18.94 19.92 20.05 19.36 19.65 19.71 19.71 19.92 19.45 19.73 19.89 19.80 19.24 18.87 18.33 18.14 17.58 17.18 17.35 17.36 17.16 16.06 18.41 18.61 18.00 17.68 17.40 18.05 18.64 17.01 16.72 16.20 16.95 16.18 16.50 17.16 17.42 18.07 18.62 18.60
20.05 20.10 20.09 20.14 20.26 20.25 20.23 20.28 20.39 20.42 20.32 20.14 20.28 19.62 19.88 19.75 19.85 19.28 19.72 19.70 19.64 18.94 19.15 19.08 19.51 19.75 19.58 19.91 20.02 20.11 20.14 20.18 20.35 20.02 18.99 19.16 18.82 18.71 18.96 18.83 20.25 20.19 20.01 19.88 19.22 19.27 20.06 20.05 19.90 19.58 19.19 19.40 19.23 19.58 19.01 18.96 18.58 16.26 17.09 17.17 16.66 17.95 16.67 17.33 17.42 17.92 17.48 17.70 17.66 16.60 16.96 16.20 17.84 18.88 17.48 17.54 18.30 18.36 18.32
20.01 20.09 20.16 20.28 20.12 20.26 20.28 20.30 20.29 20.39 20.43 20.45 20.28 19.77 19.57 19.89 19.62 19.66 19.53 19.30 19.62 19.19 19.44 19.55 19.72 19.90 20.00 20.02 20.10 20.20 19.89 18.98 19.60 20.34 20.49 19.93 20.42 20.41 19.93 18.92 20.39 20.28 19.49 20.25 19.63 19.49 19.61 19.66 20.14 19.90 20.04 19.93 19.61 18.61 18.36 17.35 16.79 16.30 16.40 15.61 17.04 16.31 17.90 19.12 18.08 18.43 17.83 16.55 17.60 17.59 16.67 16.91 16.80 17.29 19.32 17.93 17.40 17.80 18.45
19.91 20.05 20.23 20.08 19.77 20.30 20.25 20.23 20.14 20.15 20.45 20.32 20.27 19.99 19.50 19.68 19.69 19.74 19.55 19.47 19.48 18.83 19.04 19.42 19.06 19.62 19.98 20.06 19.54 20.26 19.67 18.84 20.15 20.36 20.23 20.31 20.58 20.29 20.35 20.32 20.38 20.52 20.46 20.40 19.77 19.12 20.33 19.55 20.28 20.27 19.68 19.83 19.01 18.41 18.81 19.42 18.90 18.30 17.65 16.07 16.17 16.44 16.49 17.49 19.56 19.48 19.68 17.90 17.47 18.33 17.28 17.32 17.15 19.67 18.56 18.86 17.40 17.08 18.75
19.70 20.02 20.14 20.20 20.24 20.33 20.17 19.91 20.11 20.18 20.36 20.20 19.82 19.88 19.65 19.67 19.76 19.69 19.38 19.56 19.49 19.17 19.43 19.57 19.14 19.70 20.00 20.05 20.14 20.19 19.81 19.52 19.95 20.34 20.28 20.32 20.35 20.59 20.12 19.87 20.02 20.28 20.63 20.63 20.62 20.61 20.48 20.07 19.85 19.02 20.33 19.49 19.96 19.24 18.35 17.67 17.12 18.09 16.38 17.83 17.71 17.51 17.23 17.42 18.99 19.59 20.00 18.39 18.50 18.90 18.76 18.72 17.45 20.06 20.19 19.05 18.05 18.43 18.67
19.73 19.88 19.62 20.08 20.35 20.34 20.12 19.64 19.28 20.14 20.04 19.91 19.55 19.82 19.45 19.57 19.70 19.71 19.74 19.40 19.30 19.50 19.46 19.44 19.42 19.88 19.97 19.99 20.24 20.04 19.57 19.38 19.65 19.90 20.01 19.70 19.61 20.11 20.54 20.04 19.81 20.25 20.69 20.61 20.60 20.42 19.42 19.71 19.86 20.22 18.89 20.35 19.72 19.86 18.66 18.54 17.82 16.40 18.19 17.23 16.79 18.57 16.55 16.94 18.61 19.54 20.13 19.22 18.39 19.79 19.90 19.10 17.52 19.18 20.19 18.46 19.38 19.42 18.92
19.67 19.86 19.48 19.93 20.30 20.26 20.21 20.09 19.39 19.97 19.81 19.93 19.38 19.75 19.50 19.56 19.58 19.61 19.84 19.61 18.91 19.06 19.21 19.77 19.56 19.74 20.00 19.90 20.10 19.92 19.61 19.31 19.44 19.88 19.81 19.74 20.04 20.57 20.71 20.68 19.02 20.20 20.75 20.53 19.39 19.23 18.72 16.54 19.91 20.47 20.41 20.47 20.38 19.43 18.45 18.96 18.33 18.28 18.77 18.93 19.54 19.27 17.75 16.79 18.79 19.62 20.36 20.54 19.96 20.09 20.70 17.89 18.06 19.59 21.03 19.61 20.39 19.28 18.63
18.95 19.80 20.09 20.21 20.19 20.34 20.26 19.94 20.03 19.75 19.69 19.72 19.13 19.44 19.63 19.33 19.61 19.98 19.70 19.52 19.30 20.04 19.99 20.09 20.28 20.29 20.31 20.11 20.30 20.35 19.71 18.99 19.08 19.63 19.89 19.85 20.59 20.73 20.66 20.66 18.91 19.31 20.82 19.25 18.32 18.50 18.19 17.69 19.77 19.86 19.74 17.46 19.80 20.40 18.22 17.22 18.21 18.71 18.80 20.27 19.00 19.44 16.47 16.90 17.35 18.43 20.21 17.50 18.95 20.34 21.15 19.35 18.67 20.32 20.32 19.64 21.20 20.24 18.98
19.92 20.14 20.33 20.37 20.06 20.08 20.33 19.81 20.01 19.64 19.78 19.76 19.08 19.05 19.86 20.09 20.10 20.22 19.94 20.16 20.24 20.10 20.33 20.46 20.43 20.56 20.61 20.41 20.55 20.58 19.96 19.78 19.23 20.07 19.91 19.94 20.55 20.40 20.52 20.00 19.96 19.70 20.85 20.28 18.02 17.78 17.92 18.31 19.14 18.45 20.40 18.36 20.03 20.35 18.71 18.47 17.50 19.14 20.37 20.52 20.23 18.02 17.88 17.46 17.20 18.20 19.47 18.06 17.64 17.36 20.53 20.93 20.13 21.58 20.75 19.83 21.77 19.75 20.14
20.35 20.42 20.46 20.48 20.46 20.44 20.24 19.94 19.95 19.83 19.92 20.10 19.47 20.57 20.84 20.96 20.54 20.39 19.79 20.38 20.46 20.59 20.67 20.68 20.49 20.85 20.68 20.78 20.67 20.51 21.00 20.96 20.32 19.90 19.83 19.86 19.75 20.56 19.02 18.99 19.40 20.69 20.56 20.53 20.35 18.22 17.19 19.51 19.83 19.11 20.25 18.66 19.73 19.02 19.72 18.99 18.79 18.59 20.72 20.48 20.10 19.63 18.72 18.45 18.12 16.91 18.17 18.02 18.21 18.43 19.89 20.96 21.71 19.93 21.09 20.77 21.92 20.25 20.51
20.52 20.42 20.58 20.61 20.48 20.60 20.49 20.37 20.27 20.25 20.00 20.37 20.58 20.50 20.45 19.74 21.09 20.81 20.94 20.41 20.43 20.56 20.79 20.94 21.00 21.18 20.89 20.97 21.01 20.98 20.96 21.13 21.05 20.76 21.00 20.16 20.37 20.53 19.68 18.54 20.41 20.89 20.85 19.79 19.20 18.67 18.99 18.86 19.22 19.85 18.45 18.04 17.80 18.33 18.74 18.34 18.85 18.36 18.07 21.01 21.12 18.71 19.37 18.92 17.11 18.58 18.92 18.96 19.43 20.19 19.79 20.09 21.51 21.92 21.97 22.04 21.60 21.34 21.41
20.53 20.64 20.75 20.66 20.73 20.82 20.36 20.53 20.51 20.56 20.25 20.67 20.72 20.64 21.01 20.74 21.63 21.40 21.29 20.93 21.12 21.26 21.12 21.17 21.32 21.17 21.06 21.15 21.28 21.15 21.37 21.33 21.44 21.35 21.15 20.72 21.08 21.45 21.66 19.15 21.29 20.41 20.71 18.76 19.53 19.55 19.46 19.48 18.86 19.26 18.29 18.09 18.01 19.87 18.45 18.18 17.64 18.13 18.66 19.46 20.73 20.51 18.73 18.66 18.10 19.44 19.80 19.62 20.62 20.09 20.99 20.62 20.66 21.29 21.80 22.33 20.98 21.71 21.40
20.51 20.89 20.88 20.82 20.93 21.00 20.58 20.32 20.82 20.86 20.92 21.01 21.16 21.18 21.43 21.60 21.28 21.87 21.68 21.64 21.64 21.62 21.49 21.50 21.53 21.45 21.42 21.46 21.55 21.38 21.56 21.77 21.70 21.53 21.49 21.60 21.75 21.62 22.04 21.82 20.25 18.89 19.23 18.53 20.27 20.67 20.18 21.02 19.26 18.87 18.71 18.40 19.39 20.19 19.88 18.87 18.73 18.60 17.98 19.89 21.39 21.57 19.26 20.29 19.11 20.13 21.03 20.92 21.54 20.54 21.15 21.52 21.25 21.45 21.65 22.43 22.11 21.28 21.50
20.93 21.11 20.92 20.79 21.02 21.21 21.11 21.01 20.90 20.93 21.17 21.36 21.19 21.11 21.47 21.83 22.01 22.08 22.11 21.93 21.84 21.88 21.75 21.70 21.76 21.79 21.72 21.72 21.76 21.70 21.90 22.08 21.56 21.93 21.78 22.16 22.15 21.62 22.17 20.55 19.65 19.57 18.89 18.98 21.48 21.58 21.16 20.82 19.52 18.97 18.97 18.62 19.65 20.63 20.72 18.61 19.95 19.36 17.78 20.98 20.65 21.82 20.65 21.54 20.44 20.64 21.17 21.19 21.76 20.84 21.84 22.18 21.03 21.13 21.94 22.39 22.40 22.08 22.47
21.31 21.30 21.00 20.75 21.10 21.09 21.46 21.30 21.21 21.38 21.51 21.56 21.12 21.30 21.58 22.06 22.06 22.08 22.06 22.11 22.03 21.95 21.97 21.99 21.99 22.04 22.04 22.01 21.95 22.05 22.06 22.21 22.23 22.19 22.11 22.15 22.03 21.65 22.13 22.13 20.61 22.13 22.08 21.98 20.83 20.71 20.02 20.30 19.95 20.12 19.76 19.05 18.32 18.91 19.83 21.01 20.71 20.79 18.91 19.01 20.89 22.05 20.54 21.31 21.69 21.68 21.64 21.85 21.43 21.91 22.44 21.21 21.48 21.89 22.39 22.68 22.97 22.70 22.97
21.47 21.44 21.28 21.18 21.30 21.33 21.64 21.55 21.41 21.58 21.72 21.82 21.89 21.79 22.07 22.28 22.30 22.21 22.19 22.25 22.24 22.23 22.21 22.21 22.20 22.22 22.25 22.20 22.27 22.29 22.18 22.08 22.16 22.05 22.13 21.60 21.91 22.05 22.25 22.08 22.23 22.27 21.05 20.65 19.78 19.83 19.92 20.56 20.59 19.04 18.48 18.92 18.85 18.36 18.52 20.51 21.29 20.72 19.66 19.50 20.28 21.61 21.79 21.10 20.76 21.72 22.40 22.57 22.67 22.56 22.63 22.30 22.37 22.60 22.64 22.79 23.00 23.11 23.19
21.65 21.69 21.63 21.40 21.63 21.65 21.58 21.74 21.55 21.63 21.89 21.96 22.07 22.21 22.36 22.42 22.46 22.45 22.41 22.42 22.47 22.47 22.44 22.41 22.43 22.46 22.45 22.44 22.37 22.40 22.26 22.15 22.24 22.35 22.20 21.75 21.72 22.06 22.42 22.24 22.06 22.04 22.28 22.12 21.25 20.88 19.75 20.56 21.86 20.58 19.68 21.39 20.22 18.44 17.91 18.71 21.57 20.90 20.54 20.18 20.76 21.54 22.01 21.98 21.49 21.79 22.54 22.66 22.80 22.84 22.72 22.61 22.73 22.79 22.82 22.86 22.99 23.03 23.11
21.84 21.92 21.95 21.85 21.88 21.95 21.96 21.95 21.83 21.90 22.07 22.13 22.06 22.25 22.40 22.52 22.49 22.55 22.60 22.60 22.65 22.64 22.59 22.61 22.62 22.60 22.60 22.61 22.60 22.51 22.46 22.37 22.48 22.55 22.33 21.67 21.63 21.77 22.34 22.31 21.75 20.88 20.74 20.72 20.99 20.94 22.00 22.14 22.22 21.86 21.71 21.88 21.40 21.09 19.85 19.11 21.84 20.46 20.96 20.61 20.81 21.59 22.30 22.52 22.63 22.50 22.73 22.83 22.90 22.92 22.83 22.79 22.86 22.89 22.95 23.06 23.12 23.12 23.16
21.98 22.06 22.08 22.09 22.09 22.12 22.17 22.21 22.19 22.20 22.30 22.39 22.49 22.64 22.64 22.87 22.82 22.76 22.84 22.82 22.84 22.80 22.78 22.79 22.77 22.75 22.75 22.76 22.72 22.65 22.71 22.68 22.63 22.52 22.70 22.06 22.34 22.11 22.45 22.01 21.89 22.73 22.61 22.16 20.72 21.47 22.46 21.88 21.95 22.49 21.62 22.06 21.91 21.85 22.05 21.16 21.70 21.83 21.74 21.99 21.80 21.90 22.42 22.66 22.74 22.76 22.92 22.97 22.97 23.06 23.00 22.93 22.96 23.08 23.11 23.17 23.26 23.23 23.27
