main/data/pressure/13.12.2023.grid
ncols 886
nrows 691
xllcenter 112.0000
yllcenter -44.5000
cellsize 0.0500
nodata_value 99999.90
[rows 490 to 524 of 691, columns 0 to 78 of 886]
19.77 19.73 19.69 19.67 19.63 19.59 19.56 19.53 19.50 19.46 19.42 19.39 19.36 19.32 19.29 19.26 19.22 19.18 19.15 19.12 19.08 19.05 19.02 18.99 18.95 18.92 18.90 18.88 18.85 18.84 18.82 18.81 18.80 18.80 18.81 18.82 18.83 18.87 18.90 18.94 19.01 19.06 19.05 19.01 18.98 18.94 18.91 18.87 18.84 18.81 18.77 18.74 18.71 18.68 18.65 18.63 18.59 18.57 18.54 18.52 18.50 18.48 18.45 18.42 18.38 18.35 18.31 18.26 18.23 18.18 18.14 18.10 18.05 18.01 17.73 17.38 17.34 17.36 17.41
19.78 19.76 19.72 19.69 19.65 19.62 19.59 19.55 19.53 19.49 19.45 19.41 19.39 19.35 19.31 19.29 19.25 19.21 19.18 19.15 19.11 19.08 19.05 19.02 18.99 18.95 18.93 18.90 18.88 18.86 18.84 18.83 18.82 18.81 18.81 18.82 18.83 18.85 18.88 18.92 18.96 19.01 19.05 19.02 18.99 18.95 18.91 18.88 18.84 18.81 18.77 18.75 18.71 18.68 18.65 18.63 18.60 18.57 18.55 18.53 18.50 18.48 18.45 18.42 18.38 18.35 18.31 18.27 18.23 18.18 18.15 18.11 18.07 18.02 17.98 17.93 17.50 17.21 17.57
19.81 19.78 19.74 19.71 19.68 19.64 19.62 19.58 19.54 19.51 19.48 19.45 19.41 19.38 19.35 19.31 19.28 19.24 19.21 19.18 19.15 19.11 19.08 19.05 19.02 18.99 18.96 18.93 18.91 18.89 18.87 18.86 18.84 18.83 18.83 18.83 18.83 18.85 18.87 18.89 18.93 18.97 19.01 19.02 18.98 18.95 18.91 18.88 18.84 18.82 18.78 18.75 18.71 18.69 18.66 18.62 18.60 18.58 18.54 18.52 18.49 18.47 18.44 18.41 18.37 18.34 18.30 18.26 18.22 18.19 18.15 18.11 18.08 18.03 17.99 17.95 17.92 17.77 17.70
19.83 19.80 19.77 19.73 19.70 19.67 19.64 19.61 19.57 19.54 19.50 19.48 19.44 19.41 19.38 19.34 19.30 19.28 19.24 19.20 19.18 19.14 19.11 19.08 19.05 19.01 18.99 18.96 18.94 18.91 18.89 18.88 18.86 18.84 18.84 18.83 18.84 18.84 18.85 18.88 18.90 18.94 18.98 19.01 18.99 18.95 18.92 18.89 18.85 18.82 18.78 18.75 18.71 18.69 18.66 18.62 18.60 18.57 18.54 18.52 18.48 18.46 18.43 18.40 18.37 18.33 18.29 18.25 18.22 18.18 18.14 18.11 18.07 18.04 18.00 17.97 17.93 17.90 17.82
19.85 19.82 19.79 19.76 19.73 19.69 19.66 19.63 19.59 19.57 19.53 19.51 19.47 19.43 19.40 19.37 19.33 19.31 19.27 19.23 19.21 19.17 19.14 19.11 19.08 19.05 19.02 18.99 18.97 18.94 18.91 18.90 18.88 18.87 18.85 18.84 18.84 18.84 18.85 18.86 18.88 18.90 18.94 18.97 18.99 18.96 18.93 18.89 18.86 18.83 18.79 18.76 18.72 18.69 18.66 18.62 18.60 18.57 18.53 18.51 18.47 18.45 18.42 18.38 18.35 18.32 18.29 18.24 18.21 18.17 18.14 18.11 18.07 18.04 18.01 17.98 17.95 17.92 17.88
19.87 19.85 19.81 19.78 19.75 19.72 19.68 19.66 19.62 19.59 19.56 19.53 19.49 19.46 19.43 19.40 19.36 19.33 19.30 19.27 19.24 19.20 19.17 19.14 19.11 19.08 19.05 19.02 19.00 18.97 18.95 18.92 18.90 18.89 18.87 18.86 18.85 18.85 18.85 18.86 18.86 18.88 18.90 18.93 18.95 18.96 18.93 18.89 18.86 18.82 18.79 18.75 18.72 18.69 18.66 18.62 18.59 18.56 18.53 18.50 18.46 18.44 18.40 18.37 18.33 18.30 18.27 18.23 18.20 18.16 18.13 18.10 18.07 18.04 18.01 17.99 17.96 17.94 17.92
19.90 19.86 19.83 19.80 19.77 19.75 19.71 19.68 19.65 19.62 19.58 19.55 19.52 19.49 19.46 19.42 19.40 19.36 19.33 19.30 19.26 19.24 19.20 19.17 19.14 19.10 19.08 19.05 19.03 18.99 18.97 18.95 18.92 18.91 18.88 18.87 18.86 18.85 18.84 18.85 18.86 18.86 18.88 18.89 18.91 18.93 18.93 18.90 18.86 18.83 18.80 18.75 18.72 18.69 18.65 18.62 18.59 18.55 18.52 18.49 18.45 18.43 18.39 18.35 18.32 18.29 18.25 18.21 18.18 18.16 18.12 18.09 18.06 18.03 18.01 17.99 17.97 17.95 17.93
19.91 19.88 19.86 19.82 19.80 19.76 19.73 19.70 19.67 19.64 19.61 19.57 19.55 19.51 19.49 19.45 19.42 19.39 19.35 19.33 19.29 19.27 19.23 19.20 19.17 19.14 19.11 19.08 19.05 19.02 19.00 18.97 18.95 18.93 18.91 18.89 18.88 18.86 18.86 18.85 18.85 18.84 18.85 18.87 18.87 18.89 18.90 18.89 18.87 18.82 18.79 18.76 18.73 18.68 18.65 18.62 18.58 18.54 18.51 18.47 18.44 18.40 18.37 18.34 18.30 18.27 18.24 18.20 18.17 18.14 18.10 18.08 18.05 18.03 18.00 17.99 17.97 17.95 17.95
19.94 19.91 19.87 19.85 19.81 19.79 19.76 19.72 19.70 19.66 19.64 19.60 19.57 19.54 19.51 19.48 19.45 19.42 19.38 19.36 19.32 19.29 19.26 19.23 19.20 19.17 19.14 19.11 19.08 19.05 19.03 19.00 18.98 18.95 18.93 18.91 18.90 18.87 18.87 18.86 18.85 18.84 18.84 18.84 18.85 18.85 18.86 18.87 18.86 18.83 18.80 18.75 18.72 18.68 18.64 18.61 18.57 18.54 18.50 18.46 18.42 18.39 18.36 18.32 18.28 18.25 18.22 18.18 18.15 18.12 18.09 18.06 18.04 18.02 17.99 17.98 17.96 17.95 17.94
19.95 19.92 19.90 19.86 19.84 19.81 19.77 19.75 19.71 19.69 19.66 19.63 19.60 19.57 19.54 19.50 19.48 19.44 19.41 19.38 19.35 19.32 19.29 19.26 19.23 19.20 19.17 19.14 19.11 19.08 19.06 19.03 19.00 18.97 18.96 18.93 18.91 18.89 18.88 18.87 18.85 18.84 18.84 18.83 18.83 18.83 18.82 18.83 18.84 18.82 18.79 18.76 18.72 18.68 18.64 18.60 18.57 18.52 18.49 18.45 18.41 18.38 18.34 18.30 18.26 18.23 18.20 18.16 18.14 18.10 18.07 18.05 18.02 18.00 17.99 17.97 17.96 17.94 17.93
19.97 19.95 19.91 19.89 19.86 19.83 19.80 19.77 19.74 19.71 19.68 19.65 19.62 19.59 19.57 19.53 19.51 19.47 19.43 19.41 19.37 19.35 19.31 19.29 19.25 19.23 19.19 19.17 19.14 19.11 19.09 19.05 19.03 19.00 18.98 18.95 18.93 18.92 18.89 18.88 18.86 18.84 18.83 18.82 18.81 18.81 18.80 18.79 18.79 18.79 18.78 18.75 18.71 18.68 18.63 18.59 18.55 18.52 18.47 18.44 18.39 18.36 18.32 18.28 18.25 18.21 18.18 18.14 18.11 18.09 18.05 18.03 18.01 17.99 17.97 17.96 17.95 17.93 17.91
19.99 19.96 19.94 19.91 19.88 19.85 19.82 19.79 19.76 19.74 19.70 19.68 19.64 19.62 19.58 19.56 19.52 19.50 19.46 19.44 19.40 19.38 19.34 19.32 19.28 19.26 19.22 19.20 19.16 19.14 19.11 19.08 19.06 19.03 19.00 18.97 18.95 18.94 18.91 18.89 18.87 18.85 18.84 18.83 18.80 18.79 18.79 18.77 18.76 18.75 18.75 18.74 18.70 18.67 18.63 18.58 18.54 18.50 18.46 18.42 18.38 18.33 18.30 18.27 18.22 18.19 18.15 18.13 18.09 18.07 18.04 18.02 18.00 17.97 17.96 17.95 17.93 17.92 17.90
20.01 19.99 19.95 19.92 19.90 19.87 19.84 19.81 19.79 19.75 19.73 19.69 19.67 19.64 19.61 19.58 19.55 19.52 19.49 19.46 19.43 19.40 19.37 19.34 19.31 19.29 19.25 19.23 19.19 19.17 19.13 19.11 19.09 19.05 19.03 19.00 18.98 18.96 18.93 18.91 18.89 18.86 18.85 18.83 18.80 18.79 18.78 18.76 18.74 18.73 18.71 18.70 18.67 18.65 18.62 18.58 18.54 18.49 18.45 18.41 18.36 18.32 18.29 18.24 18.21 18.17 18.14 18.10 18.08 18.04 18.02 18.00 17.98 17.96 17.95 17.93 17.92 17.90 17.89
20.02 20.00 19.97 19.95 19.91 19.89 19.86 19.83 19.80 19.78 19.74 19.72 19.69 19.66 19.63 19.61 19.57 19.55 19.51 19.49 19.45 19.43 19.40 19.37 19.34 19.31 19.28 19.25 19.22 19.20 19.16 19.14 19.11 19.08 19.06 19.03 19.00 18.98 18.95 18.93 18.91 18.88 18.86 18.84 18.82 18.79 18.77 18.75 18.74 18.71 18.69 18.67 18.65 18.62 18.59 18.56 18.52 18.47 18.43 18.39 18.34 18.30 18.26 18.22 18.19 18.15 18.12 18.09 18.05 18.03 18.00 17.98 17.97 17.95 17.93 17.91 17.91 17.89 17.88
20.05 20.01 19.99 19.96 19.94 19.91 19.88 19.85 19.83 19.79 19.77 19.74 19.71 19.68 19.66 19.62 19.60 19.58 19.54 19.52 19.48 19.46 19.42 19.40 19.36 19.34 19.31 19.28 19.25 19.22 19.19 19.17 19.14 19.11 19.09 19.05 19.03 19.01 18.97 18.95 18.93 18.90 18.87 18.85 18.83 18.80 18.78 18.76 18.73 18.70 18.68 18.65 18.63 18.60 18.56 18.53 18.50 18.45 18.41 18.37 18.33 18.28 18.24 18.21 18.16 18.13 18.09 18.07 18.04 18.01 17.99 17.97 17.95 17.93 17.92 17.90 17.89 17.88 17.87
20.06 20.04 20.01 19.98 19.95 19.93 19.90 19.88 19.84 19.82 19.79 19.76 19.73 19.71 19.67 19.65 19.62 19.59 19.57 19.54 19.51 19.48 19.45 19.42 19.39 19.37 19.33 19.31 19.28 19.25 19.22 19.20 19.16 19.14 19.11 19.08 19.06 19.02 19.00 18.97 18.95 18.92 18.89 18.87 18.85 18.81 18.79 18.76 18.74 18.70 18.67 18.65 18.62 18.58 18.54 18.51 18.48 18.43 18.39 18.35 18.31 18.26 18.22 18.19 18.15 18.11 18.08 18.05 18.03 18.00 17.98 17.95 17.94 17.92 17.91 17.89 17.88 17.87 17.86
20.08 20.05 20.02 20.00 19.98 19.94 19.92 19.89 19.87 19.84 19.81 19.78 19.76 19.72 19.70 19.67 19.64 19.62 19.59 19.56 19.53 19.51 19.48 19.45 19.42 19.39 19.36 19.34 19.30 19.28 19.25 19.22 19.19 19.17 19.13 19.11 19.09 19.05 19.03 19.00 18.98 18.94 18.92 18.89 18.86 18.83 18.80 18.78 18.75 18.71 18.68 18.65 18.62 18.58 18.54 18.50 18.46 18.43 18.38 18.34 18.29 18.24 18.21 18.17 18.13 18.10 18.07 18.03 18.01 17.98 17.97 17.94 17.93 17.91 17.89 17.89 17.88 17.87 17.86
20.09 20.06 20.04 20.01 19.99 19.96 19.94 19.91 19.88 19.86 19.83 19.81 19.77 19.75 19.73 19.69 19.67 19.64 19.62 19.58 19.56 19.53 19.50 19.48 19.45 19.42 19.39 19.36 19.33 19.31 19.27 19.25 19.22 19.19 19.16 19.14 19.11 19.08 19.05 19.03 18.99 18.97 18.94 18.92 18.88 18.85 18.82 18.80 18.76 18.73 18.69 18.66 18.63 18.58 18.54 18.50 18.46 18.41 18.37 18.33 18.28 18.23 18.19 18.16 18.11 18.08 18.04 18.02 18.00 17.97 17.96 17.93 17.91 17.91 17.89 17.88 17.88 17.86 17.85
20.11 20.08 20.05 20.03 20.00 19.98 19.95 19.93 19.90 19.87 19.85 19.82 19.80 19.77 19.74 19.71 19.69 19.67 19.63 19.61 19.59 19.55 19.53 19.49 19.47 19.45 19.41 19.39 19.36 19.33 19.30 19.28 19.24 19.22 19.19 19.17 19.13 19.11 19.08 19.05 19.02 18.99 18.97 18.93 18.90 18.88 18.85 18.82 18.78 18.75 18.71 18.68 18.64 18.60 18.56 18.52 18.46 18.42 18.38 18.33 18.28 18.23 18.19 18.14 18.10 18.07 18.03 18.01 17.98 17.96 17.94 17.93 17.91 17.89 17.89 17.88 17.87 17.86 17.86
20.12 20.10 20.08 20.05 20.02 19.99 19.97 19.94 19.92 19.89 19.87 19.85 19.81 19.79 19.76 19.74 19.71 19.68 19.66 19.64 19.60 19.58 19.55 19.52 19.50 19.46 19.44 19.42 19.38 19.36 19.33 19.30 19.27 19.25 19.21 19.19 19.16 19.14 19.10 19.08 19.05 19.02 18.99 18.96 18.93 18.90 18.86 18.83 18.80 18.77 18.74 18.70 18.66 18.62 18.58 18.54 18.48 18.44 18.40 18.35 18.29 18.25 18.20 18.15 18.11 18.06 18.03 18.00 17.97 17.96 17.94 17.92 17.91 17.89 17.88 17.88 17.88 17.86 17.86
20.14 20.11 20.09 20.06 20.04 20.01 19.99 19.96 19.93 19.91 19.89 19.86 19.84 19.81 19.78 19.76 19.73 19.71 19.68 19.65 19.63 19.60 19.57 19.55 19.52 19.49 19.47 19.44 19.41 19.39 19.35 19.33 19.30 19.27 19.24 19.22 19.19 19.16 19.13 19.11 19.08 19.04 19.02 18.99 18.96 18.92 18.89 18.86 18.83 18.80 18.75 18.72 18.68 18.64 18.60 18.55 18.51 18.47 18.42 18.37 18.32 18.27 18.22 18.17 18.12 18.08 18.04 18.00 17.97 17.95 17.93 17.92 17.90 17.90 17.89 17.88 17.87 17.87 17.87
20.15 20.12 20.10 20.08 20.05 20.03 20.00 19.98 19.96 19.93 19.90 19.87 19.85 19.83 19.80 19.78 19.76 19.72 19.70 19.67 19.65 19.62 19.59 19.57 19.54 19.51 19.49 19.46 19.43 19.41 19.38 19.36 19.32 19.30 19.27 19.25 19.21 19.19 19.16 19.14 19.10 19.07 19.05 19.02 18.98 18.95 18.92 18.89 18.86 18.82 18.78 18.75 18.71 18.67 18.63 18.58 18.54 18.49 18.44 18.40 18.35 18.30 18.25 18.20 18.15 18.11 18.06 18.02 17.98 17.96 17.93 17.91 17.91 17.89 17.89 17.88 17.88 17.87 17.87
20.16 20.14 20.11 20.09 20.07 20.04 20.02 19.99 19.97 19.95 19.92 19.90 19.87 19.84 19.82 19.79 19.77 19.75 19.72 19.69 19.67 19.64 19.62 19.59 19.56 19.54 19.52 19.48 19.46 19.43 19.41 19.38 19.35 19.33 19.29 19.27 19.24 19.22 19.18 19.16 19.13 19.10 19.08 19.04 19.01 18.98 18.95 18.91 18.88 18.85 18.82 18.78 18.74 18.70 18.66 18.62 18.57 18.53 18.48 18.43 18.38 18.34 18.29 18.23 18.19 18.14 18.10 18.05 18.02 17.98 17.95 17.93 17.91 17.90 17.90 17.89 17.89 17.89 17.88
20.17 20.15 20.13 20.10 20.08 20.05 20.03 20.01 19.98 19.96 19.94 19.91 19.89 19.86 19.84 19.82 19.78 19.76 19.74 19.71 19.69 19.67 19.63 19.61 19.59 19.57 19.53 19.51 19.49 19.45 19.43 19.41 19.38 19.35 19.32 19.30 19.26 19.24 19.21 19.19 19.16 19.12 19.10 19.07 19.04 19.01 18.97 18.94 18.91 18.88 18.84 18.80 18.77 18.73 18.69 18.65 18.61 18.57 18.51 18.47 18.43 18.37 18.33 18.28 18.23 18.18 18.13 18.10 18.05 18.02 17.98 17.95 17.93 17.92 17.90 17.90 17.90 17.90 17.90
20.19 20.16 20.14 20.11 20.09 20.07 20.04 20.02 20.00 19.97 19.95 19.92 19.90 19.88 19.86 19.83 19.81 19.79 19.76 19.73 19.70 19.68 19.66 19.64 19.60 19.58 19.56 19.53 19.50 19.48 19.46 19.42 19.40 19.38 19.35 19.32 19.29 19.27 19.24 19.21 19.18 19.15 19.13 19.09 19.06 19.03 19.01 18.98 18.94 18.91 18.87 18.84 18.80 18.76 18.72 18.69 18.64 18.60 18.56 18.51 18.46 18.42 18.36 18.32 18.28 18.23 18.18 18.14 18.10 18.06 18.02 17.99 17.96 17.94 17.92 17.91 17.90 17.90 17.91
20.20 20.17 20.15 20.13 20.10 20.08 20.06 20.03 20.01 19.99 19.96 19.94 19.92 19.89 19.87 19.85 19.82 19.80 19.77 19.75 19.73 19.71 19.67 19.65 19.63 19.60 19.58 19.55 19.53 19.50 19.47 19.45 19.42 19.39 19.37 19.35 19.32 19.29 19.26 19.24 19.21 19.18 19.15 19.12 19.09 19.07 19.03 19.00 18.97 18.94 18.91 18.87 18.83 18.80 18.75 18.72 18.68 18.64 18.59 18.55 18.51 18.46 18.41 18.36 18.32 18.28 18.23 18.19 18.14 18.10 18.07 18.03 18.00 17.98 17.96 17.94 17.93 17.91 17.91
20.21 20.19 20.16 20.14 20.12 20.09 20.07 20.05 20.02 20.01 19.99 19.96 19.94 19.92 19.89 19.87 19.84 19.81 19.79 19.77 19.74 19.72 19.70 19.67 19.65 19.62 19.60 19.57 19.55 19.52 19.49 19.47 19.45 19.42 19.39 19.36 19.34 19.32 19.29 19.26 19.23 19.21 19.18 19.14 19.12 19.09 19.06 19.03 18.99 18.96 18.93 18.90 18.86 18.82 18.79 18.76 18.71 18.67 18.63 18.58 18.54 18.50 18.45 18.41 18.36 18.32 18.27 18.23 18.19 18.15 18.11 18.07 18.05 18.02 17.99 17.97 17.95 17.93 17.93
20.21 20.20 20.18 20.15 20.13 20.11 20.08 20.06 20.05 20.02 20.00 19.98 19.95 19.93 19.91 19.88 19.86 19.83 19.81 19.79 19.77 19.74 19.71 19.69 19.67 19.64 19.62 19.60 19.56 19.54 19.52 19.50 19.46 19.44 19.42 19.39 19.36 19.34 19.31 19.29 19.26 19.23 19.20 19.17 19.15 19.11 19.08 19.06 19.03 19.00 18.96 18.93 18.89 18.86 18.82 18.78 18.75 18.70 18.67 18.63 18.58 18.54 18.50 18.45 18.41 18.37 18.33 18.28 18.24 18.20 18.16 18.13 18.09 18.05 18.02 18.00 17.97 17.95 17.94
20.23 20.20 20.19 20.16 20.14 20.12 20.09 20.07 20.05 20.03 20.01 19.99 19.96 19.94 19.92 19.89 19.87 19.85 19.83 19.80 19.78 19.76 19.73 19.71 19.69 19.66 19.63 19.61 19.59 19.57 19.54 19.51 19.49 19.47 19.43 19.41 19.39 19.36 19.33 19.31 19.28 19.26 19.23 19.19 19.17 19.14 19.12 19.08 19.05 19.02 18.99 18.96 18.92 18.89 18.86 18.81 18.78 18.75 18.70 18.66 18.63 18.58 18.54 18.50 18.46 18.42 18.37 18.33 18.29 18.24 18.21 18.17 18.13 18.09 18.06 18.03 18.00 17.98 17.95
20.24 20.21 20.19 20.18 20.15 20.13 20.11 20.08 20.06 20.05 20.02 20.00 19.98 19.95 19.93 19.91 19.89 19.86 19.84 19.82 19.79 19.77 19.75 19.73 19.70 19.68 19.66 19.64 19.61 19.58 19.56 19.54 19.51 19.48 19.46 19.44 19.41 19.38 19.36 19.33 19.30 19.28 19.25 19.23 19.20 19.16 19.14 19.11 19.08 19.05 19.02 18.99 18.96 18.92 18.88 18.85 18.82 18.78 18.74 18.70 18.66 18.63 18.58 18.54 18.50 18.46 18.41 18.38 18.33 18.30 18.25 18.21 18.17 18.14 18.11 18.07 18.04 18.01 17.99
20.25 20.23 20.20 20.18 20.17 20.14 20.12 20.09 20.07 20.06 20.04 20.01 19.99 19.97 19.94 19.92 19.90 19.88 19.85 19.83 19.81 19.78 19.76 19.74 19.72 19.69 19.67 19.65 19.63 19.60 19.58 19.56 19.53 19.50 19.48 19.46 19.43 19.40 19.38 19.35 19.33 19.30 19.27 19.25 19.22 19.19 19.17 19.13 19.11 19.08 19.05 19.01 18.98 18.95 18.92 18.88 18.85 18.81 18.77 18.74 18.70 18.66 18.63 18.58 18.55 18.50 18.46 18.42 18.37 18.34 18.30 18.25 18.21 18.18 18.15 18.11 18.07 18.04 18.01
20.25 20.23 20.21 20.19 20.17 20.15 20.13 20.11 20.08 20.06 20.05 20.02 20.00 19.98 19.96 19.93 19.91 19.90 19.87 19.85 19.83 19.81 19.78 19.76 19.74 19.72 19.69 19.67 19.64 19.62 19.59 19.57 19.55 19.53 19.49 19.47 19.45 19.43 19.40 19.37 19.35 19.32 19.30 19.26 19.24 19.21 19.19 19.16 19.13 19.10 19.07 19.04 19.01 18.98 18.95 18.92 18.88 18.85 18.80 18.77 18.74 18.69 18.66 18.62 18.58 18.54 18.50 18.46 18.42 18.38 18.34 18.30 18.26 18.22 18.18 18.14 18.11 18.07 18.04
20.26 20.24 20.21 20.20 20.18 20.16 20.14 20.12 20.10 20.07 20.05 20.04 20.01 19.99 19.97 19.95 19.92 19.91 19.89 19.86 19.84 19.82 19.80 19.77 19.75 19.73 19.71 19.68 19.66 19.64 19.62 19.60 19.56 19.54 19.52 19.50 19.47 19.44 19.42 19.40 19.38 19.34 19.32 19.29 19.27 19.23 19.21 19.18 19.16 19.12 19.10 19.07 19.04 19.00 18.97 18.94 18.90 18.87 18.84 18.80 18.77 18.74 18.69 18.66 18.62 18.58 18.54 18.50 18.46 18.42 18.38 18.34 18.30 18.26 18.22 18.18 18.14 18.10 18.07
20.26 20.25 20.23 20.20 20.19 20.17 20.14 20.13 20.11 20.08 20.06 20.05 20.03 20.00 19.98 19.96 19.93 19.92 19.90 19.88 19.85 19.83 19.81 19.79 19.76 19.74 19.72 19.70 19.67 19.65 19.63 19.61 19.59 19.56 19.54 19.51 19.49 19.46 19.44 19.42 19.39 19.37 19.34 19.31 19.29 19.26 19.24 19.20 19.18 19.15 19.12 19.09 19.06 19.04 19.00 18.97 18.94 18.90 18.87 18.83 18.80 18.77 18.73 18.69 18.65 18.62 18.57 18.54 18.50 18.46 18.41 18.38 18.34 18.30 18.25 18.21 18.17 18.14 18.10
20.27 20.25 20.24 20.21 20.19 20.18 20.16 20.13 20.12 20.10 20.07 20.05 20.04 20.01 19.99 19.97 19.95 19.93 19.91 19.89 19.87 19.84 19.82 19.80 19.78 19.75 19.74 19.72 19.70 19.67 19.64 19.62 19.60 19.58 19.55 19.53 19.51 19.49 19.45 19.43 19.41 19.39 19.36 19.33 19.31 19.28 19.26 19.23 19.20 19.17 19.15 19.11 19.09 19.06 19.02 18.99 18.96 18.93 18.90 18.87 18.83 18.80 18.76 18.72 18.68 18.65 18.61 18.58 18.53 18.49 18.46 18.42 18.37 18.33 18.30 18.26 18.22 18.18 18.14
