main/data/pressure/13.12.2023.grid
ncols 886
nrows 691
xllcenter 112.0000
yllcenter -44.5000
cellsize 0.0500
nodata_value 99999.90
[rows 630 to 664 of 691, columns 790 to 868 of 886]
18.80 18.83 18.86 18.90 18.94 18.97 19.01 19.04 19.07 19.11 19.15 19.18 19.22 19.25 19.28 19.32 19.35 19.38 19.42 19.45 19.48 19.52 19.55 19.58 19.62 19.65 19.68 19.72 19.75 19.77 19.80 19.84 19.87 19.90 19.94 19.97 19.99 20.02 20.06 20.09 20.12 20.16 20.18 20.21 20.24 20.27 20.29 20.31 20.32 20.33 20.33 20.34 20.35 20.35 20.36 20.37 20.38 20.38 20.39 20.39 20.41 20.42 20.42 20.44 20.45 20.45 20.47 20.47 20.49 20.50 20.51 20.53 20.53 20.55 20.56 20.58 20.58 20.60 20.61
18.70 18.73 18.77 18.80 18.84 18.88 18.91 18.94 18.98 19.01 19.04 19.09 19.12 19.16 19.19 19.22 19.26 19.29 19.32 19.36 19.39 19.42 19.46 19.49 19.52 19.56 19.59 19.61 19.65 19.68 19.71 19.75 19.78 19.81 19.85 19.88 19.90 19.94 19.97 20.00 20.03 20.06 20.09 20.12 20.15 20.18 20.21 20.22 20.23 20.24 20.25 20.26 20.26 20.27 20.28 20.29 20.29 20.30 20.32 20.32 20.33 20.34 20.35 20.36 20.37 20.38 20.40 20.40 20.42 20.42 20.44 20.45 20.46 20.48 20.49 20.51 20.51 20.53 20.54
18.61 18.64 18.67 18.71 18.74 18.78 18.82 18.85 18.88 18.92 18.95 18.99 19.02 19.05 19.10 19.13 19.16 19.20 19.23 19.27 19.30 19.33 19.37 19.40 19.42 19.46 19.49 19.52 19.56 19.59 19.62 19.66 19.69 19.72 19.76 19.78 19.81 19.85 19.88 19.91 19.94 19.97 20.00 20.03 20.06 20.09 20.12 20.14 20.14 20.15 20.16 20.17 20.18 20.19 20.20 20.20 20.21 20.23 20.23 20.24 20.26 20.26 20.27 20.29 20.29 20.31 20.31 20.33 20.34 20.35 20.37 20.37 20.39 20.40 20.42 20.42 20.44 20.46 20.47
18.51 18.55 18.58 18.61 18.65 18.68 18.73 18.76 18.79 18.83 18.86 18.89 18.93 18.96 19.00 19.03 19.06 19.11 19.14 19.17 19.20 19.23 19.27 19.30 19.33 19.37 19.40 19.43 19.47 19.50 19.53 19.57 19.60 19.62 19.66 19.69 19.73 19.76 19.79 19.81 19.85 19.88 19.91 19.95 19.97 20.00 20.03 20.05 20.06 20.07 20.08 20.08 20.10 20.11 20.12 20.12 20.14 20.15 20.15 20.17 20.17 20.18 20.20 20.20 20.22 20.23 20.24 20.26 20.26 20.28 20.29 20.30 20.32 20.33 20.35 20.35 20.37 20.38 20.40
18.41 18.46 18.49 18.52 18.56 18.59 18.63 18.67 18.70 18.74 18.77 18.80 18.84 18.87 18.91 18.94 18.97 19.01 19.04 19.08 19.11 19.14 19.18 19.21 19.24 19.28 19.31 19.35 19.38 19.41 19.45 19.47 19.50 19.54 19.57 19.60 19.64 19.67 19.69 19.73 19.76 19.79 19.83 19.85 19.88 19.92 19.95 19.96 19.97 19.99 20.00 20.00 20.02 20.03 20.03 20.04 20.06 20.06 20.08 20.09 20.10 20.11 20.13 20.13 20.15 20.15 20.17 20.18 20.19 20.21 20.21 20.23 20.25 20.26 20.28 20.28 20.30 20.31 20.33
18.32 18.36 18.40 18.43 18.47 18.50 18.54 18.57 18.61 18.65 18.68 18.72 18.75 18.78 18.82 18.85 18.88 18.92 18.95 18.99 19.02 19.05 19.09 19.12 19.16 19.19 19.22 19.26 19.29 19.33 19.36 19.38 19.42 19.45 19.48 19.52 19.55 19.57 19.61 19.64 19.68 19.71 19.73 19.77 19.80 19.83 19.86 19.87 19.89 19.90 19.91 19.92 19.94 19.95 19.95 19.97 19.98 19.99 20.00 20.01 20.02 20.04 20.04 20.06 20.07 20.08 20.09 20.10 20.12 20.13 20.14 20.16 20.17 20.19 20.19 20.21 20.23 20.24 20.25
18.23 18.27 18.30 18.35 18.38 18.41 18.45 18.48 18.52 18.55 18.59 18.63 18.66 18.70 18.73 18.76 18.80 18.83 18.87 18.90 18.93 18.97 19.00 19.04 19.07 19.10 19.14 19.17 19.20 19.23 19.26 19.30 19.33 19.36 19.40 19.43 19.46 19.49 19.52 19.56 19.59 19.61 19.65 19.68 19.71 19.75 19.77 19.79 19.81 19.81 19.83 19.84 19.86 19.86 19.88 19.89 19.90 19.91 19.93 19.93 19.95 19.96 19.97 19.98 19.99 20.01 20.02 20.03 20.05 20.05 20.07 20.09 20.10 20.12 20.12 20.14 20.15 20.17 20.18
18.15 18.18 18.21 18.25 18.29 18.33 18.36 18.39 18.43 18.46 18.50 18.54 18.57 18.61 18.64 18.68 18.71 18.74 18.78 18.81 18.85 18.88 18.92 18.95 18.98 19.02 19.05 19.09 19.11 19.14 19.18 19.21 19.25 19.28 19.31 19.35 19.37 19.40 19.44 19.47 19.51 19.53 19.56 19.60 19.63 19.65 19.69 19.71 19.72 19.73 19.75 19.76 19.77 19.78 19.80 19.80 19.82 19.84 19.84 19.86 19.87 19.88 19.90 19.91 19.92 19.93 19.95 19.96 19.98 19.98 20.00 20.01 20.03 20.05 20.06 20.07 20.08 20.10 20.11
18.06 18.09 18.13 18.16 18.20 18.24 18.27 18.31 18.34 18.38 18.41 18.44 18.49 18.52 18.56 18.59 18.63 18.66 18.69 18.73 18.76 18.80 18.83 18.86 18.90 18.92 18.96 18.99 19.02 19.06 19.09 19.13 19.16 19.20 19.23 19.25 19.29 19.32 19.35 19.39 19.41 19.45 19.48 19.51 19.55 19.57 19.60 19.63 19.64 19.65 19.67 19.68 19.69 19.71 19.72 19.73 19.74 19.76 19.77 19.78 19.80 19.81 19.82 19.83 19.85 19.86 19.87 19.89 19.90 19.91 19.93 19.94 19.96 19.97 19.99 19.99 20.01 20.02 20.04
17.98 18.01 18.04 18.08 18.11 18.16 18.19 18.22 18.26 18.29 18.33 18.36 18.39 18.43 18.46 18.51 18.54 18.58 18.61 18.64 18.68 18.71 18.74 18.77 18.80 18.84 18.87 18.91 18.94 18.98 19.01 19.04 19.08 19.11 19.14 19.17 19.20 19.24 19.27 19.30 19.33 19.36 19.40 19.43 19.45 19.49 19.52 19.54 19.55 19.57 19.59 19.60 19.61 19.63 19.64 19.65 19.67 19.68 19.69 19.71 19.73 19.73 19.75 19.76 19.78 19.79 19.80 19.82 19.83 19.84 19.86 19.87 19.89 19.90 19.92 19.93 19.95 19.96 19.98
17.89 17.93 17.96 17.99 18.03 18.06 18.11 18.14 18.17 18.21 18.24 18.28 18.31 18.35 18.38 18.41 18.45 18.49 18.52 18.55 18.59 18.62 18.65 18.69 18.72 18.76 18.79 18.82 18.86 18.89 18.93 18.96 19.00 19.02 19.05 19.09 19.12 19.16 19.18 19.21 19.25 19.28 19.32 19.34 19.37 19.41 19.44 19.45 19.47 19.49 19.51 19.52 19.54 19.55 19.56 19.58 19.60 19.60 19.62 19.64 19.65 19.66 19.68 19.69 19.70 19.71 19.73 19.75 19.76 19.77 19.78 19.80 19.81 19.83 19.84 19.86 19.88 19.89 19.91
17.80 17.84 17.88 17.91 17.95 17.98 18.02 18.06 18.09 18.13 18.16 18.20 18.23 18.26 18.30 18.33 18.37 18.40 18.43 18.47 18.50 18.54 18.57 18.61 18.64 18.67 18.71 18.74 18.78 18.81 18.85 18.88 18.90 18.94 18.97 19.01 19.04 19.07 19.10 19.13 19.17 19.20 19.23 19.26 19.29 19.33 19.36 19.37 19.39 19.41 19.42 19.44 19.46 19.47 19.49 19.51 19.52 19.53 19.55 19.57 19.57 19.59 19.60 19.62 19.63 19.64 19.66 19.67 19.69 19.71 19.71 19.73 19.74 19.76 19.77 19.79 19.80 19.82 19.83
17.72 17.76 17.80 17.83 17.87 17.90 17.93 17.98 18.01 18.05 18.08 18.11 18.15 18.18 18.22 18.25 18.29 18.32 18.35 18.39 18.42 18.46 18.49 18.53 18.56 18.59 18.63 18.66 18.70 18.73 18.76 18.79 18.82 18.86 18.89 18.93 18.96 18.98 19.02 19.05 19.09 19.12 19.14 19.18 19.21 19.25 19.27 19.29 19.32 19.34 19.35 19.37 19.39 19.39 19.41 19.43 19.44 19.46 19.48 19.48 19.50 19.52 19.53 19.55 19.57 19.57 19.59 19.60 19.62 19.63 19.65 19.67 19.68 19.69 19.70 19.72 19.73 19.75 19.76
17.64 17.68 17.72 17.75 17.79 17.82 17.85 17.90 17.93 17.97 18.00 18.03 18.07 18.10 18.14 18.17 18.21 18.24 18.27 18.31 18.34 18.38 18.41 18.45 18.48 18.51 18.55 18.58 18.62 18.64 18.68 18.71 18.74 18.78 18.81 18.85 18.88 18.91 18.94 18.97 19.01 19.04 19.07 19.10 19.13 19.17 19.19 19.22 19.24 19.25 19.27 19.29 19.31 19.32 19.34 19.36 19.37 19.39 19.41 19.41 19.43 19.45 19.46 19.48 19.49 19.50 19.51 19.53 19.55 19.56 19.58 19.59 19.61 19.62 19.64 19.66 19.67 19.69 19.70
17.56 17.60 17.64 17.67 17.71 17.74 17.77 17.81 17.85 17.89 17.92 17.96 17.99 18.02 18.06 18.09 18.13 18.16 18.20 18.23 18.26 18.30 18.33 18.37 18.40 18.44 18.47 18.50 18.54 18.57 18.60 18.63 18.67 18.70 18.73 18.77 18.79 18.83 18.86 18.90 18.93 18.95 18.99 19.02 19.06 19.08 19.11 19.14 19.16 19.17 19.20 19.22 19.23 19.25 19.27 19.29 19.30 19.32 19.32 19.34 19.36 19.37 19.39 19.41 19.42 19.44 19.45 19.46 19.48 19.49 19.51 19.52 19.54 19.55 19.57 19.58 19.60 19.61 19.63
17.48 17.53 17.56 17.59 17.63 17.66 17.70 17.74 17.78 17.81 17.84 17.88 17.91 17.95 17.98 18.02 18.05 18.08 18.12 18.15 18.19 18.22 18.26 18.29 18.32 18.36 18.39 18.43 18.45 18.49 18.52 18.55 18.59 18.62 18.66 18.68 18.72 18.75 18.78 18.82 18.85 18.88 18.91 18.94 18.98 19.00 19.04 19.06 19.08 19.10 19.12 19.14 19.15 19.18 19.20 19.21 19.23 19.24 19.25 19.27 19.29 19.30 19.32 19.33 19.35 19.37 19.38 19.40 19.41 19.43 19.45 19.46 19.48 19.49 19.51 19.52 19.54 19.55 19.57
17.41 17.45 17.48 17.52 17.55 17.59 17.62 17.66 17.70 17.73 17.77 17.80 17.84 17.87 17.90 17.94 17.97 18.01 18.04 18.08 18.11 18.14 18.18 18.21 18.25 18.28 18.32 18.34 18.37 18.41 18.44 18.48 18.51 18.55 18.58 18.60 18.64 18.67 18.71 18.74 18.77 18.80 18.83 18.87 18.89 18.93 18.96 18.99 19.00 19.02 19.05 19.07 19.08 19.10 19.12 19.13 19.16 19.18 19.19 19.21 19.22 19.24 19.25 19.26 19.28 19.30 19.31 19.33 19.34 19.36 19.37 19.39 19.41 19.42 19.44 19.45 19.47 19.48 19.50
17.33 17.38 17.41 17.44 17.48 17.51 17.55 17.59 17.62 17.66 17.69 17.73 17.76 17.79 17.83 17.86 17.90 17.93 17.97 18.00 18.03 18.07 18.10 18.14 18.17 18.21 18.24 18.26 18.30 18.33 18.37 18.40 18.44 18.47 18.50 18.53 18.56 18.60 18.63 18.67 18.69 18.72 18.76 18.79 18.82 18.85 18.88 18.91 18.93 18.95 18.97 18.99 19.01 19.03 19.04 19.06 19.09 19.10 19.12 19.14 19.15 19.17 19.19 19.20 19.22 19.23 19.25 19.25 19.27 19.29 19.30 19.32 19.34 19.36 19.37 19.39 19.40 19.42 19.43
17.26 17.30 17.34 17.37 17.40 17.44 17.47 17.51 17.55 17.58 17.62 17.65 17.69 17.72 17.75 17.79 17.82 17.86 17.89 17.93 17.96 17.99 18.03 18.06 18.10 18.13 18.17 18.19 18.22 18.26 18.29 18.33 18.36 18.40 18.42 18.45 18.49 18.52 18.56 18.58 18.62 18.65 18.68 18.71 18.74 18.78 18.81 18.83 18.85 18.88 18.90 18.92 18.94 18.96 18.97 19.00 19.02 19.03 19.05 19.07 19.08 19.10 19.11 19.13 19.15 19.16 19.18 19.19 19.21 19.22 19.24 19.26 19.27 19.29 19.30 19.32 19.33 19.35 19.36
17.19 17.23 17.26 17.30 17.33 17.36 17.40 17.43 17.48 17.51 17.54 17.58 17.61 17.65 17.68 17.72 17.75 17.78 17.82 17.85 17.89 17.92 17.95 17.99 18.02 18.06 18.08 18.12 18.15 18.18 18.22 18.25 18.29 18.32 18.35 18.38 18.41 18.45 18.48 18.51 18.54 18.58 18.61 18.63 18.67 18.70 18.74 18.75 18.78 18.81 18.83 18.85 18.87 18.89 18.90 18.93 18.95 18.96 18.98 18.99 19.01 19.03 19.04 19.07 19.08 19.09 19.11 19.13 19.15 19.16 19.18 19.20 19.21 19.23 19.24 19.26 19.27 19.29 19.30
17.12 17.16 17.19 17.22 17.26 17.29 17.33 17.36 17.40 17.44 17.47 17.51 17.54 17.57 17.61 17.64 17.68 17.71 17.75 17.78 17.81 17.85 17.88 17.92 17.95 17.99 18.01 18.04 18.08 18.11 18.15 18.18 18.21 18.24 18.27 18.31 18.34 18.38 18.40 18.43 18.47 18.50 18.54 18.56 18.60 18.63 18.66 18.68 18.71 18.73 18.75 18.78 18.80 18.82 18.84 18.86 18.87 18.89 18.91 18.93 18.95 18.97 18.98 19.00 19.01 19.03 19.05 19.06 19.08 19.09 19.11 19.12 19.14 19.15 19.18 19.20 19.21 19.23 19.24
17.05 17.08 17.12 17.15 17.19 17.22 17.26 17.30 17.33 17.37 17.40 17.43 17.47 17.50 17.54 17.57 17.61 17.64 17.67 17.71 17.74 17.78 17.81 17.84 17.88 17.91 17.94 17.97 18.01 18.04 18.07 18.11 18.14 18.17 18.20 18.24 18.27 18.30 18.33 18.36 18.40 18.43 18.47 18.49 18.52 18.56 18.59 18.61 18.64 18.66 18.68 18.71 18.73 18.75 18.77 18.79 18.80 18.83 18.85 18.86 18.88 18.89 18.91 18.94 18.95 18.97 18.99 19.00 19.02 19.03 19.05 19.06 19.08 19.09 19.11 19.12 19.14 19.16 19.18
16.98 17.01 17.05 17.08 17.12 17.16 17.19 17.23 17.26 17.30 17.33 17.36 17.40 17.43 17.47 17.50 17.53 17.57 17.60 17.64 17.67 17.71 17.74 17.77 17.81 17.84 17.87 17.90 17.94 17.97 18.00 18.04 18.07 18.10 18.13 18.16 18.20 18.23 18.26 18.29 18.33 18.36 18.39 18.42 18.45 18.49 18.51 18.54 18.57 18.60 18.61 18.64 18.66 18.68 18.70 18.73 18.74 18.76 18.78 18.80 18.82 18.83 18.85 18.87 18.88 18.90 18.91 18.94 18.95 18.97 18.99 19.00 19.02 19.03 19.05 19.06 19.08 19.09 19.12
16.91 16.95 16.98 17.01 17.05 17.09 17.13 17.16 17.19 17.23 17.26 17.30 17.33 17.36 17.40 17.43 17.47 17.50 17.53 17.57 17.60 17.64 17.67 17.70 17.74 17.76 17.80 17.83 17.86 17.90 17.93 17.97 18.00 18.03 18.06 18.09 18.13 18.16 18.19 18.22 18.26 18.29 18.31 18.35 18.38 18.42 18.44 18.47 18.50 18.52 18.54 18.57 18.60 18.61 18.64 18.66 18.67 18.70 18.71 18.73 18.75 18.77 18.79 18.80 18.82 18.84 18.85 18.87 18.88 18.90 18.92 18.94 18.96 18.97 18.99 19.00 19.02 19.03 19.06
16.84 16.88 16.91 16.95 16.99 17.02 17.06 17.09 17.12 17.16 17.19 17.23 17.26 17.29 17.33 17.36 17.40 17.43 17.46 17.50 17.53 17.57 17.60 17.64 17.67 17.70 17.73 17.76 17.80 17.83 17.86 17.90 17.92 17.96 17.99 18.02 18.06 18.09 18.12 18.15 18.19 18.22 18.24 18.28 18.31 18.35 18.37 18.40 18.43 18.45 18.48 18.50 18.52 18.55 18.57 18.58 18.61 18.63 18.65 18.67 18.69 18.70 18.72 18.74 18.76 18.78 18.79 18.81 18.82 18.84 18.86 18.88 18.89 18.91 18.92 18.94 18.96 18.97 19.00
16.78 16.81 16.85 16.89 16.92 16.96 16.99 17.02 17.06 17.09 17.13 17.16 17.19 17.23 17.26 17.29 17.33 17.36 17.40 17.43 17.46 17.50 17.53 17.57 17.60 17.64 17.66 17.69 17.73 17.76 17.80 17.83 17.86 17.89 17.92 17.96 17.99 18.01 18.05 18.08 18.12 18.15 18.18 18.21 18.24 18.27 18.30 18.33 18.36 18.38 18.41 18.44 18.45 18.48 18.51 18.52 18.54 18.57 18.58 18.61 18.62 18.64 18.66 18.67 18.70 18.71 18.73 18.75 18.76 18.78 18.79 18.82 18.83 18.85 18.86 18.88 18.89 18.91 18.93
16.71 16.75 16.79 16.82 16.86 16.89 16.92 16.96 16.99 17.02 17.06 17.09 17.13 17.16 17.19 17.23 17.26 17.30 17.33 17.36 17.40 17.43 17.47 17.50 17.53 17.57 17.59 17.63 17.66 17.69 17.73 17.76 17.80 17.82 17.85 17.89 17.92 17.95 17.98 18.01 18.05 18.08 18.11 18.14 18.18 18.20 18.23 18.26 18.30 18.32 18.34 18.37 18.39 18.42 18.44 18.46 18.48 18.51 18.52 18.54 18.56 18.58 18.60 18.61 18.64 18.65 18.67 18.68 18.70 18.72 18.74 18.76 18.77 18.79 18.80 18.82 18.83 18.86 18.87
16.66 16.69 16.72 16.76 16.79 16.82 16.86 16.89 16.93 16.96 16.99 17.03 17.06 17.09 17.13 17.16 17.20 17.23 17.26 17.30 17.33 17.37 17.40 17.43 17.47 17.50 17.54 17.56 17.59 17.63 17.66 17.70 17.73 17.75 17.79 17.82 17.86 17.89 17.91 17.95 17.98 18.02 18.04 18.07 18.11 18.14 18.17 18.20 18.23 18.25 18.28 18.31 18.33 18.35 18.38 18.39 18.42 18.44 18.46 18.48 18.50 18.52 18.54 18.55 18.58 18.59 18.61 18.62 18.64 18.65 18.68 18.70 18.71 18.73 18.74 18.76 18.78 18.80 18.81
16.59 16.63 16.66 16.69 16.73 16.76 16.79 16.83 16.86 16.89 16.93 16.96 17.01 17.04 17.07 17.11 17.13 17.16 17.20 17.23 17.27 17.30 17.33 17.37 17.40 17.44 17.46 17.49 17.53 17.56 17.60 17.63 17.66 17.69 17.72 17.76 17.79 17.82 17.85 17.88 17.92 17.95 17.97 18.01 18.04 18.08 18.10 18.13 18.17 18.19 18.22 18.24 18.26 18.29 18.32 18.33 18.36 18.37 18.40 18.42 18.43 18.46 18.47 18.49 18.52 18.53 18.55 18.56 18.58 18.61 18.62 18.64 18.65 18.67 18.69 18.71 18.72 18.74 18.75
16.53 16.56 16.60 16.63 16.66 16.70 16.74 16.77 16.81 16.84 16.87 16.91 16.94 16.97 17.01 17.04 17.08 17.11 17.13 17.17 17.20 17.24 17.27 17.30 17.34 17.37 17.40 17.44 17.46 17.50 17.53 17.56 17.60 17.62 17.66 17.69 17.72 17.75 17.78 17.82 17.85 17.88 17.91 17.94 17.98 18.00 18.03 18.07 18.10 18.12 18.15 18.18 18.20 18.23 18.24 18.27 18.30 18.31 18.34 18.36 18.38 18.40 18.41 18.43 18.46 18.47 18.49 18.50 18.53 18.54 18.56 18.57 18.59 18.61 18.63 18.64 18.66 18.67 18.69
16.47 16.50 16.53 16.58 16.61 16.64 16.68 16.71 16.74 16.78 16.81 16.84 16.88 16.91 16.95 16.98 17.01 17.05 17.07 17.11 17.14 17.17 17.21 17.24 17.27 17.31 17.34 17.36 17.40 17.43 17.47 17.50 17.53 17.56 17.59 17.63 17.66 17.69 17.72 17.75 17.78 17.82 17.84 17.88 17.91 17.94 17.97 18.01 18.04 18.06 18.09 18.11 18.14 18.17 18.18 18.21 18.24 18.25 18.28 18.30 18.32 18.34 18.35 18.38 18.39 18.41 18.43 18.45 18.47 18.48 18.50 18.52 18.54 18.55 18.57 18.58 18.60 18.62 18.64
16.41 16.45 16.48 16.51 16.55 16.58 16.61 16.65 16.68 16.71 16.75 16.78 16.82 16.85 16.88 16.92 16.95 16.98 17.02 17.05 17.08 17.11 17.14 17.18 17.21 17.24 17.28 17.31 17.33 17.37 17.40 17.44 17.47 17.49 17.53 17.56 17.60 17.63 17.65 17.69 17.72 17.75 17.78 17.81 17.85 17.87 17.91 17.94 17.98 18.00 18.03 18.05 18.08 18.11 18.12 18.15 18.18 18.19 18.22 18.24 18.26 18.28 18.30 18.32 18.33 18.35 18.38 18.39 18.41 18.42 18.45 18.46 18.48 18.49 18.51 18.53 18.55 18.56 18.58
16.35 16.39 16.42 16.45 16.49 16.52 16.55 16.59 16.62 16.65 16.69 16.72 16.75 16.79 16.82 16.85 16.89 16.92 16.95 16.99 17.02 17.05 17.08 17.11 17.15 17.18 17.21 17.25 17.27 17.31 17.34 17.37 17.41 17.43 17.46 17.50 17.53 17.57 17.59 17.62 17.66 17.69 17.71 17.75 17.78 17.81 17.85 17.88 17.91 17.94 17.97 18.00 18.02 18.05 18.06 18.09 18.12 18.13 18.16 18.18 18.20 18.22 18.24 18.26 18.27 18.30 18.32 18.33 18.36 18.37 18.39 18.40 18.43 18.44 18.46 18.47 18.49 18.51 18.53
16.29 16.33 16.36 16.39 16.43 16.46 16.49 16.53 16.56 16.59 16.63 16.66 16.69 16.73 16.76 16.79 16.83 16.86 16.89 16.93 16.96 16.99 17.02 17.05 17.09 17.12 17.15 17.19 17.22 17.24 17.28 17.31 17.34 17.38 17.40 17.44 17.47 17.50 17.53 17.56 17.59 17.63 17.65 17.69 17.72 17.75 17.78 17.82 17.85 17.88 17.91 17.93 17.96 17.99 18.01 18.03 18.06 18.08 18.10 18.12 18.14 18.17 18.18 18.20 18.22 18.24 18.25 18.28 18.30 18.31 18.33 18.35 18.37 18.38 18.40 18.42 18.44 18.45 18.47
16.23 16.27 16.30 16.33 16.38 16.41 16.44 16.48 16.51 16.54 16.58 16.61 16.64 16.67 16.70 16.73 16.77 16.80 16.83 16.87 16.90 16.93 16.97 17.00 17.02 17.06 17.09 17.12 17.16 17.18 17.22 17.25 17.28 17.32 17.34 17.37 17.41 17.44 17.48 17.50 17.53 17.57 17.59 17.62 17.66 17.69 17.72 17.76 17.79 17.82 17.85 17.87 17.90 17.93 17.95 17.98 18.00 18.02 18.04 18.06 18.09 18.11 18.12 18.15 18.16 18.19 18.20 18.22 18.24 18.26 18.28 18.29 18.32 18.33 18.35 18.36 18.38 18.40 18.42
