main/data/pressure/14.06.2023.grid
ncols 886
nrows 691
xllcenter 112.0000
yllcenter -44.5000
cellsize 0.0500
nodata_value 99999.90
[rows 444 to 480 of 691, columns 415 to 497 of 886]
11.53 11.62 11.71 11.80 11.87 11.91 11.93 11.96 11.97 12.01 12.02 12.06 12.08 12.10 12.12 12.14 12.15 12.17 12.20 12.21 12.24 12.21 12.26 12.26 12.28 12.29 12.28 12.29 12.28 12.26 12.21 12.18 12.15 12.03 12.00 11.94 11.86 11.78 11.66 11.60 11.44 11.34 11.25 11.16 10.98 10.89 10.80 10.66 10.44 10.37 10.42 10.44 10.46 10.48 10.50 10.47 10.52 10.54 10.58 10.60 10.63 10.70 10.80 10.85 10.88 10.81 10.79 10.86 10.86 10.85 10.82 10.75 10.71 10.66 10.65 10.64 10.59 10.61 10.55 10.53 10.48 10.46 10.32
11.60 11.69 11.78 11.89 11.96 12.00 12.03 12.05 12.08 12.11 12.13 12.16 12.18 12.20 12.24 12.26 12.28 12.30 12.32 12.34 12.38 12.41 12.43 12.43 12.41 12.44 12.44 12.43 12.39 12.36 12.29 12.29 12.23 12.13 12.06 12.00 11.91 11.83 11.72 11.60 11.53 11.42 11.32 11.16 10.89 10.94 10.88 10.76 10.55 10.42 10.42 10.39 10.36 10.37 10.32 10.13 10.41 10.54 10.51 10.50 10.59 10.70 10.81 10.64 10.62 10.68 10.70 10.80 10.80 10.79 10.80 10.75 10.72 10.68 10.64 10.58 10.54 10.59 10.52 10.49 10.46 10.43 10.35
11.67 11.76 11.86 11.96 12.06 12.09 12.12 12.15 12.18 12.21 12.24 12.27 12.29 12.32 12.34 12.37 12.40 12.42 12.45 12.47 12.51 12.54 12.57 12.59 12.56 12.57 12.55 12.55 12.52 12.48 12.44 12.39 12.32 12.24 12.14 12.07 11.98 11.86 11.69 11.54 11.51 11.43 11.33 11.25 11.13 11.06 10.94 10.88 10.74 10.57 10.47 10.41 10.34 10.32 10.34 10.37 10.43 10.48 10.22 10.42 10.68 10.72 10.76 10.60 10.58 10.72 10.68 10.72 10.66 10.62 10.73 10.69 10.66 10.64 10.59 10.55 10.46 10.51 10.51 10.40 10.33 10.38 10.35
11.74 11.83 11.93 12.04 12.15 12.19 12.22 12.25 12.29 12.32 12.35 12.38 12.41 12.44 12.46 12.50 12.53 12.55 12.58 12.62 12.64 12.67 12.70 12.73 12.70 12.71 12.69 12.68 12.64 12.61 12.57 12.50 12.42 12.31 12.12 12.12 12.04 11.90 11.69 11.57 11.56 11.46 11.31 11.23 11.19 11.09 11.00 10.91 10.76 10.65 10.54 10.48 10.40 10.31 10.31 10.28 10.31 10.47 10.34 10.57 10.59 10.61 10.63 10.72 10.75 10.70 10.63 10.62 10.52 10.41 10.59 10.58 10.54 10.57 10.54 10.48 10.41 10.47 10.47 10.38 10.40 10.37 10.33
11.80 11.90 12.01 12.12 12.24 12.29 12.33 12.37 12.40 12.43 12.47 12.50 12.53 12.56 12.60 12.62 12.65 12.69 12.72 12.75 12.78 12.81 12.83 12.85 12.87 12.86 12.86 12.83 12.81 12.76 12.69 12.60 12.54 12.44 12.30 12.21 12.09 11.96 11.80 11.68 11.59 11.47 11.34 11.23 11.18 11.12 11.03 10.94 10.80 10.68 10.59 10.54 10.46 10.38 10.36 10.39 10.38 10.50 10.43 10.36 10.41 10.46 10.52 10.58 10.71 10.67 10.59 10.49 10.48 10.32 10.40 10.49 10.51 10.51 10.44 10.31 10.28 10.41 10.25 10.25 10.38 10.27 10.25
11.86 11.97 12.07 12.19 12.32 12.39 12.44 12.48 12.51 12.55 12.58 12.62 12.65 12.69 12.72 12.76 12.79 12.82 12.85 12.88 12.91 12.94 12.96 12.93 12.98 13.00 13.00 12.99 12.95 12.87 12.80 12.73 12.64 12.52 12.43 12.33 12.17 12.01 11.86 11.74 11.62 11.51 11.41 11.28 11.21 11.13 11.05 10.93 10.83 10.70 10.53 10.37 10.34 10.34 10.34 10.40 10.44 10.38 10.22 10.16 10.24 10.37 10.47 10.54 10.63 10.66 10.61 10.54 10.30 10.14 10.34 10.37 10.42 10.42 10.38 10.43 10.45 10.35 10.24 10.32 10.33 10.23 10.15
11.92 12.03 12.14 12.26 12.39 12.50 12.55 12.59 12.63 12.66 12.70 12.74 12.77 12.81 12.85 12.89 12.92 12.95 12.99 13.01 13.04 13.07 13.08 13.11 13.12 13.12 13.11 13.10 13.08 13.03 12.90 12.84 12.72 12.62 12.53 12.41 12.29 12.10 11.92 11.79 11.67 11.56 11.42 11.31 11.24 11.13 11.02 10.97 10.89 10.76 10.46 10.08 10.32 10.27 10.26 10.32 10.30 10.19 10.04 10.14 10.23 10.21 10.32 10.46 10.55 10.62 10.61 10.56 10.38 10.26 10.39 10.34 10.37 10.38 10.38 10.38 10.20 9.99 10.12 9.91 10.26 10.18 10.14
11.98 12.08 12.20 12.32 12.46 12.59 12.66 12.71 12.75 12.79 12.83 12.86 12.90 12.94 12.98 13.01 13.05 13.09 13.11 13.15 13.18 13.20 13.21 13.23 13.24 13.23 13.22 13.20 13.17 13.13 13.07 12.93 12.81 12.71 12.62 12.47 12.35 12.18 12.00 11.85 11.70 11.61 11.44 11.31 11.24 11.09 11.04 11.01 10.96 10.90 10.65 10.21 10.44 10.38 10.28 10.33 10.22 10.18 10.07 10.24 10.31 10.19 10.26 10.42 10.50 10.52 10.52 10.54 10.49 10.44 10.37 10.31 10.24 10.21 10.24 10.20 10.15 10.05 10.22 10.26 10.16 10.07 9.94
12.03 12.13 12.25 12.38 12.52 12.66 12.77 12.83 12.87 12.91 12.95 12.99 13.03 13.07 13.11 13.14 13.19 13.21 13.25 13.27 13.30 13.32 13.33 13.35 13.35 13.34 13.34 13.30 13.27 13.23 13.15 13.01 12.91 12.80 12.68 12.51 12.39 12.24 12.07 11.91 11.76 11.64 11.46 11.35 11.24 11.16 11.07 11.02 10.94 10.92 10.85 10.61 10.56 10.51 10.39 10.41 10.29 10.28 10.22 10.23 10.41 10.39 10.43 10.49 10.53 10.47 10.44 10.45 10.46 10.39 10.29 10.19 10.05 10.00 10.10 10.19 10.15 10.15 10.07 9.98 10.18 9.90 9.89
12.07 12.18 12.31 12.43 12.58 12.74 12.87 12.95 12.99 13.04 13.08 13.12 13.17 13.20 13.24 13.27 13.31 13.34 13.37 13.40 13.42 13.44 13.45 13.46 13.46 13.45 13.43 13.41 13.37 13.31 13.24 13.13 13.01 12.87 12.71 12.57 12.44 12.29 12.13 11.99 11.84 11.68 11.52 11.39 11.21 11.15 11.07 11.01 10.91 10.89 10.88 10.78 10.71 10.62 10.55 10.46 10.38 10.33 10.32 10.41 10.42 10.42 10.45 10.50 10.49 10.43 10.35 10.12 10.34 10.37 10.28 10.21 10.02 9.94 10.01 10.07 10.09 10.08 10.12 10.10 10.06 10.11 10.05
12.12 12.23 12.35 12.48 12.62 12.79 12.95 13.06 13.12 13.16 13.21 13.25 13.29 13.33 13.37 13.40 13.44 13.46 13.49 13.52 13.54 13.55 13.56 13.57 13.56 13.55 13.53 13.50 13.46 13.39 13.32 13.20 13.04 12.92 12.78 12.63 12.47 12.31 12.17 12.01 11.87 11.73 11.60 11.43 11.28 11.15 11.08 11.00 10.83 10.78 10.83 10.82 10.77 10.66 10.48 10.46 10.37 10.26 10.25 10.36 10.43 10.39 10.40 10.46 10.42 10.33 10.21 10.04 10.35 10.33 10.26 10.18 10.10 10.02 9.98 10.03 10.06 10.02 10.04 9.97 9.79 10.09 10.10
12.16 12.27 12.38 12.52 12.67 12.83 13.00 13.16 13.24 13.29 13.34 13.38 13.42 13.46 13.49 13.53 13.56 13.58 13.61 13.63 13.65 13.66 13.67 13.66 13.66 13.64 13.62 13.51 13.46 13.48 13.39 13.21 13.08 12.91 12.78 12.66 12.50 12.34 12.17 12.00 11.85 11.71 11.60 11.45 11.32 11.17 11.13 11.02 10.89 10.85 10.83 10.81 10.78 10.69 10.59 10.56 10.43 10.28 10.21 10.27 10.38 10.43 10.43 10.42 10.34 10.23 10.23 10.23 10.30 10.30 10.24 10.13 10.04 9.94 9.88 10.02 10.05 10.07 10.09 10.08 10.09 10.08 10.08
12.21 12.30 12.42 12.55 12.70 12.86 13.03 13.22 13.36 13.42 13.46 13.50 13.54 13.58 13.61 13.65 13.67 13.70 13.73 13.74 13.75 13.76 13.77 13.75 13.75 13.72 13.69 13.65 13.58 13.52 13.37 13.25 13.09 12.93 12.78 12.61 12.50 12.37 12.20 11.98 11.83 11.74 11.62 11.48 11.37 11.26 11.13 11.01 10.93 10.86 10.82 10.81 10.79 10.70 10.66 10.60 10.51 10.42 10.30 10.26 10.34 10.38 10.40 10.39 10.30 10.11 10.10 10.15 10.22 10.24 10.21 10.11 10.00 9.87 9.83 9.91 9.97 9.99 10.04 10.09 10.09 10.09 10.08
12.24 12.34 12.45 12.58 12.73 12.88 13.06 13.24 13.43 13.53 13.58 13.62 13.67 13.70 13.74 13.76 13.79 13.82 13.83 13.85 13.85 13.85 13.85 13.84 13.82 13.79 13.75 13.71 13.65 13.55 13.48 13.35 13.14 12.99 12.84 12.70 12.56 12.42 12.25 12.02 11.88 11.78 11.64 11.51 11.41 11.29 11.17 11.05 10.95 10.69 10.79 10.82 10.80 10.74 10.67 10.58 10.53 10.50 10.41 10.32 10.31 10.31 10.34 10.38 10.33 10.19 10.08 10.16 10.18 10.15 10.09 10.08 10.01 9.82 9.76 9.86 9.94 9.99 10.06 10.10 10.06 10.07 10.07
12.27 12.37 12.48 12.61 12.75 12.90 13.07 13.26 13.45 13.63 13.70 13.75 13.78 13.81 13.85 13.88 13.89 13.91 13.93 13.94 13.94 13.93 13.93 13.91 13.88 13.85 13.81 13.75 13.69 13.61 13.51 13.39 13.24 13.10 12.95 12.80 12.64 12.48 12.30 12.12 11.98 11.82 11.68 11.57 11.47 11.35 11.25 11.14 11.09 10.99 10.87 10.88 10.84 10.73 10.63 10.56 10.54 10.54 10.45 10.34 10.30 10.28 10.31 10.37 10.33 10.22 10.07 10.05 10.10 10.07 10.02 9.98 9.97 9.84 9.78 9.86 9.94 9.97 10.01 10.07 10.09 10.02 10.04
12.30 12.40 12.51 12.62 12.75 12.90 13.08 13.26 13.45 13.65 13.79 13.86 13.89 13.93 13.95 13.98 14.00 14.01 14.02 14.02 14.02 14.01 14.00 13.97 13.94 13.89 13.84 13.78 13.71 13.62 13.51 13.40 13.29 13.15 12.99 12.84 12.67 12.51 12.36 12.17 12.01 11.85 11.72 11.63 11.53 11.44 11.33 11.23 11.19 11.10 10.97 10.96 10.78 10.64 10.60 10.52 10.55 10.55 10.49 10.37 10.33 10.27 10.30 10.30 10.30 10.19 10.11 10.02 10.07 10.01 10.00 9.94 9.95 9.93 9.88 9.84 9.97 10.00 10.03 10.09 10.09 9.95 10.01
12.32 12.41 12.52 12.63 12.76 12.91 13.07 13.25 13.44 13.64 13.83 13.96 14.00 14.03 14.05 14.07 14.09 14.10 14.11 14.10 14.09 14.07 14.05 14.03 13.99 13.94 13.89 13.81 13.74 13.64 13.47 13.42 13.30 13.15 12.95 12.82 12.63 12.44 12.30 12.16 12.00 11.88 11.76 11.67 11.59 11.45 11.38 11.31 11.22 11.14 11.08 10.98 10.81 10.68 10.63 10.49 10.32 10.57 10.52 10.42 10.43 10.38 10.36 10.37 10.34 10.25 10.20 10.15 10.11 10.03 9.99 9.97 9.98 10.02 10.01 10.00 10.06 10.08 10.09 10.10 10.10 9.94 10.02
12.34 12.43 12.53 12.64 12.77 12.91 13.06 13.22 13.41 13.61 13.81 14.01 14.09 14.13 14.14 14.16 14.17 14.18 14.17 14.16 14.15 14.13 14.10 14.07 14.02 13.97 13.91 13.84 13.55 13.66 13.57 13.43 13.22 12.95 12.85 12.66 12.67 12.50 12.34 12.15 12.08 11.97 11.88 11.75 11.63 11.48 11.38 11.31 11.23 11.12 11.06 11.00 10.89 10.80 10.78 10.71 10.64 10.62 10.53 10.51 10.51 10.49 10.40 10.40 10.38 10.32 10.26 10.27 10.16 10.11 9.99 9.84 9.99 9.99 10.03 10.06 10.09 10.10 10.11 10.10 10.04 10.06 10.13
12.37 12.45 12.54 12.65 12.77 12.90 13.04 13.20 13.38 13.57 13.76 13.98 14.15 14.22 14.23 14.24 14.25 14.24 14.24 14.23 14.21 14.18 14.15 14.11 14.05 14.00 13.93 13.85 13.77 13.68 13.56 13.46 13.32 13.14 12.99 12.81 12.76 12.64 12.48 12.32 12.12 12.10 11.99 11.86 11.74 11.63 11.49 11.29 11.22 11.16 11.09 11.04 10.95 10.91 10.85 10.79 10.72 10.62 10.57 10.61 10.56 10.51 10.35 10.36 10.40 10.39 10.36 10.31 10.19 10.17 10.08 9.97 9.98 9.94 10.02 10.01 10.03 10.07 10.11 10.14 10.08 10.17 10.21
12.38 12.46 12.55 12.65 12.76 12.88 13.02 13.17 13.33 13.52 13.70 13.90 14.11 14.27 14.31 14.32 14.31 14.30 14.29 14.28 14.25 14.21 14.18 14.13 14.08 14.01 13.95 13.87 13.78 13.69 13.58 13.47 13.36 13.24 13.12 12.95 12.85 12.74 12.59 12.43 12.24 12.16 12.05 11.93 11.81 11.70 11.54 11.18 11.22 11.19 11.14 11.08 11.02 10.97 10.89 10.83 10.77 10.67 10.63 10.65 10.56 10.53 10.41 10.33 10.34 10.44 10.36 10.29 10.21 10.20 10.13 9.99 9.97 9.97 9.98 9.90 9.78 10.06 10.12 10.13 10.13 10.19 10.22
12.39 12.46 12.55 12.65 12.75 12.87 12.99 13.14 13.29 13.45 13.64 13.83 14.03 14.22 14.35 14.38 14.37 14.36 14.35 14.31 14.29 14.25 14.21 14.15 14.10 14.02 13.96 13.87 13.79 13.69 13.58 13.47 13.22 13.25 13.13 13.01 12.88 12.64 12.64 12.52 12.38 12.24 12.11 11.98 11.85 11.74 11.58 11.43 11.28 11.19 11.17 11.12 11.06 10.99 10.93 10.85 10.80 10.73 10.75 10.73 10.63 10.55 10.45 10.39 10.35 10.50 10.40 10.30 10.16 10.26 10.17 9.97 9.99 10.04 9.99 9.88 9.81 10.06 10.12 10.14 10.09 10.19 10.24
12.41 12.48 12.56 12.64 12.74 12.85 12.97 13.10 13.24 13.40 13.56 13.74 13.93 14.13 14.30 14.40 14.42 14.40 14.38 14.35 14.32 14.27 14.22 14.16 14.10 14.03 13.96 13.88 13.79 13.69 13.59 13.48 13.37 13.26 13.14 13.02 12.91 12.79 12.67 12.55 12.36 12.26 12.15 12.02 11.89 11.78 11.67 11.52 11.34 11.23 11.22 11.15 11.09 11.02 10.98 10.90 10.83 10.74 10.75 10.86 10.76 10.57 10.47 10.52 10.46 10.48 10.43 10.33 10.14 10.07 10.29 10.19 10.09 10.12 10.06 9.91 9.95 10.03 10.10 10.11 10.17 10.25 10.30
12.42 12.48 12.55 12.63 12.73 12.83 12.93 13.06 13.19 13.33 13.49 13.65 13.83 14.01 14.20 14.37 14.44 14.43 14.41 14.37 14.33 14.29 14.23 14.18 14.11 14.04 13.96 13.87 13.79 13.68 13.59 13.48 13.38 13.27 13.16 13.05 12.93 12.82 12.71 12.60 12.48 12.33 12.21 12.08 11.99 11.84 11.72 11.59 11.48 11.35 11.29 11.20 11.14 11.09 11.00 10.94 10.88 10.83 10.84 10.80 10.80 10.67 10.58 10.59 10.61 10.59 10.51 10.41 10.24 10.09 10.36 10.21 10.18 10.12 10.06 9.98 9.92 9.99 9.99 10.01 10.12 10.27 10.36
12.43 12.50 12.56 12.63 12.71 12.80 12.91 13.02 13.13 13.27 13.41 13.56 13.72 13.89 14.06 14.25 14.40 14.44 14.42 14.38 14.34 14.29 14.23 14.17 14.10 14.03 13.95 13.87 13.78 13.68 13.59 13.48 13.38 13.28 13.17 13.07 12.96 12.85 12.74 12.64 12.52 12.41 12.27 12.11 12.06 11.79 11.71 11.64 11.51 11.41 11.34 11.28 11.21 11.11 11.04 10.99 10.94 10.90 10.87 10.83 10.78 10.79 10.73 10.71 10.67 10.62 10.54 10.44 10.41 10.45 10.38 10.29 10.24 10.07 10.08 10.06 9.82 9.86 10.01 10.06 10.18 10.24 10.40
12.45 12.50 12.56 12.62 12.71 12.79 12.87 12.97 13.09 13.20 13.34 13.47 13.62 13.77 13.94 14.10 14.27 14.41 14.42 14.39 14.34 14.29 14.22 14.17 14.09 14.02 13.94 13.86 13.77 13.68 13.59 13.48 13.39 13.29 13.19 13.09 12.98 12.88 12.78 12.67 12.57 12.46 12.36 12.17 12.08 12.02 11.84 11.68 11.53 11.49 11.41 11.34 11.27 11.18 11.10 11.06 11.02 10.97 10.91 10.89 10.83 10.81 10.82 10.72 10.66 10.64 10.59 10.55 10.54 10.52 10.45 10.39 10.33 10.12 10.11 10.11 10.02 10.00 10.14 10.24 10.31 10.23 10.40
12.45 12.50 12.56 12.62 12.69 12.76 12.84 12.94 13.03 13.15 13.26 13.38 13.52 13.66 13.80 13.96 14.11 14.27 14.38 14.38 14.33 14.28 14.21 14.15 14.08 14.00 13.93 13.85 13.76 13.67 13.58 13.48 13.40 13.30 13.20 13.11 13.01 12.91 12.81 12.72 12.62 12.52 12.42 12.20 11.91 11.94 11.89 11.64 11.39 11.58 11.47 11.39 11.31 11.24 11.18 11.12 11.08 11.02 10.98 10.94 10.89 10.85 10.87 10.72 10.66 10.74 10.70 10.56 10.13 10.55 10.50 10.42 10.29 10.18 10.16 10.22 10.24 10.25 10.33 10.46 10.54 10.59 10.69
12.47 12.51 12.56 12.62 12.68 12.74 12.82 12.90 12.98 13.09 13.19 13.30 13.42 13.55 13.68 13.82 13.96 14.10 14.25 14.33 14.32 14.26 14.20 14.13 14.06 13.98 13.90 13.83 13.74 13.66 13.58 13.49 13.40 13.31 13.21 13.12 13.03 12.95 12.85 12.77 12.67 12.57 12.49 12.34 12.05 11.98 12.00 11.79 11.78 11.66 11.54 11.44 11.38 11.32 11.25 11.19 11.14 11.09 11.01 10.97 10.93 10.91 10.88 10.85 10.83 10.81 10.77 10.67 10.48 10.59 10.56 10.42 10.34 10.29 10.19 10.31 10.36 10.39 10.48 10.56 10.68 10.70 10.70
12.48 12.52 12.56 12.62 12.67 12.72 12.80 12.86 12.95 13.03 13.12 13.22 13.32 13.44 13.56 13.69 13.82 13.94 14.08 14.20 14.27 14.24 14.17 14.11 14.04 13.96 13.89 13.82 13.73 13.65 13.57 13.49 13.40 13.31 13.23 13.15 13.06 12.98 12.89 12.81 12.72 12.63 12.55 12.38 12.10 11.99 12.09 11.97 11.80 11.65 11.55 11.46 11.41 11.38 11.30 11.26 11.21 11.12 10.95 11.01 10.93 10.92 10.87 10.96 10.92 10.87 10.84 10.81 10.76 10.72 10.64 10.53 10.50 10.39 10.20 10.31 10.42 10.48 10.47 10.43 10.52 10.47 10.73
12.49 12.52 12.57 12.61 12.66 12.71 12.77 12.83 12.91 12.98 13.07 13.15 13.25 13.35 13.46 13.56 13.68 13.80 13.92 14.04 14.15 14.19 14.14 14.08 14.01 13.94 13.86 13.79 13.71 13.64 13.56 13.48 13.40 13.33 13.24 13.16 13.08 13.00 12.92 12.84 12.77 12.65 12.60 12.40 12.16 12.14 12.16 12.00 11.84 11.71 11.60 11.51 11.46 11.42 11.36 11.31 11.27 11.20 11.11 11.07 10.98 11.00 10.96 11.00 10.97 10.94 10.90 10.87 10.86 10.86 10.76 10.68 10.60 10.55 10.39 10.40 10.49 10.46 10.43 10.46 10.53 10.68 10.94
12.50 12.53 12.57 12.61 12.65 12.71 12.75 12.81 12.87 12.93 13.01 13.09 13.17 13.26 13.36 13.45 13.56 13.66 13.77 13.88 13.99 14.08 14.10 14.06 13.99 13.91 13.84 13.77 13.70 13.62 13.55 13.48 13.40 13.33 13.25 13.18 13.11 13.03 12.96 12.88 12.81 12.73 12.48 12.57 12.32 12.32 12.23 12.09 11.95 11.82 11.70 11.61 11.53 11.52 11.47 11.42 11.36 11.29 11.26 11.21 11.15 11.12 11.11 11.07 11.04 10.99 10.99 10.97 10.95 10.96 10.92 10.82 10.72 10.66 10.51 10.37 10.43 10.59 10.62 10.83 10.93 11.03 11.23
12.52 12.54 12.57 12.61 12.65 12.70 12.74 12.78 12.84 12.90 12.96 13.03 13.11 13.18 13.27 13.35 13.45 13.54 13.64 13.74 13.84 13.94 14.01 14.01 13.96 13.89 13.82 13.75 13.68 13.61 13.54 13.48 13.40 13.33 13.26 13.04 12.97 13.05 12.98 12.91 12.84 12.77 12.69 12.61 12.52 12.34 12.21 12.20 12.04 11.93 11.82 11.71 11.67 11.65 11.59 11.54 11.47 11.38 11.35 11.31 11.28 11.23 11.17 11.12 11.10 11.09 11.08 11.07 11.05 11.06 11.05 11.07 10.97 10.91 10.83 10.88 10.89 11.02 10.90 11.05 11.17 11.16 11.49
12.53 12.55 12.58 12.62 12.65 12.68 12.73 12.76 12.82 12.86 12.92 12.98 13.05 13.11 13.19 13.26 13.35 13.43 13.52 13.61 13.70 13.79 13.88 13.93 13.92 13.86 13.80 13.73 13.66 13.60 13.53 13.47 13.40 13.34 13.27 13.06 13.13 13.07 13.00 12.94 12.87 12.79 12.72 12.64 12.55 12.46 11.99 12.26 12.13 12.01 11.91 11.84 11.80 11.75 11.68 11.60 11.54 11.46 11.43 11.37 11.32 11.30 11.19 11.20 11.19 11.18 11.15 11.14 11.13 11.17 11.16 11.21 11.20 11.21 11.14 11.14 11.33 11.29 11.04 11.24 11.38 11.31 11.63
12.55 12.57 12.59 12.62 12.65 12.68 12.72 12.75 12.80 12.84 12.89 12.94 13.00 13.05 13.12 13.19 13.26 13.33 13.41 13.49 13.57 13.66 13.74 13.82 13.87 13.83 13.77 13.71 13.65 13.59 13.53 13.47 13.41 13.34 13.28 13.21 13.14 13.09 13.02 12.95 12.89 12.81 12.74 12.67 12.58 12.49 12.40 12.32 12.18 12.09 12.04 11.96 11.88 11.82 11.73 11.66 11.60 11.55 11.51 11.45 11.41 11.32 11.02 11.30 11.26 11.22 11.20 11.18 11.21 11.31 11.23 11.31 11.28 11.07 11.23 11.29 11.43 11.40 11.45 11.56 11.60 11.76 11.83
12.55 12.58 12.60 12.62 12.65 12.68 12.71 12.74 12.78 12.82 12.86 12.90 12.96 13.00 13.06 13.12 13.18 13.25 13.32 13.39 13.46 13.54 13.62 13.69 13.76 13.79 13.75 13.69 13.63 13.57 13.52 13.46 13.39 13.34 13.28 13.21 13.16 13.09 13.03 12.97 12.90 12.83 12.76 12.69 12.60 12.52 12.44 12.37 12.26 12.18 12.10 11.99 11.95 11.88 11.80 11.73 11.67 11.62 11.57 11.53 11.45 11.43 11.38 11.32 11.30 11.29 11.25 11.19 11.22 11.27 11.20 11.36 11.41 11.35 11.37 11.47 11.58 11.61 11.68 11.78 11.82 11.88 11.92
12.57 12.59 12.61 12.63 12.66 12.68 12.71 12.74 12.76 12.80 12.83 12.87 12.91 12.96 13.01 13.06 13.11 13.18 13.24 13.31 13.37 13.43 13.51 13.57 13.64 13.71 13.71 13.67 13.62 13.56 13.51 13.45 13.39 13.33 13.28 13.22 13.16 13.10 13.04 12.98 12.91 12.84 12.78 12.71 12.63 12.55 12.47 12.39 12.32 12.22 12.16 12.08 12.00 11.94 11.87 11.81 11.74 11.69 11.64 11.59 11.51 11.46 11.45 11.41 11.36 11.38 11.35 11.29 11.12 11.25 11.44 11.47 11.52 11.55 11.57 11.64 11.71 11.78 11.83 11.88 11.92 11.98 12.02
12.59 12.60 12.63 12.64 12.66 12.69 12.70 12.73 12.75 12.79 12.81 12.85 12.88 12.93 12.97 13.02 13.06 13.12 13.17 13.22 13.29 13.34 13.41 13.47 13.53 13.59 13.64 13.64 13.60 13.55 13.49 13.29 13.38 13.33 13.28 13.22 13.16 13.10 13.04 12.98 12.92 12.86 12.79 12.72 12.65 12.58 12.50 12.43 12.36 12.29 12.09 12.14 12.02 11.97 11.91 11.86 11.78 11.74 11.70 11.64 11.56 11.51 11.45 11.44 11.44 11.43 11.40 11.30 11.13 11.41 11.54 11.56 11.58 11.61 11.68 11.76 11.80 11.88 11.92 11.97 12.02 12.07 12.13
12.61 12.62 12.63 12.66 12.67 12.69 12.71 12.72 12.75 12.77 12.80 12.83 12.86 12.89 12.93 12.97 13.02 13.06 13.11 13.16 13.21 13.27 13.32 13.38 13.44 13.49 13.55 13.58 13.57 13.53 13.47 13.42 13.37 13.32 13.27 13.21 13.16 13.10 13.04 12.98 12.92 12.86 12.79 12.73 12.66 12.59 12.53 12.45 12.39 12.32 12.26 12.15 12.00 12.01 11.95 11.84 11.79 11.77 11.74 11.71 11.65 11.61 11.45 11.47 11.47 11.47 11.42 11.36 11.29 11.54 11.63 11.66 11.66 11.68 11.86 11.89 11.93 11.97 12.01 12.07 12.12 12.17 12.23
