main/data/pressure/14.06.2023.grid
ncols 886
nrows 691
xllcenter 112.0000
yllcenter -44.5000
cellsize 0.0500
nodata_value 99999.90
[rows 148 to 184 of 691, columns 415 to 497 of 886]
9.09 9.23 9.39 9.51 9.53 9.50 9.48 9.46 9.46 9.46 9.48 9.49 9.49 9.49 9.34 9.40 9.32 9.27 9.28 9.26 9.26 9.27 9.27 9.27 9.28 9.30 9.30 9.31 9.30 9.19 8.99 8.77 8.61 8.51 8.37 8.24 8.11 8.00 7.91 7.81 7.73 7.63 7.54 7.51 7.46 7.44 7.41 7.41 7.39 7.38 7.38 7.38 7.37 7.33 7.25 7.27 7.26 7.35 7.51 7.56 7.53 7.52 7.62 7.60 7.63 7.65 7.66 7.64 7.66 7.60 7.59 7.61 7.63 7.64 7.70 7.69 7.70 7.73 7.81 7.84 7.84 7.85 7.88
9.12 9.28 9.42 9.53 9.55 9.53 9.51 9.50 9.49 9.48 9.49 9.48 9.47 9.47 9.34 9.30 9.34 9.29 9.28 9.26 9.27 9.27 9.27 9.26 9.27 9.29 9.28 9.29 9.30 9.21 9.01 8.78 8.62 8.48 8.32 8.18 8.08 7.95 7.83 7.74 7.67 7.59 7.53 7.49 7.43 7.40 7.39 7.36 7.34 7.33 7.32 7.31 7.29 7.26 7.27 7.34 7.23 7.37 7.36 7.39 7.45 7.45 7.53 7.52 7.54 7.56 7.55 7.52 7.53 7.51 7.52 7.54 7.55 7.58 7.62 7.59 7.61 7.63 7.69 7.71 7.72 7.72 7.78
9.14 9.30 9.44 9.53 9.56 9.55 9.53 9.52 9.50 9.48 9.47 9.45 9.45 9.44 9.34 9.28 9.30 9.29 9.29 9.28 9.28 9.27 9.26 9.26 9.28 9.28 9.29 9.28 9.27 9.21 9.01 8.78 8.57 8.41 8.25 8.13 8.01 7.91 7.78 7.68 7.62 7.57 7.50 7.44 7.41 7.37 7.33 7.29 7.27 7.25 7.24 7.20 7.17 7.22 7.27 7.30 7.27 7.31 7.28 7.29 7.37 7.38 7.43 7.45 7.47 7.48 7.49 7.48 7.47 7.47 7.49 7.51 7.53 7.54 7.50 7.46 7.48 7.52 7.56 7.60 7.62 7.65 7.70
9.14 9.31 9.45 9.53 9.57 9.57 9.55 9.53 9.52 9.47 9.45 9.46 9.45 9.43 9.34 9.24 9.23 9.27 9.27 9.29 9.28 9.26 9.26 9.26 9.28 9.27 9.26 9.23 9.23 9.16 9.00 8.76 8.53 8.36 8.20 8.09 7.96 7.85 7.75 7.65 7.59 7.50 7.45 7.38 7.35 7.30 7.23 7.19 7.19 7.19 7.18 7.16 7.15 7.20 7.23 7.24 7.24 7.25 7.25 7.24 7.30 7.33 7.35 7.37 7.38 7.39 7.40 7.42 7.42 7.42 7.44 7.41 7.43 7.40 7.38 7.33 7.35 7.37 7.42 7.48 7.54 7.55 7.55
9.11 9.30 9.46 9.56 9.57 9.58 9.56 9.55 9.52 9.46 9.46 9.46 9.44 9.42 9.37 9.31 9.20 9.18 9.22 9.26 9.27 9.26 9.26 9.26 9.26 9.25 9.23 9.22 9.19 9.11 8.97 8.73 8.50 8.30 8.12 7.96 7.85 7.76 7.71 7.60 7.54 7.44 7.39 7.33 7.30 7.24 7.19 7.16 7.12 7.16 7.16 7.14 7.14 7.17 7.18 7.18 7.17 7.20 7.20 7.20 7.22 7.27 7.29 7.28 7.30 7.32 7.32 7.33 7.36 7.36 7.35 7.31 7.30 7.33 7.32 7.32 7.31 7.33 7.37 7.43 7.48 7.53 7.53
9.11 9.28 9.43 9.57 9.59 9.59 9.57 9.56 9.51 9.43 9.45 9.47 9.43 9.40 9.37 9.34 9.29 9.16 9.17 9.23 9.26 9.25 9.25 9.26 9.25 9.23 9.22 9.21 9.18 9.08 8.91 8.69 8.48 8.27 8.06 7.91 7.78 7.66 7.62 7.57 7.49 7.39 7.33 7.26 7.24 7.20 7.15 7.11 7.08 7.13 7.12 7.12 7.09 7.11 7.13 7.12 7.13 7.14 7.17 7.17 7.16 7.19 7.22 7.20 7.22 7.24 7.26 7.26 7.28 7.28 7.27 7.24 7.19 7.19 7.19 7.22 7.26 7.31 7.33 7.37 7.44 7.49 7.54
9.08 9.24 9.40 9.55 9.59 9.59 9.58 9.56 9.51 9.46 9.47 9.46 9.43 9.40 9.37 9.35 9.31 9.20 9.14 9.20 9.25 9.24 9.24 9.25 9.24 9.22 9.19 9.20 9.16 9.02 8.85 8.64 8.41 8.21 8.00 7.86 7.74 7.65 7.59 7.53 7.43 7.34 7.29 7.21 7.15 7.13 7.10 7.06 7.06 7.09 7.05 7.07 7.04 7.04 7.07 7.09 7.09 7.10 7.11 7.11 7.11 7.15 7.16 7.17 7.16 7.18 7.19 7.20 7.20 7.21 7.20 7.18 7.16 7.15 7.14 7.20 7.23 7.27 7.29 7.33 7.40 7.43 7.47
9.03 9.19 9.35 9.49 9.58 9.59 9.57 9.54 9.54 9.51 9.48 9.46 9.43 9.41 9.38 9.35 9.32 9.19 9.12 9.21 9.24 9.23 9.23 9.24 9.22 9.19 9.20 9.19 9.10 8.95 8.78 8.57 8.35 8.18 8.00 7.84 7.72 7.64 7.57 7.47 7.38 7.29 7.25 7.19 7.11 7.09 7.06 7.01 7.03 7.05 6.98 7.04 7.02 7.01 7.01 7.03 7.05 7.05 7.05 7.07 7.08 7.08 7.07 7.11 7.13 7.12 7.12 7.13 7.14 7.16 7.16 7.15 7.16 7.16 7.14 7.16 7.17 7.22 7.27 7.28 7.34 7.38 7.40
8.97 9.12 9.27 9.42 9.56 9.58 9.57 9.55 9.53 9.51 9.49 9.46 9.44 9.40 9.38 9.36 9.33 9.27 9.27 9.21 9.24 9.24 9.23 9.23 9.20 9.17 9.16 9.15 9.05 8.88 8.68 8.49 8.31 8.14 7.98 7.82 7.70 7.61 7.54 7.45 7.36 7.29 7.19 7.12 7.09 7.07 7.05 7.02 7.03 7.03 7.01 7.01 7.00 6.99 6.98 7.00 7.01 7.02 7.02 7.02 7.02 7.02 7.02 7.05 7.08 7.09 7.09 7.08 7.09 7.11 7.12 7.14 7.14 7.14 7.14 7.16 7.15 7.17 7.22 7.27 7.25 7.35 7.39
8.88 9.03 9.19 9.33 9.48 9.55 9.49 9.47 9.51 9.50 9.48 9.46 9.43 9.40 9.38 9.36 9.34 9.31 9.23 9.14 9.20 9.23 9.24 9.22 9.17 9.16 9.13 9.08 8.96 8.77 8.56 8.37 8.20 8.05 7.92 7.77 7.66 7.56 7.48 7.42 7.33 7.25 7.17 7.10 7.06 7.05 7.05 7.03 7.01 7.02 7.00 6.99 6.97 6.97 6.96 6.97 6.97 6.99 6.99 6.98 6.98 6.98 6.99 6.99 7.02 7.05 7.04 7.04 7.05 7.07 7.08 7.10 7.12 7.11 7.11 7.11 7.11 7.13 7.18 7.22 7.29 7.31 7.34
8.83 8.96 9.11 9.24 9.39 9.51 9.52 9.50 9.50 9.50 9.48 9.46 9.44 9.41 9.38 9.36 9.34 9.31 9.22 9.08 9.15 9.21 9.22 9.20 9.17 9.14 9.10 8.99 8.85 8.65 8.44 8.26 8.11 7.97 7.84 7.69 7.58 7.51 7.45 7.37 7.30 7.22 7.15 7.09 7.06 7.01 7.03 7.02 7.00 6.99 6.98 6.97 6.95 6.94 6.94 6.94 6.95 6.96 6.95 6.95 6.96 6.96 6.96 6.96 7.01 7.00 6.99 7.01 7.02 7.04 7.05 7.06 7.08 7.09 7.08 7.09 7.09 7.13 7.17 7.21 7.23 7.25 7.29
8.75 8.87 9.01 9.13 9.28 9.43 9.52 9.54 9.52 9.50 9.49 9.46 9.44 9.42 9.40 9.38 9.32 9.30 9.22 9.14 9.10 9.21 9.21 9.20 9.17 9.11 9.04 8.88 8.72 8.55 8.34 8.16 8.02 7.87 7.75 7.64 7.54 7.47 7.42 7.35 7.27 7.20 7.14 7.09 7.05 7.01 7.01 6.99 6.98 6.98 6.96 6.95 6.93 6.92 6.92 6.92 6.94 6.93 6.94 6.94 6.94 6.93 6.95 6.96 6.96 6.96 6.96 6.97 6.99 7.00 7.01 7.02 7.04 7.06 7.04 7.06 7.10 7.14 7.16 7.16 7.15 7.16 7.24
8.70 8.81 8.90 9.01 9.14 9.28 9.41 9.51 9.51 9.50 9.47 9.45 9.43 9.41 9.40 9.36 9.31 9.26 9.18 9.07 9.08 9.19 9.19 9.19 9.16 9.09 8.93 8.76 8.59 8.44 8.26 8.10 7.94 7.79 7.68 7.60 7.50 7.44 7.38 7.31 7.24 7.19 7.14 7.08 7.04 7.02 7.00 6.99 6.98 6.96 6.93 6.93 6.92 6.91 6.91 6.91 6.91 6.90 6.91 6.91 6.92 6.92 6.92 6.92 6.92 6.92 6.93 6.95 6.97 6.99 6.99 7.00 6.99 6.99 7.01 7.05 7.09 7.09 7.09 7.09 7.11 7.13 7.15
8.61 8.71 8.81 8.90 9.01 9.14 9.25 9.37 9.45 9.47 9.46 9.44 9.41 9.39 9.38 9.35 9.30 9.25 9.18 9.02 9.09 9.16 9.18 9.14 9.06 8.93 8.78 8.62 8.46 8.32 8.17 8.03 7.89 7.75 7.64 7.54 7.46 7.40 7.33 7.26 7.21 7.16 7.10 7.04 7.02 7.01 6.99 6.97 6.96 6.94 6.93 6.92 6.91 6.90 6.90 6.88 6.86 6.87 6.86 6.86 6.87 6.89 6.89 6.90 6.89 6.89 6.90 6.94 6.95 6.94 6.96 6.98 6.97 6.95 7.00 7.03 7.04 7.04 7.04 7.07 7.05 7.07 7.06
8.49 8.58 8.68 8.77 8.88 8.99 9.09 9.19 9.29 9.36 9.42 9.41 9.40 9.39 9.38 9.35 9.31 9.25 9.19 9.09 9.07 9.11 9.11 9.02 8.90 8.77 8.62 8.47 8.32 8.19 8.06 7.92 7.80 7.69 7.57 7.48 7.41 7.35 7.29 7.23 7.18 7.12 7.08 7.04 7.01 6.99 6.98 6.96 6.95 6.93 6.92 6.90 6.88 6.88 6.86 6.86 6.84 6.84 6.83 6.83 6.86 6.87 6.88 6.89 6.89 6.89 6.91 6.91 6.92 6.93 6.93 6.95 6.96 6.98 6.99 7.01 7.00 6.99 7.00 7.00 6.98 6.97 7.00
8.35 8.45 8.55 8.64 8.75 8.85 8.94 9.03 9.11 9.19 9.25 9.30 9.34 9.36 9.35 9.32 9.27 9.19 9.09 8.99 8.95 8.95 8.91 8.83 8.71 8.59 8.46 8.35 8.22 8.09 7.96 7.82 7.72 7.63 7.52 7.44 7.37 7.31 7.25 7.20 7.15 7.10 7.06 7.03 6.99 6.98 6.96 6.94 6.93 6.92 6.89 6.88 6.85 6.84 6.85 6.82 6.83 6.82 6.81 6.80 6.83 6.83 6.84 6.86 6.87 6.88 6.89 6.88 6.90 6.90 6.92 6.94 6.94 6.95 6.96 6.98 6.98 6.99 6.96 6.93 6.91 6.90 6.95
8.23 8.35 8.44 8.52 8.63 8.72 8.80 8.88 8.95 9.01 9.06 9.12 9.16 9.19 9.20 9.18 9.13 9.04 8.90 8.77 8.75 8.77 8.70 8.61 8.51 8.38 8.30 8.21 8.09 7.98 7.86 7.75 7.66 7.58 7.49 7.41 7.34 7.27 7.21 7.17 7.12 7.08 7.04 7.02 6.99 6.96 6.95 6.93 6.91 6.90 6.87 6.84 6.82 6.81 6.83 6.81 6.78 6.76 6.79 6.79 6.81 6.81 6.82 6.83 6.84 6.85 6.86 6.86 6.88 6.88 6.90 6.92 6.93 6.93 6.94 6.97 6.96 6.95 6.93 6.90 6.87 6.85 6.90
8.20 8.28 8.36 8.43 8.52 8.60 8.65 8.71 8.78 8.84 8.89 8.93 8.96 8.97 8.99 8.98 8.93 8.83 8.68 8.51 8.54 8.56 8.49 8.41 8.32 8.23 8.15 8.06 7.97 7.87 7.78 7.68 7.58 7.49 7.42 7.36 7.29 7.23 7.18 7.14 7.10 7.06 7.02 7.00 6.98 6.96 6.94 6.91 6.89 6.87 6.85 6.82 6.79 6.78 6.79 6.80 6.80 6.78 6.79 6.80 6.81 6.81 6.81 6.82 6.82 6.82 6.83 6.84 6.86 6.88 6.89 6.90 6.91 6.93 6.95 6.96 6.90 6.84 6.90 6.92 6.85 6.80 6.87
8.17 8.23 8.30 8.34 8.38 8.43 8.49 8.55 8.62 8.68 8.72 8.75 8.78 8.79 8.78 8.77 8.72 8.63 8.51 8.39 8.37 8.37 8.29 8.22 8.13 8.06 8.00 7.93 7.84 7.76 7.67 7.59 7.50 7.41 7.36 7.31 7.25 7.20 7.15 7.10 7.07 7.04 7.02 6.99 6.96 6.95 6.94 6.92 6.90 6.86 6.84 6.82 6.81 6.80 6.79 6.80 6.81 6.79 6.80 6.81 6.81 6.81 6.80 6.81 6.82 6.84 6.84 6.85 6.85 6.87 6.89 6.90 6.91 6.93 6.94 6.94 6.90 6.87 6.87 6.86 6.87 6.84 6.85
8.16 8.19 8.24 8.26 8.27 8.28 8.33 8.39 8.47 8.52 8.55 8.58 8.60 8.61 8.59 8.56 8.51 8.45 8.37 8.24 8.18 8.14 8.09 8.04 7.98 7.91 7.86 7.81 7.74 7.66 7.59 7.51 7.42 7.35 7.30 7.26 7.22 7.16 7.12 7.09 7.05 7.03 7.00 6.97 6.95 6.94 6.93 6.91 6.90 6.87 6.85 6.83 6.83 6.82 6.80 6.81 6.81 6.81 6.82 6.81 6.81 6.81 6.81 6.84 6.84 6.84 6.85 6.84 6.85 6.87 6.88 6.89 6.90 6.91 6.93 6.94 6.90 6.90 6.90 6.90 6.90 6.88 6.85
8.12 8.15 8.18 8.18 8.19 8.20 8.20 8.22 8.29 8.36 8.41 8.43 8.44 8.44 8.42 8.38 8.31 8.22 8.19 8.13 7.96 7.88 7.87 7.87 7.78 7.72 7.70 7.68 7.63 7.57 7.51 7.44 7.37 7.29 7.24 7.21 7.18 7.13 7.10 7.06 7.04 7.01 6.99 6.97 6.95 6.93 6.91 6.90 6.90 6.88 6.85 6.83 6.83 6.84 6.82 6.81 6.81 6.81 6.83 6.80 6.79 6.80 6.83 6.83 6.82 6.83 6.84 6.85 6.85 6.86 6.88 6.90 6.90 6.91 6.92 6.93 6.91 6.91 6.90 6.90 6.90 6.90 6.89
8.09 8.12 8.12 8.11 8.09 8.11 8.10 8.09 8.15 8.22 8.28 8.29 8.29 8.29 8.27 8.24 8.15 7.99 7.95 7.95 7.75 7.65 7.69 7.72 7.63 7.58 7.56 7.57 7.53 7.47 7.42 7.37 7.30 7.24 7.18 7.17 7.16 7.10 7.08 7.05 7.02 7.01 6.98 6.96 6.94 6.92 6.90 6.89 6.90 6.86 6.84 6.84 6.83 6.83 6.83 6.82 6.81 6.81 6.83 6.82 6.82 6.83 6.81 6.80 6.81 6.82 6.85 6.85 6.86 6.87 6.88 6.89 6.89 6.89 6.92 6.94 6.93 6.93 6.92 6.91 6.93 6.96 6.94
8.04 8.07 8.07 8.05 8.01 8.01 8.02 8.01 8.07 8.12 8.14 8.16 8.17 8.15 8.14 8.10 8.05 7.97 7.89 7.81 7.69 7.62 7.61 7.59 7.50 7.46 7.46 7.45 7.43 7.39 7.35 7.31 7.26 7.21 7.18 7.16 7.12 7.07 7.04 7.03 7.01 6.99 6.97 6.95 6.94 6.92 6.91 6.89 6.89 6.86 6.85 6.84 6.83 6.84 6.84 6.83 6.83 6.83 6.84 6.84 6.83 6.83 6.82 6.82 6.82 6.83 6.85 6.86 6.87 6.88 6.89 6.90 6.90 6.91 6.92 6.92 6.93 6.92 6.91 6.94 6.96 6.96 6.98
8.00 8.03 8.04 8.02 8.01 7.98 7.97 7.96 8.00 8.02 8.01 8.00 8.03 8.03 8.00 7.97 7.93 7.89 7.85 7.74 7.67 7.62 7.56 7.41 7.35 7.34 7.35 7.34 7.33 7.31 7.29 7.25 7.22 7.18 7.14 7.12 7.11 7.06 7.04 7.02 7.00 6.98 6.96 6.95 6.93 6.92 6.91 6.90 6.89 6.85 6.84 6.85 6.85 6.86 6.85 6.84 6.85 6.84 6.85 6.84 6.82 6.82 6.82 6.82 6.84 6.85 6.85 6.86 6.88 6.89 6.89 6.89 6.90 6.89 6.90 6.90 6.92 6.93 6.91 6.87 6.89 6.90 6.87
7.95 7.99 8.01 7.98 7.92 7.95 7.92 7.89 7.94 7.94 7.90 7.86 7.92 7.91 7.80 7.79 7.79 7.77 7.73 7.67 7.60 7.54 7.49 7.44 7.33 7.28 7.24 7.25 7.27 7.27 7.23 7.21 7.17 7.14 7.10 7.08 7.05 7.05 7.03 7.02 7.00 6.98 6.96 6.94 6.92 6.91 6.91 6.89 6.88 6.87 6.87 6.87 6.86 6.86 6.87 6.86 6.86 6.86 6.86 6.85 6.84 6.83 6.83 6.84 6.86 6.86 6.86 6.87 6.88 6.89 6.88 6.88 6.90 6.89 6.89 6.90 6.92 6.93 6.92 6.87 6.79 6.82 6.79
7.92 7.97 7.97 7.95 7.93 7.94 7.92 7.90 7.90 7.88 7.84 7.81 7.84 7.80 7.68 7.65 7.67 7.65 7.62 7.57 7.51 7.41 7.38 7.34 7.27 7.19 7.09 7.17 7.21 7.20 7.18 7.16 7.13 7.10 7.06 7.04 7.02 7.00 7.00 6.99 6.97 6.97 6.96 6.93 6.93 6.91 6.91 6.90 6.89 6.89 6.88 6.87 6.86 6.86 6.86 6.87 6.87 6.87 6.86 6.86 6.86 6.85 6.86 6.87 6.88 6.87 6.88 6.86 6.87 6.87 6.89 6.88 6.89 6.88 6.89 6.89 6.92 6.92 6.91 6.88 6.83 6.82 6.82
7.93 7.96 7.94 7.93 7.91 7.89 7.89 7.88 7.87 7.83 7.78 7.78 7.77 7.74 7.68 7.68 7.60 7.54 7.51 7.46 7.39 7.35 7.30 7.25 7.21 7.11 6.97 7.19 7.13 7.12 7.12 7.10 7.09 7.07 7.04 7.03 7.01 6.99 6.98 6.97 6.96 6.96 6.95 6.93 6.92 6.92 6.90 6.89 6.88 6.88 6.87 6.86 6.85 6.85 6.86 6.86 6.87 6.88 6.87 6.87 6.87 6.87 6.88 6.88 6.87 6.86 6.86 6.86 6.85 6.86 6.88 6.90 6.90 6.90 6.90 6.91 6.92 6.92 6.90 6.88 6.87 6.85 6.82
7.95 7.95 7.92 7.91 7.86 7.82 7.83 7.85 7.83 7.79 7.75 7.72 7.72 7.70 7.66 7.61 7.53 7.44 7.41 7.37 7.29 7.29 7.22 7.18 7.14 7.12 7.16 7.06 7.03 7.07 7.08 7.07 7.06 7.05 7.04 7.01 6.98 6.98 6.96 6.95 6.95 6.94 6.94 6.93 6.91 6.91 6.90 6.89 6.88 6.89 6.88 6.86 6.84 6.83 6.86 6.86 6.87 6.87 6.87 6.89 6.88 6.87 6.87 6.86 6.86 6.85 6.86 6.86 6.86 6.86 6.86 6.88 6.91 6.88 6.90 6.91 6.91 6.91 6.89 6.89 6.88 6.86 6.79
7.96 7.91 7.91 7.90 7.84 7.78 7.78 7.80 7.80 7.77 7.71 7.66 7.65 7.65 7.61 7.55 7.47 7.41 7.34 7.28 7.22 7.16 7.12 7.11 7.10 7.09 7.08 7.06 7.06 7.07 7.05 7.05 7.04 7.02 7.01 6.99 6.96 6.97 6.96 6.95 6.95 6.94 6.94 6.92 6.91 6.90 6.90 6.88 6.87 6.88 6.87 6.87 6.85 6.85 6.86 6.87 6.86 6.87 6.89 6.89 6.88 6.88 6.88 6.87 6.86 6.86 6.88 6.88 6.88 6.87 6.87 6.88 6.88 6.90 6.89 6.90 6.90 6.90 6.90 6.89 6.85 6.78 6.73
7.94 7.89 7.90 7.89 7.83 7.77 7.76 7.76 7.78 7.74 7.66 7.59 7.60 7.60 7.57 7.51 7.44 7.36 7.30 7.24 7.17 7.10 7.04 7.03 7.05 7.05 7.03 7.02 7.02 7.02 7.02 7.02 7.02 7.00 6.99 6.97 6.95 6.94 6.96 6.95 6.95 6.94 6.93 6.93 6.92 6.92 6.91 6.89 6.88 6.88 6.87 6.87 6.86 6.86 6.87 6.88 6.88 6.89 6.88 6.89 6.89 6.89 6.89 6.89 6.89 6.89 6.89 6.89 6.88 6.89 6.89 6.91 6.89 6.89 6.90 6.89 6.89 6.90 6.87 6.84 6.78 6.71 6.71
7.88 7.87 7.90 7.89 7.86 7.81 7.77 7.75 7.74 7.71 7.65 7.59 7.57 7.56 7.53 7.50 7.41 7.33 7.26 7.20 7.15 7.09 7.00 6.94 7.01 7.02 7.01 7.01 6.99 7.00 7.00 7.00 7.00 6.98 6.97 6.95 6.94 6.94 6.96 6.96 6.94 6.93 6.92 6.92 6.91 6.91 6.90 6.89 6.88 6.86 6.85 6.87 6.87 6.87 6.88 6.89 6.89 6.89 6.89 6.88 6.88 6.88 6.89 6.89 6.91 6.90 6.90 6.89 6.90 6.90 6.91 6.90 6.89 6.88 6.89 6.89 6.89 6.89 6.81 6.73 6.71 6.77 6.82
7.84 7.86 7.92 7.89 7.86 7.80 7.76 7.74 7.72 7.69 7.63 7.58 7.56 7.54 7.49 7.46 7.39 7.29 7.24 7.18 7.14 7.09 7.01 6.93 6.97 6.94 6.88 6.74 6.94 6.97 6.99 6.97 6.97 6.96 6.95 6.94 6.94 6.96 6.96 6.94 6.94 6.92 6.91 6.91 6.91 6.90 6.90 6.88 6.89 6.88 6.85 6.86 6.88 6.88 6.89 6.90 6.89 6.90 6.89 6.88 6.87 6.88 6.89 6.90 6.90 6.89 6.89 6.89 6.88 6.88 6.90 6.90 6.89 6.88 6.88 6.89 6.89 6.88 6.80 6.83 6.82 6.87 6.89
7.88 7.89 7.90 7.89 7.86 7.78 7.74 7.73 7.69 7.66 7.64 7.59 7.54 7.49 7.43 7.39 7.37 7.33 7.26 7.20 7.16 7.11 7.06 7.00 6.96 6.89 6.89 6.88 6.95 6.95 6.95 6.96 6.96 6.95 6.90 6.86 6.94 6.95 6.94 6.94 6.94 6.91 6.90 6.89 6.90 6.90 6.89 6.89 6.89 6.88 6.88 6.89 6.89 6.89 6.90 6.90 6.90 6.91 6.89 6.89 6.89 6.90 6.88 6.88 6.89 6.89 6.90 6.88 6.86 6.87 6.88 6.89 6.87 6.87 6.86 6.88 6.89 6.89 6.86 6.89 6.90 6.92 6.92
7.95 7.95 7.92 7.89 7.85 7.78 7.75 7.72 7.67 7.63 7.61 7.58 7.53 7.47 7.40 7.33 7.24 7.28 7.27 7.21 7.16 7.12 7.08 7.02 6.94 6.84 6.92 6.92 6.94 6.90 6.92 6.93 6.94 6.93 6.89 6.89 6.96 6.90 6.89 6.94 6.94 6.91 6.89 6.88 6.89 6.90 6.88 6.87 6.87 6.83 6.86 6.85 6.87 6.89 6.87 6.90 6.89 6.90 6.89 6.90 6.89 6.90 6.85 6.86 6.86 6.85 6.88 6.88 6.86 6.85 6.86 6.85 6.85 6.89 6.84 6.88 6.89 6.90 6.90 6.92 6.92 6.92 6.89
7.99 7.95 7.92 7.88 7.82 7.76 7.74 7.72 7.63 7.57 7.56 7.56 7.52 7.46 7.41 7.31 7.18 7.24 7.25 7.20 7.14 7.11 7.06 7.01 6.92 6.82 6.87 6.87 6.74 6.86 6.90 6.93 6.93 6.93 6.92 6.93 6.93 6.64 6.78 6.93 6.93 6.92 6.89 6.88 6.89 6.89 6.87 6.88 6.88 6.85 6.85 6.87 6.89 6.88 6.89 6.88 6.91 6.91 6.91 6.91 6.90 6.89 6.88 6.86 6.86 6.85 6.86 6.89 6.89 6.88 6.87 6.88 6.88 6.89 6.86 6.88 6.90 6.90 6.88 6.89 6.89 6.89 6.90
7.99 7.96 7.92 7.87 7.80 7.73 7.70 7.69 7.59 7.54 7.53 7.52 7.51 7.46 7.40 7.29 7.18 7.22 7.23 7.17 7.11 7.06 7.01 7.00 6.93 6.84 6.82 6.82 6.81 6.93 6.92 6.93 6.93 6.92 6.93 6.93 6.89 6.60 6.77 6.93 6.93 6.92 6.89 6.88 6.89 6.89 6.88 6.88 6.88 6.87 6.87 6.89 6.90 6.88 6.91 6.89 6.92 6.92 6.91 6.92 6.91 6.92 6.90 6.88 6.87 6.86 6.86 6.87 6.89 6.89 6.89 6.89 6.89 6.88 6.90 6.90 6.89 6.89 6.88 6.88 6.88 6.90 6.90
8.00 7.96 7.91 7.85 7.78 7.70 7.66 7.65 7.61 7.55 7.52 7.49 7.49 7.46 7.38 7.27 7.18 7.18 7.19 7.16 7.06 6.95 6.95 6.95 6.90 6.83 6.77 6.74 6.83 6.92 6.93 6.91 6.89 6.89 6.90 6.93 6.91 6.82 6.85 6.91 6.92 6.92 6.89 6.88 6.90 6.90 6.87 6.88 6.88 6.89 6.89 6.91 6.91 6.91 6.91 6.93 6.91 6.91 6.91 6.92 6.91 6.91 6.91 6.90 6.90 6.89 6.88 6.89 6.90 6.89 6.87 6.88 6.87 6.85 6.87 6.88 6.90 6.89 6.89 6.90 6.90 6.91 6.91
