main/data/pressure/14.06.2023.grid
ncols 886
nrows 691
xllcenter 112.0000
yllcenter -44.5000
cellsize 0.0500
nodata_value 99999.90
[rows 185 to 221 of 691, columns 415 to 497 of 886]
8.00 7.97 7.91 7.84 7.76 7.70 7.64 7.60 7.57 7.53 7.49 7.47 7.47 7.45 7.39 7.28 7.20 7.18 7.16 7.14 7.07 6.98 6.94 6.92 6.88 6.84 6.69 6.68 6.81 6.87 6.91 6.85 6.85 6.86 6.84 6.89 6.93 6.93 6.91 6.92 6.92 6.91 6.90 6.87 6.90 6.88 6.85 6.88 6.89 6.91 6.91 6.91 6.91 6.93 6.92 6.93 6.92 6.92 6.92 6.93 6.91 6.89 6.90 6.89 6.88 6.90 6.89 6.90 6.89 6.90 6.85 6.86 6.88 6.88 6.87 6.89 6.90 6.89 6.89 6.89 6.89 6.88 6.89
7.99 7.97 7.93 7.85 7.79 7.72 7.62 7.58 7.53 7.50 7.48 7.47 7.46 7.44 7.38 7.29 7.24 7.21 7.18 7.13 7.09 7.03 6.96 6.92 6.87 6.80 6.68 6.75 6.82 6.92 6.87 6.76 6.80 6.83 6.86 6.89 6.90 6.92 6.92 6.90 6.88 6.92 6.90 6.90 6.89 6.90 6.89 6.88 6.90 6.91 6.92 6.92 6.92 6.92 6.92 6.93 6.93 6.93 6.92 6.91 6.90 6.89 6.89 6.89 6.87 6.91 6.88 6.86 6.85 6.88 6.86 6.88 6.89 6.88 6.85 6.88 6.89 6.89 6.88 6.87 6.87 6.87 6.88
7.98 7.97 7.94 7.87 7.81 7.73 7.64 7.59 7.54 7.49 7.50 7.50 7.47 7.45 7.41 7.35 7.31 7.26 7.20 7.10 7.04 7.01 6.96 6.94 6.89 6.88 6.91 6.92 6.90 6.90 6.86 6.79 6.80 6.80 6.88 6.88 6.89 6.90 6.91 6.90 6.87 6.90 6.88 6.88 6.91 6.88 6.89 6.90 6.90 6.92 6.94 6.94 6.93 6.92 6.94 6.93 6.93 6.93 6.92 6.91 6.90 6.88 6.89 6.89 6.90 6.91 6.87 6.87 6.86 6.86 6.87 6.86 6.87 6.86 6.85 6.87 6.88 6.89 6.88 6.87 6.87 6.87 6.88
7.98 7.97 7.95 7.89 7.84 7.78 7.72 7.68 7.61 7.60 7.55 7.53 7.52 7.50 7.46 7.42 7.37 7.30 7.24 7.16 7.10 7.07 7.03 7.01 6.99 6.96 6.85 6.78 6.89 6.87 6.87 6.82 6.80 6.79 6.83 6.86 6.88 6.89 6.89 6.89 6.87 6.88 6.90 6.90 6.90 6.88 6.89 6.91 6.91 6.93 6.95 6.96 6.94 6.95 6.95 6.93 6.93 6.93 6.93 6.92 6.90 6.90 6.90 6.91 6.92 6.90 6.86 6.85 6.85 6.84 6.83 6.87 6.86 6.84 6.84 6.86 6.88 6.88 6.88 6.87 6.87 6.87 6.89
7.99 8.01 7.97 7.92 7.88 7.83 7.79 7.75 7.70 7.65 7.62 7.58 7.55 7.54 7.51 7.47 7.40 7.34 7.28 7.22 7.17 7.13 7.09 7.00 6.92 6.81 6.82 6.76 6.82 6.85 6.82 6.81 6.79 6.82 6.85 6.87 6.89 6.89 6.88 6.88 6.88 6.89 6.90 6.91 6.89 6.85 6.90 6.92 6.93 6.92 6.95 6.96 6.96 6.96 6.94 6.94 6.94 6.93 6.93 6.92 6.91 6.91 6.91 6.90 6.91 6.90 6.89 6.86 6.84 6.83 6.82 6.84 6.84 6.83 6.83 6.84 6.86 6.86 6.88 6.88 6.87 6.88 6.88
8.06 8.03 7.99 7.95 7.91 7.87 7.83 7.78 7.75 7.71 7.67 7.63 7.59 7.55 7.53 7.48 7.42 7.37 7.31 7.26 7.21 7.16 7.07 6.95 6.86 6.82 6.80 6.72 6.74 6.77 6.81 6.75 6.69 6.82 6.86 6.88 6.88 6.88 6.89 6.88 6.90 6.90 6.91 6.90 6.90 6.89 6.92 6.94 6.94 6.94 6.95 6.96 6.96 6.96 6.95 6.94 6.95 6.94 6.93 6.93 6.93 6.92 6.92 6.92 6.91 6.89 6.89 6.87 6.87 6.85 6.83 6.84 6.82 6.82 6.82 6.84 6.85 6.85 6.87 6.87 6.87 6.88 6.88
8.04 8.02 8.00 7.97 7.93 7.89 7.85 7.81 7.77 7.74 7.70 7.65 7.62 7.58 7.53 7.48 7.44 7.40 7.34 7.29 7.24 7.17 7.11 7.05 7.00 6.89 6.86 6.75 6.74 6.78 6.82 6.84 6.83 6.85 6.86 6.87 6.89 6.90 6.90 6.89 6.90 6.91 6.91 6.90 6.90 6.90 6.93 6.95 6.95 6.96 6.97 6.96 6.96 6.95 6.95 6.95 6.94 6.94 6.93 6.94 6.94 6.93 6.93 6.92 6.91 6.89 6.89 6.88 6.86 6.84 6.83 6.83 6.82 6.81 6.82 6.82 6.84 6.84 6.86 6.86 6.86 6.87 6.86
8.04 8.02 7.99 7.95 7.91 7.89 7.86 7.82 7.79 7.75 7.71 7.67 7.63 7.58 7.54 7.50 7.45 7.41 7.37 7.32 7.27 7.22 7.16 7.11 7.05 6.96 6.91 6.80 6.74 6.72 6.78 6.73 6.83 6.82 6.83 6.88 6.88 6.93 6.92 6.91 6.92 6.92 6.91 6.90 6.91 6.93 6.93 6.95 6.96 6.96 6.97 6.97 6.96 6.95 6.94 6.95 6.95 6.94 6.94 6.93 6.93 6.93 6.92 6.91 6.91 6.90 6.89 6.88 6.86 6.84 6.83 6.82 6.82 6.81 6.81 6.81 6.82 6.84 6.85 6.85 6.85 6.86 6.87
8.05 8.02 8.00 7.96 7.90 7.88 7.85 7.82 7.78 7.76 7.72 7.67 7.64 7.59 7.54 7.49 7.46 7.42 7.38 7.35 7.31 7.26 7.19 7.13 7.07 7.03 6.97 6.90 6.73 6.76 6.79 6.85 6.85 6.84 6.85 6.84 6.86 6.93 6.93 6.92 6.92 6.92 6.91 6.91 6.92 6.94 6.94 6.95 6.97 6.97 6.97 6.97 6.96 6.95 6.94 6.94 6.95 6.93 6.93 6.93 6.92 6.92 6.92 6.90 6.90 6.89 6.88 6.87 6.86 6.85 6.84 6.83 6.82 6.81 6.80 6.80 6.81 6.84 6.85 6.85 6.85 6.85 6.87
8.04 8.02 8.01 7.97 7.92 7.89 7.84 7.80 7.78 7.75 7.72 7.68 7.63 7.58 7.54 7.50 7.46 7.43 7.39 7.35 7.31 7.28 7.23 7.18 7.11 7.07 7.00 6.92 6.64 6.81 6.85 6.79 6.73 6.82 6.75 6.75 6.89 6.94 6.93 6.91 6.92 6.92 6.91 6.92 6.93 6.95 6.95 6.96 6.97 6.97 6.97 6.97 6.96 6.96 6.94 6.94 6.95 6.93 6.93 6.93 6.92 6.93 6.91 6.90 6.89 6.89 6.88 6.87 6.87 6.86 6.85 6.84 6.83 6.82 6.81 6.80 6.81 6.81 6.83 6.83 6.83 6.85 6.87
8.04 8.02 8.01 7.98 7.94 7.90 7.85 7.80 7.77 7.75 7.74 7.68 7.63 7.58 7.55 7.50 7.46 7.43 7.40 7.36 7.33 7.28 7.24 7.19 7.15 7.10 7.05 7.00 6.92 6.88 6.85 6.83 6.80 6.82 6.83 6.82 6.89 6.91 6.91 6.91 6.91 6.91 6.91 6.92 6.94 6.96 6.96 6.97 6.99 6.98 6.98 6.96 6.95 6.94 6.93 6.94 6.95 6.94 6.94 6.93 6.92 6.92 6.90 6.89 6.89 6.88 6.88 6.87 6.85 6.85 6.84 6.83 6.82 6.82 6.82 6.81 6.80 6.80 6.83 6.83 6.83 6.84 6.86
8.05 8.02 8.01 7.97 7.93 7.90 7.87 7.81 7.75 7.74 7.74 7.70 7.64 7.60 7.55 7.50 7.47 7.44 7.41 7.37 7.34 7.31 7.26 7.18 7.16 7.11 7.07 7.03 6.99 6.95 6.86 6.82 6.81 6.84 6.86 6.87 6.87 6.89 6.88 6.89 6.90 6.90 6.92 6.93 6.94 6.95 6.97 6.99 7.00 6.99 6.98 6.96 6.94 6.93 6.92 6.94 6.95 6.93 6.93 6.92 6.92 6.92 6.90 6.89 6.89 6.89 6.87 6.85 6.83 6.83 6.84 6.83 6.83 6.81 6.79 6.78 6.78 6.80 6.82 6.82 6.82 6.84 6.86
8.05 8.03 8.01 7.97 7.91 7.88 7.86 7.79 7.72 7.71 7.73 7.71 7.65 7.60 7.55 7.51 7.48 7.45 7.41 7.38 7.34 7.32 7.28 7.25 7.18 7.10 7.04 7.03 7.00 6.97 6.87 6.86 6.83 6.86 6.87 6.87 6.86 6.89 6.87 6.89 6.90 6.91 6.93 6.95 6.93 6.93 6.97 7.00 6.99 6.99 6.98 6.95 6.94 6.93 6.93 6.94 6.94 6.93 6.92 6.92 6.92 6.90 6.90 6.89 6.88 6.89 6.86 6.84 6.80 6.82 6.83 6.82 6.81 6.81 6.76 6.75 6.73 6.79 6.80 6.80 6.80 6.81 6.83
8.05 8.04 8.02 7.97 7.92 7.89 7.84 7.77 7.71 7.71 7.72 7.70 7.64 7.60 7.55 7.51 7.49 7.45 7.42 7.38 7.35 7.32 7.29 7.25 7.17 7.12 7.05 7.02 7.00 6.97 6.95 6.90 6.86 6.87 6.88 6.88 6.88 6.89 6.88 6.88 6.89 6.91 6.93 6.95 6.95 6.94 6.97 6.99 6.99 6.99 6.97 6.96 6.95 6.93 6.93 6.93 6.94 6.92 6.93 6.92 6.90 6.90 6.89 6.89 6.89 6.88 6.86 6.83 6.81 6.81 6.81 6.80 6.80 6.78 6.74 6.72 6.70 6.75 6.76 6.75 6.76 6.78 6.81
8.09 8.05 8.01 7.98 7.94 7.90 7.86 7.79 7.71 7.71 7.70 7.69 7.63 7.58 7.55 7.52 7.49 7.45 7.42 7.39 7.36 7.33 7.29 7.25 7.18 7.13 7.07 7.04 7.03 7.00 6.95 6.89 6.83 6.86 6.89 6.87 6.88 6.89 6.88 6.87 6.88 6.90 6.92 6.96 6.97 6.97 6.98 6.99 6.99 6.98 6.97 6.96 6.95 6.94 6.93 6.94 6.93 6.92 6.93 6.92 6.91 6.90 6.90 6.89 6.89 6.88 6.86 6.82 6.82 6.80 6.78 6.76 6.74 6.70 6.67 6.71 6.70 6.73 6.71 6.69 6.71 6.74 6.78
8.08 8.05 8.01 7.97 7.94 7.90 7.86 7.81 7.75 7.72 7.70 7.68 7.63 7.58 7.55 7.52 7.50 7.46 7.43 7.39 7.36 7.33 7.30 7.25 7.19 7.13 7.07 7.01 7.00 7.00 6.98 6.88 6.83 6.86 6.87 6.86 6.86 6.87 6.87 6.87 6.85 6.86 6.90 6.94 6.96 6.97 6.98 6.98 6.98 6.98 6.97 6.96 6.95 6.94 6.94 6.93 6.93 6.92 6.91 6.91 6.90 6.90 6.89 6.90 6.89 6.87 6.86 6.84 6.82 6.79 6.76 6.72 6.68 6.65 6.65 6.66 6.67 6.69 6.62 6.62 6.66 6.71 6.75
8.06 8.03 8.01 7.98 7.94 7.90 7.86 7.82 7.77 7.73 7.70 7.67 7.63 7.59 7.56 7.53 7.51 7.47 7.44 7.41 7.38 7.34 7.31 7.28 7.22 7.15 7.08 7.02 6.99 6.98 6.93 6.74 6.78 6.85 6.86 6.86 6.86 6.86 6.87 6.86 6.84 6.83 6.87 6.92 6.95 6.98 6.98 6.99 6.99 6.98 6.97 6.96 6.95 6.95 6.94 6.94 6.92 6.92 6.91 6.90 6.89 6.90 6.90 6.89 6.89 6.86 6.84 6.81 6.80 6.78 6.74 6.71 6.66 6.64 6.65 6.65 6.65 6.66 6.64 6.57 6.64 6.72 6.75
8.05 8.02 7.99 7.97 7.94 7.90 7.86 7.82 7.78 7.73 7.70 7.67 7.63 7.60 7.56 7.54 7.52 7.49 7.46 7.42 7.39 7.36 7.33 7.30 7.24 7.17 7.10 7.04 7.00 7.00 6.80 6.64 6.72 6.82 6.85 6.86 6.85 6.86 6.88 6.87 6.84 6.83 6.86 6.89 6.91 6.93 6.97 6.98 6.98 6.98 6.96 6.96 6.95 6.94 6.93 6.93 6.93 6.92 6.91 6.90 6.90 6.89 6.90 6.89 6.88 6.85 6.83 6.80 6.77 6.75 6.72 6.70 6.68 6.68 6.67 6.65 6.63 6.60 6.61 6.61 6.65 6.68 6.69
8.03 8.01 7.99 7.96 7.94 7.90 7.85 7.82 7.79 7.74 7.70 7.67 7.63 7.59 7.57 7.55 7.52 7.50 7.46 7.43 7.40 7.36 7.33 7.31 7.26 7.19 7.13 7.07 7.00 7.04 6.93 6.87 6.79 6.81 6.86 6.85 6.84 6.86 6.87 6.87 6.86 6.84 6.86 6.87 6.89 6.90 6.93 6.96 6.96 6.97 6.96 6.95 6.95 6.94 6.94 6.93 6.92 6.91 6.91 6.90 6.89 6.89 6.90 6.89 6.88 6.84 6.81 6.79 6.74 6.72 6.71 6.70 6.71 6.73 6.69 6.65 6.61 6.54 6.54 6.60 6.63 6.62 6.66
8.02 8.00 7.98 7.95 7.92 7.89 7.85 7.82 7.79 7.75 7.71 7.66 7.63 7.60 7.58 7.55 7.52 7.49 7.46 7.44 7.41 7.38 7.35 7.32 7.29 7.24 7.19 7.13 7.09 7.08 6.96 6.77 6.79 6.83 6.90 6.83 6.82 6.83 6.86 6.87 6.88 6.88 6.88 6.89 6.89 6.88 6.92 6.95 6.95 6.96 6.96 6.95 6.95 6.94 6.94 6.92 6.92 6.90 6.90 6.89 6.90 6.89 6.89 6.88 6.87 6.83 6.81 6.79 6.76 6.74 6.72 6.71 6.72 6.71 6.68 6.64 6.61 6.58 6.54 6.57 6.58 6.60 6.65
7.96 7.95 7.96 7.93 7.91 7.87 7.85 7.82 7.78 7.74 7.70 7.67 7.62 7.60 7.58 7.55 7.52 7.49 7.46 7.45 7.42 7.39 7.37 7.34 7.31 7.28 7.25 7.20 7.16 7.11 7.03 6.96 6.86 6.86 6.92 6.79 6.81 6.82 6.84 6.88 6.89 6.91 6.93 6.93 6.93 6.92 6.93 6.95 6.95 6.96 6.96 6.95 6.95 6.94 6.94 6.92 6.91 6.90 6.90 6.89 6.90 6.89 6.89 6.88 6.86 6.82 6.81 6.79 6.78 6.76 6.73 6.72 6.72 6.70 6.66 6.63 6.60 6.56 6.52 6.52 6.56 6.59 6.63
7.82 7.88 7.91 7.90 7.88 7.85 7.83 7.81 7.77 7.73 7.69 7.65 7.62 7.59 7.57 7.55 7.52 7.50 7.47 7.45 7.43 7.41 7.39 7.36 7.33 7.30 7.27 7.23 7.19 7.15 7.09 7.04 6.98 6.96 6.94 6.88 6.81 6.85 6.84 6.88 6.91 6.94 6.96 6.96 6.96 6.97 6.96 6.96 6.96 6.96 6.97 6.95 6.95 6.93 6.93 6.92 6.91 6.90 6.90 6.89 6.89 6.89 6.89 6.88 6.86 6.83 6.82 6.80 6.79 6.76 6.73 6.73 6.72 6.68 6.64 6.59 6.57 6.53 6.51 6.51 6.54 6.58 6.63
7.85 7.88 7.90 7.88 7.86 7.83 7.82 7.79 7.75 7.71 7.66 7.63 7.61 7.60 7.57 7.55 7.52 7.50 7.48 7.46 7.44 7.42 7.40 7.38 7.36 7.32 7.29 7.25 7.22 7.18 7.14 7.10 7.05 7.01 6.91 6.84 6.81 6.85 6.90 6.92 6.95 6.97 6.97 6.96 6.97 6.98 6.97 6.97 6.97 6.97 6.97 6.95 6.94 6.93 6.92 6.91 6.91 6.90 6.90 6.89 6.89 6.89 6.89 6.87 6.87 6.84 6.83 6.81 6.79 6.76 6.75 6.73 6.71 6.68 6.63 6.57 6.55 6.53 6.52 6.53 6.55 6.58 6.63
7.89 7.88 7.88 7.85 7.82 7.81 7.80 7.77 7.72 7.68 7.64 7.60 7.60 7.60 7.58 7.55 7.52 7.51 7.49 7.47 7.45 7.43 7.40 7.39 7.38 7.34 7.32 7.28 7.24 7.20 7.17 7.12 7.07 6.99 6.84 6.78 6.81 6.84 6.91 6.96 6.98 6.98 6.97 6.97 6.98 6.98 6.98 6.98 6.96 6.96 6.96 6.95 6.94 6.91 6.90 6.91 6.91 6.89 6.89 6.89 6.88 6.89 6.88 6.87 6.85 6.84 6.81 6.80 6.78 6.77 6.74 6.73 6.71 6.68 6.65 6.60 6.57 6.56 6.55 6.55 6.56 6.60 6.63
7.87 7.88 7.86 7.83 7.79 7.78 7.77 7.74 7.70 7.66 7.61 7.56 7.58 7.59 7.58 7.56 7.54 7.52 7.50 7.48 7.46 7.44 7.42 7.40 7.40 7.37 7.32 7.30 7.26 7.21 7.18 7.15 7.11 7.06 6.96 6.90 6.86 6.86 6.93 6.97 6.97 6.95 6.96 6.97 6.99 6.98 6.97 6.93 6.94 6.96 6.95 6.94 6.90 6.89 6.91 6.90 6.88 6.87 6.87 6.88 6.88 6.89 6.87 6.86 6.84 6.83 6.80 6.79 6.77 6.76 6.74 6.72 6.70 6.69 6.67 6.64 6.60 6.59 6.57 6.56 6.58 6.59 6.61
7.88 7.86 7.83 7.81 7.78 7.80 7.77 7.74 7.70 7.66 7.62 7.58 7.58 7.58 7.58 7.55 7.53 7.52 7.50 7.48 7.46 7.43 7.42 7.41 7.41 7.40 7.36 7.31 7.27 7.21 7.16 7.03 7.04 7.09 7.03 6.96 6.87 6.88 6.93 6.95 6.93 6.95 6.96 6.95 6.98 6.98 6.96 6.94 6.95 6.96 6.95 6.88 6.86 6.89 6.90 6.82 6.79 6.83 6.84 6.87 6.88 6.87 6.87 6.85 6.84 6.81 6.78 6.77 6.76 6.75 6.74 6.71 6.70 6.68 6.64 6.63 6.62 6.59 6.57 6.56 6.56 6.57 6.58
7.88 7.84 7.81 7.79 7.77 7.76 7.74 7.72 7.70 7.67 7.63 7.60 7.59 7.59 7.57 7.55 7.53 7.51 7.49 7.48 7.46 7.45 7.45 7.43 7.42 7.40 7.40 7.33 7.28 7.23 6.92 7.09 6.95 7.03 7.04 6.97 6.89 6.82 6.78 6.67 6.83 6.96 6.95 6.95 6.98 6.92 6.92 6.95 6.96 6.97 6.95 6.84 6.83 6.88 6.89 6.75 6.72 6.79 6.83 6.85 6.88 6.87 6.87 6.85 6.84 6.80 6.77 6.76 6.75 6.74 6.72 6.71 6.70 6.66 6.65 6.63 6.61 6.58 6.56 6.55 6.54 6.54 6.55
7.85 7.82 7.79 7.77 7.75 7.73 7.71 7.70 7.68 7.65 7.61 7.60 7.60 7.59 7.57 7.54 7.52 7.49 7.48 7.47 7.46 7.46 7.45 7.44 7.43 7.42 7.40 7.36 7.32 7.27 7.21 7.13 7.06 7.06 7.04 6.98 6.88 6.78 6.64 6.52 6.76 6.92 6.94 6.97 6.98 6.95 6.92 6.94 6.95 6.96 6.91 6.88 6.89 6.89 6.85 6.81 6.79 6.81 6.81 6.84 6.84 6.85 6.85 6.85 6.83 6.82 6.78 6.77 6.75 6.73 6.71 6.70 6.68 6.67 6.65 6.63 6.61 6.57 6.55 6.52 6.52 6.53 6.53
7.84 7.80 7.76 7.75 7.74 7.71 7.70 7.67 7.65 7.64 7.61 7.59 7.59 7.58 7.56 7.54 7.51 7.50 7.48 7.46 7.46 7.46 7.45 7.44 7.44 7.42 7.41 7.40 7.38 7.32 7.27 7.19 7.15 7.12 7.08 7.00 6.91 6.82 6.70 6.67 6.82 6.93 6.93 6.96 6.97 6.93 6.93 6.93 6.96 6.95 6.89 6.83 6.89 6.85 6.81 6.75 6.74 6.79 6.80 6.83 6.83 6.83 6.84 6.82 6.81 6.80 6.79 6.76 6.74 6.72 6.70 6.67 6.67 6.66 6.64 6.62 6.60 6.58 6.54 6.51 6.50 6.51 6.52
7.81 7.78 7.75 7.73 7.71 7.69 7.66 7.64 7.64 7.62 7.59 7.57 7.55 7.53 7.55 7.54 7.51 7.49 7.49 7.47 7.47 7.47 7.46 7.43 7.42 7.42 7.42 7.41 7.38 7.35 7.31 7.25 7.21 7.19 7.10 7.02 6.97 6.89 6.81 6.76 6.79 6.84 6.90 6.94 6.93 6.93 6.95 6.95 6.91 6.89 6.84 6.85 6.87 6.84 6.77 6.67 6.65 6.74 6.82 6.83 6.83 6.83 6.83 6.81 6.80 6.78 6.76 6.76 6.74 6.72 6.67 6.65 6.63 6.62 6.60 6.60 6.59 6.56 6.53 6.50 6.49 6.50 6.50
7.75 7.75 7.73 7.70 7.68 7.66 7.63 7.62 7.61 7.59 7.54 7.52 7.51 7.50 7.55 7.54 7.52 7.49 7.49 7.48 7.48 7.48 7.45 7.42 7.38 7.39 7.42 7.40 7.40 7.37 7.33 7.29 7.26 7.21 7.14 7.02 6.90 6.91 6.84 6.82 6.85 6.88 6.90 6.84 6.89 6.90 6.94 6.71 6.84 6.86 6.80 6.86 6.83 6.80 6.71 6.58 6.50 6.67 6.81 6.84 6.81 6.82 6.82 6.81 6.78 6.77 6.75 6.75 6.74 6.70 6.66 6.61 6.60 6.58 6.59 6.59 6.58 6.56 6.53 6.50 6.49 6.49 6.48
7.71 7.70 7.69 7.66 7.64 7.62 7.59 7.59 7.59 7.57 7.52 7.52 7.53 7.54 7.56 7.54 7.51 7.50 7.48 7.47 7.46 7.45 7.44 7.43 7.37 7.35 7.40 7.39 7.39 7.38 7.37 7.34 7.30 7.26 7.19 7.10 7.01 6.97 6.94 6.94 6.93 6.87 6.88 6.90 6.87 6.88 6.90 6.75 6.85 6.85 6.83 6.79 6.74 6.65 6.55 6.49 6.49 6.64 6.78 6.81 6.81 6.81 6.82 6.80 6.78 6.76 6.75 6.74 6.73 6.69 6.65 6.61 6.60 6.60 6.59 6.58 6.57 6.54 6.52 6.51 6.50 6.49 6.48
7.68 7.67 7.64 7.63 7.61 7.60 7.57 7.57 7.56 7.55 7.54 7.55 7.54 7.56 7.54 7.53 7.51 7.48 7.47 7.44 7.43 7.42 7.42 7.39 7.41 7.39 7.40 7.40 7.38 7.38 7.37 7.37 7.33 7.31 7.27 7.18 7.11 7.06 7.03 6.99 6.88 6.78 6.82 6.84 6.84 6.84 6.88 6.67 6.87 6.83 6.76 6.64 6.69 6.63 6.44 6.46 6.45 6.67 6.78 6.78 6.79 6.80 6.81 6.80 6.77 6.76 6.75 6.74 6.71 6.68 6.64 6.62 6.62 6.62 6.60 6.57 6.56 6.54 6.53 6.51 6.50 6.49 6.48
7.68 7.66 7.61 7.58 7.58 7.58 7.56 7.55 7.53 7.52 7.50 7.50 7.51 7.53 7.52 7.51 7.49 7.47 7.45 7.42 7.41 7.42 7.43 7.41 7.39 7.39 7.40 7.40 7.38 7.38 7.37 7.37 7.37 7.33 7.29 7.23 7.17 7.13 7.09 7.03 6.93 6.83 6.83 6.83 6.81 6.80 6.85 6.87 6.83 6.80 6.75 6.69 6.71 6.66 6.58 6.58 6.62 6.69 6.73 6.73 6.75 6.77 6.79 6.78 6.77 6.75 6.74 6.72 6.71 6.68 6.65 6.63 6.63 6.61 6.61 6.61 6.58 6.55 6.54 6.54 6.52 6.51 6.50
7.61 7.60 7.57 7.55 7.54 7.55 7.54 7.53 7.50 7.48 7.47 7.47 7.49 7.49 7.51 7.50 7.49 7.44 7.42 7.40 7.36 7.38 7.36 7.35 7.35 7.38 7.39 7.38 7.38 7.36 7.36 7.37 7.37 7.36 7.31 7.26 7.21 7.17 7.12 7.03 6.96 6.89 6.88 6.84 6.79 6.77 6.84 6.55 6.67 6.76 6.72 6.67 6.68 6.73 6.70 6.75 6.76 6.74 6.69 6.70 6.71 6.76 6.79 6.78 6.77 6.75 6.73 6.72 6.71 6.70 6.64 6.66 6.63 6.60 6.61 6.61 6.59 6.56 6.56 6.55 6.54 6.52 6.51
7.57 7.54 7.52 7.50 7.51 7.51 7.50 7.49 7.46 7.45 7.45 7.46 7.47 7.48 7.49 7.49 7.48 7.45 7.42 7.37 7.33 7.30 7.30 7.32 7.34 7.36 7.38 7.36 7.36 7.36 7.35 7.35 7.36 7.36 7.33 7.28 7.22 7.18 7.14 7.10 7.01 6.95 6.89 6.83 6.80 6.79 6.74 6.57 6.62 6.74 6.67 6.67 6.72 6.74 6.74 6.76 6.78 6.77 6.76 6.74 6.75 6.78 6.78 6.78 6.74 6.73 6.73 6.72 6.71 6.69 6.66 6.65 6.65 6.62 6.62 6.61 6.60 6.59 6.57 6.57 6.56 6.54 6.53
7.59 7.52 7.47 7.46 7.47 7.47 7.45 7.44 7.42 7.42 7.44 7.45 7.46 7.47 7.47 7.48 7.47 7.44 7.40 7.37 7.32 7.26 7.23 7.28 7.34 7.35 7.36 7.34 7.34 7.34 7.33 7.33 7.34 7.35 7.33 7.29 7.24 7.18 7.13 7.08 7.02 6.97 6.90 6.80 6.76 6.63 6.57 6.50 6.64 6.73 6.70 6.72 6.76 6.74 6.67 6.72 6.76 6.78 6.79 6.79 6.80 6.78 6.78 6.76 6.75 6.74 6.73 6.72 6.71 6.70 6.69 6.66 6.66 6.63 6.63 6.61 6.61 6.59 6.58 6.57 6.56 6.55 6.55
