main/data/pressure/14.08.2023.grid
ncols 886
nrows 691
xllcenter 112.0000
yllcenter -44.5000
cellsize 0.0500
nodata_value 99999.90
[rows 324 to 359 of 691, columns 560 to 639 of 886]
7.00 6.98 6.97 6.93 6.95 6.94 6.92 6.87 6.84 6.79 6.69 6.67 6.59 6.56 6.30 6.59 6.62 6.52 6.54 6.65 6.65 6.62 6.51 6.24 6.53 6.59 6.65 6.65 6.67 6.67 6.68 6.68 6.67 6.67 6.68 6.67 6.68 6.68 6.68 6.68 6.69 6.69 6.70 6.71 6.71 6.70 6.70 6.69 6.55 6.43 6.43 6.30 6.55 6.27 6.40 6.59 6.67 6.69 6.70 6.79 6.86 6.91 6.96 6.98 6.99 7.00 7.02 7.07 7.12 7.16 7.18 7.17 7.22 7.25 7.26 7.25 7.22 7.21 7.17 7.10
7.01 6.99 6.95 6.98 6.95 6.89 6.90 6.86 6.80 6.76 6.67 6.65 6.57 6.51 6.31 6.46 6.46 6.37 6.29 6.60 6.59 6.52 6.45 6.47 6.51 6.56 6.62 6.64 6.64 6.66 6.65 6.65 6.63 6.64 6.65 6.66 6.66 6.65 6.65 6.67 6.66 6.67 6.69 6.70 6.68 6.68 6.67 6.61 6.44 6.38 6.56 6.50 6.57 6.41 6.40 6.63 6.62 6.63 6.61 6.74 6.80 6.88 6.93 6.96 6.99 6.95 6.98 7.06 7.10 7.14 7.15 7.16 7.17 7.16 7.18 7.22 7.19 7.17 7.15 6.93
7.03 7.00 6.96 6.98 6.94 6.86 6.86 6.85 6.78 6.64 6.66 6.56 6.44 6.39 6.45 6.42 6.37 6.24 6.56 6.56 6.56 6.38 6.46 6.53 6.57 6.59 6.61 6.62 6.63 6.63 6.63 6.62 6.58 6.63 6.64 6.63 6.64 6.62 6.63 6.65 6.65 6.67 6.68 6.67 6.67 6.65 6.63 6.55 6.56 6.51 6.55 6.56 6.60 6.51 6.38 6.60 6.53 6.51 6.43 6.66 6.74 6.82 6.89 6.94 6.97 6.94 6.97 7.04 7.07 7.10 7.11 7.13 7.15 7.12 7.12 7.16 7.13 7.08 7.10 7.10
7.02 6.99 6.95 6.96 6.96 6.92 6.89 6.84 6.75 6.68 6.62 6.53 6.40 6.33 6.39 6.45 6.49 6.52 6.40 6.45 6.45 6.44 6.50 6.55 6.55 6.56 6.59 6.61 6.60 6.62 6.62 6.59 6.55 6.58 6.61 6.62 6.62 6.62 6.61 6.63 6.64 6.65 6.65 6.65 6.66 6.66 6.61 6.47 6.32 6.45 6.55 6.59 6.58 6.44 6.40 6.41 6.41 6.56 6.59 6.68 6.70 6.73 6.82 6.89 6.94 6.96 6.98 7.02 7.04 7.06 7.07 7.09 7.10 7.10 7.10 7.11 7.10 7.10 7.10 7.02
7.02 7.00 6.97 6.96 6.95 6.90 6.88 6.83 6.77 6.70 6.59 6.46 6.55 6.52 6.43 6.42 6.36 6.45 6.16 6.34 6.40 6.39 6.47 6.52 6.48 6.49 6.57 6.60 6.59 6.60 6.59 6.58 6.47 6.55 6.60 6.61 6.60 6.60 6.61 6.62 6.62 6.63 6.63 6.64 6.64 6.64 6.61 6.55 6.55 6.55 6.56 6.61 6.54 6.36 6.27 6.20 6.35 6.58 6.62 6.66 6.72 6.76 6.80 6.85 6.90 6.94 6.96 6.98 7.00 7.02 7.04 7.05 7.06 7.07 7.08 7.08 7.07 7.04 7.08 7.00
6.93 7.00 6.98 6.97 6.95 6.92 6.89 6.83 6.80 6.72 6.59 6.60 6.54 6.51 6.48 6.49 6.50 6.26 6.27 6.33 6.40 6.43 6.49 6.50 6.47 6.42 6.50 6.56 6.58 6.59 6.56 6.50 6.38 6.52 6.58 6.58 6.59 6.60 6.60 6.58 6.60 6.62 6.62 6.63 6.63 6.63 6.61 6.60 6.59 6.62 6.61 6.60 6.57 6.38 6.35 6.41 6.54 6.53 6.45 6.57 6.66 6.66 6.76 6.82 6.86 6.89 6.92 6.95 6.97 6.99 7.01 7.03 7.03 7.04 7.03 7.02 7.04 7.04 7.02 7.01
7.02 7.03 6.99 6.97 6.95 6.92 6.89 6.85 6.81 6.77 6.73 6.69 6.65 6.60 6.52 6.44 6.36 6.24 6.38 6.38 6.36 6.42 6.51 6.52 6.48 6.42 6.47 6.52 6.54 6.57 6.55 6.53 6.51 6.56 6.57 6.57 6.58 6.58 6.57 6.58 6.60 6.60 6.60 6.61 6.62 6.61 6.60 6.61 6.62 6.60 6.58 6.54 6.51 6.41 6.41 6.50 6.33 6.32 6.53 6.55 6.62 6.66 6.74 6.78 6.82 6.87 6.89 6.91 6.92 6.94 6.97 6.98 6.99 6.99 6.98 6.97 6.96 6.97 6.86 6.84
7.07 7.02 6.96 6.98 6.96 6.89 6.87 6.85 6.81 6.75 6.63 6.67 6.56 6.57 6.37 6.37 6.36 6.38 6.39 6.40 6.43 6.49 6.52 6.52 6.49 6.46 6.45 6.47 6.50 6.51 6.51 6.50 6.50 6.51 6.55 6.55 6.56 6.57 6.57 6.58 6.58 6.59 6.59 6.59 6.59 6.59 6.50 6.37 6.55 6.57 6.56 6.44 6.38 6.36 6.42 6.51 6.40 6.28 6.49 6.49 6.56 6.66 6.69 6.74 6.79 6.83 6.86 6.87 6.87 6.88 6.92 6.94 6.94 6.93 6.94 6.93 6.91 6.92 6.78 6.83
7.10 7.08 7.04 6.99 6.96 6.92 6.86 6.84 6.81 6.65 6.56 6.53 6.49 6.56 6.42 6.40 6.45 6.43 6.53 6.47 6.51 6.52 6.51 6.50 6.49 6.47 6.44 6.43 6.43 6.45 6.47 6.46 6.44 6.44 6.50 6.54 6.55 6.56 6.56 6.57 6.57 6.57 6.58 6.58 6.58 6.57 6.55 6.43 6.55 6.55 6.51 6.39 6.23 6.33 6.49 6.47 6.44 6.39 6.47 6.51 6.56 6.60 6.64 6.65 6.70 6.78 6.82 6.83 6.82 6.81 6.86 6.89 6.89 6.90 6.89 6.90 6.88 6.87 6.85 6.81
7.09 7.01 7.04 7.00 6.96 6.91 6.89 6.85 6.82 6.75 6.69 6.62 6.68 6.67 6.54 6.47 6.49 6.50 6.53 6.52 6.45 6.51 6.51 6.50 6.48 6.45 6.42 6.39 6.39 6.39 6.41 6.42 6.39 6.38 6.43 6.50 6.54 6.55 6.55 6.51 6.55 6.56 6.56 6.57 6.56 6.55 6.45 6.56 6.55 6.52 6.50 6.52 6.49 6.46 6.51 6.40 6.41 6.27 6.33 6.46 6.45 6.55 6.59 6.61 6.67 6.74 6.78 6.79 6.79 6.79 6.83 6.86 6.85 6.85 6.83 6.80 6.81 6.78 6.80 6.77
7.11 6.99 7.04 6.99 6.95 6.96 6.91 6.84 6.83 6.77 6.68 6.75 6.72 6.67 6.66 6.61 6.54 6.55 6.54 6.52 6.53 6.51 6.50 6.50 6.48 6.45 6.40 6.38 6.37 6.34 6.34 6.39 6.36 6.33 6.36 6.49 6.51 6.52 6.53 6.54 6.55 6.55 6.55 6.55 6.55 6.55 6.55 6.55 6.55 6.53 6.53 6.52 6.52 6.51 6.49 6.47 6.41 6.32 6.31 6.40 6.47 6.53 6.57 6.63 6.64 6.69 6.74 6.77 6.69 6.77 6.82 6.82 6.82 6.76 6.71 6.71 6.64 6.50 6.72 6.71
7.10 7.05 7.00 7.01 6.99 6.96 6.90 6.86 6.86 6.81 6.76 6.75 6.72 6.72 6.67 6.63 6.59 6.61 6.58 6.59 6.56 6.54 6.49 6.46 6.46 6.45 6.42 6.40 6.38 6.33 6.32 6.37 6.32 6.32 6.36 6.36 6.47 6.52 6.53 6.53 6.54 6.54 6.53 6.53 6.51 6.38 6.43 6.51 6.52 6.52 6.52 6.51 6.52 6.50 6.49 6.47 6.44 6.32 6.31 6.44 6.49 6.52 6.54 6.59 6.59 6.65 6.72 6.72 6.69 6.71 6.77 6.78 6.79 6.78 6.70 6.67 6.64 6.68 6.71 6.76
7.10 7.06 7.01 7.02 6.97 6.97 6.92 6.89 6.86 6.82 6.78 6.76 6.60 6.70 6.67 6.66 6.65 6.63 6.61 6.59 6.54 6.52 6.46 6.45 6.44 6.45 6.43 6.41 6.40 6.34 6.36 6.36 6.33 6.32 6.34 6.41 6.46 6.52 6.51 6.53 6.52 6.52 6.51 6.52 6.53 6.53 6.51 6.51 6.51 6.51 6.51 6.51 6.51 6.49 6.46 6.46 6.39 6.34 6.37 6.46 6.49 6.50 6.51 6.58 6.59 6.63 6.69 6.71 6.68 6.68 6.73 6.76 6.75 6.75 6.70 6.63 6.62 6.70 6.75 6.77
7.12 7.02 7.02 6.99 6.97 6.96 6.91 6.88 6.86 6.82 6.79 6.77 6.74 6.69 6.71 6.68 6.66 6.64 6.62 6.60 6.56 6.52 6.50 6.47 6.45 6.54 6.46 6.45 6.42 6.38 6.34 6.30 6.32 6.39 6.42 6.48 6.33 6.42 6.51 6.51 6.51 6.50 6.51 6.49 6.46 6.47 6.51 6.49 6.49 6.49 6.48 6.43 6.48 6.47 6.42 6.43 6.45 6.44 6.44 6.49 6.50 6.52 6.49 6.53 6.58 6.61 6.65 6.69 6.68 6.71 6.72 6.73 6.72 6.72 6.69 6.60 6.59 6.69 6.75 6.77
7.12 7.04 7.04 7.00 6.99 6.95 6.86 6.87 6.86 6.84 6.79 6.78 6.75 6.72 6.73 6.68 6.67 6.64 6.62 6.59 6.54 6.53 6.50 6.45 6.42 6.48 6.46 6.46 6.45 6.42 6.39 6.31 6.29 6.36 6.42 6.47 6.49 6.49 6.51 6.51 6.50 6.50 6.50 6.49 6.31 6.20 6.47 6.49 6.48 6.48 6.46 6.35 6.42 6.43 6.42 6.41 6.45 6.47 6.40 6.49 6.49 6.52 6.49 6.50 6.57 6.55 6.64 6.65 6.67 6.66 6.69 6.69 6.69 6.69 6.71 6.45 6.57 6.68 6.70 6.77
7.07 7.04 7.02 6.99 6.96 6.94 6.85 6.87 6.86 6.80 6.78 6.78 6.76 6.74 6.72 6.69 6.67 6.64 6.62 6.59 6.58 6.53 6.47 6.45 6.45 6.48 6.49 6.48 6.45 6.44 6.43 6.38 6.33 6.26 6.41 6.42 6.43 6.49 6.51 6.49 6.49 6.50 6.46 6.33 6.21 6.11 6.29 6.44 6.47 6.45 6.41 6.34 6.43 6.35 6.23 6.36 6.39 6.43 6.49 6.48 6.50 6.50 6.44 6.49 6.60 6.62 6.62 6.59 6.66 6.64 6.67 6.63 6.60 6.65 6.67 6.63 6.54 6.64 6.70 6.78
7.07 7.05 7.02 6.98 6.92 6.90 6.89 6.87 6.84 6.80 6.80 6.75 6.74 6.73 6.71 6.69 6.66 6.63 6.62 6.59 6.56 6.53 6.49 6.46 6.51 6.51 6.51 6.47 6.46 6.47 6.46 6.44 6.34 6.30 6.40 6.37 6.37 6.42 6.50 6.51 6.50 6.49 6.45 6.31 6.25 6.22 6.33 6.41 6.43 6.45 6.46 6.44 6.42 6.34 6.24 6.33 6.38 6.41 6.48 6.51 6.53 6.53 6.50 6.54 6.60 6.61 6.63 6.64 6.66 6.62 6.60 6.63 6.58 6.63 6.67 6.52 6.46 6.68 6.72 6.73
7.10 7.05 7.01 6.98 6.94 6.89 6.88 6.84 6.84 6.81 6.77 6.74 6.74 6.72 6.70 6.67 6.65 6.61 6.60 6.56 6.55 6.53 6.49 6.50 6.50 6.49 6.49 6.49 6.49 6.48 6.47 6.45 6.36 6.22 6.33 6.40 6.44 6.42 6.50 6.51 6.49 6.51 6.49 6.43 6.39 6.39 6.42 6.43 6.43 6.41 6.41 6.41 6.42 6.37 6.32 6.34 6.40 6.43 6.47 6.50 6.53 6.55 6.57 6.60 6.54 6.57 6.57 6.63 6.65 6.64 6.64 6.60 6.60 6.68 6.70 6.56 6.60 6.64 6.68 6.73
7.08 7.04 7.00 6.96 6.92 6.85 6.83 6.83 6.81 6.78 6.77 6.76 6.72 6.71 6.69 6.67 6.64 6.55 6.58 6.53 6.51 6.50 6.50 6.47 6.48 6.49 6.48 6.47 6.47 6.47 6.47 6.46 6.36 6.24 6.28 6.36 6.45 6.47 6.51 6.51 6.51 6.51 6.50 6.47 6.45 6.45 6.44 6.37 6.38 6.39 6.37 6.36 6.38 6.41 6.38 6.32 6.39 6.40 6.41 6.45 6.54 6.56 6.59 6.58 6.49 6.55 6.51 6.57 6.64 6.64 6.63 6.57 6.62 6.70 6.71 6.57 6.66 6.50 6.59 6.66
7.06 7.00 6.96 6.90 6.90 6.85 6.81 6.79 6.78 6.76 6.73 6.70 6.72 6.70 6.66 6.64 6.60 6.59 6.57 6.53 6.48 6.47 6.46 6.46 6.46 6.49 6.46 6.45 6.44 6.45 6.47 6.47 6.38 6.36 6.30 6.31 6.47 6.51 6.52 6.52 6.52 6.52 6.52 6.50 6.44 6.42 6.37 6.24 6.27 6.30 6.32 6.17 6.23 6.36 6.40 6.40 6.40 6.39 6.40 6.45 6.54 6.57 6.60 6.62 6.58 6.58 6.51 6.55 6.60 6.64 6.65 6.60 6.65 6.72 6.73 6.72 6.64 6.66 6.68 6.70
7.01 6.99 6.93 6.90 6.84 6.79 6.80 6.76 6.75 6.71 6.71 6.70 6.69 6.67 6.65 6.62 6.61 6.57 6.55 6.52 6.46 6.40 6.41 6.46 6.44 6.44 6.43 6.44 6.41 6.43 6.45 6.46 6.46 6.42 6.31 6.26 6.46 6.51 6.53 6.52 6.53 6.51 6.52 6.50 6.45 6.39 6.29 6.09 6.31 6.30 6.29 6.16 6.29 6.35 6.39 6.42 6.43 6.39 6.42 6.51 6.57 6.60 6.61 6.62 6.62 6.58 6.55 6.53 6.56 6.61 6.62 6.69 6.70 6.75 6.75 6.67 6.67 6.73 6.76 6.74
7.01 6.95 6.89 6.86 6.78 6.78 6.76 6.70 6.70 6.67 6.66 6.67 6.64 6.62 6.62 6.59 6.56 6.53 6.51 6.41 6.39 6.34 6.40 6.40 6.38 6.36 6.40 6.31 6.32 6.38 6.47 6.50 6.51 6.50 6.35 6.30 6.41 6.47 6.53 6.52 6.54 6.52 6.52 6.53 6.49 6.43 6.36 6.32 6.33 6.29 6.29 6.32 6.39 6.40 6.40 6.43 6.44 6.42 6.44 6.39 6.55 6.61 6.63 6.63 6.63 6.64 6.63 6.57 6.56 6.59 6.62 6.66 6.67 6.74 6.80 6.75 6.71 6.77 6.85 6.86
6.98 6.90 6.85 6.80 6.77 6.70 6.71 6.69 6.64 6.63 6.63 6.63 6.61 6.60 6.59 6.56 6.54 6.50 6.45 6.39 6.33 6.26 6.24 6.29 6.30 6.28 6.26 6.28 6.35 6.42 6.50 6.51 6.54 6.53 6.51 6.46 6.44 6.41 6.37 6.56 6.55 6.55 6.55 6.54 6.53 6.49 6.42 6.37 6.35 6.31 6.33 6.38 6.41 6.43 6.44 6.47 6.49 6.51 6.56 6.54 6.61 6.63 6.63 6.64 6.64 6.61 6.64 6.67 6.67 6.68 6.65 6.62 6.67 6.76 6.84 6.84 6.81 6.87 6.89 6.86
6.89 6.80 6.81 6.73 6.71 6.68 6.62 6.63 6.61 6.56 6.57 6.58 6.57 6.56 6.56 6.54 6.47 6.47 6.42 6.26 6.16 6.25 6.08 6.25 6.27 6.45 6.42 6.42 6.46 6.52 6.53 6.56 6.56 6.57 6.55 6.53 6.48 6.47 6.47 6.56 6.56 6.57 6.55 6.54 6.53 6.49 6.45 6.43 6.39 6.32 6.33 6.44 6.46 6.47 6.50 6.51 6.53 6.55 6.57 6.60 6.63 6.65 6.65 6.67 6.68 6.65 6.64 6.60 6.62 6.64 6.69 6.58 6.67 6.75 6.82 6.90 6.76 6.89 6.95 6.95
6.88 6.81 6.73 6.71 6.65 6.61 6.58 6.56 6.54 6.53 6.53 6.53 6.53 6.53 6.50 6.44 6.45 6.36 6.38 6.35 6.38 6.48 6.48 6.46 6.44 6.45 6.47 6.47 6.56 6.59 6.57 6.59 6.60 6.59 6.58 6.55 6.51 6.54 6.58 6.57 6.58 6.59 6.57 6.56 6.54 6.51 6.47 6.47 6.45 6.40 6.33 6.39 6.48 6.51 6.53 6.56 6.56 6.59 6.61 6.64 6.66 6.66 6.65 6.59 6.68 6.71 6.72 6.71 6.67 6.77 6.67 6.55 6.70 6.78 6.78 6.93 6.96 6.94 6.95 7.01
6.82 6.77 6.70 6.65 6.59 6.56 6.53 6.50 6.49 6.48 6.47 6.48 6.48 6.47 6.42 6.36 6.41 6.44 6.37 6.40 6.46 6.51 6.56 6.49 6.54 6.58 6.60 6.62 6.62 6.64 6.64 6.63 6.63 6.63 6.61 6.56 6.48 6.58 6.60 6.60 6.60 6.60 6.58 6.54 6.47 6.45 6.40 6.40 6.46 6.43 6.39 6.45 6.48 6.51 6.56 6.58 6.60 6.62 6.64 6.66 6.68 6.71 6.69 6.66 6.69 6.71 6.71 6.57 6.59 6.85 6.71 6.65 6.75 6.84 6.89 6.92 6.97 6.98 6.92 7.01
6.76 6.70 6.67 6.60 6.56 6.52 6.46 6.44 6.41 6.43 6.41 6.43 6.43 6.36 6.28 6.29 6.23 6.31 6.41 6.46 6.47 6.46 6.49 6.54 6.62 6.63 6.61 6.67 6.67 6.67 6.68 6.68 6.67 6.67 6.64 6.60 6.59 6.59 6.63 6.63 6.62 6.62 6.60 6.57 6.53 6.44 6.32 6.36 6.45 6.45 6.33 6.44 6.39 6.48 6.57 6.62 6.64 6.66 6.68 6.69 6.69 6.67 6.72 6.72 6.70 6.64 6.70 6.63 6.67 6.88 6.73 6.70 6.81 6.84 6.89 6.90 6.95 7.00 6.99 7.03
6.78 6.73 6.70 6.61 6.59 6.54 6.51 6.47 6.41 6.39 6.36 6.38 6.37 6.26 6.31 6.25 6.22 6.13 6.41 6.38 6.45 6.51 6.58 6.64 6.67 6.68 6.70 6.70 6.70 6.71 6.71 6.71 6.71 6.70 6.68 6.67 6.66 6.68 6.66 6.66 6.65 6.64 6.62 6.61 6.57 6.43 6.22 6.43 6.49 6.51 6.51 6.49 6.36 6.51 6.61 6.65 6.67 6.69 6.70 6.73 6.74 6.77 6.77 6.77 6.78 6.74 6.78 6.75 6.77 6.84 6.73 6.72 6.85 6.76 6.91 6.94 6.97 7.01 6.98 7.03
6.84 6.77 6.69 6.70 6.61 6.61 6.56 6.52 6.47 6.43 6.40 6.36 6.33 6.27 6.32 6.31 6.23 6.31 6.32 6.36 6.55 6.61 6.67 6.69 6.70 6.71 6.72 6.73 6.74 6.74 6.74 6.74 6.74 6.74 6.72 6.72 6.71 6.70 6.69 6.69 6.68 6.67 6.66 6.64 6.60 6.53 6.47 6.51 6.54 6.57 6.57 6.56 6.55 6.60 6.65 6.66 6.69 6.71 6.73 6.73 6.70 6.62 6.82 6.83 6.81 6.76 6.85 6.86 6.87 6.90 6.85 6.80 6.91 6.86 6.96 7.00 7.01 7.03 7.01 7.03
6.87 6.85 6.75 6.75 6.69 6.65 6.61 6.57 6.53 6.49 6.45 6.41 6.37 6.35 6.35 6.30 6.37 6.39 6.41 6.49 6.59 6.64 6.65 6.66 6.68 6.71 6.72 6.74 6.74 6.77 6.77 6.77 6.77 6.76 6.76 6.74 6.74 6.73 6.72 6.72 6.71 6.70 6.70 6.68 6.67 6.64 6.64 6.61 6.61 6.58 6.56 6.60 6.51 6.62 6.67 6.71 6.73 6.75 6.75 6.76 6.76 6.77 6.79 6.81 6.86 6.82 6.79 6.91 6.94 6.93 6.90 6.89 6.93 6.87 6.96 7.00 7.01 7.04 7.02 7.02
6.95 6.91 6.83 6.79 6.75 6.71 6.67 6.61 6.57 6.54 6.52 6.45 6.43 6.39 6.36 6.38 6.38 6.49 6.54 6.57 6.61 6.64 6.62 6.69 6.68 6.71 6.72 6.75 6.70 6.79 6.80 6.80 6.80 6.80 6.79 6.79 6.77 6.76 6.76 6.74 6.74 6.73 6.73 6.72 6.72 6.70 6.69 6.67 6.65 6.60 6.51 6.59 6.58 6.67 6.68 6.74 6.76 6.76 6.76 6.76 6.76 6.72 6.66 6.81 6.85 6.88 6.85 6.89 6.97 6.97 6.92 6.93 6.98 6.98 6.94 6.97 7.02 7.06 7.02 7.04
7.00 6.96 6.88 6.84 6.80 6.77 6.72 6.67 6.60 6.61 6.55 6.55 6.50 6.45 6.41 6.41 6.43 6.42 6.52 6.57 6.59 6.59 6.62 6.64 6.62 6.64 6.70 6.75 6.72 6.75 6.80 6.83 6.83 6.83 6.83 6.81 6.81 6.80 6.79 6.78 6.78 6.77 6.76 6.75 6.74 6.73 6.72 6.70 6.67 6.56 6.33 6.44 6.69 6.72 6.75 6.76 6.77 6.77 6.79 6.79 6.80 6.74 6.76 6.84 6.82 6.83 6.87 6.90 6.97 7.00 6.99 7.02 7.04 6.96 6.99 7.04 7.01 7.08 7.09 7.13
7.08 7.01 6.97 6.91 6.86 6.82 6.78 6.75 6.71 6.68 6.61 6.57 6.55 6.52 6.46 6.42 6.37 6.41 6.50 6.54 6.58 6.56 6.57 6.58 6.56 6.58 6.67 6.76 6.74 6.73 6.80 6.85 6.86 6.87 6.86 6.85 6.84 6.84 6.83 6.82 6.81 6.80 6.79 6.79 6.78 6.76 6.76 6.75 6.71 6.63 6.59 6.67 6.74 6.77 6.76 6.77 6.79 6.80 6.82 6.81 6.84 6.84 6.85 6.81 6.81 6.81 6.95 6.96 6.96 7.01 7.05 7.06 7.06 6.99 7.06 7.01 7.06 7.10 7.14 7.11
7.15 7.06 7.03 6.98 6.92 6.89 6.82 6.79 6.75 6.69 6.67 6.63 6.60 6.56 6.53 6.45 6.42 6.47 6.55 6.56 6.59 6.58 6.53 6.56 6.55 6.51 6.71 6.78 6.81 6.77 6.82 6.86 6.89 6.90 6.90 6.89 6.87 6.88 6.87 6.86 6.85 6.84 6.83 6.81 6.80 6.80 6.78 6.77 6.77 6.77 6.77 6.78 6.76 6.67 6.67 6.77 6.79 6.82 6.84 6.85 6.85 6.84 6.87 6.86 6.71 6.83 6.85 6.95 7.03 7.06 7.08 7.08 7.11 7.11 7.10 7.00 7.11 7.15 7.11 7.09
7.19 7.14 7.09 7.04 6.99 6.94 6.89 6.85 6.83 6.77 6.73 6.71 6.67 6.62 6.57 6.54 6.48 6.46 6.53 6.57 6.61 6.60 6.56 6.60 6.62 6.55 6.74 6.80 6.84 6.83 6.86 6.88 6.92 6.94 6.94 6.93 6.92 6.92 6.91 6.90 6.89 6.88 6.86 6.85 6.83 6.82 6.81 6.79 6.78 6.79 6.81 6.77 6.80 6.71 6.73 6.77 6.80 6.84 6.85 6.86 6.82 6.84 6.84 6.76 6.89 6.88 6.83 6.90 7.03 7.10 7.13 7.13 7.13 7.12 7.14 7.09 7.14 7.17 7.14 7.14
7.27 7.22 7.14 7.08 7.06 7.00 6.95 6.92 6.88 6.84 6.79 6.74 6.73 6.70 6.61 6.54 6.50 6.37 6.43 6.58 6.61 6.62 6.64 6.69 6.73 6.71 6.75 6.78 6.85 6.80 6.88 6.93 6.95 6.98 6.98 6.97 6.97 6.96 6.95 6.94 6.92 6.90 6.89 6.87 6.87 6.85 6.84 6.83 6.82 6.83 6.83 6.80 6.79 6.82 6.77 6.65 6.72 6.77 6.84 6.88 6.84 6.75 6.71 6.93 6.90 6.95 6.94 6.91 7.03 7.15 7.15 7.15 7.15 7.15 7.15 7.16 7.16 7.20 7.16 7.13
