main/data/pressure/14.08.2023.grid
ncols 886
nrows 691
xllcenter 112.0000
yllcenter -44.5000
cellsize 0.0500
nodata_value 99999.90
[rows 0 to 35 of 691, columns 640 to 719 of 886]
28.26 28.29 28.32 28.35 28.38 28.41 28.45 28.47 28.51 28.53 28.57 28.60 28.62 28.66 28.68 28.72 28.74 28.78 28.80 28.83 28.85 28.87 28.84 28.82 28.78 28.74 28.72 28.69 28.65 28.63 28.60 28.58 28.55 28.52 28.50 28.48 28.45 28.44 28.41 28.39 28.38 28.36 28.34 28.32 28.30 28.30 28.28 28.26 28.25 28.24 28.23 28.22 28.21 28.19 28.18 28.18 28.17 28.16 28.15 28.15 28.14 28.13 28.12 28.11 28.11 28.09 28.08 28.06 28.05 28.04 28.03 28.02 28.01 28.00 28.00 27.99 27.99 27.99 27.99 27.99
28.19 28.21 28.25 28.28 28.31 28.34 28.38 28.40 28.44 28.47 28.50 28.53 28.55 28.59 28.61 28.65 28.68 28.70 28.74 28.76 28.79 28.81 28.81 28.79 28.75 28.72 28.69 28.66 28.63 28.59 28.57 28.54 28.51 28.49 28.46 28.43 28.42 28.39 28.36 28.35 28.33 28.31 28.29 28.27 28.26 28.24 28.23 28.21 28.20 28.18 28.17 28.16 28.15 28.14 28.13 28.12 28.11 28.10 28.09 28.08 28.08 28.07 28.06 28.05 28.05 28.04 28.02 28.01 27.99 27.98 27.97 27.96 27.95 27.95 27.94 27.94 27.93 27.93 27.93 27.93
28.12 28.14 28.18 28.21 28.25 28.27 28.31 28.33 28.37 28.40 28.42 28.46 28.49 28.52 28.55 28.58 28.61 28.63 28.67 28.69 28.72 28.75 28.77 28.76 28.73 28.69 28.67 28.63 28.60 28.57 28.53 28.51 28.48 28.45 28.43 28.40 28.37 28.35 28.33 28.30 28.29 28.26 28.24 28.23 28.21 28.19 28.17 28.16 28.15 28.13 28.11 28.11 28.10 28.08 28.07 28.06 28.05 28.04 28.03 28.02 28.01 28.00 27.99 27.99 27.98 27.98 27.96 27.95 27.94 27.92 27.91 27.90 27.89 27.89 27.88 27.88 27.87 27.87 27.87 27.87
28.05 28.07 28.11 28.14 28.18 28.20 28.24 28.27 28.30 28.33 28.36 28.39 28.42 28.45 28.48 28.51 28.54 28.57 28.59 28.63 28.65 28.68 28.70 28.73 28.70 28.67 28.64 28.61 28.57 28.53 28.51 28.47 28.45 28.41 28.38 28.36 28.33 28.30 28.29 28.26 28.23 28.22 28.20 28.17 28.16 28.14 28.12 28.10 28.09 28.08 28.06 28.04 28.03 28.03 28.01 28.00 27.99 27.97 27.96 27.96 27.95 27.94 27.93 27.92 27.91 27.90 27.89 27.89 27.88 27.86 27.85 27.84 27.83 27.83 27.82 27.82 27.81 27.81 27.81 27.81
27.98 28.00 28.04 28.07 28.11 28.13 28.16 28.20 28.23 28.26 28.29 28.32 28.35 28.38 28.41 28.44 28.46 28.50 28.53 28.55 28.59 28.61 28.64 28.66 28.67 28.64 28.61 28.57 28.53 28.51 28.47 28.44 28.41 28.38 28.35 28.32 28.30 28.27 28.24 28.22 28.19 28.17 28.15 28.13 28.10 28.09 28.07 28.05 28.03 28.02 28.01 27.99 27.97 27.96 27.95 27.94 27.93 27.91 27.90 27.89 27.89 27.88 27.87 27.86 27.85 27.84 27.83 27.83 27.80 27.80 27.79 27.78 27.77 27.76 27.76 27.75 27.75 27.75 27.75 27.75
27.91 27.94 27.97 28.00 28.03 28.06 28.09 28.13 28.16 28.19 28.22 28.25 28.28 28.31 28.33 28.37 28.40 28.42 28.46 28.48 28.51 28.54 28.57 28.60 28.62 28.61 28.58 28.54 28.51 28.47 28.44 28.40 28.38 28.34 28.31 28.28 28.25 28.23 28.20 28.17 28.15 28.12 28.10 28.08 28.06 28.03 28.01 28.00 27.98 27.96 27.95 27.93 27.92 27.90 27.89 27.88 27.87 27.85 27.84 27.83 27.82 27.81 27.80 27.79 27.78 27.77 27.76 27.75 27.74 27.74 27.73 27.72 27.71 27.70 27.69 27.69 27.69 27.68 27.68 27.68
27.84 27.86 27.89 27.93 27.96 28.00 28.02 28.05 28.09 28.12 28.15 28.18 28.20 28.24 28.27 28.29 28.33 28.36 28.38 28.41 28.44 28.47 28.49 28.52 28.54 28.57 28.55 28.52 28.47 28.44 28.40 28.37 28.34 28.30 28.27 28.24 28.21 28.18 28.16 28.13 28.10 28.08 28.05 28.02 28.00 27.99 27.96 27.94 27.93 27.91 27.89 27.88 27.86 27.84 27.83 27.81 27.81 27.79 27.78 27.76 27.75 27.75 27.74 27.73 27.71 27.70 27.69 27.68 27.67 27.67 27.65 27.65 27.64 27.63 27.63 27.62 27.62 27.62 27.62 27.62
27.76 27.80 27.82 27.86 27.89 27.92 27.95 27.98 28.02 28.05 28.07 28.11 28.14 28.16 28.20 28.23 28.25 28.28 28.31 28.34 28.37 28.39 28.42 28.45 28.48 28.50 28.51 28.48 28.45 28.41 28.37 28.33 28.30 28.26 28.24 28.20 28.17 28.14 28.11 28.08 28.05 28.02 28.00 27.98 27.95 27.93 27.91 27.89 27.87 27.85 27.83 27.81 27.79 27.79 27.77 27.75 27.74 27.73 27.72 27.70 27.69 27.68 27.67 27.66 27.65 27.64 27.63 27.61 27.60 27.59 27.59 27.58 27.57 27.56 27.56 27.55 27.55 27.55 27.55 27.55
27.69 27.72 27.75 27.78 27.82 27.85 27.88 27.91 27.94 27.97 28.01 28.03 28.06 28.10 28.12 28.15 28.19 28.21 28.24 28.26 28.29 28.33 28.35 28.38 28.40 28.43 28.45 28.45 28.41 28.38 28.34 28.30 28.26 28.23 28.19 28.15 28.13 28.09 28.07 28.03 28.00 27.98 27.95 27.92 27.90 27.88 27.86 27.84 27.81 27.79 27.78 27.76 27.74 27.73 27.71 27.69 27.68 27.66 27.65 27.64 27.62 27.61 27.60 27.58 27.58 27.57 27.56 27.55 27.53 27.52 27.51 27.50 27.50 27.49 27.49 27.48 27.48 27.48 27.48 27.48
27.62 27.65 27.69 27.71 27.74 27.78 27.81 27.84 27.87 27.90 27.93 27.97 27.99 28.02 28.05 28.08 28.11 28.14 28.16 28.20 28.22 28.25 28.27 28.30 28.33 28.35 28.38 28.39 28.38 28.34 28.31 28.26 28.23 28.19 28.16 28.12 28.08 28.05 28.02 27.99 27.96 27.93 27.90 27.87 27.85 27.83 27.80 27.77 27.76 27.74 27.71 27.70 27.68 27.66 27.64 27.63 27.61 27.60 27.58 27.58 27.56 27.55 27.53 27.52 27.52 27.50 27.49 27.48 27.47 27.45 27.44 27.43 27.42 27.42 27.41 27.41 27.41 27.40 27.40 27.41
27.54 27.58 27.61 27.64 27.67 27.70 27.74 27.77 27.80 27.82 27.86 27.89 27.92 27.95 27.98 28.01 28.03 28.06 28.09 28.12 28.15 28.17 28.20 28.22 28.25 28.28 28.30 28.33 28.34 28.31 28.27 28.23 28.19 28.15 28.11 28.08 28.04 28.00 27.98 27.94 27.91 27.88 27.85 27.83 27.80 27.77 27.75 27.72 27.70 27.68 27.66 27.63 27.62 27.60 27.58 27.57 27.55 27.54 27.52 27.50 27.50 27.48 27.47 27.45 27.44 27.43 27.42 27.41 27.40 27.38 27.37 27.36 27.36 27.35 27.34 27.33 27.33 27.33 27.33 27.33
27.47 27.50 27.54 27.57 27.59 27.63 27.66 27.69 27.73 27.76 27.78 27.81 27.85 27.88 27.90 27.93 27.96 27.99 28.02 28.05 28.07 28.10 28.12 28.15 28.18 28.20 28.23 28.25 28.27 28.27 28.24 28.19 28.15 28.11 28.08 28.03 27.99 27.96 27.92 27.90 27.86 27.83 27.80 27.77 27.75 27.72 27.70 27.67 27.64 27.62 27.60 27.58 27.55 27.54 27.52 27.50 27.48 27.47 27.46 27.44 27.42 27.42 27.40 27.39 27.37 27.36 27.35 27.34 27.33 27.31 27.30 27.29 27.28 27.26 27.26 27.26 27.25 27.25 27.25 27.25
27.39 27.43 27.46 27.49 27.53 27.55 27.58 27.62 27.65 27.68 27.71 27.74 27.77 27.80 27.82 27.85 27.89 27.91 27.94 27.97 27.99 28.02 28.05 28.07 28.10 28.12 28.15 28.17 28.19 28.21 28.19 28.16 28.11 28.07 28.03 28.00 27.95 27.91 27.88 27.84 27.81 27.78 27.75 27.72 27.69 27.66 27.63 27.61 27.59 27.56 27.54 27.52 27.50 27.48 27.46 27.44 27.42 27.41 27.39 27.37 27.36 27.35 27.33 27.32 27.30 27.29 27.27 27.27 27.26 27.24 27.23 27.22 27.21 27.20 27.19 27.18 27.17 27.17 27.17 27.17
27.32 27.35 27.39 27.42 27.45 27.48 27.52 27.54 27.57 27.60 27.64 27.67 27.69 27.72 27.75 27.79 27.81 27.84 27.86 27.89 27.92 27.95 27.97 28.00 28.02 28.05 28.06 28.09 28.12 28.14 28.15 28.11 28.08 28.03 27.99 27.95 27.91 27.87 27.84 27.80 27.76 27.73 27.69 27.67 27.64 27.60 27.58 27.55 27.53 27.50 27.48 27.46 27.44 27.41 27.39 27.38 27.36 27.34 27.33 27.31 27.29 27.27 27.27 27.25 27.24 27.22 27.21 27.20 27.19 27.17 27.16 27.15 27.13 27.12 27.12 27.11 27.10 27.09 27.09 27.09
27.24 27.28 27.31 27.34 27.37 27.41 27.44 27.47 27.49 27.53 27.56 27.59 27.62 27.64 27.67 27.71 27.74 27.76 27.79 27.82 27.84 27.87 27.89 27.92 27.94 27.96 27.99 28.01 28.03 28.05 28.07 28.07 28.03 27.99 27.94 27.91 27.86 27.83 27.78 27.75 27.71 27.67 27.65 27.61 27.58 27.55 27.52 27.50 27.47 27.45 27.42 27.39 27.38 27.35 27.33 27.32 27.29 27.27 27.25 27.24 27.23 27.21 27.19 27.18 27.17 27.15 27.14 27.12 27.12 27.10 27.09 27.08 27.06 27.05 27.05 27.03 27.02 27.01 27.01 27.01
27.17 27.20 27.23 27.27 27.30 27.33 27.36 27.39 27.43 27.45 27.48 27.51 27.54 27.57 27.59 27.62 27.66 27.68 27.71 27.74 27.75 27.78 27.81 27.83 27.86 27.89 27.90 27.93 27.95 27.97 27.99 28.01 27.99 27.94 27.90 27.86 27.82 27.77 27.74 27.70 27.67 27.63 27.59 27.56 27.52 27.50 27.46 27.43 27.41 27.38 27.36 27.33 27.31 27.29 27.27 27.24 27.23 27.21 27.19 27.18 27.16 27.14 27.12 27.12 27.10 27.08 27.07 27.05 27.05 27.03 27.02 27.00 26.99 26.98 26.96 26.96 26.95 26.94 26.93 26.92
27.09 27.12 27.16 27.19 27.22 27.25 27.28 27.32 27.35 27.38 27.41 27.43 27.46 27.49 27.52 27.54 27.57 27.60 27.62 27.65 27.68 27.70 27.73 27.76 27.77 27.80 27.83 27.84 27.87 27.89 27.91 27.93 27.93 27.90 27.85 27.82 27.77 27.73 27.68 27.65 27.61 27.57 27.54 27.50 27.47 27.43 27.41 27.38 27.34 27.32 27.29 27.27 27.25 27.22 27.21 27.18 27.16 27.15 27.12 27.10 27.09 27.07 27.06 27.04 27.03 27.01 27.00 26.98 26.98 26.96 26.95 26.93 26.92 26.91 26.89 26.89 26.88 26.86 26.85 26.84
27.01 27.05 27.08 27.11 27.14 27.17 27.20 27.24 27.27 27.30 27.33 27.36 27.38 27.41 27.44 27.47 27.49 27.52 27.55 27.58 27.60 27.62 27.64 27.67 27.70 27.71 27.74 27.77 27.78 27.81 27.82 27.85 27.87 27.85 27.81 27.76 27.72 27.67 27.64 27.59 27.56 27.52 27.48 27.44 27.42 27.38 27.34 27.32 27.29 27.26 27.23 27.20 27.19 27.16 27.14 27.12 27.09 27.07 27.06 27.04 27.02 27.01 26.99 26.97 26.95 26.94 26.93 26.91 26.90 26.89 26.88 26.86 26.85 26.83 26.82 26.81 26.80 26.79 26.78 26.76
26.95 26.98 27.01 27.04 27.07 27.10 27.12 27.16 27.19 27.22 27.25 27.28 27.31 27.33 27.36 27.39 27.42 27.44 27.46 27.49 27.52 27.54 27.57 27.59 27.61 27.64 27.66 27.68 27.70 27.72 27.74 27.76 27.78 27.79 27.76 27.72 27.67 27.63 27.58 27.54 27.50 27.46 27.42 27.39 27.35 27.32 27.29 27.25 27.23 27.19 27.17 27.14 27.11 27.10 27.07 27.05 27.03 27.00 26.99 26.97 26.95 26.94 26.92 26.90 26.88 26.87 26.86 26.84 26.83 26.81 26.80 26.79 26.78 26.76 26.75 26.74 26.73 26.72 26.70 26.69
26.87 26.90 26.93 26.96 26.99 27.02 27.05 27.08 27.11 27.14 27.17 27.20 27.23 27.26 27.27 27.30 27.33 27.36 27.39 27.41 27.43 27.46 27.48 27.51 27.53 27.55 27.57 27.59 27.61 27.64 27.65 27.67 27.69 27.70 27.71 27.66 27.62 27.57 27.53 27.48 27.45 27.40 27.37 27.33 27.30 27.26 27.23 27.19 27.17 27.13 27.10 27.08 27.05 27.02 27.00 26.98 26.96 26.94 26.91 26.90 26.88 26.86 26.85 26.83 26.81 26.79 26.79 26.77 26.75 26.74 26.73 26.72 26.70 26.69 26.67 26.66 26.66 26.64 26.63 26.62
26.79 26.82 26.85 26.88 26.91 26.94 26.97 27.00 27.03 27.06 27.08 27.11 27.14 27.17 27.20 27.23 27.25 27.28 27.30 27.32 27.35 27.37 27.40 27.42 27.44 27.47 27.48 27.51 27.52 27.54 27.57 27.58 27.60 27.61 27.63 27.61 27.56 27.52 27.47 27.43 27.38 27.35 27.30 27.27 27.23 27.20 27.16 27.13 27.10 27.07 27.04 27.01 26.99 26.96 26.94 26.91 26.89 26.87 26.85 26.82 26.81 26.79 26.77 26.76 26.74 26.72 26.71 26.70 26.68 26.67 26.65 26.65 26.63 26.62 26.60 26.59 26.58 26.57 26.56 26.54
26.71 26.74 26.77 26.80 26.83 26.86 26.89 26.92 26.95 26.98 27.01 27.04 27.06 27.09 27.11 27.14 27.17 27.19 27.22 27.24 27.27 27.29 27.31 27.34 27.35 27.38 27.40 27.41 27.44 27.45 27.47 27.49 27.51 27.53 27.54 27.54 27.51 27.46 27.42 27.37 27.33 27.28 27.25 27.20 27.17 27.13 27.10 27.06 27.04 27.00 26.98 26.94 26.92 26.89 26.86 26.85 26.82 26.80 26.78 26.76 26.74 26.72 26.70 26.69 26.67 26.65 26.63 26.63 26.61 26.59 26.58 26.57 26.56 26.54 26.53 26.51 26.50 26.50 26.48 26.47
26.63 26.66 26.69 26.72 26.75 26.78 26.81 26.84 26.87 26.90 26.93 26.95 26.98 27.00 27.03 27.06 27.08 27.11 27.13 27.15 27.18 27.20 27.22 27.25 27.27 27.28 27.31 27.33 27.34 27.37 27.39 27.40 27.42 27.43 27.45 27.45 27.44 27.41 27.36 27.32 27.27 27.23 27.18 27.15 27.11 27.07 27.03 27.00 26.96 26.94 26.90 26.88 26.85 26.83 26.80 26.77 26.75 26.73 26.71 26.69 26.66 26.65 26.63 26.61 26.60 26.58 26.56 26.55 26.54 26.52 26.51 26.50 26.48 26.47 26.46 26.44 26.44 26.42 26.41 26.40
26.56 26.58 26.61 26.65 26.68 26.71 26.74 26.76 26.78 26.81 26.84 26.87 26.90 26.92 26.95 26.97 27.00 27.02 27.05 27.06 27.09 27.11 27.14 27.15 27.18 27.20 27.21 27.24 27.26 27.27 27.29 27.30 27.32 27.34 27.35 27.37 27.37 27.34 27.30 27.25 27.21 27.16 27.12 27.08 27.04 27.01 26.97 26.93 26.90 26.87 26.84 26.80 26.78 26.75 26.73 26.70 26.68 26.66 26.63 26.62 26.59 26.57 26.56 26.54 26.52 26.51 26.49 26.47 26.47 26.45 26.43 26.42 26.41 26.40 26.38 26.37 26.36 26.35 26.34 26.32
26.49 26.52 26.54 26.57 26.60 26.63 26.65 26.68 26.71 26.74 26.76 26.78 26.81 26.84 26.86 26.89 26.91 26.93 26.96 26.98 27.00 27.02 27.05 27.07 27.08 27.11 27.13 27.14 27.16 27.18 27.19 27.21 27.23 27.24 27.26 27.26 27.28 27.28 27.23 27.19 27.14 27.10 27.05 27.02 26.98 26.94 26.90 26.86 26.84 26.80 26.77 26.74 26.71 26.68 26.66 26.63 26.60 26.59 26.56 26.55 26.52 26.50 26.49 26.47 26.45 26.44 26.42 26.40 26.39 26.38 26.36 26.34 26.34 26.32 26.31 26.29 26.28 26.28 26.26 26.25
26.41 26.44 26.46 26.49 26.52 26.54 26.57 26.60 26.63 26.65 26.68 26.70 26.72 26.75 26.77 26.80 26.83 26.84 26.87 26.89 26.92 26.93 26.95 26.98 27.00 27.01 27.03 27.05 27.06 27.08 27.10 27.11 27.13 27.15 27.15 27.17 27.19 27.19 27.17 27.12 27.08 27.03 26.99 26.95 26.91 26.87 26.83 26.80 26.76 26.73 26.69 26.67 26.63 26.61 26.58 26.56 26.53 26.51 26.49 26.46 26.45 26.43 26.40 26.39 26.37 26.36 26.34 26.33 26.31 26.30 26.29 26.27 26.25 26.25 26.23 26.22 26.21 26.20 26.19 26.18
26.33 26.36 26.39 26.41 26.44 26.46 26.49 26.51 26.54 26.57 26.59 26.62 26.64 26.66 26.69 26.71 26.74 26.76 26.77 26.80 26.82 26.85 26.86 26.88 26.90 26.92 26.93 26.95 26.97 26.98 27.00 27.02 27.03 27.04 27.06 27.07 27.08 27.09 27.09 27.06 27.01 26.97 26.92 26.88 26.84 26.80 26.76 26.72 26.69 26.65 26.62 26.59 26.56 26.53 26.51 26.48 26.46 26.43 26.42 26.39 26.37 26.35 26.33 26.32 26.30 26.28 26.27 26.25 26.23 26.23 26.21 26.20 26.18 26.18 26.16 26.15 26.13 26.12 26.12 26.10
26.26 26.28 26.31 26.33 26.36 26.38 26.41 26.43 26.46 26.48 26.51 26.53 26.56 26.58 26.61 26.62 26.64 26.67 26.69 26.70 26.73 26.75 26.77 26.78 26.80 26.83 26.85 26.86 26.87 26.89 26.90 26.92 26.93 26.94 26.96 26.97 26.97 26.99 27.00 26.98 26.94 26.89 26.85 26.81 26.76 26.73 26.68 26.65 26.61 26.58 26.55 26.52 26.49 26.46 26.43 26.41 26.39 26.36 26.33 26.32 26.29 26.28 26.26 26.24 26.22 26.21 26.20 26.18 26.16 26.14 26.14 26.12 26.11 26.10 26.09 26.07 26.06 26.05 26.04 26.03
26.19 26.21 26.24 26.26 26.29 26.31 26.33 26.36 26.38 26.39 26.42 26.44 26.47 26.49 26.51 26.54 26.55 26.57 26.60 26.62 26.63 26.65 26.68 26.70 26.71 26.73 26.75 26.76 26.77 26.79 26.81 26.81 26.83 26.85 26.85 26.86 26.88 26.88 26.89 26.89 26.86 26.82 26.77 26.73 26.69 26.65 26.61 26.58 26.54 26.51 26.47 26.45 26.41 26.39 26.35 26.33 26.30 26.29 26.26 26.23 26.22 26.19 26.18 26.16 26.15 26.13 26.11 26.10 26.08 26.07 26.06 26.05 26.03 26.02 26.01 26.00 25.98 25.97 25.97 25.96
26.12 26.15 26.17 26.19 26.21 26.23 26.25 26.27 26.30 26.32 26.33 26.35 26.38 26.40 26.42 26.45 26.46 26.48 26.50 26.52 26.55 26.56 26.58 26.60 26.62 26.63 26.64 26.66 26.68 26.69 26.70 26.72 26.72 26.74 26.75 26.75 26.77 26.78 26.79 26.79 26.78 26.74 26.70 26.66 26.61 26.58 26.54 26.50 26.47 26.43 26.40 26.36 26.34 26.30 26.28 26.25 26.23 26.20 26.18 26.16 26.14 26.12 26.11 26.08 26.06 26.05 26.03 26.02 26.01 25.99 25.99 25.97 25.96 25.94 25.94 25.92 25.91 25.90 25.89 25.88
26.06 26.08 26.09 26.11 26.13 26.15 26.17 26.19 26.21 26.23 26.25 26.27 26.29 26.31 26.33 26.35 26.37 26.38 26.41 26.43 26.45 26.47 26.48 26.50 26.52 26.53 26.54 26.56 26.58 26.59 26.60 26.61 26.63 26.63 26.64 26.66 26.66 26.67 26.68 26.68 26.68 26.66 26.62 26.58 26.54 26.49 26.46 26.42 26.38 26.35 26.31 26.29 26.25 26.23 26.20 26.17 26.14 26.12 26.11 26.08 26.07 26.04 26.02 26.01 25.99 25.98 25.96 25.94 25.93 25.92 25.90 25.89 25.88 25.86 25.86 25.85 25.83 25.82 25.82 25.81
26.00 26.01 26.02 26.04 26.05 26.07 26.09 26.11 26.13 26.14 26.16 26.18 26.20 26.22 26.24 26.26 26.28 26.30 26.31 26.33 26.35 26.37 26.39 26.40 26.41 26.43 26.45 26.46 26.47 26.49 26.50 26.51 26.52 26.53 26.54 26.54 26.55 26.56 26.56 26.57 26.58 26.57 26.54 26.50 26.45 26.42 26.38 26.34 26.30 26.26 26.24 26.20 26.17 26.15 26.12 26.09 26.06 26.05 26.02 26.00 25.98 25.96 25.94 25.93 25.91 25.89 25.88 25.86 25.86 25.84 25.82 25.82 25.80 25.79 25.77 25.77 25.76 25.75 25.74 25.73
25.94 25.95 25.96 25.97 25.98 25.99 26.01 26.02 26.04 26.06 26.08 26.09 26.11 26.12 26.14 26.16 26.18 26.20 26.21 26.23 26.25 26.27 26.29 26.29 26.31 26.33 26.34 26.36 26.37 26.38 26.39 26.41 26.41 26.42 26.43 26.43 26.44 26.45 26.46 26.45 26.46 26.46 26.45 26.41 26.37 26.33 26.29 26.26 26.22 26.18 26.16 26.12 26.09 26.06 26.04 26.00 25.98 25.96 25.94 25.91 25.90 25.87 25.86 25.84 25.83 25.81 25.80 25.78 25.77 25.76 25.74 25.74 25.73 25.71 25.70 25.69 25.68 25.67 25.67 25.66
25.88 25.89 25.89 25.90 25.92 25.92 25.93 25.94 25.96 25.97 25.99 26.00 26.02 26.04 26.05 26.07 26.09 26.10 26.12 26.13 26.15 26.17 26.18 26.20 26.21 26.22 26.24 26.25 26.27 26.27 26.28 26.30 26.31 26.31 26.32 26.33 26.34 26.33 26.34 26.35 26.34 26.35 26.35 26.33 26.28 26.24 26.20 26.17 26.13 26.09 26.06 26.04 26.00 25.98 25.95 25.92 25.90 25.88 25.86 25.83 25.82 25.79 25.78 25.76 25.75 25.73 25.71 25.70 25.69 25.68 25.67 25.65 25.65 25.63 25.62 25.62 25.61 25.59 25.58 25.58
25.84 25.84 25.85 25.85 25.85 25.86 25.86 25.86 25.87 25.89 25.90 25.91 25.93 25.95 25.95 25.97 25.99 26.01 26.02 26.04 26.05 26.06 26.08 26.10 26.11 26.12 26.13 26.15 26.16 26.17 26.17 26.19 26.20 26.21 26.21 26.21 26.22 26.23 26.22 26.23 26.23 26.24 26.23 26.22 26.20 26.15 26.11 26.08 26.04 26.01 25.98 25.94 25.92 25.89 25.86 25.84 25.81 25.79 25.77 25.75 25.73 25.71 25.69 25.68 25.66 25.65 25.63 25.62 25.61 25.59 25.59 25.57 25.57 25.56 25.54 25.54 25.53 25.52 25.51 25.51
25.80 25.80 25.79 25.79 25.79 25.79 25.79 25.79 25.79 25.80 25.81 25.82 25.84 25.85 25.86 25.87 25.89 25.91 25.92 25.93 25.94 25.96 25.98 25.99 26.01 26.01 26.02 26.04 26.05 26.06 26.07 26.07 26.08 26.09 26.10 26.10 26.10 26.11 26.12 26.11 26.11 26.12 26.12 26.11 26.09 26.06 26.02 25.98 25.95 25.92 25.88 25.86 25.83 25.80 25.78 25.74 25.73 25.70 25.68 25.67 25.64 25.63 25.61 25.60 25.58 25.57 25.55 25.54 25.53 25.51 25.51 25.49 25.49 25.48 25.46 25.45 25.45 25.44 25.43 25.43
