main/data/pressure/14.11.2023.grid
ncols 886
nrows 691
xllcenter 112.0000
yllcenter -44.5000
cellsize 0.0500
nodata_value 99999.90
[rows 105 to 139 of 691, columns 780 to 857 of 886]
22.24 22.22 22.20 22.19 22.18 22.16 22.14 22.13 22.11 22.10 22.08 22.07 22.06 22.05 22.06 22.15 22.25 22.35 22.45 22.56 22.65 22.75 22.85 22.94 23.04 23.13 23.23 23.32 23.41 23.50 23.58 23.67 23.74 23.83 23.90 23.98 24.05 24.13 24.19 24.26 24.32 24.39 24.45 24.51 24.56 24.61 24.68 24.82 25.05 25.30 25.54 25.78 26.00 26.23 26.44 26.65 26.86 27.06 27.26 27.44 27.62 27.80 27.97 28.13 28.29 28.45 28.60 28.74 28.89 29.02 29.15 29.27 29.40 29.52 29.63 29.74 29.86 29.96
22.24 22.21 22.20 22.19 22.17 22.16 22.14 22.12 22.11 22.10 22.08 22.07 22.06 22.05 22.04 22.08 22.18 22.28 22.38 22.49 22.58 22.69 22.79 22.89 22.99 23.08 23.18 23.27 23.36 23.45 23.53 23.62 23.70 23.79 23.86 23.94 24.01 24.09 24.16 24.23 24.29 24.36 24.42 24.48 24.54 24.60 24.65 24.73 24.92 25.16 25.41 25.64 25.87 26.11 26.32 26.53 26.75 26.95 27.14 27.34 27.52 27.69 27.87 28.04 28.20 28.36 28.51 28.66 28.80 28.94 29.07 29.20 29.32 29.45 29.56 29.68 29.79 29.89
22.23 22.22 22.20 22.18 22.17 22.16 22.14 22.12 22.11 22.10 22.09 22.07 22.06 22.05 22.04 22.04 22.11 22.20 22.31 22.42 22.52 22.63 22.73 22.83 22.93 23.02 23.13 23.22 23.31 23.41 23.49 23.58 23.66 23.75 23.83 23.91 23.98 24.06 24.13 24.20 24.26 24.34 24.39 24.46 24.51 24.57 24.63 24.68 24.80 25.02 25.26 25.51 25.75 25.98 26.20 26.42 26.64 26.84 27.03 27.23 27.42 27.60 27.78 27.95 28.11 28.28 28.43 28.58 28.72 28.87 29.00 29.13 29.25 29.38 29.50 29.61 29.72 29.83
22.23 22.21 22.20 22.18 22.17 22.15 22.14 22.12 22.11 22.10 22.09 22.08 22.06 22.05 22.04 22.02 22.05 22.15 22.25 22.36 22.46 22.57 22.68 22.77 22.88 22.98 23.08 23.18 23.27 23.36 23.45 23.54 23.62 23.71 23.79 23.88 23.95 24.03 24.10 24.17 24.24 24.31 24.37 24.44 24.49 24.54 24.61 24.66 24.73 24.89 25.13 25.38 25.62 25.86 26.08 26.30 26.51 26.73 26.93 27.12 27.32 27.50 27.68 27.86 28.02 28.18 28.35 28.50 28.64 28.79 28.93 29.06 29.18 29.30 29.43 29.55 29.65 29.76
22.22 22.21 22.20 22.19 22.16 22.15 22.14 22.13 22.11 22.10 22.08 22.07 22.06 22.05 22.04 22.02 22.03 22.09 22.19 22.30 22.41 22.51 22.62 22.72 22.83 22.92 23.03 23.13 23.22 23.32 23.41 23.50 23.59 23.68 23.76 23.84 23.92 24.00 24.07 24.15 24.21 24.28 24.35 24.41 24.47 24.52 24.59 24.64 24.70 24.78 25.00 25.25 25.49 25.73 25.97 26.19 26.41 26.62 26.82 27.02 27.22 27.40 27.58 27.77 27.93 28.10 28.25 28.41 28.56 28.70 28.85 28.98 29.11 29.24 29.36 29.48 29.59 29.70
22.22 22.21 22.19 22.18 22.16 22.15 22.14 22.13 22.11 22.10 22.09 22.08 22.06 22.05 22.04 22.02 22.02 22.04 22.13 22.24 22.35 22.46 22.57 22.67 22.78 22.89 22.98 23.09 23.18 23.28 23.37 23.47 23.55 23.64 23.72 23.81 23.89 23.97 24.04 24.12 24.19 24.26 24.32 24.38 24.45 24.51 24.57 24.62 24.67 24.74 24.88 25.12 25.36 25.60 25.85 26.07 26.29 26.51 26.72 26.92 27.12 27.31 27.49 27.67 27.85 28.01 28.17 28.33 28.48 28.63 28.77 28.91 29.04 29.17 29.29 29.42 29.53 29.64
22.21 22.20 22.19 22.18 22.17 22.15 22.14 22.13 22.11 22.10 22.09 22.08 22.06 22.05 22.04 22.02 22.01 22.02 22.08 22.19 22.30 22.41 22.52 22.62 22.73 22.83 22.94 23.05 23.14 23.24 23.33 23.43 23.52 23.61 23.69 23.78 23.86 23.94 24.02 24.10 24.16 24.24 24.30 24.36 24.43 24.49 24.55 24.60 24.65 24.71 24.79 24.98 25.24 25.48 25.73 25.95 26.18 26.40 26.61 26.81 27.01 27.21 27.40 27.57 27.76 27.92 28.09 28.25 28.40 28.55 28.69 28.84 28.97 29.10 29.22 29.35 29.46 29.58
22.21 22.20 22.19 22.18 22.17 22.15 22.14 22.13 22.12 22.10 22.09 22.08 22.06 22.05 22.04 22.02 22.02 22.01 22.03 22.13 22.25 22.36 22.47 22.58 22.69 22.79 22.90 23.01 23.10 23.21 23.30 23.40 23.49 23.58 23.66 23.75 23.83 23.92 23.99 24.07 24.14 24.21 24.28 24.34 24.41 24.47 24.54 24.59 24.64 24.70 24.76 24.88 25.11 25.36 25.60 25.84 26.06 26.28 26.51 26.71 26.91 27.11 27.30 27.48 27.67 27.84 28.00 28.16 28.33 28.47 28.62 28.76 28.90 29.03 29.15 29.27 29.40 29.51
22.21 22.19 22.19 22.18 22.17 22.15 22.14 22.13 22.12 22.10 22.09 22.08 22.06 22.05 22.04 22.04 22.02 22.01 22.01 22.09 22.20 22.31 22.43 22.53 22.65 22.76 22.86 22.97 23.07 23.17 23.27 23.37 23.46 23.55 23.64 23.73 23.81 23.90 23.97 24.05 24.12 24.19 24.27 24.33 24.40 24.46 24.51 24.58 24.63 24.68 24.74 24.81 24.99 25.23 25.48 25.72 25.95 26.17 26.40 26.61 26.81 27.02 27.21 27.39 27.57 27.75 27.92 28.08 28.24 28.40 28.54 28.68 28.83 28.96 29.09 29.21 29.33 29.45
22.21 22.19 22.18 22.18 22.17 22.15 22.14 22.13 22.12 22.10 22.09 22.08 22.08 22.06 22.05 22.04 22.02 22.02 22.01 22.05 22.16 22.27 22.38 22.49 22.61 22.71 22.82 22.93 23.03 23.14 23.23 23.34 23.43 23.53 23.61 23.70 23.79 23.86 23.95 24.02 24.10 24.17 24.25 24.31 24.38 24.44 24.50 24.56 24.62 24.67 24.72 24.78 24.88 25.11 25.36 25.61 25.84 26.07 26.29 26.51 26.71 26.91 27.11 27.30 27.48 27.66 27.84 28.00 28.16 28.32 28.47 28.61 28.75 28.89 29.02 29.14 29.26 29.38
22.20 22.20 22.18 22.18 22.17 22.15 22.14 22.14 22.13 22.11 22.10 22.09 22.08 22.06 22.05 22.04 22.03 22.02 22.00 22.02 22.12 22.22 22.34 22.45 22.57 22.68 22.79 22.89 23.00 23.11 23.21 23.31 23.40 23.50 23.59 23.68 23.76 23.84 23.93 24.00 24.09 24.16 24.23 24.30 24.36 24.43 24.49 24.55 24.61 24.66 24.72 24.76 24.83 25.00 25.24 25.48 25.73 25.96 26.18 26.40 26.61 26.81 27.01 27.21 27.39 27.57 27.75 27.92 28.08 28.23 28.39 28.54 28.68 28.81 28.95 29.08 29.20 29.32
22.20 22.20 22.18 22.18 22.17 22.17 22.15 22.14 22.13 22.12 22.10 22.09 22.08 22.07 22.06 22.05 22.03 22.03 22.01 22.01 22.08 22.19 22.31 22.42 22.54 22.64 22.76 22.86 22.97 23.08 23.18 23.28 23.38 23.47 23.57 23.65 23.74 23.82 23.91 23.99 24.07 24.14 24.21 24.28 24.35 24.42 24.48 24.53 24.60 24.65 24.70 24.76 24.80 24.91 25.12 25.36 25.61 25.85 26.07 26.30 26.51 26.72 26.92 27.12 27.30 27.49 27.66 27.84 28.00 28.16 28.31 28.47 28.61 28.74 28.88 29.01 29.14 29.26
22.20 22.20 22.19 22.18 22.18 22.17 22.15 22.15 22.14 22.12 22.11 22.10 22.09 22.07 22.06 22.05 22.04 22.03 22.02 22.01 22.05 22.15 22.27 22.38 22.50 22.61 22.73 22.83 22.95 23.05 23.16 23.25 23.36 23.45 23.55 23.63 23.73 23.81 23.90 23.97 24.05 24.13 24.20 24.27 24.34 24.41 24.47 24.52 24.59 24.64 24.69 24.75 24.80 24.86 25.01 25.25 25.49 25.74 25.97 26.19 26.41 26.62 26.82 27.02 27.22 27.40 27.58 27.75 27.92 28.08 28.24 28.39 28.54 28.68 28.81 28.94 29.07 29.19
22.20 22.20 22.19 22.19 22.18 22.18 22.16 22.15 22.14 22.14 22.12 22.11 22.10 22.08 22.07 22.05 22.05 22.04 22.02 22.02 22.02 22.12 22.24 22.35 22.48 22.58 22.70 22.81 22.92 23.02 23.13 23.23 23.33 23.43 23.53 23.61 23.71 23.79 23.88 23.96 24.03 24.12 24.19 24.26 24.33 24.39 24.46 24.52 24.57 24.64 24.69 24.74 24.79 24.84 24.93 25.14 25.38 25.62 25.86 26.09 26.30 26.52 26.73 26.93 27.12 27.31 27.49 27.67 27.84 28.00 28.16 28.31 28.46 28.61 28.74 28.87 29.00 29.13
22.20 22.20 22.19 22.19 22.19 22.18 22.17 22.16 22.15 22.14 22.13 22.12 22.11 22.09 22.08 22.06 22.06 22.05 22.03 22.03 22.02 22.10 22.20 22.33 22.45 22.56 22.68 22.79 22.90 23.00 23.11 23.21 23.32 23.41 23.51 23.60 23.70 23.78 23.86 23.95 24.02 24.11 24.18 24.25 24.32 24.38 24.45 24.51 24.57 24.63 24.68 24.73 24.79 24.83 24.89 25.04 25.27 25.51 25.75 25.98 26.20 26.42 26.63 26.84 27.03 27.23 27.41 27.58 27.75 27.93 28.09 28.24 28.39 28.54 28.68 28.81 28.94 29.06
22.20 22.21 22.20 22.20 22.20 22.19 22.18 22.17 22.16 22.14 22.14 22.13 22.11 22.10 22.09 22.07 22.07 22.06 22.04 22.03 22.03 22.07 22.18 22.30 22.42 22.54 22.66 22.76 22.88 22.98 23.10 23.19 23.30 23.40 23.50 23.59 23.67 23.77 23.85 23.94 24.01 24.09 24.17 24.24 24.31 24.38 24.45 24.51 24.56 24.62 24.68 24.73 24.79 24.83 24.88 24.95 25.16 25.40 25.64 25.88 26.10 26.32 26.54 26.74 26.94 27.13 27.32 27.50 27.67 27.84 28.01 28.17 28.31 28.46 28.61 28.74 28.87 29.00
22.21 22.22 22.21 22.21 22.21 22.20 22.19 22.18 22.17 22.16 22.15 22.14 22.12 22.11 22.10 22.08 22.08 22.06 22.05 22.05 22.03 22.06 22.16 22.28 22.40 22.52 22.63 22.75 22.86 22.97 23.08 23.18 23.28 23.38 23.48 23.58 23.66 23.76 23.84 23.92 24.01 24.08 24.16 24.23 24.30 24.37 24.43 24.50 24.56 24.62 24.68 24.73 24.78 24.83 24.88 24.93 25.07 25.29 25.53 25.77 26.00 26.22 26.44 26.65 26.85 27.04 27.23 27.42 27.59 27.76 27.93 28.09 28.24 28.39 28.53 28.67 28.81 28.93
22.22 22.23 22.22 22.22 22.22 22.20 22.20 22.19 22.19 22.17 22.16 22.15 22.13 22.12 22.11 22.10 22.09 22.07 22.06 22.06 22.04 22.05 22.14 22.26 22.38 22.50 22.61 22.73 22.84 22.95 23.06 23.17 23.27 23.37 23.47 23.57 23.65 23.75 23.83 23.91 24.00 24.08 24.16 24.23 24.29 24.37 24.43 24.49 24.56 24.61 24.68 24.73 24.78 24.83 24.88 24.92 24.99 25.19 25.42 25.66 25.90 26.13 26.34 26.55 26.76 26.96 27.15 27.33 27.51 27.69 27.85 28.01 28.17 28.32 28.46 28.60 28.73 28.87
22.23 22.24 22.23 22.23 22.23 22.22 22.21 22.21 22.20 22.18 22.17 22.16 22.15 22.14 22.12 22.11 22.10 22.08 22.08 22.06 22.05 22.06 22.13 22.25 22.36 22.49 22.60 22.72 22.83 22.94 23.05 23.16 23.26 23.36 23.46 23.55 23.65 23.73 23.83 23.91 24.00 24.07 24.14 24.22 24.29 24.36 24.43 24.49 24.56 24.61 24.67 24.73 24.78 24.83 24.88 24.92 24.97 25.10 25.32 25.56 25.79 26.03 26.25 26.46 26.66 26.87 27.06 27.25 27.43 27.61 27.77 27.94 28.09 28.25 28.39 28.53 28.67 28.80
22.25 22.24 22.25 22.25 22.25 22.23 22.23 22.22 22.21 22.20 22.19 22.17 22.16 22.15 22.13 22.12 22.12 22.10 22.09 22.07 22.07 22.06 22.12 22.24 22.35 22.48 22.59 22.71 22.82 22.93 23.04 23.14 23.25 23.35 23.45 23.54 23.64 23.73 23.82 23.90 23.98 24.07 24.14 24.22 24.29 24.36 24.43 24.49 24.55 24.62 24.67 24.72 24.78 24.83 24.87 24.93 24.97 25.04 25.22 25.45 25.69 25.92 26.15 26.37 26.57 26.77 26.98 27.16 27.34 27.52 27.70 27.86 28.02 28.17 28.33 28.47 28.60 28.74
22.26 22.26 22.26 22.27 22.26 22.25 22.25 22.24 22.22 22.21 22.21 22.19 22.18 22.17 22.15 22.14 22.12 22.11 22.11 22.09 22.08 22.07 22.11 22.22 22.34 22.46 22.58 22.69 22.81 22.92 23.03 23.13 23.24 23.34 23.45 23.54 23.64 23.73 23.81 23.90 23.98 24.07 24.14 24.21 24.29 24.36 24.42 24.49 24.55 24.61 24.67 24.72 24.78 24.83 24.88 24.92 24.97 25.02 25.13 25.35 25.59 25.82 26.05 26.27 26.48 26.69 26.88 27.08 27.26 27.44 27.61 27.79 27.95 28.10 28.25 28.39 28.54 28.67
22.28 22.28 22.28 22.29 22.28 22.27 22.27 22.26 22.24 22.23 22.22 22.21 22.20 22.19 22.17 22.16 22.14 22.13 22.11 22.11 22.10 22.09 22.11 22.21 22.34 22.45 22.58 22.69 22.81 22.91 23.03 23.13 23.24 23.34 23.45 23.54 23.63 23.73 23.81 23.90 23.98 24.06 24.14 24.21 24.29 24.36 24.42 24.50 24.56 24.61 24.68 24.73 24.78 24.84 24.88 24.93 24.97 25.02 25.08 25.25 25.49 25.72 25.95 26.17 26.39 26.60 26.80 26.99 27.18 27.36 27.54 27.70 27.86 28.03 28.18 28.32 28.46 28.61
22.30 22.30 22.31 22.31 22.30 22.29 22.29 22.27 22.26 22.25 22.23 22.23 22.22 22.20 22.19 22.17 22.16 22.15 22.13 22.13 22.11 22.10 22.11 22.21 22.33 22.45 22.57 22.68 22.80 22.91 23.02 23.13 23.23 23.34 23.43 23.54 23.63 23.73 23.81 23.89 23.98 24.06 24.14 24.22 24.29 24.36 24.43 24.49 24.56 24.62 24.67 24.73 24.79 24.83 24.89 24.93 24.98 25.03 25.07 25.17 25.38 25.62 25.85 26.08 26.29 26.51 26.71 26.90 27.09 27.28 27.46 27.63 27.79 27.95 28.11 28.26 28.40 28.53
22.33 22.33 22.33 22.32 22.32 22.32 22.31 22.29 22.29 22.28 22.26 22.25 22.24 22.22 22.21 22.19 22.18 22.17 22.15 22.15 22.13 22.12 22.12 22.21 22.32 22.45 22.56 22.68 22.79 22.91 23.02 23.13 23.23 23.34 23.44 23.54 23.63 23.72 23.81 23.90 23.99 24.06 24.14 24.22 24.29 24.36 24.43 24.50 24.56 24.62 24.68 24.74 24.79 24.84 24.89 24.94 24.99 25.03 25.08 25.13 25.29 25.51 25.76 25.98 26.20 26.41 26.62 26.82 27.01 27.19 27.38 27.55 27.72 27.88 28.03 28.19 28.33 28.47
22.36 22.36 22.36 22.35 22.35 22.34 22.33 22.32 22.31 22.30 22.28 22.27 22.25 22.24 22.23 22.21 22.20 22.18 22.17 22.17 22.15 22.13 22.14 22.22 22.33 22.45 22.57 22.69 22.80 22.92 23.02 23.12 23.24 23.33 23.44 23.53 23.63 23.72 23.81 23.90 23.98 24.07 24.15 24.22 24.30 24.37 24.43 24.50 24.56 24.62 24.69 24.74 24.80 24.85 24.90 24.94 24.99 25.04 25.08 25.13 25.21 25.41 25.65 25.89 26.11 26.32 26.53 26.74 26.93 27.11 27.29 27.48 27.64 27.81 27.96 28.11 28.26 28.41
22.39 22.39 22.38 22.38 22.38 22.37 22.35 22.35 22.34 22.32 22.31 22.30 22.27 22.26 22.24 22.23 22.22 22.21 22.20 22.18 22.17 22.16 22.16 22.21 22.33 22.45 22.57 22.68 22.80 22.91 23.03 23.13 23.24 23.34 23.45 23.54 23.63 23.73 23.82 23.91 23.99 24.07 24.15 24.22 24.30 24.37 24.44 24.51 24.57 24.63 24.69 24.75 24.80 24.86 24.91 24.95 24.99 25.05 25.09 25.12 25.18 25.33 25.55 25.78 26.01 26.23 26.44 26.64 26.84 27.03 27.22 27.39 27.56 27.73 27.89 28.04 28.19 28.33
22.43 22.43 22.42 22.41 22.41 22.39 22.38 22.37 22.35 22.34 22.33 22.31 22.30 22.29 22.27 22.26 22.24 22.23 22.21 22.20 22.20 22.18 22.18 22.22 22.34 22.45 22.58 22.69 22.81 22.92 23.03 23.14 23.24 23.35 23.44 23.55 23.64 23.74 23.82 23.91 24.00 24.07 24.15 24.23 24.30 24.38 24.45 24.51 24.58 24.64 24.69 24.76 24.81 24.86 24.92 24.96 25.01 25.05 25.10 25.14 25.17 25.25 25.45 25.68 25.91 26.14 26.35 26.55 26.75 26.94 27.14 27.31 27.49 27.65 27.81 27.97 28.12 28.26
22.47 22.46 22.45 22.45 22.44 22.42 22.42 22.41 22.38 22.37 22.36 22.34 22.33 22.31 22.30 22.29 22.27 22.26 22.24 22.23 22.21 22.21 22.20 22.24 22.34 22.46 22.58 22.70 22.81 22.93 23.03 23.15 23.25 23.36 23.45 23.55 23.65 23.74 23.83 23.92 24.00 24.08 24.16 24.24 24.31 24.38 24.46 24.52 24.58 24.65 24.70 24.76 24.82 24.87 24.92 24.96 25.02 25.06 25.10 25.15 25.18 25.23 25.36 25.59 25.82 26.04 26.25 26.47 26.67 26.86 27.05 27.23 27.41 27.58 27.74 27.89 28.05 28.20
22.51 22.50 22.49 22.49 22.47 22.46 22.45 22.43 22.42 22.40 22.38 22.37 22.36 22.34 22.33 22.31 22.30 22.28 22.27 22.25 22.24 22.23 22.22 22.25 22.35 22.48 22.59 22.71 22.82 22.93 23.05 23.15 23.26 23.36 23.46 23.56 23.66 23.75 23.83 23.93 24.01 24.09 24.17 24.24 24.32 24.39 24.46 24.53 24.59 24.65 24.72 24.77 24.82 24.88 24.93 24.98 25.02 25.07 25.11 25.15 25.20 25.24 25.30 25.49 25.72 25.95 26.16 26.37 26.57 26.78 26.97 27.15 27.32 27.50 27.67 27.82 27.98 28.12
22.54 22.54 22.53 22.51 22.51 22.50 22.47 22.46 22.45 22.43 22.42 22.40 22.38 22.37 22.35 22.34 22.33 22.31 22.30 22.28 22.27 22.25 22.25 22.26 22.37 22.48 22.60 22.72 22.84 22.94 23.06 23.16 23.27 23.37 23.47 23.57 23.66 23.76 23.85 23.93 24.02 24.10 24.18 24.26 24.33 24.40 24.47 24.53 24.60 24.66 24.72 24.78 24.83 24.88 24.94 24.99 25.03 25.08 25.13 25.16 25.20 25.25 25.29 25.41 25.62 25.84 26.07 26.28 26.49 26.69 26.89 27.07 27.25 27.42 27.58 27.75 27.91 28.05
22.59 22.58 22.56 22.55 22.54 22.53 22.51 22.50 22.48 22.46 22.45 22.43 22.41 22.39 22.38 22.37 22.35 22.34 22.32 22.31 22.30 22.28 22.28 22.28 22.38 22.50 22.61 22.73 22.84 22.96 23.06 23.18 23.28 23.39 23.48 23.57 23.67 23.76 23.86 23.94 24.02 24.11 24.19 24.27 24.34 24.41 24.48 24.55 24.61 24.68 24.73 24.79 24.85 24.90 24.95 24.99 25.05 25.09 25.13 25.18 25.22 25.25 25.29 25.36 25.53 25.75 25.97 26.19 26.40 26.60 26.79 26.99 27.17 27.34 27.51 27.67 27.83 27.99
22.63 22.62 22.61 22.60 22.58 22.56 22.55 22.54 22.51 22.50 22.48 22.46 22.45 22.43 22.41 22.39 22.38 22.36 22.35 22.34 22.32 22.32 22.30 22.31 22.40 22.52 22.63 22.75 22.86 22.98 23.08 23.18 23.29 23.39 23.50 23.59 23.69 23.78 23.86 23.96 24.04 24.12 24.20 24.27 24.35 24.42 24.49 24.56 24.62 24.68 24.75 24.80 24.85 24.91 24.96 25.01 25.05 25.10 25.14 25.18 25.23 25.27 25.30 25.35 25.45 25.66 25.88 26.09 26.30 26.52 26.71 26.90 27.08 27.27 27.44 27.60 27.76 27.91
22.67 22.66 22.65 22.64 22.62 22.60 22.58 22.57 22.55 22.54 22.51 22.50 22.48 22.46 22.45 22.43 22.42 22.40 22.39 22.37 22.36 22.34 22.34 22.33 22.42 22.53 22.65 22.76 22.88 22.98 23.10 23.20 23.31 23.41 23.50 23.61 23.70 23.79 23.88 23.96 24.05 24.13 24.21 24.29 24.36 24.44 24.50 24.56 24.64 24.69 24.75 24.81 24.87 24.92 24.96 25.02 25.07 25.11 25.16 25.20 25.24 25.27 25.32 25.35 25.41 25.56 25.78 26.00 26.22 26.42 26.62 26.82 27.00 27.18 27.35 27.52 27.69 27.84
22.72 22.71 22.70 22.68 22.66 22.64 22.62 22.61 22.58 22.57 22.55 22.53 22.51 22.50 22.48 22.47 22.44 22.43 22.41 22.40 22.39 22.38 22.37 22.37 22.43 22.55 22.67 22.78 22.89 23.01 23.11 23.22 23.32 23.43 23.52 23.61 23.71 23.80 23.90 23.98 24.06 24.15 24.22 24.30 24.37 24.44 24.52 24.58 24.64 24.71 24.77 24.82 24.88 24.93 24.98 25.03 25.08 25.12 25.17 25.21 25.25 25.29 25.33 25.36 25.41 25.49 25.68 25.90 26.13 26.33 26.53 26.73 26.92 27.10 27.28 27.44 27.60 27.76
22.77 22.75 22.74 22.72 22.71 22.68 22.67 22.64 22.62 22.61 22.58 22.57 22.55 22.53 22.52 22.50 22.48 22.46 22.45 22.44 22.42 22.42 22.40 22.41 22.46 22.58 22.69 22.81 22.91 23.02 23.13 23.23 23.34 23.44 23.54 23.63 23.73 23.82 23.90 24.00 24.08 24.15 24.24 24.31 24.38 24.46 24.52 24.60 24.66 24.71 24.77 24.84 24.89 24.94 25.00 25.04 25.09 25.14 25.18 25.22 25.26 25.31 25.34 25.38 25.41 25.47 25.60 25.81 26.03 26.25 26.45 26.64 26.83 27.01 27.20 27.37 27.53 27.69
