main/data/pressure/14.11.2023.grid
ncols 886
nrows 691
xllcenter 112.0000
yllcenter -44.5000
cellsize 0.0500
nodata_value 99999.90
[rows 525 to 559 of 691, columns 0 to 77 of 886]
15.26 15.26 15.27 15.28 15.28 15.29 15.29 15.29 15.30 15.30 15.31 15.31 15.32 15.33 15.33 15.34 15.35 15.35 15.36 15.37 15.37 15.38 15.39 15.40 15.40 15.41 15.42 15.43 15.43 15.44 15.44 15.45 15.46 15.46 15.47 15.48 15.49 15.50 15.51 15.52 15.52 15.53 15.54 15.54 15.55 15.56 15.57 15.58 15.59 15.60 15.61 15.61 15.62 15.63 15.64 15.65 15.66 15.67 15.68 15.69 15.69 15.70 15.72 15.73 15.73 15.74 15.75 15.76 15.77 15.77 15.78 15.79 15.80 15.80 15.81 15.81 15.83 15.83
15.24 15.24 15.25 15.25 15.26 15.27 15.27 15.28 15.28 15.29 15.29 15.29 15.30 15.31 15.31 15.32 15.33 15.33 15.34 15.35 15.35 15.36 15.37 15.37 15.38 15.39 15.40 15.40 15.41 15.42 15.43 15.43 15.43 15.45 15.45 15.46 15.47 15.47 15.48 15.49 15.50 15.51 15.52 15.53 15.54 15.54 15.55 15.55 15.56 15.57 15.58 15.59 15.59 15.61 15.62 15.63 15.64 15.64 15.65 15.66 15.67 15.67 15.69 15.70 15.71 15.71 15.72 15.72 15.74 15.75 15.75 15.76 15.76 15.78 15.78 15.79 15.79 15.79
15.22 15.22 15.23 15.23 15.24 15.25 15.25 15.26 15.26 15.27 15.28 15.28 15.29 15.29 15.29 15.30 15.30 15.31 15.32 15.32 15.33 15.34 15.34 15.35 15.36 15.37 15.37 15.38 15.39 15.40 15.40 15.41 15.42 15.43 15.44 15.44 15.45 15.45 15.46 15.47 15.48 15.48 15.49 15.50 15.51 15.52 15.53 15.53 15.54 15.55 15.56 15.57 15.58 15.59 15.59 15.60 15.61 15.62 15.62 15.63 15.64 15.65 15.66 15.67 15.68 15.68 15.69 15.70 15.71 15.72 15.72 15.73 15.73 15.74 15.75 15.76 15.76 15.76
15.20 15.20 15.21 15.21 15.22 15.22 15.23 15.24 15.24 15.25 15.25 15.26 15.27 15.27 15.28 15.29 15.29 15.30 15.29 15.30 15.31 15.32 15.32 15.33 15.34 15.34 15.35 15.36 15.37 15.37 15.38 15.39 15.40 15.40 15.41 15.42 15.43 15.44 15.43 15.44 15.45 15.46 15.47 15.48 15.49 15.50 15.50 15.51 15.52 15.52 15.53 15.54 15.55 15.56 15.57 15.57 15.58 15.59 15.60 15.60 15.62 15.63 15.64 15.64 15.65 15.66 15.66 15.67 15.69 15.69 15.70 15.70 15.71 15.71 15.73 15.73 15.73 15.74
15.18 15.18 15.19 15.19 15.20 15.20 15.21 15.22 15.22 15.23 15.23 15.24 15.25 15.25 15.26 15.26 15.27 15.28 15.28 15.29 15.30 15.30 15.31 15.32 15.32 15.32 15.33 15.34 15.34 15.35 15.36 15.37 15.37 15.38 15.39 15.40 15.40 15.41 15.42 15.43 15.44 15.45 15.44 15.45 15.46 15.47 15.48 15.49 15.50 15.51 15.51 15.52 15.53 15.54 15.55 15.55 15.56 15.57 15.58 15.59 15.59 15.60 15.61 15.62 15.62 15.63 15.63 15.64 15.66 15.66 15.67 15.67 15.68 15.68 15.69 15.70 15.71 15.71
15.16 15.16 15.17 15.17 15.18 15.18 15.19 15.19 15.20 15.21 15.21 15.22 15.22 15.23 15.24 15.24 15.25 15.26 15.26 15.27 15.27 15.28 15.29 15.30 15.30 15.31 15.32 15.31 15.32 15.33 15.34 15.34 15.35 15.36 15.37 15.37 15.38 15.39 15.40 15.41 15.41 15.42 15.42 15.43 15.44 15.45 15.46 15.46 15.47 15.48 15.49 15.49 15.50 15.51 15.52 15.53 15.54 15.54 15.55 15.56 15.57 15.57 15.58 15.59 15.59 15.60 15.62 15.62 15.63 15.63 15.64 15.64 15.65 15.65 15.67 15.67 15.68 15.68
15.14 15.14 15.15 15.15 15.16 15.16 15.17 15.17 15.18 15.19 15.19 15.20 15.20 15.21 15.22 15.22 15.23 15.23 15.24 15.25 15.25 15.26 15.27 15.27 15.28 15.29 15.29 15.30 15.31 15.32 15.32 15.33 15.33 15.34 15.34 15.35 15.36 15.37 15.37 15.38 15.39 15.40 15.41 15.42 15.41 15.42 15.43 15.44 15.45 15.46 15.47 15.48 15.48 15.49 15.50 15.50 15.51 15.51 15.52 15.53 15.54 15.54 15.56 15.57 15.58 15.58 15.59 15.59 15.60 15.61 15.61 15.62 15.62 15.64 15.64 15.65 15.65 15.65
15.12 15.12 15.13 15.13 15.14 15.14 15.15 15.15 15.16 15.17 15.17 15.18 15.18 15.19 15.19 15.20 15.21 15.21 15.22 15.23 15.23 15.24 15.25 15.25 15.26 15.27 15.27 15.28 15.29 15.29 15.30 15.31 15.32 15.32 15.32 15.33 15.34 15.34 15.35 15.36 15.37 15.38 15.38 15.39 15.40 15.40 15.41 15.42 15.43 15.43 15.44 15.45 15.46 15.46 15.47 15.48 15.49 15.50 15.50 15.51 15.52 15.53 15.53 15.54 15.55 15.55 15.56 15.56 15.57 15.58 15.58 15.59 15.60 15.61 15.61 15.62 15.62 15.63
15.10 15.10 15.11 15.11 15.12 15.12 15.13 15.13 15.14 15.15 15.15 15.16 15.16 15.17 15.17 15.18 15.19 15.19 15.20 15.20 15.21 15.22 15.22 15.23 15.24 15.24 15.25 15.26 15.26 15.27 15.28 15.29 15.29 15.30 15.31 15.31 15.31 15.32 15.33 15.34 15.34 15.35 15.36 15.37 15.38 15.39 15.39 15.39 15.40 15.41 15.42 15.43 15.44 15.45 15.45 15.45 15.46 15.47 15.47 15.48 15.49 15.50 15.50 15.51 15.52 15.52 15.53 15.54 15.55 15.56 15.56 15.57 15.57 15.58 15.59 15.59 15.60 15.60
15.08 15.08 15.09 15.09 15.10 15.10 15.11 15.11 15.12 15.12 15.13 15.14 15.14 15.15 15.15 15.16 15.17 15.17 15.18 15.18 15.19 15.20 15.20 15.21 15.22 15.22 15.23 15.24 15.24 15.25 15.26 15.26 15.27 15.28 15.29 15.29 15.30 15.30 15.31 15.31 15.32 15.33 15.34 15.35 15.35 15.36 15.37 15.38 15.38 15.39 15.40 15.40 15.41 15.42 15.42 15.43 15.44 15.45 15.46 15.46 15.47 15.48 15.49 15.49 15.50 15.51 15.51 15.52 15.52 15.53 15.54 15.54 15.55 15.55 15.56 15.56 15.58 15.58
15.06 15.06 15.07 15.07 15.08 15.08 15.09 15.09 15.10 15.10 15.11 15.12 15.12 15.13 15.13 15.14 15.14 15.15 15.16 15.16 15.17 15.18 15.18 15.19 15.19 15.20 15.21 15.21 15.22 15.23 15.24 15.24 15.25 15.26 15.26 15.27 15.28 15.29 15.29 15.29 15.30 15.31 15.31 15.32 15.33 15.34 15.35 15.36 15.36 15.36 15.37 15.38 15.39 15.40 15.40 15.41 15.42 15.42 15.43 15.43 15.44 15.45 15.46 15.46 15.47 15.48 15.48 15.49 15.49 15.50 15.51 15.51 15.52 15.53 15.54 15.54 15.55 15.55
15.04 15.04 15.05 15.05 15.06 15.06 15.07 15.07 15.08 15.09 15.09 15.10 15.10 15.11 15.11 15.12 15.12 15.13 15.14 15.14 15.15 15.15 15.16 15.17 15.17 15.18 15.19 15.19 15.20 15.21 15.21 15.22 15.23 15.23 15.24 15.25 15.26 15.26 15.27 15.28 15.29 15.28 15.29 15.30 15.31 15.32 15.32 15.33 15.34 15.34 15.35 15.36 15.37 15.37 15.38 15.38 15.39 15.40 15.41 15.42 15.42 15.43 15.44 15.44 15.45 15.46 15.46 15.47 15.48 15.48 15.49 15.49 15.50 15.51 15.51 15.51 15.52 15.52
15.02 15.02 15.03 15.03 15.04 15.04 15.05 15.05 15.06 15.07 15.07 15.08 15.08 15.09 15.09 15.10 15.10 15.11 15.12 15.12 15.13 15.13 15.14 15.15 15.15 15.16 15.17 15.17 15.18 15.19 15.19 15.20 15.21 15.21 15.22 15.23 15.23 15.24 15.25 15.26 15.25 15.26 15.27 15.28 15.29 15.29 15.30 15.31 15.32 15.33 15.32 15.33 15.34 15.35 15.36 15.37 15.37 15.38 15.38 15.39 15.39 15.40 15.41 15.41 15.42 15.43 15.44 15.44 15.45 15.45 15.46 15.46 15.47 15.48 15.48 15.49 15.49 15.51
15.00 15.01 15.01 15.02 15.02 15.03 15.03 15.04 15.04 15.05 15.05 15.07 15.06 15.07 15.07 15.08 15.08 15.09 15.10 15.10 15.11 15.11 15.12 15.13 15.13 15.14 15.14 15.15 15.16 15.16 15.17 15.18 15.18 15.19 15.20 15.21 15.21 15.22 15.23 15.23 15.24 15.24 15.25 15.25 15.26 15.27 15.28 15.29 15.29 15.30 15.30 15.31 15.32 15.33 15.34 15.33 15.34 15.35 15.36 15.37 15.37 15.38 15.39 15.39 15.40 15.41 15.42 15.42 15.43 15.43 15.44 15.45 15.45 15.46 15.46 15.47 15.47 15.48
14.99 14.99 14.99 15.00 15.00 15.01 15.01 15.02 15.02 15.04 15.04 15.04 15.04 15.05 15.05 15.06 15.06 15.07 15.08 15.08 15.09 15.09 15.10 15.11 15.11 15.12 15.12 15.13 15.14 15.14 15.15 15.16 15.16 15.17 15.18 15.18 15.19 15.20 15.21 15.21 15.22 15.22 15.23 15.23 15.24 15.25 15.26 15.26 15.27 15.28 15.29 15.29 15.30 15.30 15.31 15.32 15.32 15.33 15.34 15.35 15.35 15.35 15.36 15.37 15.37 15.38 15.39 15.39 15.40 15.41 15.41 15.42 15.42 15.43 15.43 15.44 15.44 15.45
15.03 14.99 14.97 14.98 14.98 14.99 14.99 15.00 15.00 15.01 15.02 15.03 15.03 15.04 15.04 15.04 15.04 15.05 15.07 15.06 15.07 15.07 15.08 15.08 15.09 15.10 15.10 15.11 15.12 15.12 15.13 15.14 15.14 15.15 15.16 15.16 15.17 15.18 15.18 15.19 15.20 15.21 15.21 15.21 15.22 15.23 15.23 15.24 15.25 15.26 15.26 15.26 15.27 15.28 15.29 15.30 15.30 15.30 15.31 15.32 15.33 15.33 15.34 15.35 15.35 15.36 15.37 15.37 15.38 15.39 15.39 15.40 15.40 15.41 15.41 15.42 15.43 15.43
15.09 15.03 14.97 14.96 14.96 14.97 14.97 14.98 14.98 14.99 14.99 15.00 15.00 15.01 15.01 15.03 15.03 15.04 15.04 15.04 15.05 15.05 15.06 15.06 15.07 15.08 15.08 15.09 15.10 15.10 15.11 15.11 15.12 15.13 15.13 15.14 15.15 15.16 15.16 15.17 15.18 15.18 15.18 15.19 15.20 15.20 15.21 15.22 15.23 15.23 15.24 15.24 15.25 15.26 15.27 15.27 15.27 15.28 15.29 15.30 15.30 15.31 15.32 15.32 15.32 15.33 15.34 15.34 15.35 15.36 15.36 15.37 15.37 15.38 15.38 15.39 15.40 15.40
15.16 15.09 15.02 14.97 14.95 14.95 14.95 14.96 14.96 14.97 14.97 14.98 14.98 14.99 14.99 15.00 15.00 15.01 15.02 15.02 15.03 15.03 15.04 15.04 15.05 15.06 15.06 15.07 15.07 15.08 15.09 15.09 15.10 15.11 15.11 15.12 15.13 15.13 15.14 15.15 15.16 15.16 15.16 15.17 15.17 15.18 15.19 15.20 15.20 15.21 15.21 15.22 15.23 15.23 15.24 15.25 15.25 15.26 15.27 15.28 15.28 15.28 15.29 15.30 15.30 15.31 15.32 15.32 15.33 15.34 15.34 15.35 15.36 15.36 15.36 15.36 15.37 15.38
15.22 15.15 15.09 15.02 14.97 14.94 14.94 14.94 14.94 14.95 14.95 14.96 14.96 14.97 14.97 14.98 14.99 14.99 15.00 15.00 15.01 15.01 15.02 15.02 15.03 15.04 15.04 15.05 15.05 15.06 15.07 15.07 15.08 15.09 15.09 15.10 15.11 15.11 15.12 15.13 15.13 15.14 15.14 15.15 15.15 15.16 15.17 15.18 15.18 15.19 15.20 15.20 15.20 15.21 15.22 15.23 15.24 15.24 15.24 15.25 15.26 15.26 15.27 15.28 15.28 15.29 15.29 15.29 15.30 15.31 15.31 15.32 15.32 15.33 15.34 15.34 15.35 15.35
15.27 15.21 15.15 15.09 15.03 14.97 14.93 14.92 14.93 14.93 14.93 14.94 14.95 14.95 14.96 14.96 14.97 14.97 14.98 14.98 14.99 14.99 15.00 15.00 15.01 15.02 15.02 15.03 15.03 15.04 15.05 15.05 15.06 15.07 15.07 15.08 15.09 15.09 15.10 15.11 15.11 15.12 15.12 15.12 15.13 15.14 15.15 15.15 15.16 15.17 15.18 15.17 15.18 15.19 15.20 15.21 15.21 15.21 15.22 15.23 15.23 15.24 15.24 15.25 15.25 15.26 15.27 15.28 15.28 15.29 15.29 15.30 15.31 15.31 15.32 15.31 15.32 15.32
15.32 15.27 15.21 15.15 15.09 15.03 14.97 14.92 14.91 14.91 14.92 14.92 14.93 14.93 14.94 14.94 14.95 14.95 14.96 14.96 14.97 14.97 14.98 14.98 14.99 15.00 15.00 15.01 15.01 15.02 15.03 15.03 15.04 15.04 15.05 15.06 15.06 15.07 15.08 15.08 15.09 15.09 15.11 15.10 15.11 15.12 15.12 15.13 15.14 15.15 15.14 15.15 15.16 15.17 15.18 15.18 15.18 15.19 15.20 15.21 15.21 15.21 15.22 15.23 15.23 15.24 15.25 15.25 15.25 15.26 15.26 15.27 15.28 15.28 15.29 15.29 15.30 15.30
15.37 15.32 15.27 15.21 15.15 15.10 15.04 14.97 14.92 14.90 14.90 14.90 14.91 14.91 14.92 14.92 14.93 14.93 14.94 14.94 14.95 14.95 14.96 14.96 14.97 14.98 14.98 14.99 14.99 15.00 15.01 15.01 15.02 15.02 15.03 15.04 15.04 15.05 15.06 15.06 15.07 15.08 15.07 15.08 15.09 15.10 15.10 15.11 15.12 15.12 15.12 15.13 15.14 15.15 15.15 15.16 15.16 15.17 15.18 15.18 15.18 15.19 15.20 15.21 15.21 15.21 15.22 15.22 15.23 15.24 15.24 15.25 15.26 15.26 15.27 15.27 15.28 15.28
15.42 15.37 15.32 15.27 15.21 15.16 15.10 15.04 14.98 14.93 14.89 14.89 14.89 14.89 14.90 14.90 14.91 14.91 14.92 14.92 14.93 14.93 14.94 14.95 14.95 14.96 14.96 14.97 14.97 14.98 14.99 14.99 15.00 15.00 15.01 15.02 15.02 15.03 15.04 15.04 15.04 15.05 15.05 15.06 15.07 15.07 15.08 15.09 15.10 15.10 15.10 15.11 15.12 15.12 15.13 15.14 15.14 15.14 15.15 15.16 15.16 15.17 15.18 15.18 15.18 15.19 15.20 15.21 15.21 15.22 15.22 15.22 15.23 15.23 15.24 15.24 15.25 15.25
15.46 15.41 15.37 15.32 15.27 15.22 15.16 15.11 15.05 14.99 14.94 14.89 14.88 14.87 14.88 14.88 14.89 14.89 14.90 14.90 14.91 14.91 14.92 14.93 14.93 14.94 14.94 14.95 14.95 14.96 14.97 14.97 14.98 14.98 14.99 15.00 15.00 15.01 15.02 15.02 15.03 15.03 15.03 15.04 15.05 15.05 15.06 15.07 15.07 15.07 15.08 15.09 15.09 15.10 15.11 15.12 15.11 15.12 15.13 15.14 15.14 15.14 15.15 15.16 15.16 15.17 15.18 15.18 15.18 15.19 15.19 15.20 15.21 15.21 15.22 15.22 15.23 15.24
15.50 15.45 15.41 15.37 15.32 15.27 15.22 15.17 15.12 15.06 15.00 14.95 14.90 14.87 14.86 14.86 14.87 14.87 14.88 14.88 14.89 14.90 14.90 14.91 14.91 14.92 14.92 14.93 14.93 14.94 14.95 14.95 14.96 14.96 14.97 14.98 14.98 14.99 14.99 14.99 15.00 15.00 15.01 15.02 15.02 15.03 15.04 15.05 15.05 15.05 15.06 15.06 15.07 15.08 15.09 15.09 15.09 15.10 15.11 15.12 15.11 15.12 15.13 15.14 15.14 15.15 15.15 15.15 15.16 15.17 15.17 15.18 15.19 15.19 15.19 15.19 15.20 15.21
15.53 15.49 15.45 15.41 15.37 15.32 15.27 15.23 15.18 15.13 15.07 15.02 14.96 14.91 14.87 14.85 14.85 14.86 14.86 14.87 14.87 14.88 14.88 14.89 14.89 14.90 14.90 14.91 14.91 14.92 14.93 14.93 14.94 14.94 14.95 14.96 14.96 14.96 14.96 14.97 14.98 14.98 14.99 15.00 15.00 15.01 15.02 15.02 15.03 15.03 15.04 15.04 15.05 15.06 15.07 15.06 15.07 15.08 15.09 15.09 15.09 15.10 15.11 15.12 15.11 15.12 15.13 15.13 15.14 15.15 15.15 15.15 15.16 15.16 15.17 15.18 15.18 15.19
15.55 15.53 15.48 15.45 15.41 15.37 15.32 15.28 15.23 15.18 15.14 15.08 15.03 14.98 14.93 14.88 14.85 14.84 14.84 14.85 14.85 14.86 14.86 14.87 14.87 14.88 14.88 14.89 14.89 14.90 14.91 14.91 14.92 14.92 14.93 14.94 14.93 14.94 14.94 14.95 14.96 14.96 14.97 14.98 14.98 14.99 15.00 15.00 15.00 15.01 15.01 15.02 15.03 15.04 15.04 15.04 15.05 15.06 15.06 15.07 15.07 15.08 15.09 15.09 15.09 15.10 15.11 15.11 15.11 15.12 15.12 15.13 15.14 15.14 15.15 15.15 15.15 15.16
15.58 15.55 15.51 15.48 15.44 15.41 15.37 15.33 15.28 15.24 15.19 15.15 15.10 15.05 15.00 14.94 14.89 14.85 14.83 14.83 14.83 14.84 14.84 14.85 14.85 14.86 14.86 14.87 14.88 14.88 14.89 14.89 14.90 14.89 14.91 14.92 14.91 14.92 14.92 14.93 14.94 14.94 14.95 14.96 14.96 14.97 14.98 14.97 14.98 14.99 14.99 15.00 15.01 15.01 15.01 15.02 15.03 15.03 15.04 15.04 15.05 15.06 15.06 15.06 15.07 15.08 15.09 15.08 15.09 15.10 15.10 15.11 15.12 15.11 15.12 15.12 15.13 15.14
15.61 15.58 15.54 15.51 15.48 15.44 15.40 15.36 15.32 15.28 15.24 15.20 15.15 15.11 15.06 15.01 14.96 14.91 14.87 14.83 14.82 14.82 14.82 14.83 14.83 14.84 14.84 14.85 14.86 14.86 14.87 14.87 14.88 14.87 14.88 14.89 14.89 14.90 14.90 14.91 14.92 14.92 14.93 14.94 14.94 14.95 14.96 14.95 14.96 14.97 14.97 14.98 14.99 14.99 14.99 15.00 15.01 15.01 15.02 15.02 15.03 15.03 15.04 15.04 15.05 15.06 15.05 15.06 15.07 15.08 15.08 15.08 15.09 15.09 15.10 15.10 15.11 15.12
15.63 15.60 15.57 15.54 15.51 15.48 15.44 15.40 15.37 15.33 15.29 15.25 15.20 15.16 15.12 15.07 15.03 14.99 14.94 14.88 14.85 14.82 14.80 14.80 14.82 14.82 14.83 14.83 14.84 14.83 14.84 14.84 14.85 14.85 14.86 14.87 14.87 14.88 14.88 14.89 14.90 14.90 14.91 14.91 14.92 14.93 14.92 14.93 14.94 14.94 14.95 14.96 14.97 14.96 14.97 14.98 14.98 14.99 14.99 15.00 15.00 15.01 15.02 15.02 15.02 15.03 15.04 15.04 15.05 15.05 15.05 15.06 15.06 15.07 15.08 15.08 15.08 15.09
15.65 15.63 15.60 15.57 15.54 15.51 15.48 15.44 15.41 15.37 15.33 15.30 15.26 15.22 15.17 15.13 15.09 15.04 15.00 14.95 14.90 14.86 14.82 14.80 14.79 14.79 14.80 14.80 14.81 14.81 14.82 14.82 14.83 14.83 14.84 14.85 14.85 14.86 14.86 14.87 14.88 14.88 14.89 14.88 14.89 14.90 14.90 14.91 14.92 14.92 14.93 14.94 14.93 14.94 14.95 14.96 14.96 14.97 14.97 14.97 14.98 14.99 14.99 15.00 15.00 15.01 15.01 15.02 15.02 15.03 15.03 15.04 15.04 15.05 15.05 15.05 15.06 15.07
15.67 15.65 15.62 15.59 15.57 15.54 15.51 15.48 15.44 15.41 15.38 15.34 15.30 15.27 15.23 15.19 15.15 15.11 15.06 15.02 14.98 14.93 14.88 14.84 14.80 14.78 14.78 14.78 14.79 14.79 14.80 14.80 14.81 14.82 14.82 14.83 14.83 14.84 14.84 14.85 14.86 14.86 14.87 14.86 14.87 14.88 14.88 14.89 14.90 14.90 14.91 14.91 14.91 14.92 14.93 14.93 14.94 14.94 14.95 14.95 14.96 14.97 14.97 14.97 14.98 14.99 14.99 14.99 15.00 15.00 15.01 15.02 15.01 15.02 15.03 15.03 15.04 15.05
15.68 15.66 15.64 15.62 15.59 15.56 15.54 15.51 15.48 15.45 15.41 15.38 15.35 15.31 15.28 15.24 15.20 15.16 15.12 15.08 15.04 15.00 14.96 14.91 14.87 14.83 14.79 14.78 14.77 14.77 14.78 14.78 14.79 14.80 14.80 14.81 14.81 14.82 14.82 14.83 14.84 14.83 14.84 14.84 14.85 14.86 14.86 14.87 14.88 14.88 14.88 14.89 14.89 14.90 14.91 14.91 14.91 14.92 14.92 14.93 14.94 14.95 14.94 14.95 14.96 14.96 14.96 14.97 14.98 14.98 14.99 14.99 14.99 15.00 15.01 15.01 15.02 15.01
15.69 15.67 15.65 15.63 15.61 15.59 15.55 15.53 15.51 15.48 15.45 15.42 15.39 15.36 15.32 15.29 15.25 15.22 15.18 15.14 15.10 15.07 15.02 14.98 14.94 14.90 14.86 14.82 14.78 14.77 14.76 14.77 14.77 14.78 14.78 14.79 14.79 14.80 14.79 14.80 14.81 14.81 14.82 14.82 14.83 14.84 14.84 14.85 14.86 14.86 14.86 14.87 14.87 14.88 14.89 14.89 14.89 14.90 14.90 14.91 14.92 14.92 14.92 14.93 14.94 14.94 14.94 14.95 14.96 14.96 14.96 14.97 14.97 14.98 14.99 14.98 14.99 15.00
15.71 15.69 15.66 15.64 15.62 15.60 15.57 15.55 15.52 15.51 15.47 15.45 15.42 15.39 15.36 15.33 15.30 15.27 15.23 15.20 15.16 15.13 15.09 15.05 15.01 14.97 14.93 14.89 14.85 14.81 14.78 14.76 14.76 14.76 14.76 14.76 14.76 14.77 14.77 14.78 14.79 14.79 14.80 14.80 14.81 14.82 14.82 14.83 14.83 14.83 14.84 14.84 14.85 14.86 14.86 14.86 14.87 14.88 14.88 14.89 14.89 14.89 14.90 14.91 14.91 14.91 14.92 14.93 14.93 14.93 14.94 14.95 14.95 14.96 14.96 14.96 14.97 14.97
