main/data/pressure/14.11.2023.grid
ncols 886
nrows 691
xllcenter 112.0000
yllcenter -44.5000
cellsize 0.0500
nodata_value 99999.90
[rows 140 to 174 of 691, columns 702 to 779 of 886]
24.37 24.33 24.30 24.28 24.26 24.26 24.26 24.26 24.27 24.28 24.28 24.29 24.32 24.33 24.34 24.36 24.37 24.38 24.40 24.41 24.42 24.43 24.42 24.43 24.44 24.44 24.43 24.43 24.43 24.41 24.41 24.39 24.38 24.36 24.34 24.31 24.28 24.25 24.22 24.18 24.14 24.09 24.04 23.99 23.94 23.88 23.82 23.76 23.71 23.64 23.58 23.52 23.46 23.40 23.35 23.30 23.25 23.20 23.16 23.13 23.10 23.07 23.04 23.02 23.01 22.99 22.98 22.96 22.95 22.93 22.93 22.92 22.91 22.90 22.88 22.86 22.85 22.84
24.38 24.34 24.30 24.27 24.25 24.24 24.23 24.24 24.24 24.24 24.26 24.27 24.28 24.30 24.32 24.33 24.35 24.36 24.37 24.39 24.39 24.40 24.41 24.41 24.42 24.41 24.42 24.42 24.41 24.40 24.40 24.38 24.37 24.35 24.34 24.31 24.29 24.26 24.22 24.19 24.15 24.11 24.07 24.02 23.97 23.92 23.87 23.81 23.75 23.69 23.64 23.59 23.54 23.48 23.43 23.38 23.34 23.29 23.25 23.22 23.19 23.16 23.13 23.11 23.09 23.07 23.05 23.03 23.02 23.01 22.99 22.98 22.96 22.95 22.93 22.92 22.91 22.88
24.38 24.33 24.29 24.26 24.24 24.22 24.22 24.21 24.22 24.22 24.23 24.24 24.26 24.27 24.29 24.30 24.31 24.33 24.34 24.35 24.37 24.38 24.39 24.39 24.39 24.40 24.40 24.39 24.39 24.39 24.38 24.37 24.36 24.35 24.32 24.31 24.28 24.26 24.23 24.20 24.17 24.13 24.08 24.05 24.00 23.95 23.90 23.86 23.81 23.75 23.70 23.65 23.60 23.55 23.51 23.46 23.42 23.38 23.34 23.30 23.27 23.23 23.21 23.18 23.16 23.14 23.12 23.11 23.09 23.08 23.05 23.04 23.02 23.01 22.99 22.97 22.95 22.93
24.39 24.33 24.27 24.24 24.22 24.20 24.19 24.19 24.19 24.19 24.21 24.21 24.23 24.24 24.25 24.28 24.29 24.31 24.32 24.33 24.34 24.35 24.36 24.37 24.38 24.37 24.38 24.38 24.37 24.37 24.37 24.36 24.35 24.33 24.32 24.30 24.29 24.26 24.24 24.21 24.17 24.15 24.11 24.07 24.02 23.99 23.94 23.89 23.84 23.80 23.76 23.71 23.66 23.61 23.57 23.53 23.48 23.44 23.41 23.37 23.34 23.31 23.29 23.26 23.24 23.22 23.20 23.17 23.15 23.13 23.12 23.10 23.08 23.06 23.04 23.02 23.01 22.98
24.38 24.32 24.27 24.23 24.19 24.18 24.17 24.16 24.16 24.17 24.17 24.18 24.20 24.21 24.23 24.24 24.26 24.27 24.29 24.30 24.31 24.33 24.33 24.34 24.35 24.36 24.36 24.36 24.36 24.36 24.35 24.35 24.33 24.33 24.31 24.30 24.28 24.26 24.24 24.21 24.19 24.15 24.12 24.09 24.05 24.01 23.98 23.93 23.89 23.84 23.80 23.75 23.71 23.68 23.63 23.59 23.55 23.52 23.48 23.45 23.42 23.39 23.36 23.34 23.30 23.28 23.26 23.24 23.22 23.20 23.18 23.15 23.13 23.12 23.10 23.08 23.05 23.03
24.37 24.30 24.25 24.21 24.18 24.15 24.14 24.13 24.13 24.13 24.14 24.16 24.17 24.18 24.19 24.21 24.22 24.24 24.26 24.27 24.28 24.30 24.31 24.32 24.33 24.33 24.34 24.34 24.34 24.34 24.34 24.33 24.33 24.31 24.31 24.29 24.28 24.26 24.24 24.22 24.19 24.17 24.13 24.10 24.07 24.04 24.00 23.96 23.92 23.89 23.85 23.81 23.76 23.72 23.68 23.65 23.61 23.57 23.54 23.51 23.48 23.45 23.42 23.39 23.37 23.35 23.32 23.30 23.27 23.25 23.23 23.21 23.19 23.17 23.14 23.12 23.10 23.08
24.37 24.30 24.23 24.18 24.15 24.12 24.11 24.11 24.10 24.10 24.11 24.12 24.13 24.15 24.17 24.19 24.20 24.22 24.23 24.25 24.26 24.27 24.28 24.29 24.30 24.31 24.31 24.32 24.32 24.31 24.32 24.32 24.31 24.30 24.29 24.28 24.27 24.25 24.24 24.21 24.20 24.17 24.14 24.12 24.09 24.05 24.03 23.99 23.95 23.92 23.88 23.84 23.80 23.77 23.74 23.70 23.67 23.63 23.60 23.57 23.54 23.51 23.48 23.46 23.42 23.40 23.38 23.35 23.33 23.31 23.29 23.26 23.24 23.22 23.20 23.17 23.14 23.12
24.35 24.27 24.21 24.15 24.12 24.10 24.07 24.07 24.06 24.07 24.08 24.09 24.10 24.12 24.13 24.15 24.17 24.18 24.20 24.21 24.23 24.24 24.25 24.26 24.27 24.28 24.29 24.29 24.30 24.30 24.29 24.30 24.30 24.29 24.28 24.27 24.26 24.25 24.23 24.22 24.19 24.18 24.15 24.12 24.09 24.07 24.04 24.01 23.98 23.95 23.92 23.88 23.85 23.81 23.78 23.74 23.71 23.68 23.65 23.62 23.59 23.56 23.53 23.51 23.48 23.46 23.43 23.40 23.38 23.35 23.33 23.31 23.29 23.26 23.24 23.22 23.19 23.16
24.32 24.24 24.18 24.12 24.08 24.06 24.04 24.03 24.03 24.04 24.04 24.05 24.07 24.08 24.10 24.12 24.13 24.15 24.17 24.18 24.20 24.21 24.23 24.24 24.24 24.25 24.26 24.27 24.27 24.28 24.28 24.27 24.28 24.27 24.27 24.25 24.25 24.23 24.23 24.21 24.20 24.18 24.15 24.13 24.11 24.08 24.05 24.02 24.00 23.97 23.94 23.91 23.87 23.84 23.82 23.79 23.76 23.73 23.70 23.67 23.64 23.61 23.59 23.55 23.52 23.50 23.48 23.45 23.43 23.41 23.38 23.35 23.33 23.31 23.29 23.26 23.23 23.21
24.28 24.20 24.14 24.09 24.05 24.02 24.00 24.00 23.99 24.00 24.01 24.01 24.04 24.05 24.06 24.08 24.10 24.11 24.13 24.15 24.16 24.18 24.20 24.21 24.22 24.22 24.24 24.24 24.24 24.25 24.26 24.25 24.25 24.26 24.25 24.25 24.23 24.23 24.21 24.20 24.19 24.17 24.15 24.14 24.11 24.09 24.07 24.04 24.02 23.99 23.96 23.94 23.91 23.88 23.85 23.82 23.79 23.76 23.73 23.70 23.68 23.65 23.62 23.60 23.57 23.55 23.52 23.49 23.47 23.45 23.42 23.40 23.38 23.35 23.33 23.30 23.27 23.25
24.23 24.15 24.09 24.05 24.00 23.98 23.96 23.96 23.95 23.96 23.97 23.98 24.00 24.01 24.03 24.05 24.06 24.08 24.10 24.12 24.13 24.15 24.16 24.18 24.19 24.20 24.21 24.22 24.23 24.22 24.23 24.24 24.23 24.24 24.23 24.23 24.22 24.21 24.20 24.20 24.18 24.16 24.15 24.13 24.11 24.10 24.07 24.05 24.02 24.01 23.98 23.95 23.93 23.90 23.87 23.84 23.82 23.79 23.76 23.74 23.71 23.68 23.66 23.63 23.61 23.58 23.56 23.54 23.51 23.48 23.46 23.44 23.42 23.39 23.36 23.34 23.32 23.30
24.17 24.10 24.04 23.99 23.96 23.94 23.92 23.92 23.91 23.92 23.93 23.94 23.96 23.98 23.99 24.01 24.03 24.05 24.06 24.08 24.10 24.12 24.13 24.15 24.16 24.16 24.18 24.19 24.20 24.20 24.21 24.21 24.21 24.21 24.21 24.21 24.20 24.20 24.19 24.18 24.17 24.16 24.14 24.13 24.12 24.10 24.08 24.05 24.04 24.02 23.99 23.97 23.94 23.92 23.89 23.87 23.85 23.82 23.80 23.77 23.75 23.72 23.70 23.67 23.64 23.62 23.59 23.57 23.55 23.53 23.50 23.47 23.45 23.43 23.41 23.39 23.36 23.33
24.10 24.03 23.98 23.93 23.90 23.89 23.87 23.87 23.87 23.88 23.89 23.90 23.92 23.94 23.96 23.98 23.99 24.01 24.03 24.05 24.07 24.08 24.10 24.12 24.13 24.14 24.15 24.16 24.17 24.17 24.18 24.19 24.18 24.19 24.19 24.19 24.19 24.18 24.18 24.17 24.15 24.15 24.13 24.12 24.11 24.09 24.07 24.06 24.04 24.02 24.00 23.98 23.95 23.94 23.91 23.89 23.87 23.84 23.82 23.79 23.77 23.75 23.72 23.70 23.68 23.65 23.62 23.60 23.58 23.56 23.53 23.51 23.49 23.46 23.44 23.42 23.40 23.37
24.01 23.95 23.90 23.87 23.85 23.83 23.82 23.82 23.83 23.83 23.85 23.87 23.88 23.90 23.92 23.94 23.96 23.98 24.00 24.02 24.03 24.05 24.07 24.08 24.10 24.11 24.12 24.13 24.14 24.14 24.15 24.16 24.17 24.16 24.17 24.16 24.17 24.16 24.16 24.15 24.14 24.14 24.12 24.12 24.10 24.09 24.08 24.06 24.04 24.02 24.00 23.99 23.97 23.95 23.93 23.90 23.88 23.86 23.84 23.81 23.79 23.77 23.75 23.72 23.70 23.68 23.66 23.64 23.61 23.58 23.56 23.54 23.52 23.50 23.47 23.45 23.43 23.41
23.91 23.87 23.83 23.80 23.78 23.77 23.77 23.77 23.78 23.80 23.81 23.83 23.85 23.86 23.88 23.90 23.93 23.95 23.97 23.98 24.00 24.02 24.04 24.05 24.07 24.07 24.09 24.10 24.11 24.11 24.12 24.13 24.13 24.14 24.14 24.14 24.14 24.14 24.14 24.13 24.13 24.12 24.11 24.11 24.09 24.08 24.07 24.05 24.04 24.02 24.01 23.99 23.97 23.95 23.93 23.91 23.89 23.87 23.85 23.83 23.81 23.78 23.76 23.74 23.72 23.70 23.68 23.66 23.64 23.62 23.59 23.57 23.55 23.53 23.51 23.48 23.46 23.44
23.81 23.78 23.74 23.73 23.72 23.71 23.72 23.73 23.74 23.75 23.77 23.79 23.80 23.83 23.85 23.87 23.89 23.91 23.94 23.95 23.97 23.99 24.00 24.01 24.03 24.04 24.06 24.07 24.08 24.08 24.09 24.10 24.10 24.11 24.12 24.12 24.12 24.12 24.12 24.11 24.11 24.10 24.09 24.09 24.08 24.08 24.06 24.05 24.03 24.02 24.01 23.99 23.97 23.95 23.94 23.92 23.90 23.89 23.87 23.85 23.83 23.80 23.79 23.76 23.74 23.72 23.70 23.68 23.66 23.64 23.62 23.59 23.57 23.55 23.54 23.52 23.49 23.47
23.69 23.67 23.66 23.66 23.65 23.66 23.66 23.68 23.69 23.72 23.73 23.76 23.78 23.79 23.82 23.84 23.86 23.88 23.90 23.91 23.93 23.95 23.97 23.98 24.00 24.01 24.03 24.04 24.04 24.05 24.07 24.08 24.08 24.08 24.09 24.09 24.10 24.09 24.10 24.09 24.09 24.08 24.07 24.07 24.06 24.05 24.05 24.04 24.02 24.02 24.00 23.99 23.97 23.95 23.94 23.92 23.91 23.89 23.87 23.86 23.84 23.82 23.80 23.78 23.76 23.73 23.72 23.70 23.68 23.66 23.64 23.62 23.60 23.58 23.56 23.54 23.53 23.50
23.58 23.57 23.57 23.58 23.58 23.60 23.62 23.63 23.66 23.68 23.70 23.72 23.74 23.77 23.79 23.81 23.83 23.85 23.87 23.89 23.90 23.92 23.94 23.95 23.97 23.98 24.00 24.00 24.01 24.02 24.04 24.04 24.05 24.06 24.06 24.06 24.07 24.07 24.07 24.07 24.06 24.06 24.06 24.06 24.05 24.05 24.04 24.02 24.01 24.01 23.99 23.98 23.97 23.95 23.94 23.93 23.91 23.90 23.88 23.86 23.84 23.83 23.81 23.79 23.77 23.76 23.74 23.71 23.69 23.68 23.66 23.64 23.63 23.60 23.58 23.57 23.55 23.54
23.46 23.47 23.48 23.50 23.53 23.55 23.57 23.60 23.62 23.64 23.67 23.69 23.72 23.74 23.76 23.79 23.80 23.82 23.84 23.85 23.87 23.88 23.90 23.91 23.93 23.94 23.96 23.97 23.98 23.99 24.00 24.01 24.02 24.02 24.03 24.04 24.03 24.04 24.04 24.04 24.04 24.04 24.03 24.04 24.03 24.02 24.02 24.01 24.00 24.00 23.98 23.97 23.96 23.94 23.93 23.92 23.91 23.89 23.88 23.86 23.85 23.83 23.82 23.80 23.78 23.77 23.75 23.73 23.71 23.69 23.68 23.66 23.64 23.62 23.60 23.59 23.58 23.56
23.33 23.37 23.40 23.43 23.47 23.50 23.54 23.57 23.60 23.63 23.65 23.68 23.70 23.72 23.75 23.76 23.78 23.79 23.82 23.83 23.85 23.86 23.88 23.89 23.90 23.92 23.93 23.94 23.94 23.95 23.97 23.98 23.99 23.99 24.00 24.01 24.01 24.01 24.01 24.02 24.01 24.02 24.01 24.02 24.01 24.00 24.00 23.99 23.98 23.98 23.97 23.96 23.95 23.93 23.93 23.92 23.91 23.89 23.88 23.86 23.85 23.83 23.82 23.80 23.79 23.77 23.76 23.73 23.72 23.70 23.69 23.68 23.66 23.65 23.62 23.61 23.60 23.58
23.22 23.28 23.32 23.38 23.43 23.47 23.51 23.55 23.58 23.62 23.64 23.67 23.69 23.71 23.73 23.75 23.76 23.78 23.80 23.81 23.82 23.83 23.84 23.86 23.87 23.88 23.89 23.90 23.91 23.93 23.94 23.94 23.95 23.96 23.96 23.97 23.98 23.98 23.98 23.99 23.99 23.99 23.99 23.98 23.99 23.98 23.97 23.97 23.97 23.96 23.96 23.95 23.94 23.92 23.91 23.91 23.90 23.89 23.87 23.86 23.85 23.83 23.82 23.81 23.79 23.78 23.76 23.75 23.74 23.71 23.70 23.69 23.67 23.66 23.64 23.63 23.61 23.60
23.11 23.19 23.27 23.34 23.39 23.45 23.50 23.54 23.58 23.62 23.64 23.67 23.69 23.71 23.73 23.74 23.76 23.77 23.78 23.79 23.80 23.82 23.83 23.84 23.85 23.86 23.87 23.88 23.88 23.89 23.90 23.91 23.92 23.92 23.93 23.94 23.95 23.95 23.95 23.95 23.96 23.96 23.96 23.96 23.96 23.96 23.95 23.95 23.95 23.94 23.94 23.93 23.92 23.91 23.90 23.89 23.89 23.88 23.87 23.85 23.84 23.83 23.82 23.81 23.79 23.78 23.77 23.76 23.74 23.72 23.71 23.70 23.69 23.67 23.66 23.64 23.63 23.62
23.03 23.13 23.22 23.30 23.38 23.45 23.51 23.55 23.60 23.63 23.66 23.69 23.71 23.73 23.74 23.75 23.76 23.77 23.77 23.78 23.79 23.80 23.81 23.81 23.82 23.83 23.83 23.84 23.85 23.86 23.87 23.87 23.88 23.89 23.90 23.90 23.91 23.92 23.92 23.92 23.92 23.93 23.93 23.93 23.93 23.93 23.93 23.92 23.93 23.92 23.91 23.91 23.90 23.90 23.89 23.88 23.88 23.87 23.86 23.85 23.84 23.83 23.81 23.80 23.79 23.78 23.77 23.76 23.74 23.73 23.72 23.71 23.70 23.68 23.66 23.65 23.65 23.64
22.96 23.09 23.21 23.31 23.39 23.47 23.53 23.59 23.63 23.67 23.70 23.72 23.74 23.75 23.76 23.77 23.78 23.78 23.78 23.79 23.79 23.79 23.79 23.79 23.80 23.80 23.80 23.81 23.82 23.82 23.83 23.84 23.85 23.85 23.86 23.87 23.88 23.88 23.89 23.89 23.89 23.90 23.90 23.91 23.90 23.90 23.90 23.90 23.89 23.90 23.89 23.88 23.89 23.88 23.87 23.86 23.85 23.85 23.85 23.84 23.83 23.82 23.81 23.80 23.79 23.78 23.77 23.75 23.74 23.73 23.72 23.71 23.70 23.69 23.67 23.67 23.66 23.65
22.92 23.08 23.22 23.34 23.44 23.52 23.59 23.65 23.69 23.73 23.75 23.78 23.79 23.80 23.80 23.80 23.80 23.80 23.79 23.80 23.79 23.79 23.78 23.78 23.78 23.79 23.79 23.79 23.80 23.79 23.80 23.80 23.81 23.82 23.83 23.83 23.84 23.85 23.84 23.85 23.86 23.86 23.87 23.87 23.87 23.87 23.88 23.87 23.87 23.87 23.87 23.86 23.86 23.86 23.85 23.85 23.84 23.83 23.82 23.82 23.82 23.80 23.80 23.79 23.78 23.76 23.76 23.75 23.74 23.73 23.72 23.71 23.71 23.70 23.68 23.67 23.67 23.66
22.91 23.08 23.25 23.39 23.51 23.61 23.68 23.74 23.78 23.82 23.84 23.86 23.86 23.87 23.86 23.86 23.84 23.84 23.82 23.81 23.81 23.79 23.78 23.77 23.77 23.77 23.77 23.77 23.77 23.77 23.77 23.78 23.77 23.78 23.79 23.80 23.80 23.80 23.81 23.82 23.82 23.83 23.83 23.84 23.84 23.84 23.84 23.84 23.84 23.84 23.85 23.84 23.84 23.83 23.83 23.83 23.82 23.82 23.81 23.80 23.79 23.79 23.78 23.77 23.77 23.76 23.75 23.74 23.74 23.73 23.72 23.72 23.71 23.69 23.69 23.68 23.67 23.67
22.91 23.09 23.28 23.46 23.61 23.72 23.81 23.87 23.91 23.95 23.95 23.97 23.97 23.95 23.94 23.92 23.91 23.88 23.87 23.85 23.83 23.81 23.79 23.78 23.77 23.76 23.75 23.75 23.74 23.74 23.74 23.74 23.75 23.74 23.75 23.76 23.76 23.76 23.77 23.78 23.79 23.79 23.80 23.80 23.81 23.80 23.81 23.81 23.82 23.81 23.81 23.82 23.81 23.81 23.80 23.80 23.80 23.80 23.79 23.79 23.78 23.77 23.77 23.76 23.76 23.75 23.74 23.74 23.73 23.73 23.72 23.71 23.70 23.69 23.69 23.68 23.68 23.68
22.92 23.10 23.30 23.49 23.69 23.85 23.96 24.03 24.08 24.10 24.11 24.10 24.09 24.08 24.05 24.02 24.00 23.96 23.93 23.90 23.87 23.84 23.82 23.79 23.77 23.76 23.74 23.73 23.72 23.72 23.71 23.71 23.71 23.72 23.71 23.72 23.72 23.73 23.74 23.74 23.75 23.76 23.76 23.76 23.76 23.77 23.77 23.78 23.78 23.78 23.78 23.78 23.78 23.78 23.78 23.78 23.77 23.77 23.77 23.77 23.76 23.76 23.75 23.75 23.74 23.74 23.73 23.73 23.73 23.72 23.71 23.70 23.70 23.69 23.69 23.69 23.68 23.67
22.93 23.12 23.33 23.52 23.71 23.90 24.08 24.20 24.27 24.29 24.30 24.29 24.26 24.23 24.19 24.15 24.10 24.06 24.01 23.97 23.92 23.88 23.85 23.81 23.78 23.76 23.74 23.72 23.71 23.70 23.69 23.68 23.68 23.68 23.68 23.68 23.68 23.69 23.70 23.70 23.70 23.71 23.71 23.72 23.73 23.73 23.74 23.74 23.75 23.75 23.74 23.75 23.75 23.75 23.75 23.75 23.75 23.75 23.74 23.74 23.74 23.73 23.74 23.74 23.73 23.72 23.71 23.71 23.71 23.70 23.70 23.70 23.69 23.69 23.69 23.68 23.67 23.67
22.95 23.15 23.35 23.54 23.73 23.92 24.10 24.28 24.42 24.50 24.52 24.50 24.46 24.41 24.36 24.30 24.24 24.18 24.12 24.05 24.00 23.94 23.89 23.85 23.81 23.77 23.74 23.72 23.70 23.68 23.67 23.66 23.65 23.65 23.65 23.65 23.64 23.65 23.65 23.66 23.67 23.67 23.68 23.69 23.69 23.70 23.70 23.71 23.71 23.71 23.71 23.71 23.71 23.72 23.72 23.72 23.72 23.72 23.72 23.72 23.72 23.71 23.71 23.71 23.71 23.70 23.70 23.70 23.70 23.69 23.69 23.69 23.69 23.69 23.68 23.67 23.67 23.67
22.97 23.16 23.36 23.56 23.74 23.93 24.10 24.27 24.43 24.58 24.69 24.72 24.69 24.64 24.55 24.48 24.40 24.33 24.24 24.17 24.09 24.02 23.95 23.89 23.85 23.80 23.75 23.71 23.69 23.67 23.65 23.63 23.62 23.61 23.61 23.61 23.61 23.60 23.61 23.62 23.62 23.62 23.63 23.64 23.64 23.65 23.65 23.66 23.66 23.67 23.67 23.68 23.68 23.68 23.68 23.69 23.69 23.69 23.69 23.69 23.70 23.69 23.69 23.69 23.69 23.69 23.69 23.68 23.68 23.68 23.68 23.67 23.67 23.67 23.67 23.67 23.67 23.67
22.98 23.18 23.37 23.56 23.74 23.92 24.09 24.26 24.41 24.56 24.71 24.82 24.90 24.87 24.79 24.69 24.59 24.49 24.39 24.29 24.20 24.11 24.03 23.96 23.88 23.82 23.77 23.73 23.69 23.65 23.62 23.61 23.59 23.58 23.57 23.57 23.57 23.57 23.56 23.57 23.58 23.59 23.58 23.59 23.60 23.61 23.62 23.62 23.63 23.63 23.64 23.64 23.64 23.65 23.65 23.65 23.65 23.66 23.66 23.66 23.66 23.66 23.66 23.66 23.66 23.66 23.66 23.66 23.66 23.66 23.66 23.66 23.66 23.66 23.66 23.66 23.65 23.66
22.98 23.18 23.37 23.55 23.73 23.90 24.07 24.23 24.39 24.53 24.66 24.80 24.91 24.99 25.00 24.92 24.81 24.69 24.57 24.44 24.33 24.22 24.12 24.02 23.95 23.87 23.80 23.75 23.69 23.65 23.61 23.58 23.56 23.55 23.54 23.53 23.53 23.53 23.52 23.52 23.53 23.54 23.55 23.55 23.56 23.57 23.57 23.58 23.58 23.59 23.60 23.60 23.61 23.61 23.61 23.62 23.62 23.63 23.63 23.63 23.64 23.64 23.64 23.64 23.64 23.64 23.64 23.64 23.64 23.64 23.65 23.65 23.65 23.64 23.64 23.64 23.65 23.65
22.99 23.17 23.35 23.53 23.71 23.88 24.04 24.20 24.34 24.48 24.61 24.73 24.84 24.96 25.04 25.08 25.02 24.91 24.77 24.61 24.48 24.35 24.22 24.12 24.01 23.91 23.84 23.76 23.70 23.65 23.61 23.57 23.54 23.52 23.50 23.49 23.48 23.47 23.47 23.48 23.48 23.49 23.50 23.50 23.51 23.52 23.52 23.53 23.53 23.55 23.55 23.56 23.56 23.57 23.58 23.58 23.58 23.59 23.60 23.60 23.60 23.60 23.60 23.61 23.61 23.61 23.61 23.61 23.62 23.62 23.62 23.62 23.62 23.63 23.63 23.63 23.64 23.64
22.96 23.15 23.34 23.51 23.68 23.84 24.00 24.15 24.30 24.42 24.56 24.67 24.78 24.88 24.97 25.05 25.10 25.09 24.97 24.82 24.65 24.50 24.34 24.22 24.09 23.98 23.88 23.80 23.72 23.65 23.60 23.56 23.52 23.49 23.47 23.45 23.44 23.43 23.43 23.43 23.43 23.44 23.44 23.44 23.45 23.46 23.47 23.48 23.49 23.50 23.51 23.51 23.52 23.53 23.53 23.54 23.55 23.55 23.56 23.56 23.56 23.58 23.58 23.58 23.58 23.59 23.59 23.59 23.60 23.60 23.60 23.61 23.61 23.61 23.61 23.61 23.62 23.62
