main/data/pressure/15.07.2023.grid
ncols 886
nrows 691
xllcenter 112.0000
yllcenter -44.5000
cellsize 0.0500
nodata_value 99999.90
[rows 0 to 35 of 691, columns 320 to 399 of 886]
26.73 26.76 26.78 26.81 26.83 26.86 26.88 26.91 26.92 26.95 26.97 27.00 27.02 27.04 27.06 27.08 27.10 27.12 27.15 27.17 27.18 27.20 27.22 27.24 27.26 27.27 27.29 27.30 27.33 27.34 27.35 27.36 27.38 27.39 27.41 27.42 27.42 27.43 27.44 27.45 27.45 27.45 27.46 27.46 27.47 27.47 27.47 27.47 27.46 27.46 27.46 27.45 27.45 27.44 27.44 27.43 27.42 27.41 27.40 27.39 27.38 27.37 27.36 27.35 27.34 27.33 27.32 27.30 27.29 27.28 27.27 27.26 27.25 27.23 27.22 27.22 27.21 27.20 27.20 27.19
26.66 26.69 26.71 26.74 26.76 26.79 26.82 26.84 26.87 26.89 26.91 26.93 26.95 26.97 27.00 27.02 27.04 27.06 27.08 27.10 27.12 27.14 27.16 27.18 27.20 27.22 27.23 27.24 27.27 27.28 27.29 27.30 27.32 27.34 27.35 27.36 27.36 27.37 27.38 27.39 27.39 27.40 27.40 27.40 27.40 27.40 27.41 27.41 27.41 27.39 27.39 27.39 27.38 27.38 27.37 27.36 27.36 27.36 27.35 27.34 27.33 27.31 27.30 27.29 27.28 27.26 27.25 27.24 27.23 27.21 27.20 27.19 27.18 27.18 27.17 27.15 27.15 27.14 27.14 27.13
26.59 26.62 26.64 26.67 26.70 26.72 26.75 26.77 26.80 26.82 26.85 26.86 26.89 26.91 26.94 26.96 26.98 26.99 27.01 27.04 27.06 27.08 27.10 27.12 27.13 27.16 27.17 27.19 27.20 27.22 27.23 27.24 27.26 27.27 27.28 27.29 27.30 27.31 27.32 27.32 27.33 27.33 27.34 27.33 27.34 27.34 27.34 27.33 27.33 27.33 27.33 27.32 27.32 27.31 27.31 27.30 27.30 27.29 27.28 27.27 27.26 27.24 27.23 27.23 27.21 27.20 27.19 27.17 27.16 27.15 27.13 27.13 27.12 27.11 27.10 27.09 27.08 27.08 27.08 27.08
26.52 26.55 26.57 26.60 26.62 26.65 26.68 26.71 26.73 26.76 26.78 26.80 26.83 26.85 26.87 26.89 26.91 26.94 26.96 26.97 26.99 27.02 27.03 27.05 27.08 27.09 27.11 27.13 27.14 27.16 27.17 27.18 27.20 27.21 27.22 27.23 27.24 27.24 27.25 27.26 27.26 27.27 27.26 27.27 27.27 27.27 27.27 27.27 27.27 27.27 27.26 27.26 27.25 27.25 27.24 27.23 27.22 27.22 27.21 27.20 27.19 27.18 27.17 27.15 27.14 27.13 27.12 27.11 27.09 27.08 27.08 27.06 27.05 27.05 27.04 27.03 27.02 27.02 27.02 27.02
26.45 26.47 26.50 26.54 26.55 26.58 26.61 26.64 26.66 26.69 26.71 26.74 26.76 26.78 26.80 26.82 26.84 26.87 26.89 26.91 26.93 26.95 26.97 26.99 27.01 27.03 27.04 27.07 27.08 27.09 27.11 27.12 27.14 27.15 27.15 27.16 27.18 27.18 27.19 27.19 27.20 27.19 27.20 27.20 27.20 27.20 27.19 27.20 27.19 27.19 27.19 27.19 27.18 27.17 27.16 27.16 27.15 27.14 27.14 27.13 27.11 27.11 27.10 27.08 27.08 27.06 27.05 27.04 27.03 27.01 27.01 26.99 26.99 26.98 26.97 26.97 26.97 26.97 26.97 26.97
26.38 26.40 26.43 26.46 26.49 26.51 26.54 26.57 26.60 26.62 26.64 26.66 26.69 26.71 26.73 26.75 26.77 26.80 26.82 26.84 26.87 26.88 26.91 26.92 26.95 26.96 26.99 27.00 27.02 27.03 27.05 27.06 27.06 27.08 27.09 27.09 27.11 27.11 27.12 27.12 27.12 27.13 27.12 27.12 27.12 27.12 27.12 27.12 27.12 27.11 27.10 27.11 27.10 27.10 27.09 27.09 27.08 27.07 27.06 27.06 27.04 27.04 27.02 27.02 27.00 26.99 26.98 26.97 26.96 26.95 26.94 26.93 26.92 26.91 26.91 26.91 26.91 26.90 26.90 26.91
26.30 26.33 26.36 26.39 26.42 26.45 26.46 26.49 26.52 26.54 26.57 26.59 26.61 26.65 26.67 26.69 26.71 26.74 26.76 26.77 26.80 26.82 26.84 26.86 26.88 26.89 26.92 26.94 26.95 26.97 26.98 26.99 27.00 27.01 27.02 27.02 27.04 27.04 27.04 27.04 27.04 27.05 27.05 27.04 27.04 27.04 27.04 27.04 27.04 27.03 27.03 27.02 27.02 27.01 27.01 27.00 27.00 26.99 26.98 26.97 26.97 26.96 26.95 26.94 26.93 26.92 26.91 26.89 26.89 26.88 26.86 26.86 26.85 26.85 26.85 26.84 26.84 26.85 26.85 26.86
26.23 26.26 26.29 26.32 26.35 26.37 26.40 26.42 26.45 26.48 26.50 26.52 26.55 26.57 26.60 26.62 26.64 26.67 26.69 26.71 26.73 26.75 26.77 26.79 26.81 26.83 26.85 26.87 26.89 26.89 26.91 26.92 26.93 26.94 26.95 26.95 26.96 26.96 26.96 26.96 26.96 26.96 26.96 26.96 26.95 26.96 26.95 26.95 26.94 26.94 26.93 26.94 26.93 26.92 26.92 26.92 26.92 26.90 26.90 26.89 26.89 26.88 26.87 26.86 26.86 26.85 26.83 26.82 26.81 26.81 26.80 26.79 26.79 26.78 26.78 26.78 26.78 26.79 26.79 26.81
26.16 26.18 26.22 26.24 26.27 26.30 26.33 26.34 26.38 26.41 26.42 26.46 26.48 26.50 26.52 26.55 26.57 26.59 26.62 26.64 26.66 26.68 26.71 26.73 26.74 26.76 26.77 26.79 26.81 26.83 26.84 26.85 26.86 26.86 26.88 26.87 26.88 26.88 26.88 26.89 26.88 26.88 26.88 26.87 26.87 26.86 26.86 26.86 26.86 26.84 26.85 26.84 26.83 26.83 26.83 26.83 26.83 26.82 26.82 26.81 26.80 26.79 26.79 26.79 26.78 26.77 26.76 26.75 26.74 26.73 26.72 26.72 26.71 26.72 26.71 26.72 26.71 26.72 26.74 26.75
26.08 26.11 26.14 26.17 26.20 26.22 26.25 26.28 26.30 26.33 26.35 26.38 26.40 26.43 26.45 26.48 26.51 26.52 26.54 26.57 26.60 26.61 26.64 26.65 26.67 26.69 26.70 26.72 26.74 26.75 26.76 26.77 26.78 26.79 26.79 26.80 26.79 26.80 26.79 26.80 26.79 26.79 26.78 26.78 26.77 26.77 26.76 26.75 26.75 26.75 26.74 26.74 26.74 26.74 26.74 26.73 26.73 26.73 26.72 26.73 26.72 26.72 26.71 26.70 26.70 26.69 26.67 26.67 26.66 26.66 26.65 26.65 26.64 26.65 26.64 26.65 26.66 26.67 26.68 26.70
26.00 26.03 26.06 26.09 26.12 26.15 26.17 26.20 26.22 26.25 26.28 26.30 26.33 26.36 26.38 26.41 26.43 26.45 26.47 26.49 26.52 26.54 26.56 26.58 26.60 26.62 26.63 26.65 26.66 26.68 26.69 26.70 26.70 26.71 26.71 26.71 26.71 26.71 26.70 26.70 26.69 26.69 26.68 26.67 26.67 26.66 26.65 26.64 26.64 26.64 26.64 26.63 26.63 26.63 26.63 26.63 26.63 26.63 26.63 26.63 26.63 26.62 26.62 26.62 26.60 26.60 26.60 26.59 26.59 26.58 26.58 26.57 26.57 26.58 26.58 26.59 26.59 26.61 26.63 26.65
25.92 25.95 25.98 26.01 26.04 26.07 26.10 26.12 26.15 26.17 26.21 26.23 26.26 26.28 26.31 26.33 26.35 26.38 26.40 26.42 26.45 26.46 26.49 26.51 26.53 26.54 26.56 26.57 26.59 26.60 26.61 26.62 26.62 26.62 26.62 26.62 26.62 26.61 26.61 26.61 26.59 26.58 26.57 26.56 26.56 26.54 26.54 26.53 26.53 26.52 26.52 26.52 26.52 26.52 26.53 26.52 26.52 26.53 26.53 26.53 26.53 26.53 26.53 26.52 26.52 26.52 26.51 26.51 26.51 26.50 26.50 26.50 26.50 26.50 26.51 26.52 26.53 26.55 26.56 26.59
25.84 25.87 25.90 25.93 25.96 25.99 26.02 26.05 26.08 26.10 26.13 26.15 26.18 26.20 26.23 26.25 26.28 26.30 26.33 26.35 26.37 26.40 26.42 26.43 26.45 26.47 26.48 26.50 26.51 26.52 26.53 26.53 26.54 26.54 26.54 26.54 26.52 26.52 26.51 26.49 26.49 26.47 26.46 26.45 26.44 26.43 26.42 26.41 26.41 26.41 26.40 26.40 26.40 26.40 26.41 26.41 26.41 26.42 26.42 26.43 26.43 26.43 26.43 26.43 26.44 26.43 26.43 26.42 26.42 26.43 26.42 26.42 26.42 26.43 26.44 26.45 26.46 26.48 26.51 26.53
25.76 25.79 25.82 25.85 25.88 25.91 25.94 25.97 26.00 26.03 26.05 26.08 26.10 26.12 26.15 26.17 26.20 26.22 26.25 26.27 26.29 26.32 26.34 26.36 26.38 26.39 26.40 26.41 26.42 26.44 26.45 26.45 26.45 26.45 26.44 26.44 26.43 26.42 26.40 26.39 26.38 26.36 26.34 26.33 26.31 26.31 26.30 26.29 26.29 26.28 26.28 26.28 26.28 26.28 26.29 26.30 26.30 26.31 26.31 26.32 26.32 26.33 26.33 26.34 26.34 26.34 26.34 26.34 26.33 26.34 26.34 26.35 26.35 26.36 26.36 26.38 26.40 26.42 26.44 26.45
25.68 25.71 25.74 25.77 25.80 25.83 25.86 25.89 25.92 25.95 25.97 26.00 26.02 26.04 26.08 26.10 26.13 26.14 26.17 26.20 26.21 26.24 26.26 26.28 26.30 26.31 26.33 26.34 26.34 26.35 26.35 26.35 26.36 26.35 26.34 26.33 26.32 26.31 26.29 26.28 26.25 26.24 26.22 26.21 26.19 26.17 26.17 26.16 26.15 26.15 26.15 26.15 26.15 26.15 26.17 26.18 26.18 26.19 26.21 26.21 26.22 26.23 26.24 26.24 26.25 26.25 26.25 26.26 26.25 26.26 26.26 26.27 26.27 26.28 26.29 26.30 26.33 26.35 26.37 26.37
25.59 25.63 25.66 25.69 25.72 25.75 25.77 25.80 25.83 25.86 25.89 25.92 25.94 25.97 26.00 26.02 26.05 26.07 26.09 26.11 26.13 26.16 26.18 26.20 26.21 26.23 26.24 26.25 26.26 26.27 26.27 26.26 26.26 26.25 26.25 26.23 26.21 26.19 26.17 26.15 26.13 26.12 26.09 26.08 26.06 26.05 26.03 26.02 26.01 26.01 26.01 26.01 26.02 26.02 26.03 26.05 26.06 26.07 26.09 26.10 26.11 26.13 26.14 26.14 26.15 26.16 26.16 26.17 26.17 26.18 26.18 26.19 26.20 26.21 26.22 26.24 26.26 26.27 26.27 26.27
25.51 25.54 25.57 25.61 25.64 25.66 25.69 25.72 25.75 25.78 25.81 25.83 25.86 25.89 25.91 25.94 25.96 25.99 26.02 26.03 26.05 26.08 26.10 26.12 26.13 26.14 26.15 26.16 26.17 26.18 26.17 26.17 26.17 26.15 26.14 26.12 26.10 26.08 26.05 26.04 26.01 25.99 25.96 25.95 25.93 25.92 25.90 25.91 25.91 25.90 25.89 25.89 25.90 25.90 25.91 25.92 25.93 25.95 25.98 25.99 26.01 26.02 26.03 26.05 26.06 26.06 26.07 26.08 26.08 26.09 26.10 26.10 26.12 26.13 26.14 26.16 26.18 26.19 26.18 26.17
25.42 25.45 25.49 25.53 25.55 25.58 25.61 25.64 25.67 25.70 25.73 25.75 25.78 25.80 25.83 25.85 25.88 25.90 25.93 25.95 25.98 26.00 26.02 26.03 26.05 26.06 26.07 26.07 26.08 26.08 26.08 26.08 26.06 26.05 26.03 26.01 25.99 25.96 25.94 25.91 25.88 25.86 25.84 25.82 25.83 25.84 25.85 25.85 25.85 25.85 25.84 25.84 25.82 25.81 25.81 25.80 25.82 25.84 25.85 25.87 25.90 25.91 25.93 25.95 25.96 25.97 25.98 25.99 26.00 26.01 26.01 26.03 26.04 26.05 26.07 26.08 26.10 26.09 26.08 26.07
25.33 25.37 25.40 25.43 25.47 25.49 25.52 25.55 25.58 25.61 25.64 25.66 25.70 25.72 25.74 25.77 25.79 25.82 25.85 25.86 25.89 25.91 25.93 25.94 25.96 25.97 25.98 25.99 25.98 25.99 25.98 25.98 25.96 25.95 25.92 25.90 25.87 25.84 25.82 25.78 25.75 25.73 25.73 25.75 25.77 25.78 25.79 25.80 25.80 25.80 25.80 25.79 25.78 25.76 25.74 25.73 25.72 25.73 25.74 25.77 25.79 25.81 25.83 25.85 25.86 25.88 25.89 25.91 25.91 25.92 25.93 25.95 25.96 25.98 26.00 26.01 26.01 26.00 25.98 25.97
25.25 25.28 25.32 25.34 25.38 25.41 25.43 25.46 25.49 25.52 25.55 25.58 25.61 25.63 25.66 25.69 25.71 25.73 25.76 25.78 25.81 25.83 25.85 25.86 25.87 25.88 25.89 25.89 25.89 25.89 25.88 25.88 25.85 25.84 25.81 25.78 25.76 25.72 25.69 25.66 25.64 25.65 25.67 25.70 25.71 25.73 25.75 25.76 25.76 25.76 25.75 25.75 25.73 25.72 25.70 25.68 25.67 25.65 25.65 25.66 25.68 25.71 25.73 25.75 25.77 25.80 25.81 25.82 25.84 25.84 25.86 25.87 25.89 25.90 25.91 25.91 25.90 25.89 25.87 25.87
25.16 25.20 25.22 25.26 25.29 25.32 25.35 25.38 25.40 25.44 25.47 25.50 25.52 25.54 25.58 25.60 25.63 25.64 25.67 25.69 25.72 25.74 25.75 25.77 25.78 25.79 25.79 25.80 25.79 25.79 25.78 25.77 25.75 25.72 25.70 25.67 25.64 25.60 25.57 25.54 25.56 25.59 25.61 25.64 25.66 25.68 25.70 25.71 25.72 25.71 25.71 25.71 25.69 25.67 25.66 25.64 25.61 25.60 25.59 25.58 25.59 25.62 25.64 25.66 25.69 25.71 25.73 25.75 25.77 25.77 25.79 25.80 25.81 25.82 25.83 25.82 25.81 25.79 25.77 25.76
25.07 25.10 25.13 25.17 25.20 25.23 25.26 25.29 25.32 25.35 25.38 25.41 25.43 25.46 25.49 25.51 25.54 25.56 25.58 25.61 25.63 25.65 25.66 25.68 25.69 25.69 25.71 25.70 25.70 25.69 25.68 25.66 25.64 25.62 25.59 25.56 25.52 25.48 25.46 25.47 25.49 25.52 25.55 25.58 25.61 25.64 25.65 25.67 25.67 25.68 25.67 25.67 25.65 25.64 25.61 25.60 25.58 25.56 25.55 25.54 25.53 25.54 25.55 25.59 25.62 25.64 25.66 25.67 25.69 25.71 25.72 25.73 25.75 25.75 25.74 25.72 25.70 25.68 25.67 25.65
24.98 25.01 25.04 25.08 25.11 25.14 25.17 25.20 25.24 25.25 25.29 25.32 25.34 25.37 25.40 25.42 25.45 25.47 25.49 25.52 25.54 25.55 25.56 25.59 25.59 25.60 25.61 25.61 25.61 25.59 25.58 25.55 25.53 25.51 25.47 25.44 25.40 25.36 25.36 25.39 25.43 25.46 25.50 25.52 25.56 25.58 25.61 25.63 25.63 25.64 25.64 25.63 25.61 25.60 25.57 25.55 25.53 25.52 25.51 25.49 25.48 25.49 25.50 25.52 25.55 25.58 25.59 25.62 25.63 25.65 25.66 25.67 25.67 25.66 25.65 25.62 25.59 25.57 25.55 25.54
24.89 24.92 24.95 24.99 25.01 25.05 25.08 25.11 25.14 25.16 25.19 25.22 25.25 25.28 25.30 25.33 25.35 25.38 25.40 25.42 25.44 25.46 25.47 25.49 25.50 25.51 25.51 25.51 25.50 25.49 25.47 25.45 25.43 25.40 25.36 25.32 25.28 25.26 25.28 25.32 25.35 25.40 25.43 25.47 25.51 25.53 25.56 25.59 25.60 25.61 25.61 25.59 25.58 25.56 25.54 25.52 25.50 25.48 25.47 25.45 25.45 25.45 25.45 25.47 25.49 25.51 25.54 25.57 25.58 25.60 25.61 25.61 25.61 25.58 25.55 25.52 25.49 25.47 25.45 25.43
24.79 24.83 24.86 24.90 24.92 24.96 24.98 25.01 25.05 25.07 25.10 25.13 25.16 25.19 25.21 25.23 25.26 25.28 25.31 25.33 25.35 25.37 25.38 25.40 25.40 25.41 25.41 25.41 25.40 25.39 25.37 25.35 25.32 25.29 25.25 25.21 25.17 25.17 25.20 25.24 25.29 25.32 25.37 25.41 25.44 25.48 25.52 25.55 25.54 25.58 25.57 25.56 25.54 25.53 25.50 25.49 25.46 25.45 25.43 25.42 25.42 25.42 25.43 25.44 25.46 25.48 25.50 25.53 25.54 25.55 25.55 25.54 25.52 25.49 25.46 25.42 25.39 25.36 25.29 25.32
24.69 24.73 24.76 24.79 24.83 24.86 24.89 24.92 24.96 24.99 25.01 25.04 25.07 25.09 25.11 25.14 25.16 25.19 25.21 25.23 25.25 25.27 25.28 25.30 25.30 25.31 25.31 25.30 25.30 25.28 25.27 25.24 25.21 25.18 25.14 25.10 25.07 25.09 25.12 25.17 25.21 25.25 25.30 25.35 25.39 25.44 25.48 25.51 25.46 25.49 25.54 25.53 25.51 25.49 25.47 25.45 25.43 25.41 25.39 25.38 25.38 25.38 25.39 25.40 25.42 25.43 25.45 25.48 25.49 25.49 25.49 25.48 25.44 25.40 25.36 25.32 25.27 25.25 25.18 25.18
24.60 24.63 24.67 24.70 24.73 24.77 24.80 24.82 24.86 24.89 24.91 24.94 24.97 24.99 25.01 25.05 25.07 25.09 25.11 25.13 25.15 25.17 25.19 25.20 25.20 25.21 25.21 25.20 25.20 25.18 25.16 25.14 25.11 25.07 25.03 24.99 24.96 25.00 25.05 25.09 25.13 25.18 25.23 25.28 25.33 25.39 25.43 25.47 25.51 25.43 25.46 25.47 25.48 25.45 25.43 25.41 25.39 25.37 25.36 25.35 25.34 25.34 25.32 25.35 25.38 25.38 25.39 25.40 25.44 25.44 25.42 25.40 25.36 25.32 25.27 25.21 25.17 25.13 25.05 24.95
24.50 24.54 24.57 24.60 24.64 24.66 24.70 24.73 24.75 24.79 24.81 24.84 24.87 24.89 24.93 24.95 24.97 25.00 25.01 25.03 25.06 25.07 25.09 25.10 25.11 25.11 25.11 25.11 25.09 25.08 25.06 25.04 25.00 24.96 24.93 24.89 24.88 24.92 24.96 25.01 25.05 25.10 25.15 25.21 25.26 25.32 25.38 25.44 25.49 25.47 25.44 25.45 25.43 25.40 25.39 25.37 25.35 25.32 25.30 25.28 25.31 25.31 25.31 25.32 25.34 25.32 25.26 25.31 25.38 25.37 25.36 25.33 25.30 25.24 25.19 25.12 25.08 25.04 25.01 24.97
24.40 24.43 24.48 24.51 24.54 24.57 24.60 24.63 24.65 24.69 24.71 24.74 24.77 24.79 24.83 24.85 24.87 24.90 24.91 24.94 24.96 24.97 24.99 25.00 25.01 25.01 25.01 25.00 24.99 24.97 24.96 24.93 24.90 24.87 24.83 24.79 24.79 24.83 24.87 24.92 24.96 25.02 25.07 25.12 25.15 25.25 25.26 25.35 25.44 25.40 25.33 25.38 25.39 25.37 25.35 25.28 25.17 25.20 25.24 25.16 25.25 25.26 25.21 25.23 25.28 25.24 25.16 25.24 25.30 25.30 25.29 25.26 25.22 25.17 25.12 25.05 25.00 24.95 24.91 24.78
24.30 24.34 24.37 24.40 24.43 24.47 24.50 24.53 24.56 24.59 24.62 24.64 24.67 24.70 24.72 24.75 24.77 24.79 24.82 24.84 24.85 24.87 24.88 24.90 24.90 24.91 24.90 24.90 24.89 24.88 24.86 24.83 24.80 24.76 24.73 24.70 24.70 24.74 24.79 24.83 24.89 24.94 24.98 25.01 25.07 25.17 25.23 25.17 25.34 25.31 25.23 25.26 25.25 25.31 25.29 25.27 25.20 25.03 25.16 25.15 25.23 25.24 25.13 25.17 25.22 25.21 25.12 25.12 25.23 25.20 25.09 25.18 25.14 25.09 25.03 24.98 24.92 24.87 24.81 24.75
24.20 24.24 24.27 24.30 24.33 24.37 24.40 24.43 24.45 24.49 24.52 24.54 24.57 24.60 24.62 24.64 24.67 24.69 24.71 24.73 24.75 24.76 24.78 24.79 24.80 24.80 24.80 24.80 24.79 24.77 24.76 24.73 24.70 24.67 24.63 24.60 24.61 24.65 24.70 24.75 24.79 24.85 24.90 24.95 25.01 25.07 25.11 25.07 25.23 25.13 25.11 25.03 25.16 25.22 25.09 25.21 25.20 25.08 25.14 25.05 25.13 25.17 25.08 25.12 25.14 25.17 25.08 25.05 25.10 25.14 25.14 25.11 25.06 25.01 24.96 24.90 24.83 24.78 24.71 24.65
24.10 24.13 24.17 24.20 24.24 24.27 24.29 24.33 24.35 24.39 24.42 24.44 24.46 24.49 24.52 24.54 24.57 24.58 24.61 24.63 24.65 24.67 24.67 24.69 24.70 24.70 24.70 24.69 24.69 24.68 24.65 24.63 24.61 24.57 24.54 24.51 24.52 24.56 24.61 24.65 24.70 24.76 24.81 24.86 24.92 24.98 24.98 25.08 25.12 25.14 25.10 25.05 25.10 25.10 25.11 25.14 25.13 25.08 24.94 25.07 25.07 25.07 25.06 25.03 25.06 25.08 25.06 25.02 24.92 25.09 25.06 25.02 24.97 24.92 24.87 24.81 24.74 24.68 24.61 24.54
23.99 24.03 24.06 24.10 24.13 24.17 24.19 24.23 24.25 24.28 24.31 24.33 24.36 24.39 24.41 24.44 24.46 24.49 24.50 24.52 24.54 24.55 24.57 24.58 24.59 24.60 24.60 24.60 24.59 24.57 24.56 24.54 24.51 24.48 24.45 24.42 24.43 24.47 24.52 24.57 24.62 24.67 24.72 24.77 24.77 24.70 24.87 24.97 24.92 25.04 25.05 24.97 24.89 24.99 24.98 24.98 25.00 24.95 24.99 24.87 24.96 24.93 24.83 24.91 24.92 25.00 24.95 25.03 25.02 24.98 24.97 24.92 24.88 24.83 24.78 24.72 24.65 24.58 24.51 24.43
23.89 23.93 23.96 23.99 24.03 24.05 24.09 24.12 24.15 24.17 24.21 24.24 24.25 24.28 24.30 24.33 24.35 24.38 24.40 24.41 24.44 24.45 24.47 24.48 24.48 24.49 24.49 24.49 24.48 24.47 24.46 24.44 24.42 24.40 24.36 24.34 24.35 24.39 24.43 24.48 24.53 24.57 24.63 24.67 24.73 24.73 24.82 24.81 24.75 24.92 24.94 24.91 24.82 24.88 24.82 24.79 24.87 24.80 24.88 24.84 24.79 24.84 24.82 24.85 24.80 24.81 24.92 24.94 24.91 24.89 24.86 24.83 24.77 24.73 24.67 24.61 24.54 24.47 24.40 24.32
23.78 23.82 23.86 23.89 23.92 23.95 23.98 24.02 24.04 24.07 24.10 24.13 24.15 24.17 24.20 24.22 24.24 24.26 24.29 24.31 24.32 24.34 24.36 24.37 24.38 24.39 24.39 24.39 24.38 24.37 24.36 24.34 24.33 24.31 24.28 24.25 24.27 24.30 24.35 24.39 24.44 24.49 24.51 24.59 24.61 24.67 24.71 24.65 24.62 24.82 24.76 24.85 24.86 24.82 24.71 24.58 24.66 24.66 24.67 24.67 24.63 24.45 24.66 24.65 24.61 24.64 24.86 24.83 24.81 24.79 24.75 24.71 24.67 24.62 24.55 24.49 24.43 24.36 24.28 24.20
23.68 23.71 23.74 23.78 23.81 23.84 23.88 23.91 23.93 23.96 23.99 24.02 24.04 24.06 24.09 24.11 24.14 24.16 24.18 24.20 24.22 24.23 24.25 24.26 24.27 24.28 24.28 24.28 24.28 24.28 24.27 24.26 24.24 24.22 24.20 24.18 24.19 24.22 24.26 24.31 24.36 24.40 24.44 24.35 24.49 24.52 24.57 24.39 24.67 24.60 24.68 24.60 24.76 24.77 24.70 24.66 24.62 24.61 24.54 24.53 24.50 24.55 24.66 24.69 24.73 24.76 24.74 24.72 24.69 24.66 24.63 24.59 24.55 24.49 24.43 24.37 24.31 24.24 24.16 24.08
