main/data/pressure/15.07.2023.grid
ncols 886
nrows 691
xllcenter 112.0000
yllcenter -44.5000
cellsize 0.0500
nodata_value 99999.90
[rows 360 to 395 of 691, columns 160 to 239 of 886]
8.69 8.68 8.64 8.57 8.47 8.31 8.24 8.25 8.26 8.22 8.14 8.08 8.10 8.11 8.12 8.11 8.03 7.98 7.97 7.95 7.98 8.00 7.98 7.97 7.98 7.97 7.95 7.90 7.89 7.91 7.91 7.90 7.89 7.88 7.87 7.84 7.78 7.73 7.69 7.68 7.64 7.68 7.68 7.71 7.70 7.70 7.74 7.68 7.70 7.74 7.80 7.80 7.76 7.73 7.69 7.68 7.74 7.80 7.83 7.92 8.01 8.01 8.00 8.03 8.08 8.13 8.10 7.91 7.86 8.10 8.21 8.26 8.25 8.20 8.16 8.18 8.23 8.29 8.35 8.37
8.73 8.72 8.69 8.61 8.53 8.41 8.35 8.38 8.34 8.31 8.22 8.14 8.13 8.11 8.06 8.07 7.97 7.95 7.99 7.99 7.99 7.99 7.98 7.98 7.95 7.92 7.93 7.93 7.91 7.89 7.87 7.86 7.85 7.86 7.85 7.83 7.77 7.70 7.64 7.57 7.68 7.68 7.70 7.74 7.73 7.79 7.77 7.64 7.66 7.70 7.77 7.80 7.76 7.72 7.69 7.66 7.75 7.84 7.86 7.91 7.95 7.95 7.95 7.97 8.02 8.10 8.14 8.16 8.04 8.11 8.19 8.24 8.23 8.20 8.17 8.15 8.14 8.23 8.28 8.33
8.77 8.77 8.74 8.66 8.57 8.50 8.45 8.44 8.41 8.34 8.22 8.25 8.17 8.06 7.99 8.00 7.95 7.93 7.96 7.95 7.92 7.96 7.95 7.92 7.89 7.87 7.87 7.88 7.86 7.83 7.80 7.79 7.79 7.80 7.81 7.81 7.77 7.74 7.69 7.69 7.72 7.73 7.74 7.77 7.79 7.77 7.74 7.67 7.66 7.69 7.74 7.79 7.79 7.77 7.74 7.71 7.76 7.82 7.85 7.88 7.89 7.90 7.91 7.93 7.96 8.03 8.10 8.16 8.14 8.15 8.20 8.22 8.20 8.19 8.16 8.12 8.14 8.22 8.28 8.30
8.85 8.83 8.80 8.72 8.64 8.57 8.54 8.51 8.47 8.42 8.36 8.17 8.22 8.02 8.02 8.00 7.94 7.86 7.87 7.88 7.77 7.92 7.89 7.85 7.82 7.80 7.80 7.82 7.81 7.78 7.73 7.71 7.72 7.74 7.77 7.80 7.78 7.79 7.76 7.77 7.77 7.77 7.78 7.79 7.78 7.78 7.77 7.68 7.63 7.67 7.71 7.76 7.80 7.82 7.81 7.78 7.77 7.81 7.84 7.84 7.85 7.85 7.86 7.88 7.91 7.97 8.05 8.11 8.15 8.17 8.18 8.19 8.16 8.14 8.15 8.10 8.15 8.23 8.27 8.23
8.90 8.87 8.84 8.79 8.73 8.66 8.62 8.58 8.54 8.49 8.41 8.32 8.27 8.19 8.13 8.04 8.00 7.93 7.90 7.88 7.84 7.88 7.82 7.78 7.76 7.75 7.75 7.77 7.76 7.72 7.65 7.63 7.64 7.67 7.72 7.74 7.75 7.79 7.77 7.78 7.77 7.78 7.78 7.78 7.78 7.78 7.76 7.69 7.61 7.62 7.68 7.73 7.75 7.77 7.81 7.84 7.83 7.82 7.82 7.80 7.80 7.79 7.79 7.82 7.86 7.92 8.00 8.06 8.13 8.16 8.18 8.15 8.08 7.96 8.06 8.06 8.10 8.18 8.23 8.21
8.90 8.91 8.89 8.84 8.80 8.75 8.70 8.65 8.60 8.55 8.47 8.40 8.33 8.25 8.20 8.06 8.07 8.01 7.95 7.92 7.90 7.85 7.74 7.72 7.72 7.71 7.71 7.72 7.72 7.68 7.59 7.57 7.58 7.62 7.68 7.71 7.72 7.75 7.75 7.75 7.75 7.76 7.79 7.78 7.78 7.77 7.77 7.71 7.64 7.58 7.66 7.71 7.70 7.68 7.73 7.79 7.85 7.83 7.80 7.78 7.76 7.74 7.72 7.75 7.82 7.88 7.95 8.02 8.08 8.14 8.15 8.13 8.09 8.06 8.02 8.03 8.05 8.14 8.21 8.20
8.96 8.93 8.90 8.85 8.82 8.78 8.73 8.68 8.64 8.59 8.52 8.45 8.38 8.30 8.24 8.10 8.09 8.05 8.01 7.97 7.92 7.85 7.74 7.70 7.69 7.69 7.68 7.67 7.66 7.61 7.54 7.52 7.55 7.61 7.65 7.67 7.66 7.69 7.70 7.70 7.70 7.70 7.73 7.76 7.77 7.76 7.76 7.72 7.68 7.65 7.65 7.67 7.67 7.71 7.74 7.80 7.85 7.83 7.80 7.76 7.72 7.71 7.71 7.75 7.82 7.88 7.94 7.99 8.06 8.11 8.13 8.11 8.08 8.04 8.03 8.04 8.08 8.14 8.16 8.13
9.03 8.95 8.88 8.83 8.80 8.76 8.72 8.67 8.65 8.60 8.55 8.48 8.41 8.34 8.27 8.20 8.16 8.10 8.04 8.00 7.94 7.89 7.78 7.72 7.69 7.69 7.67 7.64 7.61 7.55 7.49 7.46 7.52 7.60 7.63 7.64 7.54 7.64 7.65 7.66 7.67 7.67 7.69 7.74 7.75 7.74 7.73 7.72 7.72 7.69 7.66 7.65 7.65 7.71 7.76 7.82 7.85 7.83 7.80 7.74 7.70 7.69 7.71 7.75 7.80 7.86 7.92 7.98 8.04 8.10 8.09 8.09 8.06 8.02 8.00 8.03 8.08 8.10 8.10 8.09
9.03 8.95 8.87 8.80 8.77 8.73 8.69 8.67 8.64 8.59 8.53 8.49 8.42 8.36 8.30 8.25 8.18 8.12 8.07 8.01 7.95 7.87 7.78 7.74 7.73 7.71 7.68 7.64 7.59 7.54 7.46 7.36 7.50 7.59 7.57 7.52 7.47 7.56 7.62 7.65 7.66 7.67 7.70 7.74 7.72 7.68 7.68 7.69 7.69 7.69 7.66 7.67 7.70 7.73 7.77 7.81 7.83 7.83 7.80 7.74 7.69 7.68 7.72 7.75 7.77 7.82 7.89 7.95 8.00 8.03 8.04 8.03 8.01 7.99 7.99 8.01 8.03 8.05 8.05 8.06
9.02 8.94 8.84 8.77 8.73 8.68 8.68 8.66 8.62 8.58 8.51 8.46 8.41 8.35 8.32 8.26 8.19 8.14 8.09 8.03 7.96 7.85 7.74 7.78 7.77 7.74 7.69 7.64 7.59 7.56 7.52 7.47 7.51 7.55 7.49 7.47 7.50 7.56 7.60 7.63 7.66 7.68 7.70 7.72 7.64 7.60 7.65 7.65 7.69 7.68 7.63 7.68 7.71 7.74 7.77 7.80 7.82 7.83 7.80 7.74 7.66 7.67 7.71 7.76 7.83 7.89 7.91 7.93 7.96 7.98 7.99 7.98 7.96 7.95 7.96 7.98 7.99 8.01 8.00 8.04
8.99 8.92 8.82 8.75 8.72 8.69 8.67 8.65 8.60 8.52 8.46 8.42 8.36 8.30 8.24 8.23 8.21 8.15 8.08 8.04 7.96 7.82 7.66 7.77 7.78 7.72 7.66 7.60 7.54 7.51 7.50 7.47 7.44 7.47 7.48 7.50 7.53 7.57 7.58 7.62 7.65 7.67 7.71 7.71 7.61 7.61 7.66 7.67 7.68 7.71 7.62 7.62 7.64 7.72 7.77 7.74 7.76 7.82 7.81 7.78 7.71 7.66 7.70 7.74 7.84 7.91 7.93 7.94 7.94 7.95 7.94 7.93 7.93 7.94 7.95 7.97 7.98 8.01 8.03 8.06
8.98 8.91 8.81 8.75 8.74 8.71 8.69 8.65 8.58 8.48 8.41 8.37 8.33 8.25 8.16 8.17 8.16 8.14 8.10 8.05 7.98 7.91 7.81 7.82 7.76 7.68 7.61 7.57 7.47 7.45 7.50 7.44 7.34 7.43 7.48 7.51 7.52 7.51 7.53 7.61 7.65 7.67 7.71 7.72 7.71 7.65 7.72 7.75 7.74 7.70 7.56 7.60 7.64 7.72 7.78 7.80 7.81 7.83 7.83 7.83 7.78 7.72 7.78 7.80 7.88 7.93 7.94 7.93 7.93 7.93 7.91 7.88 7.90 7.93 7.97 7.98 7.99 8.05 8.09 8.08
9.01 8.95 8.87 8.81 8.79 8.76 8.72 8.68 8.60 8.52 8.45 8.39 8.33 8.27 8.19 8.17 8.15 8.13 8.10 8.04 7.98 7.92 7.86 7.81 7.75 7.69 7.64 7.59 7.50 7.48 7.54 7.50 7.44 7.45 7.45 7.45 7.44 7.39 7.43 7.59 7.64 7.68 7.73 7.74 7.74 7.74 7.73 7.76 7.75 7.70 7.60 7.59 7.67 7.74 7.79 7.82 7.85 7.86 7.85 7.84 7.81 7.80 7.84 7.87 7.91 7.94 7.94 7.93 7.92 7.89 7.89 7.88 7.90 7.94 7.97 8.00 8.04 8.10 8.13 8.06
9.06 9.02 8.94 8.88 8.85 8.82 8.76 8.71 8.65 8.58 8.52 8.44 8.38 8.30 8.24 8.19 8.15 8.12 8.09 8.03 7.96 7.92 7.84 7.79 7.72 7.71 7.68 7.66 7.62 7.58 7.58 7.56 7.53 7.50 7.45 7.38 7.41 7.51 7.51 7.60 7.66 7.69 7.74 7.76 7.76 7.72 7.76 7.72 7.67 7.74 7.71 7.70 7.72 7.76 7.78 7.78 7.80 7.82 7.85 7.85 7.81 7.83 7.88 7.90 7.93 7.95 7.93 7.93 7.90 7.87 7.89 7.88 7.91 7.95 7.99 8.03 8.08 8.16 8.13 8.11
9.03 9.07 9.00 8.95 8.90 8.86 8.81 8.75 8.69 8.62 8.55 8.48 8.41 8.32 8.26 8.19 8.14 8.10 8.07 8.00 7.89 7.74 7.84 7.82 7.74 7.71 7.70 7.69 7.67 7.64 7.62 7.61 7.59 7.55 7.47 7.36 7.38 7.51 7.57 7.61 7.65 7.64 7.72 7.76 7.79 7.78 7.61 7.67 7.65 7.67 7.72 7.73 7.71 7.73 7.75 7.74 7.76 7.77 7.81 7.86 7.84 7.86 7.89 7.92 7.93 7.92 7.88 7.85 7.86 7.88 7.91 7.93 7.95 7.99 8.04 8.08 8.14 8.20 8.21 8.22
9.01 9.08 9.05 9.00 8.93 8.88 8.83 8.80 8.71 8.63 8.56 8.48 8.42 8.35 8.27 8.18 8.12 8.09 8.06 7.99 7.90 7.83 7.85 7.85 7.78 7.77 7.73 7.70 7.70 7.67 7.65 7.64 7.62 7.60 7.56 7.51 7.49 7.56 7.59 7.64 7.65 7.54 7.73 7.78 7.77 7.76 7.78 7.66 7.72 7.79 7.71 7.75 7.74 7.73 7.74 7.73 7.71 7.72 7.76 7.83 7.87 7.89 7.90 7.92 7.92 7.90 7.84 7.76 7.84 7.92 7.96 7.99 8.02 8.05 8.09 8.12 8.19 8.23 8.25 8.27
9.12 9.11 9.07 9.01 8.94 8.88 8.81 8.75 8.69 8.62 8.54 8.46 8.39 8.33 8.27 8.20 8.13 8.09 8.03 7.98 7.94 7.92 7.88 7.85 7.79 7.80 7.66 7.68 7.72 7.69 7.69 7.68 7.66 7.65 7.66 7.62 7.58 7.58 7.62 7.66 7.70 7.70 7.76 7.77 7.68 7.73 7.79 7.76 7.79 7.82 7.81 7.83 7.76 7.78 7.71 7.69 7.66 7.70 7.76 7.80 7.82 7.85 7.87 7.90 7.94 7.93 7.88 7.85 7.88 7.95 8.01 8.06 8.12 8.13 8.14 8.18 8.20 8.18 8.19 8.25
9.15 9.12 9.07 9.01 8.93 8.86 8.78 8.69 8.65 8.58 8.48 8.40 8.33 8.28 8.24 8.18 8.13 8.06 8.00 7.96 7.94 7.91 7.88 7.87 7.84 7.82 7.69 7.72 7.74 7.67 7.70 7.72 7.70 7.69 7.68 7.66 7.62 7.60 7.57 7.64 7.70 7.73 7.78 7.76 7.70 7.76 7.85 7.81 7.83 7.86 7.86 7.85 7.81 7.77 7.70 7.72 7.68 7.73 7.78 7.80 7.81 7.84 7.86 7.88 7.94 7.97 7.94 7.92 7.93 7.98 8.06 8.12 8.17 8.18 8.19 8.19 8.10 8.13 8.15 8.22
9.19 9.13 9.06 8.97 8.89 8.82 8.73 8.66 8.61 8.54 8.44 8.35 8.28 8.24 8.20 8.13 8.06 7.99 7.93 7.90 7.89 7.88 7.85 7.85 7.84 7.83 7.72 7.72 7.77 7.59 7.72 7.75 7.74 7.71 7.67 7.60 7.65 7.61 7.57 7.61 7.68 7.74 7.79 7.81 7.80 7.82 7.86 7.83 7.86 7.88 7.86 7.82 7.72 7.59 7.71 7.76 7.77 7.80 7.83 7.84 7.82 7.87 7.92 7.90 7.92 7.98 7.97 7.96 7.95 8.01 8.11 8.15 8.15 8.15 8.16 8.17 8.13 8.14 8.18 8.14
9.07 9.14 9.03 8.92 8.84 8.76 8.69 8.63 8.57 8.51 8.40 8.28 8.22 8.21 8.17 8.09 8.01 7.92 7.85 7.82 7.84 7.83 7.80 7.80 7.81 7.82 7.83 7.81 7.79 7.77 7.76 7.78 7.77 7.75 7.72 7.66 7.68 7.66 7.55 7.62 7.70 7.76 7.79 7.81 7.83 7.84 7.87 7.87 7.88 7.88 7.86 7.80 7.67 7.57 7.67 7.76 7.77 7.78 7.82 7.89 7.89 7.93 7.97 7.93 7.92 7.98 8.02 7.95 7.99 8.05 8.14 8.12 8.09 8.08 8.11 8.14 8.13 8.13 8.16 8.11
9.13 9.10 8.99 8.90 8.81 8.72 8.64 8.57 8.51 8.45 8.36 8.26 8.21 8.19 8.13 8.03 7.94 7.85 7.78 7.77 7.80 7.77 7.75 7.75 7.76 7.78 7.80 7.80 7.80 7.78 7.80 7.79 7.78 7.78 7.75 7.64 7.66 7.67 7.59 7.64 7.70 7.74 7.76 7.74 7.77 7.82 7.85 7.88 7.89 7.88 7.85 7.79 7.66 7.59 7.65 7.69 7.71 7.74 7.79 7.89 7.96 7.97 7.96 7.92 7.91 7.95 8.00 8.05 8.07 8.10 8.13 8.07 8.04 8.07 8.11 8.10 8.08 8.09 8.13 8.12
9.16 9.08 8.98 8.90 8.81 8.70 8.59 8.49 8.44 8.40 8.32 8.26 8.21 8.15 8.08 7.96 7.86 7.79 7.76 7.74 7.73 7.72 7.72 7.70 7.72 7.75 7.77 7.78 7.74 7.70 7.71 7.78 7.80 7.80 7.80 7.66 7.64 7.70 7.67 7.65 7.69 7.73 7.74 7.77 7.81 7.83 7.85 7.87 7.89 7.87 7.82 7.80 7.72 7.69 7.67 7.65 7.68 7.77 7.85 7.93 7.95 7.92 7.92 7.89 7.88 7.88 7.94 7.98 8.09 8.13 8.09 8.02 8.00 8.07 8.09 8.06 8.03 8.04 8.11 8.10
9.11 9.06 9.00 8.91 8.77 8.66 8.55 8.43 8.35 8.29 8.24 8.19 8.13 8.07 7.99 7.89 7.78 7.75 7.75 7.73 7.72 7.69 7.68 7.68 7.69 7.72 7.75 7.75 7.70 7.65 7.73 7.77 7.80 7.81 7.82 7.74 7.66 7.72 7.71 7.69 7.70 7.70 7.72 7.75 7.79 7.83 7.85 7.87 7.88 7.84 7.74 7.72 7.73 7.73 7.72 7.71 7.74 7.83 7.91 7.96 7.94 7.89 7.91 7.88 7.85 7.85 7.93 8.01 8.10 8.11 8.06 7.99 7.98 8.03 8.06 8.04 8.02 8.04 8.11 8.08
9.04 8.98 8.90 8.87 8.76 8.64 8.51 8.40 8.29 8.21 8.17 8.13 8.08 8.02 7.93 7.83 7.72 7.74 7.76 7.74 7.71 7.69 7.66 7.66 7.66 7.69 7.72 7.70 7.67 7.68 7.73 7.77 7.79 7.81 7.82 7.76 7.62 7.73 7.75 7.72 7.71 7.70 7.69 7.70 7.72 7.80 7.85 7.87 7.88 7.87 7.83 7.80 7.77 7.77 7.76 7.77 7.80 7.87 7.93 7.98 7.96 7.95 7.96 7.89 7.83 7.84 7.94 8.05 8.12 8.10 8.05 7.97 7.95 7.99 8.04 8.02 8.01 8.05 8.09 8.07
8.89 8.83 8.78 8.75 8.69 8.57 8.47 8.40 8.29 8.19 8.15 8.12 8.09 8.03 7.96 7.86 7.77 7.77 7.78 7.77 7.72 7.67 7.66 7.64 7.64 7.64 7.65 7.66 7.66 7.68 7.73 7.75 7.78 7.80 7.82 7.81 7.75 7.77 7.78 7.76 7.74 7.72 7.66 7.65 7.72 7.77 7.82 7.86 7.88 7.89 7.88 7.86 7.81 7.79 7.79 7.80 7.81 7.84 7.89 7.96 8.01 7.99 7.96 7.91 7.89 7.91 7.98 8.07 8.11 8.09 8.04 8.00 7.97 7.96 7.98 8.00 8.00 8.02 8.04 8.05
8.73 8.69 8.67 8.65 8.62 8.55 8.42 8.44 8.30 8.17 8.18 8.16 8.12 8.07 8.03 7.93 7.83 7.83 7.84 7.81 7.74 7.67 7.68 7.65 7.62 7.60 7.63 7.64 7.65 7.66 7.70 7.73 7.76 7.78 7.80 7.82 7.84 7.82 7.82 7.79 7.79 7.78 7.64 7.61 7.75 7.79 7.81 7.86 7.88 7.89 7.90 7.89 7.85 7.81 7.84 7.84 7.81 7.81 7.86 7.96 8.02 8.00 7.95 7.93 7.96 7.98 8.04 8.09 8.11 8.08 8.05 8.02 7.99 7.95 7.94 7.97 7.98 8.00 8.00 8.03
8.59 8.57 8.57 8.57 8.57 8.52 8.44 8.43 8.34 8.28 8.27 8.23 8.17 8.12 8.06 7.99 7.93 7.90 7.89 7.86 7.81 7.77 7.74 7.70 7.67 7.65 7.61 7.61 7.60 7.63 7.66 7.69 7.72 7.75 7.77 7.81 7.85 7.86 7.85 7.83 7.83 7.81 7.72 7.72 7.80 7.82 7.85 7.88 7.91 7.92 7.93 7.92 7.92 7.91 7.92 7.91 7.87 7.86 7.90 7.97 8.03 8.03 8.01 8.03 8.04 8.05 8.08 8.11 8.10 8.06 8.04 8.02 8.00 7.97 7.97 7.98 7.99 8.00 8.01 8.04
8.53 8.49 8.49 8.51 8.55 8.56 8.52 8.48 8.40 8.34 8.29 8.23 8.20 8.15 8.11 8.05 8.02 7.97 7.93 7.91 7.86 7.83 7.79 7.75 7.73 7.70 7.64 7.62 7.57 7.61 7.64 7.67 7.68 7.71 7.75 7.79 7.84 7.88 7.88 7.88 7.86 7.85 7.81 7.80 7.87 7.88 7.88 7.92 7.94 7.91 7.93 7.96 7.97 7.98 7.99 7.99 7.96 7.94 7.92 7.98 8.05 8.05 8.06 8.08 8.09 8.09 8.10 8.10 8.08 8.05 8.03 8.00 7.99 7.98 7.99 7.99 8.01 8.01 8.02 8.05
8.45 8.43 8.45 8.48 8.52 8.54 8.52 8.47 8.43 8.38 8.30 8.21 8.18 8.16 8.14 8.09 8.05 7.99 7.97 7.94 7.90 7.87 7.83 7.80 7.79 7.76 7.71 7.66 7.64 7.64 7.64 7.64 7.65 7.68 7.73 7.78 7.83 7.86 7.89 7.89 7.89 7.88 7.83 7.80 7.89 7.92 7.94 7.97 7.98 7.94 7.91 7.91 7.94 7.96 7.98 8.00 8.03 7.99 7.95 7.97 8.00 8.03 8.06 8.07 8.08 8.10 8.10 8.10 8.06 8.01 7.98 7.98 7.98 7.99 8.00 8.01 8.01 8.01 8.02 8.02
8.41 8.40 8.43 8.46 8.49 8.51 8.46 8.36 8.35 8.32 8.33 8.27 8.18 8.19 8.16 8.11 8.08 8.03 7.99 7.96 7.94 7.92 7.88 7.86 7.82 7.76 7.74 7.74 7.71 7.70 7.66 7.65 7.63 7.64 7.73 7.78 7.81 7.84 7.88 7.90 7.92 7.94 7.87 7.73 7.98 7.99 7.99 8.02 8.03 7.98 7.90 7.88 7.92 7.93 7.95 7.97 8.02 8.03 7.98 7.97 7.97 8.04 8.07 8.08 8.09 8.10 8.10 8.11 8.05 7.98 7.98 7.98 8.00 8.02 8.02 8.03 8.02 8.01 8.00 7.99
8.43 8.40 8.39 8.41 8.43 8.47 8.44 8.37 8.30 8.25 8.24 8.26 8.25 8.22 8.16 8.11 8.07 8.04 8.03 8.02 7.98 7.95 7.93 7.90 7.88 7.87 7.83 7.82 7.80 7.76 7.73 7.70 7.67 7.68 7.71 7.76 7.79 7.83 7.88 7.93 7.97 7.98 7.96 7.93 8.03 8.06 8.06 8.07 8.08 8.05 7.98 7.94 7.93 7.94 7.95 7.99 8.03 8.03 8.04 8.05 8.08 8.08 8.09 8.10 8.10 8.10 8.07 8.05 8.04 8.10 8.12 8.09 8.07 8.08 8.07 8.06 8.02 7.99 7.99 8.03
8.41 8.36 8.34 8.35 8.38 8.41 8.43 8.37 8.28 8.18 8.13 8.16 8.19 8.19 8.15 8.10 8.06 8.05 8.09 8.08 8.03 7.99 7.97 7.96 7.93 7.90 7.89 7.89 7.88 7.85 7.82 7.78 7.74 7.74 7.74 7.76 7.80 7.83 7.89 7.95 7.99 8.03 8.03 8.04 8.09 8.11 8.12 8.11 8.13 8.13 8.07 8.01 7.96 7.95 7.97 7.99 8.02 8.04 8.07 8.07 8.07 8.09 8.09 8.09 8.10 8.10 8.09 8.09 8.09 8.09 8.08 8.12 8.14 8.09 8.04 8.05 8.03 8.01 8.03 8.08
8.30 8.29 8.29 8.31 8.36 8.40 8.40 8.35 8.28 8.19 8.08 8.05 8.16 8.19 8.18 8.15 8.13 8.13 8.15 8.13 8.07 8.02 7.99 8.00 7.97 7.94 7.93 7.95 7.96 7.94 7.92 7.89 7.86 7.83 7.82 7.83 7.85 7.86 7.89 7.94 8.00 8.04 8.06 8.07 8.10 8.11 8.12 8.13 8.15 8.17 8.14 8.09 8.03 8.00 7.98 7.95 7.98 8.01 8.05 8.07 8.07 8.07 8.07 8.07 8.09 8.11 8.11 8.11 8.11 8.08 8.02 8.04 8.07 8.05 8.04 8.03 8.02 8.02 8.06 8.08
8.19 8.23 8.24 8.28 8.35 8.39 8.37 8.31 8.27 8.23 8.04 7.91 8.21 8.23 8.22 8.21 8.22 8.21 8.20 8.17 8.09 8.03 7.96 8.02 8.00 7.95 7.95 8.00 8.04 8.03 8.02 7.99 7.97 7.95 7.92 7.90 7.90 7.88 7.92 7.94 8.01 8.05 8.08 8.08 8.09 8.11 8.11 8.13 8.15 8.19 8.19 8.15 8.10 8.07 8.01 7.91 7.93 7.98 8.02 8.06 8.07 8.05 8.03 8.03 8.08 8.09 8.10 8.11 8.12 8.08 8.02 8.01 8.04 8.06 8.03 8.02 8.00 8.01 8.06 8.09
8.16 8.21 8.25 8.29 8.35 8.38 8.36 8.30 8.23 8.15 8.07 8.09 8.22 8.24 8.24 8.26 8.26 8.25 8.18 8.20 8.14 8.02 7.95 8.06 8.06 7.99 7.99 8.04 8.08 8.11 8.10 8.08 8.07 8.05 8.03 8.01 7.99 7.98 7.99 8.01 8.07 8.11 8.13 8.14 8.14 8.15 8.13 8.13 8.15 8.18 8.22 8.21 8.16 8.10 8.05 8.00 7.97 7.96 7.97 8.01 8.03 8.01 7.98 7.99 8.02 8.04 8.07 8.10 8.11 8.10 8.05 8.04 8.06 8.09 8.05 8.03 8.03 8.02 8.04 8.06
8.22 8.24 8.27 8.30 8.34 8.36 8.35 8.30 8.20 8.07 8.11 8.18 8.23 8.21 8.23 8.27 8.28 8.28 8.22 8.20 8.20 8.16 8.15 8.20 8.15 8.08 8.06 8.10 8.13 8.16 8.17 8.16 8.15 8.12 8.13 8.12 8.08 8.06 8.07 8.09 8.14 8.18 8.20 8.21 8.21 8.19 8.16 8.13 8.14 8.17 8.22 8.24 8.19 8.16 8.14 8.10 8.03 7.96 7.88 7.93 7.95 7.97 7.96 7.96 7.96 8.00 8.05 8.10 8.08 8.08 8.07 8.02 8.05 8.12 8.06 8.05 8.05 8.03 8.01 8.04
