main/data/pressure/15.07.2023.grid
ncols 886
nrows 691
xllcenter 112.0000
yllcenter -44.5000
cellsize 0.0500
nodata_value 99999.90
[rows 360 to 395 of 691, columns 80 to 159 of 886]
7.43 7.46 7.48 7.50 7.54 7.58 7.62 7.62 7.62 7.58 7.53 7.56 7.62 7.66 7.64 7.63 7.65 7.61 7.56 7.47 7.37 7.36 7.34 7.35 7.40 7.45 7.49 7.49 7.47 7.46 7.46 7.42 7.45 7.51 7.52 7.47 7.39 7.54 7.59 7.58 7.61 7.61 7.56 7.51 7.48 7.46 7.48 7.55 7.63 7.66 7.71 7.75 7.82 7.86 7.92 7.97 8.04 8.11 8.16 8.13 8.21 8.31 8.42 8.55 8.61 8.64 8.67 8.70 8.70 8.71 8.74 8.74 8.73 8.73 8.75 8.76 8.78 8.76 8.72 8.61
7.41 7.44 7.43 7.42 7.46 7.51 7.57 7.59 7.60 7.59 7.56 7.57 7.65 7.71 7.70 7.70 7.66 7.60 7.55 7.50 7.42 7.35 7.28 7.30 7.38 7.45 7.52 7.57 7.56 7.52 7.47 7.49 7.55 7.58 7.58 7.56 7.58 7.66 7.62 7.53 7.60 7.60 7.58 7.55 7.50 7.49 7.52 7.60 7.67 7.66 7.68 7.79 7.82 7.85 7.94 8.02 8.09 8.12 8.21 8.26 8.31 8.36 8.45 8.58 8.66 8.76 8.75 8.77 8.77 8.75 8.83 8.81 8.81 8.79 8.81 8.83 8.83 8.82 8.80 8.76
7.43 7.42 7.40 7.38 7.38 7.43 7.48 7.52 7.56 7.59 7.60 7.63 7.68 7.73 7.72 7.70 7.66 7.60 7.57 7.55 7.48 7.35 7.30 7.33 7.42 7.47 7.51 7.61 7.61 7.58 7.54 7.53 7.56 7.63 7.65 7.64 7.65 7.69 7.70 7.70 7.60 7.60 7.58 7.53 7.48 7.51 7.56 7.67 7.55 7.42 7.56 7.80 7.82 7.86 7.93 8.02 8.11 8.17 8.26 8.34 8.40 8.48 8.56 8.63 8.74 8.84 8.78 8.85 8.85 8.81 8.84 8.89 8.85 8.75 8.82 8.83 8.83 8.84 8.84 8.82
7.46 7.43 7.40 7.39 7.36 7.37 7.38 7.47 7.54 7.59 7.63 7.66 7.72 7.75 7.72 7.68 7.65 7.62 7.62 7.57 7.43 7.34 7.35 7.41 7.49 7.55 7.51 7.66 7.67 7.66 7.65 7.65 7.63 7.68 7.71 7.69 7.71 7.72 7.73 7.72 7.66 7.62 7.59 7.54 7.47 7.54 7.58 7.69 7.57 7.42 7.59 7.77 7.83 7.87 7.94 7.99 8.12 8.17 8.31 8.44 8.46 8.58 8.66 8.63 8.77 8.89 8.93 8.93 8.93 8.91 8.86 8.99 8.93 8.85 8.85 8.84 8.84 8.85 8.86 8.86
7.55 7.51 7.47 7.43 7.40 7.38 7.38 7.44 7.52 7.60 7.65 7.70 7.75 7.76 7.72 7.72 7.70 7.69 7.68 7.63 7.54 7.48 7.49 7.52 7.57 7.61 7.63 7.70 7.70 7.71 7.72 7.72 7.73 7.73 7.74 7.68 7.63 7.73 7.74 7.71 7.67 7.63 7.58 7.54 7.57 7.61 7.65 7.72 7.67 7.64 7.74 7.83 7.88 7.93 8.02 8.12 8.20 8.28 8.39 8.48 8.53 8.64 8.73 8.70 8.78 8.91 8.98 8.99 9.01 9.05 9.03 9.06 9.03 8.97 8.93 8.91 8.90 8.90 8.90 8.88
7.63 7.57 7.52 7.48 7.46 7.44 7.43 7.46 7.53 7.61 7.68 7.74 7.77 7.80 7.73 7.73 7.71 7.70 7.75 7.72 7.67 7.64 7.66 7.61 7.66 7.72 7.74 7.76 7.75 7.75 7.74 7.75 7.75 7.74 7.68 7.65 7.69 7.74 7.72 7.71 7.68 7.65 7.57 7.51 7.58 7.65 7.70 7.74 7.75 7.78 7.82 7.88 7.94 8.00 8.08 8.18 8.28 8.38 8.46 8.55 8.64 8.74 8.81 8.88 8.94 8.99 9.03 9.06 9.09 9.11 9.11 9.11 9.08 9.04 9.02 8.98 8.97 8.98 8.96 8.89
7.67 7.61 7.56 7.52 7.49 7.48 7.50 7.53 7.57 7.63 7.69 7.76 7.80 7.82 7.82 7.82 7.70 7.70 7.80 7.79 7.76 7.74 7.76 7.75 7.77 7.78 7.79 7.78 7.75 7.72 7.72 7.72 7.71 7.69 7.65 7.66 7.64 7.72 7.79 7.72 7.68 7.65 7.60 7.57 7.62 7.70 7.74 7.75 7.77 7.79 7.82 7.89 7.98 8.03 8.12 8.22 8.30 8.40 8.51 8.62 8.72 8.80 8.86 8.94 9.00 9.05 9.09 9.11 9.14 9.15 9.16 9.15 9.14 9.12 9.09 9.07 9.05 9.05 9.02 8.97
7.71 7.66 7.58 7.56 7.52 7.51 7.53 7.57 7.63 7.67 7.72 7.77 7.81 7.86 7.87 7.88 7.87 7.84 7.85 7.83 7.80 7.79 7.82 7.83 7.82 7.82 7.82 7.81 7.74 7.68 7.70 7.69 7.68 7.70 7.76 7.76 7.79 7.79 7.79 7.72 7.68 7.65 7.63 7.62 7.67 7.73 7.76 7.76 7.77 7.79 7.82 7.90 7.99 8.06 8.14 8.25 8.31 8.40 8.52 8.68 8.78 8.85 8.90 8.95 8.98 9.05 9.12 9.15 9.16 9.18 9.19 9.20 9.19 9.19 9.16 9.13 9.11 9.11 9.09 9.05
7.73 7.66 7.66 7.61 7.54 7.57 7.54 7.59 7.69 7.74 7.76 7.76 7.78 7.81 7.84 7.88 7.84 7.82 7.89 7.85 7.81 7.80 7.83 7.86 7.86 7.84 7.81 7.77 7.72 7.70 7.74 7.74 7.70 7.66 7.76 7.82 7.81 7.80 7.78 7.73 7.69 7.66 7.65 7.67 7.70 7.75 7.79 7.79 7.80 7.82 7.86 7.93 8.00 8.07 8.16 8.26 8.33 8.42 8.53 8.64 8.80 8.91 8.95 8.98 9.01 9.04 9.07 9.12 9.15 9.17 9.20 9.22 9.22 9.22 9.20 9.18 9.16 9.14 9.12 9.08
7.73 7.65 7.64 7.61 7.58 7.61 7.65 7.69 7.76 7.79 7.78 7.74 7.76 7.72 7.63 7.78 7.78 7.76 7.93 7.87 7.79 7.78 7.85 7.89 7.88 7.86 7.81 7.76 7.76 7.78 7.80 7.82 7.77 7.70 7.80 7.83 7.75 7.77 7.78 7.76 7.70 7.66 7.67 7.69 7.72 7.75 7.78 7.83 7.85 7.87 7.89 7.93 7.97 8.06 8.15 8.26 8.36 8.44 8.57 8.71 8.84 8.94 8.99 9.02 9.03 9.05 9.04 9.10 9.13 9.16 9.21 9.22 9.24 9.23 9.21 9.19 9.18 9.16 9.13 9.07
7.75 7.68 7.64 7.63 7.63 7.65 7.66 7.75 7.81 7.83 7.82 7.83 7.83 7.80 7.73 7.79 7.89 7.90 7.94 7.89 7.83 7.80 7.85 7.88 7.87 7.84 7.83 7.83 7.84 7.86 7.87 7.88 7.85 7.83 7.86 7.84 7.77 7.76 7.78 7.76 7.71 7.67 7.67 7.69 7.72 7.76 7.78 7.83 7.88 7.88 7.85 7.93 7.96 8.02 8.14 8.26 8.38 8.47 8.56 8.70 8.87 8.98 9.04 9.06 9.08 9.10 9.11 9.14 9.18 9.21 9.24 9.26 9.24 9.20 9.19 9.17 9.16 9.15 9.11 9.05
7.75 7.71 7.68 7.66 7.68 7.74 7.76 7.80 7.86 7.87 7.79 7.89 7.92 7.92 7.87 7.85 7.89 7.92 7.95 7.95 7.93 7.88 7.87 7.86 7.85 7.83 7.86 7.90 7.93 7.95 7.94 7.93 7.92 7.90 7.89 7.87 7.85 7.78 7.75 7.76 7.71 7.69 7.68 7.68 7.73 7.78 7.75 7.78 7.91 7.91 7.92 7.94 7.95 8.02 8.14 8.28 8.41 8.50 8.53 8.65 8.89 9.00 9.07 9.10 9.13 9.17 9.20 9.21 9.24 9.26 9.27 9.27 9.22 9.16 9.16 9.16 9.16 9.12 9.07 9.03
7.77 7.74 7.72 7.74 7.79 7.81 7.82 7.84 7.91 7.87 7.79 7.91 7.97 7.97 7.96 7.93 7.92 7.85 7.91 7.99 7.97 7.92 7.89 7.87 7.86 7.87 7.91 7.96 7.99 8.00 8.00 7.99 7.97 7.96 7.94 7.92 7.88 7.80 7.67 7.74 7.75 7.74 7.71 7.70 7.73 7.77 7.76 7.79 7.89 7.92 7.92 7.96 7.98 8.06 8.19 8.34 8.44 8.57 8.59 8.71 8.91 9.01 9.09 9.13 9.17 9.19 9.22 9.24 9.25 9.26 9.25 9.23 9.20 9.14 9.13 9.13 9.11 9.07 9.04 9.03
7.80 7.76 7.76 7.77 7.83 7.76 7.84 7.90 7.97 7.98 7.99 7.99 7.99 7.99 7.99 7.99 7.95 7.89 7.94 7.95 7.96 7.94 7.90 7.88 7.90 7.92 7.97 8.01 8.05 8.04 8.03 8.02 8.01 7.99 7.98 7.97 7.94 7.90 7.89 7.82 7.79 7.79 7.69 7.67 7.70 7.80 7.86 7.90 7.92 7.92 7.92 7.94 7.98 8.07 8.21 8.36 8.49 8.62 8.67 8.80 8.95 9.01 9.08 9.13 9.18 9.21 9.23 9.23 9.24 9.23 9.21 9.20 9.18 9.14 9.11 9.09 9.06 9.02 9.02 9.03
7.86 7.82 7.80 7.77 7.71 7.60 7.90 7.98 8.01 7.90 7.86 7.95 7.96 7.97 7.99 8.03 8.02 7.99 7.96 7.95 7.97 7.98 7.94 7.93 7.93 7.96 8.02 8.07 8.07 8.04 8.03 8.02 8.00 7.98 7.96 7.97 7.97 7.96 7.91 7.84 7.78 7.73 7.65 7.58 7.65 7.74 7.88 7.94 7.94 7.92 7.93 7.93 7.94 8.01 8.16 8.25 8.40 8.60 8.73 8.85 8.93 8.99 9.05 9.11 9.18 9.20 9.22 9.22 9.20 9.18 9.17 9.18 9.18 9.18 9.17 9.15 9.12 9.08 9.07 8.97
7.91 7.89 7.88 7.90 7.87 7.86 7.96 7.92 8.06 7.88 7.80 7.95 7.94 7.92 7.97 8.02 8.05 8.05 7.95 7.87 8.01 8.04 8.00 7.98 7.97 8.00 8.06 8.11 8.08 8.01 8.01 8.01 7.99 7.96 7.92 7.92 7.94 7.94 7.87 7.81 7.74 7.67 7.67 7.70 7.67 7.66 7.91 7.97 7.96 7.95 7.94 7.96 7.98 8.05 8.16 8.28 8.41 8.59 8.71 8.81 8.88 8.94 9.01 9.11 9.17 9.21 9.23 9.19 9.13 9.10 9.12 9.15 9.20 9.24 9.22 9.23 9.20 9.14 9.10 8.73
7.97 7.97 7.96 7.95 7.99 8.01 8.02 8.03 8.05 7.82 7.84 7.91 7.92 7.89 7.94 7.99 8.04 8.05 7.95 7.78 8.03 8.11 8.08 8.05 8.03 8.02 8.08 8.14 8.11 8.06 8.03 8.02 7.99 7.96 7.91 7.84 7.69 7.67 7.78 7.78 7.74 7.64 7.69 7.78 7.80 7.82 7.94 8.00 8.00 8.00 7.98 7.99 8.04 8.09 8.17 8.28 8.36 8.52 8.66 8.74 8.84 8.93 9.02 9.11 9.17 9.18 9.18 9.16 9.13 9.12 9.13 9.16 9.20 9.24 9.26 9.26 9.24 9.20 9.14 9.02
8.03 8.05 8.02 7.98 7.96 8.06 8.10 8.11 8.10 7.99 7.94 7.93 7.91 7.88 7.93 7.98 8.02 8.05 8.05 7.80 7.91 8.10 8.14 8.12 8.08 8.04 8.11 8.16 8.14 8.10 8.06 8.04 7.99 7.96 7.95 7.87 7.79 7.74 7.80 7.82 7.80 7.81 7.72 7.84 7.91 7.93 7.99 8.02 8.01 8.03 7.99 8.00 8.06 8.08 8.12 8.17 8.25 8.46 8.59 8.64 8.78 8.93 9.06 9.12 9.15 9.15 9.15 9.16 9.16 9.15 9.15 9.16 9.20 9.24 9.27 9.29 9.28 9.24 9.20 9.14
8.06 8.09 8.01 7.94 7.96 8.03 8.09 8.13 8.15 8.08 8.00 7.99 7.97 7.97 7.97 7.97 7.99 8.00 7.96 7.88 8.05 8.15 8.17 8.17 8.15 8.13 8.16 8.17 8.15 8.13 8.08 8.02 7.98 7.95 7.93 7.91 7.88 7.85 7.85 7.87 7.88 7.89 7.83 7.87 7.97 7.99 8.03 8.03 8.02 8.02 7.96 7.98 8.02 8.05 8.09 8.17 8.28 8.43 8.54 8.61 8.73 8.88 9.00 9.08 9.11 9.14 9.16 9.19 9.20 9.19 9.18 9.18 9.22 9.26 9.30 9.31 9.30 9.27 9.25 9.23
8.12 8.10 7.99 7.82 7.95 8.03 8.06 8.14 8.18 8.10 8.04 8.03 8.04 8.07 8.01 7.98 7.97 7.97 7.91 7.80 8.06 8.18 8.19 8.20 8.20 8.21 8.20 8.17 8.13 8.14 8.09 8.01 7.95 7.94 7.92 7.94 7.93 7.91 7.89 7.91 7.94 7.94 7.88 7.94 7.93 8.03 8.06 8.01 8.00 8.02 7.99 7.99 8.00 8.04 8.11 8.19 8.29 8.39 8.48 8.56 8.67 8.79 8.88 8.96 9.06 9.13 9.18 9.22 9.25 9.25 9.23 9.21 9.24 9.28 9.31 9.32 9.31 9.28 9.26 9.17
8.07 8.12 8.05 8.02 8.06 8.10 8.13 8.18 8.21 8.14 8.03 8.07 8.08 8.07 8.03 7.98 7.98 7.99 7.93 7.81 8.04 8.14 8.17 8.21 8.21 8.22 8.20 8.15 8.00 8.04 8.09 8.02 7.98 7.97 7.95 7.97 7.93 7.91 7.91 7.95 7.99 7.93 7.83 7.86 7.83 8.04 7.95 7.99 7.97 8.01 8.01 8.01 8.04 8.08 8.14 8.21 8.27 8.35 8.45 8.55 8.68 8.72 8.78 8.88 9.00 9.11 9.19 9.24 9.29 9.28 9.27 9.25 9.26 9.30 9.32 9.32 9.30 9.27 9.25 9.19
8.06 8.01 8.05 8.09 8.16 8.18 8.16 8.22 8.23 8.20 8.15 8.17 8.12 8.06 8.05 8.03 8.03 8.04 8.04 7.94 7.98 7.99 8.01 8.18 8.16 8.20 8.13 8.14 7.99 8.03 8.12 8.07 8.03 8.01 8.00 7.91 7.85 7.86 7.91 7.97 8.02 7.94 7.90 7.98 7.99 8.08 8.01 7.95 7.91 7.96 7.99 8.00 8.06 8.10 8.17 8.23 8.27 8.31 8.44 8.58 8.66 8.67 8.73 8.85 8.98 9.05 9.14 9.20 9.27 9.28 9.29 9.31 9.31 9.33 9.33 9.31 9.29 9.23 9.13 9.20
8.17 8.13 8.11 8.10 8.11 8.23 8.17 8.26 8.26 8.24 8.21 8.19 8.13 8.08 8.07 8.07 8.08 8.07 7.94 7.93 7.97 7.96 7.60 8.09 8.22 8.23 7.68 8.00 8.09 8.13 8.13 8.07 8.01 7.95 7.89 7.83 7.75 7.86 7.96 8.04 8.01 7.95 7.96 8.02 8.06 8.06 8.02 7.96 7.95 7.97 7.98 7.99 8.04 8.09 8.16 8.23 8.27 8.33 8.45 8.56 8.62 8.66 8.72 8.82 8.90 8.97 9.04 9.11 9.17 9.22 9.26 9.30 9.30 9.31 9.30 9.26 9.22 9.18 9.17 9.19
8.21 8.23 8.21 8.14 8.12 8.26 8.27 8.28 8.28 8.26 8.23 8.22 8.15 8.07 8.10 8.11 8.13 8.12 7.73 7.91 7.97 8.12 8.07 8.18 8.25 8.18 8.00 8.21 8.19 8.16 8.13 8.08 7.99 7.89 7.85 7.90 7.94 7.97 8.03 8.06 8.01 7.93 7.97 8.02 8.10 8.10 8.05 7.97 8.00 8.04 8.03 8.02 8.02 8.07 8.15 8.22 8.27 8.34 8.45 8.53 8.56 8.64 8.71 8.77 8.83 8.89 8.95 9.00 9.05 9.10 9.16 9.20 9.22 9.24 9.23 9.19 9.14 9.11 9.09 9.11
8.19 8.28 8.26 8.16 7.87 8.04 8.27 8.29 8.22 8.19 8.24 8.23 8.20 8.17 8.17 8.16 8.17 8.14 8.04 8.06 7.92 8.13 8.18 8.21 8.25 8.21 8.07 8.18 8.20 8.11 8.11 8.07 7.97 7.87 7.99 8.00 8.02 8.04 8.08 8.08 8.04 8.01 8.03 8.06 8.11 8.10 8.07 8.03 8.05 8.10 8.10 8.06 8.03 8.04 8.10 8.18 8.27 8.36 8.40 8.41 8.44 8.49 8.57 8.66 8.73 8.79 8.84 8.89 8.94 8.99 9.04 9.07 9.08 9.09 9.14 9.10 9.04 9.00 8.96 8.94
8.32 8.31 8.27 8.19 8.21 8.14 8.22 8.30 8.32 8.29 8.27 8.28 8.27 8.25 8.24 8.19 8.21 8.15 8.11 8.14 8.19 8.22 8.24 8.27 8.27 8.15 8.00 8.12 8.18 8.01 8.04 8.08 8.01 7.99 8.01 8.03 8.07 8.09 8.11 8.11 8.09 8.07 8.09 8.12 8.11 8.09 8.07 8.07 8.10 8.13 8.12 8.06 8.01 8.00 8.04 8.11 8.23 8.32 8.31 8.26 8.31 8.36 8.43 8.54 8.65 8.70 8.72 8.78 8.83 8.89 8.92 8.94 8.75 8.98 9.01 9.00 8.95 8.89 8.84 8.79
8.37 8.35 8.30 8.25 8.25 8.23 8.23 8.23 8.24 8.27 8.30 8.31 8.31 8.31 8.23 8.06 8.22 8.21 8.18 8.20 8.19 8.23 8.27 8.28 8.27 8.26 8.25 8.22 8.14 8.04 8.02 8.06 8.05 8.01 8.00 8.06 8.11 8.12 8.12 8.12 8.12 8.12 8.14 8.12 8.10 8.08 8.08 8.11 8.15 8.14 8.09 8.06 8.03 8.01 8.03 8.08 8.17 8.26 8.27 8.25 8.26 8.28 8.34 8.46 8.57 8.61 8.62 8.67 8.74 8.78 8.81 8.82 8.83 8.88 8.90 8.88 8.86 8.82 8.77 8.69
8.38 8.35 8.30 8.26 8.27 8.25 8.25 8.19 8.23 8.38 8.35 8.31 8.26 8.29 8.25 8.18 8.28 8.27 8.30 8.26 8.21 8.23 8.27 8.27 8.25 8.24 8.13 8.14 8.09 8.06 8.02 8.05 8.05 8.03 8.10 8.11 8.14 8.13 8.12 8.12 8.14 8.15 8.13 8.13 8.10 8.08 8.08 8.12 8.16 8.17 8.10 8.06 8.04 8.02 8.01 8.04 8.12 8.20 8.23 8.24 8.22 8.21 8.26 8.38 8.50 8.53 8.51 8.59 8.64 8.69 8.71 8.72 8.74 8.78 8.79 8.79 8.78 8.77 8.74 8.63
8.38 8.32 8.27 8.28 8.28 8.31 8.33 8.36 8.31 8.35 8.37 8.29 8.23 8.33 8.34 8.32 8.34 8.32 8.33 8.29 8.25 8.22 8.21 8.21 8.20 8.21 8.10 8.02 8.08 8.09 8.08 8.07 8.07 8.09 8.13 8.13 8.11 8.10 8.07 8.08 8.11 8.12 8.12 8.12 8.12 8.10 8.11 8.14 8.15 8.15 8.11 8.07 8.01 7.99 7.98 8.01 8.06 8.12 8.16 8.17 8.17 8.17 8.23 8.32 8.41 8.46 8.50 8.54 8.57 8.60 8.62 8.63 8.65 8.65 8.68 8.70 8.71 8.69 8.65 8.56
8.44 8.38 8.34 8.35 8.32 8.40 8.41 8.42 8.42 8.38 8.32 8.36 8.32 8.35 8.39 8.39 8.38 8.37 8.33 8.29 8.28 8.18 8.14 8.18 8.16 8.04 7.91 7.94 8.13 8.15 8.13 8.10 8.09 8.11 8.14 8.14 8.13 8.08 8.02 8.04 8.08 8.10 8.13 8.13 8.12 8.12 8.12 8.13 8.13 8.08 8.07 8.03 7.98 7.95 7.95 7.95 8.01 8.06 8.09 8.10 8.10 8.12 8.17 8.24 8.31 8.35 8.36 8.43 8.48 8.52 8.53 8.54 8.55 8.56 8.58 8.62 8.63 8.62 8.59 8.51
8.47 8.37 8.39 8.43 8.37 8.34 8.33 8.43 8.42 8.39 8.32 8.32 8.32 8.39 8.42 8.41 8.37 8.35 8.37 8.32 8.24 8.21 8.14 8.21 8.09 7.73 7.46 8.02 8.19 8.17 8.18 8.15 8.14 8.15 8.16 8.14 8.09 7.99 8.02 8.07 8.11 8.13 8.13 8.12 8.13 8.11 8.10 8.07 8.10 8.08 8.05 8.02 8.00 7.97 7.94 7.92 7.96 8.01 8.03 8.04 8.02 7.99 8.03 8.13 8.21 8.27 8.32 8.37 8.40 8.44 8.47 8.46 8.47 8.50 8.52 8.55 8.55 8.53 8.52 8.48
8.50 8.47 8.49 8.47 8.38 8.39 8.38 8.35 8.39 8.37 8.31 8.29 8.32 8.40 8.43 8.43 8.37 8.30 8.34 8.38 8.37 8.28 8.17 8.21 8.24 8.01 7.85 7.91 8.06 8.09 8.17 8.19 8.18 8.18 8.18 8.16 8.09 7.98 8.06 8.14 8.16 8.16 8.14 8.11 8.11 8.12 8.06 8.00 8.11 8.12 8.08 8.03 8.04 8.01 7.93 7.88 7.89 7.96 7.97 7.99 7.96 7.91 7.95 8.04 8.13 8.21 8.28 8.30 8.33 8.36 8.39 8.36 8.36 8.45 8.47 8.48 8.47 8.44 8.39 8.42
8.63 8.59 8.57 8.51 8.44 8.44 8.41 8.34 8.43 8.42 8.34 8.29 8.34 8.39 8.38 8.44 8.41 8.32 8.32 8.32 8.32 8.26 8.24 8.22 8.09 8.22 8.11 8.03 8.06 8.12 8.20 8.21 8.18 8.19 8.18 8.14 8.07 8.04 8.11 8.16 8.14 8.12 8.13 8.14 8.12 8.09 8.07 8.08 8.12 8.12 8.10 8.09 8.04 7.99 7.91 7.83 7.83 7.87 7.89 7.87 7.85 7.88 7.93 8.00 8.06 8.13 8.18 8.21 8.22 8.25 8.27 8.20 8.22 8.35 8.40 8.42 8.39 8.35 8.32 8.32
8.52 8.58 8.55 8.53 8.49 8.49 8.52 8.40 8.47 8.50 8.44 8.35 8.31 8.45 8.47 8.48 8.43 8.32 8.34 8.34 8.31 8.23 8.22 8.22 8.28 8.21 8.14 8.11 8.14 8.19 8.24 8.20 8.18 8.20 8.20 8.15 8.07 8.06 8.14 8.16 8.10 8.05 8.11 8.16 8.14 8.10 8.09 8.13 8.13 8.10 8.06 8.06 8.03 7.97 7.91 7.84 7.80 7.78 7.83 7.80 7.81 7.84 7.89 7.97 8.01 8.07 8.09 8.14 8.11 8.14 8.18 8.18 8.23 8.33 8.35 8.36 8.34 8.28 8.24 8.22
8.65 8.64 8.51 8.49 8.49 8.55 8.59 8.55 8.54 8.55 8.49 8.39 8.39 8.50 8.49 8.48 8.47 8.37 8.38 8.37 8.31 8.25 8.23 8.22 8.28 8.28 8.17 8.07 8.17 8.25 8.27 8.25 8.21 8.21 8.22 8.21 8.17 8.17 8.18 8.16 8.09 8.09 8.15 8.17 8.15 8.13 8.13 8.13 8.09 8.05 8.02 8.01 8.03 8.01 7.97 7.90 7.83 7.79 7.81 7.83 7.83 7.84 7.87 7.93 7.97 8.01 8.04 8.06 8.01 8.07 8.14 8.19 8.23 8.25 8.29 8.32 8.30 8.25 8.18 8.16
8.79 8.74 8.66 8.58 8.61 8.65 8.66 8.62 8.60 8.60 8.52 8.43 8.43 8.51 8.48 8.52 8.58 8.50 8.45 8.41 8.34 8.32 8.28 8.25 8.29 8.36 8.32 8.28 8.29 8.31 8.29 8.27 8.24 8.17 8.14 8.21 8.23 8.20 8.20 8.19 8.15 8.19 8.19 8.18 8.16 8.15 8.14 8.08 8.03 7.99 7.96 7.93 7.92 7.97 7.99 7.97 7.89 7.85 7.85 7.87 7.86 7.84 7.86 7.88 7.91 7.95 7.97 8.00 8.00 8.06 8.13 8.17 8.16 8.19 8.20 8.27 8.27 8.23 8.14 8.16
