main/data/pressure/15.12.2023.grid
ncols 886
nrows 691
xllcenter 112.0000
yllcenter -44.5000
cellsize 0.0500
nodata_value 99999.90
[rows 560 to 594 of 691, columns 702 to 779 of 886]
14.42 14.43 14.54 14.64 14.71 14.78 14.96 15.00 15.08 15.23 15.35 15.45 15.55 15.65 15.75 15.83 15.93 16.01 16.10 16.17 16.24 16.31 16.38 16.44 16.49 16.54 16.60 16.64 16.69 16.73 16.76 16.79 16.82 16.85 16.87 16.89 16.90 16.91 16.92 16.93 16.93 16.94 16.94 16.95 16.94 16.93 16.93 16.92 16.92 16.92 16.92 16.94 16.95 16.97 16.99 17.02 17.05 17.09 17.12 17.16 17.19 17.23 17.27 17.30 17.32 17.36 17.38 17.42 17.45 17.47 17.50 17.52 17.55 17.58 17.67 17.76 17.85 17.93
14.37 14.47 14.58 14.67 14.71 14.82 14.95 15.04 15.14 15.22 15.32 15.41 15.52 15.62 15.70 15.80 15.89 15.97 16.06 16.14 16.21 16.28 16.35 16.41 16.46 16.52 16.57 16.62 16.66 16.71 16.74 16.77 16.80 16.83 16.85 16.87 16.88 16.90 16.90 16.91 16.92 16.91 16.91 16.91 16.91 16.91 16.89 16.89 16.89 16.88 16.89 16.90 16.91 16.93 16.96 16.98 17.01 17.05 17.07 17.10 17.14 17.17 17.20 17.23 17.27 17.30 17.33 17.35 17.39 17.42 17.44 17.46 17.51 17.59 17.69 17.77 17.86 17.93
14.34 14.43 14.54 14.64 14.73 14.82 14.91 14.99 15.09 15.20 15.29 15.39 15.48 15.57 15.67 15.77 15.85 15.94 16.02 16.11 16.18 16.25 16.31 16.38 16.44 16.49 16.55 16.60 16.64 16.68 16.72 16.75 16.78 16.81 16.83 16.85 16.86 16.87 16.88 16.88 16.89 16.89 16.89 16.88 16.88 16.88 16.86 16.86 16.86 16.86 16.86 16.86 16.88 16.89 16.91 16.94 16.96 16.99 17.02 17.06 17.09 17.12 17.16 17.18 17.21 17.24 17.27 17.30 17.33 17.35 17.39 17.45 17.53 17.62 17.70 17.78 17.86 17.93
14.34 14.43 14.46 14.60 14.68 14.77 14.85 14.96 15.06 15.16 15.25 15.35 15.44 15.54 15.63 15.72 15.81 15.90 15.99 16.06 16.14 16.21 16.28 16.35 16.40 16.46 16.52 16.57 16.62 16.65 16.70 16.72 16.76 16.79 16.80 16.82 16.84 16.85 16.86 16.86 16.86 16.86 16.86 16.85 16.85 16.84 16.84 16.83 16.83 16.83 16.83 16.84 16.84 16.86 16.88 16.90 16.92 16.95 16.98 17.01 17.04 17.07 17.10 17.13 17.16 17.19 17.22 17.25 17.28 17.32 17.39 17.47 17.55 17.64 17.71 17.79 17.86 17.93
14.06 14.19 14.35 14.52 14.61 14.73 14.85 14.94 15.03 15.13 15.21 15.31 15.40 15.50 15.59 15.68 15.78 15.86 15.94 16.02 16.10 16.18 16.24 16.31 16.38 16.43 16.49 16.54 16.59 16.63 16.67 16.70 16.73 16.76 16.78 16.80 16.82 16.82 16.83 16.84 16.83 16.84 16.83 16.83 16.82 16.81 16.80 16.80 16.79 16.79 16.79 16.80 16.81 16.82 16.84 16.85 16.88 16.91 16.93 16.96 16.98 17.02 17.05 17.07 17.11 17.13 17.17 17.21 17.27 17.34 17.41 17.49 17.57 17.64 17.72 17.79 17.85 17.92
14.10 14.26 14.37 14.49 14.57 14.70 14.82 14.91 15.00 15.09 15.18 15.28 15.37 15.46 15.55 15.64 15.73 15.81 15.91 15.98 16.06 16.13 16.20 16.28 16.34 16.40 16.45 16.51 16.56 16.61 16.64 16.67 16.71 16.74 16.76 16.78 16.79 16.80 16.80 16.81 16.80 16.81 16.80 16.80 16.79 16.78 16.77 16.76 16.76 16.76 16.76 16.76 16.77 16.78 16.80 16.81 16.84 16.86 16.88 16.91 16.94 16.96 17.00 17.02 17.06 17.09 17.15 17.22 17.29 17.36 17.44 17.51 17.57 17.65 17.72 17.78 17.85 17.91
14.17 14.29 14.41 14.52 14.62 14.71 14.80 14.88 14.97 15.06 15.14 15.24 15.33 15.42 15.51 15.60 15.69 15.78 15.86 15.95 16.03 16.10 16.17 16.24 16.30 16.36 16.43 16.48 16.52 16.58 16.61 16.65 16.68 16.71 16.74 16.75 16.77 16.77 16.78 16.78 16.79 16.78 16.77 16.77 16.76 16.75 16.74 16.73 16.73 16.72 16.73 16.73 16.74 16.74 16.76 16.77 16.80 16.81 16.84 16.86 16.89 16.92 16.95 17.00 17.05 17.11 17.17 17.25 17.31 17.38 17.45 17.51 17.58 17.65 17.71 17.77 17.83 17.89
14.21 14.33 14.44 14.52 14.61 14.69 14.77 14.85 14.94 15.02 15.12 15.21 15.29 15.38 15.47 15.56 15.65 15.74 15.82 15.90 15.98 16.05 16.13 16.20 16.27 16.33 16.39 16.44 16.49 16.54 16.58 16.62 16.66 16.68 16.70 16.73 16.74 16.75 16.75 16.75 16.76 16.75 16.75 16.74 16.73 16.72 16.71 16.70 16.69 16.69 16.69 16.69 16.70 16.70 16.72 16.73 16.75 16.77 16.80 16.82 16.85 16.90 16.95 17.01 17.07 17.13 17.19 17.25 17.32 17.38 17.45 17.51 17.58 17.64 17.69 17.76 17.82 17.86
14.27 14.31 14.44 14.51 14.59 14.66 14.74 14.83 14.91 14.99 15.09 15.17 15.26 15.34 15.43 15.52 15.61 15.70 15.78 15.86 15.94 16.02 16.09 16.16 16.23 16.29 16.35 16.41 16.46 16.51 16.55 16.59 16.62 16.66 16.68 16.69 16.72 16.72 16.74 16.73 16.73 16.72 16.72 16.71 16.70 16.69 16.68 16.67 16.66 16.65 16.66 16.66 16.66 16.67 16.68 16.70 16.71 16.75 16.78 16.82 16.87 16.92 16.97 17.03 17.09 17.15 17.20 17.26 17.33 17.39 17.45 17.51 17.57 17.62 17.68 17.74 17.78 17.84
14.30 14.37 14.43 14.50 14.57 14.64 14.72 14.80 14.88 14.97 15.05 15.13 15.22 15.31 15.39 15.48 15.57 15.65 15.74 15.81 15.89 15.97 16.05 16.12 16.19 16.25 16.31 16.37 16.42 16.48 16.52 16.56 16.59 16.62 16.65 16.67 16.68 16.70 16.70 16.70 16.70 16.70 16.69 16.68 16.67 16.66 16.65 16.63 16.63 16.62 16.62 16.62 16.63 16.64 16.66 16.69 16.72 16.75 16.80 16.84 16.89 16.93 16.99 17.04 17.10 17.15 17.21 17.27 17.32 17.38 17.44 17.50 17.55 17.60 17.66 17.71 17.76 17.81
14.30 14.36 14.42 14.49 14.56 14.63 14.70 14.78 14.86 14.94 15.02 15.10 15.18 15.27 15.36 15.44 15.53 15.61 15.69 15.77 15.85 15.93 16.01 16.08 16.14 16.21 16.27 16.33 16.39 16.43 16.49 16.53 16.56 16.59 16.62 16.64 16.66 16.67 16.67 16.67 16.67 16.67 16.66 16.65 16.64 16.63 16.61 16.60 16.59 16.59 16.59 16.61 16.62 16.64 16.66 16.69 16.73 16.77 16.81 16.85 16.89 16.95 16.99 17.05 17.10 17.15 17.20 17.26 17.31 17.37 17.42 17.48 17.52 17.57 17.63 17.67 17.72 17.76
14.31 14.36 14.42 14.48 14.55 14.61 14.69 14.76 14.84 14.92 14.99 15.07 15.16 15.24 15.32 15.40 15.49 15.57 15.65 15.73 15.82 15.89 15.96 16.04 16.11 16.18 16.24 16.30 16.35 16.40 16.45 16.49 16.53 16.56 16.59 16.61 16.63 16.64 16.64 16.66 16.65 16.64 16.63 16.62 16.60 16.58 16.57 16.56 16.56 16.56 16.57 16.59 16.61 16.64 16.66 16.69 16.73 16.76 16.80 16.85 16.90 16.94 16.99 17.04 17.09 17.14 17.19 17.24 17.29 17.35 17.40 17.45 17.49 17.54 17.60 17.64 17.69 17.72
14.31 14.37 14.42 14.48 14.55 14.61 14.68 14.75 14.82 14.90 14.97 15.05 15.13 15.20 15.29 15.37 15.45 15.53 15.61 15.69 15.77 15.85 15.92 15.99 16.06 16.13 16.20 16.25 16.31 16.36 16.41 16.45 16.49 16.53 16.55 16.58 16.60 16.62 16.62 16.62 16.61 16.59 16.57 16.55 16.54 16.53 16.52 16.52 16.53 16.54 16.55 16.57 16.59 16.61 16.64 16.68 16.72 16.76 16.80 16.84 16.88 16.93 16.97 17.02 17.07 17.12 17.17 17.22 17.27 17.32 17.37 17.41 17.46 17.51 17.55 17.60 17.63 17.68
14.32 14.37 14.43 14.48 14.55 14.60 14.67 14.73 14.80 14.88 14.95 15.02 15.10 15.18 15.26 15.33 15.42 15.49 15.57 15.65 15.73 15.80 15.88 15.95 16.02 16.09 16.16 16.21 16.27 16.32 16.37 16.42 16.46 16.50 16.53 16.55 16.56 16.57 16.56 16.54 16.52 16.50 16.49 16.48 16.47 16.47 16.47 16.48 16.49 16.50 16.52 16.54 16.57 16.60 16.63 16.66 16.70 16.73 16.77 16.82 16.86 16.90 16.95 17.00 17.04 17.09 17.14 17.19 17.24 17.29 17.33 17.37 17.42 17.46 17.51 17.55 17.59 17.64
14.34 14.38 14.43 14.49 14.54 14.60 14.66 14.73 14.80 14.87 14.94 15.01 15.08 15.16 15.23 15.30 15.38 15.46 15.53 15.62 15.69 15.77 15.84 15.91 15.98 16.05 16.12 16.17 16.23 16.29 16.34 16.39 16.42 16.46 16.48 16.50 16.49 16.47 16.46 16.44 16.42 16.41 16.40 16.40 16.40 16.41 16.41 16.43 16.44 16.46 16.48 16.51 16.54 16.57 16.60 16.64 16.68 16.71 16.76 16.80 16.84 16.88 16.93 16.96 17.01 17.06 17.11 17.15 17.20 17.25 17.28 17.33 17.38 17.42 17.46 17.50 17.54 17.58
14.34 14.39 14.44 14.50 14.55 14.61 14.67 14.73 14.79 14.86 14.92 14.99 15.06 15.14 15.21 15.28 15.35 15.43 15.51 15.58 15.65 15.73 15.80 15.87 15.94 16.01 16.08 16.13 16.20 16.25 16.30 16.35 16.38 16.41 16.41 16.40 16.38 16.35 16.34 16.33 16.32 16.32 16.32 16.33 16.33 16.34 16.36 16.38 16.39 16.41 16.44 16.46 16.50 16.53 16.56 16.60 16.64 16.68 16.72 16.76 16.80 16.85 16.89 16.94 16.98 17.02 17.07 17.11 17.16 17.20 17.24 17.29 17.33 17.37 17.41 17.45 17.49 17.53
14.36 14.41 14.45 14.50 14.56 14.61 14.67 14.73 14.79 14.86 14.91 14.98 15.05 15.12 15.19 15.26 15.33 15.40 15.47 15.55 15.62 15.69 15.77 15.84 15.90 15.97 16.04 16.10 16.16 16.21 16.26 16.30 16.31 16.29 16.28 16.27 16.26 16.25 16.24 16.23 16.23 16.24 16.24 16.25 16.27 16.27 16.29 16.31 16.34 16.37 16.39 16.43 16.46 16.49 16.53 16.57 16.60 16.64 16.68 16.72 16.76 16.81 16.85 16.90 16.94 16.98 17.02 17.07 17.11 17.15 17.19 17.24 17.27 17.32 17.36 17.39 17.43 17.47
14.38 14.42 14.46 14.52 14.57 14.63 14.68 14.74 14.79 14.86 14.92 14.98 15.04 15.11 15.18 15.25 15.32 15.39 15.46 15.53 15.59 15.66 15.74 15.80 15.88 15.94 16.00 16.07 16.12 16.17 16.19 16.19 16.18 16.17 16.17 16.15 16.15 16.15 16.15 16.14 16.15 16.16 16.17 16.19 16.20 16.21 16.24 16.26 16.29 16.32 16.35 16.37 16.41 16.44 16.48 16.52 16.56 16.60 16.64 16.67 16.72 16.76 16.80 16.85 16.89 16.93 16.97 17.02 17.06 17.10 17.14 17.18 17.22 17.26 17.30 17.34 17.37 17.42
14.39 14.43 14.49 14.53 14.59 14.64 14.70 14.75 14.81 14.86 14.92 14.98 15.04 15.11 15.18 15.23 15.30 15.37 15.44 15.51 15.58 15.65 15.71 15.78 15.84 15.91 15.97 16.04 16.08 16.09 16.08 16.08 16.07 16.06 16.06 16.05 16.05 16.05 16.06 16.06 16.07 16.08 16.10 16.11 16.13 16.16 16.18 16.21 16.24 16.26 16.29 16.33 16.36 16.40 16.43 16.47 16.51 16.55 16.59 16.63 16.67 16.71 16.75 16.80 16.84 16.88 16.92 16.96 17.01 17.04 17.09 17.12 17.16 17.21 17.24 17.28 17.31 17.36
14.41 14.46 14.50 14.55 14.60 14.65 14.71 14.76 14.82 14.87 14.93 14.99 15.05 15.11 15.18 15.23 15.30 15.37 15.43 15.50 15.56 15.63 15.70 15.76 15.82 15.89 15.95 15.99 16.00 15.99 15.98 15.97 15.97 15.96 15.96 15.97 15.96 15.97 15.98 15.98 16.00 16.02 16.04 16.05 16.07 16.10 16.13 16.15 16.18 16.21 16.25 16.27 16.31 16.35 16.39 16.43 16.46 16.50 16.54 16.58 16.62 16.67 16.70 16.74 16.79 16.82 16.86 16.91 16.95 16.99 17.03 17.06 17.10 17.14 17.18 17.21 17.26 17.29
14.43 14.47 14.52 14.57 14.62 14.68 14.72 14.78 14.83 14.88 14.95 15.01 15.06 15.12 15.18 15.24 15.30 15.36 15.43 15.49 15.56 15.62 15.68 15.75 15.81 15.88 15.92 15.92 15.91 15.91 15.89 15.89 15.88 15.89 15.88 15.89 15.89 15.90 15.91 15.91 15.93 15.95 15.96 15.99 16.01 16.04 16.06 16.09 16.13 16.16 16.19 16.22 16.26 16.30 16.33 16.37 16.41 16.45 16.48 16.53 16.57 16.61 16.64 16.69 16.73 16.76 16.81 16.85 16.88 16.93 16.97 17.00 17.04 17.08 17.12 17.15 17.19 17.23
14.45 14.49 14.55 14.59 14.64 14.69 14.74 14.80 14.85 14.91 14.96 15.01 15.08 15.13 15.19 15.25 15.31 15.37 15.43 15.49 15.55 15.62 15.68 15.74 15.80 15.85 15.86 15.86 15.85 15.83 15.83 15.82 15.82 15.82 15.82 15.82 15.83 15.83 15.85 15.85 15.87 15.89 15.91 15.93 15.96 15.98 16.01 16.04 16.06 16.10 16.14 16.17 16.20 16.24 16.28 16.31 16.35 16.39 16.43 16.47 16.51 16.55 16.58 16.63 16.67 16.70 16.75 16.79 16.82 16.87 16.91 16.94 16.98 17.02 17.05 17.09 17.12 17.16
14.46 14.51 14.57 14.61 14.67 14.71 14.77 14.82 14.87 14.93 14.98 15.03 15.09 15.15 15.20 15.26 15.32 15.38 15.43 15.49 15.56 15.62 15.68 15.74 15.79 15.83 15.82 15.81 15.79 15.79 15.77 15.76 15.76 15.76 15.76 15.76 15.77 15.77 15.79 15.80 15.82 15.84 15.85 15.88 15.89 15.92 15.96 15.98 16.01 16.05 16.07 16.11 16.15 16.18 16.22 16.26 16.29 16.33 16.37 16.41 16.45 16.49 16.52 16.57 16.61 16.64 16.68 16.73 16.76 16.80 16.83 16.88 16.91 16.95 16.98 17.03 17.06 17.10
14.48 14.53 14.58 14.63 14.69 14.74 14.79 14.84 14.89 14.94 15.00 15.06 15.11 15.16 15.22 15.27 15.32 15.39 15.45 15.50 15.56 15.62 15.68 15.73 15.78 15.80 15.79 15.78 15.76 15.74 15.73 15.73 15.72 15.71 15.72 15.71 15.72 15.72 15.74 15.75 15.77 15.78 15.80 15.82 15.84 15.87 15.89 15.93 15.96 15.99 16.02 16.05 16.09 16.13 16.16 16.20 16.24 16.27 16.31 16.35 16.39 16.43 16.46 16.50 16.55 16.58 16.62 16.66 16.70 16.74 16.77 16.81 16.84 16.89 16.92 16.95 16.99 17.02
14.49 14.55 14.60 14.65 14.71 14.76 14.82 14.87 14.92 14.97 15.02 15.07 15.13 15.18 15.23 15.28 15.34 15.40 15.46 15.51 15.56 15.62 15.67 15.72 15.77 15.79 15.78 15.75 15.73 15.72 15.71 15.69 15.68 15.67 15.68 15.67 15.68 15.68 15.70 15.70 15.71 15.73 15.75 15.77 15.79 15.81 15.84 15.87 15.90 15.93 15.96 16.00 16.03 16.06 16.10 16.13 16.18 16.21 16.25 16.29 16.32 16.36 16.41 16.44 16.48 16.51 16.56 16.60 16.63 16.67 16.70 16.74 16.78 16.81 16.85 16.88 16.92 16.96
14.51 14.56 14.62 14.67 14.73 14.78 14.84 14.89 14.94 14.99 15.04 15.09 15.14 15.19 15.24 15.29 15.35 15.40 15.45 15.51 15.56 15.61 15.67 15.72 15.77 15.78 15.77 15.74 15.72 15.71 15.69 15.67 15.66 15.65 15.65 15.64 15.65 15.64 15.65 15.66 15.67 15.69 15.70 15.72 15.74 15.76 15.78 15.82 15.84 15.87 15.91 15.93 15.97 16.00 16.04 16.08 16.11 16.15 16.18 16.22 16.26 16.30 16.34 16.37 16.41 16.45 16.49 16.52 16.56 16.60 16.64 16.67 16.71 16.74 16.78 16.82 16.85 16.89
14.51 14.57 14.63 14.69 14.75 14.80 14.86 14.91 14.96 15.00 15.05 15.10 15.15 15.20 15.25 15.30 15.36 15.41 15.45 15.51 15.55 15.60 15.65 15.70 15.74 15.78 15.78 15.75 15.73 15.70 15.68 15.66 15.64 15.63 15.62 15.61 15.61 15.61 15.61 15.62 15.63 15.63 15.65 15.67 15.69 15.71 15.74 15.76 15.79 15.81 15.85 15.88 15.91 15.95 15.98 16.02 16.05 16.09 16.12 16.16 16.20 16.23 16.27 16.31 16.35 16.38 16.42 16.45 16.50 16.53 16.57 16.60 16.64 16.67 16.71 16.75 16.78 16.82
14.51 14.58 14.64 14.70 14.76 14.81 14.86 14.91 14.96 15.02 15.06 15.11 15.16 15.21 15.25 15.30 15.35 15.39 15.45 15.49 15.54 15.58 15.63 15.67 15.71 15.75 15.78 15.76 15.73 15.70 15.68 15.65 15.63 15.61 15.61 15.59 15.58 15.59 15.58 15.58 15.59 15.60 15.61 15.62 15.63 15.66 15.68 15.71 15.73 15.76 15.78 15.82 15.84 15.88 15.91 15.95 15.99 16.02 16.05 16.09 16.13 16.16 16.21 16.24 16.28 16.31 16.35 16.38 16.43 16.46 16.49 16.53 16.56 16.60 16.64 16.68 16.71 16.74
14.53 14.58 14.64 14.70 14.77 14.83 14.88 14.92 14.97 15.02 15.06 15.11 15.16 15.20 15.25 15.30 15.34 15.38 15.42 15.46 15.51 15.55 15.59 15.64 15.67 15.71 15.75 15.76 15.74 15.71 15.68 15.65 15.63 15.60 15.59 15.58 15.56 15.55 15.55 15.55 15.55 15.56 15.56 15.57 15.59 15.60 15.63 15.65 15.68 15.70 15.73 15.75 15.79 15.82 15.85 15.88 15.92 15.95 15.99 16.02 16.06 16.09 16.14 16.17 16.21 16.24 16.28 16.31 16.36 16.39 16.42 16.46 16.49 16.53 16.57 16.60 16.64 16.67
14.51 14.58 14.64 14.71 14.71 14.58 14.88 14.93 14.97 15.01 15.06 15.10 15.14 15.19 15.23 15.27 15.31 15.35 15.39 15.44 15.47 15.52 15.55 15.59 15.62 15.66 15.69 15.73 15.74 15.72 15.69 15.66 15.63 15.60 15.57 15.56 15.54 15.53 15.52 15.52 15.51 15.51 15.52 15.53 15.54 15.56 15.57 15.60 15.61 15.63 15.67 15.69 15.72 15.75 15.79 15.82 15.85 15.88 15.92 15.95 15.99 16.03 16.07 16.10 16.14 16.17 16.20 16.24 16.28 16.32 16.35 16.39 16.42 16.45 16.49 16.53 16.56 16.60
14.51 14.57 14.64 14.70 14.76 13.85 14.86 14.91 14.96 15.00 15.05 15.08 15.13 15.17 15.21 15.24 15.28 15.32 15.36 15.39 15.43 15.47 15.49 15.53 15.56 15.59 15.63 15.66 15.69 15.71 15.69 15.66 15.63 15.59 15.56 15.54 15.52 15.51 15.49 15.48 15.48 15.47 15.47 15.49 15.49 15.50 15.52 15.54 15.55 15.58 15.60 15.63 15.66 15.68 15.72 15.75 15.79 15.81 15.85 15.88 15.92 15.96 16.00 16.03 16.07 16.10 16.13 16.17 16.20 16.25 16.28 16.31 16.35 16.38 16.41 16.45 16.48 16.52
14.49 14.55 14.63 14.69 14.75 14.80 14.85 14.89 14.94 14.98 15.02 15.06 15.10 15.14 15.17 15.21 15.25 15.28 15.31 15.34 15.37 15.41 15.43 15.47 15.49 15.52 15.56 15.59 15.62 15.64 15.66 15.65 15.63 15.59 15.55 15.52 15.50 15.47 15.46 15.45 15.43 15.43 15.43 15.43 15.44 15.45 15.46 15.47 15.50 15.52 15.54 15.57 15.59 15.62 15.65 15.69 15.72 15.74 15.78 15.81 15.85 15.88 15.91 15.96 15.99 16.03 16.06 16.10 16.13 16.16 16.20 16.24 16.27 16.31 16.34 16.38 16.41 16.44
14.47 14.53 14.60 14.66 14.72 14.77 14.82 14.87 14.90 14.95 14.99 15.02 15.06 15.09 15.13 15.16 15.18 15.22 15.25 15.28 15.30 15.34 15.36 15.39 15.41 15.45 15.48 15.50 15.52 15.55 15.58 15.60 15.60 15.57 15.54 15.51 15.47 15.45 15.42 15.40 15.40 15.39 15.38 15.38 15.39 15.39 15.40 15.42 15.43 15.45 15.48 15.50 15.52 15.56 15.58 15.62 15.64 15.67 15.71 15.74 15.78 15.81 15.84 15.88 15.91 15.96 15.99 16.02 16.06 16.09 16.13 16.16 16.19 16.23 16.27 16.30 16.34 16.37
14.44 14.51 14.57 14.63 14.69 14.74 14.78 14.82 14.87 14.91 14.94 14.97 15.01 15.04 15.06 15.09 15.12 15.15 15.17 15.21 15.23 15.25 15.28 15.30 15.33 15.36 15.38 15.41 15.43 15.46 15.48 15.51 15.53 15.54 15.51 15.47 15.44 15.42 15.39 15.37 15.35 15.33 15.33 15.33 15.33 15.33 15.35 15.36 15.37 15.39 15.41 15.43 15.46 15.49 15.51 15.55 15.57 15.60 15.64 15.67 15.71 15.74 15.77 15.81 15.84 15.88 15.91 15.94 15.99 16.02 16.05 16.09 16.12 16.15 16.19 16.22 16.25 16.29
14.41 14.47 14.53 14.59 14.63 14.69 14.73 14.77 14.81 14.85 14.89 14.92 14.95 14.97 15.00 15.03 15.05 15.08 15.10 15.12 15.15 15.17 15.19 15.22 15.24 15.26 15.29 15.31 15.34 15.36 15.38 15.41 15.43 15.45 15.46 15.44 15.40 15.37 15.34 15.31 15.30 15.29 15.27 15.27 15.26 15.27 15.28 15.29 15.30 15.32 15.34 15.36 15.39 15.41 15.44 15.47 15.50 15.53 15.57 15.60 15.63 15.67 15.70 15.74 15.77 15.80 15.84 15.87 15.90 15.94 15.97 16.00 16.04 16.08 16.11 16.15 16.18 16.21
