main/data/pressure/15.12.2023.grid
ncols 886
nrows 691
xllcenter 112.0000
yllcenter -44.5000
cellsize 0.0500
nodata_value 99999.90
[rows 210 to 244 of 691, columns 0 to 77 of 886]
30.66 30.64 30.63 30.61 30.60 30.58 30.56 30.55 30.53 30.52 30.51 30.50 30.49 30.48 30.47 30.45 30.44 30.43 30.42 30.42 30.41 30.41 30.39 30.39 30.39 30.39 30.38 30.38 30.38 30.38 30.38 30.37 30.36 30.36 30.35 30.33 30.32 30.29 30.26 30.22 30.17 30.10 30.01 29.91 29.78 29.64 29.46 29.27 29.04 28.78 28.55 28.47 28.47 28.48 28.50 28.53 28.55 28.57 28.60 28.63 28.65 28.69 28.71 28.74 28.76 28.77 28.79 28.78 28.77 28.75 28.72 28.69 28.64 28.61 28.58 28.55 28.53 28.52
30.59 30.57 30.56 30.53 30.52 30.50 30.49 30.47 30.46 30.44 30.43 30.41 30.39 30.38 30.37 30.36 30.35 30.34 30.33 30.32 30.31 30.31 30.30 30.29 30.29 30.28 30.27 30.27 30.27 30.26 30.26 30.25 30.25 30.24 30.23 30.21 30.18 30.16 30.12 30.07 30.01 29.94 29.85 29.74 29.61 29.45 29.27 29.06 28.82 28.57 28.44 28.42 28.42 28.43 28.46 28.47 28.50 28.52 28.54 28.57 28.60 28.64 28.66 28.70 28.72 28.74 28.75 28.75 28.74 28.71 28.67 28.62 28.56 28.52 28.47 28.43 28.40 28.38
30.52 30.50 30.47 30.46 30.44 30.42 30.41 30.39 30.37 30.35 30.34 30.32 30.31 30.30 30.28 30.26 30.25 30.24 30.24 30.22 30.21 30.20 30.20 30.18 30.18 30.18 30.17 30.17 30.16 30.15 30.14 30.14 30.13 30.11 30.10 30.09 30.06 30.02 29.99 29.93 29.86 29.78 29.69 29.58 29.43 29.26 29.07 28.85 28.60 28.41 28.37 28.37 28.38 28.39 28.40 28.42 28.45 28.46 28.50 28.52 28.55 28.58 28.62 28.66 28.68 28.71 28.72 28.72 28.70 28.66 28.62 28.55 28.49 28.42 28.36 28.31 28.27 28.24
30.45 30.42 30.40 30.38 30.37 30.35 30.32 30.30 30.29 30.27 30.26 30.24 30.22 30.20 30.19 30.18 30.16 30.14 30.13 30.12 30.11 30.10 30.09 30.09 30.07 30.07 30.06 30.05 30.05 30.04 30.03 30.02 30.01 29.99 29.98 29.95 29.92 29.89 29.85 29.78 29.72 29.63 29.53 29.40 29.26 29.08 28.88 28.65 28.43 28.34 28.32 28.33 28.34 28.34 28.36 28.37 28.39 28.42 28.43 28.47 28.50 28.53 28.56 28.60 28.64 28.67 28.69 28.69 28.67 28.62 28.56 28.48 28.40 28.32 28.25 28.19 28.13 28.09
30.38 30.35 30.33 30.31 30.29 30.26 30.24 30.22 30.21 30.19 30.17 30.15 30.13 30.12 30.09 30.08 30.07 30.05 30.03 30.02 30.01 29.99 29.99 29.98 29.96 29.96 29.95 29.93 29.92 29.91 29.91 29.90 29.88 29.87 29.85 29.82 29.79 29.75 29.71 29.64 29.57 29.48 29.37 29.24 29.08 28.91 28.70 28.47 28.32 28.28 28.28 28.29 28.29 28.30 28.31 28.32 28.34 28.35 28.38 28.41 28.44 28.48 28.51 28.55 28.59 28.63 28.66 28.67 28.64 28.58 28.50 28.41 28.30 28.21 28.12 28.05 27.98 27.93
30.29 30.27 30.25 30.23 30.20 30.18 30.17 30.15 30.12 30.10 30.08 30.06 30.04 30.02 30.01 29.99 29.97 29.95 29.94 29.92 29.91 29.90 29.88 29.87 29.85 29.85 29.83 29.82 29.81 29.80 29.79 29.77 29.75 29.74 29.72 29.69 29.66 29.62 29.56 29.50 29.42 29.33 29.21 29.08 28.92 28.73 28.52 28.32 28.26 28.24 28.24 28.25 28.24 28.25 28.26 28.27 28.29 28.30 28.32 28.35 28.38 28.41 28.45 28.49 28.54 28.58 28.62 28.64 28.58 28.50 28.43 28.31 28.19 28.08 27.98 27.90 27.82 27.76
30.22 30.20 30.18 30.15 30.13 30.11 30.09 30.06 30.04 30.02 29.99 29.97 29.95 29.94 29.91 29.89 29.88 29.85 29.84 29.82 29.80 29.79 29.77 29.76 29.74 29.74 29.72 29.71 29.69 29.68 29.66 29.65 29.63 29.61 29.58 29.55 29.52 29.47 29.42 29.36 29.27 29.17 29.06 28.92 28.76 28.57 28.37 28.24 28.22 28.21 28.20 28.20 28.20 28.20 28.20 28.21 28.23 28.25 28.27 28.29 28.31 28.34 28.37 28.41 28.46 28.51 28.55 28.53 28.43 28.47 28.34 28.20 28.07 27.95 27.83 27.73 27.65 27.58
30.15 30.13 30.10 30.07 30.05 30.02 30.00 29.98 29.96 29.93 29.91 29.89 29.86 29.84 29.82 29.79 29.78 29.75 29.74 29.72 29.70 29.68 29.66 29.65 29.63 29.61 29.61 29.59 29.58 29.56 29.54 29.52 29.50 29.47 29.45 29.42 29.38 29.33 29.28 29.21 29.12 29.03 28.91 28.77 28.61 28.42 28.24 28.19 28.17 28.17 28.16 28.15 28.15 28.16 28.15 28.16 28.17 28.18 28.20 28.21 28.23 28.26 28.30 28.32 28.37 28.40 28.45 28.36 28.39 28.33 28.20 28.05 27.92 27.79 27.67 27.56 27.48 27.40
30.08 30.05 30.02 30.00 29.97 29.94 29.92 29.89 29.87 29.85 29.81 29.79 29.77 29.74 29.72 29.70 29.68 29.66 29.63 29.61 29.59 29.58 29.55 29.54 29.52 29.50 29.49 29.47 29.45 29.43 29.42 29.40 29.38 29.35 29.32 29.29 29.24 29.19 29.13 29.06 28.98 28.88 28.76 28.62 28.46 28.28 28.18 28.14 28.13 28.13 28.12 28.11 28.11 28.10 28.10 28.11 28.11 28.12 28.12 28.14 28.16 28.17 28.19 28.22 28.25 28.27 28.29 28.29 28.24 28.15 28.02 27.89 27.75 27.62 27.50 27.39 27.29 27.19
30.01 29.97 29.95 29.92 29.89 29.87 29.83 29.81 29.79 29.75 29.73 29.70 29.68 29.65 29.62 29.60 29.57 29.55 29.53 29.51 29.48 29.46 29.44 29.43 29.40 29.38 29.36 29.34 29.33 29.31 29.28 29.26 29.24 29.21 29.18 29.15 29.10 29.06 29.00 28.93 28.84 28.74 28.62 28.48 28.32 28.17 28.11 28.10 28.08 28.08 28.07 28.06 28.05 28.05 28.04 28.04 28.04 28.04 28.05 28.06 28.06 28.08 28.09 28.11 28.11 28.12 28.11 28.10 28.04 27.95 27.83 27.70 27.57 27.43 27.31 27.19 27.08 26.99
29.93 29.90 29.88 29.84 29.82 29.78 29.76 29.73 29.70 29.67 29.64 29.61 29.58 29.56 29.54 29.50 29.48 29.45 29.43 29.40 29.38 29.36 29.33 29.31 29.29 29.26 29.24 29.22 29.20 29.19 29.16 29.13 29.11 29.08 29.05 29.01 28.97 28.91 28.85 28.78 28.70 28.61 28.49 28.35 28.21 28.09 28.05 28.05 28.03 28.02 28.01 28.00 27.99 27.99 27.98 27.98 27.98 27.98 27.97 27.97 27.97 27.97 27.98 27.98 27.97 27.95 27.94 27.90 27.83 27.74 27.63 27.50 27.38 27.24 27.12 26.99 26.88 26.77
29.86 29.83 29.79 29.77 29.73 29.70 29.68 29.64 29.62 29.58 29.55 29.52 29.49 29.46 29.44 29.40 29.38 29.35 29.33 29.29 29.27 29.24 29.22 29.20 29.17 29.15 29.12 29.10 29.08 29.05 29.03 29.00 28.97 28.94 28.91 28.87 28.83 28.77 28.71 28.65 28.56 28.47 28.36 28.22 28.09 28.02 28.00 27.99 27.98 27.96 27.96 27.94 27.93 27.92 27.91 27.91 27.90 27.89 27.88 27.88 27.87 27.86 27.86 27.84 27.82 27.79 27.75 27.70 27.63 27.54 27.42 27.31 27.18 27.05 26.92 26.80 26.67 26.57
29.79 29.75 29.72 29.68 29.66 29.62 29.59 29.56 29.52 29.50 29.46 29.43 29.40 29.37 29.34 29.31 29.28 29.24 29.22 29.19 29.16 29.13 29.10 29.08 29.05 29.03 29.00 28.98 28.94 28.92 28.89 28.86 28.84 28.80 28.77 28.73 28.69 28.63 28.58 28.51 28.42 28.34 28.23 28.10 27.99 27.96 27.94 27.93 27.91 27.90 27.88 27.88 27.86 27.85 27.84 27.83 27.82 27.81 27.80 27.79 27.77 27.75 27.72 27.70 27.67 27.62 27.57 27.51 27.43 27.34 27.23 27.11 26.99 26.86 26.73 26.60 26.47 26.35
29.71 29.68 29.64 29.61 29.57 29.54 29.50 29.47 29.43 29.41 29.37 29.34 29.30 29.27 29.24 29.21 29.17 29.15 29.11 29.08 29.05 29.02 28.99 28.96 28.94 28.91 28.88 28.84 28.82 28.79 28.76 28.73 28.70 28.67 28.63 28.59 28.55 28.49 28.43 28.37 28.30 28.21 28.11 28.00 27.91 27.89 27.87 27.86 27.85 27.83 27.82 27.80 27.79 27.77 27.77 27.75 27.74 27.73 27.70 27.69 27.66 27.64 27.61 27.57 27.52 27.46 27.41 27.33 27.25 27.14 27.04 26.92 26.80 26.67 26.54 26.41 26.28 26.14
29.63 29.60 29.56 29.53 29.50 29.45 29.43 29.39 29.36 29.32 29.29 29.24 29.22 29.18 29.15 29.11 29.07 29.04 29.01 28.97 28.94 28.91 28.87 28.84 28.81 28.78 28.75 28.72 28.69 28.66 28.63 28.60 28.56 28.53 28.49 28.45 28.41 28.36 28.30 28.24 28.17 28.08 27.98 27.88 27.83 27.82 27.80 27.79 27.77 27.75 27.74 27.73 27.71 27.70 27.68 27.67 27.64 27.63 27.61 27.58 27.55 27.52 27.48 27.43 27.36 27.30 27.23 27.15 27.06 26.97 26.85 26.74 26.61 26.49 26.37 26.24 26.10 25.94
29.55 29.52 29.48 29.45 29.41 29.38 29.34 29.31 29.26 29.23 29.19 29.15 29.12 29.08 29.05 29.01 28.97 28.94 28.90 28.86 28.83 28.80 28.76 28.72 28.69 28.65 28.62 28.59 28.55 28.52 28.49 28.45 28.42 28.39 28.35 28.30 28.26 28.22 28.16 28.10 28.03 27.96 27.87 27.79 27.76 27.74 27.72 27.70 27.68 27.67 27.66 27.63 27.62 27.61 27.58 27.57 27.55 27.53 27.50 27.48 27.44 27.40 27.35 27.29 27.22 27.15 27.07 26.98 26.89 26.79 26.68 26.56 26.45 26.33 26.20 26.08 25.94 25.80
29.48 29.44 29.41 29.37 29.34 29.29 29.26 29.22 29.18 29.14 29.10 29.07 29.02 28.98 28.95 28.91 28.87 28.83 28.79 28.75 28.71 28.68 28.64 28.61 28.57 28.53 28.50 28.45 28.42 28.39 28.35 28.32 28.28 28.25 28.21 28.17 28.12 28.08 28.03 27.97 27.91 27.83 27.76 27.69 27.66 27.65 27.63 27.61 27.59 27.58 27.56 27.54 27.53 27.51 27.49 27.47 27.45 27.42 27.40 27.37 27.33 27.28 27.21 27.14 27.08 26.99 26.90 26.82 26.72 26.61 26.51 26.40 26.28 26.17 26.04 25.93 25.79 25.66
29.41 29.37 29.33 29.30 29.25 29.22 29.18 29.13 29.10 29.05 29.01 28.97 28.93 28.89 28.85 28.81 28.76 28.73 28.69 28.64 28.60 28.56 28.53 28.49 28.45 28.41 28.36 28.33 28.29 28.25 28.22 28.18 28.14 28.11 28.06 28.02 27.98 27.94 27.88 27.83 27.78 27.71 27.65 27.59 27.57 27.55 27.53 27.52 27.50 27.48 27.46 27.44 27.42 27.40 27.38 27.36 27.33 27.31 27.29 27.26 27.22 27.16 27.09 27.01 26.92 26.83 26.74 26.64 26.55 26.45 26.34 26.23 26.12 26.02 25.87 25.74 25.62 25.51
29.34 29.29 29.26 29.21 29.17 29.13 29.09 29.05 29.01 28.96 28.93 28.88 28.83 28.80 28.75 28.71 28.66 28.62 28.58 28.54 28.49 28.45 28.40 28.36 28.32 28.28 28.24 28.20 28.15 28.11 28.07 28.04 28.00 27.96 27.91 27.87 27.83 27.79 27.75 27.70 27.65 27.59 27.54 27.50 27.47 27.46 27.44 27.42 27.40 27.38 27.35 27.33 27.31 27.29 27.27 27.24 27.22 27.20 27.17 27.14 27.11 27.04 26.95 26.86 26.76 26.67 26.58 26.49 26.39 26.29 26.19 26.08 25.97 25.85 25.72 25.59 25.48 25.36
29.26 29.21 29.18 29.13 29.10 29.05 29.00 28.97 28.92 28.87 28.84 28.79 28.74 28.69 28.65 28.61 28.56 28.51 28.47 28.43 28.38 28.33 28.29 28.24 28.20 28.15 28.11 28.06 28.02 27.98 27.93 27.89 27.86 27.81 27.76 27.73 27.69 27.65 27.61 27.56 27.52 27.47 27.43 27.39 27.37 27.36 27.33 27.31 27.29 27.26 27.24 27.21 27.20 27.17 27.14 27.12 27.09 27.06 27.03 27.00 26.95 26.91 26.80 26.70 26.60 26.51 26.41 26.32 26.23 26.13 26.03 25.94 25.82 25.69 25.55 25.44 25.33 25.22
29.18 29.15 29.10 29.05 29.02 28.97 28.92 28.88 28.83 28.78 28.75 28.70 28.65 28.60 28.56 28.51 28.46 28.41 28.36 28.31 28.26 28.22 28.17 28.11 28.07 28.02 27.98 27.93 27.89 27.83 27.79 27.75 27.70 27.66 27.61 27.58 27.54 27.50 27.47 27.43 27.39 27.36 27.32 27.29 27.26 27.24 27.22 27.19 27.17 27.15 27.12 27.09 27.07 27.04 27.01 26.98 26.95 26.92 26.88 26.85 26.80 26.72 26.62 26.52 26.43 26.34 26.25 26.16 26.07 25.98 25.88 25.73 25.64 25.52 25.40 25.29 25.18 25.07
29.11 29.07 29.02 28.97 28.94 28.89 28.84 28.80 28.75 28.70 28.66 28.61 28.55 28.50 28.45 28.41 28.36 28.31 28.25 28.20 28.15 28.10 28.05 28.00 27.95 27.90 27.85 27.79 27.74 27.70 27.64 27.60 27.55 27.51 27.47 27.43 27.39 27.36 27.32 27.29 27.25 27.23 27.20 27.18 27.15 27.13 27.11 27.08 27.05 27.02 27.00 26.96 26.93 26.91 26.88 26.84 26.80 26.76 26.72 26.67 26.60 26.51 26.42 26.33 26.25 26.17 26.09 26.00 25.91 25.82 25.73 25.60 25.49 25.36 25.24 25.13 25.02 24.93
29.03 28.99 28.94 28.89 28.86 28.80 28.75 28.71 28.66 28.61 28.56 28.51 28.46 28.41 28.36 28.30 28.25 28.19 28.15 28.10 28.04 27.99 27.93 27.87 27.82 27.77 27.71 27.66 27.60 27.55 27.51 27.45 27.41 27.36 27.32 27.27 27.23 27.20 27.17 27.14 27.11 27.10 27.08 27.06 27.03 27.01 26.98 26.95 26.92 26.89 26.86 26.83 26.80 26.70 26.73 26.69 26.64 26.61 26.55 26.49 26.41 26.31 26.21 26.14 26.07 26.00 25.93 25.84 25.75 25.64 25.55 25.43 25.31 25.19 25.08 24.98 24.88 24.71
28.96 28.92 28.87 28.82 28.78 28.72 28.67 28.62 28.58 28.52 28.47 28.41 28.36 28.32 28.26 28.21 28.15 28.09 28.04 27.98 27.92 27.87 27.81 27.76 27.70 27.64 27.58 27.52 27.47 27.42 27.36 27.31 27.25 27.20 27.16 27.11 27.08 27.04 27.01 26.99 26.97 26.96 26.95 26.94 26.92 26.89 26.86 26.75 26.79 26.76 26.72 26.69 26.65 26.62 26.58 26.54 26.50 26.45 26.39 26.31 26.23 26.13 25.99 25.96 25.89 25.83 25.75 25.66 25.56 25.46 25.36 25.26 25.14 24.98 24.91 24.82 24.72 24.53
28.88 28.84 28.79 28.74 28.69 28.64 28.59 28.54 28.48 28.44 28.38 28.33 28.27 28.21 28.16 28.10 28.04 27.99 27.93 27.88 27.81 27.75 27.69 27.63 27.57 27.51 27.45 27.39 27.33 27.27 27.22 27.15 27.10 27.05 26.99 26.95 26.91 26.87 26.85 26.83 26.81 26.81 26.81 26.81 26.80 26.76 26.66 26.68 26.65 26.61 26.58 26.54 26.51 26.47 26.43 26.39 26.34 26.28 26.22 26.10 26.06 25.98 25.87 25.81 25.74 25.66 25.58 25.49 25.41 25.30 25.20 25.09 24.92 24.71 24.67 24.65 24.57 24.40
28.81 28.76 28.71 28.66 28.61 28.56 28.51 28.46 28.40 28.34 28.29 28.23 28.18 28.12 28.06 28.01 27.95 27.89 27.83 27.76 27.70 27.64 27.58 27.51 27.45 27.38 27.32 27.26 27.19 27.13 27.07 27.01 26.94 26.89 26.83 26.79 26.74 26.71 26.67 26.66 26.65 26.65 26.67 26.68 26.66 26.63 26.58 26.54 26.50 26.46 26.43 26.39 26.36 26.33 26.28 26.23 26.19 26.13 26.07 26.00 25.92 25.83 25.75 25.68 25.60 25.50 25.41 25.32 25.23 25.14 25.03 24.93 24.78 24.52 24.55 24.47 24.35 24.28
28.73 28.69 28.63 28.58 28.53 28.48 28.42 28.37 28.31 28.26 28.20 28.14 28.08 28.03 27.96 27.90 27.84 27.78 27.72 27.65 27.59 27.53 27.46 27.39 27.32 27.25 27.19 27.12 27.05 26.98 26.92 26.86 26.79 26.73 26.67 26.62 26.57 26.53 26.50 26.47 26.47 26.48 26.33 26.53 26.53 26.47 26.43 26.39 26.35 26.32 26.28 26.24 26.21 26.17 26.14 26.09 26.04 25.97 25.91 25.84 25.76 25.69 25.62 25.53 25.41 25.37 25.25 25.15 25.04 24.95 24.86 24.76 24.67 24.56 24.43 24.27 24.18 24.05
28.66 28.60 28.55 28.51 28.45 28.39 28.34 28.29 28.23 28.17 28.11 28.05 27.99 27.93 27.86 27.80 27.74 27.67 27.61 27.54 27.48 27.41 27.34 27.27 27.20 27.13 27.06 26.99 26.91 26.84 26.77 26.70 26.64 26.57 26.51 26.45 26.40 26.35 26.31 26.29 26.27 26.28 26.24 26.32 26.34 26.30 26.26 26.22 26.18 26.15 26.12 26.09 26.05 26.02 25.96 25.95 25.87 25.83 25.75 25.69 25.61 25.53 25.47 25.38 25.32 25.23 25.08 24.98 24.89 24.80 24.70 24.58 24.49 24.33 24.21 24.06 23.99 23.88
28.58 28.52 28.48 28.42 28.37 28.31 28.26 28.20 28.14 28.08 28.02 27.96 27.89 27.83 27.77 27.70 27.64 27.57 27.50 27.44 27.37 27.30 27.23 27.15 27.08 27.00 26.93 26.85 26.78 26.70 26.63 26.56 26.48 26.41 26.34 26.28 26.22 26.17 26.12 26.09 26.03 25.93 25.95 26.09 26.12 26.11 26.08 26.05 26.03 25.99 25.96 25.94 25.91 25.87 25.83 25.78 25.73 25.68 25.61 25.53 25.46 25.38 25.32 25.26 25.18 25.08 24.95 24.84 24.75 24.65 24.55 24.43 24.31 24.17 24.02 23.82 23.80 23.77
28.50 28.45 28.40 28.34 28.28 28.24 28.17 28.11 28.05 27.99 27.93 27.87 27.80 27.74 27.67 27.61 27.54 27.47 27.40 27.33 27.26 27.19 27.11 27.03 26.96 26.88 26.80 26.72 26.64 26.57 26.49 26.41 26.33 26.25 26.18 26.11 26.04 25.98 25.93 25.89 25.54 25.46 25.64 25.85 25.89 25.91 25.89 25.88 25.86 25.83 25.81 25.79 25.75 25.72 25.68 25.62 25.59 25.52 25.46 25.39 25.31 25.24 25.18 25.12 25.03 24.93 24.82 24.70 24.59 24.48 24.38 24.28 24.14 24.02 23.92 23.68 23.64 23.57
28.42 28.37 28.32 28.26 28.20 28.14 28.09 28.03 27.97 27.91 27.84 27.78 27.71 27.65 27.58 27.51 27.44 27.37 27.30 27.23 27.16 27.07 27.00 26.92 26.84 26.76 26.68 26.60 26.52 26.42 26.34 26.26 26.17 26.10 26.02 25.94 25.87 25.80 25.74 25.55 25.00 25.03 25.38 25.63 25.69 25.72 25.72 25.72 25.69 25.68 25.66 25.64 25.61 25.57 25.52 25.48 25.43 25.37 25.31 25.23 25.17 25.10 25.04 24.95 24.80 24.74 24.65 24.55 24.44 24.30 24.19 24.09 24.01 23.84 23.76 23.63 23.47 23.19
28.35 28.29 28.23 28.18 28.12 28.06 28.00 27.95 27.88 27.82 27.76 27.69 27.62 27.55 27.49 27.42 27.35 27.27 27.20 27.12 27.04 26.97 26.89 26.80 26.72 26.64 26.55 26.46 26.38 26.30 26.21 26.12 26.03 25.94 25.86 25.77 25.70 25.62 25.55 25.01 24.55 24.91 25.28 25.42 25.48 25.54 25.55 25.55 25.54 25.53 25.52 25.49 25.47 25.42 25.36 25.33 25.28 25.21 25.16 25.10 25.01 24.95 24.89 24.81 24.74 24.61 24.49 24.38 24.26 24.12 23.96 23.75 23.88 23.75 23.65 23.55 23.41 23.14
28.26 28.21 28.16 28.09 28.03 27.98 27.92 27.86 27.79 27.73 27.66 27.59 27.53 27.46 27.39 27.31 27.24 27.17 27.09 27.02 26.94 26.85 26.78 26.69 26.60 26.52 26.43 26.35 26.25 26.16 26.07 25.98 25.89 25.79 25.71 25.62 25.53 25.45 25.26 24.60 24.07 24.53 25.17 25.22 25.27 25.34 25.39 25.40 25.40 25.38 25.37 25.35 25.32 25.28 25.24 25.19 25.13 25.08 25.00 24.94 24.89 24.81 24.75 24.68 24.59 24.46 24.33 24.21 24.10 23.96 23.80 23.20 23.55 23.63 23.50 23.34 23.03 22.90
28.19 28.13 28.07 28.01 27.96 27.89 27.83 27.77 27.71 27.65 27.58 27.51 27.44 27.37 27.30 27.23 27.15 27.07 26.99 26.91 26.84 26.76 26.66 26.58 26.50 26.40 26.31 26.23 26.13 26.03 25.94 25.84 25.75 25.66 25.56 25.46 25.37 25.28 24.96 24.40 24.17 24.77 24.97 25.01 25.07 25.16 25.23 25.26 25.26 25.18 25.24 25.22 25.16 25.14 25.10 25.06 24.99 24.93 24.87 24.79 24.72 24.65 24.61 24.53 24.43 24.32 24.20 24.07 23.95 23.86 23.74 23.38 23.53 23.47 23.33 23.14 22.84 22.84
28.11 28.05 27.99 27.94 27.87 27.81 27.75 27.68 27.62 27.56 27.49 27.42 27.35 27.28 27.20 27.13 27.05 26.98 26.89 26.81 26.73 26.65 26.56 26.47 26.39 26.29 26.20 26.11 26.01 25.91 25.82 25.72 25.62 25.52 25.42 25.32 25.23 25.13 24.66 24.23 24.19 24.68 24.75 24.80 24.88 24.97 25.07 25.12 25.13 25.12 25.11 25.10 25.05 25.02 24.96 24.92 24.85 24.80 24.73 24.65 24.59 24.51 24.46 24.38 24.26 24.17 24.06 23.94 23.81 23.69 23.50 23.16 23.34 23.28 23.20 23.11 22.96 22.74
