main/data/pressure/15.10.2023.grid
ncols 886
nrows 691
xllcenter 112.0000
yllcenter -44.5000
cellsize 0.0500
nodata_value 99999.90
[rows 296 to 332 of 691, columns 581 to 663 of 886]
5.31 5.28 5.26 5.25 5.21 5.19 5.21 5.22 5.23 5.23 5.23 5.19 5.14 5.10 5.06 5.03 5.02 4.99 4.94 4.85 4.75 4.76 4.84 4.91 4.95 5.00 5.08 5.12 5.13 5.15 5.16 5.17 5.23 5.29 5.37 5.44 5.50 5.59 5.69 5.75 5.80 5.84 5.87 5.87 5.84 5.78 5.72 5.75 5.79 5.75 5.67 5.68 5.78 5.86 5.90 5.91 5.92 5.91 5.82 5.68 5.31 5.57 5.75 5.34 5.75 5.85 6.01 6.00 6.11 6.16 6.13 6.01 5.77 6.10 6.25 6.35 6.63 6.68 6.80 6.91 7.02 7.06 7.11
5.37 5.34 5.31 5.29 5.25 5.26 5.27 5.28 5.29 5.29 5.23 5.18 5.16 5.14 5.11 5.04 5.01 5.01 4.96 4.85 4.70 4.71 4.88 4.97 4.98 5.02 5.09 5.14 5.15 5.16 5.16 5.18 5.24 5.30 5.35 5.38 5.46 5.57 5.67 5.75 5.79 5.84 5.87 5.87 5.84 5.79 5.74 5.87 5.87 5.83 5.79 5.81 5.92 6.00 6.03 6.05 6.04 6.00 5.88 5.74 5.62 5.73 5.76 5.45 5.77 5.40 5.69 5.72 5.97 6.04 5.97 5.95 5.91 5.99 6.14 6.23 6.28 6.46 6.70 6.81 6.91 6.93 7.05
5.40 5.36 5.32 5.29 5.31 5.33 5.34 5.35 5.34 5.30 5.24 5.18 5.18 5.17 5.14 5.09 5.07 5.04 4.99 4.89 4.79 4.80 4.90 4.97 5.02 5.07 5.13 5.17 5.14 5.13 5.16 5.22 5.30 5.37 5.42 5.46 5.55 5.61 5.71 5.76 5.79 5.84 5.87 5.86 5.84 5.84 5.89 5.95 5.97 5.93 5.91 5.94 6.01 6.09 6.14 6.15 6.11 6.08 6.00 5.88 5.89 5.67 5.46 5.23 5.36 5.40 5.63 5.63 5.77 5.93 5.89 5.71 5.86 5.88 6.14 6.14 6.11 6.28 6.52 6.72 6.67 6.74 6.89
5.43 5.38 5.33 5.33 5.37 5.40 5.41 5.39 5.38 5.34 5.19 5.24 5.25 5.23 5.18 5.15 5.12 5.08 5.04 4.92 4.87 4.89 4.93 4.99 5.06 5.12 5.18 5.17 5.13 5.06 5.16 5.27 5.37 5.42 5.47 5.52 5.60 5.67 5.73 5.76 5.83 5.87 5.89 5.86 5.83 5.90 5.90 5.98 6.05 6.02 6.01 6.06 6.10 6.18 6.23 6.23 6.18 6.14 6.12 6.09 5.93 5.75 5.79 5.76 5.68 5.61 5.56 5.71 5.78 5.73 5.81 5.79 5.88 5.90 6.02 6.08 5.96 6.12 6.54 6.57 6.55 6.55 6.77
5.45 5.42 5.39 5.40 5.44 5.47 5.46 5.45 5.42 5.37 5.30 5.32 5.30 5.27 5.21 5.16 5.11 5.07 5.00 4.87 4.81 4.93 4.98 5.04 5.12 5.17 5.21 5.20 5.20 5.19 5.22 5.29 5.38 5.45 5.49 5.56 5.62 5.70 5.76 5.78 5.84 5.86 5.87 5.87 5.89 5.94 5.95 6.02 6.09 6.10 6.11 6.19 6.26 6.30 6.31 6.27 6.23 6.19 6.19 6.17 6.15 6.09 5.90 5.71 5.69 5.77 5.58 5.81 5.82 5.77 5.75 5.73 5.90 5.86 6.09 6.05 5.95 6.20 6.39 6.44 6.55 6.48 6.50
5.51 5.48 5.47 5.49 5.52 5.52 5.51 5.49 5.47 5.43 5.39 5.36 5.32 5.27 5.21 5.15 5.10 5.06 5.02 4.90 4.82 5.02 5.03 5.12 5.18 5.22 5.25 5.26 5.28 5.27 5.28 5.32 5.43 5.49 5.53 5.60 5.66 5.72 5.78 5.83 5.83 5.86 5.88 5.92 5.94 5.98 6.02 6.09 6.16 6.20 6.24 6.31 6.33 6.35 6.37 6.33 6.30 6.26 6.24 6.23 6.24 6.24 6.07 5.85 6.07 6.00 5.98 6.04 6.00 5.93 5.88 5.82 5.87 6.03 6.10 5.99 5.89 6.22 6.34 6.40 6.50 6.51 6.68
5.58 5.55 5.54 5.56 5.60 5.58 5.56 5.54 5.52 5.49 5.44 5.40 5.36 5.29 5.24 5.18 5.12 5.08 5.04 4.99 4.97 5.07 5.15 5.20 5.24 5.28 5.30 5.32 5.32 5.30 5.31 5.36 5.47 5.51 5.58 5.64 5.69 5.74 5.80 5.83 5.84 5.89 5.93 5.97 6.00 6.03 6.09 6.17 6.22 6.27 6.31 6.33 6.35 6.39 6.41 6.40 6.38 6.35 6.30 6.23 6.24 6.31 6.31 6.29 6.25 6.24 6.22 6.17 6.11 6.07 6.04 6.01 6.07 6.23 6.20 6.18 6.26 6.36 6.46 6.50 6.53 6.55 6.69
5.64 5.59 5.63 5.65 5.65 5.63 5.62 5.59 5.56 5.53 5.44 5.41 5.37 5.32 5.27 5.21 5.14 5.10 5.08 5.11 5.06 5.14 5.21 5.25 5.29 5.33 5.35 5.37 5.37 5.36 5.34 5.35 5.52 5.56 5.61 5.66 5.71 5.77 5.81 5.86 5.89 5.93 5.97 6.01 6.05 6.09 6.15 6.20 6.25 6.30 6.33 6.36 6.39 6.43 6.46 6.47 6.47 6.46 6.39 6.30 6.28 6.30 6.38 6.42 6.38 6.29 6.26 6.27 6.22 6.23 6.26 6.21 6.19 6.44 6.40 6.39 6.49 6.60 6.64 6.60 6.64 6.66 6.74
5.72 5.69 5.70 5.72 5.71 5.69 5.67 5.64 5.59 5.53 5.41 5.33 5.36 5.39 5.33 5.26 5.14 5.12 5.17 5.19 5.22 5.24 5.28 5.32 5.33 5.37 5.39 5.41 5.42 5.40 5.39 5.43 5.54 5.59 5.64 5.68 5.74 5.78 5.83 5.86 5.90 5.95 5.99 6.03 6.07 6.11 6.16 6.20 6.23 6.30 6.35 6.38 6.41 6.45 6.50 6.53 6.53 6.52 6.49 6.46 6.47 6.50 6.54 6.51 6.34 6.28 6.32 6.41 6.38 6.35 6.45 6.46 6.55 6.59 6.49 6.55 6.72 6.82 6.76 6.75 6.69 6.86 6.94
5.79 5.76 5.77 5.79 5.76 5.75 5.72 5.69 5.64 5.56 5.42 5.24 5.47 5.47 5.41 5.34 4.99 5.09 5.24 5.25 5.28 5.32 5.37 5.38 5.40 5.42 5.44 5.46 5.46 5.46 5.44 5.48 5.56 5.60 5.66 5.71 5.76 5.79 5.82 5.86 5.92 5.97 6.01 6.04 6.08 6.10 6.13 6.16 6.20 6.23 6.31 6.36 6.41 6.45 6.53 6.58 6.60 6.58 6.59 6.59 6.63 6.64 6.60 6.49 6.39 6.43 6.51 6.55 6.55 6.56 6.59 6.67 6.78 6.69 6.71 6.73 6.86 7.00 6.87 6.80 6.90 7.07 7.18
5.85 5.82 5.84 5.84 5.83 5.80 5.77 5.73 5.70 5.64 5.61 5.54 5.56 5.52 5.47 5.30 4.94 5.11 5.25 5.31 5.35 5.37 5.40 5.44 5.46 5.46 5.48 5.49 5.51 5.52 5.51 5.54 5.58 5.62 5.69 5.73 5.78 5.82 5.86 5.90 5.94 5.98 6.03 6.06 6.08 6.09 6.12 6.19 6.21 6.21 6.27 6.32 6.28 6.40 6.51 6.59 6.65 6.66 6.68 6.71 6.69 6.64 6.62 6.61 6.58 6.57 6.67 6.71 6.71 6.73 6.77 6.86 6.94 6.96 6.93 6.93 7.03 7.18 7.10 7.03 7.17 7.32 7.36
5.94 5.92 5.93 5.90 5.89 5.87 5.82 5.79 5.75 5.71 5.69 5.65 5.62 5.57 5.50 5.43 5.28 5.30 5.30 5.36 5.41 5.43 5.46 5.50 5.48 5.51 5.52 5.54 5.56 5.58 5.58 5.60 5.59 5.64 5.71 5.76 5.80 5.84 5.89 5.93 5.97 6.01 6.05 6.08 6.11 6.12 6.12 6.09 6.21 6.24 6.22 6.24 6.26 6.31 6.48 6.61 6.67 6.74 6.76 6.78 6.71 6.61 6.60 6.68 6.71 6.74 6.79 6.78 6.82 6.90 6.90 6.93 7.04 7.11 7.04 7.10 7.22 7.33 7.36 7.33 7.41 7.48 7.36
6.00 6.00 5.98 5.96 5.93 5.90 5.86 5.81 5.76 5.74 5.73 5.69 5.64 5.58 5.43 5.17 5.41 5.40 5.37 5.42 5.47 5.50 5.52 5.55 5.55 5.56 5.58 5.59 5.60 5.62 5.63 5.64 5.64 5.69 5.74 5.79 5.83 5.87 5.93 5.97 6.01 6.04 6.08 6.11 6.14 6.12 6.10 6.12 6.21 6.24 6.25 6.26 6.25 6.17 6.43 6.60 6.66 6.70 6.80 6.81 6.76 6.67 6.67 6.78 6.82 6.87 6.90 6.91 6.98 6.97 7.01 7.04 7.12 7.21 7.24 7.22 7.30 7.45 7.46 7.49 7.56 7.56 7.57
6.07 6.05 6.03 6.00 5.97 5.92 5.88 5.84 5.68 5.67 5.71 5.73 5.68 5.63 5.44 5.25 5.54 5.49 5.47 5.43 5.49 5.55 5.58 5.60 5.61 5.62 5.62 5.64 5.65 5.66 5.67 5.69 5.70 5.74 5.78 5.82 5.87 5.91 5.95 5.97 6.03 6.06 6.10 6.12 6.16 6.14 6.14 6.23 6.19 6.27 6.30 6.32 6.28 6.34 6.40 6.61 6.66 6.67 6.79 6.88 6.89 6.82 6.82 6.90 6.90 6.97 6.95 7.03 7.07 7.12 7.17 7.22 7.29 7.30 7.28 7.27 7.41 7.54 7.58 7.63 7.65 7.65 7.64
6.12 6.09 6.07 6.02 5.99 5.93 5.85 5.75 5.54 5.27 5.70 5.75 5.71 5.66 5.58 5.56 5.60 5.55 5.50 5.40 5.49 5.59 5.62 5.65 5.65 5.67 5.67 5.68 5.69 5.70 5.71 5.72 5.75 5.78 5.83 5.86 5.90 5.94 5.98 6.01 6.04 6.09 6.12 6.15 6.17 6.19 6.20 6.19 6.18 6.34 6.37 6.39 6.36 6.34 6.33 6.51 6.68 6.70 6.82 6.87 6.93 6.98 6.99 7.00 7.02 7.06 7.07 7.07 7.13 7.20 7.27 7.34 7.35 7.35 7.37 7.44 7.60 7.64 7.66 7.65 7.61 7.64 7.66
6.17 6.14 6.10 6.06 6.00 5.94 5.85 5.76 5.70 5.72 5.75 5.73 5.71 5.70 5.69 5.68 5.65 5.59 5.48 5.41 5.53 5.63 5.67 5.70 5.71 5.71 5.72 5.73 5.73 5.74 5.76 5.78 5.81 5.84 5.87 5.90 5.95 5.98 6.02 6.05 6.06 6.12 6.14 6.17 6.19 6.21 6.22 6.27 6.30 6.32 6.40 6.40 6.45 6.42 6.43 6.44 6.51 6.61 6.79 6.90 6.91 7.00 7.06 7.08 7.06 7.09 7.10 7.14 7.19 7.28 7.36 7.41 7.40 7.40 7.42 7.57 7.66 7.70 7.71 7.69 7.66 7.67 7.68
6.17 6.16 6.13 6.12 6.06 5.99 5.92 5.87 5.85 5.87 5.79 5.71 5.74 5.75 5.77 5.76 5.67 5.64 5.49 5.45 5.58 5.68 5.72 5.75 5.76 5.76 5.77 5.78 5.78 5.80 5.82 5.84 5.87 5.90 5.92 5.96 5.99 6.02 6.05 6.04 6.05 6.13 6.16 6.18 6.22 6.24 6.27 6.29 6.26 6.27 6.40 6.41 6.45 6.50 6.51 6.53 6.61 6.68 6.80 6.90 6.93 7.00 7.06 7.11 7.13 7.17 7.18 7.21 7.25 7.33 7.43 7.45 7.45 7.47 7.52 7.65 7.73 7.72 7.70 7.69 7.68 7.65 7.62
6.18 6.17 6.12 6.12 6.12 6.07 6.02 5.99 5.97 5.95 5.88 5.82 5.80 5.81 5.85 5.83 5.78 5.76 5.68 5.64 5.73 5.76 5.80 5.80 5.81 5.81 5.82 5.82 5.84 5.85 5.88 5.89 5.91 5.93 5.96 5.98 6.01 6.06 6.10 6.11 6.12 6.16 6.21 6.21 6.24 6.27 6.30 6.32 6.34 6.38 6.44 6.48 6.51 6.53 6.56 6.64 6.71 6.77 6.73 6.82 6.91 6.98 7.04 7.10 7.17 7.23 7.28 7.29 7.27 7.35 7.49 7.42 7.49 7.57 7.66 7.73 7.79 7.68 7.66 7.69 7.67 7.64 7.52
6.21 6.18 6.13 6.12 6.15 6.09 5.92 5.95 6.05 6.03 5.97 5.92 5.88 5.85 5.90 5.91 5.87 5.85 5.84 5.80 5.83 5.84 5.85 5.85 5.85 5.86 5.87 5.87 5.89 5.91 5.92 5.95 5.95 5.99 6.02 6.02 6.03 6.06 6.13 6.18 6.19 6.21 6.23 6.25 6.25 6.31 6.34 6.38 6.43 6.43 6.49 6.53 6.58 6.59 6.67 6.74 6.80 6.84 6.83 6.85 6.92 6.98 7.03 7.06 7.14 7.18 7.32 7.39 7.38 7.42 7.53 7.54 7.55 7.65 7.74 7.77 7.79 7.76 7.71 7.67 7.64 7.74 7.58
6.21 6.20 6.17 6.17 6.16 6.12 5.92 5.94 6.09 6.08 6.04 6.00 5.95 5.93 5.97 5.99 5.98 5.96 5.94 5.94 5.92 5.91 5.90 5.90 5.90 5.92 5.92 5.94 5.95 5.97 5.98 6.00 6.00 6.04 6.05 6.05 6.05 6.08 6.14 6.21 6.19 6.22 6.26 6.27 6.20 6.23 6.29 6.40 6.49 6.51 6.54 6.56 6.64 6.68 6.73 6.78 6.83 6.85 6.89 6.88 6.95 7.03 7.04 6.97 7.06 7.09 7.29 7.41 7.49 7.48 7.53 7.55 7.56 7.72 7.76 7.79 7.81 7.77 7.73 7.75 7.78 7.72 7.65
6.27 6.24 6.22 6.19 6.19 6.16 6.09 6.09 6.11 6.11 6.08 6.05 5.99 5.98 6.03 6.05 6.06 6.05 6.03 6.01 6.00 5.96 5.95 5.96 5.97 5.97 5.97 6.00 6.00 6.03 6.04 6.06 6.07 6.09 6.10 6.08 6.08 6.13 6.19 6.24 6.29 6.28 6.29 6.29 6.39 6.28 6.33 6.46 6.53 6.56 6.64 6.65 6.70 6.74 6.74 6.80 6.85 6.92 6.94 6.89 6.99 7.06 7.08 7.08 7.19 7.17 7.33 7.41 7.49 7.56 7.58 7.59 7.63 7.76 7.80 7.82 7.81 7.79 7.79 7.79 7.80 7.73 7.65
6.35 6.31 6.26 6.22 6.19 6.17 6.11 6.10 6.13 6.13 6.12 6.09 6.03 5.99 6.10 6.12 6.13 6.12 6.09 6.09 6.07 6.05 6.03 6.01 6.02 6.03 6.05 6.06 6.06 6.09 6.09 6.11 6.11 6.12 6.12 6.09 6.11 6.17 6.22 6.25 6.31 6.34 6.36 6.38 6.40 6.42 6.37 6.49 6.60 6.64 6.69 6.74 6.77 6.81 6.82 6.87 6.94 6.98 7.00 7.03 7.07 7.11 7.14 7.14 7.28 7.35 7.41 7.45 7.51 7.59 7.63 7.66 7.73 7.77 7.79 7.83 7.83 7.81 7.79 7.78 7.77 7.75 7.64
6.43 6.38 6.33 6.28 6.24 6.19 6.12 6.10 6.17 6.17 6.15 6.18 6.14 6.06 6.18 6.18 6.21 6.19 6.18 6.16 6.14 6.12 6.10 6.09 6.08 6.09 6.11 6.11 6.14 6.14 6.14 6.14 6.15 6.16 6.17 6.16 6.17 6.19 6.22 6.23 6.33 6.40 6.43 6.42 6.44 6.42 6.44 6.55 6.67 6.71 6.75 6.79 6.85 6.89 6.89 6.95 7.00 7.03 7.03 6.98 7.05 7.12 7.21 7.27 7.34 7.39 7.46 7.50 7.53 7.63 7.67 7.73 7.75 7.71 7.71 7.77 7.83 7.83 7.77 7.73 7.73 7.73 7.69
6.50 6.46 6.42 6.37 6.32 6.29 6.25 6.25 6.26 6.25 6.26 6.27 6.27 6.26 6.27 6.29 6.28 6.26 6.24 6.23 6.21 6.19 6.19 6.17 6.17 6.17 6.15 5.95 6.07 6.13 6.16 6.18 6.17 6.20 6.21 6.22 6.24 6.24 6.24 6.27 6.40 6.46 6.50 6.49 6.47 6.46 6.49 6.59 6.73 6.78 6.81 6.85 6.90 6.95 6.97 6.97 7.01 7.04 7.04 7.00 7.08 7.17 7.23 7.31 7.39 7.45 7.51 7.52 7.60 7.65 7.67 7.74 7.77 7.69 7.69 7.77 7.83 7.83 7.74 7.60 7.68 7.67 7.67
6.55 6.51 6.43 6.30 6.31 6.32 6.38 6.41 6.33 6.34 6.37 6.37 6.36 6.36 6.36 6.36 6.35 6.32 6.31 6.30 6.26 6.27 6.25 6.26 6.24 6.26 6.12 5.97 6.01 6.11 6.15 6.16 6.17 6.17 6.22 6.26 6.28 6.28 6.31 6.37 6.46 6.53 6.53 6.54 6.53 6.52 6.53 6.64 6.78 6.82 6.87 6.91 6.97 7.01 7.03 7.04 7.03 7.04 7.03 6.96 7.11 7.17 7.27 7.33 7.40 7.48 7.54 7.57 7.60 7.58 7.52 7.53 7.78 7.73 7.79 7.82 7.84 7.80 7.78 7.57 7.50 7.59 7.60
6.60 6.57 6.34 6.13 5.85 6.27 6.45 6.41 6.37 6.42 6.44 6.45 6.44 6.43 6.44 6.43 6.42 6.40 6.39 6.38 6.36 6.35 6.35 6.35 6.32 6.34 6.26 6.03 5.93 6.02 6.04 6.14 6.16 6.17 6.25 6.28 6.33 6.37 6.43 6.47 6.55 6.58 6.55 6.58 6.59 6.61 6.65 6.75 6.85 6.84 6.86 6.96 7.02 7.06 7.08 7.09 7.05 7.11 7.09 7.10 7.15 7.12 7.24 7.30 7.38 7.50 7.57 7.61 7.52 7.51 7.55 7.65 7.79 7.74 7.75 7.84 7.85 7.80 7.73 7.71 7.67 7.57 7.49
6.66 6.60 6.45 6.37 6.06 6.44 6.52 6.54 6.53 6.52 6.53 6.52 6.50 6.49 6.49 6.50 6.49 6.47 6.46 6.45 6.45 6.44 6.43 6.42 6.41 6.43 6.37 6.27 6.21 6.12 5.94 6.08 6.21 6.16 6.13 6.16 6.38 6.42 6.50 6.54 6.59 6.65 6.64 6.65 6.66 6.68 6.73 6.82 6.91 6.90 6.99 7.03 7.06 7.09 7.11 7.10 7.09 7.14 7.15 7.15 7.19 7.21 7.19 7.31 7.44 7.51 7.59 7.57 7.57 7.53 7.61 7.69 7.78 7.77 7.77 7.81 7.85 7.77 7.62 7.60 7.43 7.50 7.56
6.69 6.66 6.57 6.49 6.56 6.65 6.63 6.63 6.60 6.62 6.62 6.61 6.60 6.59 6.57 6.57 6.55 6.55 6.54 6.52 6.53 6.52 6.51 6.51 6.51 6.49 6.43 6.32 6.10 5.87 5.92 6.25 6.07 6.15 6.22 6.33 6.42 6.43 6.56 6.62 6.68 6.72 6.72 6.73 6.74 6.78 6.82 6.90 6.97 7.00 7.01 7.09 7.13 7.14 7.14 7.12 7.08 7.04 7.09 7.03 7.19 7.31 7.30 7.40 7.39 7.51 7.62 7.57 7.42 7.50 7.60 7.68 7.73 7.83 7.83 7.81 7.83 7.80 7.74 7.70 7.64 7.50 7.60
6.72 6.56 6.17 6.56 6.62 6.70 6.68 6.70 6.70 6.70 6.68 6.67 6.66 6.65 6.64 6.64 6.63 6.61 6.60 6.60 6.60 6.60 6.60 6.60 6.57 6.57 6.54 6.35 6.16 6.16 5.96 6.32 5.91 6.08 6.35 6.45 6.45 6.46 6.57 6.66 6.73 6.78 6.81 6.81 6.82 6.85 6.92 6.98 7.04 7.07 7.07 7.15 7.17 7.21 7.20 7.18 7.17 7.12 7.06 7.04 7.18 7.30 7.41 7.44 7.46 7.55 7.58 7.66 7.60 7.55 7.62 7.68 7.74 7.79 7.80 7.79 7.81 7.81 7.77 7.67 7.64 7.57 7.62
6.65 6.55 6.57 6.61 6.67 6.74 6.76 6.76 6.77 6.76 6.75 6.71 6.70 6.72 6.72 6.71 6.68 6.67 6.68 6.68 6.68 6.68 6.68 6.67 6.65 6.62 6.54 6.29 6.21 6.43 6.35 6.43 6.19 6.17 6.47 6.46 6.47 6.44 6.59 6.69 6.79 6.84 6.89 6.91 6.87 6.90 7.00 7.07 7.11 7.13 7.16 7.18 7.17 7.21 7.28 7.24 7.22 7.22 6.92 7.18 7.29 7.29 7.44 7.51 7.52 7.63 7.63 7.63 7.70 7.62 7.62 7.68 7.74 7.80 7.81 7.79 7.75 7.83 7.78 7.74 7.61 7.65 7.67
6.55 6.64 6.72 6.78 6.80 6.82 6.83 6.83 6.83 6.82 6.80 6.74 6.79 6.79 6.77 6.77 6.75 6.74 6.77 6.76 6.76 6.76 6.75 6.74 6.71 6.68 6.55 6.55 6.48 6.53 6.52 6.57 6.43 6.24 6.54 6.44 6.41 6.29 6.59 6.69 6.80 6.90 6.96 6.99 6.96 6.99 7.09 7.13 7.16 7.19 7.23 7.26 7.23 7.23 7.29 7.25 7.20 7.23 7.25 7.21 7.26 7.34 7.43 7.56 7.37 7.64 7.63 7.62 7.65 7.65 7.66 7.72 7.77 7.83 7.84 7.82 7.80 7.84 7.80 7.77 7.65 7.64 7.69
6.70 6.76 6.82 6.83 6.84 6.87 6.89 6.88 6.89 6.88 6.84 6.78 6.82 6.85 6.86 6.85 6.82 6.81 6.83 6.84 6.84 6.84 6.83 6.82 6.81 6.74 6.53 6.31 6.49 6.61 6.66 6.63 6.44 6.38 6.38 6.37 6.57 6.60 6.72 6.75 6.78 6.90 6.99 7.05 7.08 7.11 7.16 7.19 7.22 7.24 7.28 7.30 7.30 7.31 7.32 7.32 7.34 7.34 7.25 7.27 7.18 7.31 7.47 7.58 7.64 7.70 7.75 7.65 7.63 7.69 7.71 7.77 7.82 7.90 7.88 7.83 7.76 7.78 7.84 7.87 7.82 7.72 7.66
6.69 6.79 6.86 6.82 6.82 6.93 6.96 6.95 6.95 6.94 6.91 6.75 6.86 6.92 6.93 6.92 6.90 6.91 6.90 6.90 6.91 6.90 6.90 6.90 6.88 6.83 6.75 6.73 6.72 6.72 6.78 6.69 6.43 6.29 6.20 6.39 6.71 6.75 6.80 6.86 6.91 6.97 7.04 7.11 7.15 7.18 7.22 7.24 7.28 7.30 7.33 7.35 7.36 7.37 7.39 7.39 7.36 7.42 7.33 7.27 7.30 7.40 7.48 7.49 7.69 7.73 7.71 7.57 7.68 7.73 7.76 7.85 7.90 7.93 7.91 7.83 7.73 7.76 7.87 7.93 7.87 7.80 7.75
6.82 6.90 6.92 6.86 6.80 6.92 6.99 7.01 7.02 6.99 6.89 6.74 6.91 7.00 6.99 6.98 6.99 6.98 6.97 6.97 6.99 6.98 6.98 6.98 6.96 6.93 6.91 6.88 6.91 6.89 6.88 6.82 6.54 6.51 6.58 6.74 6.73 6.61 6.77 6.88 6.89 7.02 7.10 7.15 7.20 7.24 7.27 7.30 7.33 7.36 7.38 7.41 7.42 7.42 7.41 7.45 7.46 7.44 7.43 7.43 7.35 7.43 7.43 7.51 7.68 7.78 7.77 7.74 7.79 7.81 7.83 7.93 7.97 7.96 7.87 7.82 7.76 7.84 7.94 7.97 7.90 7.82 7.84
6.87 6.99 7.00 6.96 6.87 6.94 7.01 7.05 7.09 7.05 7.01 7.00 7.06 7.06 7.06 7.07 7.06 7.06 7.05 7.07 7.06 7.05 7.06 7.06 7.04 7.02 7.02 7.03 6.99 6.94 6.89 6.83 6.70 6.68 6.82 6.56 6.53 6.82 6.85 6.93 6.98 7.10 7.15 7.20 7.26 7.30 7.33 7.34 7.37 7.41 7.43 7.44 7.46 7.45 7.43 7.45 7.47 7.32 7.31 7.36 7.32 7.26 7.50 7.68 7.75 7.81 7.87 7.82 7.89 7.89 7.92 8.01 8.01 7.97 7.86 7.81 7.82 7.89 7.98 8.02 7.92 7.81 7.83
7.02 7.07 7.06 7.04 6.99 6.99 7.03 7.06 7.07 7.08 7.07 7.07 7.08 7.12 7.14 7.14 7.14 7.13 7.14 7.14 7.14 7.13 7.14 7.13 7.12 6.98 6.79 7.02 7.05 7.04 6.86 6.76 6.72 6.81 6.91 6.76 6.59 6.88 6.87 6.95 7.08 7.13 7.19 7.25 7.31 7.35 7.38 7.38 7.40 7.45 7.48 7.49 7.49 7.50 7.49 7.48 7.50 7.33 7.39 7.45 7.41 7.42 7.64 7.66 7.81 7.86 7.87 7.84 7.93 8.00 8.04 8.08 8.07 8.03 8.03 8.00 7.97 8.01 8.06 8.08 7.97 7.83 7.93
7.12 7.13 7.12 7.12 7.09 7.04 7.03 7.05 7.08 7.11 7.09 7.06 7.07 7.14 7.20 7.22 7.21 7.22 7.22 7.22 7.21 7.22 7.21 7.20 7.18 7.15 6.97 7.12 7.11 7.05 6.88 6.65 6.79 6.98 6.96 6.91 6.84 6.94 6.99 7.05 7.11 7.15 7.18 7.24 7.35 7.40 7.42 7.41 7.40 7.48 7.53 7.53 7.53 7.55 7.56 7.53 7.54 7.51 7.48 7.56 7.58 7.55 7.72 7.81 7.82 7.91 7.95 7.93 8.00 8.05 8.11 8.12 8.14 8.10 8.15 8.10 8.01 8.05 8.06 8.14 8.08 8.00 7.92
