main/data/pressure/15.10.2023.grid
ncols 886
nrows 691
xllcenter 112.0000
yllcenter -44.5000
cellsize 0.0500
nodata_value 99999.90
[rows 370 to 406 of 691, columns 332 to 414 of 886]
7.57 7.55 7.51 7.53 7.56 7.53 7.63 7.70 7.80 7.86 7.82 7.83 7.84 7.84 7.87 7.77 7.73 7.82 7.96 7.98 7.84 7.80 7.95 7.91 7.90 8.02 8.06 8.06 8.08 8.06 8.20 8.24 8.30 8.45 8.44 8.43 8.57 8.74 8.78 8.77 8.74 8.70 8.73 8.71 8.70 8.64 8.75 8.87 8.93 8.82 8.93 8.96 9.05 9.10 9.09 9.16 9.16 9.23 9.29 9.24 9.35 9.37 9.26 9.37 9.40 9.37 9.58 9.61 9.63 9.64 9.67 9.69 9.65 9.60 9.54 9.54 9.54 9.59 9.61 9.59 9.56 9.54 9.54
7.67 7.62 7.63 7.69 7.73 7.69 7.80 7.85 7.84 7.96 7.94 7.91 7.93 7.97 7.91 7.89 7.89 7.99 8.10 8.06 8.03 8.12 8.08 7.97 7.94 8.08 8.16 8.19 8.18 8.05 8.35 8.32 8.38 8.60 8.54 8.38 8.54 8.79 8.86 8.82 8.91 8.89 8.91 8.77 8.73 8.67 8.72 8.80 8.94 8.87 8.86 9.10 9.09 9.17 9.19 9.23 9.25 9.28 9.32 9.38 9.44 9.47 9.43 9.49 9.56 9.60 9.65 9.64 9.62 9.65 9.65 9.69 9.72 9.66 9.59 9.55 9.49 9.53 9.60 9.58 9.61 9.66 9.73
7.74 7.74 7.76 7.83 7.89 7.86 7.89 7.98 7.99 8.04 8.01 8.06 8.08 8.10 8.08 8.08 8.09 8.13 8.12 8.14 8.16 8.16 8.10 8.07 8.06 8.10 8.18 8.29 8.37 8.34 8.47 8.51 8.56 8.65 8.62 8.59 8.73 8.89 8.93 8.94 8.92 8.95 8.87 8.84 8.81 8.77 8.72 8.74 8.84 8.89 8.97 8.98 9.05 9.12 9.18 9.31 9.34 9.35 9.38 9.37 9.45 9.38 9.54 9.60 9.60 9.64 9.67 9.70 9.72 9.73 9.65 9.65 9.73 9.75 9.67 9.61 9.55 9.56 9.60 9.64 9.70 9.75 9.80
7.82 7.86 7.85 7.84 7.92 8.01 7.97 8.03 8.11 8.08 8.01 8.05 8.08 8.11 8.17 8.17 8.16 8.15 8.14 8.11 8.05 8.05 8.09 8.15 8.23 8.28 8.32 8.37 8.51 8.47 8.43 8.55 8.64 8.71 8.75 8.79 8.88 8.96 8.98 8.99 8.92 8.93 8.86 8.85 8.81 8.80 8.88 8.87 8.91 8.96 8.97 9.02 9.10 9.13 9.17 9.28 9.38 9.41 9.45 9.45 9.48 9.51 9.59 9.57 9.59 9.65 9.70 9.80 9.74 9.72 9.67 9.68 9.73 9.74 9.71 9.67 9.61 9.59 9.64 9.71 9.77 9.83 9.89
7.93 7.94 7.91 7.90 7.93 7.99 7.89 8.06 8.19 8.09 8.08 8.13 8.12 8.12 8.19 8.22 8.18 8.13 8.15 8.12 8.06 8.10 8.19 8.30 8.34 8.39 8.46 8.49 8.59 8.54 8.43 8.50 8.60 8.71 8.79 8.87 8.96 9.02 9.05 9.02 8.98 8.97 8.98 9.01 9.05 9.03 9.01 8.98 9.03 9.14 9.10 9.08 9.14 9.19 9.26 9.33 9.39 9.37 9.38 9.50 9.59 9.64 9.66 9.67 9.66 9.70 9.79 9.85 9.77 9.68 9.66 9.68 9.70 9.73 9.74 9.74 9.72 9.74 9.77 9.79 9.84 9.92 10.00
8.04 8.04 7.98 7.93 7.92 7.94 8.00 8.16 8.26 8.19 8.20 8.26 8.20 8.11 8.22 8.28 8.23 8.11 8.11 8.22 8.28 8.33 8.42 8.46 8.43 8.45 8.56 8.65 8.58 8.59 8.55 8.52 8.58 8.71 8.81 8.89 9.00 9.07 9.05 9.08 9.07 9.09 9.14 9.13 9.12 9.07 9.03 9.11 9.18 9.24 9.21 9.19 9.18 9.18 9.27 9.34 9.40 9.40 9.41 9.50 9.60 9.59 9.63 9.72 9.76 9.76 9.82 9.87 9.82 9.72 9.78 9.84 9.82 9.74 9.78 9.76 9.79 9.83 9.82 9.89 9.93 10.01 10.11
8.13 8.11 8.04 7.96 7.92 7.94 8.09 8.23 8.32 8.36 8.38 8.40 8.42 8.34 8.30 8.28 8.22 8.12 8.15 8.30 8.39 8.48 8.51 8.52 8.59 8.52 8.62 8.73 8.72 8.71 8.68 8.67 8.68 8.78 8.89 8.95 9.01 9.09 9.18 9.17 9.19 9.20 9.19 9.16 9.15 9.16 9.14 9.19 9.30 9.35 9.39 9.34 9.27 9.28 9.32 9.36 9.42 9.48 9.51 9.55 9.57 9.60 9.66 9.75 9.82 9.81 9.81 9.88 9.90 9.90 9.92 9.95 9.95 9.90 9.89 9.88 9.87 9.94 9.93 10.03 10.04 10.10 10.12
8.23 8.20 8.13 8.05 7.97 7.92 8.14 8.24 8.23 8.31 8.30 8.34 8.48 8.48 8.35 8.29 8.30 8.21 8.22 8.34 8.41 8.45 8.50 8.55 8.64 8.68 8.73 8.81 8.86 8.84 8.82 8.80 8.77 8.82 8.90 8.96 9.00 9.06 9.17 9.27 9.25 9.24 9.26 9.24 9.25 9.28 9.30 9.32 9.29 9.33 9.38 9.46 9.42 9.42 9.43 9.46 9.51 9.57 9.57 9.60 9.66 9.70 9.74 9.80 9.87 9.87 9.87 9.92 9.97 9.98 10.03 10.04 10.02 9.99 9.98 9.93 9.93 9.99 10.04 10.09 10.12 10.10 10.16
8.34 8.28 8.23 8.19 8.13 8.11 8.23 8.27 8.17 8.26 8.36 8.44 8.54 8.60 8.48 8.39 8.42 8.34 8.33 8.40 8.43 8.43 8.53 8.61 8.69 8.77 8.85 8.90 8.94 8.95 8.96 8.94 8.94 8.94 9.00 9.06 9.07 9.09 9.18 9.30 9.28 9.28 9.34 9.36 9.38 9.40 9.40 9.37 9.27 9.32 9.36 9.44 9.54 9.59 9.59 9.62 9.64 9.61 9.60 9.62 9.68 9.79 9.85 9.88 9.93 9.92 9.92 9.95 10.03 10.07 10.08 10.05 10.03 10.01 10.01 9.99 10.01 10.07 10.13 10.15 10.17 10.16 10.23
8.42 8.36 8.34 8.34 8.32 8.31 8.37 8.39 8.36 8.37 8.48 8.56 8.52 8.64 8.67 8.59 8.54 8.49 8.50 8.53 8.53 8.54 8.64 8.71 8.77 8.85 8.91 8.96 9.01 9.05 9.08 9.08 9.11 9.10 9.13 9.18 9.21 9.09 9.23 9.35 9.29 9.37 9.41 9.46 9.47 9.45 9.41 9.38 9.41 9.40 9.37 9.39 9.49 9.58 9.69 9.73 9.76 9.72 9.69 9.68 9.69 9.82 9.91 9.96 9.98 10.00 10.00 10.05 10.13 10.12 10.08 10.04 10.03 10.03 10.04 10.07 10.12 10.14 10.17 10.21 10.22 10.27 10.33
8.54 8.48 8.46 8.47 8.51 8.50 8.46 8.48 8.53 8.45 8.52 8.59 8.57 8.64 8.74 8.73 8.63 8.61 8.68 8.69 8.66 8.73 8.76 8.80 8.84 8.90 8.96 9.02 9.05 9.10 9.16 9.16 9.17 9.19 9.21 9.23 9.27 9.20 9.38 9.38 9.35 9.41 9.48 9.53 9.53 9.55 9.52 9.41 9.51 9.52 9.40 9.40 9.49 9.44 9.64 9.69 9.59 9.83 9.82 9.82 9.79 9.86 9.87 9.94 9.99 10.07 10.03 10.11 10.11 10.12 10.09 10.06 10.06 10.08 10.10 10.13 10.17 10.28 10.31 10.30 10.30 10.36 10.37
8.62 8.60 8.57 8.55 8.61 8.67 8.63 8.61 8.60 8.61 8.70 8.75 8.76 8.80 8.83 8.76 8.72 8.70 8.74 8.80 8.75 8.77 8.82 8.86 8.92 8.97 9.02 9.07 9.11 9.13 9.22 9.22 9.20 9.23 9.28 9.29 9.32 9.36 9.43 9.43 9.43 9.48 9.53 9.57 9.59 9.61 9.62 9.60 9.62 9.63 9.59 9.57 9.56 9.53 9.58 9.64 9.70 9.84 9.92 9.96 9.98 10.00 9.95 9.99 10.08 10.10 10.08 10.13 10.25 10.16 10.14 10.11 10.12 10.11 10.18 10.21 10.26 10.30 10.37 10.39 10.38 10.34 10.37
8.67 8.75 8.69 8.63 8.60 8.72 8.65 8.62 8.63 8.69 8.80 8.85 8.89 8.88 8.83 8.79 8.80 8.80 8.79 8.89 8.84 8.89 8.93 8.95 8.99 9.03 9.11 9.19 9.16 9.15 9.24 9.30 9.28 9.29 9.37 9.40 9.38 9.43 9.47 9.47 9.47 9.51 9.57 9.61 9.63 9.66 9.70 9.72 9.74 9.77 9.75 9.69 9.62 9.58 9.59 9.65 9.75 9.86 9.94 10.02 10.10 10.16 10.19 10.16 10.14 10.13 10.16 10.28 10.22 10.23 10.23 10.21 10.19 10.18 10.23 10.28 10.31 10.35 10.41 10.43 10.40 10.36 10.40
8.76 8.83 8.82 8.81 8.83 8.67 8.71 8.73 8.69 8.72 8.78 8.84 8.92 8.92 8.86 8.86 8.89 8.91 8.92 8.98 8.94 8.98 9.04 9.08 9.05 9.06 9.16 9.27 9.21 9.19 9.27 9.34 9.33 9.37 9.44 9.48 9.48 9.48 9.53 9.50 9.48 9.54 9.60 9.65 9.68 9.71 9.75 9.79 9.81 9.84 9.85 9.73 9.63 9.60 9.64 9.70 9.77 9.83 9.86 9.96 10.12 10.17 10.12 10.24 10.17 10.18 10.19 10.27 10.26 10.24 10.19 10.21 10.22 10.24 10.29 10.32 10.35 10.40 10.45 10.48 10.43 10.42 10.47
8.90 8.94 8.97 9.02 8.96 8.87 8.91 8.88 8.83 8.80 8.81 8.82 8.84 8.98 8.99 8.94 8.95 8.99 9.03 9.04 8.99 8.99 9.04 9.15 9.08 9.11 9.24 9.32 9.23 9.22 9.31 9.36 9.38 9.46 9.50 9.52 9.54 9.57 9.59 9.54 9.53 9.57 9.62 9.67 9.73 9.77 9.80 9.82 9.85 9.88 9.89 9.74 9.66 9.69 9.73 9.75 9.79 9.84 9.87 9.93 10.06 10.10 10.11 10.22 10.31 10.24 10.27 10.32 10.32 10.30 10.24 10.25 10.29 10.31 10.34 10.37 10.38 10.44 10.47 10.49 10.50 10.51 10.54
9.05 9.04 9.08 9.13 9.11 9.07 9.09 9.09 9.04 8.98 8.93 8.90 8.89 8.96 9.04 9.10 9.08 9.06 9.08 9.09 9.05 9.07 9.11 9.22 9.19 9.19 9.37 9.28 9.24 9.25 9.28 9.36 9.36 9.44 9.52 9.54 9.54 9.59 9.60 9.58 9.58 9.61 9.65 9.70 9.73 9.76 9.79 9.82 9.86 9.89 9.89 9.78 9.71 9.73 9.81 9.83 9.81 9.86 9.92 9.98 10.05 10.04 10.04 10.17 10.31 10.31 10.30 10.33 10.40 10.34 10.33 10.36 10.42 10.42 10.41 10.40 10.45 10.48 10.49 10.52 10.60 10.57 10.64
9.17 9.12 9.18 9.25 9.23 9.21 9.29 9.24 9.25 9.18 9.08 9.03 9.00 8.97 9.05 9.06 9.17 9.15 9.15 9.19 9.19 9.21 9.25 9.31 9.27 9.30 9.45 9.24 9.24 9.28 9.31 9.37 9.37 9.47 9.53 9.54 9.55 9.61 9.58 9.59 9.62 9.65 9.67 9.71 9.73 9.77 9.81 9.86 9.90 9.92 9.89 9.85 9.81 9.76 9.84 9.92 9.87 9.91 9.97 10.02 10.07 10.08 10.12 10.22 10.33 10.40 10.36 10.41 10.45 10.42 10.43 10.49 10.54 10.52 10.47 10.45 10.50 10.55 10.55 10.56 10.59 10.74 10.78
9.19 9.14 9.24 9.28 9.30 9.33 9.34 9.27 9.30 9.26 9.20 9.20 9.17 9.16 9.18 9.19 9.22 9.24 9.25 9.27 9.30 9.33 9.36 9.39 9.36 9.38 9.53 9.34 9.33 9.34 9.36 9.37 9.35 9.48 9.53 9.55 9.58 9.62 9.64 9.58 9.63 9.67 9.67 9.74 9.79 9.82 9.88 9.95 9.98 9.99 9.94 9.95 9.92 9.85 9.89 10.02 9.98 10.00 10.04 10.04 10.14 10.22 10.30 10.31 10.34 10.40 10.45 10.46 10.51 10.48 10.52 10.58 10.59 10.57 10.55 10.54 10.56 10.57 10.62 10.63 10.65 10.69 10.63
9.26 9.28 9.29 9.30 9.29 9.33 9.36 9.37 9.36 9.33 9.31 9.33 9.32 9.32 9.31 9.29 9.32 9.31 9.33 9.34 9.37 9.41 9.44 9.47 9.50 9.50 9.56 9.46 9.51 9.45 9.45 9.45 9.44 9.52 9.55 9.57 9.60 9.63 9.66 9.64 9.66 9.69 9.72 9.78 9.85 9.90 9.95 9.99 10.03 10.04 10.05 10.08 10.07 10.08 10.06 10.12 10.18 10.20 10.24 10.29 10.29 10.32 10.39 10.39 10.40 10.39 10.49 10.50 10.51 10.55 10.58 10.66 10.64 10.65 10.61 10.59 10.59 10.59 10.63 10.68 10.72 10.71 10.68
9.31 9.28 9.33 9.34 9.36 9.38 9.37 9.38 9.41 9.41 9.41 9.36 9.40 9.37 9.36 9.36 9.38 9.41 9.41 9.42 9.44 9.47 9.51 9.52 9.59 9.69 9.69 9.66 9.62 9.59 9.57 9.64 9.57 9.55 9.52 9.60 9.61 9.62 9.66 9.69 9.69 9.70 9.75 9.82 9.87 9.94 10.00 10.04 10.06 10.08 10.11 10.12 10.12 10.13 10.13 10.18 10.25 10.28 10.33 10.42 10.38 10.39 10.43 10.43 10.41 10.46 10.53 10.52 10.57 10.60 10.63 10.68 10.70 10.68 10.65 10.62 10.63 10.62 10.66 10.68 10.75 10.79 10.76
9.39 9.39 9.39 9.40 9.41 9.40 9.40 9.41 9.44 9.46 9.46 9.44 9.45 9.44 9.42 9.42 9.44 9.47 9.48 9.47 9.49 9.51 9.56 9.56 9.59 9.65 9.72 9.72 9.66 9.67 9.64 9.71 9.74 9.68 9.63 9.64 9.57 9.55 9.65 9.69 9.70 9.71 9.76 9.83 9.88 9.93 9.97 10.04 10.08 10.11 10.13 10.12 10.11 10.13 10.16 10.21 10.30 10.34 10.39 10.46 10.42 10.43 10.47 10.50 10.52 10.55 10.54 10.53 10.56 10.59 10.67 10.73 10.69 10.68 10.67 10.65 10.71 10.68 10.72 10.66 10.74 10.88 10.90
9.41 9.38 9.46 9.44 9.44 9.45 9.44 9.46 9.47 9.48 9.50 9.48 9.49 9.49 9.47 9.49 9.50 9.52 9.53 9.53 9.55 9.57 9.61 9.62 9.65 9.66 9.72 9.80 9.75 9.78 9.82 9.88 9.90 9.85 9.80 9.79 9.72 9.69 9.74 9.73 9.73 9.76 9.81 9.84 9.90 9.91 9.93 10.04 10.10 10.15 10.17 10.15 10.15 10.17 10.20 10.24 10.29 10.38 10.45 10.49 10.46 10.46 10.49 10.56 10.56 10.58 10.57 10.57 10.53 10.57 10.67 10.76 10.72 10.71 10.74 10.73 10.77 10.72 10.82 10.85 10.92 10.99 10.99
9.44 9.45 9.51 9.51 9.48 9.50 9.50 9.51 9.53 9.55 9.55 9.54 9.55 9.55 9.54 9.55 9.56 9.57 9.58 9.60 9.62 9.64 9.67 9.69 9.73 9.75 9.78 9.85 9.86 9.87 9.89 9.93 9.95 9.99 9.97 9.97 9.96 9.96 9.91 9.82 9.70 9.80 9.83 9.88 9.91 9.95 9.98 10.01 10.09 10.18 10.18 10.19 10.20 10.21 10.25 10.30 10.36 10.39 10.48 10.47 10.47 10.50 10.56 10.60 10.62 10.64 10.69 10.67 10.59 10.58 10.66 10.69 10.72 10.74 10.81 10.86 10.81 10.88 10.96 10.96 10.94 11.10 11.12
9.50 9.50 9.55 9.57 9.58 9.56 9.56 9.56 9.56 9.59 9.60 9.60 9.60 9.60 9.61 9.61 9.62 9.61 9.63 9.66 9.68 9.70 9.71 9.74 9.78 9.81 9.83 9.86 9.90 9.90 9.93 9.95 9.96 10.00 10.04 10.07 10.10 10.11 10.08 10.01 9.94 9.91 9.81 9.80 9.90 10.01 10.06 10.09 10.14 10.22 10.28 10.26 10.24 10.24 10.30 10.36 10.41 10.47 10.54 10.50 10.52 10.55 10.59 10.63 10.66 10.70 10.72 10.68 10.65 10.66 10.68 10.67 10.74 10.81 10.86 10.94 10.99 11.04 11.08 11.08 11.10 10.99 11.02
9.56 9.57 9.60 9.61 9.64 9.64 9.64 9.63 9.63 9.65 9.65 9.65 9.65 9.65 9.67 9.67 9.69 9.69 9.71 9.71 9.72 9.74 9.77 9.80 9.84 9.88 9.90 9.91 9.94 9.97 9.99 9.99 10.01 10.04 10.04 10.07 10.09 10.12 10.15 10.14 10.14 10.07 9.93 9.88 9.93 10.04 10.13 10.13 10.16 10.21 10.26 10.28 10.29 10.31 10.36 10.42 10.47 10.51 10.57 10.55 10.57 10.60 10.63 10.66 10.68 10.72 10.76 10.73 10.72 10.78 10.80 10.72 10.63 10.65 10.71 10.82 11.06 11.10 11.07 11.09 11.04 11.02 11.04
9.62 9.61 9.64 9.66 9.69 9.67 9.66 9.66 9.71 9.72 9.69 9.70 9.70 9.71 9.72 9.73 9.74 9.76 9.77 9.77 9.77 9.80 9.83 9.86 9.88 9.90 9.93 9.96 9.99 10.01 10.04 10.06 10.08 10.09 10.09 10.10 10.12 10.17 10.22 10.23 10.24 10.21 10.14 10.12 10.09 10.15 10.12 10.05 10.08 10.13 10.19 10.27 10.34 10.38 10.41 10.46 10.49 10.46 10.58 10.64 10.64 10.68 10.69 10.71 10.74 10.77 10.79 10.77 10.75 10.82 10.93 10.88 10.75 10.71 10.69 10.75 10.90 10.97 11.03 11.17 11.07 11.06 11.15
9.68 9.70 9.71 9.72 9.70 9.71 9.72 9.76 9.76 9.76 9.74 9.75 9.76 9.76 9.77 9.78 9.79 9.80 9.81 9.83 9.84 9.86 9.89 9.90 9.92 9.93 9.95 10.00 10.03 10.05 10.05 10.07 10.12 10.13 10.15 10.14 10.15 10.21 10.26 10.25 10.26 10.27 10.27 10.27 10.29 10.21 10.06 9.92 9.98 10.02 10.09 10.30 10.37 10.40 10.44 10.49 10.53 10.56 10.62 10.67 10.68 10.68 10.70 10.73 10.77 10.81 10.83 10.80 10.79 10.83 10.92 11.01 11.00 10.89 10.80 10.77 10.86 10.89 10.95 11.14 11.10 11.04 11.11
9.73 9.71 9.74 9.75 9.73 9.73 9.74 9.77 9.81 9.81 9.80 9.80 9.81 9.82 9.84 9.84 9.85 9.85 9.87 9.88 9.89 9.90 9.93 9.95 9.98 9.99 10.03 10.05 10.08 10.10 10.10 10.12 10.16 10.18 10.20 10.21 10.21 10.26 10.28 10.28 10.31 10.25 10.26 10.32 10.34 10.36 10.30 10.22 10.07 10.03 10.04 10.23 10.35 10.40 10.45 10.50 10.55 10.61 10.65 10.67 10.70 10.69 10.76 10.79 10.78 10.84 10.86 10.83 10.76 10.84 10.90 10.95 11.09 11.01 10.94 10.92 10.88 10.83 11.01 11.12 11.03 11.06 11.13
9.76 9.78 9.79 9.78 9.76 9.76 9.78 9.80 9.83 9.87 9.86 9.86 9.88 9.89 9.89 9.89 9.90 9.90 9.92 9.94 9.95 9.97 9.99 10.01 10.03 10.05 10.07 10.10 10.12 10.14 10.16 10.18 10.20 10.20 10.19 10.23 10.27 10.30 10.35 10.33 10.29 10.26 10.31 10.37 10.40 10.40 10.37 10.33 10.27 10.26 10.27 10.25 10.29 10.38 10.44 10.52 10.57 10.63 10.64 10.67 10.75 10.79 10.81 10.84 10.85 10.87 10.88 10.82 10.78 10.86 10.93 10.97 11.10 11.12 11.07 10.99 10.81 10.79 11.03 11.08 11.03 11.08 11.16
9.80 9.81 9.82 9.82 9.83 9.83 9.85 9.88 9.90 9.91 9.93 9.92 9.94 9.94 9.94 9.94 9.96 9.96 9.97 10.00 10.02 10.03 10.05 10.06 10.08 10.10 10.11 10.15 10.17 10.18 10.16 10.23 10.24 10.23 10.22 10.24 10.29 10.31 10.36 10.34 10.31 10.32 10.38 10.43 10.41 10.40 10.40 10.43 10.44 10.46 10.47 10.35 10.30 10.34 10.39 10.49 10.59 10.64 10.64 10.67 10.74 10.78 10.82 10.86 10.90 10.85 10.84 10.80 10.78 10.84 10.95 11.00 11.07 11.17 11.16 11.04 10.81 10.86 11.09 11.01 11.00 11.04 11.17
9.87 9.88 9.88 9.88 9.89 9.91 9.93 9.94 9.96 9.97 9.98 9.99 10.00 10.00 9.99 10.00 10.01 10.02 10.04 10.06 10.08 10.10 10.11 10.12 10.14 10.16 10.18 10.20 10.22 10.24 10.25 10.28 10.28 10.27 10.26 10.29 10.32 10.32 10.39 10.38 10.36 10.40 10.45 10.48 10.46 10.44 10.45 10.52 10.56 10.59 10.61 10.50 10.41 10.32 10.33 10.41 10.60 10.64 10.67 10.70 10.72 10.75 10.83 10.91 10.86 10.82 10.77 10.79 10.86 10.92 10.99 11.04 11.18 11.20 11.16 11.14 11.02 10.89 10.95 11.01 11.02 11.09 11.21
9.93 9.94 9.95 9.94 9.94 9.95 9.98 10.00 10.00 10.03 10.04 10.05 10.07 10.06 10.06 10.05 10.07 10.07 10.07 10.10 10.12 10.15 10.16 10.18 10.21 10.23 10.24 10.25 10.27 10.28 10.30 10.32 10.33 10.32 10.32 10.34 10.38 10.42 10.44 10.45 10.45 10.44 10.46 10.52 10.50 10.49 10.52 10.56 10.63 10.63 10.70 10.65 10.62 10.56 10.51 10.48 10.42 10.55 10.64 10.73 10.74 10.80 10.90 10.91 10.84 10.77 10.77 10.82 10.88 11.00 11.13 11.19 11.25 11.20 11.19 11.20 11.23 11.00 10.90 10.88 11.04 11.17 11.28
9.99 10.00 10.00 9.99 9.99 10.00 10.02 10.05 10.07 10.08 10.08 10.10 10.12 10.12 10.12 10.10 10.13 10.13 10.12 10.14 10.15 10.19 10.21 10.21 10.22 10.26 10.30 10.32 10.33 10.33 10.36 10.37 10.37 10.38 10.38 10.37 10.41 10.47 10.46 10.48 10.52 10.50 10.50 10.57 10.62 10.61 10.63 10.66 10.70 10.67 10.69 10.75 10.76 10.75 10.74 10.71 10.62 10.54 10.56 10.68 10.66 10.77 10.94 10.88 10.83 10.79 10.85 10.92 10.98 11.08 11.20 11.24 11.27 11.28 11.28 11.28 11.23 11.09 11.01 11.04 11.11 11.19 11.27
10.05 10.04 10.06 10.06 10.05 10.05 10.07 10.09 10.11 10.13 10.15 10.15 10.16 10.17 10.18 10.17 10.19 10.19 10.19 10.21 10.22 10.24 10.26 10.28 10.27 10.29 10.32 10.33 10.36 10.39 10.41 10.40 10.41 10.42 10.41 10.42 10.48 10.50 10.47 10.49 10.51 10.57 10.58 10.62 10.66 10.69 10.72 10.76 10.76 10.75 10.79 10.84 10.87 10.90 10.94 10.94 10.90 10.77 10.66 10.49 10.80 10.76 10.94 10.84 10.87 10.92 11.00 11.05 11.10 11.12 11.18 11.24 11.26 11.28 11.29 11.28 11.23 11.15 11.12 11.16 11.15 11.18 11.26
10.14 10.13 10.14 10.12 10.11 10.11 10.12 10.13 10.16 10.19 10.20 10.21 10.22 10.23 10.22 10.21 10.25 10.23 10.25 10.27 10.28 10.30 10.32 10.34 10.33 10.34 10.34 10.36 10.40 10.42 10.47 10.45 10.45 10.49 10.49 10.51 10.51 10.48 10.52 10.54 10.58 10.61 10.63 10.65 10.67 10.70 10.73 10.76 10.81 10.81 10.86 10.90 10.95 11.00 11.04 11.07 11.05 11.05 10.96 10.94 10.50 10.63 10.75 10.77 10.90 11.01 11.00 11.07 11.16 11.19 11.23 11.20 11.23 11.26 11.24 11.24 11.25 11.21 11.16 11.19 11.14 11.13 11.23
10.21 10.20 10.19 10.16 10.15 10.16 10.17 10.19 10.21 10.24 10.24 10.25 10.27 10.28 10.27 10.27 10.28 10.29 10.29 10.29 10.30 10.32 10.33 10.35 10.39 10.38 10.39 10.41 10.43 10.45 10.51 10.49 10.50 10.54 10.55 10.53 10.52 10.52 10.55 10.59 10.63 10.65 10.69 10.71 10.71 10.74 10.77 10.79 10.84 10.85 10.90 10.95 10.98 11.01 11.04 11.10 11.13 11.16 11.13 11.11 10.91 10.85 10.94 10.84 10.80 10.85 10.86 10.99 11.13 11.17 11.21 11.20 11.23 11.25 11.26 11.29 11.29 11.29 11.26 11.21 11.14 11.13 11.22
10.27 10.25 10.24 10.22 10.21 10.21 10.22 10.23 10.26 10.29 10.29 10.32 10.33 10.34 10.35 10.36 10.36 10.34 10.34 10.36 10.37 10.37 10.38 10.40 10.42 10.44 10.44 10.46 10.48 10.48 10.54 10.53 10.52 10.56 10.57 10.54 10.56 10.58 10.61 10.64 10.66 10.68 10.71 10.74 10.74 10.77 10.79 10.82 10.87 10.90 10.93 10.98 11.02 11.04 11.09 11.10 11.12 11.15 11.16 11.15 11.10 11.08 11.14 11.07 10.92 10.86 10.84 10.90 10.98 11.16 11.25 11.26 11.26 11.28 11.32 11.31 11.32 11.33 11.28 11.23 11.22 11.22 11.22
