main/data/pressure/16.07.2023.grid
ncols 886
nrows 691
xllcenter 112.0000
yllcenter -44.5000
cellsize 0.0500
nodata_value 99999.90
[rows 432 to 467 of 691, columns 800 to 879 of 886]
9.68 10.98 10.15 9.83 10.10 10.65 10.28 10.58 10.31 10.41 10.63 10.28 11.10 11.35 11.42 11.79 11.50 11.79 11.76 11.74 11.73 11.71 11.70 11.69 11.67 11.67 11.66 11.66 11.67 11.67 11.67 11.68 11.68 11.70 11.70 11.72 11.73 11.75 11.77 11.81 11.96 12.13 12.29 12.43 12.55 12.66 12.77 12.86 12.93 13.01 13.08 13.14 13.19 13.24 13.28 13.33 13.37 13.40 13.43 13.47 13.49 13.53 13.56 13.58 13.61 13.64 13.67 13.70 13.72 13.75 13.78 13.80 13.83 13.85 13.88 13.91 13.94 13.96 13.98 14.01
10.29 11.11 10.42 9.45 10.14 10.16 11.15 10.78 10.35 10.31 10.51 11.51 11.30 11.78 11.82 11.78 11.81 11.61 11.79 11.76 11.75 11.73 11.72 11.71 11.70 11.69 11.69 11.69 11.69 11.69 11.70 11.70 11.71 11.71 11.72 11.74 11.75 11.76 11.79 11.88 12.04 12.21 12.36 12.49 12.61 12.72 12.81 12.90 12.98 13.06 13.11 13.17 13.23 13.27 13.31 13.35 13.39 13.42 13.46 13.49 13.52 13.55 13.58 13.60 13.63 13.66 13.69 13.71 13.74 13.77 13.79 13.82 13.84 13.87 13.89 13.92 13.94 13.96 14.00 14.02
11.20 10.87 10.41 9.76 10.20 10.79 11.07 10.57 10.91 10.66 10.38 11.37 11.35 11.77 11.47 11.83 11.82 11.81 11.80 11.79 11.77 11.76 11.75 11.74 11.73 11.72 11.72 11.72 11.72 11.71 11.72 11.73 11.73 11.73 11.75 11.75 11.77 11.78 11.83 11.96 12.13 12.29 12.43 12.56 12.68 12.78 12.87 12.96 13.03 13.10 13.16 13.21 13.26 13.31 13.34 13.38 13.42 13.45 13.48 13.52 13.54 13.57 13.60 13.63 13.66 13.68 13.71 13.73 13.76 13.78 13.81 13.83 13.86 13.88 13.91 13.93 13.96 13.98 14.00 14.03
10.15 11.28 10.64 10.10 11.09 10.90 11.42 10.80 11.23 11.30 11.04 11.05 11.52 11.66 11.73 11.81 11.73 11.82 11.82 11.80 11.79 11.78 11.77 11.76 11.76 11.75 11.75 11.75 11.75 11.75 11.75 11.75 11.75 11.76 11.77 11.78 11.79 11.81 11.91 12.07 12.23 12.38 12.51 12.64 12.74 12.84 12.93 13.01 13.08 13.14 13.20 13.25 13.29 13.34 13.38 13.41 13.45 13.49 13.51 13.55 13.57 13.60 13.62 13.65 13.68 13.70 13.72 13.75 13.78 13.80 13.83 13.85 13.87 13.90 13.92 13.95 13.97 13.99 14.02 14.04
11.06 11.32 9.92 9.95 10.44 11.37 11.57 10.89 11.51 11.67 11.50 11.81 11.81 11.80 11.82 11.84 11.84 11.83 11.82 11.82 11.81 11.80 11.79 11.79 11.79 11.77 11.77 11.77 11.77 11.77 11.77 11.78 11.78 11.79 11.79 11.81 11.82 11.87 12.01 12.17 12.33 12.47 12.60 12.71 12.81 12.91 12.99 13.07 13.13 13.19 13.24 13.29 13.34 13.37 13.42 13.44 13.48 13.52 13.54 13.57 13.60 13.63 13.65 13.68 13.70 13.73 13.75 13.78 13.80 13.83 13.84 13.87 13.89 13.91 13.94 13.96 13.99 14.01 14.03 14.06
10.49 11.28 11.39 10.92 9.99 10.81 11.56 11.38 11.27 11.58 11.74 11.74 11.82 11.82 11.80 11.83 11.83 11.83 11.83 11.83 11.82 11.82 11.81 11.80 11.80 11.80 11.80 11.80 11.80 11.80 11.80 11.81 11.81 11.81 11.83 11.83 11.86 11.98 12.13 12.29 12.44 12.56 12.69 12.79 12.89 12.97 13.05 13.12 13.18 13.23 13.29 13.34 13.38 13.42 13.45 13.49 13.51 13.55 13.57 13.60 13.62 13.66 13.68 13.70 13.72 13.75 13.77 13.80 13.82 13.85 13.87 13.89 13.92 13.94 13.96 13.98 14.00 14.03 14.05 14.07
10.19 11.20 11.04 11.34 11.44 11.50 11.49 11.61 11.67 11.66 11.75 11.78 11.80 11.81 11.82 11.82 11.83 11.83 11.84 11.83 11.83 11.83 11.82 11.82 11.82 11.82 11.82 11.82 11.82 11.82 11.82 11.83 11.84 11.85 11.85 11.87 11.94 12.10 12.25 12.40 12.54 12.66 12.77 12.87 12.96 13.04 13.11 13.18 13.23 13.29 13.33 13.38 13.42 13.46 13.49 13.52 13.55 13.58 13.60 13.63 13.65 13.68 13.70 13.73 13.75 13.78 13.80 13.82 13.85 13.87 13.90 13.91 13.93 13.96 13.98 14.00 14.03 14.05 14.07 14.09
11.05 10.40 11.08 10.65 10.76 10.84 11.51 11.12 11.29 11.53 11.63 11.72 11.77 11.79 11.80 11.81 11.82 11.83 11.83 11.83 11.84 11.83 11.83 11.84 11.83 11.84 11.84 11.84 11.85 11.85 11.86 11.86 11.87 11.87 11.88 11.92 12.07 12.22 12.37 12.51 12.64 12.75 12.85 12.95 13.03 13.11 13.18 13.24 13.29 13.34 13.39 13.42 13.47 13.49 13.53 13.56 13.59 13.61 13.64 13.67 13.69 13.72 13.74 13.76 13.78 13.80 13.83 13.85 13.88 13.89 13.91 13.94 13.96 13.98 14.01 14.02 14.04 14.07 14.09 14.11
10.95 10.65 10.70 10.36 10.45 10.73 10.15 10.82 10.88 11.31 11.54 11.65 11.75 11.76 11.78 11.79 11.80 11.81 11.82 11.82 11.83 11.84 11.83 11.84 11.85 11.85 11.86 11.86 11.86 11.87 11.87 11.88 11.89 11.90 11.93 12.03 12.20 12.35 12.49 12.62 12.74 12.85 12.94 13.03 13.11 13.17 13.24 13.29 13.35 13.39 13.43 13.47 13.51 13.54 13.57 13.59 13.63 13.65 13.68 13.70 13.72 13.75 13.77 13.80 13.81 13.84 13.86 13.88 13.91 13.92 13.94 13.96 13.99 14.00 14.02 14.05 14.07 14.09 14.12 14.13
10.87 10.89 10.46 10.29 10.78 11.26 11.02 10.93 10.94 11.59 11.38 11.68 11.71 11.73 11.75 11.77 11.78 11.80 11.80 11.81 11.83 11.83 11.84 11.85 11.85 11.86 11.87 11.88 11.88 11.88 11.89 11.90 11.91 11.93 12.02 12.17 12.33 12.47 12.61 12.72 12.84 12.94 13.03 13.10 13.18 13.24 13.30 13.36 13.40 13.45 13.49 13.52 13.56 13.58 13.61 13.64 13.66 13.69 13.71 13.73 13.76 13.78 13.80 13.83 13.85 13.86 13.89 13.91 13.93 13.95 13.97 13.99 14.02 14.03 14.05 14.07 14.10 14.11 14.13 14.15
10.49 10.81 10.60 10.46 10.50 11.02 11.32 11.40 11.53 11.58 11.58 11.65 11.68 11.70 11.72 11.74 11.75 11.77 11.79 11.80 11.81 11.83 11.83 11.84 11.86 11.87 11.87 11.88 11.89 11.90 11.91 11.93 11.94 12.00 12.14 12.31 12.46 12.59 12.72 12.83 12.93 13.03 13.11 13.18 13.25 13.31 13.36 13.41 13.46 13.50 13.53 13.57 13.60 13.62 13.66 13.68 13.70 13.73 13.75 13.77 13.80 13.82 13.83 13.86 13.88 13.90 13.92 13.94 13.96 13.98 14.00 14.02 14.04 14.06 14.08 14.10 14.12 14.14 14.16 14.18
10.79 10.25 10.66 10.25 11.01 11.16 11.32 11.39 11.35 11.53 11.60 11.63 11.65 11.68 11.70 11.71 11.73 11.76 11.77 11.78 11.79 11.81 11.83 11.83 11.85 11.87 11.88 11.88 11.90 11.91 11.92 11.94 11.98 12.11 12.28 12.43 12.58 12.71 12.82 12.93 13.02 13.12 13.19 13.26 13.32 13.38 13.43 13.47 13.51 13.56 13.59 13.61 13.64 13.68 13.70 13.72 13.75 13.77 13.79 13.82 13.83 13.85 13.88 13.90 13.91 13.93 13.96 13.97 13.99 14.02 14.03 14.05 14.07 14.09 14.11 14.13 14.15 14.16 14.18 14.21
10.93 10.83 10.39 10.91 11.08 11.17 11.34 11.43 11.49 11.54 11.58 11.61 11.62 11.65 11.67 11.69 11.71 11.73 11.75 11.76 11.78 11.79 11.81 11.83 11.85 11.86 11.88 11.89 11.91 11.91 11.93 11.97 12.08 12.24 12.41 12.56 12.69 12.82 12.93 13.03 13.11 13.20 13.27 13.34 13.39 13.44 13.49 13.54 13.57 13.60 13.63 13.67 13.69 13.72 13.75 13.77 13.79 13.81 13.84 13.85 13.87 13.89 13.92 13.93 13.95 13.97 13.99 14.01 14.03 14.04 14.07 14.08 14.10 14.12 14.13 14.16 14.18 14.19 14.21 14.23
10.66 10.56 10.28 10.58 10.87 10.99 11.26 11.40 11.41 11.29 11.55 11.59 11.61 11.62 11.65 11.67 11.69 11.71 11.73 11.75 11.76 11.78 11.80 11.82 11.84 11.86 11.87 11.89 11.91 11.92 11.95 12.03 12.20 12.37 12.53 12.68 12.81 12.92 13.03 13.12 13.20 13.28 13.35 13.41 13.46 13.51 13.55 13.59 13.62 13.66 13.69 13.71 13.74 13.77 13.79 13.81 13.83 13.86 13.88 13.89 13.91 13.93 13.95 13.97 13.99 14.01 14.03 14.04 14.06 14.08 14.09 14.12 14.14 14.15 14.17 14.18 14.21 14.23 14.24 14.26
10.75 10.32 10.63 10.76 11.26 10.55 11.29 11.37 11.48 11.19 11.55 11.57 11.59 11.61 11.63 11.65 11.68 11.70 11.71 11.73 11.74 11.77 11.79 11.80 11.82 11.85 11.87 11.88 11.90 11.92 11.98 12.15 12.32 12.49 12.65 12.79 12.91 13.02 13.12 13.21 13.29 13.36 13.42 13.47 13.53 13.57 13.61 13.65 13.68 13.71 13.73 13.77 13.79 13.81 13.83 13.86 13.88 13.90 13.92 13.93 13.96 13.98 13.99 14.01 14.02 14.04 14.07 14.08 14.10 14.11 14.13 14.15 14.17 14.19 14.20 14.22 14.23 14.25 14.28 14.29
10.44 9.94 11.02 10.93 11.37 11.34 10.97 11.47 11.38 11.52 11.56 11.57 11.59 11.61 11.63 11.65 11.67 11.69 11.70 11.72 11.74 11.75 11.77 11.80 11.81 11.83 11.86 11.88 11.89 11.94 12.07 12.27 12.45 12.61 12.76 12.89 13.01 13.12 13.21 13.30 13.37 13.43 13.49 13.54 13.59 13.63 13.68 13.71 13.74 13.77 13.79 13.81 13.84 13.87 13.89 13.90 13.92 13.94 13.96 13.98 14.00 14.01 14.03 14.05 14.06 14.09 14.10 14.12 14.13 14.15 14.17 14.18 14.21 14.22 14.24 14.25 14.27 14.28 14.30 14.32
10.85 10.44 11.22 10.95 11.45 11.45 11.48 11.49 11.47 11.53 11.40 11.59 11.61 11.62 11.63 11.65 11.67 11.68 11.70 11.71 11.73 11.75 11.76 11.78 11.81 11.82 11.84 11.87 11.89 11.99 12.18 12.38 12.57 12.72 12.87 12.99 13.11 13.21 13.30 13.38 13.45 13.51 13.56 13.61 13.66 13.69 13.73 13.76 13.79 13.82 13.85 13.87 13.89 13.91 13.93 13.95 13.96 13.99 14.01 14.02 14.04 14.06 14.07 14.09 14.11 14.13 14.14 14.16 14.17 14.19 14.20 14.22 14.24 14.26 14.27 14.29 14.31 14.32 14.34 14.35
11.04 10.49 11.36 11.44 11.50 10.83 11.56 11.55 11.35 11.55 11.61 11.61 11.63 11.64 11.65 11.66 11.68 11.69 11.71 11.71 11.73 11.75 11.77 11.78 11.80 11.82 11.83 11.86 11.92 12.09 12.29 12.50 12.67 12.83 12.97 13.09 13.20 13.30 13.38 13.46 13.53 13.58 13.63 13.68 13.72 13.76 13.79 13.82 13.85 13.87 13.89 13.91 13.93 13.96 13.98 14.00 14.02 14.03 14.05 14.06 14.08 14.10 14.12 14.14 14.15 14.17 14.18 14.20 14.21 14.23 14.24 14.26 14.27 14.29 14.31 14.33 14.34 14.36 14.37 14.39
10.96 11.34 11.42 10.88 11.58 11.62 11.63 11.64 11.65 11.66 11.66 11.67 11.68 11.68 11.69 11.69 11.70 11.71 11.72 11.73 11.74 11.75 11.77 11.78 11.80 11.82 11.84 11.86 11.98 12.19 12.40 12.60 12.78 12.93 13.07 13.18 13.29 13.38 13.46 13.54 13.60 13.65 13.70 13.75 13.78 13.82 13.85 13.88 13.90 13.93 13.95 13.97 13.99 14.01 14.03 14.04 14.06 14.08 14.09 14.11 14.12 14.15 14.16 14.18 14.19 14.21 14.22 14.24 14.25 14.27 14.28 14.30 14.31 14.33 14.34 14.37 14.38 14.39 14.41 14.43
11.68 11.64 11.63 11.68 11.59 11.72 11.72 11.73 11.72 11.73 11.74 11.73 11.73 11.74 11.74 11.73 11.74 11.74 11.75 11.76 11.77 11.77 11.78 11.80 11.80 11.82 11.84 11.88 12.07 12.30 12.51 12.71 12.88 13.03 13.16 13.27 13.37 13.46 13.54 13.61 13.67 13.72 13.76 13.80 13.84 13.87 13.90 13.93 13.95 13.97 14.00 14.02 14.03 14.05 14.08 14.10 14.11 14.13 14.14 14.16 14.18 14.19 14.21 14.22 14.24 14.25 14.27 14.28 14.29 14.31 14.32 14.34 14.35 14.37 14.38 14.40 14.41 14.43 14.44 14.45
11.80 11.79 11.71 11.76 11.82 11.82 11.82 11.82 11.82 11.81 11.81 11.81 11.80 11.80 11.80 11.80 11.80 11.79 11.79 11.79 11.80 11.79 11.80 11.81 11.82 11.83 11.85 11.94 12.17 12.41 12.63 12.81 12.98 13.12 13.25 13.36 13.46 13.54 13.62 13.68 13.74 13.78 13.83 13.86 13.90 13.93 13.96 13.99 14.01 14.03 14.05 14.07 14.09 14.11 14.12 14.14 14.16 14.17 14.19 14.20 14.22 14.23 14.25 14.26 14.28 14.29 14.31 14.32 14.34 14.35 14.37 14.38 14.39 14.41 14.42 14.44 14.45 14.47 14.48 14.49
11.37 11.83 11.87 11.93 11.94 11.94 11.93 11.93 11.92 11.92 11.90 11.90 11.89 11.88 11.87 11.86 11.86 11.85 11.84 11.84 11.84 11.84 11.84 11.84 11.85 11.85 11.88 12.04 12.28 12.52 12.73 12.91 13.07 13.21 13.34 13.44 13.54 13.62 13.69 13.75 13.80 13.85 13.89 13.93 13.96 13.99 14.02 14.04 14.07 14.08 14.11 14.12 14.13 14.15 14.17 14.19 14.20 14.22 14.23 14.25 14.26 14.28 14.29 14.31 14.32 14.34 14.35 14.36 14.38 14.39 14.41 14.42 14.44 14.45 14.46 14.48 14.49 14.51 14.52 14.53
12.09 12.09 12.08 12.08 11.55 12.07 12.06 12.04 12.04 12.02 12.01 12.00 11.98 11.97 11.95 11.94 11.93 11.92 11.91 11.90 11.89 11.89 11.88 11.88 11.88 11.88 11.93 12.15 12.40 12.63 12.83 13.00 13.16 13.30 13.42 13.52 13.61 13.69 13.76 13.81 13.87 13.91 13.95 13.99 14.02 14.04 14.07 14.09 14.11 14.13 14.15 14.17 14.19 14.21 14.22 14.24 14.26 14.27 14.29 14.30 14.32 14.33 14.35 14.36 14.37 14.38 14.39 14.41 14.42 14.44 14.45 14.46 14.48 14.49 14.51 14.52 14.53 14.55 14.56 14.58
12.20 12.24 12.23 12.20 12.21 12.20 12.19 12.17 12.16 12.14 12.12 12.10 12.09 12.07 12.05 12.03 12.02 12.00 11.99 11.97 11.96 11.95 11.93 11.93 11.93 11.94 12.03 12.27 12.51 12.74 12.94 13.10 13.26 13.39 13.51 13.60 13.69 13.77 13.82 13.88 13.93 13.98 14.01 14.05 14.07 14.10 14.12 14.15 14.17 14.19 14.21 14.23 14.25 14.25 14.27 14.28 14.30 14.32 14.33 14.35 14.36 14.38 14.39 14.40 14.42 14.43 14.45 14.46 14.47 14.48 14.49 14.51 14.52 14.54 14.55 14.56 14.58 14.59 14.60 14.62
12.42 12.41 12.39 12.38 12.37 12.35 12.34 12.31 12.29 12.28 12.25 12.23 12.21 12.18 12.16 12.14 12.11 12.09 12.08 12.06 12.04 12.02 12.01 11.99 11.99 12.01 12.15 12.40 12.63 12.85 13.04 13.21 13.35 13.48 13.59 13.68 13.76 13.84 13.89 13.95 14.00 14.04 14.07 14.10 14.13 14.16 14.18 14.20 14.22 14.24 14.25 14.27 14.29 14.31 14.32 14.34 14.36 14.37 14.38 14.39 14.41 14.42 14.43 14.45 14.46 14.48 14.49 14.51 14.52 14.53 14.54 14.55 14.57 14.58 14.59 14.61 14.62 14.63 14.64 14.65
12.59 12.58 12.57 12.55 12.53 12.51 12.49 12.46 12.43 12.41 12.38 12.35 12.33 12.30 12.28 12.25 12.23 12.20 12.17 12.15 12.12 12.11 12.09 12.07 12.06 12.09 12.28 12.53 12.77 12.96 13.15 13.30 13.44 13.56 13.66 13.75 13.84 13.91 13.96 14.01 14.06 14.10 14.13 14.16 14.19 14.21 14.24 14.25 14.27 14.29 14.31 14.33 14.35 14.35 14.37 14.38 14.40 14.42 14.43 14.45 14.46 14.47 14.48 14.49 14.51 14.52 14.54 14.55 14.56 14.58 14.59 14.60 14.61 14.62 14.64 14.65 14.66 14.68 14.68 14.69
12.78 12.76 12.75 12.72 12.70 12.67 12.64 12.62 12.59 12.56 12.53 12.50 12.47 12.44 12.40 12.37 12.34 12.32 12.28 12.25 12.23 12.20 12.18 12.16 12.14 12.20 12.42 12.67 12.89 13.08 13.25 13.41 13.53 13.65 13.74 13.83 13.91 13.97 14.02 14.08 14.12 14.15 14.19 14.22 14.24 14.26 14.28 14.31 14.33 14.35 14.36 14.37 14.39 14.41 14.42 14.44 14.46 14.46 14.48 14.49 14.51 14.52 14.53 14.54 14.55 14.57 14.58 14.60 14.61 14.62 14.64 14.64 14.65 14.67 14.68 14.69 14.71 14.71 14.72 14.74
12.98 12.95 12.93 12.90 12.88 12.84 12.81 12.78 12.75 12.71 12.68 12.65 12.61 12.57 12.54 12.51 12.47 12.44 12.41 12.37 12.34 12.30 12.28 12.25 12.24 12.36 12.58 12.81 13.02 13.20 13.36 13.50 13.62 13.73 13.82 13.91 13.98 14.03 14.09 14.14 14.18 14.21 14.24 14.27 14.29 14.32 14.34 14.36 14.38 14.39 14.41 14.43 14.45 14.46 14.47 14.48 14.50 14.52 14.53 14.54 14.55 14.57 14.58 14.59 14.61 14.62 14.63 14.64 14.65 14.67 14.68 14.70 14.70 14.71 14.73 14.74 14.75 14.76 14.77 14.78
13.17 13.14 13.11 13.09 13.05 13.02 12.99 12.95 12.91 12.88 12.84 12.80 12.76 12.73 12.68 12.64 12.61 12.56 12.53 12.49 12.46 12.42 12.39 12.36 12.36 12.52 12.74 12.96 13.15 13.31 13.47 13.60 13.71 13.82 13.90 13.98 14.05 14.10 14.15 14.20 14.23 14.27 14.30 14.32 14.35 14.37 14.40 14.41 14.43 14.45 14.46 14.47 14.49 14.51 14.52 14.54 14.54 14.56 14.58 14.59 14.61 14.61 14.62 14.64 14.65 14.67 14.68 14.69 14.70 14.71 14.73 14.74 14.74 14.76 14.77 14.78 14.80 14.80 14.81 14.83
13.37 13.34 13.30 13.28 13.24 13.20 13.16 13.12 13.08 13.05 13.00 12.96 12.92 12.88 12.84 12.79 12.75 12.70 12.66 12.63 12.58 12.55 12.50 12.48 12.50 12.70 12.91 13.10 13.28 13.43 13.57 13.69 13.80 13.90 13.98 14.05 14.12 14.17 14.22 14.25 14.29 14.33 14.36 14.38 14.40 14.43 14.44 14.46 14.48 14.49 14.51 14.53 14.54 14.55 14.57 14.58 14.60 14.61 14.62 14.64 14.65 14.67 14.68 14.68 14.70 14.71 14.73 14.73 14.75 14.76 14.77 14.79 14.79 14.80 14.82 14.83 14.84 14.85 14.86 14.87
13.57 13.53 13.50 13.46 13.42 13.39 13.34 13.30 13.26 13.21 13.18 13.13 13.09 13.04 12.99 12.95 12.90 12.86 12.81 12.77 12.72 12.68 12.63 12.61 12.70 12.88 13.08 13.25 13.41 13.55 13.68 13.79 13.89 13.98 14.05 14.12 14.18 14.23 14.28 14.31 14.35 14.38 14.40 14.43 14.46 14.47 14.49 14.52 14.53 14.54 14.56 14.58 14.59 14.60 14.62 14.63 14.64 14.66 14.67 14.69 14.70 14.71 14.73 14.74 14.74 14.76 14.77 14.79 14.79 14.80 14.82 14.83 14.85 14.85 14.86 14.88 14.88 14.89 14.91 14.92
13.77 13.73 13.69 13.65 13.61 13.57 13.53 13.48 13.45 13.40 13.36 13.30 13.25 13.21 13.16 13.11 13.06 13.01 12.96 12.91 12.86 12.82 12.78 12.76 12.88 13.06 13.24 13.40 13.54 13.67 13.79 13.89 13.98 14.05 14.13 14.19 14.24 14.29 14.33 14.37 14.41 14.43 14.46 14.49 14.50 14.53 14.55 14.56 14.58 14.60 14.61 14.62 14.64 14.66 14.66 14.68 14.70 14.71 14.72 14.73 14.75 14.75 14.77 14.78 14.80 14.80 14.82 14.83 14.85 14.85 14.86 14.88 14.89 14.90 14.91 14.92 14.93 14.94 14.95 14.96
13.96 13.92 13.89 13.84 13.80 13.76 13.72 13.67 13.62 13.58 13.53 13.48 13.44 13.38 13.33 13.28 13.23 13.17 13.13 13.07 13.02 12.97 12.93 12.94 13.09 13.25 13.41 13.54 13.67 13.78 13.89 13.98 14.07 14.13 14.20 14.25 14.31 14.36 14.39 14.43 14.46 14.48 14.51 14.53 14.56 14.58 14.59 14.61 14.63 14.64 14.66 14.68 14.68 14.70 14.72 14.72 14.74 14.76 14.77 14.78 14.79 14.81 14.82 14.83 14.84 14.86 14.86 14.88 14.89 14.90 14.91 14.92 14.94 14.94 14.95 14.97 14.97 14.98 15.00 15.01
14.14 14.11 14.07 14.03 13.99 13.95 13.91 13.86 13.81 13.76 13.71 13.67 13.61 13.56 13.51 13.45 13.40 13.34 13.29 13.23 13.18 13.12 13.09 13.15 13.29 13.43 13.56 13.68 13.80 13.90 13.99 14.07 14.15 14.21 14.27 14.32 14.37 14.42 14.45 14.49 14.51 14.54 14.57 14.58 14.61 14.62 14.64 14.66 14.67 14.69 14.71 14.72 14.74 14.75 14.76 14.78 14.79 14.80 14.82 14.83 14.84 14.85 14.87 14.88 14.89 14.90 14.92 14.92 14.94 14.95 14.96 14.97 14.98 14.99 15.00 15.01 15.03 15.03 15.04 15.06
14.31 14.28 14.25 14.21 14.18 14.13 14.09 14.04 14.00 13.96 13.90 13.85 13.80 13.75 13.69 13.63 13.58 13.52 13.46 13.40 13.35 13.29 13.27 13.36 13.49 13.60 13.72 13.82 13.92 14.01 14.09 14.16 14.23 14.29 14.34 14.39 14.43 14.47 14.51 14.54 14.56 14.59 14.61 14.63 14.66 14.67 14.69 14.70 14.72 14.74 14.75 14.77 14.79 14.80 14.81 14.83 14.84 14.85 14.86 14.88 14.89 14.90 14.91 14.93 14.93 14.95 14.96 14.97 14.98 15.00 15.01 15.01 15.03 15.04 15.05 15.06 15.07 15.08 15.09 15.09
14.48 14.45 14.42 14.39 14.35 14.31 14.27 14.23 14.19 14.14 14.09 14.04 13.99 13.93 13.87 13.82 13.76 13.71 13.64 13.58 13.52 13.47 13.49 13.57 13.67 13.76 13.86 13.95 14.04 14.11 14.19 14.25 14.31 14.36 14.41 14.45 14.49 14.52 14.56 14.58 14.62 14.63 14.66 14.69 14.70 14.72 14.73 14.75 14.77 14.78 14.80 14.81 14.83 14.85 14.85 14.87 14.89 14.90 14.91 14.92 14.93 14.95 14.96 14.97 14.99 14.99 15.01 15.02 15.03 15.04 15.06 15.06 15.07 15.09 15.09 15.11 15.12 15.12 15.14 15.14
