main/data/pressure/16.07.2023.grid
ncols 886
nrows 691
xllcenter 112.0000
yllcenter -44.5000
cellsize 0.0500
nodata_value 99999.90
[rows 0 to 35 of 691, columns 320 to 399 of 886]
29.46 29.48 29.49 29.51 29.51 29.53 29.54 29.55 29.55 29.56 29.57 29.57 29.58 29.58 29.58 29.58 29.58 29.58 29.59 29.58 29.58 29.57 29.56 29.56 29.54 29.53 29.51 29.49 29.47 29.45 29.42 29.39 29.36 29.33 29.29 29.25 29.20 29.16 29.11 29.07 29.02 28.96 28.91 28.85 28.80 28.74 28.68 28.62 28.57 28.51 28.46 28.39 28.34 28.28 28.23 28.17 28.11 28.05 27.98 27.92 27.86 27.79 27.73 27.66 27.58 27.51 27.43 27.34 27.26 27.18 27.09 27.00 26.91 26.80 26.71 26.61 26.52 26.42 26.32 26.23
29.42 29.44 29.45 29.46 29.48 29.49 29.50 29.51 29.52 29.52 29.53 29.54 29.54 29.55 29.55 29.56 29.56 29.56 29.56 29.55 29.55 29.54 29.53 29.52 29.52 29.50 29.48 29.46 29.44 29.42 29.39 29.35 29.33 29.29 29.25 29.20 29.16 29.11 29.06 29.00 28.94 28.89 28.83 28.77 28.71 28.65 28.60 28.54 28.48 28.43 28.36 28.31 28.25 28.20 28.14 28.09 28.04 27.98 27.93 27.87 27.81 27.74 27.68 27.61 27.54 27.46 27.39 27.31 27.23 27.13 27.04 26.95 26.86 26.76 26.66 26.55 26.45 26.35 26.25 26.15
29.37 29.39 29.40 29.42 29.44 29.45 29.46 29.47 29.48 29.49 29.50 29.50 29.52 29.52 29.52 29.53 29.53 29.52 29.52 29.53 29.52 29.51 29.51 29.50 29.48 29.46 29.45 29.43 29.41 29.38 29.35 29.31 29.28 29.24 29.20 29.15 29.10 29.04 28.99 28.93 28.87 28.80 28.74 28.67 28.62 28.55 28.49 28.43 28.37 28.31 28.26 28.20 28.15 28.10 28.06 28.00 27.95 27.90 27.85 27.80 27.74 27.68 27.62 27.56 27.49 27.41 27.34 27.25 27.17 27.09 26.99 26.90 26.80 26.70 26.60 26.49 26.38 26.27 26.17 26.06
29.33 29.35 29.36 29.38 29.39 29.40 29.42 29.43 29.44 29.46 29.47 29.47 29.48 29.48 29.49 29.49 29.49 29.50 29.50 29.49 29.48 29.49 29.47 29.46 29.45 29.43 29.41 29.40 29.37 29.34 29.31 29.27 29.23 29.19 29.13 29.08 29.02 28.96 28.90 28.83 28.77 28.70 28.64 28.56 28.49 28.43 28.37 28.30 28.24 28.19 28.13 28.08 28.03 27.99 27.94 27.89 27.85 27.80 27.76 27.71 27.66 27.60 27.55 27.49 27.42 27.36 27.28 27.21 27.12 27.03 26.94 26.84 26.74 26.64 26.53 26.41 26.30 26.19 26.08 25.97
29.28 29.30 29.32 29.34 29.35 29.36 29.38 29.39 29.40 29.42 29.43 29.43 29.44 29.45 29.45 29.45 29.45 29.46 29.46 29.46 29.46 29.45 29.44 29.43 29.41 29.40 29.38 29.36 29.33 29.29 29.26 29.21 29.18 29.12 29.06 29.00 28.94 28.88 28.80 28.73 28.65 28.57 28.50 28.43 28.35 28.28 28.21 28.14 28.08 28.03 27.98 27.93 27.88 27.84 27.79 27.76 27.72 27.68 27.64 27.61 27.57 27.52 27.47 27.41 27.36 27.29 27.22 27.14 27.06 26.97 26.88 26.77 26.67 26.56 26.44 26.33 26.21 26.09 25.97 25.86
29.24 29.25 29.27 29.29 29.30 29.32 29.34 29.35 29.36 29.38 29.38 29.39 29.40 29.41 29.41 29.42 29.42 29.43 29.42 29.42 29.42 29.41 29.41 29.39 29.38 29.36 29.34 29.31 29.28 29.24 29.20 29.16 29.10 29.05 28.98 28.91 28.84 28.76 28.68 28.60 28.52 28.43 28.34 28.26 28.18 28.11 28.03 27.96 27.90 27.85 27.79 27.75 27.70 27.67 27.64 27.60 27.58 27.54 27.51 27.49 27.45 27.41 27.37 27.32 27.27 27.20 27.14 27.06 26.99 26.89 26.80 26.69 26.59 26.47 26.35 26.23 26.11 25.97 25.85 25.73
29.18 29.20 29.22 29.24 29.26 29.28 29.29 29.30 29.31 29.33 29.34 29.35 29.35 29.37 29.38 29.38 29.38 29.39 29.39 29.38 29.38 29.37 29.37 29.35 29.34 29.31 29.29 29.27 29.23 29.19 29.14 29.09 29.02 28.96 28.88 28.80 28.73 28.64 28.54 28.45 28.35 28.26 28.16 28.07 27.98 27.89 27.82 27.75 27.69 27.62 27.57 27.53 27.50 27.46 27.44 27.42 27.40 27.37 27.36 27.33 27.31 27.28 27.26 27.21 27.16 27.12 27.05 26.98 26.90 26.81 26.71 26.61 26.49 26.38 26.26 26.12 25.99 25.85 25.72 25.59
29.13 29.15 29.17 29.19 29.20 29.22 29.24 29.26 29.27 29.28 29.30 29.31 29.31 29.32 29.34 29.34 29.34 29.35 29.35 29.34 29.34 29.33 29.33 29.31 29.29 29.27 29.24 29.21 29.16 29.12 29.07 29.00 28.94 28.85 28.78 28.68 28.59 28.49 28.38 28.27 28.16 28.05 27.95 27.85 27.74 27.65 27.57 27.49 27.42 27.37 27.31 27.28 27.25 27.22 27.21 27.20 27.19 27.18 27.18 27.17 27.16 27.14 27.12 27.09 27.06 27.01 26.95 26.88 26.80 26.72 26.62 26.51 26.40 26.27 26.14 26.00 25.85 25.71 25.57 25.42
29.08 29.10 29.12 29.13 29.15 29.18 29.19 29.20 29.23 29.24 29.24 29.26 29.27 29.28 29.29 29.30 29.30 29.30 29.31 29.30 29.30 29.29 29.28 29.26 29.24 29.22 29.18 29.15 29.10 29.05 28.98 28.92 28.84 28.75 28.65 28.54 28.44 28.32 28.19 28.08 27.95 27.83 27.70 27.58 27.48 27.37 27.27 27.20 27.12 27.06 27.02 26.98 26.96 26.95 26.94 26.94 26.95 26.95 26.97 26.97 26.98 26.97 26.96 26.95 26.93 26.89 26.84 26.78 26.70 26.61 26.51 26.41 26.28 26.16 26.01 25.87 25.71 25.56 25.40 25.25
29.02 29.04 29.06 29.08 29.11 29.12 29.14 29.16 29.17 29.19 29.20 29.21 29.22 29.24 29.25 29.25 29.26 29.26 29.26 29.26 29.26 29.25 29.24 29.21 29.19 29.17 29.12 29.08 29.03 28.97 28.89 28.81 28.72 28.62 28.51 28.39 28.26 28.13 27.98 27.85 27.70 27.56 27.42 27.29 27.16 27.05 26.95 26.86 26.79 26.73 26.68 26.66 26.64 26.64 26.64 26.65 26.68 26.70 26.72 26.75 26.78 26.79 26.80 26.79 26.78 26.75 26.70 26.65 26.58 26.50 26.40 26.29 26.16 26.03 25.87 25.72 25.55 25.39 25.22 25.05
28.96 28.98 29.00 29.03 29.05 29.07 29.08 29.10 29.12 29.13 29.15 29.16 29.18 29.19 29.19 29.21 29.21 29.21 29.21 29.21 29.21 29.20 29.18 29.16 29.14 29.11 29.06 29.01 28.95 28.88 28.80 28.70 28.59 28.48 28.35 28.21 28.07 27.92 27.75 27.59 27.43 27.26 27.10 26.96 26.82 26.69 26.57 26.48 26.40 26.34 26.30 26.28 26.27 26.28 26.30 26.33 26.37 26.41 26.46 26.50 26.54 26.58 26.60 26.62 26.61 26.59 26.57 26.52 26.46 26.37 26.28 26.16 26.03 25.89 25.73 25.57 25.38 25.21 25.03 24.84
28.89 28.92 28.95 28.96 28.99 29.01 29.03 29.05 29.07 29.09 29.10 29.11 29.12 29.13 29.15 29.15 29.16 29.17 29.16 29.16 29.16 29.14 29.13 29.11 29.08 29.03 28.99 28.93 28.86 28.78 28.69 28.58 28.47 28.32 28.18 28.02 27.86 27.67 27.49 27.30 27.12 26.93 26.75 26.58 26.43 26.28 26.16 26.06 25.97 25.91 25.87 25.85 25.86 25.88 25.92 25.96 26.02 26.09 26.16 26.22 26.28 26.34 26.39 26.41 26.43 26.43 26.41 26.37 26.31 26.24 26.14 26.02 25.89 25.73 25.57 25.39 25.21 25.01 24.81 24.61
28.84 28.86 28.89 28.90 28.93 28.95 28.97 28.99 29.01 29.03 29.04 29.06 29.07 29.08 29.10 29.10 29.11 29.11 29.12 29.11 29.10 29.09 29.08 29.05 29.01 28.97 28.92 28.85 28.77 28.68 28.58 28.45 28.32 28.16 28.00 27.81 27.62 27.42 27.21 26.99 26.78 26.57 26.37 26.17 26.00 25.84 25.70 25.59 25.50 25.44 25.40 25.39 25.40 25.44 25.50 25.56 25.64 25.73 25.83 25.92 26.00 26.08 26.14 26.20 26.24 26.25 26.24 26.21 26.16 26.09 25.99 25.87 25.74 25.58 25.40 25.21 25.01 24.80 24.59 24.40
28.77 28.79 28.82 28.84 28.87 28.89 28.91 28.93 28.95 28.97 28.99 29.00 29.01 29.02 29.04 29.05 29.06 29.06 29.06 29.05 29.05 29.04 29.02 28.99 28.95 28.89 28.83 28.76 28.67 28.58 28.45 28.32 28.16 27.98 27.79 27.59 27.37 27.14 26.90 26.66 26.42 26.18 25.95 25.74 25.53 25.36 25.21 25.09 25.00 24.93 24.90 24.89 24.92 24.96 25.04 25.13 25.24 25.35 25.46 25.59 25.69 25.80 25.89 25.96 26.02 26.05 26.06 26.04 25.99 25.93 25.84 25.72 25.58 25.41 25.22 25.03 24.81 24.58 24.38 24.24
28.70 28.73 28.76 28.78 28.80 28.83 28.85 28.87 28.89 28.91 28.93 28.94 28.96 28.97 28.99 28.99 29.00 29.00 29.01 29.01 28.99 28.98 28.95 28.92 28.88 28.83 28.76 28.67 28.57 28.46 28.32 28.16 27.99 27.80 27.58 27.35 27.10 26.84 26.58 26.31 26.03 25.77 25.52 25.31 25.11 24.92 24.77 24.63 24.53 24.46 24.41 24.40 24.41 24.46 24.55 24.67 24.79 24.94 25.09 25.23 25.37 25.50 25.62 25.72 25.79 25.84 25.86 25.86 25.83 25.76 25.67 25.55 25.41 25.24 25.04 24.83 24.60 24.37 24.21 24.15
28.62 28.66 28.69 28.71 28.74 28.76 28.79 28.80 28.82 28.84 28.86 28.89 28.90 28.91 28.93 28.94 28.95 28.95 28.95 28.95 28.93 28.92 28.89 28.86 28.81 28.75 28.67 28.58 28.47 28.34 28.19 28.01 27.81 27.59 27.36 27.10 26.82 26.53 26.23 25.94 25.67 25.42 25.23 25.09 24.95 24.82 24.69 24.56 24.44 24.33 24.22 24.12 24.03 24.01 24.07 24.18 24.33 24.50 24.68 24.86 25.03 25.19 25.33 25.46 25.55 25.63 25.67 25.67 25.65 25.60 25.51 25.39 25.24 25.05 24.86 24.63 24.39 24.19 24.11 24.09
28.55 28.59 28.61 28.64 28.67 28.69 28.71 28.74 28.76 28.78 28.80 28.82 28.84 28.85 28.86 28.88 28.88 28.89 28.89 28.88 28.87 28.85 28.83 28.79 28.74 28.67 28.58 28.48 28.36 28.22 28.05 27.85 27.64 27.40 27.14 26.85 26.54 26.22 25.93 25.69 25.52 25.38 25.24 25.12 25.00 24.88 24.75 24.63 24.51 24.38 24.25 24.13 24.02 23.91 23.83 23.79 23.89 24.05 24.26 24.47 24.67 24.86 25.03 25.19 25.31 25.40 25.46 25.48 25.47 25.42 25.34 25.21 25.06 24.88 24.67 24.43 24.21 24.09 24.05 24.03
28.48 28.51 28.54 28.57 28.59 28.62 28.65 28.67 28.70 28.72 28.74 28.76 28.77 28.79 28.80 28.81 28.82 28.83 28.83 28.82 28.81 28.79 28.76 28.72 28.66 28.59 28.50 28.38 28.25 28.10 27.91 27.70 27.46 27.20 26.90 26.58 26.28 26.01 25.84 25.69 25.57 25.44 25.32 25.20 25.08 24.96 24.84 24.71 24.59 24.47 24.34 24.22 24.09 23.97 23.86 23.75 23.68 23.70 23.85 24.08 24.31 24.53 24.74 24.92 25.06 25.18 25.25 25.29 25.29 25.25 25.17 25.05 24.89 24.70 24.48 24.24 24.08 24.02 23.99 23.97
28.40 28.44 28.46 28.49 28.53 28.55 28.57 28.60 28.62 28.65 28.67 28.68 28.71 28.72 28.73 28.75 28.76 28.76 28.77 28.75 28.74 28.72 28.69 28.64 28.58 28.50 28.41 28.29 28.14 27.98 27.77 27.55 27.28 27.00 26.68 26.39 26.17 26.02 25.89 25.77 25.65 25.52 25.40 25.28 25.17 25.04 24.92 24.79 24.67 24.55 24.42 24.30 24.18 24.06 23.94 23.83 23.73 23.64 23.62 23.74 23.96 24.20 24.44 24.64 24.81 24.95 25.05 25.11 25.11 25.08 25.00 24.89 24.73 24.53 24.30 24.09 24.01 23.98 23.94 23.91
28.33 28.35 28.39 28.41 28.45 28.48 28.50 28.52 28.55 28.57 28.59 28.62 28.64 28.65 28.67 28.68 28.70 28.70 28.70 28.70 28.68 28.65 28.62 28.58 28.51 28.43 28.32 28.20 28.04 27.85 27.64 27.39 27.11 26.81 26.52 26.35 26.22 26.09 25.97 25.85 25.73 25.61 25.49 25.37 25.25 25.13 25.01 24.89 24.77 24.64 24.51 24.40 24.27 24.16 24.04 23.92 23.82 23.72 23.65 23.61 23.68 23.89 24.15 24.38 24.58 24.74 24.85 24.92 24.95 24.92 24.85 24.73 24.57 24.36 24.15 24.01 23.97 23.93 23.89 23.85
28.24 28.28 28.31 28.34 28.36 28.40 28.43 28.45 28.48 28.50 28.53 28.55 28.56 28.58 28.60 28.61 28.63 28.63 28.63 28.63 28.62 28.59 28.56 28.51 28.44 28.35 28.24 28.11 27.94 27.75 27.51 27.25 26.97 26.70 26.53 26.41 26.29 26.17 26.05 25.93 25.81 25.70 25.58 25.46 25.34 25.22 25.10 24.99 24.86 24.73 24.61 24.49 24.37 24.25 24.13 24.03 23.92 23.84 23.75 23.69 23.66 23.70 23.89 24.14 24.36 24.54 24.67 24.76 24.79 24.77 24.71 24.59 24.42 24.22 24.06 23.98 23.93 23.89 23.83 23.79
28.16 28.19 28.22 28.26 28.28 28.31 28.35 28.37 28.40 28.43 28.45 28.47 28.49 28.51 28.53 28.54 28.56 28.56 28.56 28.56 28.55 28.53 28.49 28.44 28.37 28.27 28.17 28.02 27.85 27.64 27.40 27.12 26.88 26.72 26.60 26.48 26.37 26.25 26.13 26.01 25.89 25.77 25.66 25.54 25.43 25.31 25.20 25.08 24.96 24.85 24.72 24.60 24.48 24.37 24.25 24.14 24.04 23.96 23.88 23.82 23.77 23.75 23.80 23.96 24.17 24.37 24.51 24.61 24.65 24.65 24.58 24.46 24.30 24.12 24.04 23.97 23.90 23.84 23.79 23.74
28.07 28.10 28.13 28.17 28.20 28.23 28.26 28.29 28.32 28.34 28.37 28.40 28.42 28.43 28.46 28.47 28.49 28.49 28.50 28.50 28.48 28.45 28.42 28.37 28.30 28.20 28.09 27.94 27.76 27.54 27.30 27.05 26.89 26.77 26.66 26.55 26.43 26.31 26.20 26.09 25.98 25.86 25.75 25.63 25.53 25.41 25.30 25.19 25.07 24.96 24.84 24.72 24.60 24.48 24.37 24.27 24.17 24.09 24.03 23.97 23.93 23.91 23.91 23.96 24.06 24.23 24.38 24.49 24.54 24.54 24.47 24.36 24.22 24.12 24.05 23.97 23.89 23.81 23.75 23.69
27.98 28.02 28.05 28.08 28.11 28.15 28.18 28.20 28.23 28.26 28.28 28.31 28.34 28.36 28.38 28.40 28.41 28.42 28.43 28.42 28.41 28.39 28.35 28.30 28.24 28.14 28.02 27.87 27.68 27.47 27.24 27.06 26.94 26.83 26.72 26.61 26.49 26.39 26.27 26.16 26.05 25.94 25.83 25.73 25.62 25.51 25.40 25.30 25.19 25.08 24.95 24.84 24.72 24.61 24.51 24.41 24.32 24.25 24.18 24.13 24.10 24.09 24.10 24.12 24.16 24.23 24.33 24.42 24.47 24.47 24.42 24.33 24.25 24.16 24.07 23.97 23.88 23.79 23.71 23.64
27.88 27.92 27.96 28.00 28.02 28.06 28.08 28.12 28.15 28.18 28.20 28.23 28.25 28.28 28.30 28.32 28.34 28.34 28.35 28.35 28.35 28.33 28.29 28.24 28.17 28.07 27.96 27.80 27.62 27.40 27.22 27.11 27.00 26.89 26.78 26.67 26.56 26.45 26.34 26.23 26.13 26.02 25.92 25.81 25.71 25.61 25.52 25.42 25.29 25.21 25.09 24.98 24.86 24.76 24.65 24.56 24.48 24.41 24.36 24.32 24.30 24.29 24.30 24.33 24.37 24.41 24.46 24.51 24.53 24.52 24.48 24.41 24.33 24.23 24.11 23.99 23.88 23.78 23.64 23.60
27.79 27.83 27.87 27.90 27.94 27.96 28.00 28.03 28.06 28.08 28.11 28.14 28.17 28.20 28.22 28.24 28.26 28.27 28.28 28.28 28.28 28.26 28.23 28.18 28.11 28.01 27.90 27.74 27.56 27.37 27.25 27.14 27.04 26.94 26.83 26.72 26.61 26.51 26.40 26.30 26.20 26.09 26.00 25.91 25.81 25.72 25.63 25.54 25.37 25.28 25.23 25.12 25.01 24.91 24.81 24.72 24.65 24.59 24.54 24.51 24.50 24.50 24.52 24.55 24.59 24.63 24.66 24.69 24.69 24.67 24.62 24.55 24.43 24.30 24.17 24.03 23.89 23.78 23.62 23.55
27.69 27.73 27.77 27.80 27.83 27.87 27.91 27.94 27.97 28.00 28.03 28.06 28.08 28.11 28.14 28.16 28.17 28.20 28.20 28.21 28.20 28.19 28.16 28.12 28.05 27.96 27.85 27.69 27.53 27.38 27.28 27.18 27.08 26.98 26.88 26.77 26.67 26.57 26.46 26.36 26.27 26.17 26.08 25.99 25.91 25.83 25.74 25.66 25.58 25.39 25.33 25.24 25.16 25.06 24.97 24.89 24.82 24.78 24.74 24.72 24.71 24.72 24.71 24.77 24.82 24.84 24.86 24.87 24.89 24.85 24.78 24.68 24.55 24.41 24.24 24.07 23.92 23.78 23.60 23.42
27.59 27.63 27.67 27.70 27.74 27.77 27.81 27.85 27.87 27.90 27.94 27.97 27.99 28.02 28.05 28.07 28.09 28.12 28.12 28.13 28.13 28.12 28.10 28.06 28.00 27.91 27.80 27.66 27.50 27.40 27.31 27.21 27.11 27.01 26.92 26.82 26.72 26.61 26.52 26.43 26.32 26.23 26.15 26.07 25.99 25.92 25.86 25.80 25.73 25.61 25.48 25.41 25.30 25.20 25.14 25.07 25.02 24.96 24.92 24.90 24.94 24.96 24.98 25.01 25.05 25.05 25.00 25.04 25.08 25.03 24.95 24.83 24.69 24.52 24.34 24.15 23.98 23.82 23.67 23.54
27.49 27.52 27.56 27.61 27.64 27.68 27.71 27.75 27.77 27.81 27.84 27.87 27.90 27.93 27.97 27.99 28.01 28.03 28.05 28.06 28.07 28.05 28.04 28.01 27.95 27.87 27.76 27.63 27.51 27.41 27.33 27.24 27.15 27.05 26.96 26.86 26.76 26.67 26.57 26.48 26.38 26.30 26.21 26.14 26.03 26.00 25.90 25.88 25.86 25.71 25.56 25.52 25.46 25.38 25.32 25.21 25.07 25.09 25.12 25.05 25.15 25.18 25.15 25.20 25.27 25.25 25.17 25.23 25.26 25.21 25.12 24.98 24.83 24.64 24.46 24.25 24.05 23.87 23.70 23.46
27.39 27.43 27.46 27.50 27.53 27.58 27.61 27.65 27.68 27.71 27.74 27.78 27.81 27.84 27.87 27.90 27.92 27.94 27.97 27.99 27.99 27.99 27.97 27.94 27.90 27.82 27.72 27.61 27.51 27.42 27.34 27.26 27.17 27.08 26.99 26.90 26.80 26.71 26.61 26.53 26.44 26.36 26.28 26.17 26.11 26.08 26.03 25.86 25.94 25.81 25.65 25.60 25.53 25.55 25.48 25.43 25.35 25.17 25.30 25.30 25.41 25.44 25.35 25.42 25.49 25.49 25.40 25.38 25.44 25.35 25.15 25.13 24.97 24.78 24.57 24.36 24.15 23.95 23.75 23.56
27.27 27.31 27.35 27.39 27.43 27.47 27.50 27.54 27.58 27.61 27.64 27.68 27.71 27.74 27.77 27.80 27.84 27.86 27.88 27.90 27.92 27.91 27.91 27.88 27.84 27.78 27.69 27.60 27.51 27.43 27.36 27.27 27.19 27.10 27.01 26.92 26.83 26.74 26.65 26.57 26.49 26.41 26.34 26.27 26.21 26.15 26.08 25.94 26.00 25.82 25.72 25.58 25.66 25.68 25.52 25.62 25.59 25.48 25.55 25.48 25.58 25.65 25.58 25.65 25.68 25.71 25.62 25.55 25.55 25.52 25.43 25.29 25.11 24.91 24.70 24.47 24.24 24.02 23.80 23.59
27.16 27.20 27.24 27.28 27.33 27.36 27.39 27.44 27.47 27.51 27.54 27.58 27.61 27.64 27.68 27.71 27.74 27.77 27.80 27.82 27.84 27.85 27.84 27.83 27.80 27.74 27.67 27.58 27.52 27.44 27.36 27.28 27.20 27.12 27.03 26.95 26.86 26.78 26.70 26.61 26.53 26.46 26.39 26.32 26.27 26.21 26.12 26.12 26.08 26.02 25.92 25.81 25.82 25.79 25.78 25.79 25.79 25.74 25.61 25.77 25.79 25.82 25.84 25.82 25.86 25.88 25.85 25.77 25.61 25.70 25.57 25.42 25.24 25.03 24.81 24.58 24.34 24.10 23.87 23.63
27.04 27.09 27.13 27.17 27.21 27.25 27.29 27.33 27.36 27.40 27.43 27.47 27.51 27.54 27.58 27.61 27.64 27.68 27.71 27.73 27.76 27.76 27.77 27.77 27.75 27.71 27.65 27.57 27.50 27.43 27.37 27.29 27.20 27.13 27.05 26.96 26.89 26.81 26.73 26.65 26.58 26.51 26.44 26.38 26.27 26.09 26.18 26.19 26.07 26.11 26.07 25.94 25.83 25.91 25.88 25.88 25.92 25.89 25.93 25.83 25.95 25.94 25.86 25.96 25.97 26.04 25.97 26.01 25.93 25.82 25.70 25.54 25.35 25.15 24.93 24.69 24.44 24.19 23.93 23.68
26.93 26.97 27.01 27.05 27.09 27.13 27.18 27.21 27.25 27.29 27.33 27.36 27.39 27.43 27.47 27.51 27.54 27.58 27.61 27.64 27.67 27.69 27.71 27.71 27.69 27.66 27.62 27.55 27.49 27.42 27.36 27.29 27.21 27.14 27.06 26.99 26.91 26.83 26.75 26.68 26.62 26.54 26.49 26.43 26.38 26.29 26.29 26.21 26.08 26.19 26.17 26.10 25.99 26.03 25.97 25.95 26.03 25.98 26.08 26.07 26.04 26.10 26.10 26.14 26.08 26.08 26.16 26.13 26.05 25.93 25.80 25.65 25.45 25.25 25.02 24.78 24.52 24.27 24.00 23.74
26.81 26.85 26.90 26.94 26.98 27.02 27.05 27.10 27.13 27.17 27.21 27.25 27.29 27.32 27.36 27.40 27.44 27.49 27.52 27.55 27.58 27.61 27.64 27.64 27.64 27.62 27.58 27.53 27.47 27.41 27.35 27.28 27.22 27.14 27.07 26.99 26.93 26.85 26.79 26.72 26.65 26.59 26.51 26.48 26.42 26.40 26.35 26.23 26.14 26.29 26.20 26.26 26.26 26.21 26.10 25.98 26.07 26.09 26.12 26.15 26.12 25.95 26.18 26.17 26.12 26.13 26.31 26.23 26.14 26.03 25.89 25.73 25.54 25.34 25.11 24.86 24.61 24.35 24.08 23.80
26.69 26.73 26.77 26.81 26.85 26.89 26.94 26.98 27.01 27.06 27.09 27.13 27.18 27.21 27.25 27.29 27.33 27.37 27.41 27.46 27.49 27.52 27.55 27.57 27.58 27.58 27.55 27.51 27.46 27.40 27.34 27.28 27.21 27.15 27.08 27.01 26.94 26.87 26.80 26.74 26.68 26.63 26.58 26.40 26.45 26.41 26.39 26.15 26.39 26.27 26.33 26.23 26.38 26.39 26.32 26.29 26.27 26.28 26.22 26.23 26.22 26.28 26.39 26.41 26.44 26.45 26.38 26.31 26.21 26.09 25.95 25.79 25.61 25.41 25.18 24.94 24.68 24.42 24.14 23.85
