main/data/pressure/16.07.2023.grid
ncols 886
nrows 691
xllcenter 112.0000
yllcenter -44.5000
cellsize 0.0500
nodata_value 99999.90
[rows 180 to 215 of 691, columns 480 to 559 of 886]
12.32 12.29 12.24 12.18 12.15 12.13 12.09 12.04 12.00 11.96 11.93 11.90 11.86 11.79 11.78 11.76 11.73 11.70 11.67 11.65 11.61 11.60 11.54 11.51 11.49 11.46 11.43 11.39 11.37 11.34 11.30 11.27 11.22 11.14 11.10 11.05 10.95 10.88 10.81 10.66 10.64 10.53 10.45 10.42 10.49 10.50 10.47 10.47 10.50 10.53 10.55 10.57 10.59 10.64 10.87 10.98 10.50 10.54 10.65 11.00 10.83 10.94 10.72 10.99 11.07 11.12 11.13 10.94 11.14 11.42 11.48 11.64 11.84 11.98 12.08 12.19 12.29 12.39 12.44 12.50
12.18 12.17 12.14 12.07 12.03 12.00 11.96 11.92 11.91 11.84 11.83 11.80 11.77 11.73 11.71 11.67 11.63 11.57 11.56 11.53 11.51 11.48 11.44 11.41 11.39 11.35 11.32 11.30 11.27 11.24 11.21 11.18 11.10 11.04 11.01 10.96 10.87 10.80 10.73 10.67 10.56 10.47 10.43 10.33 10.35 10.43 10.42 10.43 10.44 10.47 10.46 10.45 10.54 10.72 10.70 10.88 10.84 10.73 10.71 10.89 10.87 10.79 10.65 10.82 10.95 11.08 10.90 11.05 11.18 11.39 11.31 11.54 11.79 11.95 12.05 12.15 12.26 12.35 12.45 12.52
12.08 12.06 12.04 12.00 11.95 11.91 11.87 11.85 11.81 11.74 11.73 11.71 11.67 11.62 11.60 11.55 11.52 11.49 11.44 11.42 11.40 11.38 11.35 11.33 11.30 11.26 11.23 11.21 11.17 11.14 11.11 11.08 11.03 10.98 10.93 10.86 10.80 10.72 10.65 10.63 10.50 10.44 10.39 10.35 10.30 10.34 10.39 10.42 10.45 10.41 10.43 10.47 10.57 10.55 10.63 10.81 10.58 10.51 10.60 10.66 10.77 10.70 10.59 10.63 10.71 10.93 10.78 11.04 11.22 11.39 11.38 11.54 11.75 11.87 12.02 12.14 12.23 12.31 12.43 12.46
11.98 11.93 11.91 11.90 11.86 11.82 11.79 11.76 11.70 11.68 11.65 11.62 11.56 11.52 11.49 11.45 11.43 11.39 11.37 11.33 11.31 11.30 11.26 11.23 11.21 11.18 11.15 11.11 11.07 11.05 11.01 10.98 10.94 10.89 10.83 10.78 10.73 10.65 10.62 10.58 10.53 10.48 10.42 10.33 10.29 10.28 10.32 10.24 10.20 10.33 10.40 10.40 10.39 10.37 10.57 10.70 10.53 10.49 10.36 10.53 10.69 10.64 10.50 10.64 10.90 10.79 10.96 11.11 11.25 11.34 11.45 11.61 11.76 11.76 12.02 12.13 12.21 12.29 12.41 12.46
11.90 11.85 11.82 11.79 11.75 11.71 11.67 11.62 11.58 11.55 11.54 11.52 11.47 11.43 11.40 11.37 11.34 11.31 11.28 11.25 11.23 11.20 11.17 11.14 11.11 11.08 11.06 11.02 10.98 10.96 10.92 10.89 10.85 10.80 10.76 10.70 10.65 10.59 10.56 10.50 10.42 10.40 10.32 10.21 10.16 10.14 10.21 10.13 10.13 10.24 10.25 10.22 10.22 10.22 10.47 10.68 10.36 10.42 10.34 10.50 10.58 10.46 10.48 10.57 10.85 10.73 10.87 10.94 11.18 11.18 11.34 11.59 11.76 11.88 12.03 12.12 12.19 12.28 12.38 12.49
11.80 11.76 11.73 11.69 11.66 11.59 11.56 11.54 11.51 11.46 11.45 11.42 11.38 11.34 11.30 11.26 11.23 11.20 11.17 11.15 11.12 11.09 11.07 11.03 11.02 10.98 10.96 10.93 10.90 10.87 10.84 10.80 10.77 10.73 10.68 10.64 10.59 10.55 10.50 10.41 10.38 10.33 10.24 10.18 10.13 10.13 10.13 10.04 10.10 10.19 10.18 10.16 10.16 10.22 10.45 10.26 10.23 10.30 10.27 10.32 10.47 10.53 10.41 10.46 10.83 10.62 10.84 11.13 11.10 11.03 11.20 11.48 11.65 11.81 12.00 12.11 12.18 12.28 12.35 12.45
11.70 11.64 11.59 11.55 11.54 11.48 11.48 11.45 11.40 11.35 11.34 11.32 11.29 11.25 11.21 11.17 11.13 11.09 11.08 11.05 11.02 11.00 10.98 10.95 10.93 10.90 10.88 10.86 10.82 10.79 10.76 10.72 10.69 10.65 10.62 10.57 10.53 10.49 10.43 10.37 10.31 10.27 10.23 10.18 10.15 10.10 10.09 10.01 10.00 10.05 10.09 10.09 10.14 10.10 10.16 10.45 10.24 10.28 10.26 10.36 10.47 10.46 10.36 10.34 10.57 10.84 10.69 11.14 10.92 10.96 11.17 11.46 11.58 11.79 11.99 12.11 12.20 12.29 12.38 12.45
11.60 11.53 11.49 11.46 11.43 11.40 11.37 11.34 11.30 11.26 11.24 11.22 11.19 11.15 11.11 11.07 11.03 11.01 10.98 10.96 10.94 10.92 10.88 10.86 10.84 10.82 10.80 10.77 10.74 10.71 10.68 10.65 10.62 10.59 10.56 10.52 10.47 10.44 10.37 10.32 10.28 10.23 10.29 10.25 10.20 10.12 10.03 9.99 9.98 10.00 10.04 10.04 10.24 10.34 10.46 10.53 10.59 10.52 10.37 10.29 10.48 10.54 10.54 10.51 10.62 10.78 10.99 10.96 10.94 10.98 11.28 11.60 11.76 11.86 12.02 12.13 12.21 12.30 12.35 12.41
11.48 11.43 11.38 11.36 11.30 11.27 11.27 11.23 11.19 11.15 11.14 11.12 11.09 11.06 11.02 10.99 10.95 10.93 10.90 10.87 10.85 10.82 10.80 10.78 10.76 10.73 10.71 10.69 10.66 10.63 10.61 10.58 10.55 10.53 10.49 10.45 10.42 10.38 10.32 10.27 10.25 10.19 10.20 10.16 10.12 10.04 10.00 9.98 9.94 9.95 10.00 10.09 10.09 10.09 10.32 10.52 10.57 10.62 10.59 10.56 10.37 10.49 10.54 10.62 10.62 10.71 10.91 10.90 11.12 11.39 11.53 11.69 11.83 11.94 12.03 12.11 12.19 12.27 12.34 12.38
11.39 11.36 11.29 11.25 11.21 11.17 11.16 11.13 11.09 11.05 11.04 11.02 10.99 10.97 10.94 10.90 10.88 10.85 10.81 10.79 10.77 10.73 10.71 10.69 10.67 10.65 10.62 10.59 10.58 10.55 10.54 10.51 10.48 10.46 10.43 10.39 10.35 10.32 10.28 10.24 10.21 10.17 10.15 10.10 10.07 10.01 9.99 9.96 9.95 9.99 10.04 10.00 10.01 10.04 10.12 10.42 10.43 10.27 10.41 10.53 10.42 10.55 10.47 10.51 10.61 10.71 10.79 10.87 11.20 11.28 11.41 11.70 11.77 11.85 11.95 12.06 12.14 12.21 12.27 12.31
11.29 11.26 11.21 11.18 11.13 11.09 11.06 11.02 10.98 10.96 10.94 10.92 10.90 10.88 10.85 10.82 10.79 10.76 10.72 10.71 10.68 10.64 10.62 10.60 10.58 10.56 10.54 10.52 10.49 10.48 10.47 10.43 10.41 10.39 10.37 10.34 10.30 10.24 10.22 10.21 10.17 10.14 10.10 10.07 10.03 10.00 9.98 9.97 9.95 10.03 10.00 9.97 9.97 9.98 10.05 10.33 10.26 10.27 10.37 10.47 10.39 10.52 10.59 10.54 10.61 10.68 10.81 11.08 11.28 11.43 11.50 11.45 11.66 11.72 11.87 12.00 12.03 12.10 12.19 12.24
11.19 11.17 11.13 11.08 11.04 11.00 10.97 10.94 10.88 10.87 10.85 10.83 10.81 10.79 10.76 10.73 10.70 10.67 10.64 10.63 10.60 10.57 10.54 10.51 10.50 10.48 10.46 10.43 10.41 10.41 10.39 10.37 10.33 10.32 10.30 10.29 10.27 10.23 10.21 10.19 10.13 10.12 10.08 10.04 10.01 9.99 9.98 9.98 10.01 10.00 9.97 9.96 9.95 10.00 10.12 10.18 10.18 10.26 10.35 10.47 10.46 10.51 10.64 10.61 10.59 10.73 10.96 11.02 11.08 11.40 11.42 11.27 11.43 11.51 11.77 11.92 11.88 12.03 12.11 12.15
11.11 11.07 11.04 11.00 10.95 10.92 10.88 10.85 10.81 10.78 10.76 10.74 10.73 10.71 10.68 10.64 10.61 10.59 10.58 10.54 10.51 10.49 10.47 10.45 10.43 10.40 10.39 10.37 10.36 10.34 10.32 10.29 10.27 10.26 10.24 10.23 10.22 10.19 10.18 10.15 10.10 10.09 10.06 10.02 10.00 9.98 9.97 9.98 9.98 9.96 9.95 9.94 9.95 10.00 10.07 10.17 10.13 10.13 10.35 10.45 10.38 10.50 10.61 10.69 10.64 10.76 10.90 10.91 11.20 11.26 11.10 11.19 11.44 11.57 11.73 11.84 11.92 11.99 11.98 12.04
11.01 10.98 10.95 10.91 10.88 10.84 10.80 10.77 10.73 10.69 10.66 10.65 10.64 10.62 10.59 10.56 10.54 10.52 10.49 10.46 10.44 10.42 10.40 10.39 10.36 10.33 10.33 10.32 10.29 10.28 10.26 10.23 10.21 10.20 10.18 10.17 10.16 10.15 10.14 10.13 10.10 10.07 10.04 10.01 9.98 9.95 9.94 9.97 9.97 9.92 9.93 9.93 9.93 9.96 9.99 10.07 10.14 10.19 10.33 10.42 10.31 10.40 10.56 10.57 10.64 10.62 10.78 10.98 11.12 11.03 11.00 11.29 11.45 11.55 11.64 11.74 11.83 11.75 11.83 11.95
10.93 10.90 10.87 10.83 10.81 10.77 10.72 10.69 10.66 10.63 10.59 10.57 10.54 10.54 10.51 10.49 10.46 10.45 10.41 10.38 10.37 10.35 10.33 10.31 10.30 10.28 10.27 10.24 10.23 10.21 10.19 10.17 10.16 10.14 10.13 10.12 10.11 10.09 10.08 10.07 10.08 10.04 10.02 9.98 9.95 9.94 9.92 9.92 9.93 9.94 9.91 9.88 9.89 9.91 9.95 10.03 10.10 10.19 10.29 10.36 10.33 10.24 10.46 10.53 10.56 10.68 10.77 11.02 10.87 10.90 11.10 11.23 11.34 11.46 11.58 11.60 11.72 11.64 11.75 11.80
10.85 10.82 10.79 10.74 10.71 10.69 10.65 10.63 10.59 10.56 10.54 10.50 10.47 10.46 10.44 10.41 10.39 10.38 10.32 10.33 10.31 10.28 10.27 10.25 10.24 10.22 10.19 10.18 10.16 10.13 10.13 10.11 10.10 10.09 10.07 10.05 10.04 10.03 10.02 10.01 10.02 10.02 9.97 9.95 9.93 9.92 9.90 9.88 9.87 9.85 9.88 9.83 9.82 9.83 9.90 9.94 10.00 10.10 10.26 10.24 10.26 10.15 10.42 10.49 10.62 10.76 10.88 10.61 10.81 10.95 10.97 11.05 11.20 11.32 11.48 11.53 11.50 11.50 11.62 11.78
10.77 10.73 10.69 10.65 10.62 10.61 10.58 10.55 10.51 10.47 10.44 10.40 10.41 10.39 10.36 10.34 10.32 10.30 10.29 10.27 10.23 10.21 10.20 10.18 10.16 10.14 10.14 10.12 10.11 10.08 10.07 10.05 10.05 10.03 10.01 10.01 10.00 9.98 9.97 9.97 9.98 9.99 9.97 9.94 9.92 9.91 9.88 9.85 9.83 9.82 9.82 9.80 9.76 9.76 9.85 9.91 9.92 9.98 10.11 10.05 10.16 10.26 10.35 10.35 10.53 10.71 10.80 10.66 10.66 10.72 10.82 10.91 11.03 11.18 11.31 11.41 11.28 11.18 11.49 11.66
10.70 10.65 10.60 10.55 10.54 10.54 10.51 10.48 10.45 10.38 10.33 10.29 10.34 10.31 10.28 10.26 10.24 10.23 10.21 10.20 10.17 10.16 10.13 10.09 10.06 10.07 10.07 10.05 10.04 10.02 10.00 10.00 10.00 9.99 9.97 9.96 9.95 9.94 9.93 9.92 9.92 9.94 9.94 9.90 9.87 9.83 9.86 9.83 9.79 9.76 9.73 9.74 9.73 9.70 9.80 9.88 9.90 9.94 10.04 10.12 10.13 10.18 10.25 10.24 10.43 10.60 10.70 10.68 10.56 10.56 10.73 10.81 10.88 11.02 11.15 11.29 11.23 11.02 11.41 11.55
10.62 10.58 10.53 10.49 10.47 10.45 10.41 10.39 10.35 10.29 10.25 10.20 10.23 10.22 10.19 10.16 10.15 10.14 10.14 10.14 10.12 10.10 10.07 10.03 10.00 9.98 10.00 10.01 9.98 9.97 9.96 9.95 9.95 9.94 9.94 9.93 9.91 9.91 9.89 9.86 9.86 9.76 9.90 9.87 9.84 9.82 9.80 9.78 9.74 9.70 9.65 9.64 9.66 9.74 9.78 9.85 9.89 9.93 10.01 10.26 10.30 10.15 10.15 10.15 10.26 10.58 10.62 10.56 10.42 10.42 10.62 10.79 10.89 10.88 11.01 11.18 11.14 11.15 11.39 11.47
10.55 10.51 10.46 10.43 10.40 10.36 10.31 10.28 10.21 10.16 10.17 10.15 10.15 10.12 10.07 10.06 10.06 10.05 10.06 10.06 10.06 10.02 10.01 9.99 9.98 9.96 9.97 9.90 9.91 9.92 9.93 9.91 9.89 9.88 9.89 9.89 9.87 9.90 9.86 9.82 9.83 9.78 9.86 9.83 9.79 9.79 9.75 9.72 9.68 9.64 9.58 9.53 9.60 9.69 9.74 9.81 9.86 9.87 9.93 10.33 10.13 10.06 10.11 10.04 10.03 10.32 10.54 10.56 10.53 10.25 10.55 10.70 10.86 10.61 10.87 11.07 11.04 11.15 11.34 11.34
10.49 10.45 10.41 10.37 10.32 10.28 10.22 10.16 10.10 10.09 10.07 10.07 10.06 9.97 9.95 9.96 9.97 9.99 10.00 10.01 10.01 9.97 9.95 9.93 9.93 9.91 9.91 9.89 9.87 9.87 9.89 9.88 9.86 9.83 9.83 9.85 9.88 9.86 9.84 9.81 9.77 9.81 9.81 9.78 9.77 9.73 9.70 9.67 9.63 9.59 9.51 9.49 9.53 9.61 9.69 9.77 9.78 9.91 10.21 9.95 9.96 9.95 10.03 10.03 10.10 10.34 10.38 10.46 10.49 10.48 10.54 10.53 10.71 10.88 10.97 11.06 11.13 11.22 11.10 11.28
10.41 10.38 10.34 10.30 10.25 10.20 10.15 10.09 10.05 10.03 10.01 10.00 9.99 9.94 9.85 9.90 9.94 9.94 9.95 9.95 9.94 9.95 9.91 9.89 9.87 9.86 9.86 9.84 9.85 9.84 9.82 9.78 9.79 9.79 9.79 9.80 9.84 9.82 9.78 9.78 9.78 9.77 9.77 9.73 9.69 9.67 9.65 9.61 9.57 9.52 9.46 9.47 9.49 9.56 9.61 9.71 9.77 10.01 9.83 9.83 9.87 9.92 9.98 10.02 10.14 10.21 10.22 10.26 10.30 10.42 10.33 10.51 10.71 10.57 10.83 10.96 11.11 11.17 11.22 11.28
10.35 10.31 10.26 10.22 10.18 10.13 10.09 10.06 10.03 10.00 9.97 9.92 9.89 9.86 9.85 9.86 9.86 9.84 9.90 9.92 9.90 9.90 9.88 9.86 9.83 9.83 9.83 9.80 9.80 9.80 9.77 9.76 9.76 9.76 9.75 9.77 9.79 9.77 9.75 9.74 9.73 9.73 9.71 9.68 9.64 9.62 9.59 9.55 9.51 9.44 9.39 9.43 9.45 9.44 9.55 9.71 9.97 9.73 9.72 9.74 9.81 9.88 9.92 9.95 10.04 9.98 10.04 10.14 10.19 10.32 10.23 10.39 10.31 10.40 10.72 10.97 10.89 11.01 11.10 11.19
10.29 10.24 10.20 10.14 10.10 10.07 10.04 10.03 10.03 9.98 9.92 9.86 9.78 9.76 9.79 9.80 9.77 9.78 9.84 9.86 9.85 9.85 9.84 9.83 9.80 9.79 9.78 9.76 9.77 9.76 9.74 9.74 9.74 9.73 9.73 9.73 9.75 9.72 9.70 9.71 9.68 9.69 9.66 9.62 9.58 9.57 9.54 9.50 9.45 9.36 9.32 9.39 9.44 9.46 9.52 9.60 9.59 9.69 9.72 9.69 9.77 9.81 9.87 9.88 9.86 9.83 9.84 10.00 10.15 10.12 9.96 10.31 10.48 10.33 10.81 10.75 10.66 10.74 11.00 11.04
10.23 10.19 10.15 10.11 10.07 10.03 10.02 10.00 9.98 9.93 9.88 9.82 9.78 9.72 9.72 9.72 9.72 9.73 9.77 9.80 9.80 9.80 9.80 9.78 9.77 9.75 9.73 9.74 9.73 9.73 9.71 9.70 9.71 9.70 9.69 9.69 9.70 9.68 9.67 9.67 9.65 9.64 9.60 9.58 9.55 9.52 9.48 9.44 9.38 9.27 9.29 9.42 9.39 9.38 9.57 9.79 9.74 9.65 9.69 9.71 9.74 9.79 9.82 9.85 9.87 9.81 9.89 9.83 10.07 10.12 10.17 10.29 10.45 10.38 10.66 10.49 10.60 10.66 10.84 10.94
10.18 10.15 10.12 10.09 10.05 10.00 9.97 9.97 9.93 9.87 9.83 9.78 9.73 9.67 9.65 9.66 9.67 9.69 9.72 9.74 9.74 9.75 9.75 9.75 9.73 9.70 9.69 9.70 9.70 9.70 9.68 9.66 9.66 9.66 9.65 9.65 9.64 9.65 9.62 9.62 9.62 9.59 9.54 9.55 9.51 9.46 9.43 9.38 9.32 9.28 9.32 9.43 9.37 9.39 9.62 9.59 9.54 9.58 9.61 9.66 9.71 9.72 9.72 9.76 9.78 9.81 9.84 9.70 9.94 10.00 9.92 10.22 10.29 10.41 10.35 10.73 10.62 10.62 10.87 10.77
10.15 10.12 10.09 10.05 10.01 9.97 9.94 9.93 9.87 9.81 9.75 9.71 9.66 9.61 9.61 9.62 9.63 9.66 9.69 9.69 9.69 9.70 9.69 9.69 9.68 9.68 9.66 9.67 9.66 9.65 9.64 9.62 9.62 9.62 9.62 9.61 9.61 9.61 9.59 9.59 9.58 9.56 9.53 9.51 9.46 9.40 9.37 9.32 9.27 9.28 9.43 9.46 9.45 9.53 9.53 9.32 9.44 9.52 9.55 9.59 9.62 9.66 9.69 9.66 9.53 9.64 9.72 9.66 9.89 9.94 9.99 10.16 10.22 10.18 10.36 10.57 10.53 10.72 10.69 10.61
10.12 10.09 10.05 10.02 9.98 9.94 9.92 9.88 9.83 9.78 9.70 9.67 9.63 9.61 9.60 9.59 9.61 9.63 9.65 9.62 9.63 9.65 9.65 9.63 9.64 9.64 9.64 9.62 9.62 9.61 9.62 9.60 9.59 9.58 9.58 9.58 9.56 9.57 9.56 9.55 9.53 9.52 9.46 9.46 9.41 9.34 9.30 9.30 9.32 9.34 9.21 9.14 9.29 9.34 9.45 9.35 9.30 9.42 9.50 9.53 9.55 9.57 9.62 9.64 9.32 9.58 9.71 9.83 9.91 9.84 10.11 10.14 10.21 10.10 10.19 10.20 10.59 10.56 10.59 10.47
10.07 10.05 10.01 9.98 9.95 9.91 9.88 9.84 9.81 9.76 9.70 9.65 9.63 9.60 9.59 9.59 9.60 9.61 9.59 9.54 9.56 9.58 9.61 9.61 9.60 9.58 9.59 9.60 9.60 9.59 9.59 9.58 9.55 9.54 9.54 9.55 9.55 9.54 9.53 9.51 9.49 9.47 9.45 9.43 9.42 9.38 9.32 9.22 9.11 9.07 9.24 9.17 9.15 9.16 9.29 9.34 9.25 9.26 9.40 9.47 9.50 9.53 9.58 9.61 9.54 9.68 9.69 9.67 9.81 9.96 10.02 9.95 9.99 10.16 10.37 10.45 10.44 10.34 10.38 10.47
10.04 9.99 9.96 9.94 9.92 9.88 9.85 9.81 9.79 9.75 9.72 9.66 9.64 9.59 9.57 9.57 9.58 9.57 9.53 9.50 9.52 9.52 9.57 9.59 9.58 9.56 9.56 9.56 9.57 9.56 9.56 9.54 9.53 9.49 9.49 9.51 9.51 9.50 9.48 9.46 9.43 9.40 9.44 9.35 9.26 9.19 9.18 9.07 9.07 9.06 9.16 9.15 9.17 9.18 9.12 9.24 9.27 9.27 9.36 9.42 9.45 9.49 9.53 9.55 9.60 9.63 9.63 9.63 9.67 9.87 9.90 9.79 10.07 10.07 10.03 10.40 10.40 10.28 10.23 10.27
9.99 9.95 9.92 9.91 9.88 9.85 9.82 9.78 9.75 9.70 9.68 9.65 9.61 9.58 9.55 9.54 9.53 9.52 9.50 9.49 9.49 9.50 9.53 9.55 9.56 9.55 9.53 9.53 9.53 9.53 9.52 9.52 9.51 9.48 9.48 9.48 9.47 9.46 9.44 9.42 9.43 9.42 9.34 9.23 9.23 9.17 9.09 8.99 8.99 9.03 9.07 9.02 9.03 9.08 8.99 9.08 9.19 9.30 9.34 9.38 9.42 9.46 9.41 9.39 9.54 9.58 9.61 9.55 9.48 9.76 9.71 9.68 9.87 9.90 10.14 10.26 10.24 10.06 10.15 10.35
9.97 9.91 9.89 9.88 9.85 9.81 9.79 9.76 9.71 9.69 9.66 9.63 9.58 9.55 9.52 9.51 9.50 9.49 9.48 9.47 9.47 9.48 9.50 9.53 9.53 9.53 9.52 9.51 9.50 9.50 9.49 9.49 9.48 9.46 9.46 9.45 9.43 9.42 9.41 9.37 9.35 9.33 9.27 9.23 9.17 9.09 9.03 8.95 8.93 9.00 9.04 8.96 8.99 9.11 9.10 9.18 9.24 9.25 9.26 9.32 9.37 9.39 9.33 9.28 9.49 9.54 9.59 9.65 9.64 9.44 9.87 9.70 9.96 9.81 9.87 10.27 10.19 10.22 10.12 10.32
9.95 9.91 9.87 9.85 9.82 9.78 9.75 9.73 9.70 9.67 9.64 9.60 9.57 9.53 9.48 9.47 9.46 9.45 9.45 9.45 9.44 9.45 9.47 9.49 9.50 9.50 9.49 9.49 9.48 9.48 9.47 9.45 9.41 9.44 9.43 9.42 9.41 9.39 9.40 9.41 9.32 9.28 9.24 9.19 9.13 9.06 8.98 8.90 8.88 8.96 8.97 8.99 9.05 9.09 9.12 9.14 9.16 9.19 9.16 9.24 9.34 9.36 9.30 9.25 9.42 9.51 9.59 9.62 9.60 9.68 9.88 9.80 9.84 10.07 10.12 10.21 9.94 9.96 9.98 10.25
9.92 9.89 9.86 9.82 9.79 9.75 9.72 9.69 9.68 9.64 9.62 9.58 9.55 9.50 9.45 9.43 9.43 9.43 9.42 9.43 9.42 9.41 9.44 9.47 9.47 9.47 9.46 9.46 9.45 9.44 9.45 9.42 9.26 9.32 9.40 9.39 9.37 9.36 9.34 9.36 9.30 9.26 9.21 9.16 9.09 9.01 8.93 8.88 8.89 8.91 8.95 8.99 9.02 9.03 9.05 9.03 9.10 9.18 9.21 9.24 9.30 9.33 9.33 9.34 9.45 9.51 9.55 9.56 9.72 9.82 9.88 9.74 9.75 9.94 9.93 10.10 10.12 9.75 10.05 9.87
9.88 9.86 9.83 9.81 9.77 9.72 9.68 9.65 9.62 9.60 9.59 9.56 9.53 9.48 9.44 9.42 9.41 9.40 9.39 9.40 9.40 9.39 9.42 9.44 9.45 9.44 9.43 9.42 9.41 9.42 9.43 9.36 9.21 9.23 9.39 9.37 9.34 9.33 9.34 9.32 9.28 9.24 9.19 9.13 9.05 8.97 8.89 8.84 8.86 8.87 8.91 8.95 8.98 9.01 9.04 9.05 9.10 9.14 9.17 9.20 9.27 9.31 9.35 9.39 9.41 9.38 9.43 9.48 9.60 9.72 9.82 9.44 9.92 9.95 10.07 10.13 10.07 9.98 9.72 9.94
9.86 9.83 9.81 9.79 9.74 9.68 9.64 9.61 9.57 9.57 9.56 9.54 9.50 9.47 9.44 9.42 9.40 9.38 9.36 9.36 9.39 9.40 9.40 9.42 9.42 9.42 9.41 9.39 9.38 9.38 9.41 9.40 9.34 9.34 9.35 9.35 9.31 9.31 9.33 9.30 9.24 9.18 9.12 9.09 8.99 8.93 8.84 8.80 8.83 8.85 8.88 8.92 8.96 8.99 9.03 9.04 9.07 9.10 9.14 9.17 9.22 9.28 9.26 9.30 9.30 9.33 9.42 9.47 9.55 9.39 9.80 9.54 9.70 9.79 9.54 9.99 9.94 9.95 9.97 9.83
