main/data/pressure/17.01.2023.grid
ncols 886
nrows 691
xllcenter 112.0000
yllcenter -44.5000
cellsize 0.0500
nodata_value 99999.90
[rows 136 to 169 of 691, columns 693 to 769 of 886]
31.46 31.48 31.53 31.60 31.72 31.83 31.94 32.03 32.10 32.17 32.22 32.27 32.30 32.33 32.36 32.39 32.41 32.42 32.44 32.45 32.46 32.47 32.48 32.49 32.48 32.49 32.49 32.49 32.48 32.49 32.48 32.47 32.47 32.45 32.45 32.43 32.41 32.40 32.38 32.36 32.33 32.31 32.29 32.25 32.22 32.18 32.14 32.09 32.05 32.01 31.96 31.90 31.84 31.78 31.72 31.66 31.60 31.52 31.46 31.40 31.35 31.30 31.26 31.22 31.18 31.13 31.09 31.05 31.01 30.96 30.92 30.88 30.84 30.80 30.77 30.76 30.74
31.53 31.56 31.60 31.65 31.75 31.86 31.96 32.04 32.12 32.18 32.23 32.27 32.31 32.34 32.36 32.39 32.41 32.43 32.44 32.45 32.46 32.48 32.48 32.49 32.48 32.49 32.49 32.49 32.49 32.49 32.48 32.48 32.47 32.47 32.46 32.44 32.43 32.42 32.39 32.38 32.36 32.33 32.30 32.27 32.24 32.21 32.17 32.13 32.09 32.04 31.99 31.94 31.89 31.83 31.78 31.72 31.66 31.60 31.54 31.48 31.42 31.36 31.30 31.26 31.22 31.18 31.14 31.09 31.05 31.01 30.97 30.93 30.90 30.88 30.86 30.84 30.82
31.61 31.64 31.67 31.72 31.79 31.89 31.99 32.06 32.13 32.19 32.24 32.28 32.32 32.35 32.37 32.40 32.41 32.43 32.44 32.46 32.46 32.47 32.47 32.48 32.49 32.49 32.50 32.49 32.50 32.49 32.49 32.49 32.49 32.47 32.46 32.46 32.44 32.43 32.42 32.40 32.37 32.35 32.33 32.30 32.27 32.24 32.20 32.16 32.12 32.08 32.04 31.99 31.94 31.89 31.84 31.78 31.71 31.66 31.60 31.54 31.49 31.43 31.38 31.33 31.29 31.23 31.19 31.15 31.12 31.08 31.05 31.02 30.99 30.96 30.94 30.93 30.90
31.68 31.72 31.75 31.79 31.84 31.93 32.02 32.09 32.15 32.20 32.25 32.29 32.32 32.35 32.37 32.40 32.42 32.43 32.44 32.46 32.46 32.47 32.48 32.48 32.49 32.50 32.50 32.50 32.50 32.50 32.50 32.50 32.49 32.48 32.48 32.47 32.45 32.44 32.43 32.41 32.40 32.37 32.35 32.32 32.29 32.27 32.24 32.20 32.16 32.12 32.08 32.03 31.99 31.94 31.89 31.84 31.78 31.73 31.68 31.62 31.57 31.51 31.46 31.41 31.37 31.32 31.27 31.23 31.20 31.17 31.14 31.10 31.08 31.06 31.03 31.01 30.99
31.75 31.78 31.82 31.86 31.91 31.97 32.04 32.12 32.17 32.22 32.26 32.30 32.33 32.35 32.38 32.40 32.42 32.42 32.44 32.45 32.47 32.47 32.48 32.49 32.49 32.50 32.50 32.51 32.51 32.51 32.51 32.50 32.49 32.50 32.48 32.48 32.47 32.45 32.45 32.43 32.41 32.39 32.37 32.35 32.32 32.29 32.26 32.23 32.19 32.15 32.12 32.08 32.03 31.99 31.95 31.89 31.84 31.79 31.74 31.69 31.64 31.59 31.54 31.50 31.45 31.40 31.37 31.33 31.29 31.25 31.22 31.20 31.16 31.14 31.12 31.09 31.07
31.81 31.85 31.89 31.93 31.97 32.02 32.08 32.15 32.20 32.24 32.27 32.30 32.33 32.36 32.38 32.40 32.42 32.43 32.44 32.45 32.47 32.47 32.48 32.49 32.49 32.50 32.51 32.51 32.51 32.51 32.51 32.51 32.51 32.50 32.49 32.49 32.48 32.47 32.46 32.44 32.42 32.41 32.39 32.37 32.34 32.31 32.29 32.26 32.23 32.20 32.16 32.12 32.08 32.04 31.99 31.95 31.90 31.86 31.81 31.75 31.71 31.66 31.62 31.57 31.53 31.49 31.45 31.41 31.38 31.34 31.31 31.28 31.25 31.22 31.20 31.17 31.14
31.87 31.92 31.95 31.99 32.02 32.07 32.12 32.17 32.22 32.26 32.29 32.32 32.34 32.36 32.38 32.40 32.42 32.43 32.45 32.45 32.46 32.48 32.48 32.49 32.50 32.50 32.51 32.51 32.51 32.52 32.51 32.51 32.51 32.50 32.50 32.49 32.49 32.48 32.47 32.45 32.44 32.42 32.40 32.38 32.37 32.34 32.32 32.29 32.26 32.23 32.19 32.15 32.12 32.08 32.04 32.00 31.95 31.91 31.87 31.82 31.78 31.74 31.70 31.65 31.61 31.57 31.53 31.50 31.46 31.42 31.40 31.36 31.33 31.31 31.27 31.25 31.23
31.92 31.97 32.01 32.05 32.08 32.13 32.17 32.20 32.25 32.28 32.30 32.33 32.35 32.37 32.38 32.40 32.41 32.43 32.44 32.45 32.46 32.47 32.48 32.49 32.50 32.51 32.50 32.51 32.51 32.52 32.51 32.52 32.51 32.52 32.51 32.51 32.50 32.49 32.47 32.47 32.45 32.44 32.43 32.41 32.39 32.36 32.34 32.31 32.28 32.26 32.23 32.20 32.16 32.13 32.09 32.05 32.01 31.96 31.92 31.88 31.84 31.80 31.76 31.73 31.68 31.64 31.61 31.57 31.54 31.50 31.47 31.44 31.41 31.38 31.36 31.33 31.30
31.98 32.02 32.05 32.09 32.14 32.17 32.21 32.24 32.27 32.30 32.32 32.34 32.35 32.37 32.39 32.40 32.41 32.43 32.44 32.44 32.46 32.47 32.48 32.48 32.49 32.50 32.50 32.51 32.51 32.52 32.51 32.52 32.51 32.52 32.51 32.51 32.50 32.49 32.49 32.48 32.46 32.46 32.44 32.42 32.40 32.38 32.37 32.34 32.32 32.29 32.26 32.23 32.20 32.17 32.13 32.10 32.06 32.02 31.99 31.95 31.91 31.86 31.83 31.79 31.76 31.72 31.68 31.65 31.61 31.58 31.55 31.52 31.49 31.46 31.43 31.41 31.38
32.02 32.06 32.10 32.14 32.17 32.21 32.24 32.27 32.29 32.31 32.33 32.35 32.36 32.37 32.39 32.40 32.41 32.42 32.44 32.44 32.45 32.46 32.48 32.48 32.49 32.50 32.50 32.51 32.52 32.52 32.52 32.52 32.52 32.52 32.52 32.52 32.51 32.51 32.50 32.49 32.48 32.47 32.45 32.44 32.43 32.41 32.39 32.36 32.34 32.32 32.29 32.26 32.23 32.20 32.17 32.14 32.10 32.07 32.03 32.00 31.97 31.93 31.89 31.85 31.82 31.79 31.75 31.71 31.68 31.65 31.63 31.59 31.56 31.54 31.50 31.48 31.46
32.05 32.10 32.14 32.17 32.21 32.25 32.28 32.30 32.32 32.33 32.35 32.36 32.37 32.38 32.39 32.40 32.41 32.42 32.42 32.44 32.45 32.46 32.47 32.47 32.48 32.50 32.51 32.51 32.52 32.51 32.52 32.52 32.52 32.52 32.52 32.52 32.52 32.51 32.50 32.50 32.49 32.48 32.46 32.46 32.44 32.42 32.40 32.38 32.36 32.35 32.32 32.30 32.27 32.24 32.21 32.18 32.15 32.12 32.08 32.05 32.02 31.98 31.95 31.92 31.88 31.85 31.82 31.79 31.76 31.72 31.69 31.67 31.63 31.61 31.58 31.55 31.52
32.08 32.12 32.16 32.20 32.24 32.27 32.31 32.32 32.34 32.34 32.35 32.35 32.37 32.38 32.39 32.40 32.41 32.42 32.42 32.43 32.44 32.45 32.47 32.48 32.48 32.49 32.50 32.50 32.51 32.51 32.52 32.53 32.52 32.53 32.53 32.52 32.52 32.52 32.51 32.51 32.50 32.49 32.48 32.47 32.45 32.44 32.42 32.41 32.39 32.37 32.35 32.32 32.30 32.27 32.25 32.22 32.19 32.16 32.13 32.10 32.06 32.03 32.01 31.98 31.95 31.92 31.88 31.85 31.82 31.79 31.76 31.73 31.71 31.67 31.65 31.62 31.59
32.10 32.15 32.19 32.23 32.26 32.29 32.33 32.35 32.35 32.36 32.36 32.36 32.36 32.37 32.38 32.39 32.40 32.40 32.41 32.42 32.44 32.45 32.46 32.47 32.47 32.49 32.50 32.50 32.51 32.51 32.52 32.52 32.52 32.53 32.53 32.52 32.52 32.52 32.52 32.51 32.50 32.50 32.49 32.48 32.46 32.46 32.44 32.43 32.41 32.39 32.37 32.35 32.33 32.30 32.28 32.25 32.23 32.20 32.17 32.15 32.12 32.08 32.05 32.03 32.00 31.97 31.94 31.91 31.88 31.85 31.82 31.79 31.77 31.73 31.71 31.69 31.65
32.13 32.16 32.20 32.24 32.27 32.31 32.34 32.36 32.36 32.35 32.36 32.36 32.36 32.37 32.37 32.38 32.39 32.40 32.41 32.42 32.43 32.44 32.45 32.46 32.47 32.48 32.49 32.49 32.50 32.51 32.51 32.52 32.52 32.53 32.52 32.53 32.53 32.53 32.52 32.52 32.51 32.51 32.50 32.49 32.48 32.47 32.46 32.44 32.43 32.41 32.39 32.37 32.35 32.33 32.31 32.28 32.26 32.24 32.21 32.19 32.16 32.14 32.11 32.07 32.05 32.02 32.00 31.96 31.94 31.91 31.89 31.85 31.83 31.81 31.77 31.75 31.73
32.14 32.18 32.21 32.25 32.28 32.31 32.34 32.36 32.37 32.36 32.35 32.36 32.36 32.36 32.37 32.37 32.38 32.39 32.40 32.41 32.42 32.43 32.45 32.45 32.46 32.47 32.47 32.49 32.50 32.51 32.51 32.52 32.52 32.53 32.52 32.53 32.53 32.53 32.53 32.52 32.52 32.51 32.50 32.49 32.49 32.48 32.47 32.45 32.44 32.42 32.42 32.40 32.38 32.36 32.34 32.32 32.30 32.27 32.25 32.22 32.20 32.18 32.15 32.13 32.09 32.07 32.05 32.02 31.99 31.96 31.94 31.91 31.89 31.86 31.84 31.81 31.78
32.15 32.18 32.22 32.25 32.28 32.31 32.35 32.37 32.36 32.36 32.35 32.35 32.35 32.36 32.36 32.36 32.37 32.38 32.39 32.40 32.41 32.42 32.43 32.44 32.45 32.47 32.47 32.48 32.49 32.49 32.50 32.51 32.51 32.52 32.52 32.53 32.52 32.53 32.53 32.52 32.52 32.52 32.51 32.51 32.50 32.49 32.48 32.47 32.46 32.45 32.43 32.42 32.40 32.38 32.37 32.35 32.33 32.31 32.29 32.26 32.24 32.21 32.19 32.17 32.15 32.11 32.09 32.07 32.05 32.02 31.99 31.97 31.94 31.92 31.90 31.86 31.84
32.15 32.18 32.22 32.24 32.27 32.31 32.33 32.36 32.36 32.35 32.35 32.34 32.34 32.34 32.34 32.34 32.35 32.36 32.37 32.38 32.39 32.40 32.42 32.43 32.44 32.46 32.46 32.47 32.48 32.49 32.50 32.51 32.51 32.52 32.52 32.52 32.52 32.53 32.53 32.53 32.53 32.52 32.51 32.52 32.51 32.50 32.49 32.49 32.47 32.46 32.45 32.43 32.42 32.40 32.39 32.37 32.35 32.34 32.32 32.30 32.27 32.25 32.23 32.21 32.19 32.17 32.14 32.11 32.09 32.06 32.04 32.02 32.00 31.97 31.95 31.92 31.90
32.13 32.17 32.20 32.23 32.26 32.29 32.32 32.34 32.35 32.34 32.33 32.32 32.33 32.33 32.33 32.33 32.34 32.35 32.36 32.37 32.38 32.39 32.41 32.42 32.43 32.44 32.45 32.46 32.48 32.48 32.49 32.50 32.50 32.51 32.51 32.52 32.52 32.53 32.52 32.53 32.53 32.52 32.53 32.52 32.51 32.50 32.49 32.50 32.48 32.47 32.46 32.45 32.44 32.42 32.41 32.39 32.38 32.36 32.34 32.33 32.31 32.28 32.26 32.24 32.22 32.21 32.18 32.16 32.14 32.12 32.09 32.07 32.05 32.02 32.00 31.98 31.95
32.12 32.15 32.18 32.22 32.24 32.27 32.29 32.32 32.33 32.32 32.32 32.31 32.30 32.30 32.31 32.31 32.33 32.34 32.35 32.36 32.37 32.38 32.40 32.40 32.41 32.43 32.44 32.45 32.47 32.47 32.48 32.49 32.50 32.51 32.51 32.52 32.52 32.52 32.52 32.53 32.53 32.52 32.53 32.52 32.52 32.51 32.51 32.50 32.49 32.48 32.47 32.46 32.45 32.44 32.43 32.41 32.40 32.38 32.37 32.35 32.34 32.32 32.29 32.28 32.26 32.24 32.22 32.20 32.18 32.16 32.13 32.11 32.09 32.07 32.05 32.03 32.00
32.10 32.13 32.16 32.19 32.22 32.24 32.27 32.29 32.30 32.30 32.29 32.28 32.28 32.29 32.29 32.30 32.30 32.31 32.32 32.33 32.35 32.36 32.37 32.39 32.40 32.41 32.43 32.43 32.45 32.46 32.47 32.47 32.49 32.50 32.50 32.51 32.51 32.52 32.52 32.53 32.52 32.52 32.53 32.52 32.52 32.51 32.52 32.51 32.50 32.49 32.48 32.47 32.46 32.45 32.44 32.43 32.42 32.40 32.39 32.38 32.36 32.35 32.33 32.31 32.29 32.27 32.26 32.23 32.22 32.20 32.17 32.15 32.14 32.12 32.09 32.08 32.05
32.08 32.11 32.13 32.16 32.18 32.21 32.23 32.26 32.28 32.27 32.26 32.27 32.26 32.26 32.27 32.27 32.28 32.30 32.31 32.32 32.33 32.34 32.36 32.37 32.39 32.40 32.40 32.42 32.43 32.45 32.46 32.46 32.48 32.49 32.49 32.50 32.50 32.51 32.51 32.52 32.52 32.52 32.53 32.52 32.52 32.51 32.52 32.51 32.51 32.50 32.49 32.48 32.47 32.46 32.45 32.44 32.43 32.42 32.41 32.40 32.38 32.37 32.36 32.33 32.32 32.31 32.29 32.27 32.25 32.24 32.22 32.19 32.18 32.15 32.14 32.12 32.09
32.05 32.08 32.10 32.12 32.15 32.17 32.20 32.22 32.24 32.24 32.24 32.24 32.23 32.24 32.24 32.25 32.26 32.27 32.28 32.29 32.30 32.32 32.33 32.35 32.36 32.38 32.39 32.40 32.42 32.43 32.44 32.45 32.47 32.47 32.48 32.49 32.50 32.51 32.51 32.51 32.52 32.52 32.52 32.52 32.52 32.51 32.52 32.52 32.51 32.50 32.50 32.49 32.48 32.48 32.47 32.46 32.45 32.44 32.43 32.42 32.41 32.39 32.38 32.36 32.35 32.33 32.32 32.30 32.28 32.27 32.26 32.23 32.22 32.20 32.18 32.16 32.14
32.02 32.03 32.06 32.08 32.10 32.12 32.15 32.17 32.19 32.20 32.21 32.20 32.20 32.22 32.22 32.23 32.23 32.24 32.26 32.27 32.29 32.30 32.31 32.33 32.34 32.36 32.37 32.39 32.40 32.41 32.42 32.44 32.45 32.46 32.47 32.47 32.49 32.49 32.50 32.50 32.51 32.51 32.52 32.52 32.52 32.51 32.52 32.52 32.51 32.51 32.50 32.50 32.49 32.48 32.48 32.47 32.46 32.45 32.44 32.43 32.42 32.41 32.40 32.38 32.37 32.36 32.35 32.33 32.31 32.30 32.29 32.27 32.25 32.24 32.22 32.20 32.18
31.97 32.00 32.02 32.04 32.06 32.09 32.11 32.13 32.15 32.17 32.17 32.17 32.17 32.19 32.19 32.20 32.20 32.22 32.23 32.24 32.26 32.27 32.28 32.30 32.31 32.33 32.34 32.36 32.38 32.39 32.41 32.42 32.43 32.44 32.46 32.46 32.48 32.48 32.49 32.49 32.51 32.51 32.51 32.52 32.51 32.51 32.52 32.52 32.52 32.51 32.51 32.50 32.50 32.49 32.49 32.48 32.47 32.47 32.46 32.45 32.44 32.43 32.42 32.40 32.39 32.38 32.37 32.35 32.34 32.33 32.32 32.30 32.29 32.28 32.25 32.24 32.22
31.93 31.95 31.97 31.99 32.01 32.04 32.06 32.08 32.11 32.12 32.14 32.14 32.14 32.15 32.16 32.17 32.17 32.19 32.20 32.21 32.22 32.25 32.26 32.27 32.29 32.31 32.32 32.34 32.36 32.37 32.38 32.40 32.41 32.43 32.43 32.45 32.46 32.47 32.48 32.48 32.50 32.50 32.50 32.51 32.51 32.51 32.51 32.52 32.52 32.51 32.51 32.51 32.50 32.50 32.49 32.49 32.48 32.48 32.47 32.46 32.46 32.45 32.44 32.42 32.41 32.41 32.40 32.38 32.37 32.36 32.35 32.33 32.32 32.30 32.29 32.28 32.26
31.88 31.90 31.92 31.94 31.97 31.99 32.01 32.04 32.06 32.08 32.10 32.11 32.11 32.11 32.13 32.13 32.15 32.16 32.17 32.18 32.20 32.21 32.22 32.24 32.25 32.27 32.29 32.30 32.32 32.34 32.36 32.38 32.39 32.40 32.42 32.43 32.44 32.45 32.46 32.47 32.48 32.49 32.49 32.49 32.50 32.51 32.51 32.51 32.51 32.51 32.51 32.51 32.51 32.50 32.50 32.49 32.49 32.49 32.48 32.47 32.47 32.46 32.45 32.44 32.43 32.43 32.42 32.40 32.39 32.38 32.37 32.36 32.35 32.33 32.32 32.31 32.29
31.83 31.85 31.87 31.90 31.92 31.95 31.97 31.99 32.02 32.04 32.06 32.08 32.08 32.08 32.10 32.10 32.11 32.12 32.13 32.15 32.16 32.17 32.18 32.21 32.22 32.24 32.26 32.27 32.29 32.31 32.33 32.35 32.36 32.38 32.40 32.41 32.42 32.44 32.45 32.46 32.47 32.48 32.48 32.49 32.50 32.50 32.50 32.51 32.51 32.51 32.51 32.51 32.51 32.50 32.50 32.50 32.50 32.49 32.49 32.48 32.48 32.47 32.46 32.45 32.45 32.44 32.44 32.42 32.41 32.41 32.39 32.38 32.38 32.36 32.35 32.33 32.32
31.78 31.80 31.82 31.85 31.87 31.90 31.92 31.96 31.98 32.00 32.03 32.04 32.05 32.05 32.05 32.07 32.07 32.08 32.09 32.10 32.11 32.12 32.15 32.16 32.18 32.19 32.21 32.23 32.25 32.27 32.29 32.31 32.33 32.36 32.37 32.38 32.40 32.41 32.43 32.44 32.45 32.46 32.47 32.48 32.49 32.49 32.49 32.50 32.51 32.51 32.51 32.51 32.51 32.51 32.50 32.50 32.50 32.50 32.50 32.49 32.49 32.48 32.47 32.47 32.46 32.46 32.44 32.44 32.43 32.42 32.41 32.41 32.40 32.38 32.38 32.36 32.35
31.73 31.75 31.78 31.80 31.82 31.86 31.89 31.91 31.94 31.97 31.99 32.01 32.01 32.02 32.02 32.03 32.03 32.04 32.04 32.06 32.06 32.08 32.09 32.11 32.12 32.15 32.17 32.19 32.21 32.24 32.26 32.28 32.29 32.32 32.34 32.36 32.37 32.39 32.41 32.42 32.44 32.44 32.45 32.46 32.47 32.47 32.49 32.49 32.49 32.49 32.50 32.51 32.51 32.51 32.51 32.50 32.50 32.50 32.50 32.50 32.49 32.48 32.48 32.48 32.48 32.46 32.46 32.45 32.45 32.44 32.43 32.43 32.41 32.41 32.40 32.39 32.38
31.68 31.70 31.73 31.75 31.78 31.82 31.85 31.88 31.90 31.93 31.95 31.97 31.98 31.98 31.99 31.98 31.99 31.99 31.99 32.00 32.01 32.01 32.03 32.05 32.07 32.09 32.11 32.13 32.16 32.18 32.21 32.23 32.26 32.28 32.31 32.32 32.35 32.37 32.38 32.40 32.41 32.43 32.43 32.45 32.46 32.46 32.47 32.48 32.48 32.49 32.49 32.49 32.49 32.50 32.50 32.51 32.51 32.49 32.49 32.49 32.49 32.49 32.49 32.49 32.49 32.47 32.47 32.47 32.46 32.45 32.45 32.44 32.43 32.43 32.41 32.41 32.40
31.63 31.66 31.68 31.72 31.75 31.78 31.81 31.84 31.87 31.90 31.91 31.93 31.94 31.95 31.94 31.94 31.94 31.93 31.93 31.93 31.94 31.96 31.96 31.98 32.00 32.02 32.05 32.08 32.11 32.13 32.16 32.19 32.22 32.24 32.26 32.29 32.32 32.33 32.35 32.37 32.39 32.40 32.42 32.43 32.44 32.45 32.46 32.47 32.48 32.48 32.48 32.49 32.49 32.49 32.49 32.49 32.49 32.50 32.50 32.50 32.50 32.50 32.50 32.49 32.48 32.48 32.48 32.47 32.47 32.47 32.45 32.45 32.45 32.45 32.44 32.43 32.42
31.58 31.62 31.64 31.67 31.71 31.75 31.78 31.80 31.83 31.86 31.88 31.89 31.90 31.91 31.89 31.88 31.87 31.87 31.87 31.86 31.87 31.88 31.89 31.91 31.92 31.94 31.98 32.01 32.03 32.06 32.10 32.13 32.16 32.19 32.22 32.24 32.27 32.30 32.32 32.34 32.35 32.38 32.40 32.41 32.42 32.44 32.44 32.45 32.45 32.47 32.47 32.48 32.48 32.49 32.49 32.49 32.49 32.49 32.50 32.50 32.50 32.50 32.49 32.49 32.49 32.49 32.49 32.48 32.48 32.48 32.47 32.47 32.47 32.45 32.45 32.44 32.44
31.54 31.58 31.60 31.64 31.67 31.71 31.74 31.77 31.80 31.82 31.84 31.86 31.86 31.86 31.85 31.84 31.82 31.80 31.78 31.78 31.78 31.79 31.79 31.81 31.83 31.86 31.89 31.92 31.95 31.99 32.02 32.06 32.09 32.13 32.17 32.20 32.23 32.25 32.28 32.30 32.33 32.35 32.37 32.39 32.40 32.41 32.42 32.44 32.44 32.45 32.45 32.47 32.47 32.48 32.48 32.49 32.49 32.49 32.50 32.50 32.49 32.49 32.49 32.49 32.50 32.49 32.49 32.49 32.49 32.48 32.48 32.48 32.47 32.47 32.47 32.46 32.46
31.49 31.53 31.57 31.60 31.64 31.67 31.70 31.74 31.77 31.79 31.81 31.82 31.82 31.82 31.80 31.78 31.76 31.73 31.70 31.68 31.68 31.67 31.69 31.71 31.73 31.76 31.79 31.82 31.86 31.91 31.95 31.99 32.03 32.07 32.10 32.14 32.18 32.21 32.23 32.27 32.30 32.31 32.34 32.35 32.37 32.39 32.40 32.41 32.43 32.44 32.44 32.45 32.46 32.46 32.47 32.47 32.47 32.48 32.48 32.49 32.49 32.49 32.49 32.50 32.49 32.49 32.49 32.49 32.49 32.49 32.49 32.48 32.48 32.47 32.47 32.47 32.46
