main/data/pressure/17.03.2023.grid
ncols 886
nrows 691
xllcenter 112.0000
yllcenter -44.5000
cellsize 0.0500
nodata_value 99999.90
[rows 350 to 384 of 691, columns 400 to 479 of 886]
9.23 9.08 9.11 9.10 9.13 9.16 9.24 9.18 9.15 9.15 9.14 9.18 9.16 9.14 9.07 8.98 8.94 8.95 9.00 8.94 8.89 8.83 8.84 8.88 8.78 8.79 8.81 8.81 8.80 8.76 8.71 8.70 8.67 8.66 8.66 8.61 8.54 8.50 8.47 8.48 8.53 8.44 8.41 8.50 8.60 8.40 8.61 8.71 8.77 8.85 8.86 8.96 9.12 9.22 9.31 9.40 9.41 9.39 9.34 9.39 9.41 9.45 9.72 9.87 9.35 9.47 9.48 9.73 9.58 9.19 9.26 9.20 9.09 8.92 9.10 8.96 8.84 8.80 9.08 9.23
9.27 9.16 9.13 9.23 9.20 9.16 9.18 9.18 9.17 9.14 9.15 9.10 9.08 9.06 9.07 9.00 8.99 8.98 9.01 8.88 8.88 8.85 8.81 8.79 8.82 8.76 8.70 8.72 8.63 8.69 8.68 8.68 8.66 8.65 8.65 8.56 8.47 8.45 8.45 8.42 8.49 8.44 8.43 8.47 8.55 8.60 8.61 8.63 8.72 8.83 8.92 8.97 9.08 9.17 9.25 9.34 9.39 9.37 9.38 9.41 9.44 9.45 9.70 9.40 9.33 9.28 9.20 9.43 9.64 9.40 9.34 9.24 9.10 8.88 8.97 8.83 8.53 8.73 8.97 9.17
9.32 9.28 9.25 9.22 9.28 9.26 9.18 9.17 9.15 9.13 9.11 9.09 9.06 9.06 9.03 8.99 8.98 8.98 9.00 8.98 8.97 8.94 8.85 8.76 8.80 8.77 8.71 8.66 8.56 8.67 8.72 8.69 8.67 8.66 8.63 8.55 8.43 8.39 8.50 8.55 8.45 8.42 8.37 8.34 8.46 8.61 8.63 8.61 8.70 8.76 8.86 8.96 9.06 9.16 9.24 9.38 9.35 9.37 9.36 9.37 9.37 9.58 9.32 9.27 9.26 9.29 9.27 9.08 9.48 9.47 9.34 9.28 9.18 8.97 8.89 8.68 8.77 8.96 9.08 9.17
9.34 9.33 9.28 9.04 9.22 9.26 9.20 9.12 9.10 9.10 9.09 9.09 9.04 9.01 9.00 8.96 8.85 8.82 8.88 8.88 8.79 8.85 8.89 8.75 8.78 8.74 8.70 8.70 8.69 8.73 8.70 8.69 8.67 8.64 8.61 8.55 8.44 8.34 8.37 8.39 8.74 8.43 8.34 8.36 8.49 8.64 8.71 8.62 8.75 8.74 8.79 8.89 8.92 9.05 9.13 9.16 9.19 9.24 9.30 9.41 9.43 9.46 9.31 9.18 9.22 9.43 9.36 9.29 9.37 9.40 9.22 9.14 9.14 9.10 9.00 9.12 8.96 9.09 9.19 9.15
9.13 9.17 9.13 9.14 8.97 9.23 9.19 9.14 9.08 9.07 9.09 9.04 9.03 8.99 8.98 8.91 8.70 8.68 8.72 8.74 8.75 8.78 8.83 8.78 8.76 8.68 8.68 8.70 8.71 8.71 8.69 8.67 8.66 8.62 8.60 8.55 8.47 8.33 8.25 8.26 8.26 8.43 8.47 8.43 8.39 8.34 8.62 8.76 8.72 8.90 9.00 9.00 8.85 8.98 9.03 9.14 9.21 9.16 9.10 9.31 9.42 9.46 9.46 9.43 9.40 9.45 9.44 9.48 9.39 9.14 9.20 9.07 9.24 9.15 9.01 9.16 9.19 9.14 9.20 9.08
9.05 9.00 9.02 9.06 9.11 9.01 9.02 8.98 8.97 9.12 8.98 9.00 9.01 8.97 8.93 8.89 8.85 8.66 8.64 8.70 8.79 8.81 8.82 8.75 8.73 8.70 8.72 8.70 8.67 8.66 8.67 8.66 8.65 8.61 8.57 8.53 8.46 8.37 8.17 8.20 8.19 8.30 8.41 8.47 8.57 8.65 8.64 8.66 8.83 8.90 8.84 9.04 9.14 9.10 9.11 9.03 9.08 8.98 9.04 9.29 9.33 9.40 9.44 9.45 9.47 9.46 9.51 9.44 9.40 9.34 9.31 9.25 9.29 9.22 9.19 9.23 9.18 9.10 9.19 9.10
8.92 9.10 9.06 9.08 9.08 9.02 8.96 8.79 8.89 8.96 8.86 9.07 8.93 8.95 8.89 8.84 8.83 8.72 8.68 8.72 8.82 8.80 8.81 8.73 8.71 8.68 8.69 8.64 8.60 8.57 8.63 8.63 8.62 8.59 8.56 8.50 8.46 8.39 8.34 8.29 8.18 8.25 8.29 8.36 8.50 8.55 8.65 8.73 8.73 8.61 8.83 8.89 9.02 9.22 9.21 9.10 9.06 8.90 8.92 9.16 9.31 9.37 9.39 9.41 9.41 9.42 9.41 9.52 9.46 9.35 9.38 9.34 9.30 9.11 9.25 9.26 9.19 9.19 9.11 9.17
8.83 9.04 9.16 9.18 8.99 9.16 8.96 8.85 8.91 8.74 8.80 8.81 8.91 8.92 8.89 8.80 8.76 8.79 8.78 8.77 8.76 8.73 8.74 8.75 8.72 8.68 8.64 8.61 8.61 8.60 8.61 8.60 8.59 8.57 8.54 8.50 8.46 8.42 8.38 8.30 8.22 8.25 8.30 8.38 8.40 8.42 8.53 8.61 8.57 8.48 8.66 8.78 9.00 9.20 9.29 9.27 9.13 9.15 9.13 9.20 9.28 9.30 9.33 9.38 9.34 9.36 9.38 9.42 9.41 9.37 9.35 9.39 9.33 9.16 9.11 9.20 9.07 9.24 9.24 9.19
8.83 8.90 8.78 9.02 8.88 9.14 8.95 9.01 8.87 8.78 8.92 8.73 8.85 8.86 8.83 8.74 8.77 8.76 8.73 8.70 8.68 8.70 8.73 8.71 8.70 8.67 8.64 8.62 8.60 8.58 8.54 8.55 8.55 8.55 8.53 8.51 8.46 8.42 8.38 8.27 8.23 8.24 8.27 8.34 8.39 8.41 8.50 8.55 8.48 8.59 8.41 8.83 9.04 9.10 9.24 9.32 8.89 9.24 9.24 9.24 9.22 9.34 9.35 9.29 9.27 9.28 9.30 9.29 9.27 9.29 9.34 9.28 9.30 9.28 9.23 9.24 9.22 9.23 9.22 9.20
8.73 8.73 8.86 8.88 8.92 9.01 8.88 8.94 9.01 8.87 8.99 8.89 8.83 8.81 8.77 8.74 8.69 8.66 8.57 8.53 8.58 8.66 8.69 8.70 8.69 8.65 8.56 8.57 8.53 8.48 8.47 8.53 8.52 8.52 8.51 8.51 8.45 8.39 8.34 8.26 8.24 8.24 8.30 8.34 8.40 8.47 8.53 8.60 8.65 8.68 8.51 8.82 8.94 9.06 9.19 9.32 9.30 9.35 9.32 9.34 9.68 9.34 9.26 9.24 9.26 9.29 9.27 9.20 9.23 9.22 9.20 9.21 9.26 9.26 9.20 9.20 9.03 9.07 9.16 9.16
8.66 8.70 8.87 8.79 8.64 8.75 8.73 8.87 8.96 8.77 8.83 8.89 8.82 8.77 8.73 8.67 8.66 8.61 8.52 8.49 8.54 8.57 8.61 8.60 8.58 8.55 8.48 8.46 8.41 8.39 8.47 8.38 8.48 8.51 8.50 8.48 8.42 8.35 8.32 8.29 8.27 8.22 8.25 8.15 8.31 8.33 8.37 8.55 8.69 8.75 8.55 8.69 8.84 9.02 9.15 9.22 9.36 9.38 9.37 9.33 9.30 9.61 9.34 9.28 9.30 9.26 9.23 9.24 9.26 9.22 9.22 9.21 9.24 9.24 9.25 9.25 9.02 8.92 9.10 9.12
8.64 8.64 8.78 8.80 8.62 8.73 8.68 8.72 8.86 8.82 8.75 8.81 8.77 8.71 8.66 8.58 8.57 8.59 8.51 8.48 8.46 8.43 8.40 8.43 8.45 8.47 8.41 8.42 8.42 8.42 8.47 8.45 8.50 8.51 8.49 8.45 8.39 8.35 8.34 8.32 8.29 8.25 8.22 8.17 8.24 8.26 8.39 8.54 8.63 8.71 8.70 8.86 8.83 8.90 9.04 9.20 9.31 9.34 9.35 9.36 9.33 9.41 9.35 9.30 9.30 9.29 9.26 9.27 9.27 9.16 9.23 9.25 9.26 9.24 9.22 9.22 9.19 9.16 9.11 9.04
8.59 8.65 8.61 8.60 8.73 8.63 8.52 8.59 8.64 8.76 8.80 8.70 8.69 8.64 8.59 8.47 8.48 8.52 8.55 8.53 8.53 8.52 8.47 8.41 8.44 8.46 8.42 8.39 8.41 8.43 8.46 8.50 8.52 8.49 8.47 8.43 8.39 8.37 8.36 8.33 8.30 8.28 8.25 8.18 8.26 8.27 8.39 8.50 8.59 8.78 8.84 8.91 8.90 8.88 8.94 9.12 9.17 9.20 9.24 9.29 9.32 9.32 9.32 9.29 9.30 9.30 9.25 9.28 9.28 9.28 9.27 9.25 9.23 9.22 9.19 9.15 9.08 8.98 8.85 8.75
8.60 8.74 8.58 8.83 8.59 8.49 8.44 8.44 8.48 8.59 8.69 8.70 8.65 8.59 8.54 8.45 8.42 8.45 8.53 8.58 8.60 8.61 8.49 8.37 8.38 8.44 8.35 8.41 8.46 8.50 8.47 8.51 8.48 8.43 8.40 8.40 8.39 8.38 8.34 8.31 8.31 8.30 8.28 8.24 8.31 8.35 8.34 8.48 8.62 8.78 8.83 8.83 8.98 8.96 8.99 9.03 9.07 9.12 9.20 9.25 9.29 9.28 9.28 9.26 9.23 9.27 9.28 9.27 9.27 9.24 9.24 9.16 9.16 9.18 9.09 9.06 8.95 8.80 8.50 7.96
8.42 8.61 8.70 8.67 8.48 8.49 8.49 8.55 8.44 8.55 8.57 8.59 8.62 8.56 8.50 8.44 8.42 8.44 8.52 8.57 8.47 8.55 8.54 8.41 8.38 8.43 8.34 8.36 8.40 8.47 8.50 8.48 8.38 8.31 8.31 8.30 8.32 8.34 8.32 8.29 8.26 8.27 8.27 8.25 8.35 8.39 8.41 8.56 8.68 8.78 8.86 8.87 8.97 9.05 9.06 9.05 9.04 9.10 9.18 9.20 9.20 9.21 9.21 9.22 9.22 9.26 9.26 9.22 9.21 9.19 9.15 9.16 9.18 9.11 9.03 8.93 8.82 8.72 8.62 8.62
8.32 8.45 8.44 8.60 8.44 8.43 8.47 8.52 8.39 8.48 8.55 8.54 8.55 8.50 8.46 8.44 8.41 8.40 8.48 8.50 8.46 8.40 8.40 8.47 8.39 8.40 8.36 8.38 8.41 8.44 8.48 8.44 8.29 8.24 8.27 8.28 8.28 8.33 8.31 8.27 8.24 8.24 8.26 8.26 8.32 8.41 8.45 8.53 8.62 8.75 8.88 9.01 9.05 9.09 9.12 9.14 9.12 9.15 9.15 9.15 9.17 9.18 9.20 9.22 9.24 9.23 9.18 9.15 9.16 9.13 9.12 9.12 9.10 9.00 8.90 8.80 8.69 8.58 8.54 8.48
8.24 8.40 8.50 8.62 8.42 8.49 8.51 8.52 8.46 8.50 8.52 8.52 8.46 8.42 8.42 8.39 8.35 8.33 8.35 8.34 8.28 8.20 8.23 8.32 8.40 8.40 8.39 8.38 8.38 8.40 8.41 8.45 8.36 8.36 8.37 8.35 8.34 8.37 8.34 8.31 8.30 8.27 8.25 8.26 8.30 8.32 8.35 8.48 8.58 8.72 8.87 9.01 9.02 9.10 9.13 9.12 9.12 9.16 9.15 9.18 9.19 9.18 9.17 9.19 9.19 9.17 9.13 9.13 9.08 9.08 9.11 9.08 9.01 8.91 8.80 8.69 8.56 8.46 8.37 8.28
8.36 8.42 8.48 8.53 8.42 8.55 8.58 8.61 8.52 8.48 8.45 8.45 8.40 8.38 8.34 8.29 8.26 8.25 8.23 8.23 8.22 8.16 8.19 8.27 8.33 8.28 8.30 8.28 8.31 8.38 8.39 8.44 8.43 8.41 8.41 8.40 8.39 8.39 8.38 8.36 8.34 8.30 8.29 8.29 8.33 8.40 8.45 8.55 8.64 8.78 8.82 8.96 9.03 9.07 9.03 8.98 9.01 9.10 9.17 9.17 9.16 9.16 9.15 9.15 9.13 9.09 9.05 9.09 9.06 9.09 9.00 8.98 8.95 8.84 8.71 8.59 8.43 8.36 8.22 8.02
8.49 8.46 8.52 8.52 8.56 8.56 8.57 8.46 8.49 8.43 8.37 8.39 8.36 8.31 8.26 8.19 8.16 8.17 8.17 8.18 8.20 8.19 8.19 8.23 8.25 8.23 8.24 8.24 8.28 8.34 8.33 8.40 8.43 8.42 8.43 8.42 8.40 8.40 8.40 8.38 8.36 8.32 8.30 8.33 8.39 8.49 8.59 8.65 8.71 8.82 8.93 8.99 8.99 8.98 8.95 8.94 9.00 9.05 9.14 9.11 9.10 9.06 9.08 9.07 9.04 9.03 9.06 9.04 9.03 8.99 8.89 8.90 8.88 8.78 8.65 8.48 8.30 8.21 8.16 7.87
8.46 8.50 8.50 8.51 8.52 8.51 8.38 8.31 8.33 8.37 8.30 8.32 8.23 8.16 8.15 8.13 8.11 8.11 8.11 8.12 8.15 8.17 8.17 8.18 8.19 8.18 8.19 8.19 8.23 8.27 8.31 8.38 8.41 8.39 8.40 8.41 8.38 8.41 8.40 8.39 8.36 8.35 8.27 8.33 8.44 8.57 8.58 8.71 8.82 8.84 8.88 8.80 8.82 8.88 8.94 8.94 8.93 8.94 9.03 9.05 9.01 8.97 9.02 9.02 9.00 9.00 8.98 8.99 8.99 8.91 8.87 8.86 8.81 8.67 8.53 8.42 8.21 8.06 8.02 7.84
8.40 8.39 8.42 8.42 8.36 8.28 8.18 8.16 8.14 8.19 8.19 8.15 8.08 8.04 8.01 8.08 8.11 8.12 8.11 8.12 8.16 8.17 8.15 8.14 8.15 8.16 8.19 8.20 8.24 8.25 8.28 8.37 8.41 8.36 8.35 8.39 8.42 8.42 8.40 8.37 8.38 8.42 8.40 8.38 8.49 8.52 8.59 8.67 8.74 8.77 8.80 8.80 8.82 8.90 8.95 8.95 8.95 8.93 9.00 8.98 8.88 8.91 8.93 8.92 8.94 8.94 8.93 8.95 8.95 8.88 8.86 8.80 8.74 8.63 8.46 8.33 8.15 7.98 7.90 7.67
8.23 8.26 8.25 8.27 8.28 8.20 8.10 8.04 7.94 7.98 8.04 7.99 8.00 8.04 8.12 8.10 8.12 8.16 8.16 8.17 8.19 8.14 8.10 8.15 8.16 8.14 8.14 8.18 8.22 8.24 8.26 8.33 8.40 8.39 8.39 8.40 8.38 8.36 8.39 8.41 8.43 8.47 8.47 8.43 8.48 8.49 8.53 8.57 8.68 8.73 8.82 8.85 8.89 8.95 8.98 8.98 8.99 9.00 8.98 8.92 8.67 8.69 8.83 8.82 8.78 8.87 8.87 8.89 8.90 8.79 8.75 8.68 8.68 8.59 8.44 8.28 8.16 8.05 7.90 7.64
8.20 8.20 8.09 8.08 8.16 8.16 8.06 7.96 7.87 7.86 7.90 7.93 7.98 8.03 8.06 8.10 8.10 8.10 8.13 8.14 8.12 8.10 8.12 8.15 8.16 8.15 8.13 8.16 8.20 8.25 8.28 8.33 8.38 8.39 8.39 8.39 8.35 8.32 8.38 8.45 8.49 8.49 8.56 8.60 8.55 8.56 8.49 8.56 8.71 8.73 8.75 8.83 8.89 8.91 8.92 8.93 8.95 8.99 8.99 8.95 8.87 8.93 8.90 8.84 8.78 8.83 8.85 8.85 8.86 8.77 8.70 8.67 8.64 8.55 8.41 8.25 8.10 7.93 7.82 7.74
8.07 8.04 7.96 7.96 8.01 8.01 7.96 7.90 7.81 7.77 7.81 7.88 7.93 7.99 8.03 8.07 8.10 8.11 8.11 8.11 8.09 8.06 8.08 8.10 8.12 8.15 8.16 8.18 8.21 8.25 8.30 8.36 8.35 8.36 8.36 8.38 8.37 8.35 8.43 8.49 8.53 8.55 8.63 8.65 8.61 8.65 8.57 8.66 8.49 8.52 8.68 8.76 8.83 8.85 8.88 8.90 8.94 8.99 9.01 9.00 8.99 8.98 8.96 8.91 8.88 8.88 8.89 8.89 8.88 8.82 8.76 8.67 8.57 8.53 8.39 8.21 8.08 7.94 7.84 7.78
7.96 7.84 7.80 7.83 7.83 7.85 7.86 7.84 7.81 7.80 7.83 7.85 7.88 7.95 8.04 8.04 8.06 8.13 8.14 8.14 8.08 8.04 8.02 8.04 8.08 8.11 8.16 8.19 8.23 8.26 8.31 8.35 8.31 8.34 8.36 8.38 8.40 8.42 8.47 8.54 8.57 8.62 8.69 8.71 8.68 8.66 8.62 8.61 8.53 8.35 8.57 8.68 8.77 8.84 8.86 8.91 8.97 8.99 9.00 9.01 9.01 8.99 8.99 8.97 8.93 8.90 8.94 8.94 8.91 8.82 8.65 8.58 8.53 8.47 8.36 8.23 8.09 7.96 7.89 7.87
7.86 7.74 7.80 7.87 7.83 7.74 7.76 7.72 7.75 7.78 7.76 7.84 7.86 7.95 8.04 7.99 7.98 8.06 8.02 8.07 8.07 8.02 7.99 8.02 8.04 8.05 8.12 8.14 8.20 8.26 8.32 8.32 8.28 8.33 8.35 8.36 8.38 8.43 8.51 8.62 8.67 8.68 8.75 8.74 8.66 8.63 8.62 8.62 8.60 8.58 8.52 8.57 8.75 8.82 8.85 8.91 8.95 8.96 8.99 8.99 9.01 9.01 9.00 8.99 8.96 8.89 8.93 8.96 8.93 8.81 8.68 8.49 8.49 8.42 8.36 8.24 8.11 7.98 7.89 7.90
7.82 7.82 7.83 7.86 7.85 7.79 7.76 7.74 7.72 7.78 7.76 7.87 7.86 7.93 7.93 7.99 7.96 7.95 7.97 8.00 8.06 8.10 8.10 8.05 8.07 8.06 8.06 8.09 8.13 8.22 8.31 8.31 8.29 8.35 8.38 8.39 8.39 8.44 8.56 8.67 8.74 8.72 8.76 8.74 8.67 8.68 8.65 8.62 8.60 8.61 8.57 8.51 8.56 8.76 8.80 8.85 8.93 8.98 9.00 8.99 8.99 8.99 8.99 8.99 9.00 8.97 8.99 8.98 8.96 8.85 8.79 8.59 8.52 8.43 8.35 8.25 8.12 7.99 7.85 7.89
7.76 7.77 7.83 7.83 7.80 7.77 7.72 7.67 7.66 7.72 7.78 7.82 7.85 7.82 7.87 7.91 7.96 7.99 7.99 7.98 8.01 8.03 8.03 8.02 8.05 8.01 8.06 8.10 8.15 8.24 8.26 8.26 8.26 8.35 8.36 8.42 8.43 8.47 8.51 8.60 8.77 8.73 8.70 8.80 8.71 8.73 8.69 8.74 8.68 8.66 8.63 8.56 8.47 8.49 8.70 8.81 8.89 8.95 8.99 8.99 8.98 8.97 8.98 8.99 8.99 9.01 9.01 8.98 8.96 8.91 8.82 8.71 8.57 8.40 8.36 8.25 8.14 8.02 7.93 7.93
7.71 7.74 7.76 7.71 7.69 7.66 7.64 7.63 7.64 7.69 7.75 7.77 7.79 7.76 7.84 7.86 7.89 7.81 7.93 7.97 7.98 7.96 7.96 8.06 8.07 8.04 8.04 8.10 8.21 8.24 8.18 8.21 8.27 8.35 8.38 8.42 8.45 8.42 8.44 8.54 8.64 8.78 8.69 8.81 8.77 8.80 8.70 8.75 8.69 8.64 8.58 8.66 8.56 8.57 8.75 8.80 8.87 8.94 8.92 8.94 8.97 8.98 8.97 8.98 8.97 8.92 8.92 8.94 8.93 8.92 8.82 8.73 8.59 8.41 8.33 8.28 8.19 8.08 8.03 8.02
7.68 7.68 7.63 7.56 7.55 7.55 7.56 7.60 7.63 7.66 7.69 7.72 7.74 7.78 7.84 7.86 7.87 7.85 7.87 7.93 7.93 7.97 7.98 8.03 8.06 8.05 8.08 8.18 8.20 8.17 8.15 8.21 8.28 8.34 8.35 8.40 8.47 8.44 8.49 8.60 8.75 8.86 8.70 8.76 8.82 8.80 8.78 8.72 8.66 8.71 8.76 8.61 8.57 8.67 8.78 8.79 8.84 8.89 8.88 8.92 8.95 8.95 8.97 8.96 8.94 8.92 8.92 8.91 8.92 8.91 8.82 8.74 8.62 8.47 8.38 8.30 8.26 8.15 8.16 8.13
7.53 7.55 7.52 7.48 7.47 7.47 7.52 7.55 7.58 7.71 7.74 7.71 7.71 7.78 7.79 7.75 7.81 7.83 7.83 7.87 7.93 7.90 7.93 7.87 8.03 8.05 8.13 8.14 8.10 8.11 8.14 8.22 8.30 8.33 8.34 8.37 8.50 8.53 8.59 8.65 8.72 8.75 8.87 8.81 8.82 8.81 8.77 8.73 8.72 8.77 8.74 8.62 8.65 8.72 8.63 8.63 8.66 8.77 8.86 8.88 8.90 8.95 8.93 8.95 8.96 8.94 8.93 8.94 8.93 8.90 8.78 8.69 8.61 8.50 8.40 8.32 8.24 8.17 8.12 8.09
7.58 7.47 7.44 7.41 7.43 7.42 7.49 7.53 7.57 7.63 7.70 7.71 7.69 7.65 7.67 7.71 7.79 7.75 7.78 7.84 7.90 7.88 7.89 7.92 8.01 8.08 8.13 8.04 8.08 8.12 8.16 8.24 8.23 8.25 8.30 8.38 8.50 8.58 8.67 8.72 8.78 8.84 8.87 8.88 8.84 8.83 8.79 8.75 8.74 8.78 8.76 8.73 8.68 8.65 8.53 8.54 8.61 8.81 8.80 8.82 8.85 8.85 8.91 8.93 8.93 8.92 8.94 8.94 8.94 8.85 8.79 8.69 8.59 8.47 8.36 8.30 8.20 8.12 8.10 8.10
7.43 7.44 7.44 7.42 7.39 7.38 7.45 7.50 7.53 7.58 7.64 7.67 7.63 7.57 7.61 7.66 7.70 7.78 7.79 7.82 7.83 7.87 7.91 7.90 7.96 8.03 8.08 8.08 8.14 8.17 8.19 8.20 8.20 8.23 8.31 8.40 8.48 8.53 8.59 8.74 8.83 8.88 8.90 8.88 8.85 8.84 8.81 8.77 8.78 8.80 8.79 8.72 8.66 8.61 8.57 8.58 8.73 8.78 8.62 8.71 8.80 8.83 8.86 8.89 8.91 8.91 8.95 8.95 8.92 8.88 8.77 8.66 8.56 8.46 8.32 8.27 8.20 8.15 8.11 8.12
7.37 7.33 7.29 7.30 7.32 7.34 7.40 7.44 7.47 7.52 7.58 7.63 7.56 7.55 7.60 7.64 7.66 7.74 7.77 7.79 7.81 7.82 7.89 7.90 7.92 8.01 8.09 8.12 8.09 8.06 8.09 8.13 8.19 8.22 8.24 8.30 8.41 8.49 8.56 8.66 8.77 8.86 8.89 8.89 8.87 8.86 8.82 8.71 8.80 8.84 8.82 8.79 8.73 8.65 8.67 8.65 8.74 8.75 8.59 8.57 8.67 8.84 8.88 8.87 8.89 8.94 8.93 8.92 8.94 8.84 8.73 8.63 8.53 8.45 8.35 8.26 8.24 8.24 8.19 8.15
7.32 7.31 7.24 7.25 7.30 7.33 7.36 7.39 7.41 7.48 7.51 7.54 7.54 7.55 7.60 7.61 7.64 7.70 7.76 7.78 7.82 7.85 7.87 7.90 7.96 8.03 8.04 7.98 8.00 8.03 8.08 8.12 8.17 8.19 8.19 8.27 8.38 8.45 8.54 8.61 8.71 8.82 8.87 8.89 8.87 8.88 8.88 8.86 8.84 8.87 8.86 8.85 8.80 8.73 8.69 8.66 8.79 8.77 8.64 8.54 8.62 8.85 8.87 8.87 8.89 8.94 8.90 8.93 8.93 8.78 8.71 8.61 8.51 8.43 8.34 8.29 8.29 8.16 8.19 8.18
