main/data/pressure/17.04.2023.grid
ncols 886
nrows 691
xllcenter 112.0000
yllcenter -44.5000
cellsize 0.0500
nodata_value 99999.90
[rows 490 to 524 of 691, columns 400 to 479 of 886]
16.11 16.11 16.12 16.11 16.12 16.12 16.12 16.12 16.13 16.12 16.12 16.12 16.11 16.12 16.12 16.12 16.11 16.11 16.10 16.10 16.09 16.09 16.09 16.09 16.09 16.08 16.08 16.08 16.08 16.08 16.08 16.08 16.09 16.10 16.10 16.12 16.14 16.16 16.18 16.21 16.25 16.28 16.33 16.37 16.43 16.49 16.53 16.52 16.51 16.49 16.47 16.45 16.43 16.40 16.37 16.35 16.32 16.28 16.25 16.23 16.19 16.16 16.13 16.10 16.07 16.04 16.01 15.99 15.96 15.92 15.89 15.82 15.70 15.71 15.58 15.23 15.10 15.45 15.65 15.74
16.14 16.14 16.14 16.15 16.15 16.15 16.15 16.16 16.15 16.15 16.16 16.16 16.15 16.15 16.15 16.14 16.14 16.14 16.14 16.14 16.13 16.13 16.13 16.13 16.13 16.11 16.12 16.12 16.12 16.12 16.11 16.12 16.13 16.14 16.15 16.16 16.18 16.20 16.23 16.25 16.29 16.34 16.38 16.44 16.50 16.56 16.63 16.63 16.62 16.60 16.58 16.55 16.53 16.50 16.48 16.45 16.42 16.40 16.37 16.34 16.31 16.27 16.25 16.22 16.19 16.16 16.14 16.11 16.10 16.05 15.98 15.97 15.90 15.82 15.57 15.28 15.18 15.41 15.88 15.93
16.17 16.17 16.18 16.18 16.18 16.18 16.19 16.18 16.19 16.19 16.19 16.18 16.19 16.19 16.19 16.18 16.18 16.18 16.18 16.18 16.17 16.17 16.16 16.16 16.16 16.15 16.15 16.15 16.16 16.16 16.16 16.16 16.17 16.18 16.19 16.20 16.22 16.24 16.27 16.31 16.34 16.39 16.44 16.49 16.56 16.63 16.70 16.73 16.72 16.70 16.69 16.66 16.64 16.61 16.59 16.56 16.54 16.50 16.48 16.45 16.42 16.39 16.32 16.32 16.31 16.29 16.26 16.24 16.22 16.21 16.17 16.13 16.05 15.84 15.64 15.45 15.50 15.91 16.06 16.06
16.20 16.20 16.21 16.21 16.21 16.22 16.23 16.22 16.22 16.23 16.23 16.22 16.22 16.22 16.21 16.22 16.22 16.22 16.21 16.20 16.20 16.20 16.20 16.20 16.20 16.20 16.19 16.19 16.19 16.20 16.20 16.20 16.21 16.22 16.23 16.25 16.26 16.29 16.32 16.35 16.39 16.43 16.49 16.55 16.61 16.68 16.77 16.83 16.82 16.81 16.78 16.76 16.74 16.71 16.69 16.66 16.64 16.62 16.58 16.56 16.54 16.50 16.48 16.45 16.43 16.40 16.39 16.36 16.35 16.33 16.29 16.22 16.09 15.94 15.86 15.76 15.84 16.18 16.22 16.15
16.23 16.24 16.25 16.25 16.25 16.26 16.25 16.26 16.26 16.25 16.26 16.26 16.26 16.26 16.25 16.25 16.25 16.25 16.25 16.24 16.24 16.24 16.24 16.24 16.24 16.24 16.23 16.23 16.23 16.24 16.24 16.25 16.25 16.26 16.27 16.29 16.31 16.33 16.36 16.39 16.43 16.48 16.53 16.59 16.66 16.74 16.82 16.90 16.92 16.91 16.89 16.87 16.84 16.82 16.80 16.78 16.74 16.72 16.70 16.67 16.64 16.61 16.59 16.57 16.55 16.52 16.50 16.45 16.47 16.46 16.39 16.32 16.20 16.09 16.04 16.02 15.87 16.37 16.36 16.17
16.27 16.27 16.27 16.28 16.29 16.28 16.29 16.29 16.30 16.29 16.29 16.30 16.30 16.29 16.29 16.29 16.29 16.29 16.29 16.28 16.28 16.28 16.28 16.28 16.28 16.27 16.27 16.27 16.27 16.28 16.28 16.29 16.30 16.30 16.31 16.33 16.35 16.37 16.41 16.43 16.47 16.52 16.58 16.64 16.70 16.78 16.87 16.96 17.01 17.00 16.99 16.97 16.94 16.92 16.90 16.88 16.85 16.83 16.80 16.77 16.75 16.72 16.70 16.68 16.66 16.64 16.62 16.61 16.58 16.57 16.45 16.46 16.40 16.30 16.26 16.30 16.34 16.52 16.04 16.31
16.30 16.30 16.31 16.31 16.32 16.32 16.33 16.32 16.32 16.33 16.33 16.33 16.32 16.33 16.33 16.33 16.33 16.33 16.32 16.32 16.32 16.32 16.32 16.32 16.31 16.31 16.31 16.31 16.31 16.31 16.32 16.33 16.33 16.33 16.35 16.37 16.39 16.41 16.44 16.48 16.51 16.56 16.61 16.68 16.75 16.83 16.90 17.00 17.08 17.10 17.09 17.06 17.04 17.02 17.00 16.98 16.95 16.93 16.91 16.88 16.86 16.84 16.81 16.80 16.77 16.75 16.73 16.72 16.71 16.70 16.55 16.66 16.58 16.47 16.43 16.51 16.64 16.64 16.62 16.61
16.33 16.33 16.34 16.35 16.35 16.36 16.35 16.36 16.36 16.37 16.36 16.36 16.36 16.36 16.37 16.36 16.36 16.36 16.36 16.36 16.36 16.36 16.36 16.36 16.35 16.35 16.35 16.35 16.35 16.35 16.36 16.36 16.36 16.37 16.39 16.40 16.42 16.45 16.48 16.51 16.55 16.60 16.65 16.71 16.78 16.86 16.94 17.04 17.13 17.18 17.17 17.15 17.14 17.12 17.09 17.07 17.05 17.03 17.00 16.98 16.96 16.93 16.92 16.90 16.88 16.86 16.85 16.83 16.82 16.81 16.80 16.79 16.76 16.63 16.65 16.77 16.77 16.64 16.65 16.64
16.36 16.37 16.38 16.38 16.38 16.39 16.39 16.40 16.39 16.39 16.40 16.40 16.40 16.40 16.39 16.40 16.40 16.40 16.40 16.40 16.40 16.39 16.39 16.39 16.39 16.39 16.39 16.39 16.39 16.39 16.40 16.40 16.41 16.41 16.42 16.44 16.46 16.48 16.51 16.55 16.59 16.63 16.69 16.74 16.80 16.88 16.96 17.06 17.16 17.24 17.26 17.25 17.23 17.21 17.19 17.17 17.15 17.12 17.10 17.08 17.06 17.04 17.02 17.00 16.99 16.97 16.96 16.94 16.93 16.92 16.91 16.90 16.89 16.86 16.89 16.89 16.88 16.88 16.80 16.41
16.40 16.41 16.41 16.41 16.42 16.43 16.42 16.43 16.43 16.43 16.44 16.43 16.43 16.43 16.43 16.44 16.44 16.44 16.44 16.44 16.43 16.43 16.43 16.43 16.43 16.43 16.43 16.43 16.43 16.43 16.44 16.43 16.44 16.45 16.46 16.48 16.50 16.52 16.55 16.58 16.62 16.66 16.71 16.77 16.84 16.91 16.99 17.08 17.17 17.27 17.33 17.33 17.32 17.30 17.28 17.26 17.24 17.22 17.20 17.18 17.16 17.14 17.12 17.10 17.09 17.08 17.07 17.05 17.03 17.02 17.03 17.02 17.01 17.00 16.79 17.00 17.00 16.99 16.98 16.90
16.43 16.44 16.45 16.45 16.45 16.45 16.46 16.46 16.47 16.46 16.47 16.47 16.47 16.47 16.47 16.48 16.48 16.47 16.47 16.47 16.47 16.47 16.47 16.47 16.47 16.47 16.47 16.47 16.46 16.46 16.47 16.47 16.48 16.49 16.50 16.51 16.53 16.55 16.58 16.61 16.65 16.69 16.74 16.79 16.85 16.92 17.00 17.09 17.18 17.28 17.37 17.41 17.40 17.38 17.36 17.35 17.33 17.31 17.29 17.28 17.25 17.24 17.22 17.21 17.19 17.18 17.17 17.16 17.15 17.14 17.13 17.12 17.12 17.11 17.11 17.11 17.11 17.10 17.10 17.09
16.47 16.47 16.47 16.48 16.49 16.49 16.49 16.49 16.50 16.50 16.51 16.51 16.50 16.50 16.50 16.51 16.51 16.51 16.51 16.51 16.51 16.51 16.51 16.51 16.50 16.50 16.50 16.50 16.50 16.50 16.51 16.51 16.52 16.52 16.54 16.55 16.57 16.59 16.61 16.64 16.67 16.71 16.76 16.81 16.87 16.93 17.01 17.09 17.18 17.27 17.38 17.47 17.49 17.47 17.45 17.43 17.42 17.40 17.38 17.37 17.35 17.34 17.32 17.31 17.29 17.27 17.27 17.26 17.25 17.24 17.24 17.24 17.24 17.23 17.23 17.23 17.23 17.23 17.23 17.22
16.50 16.51 16.51 16.51 16.52 16.52 16.53 16.53 16.54 16.54 16.54 16.54 16.54 16.54 16.54 16.55 16.55 16.55 16.55 16.55 16.54 16.54 16.54 16.54 16.54 16.54 16.54 16.54 16.54 16.54 16.54 16.55 16.55 16.56 16.57 16.58 16.60 16.62 16.64 16.67 16.70 16.73 16.78 16.82 16.88 16.94 17.01 17.08 17.18 17.27 17.36 17.46 17.54 17.55 17.54 17.52 17.50 17.49 17.47 17.45 17.44 17.42 17.41 17.40 17.39 17.37 17.37 17.36 17.35 17.35 17.34 17.34 17.35 17.35 17.35 17.35 17.34 17.35 17.35 17.35
16.53 16.54 16.54 16.55 16.56 16.55 16.56 16.56 16.57 16.57 16.58 16.58 16.58 16.58 16.58 16.58 16.58 16.58 16.58 16.58 16.58 16.58 16.58 16.58 16.58 16.58 16.58 16.58 16.58 16.58 16.58 16.59 16.59 16.60 16.61 16.62 16.63 16.65 16.67 16.69 16.72 16.76 16.80 16.84 16.89 16.95 17.02 17.09 17.17 17.25 17.34 17.43 17.54 17.61 17.61 17.60 17.59 17.57 17.56 17.54 17.53 17.51 17.50 17.50 17.48 17.47 17.47 17.46 17.46 17.45 17.45 17.45 17.45 17.45 17.47 17.46 17.47 17.47 17.48 17.48
16.57 16.57 16.58 16.58 16.59 16.59 16.60 16.61 16.61 16.60 16.61 16.61 16.61 16.61 16.62 16.62 16.62 16.62 16.62 16.62 16.62 16.62 16.62 16.61 16.61 16.61 16.61 16.61 16.61 16.62 16.62 16.63 16.63 16.64 16.65 16.65 16.67 16.68 16.70 16.72 16.75 16.78 16.81 16.85 16.90 16.96 17.02 17.08 17.15 17.23 17.31 17.41 17.50 17.59 17.66 17.68 17.67 17.66 17.64 17.63 17.61 17.61 17.59 17.58 17.58 17.57 17.57 17.57 17.56 17.56 17.56 17.56 17.57 17.57 17.58 17.58 17.59 17.60 17.61 17.61
16.60 16.61 16.62 16.61 16.62 16.63 16.63 16.64 16.64 16.64 16.65 16.65 16.64 16.66 16.65 16.65 16.65 16.65 16.65 16.65 16.65 16.65 16.65 16.65 16.65 16.65 16.65 16.65 16.65 16.65 16.65 16.66 16.66 16.67 16.67 16.69 16.70 16.71 16.73 16.75 16.77 16.80 16.83 16.87 16.91 16.96 17.02 17.07 17.14 17.21 17.29 17.37 17.46 17.55 17.65 17.72 17.74 17.73 17.73 17.71 17.71 17.69 17.69 17.68 17.68 17.66 17.66 17.66 17.66 17.66 17.67 17.67 17.68 17.68 17.70 17.70 17.71 17.72 17.73 17.74
16.63 16.64 16.65 16.66 16.66 16.67 16.66 16.67 16.67 16.68 16.68 16.68 16.69 16.69 16.69 16.69 16.69 16.69 16.69 16.69 16.69 16.69 16.69 16.69 16.69 16.69 16.69 16.69 16.69 16.69 16.70 16.70 16.70 16.70 16.71 16.72 16.73 16.74 16.76 16.78 16.80 16.82 16.85 16.88 16.92 16.96 17.01 17.07 17.12 17.18 17.26 17.33 17.41 17.50 17.59 17.68 17.76 17.79 17.81 17.79 17.79 17.78 17.77 17.77 17.77 17.77 17.77 17.77 17.77 17.77 17.79 17.79 17.80 17.81 17.82 17.83 17.84 17.85 17.85 17.86
16.66 16.67 16.68 16.69 16.69 16.70 16.71 16.71 16.71 16.71 16.71 16.72 16.72 16.72 16.72 16.72 16.73 16.73 16.73 16.73 16.73 16.73 16.73 16.73 16.73 16.73 16.73 16.72 16.72 16.74 16.74 16.74 16.74 16.74 16.75 16.75 16.76 16.77 16.78 16.80 16.82 16.84 16.87 16.90 16.93 16.96 17.01 17.06 17.11 17.16 17.23 17.30 17.37 17.45 17.53 17.62 17.71 17.80 17.85 17.88 17.87 17.87 17.87 17.86 17.86 17.87 17.87 17.88 17.88 17.89 17.90 17.91 17.92 17.92 17.94 17.95 17.96 17.97 17.98 17.99
16.71 16.70 16.71 16.72 16.73 16.73 16.74 16.74 16.75 16.75 16.75 16.76 16.76 16.76 16.76 16.77 16.77 16.77 16.77 16.77 16.77 16.77 16.77 16.77 16.77 16.77 16.77 16.77 16.77 16.77 16.77 16.77 16.77 16.77 16.79 16.79 16.80 16.80 16.81 16.83 16.84 16.86 16.89 16.91 16.94 16.97 17.01 17.05 17.10 17.15 17.21 17.27 17.33 17.40 17.47 17.56 17.64 17.73 17.81 17.89 17.93 17.95 17.96 17.96 17.96 17.97 17.97 17.98 17.99 18.00 18.01 18.02 18.03 18.05 18.06 18.07 18.08 18.10 18.09 18.10
16.74 16.75 16.75 16.75 16.76 16.76 16.77 16.78 16.78 16.78 16.79 16.79 16.79 16.80 16.80 16.80 16.80 16.80 16.80 16.80 16.80 16.80 16.80 16.80 16.80 16.80 16.80 16.80 16.80 16.81 16.81 16.81 16.81 16.81 16.81 16.82 16.82 16.83 16.85 16.86 16.87 16.88 16.90 16.93 16.95 16.98 17.01 17.05 17.09 17.13 17.19 17.24 17.29 17.36 17.42 17.50 17.57 17.65 17.73 17.83 17.91 17.99 18.04 18.05 18.06 18.07 18.08 18.10 18.10 18.11 18.13 18.14 18.16 18.18 18.18 18.19 18.20 18.22 18.21 18.22
16.77 16.78 16.79 16.79 16.80 16.81 16.80 16.82 16.81 16.82 16.82 16.82 16.83 16.83 16.83 16.83 16.83 16.84 16.84 16.84 16.84 16.84 16.84 16.85 16.84 16.84 16.84 16.84 16.84 16.84 16.84 16.84 16.84 16.85 16.85 16.86 16.86 16.86 16.87 16.89 16.90 16.91 16.92 16.94 16.97 16.99 17.02 17.04 17.09 17.12 17.16 17.21 17.26 17.32 17.38 17.45 17.51 17.58 17.66 17.75 17.83 17.93 18.03 18.10 18.15 18.18 18.19 18.20 18.22 18.24 18.26 18.26 18.28 18.30 18.30 18.32 18.33 18.33 18.33 18.33
16.80 16.81 16.82 16.83 16.83 16.84 16.85 16.85 16.86 16.86 16.86 16.87 16.87 16.87 16.87 16.88 16.88 16.88 16.88 16.88 16.88 16.88 16.88 16.88 16.88 16.88 16.88 16.88 16.87 16.88 16.88 16.88 16.88 16.88 16.88 16.88 16.89 16.90 16.90 16.91 16.92 16.93 16.95 16.96 16.98 16.99 17.03 17.05 17.08 17.12 17.15 17.20 17.24 17.28 17.34 17.39 17.46 17.52 17.60 17.67 17.76 17.85 17.94 18.05 18.16 18.25 18.29 18.32 18.34 18.36 18.38 18.40 18.41 18.42 18.43 18.44 18.44 18.45 18.44 18.43
16.84 16.85 16.85 16.86 16.87 16.87 16.88 16.89 16.89 16.89 16.90 16.90 16.90 16.91 16.91 16.91 16.91 16.91 16.91 16.91 16.91 16.91 16.91 16.91 16.91 16.92 16.92 16.92 16.92 16.92 16.91 16.91 16.91 16.92 16.92 16.92 16.92 16.93 16.93 16.94 16.95 16.96 16.96 16.98 17.00 17.01 17.04 17.06 17.08 17.11 17.14 17.17 17.22 17.26 17.30 17.36 17.42 17.47 17.54 17.61 17.69 17.77 17.87 17.98 18.09 18.21 18.33 18.41 18.46 18.49 18.50 18.52 18.53 18.55 18.55 18.56 18.56 18.56 18.55 18.53
16.87 16.88 16.89 16.90 16.90 16.91 16.91 16.92 16.92 16.93 16.93 16.93 16.94 16.94 16.94 16.94 16.95 16.95 16.95 16.95 16.95 16.95 16.96 16.96 16.96 16.95 16.95 16.95 16.95 16.95 16.95 16.96 16.95 16.95 16.95 16.95 16.95 16.96 16.97 16.97 16.97 16.99 16.99 17.00 17.01 17.03 17.05 17.06 17.09 17.11 17.14 17.17 17.20 17.24 17.28 17.33 17.37 17.43 17.49 17.56 17.63 17.72 17.80 17.91 18.02 18.14 18.28 18.41 18.54 18.61 18.63 18.65 18.66 18.67 18.68 18.68 18.67 18.67 18.65 18.63
16.91 16.92 16.92 16.93 16.94 16.94 16.95 16.95 16.96 16.96 16.97 16.97 16.97 16.97 16.98 16.98 16.98 16.98 16.99 16.99 16.99 16.99 16.99 16.99 16.99 16.99 16.99 16.99 16.99 16.99 16.99 16.99 16.99 16.99 16.99 16.99 16.99 16.99 16.99 17.00 17.01 17.01 17.01 17.03 17.04 17.04 17.07 17.08 17.09 17.12 17.14 17.16 17.19 17.22 17.26 17.30 17.35 17.39 17.45 17.51 17.59 17.66 17.75 17.84 17.95 18.08 18.21 18.36 18.52 18.67 18.74 18.78 18.78 18.79 18.80 18.80 18.79 18.77 18.76 18.73
16.94 16.95 16.96 16.96 16.97 16.98 16.98 16.99 16.99 17.00 17.00 17.00 17.01 17.01 17.01 17.01 17.01 17.02 17.03 17.03 17.03 17.03 17.03 17.02 17.02 17.02 17.03 17.03 17.03 17.03 17.02 17.02 17.02 17.03 17.03 17.02 17.02 17.03 17.03 17.03 17.03 17.04 17.05 17.05 17.05 17.07 17.08 17.09 17.11 17.12 17.14 17.16 17.18 17.22 17.25 17.29 17.32 17.37 17.42 17.48 17.54 17.62 17.70 17.80 17.90 18.02 18.15 18.30 18.46 18.64 18.80 18.88 18.91 18.91 18.91 18.90 18.89 18.87 18.86 18.83
16.98 16.98 16.99 17.00 17.01 17.01 17.02 17.02 17.03 17.03 17.03 17.04 17.04 17.05 17.06 17.06 17.06 17.06 17.06 17.06 17.06 17.06 17.06 17.06 17.07 17.07 17.07 17.06 17.06 17.06 17.06 17.07 17.06 17.06 17.06 17.06 17.06 17.06 17.06 17.06 17.07 17.07 17.07 17.08 17.09 17.09 17.10 17.11 17.12 17.14 17.15 17.16 17.19 17.21 17.24 17.27 17.30 17.35 17.39 17.45 17.51 17.58 17.66 17.75 17.85 17.97 18.09 18.24 18.40 18.59 18.78 18.95 19.01 19.02 19.02 19.01 18.99 18.98 18.95 18.92
17.01 17.02 17.03 17.03 17.04 17.05 17.05 17.06 17.06 17.07 17.07 17.08 17.08 17.09 17.09 17.09 17.09 17.09 17.10 17.10 17.10 17.10 17.10 17.10 17.10 17.10 17.10 17.10 17.10 17.09 17.10 17.10 17.10 17.09 17.09 17.10 17.10 17.09 17.09 17.10 17.10 17.10 17.11 17.11 17.11 17.11 17.12 17.13 17.14 17.15 17.16 17.18 17.19 17.21 17.24 17.26 17.30 17.33 17.38 17.43 17.49 17.55 17.63 17.71 17.80 17.92 18.04 18.19 18.35 18.52 18.72 18.93 19.09 19.13 19.13 19.12 19.09 19.07 19.04 19.00
17.05 17.06 17.06 17.07 17.08 17.08 17.09 17.09 17.10 17.10 17.10 17.11 17.12 17.12 17.13 17.13 17.13 17.13 17.13 17.13 17.13 17.14 17.14 17.14 17.14 17.14 17.13 17.13 17.14 17.14 17.14 17.13 17.13 17.14 17.13 17.13 17.13 17.14 17.13 17.13 17.13 17.14 17.13 17.13 17.14 17.14 17.14 17.15 17.16 17.16 17.18 17.19 17.20 17.22 17.24 17.27 17.29 17.33 17.37 17.41 17.47 17.52 17.60 17.68 17.77 17.88 18.00 18.14 18.29 18.46 18.65 18.87 19.08 19.21 19.22 19.21 19.19 19.16 19.14 19.10
17.08 17.09 17.10 17.11 17.11 17.12 17.12 17.13 17.13 17.14 17.14 17.14 17.16 17.16 17.16 17.16 17.16 17.16 17.17 17.17 17.17 17.18 17.17 17.17 17.17 17.17 17.17 17.17 17.18 17.17 17.17 17.17 17.16 17.17 17.17 17.16 17.16 17.17 17.16 17.16 17.17 17.17 17.16 17.16 17.17 17.17 17.17 17.18 17.18 17.18 17.20 17.20 17.22 17.23 17.25 17.27 17.29 17.33 17.36 17.41 17.45 17.51 17.58 17.65 17.75 17.84 17.96 18.08 18.24 18.40 18.58 18.79 19.01 19.22 19.31 19.31 19.28 19.25 19.22 19.18
17.12 17.13 17.13 17.14 17.15 17.15 17.16 17.16 17.17 17.17 17.18 17.18 17.19 17.19 17.20 17.20 17.20 17.20 17.20 17.20 17.20 17.21 17.21 17.21 17.21 17.21 17.20 17.21 17.21 17.21 17.20 17.20 17.21 17.21 17.20 17.20 17.20 17.20 17.20 17.19 17.20 17.20 17.19 17.20 17.20 17.19 17.20 17.20 17.20 17.21 17.22 17.22 17.24 17.24 17.27 17.28 17.30 17.33 17.36 17.40 17.44 17.49 17.56 17.63 17.71 17.81 17.92 18.04 18.18 18.34 18.52 18.71 18.93 19.16 19.34 19.39 19.37 19.33 19.29 19.25
17.16 17.16 17.17 17.18 17.18 17.19 17.19 17.20 17.20 17.21 17.21 17.21 17.23 17.23 17.23 17.23 17.23 17.24 17.24 17.24 17.25 17.25 17.25 17.24 17.24 17.24 17.24 17.25 17.25 17.24 17.24 17.24 17.24 17.24 17.24 17.24 17.24 17.23 17.23 17.24 17.23 17.23 17.23 17.23 17.23 17.22 17.23 17.23 17.23 17.24 17.24 17.25 17.25 17.26 17.28 17.29 17.31 17.34 17.36 17.40 17.44 17.48 17.55 17.61 17.69 17.78 17.88 18.00 18.13 18.27 18.44 18.62 18.83 19.05 19.28 19.43 19.44 19.42 19.38 19.33
17.19 17.20 17.21 17.21 17.22 17.23 17.23 17.24 17.24 17.24 17.25 17.25 17.26 17.27 17.27 17.27 17.27 17.27 17.27 17.27 17.27 17.28 17.28 17.28 17.28 17.28 17.28 17.28 17.28 17.28 17.27 17.28 17.28 17.27 17.27 17.28 17.27 17.27 17.26 17.27 17.26 17.26 17.26 17.26 17.26 17.25 17.26 17.26 17.25 17.26 17.26 17.27 17.27 17.28 17.30 17.31 17.33 17.35 17.37 17.40 17.44 17.48 17.54 17.60 17.66 17.75 17.85 17.96 18.08 18.21 18.37 18.54 18.73 18.94 19.17 19.38 19.49 19.48 19.44 19.40
17.23 17.24 17.24 17.25 17.26 17.26 17.27 17.27 17.28 17.28 17.28 17.29 17.29 17.30 17.30 17.30 17.31 17.31 17.31 17.31 17.32 17.32 17.32 17.32 17.31 17.31 17.32 17.32 17.32 17.31 17.31 17.32 17.31 17.31 17.30 17.31 17.31 17.30 17.30 17.30 17.30 17.29 17.30 17.29 17.29 17.29 17.29 17.28 17.29 17.29 17.29 17.30 17.30 17.30 17.31 17.32 17.33 17.36 17.38 17.41 17.44 17.48 17.52 17.58 17.65 17.72 17.81 17.92 18.03 18.16 18.30 18.46 18.64 18.82 19.03 19.26 19.45 19.54 19.52 19.47
17.26 17.26 17.27 17.29 17.29 17.30 17.30 17.31 17.31 17.32 17.32 17.32 17.33 17.33 17.33 17.34 17.34 17.34 17.34 17.34 17.34 17.35 17.35 17.35 17.35 17.35 17.36 17.35 17.35 17.35 17.34 17.35 17.35 17.34 17.34 17.34 17.34 17.34 17.34 17.34 17.33 17.32 17.33 17.32 17.32 17.32 17.32 17.31 17.32 17.32 17.31 17.32 17.32 17.32 17.34 17.34 17.35 17.37 17.39 17.41 17.45 17.48 17.52 17.58 17.63 17.70 17.78 17.87 17.97 18.09 18.22 18.37 18.53 18.71 18.90 19.10 19.33 19.51 19.56 19.54
