main/data/pressure/17.01.2023.grid
ncols 886
nrows 691
xllcenter 112.0000
yllcenter -44.5000
cellsize 0.0500
nodata_value 99999.90
[rows 578 to 611 of 691, columns 462 to 538 of 886]
15.23 15.18 15.13 15.08 15.03 14.99 14.94 14.88 14.84 14.79 14.74 14.70 14.65 14.61 14.55 14.51 14.46 14.42 14.38 14.33 14.29 14.25 14.21 14.16 14.12 14.08 14.04 14.00 13.96 13.93 13.89 13.86 13.82 13.79 13.76 13.73 13.70 13.67 13.64 13.61 13.59 13.56 13.54 13.52 13.50 13.48 13.46 13.44 13.42 13.41 13.40 13.39 13.38 13.37 13.36 13.36 13.35 13.35 13.36 13.36 13.36 13.37 13.37 13.38 13.38 13.39 13.41 13.42 13.44 13.45 13.47 13.49 13.51 13.54 13.56 13.59 13.61
15.16 15.11 15.06 15.01 14.97 14.92 14.86 14.82 14.77 14.72 14.68 14.63 14.57 14.53 14.48 14.44 14.39 14.35 14.31 14.26 14.21 14.17 14.13 14.09 14.05 14.01 13.97 13.93 13.89 13.86 13.82 13.79 13.75 13.72 13.69 13.66 13.63 13.60 13.57 13.54 13.52 13.49 13.47 13.45 13.43 13.41 13.39 13.37 13.36 13.35 13.33 13.32 13.31 13.31 13.30 13.30 13.29 13.29 13.29 13.30 13.30 13.30 13.32 13.32 13.34 13.35 13.37 13.37 13.39 13.41 13.43 13.45 13.47 13.49 13.52 13.55 13.57
15.09 15.04 15.00 14.95 14.89 14.84 14.80 14.75 14.70 14.65 14.60 14.55 14.50 14.46 14.41 14.37 14.32 14.28 14.22 14.18 14.14 14.10 14.05 14.01 13.97 13.93 13.90 13.86 13.82 13.78 13.75 13.71 13.68 13.65 13.62 13.58 13.56 13.53 13.50 13.47 13.45 13.42 13.40 13.38 13.36 13.34 13.33 13.31 13.30 13.28 13.27 13.26 13.25 13.25 13.24 13.24 13.24 13.24 13.24 13.24 13.24 13.26 13.26 13.28 13.29 13.29 13.31 13.32 13.34 13.36 13.38 13.40 13.43 13.45 13.48 13.51 13.54
15.03 14.97 14.92 14.87 14.82 14.77 14.73 14.68 14.62 14.57 14.53 14.48 14.43 14.39 14.34 14.30 14.24 14.20 14.15 14.11 14.07 14.02 13.98 13.94 13.90 13.86 13.82 13.78 13.75 13.71 13.68 13.64 13.61 13.58 13.54 13.51 13.47 13.46 13.43 13.40 13.38 13.36 13.33 13.31 13.29 13.28 13.26 13.25 13.23 13.22 13.21 13.20 13.19 13.19 13.18 13.18 13.18 13.18 13.18 13.18 13.19 13.20 13.21 13.22 13.23 13.24 13.26 13.29 13.29 13.31 13.34 13.36 13.39 13.41 13.44 13.47 13.50
14.95 14.90 14.85 14.80 14.75 14.71 14.65 14.60 14.55 14.50 14.46 14.41 14.36 14.30 14.26 14.21 14.17 14.12 14.08 14.04 13.99 13.95 13.91 13.87 13.83 13.79 13.74 13.71 13.66 13.63 13.59 13.56 13.53 13.49 13.46 13.43 13.40 13.38 13.35 13.32 13.30 13.29 13.27 13.25 13.23 13.21 13.20 13.18 13.17 13.16 13.15 13.14 13.13 13.13 13.12 13.12 13.12 13.12 13.13 13.13 13.14 13.14 13.15 13.17 13.18 13.19 13.21 13.24 13.26 13.28 13.29 13.32 13.35 13.37 13.40 13.43 13.46
14.88 14.83 14.78 14.72 14.67 14.63 14.58 14.53 14.48 14.43 14.38 14.33 14.28 14.23 14.19 14.14 14.09 14.05 14.01 13.96 13.92 13.88 13.84 13.78 13.74 13.70 13.67 13.63 13.59 13.56 13.52 13.49 13.45 13.42 13.39 13.36 13.33 13.31 13.28 13.26 13.23 13.21 13.19 13.17 13.15 13.14 13.13 13.12 13.11 13.09 13.09 13.08 13.07 13.07 13.07 13.06 13.06 13.07 13.07 13.08 13.08 13.09 13.10 13.12 13.13 13.15 13.16 13.18 13.21 13.23 13.26 13.29 13.31 13.33 13.36 13.40 13.43
14.80 14.75 14.70 14.65 14.60 14.55 14.51 14.46 14.40 14.35 14.30 14.25 14.21 14.16 14.11 14.07 14.02 13.97 13.92 13.88 13.84 13.79 13.75 13.71 13.67 13.63 13.59 13.56 13.52 13.48 13.45 13.41 13.38 13.35 13.32 13.29 13.26 13.24 13.21 13.19 13.16 13.14 13.12 13.10 13.09 13.07 13.06 13.04 13.04 13.03 13.02 13.02 13.01 13.01 13.01 13.01 13.01 13.01 13.02 13.02 13.03 13.04 13.06 13.07 13.08 13.10 13.12 13.14 13.16 13.19 13.21 13.24 13.28 13.30 13.34 13.37 13.40
14.73 14.68 14.63 14.57 14.52 14.47 14.42 14.37 14.33 14.28 14.23 14.18 14.13 14.08 14.03 13.98 13.94 13.89 13.85 13.80 13.76 13.72 13.68 13.64 13.60 13.56 13.52 13.48 13.45 13.41 13.38 13.34 13.31 13.28 13.25 13.22 13.19 13.17 13.14 13.12 13.10 13.08 13.06 13.04 13.02 13.01 12.99 12.98 12.97 12.96 12.96 12.96 12.96 12.95 12.95 12.95 12.96 12.96 12.97 12.97 12.98 12.99 13.01 13.02 13.04 13.06 13.08 13.10 13.12 13.14 13.17 13.20 13.23 13.26 13.29 13.33 13.37
14.65 14.60 14.55 14.50 14.45 14.40 14.35 14.30 14.25 14.20 14.14 14.10 14.05 14.00 13.95 13.91 13.86 13.82 13.77 13.73 13.69 13.64 13.60 13.56 13.52 13.48 13.45 13.40 13.37 13.34 13.29 13.26 13.23 13.21 13.18 13.15 13.12 13.10 13.07 13.05 13.03 13.01 12.99 12.97 12.96 12.94 12.93 12.92 12.91 12.90 12.90 12.89 12.89 12.89 12.90 12.90 12.90 12.91 12.91 12.92 12.93 12.95 12.96 12.97 12.99 13.01 13.03 13.05 13.08 13.10 13.13 13.16 13.19 13.22 13.27 13.29 13.34
14.58 14.53 14.48 14.43 14.38 14.32 14.27 14.22 14.17 14.12 14.07 14.02 13.97 13.93 13.88 13.83 13.79 13.74 13.70 13.64 13.60 13.56 13.52 13.48 13.44 13.40 13.36 13.32 13.29 13.25 13.22 13.19 13.16 13.13 13.10 13.07 13.04 13.02 13.00 12.97 12.96 12.94 12.93 12.91 12.89 12.88 12.87 12.86 12.85 12.84 12.84 12.83 12.83 12.83 12.83 12.83 12.84 12.86 12.86 12.87 12.88 12.90 12.91 12.93 12.95 12.97 12.99 13.01 13.04 13.07 13.09 13.12 13.16 13.19 13.23 13.27 13.30
14.50 14.45 14.40 14.35 14.29 14.24 14.19 14.14 14.09 14.04 13.99 13.95 13.89 13.84 13.79 13.75 13.70 13.66 13.61 13.57 13.53 13.48 13.44 13.40 13.36 13.33 13.29 13.25 13.22 13.18 13.15 13.12 13.09 13.06 13.03 13.00 12.98 12.95 12.93 12.91 12.89 12.87 12.85 12.84 12.83 12.82 12.81 12.80 12.79 12.78 12.78 12.78 12.78 12.78 12.78 12.78 12.79 12.80 12.80 12.81 12.84 12.85 12.87 12.89 12.90 12.93 12.95 12.97 13.00 13.03 13.06 13.09 13.12 13.16 13.19 13.23 13.28
14.43 14.38 14.32 14.27 14.22 14.17 14.12 14.06 14.01 13.96 13.91 13.86 13.81 13.76 13.72 13.67 13.63 13.58 13.54 13.49 13.45 13.41 13.37 13.33 13.29 13.25 13.21 13.18 13.14 13.11 13.08 13.05 13.02 12.99 12.96 12.93 12.91 12.88 12.86 12.84 12.82 12.80 12.79 12.77 12.76 12.75 12.74 12.74 12.72 12.73 12.72 12.72 12.72 12.72 12.73 12.73 12.74 12.75 12.76 12.77 12.78 12.80 12.82 12.84 12.86 12.89 12.91 12.93 12.96 12.99 13.02 13.05 13.09 13.12 13.16 13.20 13.24
14.37 14.30 14.24 14.19 14.14 14.09 14.03 13.98 13.93 13.88 13.83 13.78 13.74 13.69 13.64 13.59 13.54 13.49 13.45 13.41 13.37 13.32 13.28 13.24 13.20 13.17 13.13 13.09 13.06 13.03 13.00 12.96 12.93 12.91 12.88 12.86 12.84 12.82 12.79 12.78 12.76 12.74 12.72 12.71 12.70 12.69 12.68 12.67 12.66 12.66 12.66 12.66 12.67 12.67 12.67 12.68 12.69 12.70 12.71 12.72 12.74 12.75 12.77 12.79 12.82 12.85 12.87 12.90 12.93 12.96 12.99 13.02 13.06 13.09 13.13 13.17 13.21
14.36 14.25 14.18 14.11 14.06 14.01 13.96 13.91 13.86 13.80 13.75 13.70 13.65 13.60 13.56 13.51 13.46 13.42 13.37 13.33 13.29 13.25 13.21 13.17 13.13 13.09 13.06 13.02 12.99 12.96 12.92 12.89 12.86 12.84 12.81 12.79 12.76 12.74 12.72 12.70 12.69 12.68 12.66 12.65 12.64 12.63 12.62 12.61 12.61 12.60 12.60 12.60 12.60 12.61 12.62 12.63 12.64 12.65 12.66 12.68 12.69 12.71 12.73 12.75 12.77 12.80 12.82 12.86 12.89 12.92 12.95 12.99 13.03 13.06 13.10 13.14 13.19
14.40 14.27 14.15 14.05 13.98 13.92 13.87 13.82 13.77 13.72 13.67 13.62 13.57 13.53 13.48 13.43 13.39 13.34 13.30 13.26 13.21 13.17 13.13 13.09 13.06 13.02 12.98 12.95 12.92 12.88 12.85 12.82 12.79 12.77 12.74 12.72 12.69 12.67 12.65 12.64 12.62 12.60 12.59 12.58 12.57 12.57 12.56 12.56 12.55 12.55 12.55 12.55 12.55 12.56 12.56 12.57 12.58 12.60 12.62 12.63 12.65 12.67 12.69 12.71 12.73 12.76 12.79 12.82 12.86 12.88 12.92 12.96 13.00 13.03 13.08 13.12 13.16
14.45 14.33 14.20 14.07 13.95 13.86 13.80 13.74 13.68 13.63 13.58 13.53 13.49 13.44 13.39 13.35 13.30 13.26 13.21 13.17 13.13 13.09 13.05 13.01 12.97 12.94 12.90 12.87 12.83 12.80 12.77 12.74 12.72 12.69 12.66 12.64 12.63 12.61 12.59 12.57 12.56 12.54 12.53 12.52 12.51 12.50 12.49 12.49 12.49 12.49 12.50 12.50 12.50 12.51 12.52 12.53 12.54 12.55 12.56 12.58 12.61 12.63 12.65 12.67 12.70 12.72 12.75 12.78 12.81 12.85 12.88 12.93 12.97 13.01 13.05 13.09 13.14
14.49 14.37 14.25 14.12 13.99 13.86 13.74 13.67 13.61 13.56 13.51 13.46 13.41 13.36 13.31 13.27 13.22 13.18 13.14 13.09 13.05 13.01 12.97 12.94 12.90 12.86 12.83 12.79 12.76 12.73 12.70 12.67 12.65 12.62 12.60 12.57 12.55 12.53 12.52 12.50 12.49 12.48 12.47 12.46 12.45 12.44 12.44 12.43 12.43 12.43 12.43 12.44 12.45 12.46 12.47 12.48 12.49 12.50 12.52 12.54 12.56 12.58 12.61 12.63 12.66 12.69 12.72 12.75 12.78 12.82 12.85 12.89 12.93 12.97 13.02 13.07 13.11
14.54 14.43 14.31 14.19 14.06 13.93 13.79 13.66 13.54 13.47 13.43 13.37 13.32 13.27 13.23 13.18 13.14 13.09 13.05 13.01 12.97 12.93 12.89 12.85 12.81 12.78 12.75 12.71 12.68 12.65 12.63 12.60 12.58 12.55 12.53 12.51 12.49 12.47 12.45 12.44 12.42 12.41 12.40 12.39 12.38 12.38 12.38 12.38 12.38 12.38 12.38 12.39 12.39 12.40 12.41 12.43 12.45 12.46 12.48 12.50 12.52 12.54 12.56 12.59 12.62 12.65 12.69 12.72 12.75 12.79 12.83 12.86 12.90 12.95 12.99 13.04 13.09
14.58 14.47 14.36 14.24 14.12 13.99 13.86 13.72 13.58 13.44 13.36 13.29 13.24 13.20 13.15 13.10 13.06 13.02 12.97 12.93 12.89 12.85 12.81 12.78 12.74 12.71 12.67 12.64 12.61 12.58 12.55 12.53 12.50 12.48 12.45 12.43 12.41 12.40 12.39 12.38 12.36 12.35 12.34 12.33 12.33 12.32 12.32 12.32 12.32 12.33 12.33 12.34 12.35 12.36 12.37 12.38 12.39 12.41 12.44 12.46 12.48 12.50 12.53 12.55 12.58 12.61 12.64 12.68 12.71 12.76 12.80 12.84 12.88 12.92 12.97 13.02 13.06
14.62 14.52 14.42 14.30 14.19 14.07 13.94 13.79 13.66 13.51 13.36 13.24 13.16 13.11 13.06 13.02 12.97 12.93 12.89 12.85 12.81 12.77 12.74 12.70 12.66 12.62 12.60 12.57 12.54 12.51 12.48 12.46 12.43 12.41 12.39 12.37 12.35 12.33 12.32 12.31 12.29 12.29 12.28 12.28 12.27 12.27 12.27 12.27 12.27 12.27 12.28 12.28 12.29 12.31 12.32 12.34 12.35 12.37 12.39 12.41 12.43 12.46 12.49 12.52 12.55 12.58 12.62 12.65 12.69 12.72 12.77 12.81 12.86 12.90 12.95 13.00 13.04
14.66 14.56 14.46 14.35 14.24 14.13 14.00 13.87 13.74 13.60 13.45 13.30 13.16 13.06 12.99 12.94 12.90 12.85 12.81 12.77 12.73 12.69 12.66 12.62 12.59 12.55 12.52 12.49 12.46 12.43 12.41 12.38 12.36 12.35 12.32 12.31 12.29 12.27 12.26 12.25 12.23 12.23 12.22 12.21 12.21 12.21 12.21 12.22 12.22 12.22 12.23 12.24 12.25 12.26 12.27 12.29 12.31 12.33 12.35 12.37 12.40 12.42 12.45 12.48 12.51 12.55 12.59 12.62 12.66 12.70 12.74 12.78 12.84 12.88 12.93 12.98 13.03
14.70 14.61 14.50 14.40 14.30 14.19 14.07 13.95 13.82 13.68 13.54 13.39 13.24 13.08 12.95 12.87 12.81 12.77 12.73 12.69 12.65 12.62 12.57 12.54 12.51 12.48 12.45 12.42 12.39 12.36 12.34 12.31 12.29 12.27 12.25 12.23 12.22 12.20 12.19 12.18 12.18 12.17 12.16 12.16 12.16 12.15 12.15 12.16 12.16 12.17 12.18 12.19 12.20 12.22 12.23 12.25 12.27 12.29 12.32 12.34 12.36 12.39 12.42 12.45 12.48 12.52 12.55 12.60 12.64 12.68 12.72 12.76 12.81 12.85 12.90 12.96 13.01
14.74 14.65 14.56 14.46 14.36 14.25 14.14 14.02 13.90 13.77 13.64 13.50 13.35 13.19 13.03 12.89 12.77 12.70 12.65 12.61 12.57 12.54 12.50 12.47 12.43 12.40 12.37 12.34 12.31 12.29 12.26 12.24 12.22 12.21 12.19 12.17 12.16 12.14 12.13 12.12 12.11 12.10 12.10 12.10 12.09 12.10 12.11 12.11 12.11 12.12 12.13 12.14 12.15 12.17 12.19 12.21 12.23 12.25 12.27 12.30 12.32 12.35 12.39 12.42 12.45 12.49 12.53 12.56 12.60 12.64 12.70 12.74 12.79 12.83 12.88 12.93 12.99
14.77 14.68 14.60 14.50 14.41 14.31 14.20 14.09 13.97 13.85 13.72 13.59 13.45 13.30 13.14 12.98 12.82 12.68 12.59 12.53 12.49 12.46 12.43 12.38 12.36 12.33 12.30 12.27 12.25 12.22 12.20 12.17 12.15 12.13 12.12 12.10 12.09 12.07 12.07 12.06 12.06 12.05 12.05 12.04 12.04 12.04 12.05 12.05 12.07 12.08 12.09 12.10 12.11 12.13 12.14 12.16 12.18 12.21 12.24 12.26 12.29 12.32 12.35 12.38 12.42 12.46 12.50 12.54 12.58 12.62 12.67 12.71 12.77 12.82 12.87 12.92 12.97
14.81 14.73 14.64 14.56 14.47 14.37 14.27 14.16 14.05 13.94 13.81 13.69 13.55 13.41 13.27 13.11 12.95 12.79 12.63 12.50 12.43 12.38 12.35 12.31 12.28 12.25 12.22 12.20 12.17 12.15 12.12 12.11 12.08 12.07 12.06 12.04 12.03 12.02 12.01 12.00 11.99 11.99 11.98 11.98 11.99 12.00 12.00 12.01 12.01 12.02 12.03 12.05 12.07 12.09 12.11 12.13 12.15 12.17 12.20 12.22 12.26 12.29 12.32 12.36 12.39 12.43 12.47 12.51 12.56 12.61 12.65 12.70 12.75 12.79 12.85 12.91 12.96
14.84 14.76 14.68 14.60 14.51 14.42 14.33 14.23 14.12 14.01 13.89 13.77 13.64 13.51 13.37 13.23 13.07 12.91 12.75 12.58 12.43 12.33 12.27 12.24 12.21 12.18 12.15 12.13 12.10 12.08 12.06 12.04 12.02 12.00 11.99 11.97 11.96 11.96 11.95 11.95 11.94 11.94 11.93 11.93 11.94 11.94 11.95 11.96 11.97 11.98 11.99 12.01 12.02 12.04 12.06 12.09 12.12 12.14 12.17 12.19 12.22 12.26 12.29 12.32 12.37 12.41 12.45 12.49 12.53 12.58 12.62 12.68 12.73 12.78 12.83 12.89 12.94
14.86 14.79 14.72 14.64 14.56 14.47 14.38 14.28 14.18 14.09 13.97 13.86 13.73 13.62 13.48 13.35 13.20 13.05 12.89 12.73 12.56 12.39 12.25 12.18 12.14 12.10 12.08 12.05 12.03 12.01 11.99 11.97 11.96 11.94 11.93 11.92 11.90 11.90 11.89 11.88 11.88 11.88 11.88 11.89 11.89 11.90 11.90 11.91 11.92 11.93 11.95 11.96 11.99 12.01 12.03 12.05 12.07 12.10 12.13 12.17 12.20 12.23 12.27 12.30 12.34 12.38 12.43 12.47 12.52 12.56 12.61 12.66 12.71 12.77 12.82 12.88 12.94
14.90 14.83 14.76 14.68 14.61 14.53 14.44 14.35 14.25 14.16 14.05 13.94 13.83 13.71 13.58 13.45 13.31 13.17 13.02 12.87 12.70 12.54 12.36 12.21 12.09 12.04 12.01 11.99 11.96 11.94 11.92 11.91 11.89 11.87 11.86 11.85 11.84 11.83 11.84 11.83 11.83 11.83 11.83 11.83 11.84 11.84 11.85 11.87 11.88 11.89 11.91 11.93 11.94 11.96 11.99 12.02 12.04 12.07 12.10 12.13 12.16 12.20 12.24 12.28 12.32 12.36 12.40 12.45 12.49 12.55 12.60 12.65 12.70 12.75 12.81 12.87 12.93
14.92 14.86 14.79 14.72 14.65 14.57 14.49 14.40 14.31 14.22 14.12 14.02 13.91 13.79 13.68 13.55 13.42 13.29 13.15 13.01 12.85 12.69 12.53 12.36 12.19 12.04 11.96 11.92 11.89 11.87 11.85 11.84 11.82 11.82 11.80 11.79 11.79 11.78 11.77 11.77 11.77 11.77 11.78 11.79 11.79 11.80 11.81 11.82 11.83 11.85 11.86 11.89 11.91 11.93 11.96 11.98 12.01 12.04 12.07 12.11 12.14 12.18 12.21 12.25 12.29 12.34 12.39 12.43 12.48 12.53 12.58 12.63 12.69 12.74 12.80 12.86 12.91
14.94 14.88 14.82 14.75 14.68 14.62 14.54 14.46 14.38 14.29 14.20 14.10 14.00 13.89 13.78 13.66 13.54 13.41 13.27 13.13 12.99 12.84 12.68 12.52 12.34 12.17 12.01 11.89 11.84 11.81 11.79 11.78 11.76 11.75 11.74 11.73 11.72 11.72 11.71 11.72 11.72 11.72 11.73 11.73 11.74 11.75 11.76 11.78 11.80 11.81 11.83 11.85 11.87 11.89 11.93 11.95 11.98 12.01 12.04 12.08 12.11 12.15 12.19 12.23 12.28 12.32 12.36 12.41 12.46 12.52 12.57 12.62 12.67 12.73 12.79 12.85 12.91
14.97 14.92 14.86 14.79 14.73 14.66 14.59 14.51 14.43 14.35 14.26 14.17 14.07 13.97 13.86 13.75 13.64 13.51 13.39 13.26 13.12 12.99 12.84 12.68 12.52 12.35 12.18 12.00 11.85 11.77 11.73 11.71 11.70 11.69 11.69 11.68 11.67 11.67 11.67 11.67 11.67 11.67 11.67 11.68 11.70 11.71 11.72 11.73 11.75 11.77 11.79 11.81 11.84 11.86 11.89 11.92 11.95 11.98 12.02 12.05 12.09 12.13 12.17 12.21 12.25 12.31 12.35 12.40 12.45 12.50 12.55 12.61 12.67 12.72 12.78 12.84 12.90
14.99 14.94 14.88 14.82 14.76 14.70 14.63 14.56 14.48 14.40 14.32 14.23 14.14 14.04 13.95 13.84 13.74 13.63 13.51 13.38 13.25 13.12 12.98 12.83 12.68 12.52 12.35 12.18 12.01 11.85 11.72 11.67 11.64 11.63 11.62 11.62 11.61 11.61 11.61 11.62 11.62 11.63 11.63 11.64 11.65 11.66 11.67 11.70 11.72 11.73 11.76 11.78 11.80 11.83 11.85 11.89 11.92 11.96 11.99 12.03 12.06 12.11 12.15 12.20 12.24 12.28 12.33 12.38 12.44 12.49 12.54 12.60 12.65 12.71 12.78 12.84 12.90
15.01 14.96 14.91 14.85 14.79 14.73 14.68 14.61 14.54 14.46 14.39 14.30 14.22 14.13 14.03 13.93 13.83 13.72 13.61 13.49 13.37 13.24 13.11 12.97 12.84 12.69 12.53 12.37 12.20 12.03 11.85 11.70 11.61 11.57 11.56 11.56 11.56 11.56 11.56 11.57 11.57 11.57 11.58 11.59 11.61 11.63 11.64 11.66 11.67 11.69 11.72 11.74 11.77 11.80 11.83 11.86 11.89 11.93 11.96 12.01 12.05 12.09 12.13 12.17 12.22 12.28 12.32 12.37 12.42 12.48 12.53 12.60 12.65 12.71 12.77 12.83 12.90
15.04 14.99 14.94 14.89 14.83 14.77 14.71 14.65 14.58 14.51 14.44 14.36 14.28 14.20 14.11 14.01 13.92 13.82 13.71 13.61 13.48 13.37 13.25 13.12 12.98 12.84 12.69 12.54 12.38 12.22 12.05 11.88 11.72 11.58 11.53 11.51 11.51 11.51 11.51 11.51 11.53 11.53 11.54 11.55 11.57 11.58 11.60 11.62 11.63 11.67 11.69 11.71 11.74 11.77 11.80 11.84 11.87 11.91 11.95 11.98 12.02 12.07 12.12 12.16 12.21 12.26 12.31 12.36 12.42 12.47 12.53 12.59 12.64 12.70 12.77 12.84 12.90
