main/data/pressure/17.03.2023.grid
ncols 886
nrows 691
xllcenter 112.0000
yllcenter -44.5000
cellsize 0.0500
nodata_value 99999.90
[rows 455 to 489 of 691, columns 560 to 639 of 886]
13.48 13.48 13.66 13.71 13.56 13.95 13.96 14.42 14.66 14.81 15.04 15.20 15.42 15.62 15.81 16.01 16.20 16.34 16.47 16.60 16.71 16.81 16.86 16.91 16.95 16.97 16.98 16.99 16.98 16.85 16.89 16.89 16.89 16.87 16.85 16.77 16.69 16.62 16.50 16.52 16.43 16.49 16.44 16.35 16.29 16.26 16.24 16.17 16.11 16.05 15.95 15.91 15.84 15.76 15.68 15.65 15.58 15.49 15.43 15.39 15.35 15.29 15.20 15.11 15.06 15.01 14.96 14.93 14.85 14.76 14.68 14.49 14.52 14.54 14.54 14.36 14.20 14.12 14.21 14.25
13.75 13.43 14.04 14.16 14.03 14.28 14.51 14.73 14.89 15.03 15.21 15.40 15.57 15.76 15.93 16.12 16.28 16.43 16.55 16.66 16.79 16.86 16.93 16.99 16.99 17.01 17.04 17.05 16.96 16.93 16.98 16.99 16.93 16.91 16.83 16.76 16.63 16.55 16.50 16.49 16.42 16.39 16.45 16.38 16.33 16.29 16.21 16.20 16.07 16.07 15.99 15.93 15.85 15.78 15.72 15.69 15.65 15.57 15.50 15.45 15.41 15.36 15.27 15.18 15.14 15.03 14.97 14.96 14.92 14.88 14.74 14.64 14.63 14.64 14.62 14.57 14.46 14.38 14.37 14.33
14.11 14.16 14.35 14.31 14.37 14.66 14.81 14.96 15.12 15.24 15.41 15.57 15.74 15.89 16.06 16.22 16.39 16.51 16.59 16.73 16.79 16.93 16.96 17.04 17.02 17.07 17.07 17.09 16.95 16.99 17.01 16.95 16.98 16.87 16.79 16.78 16.66 16.50 16.52 16.49 16.42 16.39 16.42 16.41 16.34 16.29 16.25 16.21 16.12 16.08 16.01 15.96 15.88 15.81 15.76 15.74 15.68 15.61 15.55 15.49 15.47 15.42 15.36 15.29 15.22 15.11 15.05 15.02 14.95 14.77 14.72 14.77 14.77 14.69 14.67 14.63 14.55 14.49 14.46 14.38
14.44 14.54 14.59 14.65 14.82 14.96 15.10 15.21 15.36 15.49 15.63 15.78 15.94 16.08 16.20 16.34 16.47 16.60 16.68 16.80 16.85 16.96 17.03 17.05 17.12 17.11 17.11 17.13 17.07 17.10 17.08 17.04 16.99 16.84 16.69 16.80 16.69 16.51 16.52 16.52 16.44 16.35 16.37 16.41 16.36 16.28 16.27 16.22 16.14 16.08 16.02 16.00 15.90 15.82 15.79 15.78 15.73 15.62 15.60 15.58 15.50 15.38 15.31 15.35 15.27 15.18 15.11 15.06 14.96 14.81 14.82 14.89 14.85 14.81 14.77 14.74 14.67 14.61 14.58 14.51
14.76 14.83 14.91 15.01 15.15 15.26 15.39 15.49 15.61 15.77 15.87 16.01 16.13 16.29 16.36 16.49 16.58 16.66 16.81 16.91 16.93 17.01 17.10 17.05 17.10 17.04 17.16 17.14 17.15 17.14 17.03 17.04 17.00 16.92 16.89 16.81 16.68 16.52 16.45 16.47 16.50 16.42 16.45 16.38 16.33 16.30 16.22 16.22 16.17 16.00 16.00 16.03 15.86 15.84 15.83 15.82 15.78 15.72 15.67 15.62 15.49 15.32 15.29 15.39 15.30 15.22 15.20 15.12 15.02 14.98 14.98 15.00 14.97 14.92 14.89 14.85 14.71 14.71 14.61 14.62
15.02 15.13 15.22 15.31 15.43 15.54 15.64 15.77 15.90 16.01 16.13 16.26 16.34 16.46 16.53 16.68 16.73 16.76 16.94 17.01 17.07 17.13 17.17 17.14 17.16 17.09 17.10 17.01 17.08 17.15 17.05 16.91 16.90 16.96 16.87 16.76 16.72 16.64 16.56 16.52 16.54 16.50 16.39 16.28 16.29 16.30 16.27 16.24 16.07 15.95 16.04 15.99 16.01 15.96 15.88 15.87 15.75 15.73 15.67 15.60 15.42 15.29 15.39 15.45 15.37 15.33 15.26 15.20 15.04 15.13 15.07 15.11 15.09 15.04 14.94 14.88 14.78 14.71 14.70 14.69
15.24 15.34 15.46 15.57 15.69 15.80 15.91 16.02 16.14 16.24 16.35 16.46 16.57 16.62 16.66 16.80 16.87 16.87 16.90 16.99 17.04 17.17 17.18 17.25 17.19 17.08 17.10 17.12 17.04 17.08 17.04 16.90 16.89 16.95 16.90 16.79 16.75 16.70 16.64 16.49 16.51 16.49 16.41 16.35 16.26 16.30 16.30 16.25 16.09 15.98 15.97 15.95 15.97 16.00 15.95 15.83 15.78 15.72 15.66 15.61 15.51 15.48 15.53 15.46 15.42 15.35 15.20 15.20 15.21 15.23 15.12 15.17 15.17 15.07 14.99 14.91 14.81 14.82 14.80 14.78
15.49 15.59 15.66 15.79 15.91 16.01 16.11 16.23 16.30 16.42 16.54 16.61 16.72 16.78 16.78 16.98 16.99 16.96 17.08 17.11 17.21 17.22 17.22 17.30 17.27 17.16 17.17 17.19 17.12 17.07 17.01 16.96 16.99 16.96 16.90 16.83 16.74 16.73 16.58 16.49 16.52 16.51 16.45 16.34 16.26 16.31 16.31 16.21 16.11 16.07 16.08 16.01 16.01 15.98 15.95 15.91 15.84 15.74 15.66 15.60 15.60 15.60 15.59 15.59 15.45 15.37 15.33 15.32 15.35 15.34 15.27 15.27 15.24 15.13 15.03 14.96 14.88 14.90 14.89 14.84
15.75 15.86 15.96 16.03 16.13 16.24 16.33 16.43 16.54 16.64 16.72 16.80 16.89 16.95 17.05 17.09 17.05 17.10 17.24 17.16 17.28 17.28 17.26 17.37 17.36 17.21 17.29 17.32 17.22 17.14 17.14 17.13 17.10 16.98 16.91 16.85 16.79 16.76 16.67 16.60 16.58 16.55 16.51 16.43 16.32 16.30 16.34 16.20 16.10 16.12 16.15 16.09 16.06 15.98 15.91 15.92 15.86 15.76 15.70 15.64 15.73 15.71 15.58 15.66 15.49 15.33 15.40 15.47 15.43 15.45 15.34 15.30 15.29 15.07 15.04 15.05 15.05 15.03 14.98 14.93
15.99 16.10 16.20 16.26 16.33 16.45 16.55 16.61 16.71 16.76 16.87 16.96 17.04 17.12 17.21 17.27 17.25 17.31 17.38 17.29 17.34 17.37 17.40 17.48 17.47 17.42 17.44 17.43 17.27 17.21 17.13 17.20 17.08 16.98 16.95 16.93 16.89 16.82 16.76 16.70 16.65 16.58 16.50 16.41 16.29 16.27 16.33 16.28 16.20 16.13 16.16 16.14 16.07 16.02 15.94 15.92 15.89 15.80 15.74 15.66 15.74 15.77 15.75 15.65 15.52 15.53 15.55 15.55 15.45 15.49 15.47 15.42 15.23 14.84 15.10 15.16 15.11 15.08 15.07 15.01
16.24 16.33 16.43 16.49 16.57 16.67 16.75 16.88 16.96 16.96 17.06 17.14 17.18 17.23 17.32 17.42 17.41 17.43 17.50 17.44 17.45 17.48 17.55 17.60 17.55 17.55 17.56 17.47 17.24 17.30 17.33 17.26 17.06 16.97 17.04 17.00 16.94 16.85 16.81 16.73 16.65 16.56 16.47 16.41 16.32 16.26 16.38 16.31 16.30 16.17 16.20 16.13 16.12 16.06 15.96 16.00 15.86 15.83 15.78 15.71 15.84 15.79 15.72 15.71 15.67 15.66 15.63 15.61 15.50 15.48 15.48 15.46 15.37 15.31 15.29 15.26 15.20 15.18 15.14 15.10
16.47 16.56 16.62 16.71 16.79 16.89 16.98 17.05 17.17 17.20 17.27 17.32 17.34 17.38 17.45 17.54 17.44 17.49 17.59 17.63 17.61 17.58 17.62 17.70 17.70 17.58 17.65 17.51 17.35 17.27 17.26 17.28 17.17 17.04 17.06 17.06 17.00 16.88 16.74 16.73 16.69 16.60 16.50 16.43 16.42 16.45 16.33 16.23 16.27 16.30 16.22 16.22 16.07 16.06 16.01 15.95 15.96 15.91 15.88 15.87 15.80 15.73 15.76 15.71 15.74 15.67 15.65 15.58 15.62 15.57 15.50 15.53 15.44 15.40 15.37 15.35 15.32 15.28 15.21 15.20
16.67 16.74 16.83 16.92 16.99 17.08 17.14 17.20 17.33 17.33 17.40 17.45 17.52 17.58 17.62 17.67 17.58 17.64 17.67 17.71 17.76 17.73 17.78 17.80 17.82 17.80 17.69 17.55 17.45 17.39 17.31 17.30 17.36 17.16 17.10 17.14 17.07 16.95 16.85 16.78 16.74 16.66 16.55 16.46 16.40 16.36 16.34 16.29 16.34 16.26 16.29 16.21 16.17 16.13 16.08 16.00 15.99 15.94 15.87 15.81 15.74 15.73 15.83 15.80 15.74 15.72 15.70 15.70 15.64 15.59 15.54 15.57 15.54 15.50 15.47 15.44 15.40 15.35 15.30 15.28
16.85 16.92 17.02 17.12 17.18 17.23 17.30 17.39 17.47 17.48 17.50 17.53 17.58 17.66 17.72 17.80 17.75 17.78 17.84 17.78 17.81 17.86 17.81 17.82 17.81 17.64 17.67 17.63 17.55 17.51 17.43 17.36 17.37 17.26 17.20 17.19 17.15 16.99 16.95 16.82 16.76 16.71 16.58 16.51 16.51 16.41 16.31 16.31 16.34 16.34 16.24 16.30 16.25 16.16 16.12 16.04 16.01 15.92 15.83 15.71 15.71 15.79 15.86 15.84 15.76 15.71 15.72 15.72 15.65 15.58 15.57 15.62 15.62 15.59 15.56 15.53 15.47 15.44 15.40 15.37
17.03 17.09 17.17 17.28 17.35 17.35 17.40 17.51 17.61 17.67 17.63 17.65 17.71 17.73 17.77 17.90 17.94 17.96 17.96 18.00 18.00 17.92 17.82 17.82 17.81 17.80 17.79 17.76 17.66 17.62 17.60 17.51 17.38 17.33 17.29 17.26 17.22 17.14 17.01 16.90 16.80 16.78 16.64 16.52 16.58 16.49 16.43 16.40 16.35 16.33 16.35 16.32 16.28 16.20 16.11 16.01 16.05 15.89 15.80 15.78 15.80 15.90 15.92 15.91 15.87 15.79 15.75 15.74 15.72 15.68 15.64 15.66 15.63 15.60 15.61 15.60 15.54 15.54 15.50 15.47
17.21 17.24 17.31 17.42 17.50 17.47 17.44 17.58 17.69 17.80 17.80 17.81 17.87 17.92 17.95 18.01 18.01 17.89 17.94 18.03 18.11 18.04 17.89 17.87 17.87 17.84 17.93 17.93 17.86 17.82 17.78 17.66 17.43 17.37 17.32 17.36 17.26 17.13 17.14 17.06 16.99 16.84 16.66 16.68 16.68 16.53 16.58 16.50 16.46 16.41 16.37 16.38 16.30 16.26 16.21 16.18 16.10 16.07 16.00 15.92 15.96 16.01 15.98 15.96 15.96 15.92 15.86 15.79 15.82 15.81 15.74 15.72 15.72 15.70 15.69 15.71 15.69 15.67 15.62 15.56
17.39 17.41 17.44 17.53 17.65 17.67 17.67 17.75 17.84 17.92 17.93 17.94 17.92 17.94 17.98 18.07 18.11 18.07 18.05 18.01 18.09 18.17 18.06 18.00 18.01 18.07 18.09 17.99 17.95 17.89 17.84 17.74 17.51 17.47 17.42 17.45 17.30 17.19 17.18 17.04 16.98 16.82 16.77 16.75 16.78 16.60 16.61 16.59 16.45 16.50 16.43 16.33 16.28 16.26 16.24 16.14 16.05 15.99 16.04 16.08 16.07 16.06 16.02 16.01 16.02 16.01 15.98 15.97 15.95 15.89 15.80 15.77 15.89 15.85 15.77 15.80 15.79 15.73 15.74 15.70
17.53 17.58 17.60 17.66 17.76 17.83 17.85 17.92 18.01 17.97 17.98 17.99 17.98 18.01 18.02 18.11 18.20 18.13 18.17 18.14 18.16 18.27 18.21 18.12 18.22 18.17 18.15 18.04 17.99 17.86 17.81 17.85 17.74 17.61 17.57 17.49 17.30 17.23 17.19 17.10 17.01 16.98 16.87 16.72 16.76 16.76 16.61 16.62 16.58 16.58 16.50 16.39 16.37 16.29 16.23 16.18 16.03 16.03 16.09 16.14 16.08 16.12 16.02 16.04 16.04 16.06 16.00 15.95 15.97 15.90 15.85 15.82 16.00 15.99 15.90 15.88 15.86 15.84 15.88 15.82
17.65 17.73 17.77 17.80 17.89 17.98 17.94 18.03 18.07 18.00 18.01 18.05 18.06 18.09 18.18 18.24 18.26 18.23 18.27 18.27 18.24 18.30 18.34 18.32 18.22 18.22 18.23 18.16 18.09 18.00 17.86 17.81 17.81 17.77 17.67 17.56 17.43 17.30 17.22 17.13 17.03 17.04 16.99 16.85 16.74 16.80 16.79 16.69 16.68 16.59 16.51 16.43 16.42 16.36 16.19 16.22 16.14 16.27 16.22 16.23 16.16 16.18 16.19 16.12 16.10 16.10 16.06 16.04 16.02 15.95 16.00 16.10 16.11 16.08 16.03 16.00 16.00 16.02 15.97 15.97
17.80 17.87 17.88 17.90 17.95 18.05 18.01 18.12 18.19 18.10 18.06 18.12 18.15 18.18 18.25 18.29 18.31 18.31 18.31 18.41 18.31 18.32 18.35 18.34 18.28 18.32 18.29 18.16 18.06 18.08 17.99 17.85 17.83 17.85 17.74 17.64 17.45 17.36 17.28 17.19 17.10 17.05 16.99 16.92 16.91 16.92 16.86 16.81 16.63 16.61 16.45 16.38 16.39 16.34 16.29 16.18 16.19 16.28 16.34 16.31 16.27 16.27 16.27 16.21 16.17 16.16 16.11 16.08 16.05 16.00 16.12 16.23 16.20 16.17 16.16 16.17 16.19 16.15 16.15 16.11
17.90 17.98 17.97 18.02 18.08 18.14 18.19 18.26 18.24 18.25 18.21 18.21 18.24 18.28 18.34 18.34 18.35 18.38 18.40 18.49 18.38 18.35 18.38 18.40 18.38 18.31 18.34 18.29 18.16 18.12 18.04 17.93 17.89 17.87 17.69 17.76 17.50 17.42 17.36 17.29 17.23 17.22 17.13 17.07 17.05 16.99 16.88 16.77 16.70 16.65 16.54 16.53 16.58 16.46 16.35 16.23 16.28 16.34 16.43 16.39 16.38 16.38 16.38 16.35 16.31 16.27 16.19 16.15 16.17 16.11 16.23 16.35 16.34 16.30 16.32 16.34 16.32 16.30 16.29 16.29
18.08 18.14 18.14 18.15 18.20 18.29 18.32 18.35 18.25 18.26 18.31 18.30 18.32 18.36 18.39 18.38 18.43 18.43 18.42 18.43 18.42 18.43 18.44 18.43 18.41 18.38 18.38 18.33 18.20 18.13 18.05 17.96 17.95 17.90 17.77 17.83 17.62 17.48 17.38 17.40 17.37 17.32 17.25 17.18 17.10 17.06 16.91 16.81 16.71 16.73 16.76 16.69 16.60 16.44 16.38 16.44 16.48 16.51 16.52 16.51 16.48 16.45 16.45 16.45 16.44 16.41 16.37 16.32 16.33 16.27 16.34 16.47 16.50 16.46 16.48 16.49 16.46 16.46 16.47 16.46
18.15 18.17 18.28 18.30 18.28 18.28 18.30 18.35 18.36 18.36 18.36 18.43 18.45 18.47 18.44 18.46 18.53 18.49 18.53 18.47 18.47 18.54 18.53 18.48 18.45 18.45 18.42 18.37 18.23 18.21 18.17 18.04 18.03 17.95 17.87 17.83 17.61 17.56 17.50 17.49 17.46 17.34 17.26 17.17 17.09 17.07 17.06 16.96 16.81 16.88 16.75 16.61 16.54 16.43 16.44 16.59 16.59 16.53 16.58 16.58 16.56 16.47 16.50 16.53 16.55 16.55 16.56 16.47 16.61 16.56 16.55 16.60 16.64 16.63 16.65 16.63 16.63 16.63 16.64 16.65
18.24 18.22 18.38 18.35 18.31 18.32 18.35 18.40 18.39 18.41 18.41 18.47 18.52 18.54 18.55 18.54 18.57 18.63 18.69 18.67 18.59 18.63 18.58 18.50 18.53 18.56 18.51 18.43 18.33 18.29 18.27 18.20 18.11 17.96 17.98 17.91 17.71 17.66 17.67 17.59 17.51 17.40 17.34 17.22 17.10 17.06 17.02 17.08 16.99 16.95 16.74 16.62 16.51 16.52 16.59 16.66 16.65 16.60 16.59 16.64 16.70 16.67 16.66 16.66 16.67 16.69 16.69 16.65 16.70 16.76 16.73 16.75 16.79 16.82 16.81 16.81 16.82 16.82 16.83 16.83
18.40 18.44 18.37 18.36 18.38 18.39 18.46 18.42 18.39 18.42 18.49 18.53 18.61 18.54 18.55 18.60 18.56 18.55 18.68 18.75 18.71 18.67 18.61 18.58 18.66 18.66 18.60 18.53 18.42 18.33 18.23 18.19 18.19 18.04 17.99 17.97 17.81 17.77 17.71 17.67 17.55 17.47 17.42 17.25 17.17 17.16 17.09 17.10 17.08 16.89 16.79 16.72 16.69 16.74 16.76 16.80 16.78 16.81 16.74 16.66 16.82 16.79 16.79 16.79 16.79 16.81 16.82 16.76 16.81 16.93 16.94 16.95 16.97 16.96 16.98 17.00 17.00 16.99 16.98 17.02
18.52 18.42 18.42 18.41 18.42 18.51 18.54 18.45 18.52 18.59 18.64 18.59 18.60 18.55 18.59 18.75 18.70 18.75 18.78 18.66 18.79 18.61 18.57 18.71 18.73 18.71 18.69 18.59 18.49 18.40 18.28 18.24 18.23 18.12 18.03 17.94 17.97 17.82 17.80 17.70 17.65 17.58 17.46 17.29 17.27 17.34 17.18 17.12 17.01 16.82 17.01 16.91 16.89 16.92 16.94 16.93 16.90 16.95 16.93 16.90 16.92 16.91 16.90 16.91 16.93 16.97 16.94 16.87 16.98 17.08 17.11 17.13 17.09 17.09 17.15 17.15 17.19 17.16 17.17 17.20
18.58 18.50 18.52 18.53 18.44 18.53 18.64 18.50 18.62 18.68 18.66 18.60 18.62 18.67 18.78 18.80 18.80 18.73 18.48 18.67 18.80 18.84 18.84 18.83 18.82 18.81 18.76 18.67 18.58 18.50 18.43 18.32 18.23 18.17 18.15 18.04 17.97 17.90 17.86 17.75 17.69 17.65 17.52 17.42 17.31 17.43 17.32 17.29 17.15 17.00 17.10 17.08 17.06 17.06 17.07 17.06 17.08 17.07 17.11 17.10 17.06 17.00 17.06 17.10 17.14 17.16 17.13 17.14 17.21 17.26 17.28 17.30 17.29 17.28 17.32 17.33 17.36 17.36 17.36 17.37
18.55 18.61 18.64 18.64 18.56 18.60 18.59 18.66 18.64 18.65 18.77 18.71 18.75 18.74 18.75 18.83 18.80 18.61 18.61 18.67 18.71 18.78 18.83 18.85 18.84 18.83 18.79 18.71 18.64 18.56 18.47 18.39 18.30 18.23 18.21 18.14 18.06 17.98 17.90 17.84 17.76 17.65 17.56 17.53 17.52 17.55 17.49 17.35 17.18 17.15 17.24 17.24 17.19 17.18 17.19 17.20 17.22 17.23 17.26 17.27 17.20 17.16 17.21 17.29 17.33 17.32 17.31 17.34 17.39 17.42 17.44 17.44 17.47 17.48 17.50 17.51 17.53 17.52 17.49 17.54
18.76 18.80 18.82 18.84 18.87 18.71 18.88 18.70 18.74 18.80 18.82 18.77 18.84 18.65 18.67 18.85 18.78 18.65 18.64 18.67 18.62 18.70 18.82 18.84 18.83 18.81 18.74 18.71 18.66 18.60 18.53 18.45 18.28 18.31 18.24 18.14 18.08 18.02 17.94 17.86 17.78 17.75 17.70 17.65 17.64 17.64 17.52 17.34 17.19 17.35 17.42 17.39 17.32 17.29 17.32 17.35 17.34 17.34 17.40 17.45 17.38 17.36 17.45 17.48 17.49 17.48 17.50 17.53 17.55 17.58 17.58 17.61 17.63 17.65 17.66 17.66 17.65 17.67 17.67 17.60
18.76 18.72 18.74 18.73 18.59 18.75 18.90 18.99 18.94 18.94 18.88 18.91 18.82 18.77 18.90 18.92 18.78 18.79 18.75 18.74 18.66 18.75 18.77 18.76 18.75 18.72 18.70 18.66 18.62 18.60 18.50 18.49 18.42 18.35 18.28 18.17 18.09 18.03 17.95 17.86 17.77 17.80 17.74 17.50 17.74 17.67 17.58 17.44 17.43 17.57 17.56 17.55 17.50 17.46 17.47 17.50 17.50 17.51 17.56 17.60 17.64 17.55 17.58 17.63 17.62 17.61 17.65 17.71 17.70 17.73 17.73 17.77 17.76 17.76 17.75 17.76 17.76 17.75 17.75 17.74
18.79 18.74 18.69 18.64 18.65 18.72 18.80 18.94 19.01 19.03 18.99 19.00 18.86 18.98 18.97 18.96 18.86 18.92 18.86 18.86 18.83 18.84 18.76 18.66 18.69 18.65 18.65 18.62 18.59 18.59 18.54 18.39 18.41 18.34 18.29 18.14 18.10 18.05 17.97 17.91 17.89 17.81 17.78 17.73 17.81 17.72 17.68 17.65 17.64 17.67 17.65 17.69 17.66 17.64 17.64 17.66 17.65 17.67 17.69 17.73 17.79 17.74 17.77 17.78 17.74 17.78 17.80 17.85 17.83 17.86 17.89 17.87 17.87 17.85 17.86 17.86 17.88 17.86 17.86 17.87
18.81 18.81 18.78 18.75 18.81 18.88 18.95 18.96 19.08 19.04 19.09 19.05 19.07 19.04 18.96 18.92 18.87 18.98 18.84 18.96 18.92 18.88 18.82 18.72 18.73 18.67 18.63 18.58 18.55 18.58 18.44 18.39 18.41 18.35 18.24 18.16 18.14 18.07 18.02 17.99 17.94 17.93 17.89 17.84 17.82 17.89 17.89 17.85 17.81 17.76 17.78 17.83 17.80 17.78 17.79 17.79 17.76 17.78 17.80 17.84 17.92 17.92 17.94 17.93 17.91 17.92 17.95 17.97 17.91 17.99 17.98 17.98 17.97 17.95 17.95 17.96 17.96 17.96 17.96 17.96
18.85 18.83 18.80 18.82 18.85 18.92 19.00 18.99 19.14 19.02 19.06 19.14 18.97 18.99 19.02 19.04 18.86 18.99 19.00 18.95 18.98 18.96 18.90 18.85 18.78 18.65 18.60 18.55 18.54 18.54 18.47 18.43 18.36 18.30 18.29 18.21 18.19 18.14 18.12 18.10 18.05 18.08 18.03 17.98 17.93 17.96 17.99 18.01 17.92 17.92 17.95 17.94 17.92 17.91 17.93 17.95 17.89 17.90 17.94 17.96 18.01 18.06 17.93 18.07 18.04 18.04 18.05 18.06 18.08 18.09 18.08 18.08 18.05 18.01 18.02 18.03 18.04 18.08 18.04 18.02
18.88 18.90 18.89 18.88 18.90 18.95 19.01 19.01 19.01 19.19 19.16 19.16 19.08 19.06 18.99 18.98 19.08 19.07 19.04 18.96 18.93 18.92 18.94 18.89 18.78 18.68 18.58 18.53 18.49 18.44 18.50 18.43 18.39 18.30 18.29 18.24 18.23 18.22 18.20 18.18 18.15 18.18 18.08 18.09 18.11 18.14 18.13 18.13 18.10 18.07 18.05 18.04 18.05 18.05 18.07 18.08 18.04 18.04 18.10 18.14 18.13 18.16 18.18 18.18 18.18 18.15 18.12 18.12 18.13 18.14 18.13 18.14 18.10 18.09 18.09 18.15 18.10 18.09 18.08 18.07
18.94 18.95 18.97 18.97 18.98 19.01 19.02 19.06 19.04 19.02 19.11 19.23 19.11 19.17 19.06 19.05 19.05 19.07 19.04 19.01 18.94 18.92 18.96 18.86 18.81 18.75 18.64 18.59 18.51 18.39 18.33 18.37 18.39 18.35 18.31 18.29 18.28 18.33 18.30 18.28 18.25 18.26 18.20 18.18 18.16 18.19 18.17 18.23 18.21 18.18 18.14 18.16 18.18 18.19 18.20 18.20 18.20 18.16 18.22 18.20 18.18 18.19 18.21 18.23 18.21 18.27 18.20 18.19 18.18 18.17 18.16 18.17 18.17 18.16 18.16 18.15 18.13 18.12 18.12 18.09
