main/data/pressure/17.04.2023.grid
ncols 886
nrows 691
xllcenter 112.0000
yllcenter -44.5000
cellsize 0.0500
nodata_value 99999.90
[rows 70 to 104 of 691, columns 640 to 719 of 886]
32.68 32.69 32.71 32.73 32.76 32.78 32.81 32.83 32.86 32.90 32.92 32.96 32.99 33.02 33.05 33.08 33.11 33.14 33.17 33.20 33.22 33.25 33.28 33.30 33.33 33.36 33.39 33.41 33.43 33.46 33.48 33.50 33.53 33.55 33.57 33.59 33.61 33.63 33.65 33.67 33.69 33.70 33.71 33.73 33.75 33.76 33.77 33.79 33.80 33.80 33.82 33.83 33.83 33.84 33.85 33.85 33.85 33.85 33.85 33.85 33.85 33.85 33.84 33.83 33.82 33.82 33.80 33.78 33.77 33.75 33.72 33.71 33.68 33.65 33.62 33.58 33.55 33.50 33.45 33.40
32.60 32.61 32.64 32.66 32.68 32.71 32.73 32.76 32.79 32.83 32.86 32.89 32.92 32.95 32.98 33.01 33.04 33.07 33.10 33.13 33.16 33.18 33.21 33.24 33.26 33.30 33.32 33.34 33.37 33.39 33.42 33.44 33.46 33.49 33.51 33.53 33.55 33.57 33.59 33.61 33.63 33.65 33.67 33.69 33.71 33.72 33.73 33.74 33.76 33.76 33.77 33.79 33.79 33.80 33.80 33.81 33.81 33.81 33.81 33.82 33.81 33.81 33.80 33.79 33.79 33.78 33.76 33.75 33.73 33.72 33.70 33.67 33.64 33.61 33.58 33.55 33.51 33.47 33.42 33.38
32.53 32.54 32.56 32.58 32.60 32.63 32.66 32.69 32.71 32.74 32.78 32.81 32.84 32.87 32.90 32.94 32.97 33.00 33.02 33.05 33.09 33.12 33.14 33.17 33.19 33.23 33.25 33.28 33.30 33.33 33.35 33.38 33.41 33.43 33.46 33.48 33.50 33.52 33.54 33.56 33.59 33.61 33.62 33.64 33.65 33.67 33.69 33.70 33.72 33.72 33.73 33.75 33.75 33.76 33.76 33.77 33.78 33.78 33.78 33.78 33.77 33.77 33.77 33.76 33.75 33.74 33.73 33.72 33.70 33.68 33.66 33.63 33.61 33.58 33.54 33.51 33.47 33.43 33.39 33.34
32.44 32.46 32.48 32.50 32.52 32.56 32.58 32.61 32.64 32.68 32.71 32.73 32.76 32.80 32.83 32.86 32.89 32.93 32.96 32.98 33.01 33.05 33.07 33.10 33.12 33.16 33.18 33.21 33.23 33.26 33.29 33.32 33.34 33.37 33.39 33.41 33.44 33.47 33.49 33.51 33.53 33.55 33.57 33.59 33.61 33.63 33.64 33.66 33.67 33.68 33.69 33.71 33.71 33.72 33.73 33.73 33.74 33.74 33.74 33.74 33.74 33.74 33.73 33.73 33.72 33.70 33.70 33.68 33.67 33.65 33.62 33.60 33.57 33.54 33.51 33.48 33.45 33.40 33.35 33.31
32.36 32.38 32.40 32.43 32.45 32.47 32.51 32.53 32.56 32.60 32.63 32.66 32.70 32.72 32.75 32.79 32.82 32.85 32.88 32.91 32.94 32.96 33.00 33.02 33.05 33.08 33.11 33.14 33.16 33.20 33.22 33.25 33.27 33.30 33.34 33.36 33.38 33.41 33.43 33.46 33.48 33.50 33.52 33.54 33.56 33.58 33.60 33.62 33.62 33.64 33.65 33.67 33.67 33.68 33.69 33.69 33.70 33.70 33.71 33.70 33.71 33.70 33.70 33.69 33.68 33.67 33.66 33.65 33.63 33.61 33.60 33.57 33.54 33.52 33.48 33.45 33.41 33.37 33.33 33.28
32.28 32.31 32.32 32.35 32.37 32.40 32.43 32.46 32.49 32.52 32.55 32.59 32.62 32.64 32.68 32.71 32.74 32.77 32.80 32.83 32.86 32.89 32.92 32.95 32.97 33.01 33.03 33.06 33.10 33.12 33.15 33.18 33.21 33.24 33.27 33.29 33.33 33.36 33.38 33.41 33.43 33.45 33.48 33.50 33.52 33.54 33.56 33.58 33.58 33.60 33.61 33.63 33.63 33.64 33.66 33.66 33.66 33.67 33.67 33.67 33.67 33.66 33.67 33.66 33.65 33.64 33.63 33.61 33.59 33.58 33.56 33.54 33.51 33.48 33.45 33.41 33.38 33.34 33.29 33.25
32.20 32.22 32.24 32.26 32.30 32.32 32.35 32.38 32.42 32.44 32.48 32.51 32.54 32.57 32.60 32.64 32.66 32.69 32.72 32.75 32.78 32.81 32.83 32.87 32.89 32.93 32.95 32.98 33.02 33.04 33.07 33.11 33.14 33.17 33.20 33.23 33.26 33.29 33.32 33.35 33.38 33.40 33.43 33.45 33.47 33.49 33.51 33.53 33.54 33.56 33.57 33.59 33.60 33.61 33.62 33.62 33.63 33.64 33.63 33.64 33.63 33.64 33.63 33.62 33.62 33.61 33.59 33.58 33.57 33.55 33.53 33.50 33.47 33.45 33.41 33.38 33.34 33.30 33.26 33.21
32.12 32.14 32.16 32.19 32.22 32.24 32.27 32.30 32.34 32.36 32.40 32.43 32.46 32.49 32.52 32.55 32.58 32.61 32.63 32.67 32.69 32.72 32.75 32.78 32.81 32.84 32.87 32.90 32.93 32.96 33.00 33.03 33.06 33.10 33.13 33.16 33.20 33.23 33.26 33.29 33.32 33.34 33.38 33.40 33.43 33.45 33.47 33.49 33.50 33.52 33.53 33.55 33.56 33.57 33.58 33.59 33.59 33.60 33.60 33.60 33.60 33.60 33.59 33.59 33.58 33.57 33.56 33.55 33.53 33.51 33.49 33.47 33.45 33.42 33.39 33.35 33.32 33.28 33.23 33.19
32.04 32.05 32.08 32.10 32.14 32.17 32.19 32.23 32.26 32.28 32.32 32.35 32.38 32.40 32.44 32.47 32.49 32.53 32.55 32.58 32.60 32.63 32.66 32.69 32.72 32.75 32.78 32.81 32.84 32.88 32.91 32.95 32.99 33.02 33.06 33.09 33.13 33.17 33.20 33.23 33.26 33.29 33.32 33.34 33.38 33.40 33.42 33.44 33.46 33.48 33.49 33.51 33.52 33.53 33.54 33.55 33.55 33.56 33.57 33.57 33.57 33.57 33.56 33.56 33.55 33.55 33.53 33.52 33.50 33.49 33.47 33.44 33.42 33.39 33.36 33.32 33.28 33.24 33.20 33.15
31.95 31.98 32.00 32.03 32.06 32.09 32.11 32.15 32.17 32.21 32.23 32.27 32.29 32.32 32.35 32.38 32.41 32.43 32.46 32.48 32.51 32.54 32.56 32.59 32.62 32.65 32.68 32.72 32.75 32.79 32.82 32.86 32.90 32.94 32.98 33.01 33.06 33.09 33.13 33.17 33.20 33.23 33.26 33.29 33.32 33.35 33.37 33.39 33.41 33.43 33.45 33.47 33.49 33.49 33.50 33.52 33.53 33.53 33.53 33.53 33.54 33.53 33.53 33.52 33.51 33.51 33.50 33.48 33.47 33.46 33.43 33.41 33.38 33.35 33.32 33.29 33.26 33.21 33.17 33.12
31.87 31.90 31.92 31.95 31.97 32.01 32.03 32.07 32.10 32.12 32.16 32.18 32.21 32.24 32.26 32.29 32.31 32.34 32.35 32.38 32.41 32.43 32.46 32.49 32.51 32.55 32.58 32.61 32.65 32.69 32.73 32.77 32.81 32.85 32.90 32.94 32.97 33.02 33.06 33.10 33.14 33.18 33.21 33.24 33.27 33.30 33.32 33.35 33.37 33.39 33.41 33.43 33.45 33.46 33.47 33.48 33.49 33.49 33.50 33.51 33.50 33.51 33.50 33.49 33.49 33.48 33.46 33.46 33.44 33.42 33.40 33.38 33.36 33.33 33.30 33.27 33.23 33.19 33.15 33.10
31.79 31.81 31.84 31.87 31.90 31.92 31.96 31.98 32.02 32.04 32.07 32.10 32.12 32.15 32.17 32.19 32.22 32.24 32.25 32.28 32.31 32.32 32.35 32.38 32.40 32.44 32.47 32.50 32.54 32.58 32.62 32.67 32.71 32.76 32.80 32.85 32.90 32.95 32.99 33.03 33.07 33.12 33.15 33.19 33.22 33.25 33.28 33.30 33.33 33.35 33.37 33.39 33.41 33.42 33.44 33.44 33.45 33.46 33.46 33.47 33.47 33.47 33.46 33.47 33.46 33.44 33.44 33.42 33.41 33.40 33.38 33.35 33.33 33.30 33.27 33.23 33.20 33.16 33.11 33.07
31.70 31.74 31.76 31.79 31.82 31.85 31.88 31.91 31.93 31.96 31.99 32.01 32.03 32.05 32.07 32.09 32.11 32.13 32.15 32.17 32.18 32.21 32.23 32.26 32.28 32.32 32.35 32.39 32.43 32.47 32.51 32.56 32.61 32.66 32.71 32.76 32.81 32.86 32.92 32.96 33.00 33.05 33.09 33.13 33.16 33.20 33.23 33.26 33.28 33.31 33.33 33.35 33.37 33.39 33.40 33.40 33.42 33.43 33.43 33.43 33.44 33.44 33.44 33.43 33.42 33.42 33.41 33.39 33.38 33.37 33.34 33.32 33.29 33.27 33.24 33.21 33.17 33.12 33.08 33.04
31.62 31.65 31.67 31.71 31.73 30.80 31.79 31.82 31.85 31.87 31.90 31.92 31.94 31.96 31.98 31.98 32.00 32.02 32.04 32.05 32.06 32.09 32.11 32.14 32.16 32.19 32.23 32.27 32.30 32.35 32.40 32.45 32.50 32.56 32.61 32.67 32.72 32.78 32.83 32.89 32.93 32.98 33.03 33.07 33.11 33.15 33.18 33.22 33.25 33.27 33.30 33.31 33.33 33.35 33.36 33.38 33.38 33.39 33.40 33.40 33.41 33.40 33.41 33.40 33.40 33.39 33.37 33.37 33.35 33.33 33.31 33.30 33.27 33.24 33.21 33.18 33.14 33.10 33.06 33.02
31.54 31.57 31.60 31.63 31.66 30.45 31.72 31.74 31.76 31.79 30.04 31.82 31.84 31.86 31.87 31.88 31.89 31.91 31.91 31.92 31.94 31.96 31.98 32.00 32.03 32.05 32.09 32.13 32.18 32.22 32.27 32.33 32.39 32.44 32.50 32.57 32.62 32.69 32.74 32.81 32.86 32.91 32.97 33.01 33.05 33.09 33.14 33.17 33.20 33.23 33.26 33.28 33.29 33.31 33.33 33.34 33.35 33.36 33.37 33.38 33.37 33.38 33.37 33.37 33.37 33.35 33.35 33.34 33.32 33.30 33.29 33.27 33.24 33.21 33.18 33.15 33.11 33.07 33.03 32.99
31.46 31.49 31.52 31.56 31.55 31.61 31.63 31.66 31.68 31.69 29.34 30.23 31.54 31.75 31.76 31.77 31.77 31.78 31.78 31.79 31.80 31.82 31.84 31.86 31.88 31.92 31.94 31.98 32.03 32.08 32.14 32.20 32.26 32.32 32.39 32.45 32.52 32.59 32.66 32.72 32.78 32.84 32.90 32.95 32.99 33.05 33.09 33.12 33.16 33.19 33.21 33.24 33.26 33.28 33.29 33.30 33.32 33.33 33.33 33.34 33.35 33.34 33.35 33.34 33.33 33.33 33.32 33.30 33.30 33.28 33.26 33.24 33.21 33.19 33.16 33.13 33.09 33.05 33.01 32.97
31.38 31.42 31.45 31.48 31.51 30.54 31.56 31.58 29.70 29.73 29.28 30.77 31.64 31.64 31.64 31.65 31.65 31.65 31.65 31.66 31.66 31.68 31.70 31.72 31.75 31.78 31.82 31.86 31.89 31.95 32.00 32.06 32.13 32.20 32.27 32.34 32.42 32.49 32.56 32.63 32.70 32.76 32.83 32.88 32.93 32.99 33.03 33.07 33.11 33.14 33.17 33.20 33.22 33.24 33.26 33.28 33.28 33.30 33.31 33.31 33.31 33.31 33.32 33.31 33.31 33.30 33.29 33.28 33.27 33.25 33.24 33.21 33.19 33.16 33.13 33.10 33.06 33.02 32.98 32.94
31.31 31.34 31.37 31.41 31.41 30.27 30.85 31.28 30.47 30.79 31.41 31.46 31.54 31.15 31.53 31.53 31.52 31.52 31.52 31.52 31.54 31.57 31.60 31.64 31.68 31.72 31.76 31.79 31.83 31.87 31.91 31.95 32.00 32.07 32.15 32.23 32.30 32.39 32.47 32.54 32.62 32.69 32.76 32.82 32.87 32.93 32.98 33.02 33.06 33.09 33.13 33.16 33.18 33.20 33.22 33.24 33.26 33.26 33.27 33.28 33.28 33.29 33.28 33.29 33.28 33.28 33.26 33.25 33.23 33.23 33.21 33.18 33.16 33.13 33.10 33.07 33.03 33.00 32.95 32.91
31.24 31.28 31.31 31.34 31.11 30.20 30.79 31.03 30.62 30.47 30.63 31.04 31.40 31.42 31.41 31.40 31.39 31.38 31.39 31.42 31.47 31.51 31.55 31.59 31.63 31.67 31.71 31.75 31.78 31.82 31.86 31.89 31.93 31.98 32.03 32.10 32.19 32.28 32.37 32.45 32.53 32.61 32.68 32.75 32.81 32.87 32.92 32.97 33.01 33.05 33.09 33.12 33.15 33.16 33.19 33.21 33.22 33.24 33.24 33.25 33.26 33.25 33.26 33.25 33.26 33.25 33.23 33.22 33.21 33.20 33.18 33.15 33.14 33.11 33.08 33.05 33.01 32.98 32.94 32.89
31.18 31.21 31.24 31.27 31.29 30.75 31.20 31.19 31.02 29.87 29.99 31.24 31.30 31.31 31.30 31.28 31.27 31.30 31.33 31.37 31.41 31.46 31.50 31.54 31.58 31.62 31.66 31.70 31.74 31.78 31.82 31.86 31.89 31.92 31.96 32.00 32.08 32.17 32.26 32.35 32.44 32.52 32.61 32.68 32.75 32.81 32.87 32.92 32.97 33.01 33.05 33.08 33.11 33.14 33.16 33.17 33.19 33.20 33.21 33.22 33.22 33.22 33.23 33.22 33.22 33.21 33.21 33.20 33.18 33.17 33.16 33.13 33.11 33.08 33.05 33.02 32.99 32.95 32.91 32.86
31.12 31.15 30.74 31.21 31.23 30.54 31.19 31.12 30.73 29.63 29.04 31.15 30.38 31.20 31.19 31.18 31.21 31.25 31.28 31.21 31.36 31.40 31.45 31.49 31.53 31.57 31.62 31.66 31.70 31.74 31.77 31.81 31.84 31.88 31.91 31.95 32.00 32.07 32.15 32.25 32.35 32.44 32.53 32.61 32.69 32.75 32.81 32.87 32.92 32.97 33.00 33.04 33.07 33.10 33.12 33.14 33.16 33.17 33.18 33.19 33.19 33.20 33.20 33.20 33.19 33.19 33.18 33.17 33.16 33.15 33.13 33.10 33.08 33.05 33.03 33.00 32.97 32.93 32.88 32.84
31.05 31.10 31.12 31.15 31.17 30.98 31.06 31.05 31.01 30.12 29.74 31.02 29.07 28.54 31.10 31.12 31.16 31.19 31.24 31.28 31.32 31.36 31.41 31.45 31.49 31.54 31.57 31.61 31.65 31.70 31.74 31.77 31.81 31.84 31.88 31.91 31.95 31.99 32.05 32.16 32.26 32.35 32.45 32.53 32.62 32.69 32.76 32.82 32.87 32.92 32.96 33.01 33.03 33.06 33.08 33.11 33.13 33.14 33.15 33.16 33.17 33.17 33.17 33.17 33.17 33.16 33.15 33.15 33.13 33.12 33.10 33.09 33.06 33.04 33.01 32.98 32.94 32.90 32.86 32.82
31.03 31.06 31.09 31.11 31.01 31.11 31.11 31.09 30.97 30.52 29.74 29.68 29.25 30.14 30.90 30.74 31.11 31.15 31.19 31.23 31.27 31.31 31.36 31.40 31.45 31.49 31.53 31.58 31.61 31.65 31.69 31.72 31.77 31.81 31.84 31.88 31.91 31.94 31.98 32.06 32.17 32.28 32.37 32.47 32.55 32.63 32.71 32.77 32.82 32.88 32.93 32.97 33.00 33.03 33.06 33.08 33.09 33.11 33.12 33.13 33.14 33.15 33.14 33.15 33.14 33.14 33.13 33.12 33.10 33.10 33.08 33.06 33.03 33.01 32.98 32.95 32.91 32.88 32.84 32.80
30.99 31.03 31.05 31.08 31.08 30.79 31.06 31.02 31.00 30.89 30.29 29.39 29.67 30.27 30.92 30.90 30.43 30.80 30.95 31.18 31.23 31.27 31.32 31.36 31.40 31.44 31.49 31.53 31.57 31.24 31.65 31.69 31.72 31.76 31.80 31.84 31.87 31.91 31.93 31.98 32.08 32.19 32.29 32.40 32.48 32.57 32.65 32.72 32.78 32.84 32.88 32.92 32.96 32.99 33.02 33.04 33.07 33.08 33.09 33.10 33.10 33.11 33.12 33.12 33.12 33.11 33.10 33.10 33.08 33.07 33.05 33.03 33.02 32.99 32.96 32.93 32.90 32.86 32.82 32.78
30.97 31.00 31.04 31.06 31.06 30.52 30.72 30.70 30.76 30.89 30.71 30.53 30.25 30.13 30.71 29.12 29.74 30.85 31.07 31.14 31.19 31.22 31.27 31.31 31.36 31.40 31.44 31.48 31.53 31.57 31.60 31.65 31.69 31.72 31.76 31.80 31.83 31.86 31.89 31.93 32.00 32.11 32.21 32.32 32.43 32.51 32.59 32.67 32.73 32.79 32.84 32.89 32.93 32.96 32.99 33.01 33.03 33.05 33.07 33.07 33.08 33.08 33.09 33.10 33.09 33.08 33.08 33.07 33.06 33.04 33.03 33.01 32.99 32.96 32.93 32.90 32.87 32.84 32.80 32.76
30.97 30.99 31.04 31.05 31.04 30.77 30.76 30.78 30.88 30.76 30.66 30.66 30.61 30.51 29.23 28.64 29.59 30.93 30.72 31.07 31.14 31.18 31.23 31.27 31.31 31.36 31.40 31.45 31.48 31.53 31.57 31.60 31.65 31.68 31.72 31.75 31.80 31.83 31.86 31.89 31.93 32.03 32.15 32.25 32.36 32.45 32.54 32.62 32.68 32.75 32.80 32.85 32.89 32.93 32.96 32.98 33.01 33.02 33.03 33.05 33.05 33.06 33.06 33.07 33.06 33.06 33.05 33.04 33.04 33.02 33.00 32.98 32.96 32.95 32.92 32.88 32.85 32.82 32.77 32.73
30.98 31.03 31.06 31.06 31.06 30.91 30.84 30.75 30.82 30.56 30.63 30.67 30.64 30.48 30.46 29.24 30.32 30.43 29.92 30.94 30.30 31.14 31.18 31.22 31.27 31.32 31.35 31.40 31.45 31.48 31.53 31.57 31.61 31.65 31.68 31.72 31.75 31.79 31.83 31.86 31.89 31.95 32.07 32.19 32.29 32.40 32.49 32.56 32.64 32.71 32.76 32.81 32.85 32.89 32.92 32.95 32.97 32.99 33.01 33.02 33.03 33.03 33.04 33.03 33.04 33.03 33.03 33.02 33.01 32.99 32.99 32.97 32.94 32.92 32.89 32.86 32.83 32.80 32.76 32.72
30.99 31.05 31.10 31.10 31.08 30.99 30.92 30.62 30.79 30.66 30.74 30.68 30.58 30.20 30.12 29.85 30.43 29.84 29.00 30.05 29.80 31.08 31.01 31.16 31.22 31.27 31.32 31.36 31.40 31.45 31.48 31.53 31.56 31.61 31.64 31.68 31.72 31.75 31.79 31.82 31.85 31.89 32.00 32.12 32.24 32.34 32.44 32.52 32.59 32.67 32.73 32.78 32.82 32.86 32.89 32.92 32.95 32.96 32.98 32.99 33.00 33.01 33.01 33.01 33.01 33.01 33.00 32.99 32.99 32.97 32.96 32.94 32.92 32.89 32.87 32.84 32.81 32.77 32.73 32.69
31.04 31.11 31.16 31.17 31.15 31.12 31.04 30.89 30.88 30.82 30.74 30.65 30.58 30.43 30.06 29.55 29.77 29.29 28.82 29.04 29.03 29.12 29.85 30.75 31.14 31.20 31.27 31.32 31.36 31.40 31.44 31.49 31.52 31.57 31.60 31.64 31.68 31.72 31.75 31.78 31.81 31.85 31.93 32.05 32.17 32.28 32.38 32.47 32.56 32.62 32.68 32.74 32.78 32.82 32.86 32.89 32.91 32.94 32.95 32.96 32.98 32.98 32.99 32.99 32.99 32.98 32.98 32.97 32.96 32.95 32.93 32.92 32.90 32.88 32.85 32.82 32.79 32.76 32.72 32.67
31.11 31.18 31.26 31.25 31.23 31.19 31.13 31.04 30.95 30.85 30.73 30.59 30.56 30.48 30.25 29.78 29.86 29.46 27.92 28.45 28.99 28.89 29.17 30.93 31.06 31.13 31.23 30.03 31.31 31.36 31.41 31.45 31.49 31.53 31.56 31.61 31.64 31.67 31.71 31.74 31.77 31.80 31.87 31.99 32.11 32.23 32.33 32.43 32.51 32.58 32.65 32.70 32.75 32.79 32.83 32.86 32.89 32.90 32.92 32.94 32.95 32.96 32.96 32.97 32.96 32.97 32.96 32.95 32.93 32.93 32.91 32.90 32.87 32.85 32.83 32.80 32.77 32.73 32.70 32.66
31.21 31.29 31.35 31.36 31.33 31.28 31.21 31.11 30.99 30.87 30.69 30.66 30.57 30.49 30.49 29.84 29.61 29.84 28.32 28.84 29.16 29.19 29.42 30.59 30.80 30.72 31.19 31.23 31.28 31.32 31.37 31.40 31.44 31.49 31.52 31.57 31.60 31.63 31.66 31.70 31.73 31.76 31.80 31.92 32.06 32.17 32.28 32.37 32.47 32.54 32.61 32.66 32.71 32.76 32.79 32.83 32.86 32.88 32.89 32.91 32.92 32.93 32.94 32.94 32.94 32.94 32.93 32.93 32.92 32.90 32.89 32.87 32.85 32.83 32.80 32.77 32.74 32.71 32.68 32.64
31.36 31.45 31.50 31.49 31.45 31.39 31.31 31.18 31.04 30.80 30.53 30.60 30.53 30.53 30.46 30.31 30.03 29.79 29.77 29.84 29.71 30.30 30.18 30.91 30.71 30.47 31.14 31.19 31.24 31.27 31.31 31.36 31.40 31.45 31.48 31.52 31.55 31.59 31.63 31.66 31.69 31.72 31.76 31.86 31.99 32.12 32.23 32.33 32.42 32.49 32.57 32.63 32.68 32.73 32.77 32.80 32.83 32.85 32.87 32.89 32.89 32.91 32.91 32.92 32.91 32.91 32.91 32.90 32.89 32.88 32.87 32.85 32.83 32.81 32.79 32.76 32.73 32.70 32.66 32.62
31.51 31.58 31.65 31.66 31.61 31.53 31.39 31.24 31.08 30.84 30.63 30.54 30.34 30.53 30.43 30.39 30.22 29.95 29.72 29.63 29.87 30.56 30.38 30.83 30.95 31.04 31.10 31.14 31.19 31.23 31.27 31.32 31.36 31.40 31.43 31.48 31.51 31.55 31.58 31.61 31.64 31.67 31.71 31.80 31.94 32.06 32.18 32.28 32.38 32.46 32.53 32.59 32.64 32.69 32.73 32.77 32.80 32.82 32.84 32.86 32.87 32.88 32.89 32.89 32.90 32.89 32.88 32.88 32.87 32.86 32.85 32.83 32.81 32.79 32.76 32.74 32.71 32.68 32.64 32.61
31.69 31.78 31.88 31.79 31.75 31.64 31.48 31.32 31.16 30.93 30.67 30.67 30.47 30.41 30.48 30.49 29.76 29.91 29.62 30.19 30.42 29.74 30.74 30.87 30.63 31.02 31.05 31.10 31.15 31.19 31.23 31.27 31.31 31.35 31.39 31.43 31.47 31.50 31.53 31.56 31.60 31.63 31.66 31.74 31.87 32.01 32.12 32.23 32.33 32.41 32.49 32.56 32.61 32.66 32.70 32.74 32.76 32.79 32.81 32.83 32.84 32.86 32.86 32.87 32.87 32.86 32.87 32.86 32.85 32.84 32.82 32.80 32.80 32.77 32.75 32.72 32.70 32.66 32.62 32.58
31.99 32.10 32.07 31.88 31.88 31.72 31.56 31.34 31.21 31.07 30.87 30.81 30.70 30.61 30.52 30.38 30.30 30.30 29.67 29.41 29.48 29.99 30.11 30.54 30.58 30.97 31.01 31.05 31.09 31.14 31.18 31.22 31.26 31.30 31.35 31.38 31.42 31.45 31.48 31.51 31.54 31.57 31.60 31.68 31.81 31.94 32.07 32.18 32.28 32.37 32.44 32.51 32.57 32.62 32.66 32.70 32.74 32.77 32.78 32.80 32.82 32.83 32.84 32.84 32.84 32.84 32.84 32.83 32.83 32.82 32.81 32.79 32.77 32.75 32.73 32.70 32.67 32.64 32.61 32.57
