main/data/pressure/17.01.2023.grid
ncols 886
nrows 691
xllcenter 112.0000
yllcenter -44.5000
cellsize 0.0500
nodata_value 99999.90
[rows 476 to 509 of 691, columns 0 to 76 of 886]
10.75 10.76 10.76 10.76 10.76 10.76 10.76 10.76 10.77 10.77 10.78 10.78 10.78 10.79 10.78 10.78 10.78 10.79 10.79 10.79 10.78 10.78 10.77 10.77 10.76 10.74 10.72 10.70 10.67 10.63 10.59 10.54 10.48 10.41 10.33 10.24 10.12 10.00 9.87 9.72 9.57 9.49 9.53 9.57 9.62 9.67 9.72 9.78 9.83 9.89 9.94 10.00 10.06 10.12 10.18 10.24 10.29 10.36 10.41 10.46 10.31 10.17 10.07 10.35 10.35 10.42 10.33 10.56 10.21 10.22 10.18 10.26 10.43 10.50 10.56 10.51 10.35
10.75 10.76 10.75 10.75 10.76 10.76 10.76 10.77 10.77 10.77 10.78 10.78 10.78 10.78 10.78 10.78 10.79 10.79 10.79 10.79 10.79 10.78 10.77 10.77 10.76 10.75 10.73 10.70 10.68 10.64 10.61 10.55 10.49 10.43 10.35 10.26 10.15 10.03 9.90 9.76 9.61 9.53 9.56 9.60 9.65 9.70 9.76 9.81 9.87 9.92 9.98 10.04 10.09 10.15 10.21 10.28 10.34 10.39 10.46 10.51 10.53 10.14 10.09 10.32 10.26 10.14 10.28 10.29 10.30 10.22 10.22 10.46 10.58 10.64 10.57 10.61 10.37
10.75 10.75 10.75 10.75 10.76 10.76 10.76 10.77 10.77 10.77 10.78 10.78 10.78 10.78 10.78 10.78 10.79 10.79 10.79 10.79 10.79 10.79 10.79 10.77 10.76 10.75 10.74 10.72 10.69 10.65 10.61 10.57 10.51 10.45 10.37 10.28 10.18 10.07 9.94 9.80 9.66 9.56 9.59 9.64 9.68 9.74 9.78 9.84 9.89 9.95 10.01 10.07 10.13 10.20 10.26 10.32 10.37 10.44 10.50 10.55 9.85 10.19 10.22 10.32 10.32 10.30 10.36 10.50 10.41 10.37 10.35 10.53 10.62 10.85 10.72 10.72 10.76
10.75 10.75 10.75 10.76 10.76 10.76 10.77 10.77 10.77 10.78 10.78 10.77 10.78 10.78 10.78 10.79 10.79 10.79 10.79 10.79 10.79 10.79 10.79 10.78 10.78 10.75 10.74 10.72 10.70 10.67 10.63 10.59 10.53 10.47 10.39 10.31 10.22 10.11 9.98 9.85 9.71 9.59 9.61 9.67 9.71 9.76 9.82 9.87 9.93 9.98 10.05 10.10 10.16 10.23 10.29 10.35 10.41 10.48 10.54 10.59 10.60 10.36 10.41 10.45 10.45 10.44 10.42 10.39 10.57 10.58 10.69 10.66 10.71 10.73 11.03 10.91 10.80
10.75 10.75 10.75 10.76 10.76 10.76 10.76 10.76 10.76 10.77 10.77 10.77 10.78 10.78 10.78 10.79 10.79 10.79 10.79 10.79 10.79 10.79 10.79 10.79 10.78 10.77 10.75 10.74 10.70 10.68 10.64 10.60 10.55 10.49 10.42 10.34 10.24 10.14 10.03 9.90 9.76 9.64 9.64 9.69 9.74 9.79 9.84 9.90 9.95 10.01 10.07 10.13 10.19 10.26 10.32 10.38 10.45 10.51 10.58 10.63 10.48 10.28 10.46 10.44 10.62 10.65 10.47 10.80 10.56 10.78 10.57 10.80 10.78 11.07 11.10 11.08 10.35
10.74 10.74 10.75 10.75 10.75 10.76 10.76 10.76 10.77 10.77 10.77 10.78 10.78 10.78 10.79 10.79 10.79 10.79 10.80 10.80 10.80 10.80 10.79 10.79 10.78 10.77 10.76 10.74 10.72 10.70 10.66 10.62 10.57 10.51 10.44 10.37 10.28 10.18 10.07 9.95 9.82 9.70 9.68 9.72 9.77 9.82 9.87 9.92 9.98 10.04 10.10 10.16 10.22 10.28 10.34 10.41 10.48 10.54 10.61 10.68 10.74 10.49 10.52 10.69 10.66 10.65 10.64 10.82 10.71 10.95 10.98 10.80 11.09 11.00 10.90 10.92 10.85
10.74 10.75 10.75 10.75 10.75 10.76 10.76 10.76 10.77 10.77 10.77 10.78 10.78 10.78 10.79 10.79 10.79 10.80 10.80 10.80 10.80 10.80 10.80 10.79 10.79 10.78 10.77 10.75 10.73 10.70 10.67 10.64 10.59 10.54 10.47 10.40 10.32 10.23 10.12 10.01 9.87 9.76 9.71 9.74 9.79 9.85 9.90 9.95 10.00 10.06 10.12 10.19 10.24 10.31 10.38 10.44 10.51 10.57 10.64 10.71 10.77 10.45 10.53 10.77 10.94 10.96 10.99 11.04 10.90 11.01 11.17 11.07 11.06 11.10 10.85 10.87 10.58
10.74 10.75 10.75 10.75 10.76 10.76 10.76 10.77 10.77 10.77 10.78 10.78 10.78 10.79 10.79 10.79 10.80 10.80 10.80 10.80 10.80 10.80 10.80 10.80 10.79 10.78 10.77 10.77 10.74 10.71 10.70 10.65 10.62 10.57 10.51 10.44 10.36 10.26 10.16 10.05 9.93 9.81 9.74 9.77 9.82 9.87 9.92 9.97 10.03 10.09 10.15 10.21 10.26 10.33 10.40 10.47 10.53 10.60 10.67 10.74 10.81 9.98 10.69 10.85 10.99 10.91 10.98 10.96 10.94 10.95 10.91 11.18 11.03 10.97 11.01 10.96 10.87
10.74 10.74 10.74 10.75 10.75 10.75 10.77 10.77 10.77 10.78 10.78 10.78 10.79 10.79 10.79 10.80 10.80 10.80 10.80 10.80 10.81 10.80 10.80 10.80 10.81 10.80 10.79 10.77 10.76 10.73 10.71 10.67 10.63 10.59 10.53 10.46 10.39 10.31 10.21 10.11 9.99 9.87 9.78 9.79 9.84 9.89 9.94 9.99 10.05 10.10 10.16 10.22 10.29 10.35 10.42 10.49 10.56 10.63 10.70 10.76 10.84 10.71 10.75 10.87 11.03 11.03 11.05 11.12 11.10 11.14 11.04 11.00 11.01 10.98 11.01 10.92 10.86
10.74 10.74 10.74 10.75 10.75 10.75 10.76 10.76 10.76 10.77 10.78 10.78 10.79 10.79 10.79 10.80 10.80 10.80 10.81 10.81 10.81 10.81 10.82 10.81 10.81 10.80 10.79 10.78 10.76 10.74 10.72 10.69 10.66 10.61 10.56 10.50 10.43 10.35 10.26 10.16 10.06 9.94 9.84 9.82 9.86 9.90 9.96 10.02 10.07 10.12 10.18 10.24 10.30 10.37 10.43 10.50 10.57 10.64 10.71 10.78 10.86 10.72 10.80 10.87 11.09 11.11 11.10 11.20 11.22 11.25 11.09 11.11 11.15 11.13 11.26 11.24 10.65
10.73 10.73 10.75 10.75 10.75 10.76 10.76 10.76 10.77 10.77 10.77 10.78 10.79 10.79 10.80 10.80 10.80 10.81 10.81 10.81 10.81 10.82 10.82 10.82 10.81 10.81 10.80 10.79 10.77 10.76 10.74 10.71 10.68 10.63 10.58 10.53 10.46 10.40 10.31 10.22 10.12 10.01 9.90 9.85 9.88 9.93 9.98 10.03 10.08 10.13 10.19 10.25 10.32 10.38 10.45 10.51 10.58 10.66 10.73 10.80 10.88 10.95 10.17 11.05 11.11 11.18 11.20 11.23 11.29 11.33 11.33 11.34 11.34 11.36 11.43 11.25 11.16
10.73 10.74 10.74 10.74 10.75 10.76 10.76 10.77 10.77 10.77 10.78 10.78 10.78 10.79 10.80 10.80 10.81 10.81 10.81 10.81 10.82 10.82 10.82 10.82 10.82 10.81 10.81 10.80 10.79 10.77 10.75 10.72 10.69 10.66 10.62 10.56 10.50 10.43 10.35 10.28 10.18 10.08 9.97 9.88 9.90 9.94 9.99 10.04 10.09 10.15 10.21 10.27 10.32 10.40 10.46 10.53 10.59 10.67 10.74 10.82 10.90 10.97 11.05 11.10 11.18 11.23 11.29 11.34 11.38 11.41 11.37 11.39 11.39 11.32 11.48 11.53 11.32
10.73 10.74 10.74 10.75 10.75 10.75 10.76 10.76 10.77 10.78 10.78 10.78 10.79 10.79 10.79 10.81 10.81 10.81 10.81 10.82 10.83 10.83 10.83 10.83 10.82 10.82 10.82 10.81 10.80 10.78 10.76 10.75 10.72 10.68 10.64 10.59 10.54 10.48 10.40 10.32 10.24 10.14 10.04 9.94 9.91 9.96 10.00 10.05 10.11 10.16 10.21 10.28 10.34 10.40 10.46 10.53 10.60 10.68 10.75 10.83 10.90 10.98 11.06 11.13 11.19 11.25 11.30 11.35 11.40 11.46 11.51 11.29 11.39 11.44 11.49 11.59 11.24
10.73 10.73 10.74 10.74 10.75 10.75 10.76 10.76 10.76 10.78 10.78 10.79 10.79 10.79 10.80 10.80 10.81 10.81 10.82 10.82 10.83 10.83 10.83 10.83 10.83 10.82 10.83 10.82 10.81 10.79 10.79 10.76 10.73 10.70 10.67 10.62 10.57 10.51 10.45 10.37 10.29 10.21 10.11 10.01 9.94 9.97 10.01 10.06 10.12 10.17 10.22 10.28 10.34 10.41 10.47 10.54 10.61 10.68 10.75 10.83 10.91 10.98 11.06 11.13 11.19 11.25 11.31 11.37 11.42 11.47 11.52 11.57 11.62 10.89 11.58 11.72 11.65
10.73 10.74 10.74 10.74 10.74 10.75 10.76 10.76 10.77 10.77 10.77 10.79 10.79 10.79 10.80 10.80 10.81 10.82 10.82 10.82 10.83 10.84 10.84 10.84 10.83 10.84 10.83 10.83 10.82 10.81 10.80 10.78 10.76 10.73 10.69 10.65 10.61 10.55 10.49 10.43 10.35 10.26 10.18 10.08 10.00 9.98 10.02 10.07 10.12 10.17 10.22 10.29 10.34 10.41 10.47 10.54 10.61 10.68 10.75 10.83 10.90 10.98 11.06 11.12 11.19 11.26 11.31 11.37 11.43 11.49 11.54 11.59 11.63 11.68 11.47 11.19 11.23
10.73 10.73 10.73 10.74 10.75 10.75 10.75 10.77 10.77 10.77 10.78 10.78 10.79 10.80 10.80 10.80 10.82 10.82 10.82 10.83 10.83 10.84 10.84 10.84 10.84 10.85 10.84 10.83 10.84 10.82 10.81 10.79 10.78 10.75 10.71 10.68 10.64 10.59 10.54 10.47 10.40 10.33 10.24 10.16 10.07 10.01 10.03 10.07 10.13 10.18 10.24 10.29 10.35 10.41 10.48 10.54 10.61 10.68 10.76 10.83 10.91 10.98 11.05 11.12 11.19 11.26 11.32 11.38 11.44 11.50 11.55 11.61 11.66 11.71 11.75 11.78 11.40
10.73 10.73 10.73 10.74 10.75 10.75 10.76 10.76 10.76 10.78 10.78 10.78 10.79 10.80 10.80 10.81 10.81 10.82 10.83 10.83 10.83 10.84 10.84 10.84 10.85 10.85 10.85 10.84 10.84 10.83 10.82 10.81 10.79 10.76 10.74 10.71 10.67 10.63 10.57 10.52 10.45 10.38 10.31 10.22 10.14 10.06 10.05 10.08 10.13 10.18 10.23 10.29 10.35 10.41 10.48 10.54 10.61 10.68 10.75 10.82 10.90 10.97 11.05 11.12 11.19 11.26 11.32 11.39 11.45 11.51 11.57 11.62 11.68 11.73 11.78 11.82 11.86
10.72 10.72 10.74 10.74 10.74 10.75 10.76 10.76 10.77 10.77 10.78 10.79 10.79 10.79 10.81 10.81 10.81 10.82 10.83 10.83 10.84 10.85 10.85 10.85 10.86 10.86 10.85 10.86 10.85 10.84 10.83 10.82 10.81 10.79 10.76 10.73 10.70 10.66 10.62 10.56 10.51 10.44 10.37 10.30 10.22 10.14 10.08 10.09 10.13 10.19 10.23 10.29 10.36 10.41 10.48 10.54 10.61 10.67 10.75 10.82 10.90 10.97 11.04 11.12 11.19 11.26 11.33 11.39 11.46 11.52 11.59 11.64 11.70 11.76 11.81 11.86 11.90
10.73 10.73 10.73 10.73 10.75 10.75 10.75 10.76 10.77 10.77 10.78 10.79 10.79 10.80 10.80 10.81 10.82 10.82 10.83 10.84 10.84 10.85 10.85 10.85 10.86 10.86 10.86 10.87 10.86 10.85 10.85 10.84 10.82 10.81 10.78 10.76 10.73 10.70 10.65 10.61 10.56 10.49 10.43 10.36 10.30 10.22 10.15 10.12 10.14 10.19 10.24 10.30 10.35 10.41 10.48 10.54 10.61 10.67 10.75 10.82 10.90 10.97 11.04 11.11 11.19 11.26 11.33 11.40 11.47 11.54 11.60 11.66 11.72 11.78 11.84 11.90 11.95
10.72 10.72 10.73 10.74 10.74 10.74 10.76 10.76 10.76 10.78 10.78 10.78 10.79 10.80 10.80 10.81 10.82 10.82 10.83 10.84 10.84 10.85 10.86 10.86 10.87 10.87 10.87 10.87 10.87 10.86 10.86 10.85 10.84 10.82 10.80 10.79 10.75 10.73 10.69 10.65 10.60 10.55 10.49 10.43 10.36 10.30 10.23 10.17 10.16 10.19 10.24 10.29 10.35 10.42 10.47 10.54 10.61 10.67 10.75 10.82 10.89 10.97 11.04 11.11 11.19 11.26 11.34 11.41 11.48 11.54 11.61 11.68 11.74 11.81 11.87 11.93 11.99
10.72 10.72 10.73 10.73 10.74 10.75 10.75 10.76 10.77 10.77 10.78 10.79 10.79 10.79 10.81 10.81 10.81 10.83 10.83 10.84 10.85 10.85 10.86 10.86 10.87 10.87 10.87 10.88 10.88 10.88 10.87 10.86 10.86 10.84 10.83 10.81 10.79 10.76 10.73 10.69 10.65 10.60 10.55 10.49 10.44 10.37 10.31 10.26 10.20 10.21 10.24 10.30 10.36 10.41 10.48 10.54 10.60 10.68 10.74 10.82 10.89 10.97 11.04 11.12 11.19 11.26 11.34 11.41 11.48 11.56 11.63 11.70 11.77 11.83 11.89 11.96 12.03
10.72 10.72 10.73 10.73 10.74 10.75 10.75 10.76 10.77 10.77 10.78 10.79 10.79 10.80 10.81 10.81 10.82 10.83 10.83 10.84 10.85 10.85 10.87 10.87 10.87 10.88 10.88 10.89 10.88 10.88 10.88 10.87 10.87 10.86 10.85 10.83 10.81 10.78 10.76 10.72 10.69 10.65 10.61 10.56 10.51 10.46 10.39 10.34 10.29 10.24 10.26 10.31 10.35 10.42 10.48 10.54 10.61 10.67 10.75 10.82 10.90 10.97 11.05 11.12 11.20 11.28 11.35 11.43 11.50 11.57 11.64 11.71 11.79 11.85 11.92 11.99 12.06
10.72 10.72 10.72 10.74 10.74 10.74 10.76 10.76 10.76 10.78 10.78 10.78 10.80 10.80 10.80 10.82 10.82 10.83 10.84 10.84 10.85 10.86 10.86 10.87 10.87 10.88 10.88 10.89 10.89 10.89 10.89 10.88 10.88 10.88 10.87 10.86 10.84 10.82 10.79 10.77 10.73 10.70 10.66 10.62 10.58 10.52 10.48 10.42 10.37 10.33 10.29 10.31 10.36 10.41 10.48 10.55 10.61 10.68 10.76 10.82 10.90 10.97 11.05 11.13 11.20 11.28 11.36 11.44 11.51 11.59 11.66 11.73 11.81 11.87 11.95 12.02 12.08
10.71 10.72 10.73 10.73 10.73 10.75 10.75 10.75 10.77 10.77 10.78 10.79 10.79 10.80 10.81 10.81 10.83 10.83 10.84 10.85 10.85 10.86 10.86 10.88 10.88 10.89 10.89 10.89 10.90 10.89 10.90 10.89 10.90 10.89 10.88 10.88 10.86 10.85 10.82 10.80 10.77 10.74 10.72 10.67 10.64 10.59 10.55 10.51 10.46 10.42 10.38 10.36 10.37 10.43 10.49 10.55 10.62 10.68 10.76 10.83 10.90 10.98 11.06 11.13 11.22 11.29 11.37 11.45 11.52 11.60 11.67 11.74 11.82 11.90 11.96 12.03 12.10
10.71 10.72 10.72 10.74 10.74 10.74 10.75 10.76 10.76 10.77 10.78 10.79 10.80 10.80 10.81 10.82 10.82 10.83 10.84 10.85 10.85 10.87 10.87 10.87 10.88 10.88 10.89 10.89 10.90 10.90 10.91 10.91 10.91 10.90 10.90 10.89 10.88 10.87 10.85 10.83 10.82 10.78 10.76 10.72 10.69 10.66 10.62 10.58 10.55 10.50 10.47 10.44 10.43 10.44 10.49 10.55 10.62 10.69 10.76 10.84 10.92 10.99 11.07 11.14 11.22 11.30 11.38 11.46 11.54 11.62 11.69 11.77 11.84 11.91 11.99 12.05 12.12
10.71 10.71 10.73 10.73 10.73 10.75 10.75 10.76 10.76 10.77 10.78 10.79 10.79 10.80 10.81 10.82 10.82 10.84 10.84 10.84 10.86 10.86 10.87 10.88 10.89 10.89 10.90 10.90 10.91 10.91 10.92 10.91 10.92 10.91 10.91 10.91 10.90 10.89 10.87 10.86 10.85 10.82 10.80 10.78 10.75 10.72 10.69 10.65 10.62 10.60 10.56 10.53 10.52 10.50 10.51 10.57 10.63 10.70 10.77 10.84 10.92 11.00 11.08 11.15 11.24 11.31 11.39 11.47 11.55 11.62 11.71 11.78 11.85 11.93 11.99 12.07 12.14
10.70 10.72 10.72 10.72 10.74 10.74 10.75 10.76 10.76 10.77 10.78 10.79 10.79 10.80 10.81 10.81 10.83 10.83 10.84 10.85 10.86 10.86 10.88 10.88 10.89 10.89 10.91 10.91 10.92 10.92 10.93 10.92 10.93 10.92 10.93 10.93 10.92 10.91 10.90 10.89 10.88 10.86 10.84 10.83 10.80 10.77 10.75 10.72 10.70 10.67 10.64 10.62 10.60 10.59 10.58 10.60 10.65 10.71 10.78 10.86 10.93 11.01 11.09 11.17 11.24 11.33 11.40 11.49 11.56 11.64 11.71 11.79 11.87 11.94 12.01 12.08 12.15
10.71 10.71 10.72 10.73 10.73 10.74 10.75 10.76 10.76 10.77 10.78 10.78 10.80 10.80 10.80 10.82 10.82 10.83 10.84 10.85 10.85 10.87 10.87 10.88 10.89 10.90 10.90 10.91 10.91 10.92 10.93 10.93 10.94 10.93 10.94 10.94 10.93 10.93 10.92 10.92 10.91 10.89 10.88 10.87 10.84 10.82 10.81 10.79 10.76 10.74 10.73 10.70 10.69 10.68 10.67 10.67 10.69 10.74 10.79 10.87 10.94 11.02 11.11 11.18 11.26 11.34 11.42 11.50 11.58 11.65 11.74 11.81 11.88 11.95 12.03 12.09 12.16
10.70 10.71 10.72 10.72 10.73 10.74 10.75 10.75 10.76 10.77 10.77 10.79 10.79 10.80 10.81 10.82 10.82 10.84 10.84 10.85 10.86 10.87 10.87 10.89 10.89 10.90 10.91 10.92 10.92 10.93 10.93 10.94 10.95 10.94 10.95 10.96 10.95 10.95 10.94 10.94 10.93 10.92 10.91 10.90 10.88 10.87 10.86 10.83 10.82 10.81 10.79 10.77 10.77 10.76 10.76 10.75 10.77 10.79 10.82 10.89 10.96 11.04 11.12 11.19 11.28 11.35 11.44 11.51 11.59 11.67 11.75 11.82 11.90 11.96 12.04 12.10 12.17
10.70 10.71 10.71 10.72 10.73 10.74 10.74 10.75 10.76 10.76 10.78 10.78 10.79 10.80 10.81 10.81 10.83 10.83 10.85 10.85 10.86 10.87 10.88 10.88 10.90 10.90 10.91 10.91 10.92 10.94 10.94 10.95 10.96 10.95 10.96 10.96 10.96 10.97 10.96 10.96 10.96 10.95 10.94 10.94 10.92 10.91 10.90 10.88 10.87 10.87 10.86 10.84 10.84 10.83 10.84 10.83 10.84 10.86 10.88 10.92 10.99 11.05 11.13 11.21 11.29 11.38 11.45 11.53 11.61 11.69 11.76 11.84 11.91 11.98 12.05 12.12 12.18
10.70 10.70 10.71 10.72 10.73 10.73 10.74 10.75 10.75 10.77 10.77 10.78 10.79 10.80 10.80 10.82 10.82 10.84 10.84 10.85 10.86 10.87 10.87 10.89 10.89 10.90 10.92 10.92 10.93 10.93 10.94 10.95 10.95 10.96 10.96 10.97 10.98 10.97 10.98 10.98 10.97 10.97 10.97 10.97 10.95 10.95 10.94 10.93 10.92 10.92 10.91 10.90 10.90 10.90 10.89 10.90 10.91 10.93 10.95 10.98 11.03 11.08 11.15 11.22 11.31 11.38 11.47 11.54 11.62 11.70 11.78 11.85 11.92 11.99 12.06 12.13 12.20
10.69 10.71 10.71 10.71 10.72 10.73 10.74 10.74 10.76 10.76 10.77 10.78 10.79 10.79 10.81 10.81 10.83 10.83 10.84 10.85 10.86 10.87 10.88 10.89 10.89 10.91 10.91 10.92 10.94 10.94 10.95 10.95 10.96 10.97 10.97 10.98 10.99 10.98 10.99 11.00 10.99 10.99 10.99 10.98 10.98 10.98 10.98 10.97 10.97 10.96 10.96 10.95 10.95 10.96 10.95 10.96 10.98 10.99 11.01 11.04 11.07 11.12 11.18 11.24 11.33 11.40 11.48 11.56 11.64 11.71 11.79 11.86 11.93 12.01 12.08 12.14 12.20
10.70 10.70 10.70 10.72 10.72 10.73 10.73 10.75 10.75 10.76 10.77 10.78 10.79 10.80 10.80 10.82 10.82 10.83 10.84 10.85 10.86 10.87 10.88 10.88 10.90 10.90 10.91 10.93 10.93 10.94 10.95 10.96 10.97 10.97 10.98 10.99 10.99 11.00 11.00 11.00 11.01 11.01 11.01 11.01 11.01 11.01 11.00 11.00 11.00 11.01 11.00 11.00 11.00 11.01 11.01 11.02 11.03 11.04 11.07 11.09 11.12 11.17 11.21 11.27 11.35 11.42 11.50 11.57 11.66 11.73 11.80 11.88 11.95 12.02 12.09 12.16 12.21
10.69 10.69 10.71 10.71 10.72 10.73 10.74 10.74 10.76 10.76 10.77 10.78 10.79 10.79 10.81 10.81 10.82 10.83 10.84 10.84 10.86 10.87 10.88 10.89 10.89 10.91 10.92 10.92 10.93 10.95 10.95 10.96 10.96 10.98 10.99 10.99 11.00 11.01 11.01 11.01 11.02 11.03 11.02 11.03 11.03 11.03 11.03 11.03 11.04 11.03 11.03 11.04 11.04 11.04 11.05 11.06 11.07 11.09 11.11 11.13 11.17 11.21 11.25 11.30 11.36 11.43 11.51 11.59 11.66 11.74 11.82 11.89 11.96 12.03 12.10 12.17 12.23
