main/data/pressure/17.03.2023.grid
ncols 886
nrows 691
xllcenter 112.0000
yllcenter -44.5000
cellsize 0.0500
nodata_value 99999.90
[rows 245 to 279 of 691, columns 640 to 719 of 886]
23.89 24.24 24.55 24.83 25.11 25.40 25.65 25.87 26.05 26.22 26.38 26.54 26.73 26.92 27.09 27.15 27.22 27.36 27.54 27.71 27.83 27.98 28.07 28.13 28.21 28.26 28.32 28.36 28.33 28.16 27.91 27.75 27.74 27.79 27.87 27.93 27.98 28.05 28.00 27.97 27.89 27.78 27.74 27.81 27.69 27.46 27.29 27.38 27.47 27.58 27.55 27.46 27.37 27.23 27.06 26.97 26.90 26.75 26.62 26.43 26.22 26.21 26.18 26.22 26.20 26.20 26.28 26.31 26.31 26.07 26.30 26.39 26.38 26.41 26.39 26.51 26.41 26.36 25.96 26.63
23.89 24.21 24.52 24.81 25.08 25.36 25.63 25.87 26.08 26.28 26.45 26.58 26.79 27.00 27.22 27.32 27.44 27.58 27.76 27.94 28.08 28.22 28.32 28.40 28.47 28.55 28.59 28.61 28.60 28.40 28.09 28.02 28.07 28.19 28.23 28.26 28.29 28.25 28.19 28.14 28.01 27.89 27.79 27.80 27.79 27.65 27.57 27.51 27.53 27.58 27.55 27.44 27.33 27.20 27.07 26.95 26.81 26.67 26.48 26.28 26.07 26.03 26.07 26.08 26.19 26.16 26.17 26.23 26.20 26.10 26.16 26.23 26.31 26.28 26.26 26.36 26.44 26.26 26.14 26.39
23.84 24.16 24.46 24.78 25.07 25.35 25.61 25.82 26.12 26.34 26.53 26.68 26.90 27.12 27.37 27.52 27.68 27.87 28.04 28.21 28.37 28.50 28.62 28.71 28.80 28.86 28.91 28.92 28.92 28.77 28.49 28.38 28.38 28.54 28.59 28.60 28.54 28.42 28.35 28.23 28.11 28.02 27.93 27.86 27.74 27.77 27.56 27.50 27.55 27.59 27.55 27.43 27.29 27.16 27.03 26.87 26.71 26.55 26.33 26.11 25.96 25.99 25.98 26.03 26.13 26.09 26.11 26.01 25.98 26.03 26.06 26.08 26.13 26.23 26.27 26.25 25.61 26.37 26.18 26.33
23.76 24.05 24.31 24.66 25.00 25.34 25.61 25.82 26.09 26.41 26.65 26.86 27.08 27.34 27.55 27.71 27.95 28.16 28.35 28.53 28.70 28.85 28.97 29.08 29.17 29.22 29.28 29.29 29.30 29.27 28.96 28.83 28.86 28.98 28.98 28.90 28.82 28.71 28.58 28.40 28.30 28.19 28.08 27.98 27.89 27.73 27.49 27.27 27.44 27.54 27.50 27.42 27.27 27.12 26.98 26.77 26.59 26.40 26.20 25.98 25.91 25.95 25.95 25.94 26.02 25.99 26.06 26.01 25.94 25.97 26.04 26.02 26.01 26.14 26.19 26.20 26.26 26.20 26.27 26.15
23.66 23.97 24.25 24.60 24.95 25.32 25.63 25.85 26.12 26.42 26.71 27.03 27.27 27.51 27.76 28.00 28.26 28.48 28.70 28.90 29.08 29.24 29.38 29.50 29.60 29.66 29.72 29.72 29.73 29.70 29.47 29.30 29.44 29.21 29.30 29.20 29.08 28.99 28.88 28.74 28.55 28.37 28.25 28.17 28.04 27.84 27.52 27.37 27.47 27.59 27.54 27.42 27.26 27.11 26.82 26.64 26.47 26.26 26.05 25.86 25.88 25.90 25.93 25.92 25.99 25.87 25.83 26.02 26.00 25.97 26.05 25.96 25.81 25.98 26.04 26.13 26.18 25.77 25.90 26.16
23.54 23.96 24.32 24.64 24.95 25.29 25.68 25.95 26.23 26.52 26.84 27.17 27.45 27.72 28.02 28.29 28.57 28.82 29.08 29.31 29.51 29.66 29.84 29.96 30.08 30.16 30.21 30.21 30.22 30.21 30.12 30.05 29.82 29.56 29.67 29.53 29.38 29.27 29.14 28.87 28.75 28.47 28.42 28.36 28.22 28.12 28.00 27.87 27.78 27.67 27.56 27.42 27.26 27.06 26.74 26.50 26.37 26.13 25.90 25.75 25.83 25.80 25.91 25.90 25.89 25.76 25.63 25.82 25.98 25.94 26.03 25.90 25.95 25.94 25.94 26.02 25.99 25.78 25.45 25.74
23.55 23.97 24.33 24.68 25.02 25.36 25.71 26.05 26.38 26.68 27.01 27.36 27.66 27.95 28.24 28.58 28.85 29.16 29.46 29.73 30.01 30.23 30.38 30.52 30.64 30.74 30.80 30.79 30.77 30.80 30.72 30.56 30.37 29.99 30.10 29.99 29.80 29.62 29.44 29.24 28.98 28.69 28.59 28.51 28.36 28.16 27.81 27.80 27.79 27.74 27.61 27.44 27.26 27.06 26.75 26.36 26.24 26.04 25.78 25.71 25.78 25.49 25.89 25.87 25.85 25.80 25.52 25.49 25.76 25.92 26.01 26.08 26.04 25.95 25.92 25.96 25.68 26.09 25.64 25.32
23.55 23.95 24.30 24.64 24.98 25.34 25.70 26.08 26.46 26.83 27.17 27.55 27.90 28.25 28.57 28.86 29.16 29.51 29.91 30.21 30.51 30.77 31.00 31.16 31.31 31.36 31.43 31.46 31.41 31.36 31.34 31.20 31.06 30.88 30.71 30.51 30.28 30.03 29.76 29.47 29.21 28.92 28.80 28.69 28.47 28.18 27.90 27.82 27.86 27.78 27.65 27.48 27.26 27.05 26.73 26.22 25.70 25.68 25.63 25.62 25.71 25.82 25.88 25.85 25.78 25.64 25.43 25.28 25.50 25.71 25.91 25.99 25.93 25.86 25.96 26.12 26.02 25.83 25.79 25.30
23.52 23.91 24.30 24.65 24.98 25.37 25.75 26.14 26.55 26.95 27.38 27.78 28.16 28.53 28.93 29.24 29.59 29.96 30.36 30.78 31.15 31.48 31.72 31.90 31.96 32.10 32.19 32.23 32.20 32.09 32.02 31.86 31.57 31.35 31.20 31.06 30.80 30.52 30.19 29.77 29.54 29.23 29.10 28.86 28.61 28.27 27.88 27.73 27.84 27.81 27.70 27.50 27.28 27.03 26.65 26.34 25.71 25.66 25.43 25.43 25.69 25.83 25.86 25.88 25.85 25.68 25.43 25.23 25.41 25.65 25.84 25.99 26.05 26.17 26.23 26.43 26.44 26.39 26.39 26.20
23.59 23.94 24.32 24.70 25.05 25.43 25.82 26.23 26.65 27.08 27.54 28.03 28.50 28.93 29.36 29.74 30.17 30.58 30.99 31.48 31.90 32.29 32.56 32.79 32.94 33.03 33.10 33.14 33.17 33.06 32.83 32.60 32.26 31.86 31.72 31.58 31.37 31.03 30.68 30.30 29.92 29.60 29.37 29.09 28.71 28.33 27.96 27.92 28.00 27.92 27.76 27.55 27.31 27.03 26.57 25.95 25.47 25.07 24.88 24.73 25.33 25.82 25.86 25.80 25.59 25.85 25.80 25.62 25.34 25.59 25.83 26.10 26.19 26.40 26.52 26.45 26.43 26.46 26.35 26.24
23.73 24.01 24.30 24.61 24.98 25.36 25.79 26.25 26.74 27.17 27.66 28.21 28.74 29.16 29.68 30.15 30.72 31.19 31.66 32.21 32.69 33.15 33.42 33.76 33.94 34.05 34.15 34.20 34.24 34.16 33.70 33.40 33.05 32.58 32.37 32.24 31.94 31.62 31.20 30.73 30.32 29.99 29.53 29.34 28.83 28.49 28.27 28.28 28.19 28.02 27.84 27.60 27.36 27.07 26.75 26.43 25.86 25.54 25.09 25.50 25.51 25.85 25.88 25.80 25.44 25.84 25.76 25.79 25.63 25.93 26.03 26.34 26.43 26.55 26.58 26.43 26.55 26.63 26.47 26.55
23.78 24.04 24.31 24.62 24.97 25.36 25.80 26.26 26.71 27.23 27.72 28.25 28.75 29.22 29.76 30.35 30.97 31.47 32.03 32.65 33.27 33.86 34.32 34.59 34.73 35.04 35.26 35.30 35.27 35.14 34.72 34.37 33.96 33.40 33.09 32.96 32.62 32.24 31.79 31.22 30.78 30.33 29.81 29.63 28.98 28.60 28.39 28.37 28.26 28.10 27.95 27.68 27.34 27.10 26.79 26.42 25.71 25.58 25.65 25.58 25.78 25.83 25.84 25.84 25.59 25.62 25.63 25.39 25.48 25.81 26.14 26.39 26.55 26.68 26.79 26.73 26.75 26.64 26.75 26.59
23.83 24.05 24.32 24.64 24.98 25.37 25.82 26.30 26.74 27.24 27.74 28.24 28.75 29.23 29.79 30.41 31.02 31.57 32.15 32.77 33.40 34.00 34.54 34.90 35.22 35.75 36.18 36.31 36.35 36.24 35.69 35.48 34.93 34.24 33.86 33.66 33.30 32.91 32.34 31.86 31.34 30.72 30.18 29.93 29.31 28.73 28.50 28.63 28.41 28.21 28.00 27.71 27.30 26.95 26.32 26.50 26.13 25.91 25.04 24.67 25.77 25.83 25.94 25.88 25.86 25.81 25.62 25.39 25.71 25.98 26.15 26.49 26.60 26.85 26.92 26.90 26.76 26.48 26.90 26.90
23.85 24.08 24.34 24.64 24.98 25.37 25.81 26.27 26.74 27.23 27.72 28.20 28.69 29.25 29.84 30.45 31.05 31.62 32.21 32.81 33.42 33.99 34.54 35.03 35.43 35.87 36.33 36.64 36.89 37.04 36.91 36.53 36.05 35.22 34.69 34.46 34.10 33.61 33.00 32.34 31.80 31.22 30.65 30.22 29.60 28.96 28.68 28.69 28.53 28.32 28.09 27.85 27.54 27.24 26.79 26.55 26.26 25.86 25.26 24.97 25.74 25.87 25.93 25.96 25.81 25.61 25.50 25.35 25.67 26.06 26.25 26.62 26.77 26.76 27.04 26.95 26.95 26.94 27.05 26.94
23.83 24.10 24.37 24.65 24.96 25.36 25.78 26.23 26.68 27.20 27.68 28.18 28.63 29.29 29.85 30.45 31.04 31.61 32.23 32.82 33.42 33.98 34.50 34.99 35.46 35.83 36.29 36.62 36.90 37.13 37.23 37.22 36.83 36.21 35.65 35.36 34.94 34.41 33.78 33.10 32.45 31.70 30.99 30.50 29.93 29.29 28.99 28.89 28.69 28.45 28.20 27.92 27.61 27.31 27.02 26.71 26.31 26.01 25.74 24.88 25.79 25.92 25.81 26.04 25.86 25.66 25.63 25.57 25.42 26.20 26.54 26.59 26.77 26.95 27.01 27.23 27.17 27.26 27.16 27.20
23.80 24.08 24.36 24.63 24.94 25.34 25.76 26.20 26.64 27.12 27.63 28.14 28.67 29.21 29.78 30.37 30.97 31.57 32.17 32.75 33.36 33.90 34.43 34.92 35.38 35.81 36.18 36.52 36.80 37.03 37.19 37.26 37.10 36.78 36.32 36.12 35.73 35.20 34.51 33.77 33.00 32.21 31.49 30.81 30.28 29.83 29.29 28.98 28.86 28.61 28.33 27.91 27.65 27.38 27.09 26.80 26.45 26.10 25.97 25.82 25.82 25.57 25.88 26.07 26.01 25.89 25.85 25.81 25.99 26.28 26.44 26.85 26.99 26.99 26.80 27.27 27.39 27.45 27.40 27.47
23.70 24.02 24.30 24.60 24.91 25.31 25.75 26.17 26.61 27.07 27.56 28.03 28.54 29.10 29.66 30.26 30.82 31.44 32.06 32.66 33.19 33.77 34.29 34.81 35.25 35.67 36.07 36.42 36.68 36.91 37.11 37.14 37.01 36.78 36.78 36.85 36.52 35.98 35.26 34.42 33.62 32.79 31.90 31.25 30.57 30.13 29.79 29.39 29.07 28.79 28.45 28.02 27.72 27.45 27.16 26.87 26.60 26.33 26.17 26.13 25.95 25.57 25.99 26.14 26.08 26.05 25.68 26.06 26.40 26.59 26.79 26.93 27.14 27.24 27.10 27.39 27.59 27.67 27.56 27.65
23.57 23.94 24.25 24.53 24.85 25.23 25.66 26.10 26.53 26.98 27.44 27.91 28.42 28.96 29.54 30.15 30.78 31.35 31.92 32.50 33.05 33.63 34.15 34.65 35.12 35.53 35.92 36.28 36.56 36.76 36.94 36.99 36.89 36.77 36.80 36.99 37.06 36.69 35.97 35.10 34.21 33.31 32.28 31.53 30.84 30.39 30.05 29.67 29.29 28.91 28.57 28.14 27.79 27.52 27.22 26.94 26.68 26.48 26.37 26.28 26.07 25.35 25.43 25.90 26.21 25.89 25.52 26.36 26.45 26.74 26.86 27.09 27.27 27.39 27.48 27.57 27.73 27.76 27.86 27.77
23.49 23.76 24.17 24.43 24.74 25.08 25.50 25.96 26.42 26.86 27.30 27.79 28.30 28.84 29.39 30.00 30.63 31.23 31.77 32.34 32.83 33.45 33.99 34.49 34.96 35.36 35.75 36.10 36.35 36.59 36.79 36.83 36.78 36.66 36.64 36.91 37.10 37.11 36.59 35.72 34.78 33.81 32.84 31.87 31.04 30.67 30.31 29.89 29.49 29.06 28.64 28.22 27.82 27.56 27.29 27.02 26.76 26.57 26.47 26.39 26.28 26.26 25.57 25.78 26.24 26.05 25.68 26.32 26.71 26.75 27.09 27.24 26.95 27.27 27.53 27.72 27.83 27.90 27.97 27.89
23.41 23.72 24.04 24.28 24.59 24.90 25.19 25.85 26.29 26.75 27.20 27.68 28.19 28.71 29.24 29.81 30.45 31.08 31.65 32.15 32.69 33.25 33.75 34.26 34.72 35.15 35.55 35.89 36.16 36.38 36.54 36.62 36.54 36.46 36.61 36.84 37.01 37.08 36.94 36.26 35.29 34.27 33.25 32.26 31.48 31.08 30.66 30.08 29.61 29.20 28.77 28.25 27.88 27.64 27.37 27.08 26.84 26.66 26.56 26.45 26.43 26.34 25.88 26.10 26.25 25.92 25.67 26.61 26.67 27.01 26.68 26.78 26.94 27.16 27.37 27.70 27.89 27.97 28.07 28.12
23.36 23.65 23.76 24.10 24.46 24.79 25.19 25.70 26.15 26.59 27.06 27.54 28.04 28.57 29.10 29.65 30.25 30.87 31.49 32.01 32.51 32.99 33.51 34.03 34.50 34.92 35.30 35.65 35.94 36.17 36.31 36.38 36.32 36.27 36.51 36.73 36.84 36.93 36.88 36.59 35.75 34.70 33.66 32.58 31.81 31.48 31.03 30.19 29.71 29.31 28.87 28.21 27.93 27.73 27.44 27.14 26.90 26.73 26.64 26.43 26.45 26.46 26.12 26.35 26.27 26.11 26.40 26.07 26.29 26.62 27.19 27.24 27.34 27.52 27.68 27.82 27.91 27.93 27.94 28.20
23.23 23.45 23.69 24.06 24.36 24.70 25.11 25.55 25.96 26.40 26.87 27.35 27.86 28.38 28.92 29.47 30.03 30.63 31.26 31.81 32.31 32.82 33.31 33.75 34.22 34.66 34.96 35.31 35.67 35.90 36.03 36.07 36.04 36.04 36.15 36.32 36.46 36.61 36.65 36.51 36.06 35.20 34.26 33.04 32.10 31.57 31.04 30.35 29.82 29.40 28.96 28.43 28.05 27.78 27.49 27.20 26.95 26.80 26.68 26.53 26.43 26.43 26.05 25.79 26.34 26.23 26.42 26.75 27.02 27.15 27.27 26.82 27.28 27.51 27.73 27.87 27.89 27.87 27.90 28.05
22.99 23.29 23.56 23.90 24.18 24.57 24.96 25.32 25.68 26.11 26.63 27.13 27.63 28.17 28.71 29.25 29.78 30.35 30.97 31.59 32.12 32.62 33.11 33.51 33.94 34.37 34.67 35.01 35.37 35.59 35.71 35.77 35.75 35.71 35.66 35.83 35.97 36.24 36.33 36.24 35.97 35.29 34.35 33.26 32.21 31.61 31.06 30.46 29.94 29.50 28.98 28.51 28.13 27.83 27.55 27.26 27.02 26.86 26.74 26.64 26.58 26.48 26.37 26.34 25.92 26.13 26.10 26.60 26.97 27.20 27.32 27.48 27.60 27.72 27.83 27.91 27.92 27.97 27.99 27.90
22.81 23.11 23.42 23.73 24.04 24.39 24.72 25.05 25.41 25.79 26.40 26.88 27.36 27.91 28.46 28.99 29.53 30.05 30.67 31.26 31.82 32.30 32.77 33.21 33.60 34.00 34.30 34.68 34.99 35.26 35.42 35.53 35.50 35.41 35.36 35.47 35.65 35.88 35.99 35.90 35.72 35.36 34.50 33.46 32.40 31.72 31.14 30.56 30.05 29.57 29.06 28.54 28.18 27.91 27.56 27.30 27.07 26.91 26.76 26.65 26.55 26.52 26.38 25.88 25.02 25.35 25.42 26.30 26.51 26.36 26.65 26.15 27.53 27.60 27.86 27.79 28.07 28.12 28.17 28.09
22.68 22.92 23.24 23.53 23.83 24.13 24.49 24.85 25.23 25.66 26.15 26.63 27.11 27.64 28.16 28.71 29.25 29.79 30.36 30.91 31.45 31.98 32.42 32.83 33.24 33.57 33.99 34.31 34.61 34.83 35.03 35.12 35.18 35.06 35.03 35.13 35.32 35.47 35.59 35.53 35.39 35.18 34.61 33.61 32.46 31.84 31.25 30.64 30.10 29.61 29.05 28.52 28.21 27.97 27.59 27.30 27.11 26.94 26.79 26.65 26.53 26.52 26.25 25.38 25.84 25.23 24.86 26.10 26.80 27.08 27.45 27.57 27.72 27.73 27.91 28.03 28.08 28.17 28.23 28.20
22.41 22.72 23.01 23.26 23.53 23.86 24.22 24.57 25.04 25.44 25.85 26.36 26.82 27.33 27.83 28.34 28.83 29.41 30.00 30.54 31.05 31.55 31.96 32.41 32.80 33.24 33.60 33.91 34.18 34.40 34.58 34.70 34.80 34.78 34.74 34.84 35.00 35.12 35.14 35.06 34.94 34.78 34.49 33.70 32.72 31.94 31.27 30.67 30.11 29.61 29.09 28.60 28.24 27.96 27.66 27.34 27.13 26.98 26.83 26.71 26.60 26.50 26.37 26.00 25.37 25.04 25.03 25.50 26.42 26.83 25.62 27.59 27.59 27.69 27.83 28.02 27.96 28.17 28.25 28.24
22.25 22.50 22.74 22.95 23.20 23.53 23.92 24.28 24.70 25.16 25.60 26.05 26.49 26.98 27.49 27.98 28.47 29.03 29.57 30.07 30.61 31.10 31.55 32.01 32.45 32.85 33.15 33.44 33.70 33.93 34.12 34.24 34.21 34.37 34.41 34.50 34.65 34.65 34.57 34.50 34.43 34.31 34.09 33.70 32.83 31.95 31.24 30.64 30.10 29.61 29.14 28.63 28.28 27.99 27.70 27.34 27.13 27.03 26.87 26.74 26.63 26.51 26.40 26.19 25.10 24.31 24.61 25.75 26.12 26.50 27.64 27.70 27.67 27.46 27.80 27.95 27.90 28.10 28.06 28.08
21.95 22.16 22.46 22.70 22.87 23.27 23.67 23.93 24.34 24.76 25.20 25.68 26.16 26.62 27.11 27.62 28.14 28.65 29.13 29.56 30.12 30.58 31.09 31.59 32.03 32.37 32.70 32.97 33.22 33.41 33.59 33.76 33.87 33.94 34.06 34.11 34.03 33.94 33.91 33.90 33.87 33.81 33.61 33.36 32.71 31.85 31.16 30.62 30.09 29.61 29.08 28.59 28.32 28.06 27.78 27.38 27.16 27.06 26.91 26.78 26.61 26.56 26.30 25.49 24.66 25.91 25.36 25.94 26.56 27.40 27.64 27.78 27.11 27.61 27.85 27.79 27.61 27.92 27.97 28.02
21.62 21.86 22.14 22.37 22.58 22.95 23.35 23.70 24.00 24.36 24.83 25.26 25.72 26.18 26.67 27.16 27.64 28.20 28.72 29.17 29.65 30.14 30.62 31.08 31.50 31.84 32.12 32.38 32.65 32.84 33.01 33.19 33.32 33.41 33.49 33.52 33.24 33.12 33.20 33.25 33.25 33.19 33.09 32.91 32.46 31.74 31.08 30.54 30.05 29.64 29.16 28.67 28.40 28.18 27.85 27.44 27.12 26.89 26.96 26.86 26.64 26.52 26.43 26.25 25.91 26.58 26.99 26.39 26.92 27.28 27.66 27.77 27.86 27.78 27.90 28.01 27.93 28.03 27.98 27.98
21.28 21.50 21.80 21.99 22.28 22.63 22.93 23.20 23.53 23.93 24.41 24.81 25.24 25.70 26.20 26.69 27.20 27.76 28.26 28.74 29.23 29.65 30.11 30.55 30.98 31.28 31.51 31.81 32.00 32.23 32.45 32.59 32.64 32.77 32.82 32.90 32.71 32.56 32.52 32.52 32.57 32.60 32.56 32.45 32.16 31.66 31.02 30.43 30.00 29.66 29.21 28.88 28.61 28.25 27.92 27.52 27.17 26.97 26.95 26.86 26.67 26.39 26.28 25.18 24.96 26.71 27.05 27.22 27.22 27.38 27.63 27.65 27.59 27.74 27.93 27.97 28.00 27.94 28.03 27.95
20.90 21.11 21.43 21.67 21.93 22.23 22.50 22.78 23.12 23.51 23.91 24.31 24.75 25.23 25.77 26.30 26.80 27.30 27.72 28.24 28.74 29.18 29.59 30.04 30.41 30.73 30.99 31.23 31.41 31.66 31.78 31.92 31.96 32.08 32.17 32.25 32.17 32.02 31.85 31.72 31.86 32.00 32.04 31.97 31.79 31.41 30.94 30.43 29.99 29.64 29.31 29.08 28.68 28.27 27.97 27.60 27.26 27.00 26.93 26.91 26.73 26.42 26.42 26.36 25.29 26.87 27.05 27.16 27.27 27.42 27.52 27.51 27.02 27.54 27.67 27.78 27.88 27.94 27.80 27.89
20.48 20.69 21.03 21.31 21.46 21.72 22.04 22.36 22.73 23.17 23.52 23.88 24.33 24.84 25.37 25.87 26.33 26.81 27.25 27.73 28.19 28.66 29.02 29.45 29.72 30.04 30.29 30.60 30.78 30.98 31.12 31.31 31.42 31.50 31.56 31.51 31.56 31.48 31.26 31.11 31.12 31.31 31.48 31.48 31.41 31.18 30.80 30.40 29.99 29.69 29.48 29.22 28.70 28.28 27.98 27.70 27.35 27.07 26.93 26.94 26.79 26.62 26.42 26.09 25.82 26.30 26.16 27.00 27.19 27.32 27.43 27.51 27.34 27.26 27.26 27.46 27.68 27.83 27.65 27.72
20.17 20.37 20.64 20.91 21.17 21.32 21.64 21.96 22.42 22.74 23.06 23.50 23.97 24.45 24.92 25.36 25.80 26.30 26.75 27.22 27.65 28.08 28.45 28.79 29.13 29.40 29.66 29.85 30.08 30.29 30.41 30.56 30.74 30.83 30.93 30.97 30.98 30.99 30.78 30.76 30.41 30.66 30.95 31.02 31.02 30.95 30.64 30.29 29.88 29.70 29.45 29.32 28.81 28.34 28.02 27.78 27.45 27.12 26.90 26.88 26.87 26.77 26.38 26.32 25.71 26.11 26.16 26.69 27.03 27.24 27.31 27.43 27.52 27.36 27.09 27.49 27.71 27.49 27.48 27.50
19.85 20.02 20.24 20.51 20.75 21.03 21.29 21.62 22.03 22.33 22.65 23.08 23.53 23.99 24.38 24.82 25.30 25.77 26.21 26.67 27.09 27.49 27.84 28.15 28.49 28.80 29.01 29.19 29.42 29.58 29.75 29.88 30.01 30.14 30.27 30.20 30.27 30.38 30.35 30.33 30.19 30.20 30.41 30.59 30.65 30.68 30.54 30.27 29.99 29.82 29.70 29.42 28.95 28.45 28.13 27.90 27.52 27.18 26.98 26.81 26.79 26.68 26.23 26.21 26.08 25.39 25.94 26.58 27.13 27.12 27.15 27.30 27.37 27.50 27.55 27.58 27.60 27.38 27.25 27.19
19.40 19.61 19.84 20.12 20.34 20.59 20.90 21.23 21.59 21.97 22.29 22.65 23.07 23.51 23.93 24.32 24.80 25.23 25.67 26.10 26.47 26.83 27.16 27.43 27.76 28.08 28.34 28.57 28.66 28.92 29.08 29.21 29.33 29.47 29.59 29.66 29.71 29.78 29.79 29.79 29.84 29.77 29.93 30.23 30.29 30.40 30.45 30.28 30.07 29.88 29.79 29.54 29.08 28.51 28.26 28.04 27.65 27.22 26.99 26.83 26.83 26.82 26.60 26.41 26.00 25.58 26.62 26.89 27.07 27.01 27.16 27.30 27.36 27.33 27.23 27.47 27.27 27.13 26.95 26.51
