main/data/pressure/17.04.2023.grid
ncols 886
nrows 691
xllcenter 112.0000
yllcenter -44.5000
cellsize 0.0500
nodata_value 99999.90
[rows 525 to 559 of 691, columns 480 to 559 of 886]
19.56 19.51 19.46 19.41 19.36 19.31 19.25 19.20 19.14 19.10 19.04 18.98 18.94 18.88 18.84 18.79 18.73 18.69 18.63 18.58 18.54 18.48 18.43 18.38 18.33 18.27 18.22 18.16 18.11 18.05 17.98 17.92 17.85 17.79 17.71 17.65 17.57 17.51 17.43 17.36 17.28 17.21 17.14 17.07 17.01 16.95 16.88 16.83 16.76 16.72 16.67 16.63 16.59 16.55 16.52 16.49 16.47 16.44 16.42 16.40 16.38 16.36 16.33 16.31 16.29 16.26 16.22 16.18 16.12 16.06 16.00 15.93 15.86 15.78 15.67 15.55 15.42 15.28 15.14 14.98
19.60 19.57 19.53 19.47 19.42 19.37 19.32 19.27 19.21 19.16 19.11 19.05 19.00 18.95 18.89 18.85 18.80 18.74 18.69 18.64 18.59 18.54 18.49 18.44 18.38 18.33 18.27 18.22 18.16 18.10 18.04 17.98 17.91 17.85 17.79 17.71 17.65 17.57 17.50 17.44 17.37 17.30 17.23 17.17 17.11 17.05 16.98 16.93 16.89 16.83 16.79 16.76 16.72 16.69 16.66 16.64 16.62 16.60 16.58 16.57 16.55 16.53 16.51 16.49 16.46 16.43 16.39 16.35 16.30 16.24 16.18 16.10 16.02 15.94 15.85 15.72 15.60 15.46 15.30 15.13
19.51 19.59 19.58 19.54 19.48 19.44 19.38 19.33 19.27 19.23 19.17 19.11 19.06 19.01 18.96 18.91 18.85 18.81 18.75 18.70 18.64 18.60 18.55 18.49 18.44 18.38 18.33 18.27 18.21 18.15 18.09 18.03 17.97 17.91 17.85 17.78 17.71 17.64 17.58 17.51 17.45 17.39 17.32 17.26 17.20 17.15 17.09 17.04 17.00 16.96 16.92 16.89 16.86 16.83 16.81 16.80 16.78 16.76 16.75 16.73 16.73 16.71 16.70 16.67 16.64 16.61 16.57 16.52 16.48 16.42 16.35 16.27 16.19 16.09 16.00 15.89 15.78 15.64 15.47 15.30
19.30 19.46 19.58 19.58 19.54 19.50 19.44 19.39 19.34 19.28 19.23 19.18 19.12 19.07 19.01 18.97 18.92 18.86 18.81 18.75 18.71 18.65 18.60 18.54 18.49 18.43 18.39 18.33 18.27 18.21 18.15 18.10 18.04 17.97 17.91 17.85 17.78 17.72 17.65 17.59 17.53 17.46 17.40 17.35 17.30 17.24 17.19 17.15 17.11 17.08 17.05 17.02 17.00 16.98 16.96 16.95 16.95 16.93 16.93 16.92 16.91 16.89 16.88 16.86 16.83 16.80 16.76 16.71 16.65 16.59 16.51 16.43 16.35 16.26 16.16 16.04 15.93 15.80 15.63 15.45
19.07 19.23 19.39 19.51 19.55 19.54 19.50 19.44 19.40 19.34 19.29 19.23 19.18 19.13 19.08 19.02 18.97 18.91 18.86 18.81 18.76 18.71 18.65 18.60 18.54 18.49 18.44 18.38 18.32 18.27 18.21 18.15 18.09 18.02 17.96 17.91 17.85 17.78 17.73 17.66 17.61 17.55 17.49 17.44 17.39 17.34 17.30 17.27 17.23 17.21 17.18 17.17 17.14 17.13 17.13 17.12 17.11 17.11 17.11 17.10 17.10 17.08 17.07 17.04 17.01 16.98 16.94 16.89 16.83 16.76 16.69 16.60 16.51 16.42 16.32 16.21 16.08 15.96 15.80 15.63
18.85 18.98 19.12 19.27 19.39 19.50 19.51 19.49 19.45 19.39 19.34 19.29 19.24 19.18 19.13 19.08 19.02 18.97 18.91 18.87 18.81 18.76 18.70 18.65 18.59 18.55 18.49 18.43 18.38 18.32 18.26 18.21 18.15 18.09 18.02 17.97 17.91 17.86 17.79 17.74 17.68 17.63 17.58 17.54 17.49 17.45 17.41 17.38 17.36 17.34 17.32 17.31 17.30 17.29 17.29 17.29 17.30 17.30 17.29 17.29 17.28 17.27 17.26 17.23 17.20 17.16 17.11 17.06 17.00 16.93 16.85 16.77 16.68 16.58 16.47 16.36 16.24 16.11 15.96 15.80
18.64 18.76 18.88 19.01 19.12 19.25 19.35 19.44 19.45 19.42 19.39 19.34 19.29 19.24 19.18 19.13 19.07 19.02 18.97 18.92 18.86 18.81 18.75 18.70 18.64 18.59 18.54 18.48 18.42 18.37 18.32 18.26 18.20 18.15 18.09 18.03 17.97 17.92 17.86 17.81 17.76 17.72 17.67 17.62 17.59 17.56 17.53 17.50 17.49 17.47 17.46 17.46 17.46 17.46 17.46 17.47 17.47 17.48 17.48 17.48 17.47 17.46 17.44 17.41 17.38 17.33 17.29 17.23 17.17 17.09 17.01 16.92 16.83 16.73 16.63 16.51 16.40 16.27 16.13 15.98
18.46 18.56 18.66 18.76 18.86 18.97 19.07 19.17 19.26 19.33 19.38 19.36 19.32 19.29 19.23 19.18 19.12 19.07 19.01 18.97 18.91 18.86 18.80 18.75 18.69 18.64 18.59 18.53 18.48 18.42 18.37 18.31 18.26 18.20 18.15 18.09 18.03 17.98 17.94 17.88 17.84 17.80 17.75 17.72 17.69 17.66 17.64 17.63 17.62 17.61 17.61 17.62 17.62 17.63 17.64 17.65 17.65 17.66 17.66 17.66 17.65 17.64 17.61 17.58 17.55 17.49 17.45 17.39 17.32 17.25 17.16 17.07 16.98 16.88 16.77 16.66 16.54 16.42 16.28 16.12
18.30 18.38 18.46 18.54 18.63 18.71 18.80 18.89 18.97 19.05 19.12 19.18 19.22 19.26 19.24 19.20 19.16 19.12 19.06 19.01 18.95 18.91 18.86 18.80 18.74 18.69 18.63 18.58 18.53 18.47 18.42 18.36 18.31 18.26 18.20 18.15 18.10 18.05 18.01 17.96 17.92 17.88 17.85 17.82 17.80 17.78 17.77 17.76 17.76 17.76 17.77 17.78 17.79 17.80 17.82 17.83 17.84 17.84 17.84 17.84 17.83 17.80 17.77 17.74 17.70 17.66 17.60 17.54 17.47 17.39 17.31 17.22 17.12 17.02 16.91 16.80 16.69 16.56 16.40 16.24
18.15 18.22 18.29 18.35 18.43 18.49 18.57 18.63 18.70 18.76 18.83 18.89 18.94 18.99 19.02 19.05 19.07 19.08 19.06 19.02 18.97 18.93 18.88 18.84 18.79 18.74 18.68 18.63 18.58 18.52 18.47 18.42 18.36 18.31 18.26 18.21 18.17 18.12 18.08 18.04 18.00 17.97 17.94 17.93 17.91 17.90 17.90 17.90 17.90 17.91 17.92 17.95 17.96 17.98 17.99 18.00 18.01 18.01 18.01 18.00 17.98 17.96 17.93 17.89 17.85 17.80 17.75 17.67 17.61 17.53 17.44 17.36 17.26 17.16 17.05 16.94 16.83 16.70 16.56 16.40
18.03 18.09 18.14 18.19 18.25 18.30 18.36 18.41 18.47 18.51 18.57 18.61 18.65 18.70 18.73 18.77 18.79 18.81 18.82 18.83 18.82 18.82 18.81 18.80 18.78 18.74 18.69 18.64 18.59 18.55 18.50 18.45 18.40 18.35 18.31 18.27 18.23 18.18 18.15 18.12 18.08 18.06 18.05 18.03 18.02 18.03 18.03 18.04 18.05 18.07 18.08 18.11 18.13 18.14 18.16 18.17 18.17 18.17 18.16 18.14 18.13 18.11 18.07 18.03 17.99 17.93 17.88 17.81 17.74 17.66 17.58 17.49 17.40 17.29 17.19 17.08 16.95 16.84 16.70 16.55
17.94 17.97 18.01 18.06 18.10 18.14 18.18 18.23 18.27 18.30 18.35 18.37 18.41 18.45 18.47 18.49 18.51 18.53 18.54 18.55 18.55 18.56 18.55 18.55 18.53 18.51 18.50 18.47 18.44 18.42 18.39 18.36 18.33 18.30 18.28 18.26 18.24 18.21 18.19 18.17 18.14 18.14 18.14 18.14 18.15 18.15 18.17 18.18 18.20 18.23 18.25 18.27 18.29 18.31 18.32 18.32 18.32 18.31 18.31 18.29 18.26 18.23 18.19 18.15 18.11 18.06 18.00 17.93 17.86 17.78 17.70 17.61 17.52 17.42 17.32 17.21 17.08 16.96 16.84 16.71
17.85 17.88 17.91 17.94 17.97 18.01 18.04 18.07 18.10 18.13 18.15 18.18 18.21 18.22 18.25 18.26 18.27 18.29 18.29 18.30 18.30 18.30 18.29 18.28 18.27 18.25 18.24 18.22 18.20 18.18 18.17 18.14 18.12 18.10 18.08 18.07 18.05 18.04 18.04 18.05 18.07 18.09 18.13 18.19 18.24 18.27 18.31 18.33 18.36 18.38 18.41 18.43 18.44 18.45 18.47 18.47 18.46 18.46 18.44 18.41 18.38 18.36 18.31 18.27 18.22 18.16 18.11 18.04 17.97 17.89 17.82 17.73 17.63 17.54 17.43 17.32 17.21 17.07 16.96 16.82
17.78 17.80 17.82 17.85 17.88 17.89 17.92 17.93 17.96 17.98 18.00 18.02 18.04 18.05 18.06 18.07 18.08 18.08 18.09 18.08 18.09 18.08 18.07 18.06 18.05 18.04 18.02 18.01 17.99 17.97 17.94 17.92 17.91 17.90 17.88 17.87 17.86 17.86 17.87 17.89 17.92 17.96 18.02 18.09 18.18 18.29 18.40 18.47 18.50 18.54 18.55 18.58 18.59 18.59 18.60 18.60 18.58 18.58 18.55 18.52 18.49 18.46 18.41 18.36 18.32 18.26 18.20 18.14 18.07 18.00 17.92 17.85 17.75 17.65 17.54 17.44 17.32 17.19 17.07 16.94
17.73 17.74 17.76 17.77 17.79 17.81 17.82 17.83 17.85 17.86 17.88 17.89 17.90 17.91 17.91 17.92 17.92 17.92 17.92 17.92 17.92 17.90 17.89 17.88 17.87 17.86 17.84 17.82 17.81 17.79 17.77 17.76 17.74 17.73 17.71 17.71 17.71 17.71 17.73 17.75 17.79 17.83 17.90 17.99 18.08 18.22 18.37 18.52 18.64 18.67 18.70 18.71 18.71 18.72 18.72 18.71 18.70 18.67 18.66 18.62 18.59 18.55 18.51 18.46 18.41 18.36 18.30 18.23 18.17 18.09 18.02 17.94 17.86 17.76 17.65 17.53 17.41 17.30 17.17 17.05
17.69 17.71 17.71 17.72 17.73 17.73 17.75 17.76 17.76 17.77 17.78 17.78 17.79 17.80 17.79 17.80 17.79 17.79 17.78 17.78 17.77 17.77 17.75 17.75 17.73 17.71 17.70 17.68 17.66 17.66 17.64 17.62 17.61 17.60 17.59 17.59 17.59 17.60 17.62 17.65 17.69 17.74 17.81 17.90 18.02 18.15 18.31 18.51 18.69 18.80 18.82 18.84 18.84 18.84 18.83 18.81 18.80 18.77 18.75 18.71 18.68 18.64 18.59 18.55 18.49 18.44 18.38 18.32 18.25 18.19 18.11 18.03 17.94 17.86 17.74 17.61 17.49 17.36 17.27 17.16
17.66 17.67 17.68 17.68 17.68 17.69 17.69 17.69 17.70 17.70 17.70 17.71 17.70 17.70 17.70 17.70 17.70 17.69 17.68 17.67 17.67 17.66 17.65 17.63 17.62 17.60 17.59 17.58 17.56 17.54 17.53 17.52 17.51 17.50 17.49 17.49 17.50 17.51 17.53 17.56 17.61 17.67 17.74 17.83 17.95 18.09 18.26 18.46 18.69 18.89 18.95 18.95 18.95 18.94 18.93 18.91 18.89 18.86 18.83 18.79 18.75 18.72 18.67 18.62 18.57 18.52 18.45 18.40 18.33 18.26 18.19 18.12 18.02 17.94 17.84 17.72 17.44 17.44 17.36 17.26
17.65 17.66 17.65 17.65 17.65 17.65 17.65 17.65 17.66 17.65 17.65 17.64 17.64 17.64 17.63 17.63 17.62 17.61 17.61 17.60 17.59 17.57 17.57 17.55 17.53 17.52 17.50 17.50 17.48 17.46 17.45 17.44 17.43 17.42 17.42 17.42 17.43 17.44 17.47 17.50 17.55 17.61 17.68 17.78 17.90 18.05 18.22 18.42 18.66 18.90 19.03 19.04 19.04 19.03 19.01 18.99 18.96 18.94 18.90 18.87 18.82 18.79 18.74 18.69 18.64 18.59 18.52 18.47 18.40 18.34 18.26 18.19 18.11 18.02 17.92 17.83 17.73 17.58 17.47 17.35
17.64 17.64 17.64 17.64 17.63 17.63 17.63 17.62 17.62 17.62 17.61 17.60 17.60 17.59 17.59 17.57 17.57 17.56 17.55 17.54 17.53 17.52 17.50 17.49 17.47 17.46 17.45 17.43 17.42 17.41 17.39 17.38 17.37 17.36 17.37 17.37 17.38 17.40 17.42 17.46 17.51 17.57 17.64 17.74 17.87 18.01 18.18 18.39 18.63 18.89 19.10 19.14 19.12 19.11 19.09 19.06 19.04 19.00 18.97 18.93 18.89 18.85 18.80 18.76 18.70 18.65 18.59 18.53 18.47 18.40 18.33 18.26 18.18 18.10 18.01 17.91 17.80 17.67 17.55 17.43
17.65 17.64 17.63 17.63 17.63 17.61 17.61 17.61 17.59 17.59 17.59 17.58 17.57 17.56 17.55 17.54 17.54 17.52 17.51 17.50 17.49 17.47 17.46 17.45 17.44 17.42 17.40 17.39 17.38 17.36 17.36 17.35 17.34 17.33 17.33 17.33 17.35 17.36 17.39 17.43 17.47 17.53 17.61 17.71 17.83 17.98 18.15 18.35 18.59 18.86 19.11 19.20 19.20 19.18 19.16 19.13 19.10 19.07 19.03 18.99 18.96 18.91 18.87 18.81 18.77 18.71 18.65 18.60 18.53 18.47 18.40 18.32 18.24 18.16 18.08 17.98 17.87 17.76 17.60 17.51
17.65 17.65 17.64 17.63 17.62 17.62 17.61 17.60 17.59 17.59 17.57 17.56 17.56 17.54 17.54 17.52 17.51 17.50 17.49 17.48 17.46 17.45 17.43 17.43 17.41 17.40 17.38 17.36 17.36 17.34 17.33 17.33 17.32 17.31 17.31 17.31 17.32 17.34 17.36 17.40 17.45 17.51 17.59 17.69 17.81 17.95 18.11 18.31 18.55 18.81 19.09 19.25 19.27 19.25 19.21 19.19 19.16 19.12 19.09 19.05 19.01 18.97 18.92 18.87 18.83 18.77 18.71 18.65 18.59 18.52 18.45 18.38 18.30 18.22 18.13 18.04 17.94 17.83 17.70 17.58
17.66 17.65 17.65 17.64 17.62 17.62 17.61 17.60 17.59 17.58 17.57 17.56 17.55 17.54 17.52 17.52 17.51 17.49 17.48 17.46 17.46 17.44 17.43 17.41 17.40 17.38 17.37 17.36 17.34 17.34 17.32 17.31 17.30 17.30 17.30 17.31 17.32 17.33 17.36 17.39 17.44 17.50 17.58 17.67 17.79 17.93 18.08 18.27 18.50 18.76 19.05 19.28 19.32 19.30 19.27 19.24 19.21 19.18 19.14 19.10 19.05 19.01 18.97 18.92 18.87 18.82 18.76 18.71 18.64 18.58 18.51 18.43 18.35 18.27 18.18 18.10 17.99 17.89 17.78 17.65
17.68 17.68 17.66 17.65 17.64 17.63 17.62 17.61 17.60 17.58 17.57 17.57 17.56 17.54 17.53 17.51 17.50 17.50 17.48 17.47 17.45 17.44 17.42 17.41 17.39 17.39 17.37 17.36 17.34 17.33 17.32 17.31 17.31 17.30 17.30 17.30 17.32 17.33 17.36 17.39 17.43 17.49 17.57 17.66 17.77 17.89 18.05 18.23 18.45 18.69 18.98 19.24 19.36 19.35 19.33 19.29 19.26 19.23 19.18 19.15 19.11 19.07 19.02 18.97 18.92 18.87 18.82 18.75 18.70 18.63 18.55 18.49 18.41 18.33 18.23 18.14 18.05 17.95 17.84 17.71
17.70 17.69 17.68 17.66 17.65 17.65 17.64 17.62 17.61 17.60 17.59 17.57 17.56 17.56 17.54 17.53 17.51 17.50 17.49 17.47 17.46 17.44 17.43 17.42 17.41 17.39 17.38 17.36 17.35 17.34 17.33 17.32 17.31 17.31 17.31 17.31 17.32 17.33 17.36 17.39 17.44 17.49 17.56 17.64 17.74 17.86 18.01 18.19 18.39 18.63 18.89 19.17 19.38 19.40 19.37 19.34 19.30 19.27 19.24 19.19 19.15 19.11 19.06 19.02 18.97 18.91 18.86 18.80 18.74 18.67 18.60 18.53 18.45 18.37 18.29 18.19 18.10 18.00 17.89 17.78
17.72 17.71 17.70 17.69 17.68 17.66 17.65 17.64 17.63 17.61 17.60 17.60 17.58 17.57 17.56 17.54 17.53 17.51 17.50 17.49 17.47 17.46 17.44 17.43 17.42 17.41 17.39 17.38 17.37 17.35 17.34 17.34 17.33 17.32 17.33 17.33 17.33 17.34 17.36 17.39 17.43 17.48 17.54 17.62 17.72 17.84 17.98 18.14 18.33 18.55 18.80 19.08 19.33 19.43 19.42 19.39 19.35 19.31 19.28 19.24 19.19 19.15 19.11 19.06 19.01 18.95 18.90 18.85 18.78 18.71 18.65 18.57 18.50 18.41 18.33 18.23 18.14 18.04 17.93 17.83
17.75 17.74 17.72 17.71 17.70 17.69 17.67 17.66 17.65 17.64 17.62 17.61 17.60 17.58 17.57 17.56 17.54 17.53 17.52 17.51 17.50 17.48 17.47 17.45 17.44 17.42 17.41 17.40 17.38 17.38 17.36 17.35 17.35 17.34 17.34 17.34 17.34 17.36 17.38 17.40 17.44 17.48 17.54 17.61 17.70 17.81 17.94 18.09 18.27 18.47 18.70 18.95 19.23 19.43 19.46 19.43 19.39 19.35 19.32 19.28 19.23 19.19 19.15 19.09 19.05 19.00 18.94 18.88 18.82 18.75 18.69 18.61 18.53 18.45 18.37 18.27 18.18 18.08 17.97 17.87
17.77 17.76 17.75 17.73 17.72 17.71 17.70 17.68 17.67 17.66 17.65 17.63 17.62 17.61 17.59 17.58 17.57 17.55 17.54 17.52 17.52 17.50 17.49 17.48 17.46 17.45 17.43 17.42 17.41 17.39 17.39 17.38 17.37 17.36 17.36 17.36 17.36 17.37 17.39 17.42 17.45 17.49 17.54 17.61 17.69 17.79 17.90 18.04 18.20 18.39 18.59 18.83 19.10 19.36 19.47 19.47 19.42 19.39 19.35 19.32 19.28 19.23 19.18 19.14 19.08 19.03 18.97 18.92 18.85 18.78 18.72 18.65 18.57 18.49 18.40 18.31 18.22 18.11 18.01 17.90
17.80 17.79 17.77 17.76 17.74 17.73 17.72 17.71 17.70 17.68 17.67 17.66 17.64 17.63 17.62 17.61 17.60 17.59 17.57 17.56 17.54 17.53 17.51 17.50 17.48 17.47 17.46 17.45 17.43 17.42 17.41 17.40 17.39 17.39 17.38 17.38 17.39 17.39 17.41 17.42 17.45 17.49 17.53 17.59 17.67 17.75 17.86 17.99 18.13 18.29 18.49 18.71 18.95 19.22 19.45 19.50 19.46 19.43 19.39 19.35 19.30 19.26 19.22 19.17 19.12 19.07 19.01 18.95 18.89 18.82 18.76 18.68 18.60 18.52 18.44 18.34 18.25 18.15 18.04 17.93
17.82 17.81 17.80 17.79 17.78 17.76 17.75 17.74 17.73 17.71 17.70 17.69 17.68 17.66 17.65 17.64 17.62 17.61 17.59 17.58 17.57 17.55 17.54 17.52 17.52 17.50 17.49 17.47 17.47 17.45 17.43 17.43 17.42 17.41 17.41 17.41 17.41 17.41 17.42 17.44 17.46 17.49 17.53 17.59 17.65 17.73 17.82 17.93 18.06 18.21 18.39 18.58 18.80 19.05 19.30 19.48 19.49 19.46 19.43 19.39 19.34 19.30 19.25 19.20 19.15 19.10 19.04 18.99 18.92 18.85 18.79 18.71 18.63 18.55 18.47 18.37 18.28 18.18 18.07 17.96
17.86 17.84 17.83 17.81 17.80 17.79 17.77 17.76 17.75 17.74 17.72 17.71 17.70 17.69 17.67 17.67 17.66 17.64 17.63 17.61 17.60 17.59 17.57 17.56 17.54 17.53 17.52 17.50 17.49 17.47 17.47 17.46 17.44 17.44 17.43 17.43 17.42 17.43 17.44 17.45 17.47 17.50 17.54 17.58 17.64 17.71 17.79 17.89 18.00 18.13 18.29 18.46 18.65 18.87 19.11 19.34 19.48 19.49 19.46 19.42 19.37 19.33 19.29 19.23 19.18 19.13 19.07 19.02 18.95 18.88 18.80 18.74 18.66 18.58 18.49 18.39 18.30 18.20 18.11 18.00
17.88 17.86 17.85 17.84 17.83 17.82 17.81 17.79 17.78 17.77 17.76 17.74 17.73 17.72 17.70 17.69 17.68 17.66 17.65 17.64 17.63 17.62 17.60 17.59 17.57 17.56 17.54 17.54 17.52 17.51 17.50 17.49 17.48 17.47 17.46 17.46 17.45 17.45 17.46 17.47 17.49 17.51 17.53 17.57 17.62 17.68 17.76 17.83 17.93 18.05 18.18 18.33 18.50 18.70 18.91 19.14 19.36 19.48 19.49 19.44 19.40 19.36 19.32 19.26 19.21 19.15 19.10 19.04 18.97 18.90 18.83 18.76 18.68 18.60 18.52 18.42 18.33 18.22 18.13 18.02
17.91 17.90 17.89 17.87 17.86 17.85 17.84 17.83 17.81 17.80 17.79 17.78 17.76 17.75 17.74 17.72 17.71 17.70 17.68 17.67 17.66 17.64 17.64 17.62 17.61 17.59 17.58 17.56 17.56 17.54 17.52 17.52 17.50 17.50 17.49 17.48 17.47 17.48 17.48 17.49 17.50 17.51 17.54 17.57 17.61 17.66 17.72 17.79 17.88 17.98 18.09 18.22 18.37 18.54 18.72 18.93 19.14 19.35 19.46 19.47 19.43 19.39 19.34 19.29 19.24 19.18 19.12 19.06 19.00 18.93 18.85 18.79 18.71 18.62 18.54 18.44 18.35 18.25 18.15 18.04
17.94 17.93 17.92 17.89 17.88 17.87 17.87 17.86 17.84 17.83 17.82 17.81 17.80 17.78 17.77 17.76 17.74 17.73 17.71 17.70 17.69 17.67 17.66 17.65 17.64 17.62 17.61 17.60 17.59 17.57 17.56 17.55 17.54 17.53 17.52 17.51 17.51 17.50 17.50 17.51 17.52 17.53 17.54 17.57 17.61 17.65 17.70 17.76 17.83 17.91 18.01 18.12 18.25 18.39 18.55 18.73 18.92 19.11 19.31 19.44 19.45 19.42 19.36 19.32 19.27 19.20 19.15 19.08 19.02 18.95 18.87 18.80 18.72 18.64 18.55 18.45 18.36 18.27 18.16 18.07
17.96 17.95 17.94 17.93 17.91 17.90 17.89 17.88 17.87 17.85 17.84 17.84 17.83 17.81 17.80 17.79 17.77 17.76 17.75 17.73 17.72 17.71 17.69 17.69 17.67 17.66 17.64 17.63 17.61 17.61 17.59 17.58 17.57 17.55 17.55 17.54 17.53 17.52 17.53 17.53 17.53 17.54 17.56 17.57 17.60 17.63 17.67 17.72 17.78 17.85 17.93 18.02 18.14 18.25 18.38 18.53 18.69 18.87 19.06 19.25 19.40 19.41 19.39 19.34 19.28 19.23 19.17 19.10 19.04 18.97 18.89 18.82 18.74 18.66 18.57 18.48 18.39 18.28 18.19 18.08
17.99 17.98 17.97 17.96 17.95 17.93 17.92 17.91 17.90 17.89 17.87 17.86 17.85 17.85 17.83 17.82 17.81 17.79 17.78 17.76 17.75 17.74 17.72 17.72 17.70 17.69 17.67 17.66 17.64 17.64 17.62 17.61 17.60 17.59 17.58 17.56 17.56 17.55 17.55 17.54 17.55 17.55 17.56 17.57 17.60 17.62 17.65 17.69 17.74 17.80 17.86 17.94 18.03 18.13 18.24 18.37 18.50 18.65 18.81 18.98 19.15 19.29 19.36 19.36 19.30 19.25 19.18 19.12 19.05 18.99 18.91 18.84 18.75 18.67 18.58 18.49 18.40 18.30 18.20 18.10
