main/data/pressure/19.04.2023.grid
ncols 886
nrows 691
xllcenter 112.0000
yllcenter -44.5000
cellsize 0.0500
nodata_value 99999.90
[rows 102 to 135 of 691, columns 770 to 846 of 886]
27.37 27.33 27.29 27.25 27.21 27.18 27.14 27.11 27.08 27.05 27.02 26.99 26.95 26.92 26.90 26.87 26.85 26.82 26.80 26.78 26.76 26.74 26.76 26.86 26.97 27.09 27.20 27.30 27.42 27.53 27.64 27.75 27.86 27.97 28.07 28.17 28.27 28.38 28.48 28.57 28.66 28.76 28.84 28.93 29.02 29.09 29.18 29.26 29.33 29.40 29.48 29.54 29.61 29.67 29.73 29.80 29.88 29.98 30.06 30.15 30.24 30.31 30.40 30.47 30.55 30.62 30.69 30.76 30.83 30.89 30.96 31.02 31.09 31.14 31.20 31.25 31.31
27.35 27.31 27.27 27.23 27.19 27.16 27.12 27.09 27.06 27.03 27.00 26.97 26.94 26.92 26.88 26.86 26.83 26.81 26.79 26.76 26.74 26.72 26.71 26.75 26.86 26.97 27.09 27.21 27.32 27.43 27.55 27.66 27.78 27.88 27.99 28.10 28.20 28.30 28.40 28.50 28.59 28.69 28.78 28.87 28.96 29.04 29.12 29.20 29.28 29.35 29.43 29.50 29.56 29.63 29.69 29.75 29.83 29.91 30.01 30.09 30.18 30.25 30.34 30.41 30.49 30.57 30.64 30.70 30.78 30.84 30.91 30.97 31.04 31.10 31.15 31.21 31.27
27.32 27.28 27.24 27.21 27.17 27.14 27.11 27.07 27.04 27.01 26.99 26.96 26.93 26.90 26.88 26.85 26.82 26.80 26.77 26.75 26.73 26.71 26.69 26.69 26.75 26.87 26.99 27.11 27.23 27.34 27.45 27.57 27.69 27.80 27.91 28.02 28.13 28.22 28.33 28.43 28.53 28.62 28.72 28.82 28.90 28.99 29.07 29.15 29.23 29.30 29.38 29.45 29.52 29.59 29.65 29.71 29.78 29.85 29.95 30.04 30.12 30.21 30.28 30.37 30.44 30.52 30.59 30.66 30.73 30.80 30.86 30.93 30.98 31.05 31.10 31.17 31.22
27.30 27.26 27.22 27.19 27.15 27.12 27.09 27.06 27.03 27.00 26.97 26.94 26.92 26.89 26.86 26.84 26.82 26.79 26.76 26.74 26.72 26.70 26.68 26.66 26.68 26.76 26.88 27.01 27.13 27.25 27.36 27.48 27.60 27.72 27.83 27.94 28.05 28.16 28.26 28.36 28.47 28.57 28.66 28.75 28.84 28.93 29.02 29.11 29.18 29.26 29.33 29.41 29.48 29.54 29.61 29.67 29.73 29.81 29.89 29.98 30.06 30.15 30.23 30.31 30.39 30.46 30.54 30.61 30.67 30.75 30.82 30.88 30.95 31.00 31.06 31.12 31.17
27.27 27.23 27.20 27.16 27.13 27.10 27.07 27.04 27.01 26.98 26.95 26.93 26.90 26.88 26.85 26.83 26.80 26.78 26.76 26.74 26.70 26.68 26.67 26.65 26.64 26.68 26.79 26.91 27.03 27.16 27.28 27.40 27.52 27.64 27.75 27.86 27.98 28.09 28.20 28.30 28.40 28.51 28.60 28.70 28.79 28.88 28.97 29.05 29.13 29.21 29.29 29.36 29.44 29.51 29.57 29.64 29.69 29.76 29.83 29.92 30.00 30.09 30.18 30.26 30.34 30.41 30.49 30.56 30.63 30.70 30.77 30.83 30.90 30.95 31.02 31.07 31.13
27.24 27.21 27.17 27.15 27.12 27.09 27.06 27.03 27.00 26.98 26.95 26.92 26.89 26.86 26.84 26.81 26.79 26.77 26.75 26.72 26.70 26.68 26.65 26.64 26.62 26.62 26.70 26.81 26.94 27.07 27.20 27.32 27.43 27.56 27.68 27.80 27.90 28.02 28.13 28.24 28.34 28.44 28.55 28.64 28.74 28.83 28.91 29.00 29.09 29.17 29.25 29.32 29.39 29.47 29.53 29.60 29.67 29.72 29.79 29.87 29.96 30.04 30.13 30.20 30.29 30.36 30.44 30.51 30.58 30.65 30.72 30.79 30.85 30.90 30.97 31.02 31.08
27.22 27.19 27.16 27.13 27.10 27.07 27.04 27.01 26.99 26.96 26.93 26.91 26.88 26.86 26.82 26.80 26.78 26.76 26.73 26.71 26.69 26.67 26.64 26.62 26.61 26.59 26.62 26.73 26.86 26.98 27.11 27.24 27.36 27.48 27.60 27.72 27.84 27.95 28.06 28.18 28.28 28.38 28.49 28.59 28.68 28.78 28.86 28.96 29.04 29.12 29.20 29.28 29.35 29.43 29.49 29.56 29.63 29.69 29.75 29.82 29.91 29.99 30.08 30.16 30.24 30.32 30.39 30.47 30.53 30.61 30.67 30.74 30.80 30.87 30.92 30.99 31.04
27.19 27.16 27.13 27.10 27.07 27.05 27.02 26.99 26.97 26.94 26.92 26.89 26.87 26.85 26.82 26.80 26.77 26.75 26.72 26.70 26.68 26.66 26.64 26.61 26.60 26.58 26.58 26.65 26.77 26.90 27.03 27.16 27.29 27.41 27.53 27.65 27.77 27.89 28.00 28.11 28.23 28.33 28.43 28.54 28.63 28.73 28.82 28.91 29.00 29.09 29.16 29.24 29.31 29.39 29.46 29.53 29.59 29.65 29.71 29.78 29.86 29.95 30.03 30.11 30.19 30.27 30.35 30.42 30.49 30.56 30.62 30.69 30.75 30.82 30.89 30.94 30.99
27.16 27.13 27.10 27.07 27.05 27.02 27.00 26.97 26.95 26.93 26.90 26.88 26.86 26.83 26.81 26.79 26.77 26.74 26.71 26.69 26.67 26.65 26.63 26.61 26.59 26.57 26.56 26.58 26.69 26.82 26.95 27.08 27.21 27.34 27.46 27.58 27.71 27.83 27.94 28.05 28.17 28.27 28.38 28.48 28.59 28.68 28.78 28.87 28.95 29.04 29.12 29.20 29.28 29.35 29.43 29.49 29.56 29.63 29.68 29.75 29.81 29.90 29.99 30.06 30.15 30.22 30.30 30.37 30.45 30.51 30.59 30.65 30.72 30.77 30.84 30.89 30.96
27.12 27.09 27.07 27.05 27.02 27.00 26.98 26.96 26.93 26.91 26.89 26.87 26.85 26.82 26.80 26.78 26.76 26.74 26.70 26.68 26.66 26.64 26.62 26.61 26.59 26.57 26.54 26.54 26.62 26.74 26.88 27.01 27.14 27.27 27.40 27.52 27.64 27.77 27.89 28.00 28.11 28.22 28.33 28.43 28.54 28.63 28.73 28.83 28.91 29.00 29.09 29.16 29.25 29.33 29.39 29.47 29.53 29.59 29.66 29.71 29.78 29.85 29.94 30.02 30.10 30.17 30.26 30.33 30.40 30.48 30.54 30.61 30.67 30.73 30.80 30.85 30.91
27.09 27.06 27.04 27.02 27.00 26.98 26.96 26.94 26.92 26.90 26.88 26.85 26.83 26.81 26.79 26.77 26.75 26.73 26.71 26.68 26.66 26.64 26.62 26.60 26.58 26.56 26.55 26.52 26.55 26.67 26.81 26.94 27.07 27.20 27.33 27.45 27.58 27.71 27.83 27.95 28.06 28.17 28.28 28.38 28.49 28.59 28.69 28.78 28.88 28.96 29.05 29.14 29.21 29.29 29.36 29.43 29.50 29.56 29.63 29.68 29.75 29.81 29.89 29.97 30.06 30.14 30.21 30.29 30.36 30.43 30.50 30.57 30.63 30.70 30.75 30.82 30.87
27.05 27.03 27.01 26.99 26.97 26.95 26.94 26.92 26.90 26.88 26.86 26.84 26.82 26.80 26.78 26.76 26.74 26.72 26.70 26.68 26.66 26.63 26.61 26.59 26.57 26.56 26.54 26.51 26.52 26.60 26.74 26.87 27.00 27.14 27.27 27.40 27.52 27.65 27.77 27.90 28.01 28.12 28.24 28.34 28.45 28.55 28.64 28.74 28.84 28.92 29.01 29.10 29.17 29.26 29.33 29.40 29.47 29.53 29.60 29.67 29.72 29.78 29.85 29.93 30.01 30.09 30.17 30.25 30.31 30.39 30.45 30.52 30.58 30.65 30.71 30.77 30.83
27.01 26.99 26.98 26.96 26.95 26.93 26.92 26.90 26.89 26.88 26.85 26.83 26.81 26.79 26.77 26.75 26.73 26.71 26.69 26.67 26.65 26.62 26.60 26.59 26.57 26.55 26.53 26.52 26.50 26.54 26.67 26.81 26.95 27.08 27.21 27.34 27.48 27.59 27.72 27.84 27.96 28.07 28.19 28.30 28.40 28.51 28.61 28.70 28.80 28.89 28.98 29.07 29.14 29.22 29.30 29.37 29.44 29.51 29.57 29.64 29.69 29.75 29.81 29.89 29.97 30.05 30.12 30.20 30.28 30.35 30.42 30.48 30.55 30.61 30.68 30.73 30.79
26.98 26.96 26.95 26.94 26.92 26.91 26.91 26.89 26.88 26.86 26.84 26.83 26.80 26.78 26.77 26.75 26.73 26.71 26.69 26.67 26.65 26.63 26.61 26.58 26.56 26.54 26.53 26.51 26.50 26.50 26.61 26.75 26.89 27.02 27.15 27.29 27.42 27.55 27.67 27.80 27.92 28.03 28.15 28.26 28.36 28.47 28.57 28.66 28.76 28.86 28.94 29.03 29.12 29.19 29.27 29.34 29.41 29.49 29.55 29.61 29.67 29.73 29.79 29.85 29.94 30.01 30.09 30.16 30.24 30.31 30.38 30.44 30.51 30.57 30.64 30.69 30.75
26.94 26.93 26.92 26.91 26.91 26.90 26.89 26.88 26.87 26.85 26.84 26.82 26.80 26.79 26.76 26.74 26.72 26.70 26.68 26.66 26.64 26.62 26.60 26.58 26.56 26.54 26.52 26.51 26.49 26.49 26.55 26.69 26.83 26.97 27.10 27.24 27.37 27.50 27.62 27.75 27.87 27.99 28.10 28.22 28.33 28.43 28.54 28.64 28.73 28.83 28.92 29.00 29.09 29.16 29.24 29.32 29.39 29.46 29.52 29.59 29.65 29.70 29.76 29.82 29.90 29.97 30.05 30.12 30.20 30.26 30.34 30.41 30.47 30.54 30.60 30.66 30.71
26.91 26.90 26.89 26.89 26.89 26.88 26.87 26.86 26.85 26.84 26.83 26.81 26.80 26.77 26.76 26.74 26.72 26.70 26.68 26.66 26.64 26.62 26.60 26.58 26.55 26.54 26.52 26.50 26.49 26.48 26.51 26.63 26.78 26.92 27.05 27.19 27.32 27.46 27.59 27.71 27.83 27.95 28.06 28.18 28.29 28.39 28.50 28.60 28.70 28.79 28.89 28.97 29.06 29.14 29.22 29.29 29.36 29.43 29.50 29.56 29.63 29.68 29.74 29.79 29.86 29.93 30.01 30.09 30.16 30.24 30.30 30.37 30.43 30.50 30.56 30.62 30.67
26.87 26.87 26.86 26.87 26.87 26.86 26.86 26.85 26.84 26.83 26.82 26.81 26.79 26.78 26.76 26.74 26.71 26.69 26.68 26.66 26.64 26.62 26.60 26.58 26.55 26.53 26.52 26.50 26.49 26.47 26.48 26.58 26.73 26.87 27.01 27.14 27.28 27.41 27.54 27.66 27.79 27.91 28.03 28.14 28.26 28.36 28.47 28.57 28.66 28.76 28.86 28.95 29.03 29.12 29.19 29.27 29.35 29.41 29.48 29.54 29.61 29.67 29.72 29.78 29.83 29.90 29.97 30.05 30.12 30.20 30.26 30.33 30.39 30.46 30.52 30.58 30.63
26.85 26.84 26.85 26.85 26.85 26.85 26.84 26.84 26.83 26.82 26.81 26.80 26.79 26.77 26.76 26.74 26.71 26.69 26.67 26.66 26.64 26.62 26.60 26.58 26.56 26.53 26.52 26.50 26.48 26.47 26.47 26.54 26.68 26.82 26.97 27.11 27.24 27.37 27.51 27.63 27.75 27.88 28.00 28.11 28.22 28.34 28.44 28.54 28.64 28.73 28.83 28.92 29.00 29.09 29.16 29.24 29.32 29.39 29.46 29.52 29.58 29.65 29.70 29.76 29.80 29.87 29.94 30.02 30.10 30.16 30.22 30.30 30.36 30.42 30.49 30.54 30.61
26.85 26.82 26.82 26.83 26.84 26.84 26.83 26.83 26.83 26.82 26.81 26.80 26.79 26.77 26.76 26.74 26.71 26.70 26.68 26.66 26.64 26.62 26.60 26.58 26.56 26.54 26.52 26.50 26.48 26.47 26.46 26.50 26.63 26.78 26.93 27.07 27.20 27.33 27.47 27.60 27.72 27.84 27.97 28.08 28.19 28.31 28.41 28.51 28.62 28.71 28.80 28.90 28.98 29.07 29.15 29.22 29.30 29.36 29.44 29.51 29.56 29.63 29.68 29.74 29.79 29.84 29.91 29.98 30.06 30.12 30.20 30.26 30.33 30.39 30.45 30.51 30.57
26.85 26.81 26.82 26.82 26.82 26.83 26.83 26.83 26.82 26.82 26.81 26.80 26.79 26.77 26.76 26.74 26.72 26.70 26.68 26.66 26.64 26.62 26.60 26.58 26.56 26.55 26.52 26.50 26.49 26.47 26.46 26.48 26.60 26.74 26.89 27.03 27.16 27.30 27.43 27.57 27.69 27.81 27.94 28.05 28.16 28.28 28.39 28.49 28.59 28.69 28.78 28.87 28.95 29.04 29.13 29.20 29.28 29.35 29.42 29.49 29.54 29.61 29.67 29.72 29.77 29.82 29.88 29.95 30.03 30.09 30.16 30.22 30.29 30.35 30.42 30.47 30.53
26.86 26.81 26.80 26.81 26.82 26.82 26.82 26.82 26.82 26.82 26.81 26.80 26.79 26.78 26.76 26.74 26.73 26.70 26.68 26.66 26.64 26.62 26.60 26.59 26.57 26.55 26.53 26.50 26.49 26.47 26.46 26.46 26.56 26.71 26.85 27.00 27.13 27.27 27.40 27.54 27.66 27.78 27.91 28.03 28.14 28.25 28.36 28.46 28.57 28.67 28.76 28.85 28.94 29.02 29.11 29.19 29.26 29.33 29.40 29.47 29.53 29.59 29.65 29.70 29.76 29.80 29.86 29.92 29.99 30.07 30.13 30.20 30.26 30.32 30.38 30.43 30.50
26.87 26.82 26.80 26.80 26.82 26.82 26.82 26.82 26.82 26.82 26.81 26.80 26.79 26.78 26.77 26.75 26.73 26.70 26.70 26.67 26.65 26.63 26.61 26.59 26.57 26.55 26.52 26.51 26.49 26.47 26.46 26.46 26.53 26.67 26.82 26.97 27.11 27.24 27.37 27.51 27.64 27.76 27.88 28.00 28.11 28.23 28.34 28.44 28.54 28.64 28.73 28.83 28.92 29.00 29.09 29.17 29.24 29.31 29.38 29.45 29.52 29.57 29.63 29.68 29.74 29.80 29.84 29.90 29.96 30.03 30.10 30.17 30.23 30.29 30.35 30.41 30.46
26.88 26.83 26.80 26.80 26.82 26.82 26.83 26.83 26.83 26.83 26.82 26.81 26.80 26.79 26.77 26.76 26.74 26.71 26.70 26.67 26.65 26.63 26.62 26.60 26.58 26.56 26.54 26.51 26.50 26.48 26.46 26.46 26.51 26.65 26.79 26.94 27.08 27.21 27.35 27.48 27.61 27.73 27.86 27.98 28.10 28.20 28.32 28.42 28.52 28.62 28.71 28.81 28.90 28.99 29.07 29.15 29.22 29.30 29.36 29.43 29.50 29.55 29.62 29.67 29.72 29.78 29.82 29.88 29.93 30.00 30.07 30.13 30.19 30.26 30.31 30.38 30.43
26.89 26.85 26.81 26.81 26.82 26.83 26.84 26.84 26.84 26.83 26.83 26.82 26.81 26.80 26.78 26.77 26.75 26.73 26.70 26.68 26.66 26.64 26.62 26.60 26.58 26.57 26.55 26.52 26.50 26.49 26.47 26.46 26.50 26.62 26.77 26.91 27.06 27.19 27.33 27.46 27.59 27.71 27.84 27.96 28.07 28.18 28.30 28.41 28.50 28.61 28.71 28.79 28.88 28.96 29.05 29.13 29.20 29.28 29.35 29.42 29.48 29.54 29.60 29.66 29.71 29.76 29.81 29.86 29.91 29.97 30.04 30.10 30.17 30.23 30.29 30.34 30.39
26.91 26.86 26.82 26.82 26.83 26.84 26.84 26.85 26.85 26.85 26.84 26.83 26.82 26.81 26.79 26.78 26.76 26.74 26.71 26.69 26.67 26.65 26.63 26.61 26.59 26.57 26.56 26.53 26.51 26.49 26.48 26.46 26.48 26.60 26.75 26.89 27.04 27.17 27.31 27.44 27.57 27.69 27.82 27.94 28.06 28.17 28.28 28.39 28.49 28.59 28.69 28.77 28.87 28.96 29.03 29.12 29.20 29.26 29.34 29.40 29.47 29.52 29.59 29.65 29.69 29.75 29.79 29.84 29.89 29.95 30.02 30.07 30.14 30.20 30.26 30.31 30.37
26.93 26.88 26.84 26.84 26.85 26.85 26.86 26.86 26.86 26.86 26.86 26.85 26.84 26.82 26.81 26.79 26.76 26.74 26.72 26.70 26.68 26.66 26.64 26.62 26.60 26.58 26.57 26.54 26.52 26.50 26.49 26.47 26.48 26.58 26.73 26.88 27.02 27.16 27.29 27.42 27.56 27.69 27.80 27.92 28.04 28.15 28.26 28.37 28.47 28.57 28.67 28.76 28.85 28.94 29.02 29.10 29.18 29.25 29.32 29.39 29.45 29.52 29.57 29.63 29.68 29.74 29.79 29.83 29.88 29.92 29.99 30.05 30.11 30.17 30.23 30.28 30.34
26.94 26.90 26.87 26.87 26.87 26.88 26.88 26.88 26.88 26.88 26.88 26.86 26.85 26.83 26.81 26.80 26.79 26.76 26.74 26.72 26.70 26.68 26.66 26.64 26.62 26.60 26.58 26.55 26.53 26.51 26.50 26.48 26.49 26.57 26.71 26.86 27.00 27.14 27.27 27.41 27.54 27.66 27.79 27.91 28.03 28.14 28.25 28.36 28.46 28.56 28.66 28.75 28.84 28.93 29.01 29.09 29.17 29.24 29.31 29.38 29.44 29.51 29.56 29.62 29.68 29.72 29.78 29.82 29.86 29.90 29.96 30.02 30.08 30.14 30.20 30.25 30.31
26.96 26.92 26.90 26.90 26.90 26.91 26.91 26.91 26.90 26.90 26.89 26.88 26.86 26.86 26.83 26.82 26.80 26.78 26.76 26.74 26.71 26.69 26.67 26.65 26.63 26.61 26.58 26.56 26.54 26.53 26.51 26.49 26.49 26.56 26.70 26.85 26.99 27.12 27.26 27.40 27.53 27.66 27.78 27.90 28.02 28.12 28.24 28.35 28.45 28.55 28.65 28.74 28.83 28.92 28.99 29.08 29.16 29.22 29.30 29.37 29.43 29.49 29.55 29.61 29.65 29.71 29.76 29.80 29.85 29.89 29.94 29.99 30.06 30.11 30.17 30.23 30.28
26.98 26.94 26.93 26.93 26.94 26.94 26.94 26.94 26.93 26.92 26.91 26.90 26.89 26.87 26.86 26.84 26.82 26.80 26.78 26.75 26.73 26.71 26.69 26.67 26.65 26.63 26.61 26.58 26.56 26.54 26.52 26.51 26.50 26.56 26.70 26.84 26.98 27.12 27.25 27.39 27.52 27.64 27.77 27.89 28.01 28.11 28.23 28.34 28.44 28.54 28.64 28.73 28.82 28.90 28.99 29.06 29.14 29.21 29.29 29.36 29.42 29.48 29.54 29.59 29.65 29.70 29.75 29.79 29.84 29.88 29.92 29.97 30.03 30.09 30.14 30.20 30.25
27.00 26.97 26.96 26.98 26.98 26.98 26.97 26.97 26.96 26.95 26.94 26.93 26.91 26.90 26.88 26.86 26.84 26.82 26.80 26.77 26.75 26.73 26.71 26.69 26.67 26.64 26.61 26.60 26.58 26.56 26.54 26.52 26.52 26.56 26.69 26.84 26.98 27.12 27.25 27.38 27.51 27.64 27.76 27.88 28.00 28.11 28.22 28.33 28.43 28.53 28.63 28.72 28.81 28.89 28.98 29.05 29.13 29.20 29.28 29.35 29.40 29.47 29.52 29.58 29.64 29.69 29.74 29.78 29.83 29.86 29.91 29.96 30.00 30.07 30.12 30.17 30.22
27.03 27.01 27.01 27.01 27.02 27.02 27.01 27.00 27.00 26.99 26.97 26.96 26.94 26.92 26.91 26.88 26.86 26.84 26.82 26.80 26.77 26.75 26.73 26.71 26.69 26.66 26.63 26.61 26.60 26.58 26.56 26.54 26.52 26.56 26.69 26.83 26.98 27.11 27.24 27.38 27.51 27.64 27.75 27.88 27.99 28.11 28.21 28.32 28.43 28.52 28.62 28.71 28.80 28.89 28.97 29.04 29.12 29.20 29.27 29.34 29.39 29.46 29.52 29.57 29.63 29.67 29.73 29.77 29.82 29.86 29.90 29.94 29.98 30.04 30.09 30.15 30.19
27.08 27.07 27.06 27.06 27.06 27.05 27.05 27.04 27.03 27.02 27.01 26.99 26.97 26.95 26.93 26.91 26.89 26.87 26.84 26.82 26.80 26.77 26.75 26.73 26.70 26.68 26.66 26.64 26.62 26.60 26.58 26.56 26.54 26.56 26.69 26.83 26.98 27.11 27.24 27.38 27.51 27.64 27.75 27.87 27.99 28.11 28.21 28.32 28.42 28.51 28.61 28.71 28.79 28.88 28.96 29.04 29.12 29.18 29.26 29.33 29.38 29.45 29.51 29.56 29.62 29.66 29.72 29.76 29.80 29.85 29.88 29.93 29.96 30.02 30.06 30.12 30.17
27.13 27.13 27.12 27.11 27.11 27.10 27.09 27.08 27.07 27.06 27.04 27.03 27.01 26.99 26.96 26.94 26.92 26.90 26.87 26.85 26.82 26.80 26.78 26.74 26.72 26.70 26.68 26.66 26.64 26.62 26.60 26.57 26.56 26.57 26.69 26.84 26.98 27.11 27.24 27.38 27.51 27.62 27.75 27.87 27.99 28.09 28.20 28.31 28.42 28.51 28.61 28.70 28.78 28.87 28.96 29.03 29.11 29.18 29.25 29.32 29.37 29.44 29.50 29.55 29.61 29.65 29.70 29.75 29.79 29.84 29.87 29.91 29.95 29.99 30.04 30.10 30.14
27.19 27.18 27.18 27.17 27.16 27.15 27.13 27.12 27.11 27.10 27.08 27.06 27.04 27.02 27.00 26.97 26.95 26.93 26.90 26.88 26.85 26.83 26.80 26.77 26.75 26.73 26.71 26.68 26.66 26.64 26.63 26.61 26.58 26.59 26.70 26.84 26.98 27.11 27.25 27.38 27.51 27.64 27.75 27.87 27.99 28.09 28.20 28.31 28.41 28.50 28.60 28.70 28.78 28.86 28.95 29.02 29.10 29.18 29.24 29.31 29.38 29.43 29.49 29.54 29.60 29.64 29.69 29.74 29.78 29.83 29.86 29.90 29.93 29.97 30.02 30.07 30.11
