main/data/pressure/19.04.2023.grid
ncols 886
nrows 691
xllcenter 112.0000
yllcenter -44.5000
cellsize 0.0500
nodata_value 99999.90
[rows 408 to 441 of 691, columns 539 to 615 of 886]
12.11 11.94 11.48 11.05 11.23 11.02 11.75 12.42 13.04 12.52 13.27 13.34 13.26 13.20 13.12 13.02 12.95 12.89 12.85 12.77 12.69 12.61 12.50 12.39 12.29 12.14 12.13 12.04 11.95 11.85 11.77 11.73 11.80 11.70 11.70 11.69 11.64 11.63 11.58 11.56 11.62 11.67 11.64 11.59 11.61 11.59 11.57 11.61 11.59 11.60 11.60 11.62 11.63 11.62 11.63 11.61 11.58 11.49 11.35 11.43 11.44 11.43 11.41 11.38 11.31 11.20 11.12 11.08 11.11 11.10 11.04 10.99 10.96 10.91 10.83 10.84 10.82
12.22 11.62 11.71 10.66 11.03 12.36 12.11 13.24 13.30 13.33 13.46 13.41 13.33 13.27 13.19 13.09 13.01 12.96 12.90 12.83 12.74 12.65 12.57 12.45 12.36 12.26 12.20 12.09 12.00 11.95 11.90 11.88 11.85 11.77 11.80 11.74 11.69 11.70 11.68 11.68 11.73 11.76 11.75 11.73 11.72 11.70 11.71 11.69 11.73 11.70 11.70 11.70 11.70 11.73 11.72 11.68 11.68 11.67 11.59 11.53 11.48 11.44 11.46 11.40 11.33 11.19 11.07 11.15 11.17 11.09 11.04 11.00 10.94 10.92 10.85 10.84 10.82
11.49 11.40 11.77 10.79 12.79 12.31 12.74 13.12 13.24 13.48 13.48 13.46 13.36 13.30 13.25 13.17 13.09 13.01 12.94 12.87 12.77 12.70 12.62 12.43 12.36 12.29 12.23 12.20 12.10 12.03 11.96 11.88 11.88 11.86 11.88 11.79 11.79 11.79 11.74 11.77 11.80 11.80 11.84 11.81 11.74 11.81 11.83 11.81 11.84 11.82 11.82 11.82 11.81 11.83 11.81 11.78 11.78 11.75 11.71 11.64 11.55 11.47 11.49 11.49 11.40 11.23 10.90 10.23 10.77 11.12 11.07 10.97 10.94 10.90 10.87 10.84 10.79
11.67 12.77 12.80 12.68 13.38 13.46 13.44 13.45 13.42 13.52 13.54 13.51 13.44 13.37 13.30 13.21 13.15 13.06 12.98 12.90 12.81 12.74 12.62 12.49 12.41 12.34 12.30 12.25 12.18 12.09 12.02 12.00 12.00 11.99 11.90 11.88 11.92 11.91 11.88 11.86 11.88 11.89 11.94 11.95 11.94 11.94 11.94 11.95 11.96 11.94 11.94 11.92 11.90 11.88 11.86 11.86 11.87 11.86 11.82 11.76 11.65 11.59 11.61 11.54 11.48 11.41 11.25 10.98 11.00 11.13 11.07 10.99 10.95 10.90 10.85 10.84 10.76
11.32 12.26 13.16 13.27 12.68 13.65 13.69 13.65 13.60 13.59 13.59 13.56 13.49 13.42 13.34 13.26 13.17 13.07 13.01 12.93 12.85 12.78 12.67 12.55 12.48 12.44 12.36 12.29 12.24 12.17 12.16 12.11 12.03 12.00 11.98 12.01 11.98 11.96 12.00 11.97 11.99 12.01 12.04 12.00 12.01 12.04 12.03 12.03 12.04 12.03 12.02 12.00 11.96 11.93 11.87 11.92 11.94 11.95 11.90 11.86 11.80 11.76 11.67 11.53 11.49 11.43 11.36 11.20 11.09 11.16 11.05 11.03 10.99 10.90 10.86 10.84 10.75
12.34 12.28 12.28 13.46 13.11 13.27 13.74 13.71 13.71 13.66 13.66 13.61 13.50 13.46 13.38 13.28 13.20 13.11 13.04 12.96 12.89 12.81 12.68 12.60 12.53 12.52 12.45 12.37 12.37 12.31 12.22 12.14 12.08 12.08 12.06 12.10 12.07 12.06 12.09 12.08 12.10 12.12 12.13 12.12 12.08 12.15 12.12 12.12 12.11 12.10 12.09 12.07 12.05 11.99 11.92 12.04 12.01 12.01 11.98 11.94 11.89 11.79 11.68 11.62 11.51 11.43 11.36 11.30 11.19 11.09 11.04 11.06 10.94 10.88 10.88 10.82 10.78
12.30 11.69 13.37 13.48 13.43 13.41 13.66 13.80 13.74 13.71 13.64 13.60 13.54 13.47 13.38 13.29 13.21 13.12 13.06 12.99 12.93 12.86 12.73 12.64 12.57 12.55 12.51 12.50 12.43 12.29 12.29 12.22 12.21 12.16 12.19 12.16 12.17 12.17 12.20 12.21 12.18 12.14 12.25 12.23 12.23 12.24 12.23 12.19 12.21 12.18 12.16 12.17 12.16 12.11 12.00 12.10 12.11 12.08 12.07 12.03 11.98 11.92 11.76 11.73 11.60 11.50 11.34 11.02 11.19 11.03 10.96 11.04 10.97 10.91 10.87 10.79 10.76
11.77 13.13 13.19 13.19 13.21 13.13 13.18 13.80 13.79 13.75 13.69 13.63 13.55 13.47 13.38 13.30 13.21 13.13 13.08 13.01 12.96 12.89 12.76 12.70 12.62 12.57 12.58 12.53 12.52 12.43 12.39 12.34 12.35 12.28 12.28 12.26 12.28 12.31 12.31 12.34 12.32 12.32 12.32 12.33 12.30 12.30 12.30 12.33 12.28 12.24 12.24 12.22 12.19 12.00 12.04 12.11 12.15 12.14 12.18 12.12 12.08 11.99 11.85 11.82 11.75 11.64 11.46 11.23 11.18 11.21 11.15 11.06 10.97 10.89 10.79 10.77 10.76
12.73 12.68 12.92 13.06 12.96 12.16 13.21 13.75 13.78 13.77 13.69 13.61 13.56 13.47 13.38 13.23 13.20 13.12 13.09 13.04 12.98 12.89 12.78 12.79 12.69 12.72 12.63 12.54 12.53 12.56 12.54 12.39 12.47 12.41 12.40 12.41 12.42 12.43 12.44 12.43 12.43 12.42 12.43 12.42 12.42 12.45 12.47 12.46 12.37 12.35 12.34 12.31 12.27 12.17 11.93 11.98 12.16 12.18 12.28 12.26 12.18 12.10 11.99 11.86 11.73 11.61 11.61 11.51 11.34 11.19 11.21 11.10 10.99 10.82 10.71 10.76 10.81
11.52 11.80 13.09 13.01 13.17 13.40 13.22 13.71 13.75 13.71 13.66 13.60 13.54 13.45 13.37 13.30 13.23 13.16 13.11 13.06 12.99 12.90 12.83 12.88 12.84 12.77 12.65 12.59 12.53 12.54 12.56 12.56 12.56 12.57 12.57 12.57 12.56 12.55 12.55 12.57 12.56 12.56 12.55 12.56 12.54 12.50 12.53 12.45 12.44 12.39 12.29 12.36 12.35 12.26 11.70 11.78 12.26 12.24 12.33 12.32 12.24 12.18 12.07 11.95 11.79 11.38 11.33 11.49 11.47 11.35 11.26 11.12 10.96 10.94 10.90 10.83 10.90
12.26 12.46 13.08 13.31 13.37 13.33 13.16 13.64 13.70 13.68 13.62 13.59 13.51 13.43 13.36 13.29 13.22 13.18 13.12 13.07 13.02 12.91 12.97 12.87 12.84 12.79 12.72 12.67 12.63 12.60 12.55 12.55 12.57 12.57 12.55 12.61 12.68 12.69 12.68 12.59 12.64 12.66 12.66 12.64 12.62 12.57 12.55 12.56 12.54 12.47 12.33 12.34 12.34 12.29 12.07 12.06 12.16 12.30 12.38 12.40 12.28 12.24 12.13 12.01 11.81 11.37 11.30 11.36 11.54 11.44 11.30 11.16 10.95 10.87 10.84 10.93 10.91
12.54 13.04 13.21 13.31 13.42 13.47 13.07 13.54 13.61 13.58 13.54 13.50 13.45 13.38 13.33 13.29 13.22 13.17 13.12 13.07 13.04 12.90 12.96 12.89 12.84 12.83 12.74 12.75 12.71 12.64 12.62 12.59 12.64 12.64 12.65 12.69 12.76 12.77 12.77 12.76 12.76 12.74 12.73 12.70 12.74 12.69 12.62 12.62 12.60 12.55 12.41 12.34 12.33 12.29 11.99 11.87 12.12 12.42 12.42 12.40 12.35 12.28 12.19 12.12 11.97 11.76 11.80 11.59 11.55 11.48 11.33 11.26 11.13 11.01 10.90 10.79 10.94
12.71 12.98 12.95 12.92 12.82 12.87 12.96 13.50 13.52 13.51 13.47 13.44 13.38 13.33 13.32 13.27 13.23 13.17 13.13 13.08 13.03 12.89 12.93 12.79 12.84 12.85 12.78 12.67 12.79 12.62 12.73 12.61 12.65 12.72 12.71 12.73 12.82 12.77 12.87 12.85 12.85 12.83 12.80 12.70 12.70 12.74 12.72 12.68 12.62 12.53 12.32 12.27 12.39 12.16 12.06 12.21 12.21 12.47 12.47 12.44 12.42 12.34 12.27 12.17 11.80 11.97 11.89 11.79 11.61 11.48 11.24 11.12 10.95 10.87 10.64 10.84 11.01
12.25 12.81 13.06 13.25 13.29 13.09 13.43 13.47 13.44 13.43 13.39 13.34 13.31 13.25 13.27 13.21 13.18 13.13 13.12 13.04 13.04 12.98 12.99 12.84 12.88 12.88 12.78 12.82 12.83 12.79 12.78 12.71 12.77 12.77 12.77 12.81 12.85 12.91 12.94 12.92 12.93 12.91 12.89 12.86 12.83 12.80 12.75 12.75 12.65 12.49 11.98 12.28 12.45 12.26 12.26 12.39 12.41 12.54 12.51 12.49 12.48 12.41 12.34 12.24 12.14 12.02 11.71 11.84 11.70 11.56 11.19 11.11 11.02 10.94 10.90 11.05 11.17
12.72 12.82 12.98 13.12 13.20 12.89 13.30 13.32 13.34 13.31 13.30 13.28 13.25 13.18 13.14 13.06 13.17 13.14 13.09 13.06 13.00 12.95 12.88 12.86 12.92 12.88 12.82 12.85 12.87 12.85 12.85 12.83 12.83 12.89 12.85 12.89 12.92 12.97 13.01 13.00 12.99 12.98 12.93 12.95 12.93 12.85 12.77 12.69 12.74 12.59 12.21 12.44 12.39 12.37 12.48 12.54 12.54 12.57 12.57 12.55 12.52 12.49 12.41 12.32 12.21 12.01 11.59 11.78 11.68 11.17 11.45 11.22 11.14 11.09 11.05 11.10 11.18
12.75 12.88 12.99 13.09 13.10 13.13 13.01 13.18 13.21 13.25 13.23 13.20 13.19 13.18 13.10 13.12 13.00 13.02 13.02 13.02 13.00 12.98 12.92 12.90 12.91 12.88 12.90 12.87 12.87 12.88 12.85 12.83 12.90 12.91 12.93 12.96 12.98 13.01 13.05 13.06 13.06 13.04 13.04 13.00 12.97 12.91 12.84 12.84 12.77 12.57 12.33 12.41 12.43 12.53 12.57 12.44 12.53 12.61 12.59 12.59 12.56 12.54 12.48 12.39 12.26 12.05 11.60 11.64 11.70 11.49 11.17 11.30 11.29 11.22 11.15 11.15 11.14
12.62 12.75 12.84 12.91 12.97 12.99 13.05 13.08 13.10 13.13 13.13 13.14 13.11 13.07 13.04 13.07 12.99 12.97 12.98 12.99 13.00 12.95 12.91 12.91 12.95 12.90 12.89 12.90 12.90 12.90 12.88 12.88 12.93 12.94 12.93 12.97 13.01 13.05 13.08 13.11 13.12 13.12 13.09 13.05 13.03 12.98 12.84 12.87 12.82 12.64 12.51 12.38 12.43 12.54 12.56 12.48 12.55 12.63 12.57 12.64 12.62 12.58 12.52 12.43 12.32 12.15 11.97 11.43 11.61 11.52 11.29 11.42 11.41 11.35 11.23 11.09 10.91
12.45 12.62 12.66 12.75 12.81 12.84 12.87 12.93 13.00 13.03 13.05 13.05 13.05 13.03 13.02 13.00 12.98 12.96 12.95 12.95 12.93 12.91 12.89 12.87 12.89 12.94 12.95 12.91 12.91 12.92 12.91 12.91 12.93 12.96 12.96 13.00 13.04 13.05 13.10 13.15 13.18 13.18 13.14 13.11 13.10 13.04 12.95 12.90 12.83 12.77 12.18 12.40 12.56 12.48 12.45 12.53 12.60 12.35 12.51 12.69 12.66 12.60 12.55 12.49 12.38 12.24 12.05 11.80 11.39 11.49 11.51 11.57 11.55 11.49 11.34 11.08 10.86
12.22 12.46 12.54 12.62 12.69 12.72 12.79 12.85 12.91 12.95 12.97 12.98 13.01 13.01 12.96 12.94 12.93 12.94 12.92 12.89 12.89 12.88 12.86 12.85 12.84 12.85 12.89 12.88 12.89 12.92 12.92 12.93 12.93 12.94 13.00 13.03 13.06 13.09 13.12 13.16 13.20 13.21 13.21 13.18 13.13 12.92 12.93 12.94 12.90 12.75 12.57 12.24 12.04 12.48 12.53 12.63 12.68 12.46 12.50 12.65 12.67 12.63 12.60 12.55 12.45 12.31 12.16 11.96 11.37 11.60 11.66 11.64 11.65 11.57 11.49 11.39 11.22
11.86 12.18 12.39 12.49 12.56 12.63 12.56 12.61 12.78 12.87 12.90 12.93 12.94 12.96 12.89 12.91 12.90 12.89 12.90 12.88 12.88 12.85 12.84 12.83 12.82 12.81 12.82 12.84 12.88 12.91 12.92 12.92 12.96 12.98 13.00 13.03 13.06 13.10 13.14 13.18 13.24 13.27 13.24 13.20 13.20 13.13 13.01 12.95 12.87 12.63 12.49 12.46 12.09 11.83 12.58 12.62 12.65 12.49 12.65 12.68 12.68 12.64 12.63 12.61 12.51 12.39 12.28 11.89 11.53 11.45 11.23 11.41 11.60 11.71 11.66 11.63 11.51
11.61 11.76 12.24 12.31 12.37 12.35 11.83 12.43 12.73 12.79 12.83 12.86 12.85 12.86 12.85 12.91 12.88 12.86 12.87 12.85 12.84 12.83 12.82 12.81 12.79 12.79 12.81 12.81 12.85 12.89 12.88 12.91 12.95 12.97 13.00 13.02 13.06 13.09 13.13 13.17 13.21 13.29 13.31 13.27 13.25 13.21 13.10 13.04 12.98 12.79 12.66 12.49 12.04 12.24 12.63 12.54 12.47 12.41 12.30 12.71 12.63 12.66 12.70 12.66 12.62 12.54 12.39 12.05 11.66 11.80 11.71 11.32 11.48 11.67 11.76 11.73 11.61
11.73 11.93 12.04 12.12 12.18 12.19 12.30 12.57 12.63 12.69 12.76 12.81 12.80 12.80 12.82 12.84 12.85 12.85 12.83 12.84 12.80 12.80 12.79 12.79 12.77 12.77 12.79 12.80 12.83 12.86 12.87 12.90 12.93 12.96 12.98 13.02 13.05 13.08 13.12 13.16 13.19 13.28 13.30 13.31 13.29 13.23 13.18 13.09 13.03 12.51 12.20 12.57 12.28 12.42 12.54 12.58 12.54 12.58 12.70 12.73 12.64 12.59 12.76 12.72 12.68 12.58 12.46 12.29 12.21 12.03 12.00 11.76 11.63 11.75 11.83 11.83 11.75
11.58 11.72 11.95 12.04 12.10 12.00 12.30 12.43 12.54 12.62 12.68 12.74 12.75 12.76 12.78 12.81 12.81 12.81 12.80 12.80 12.79 12.78 12.77 12.76 12.75 12.75 12.78 12.80 12.80 12.82 12.85 12.88 12.90 12.93 12.96 12.99 13.04 13.06 13.11 13.14 13.18 13.22 13.28 13.32 13.31 13.27 13.24 13.16 12.99 12.90 12.80 12.70 12.33 12.21 12.55 12.63 12.69 12.71 12.75 12.72 12.69 12.64 12.73 12.77 12.72 12.65 12.57 12.47 12.33 12.14 12.10 11.86 11.68 11.80 11.89 11.91 11.88
11.47 11.65 11.85 11.96 12.02 12.07 11.98 12.38 12.48 12.56 12.64 12.67 12.69 12.73 12.74 12.78 12.79 12.79 12.78 12.79 12.77 12.76 12.73 12.75 12.73 12.73 12.76 12.76 12.78 12.79 12.83 12.84 12.88 12.91 12.93 12.98 12.99 13.04 13.07 13.10 13.13 13.17 13.23 13.29 13.31 13.29 13.25 13.24 13.01 12.85 12.50 12.67 12.52 12.48 12.66 12.67 12.72 12.71 12.73 12.63 12.54 12.68 12.73 12.78 12.74 12.72 12.66 12.57 12.46 12.35 12.19 11.88 11.77 11.92 12.00 11.99 11.92
11.43 11.64 11.77 11.88 11.55 11.78 12.05 12.31 12.41 12.53 12.60 12.64 12.68 12.70 12.73 12.74 12.76 12.77 12.77 12.77 12.77 12.74 12.75 12.73 12.71 12.73 12.73 12.74 12.76 12.79 12.83 12.80 12.84 12.88 12.91 12.95 12.97 13.00 13.04 13.06 13.08 13.13 13.17 13.21 13.24 13.24 13.24 13.08 12.74 12.73 12.56 12.66 12.45 12.48 12.60 12.13 12.66 12.71 12.79 12.82 12.81 12.81 12.80 12.78 12.77 12.76 12.72 12.64 12.55 12.43 12.21 11.96 11.96 12.06 12.09 12.00 11.95
11.40 11.56 11.64 11.71 11.64 11.95 12.11 12.31 12.43 12.52 12.57 12.62 12.65 12.67 12.70 12.71 12.73 12.77 12.75 12.75 12.74 12.73 12.73 12.70 12.70 12.71 12.72 12.71 12.73 12.76 12.79 12.78 12.81 12.85 12.88 12.91 12.93 12.96 13.00 13.02 13.04 13.05 13.10 13.14 13.16 13.16 13.12 12.64 12.37 12.67 12.64 12.31 12.58 12.68 12.66 12.74 12.76 12.80 12.83 12.84 12.75 12.80 12.83 12.72 12.82 12.79 12.77 12.70 12.64 12.51 12.37 12.25 12.09 12.10 12.08 12.01 12.01
11.23 11.46 11.39 11.14 11.71 11.88 12.10 12.33 12.40 12.47 12.54 12.61 12.64 12.65 12.68 12.70 12.74 12.76 12.74 12.73 12.75 12.74 12.73 12.71 12.69 12.69 12.69 12.67 12.71 12.72 12.76 12.76 12.80 12.83 12.84 12.87 12.89 12.94 12.96 12.98 12.99 13.03 13.04 13.07 13.09 13.08 12.99 12.75 12.59 12.62 12.55 12.36 12.64 12.74 12.78 12.79 12.84 12.88 12.91 12.89 12.88 12.89 12.88 12.88 12.89 12.84 12.82 12.72 12.63 12.58 12.49 12.21 12.16 12.18 12.10 12.10 12.11
11.02 11.30 11.40 11.07 11.68 11.89 12.30 12.21 12.37 12.47 12.54 12.61 12.61 12.65 12.66 12.67 12.71 12.71 12.74 12.75 12.72 12.73 12.71 12.69 12.68 12.67 12.61 12.65 12.68 12.69 12.73 12.75 12.77 12.78 12.81 12.83 12.85 12.90 12.92 12.95 12.95 12.96 12.98 13.01 12.99 12.82 12.69 12.64 12.38 12.64 12.51 12.46 12.70 12.55 12.68 12.86 12.83 12.96 12.93 12.97 12.95 12.95 12.94 12.93 12.94 12.93 12.88 12.80 12.67 12.58 12.52 12.52 12.42 12.31 12.08 11.76 12.10
10.71 10.54 10.78 11.05 11.37 11.72 12.01 12.07 12.41 12.48 12.54 12.55 12.29 12.65 12.62 12.55 12.68 12.68 12.70 12.70 12.68 12.70 12.69 12.69 12.66 12.62 12.62 12.63 12.63 12.66 12.69 12.71 12.72 12.73 12.78 12.78 12.81 12.86 12.90 12.90 12.94 12.91 12.94 12.95 12.93 12.68 12.04 12.13 12.27 12.62 12.80 12.70 12.86 12.79 12.37 12.51 12.82 13.03 12.89 12.98 13.00 13.02 13.00 12.99 12.97 12.96 12.92 12.80 12.54 11.98 12.12 12.61 12.56 12.43 12.26 12.13 12.24
10.59 9.28 9.75 10.67 11.38 11.33 11.78 12.11 12.36 12.51 12.56 12.50 12.35 12.65 12.56 12.21 12.63 12.68 12.62 12.51 12.65 12.69 12.64 12.68 12.64 12.55 12.54 12.60 12.59 12.64 12.58 12.67 12.70 12.71 12.76 12.71 12.72 12.82 12.84 12.86 12.87 12.91 12.91 12.92 12.91 12.83 12.71 12.61 12.22 12.59 12.74 12.91 12.93 12.89 12.51 12.74 12.98 13.06 13.11 13.05 13.06 13.05 13.06 13.05 13.04 13.00 12.92 12.80 12.53 12.35 12.48 12.67 12.67 12.55 12.51 12.49 12.50
10.72 10.84 11.15 11.12 11.43 11.58 11.99 12.29 12.43 12.54 12.56 12.60 12.60 12.67 12.61 12.18 12.29 12.38 12.57 11.87 12.47 12.62 12.36 12.65 12.57 12.53 12.51 12.57 12.44 12.62 12.51 12.64 12.62 12.63 12.69 12.72 12.74 12.79 12.79 12.79 12.82 12.83 12.85 12.85 12.79 12.63 12.67 12.66 12.56 12.48 12.40 12.85 12.96 12.96 13.02 13.04 13.03 13.02 13.06 13.11 13.12 13.12 13.11 13.10 13.08 13.05 12.92 12.81 12.69 12.75 12.79 12.82 12.79 12.61 12.67 12.69 12.67
11.10 11.31 11.16 11.30 11.82 12.13 12.24 12.14 12.48 12.54 12.56 12.64 12.64 12.65 12.54 12.04 12.48 12.46 12.04 12.02 12.62 12.61 12.68 12.48 12.37 12.32 12.55 12.51 12.33 12.49 12.31 12.54 12.56 12.56 12.65 12.68 12.72 12.74 12.75 12.75 12.75 12.76 12.77 12.71 12.59 12.49 12.53 12.57 12.53 12.60 12.58 12.72 12.83 12.63 12.94 13.05 13.11 13.11 13.10 13.12 13.14 13.18 13.16 13.16 13.16 13.06 12.83 12.55 12.88 12.86 12.86 12.96 12.94 12.85 12.82 12.83 12.81
11.40 11.50 11.59 11.64 12.03 12.24 11.94 11.87 12.42 12.50 12.52 12.51 12.41 12.67 12.64 12.61 12.40 12.47 12.30 12.58 12.63 12.58 12.60 12.62 12.39 12.23 11.90 12.12 12.11 12.41 12.34 12.55 12.53 12.55 12.60 12.63 12.69 12.71 12.71 12.71 12.68 12.68 12.71 12.63 12.39 12.39 12.41 12.42 12.57 12.67 12.62 12.70 12.62 12.68 12.88 13.03 13.05 13.15 13.16 13.16 13.19 13.24 13.23 13.23 13.22 13.10 12.90 13.02 13.04 13.02 13.07 13.07 13.06 12.99 13.00 12.96 12.93
11.54 11.69 11.81 11.96 12.16 12.30 12.13 12.20 12.42 12.42 12.30 12.32 11.55 12.40 12.67 12.63 12.30 12.38 12.47 11.91 12.56 12.52 12.48 12.48 12.42 12.49 12.16 12.01 12.20 11.99 12.45 12.51 12.48 12.47 12.52 12.62 12.65 12.64 12.65 12.65 12.64 12.59 12.66 12.60 12.40 12.30 12.47 12.61 12.50 12.72 12.69 12.66 12.82 12.95 13.05 13.06 12.96 13.13 13.21 13.23 13.24 13.28 13.30 13.29 13.26 13.13 13.04 13.20 13.15 13.20 13.20 13.21 13.17 13.13 13.10 13.07 13.06
