main/data/pressure/19.06.2023.grid
ncols 886
nrows 691
xllcenter 112.0000
yllcenter -44.5000
cellsize 0.0500
nodata_value 99999.90
[rows 629 to 665 of 691, columns 0 to 82 of 886]
10.22 10.21 10.21 10.20 10.20 10.19 10.19 10.18 10.18 10.17 10.16 10.16 10.15 10.15 10.14 10.13 10.13 10.12 10.11 10.10 10.09 10.09 10.08 10.07 10.07 10.06 10.05 10.05 10.04 10.03 10.03 10.01 10.01 10.00 9.99 9.99 9.98 9.97 9.97 9.95 9.95 9.94 9.93 9.93 9.92 9.92 9.90 9.89 9.89 9.88 9.88 9.87 9.87 9.85 9.85 9.84 9.84 9.83 9.83 9.82 9.81 9.81 9.80 9.80 9.79 9.78 9.78 9.77 9.77 9.77 9.75 9.75 9.75 9.74 9.74 9.73 9.73 9.72 9.72 9.72 9.71 9.71 9.71
10.22 10.21 10.21 10.20 10.20 10.19 10.18 10.18 10.17 10.17 10.16 10.16 10.15 10.15 10.14 10.13 10.13 10.12 10.12 10.10 10.10 10.09 10.08 10.08 10.07 10.07 10.06 10.05 10.05 10.04 10.04 10.02 10.01 10.01 10.00 10.00 9.99 9.98 9.98 9.97 9.96 9.95 9.95 9.94 9.94 9.93 9.92 9.92 9.90 9.90 9.89 9.89 9.88 9.88 9.86 9.86 9.86 9.85 9.85 9.84 9.83 9.82 9.82 9.82 9.81 9.80 9.80 9.79 9.79 9.79 9.78 9.77 9.77 9.77 9.76 9.76 9.75 9.75 9.74 9.74 9.74 9.73 9.73
10.21 10.21 10.20 10.20 10.19 10.19 10.18 10.18 10.17 10.17 10.16 10.16 10.15 10.14 10.14 10.13 10.13 10.12 10.12 10.10 10.10 10.09 10.09 10.08 10.07 10.07 10.06 10.06 10.05 10.05 10.04 10.04 10.02 10.01 10.01 10.00 10.00 9.99 9.99 9.98 9.98 9.96 9.96 9.95 9.95 9.94 9.94 9.93 9.92 9.91 9.91 9.90 9.90 9.89 9.89 9.87 9.87 9.87 9.86 9.86 9.84 9.84 9.84 9.83 9.83 9.83 9.82 9.81 9.81 9.80 9.80 9.80 9.79 9.78 9.78 9.78 9.78 9.77 9.76 9.76 9.76 9.76 9.75
10.20 10.20 10.19 10.19 10.19 10.18 10.18 10.17 10.17 10.16 10.16 10.15 10.15 10.14 10.14 10.13 10.13 10.12 10.12 10.10 10.10 10.09 10.09 10.08 10.08 10.07 10.07 10.06 10.06 10.05 10.05 10.04 10.03 10.02 10.02 10.01 10.00 10.00 9.99 9.99 9.98 9.97 9.97 9.96 9.96 9.95 9.95 9.94 9.93 9.92 9.92 9.91 9.91 9.91 9.90 9.90 9.88 9.88 9.88 9.87 9.87 9.86 9.85 9.85 9.84 9.84 9.84 9.84 9.82 9.82 9.82 9.82 9.81 9.80 9.80 9.80 9.80 9.79 9.78 9.78 9.78 9.78 9.78
10.20 10.19 10.19 10.18 10.18 10.18 10.17 10.17 10.16 10.16 10.15 10.15 10.14 10.14 10.13 10.13 10.13 10.12 10.12 10.10 10.10 10.09 10.09 10.08 10.08 10.07 10.07 10.06 10.06 10.05 10.05 10.04 10.03 10.02 10.02 10.01 10.01 10.01 10.00 10.00 9.99 9.98 9.97 9.97 9.96 9.96 9.95 9.95 9.95 9.93 9.93 9.92 9.92 9.92 9.91 9.91 9.89 9.89 9.89 9.88 9.88 9.88 9.86 9.86 9.86 9.85 9.85 9.85 9.84 9.83 9.83 9.83 9.83 9.82 9.81 9.81 9.81 9.81 9.81 9.80 9.79 9.79 9.79
10.19 10.18 10.18 10.18 10.17 10.17 10.16 10.16 10.16 10.15 10.15 10.14 10.14 10.14 10.13 10.13 10.12 10.12 10.11 10.10 10.09 10.09 10.09 10.08 10.08 10.07 10.07 10.06 10.06 10.05 10.05 10.04 10.03 10.03 10.02 10.02 10.01 10.01 10.00 10.00 10.00 9.98 9.98 9.97 9.97 9.96 9.96 9.96 9.95 9.94 9.93 9.93 9.93 9.92 9.92 9.92 9.91 9.90 9.90 9.89 9.89 9.89 9.88 9.87 9.87 9.87 9.86 9.86 9.86 9.85 9.84 9.84 9.84 9.84 9.84 9.82 9.82 9.82 9.82 9.82 9.81 9.81 9.81
10.18 10.18 10.17 10.17 10.16 10.16 10.16 10.15 10.15 10.15 10.14 10.14 10.13 10.13 10.13 10.12 10.12 10.11 10.10 10.10 10.09 10.09 10.08 10.08 10.07 10.07 10.07 10.06 10.06 10.05 10.05 10.04 10.04 10.03 10.02 10.02 10.01 10.01 10.01 10.00 10.00 9.99 9.98 9.98 9.97 9.97 9.97 9.96 9.96 9.95 9.94 9.94 9.93 9.93 9.93 9.92 9.92 9.91 9.90 9.90 9.90 9.90 9.89 9.88 9.88 9.87 9.87 9.87 9.87 9.87 9.85 9.85 9.85 9.85 9.85 9.84 9.83 9.83 9.83 9.83 9.83 9.82 9.82
10.17 10.17 10.16 10.16 10.16 10.15 10.15 10.15 10.14 10.14 10.13 10.13 10.13 10.12 10.12 10.12 10.11 10.11 10.09 10.09 10.09 10.08 10.08 10.08 10.07 10.07 10.06 10.06 10.06 10.05 10.05 10.04 10.04 10.03 10.02 10.02 10.02 10.01 10.01 10.00 10.00 10.00 9.98 9.98 9.98 9.97 9.97 9.96 9.96 9.96 9.94 9.94 9.94 9.94 9.93 9.93 9.93 9.92 9.91 9.91 9.90 9.90 9.90 9.90 9.89 9.88 9.88 9.88 9.88 9.87 9.87 9.86 9.86 9.86 9.85 9.85 9.84 9.84 9.84 9.84 9.84 9.84 9.84
10.16 10.16 10.15 10.15 10.15 10.14 10.14 10.14 10.13 10.13 10.13 10.12 10.12 10.12 10.11 10.11 10.11 10.10 10.09 10.09 10.08 10.08 10.07 10.07 10.07 10.06 10.06 10.06 10.05 10.05 10.05 10.04 10.04 10.02 10.02 10.02 10.01 10.01 10.01 10.00 10.00 10.00 9.99 9.98 9.98 9.97 9.97 9.97 9.96 9.96 9.96 9.94 9.94 9.94 9.94 9.93 9.93 9.93 9.91 9.91 9.91 9.91 9.90 9.90 9.90 9.89 9.89 9.88 9.88 9.88 9.88 9.88 9.86 9.86 9.86 9.86 9.86 9.86 9.85 9.85 9.84 9.84 9.84
10.15 10.15 10.14 10.14 10.14 10.13 10.13 10.13 10.12 10.12 10.12 10.12 10.11 10.11 10.11 10.10 10.10 10.09 10.08 10.08 10.08 10.07 10.07 10.07 10.06 10.06 10.06 10.05 10.05 10.05 10.04 10.04 10.04 10.02 10.02 10.02 10.01 10.01 10.01 10.00 10.00 10.00 9.99 9.98 9.98 9.97 9.97 9.97 9.96 9.96 9.96 9.95 9.94 9.94 9.94 9.93 9.93 9.93 9.93 9.91 9.91 9.91 9.91 9.91 9.90 9.90 9.90 9.89 9.89 9.88 9.88 9.88 9.88 9.87 9.87 9.87 9.86 9.86 9.85 9.85 9.85 9.85 9.85
10.14 10.13 10.13 10.13 10.13 10.12 10.12 10.12 10.11 10.11 10.11 10.11 10.10 10.10 10.10 10.09 10.09 10.08 10.07 10.07 10.07 10.07 10.06 10.06 10.06 10.05 10.05 10.05 10.04 10.04 10.04 10.03 10.03 10.02 10.01 10.01 10.01 10.01 10.00 10.00 10.00 9.99 9.99 9.99 9.97 9.97 9.97 9.97 9.96 9.96 9.96 9.96 9.94 9.94 9.94 9.94 9.93 9.93 9.93 9.93 9.91 9.91 9.91 9.91 9.91 9.90 9.90 9.89 9.89 9.89 9.89 9.88 9.88 9.88 9.87 9.87 9.87 9.87 9.87 9.86 9.85 9.85 9.85
10.13 10.12 10.12 10.12 10.11 10.11 10.11 10.11 10.10 10.10 10.10 10.10 10.09 10.09 10.09 10.09 10.07 10.07 10.07 10.06 10.06 10.06 10.06 10.05 10.05 10.05 10.04 10.04 10.04 10.03 10.03 10.03 10.03 10.02 10.01 10.01 10.00 10.00 10.00 10.00 9.99 9.99 9.99 9.98 9.98 9.97 9.97 9.96 9.96 9.96 9.96 9.95 9.95 9.94 9.94 9.93 9.93 9.93 9.93 9.93 9.92 9.91 9.91 9.91 9.91 9.90 9.90 9.90 9.89 9.89 9.89 9.89 9.88 9.88 9.88 9.87 9.87 9.87 9.87 9.87 9.87 9.86 9.85
10.11 10.11 10.11 10.11 10.10 10.10 10.10 10.10 10.09 10.09 10.09 10.09 10.07 10.07 10.07 10.07 10.06 10.06 10.06 10.05 10.05 10.05 10.05 10.04 10.04 10.04 10.04 10.03 10.03 10.03 10.03 10.02 10.01 10.01 10.00 10.00 10.00 10.00 9.99 9.99 9.99 9.99 9.98 9.98 9.98 9.97 9.96 9.96 9.96 9.96 9.95 9.95 9.95 9.95 9.94 9.93 9.93 9.93 9.93 9.92 9.92 9.91 9.91 9.91 9.91 9.90 9.90 9.90 9.90 9.89 9.89 9.89 9.88 9.88 9.88 9.88 9.87 9.87 9.87 9.87 9.87 9.87 9.86
10.10 10.10 10.10 10.09 10.09 10.09 10.09 10.08 10.08 10.08 10.08 10.07 10.07 10.06 10.06 10.06 10.05 10.05 10.05 10.05 10.04 10.04 10.04 10.04 10.03 10.03 10.03 10.03 10.02 10.02 10.02 10.02 10.01 10.01 10.00 10.00 9.99 9.99 9.99 9.99 9.98 9.98 9.98 9.98 9.97 9.96 9.96 9.96 9.95 9.95 9.95 9.95 9.95 9.94 9.93 9.93 9.93 9.93 9.92 9.92 9.92 9.92 9.92 9.91 9.90 9.90 9.90 9.90 9.90 9.90 9.89 9.88 9.88 9.88 9.88 9.88 9.88 9.87 9.87 9.87 9.87 9.87 9.87
10.09 10.07 10.07 10.07 10.07 10.07 10.06 10.06 10.06 10.06 10.06 10.05 10.05 10.05 10.05 10.04 10.04 10.04 10.04 10.03 10.03 10.03 10.03 10.03 10.02 10.02 10.02 10.02 10.01 10.01 10.01 10.01 10.00 9.99 9.99 9.99 9.99 9.98 9.98 9.98 9.98 9.97 9.97 9.97 9.97 9.97 9.95 9.95 9.95 9.95 9.95 9.94 9.94 9.94 9.94 9.93 9.92 9.92 9.92 9.92 9.92 9.92 9.91 9.90 9.90 9.90 9.90 9.90 9.90 9.89 9.89 9.88 9.88 9.88 9.88 9.88 9.88 9.88 9.87 9.87 9.86 9.86 9.86
10.06 10.06 10.06 10.06 10.05 10.05 10.05 10.05 10.05 10.04 10.04 10.04 10.04 10.04 10.03 10.03 10.03 10.03 10.03 10.02 10.02 10.02 10.02 10.02 10.01 10.01 10.01 10.01 10.00 10.00 10.00 10.00 10.00 9.99 9.98 9.98 9.98 9.98 9.97 9.97 9.97 9.97 9.96 9.96 9.96 9.95 9.95 9.94 9.94 9.94 9.94 9.94 9.94 9.93 9.93 9.93 9.92 9.92 9.92 9.91 9.91 9.91 9.91 9.91 9.90 9.90 9.89 9.89 9.89 9.89 9.89 9.89 9.88 9.88 9.88 9.87 9.87 9.87 9.86 9.86 9.86 9.86 9.86
10.05 10.05 10.04 10.04 10.04 10.04 10.04 10.04 10.03 10.03 10.03 10.03 10.03 10.02 10.02 10.02 10.02 10.02 10.01 10.01 10.01 10.01 10.01 10.00 10.00 10.00 10.00 10.00 9.99 9.99 9.99 9.99 9.99 9.97 9.97 9.97 9.97 9.97 9.96 9.96 9.96 9.96 9.96 9.95 9.95 9.95 9.94 9.94 9.94 9.93 9.93 9.93 9.93 9.93 9.93 9.92 9.91 9.91 9.91 9.91 9.91 9.91 9.90 9.90 9.90 9.89 9.89 9.89 9.89 9.89 9.88 9.88 9.88 9.87 9.87 9.87 9.87 9.87 9.87 9.87 9.86 9.86 9.86
10.03 10.03 10.03 10.03 10.03 10.03 10.02 10.02 10.02 10.02 10.02 10.01 10.01 10.01 10.01 10.01 10.01 10.00 10.00 10.00 10.00 10.00 9.99 9.99 9.99 9.99 9.99 9.99 9.98 9.98 9.98 9.98 9.98 9.97 9.96 9.96 9.96 9.96 9.96 9.95 9.95 9.95 9.95 9.95 9.94 9.94 9.94 9.93 9.93 9.93 9.92 9.92 9.92 9.92 9.92 9.92 9.91 9.90 9.90 9.90 9.90 9.90 9.90 9.90 9.90 9.88 9.88 9.88 9.88 9.88 9.88 9.88 9.88 9.88 9.87 9.86 9.86 9.86 9.86 9.86 9.86 9.85 9.85
10.02 10.02 10.02 10.01 10.01 10.01 10.01 10.01 10.01 10.00 10.00 10.00 10.00 10.00 10.00 9.99 9.99 9.99 9.99 9.99 9.99 9.98 9.98 9.98 9.98 9.98 9.98 9.97 9.97 9.97 9.97 9.97 9.97 9.95 9.95 9.95 9.95 9.95 9.95 9.94 9.94 9.94 9.94 9.94 9.94 9.93 9.93 9.92 9.92 9.92 9.92 9.91 9.91 9.91 9.91 9.91 9.91 9.91 9.90 9.89 9.89 9.89 9.89 9.89 9.89 9.89 9.89 9.87 9.87 9.87 9.87 9.87 9.87 9.87 9.86 9.86 9.86 9.86 9.86 9.86 9.86 9.86 9.84
10.00 10.00 10.00 10.00 10.00 10.00 9.99 9.99 9.99 9.99 9.99 9.99 9.99 9.98 9.98 9.98 9.98 9.98 9.98 9.97 9.97 9.97 9.97 9.97 9.97 9.97 9.96 9.96 9.96 9.96 9.96 9.96 9.95 9.95 9.94 9.94 9.94 9.94 9.93 9.93 9.93 9.93 9.93 9.93 9.93 9.92 9.92 9.91 9.91 9.91 9.91 9.91 9.90 9.90 9.90 9.90 9.90 9.90 9.89 9.89 9.88 9.88 9.88 9.88 9.88 9.88 9.88 9.88 9.87 9.87 9.86 9.86 9.86 9.86 9.86 9.86 9.85 9.85 9.85 9.85 9.85 9.85 9.85
9.99 9.99 9.98 9.98 9.98 9.98 9.98 9.98 9.98 9.98 9.97 9.97 9.97 9.97 9.97 9.97 9.97 9.96 9.96 9.96 9.96 9.96 9.96 9.96 9.95 9.95 9.95 9.95 9.95 9.95 9.94 9.94 9.94 9.93 9.93 9.93 9.93 9.92 9.92 9.92 9.92 9.92 9.92 9.92 9.91 9.91 9.91 9.91 9.90 9.90 9.90 9.90 9.89 9.89 9.89 9.89 9.89 9.89 9.89 9.89 9.88 9.87 9.87 9.87 9.87 9.87 9.87 9.87 9.86 9.86 9.86 9.86 9.85 9.85 9.85 9.85 9.85 9.84 9.84 9.84 9.84 9.84 9.84
9.97 9.97 9.97 9.97 9.97 9.97 9.96 9.96 9.96 9.96 9.96 9.96 9.96 9.95 9.95 9.95 9.95 9.95 9.95 9.95 9.95 9.94 9.94 9.94 9.94 9.94 9.94 9.94 9.93 9.93 9.93 9.93 9.93 9.93 9.92 9.92 9.91 9.91 9.91 9.91 9.91 9.91 9.91 9.90 9.90 9.90 9.90 9.90 9.90 9.89 9.89 9.88 9.88 9.88 9.88 9.88 9.88 9.88 9.88 9.88 9.87 9.86 9.86 9.86 9.86 9.86 9.86 9.86 9.86 9.85 9.85 9.85 9.85 9.85 9.84 9.84 9.84 9.84 9.83 9.83 9.83 9.83 9.83
9.96 9.95 9.95 9.95 9.95 9.95 9.95 9.95 9.95 9.94 9.94 9.94 9.94 9.94 9.94 9.94 9.94 9.93 9.93 9.93 9.93 9.93 9.93 9.93 9.93 9.92 9.92 9.92 9.92 9.92 9.92 9.92 9.91 9.90 9.90 9.90 9.90 9.90 9.90 9.90 9.90 9.89 9.89 9.89 9.89 9.89 9.89 9.89 9.88 9.88 9.87 9.87 9.87 9.87 9.87 9.87 9.87 9.87 9.87 9.87 9.86 9.85 9.85 9.85 9.85 9.85 9.85 9.85 9.85 9.85 9.85 9.84 9.84 9.84 9.83 9.83 9.83 9.83 9.83 9.82 9.82 9.82 9.82
9.94 9.94 9.94 9.94 9.93 9.93 9.93 9.93 9.93 9.93 9.93 9.93 9.93 9.92 9.92 9.92 9.92 9.92 9.92 9.92 9.92 9.92 9.91 9.91 9.91 9.91 9.91 9.91 9.91 9.91 9.90 9.90 9.90 9.90 9.89 9.89 9.89 9.89 9.89 9.88 9.88 9.88 9.88 9.88 9.88 9.88 9.88 9.88 9.87 9.86 9.86 9.86 9.86 9.86 9.86 9.86 9.86 9.86 9.85 9.85 9.85 9.85 9.84 9.84 9.84 9.84 9.84 9.84 9.84 9.84 9.84 9.84 9.83 9.82 9.82 9.82 9.82 9.82 9.82 9.82 9.82 9.81 9.81
9.92 9.92 9.92 9.92 9.92 9.92 9.92 9.91 9.91 9.91 9.91 9.91 9.91 9.91 9.91 9.91 9.91 9.90 9.90 9.90 9.90 9.90 9.90 9.90 9.90 9.90 9.89 9.89 9.89 9.89 9.89 9.89 9.89 9.89 9.88 9.88 9.87 9.87 9.87 9.87 9.87 9.87 9.87 9.87 9.87 9.86 9.86 9.86 9.86 9.85 9.85 9.85 9.85 9.85 9.85 9.85 9.84 9.84 9.84 9.84 9.84 9.84 9.84 9.83 9.83 9.83 9.83 9.83 9.83 9.83 9.82 9.82 9.82 9.81 9.81 9.81 9.81 9.81 9.81 9.81 9.81 9.81 9.80
9.90 9.90 9.90 9.90 9.90 9.90 9.90 9.90 9.90 9.90 9.90 9.89 9.89 9.89 9.89 9.89 9.89 9.89 9.89 9.89 9.89 9.89 9.88 9.88 9.88 9.88 9.88 9.88 9.88 9.88 9.88 9.87 9.87 9.87 9.86 9.86 9.86 9.86 9.86 9.86 9.86 9.86 9.85 9.85 9.85 9.85 9.85 9.85 9.85 9.85 9.85 9.84 9.84 9.83 9.83 9.83 9.83 9.83 9.83 9.83 9.83 9.83 9.82 9.82 9.82 9.82 9.82 9.81 9.81 9.81 9.81 9.81 9.81 9.80 9.80 9.80 9.80 9.80 9.80 9.80 9.80 9.80 9.80
9.89 9.89 9.89 9.89 9.88 9.88 9.88 9.88 9.88 9.88 9.88 9.88 9.88 9.88 9.88 9.87 9.87 9.87 9.87 9.87 9.87 9.87 9.87 9.87 9.87 9.87 9.86 9.86 9.86 9.86 9.86 9.85 9.85 9.85 9.85 9.85 9.85 9.84 9.84 9.84 9.84 9.84 9.84 9.84 9.84 9.84 9.84 9.84 9.83 9.83 9.82 9.82 9.82 9.82 9.82 9.82 9.82 9.82 9.82 9.82 9.82 9.82 9.81 9.81 9.80 9.80 9.80 9.80 9.80 9.80 9.80 9.80 9.80 9.80 9.80 9.79 9.79 9.79 9.79 9.79 9.79 9.79 9.79
9.87 9.87 9.87 9.87 9.87 9.87 9.87 9.86 9.86 9.86 9.86 9.86 9.86 9.86 9.86 9.86 9.86 9.86 9.86 9.86 9.85 9.85 9.85 9.85 9.85 9.85 9.85 9.85 9.85 9.85 9.85 9.84 9.84 9.83 9.83 9.83 9.83 9.83 9.83 9.83 9.83 9.83 9.83 9.82 9.82 9.82 9.82 9.82 9.82 9.82 9.82 9.82 9.81 9.81 9.81 9.81 9.81 9.80 9.80 9.80 9.80 9.80 9.80 9.80 9.80 9.79 9.79 9.79 9.79 9.79 9.79 9.79 9.79 9.79 9.79 9.78 9.78 9.77 9.77 9.77 9.77 9.77 9.77
9.84 9.85 9.85 9.85 9.85 9.85 9.85 9.85 9.85 9.85 9.85 9.84 9.84 9.84 9.84 9.84 9.84 9.84 9.84 9.84 9.84 9.84 9.84 9.84 9.83 9.83 9.83 9.83 9.83 9.82 9.82 9.82 9.82 9.82 9.82 9.82 9.82 9.81 9.81 9.81 9.81 9.81 9.81 9.81 9.81 9.81 9.81 9.81 9.81 9.81 9.80 9.80 9.80 9.79 9.79 9.79 9.79 9.79 9.79 9.79 9.79 9.79 9.79 9.79 9.79 9.78 9.78 9.78 9.77 9.77 9.77 9.77 9.77 9.77 9.77 9.77 9.77 9.76 9.76 9.76 9.76 9.76 9.76
9.82 9.82 9.82 9.82 9.82 9.82 9.82 9.82 9.82 9.83 9.83 9.83 9.83 9.83 9.83 9.82 9.82 9.82 9.82 9.82 9.82 9.82 9.82 9.82 9.82 9.82 9.82 9.81 9.81 9.80 9.80 9.80 9.80 9.80 9.80 9.80 9.80 9.80 9.80 9.80 9.80 9.80 9.80 9.79 9.79 9.79 9.79 9.79 9.79 9.79 9.79 9.79 9.78 9.78 9.78 9.78 9.78 9.78 9.78 9.77 9.77 9.77 9.77 9.77 9.77 9.77 9.77 9.76 9.76 9.76 9.76 9.76 9.76 9.76 9.76 9.76 9.76 9.76 9.75 9.75 9.75 9.75 9.75
9.81 9.81 9.81 9.80 9.80 9.80 9.80 9.81 9.81 9.81 9.81 9.81 9.81 9.81 9.81 9.81 9.81 9.81 9.81 9.80 9.80 9.80 9.80 9.80 9.80 9.80 9.80 9.80 9.80 9.80 9.79 9.79 9.79 9.79 9.78 9.78 9.78 9.78 9.78 9.78 9.78 9.78 9.78 9.78 9.78 9.78 9.78 9.78 9.78 9.78 9.77 9.77 9.76 9.76 9.76 9.76 9.76 9.76 9.76 9.76 9.76 9.76 9.76 9.76 9.76 9.76 9.76 9.75 9.75 9.75 9.75 9.75 9.74 9.74 9.74 9.74 9.74 9.74 9.74 9.74 9.73 9.73 9.73
9.79 9.79 9.79 9.79 9.79 9.79 9.79 9.78 9.78 9.78 9.78 9.78 9.78 9.78 9.78 9.78 9.78 9.78 9.78 9.78 9.78 9.78 9.78 9.78 9.77 9.77 9.77 9.77 9.77 9.77 9.77 9.77 9.77 9.77 9.77 9.77 9.77 9.77 9.77 9.77 9.77 9.76 9.76 9.76 9.76 9.76 9.76 9.76 9.76 9.76 9.76 9.76 9.76 9.76 9.75 9.75 9.75 9.75 9.75 9.74 9.74 9.74 9.74 9.74 9.74 9.74 9.74 9.74 9.73 9.73 9.73 9.73 9.73 9.73 9.73 9.73 9.73 9.73 9.73 9.73 9.72 9.72 9.72
9.77 9.77 9.77 9.77 9.77 9.77 9.77 9.77 9.77 9.77 9.77 9.76 9.76 9.76 9.76 9.76 9.77 9.77 9.77 9.77 9.77 9.77 9.77 9.77 9.77 9.77 9.76 9.76 9.76 9.75 9.75 9.75 9.75 9.75 9.75 9.75 9.75 9.75 9.75 9.75 9.75 9.75 9.75 9.75 9.75 9.75 9.75 9.74 9.74 9.74 9.74 9.74 9.74 9.73 9.73 9.73 9.73 9.73 9.73 9.73 9.73 9.73 9.73 9.73 9.73 9.73 9.73 9.73 9.72 9.72 9.72 9.72 9.71 9.71 9.71 9.71 9.71 9.71 9.71 9.71 9.71 9.70 9.70
9.75 9.75 9.75 9.75 9.75 9.75 9.75 9.75 9.75 9.75 9.75 9.75 9.75 9.75 9.75 9.74 9.74 9.74 9.74 9.74 9.74 9.74 9.74 9.74 9.74 9.74 9.74 9.74 9.74 9.74 9.74 9.74 9.74 9.74 9.73 9.73 9.73 9.73 9.73 9.73 9.73 9.73 9.73 9.73 9.73 9.73 9.73 9.73 9.73 9.73 9.73 9.73 9.73 9.73 9.73 9.72 9.71 9.71 9.71 9.71 9.71 9.71 9.71 9.71 9.71 9.71 9.71 9.71 9.71 9.70 9.70 9.70 9.70 9.70 9.70 9.70 9.70 9.70 9.70 9.70 9.70 9.70 9.69
9.73 9.73 9.73 9.73 9.73 9.73 9.73 9.73 9.73 9.73 9.73 9.73 9.73 9.73 9.73 9.73 9.73 9.73 9.73 9.72 9.72 9.72 9.72 9.72 9.72 9.72 9.72 9.72 9.72 9.72 9.72 9.72 9.72 9.72 9.72 9.72 9.72 9.72 9.72 9.72 9.71 9.71 9.71 9.71 9.71 9.71 9.71 9.71 9.71 9.71 9.71 9.71 9.71 9.71 9.70 9.70 9.70 9.70 9.70 9.70 9.70 9.70 9.70 9.70 9.70 9.70 9.69 9.69 9.69 9.69 9.69 9.68 9.68 9.68 9.68 9.68 9.68 9.68 9.68 9.68 9.68 9.68 9.68
9.71 9.71 9.71 9.71 9.71 9.71 9.71 9.71 9.71 9.71 9.71 9.71 9.71 9.71 9.71 9.71 9.71 9.71 9.71 9.71 9.71 9.71 9.71 9.71 9.70 9.70 9.70 9.70 9.70 9.70 9.70 9.70 9.70 9.70 9.70 9.70 9.70 9.70 9.70 9.70 9.70 9.70 9.70 9.70 9.70 9.70 9.70 9.69 9.69 9.69 9.69 9.69 9.69 9.69 9.69 9.69 9.69 9.68 9.68 9.68 9.68 9.68 9.68 9.68 9.68 9.68 9.68 9.68 9.68 9.68 9.68 9.68 9.68 9.67 9.67 9.67 9.67 9.67 9.67 9.67 9.67 9.67 9.67
9.70 9.70 9.70 9.69 9.69 9.69 9.69 9.69 9.69 9.69 9.69 9.69 9.69 9.69 9.69 9.69 9.69 9.69 9.69 9.69 9.69 9.69 9.69 9.69 9.69 9.69 9.69 9.69 9.69 9.68 9.68 9.68 9.68 9.68 9.68 9.68 9.68 9.68 9.68 9.68 9.68 9.68 9.68 9.68 9.68 9.68 9.68 9.68 9.68 9.68 9.68 9.68 9.68 9.68 9.68 9.68 9.66 9.66 9.66 9.66 9.66 9.66 9.66 9.66 9.66 9.66 9.66 9.66 9.66 9.66 9.66 9.66 9.66 9.65 9.65 9.65 9.65 9.65 9.65 9.65 9.65 9.65 9.65
