main/data/pressure/19.04.2023.grid
ncols 886
nrows 691
xllcenter 112.0000
yllcenter -44.5000
cellsize 0.0500
nodata_value 99999.90
[rows 306 to 339 of 691, columns 539 to 615 of 886]
12.84 12.89 12.92 12.96 13.01 13.06 13.10 13.09 13.07 13.10 13.16 13.21 13.26 13.29 13.31 13.31 13.32 13.33 13.36 13.40 13.43 13.49 13.53 13.60 13.65 13.70 13.73 13.75 13.78 13.80 13.82 13.84 13.87 13.90 13.93 13.95 13.97 14.00 14.02 14.04 14.07 14.08 14.08 14.10 14.19 14.26 14.30 14.34 14.37 14.41 14.45 14.48 14.52 14.54 14.65 14.70 14.75 14.67 14.42 14.69 14.95 15.11 15.24 15.36 15.48 15.61 15.71 15.81 15.93 16.03 16.13 16.24 16.32 16.43 16.55 16.68 16.81
12.63 12.66 12.68 12.69 12.73 12.77 12.81 12.87 12.83 12.85 12.88 12.93 12.97 12.99 13.01 13.03 13.05 13.06 13.09 13.12 13.16 13.24 13.32 13.39 13.45 13.48 13.53 13.56 13.60 13.64 13.65 13.68 13.72 13.74 13.78 13.81 13.83 13.86 13.88 13.90 13.93 13.96 13.97 14.01 14.08 14.13 14.17 14.22 14.23 14.27 14.31 14.35 14.41 14.46 14.51 14.56 14.58 14.61 14.57 14.70 14.79 14.97 15.11 15.22 15.34 15.47 15.54 15.66 15.76 15.87 15.99 16.10 16.20 16.30 16.38 16.51 16.65
12.46 12.47 12.47 12.48 12.52 12.55 12.61 12.66 12.65 12.64 12.65 12.69 12.72 12.74 12.75 12.78 12.81 12.84 12.85 12.86 12.89 13.02 13.12 13.17 13.22 13.28 13.33 13.36 13.41 13.46 13.50 13.53 13.56 13.59 13.63 13.67 13.70 13.73 13.74 13.77 13.79 13.82 13.85 13.91 13.95 13.99 14.02 14.05 14.09 14.11 14.13 14.19 14.26 14.30 14.34 14.37 14.32 14.15 14.50 14.60 14.68 14.83 14.97 15.10 15.20 15.31 15.41 15.51 15.62 15.73 15.83 15.94 16.05 16.15 16.24 16.36 16.49
12.29 12.28 12.28 12.29 12.33 12.38 12.41 12.45 12.48 12.49 12.50 12.51 12.52 12.52 12.52 12.55 12.59 12.63 12.64 12.65 12.70 12.82 12.89 12.96 13.03 13.09 13.14 13.19 13.25 13.29 13.33 13.37 13.41 13.46 13.49 13.53 13.56 13.60 13.62 13.63 13.65 13.69 13.74 13.77 13.81 13.84 13.86 13.89 13.91 13.93 13.86 13.92 14.05 14.14 14.19 14.22 14.11 14.03 14.43 14.48 14.57 14.64 14.78 14.93 15.05 15.16 15.26 15.36 15.46 15.57 15.67 15.77 15.88 15.99 16.09 16.21 16.33
12.15 12.13 12.10 12.09 12.17 12.19 12.19 12.22 12.29 12.32 12.34 12.35 12.34 12.33 12.32 12.35 12.40 12.45 12.45 12.46 12.52 12.59 12.66 12.75 12.82 12.89 12.96 13.02 13.09 13.13 13.18 13.22 13.27 13.31 13.35 13.39 13.42 13.46 13.46 13.24 13.53 13.56 13.60 13.63 13.65 13.67 13.69 13.70 13.70 13.66 13.51 13.32 13.84 13.97 14.01 14.06 14.07 14.14 14.28 14.34 14.40 14.39 14.59 14.76 14.89 15.01 15.10 15.20 15.29 15.40 15.50 15.61 15.71 15.81 15.93 16.05 16.17
11.99 12.02 11.97 11.96 12.02 12.03 12.01 12.05 12.09 12.09 12.17 12.20 12.19 12.18 12.19 12.20 12.24 12.26 12.27 12.29 12.30 12.37 12.46 12.56 12.64 12.71 12.79 12.87 12.91 12.96 13.02 13.07 13.12 13.17 13.22 13.26 13.28 13.31 13.26 13.02 13.35 13.41 13.46 13.48 13.50 13.52 13.52 13.52 13.49 13.47 13.47 13.57 13.69 13.75 13.81 13.88 13.96 14.06 14.12 14.16 14.16 14.20 14.41 14.60 14.73 14.83 14.94 15.03 15.13 15.23 15.34 15.43 15.54 15.65 15.77 15.88 16.00
11.88 11.93 11.91 11.93 11.94 11.93 11.94 11.94 11.95 11.97 12.03 12.05 12.05 12.05 12.06 12.08 12.08 12.10 12.10 12.11 12.12 12.18 12.27 12.36 12.45 12.54 12.58 12.69 12.76 12.80 12.88 12.94 12.99 13.04 13.09 13.12 13.13 13.15 13.11 13.04 13.10 13.18 13.26 13.31 13.34 13.37 13.39 13.38 13.37 13.38 13.44 13.53 13.52 13.52 13.63 13.74 13.84 13.92 13.92 14.00 13.96 14.01 14.25 14.44 14.57 14.67 14.77 14.87 14.96 15.06 15.17 15.27 15.37 15.48 15.60 15.71 15.83
11.81 11.82 11.84 11.85 11.84 11.83 11.82 11.82 11.85 11.88 11.92 11.93 11.93 11.93 11.93 11.94 11.94 11.94 11.95 11.95 11.96 11.99 12.07 12.18 12.27 12.36 12.35 12.52 12.61 12.68 12.75 12.81 12.87 12.91 12.94 12.96 13.00 12.96 12.97 12.95 12.88 12.94 13.09 13.13 13.13 13.20 13.24 13.26 13.27 13.30 13.35 13.41 13.41 13.42 13.49 13.58 13.70 13.79 13.82 13.90 13.93 13.99 14.18 14.31 14.42 14.51 14.61 14.70 14.79 14.89 15.00 15.10 15.21 15.32 15.42 15.54 15.65
11.72 11.73 11.76 11.76 11.76 11.73 11.70 11.66 11.75 11.78 11.80 11.82 11.82 11.81 11.81 11.81 11.81 11.81 11.80 11.78 11.76 11.77 11.84 11.94 12.06 12.18 12.29 12.38 12.46 12.54 12.60 12.65 12.72 12.76 12.79 12.83 12.85 12.83 12.83 12.72 12.75 12.82 12.92 12.94 12.95 13.00 13.09 13.08 12.98 13.07 13.23 13.29 13.30 13.33 13.35 13.41 13.55 13.66 13.71 13.79 13.87 13.94 14.06 14.16 14.26 14.34 14.44 14.53 14.63 14.72 14.83 14.94 15.05 15.15 15.24 15.36 15.47
11.66 11.66 11.67 11.68 11.65 11.63 11.62 11.65 11.66 11.67 11.70 11.72 11.71 11.71 11.71 11.69 11.69 11.68 11.61 11.60 11.58 11.59 11.65 11.73 11.85 12.00 12.13 12.22 12.29 12.36 12.39 12.44 12.48 12.55 12.65 12.69 12.71 12.71 12.64 12.53 12.69 12.73 12.74 12.78 12.81 12.85 12.90 12.92 12.78 12.87 13.08 13.13 13.16 13.19 13.22 13.29 13.40 13.51 13.59 13.66 13.74 13.85 13.92 14.01 14.10 14.18 14.27 14.37 14.46 14.56 14.66 14.76 14.87 14.97 15.06 15.18 15.29
11.61 11.60 11.61 11.59 11.58 11.53 11.54 11.58 11.48 11.56 11.62 11.62 11.61 11.56 11.58 11.53 11.55 11.55 11.52 11.41 11.42 11.46 11.51 11.59 11.71 11.86 11.98 12.06 12.14 12.23 12.28 12.34 12.38 12.44 12.48 12.54 12.56 12.59 12.38 12.50 12.63 12.63 12.62 12.64 12.67 12.69 12.74 12.77 12.76 12.81 12.91 12.96 13.00 13.04 13.05 13.12 13.25 13.36 13.45 13.54 13.61 13.68 13.77 13.84 13.92 14.02 14.10 14.20 14.29 14.39 14.49 14.60 14.71 14.80 14.90 15.01 15.10
11.55 11.55 11.54 11.53 11.51 11.48 11.50 11.54 11.49 11.54 11.53 11.48 11.46 11.46 11.45 11.43 11.41 11.42 11.40 11.32 11.29 11.33 11.41 11.49 11.61 11.74 11.82 11.90 12.00 12.10 12.20 12.26 12.30 12.21 12.26 12.34 12.42 12.47 12.44 12.51 12.53 12.52 12.52 12.53 12.52 12.54 12.55 12.58 12.58 12.63 12.72 12.79 12.83 12.88 12.88 12.92 13.11 13.21 13.30 13.39 13.43 13.53 13.61 13.68 13.76 13.85 13.93 14.03 14.13 14.23 14.32 14.43 14.53 14.63 14.71 14.81 14.89
11.49 11.49 11.47 11.46 11.45 11.43 11.44 11.46 11.45 11.45 11.43 11.39 11.34 11.32 11.30 11.29 11.29 11.28 11.29 11.28 11.20 11.23 11.30 11.38 11.52 11.63 11.73 11.77 11.82 11.95 12.06 12.10 12.13 12.08 12.10 12.19 12.28 12.34 12.37 12.41 12.41 12.40 12.41 12.42 12.41 12.41 12.41 12.42 12.40 12.43 12.55 12.63 12.65 12.77 12.80 12.77 12.97 13.04 13.16 13.23 13.30 13.38 13.45 13.52 13.60 13.69 13.77 13.86 13.97 14.06 14.16 14.26 14.33 14.43 14.52 14.62 14.71
11.39 11.38 11.36 11.35 11.35 11.35 11.35 11.37 11.37 11.36 11.32 11.30 11.26 11.21 11.18 11.18 11.19 11.18 11.15 11.11 11.12 11.16 11.23 11.32 11.42 11.50 11.56 11.62 11.72 11.80 11.89 11.93 11.91 11.94 11.98 12.04 12.14 12.21 12.25 12.27 12.28 12.30 12.31 12.31 12.32 12.31 12.32 12.32 12.35 12.39 12.45 12.50 12.56 12.65 12.70 12.76 12.86 12.95 13.01 13.07 13.13 13.21 13.29 13.36 13.44 13.52 13.61 13.72 13.78 13.66 13.87 14.02 14.13 14.23 14.31 14.42 14.52
11.26 11.30 11.32 11.24 11.26 11.27 11.30 11.28 11.29 11.26 11.25 11.21 11.22 11.13 11.07 11.05 11.09 11.10 11.06 10.95 11.04 11.07 11.14 11.19 11.27 11.40 11.46 11.51 11.66 11.65 11.74 11.80 11.83 11.81 11.82 11.86 12.00 12.08 12.13 12.15 12.17 12.16 12.18 12.19 12.15 12.06 12.10 12.17 12.29 12.35 12.34 12.40 12.49 12.54 12.59 12.65 12.73 12.79 12.86 12.90 12.97 13.05 13.10 13.20 13.26 13.36 13.45 13.55 13.51 13.44 13.56 13.76 13.88 13.98 14.06 14.16 14.28
11.26 11.20 11.26 11.24 11.23 11.22 11.21 11.20 11.20 11.16 11.16 11.15 11.14 11.13 11.05 10.92 10.96 11.04 11.02 10.94 10.97 11.01 11.04 11.08 11.19 11.34 11.46 11.55 11.54 11.46 11.68 11.71 11.74 11.77 11.70 11.62 11.79 11.95 12.01 12.01 12.02 11.98 12.04 12.06 11.87 11.70 11.46 11.92 12.15 12.17 12.16 12.27 12.36 12.41 12.46 12.52 12.59 12.65 12.71 12.77 12.84 12.90 12.96 13.03 13.12 13.21 13.27 13.38 13.39 13.24 13.23 13.41 13.52 13.70 13.80 13.91 14.06
11.21 11.20 11.18 11.17 11.16 11.14 11.13 11.11 11.10 11.10 11.05 11.06 11.06 10.87 10.95 10.95 10.96 10.98 10.98 10.94 10.92 10.91 10.99 11.07 11.18 11.28 11.29 11.41 11.49 11.54 11.59 11.63 11.65 11.66 11.56 11.53 11.71 11.78 11.81 11.87 11.90 11.93 11.94 11.92 11.81 11.76 11.49 11.92 12.04 12.10 12.13 12.19 12.24 12.29 12.32 12.37 12.43 12.50 12.56 12.62 12.67 12.76 12.82 12.89 12.96 13.05 13.12 13.22 13.26 13.24 13.26 13.26 13.16 13.40 13.60 13.63 13.67
11.15 11.13 11.12 11.10 11.09 11.07 11.05 11.04 11.02 11.01 10.99 10.97 10.96 10.88 10.90 10.86 10.85 10.91 10.85 10.79 10.73 10.70 10.86 11.02 11.00 11.19 11.25 11.38 11.41 11.47 11.51 11.46 11.50 11.53 11.42 11.25 11.50 11.48 11.67 11.71 11.78 11.78 11.80 11.81 11.76 11.70 11.82 11.94 11.97 12.01 12.02 12.08 12.13 12.16 12.21 12.25 12.31 12.35 12.40 12.47 12.52 12.59 12.67 12.74 12.80 12.89 12.98 13.04 13.06 13.03 12.89 12.75 12.88 13.29 13.20 13.35 13.52
11.08 11.06 11.05 11.04 11.02 11.00 10.98 10.96 10.94 10.92 10.84 10.90 10.86 10.85 10.85 10.76 10.78 10.80 10.76 10.72 10.73 10.73 10.83 10.94 11.02 11.15 11.24 11.30 11.34 11.37 11.38 11.31 11.34 11.30 11.30 10.99 11.42 11.50 11.40 11.47 11.64 11.67 11.66 11.52 11.17 11.59 11.69 11.81 11.83 11.87 11.92 11.96 11.99 12.03 12.06 12.11 12.15 12.21 12.27 12.32 12.37 12.44 12.52 12.59 12.67 12.73 12.80 12.87 12.93 12.81 12.72 12.79 12.67 13.11 12.79 13.04 13.38
11.00 11.00 10.98 10.97 10.96 10.92 10.91 10.88 10.87 10.85 10.84 10.80 10.75 10.73 10.74 10.74 10.71 10.64 10.68 10.66 10.70 10.74 10.82 10.87 11.04 11.11 11.13 11.23 11.28 11.25 11.27 11.21 11.25 11.18 11.16 10.92 11.17 11.20 11.11 11.03 11.48 11.49 11.42 11.35 11.40 11.48 11.57 11.67 11.72 11.76 11.79 11.83 11.86 11.86 11.89 11.97 12.02 12.06 12.10 12.16 12.22 12.28 12.36 12.43 12.51 12.57 12.63 12.69 12.68 12.52 12.51 12.82 12.81 12.99 12.82 12.87 13.26
10.96 10.94 10.92 10.90 10.89 10.86 10.84 10.83 10.79 10.78 10.75 10.73 10.70 10.67 10.63 10.67 10.61 10.46 10.48 10.56 10.66 10.74 10.82 10.87 11.01 11.04 11.05 11.13 11.18 11.17 11.06 11.14 11.05 10.95 10.91 11.04 11.04 10.99 10.86 11.31 11.34 11.37 11.15 11.26 11.39 11.47 11.52 11.56 11.60 11.63 11.66 11.69 11.70 11.68 11.78 11.82 11.86 11.91 11.94 11.98 12.08 12.14 12.21 12.28 12.35 12.41 12.45 12.49 12.45 12.52 12.53 12.66 12.74 12.88 12.81 12.69 13.07
10.92 10.89 10.87 10.84 10.82 10.78 10.78 10.76 10.73 10.71 10.64 10.66 10.60 10.55 10.59 10.58 10.50 10.45 10.53 10.60 10.68 10.74 10.79 10.84 10.95 11.04 11.09 11.12 11.13 11.07 11.05 11.02 10.94 10.81 10.77 10.89 11.01 11.08 11.16 11.01 11.11 11.13 11.13 11.23 11.31 11.35 11.37 11.43 11.48 11.49 11.53 11.55 11.54 11.52 11.60 11.68 11.73 11.77 11.80 11.84 11.92 11.98 12.06 12.13 12.19 12.25 12.32 12.33 12.19 12.04 12.31 12.52 12.64 12.70 12.58 12.59 12.67
10.90 10.86 10.81 10.79 10.76 10.72 10.71 10.69 10.62 10.63 10.62 10.58 10.49 10.46 10.50 10.51 10.50 10.53 10.58 10.62 10.67 10.73 10.79 10.86 10.92 11.01 11.01 11.07 11.08 11.05 11.02 10.92 10.78 10.96 10.95 10.87 10.88 10.81 10.96 10.60 10.87 10.96 10.98 11.10 11.18 11.15 11.18 11.31 11.35 11.37 11.40 11.42 11.42 11.28 11.44 11.54 11.58 11.61 11.65 11.71 11.76 11.83 11.90 11.96 12.03 12.10 12.16 12.18 12.17 12.24 12.30 12.38 12.52 12.50 12.33 12.26 12.25
10.96 10.88 10.80 10.74 10.71 10.66 10.65 10.63 10.59 10.57 10.55 10.54 10.47 10.47 10.49 10.51 10.51 10.57 10.60 10.62 10.64 10.60 10.77 10.85 10.91 10.97 11.00 11.03 11.02 11.04 10.97 10.85 10.91 10.88 10.87 10.86 10.90 10.94 10.62 10.67 10.78 10.88 10.93 11.04 11.07 11.03 10.98 11.11 11.20 11.24 11.27 11.26 11.19 11.06 11.27 11.39 11.43 11.47 11.52 11.56 11.60 11.67 11.75 11.81 11.88 11.95 12.01 12.04 12.10 12.15 12.26 12.32 12.39 12.41 12.20 12.25 12.39
11.04 10.94 10.86 10.78 10.73 10.66 10.62 10.60 10.56 10.53 10.49 10.45 10.43 10.47 10.54 10.55 10.55 10.60 10.60 10.61 10.64 10.71 10.80 10.85 10.90 10.94 10.97 10.99 10.99 11.00 10.99 10.99 10.98 10.95 10.92 10.84 10.75 10.66 10.53 10.74 10.74 10.73 10.82 10.96 10.98 10.95 10.87 10.96 11.04 11.09 11.13 11.12 11.11 11.12 11.21 11.24 11.28 11.32 11.37 11.41 11.46 11.53 11.59 11.65 11.73 11.79 11.85 11.90 11.98 12.06 12.11 12.14 12.16 12.19 12.13 12.18 12.40
11.10 11.01 10.94 10.86 10.79 10.74 10.69 10.63 10.60 10.58 10.55 10.55 10.55 10.57 10.58 10.59 10.59 10.53 10.64 10.65 10.72 10.77 10.79 10.78 10.88 10.91 10.90 10.92 10.95 10.94 10.90 10.78 10.87 10.76 10.81 10.54 10.59 10.58 10.63 10.65 10.68 10.73 10.82 10.88 10.87 10.86 10.82 10.82 10.85 10.90 10.93 10.95 10.95 10.98 11.01 11.08 11.13 11.18 11.22 11.26 11.32 11.38 11.43 11.50 11.57 11.63 11.69 11.63 11.51 11.82 11.94 11.99 11.89 11.88 11.93 12.09 12.26
11.17 11.07 11.01 10.94 10.87 10.82 10.76 10.72 10.69 10.66 10.64 10.63 10.61 10.63 10.60 10.60 10.64 10.62 10.65 10.73 10.77 10.82 10.85 10.87 10.87 10.89 10.89 10.87 10.90 10.91 10.72 10.63 10.62 10.61 10.72 10.55 10.55 10.63 10.62 10.76 10.69 10.74 10.76 10.77 10.76 10.76 10.72 10.68 10.68 10.70 10.73 10.77 10.77 10.75 10.79 10.89 10.97 11.02 11.06 11.11 11.16 11.22 11.28 11.35 11.41 11.47 11.53 11.56 11.47 11.70 11.77 11.79 11.70 11.55 11.77 12.04 12.10
11.22 11.15 11.08 11.01 10.94 10.89 10.84 10.80 10.76 10.72 10.69 10.68 10.68 10.68 10.63 10.56 10.68 10.68 10.68 10.71 10.76 10.80 10.75 10.86 10.85 10.86 10.85 10.86 10.86 10.84 10.80 10.75 10.68 10.79 10.80 10.64 10.55 10.61 10.63 10.69 10.67 10.57 10.66 10.67 10.65 10.63 10.60 10.54 10.51 10.50 10.53 10.56 10.58 10.56 10.58 10.66 10.80 10.87 10.91 10.96 10.96 11.05 11.13 11.19 11.25 11.31 11.35 11.28 11.51 11.57 11.62 11.66 11.75 11.79 11.82 11.96 11.89
11.28 11.21 11.14 11.07 11.01 10.96 10.91 10.86 10.82 10.78 10.75 10.69 10.68 10.72 10.72 10.72 10.69 10.69 10.62 10.63 10.73 10.80 10.70 10.82 10.81 10.81 10.87 10.84 10.81 10.82 10.77 10.69 10.80 10.80 10.72 10.74 10.68 10.59 10.62 10.59 10.59 10.59 10.56 10.54 10.54 10.52 10.48 10.42 10.37 10.35 10.32 10.34 10.41 10.38 10.36 10.43 10.62 10.69 10.74 10.81 10.86 10.91 10.97 11.03 11.09 11.16 11.21 11.29 11.37 11.43 11.49 11.56 11.62 11.69 11.77 11.82 11.85
11.34 11.27 11.20 11.13 11.07 11.02 10.97 10.92 10.89 10.84 10.81 10.73 10.71 10.75 10.74 10.74 10.68 10.70 10.71 10.72 10.75 10.78 10.76 10.76 10.81 10.84 10.85 10.81 10.77 10.80 10.78 10.73 10.75 10.71 10.73 10.67 10.63 10.58 10.61 10.57 10.58 10.55 10.52 10.42 10.39 10.38 10.35 10.31 10.28 10.24 10.18 10.18 10.25 10.19 10.20 10.28 10.31 10.48 10.59 10.65 10.70 10.76 10.81 10.87 10.93 10.97 10.85 11.01 11.19 11.28 11.34 11.42 11.50 11.58 11.64 11.69 11.75
11.38 11.31 11.25 11.19 11.13 11.06 11.01 10.97 10.93 10.90 10.87 10.84 10.81 10.79 10.76 10.76 10.73 10.73 10.72 10.70 10.74 10.77 10.77 10.73 10.80 10.78 10.82 10.80 10.78 10.76 10.74 10.70 10.70 10.49 10.63 10.61 10.61 10.58 10.55 10.52 10.51 10.42 10.37 10.30 10.28 10.24 10.23 10.21 10.16 10.14 10.06 10.09 10.10 10.08 10.08 10.11 10.24 10.34 10.46 10.49 10.55 10.60 10.64 10.70 10.77 10.86 10.93 10.99 11.06 11.14 11.23 11.29 11.36 11.45 11.50 11.54 11.60
11.43 11.36 11.30 11.23 11.18 11.11 11.05 11.00 10.96 10.91 10.88 10.86 10.84 10.80 10.77 10.77 10.75 10.74 10.75 10.73 10.76 10.78 10.68 10.74 10.74 10.75 10.78 10.72 10.72 10.72 10.69 10.67 10.66 10.62 10.57 10.61 10.56 10.53 10.49 10.46 10.42 10.35 10.29 10.25 10.18 10.13 10.26 10.13 10.11 10.05 9.99 9.94 9.90 9.95 10.09 10.14 10.26 10.09 10.24 10.40 10.45 10.48 10.51 10.56 10.61 10.63 10.71 10.84 10.92 10.99 11.08 11.14 11.15 11.31 11.36 11.37 11.46
11.45 11.40 11.34 11.26 11.21 11.16 11.10 11.04 10.98 10.92 10.88 10.87 10.85 10.81 10.76 10.78 10.78 10.77 10.73 10.75 10.78 10.77 10.70 10.75 10.73 10.76 10.72 10.64 10.69 10.69 10.68 10.63 10.62 10.60 10.55 10.55 10.49 10.46 10.43 10.38 10.33 10.25 10.20 10.13 10.06 10.01 10.05 10.01 9.99 9.97 9.94 9.91 9.82 9.84 9.96 10.07 10.16 10.23 10.27 10.34 10.36 10.39 10.42 10.47 10.49 10.30 10.22 10.66 10.77 10.85 10.93 10.99 10.92 11.11 11.21 11.26 11.33
11.49 11.41 11.36 11.31 11.25 11.19 11.14 11.07 11.01 10.93 10.86 10.87 10.85 10.81 10.78 10.76 10.72 10.80 10.77 10.78 10.72 10.70 10.71 10.71 10.71 10.70 10.70 10.61 10.66 10.65 10.59 10.58 10.58 10.54 10.52 10.49 10.45 10.41 10.34 10.30 10.25 10.21 10.12 10.02 9.95 9.94 9.94 9.94 9.92 9.90 9.91 9.91 9.87 9.83 9.76 9.99 10.04 10.09 10.21 10.25 10.27 10.32 10.35 10.34 10.20 10.07 9.98 10.31 10.58 10.71 10.78 10.82 10.80 11.01 10.97 10.88 11.15
