main/data/pressure/19.06.2023.grid
ncols 886
nrows 691
xllcenter 112.0000
yllcenter -44.5000
cellsize 0.0500
nodata_value 99999.90
[rows 74 to 110 of 691, columns 415 to 497 of 886]
16.42 16.48 16.50 16.69 16.73 16.65 16.53 16.36 16.66 16.84 16.88 16.90 16.87 16.99 17.18 17.49 17.72 17.94 18.19 18.50 18.74 18.93 19.07 19.28 19.56 19.76 19.92 20.08 20.23 20.38 20.42 20.57 20.88 21.05 21.12 21.20 21.00 21.20 21.37 21.41 21.48 21.59 21.68 21.72 21.83 21.86 21.92 22.01 21.79 21.82 21.80 21.71 21.64 21.70 21.63 21.87 21.89 22.05 22.21 22.17 22.40 22.62 22.77 22.87 22.93 22.99 23.05 23.10 23.16 23.10 23.28 23.32 23.36 23.36 23.41 23.39 23.36 23.33 23.30 23.19 23.23 23.19 23.15
16.30 16.50 16.54 16.61 16.51 16.69 16.61 16.42 16.69 16.60 16.60 16.63 16.83 16.93 17.01 17.32 17.42 17.86 18.14 18.41 18.66 18.87 19.02 19.20 19.43 19.61 19.73 19.87 19.99 20.23 20.40 20.53 20.68 20.78 20.97 21.04 21.03 21.11 21.22 21.28 21.34 21.33 21.47 21.54 21.60 21.67 21.74 21.83 21.58 21.71 21.66 21.59 21.58 21.60 21.43 21.72 21.59 21.67 22.01 22.16 22.30 22.49 22.60 22.67 22.74 22.80 22.85 22.92 22.98 22.88 22.97 23.16 23.21 23.25 23.25 23.20 23.20 23.11 23.11 22.99 23.05 23.01 22.83
16.07 16.27 16.52 16.31 16.19 16.20 16.32 16.38 16.29 16.32 16.40 16.50 16.68 16.95 17.05 17.24 17.56 17.82 18.07 18.34 18.54 18.79 19.01 19.12 19.30 19.52 19.63 19.72 19.76 19.90 20.32 20.49 20.60 20.59 20.80 20.87 20.86 20.98 21.04 21.08 21.14 21.20 21.23 21.28 21.36 21.45 21.55 21.63 21.62 21.54 21.36 21.42 21.45 21.43 21.43 21.57 21.44 21.62 21.81 22.00 22.16 22.31 22.42 22.46 22.54 22.60 22.66 22.73 22.79 22.85 22.92 22.98 23.03 23.09 23.09 23.06 23.02 22.98 22.94 22.89 22.86 22.82 22.65
16.12 16.45 16.25 16.16 16.21 16.13 16.25 16.21 16.23 16.25 16.40 16.60 16.67 16.89 17.07 17.19 17.51 17.74 17.95 18.16 18.45 18.68 18.89 19.07 19.09 19.30 19.56 19.70 19.85 20.03 20.21 20.33 20.46 20.57 20.62 20.68 20.73 20.79 20.79 20.83 20.89 20.94 20.99 21.00 21.08 21.18 21.23 21.43 21.48 21.43 21.28 21.32 21.32 21.34 21.35 21.32 21.47 21.58 21.69 21.83 21.98 22.12 22.17 22.18 22.31 22.37 22.45 22.52 22.58 22.64 22.71 22.78 22.82 22.91 22.90 22.79 22.77 22.64 22.54 22.68 22.56 22.55 22.42
16.35 16.35 16.00 16.25 16.20 16.12 16.15 15.99 16.13 16.10 16.35 16.53 16.68 16.83 17.02 17.10 17.32 17.59 17.80 17.99 18.27 18.53 18.75 18.94 18.98 19.24 19.45 19.64 19.68 19.76 19.88 20.04 20.20 20.37 20.44 20.43 20.48 20.50 20.49 20.53 20.58 20.80 20.80 20.58 20.69 20.90 21.08 21.18 21.23 21.26 21.23 21.19 21.17 21.17 21.08 21.15 21.28 21.37 21.47 21.60 21.78 21.87 21.91 21.96 22.09 22.18 22.24 22.30 22.36 22.42 22.48 22.54 22.60 22.64 22.50 22.46 22.45 22.43 22.37 22.40 22.29 22.29 22.36
16.38 16.38 16.29 16.33 16.02 16.22 16.12 16.14 16.10 16.02 16.23 16.47 16.63 16.52 16.86 17.15 17.33 17.51 17.71 17.89 18.13 18.37 18.57 18.78 18.98 19.18 19.33 19.45 19.49 19.61 19.75 19.86 19.95 20.14 20.24 20.21 20.25 20.22 20.13 20.23 20.30 20.54 20.65 20.55 20.50 20.59 20.72 20.89 21.00 21.08 21.08 21.05 21.02 20.99 21.03 21.06 21.11 21.17 21.23 21.38 21.55 21.61 21.66 21.76 21.89 21.96 22.02 22.07 22.13 22.18 22.24 22.28 22.33 22.34 22.28 22.21 22.04 22.05 21.61 22.23 22.09 22.16 22.14
16.39 16.32 16.24 16.09 16.28 16.21 15.90 15.86 16.04 15.95 16.12 16.26 16.53 16.62 16.57 16.88 17.01 17.41 17.66 17.73 17.99 18.25 18.37 18.39 18.74 19.01 19.17 19.32 19.43 19.52 19.64 19.73 19.70 19.93 20.04 19.98 19.95 19.88 19.81 19.87 20.16 20.30 20.42 20.49 20.55 20.58 20.53 20.63 20.74 20.83 20.87 20.88 20.86 20.83 20.84 20.90 20.93 20.97 21.05 21.18 21.30 21.39 21.48 21.61 21.67 21.72 21.78 21.83 21.89 21.94 21.98 22.02 22.05 22.06 22.02 21.79 21.78 21.85 21.90 21.81 21.73 21.93 21.90
16.34 16.24 16.06 16.24 16.28 16.10 16.05 16.04 16.07 15.78 16.08 16.39 16.26 16.52 16.64 16.95 17.01 17.34 17.59 17.81 17.85 18.20 18.34 18.48 18.46 18.76 18.91 19.13 19.26 19.35 19.33 19.50 19.61 19.73 19.78 19.82 19.63 19.76 19.75 19.86 20.08 20.07 19.95 20.14 20.29 20.37 20.32 20.40 20.50 20.61 20.65 20.69 20.68 20.66 20.68 20.71 20.75 20.82 20.88 21.03 21.04 21.19 21.27 21.37 21.44 21.49 21.54 21.59 21.64 21.68 21.73 21.76 21.79 21.80 21.75 21.62 21.53 21.33 21.39 21.39 21.66 21.69 21.66
16.31 16.25 16.16 16.29 15.97 16.16 16.10 16.03 15.97 16.04 16.13 16.32 16.42 16.31 16.66 16.50 17.03 17.08 17.34 17.70 17.79 18.10 18.26 18.38 18.55 18.71 18.80 18.95 18.97 18.84 18.98 19.21 19.36 19.43 19.59 19.55 19.50 19.63 19.68 19.80 19.80 19.77 19.71 19.96 20.04 20.11 20.17 20.11 20.26 20.36 20.36 20.40 20.46 20.48 20.50 20.53 20.57 20.62 20.70 20.82 20.89 20.96 21.05 21.14 21.20 21.24 21.30 21.34 21.39 21.43 21.46 21.50 21.52 21.53 21.51 21.32 21.40 21.31 21.14 21.21 21.47 21.45 21.42
16.30 16.27 16.26 16.26 16.18 16.03 16.02 16.01 15.93 16.16 16.12 16.11 16.35 16.43 16.52 16.65 16.92 17.13 17.28 17.46 17.79 18.02 18.05 18.15 18.28 18.47 18.66 18.80 18.75 18.56 18.72 18.98 19.02 18.89 19.30 19.33 19.27 19.32 19.51 19.41 19.57 19.50 19.34 19.44 19.68 19.71 19.92 20.05 20.08 20.16 20.19 20.19 20.22 20.29 20.29 20.33 20.37 20.42 20.49 20.60 20.69 20.76 20.79 20.90 20.95 21.00 21.04 21.09 21.13 21.16 21.20 21.23 21.25 21.26 21.27 21.17 21.14 20.97 20.90 21.19 21.22 21.20 21.17
16.25 16.21 16.16 16.11 15.94 15.87 15.84 15.80 15.95 16.12 16.03 15.96 16.19 16.34 16.25 16.48 16.82 17.10 17.21 17.26 17.74 17.78 17.67 17.89 18.00 18.16 18.24 18.59 18.52 18.39 18.40 18.62 18.76 18.83 19.05 19.18 19.02 18.92 19.20 19.31 19.32 19.35 19.32 19.36 19.53 19.57 19.65 19.82 19.89 19.86 19.96 19.95 19.97 20.05 20.08 20.11 20.15 20.20 20.26 20.34 20.45 20.55 20.60 20.62 20.70 20.74 20.78 20.83 20.86 20.90 20.93 20.96 20.97 20.99 21.00 21.00 20.88 20.83 20.75 20.81 20.92 20.80 20.91
15.99 16.06 16.04 15.98 16.00 16.02 15.90 15.96 16.06 16.13 16.03 16.14 16.14 16.26 16.19 16.36 16.70 17.00 17.18 17.22 17.41 17.62 17.65 17.90 17.75 18.09 18.19 18.38 18.36 18.22 18.19 18.38 18.57 18.75 18.72 18.97 18.85 18.73 19.01 19.04 19.08 18.72 19.11 19.31 19.40 19.43 19.44 19.54 19.49 19.68 19.76 19.75 19.71 19.85 19.88 19.87 19.91 19.98 20.04 20.11 20.18 20.29 20.35 20.39 20.44 20.48 20.52 20.57 20.60 20.63 20.66 20.69 20.71 20.72 20.73 20.74 20.74 20.70 20.59 20.68 20.65 20.48 20.65
15.81 15.72 15.96 15.86 15.99 15.90 15.84 16.03 16.06 16.04 16.06 15.98 16.09 16.11 16.08 16.28 16.62 16.83 17.03 17.20 17.37 17.47 17.45 17.72 17.83 17.97 18.09 18.18 18.22 18.13 18.12 18.21 18.36 18.54 18.42 18.33 18.63 18.57 18.83 18.64 18.83 18.79 18.83 18.86 19.12 19.24 19.29 19.27 19.37 19.45 19.51 19.53 19.55 19.63 19.62 19.64 19.68 19.72 19.78 19.86 19.93 20.01 20.08 20.13 20.17 20.22 20.26 20.29 20.32 20.36 20.39 20.41 20.43 20.44 20.45 20.46 20.46 20.46 20.45 20.45 20.42 20.41 20.39
15.74 15.67 15.68 15.78 15.93 15.90 15.72 16.02 15.85 15.85 15.93 15.96 15.96 16.16 16.12 16.09 16.20 16.62 16.80 16.86 17.16 17.35 17.35 17.48 17.65 17.80 17.85 18.00 18.02 17.99 17.96 18.00 18.01 18.27 18.41 18.50 18.55 18.59 18.54 18.43 18.60 18.67 18.68 18.84 18.91 18.99 19.05 19.12 19.16 19.18 19.26 19.31 19.35 19.36 19.30 19.40 19.43 19.48 19.51 19.58 19.65 19.73 19.81 19.87 19.90 19.95 19.98 20.02 20.05 20.09 20.11 20.13 20.15 20.17 20.18 20.18 20.18 20.18 20.17 20.17 20.16 20.14 20.13
15.58 15.60 15.70 15.73 15.69 15.88 15.87 15.89 15.73 15.83 15.86 15.70 15.71 15.86 16.07 16.23 16.12 16.45 16.51 16.70 16.94 17.11 17.24 17.29 17.39 17.37 17.43 17.74 17.82 17.81 17.70 17.71 17.76 17.97 18.06 18.06 18.31 18.36 18.29 18.28 18.23 18.33 18.49 18.53 18.62 18.70 18.81 18.81 18.93 18.98 19.02 19.08 19.11 19.12 18.99 19.07 19.05 19.23 19.26 19.30 19.36 19.42 19.50 19.58 19.63 19.67 19.71 19.74 19.77 19.80 19.82 19.84 19.86 19.88 19.89 19.90 19.90 19.89 19.89 19.89 19.88 19.87 19.86
15.51 15.53 15.62 15.68 15.66 15.71 15.84 15.85 15.77 15.49 15.62 15.62 15.65 15.67 15.86 16.01 16.16 16.26 16.33 16.43 16.69 16.83 17.05 17.14 17.25 17.40 17.39 17.59 17.64 17.71 17.41 17.74 17.74 17.78 17.74 17.62 18.08 18.12 17.99 18.07 17.94 18.09 18.14 18.22 18.35 18.35 18.54 18.39 18.69 18.75 18.78 18.82 18.87 18.91 18.93 18.91 18.91 18.96 18.98 19.02 19.05 19.11 19.18 19.26 19.33 19.38 19.42 19.46 19.49 19.51 19.54 19.56 19.57 19.58 19.59 19.60 19.61 19.61 19.61 19.61 19.59 19.58 19.57
15.41 15.40 15.48 15.45 15.39 15.67 15.75 15.67 15.67 15.51 15.53 15.54 15.53 15.59 15.72 15.77 15.85 15.88 16.19 16.29 16.43 16.52 16.67 16.98 17.11 17.21 17.22 17.13 17.25 17.49 17.45 17.53 17.59 17.61 17.61 17.58 17.60 17.87 17.59 17.80 17.93 17.94 18.01 18.00 18.17 18.24 18.14 18.21 18.39 18.50 18.54 18.58 18.59 18.63 18.61 18.67 18.67 18.69 18.69 18.72 18.76 18.80 18.86 18.92 18.99 19.06 19.11 19.15 19.18 19.20 19.23 19.25 19.27 19.28 19.30 19.31 19.31 19.32 19.31 19.31 19.30 19.30 19.27
15.29 15.32 15.36 15.43 15.36 15.39 15.61 15.63 15.32 15.46 15.45 15.40 15.35 15.31 15.37 15.44 15.49 15.82 15.95 16.09 16.20 16.26 16.48 16.61 16.85 16.90 17.04 17.11 17.08 17.23 17.31 17.37 17.40 17.42 17.45 17.52 17.40 17.66 17.56 17.69 17.71 17.78 17.80 17.84 17.96 18.00 18.00 18.11 18.21 18.20 18.28 18.32 18.26 18.30 18.35 18.42 18.35 18.40 18.40 18.41 18.44 18.48 18.53 18.58 18.64 18.71 18.77 18.83 18.87 18.90 18.92 18.94 18.96 18.98 18.99 19.00 19.00 19.00 19.01 19.01 19.01 18.98 18.94
15.12 15.24 15.15 15.29 15.24 15.27 15.32 15.45 15.33 15.31 15.31 15.17 15.00 15.16 15.30 15.39 15.49 15.50 15.52 15.69 15.99 15.89 15.99 16.43 16.56 16.62 16.67 16.88 16.93 16.99 17.07 17.14 17.17 17.05 17.06 17.30 17.35 17.42 17.37 17.44 17.49 17.55 17.61 17.66 17.73 17.76 17.81 17.89 17.92 17.89 18.03 17.85 17.91 17.98 18.05 18.04 18.12 18.11 18.10 18.10 18.13 18.15 18.18 18.24 18.28 18.34 18.40 18.46 18.51 18.56 18.59 18.61 18.63 18.65 18.66 18.67 18.68 18.69 18.68 18.69 18.68 18.64 18.60
14.94 15.04 15.10 15.16 15.12 15.22 15.24 15.23 15.07 14.98 15.09 15.07 14.91 14.99 14.98 14.97 15.06 15.16 15.28 15.53 15.68 15.88 15.94 16.20 16.33 16.46 16.56 16.63 16.71 16.78 16.82 16.73 16.91 16.94 16.94 16.97 17.05 17.19 17.18 17.23 17.29 17.19 17.28 17.32 17.33 17.46 17.40 17.53 17.67 17.69 17.77 17.70 17.72 17.86 17.87 17.86 17.84 17.81 17.79 17.80 17.80 17.82 17.84 17.88 17.92 17.98 18.02 18.07 18.13 18.17 18.23 18.26 18.29 18.30 18.33 18.34 18.35 18.35 18.35 18.35 18.33 18.29 18.25
14.79 14.88 14.94 14.92 15.00 15.02 15.04 15.01 14.86 14.81 14.82 14.88 14.84 14.65 14.61 14.93 14.79 14.91 15.02 15.10 15.34 15.57 15.53 15.85 16.10 16.23 16.28 16.40 16.47 16.53 16.48 16.52 16.51 16.66 16.82 16.88 16.92 16.64 16.99 17.05 17.07 16.77 16.81 16.98 17.06 17.11 17.20 17.29 17.40 17.46 17.51 17.54 17.53 17.60 17.61 17.58 17.54 17.50 17.48 17.48 17.47 17.48 17.50 17.53 17.56 17.60 17.64 17.68 17.73 17.79 17.83 17.87 17.90 17.94 17.96 17.98 17.99 18.00 17.99 17.99 17.96 17.94 17.91
14.48 14.56 14.71 14.79 14.80 14.81 14.80 14.78 14.54 14.57 14.64 14.62 14.55 14.66 14.43 14.67 14.77 14.87 14.86 14.93 15.08 15.26 15.26 15.43 15.80 15.94 16.09 16.09 16.20 16.27 16.29 16.22 16.28 16.53 16.40 16.52 16.68 16.72 16.77 16.82 16.86 16.63 16.76 16.92 16.95 16.66 17.11 17.14 17.18 17.22 17.22 17.27 17.28 17.32 17.32 17.27 17.22 17.19 17.16 17.14 17.13 17.13 17.14 17.16 17.19 17.22 17.26 17.30 17.34 17.38 17.42 17.46 17.50 17.53 17.57 17.59 17.60 17.61 17.62 17.62 17.61 17.59 17.58
14.17 14.26 14.43 14.52 14.59 14.60 14.55 14.51 14.34 14.35 14.41 14.34 14.17 14.04 14.44 14.50 14.48 14.61 14.71 14.78 14.90 15.04 15.09 15.25 15.48 15.61 15.44 15.76 15.95 15.99 15.78 15.91 15.99 15.93 16.15 16.35 16.24 16.43 16.53 16.37 16.57 16.65 16.67 16.72 16.78 16.83 16.86 16.88 16.92 16.93 16.91 16.94 17.00 17.03 17.02 16.96 16.91 16.86 16.83 16.80 16.79 16.78 16.79 16.80 16.82 16.84 16.86 16.90 16.93 16.98 17.02 17.05 17.09 17.13 17.16 17.20 17.22 17.23 17.25 17.25 17.25 17.25 17.24
13.94 14.01 14.07 14.16 14.30 14.33 14.22 14.23 14.02 14.00 14.10 14.13 14.13 14.15 14.18 14.22 14.29 14.36 14.15 14.44 14.62 14.80 14.92 15.07 15.23 15.39 15.54 15.59 15.66 15.67 15.63 15.86 15.93 15.93 15.89 16.13 16.18 16.19 16.28 16.28 16.34 16.31 16.33 16.36 16.51 16.57 16.34 16.63 16.64 16.67 16.68 16.71 16.73 16.74 16.70 16.65 16.58 16.53 16.49 16.40 16.42 16.43 16.41 16.42 16.43 16.45 16.48 16.50 16.54 16.57 16.61 16.65 16.69 16.73 16.77 16.80 16.83 16.85 16.87 16.89 16.91 16.91 16.90
13.73 13.75 13.78 13.83 13.97 13.99 13.96 13.93 13.88 13.67 13.73 13.76 13.78 13.87 13.69 13.81 13.93 14.00 13.97 14.02 14.27 14.44 14.46 14.73 14.93 15.07 15.21 15.27 15.37 15.28 15.20 15.49 15.71 15.80 15.84 15.91 15.87 15.96 15.84 16.04 16.08 16.02 16.04 16.15 16.13 16.17 16.09 15.98 16.26 16.40 16.41 16.41 16.44 16.44 16.38 16.31 16.25 16.19 16.15 16.03 15.90 16.05 16.04 16.04 16.04 16.05 16.07 16.09 16.12 16.15 16.20 16.23 16.27 16.32 16.36 16.40 16.43 16.47 16.50 16.53 16.55 16.57 16.58
13.49 13.51 13.51 13.57 13.64 13.62 13.58 13.57 13.56 13.53 13.54 13.54 13.56 13.53 13.45 13.47 13.61 13.73 13.80 13.92 14.10 14.12 14.14 14.45 14.53 14.72 14.89 15.04 15.19 15.30 15.32 15.43 15.35 15.37 15.57 15.52 15.41 15.70 15.75 15.75 15.82 15.71 15.75 15.90 15.92 15.88 15.99 16.03 16.10 16.08 16.12 16.14 16.14 16.11 16.05 15.97 15.90 15.84 15.79 15.74 15.71 15.68 15.65 15.65 15.63 15.64 15.66 15.67 15.70 15.73 15.77 15.81 15.86 15.91 15.95 15.99 16.04 16.09 16.12 16.16 16.19 16.23 16.25
13.12 13.19 13.21 13.24 13.24 13.20 13.21 13.24 13.21 13.20 13.22 13.20 13.19 13.18 13.20 13.30 13.41 13.50 13.60 13.70 13.68 13.87 13.90 14.13 14.09 14.39 14.52 14.64 14.85 15.00 15.12 15.07 15.03 15.17 15.35 15.37 15.26 15.43 15.42 15.52 15.56 15.49 15.49 15.60 15.65 15.67 15.70 15.78 15.83 15.83 15.86 15.85 15.82 15.77 15.69 15.62 15.55 15.49 15.42 15.37 15.32 15.29 15.26 15.24 15.23 15.22 15.23 15.24 15.27 15.30 15.34 15.38 15.43 15.49 15.54 15.59 15.65 15.70 15.75 15.79 15.84 15.87 15.91
12.82 12.87 12.89 12.88 12.89 12.83 12.84 12.82 12.85 12.84 12.88 12.85 12.83 12.84 12.90 13.03 13.02 13.20 13.26 13.29 13.29 13.53 13.60 13.78 13.71 14.06 14.16 14.26 14.51 14.56 14.86 14.88 14.88 15.04 15.06 15.12 14.95 15.15 15.14 15.26 15.24 15.24 15.25 15.39 15.40 15.44 15.49 15.53 15.55 15.57 15.52 15.53 15.49 15.41 15.34 15.26 15.19 15.11 15.05 14.99 14.94 14.89 14.86 14.82 14.81 14.79 14.80 14.81 14.82 14.86 14.90 14.96 15.01 15.07 15.14 15.21 15.27 15.32 15.38 15.44 15.49 15.53 15.58
12.48 12.53 12.56 12.54 12.54 12.54 12.55 12.54 12.53 12.53 12.52 12.49 12.49 12.52 12.62 12.71 12.71 12.77 12.91 12.99 12.99 13.09 13.15 13.27 13.42 13.62 13.90 13.97 14.31 14.48 14.49 14.55 14.70 14.80 14.84 14.81 14.73 14.82 14.93 14.99 14.93 14.75 15.00 15.12 15.12 15.18 15.22 15.25 15.26 15.27 15.22 15.20 15.13 15.04 14.96 14.88 14.81 14.73 14.66 14.59 14.53 14.48 14.43 14.39 14.37 14.35 14.35 14.36 14.37 14.42 14.47 14.54 14.61 14.68 14.75 14.82 14.89 14.95 15.02 15.08 15.14 15.19 15.24
12.11 12.17 12.20 12.19 12.18 12.21 12.17 12.08 12.12 12.15 12.15 12.13 12.12 12.16 12.22 12.27 12.39 12.43 12.52 12.70 12.61 12.70 12.83 13.10 13.35 13.40 13.63 13.59 14.01 14.02 13.99 14.31 14.22 14.48 14.56 14.59 14.46 14.53 14.67 14.71 14.77 14.80 14.81 14.76 14.76 14.85 14.94 14.97 14.97 14.94 14.89 14.84 14.76 14.67 14.57 14.50 14.42 14.33 14.27 14.12 14.12 14.05 14.00 13.95 13.92 13.89 13.89 13.91 13.95 14.02 14.08 14.15 14.23 14.30 14.38 14.45 14.53 14.60 14.67 14.74 14.80 14.87 14.92
11.72 11.75 11.78 11.79 11.81 11.82 11.77 11.70 11.67 11.66 11.74 11.74 11.73 11.77 11.79 11.96 11.98 11.95 12.18 12.30 12.25 12.33 12.47 12.73 12.76 13.14 13.36 13.54 13.67 13.66 13.82 13.93 13.93 14.14 14.28 14.16 14.09 14.29 14.40 14.47 14.49 14.51 14.48 14.50 14.52 14.64 14.62 14.66 14.67 14.58 14.51 14.46 14.38 14.26 14.16 14.12 14.04 13.95 13.86 13.78 13.68 13.61 13.56 13.50 13.46 13.44 13.47 13.50 13.56 13.63 13.70 13.78 13.86 13.94 14.02 14.09 14.18 14.26 14.33 14.40 14.48 14.54 14.61
11.29 11.30 11.35 11.39 11.39 11.40 11.36 11.33 11.28 11.28 11.34 11.34 11.34 11.42 11.50 11.61 11.62 11.69 11.89 11.97 12.01 12.07 12.12 12.55 12.72 12.89 13.05 13.20 13.33 13.42 13.53 13.58 13.62 13.91 14.00 14.02 13.93 14.10 14.16 14.17 14.16 14.20 14.18 14.30 14.34 14.30 14.35 14.37 14.08 14.22 14.15 14.09 14.01 13.68 13.76 13.76 13.65 13.51 13.43 13.24 13.19 13.13 13.04 13.03 13.02 13.04 13.09 13.13 13.19 13.27 13.33 13.41 13.50 13.59 13.66 13.75 13.84 13.92 14.00 14.09 14.15 14.23 14.29
10.85 10.88 10.91 10.95 10.96 10.97 10.95 10.91 10.87 10.89 10.93 10.93 10.99 11.06 11.14 11.21 11.26 11.39 11.52 11.46 11.57 11.67 11.84 12.19 12.35 12.47 12.61 12.85 12.97 13.09 12.99 13.04 13.21 13.53 13.67 13.49 13.48 13.63 13.88 13.82 13.87 14.01 13.97 14.03 13.98 13.97 14.04 14.03 13.81 13.82 13.80 13.73 13.65 13.51 13.46 13.33 13.10 12.96 13.00 12.78 12.68 12.67 12.56 12.59 12.64 12.68 12.72 12.78 12.84 12.91 12.98 13.07 13.15 13.24 13.33 13.42 13.50 13.59 13.69 13.77 13.84 13.92 13.99
10.41 10.43 10.47 10.54 10.49 10.51 10.54 10.49 10.47 10.48 10.48 10.50 10.57 10.62 10.71 10.79 10.84 11.03 11.11 11.16 11.18 11.49 11.65 11.62 11.80 12.07 12.34 12.48 12.61 12.73 12.62 12.95 13.08 13.21 13.31 13.26 13.22 13.47 13.55 13.55 13.59 13.72 13.74 13.75 13.66 13.73 13.72 13.65 13.53 13.52 13.45 13.37 13.26 13.18 12.94 12.90 12.82 12.57 12.40 12.20 12.21 12.21 12.21 12.24 12.28 12.32 12.37 12.43 12.50 12.57 12.65 12.73 12.82 12.91 13.00 13.09 13.18 13.27 13.37 13.45 13.53 13.61 13.69
10.01 10.01 10.06 10.09 9.98 9.98 10.09 10.08 10.05 10.04 10.04 10.07 10.13 10.18 10.29 10.36 10.39 10.54 10.71 10.77 10.82 10.99 11.11 11.22 11.36 11.66 11.95 12.11 12.23 12.37 12.22 12.38 12.37 12.74 12.89 12.82 12.84 13.07 13.14 13.22 13.22 13.22 13.38 13.35 13.40 13.38 13.34 13.23 13.10 13.16 13.04 12.93 12.88 12.79 12.52 12.47 12.40 12.27 12.06 11.69 11.57 11.86 11.88 11.90 11.93 11.97 12.03 12.10 12.16 12.25 12.32 12.41 12.49 12.58 12.67 12.77 12.87 12.96 13.06 13.14 13.23 13.31 13.40
9.64 9.65 9.67 9.63 9.58 9.62 9.64 9.66 9.60 9.58 9.60 9.64 9.69 9.76 9.86 9.88 9.94 10.12 10.25 10.39 10.51 10.61 10.74 10.87 11.10 11.35 11.51 11.73 11.81 12.01 11.89 12.07 12.13 12.41 12.39 12.49 12.60 12.70 12.73 12.85 12.75 12.82 12.81 12.89 12.94 13.01 12.93 12.89 12.86 12.76 12.62 12.61 12.51 12.42 12.15 12.08 11.99 11.84 11.68 11.37 11.23 11.54 11.54 11.56 11.60 11.65 11.70 11.76 11.84 11.90 12.00 12.09 12.18 12.26 12.36 12.46 12.55 12.65 12.75 12.84 12.94 13.02 13.10
9.30 9.27 9.26 9.22 9.14 9.08 9.14 9.18 9.16 9.10 9.13 9.18 9.23 9.30 9.40 9.43 9.51 9.70 9.81 9.90 10.08 10.21 10.32 10.45 10.67 10.91 11.14 11.37 11.36 11.52 11.70 11.84 11.91 11.94 11.93 11.94 12.23 12.34 12.42 12.41 12.34 12.43 12.53 12.48 12.51 12.57 12.54 12.56 12.50 12.36 12.18 12.10 12.13 12.05 11.76 11.65 11.56 11.42 11.30 11.19 11.19 11.11 11.16 11.23 11.29 11.34 11.40 11.46 11.53 11.59 11.66 11.77 11.87 11.95 12.05 12.14 12.25 12.35 12.44 12.54 12.64 12.73 12.82
