main/data/pressure/19.12.2023.grid
ncols 886
nrows 691
xllcenter 112.0000
yllcenter -44.5000
cellsize 0.0500
nodata_value 99999.90
[rows 306 to 339 of 691, columns 385 to 461 of 886]
10.12 10.06 10.00 9.93 9.87 9.82 9.76 9.71 9.66 9.62 9.59 9.57 9.56 9.55 9.55 9.54 9.53 9.53 9.55 9.57 9.59 9.60 9.61 9.63 9.65 9.70 9.84 10.00 10.14 10.27 10.40 10.54 10.61 10.71 10.83 10.94 11.02 11.10 11.16 11.24 11.30 11.36 11.40 11.47 11.53 11.59 11.61 11.64 11.65 11.63 11.66 11.74 11.80 11.85 11.91 12.03 12.15 12.25 12.35 12.49 12.46 12.18 12.24 12.41 12.45 12.26 12.18 12.54 12.81 13.01 13.14 13.25 13.39 13.54 13.67 13.79 13.91
10.05 10.00 9.94 9.88 9.80 9.74 9.69 9.65 9.59 9.55 9.53 9.51 9.49 9.49 9.49 9.48 9.46 9.44 9.46 9.49 9.53 9.54 9.55 9.58 9.61 9.69 9.84 9.99 10.15 10.28 10.40 10.53 10.64 10.73 10.81 10.88 10.98 11.07 11.14 11.20 11.27 11.32 11.36 11.41 11.48 11.53 11.56 11.58 11.58 11.56 11.60 11.69 11.78 11.86 11.94 12.05 12.17 12.26 12.30 12.48 12.29 12.08 12.25 12.45 12.55 12.53 12.50 12.67 12.86 13.03 13.16 13.26 13.42 13.58 13.71 13.82 13.94
9.99 9.93 9.88 9.81 9.73 9.68 9.63 9.60 9.56 9.51 9.49 9.39 9.39 9.33 9.42 9.42 9.42 9.38 9.35 9.43 9.47 9.48 9.48 9.48 9.54 9.66 9.80 9.94 10.10 10.26 10.37 10.50 10.63 10.69 10.75 10.83 10.92 11.00 11.06 11.14 11.22 11.28 11.32 11.37 11.42 11.47 11.49 11.50 11.54 11.59 11.66 11.73 11.83 11.92 12.00 12.11 12.21 12.32 12.39 12.49 12.24 12.28 12.47 12.53 12.54 12.68 12.75 12.79 12.90 13.06 13.20 13.32 13.47 13.62 13.74 13.87 13.99
9.93 9.86 9.80 9.74 9.67 9.61 9.57 9.55 9.49 9.47 9.40 9.27 9.20 8.92 9.31 9.37 9.34 9.32 9.34 9.38 9.41 9.43 9.42 9.42 9.48 9.61 9.75 9.88 10.03 10.18 10.31 10.44 10.57 10.65 10.71 10.79 10.86 10.93 10.99 11.06 11.13 11.24 11.29 11.32 11.36 11.40 11.43 11.47 11.53 11.61 11.70 11.76 11.85 11.93 12.01 12.13 12.21 12.33 12.43 12.50 12.56 12.53 12.65 12.65 12.62 12.73 12.82 12.89 12.98 13.12 13.26 13.40 13.53 13.67 13.79 13.92 14.05
9.86 9.80 9.74 9.67 9.61 9.56 9.53 9.48 9.44 9.41 9.36 9.16 9.03 7.75 9.31 9.30 9.20 9.23 9.27 9.31 9.35 9.36 9.39 9.38 9.42 9.57 9.69 9.82 9.96 10.10 10.22 10.35 10.46 10.59 10.68 10.72 10.80 10.87 10.93 10.96 11.06 11.20 11.24 11.28 11.31 11.34 11.38 11.46 11.53 11.61 11.68 11.76 11.82 11.88 11.95 12.08 12.16 12.28 12.40 12.44 12.54 12.57 12.69 12.75 12.77 12.82 12.89 12.97 13.07 13.19 13.32 13.46 13.60 13.73 13.87 13.99 14.12
9.79 9.73 9.68 9.61 9.55 9.51 9.45 9.40 9.36 9.33 9.31 9.24 9.05 8.75 9.16 9.24 9.19 9.17 9.20 9.23 9.27 9.30 9.32 9.33 9.37 9.53 9.66 9.79 9.93 10.05 10.18 10.30 10.41 10.55 10.65 10.69 10.75 10.81 10.91 11.03 11.11 11.15 11.21 11.25 11.28 11.30 11.36 11.44 11.52 11.59 11.67 11.75 11.81 11.87 11.88 12.05 12.19 12.27 12.32 12.39 12.49 12.36 12.38 12.70 12.84 12.90 12.97 13.05 13.15 13.26 13.38 13.52 13.65 13.78 13.89 14.02 14.10
9.73 9.65 9.59 9.55 9.50 9.44 9.38 9.32 9.27 9.24 9.23 9.20 9.12 9.05 9.16 9.16 9.12 9.13 9.15 9.17 9.20 9.23 9.24 9.28 9.39 9.52 9.65 9.78 9.91 10.04 10.15 10.27 10.40 10.54 10.62 10.67 10.71 10.75 10.87 10.99 11.06 11.13 11.17 11.23 11.27 11.30 11.34 11.41 11.48 11.56 11.66 11.76 11.84 11.92 11.96 12.12 12.18 12.22 12.26 12.35 12.42 12.45 12.49 12.66 12.79 12.92 12.99 12.96 13.17 13.32 13.45 13.58 13.70 13.82 13.93 14.06 14.04
9.66 9.56 9.48 9.47 9.43 9.36 9.30 9.25 9.18 9.16 9.15 9.13 9.11 9.13 9.12 9.00 9.02 9.06 9.10 9.11 9.14 9.16 9.20 9.27 9.40 9.52 9.64 9.78 9.91 10.04 10.15 10.26 10.39 10.51 10.59 10.65 10.71 10.77 10.83 10.90 11.00 11.10 11.15 11.20 11.24 11.26 11.31 11.38 11.44 11.55 11.66 11.78 11.86 11.92 12.02 12.08 12.10 12.13 12.19 12.27 12.33 12.36 12.53 12.68 12.79 12.90 12.99 13.13 13.23 13.38 13.49 13.64 13.72 13.87 13.99 14.12 14.21
9.59 9.50 9.38 9.35 9.34 9.28 9.22 9.18 9.14 9.11 9.07 9.05 9.03 9.02 8.98 8.76 8.92 9.02 9.05 9.05 9.07 9.10 9.18 9.28 9.40 9.52 9.65 9.77 9.91 10.03 10.14 10.25 10.35 10.46 10.55 10.63 10.71 10.77 10.79 10.74 10.90 11.05 11.11 11.17 11.18 11.18 11.25 11.34 11.43 11.55 11.68 11.78 11.84 11.92 12.02 12.00 12.02 12.08 12.14 12.24 12.33 12.41 12.64 12.69 12.78 12.82 12.89 13.16 13.08 12.83 13.48 13.67 13.82 13.90 14.05 14.17 14.30
9.49 9.42 9.35 9.13 9.18 9.12 9.10 9.10 9.07 9.04 8.99 8.95 8.95 8.91 8.72 8.63 8.85 8.96 8.99 8.98 8.99 9.05 9.17 9.28 9.41 9.53 9.65 9.76 9.89 10.00 10.12 10.22 10.32 10.43 10.52 10.59 10.69 10.75 10.78 10.80 10.96 10.98 11.06 11.13 11.16 11.16 11.25 11.33 11.43 11.55 11.69 11.75 11.81 11.87 11.94 11.94 11.96 12.05 12.20 12.34 12.46 12.58 12.65 12.73 12.84 12.88 13.07 13.27 13.35 13.30 13.63 13.79 13.90 14.02 14.00 14.23 14.36
9.41 9.19 9.00 8.65 8.64 8.95 9.06 9.01 8.97 8.93 8.91 8.89 8.89 8.88 8.80 8.75 8.84 8.91 8.94 8.93 8.93 9.05 9.18 9.29 9.42 9.54 9.65 9.75 9.85 9.94 10.05 10.18 10.31 10.40 10.48 10.56 10.64 10.73 10.75 10.83 10.95 10.97 11.04 11.11 11.19 11.23 11.29 11.36 11.43 11.54 11.70 11.73 11.75 11.80 11.82 11.95 12.07 12.18 12.28 12.40 12.50 12.57 12.72 12.84 12.97 13.10 13.25 13.36 13.46 13.55 13.70 13.87 13.98 14.09 14.20 14.31 14.35
9.36 9.04 9.04 8.87 8.96 8.96 8.93 8.88 8.87 8.83 8.83 8.80 8.82 8.83 8.81 8.78 8.83 8.86 8.88 8.91 8.96 9.08 9.20 9.31 9.45 9.55 9.66 9.76 9.85 9.91 10.02 10.15 10.27 10.37 10.44 10.49 10.54 10.59 10.63 10.78 10.96 11.03 11.06 11.11 11.21 11.30 11.36 11.41 11.44 11.53 11.63 11.72 11.78 11.82 11.90 12.01 12.08 12.17 12.35 12.43 12.48 12.53 12.55 12.76 12.91 13.13 13.22 13.43 13.56 13.65 13.78 13.93 14.04 14.16 14.28 14.38 14.49
9.30 9.18 9.10 8.96 8.29 8.86 8.83 8.75 8.63 8.77 8.75 8.71 8.75 8.78 8.77 8.75 8.78 8.82 8.87 8.92 9.01 9.12 9.22 9.33 9.47 9.57 9.68 9.77 9.86 9.90 10.03 10.15 10.24 10.32 10.39 10.44 10.41 10.30 10.40 10.72 10.96 11.08 11.13 11.18 11.27 11.35 11.44 11.48 11.38 11.43 11.57 11.73 11.84 11.87 12.00 12.11 12.19 12.28 12.35 12.41 12.48 12.61 12.72 12.80 12.90 13.10 12.94 13.42 13.60 13.74 13.86 13.99 14.11 14.25 14.35 14.46 14.53
9.15 9.10 9.07 8.92 8.86 8.87 8.64 8.42 8.01 8.55 8.52 8.62 8.62 8.69 8.72 8.74 8.76 8.82 8.88 8.90 9.01 9.14 9.20 9.29 9.45 9.56 9.68 9.75 9.86 9.85 10.05 10.16 10.21 10.27 10.36 10.42 10.43 10.33 10.44 10.77 10.88 11.06 11.20 11.25 11.33 11.39 11.47 11.45 11.27 11.33 11.60 11.80 11.88 11.95 12.05 12.10 12.22 12.35 12.42 12.50 12.62 12.73 12.85 12.95 13.08 13.26 13.12 13.50 13.66 13.78 13.89 14.02 14.14 14.28 14.42 14.52 14.61
9.08 8.94 8.89 8.83 8.78 8.70 8.36 8.24 8.12 7.89 7.86 8.03 8.20 8.40 8.66 8.80 8.84 8.89 8.95 9.02 9.09 9.15 9.26 9.31 9.46 9.57 9.67 9.77 9.89 10.00 10.09 10.17 10.24 10.32 10.39 10.46 10.55 10.63 10.71 10.79 10.87 10.99 11.11 11.21 11.34 11.43 11.46 11.52 11.56 11.57 11.71 11.76 11.87 11.95 12.05 12.14 12.26 12.37 12.55 12.65 12.78 12.86 13.00 13.09 13.24 13.34 13.47 13.58 13.68 13.79 13.91 14.04 14.13 14.25 14.39 14.54 14.62
9.01 8.92 8.80 8.72 8.69 8.56 8.50 8.41 6.87 7.75 8.38 8.51 8.63 8.75 8.77 8.85 8.50 8.93 8.81 8.85 9.03 9.13 9.18 9.24 8.76 9.48 9.64 9.73 9.82 9.91 10.05 10.17 10.24 10.33 10.46 10.56 10.61 10.63 10.77 10.90 11.03 11.08 11.23 11.32 11.41 11.51 11.59 11.63 11.64 11.64 11.66 11.51 11.69 11.68 11.91 12.20 12.36 12.42 12.56 12.69 12.81 12.90 12.98 13.14 13.23 13.32 13.48 13.59 13.71 13.76 13.70 13.98 14.17 13.85 14.38 14.35 14.47
8.99 8.90 8.77 8.67 8.64 8.64 8.57 8.45 8.01 8.35 8.54 8.56 8.71 8.80 8.84 8.88 7.09 8.90 8.87 8.90 9.05 9.07 8.96 9.31 8.11 9.50 9.62 9.72 9.83 9.98 10.10 10.19 10.28 10.39 10.54 10.66 10.73 10.75 10.85 10.96 11.05 11.15 11.24 11.35 11.47 11.57 11.64 11.71 11.71 11.69 11.72 11.82 11.95 11.88 12.09 12.31 12.36 12.53 12.61 12.67 12.74 12.86 13.02 13.16 13.21 13.36 13.52 13.60 13.70 13.79 13.87 14.02 14.19 14.30 14.45 14.40 14.47
8.79 8.79 8.70 8.55 8.62 8.61 8.57 8.49 8.36 8.32 8.50 8.65 8.79 8.83 8.85 8.86 8.38 8.68 8.73 8.92 9.03 9.04 9.06 9.32 9.44 9.50 9.70 9.82 9.96 10.06 10.19 10.30 10.40 10.49 10.61 10.74 10.83 10.87 10.95 11.04 11.12 11.21 11.31 11.41 11.54 11.61 11.70 11.77 11.78 11.77 11.81 11.90 12.05 12.18 12.26 12.38 12.46 12.56 12.69 12.73 12.82 12.95 13.08 13.22 13.33 13.43 13.54 13.61 13.74 13.88 14.00 14.12 14.18 14.36 14.46 14.62 14.74
8.75 8.33 8.66 8.35 7.95 8.45 8.53 8.34 8.43 8.45 8.59 8.76 8.77 8.76 8.82 8.89 8.49 8.08 8.76 8.94 9.07 9.14 9.22 9.27 9.41 9.58 9.72 9.82 9.92 10.03 10.18 10.36 10.49 10.58 10.67 10.80 10.89 10.94 11.03 11.12 11.20 11.28 11.37 11.41 11.52 11.65 11.75 11.83 11.84 11.86 11.91 12.03 12.12 12.26 12.29 12.43 12.54 12.63 12.73 12.84 12.92 12.99 13.14 13.27 13.33 13.47 13.60 13.71 13.81 13.90 14.04 14.16 14.27 14.39 14.46 14.61 14.72
8.77 6.83 8.59 8.13 8.32 8.57 8.01 7.65 8.43 8.52 8.70 8.76 8.60 8.60 8.71 8.72 8.61 8.59 8.87 8.95 9.07 9.11 9.21 9.27 9.38 9.56 9.71 9.80 9.89 9.99 10.12 10.28 10.52 10.62 10.73 10.85 10.93 11.01 11.10 11.19 11.26 11.34 11.39 11.29 11.40 11.72 11.82 11.89 11.96 11.98 12.03 12.14 12.24 12.34 12.43 12.54 12.61 12.71 12.79 12.90 13.01 13.07 13.17 13.30 13.43 13.55 13.64 13.76 13.89 14.00 14.09 14.21 14.34 14.46 14.56 14.68 14.80
9.06 8.91 8.92 8.77 8.91 8.64 7.80 7.63 8.36 8.36 7.01 8.58 8.37 8.37 8.70 8.95 9.00 9.10 8.88 9.00 9.01 9.10 9.25 9.38 9.48 9.61 9.79 9.90 10.00 10.07 10.05 10.16 10.46 10.60 10.76 10.88 10.97 11.06 11.18 11.25 11.32 11.41 11.49 11.50 11.61 11.77 11.86 11.93 12.01 12.10 12.14 12.23 12.32 12.42 12.51 12.63 12.69 12.78 12.86 12.94 13.04 13.18 13.25 13.34 13.44 13.58 13.72 13.79 13.88 14.04 14.16 14.29 14.41 14.51 14.61 14.71 14.83
9.15 9.10 9.07 9.03 9.04 9.03 9.00 8.94 8.82 8.56 7.42 8.47 8.59 8.56 9.12 9.24 9.27 8.89 7.09 8.97 9.05 9.21 9.36 9.47 9.65 9.71 9.85 10.02 10.12 10.21 10.25 10.33 10.48 10.58 10.76 10.88 10.98 11.08 11.20 11.30 11.38 11.47 11.55 11.63 11.71 11.78 11.88 11.98 12.06 12.16 12.24 12.29 12.38 12.47 12.58 12.68 12.74 12.84 12.93 13.01 13.11 13.21 13.32 13.44 13.54 13.62 13.79 13.88 13.97 14.09 14.12 14.29 14.40 14.58 14.60 14.73 14.87
9.24 9.20 9.19 9.14 9.13 9.12 9.11 9.16 9.17 9.19 9.14 8.82 8.84 9.21 9.28 9.27 9.37 9.12 8.92 9.46 9.37 9.39 9.48 9.57 9.68 9.73 9.89 10.03 10.15 10.27 10.35 10.44 10.54 10.61 10.75 10.88 10.99 11.11 11.21 11.33 11.41 11.52 11.59 11.67 11.70 11.72 11.83 11.95 12.06 12.18 12.30 12.38 12.46 12.53 12.59 12.71 12.82 12.91 12.99 13.08 13.16 13.22 13.34 13.42 13.51 13.60 13.72 13.84 14.02 14.03 14.27 14.38 14.51 14.62 14.73 14.83 14.94
9.29 9.26 9.15 9.20 9.20 9.18 9.17 9.22 9.28 9.28 9.22 9.32 9.35 9.37 9.38 9.25 9.45 9.46 9.43 9.51 9.52 9.56 9.62 9.66 9.75 9.81 9.90 9.96 10.16 10.32 10.43 10.47 10.60 10.66 10.86 10.96 11.08 11.18 11.26 11.36 11.48 11.57 11.64 11.72 11.71 11.68 11.77 11.92 11.98 12.17 12.32 12.45 12.54 12.62 12.71 12.79 12.88 12.97 13.04 13.14 13.18 13.23 13.38 13.45 13.55 13.65 13.79 13.94 14.04 14.05 14.28 14.44 14.51 14.62 14.74 14.83 14.93
9.34 9.32 9.29 9.27 9.26 9.20 9.16 9.22 9.30 9.37 9.35 9.38 9.43 9.49 9.49 9.57 9.55 9.57 9.56 9.58 9.63 9.69 9.74 9.74 9.74 9.87 10.00 10.08 10.22 10.36 10.47 10.57 10.69 10.77 10.89 10.97 11.08 11.20 11.31 11.41 11.48 11.57 11.69 11.76 11.74 11.77 11.96 12.05 12.15 12.25 12.39 12.48 12.62 12.70 12.79 12.86 12.94 13.02 13.10 13.20 13.20 13.26 13.41 13.56 13.67 13.71 13.81 13.92 13.93 13.88 14.19 14.37 14.49 14.63 14.75 14.79 14.93
9.39 9.40 9.36 9.31 9.25 9.20 9.17 9.29 9.42 9.45 9.38 9.36 9.46 9.57 9.59 9.63 9.66 9.67 9.69 9.71 9.74 9.76 9.82 9.87 9.85 9.88 10.04 10.19 10.25 10.39 10.50 10.47 10.71 10.82 10.92 10.98 11.09 11.22 11.31 11.40 11.48 11.59 11.73 11.82 11.82 11.89 12.07 12.18 12.27 12.37 12.50 12.61 12.69 12.77 12.84 12.95 13.03 13.09 13.19 13.29 13.29 13.33 13.43 13.55 13.71 13.86 13.82 13.87 13.90 13.95 14.23 14.32 14.40 14.53 14.73 14.83 14.99
9.43 9.36 9.33 9.29 9.23 9.20 9.29 9.36 9.44 9.48 9.43 9.46 9.56 9.62 9.68 9.73 9.73 9.74 9.77 9.81 9.85 9.87 9.89 9.94 9.94 9.92 10.07 10.18 10.29 10.43 10.54 10.62 10.52 10.86 10.95 11.07 11.14 11.18 11.28 11.40 11.53 11.68 11.79 11.89 11.88 11.96 12.09 12.23 12.36 12.45 12.56 12.65 12.75 12.83 12.93 13.02 13.06 13.16 13.26 13.37 13.41 13.48 13.57 13.64 13.69 13.87 13.89 13.84 13.95 14.19 14.33 14.33 14.43 14.59 14.75 14.89 15.06
9.43 9.39 9.38 9.34 9.31 9.29 9.39 9.39 9.49 9.55 9.52 9.48 9.55 9.64 9.74 9.80 9.79 9.81 9.85 9.89 9.91 9.92 9.96 9.98 9.99 9.97 10.05 10.22 10.28 10.45 10.57 10.65 10.78 10.87 10.97 11.05 11.12 11.22 11.32 11.46 11.59 11.67 11.83 11.94 12.03 12.06 12.18 12.30 12.41 12.50 12.59 12.70 12.78 12.89 13.00 13.08 13.11 13.23 13.32 13.42 13.51 13.60 13.71 13.79 13.87 14.01 13.97 13.83 13.96 14.35 14.39 14.41 14.61 14.81 14.82 14.94 15.11
9.51 9.49 9.47 9.42 9.38 9.41 9.48 9.49 9.56 9.59 9.56 9.53 9.63 9.68 9.47 9.84 9.86 9.89 9.92 9.95 9.96 9.98 10.00 10.01 9.98 10.03 10.10 10.21 10.27 10.36 10.56 10.68 10.79 10.87 10.94 10.98 11.06 11.20 11.31 11.46 11.60 11.72 11.82 11.96 12.06 12.16 12.28 12.36 12.45 12.54 12.65 12.74 12.82 12.93 13.03 13.11 13.19 13.27 13.36 13.48 13.55 13.65 13.75 13.87 13.98 13.95 14.04 14.11 14.26 14.43 14.53 14.66 14.81 14.94 15.02 15.07 15.18
9.55 9.56 9.54 9.51 9.47 9.49 9.54 9.57 9.63 9.65 9.66 9.68 9.66 9.57 9.49 9.71 9.92 9.99 9.99 10.01 10.02 9.99 9.99 10.00 10.05 10.15 10.20 10.26 10.34 10.44 10.55 10.68 10.79 10.82 10.93 11.00 11.05 11.10 11.24 11.41 11.58 11.73 11.85 11.96 12.07 12.19 12.30 12.40 12.48 12.58 12.68 12.77 12.86 12.96 13.05 13.14 13.22 13.32 13.40 13.51 13.62 13.71 13.82 13.93 14.05 14.13 14.19 14.28 14.43 14.61 14.71 14.82 14.93 14.98 15.10 15.21 15.31
9.58 9.56 9.57 9.59 9.51 9.52 9.56 9.63 9.67 9.71 9.74 9.78 9.81 9.75 9.87 9.87 9.97 10.02 10.05 10.06 10.04 10.01 9.99 10.04 10.12 10.23 10.32 10.37 10.47 10.56 10.61 10.66 10.77 10.89 10.95 11.08 11.18 11.29 11.36 11.48 11.62 11.77 11.85 11.99 12.08 12.18 12.31 12.41 12.53 12.61 12.71 12.82 12.88 12.98 13.08 13.17 13.24 13.34 13.43 13.52 13.63 13.73 13.82 13.92 14.04 14.15 14.25 14.35 14.51 14.60 14.73 14.85 14.96 15.03 15.14 15.24 15.36
9.59 9.60 9.62 9.65 9.58 9.52 9.55 9.62 9.65 9.71 9.75 9.80 9.86 9.91 9.97 9.98 10.04 10.06 10.10 10.10 10.11 10.06 10.03 10.08 10.16 10.28 10.41 10.48 10.58 10.66 10.70 10.71 10.79 10.88 10.96 11.05 11.15 11.28 11.42 11.55 11.65 11.73 11.77 11.95 12.05 12.16 12.26 12.41 12.57 12.66 12.75 12.85 12.92 13.02 13.12 13.20 13.27 13.37 13.46 13.56 13.64 13.74 13.85 13.96 14.07 14.17 14.28 14.41 14.52 14.61 14.76 14.88 14.98 15.08 15.20 15.31 15.42
9.52 9.62 9.68 9.64 9.54 9.49 9.55 9.60 9.61 9.73 9.81 9.85 9.87 9.87 9.95 10.06 10.04 10.08 10.15 10.10 10.02 10.07 10.06 10.10 10.18 10.28 10.46 10.57 10.66 10.75 10.75 10.81 10.86 10.85 10.94 11.06 11.17 11.27 11.36 11.48 11.62 11.73 11.84 11.94 12.00 12.19 12.30 12.44 12.58 12.69 12.79 12.89 12.97 13.07 13.16 13.24 13.33 13.40 13.50 13.59 13.69 13.78 13.88 14.00 14.10 14.22 14.33 14.46 14.56 14.68 14.80 14.91 15.02 15.15 15.27 15.38 15.50
9.42 9.65 9.70 9.63 9.59 9.55 9.67 9.62 9.64 9.79 9.85 9.86 9.92 9.95 10.02 10.09 10.13 10.20 10.19 10.16 10.18 10.12 10.10 10.13 10.24 10.29 10.45 10.55 10.63 10.74 10.88 10.92 10.96 11.03 11.00 11.16 11.28 11.32 11.37 11.45 11.60 11.77 11.90 11.96 12.07 12.26 12.38 12.49 12.57 12.66 12.77 12.87 12.99 13.10 13.20 13.22 13.30 13.44 13.49 13.59 13.73 13.84 13.95 14.06 14.17 14.28 14.38 14.50 14.62 14.73 14.85 14.97 15.10 15.23 15.33 15.43 15.55
