main/data/pressure/19.12.2023.grid
ncols 886
nrows 691
xllcenter 112.0000
yllcenter -44.5000
cellsize 0.0500
nodata_value 99999.90
[rows 272 to 305 of 691, columns 693 to 769 of 886]
21.28 21.38 21.34 21.41 21.53 21.54 21.52 21.43 21.43 21.21 20.43 19.61 20.82 20.25 20.80 21.38 22.18 22.39 22.49 21.81 22.28 22.50 22.44 22.26 22.58 22.64 22.72 22.84 22.92 22.96 22.84 22.85 22.86 22.85 22.89 22.86 22.84 22.87 22.88 22.66 22.37 22.36 22.42 22.47 22.39 22.42 22.20 21.92 21.97 22.20 22.24 22.24 22.41 22.29 22.48 22.36 22.30 22.33 22.23 22.24 22.42 22.67 22.86 22.93 23.02 23.10 23.19 23.14 22.62 22.07 22.89 23.26 22.92 22.34 22.64 22.95 22.58
21.31 21.36 21.32 21.30 21.30 21.53 21.55 21.42 21.36 21.30 21.14 20.82 21.46 21.85 21.24 21.74 22.06 22.41 22.49 22.57 22.47 22.56 22.66 22.58 22.70 22.66 22.69 22.69 22.84 22.84 22.76 22.76 22.79 22.81 22.83 22.82 22.80 22.82 22.83 22.22 22.37 22.24 22.21 22.42 22.17 22.34 22.11 21.16 21.17 22.26 22.43 22.56 22.55 22.56 22.17 22.22 22.21 22.23 22.18 22.22 22.39 22.56 22.69 22.81 22.61 22.69 22.98 22.89 23.00 22.90 22.55 22.71 22.37 22.82 22.17 22.83 22.95
21.26 21.33 21.31 21.27 21.30 21.45 21.49 21.41 21.19 21.14 20.08 19.86 21.59 21.91 22.05 22.03 22.16 22.39 22.39 22.31 22.44 22.61 22.65 22.68 22.63 22.74 22.69 22.74 22.83 22.74 22.70 22.70 22.76 22.76 22.76 22.77 22.76 22.79 22.76 22.56 22.28 22.13 22.16 22.32 22.17 22.23 21.54 21.08 21.80 21.82 21.98 22.23 22.45 22.33 22.04 22.12 22.09 22.10 22.12 22.09 22.24 22.51 22.66 22.64 22.51 22.44 22.54 22.73 22.64 22.95 22.79 22.84 21.38 22.28 22.65 22.78 22.36
21.15 21.28 21.29 21.26 21.25 21.36 21.49 21.42 21.19 21.25 21.22 20.19 21.73 21.91 22.00 22.09 22.23 22.30 22.28 21.76 22.27 22.39 22.49 22.59 22.66 22.55 22.65 22.70 22.72 22.64 22.63 22.68 22.67 22.70 22.76 22.78 22.79 22.77 22.67 22.45 22.14 21.75 21.95 21.94 22.11 22.20 22.05 21.54 20.42 19.94 20.77 21.96 22.35 22.15 22.10 22.06 22.07 22.06 22.17 22.22 22.39 22.56 22.53 22.57 22.50 22.21 22.19 22.43 22.47 22.63 22.87 22.77 22.81 22.26 22.78 22.76 21.76
21.04 21.17 21.26 21.24 21.22 21.28 21.45 21.43 21.36 21.23 20.95 20.70 21.19 21.05 21.86 22.04 22.15 22.23 22.30 22.12 22.03 22.02 22.21 22.44 22.59 22.44 22.53 22.58 22.55 22.46 22.44 22.55 22.59 22.65 22.73 22.75 22.71 22.73 22.63 22.47 22.27 22.17 21.94 21.76 21.87 21.93 21.89 20.33 18.98 19.95 20.25 21.29 22.09 22.07 21.96 22.17 22.25 22.33 22.39 22.41 22.41 22.40 22.45 22.48 22.40 22.33 22.10 22.24 22.05 22.38 22.40 22.23 22.46 22.44 22.92 22.31 22.45
20.95 21.05 21.20 21.20 21.15 21.16 21.32 21.45 21.47 21.16 21.15 20.60 21.00 21.06 21.57 21.90 22.09 22.15 22.25 22.33 22.17 21.91 22.29 22.51 22.31 22.31 22.36 22.43 21.80 22.44 22.46 22.46 22.67 22.69 22.72 22.68 22.61 22.68 22.61 22.42 22.27 22.16 21.94 21.76 21.53 21.58 21.56 20.92 19.16 19.39 21.17 21.44 20.43 21.68 21.04 22.01 22.27 22.24 22.04 22.13 22.24 22.13 22.02 22.39 22.44 22.26 22.26 21.77 21.72 22.14 22.49 22.45 22.79 22.82 22.74 21.78 22.08
20.88 20.98 21.14 21.11 21.09 21.14 21.17 21.32 21.33 21.00 21.04 20.95 20.31 20.87 21.50 22.03 22.01 22.05 22.17 22.22 22.36 22.39 22.42 22.45 22.25 22.14 22.11 22.04 22.16 22.33 22.35 22.47 22.53 22.55 22.56 22.62 22.64 22.64 22.51 22.47 22.31 22.12 21.99 21.83 21.74 21.45 21.52 21.20 19.64 19.82 20.02 21.26 21.25 20.98 20.99 22.15 21.55 22.12 22.07 21.94 22.11 21.92 22.16 22.36 22.39 22.33 22.20 22.01 22.10 21.54 22.43 22.64 22.75 22.63 22.45 22.08 22.64
20.75 20.91 21.09 21.06 20.97 21.01 21.09 21.27 21.41 21.30 21.20 20.87 20.50 21.55 21.82 22.01 21.95 22.09 22.22 22.27 22.25 22.13 22.38 22.20 22.07 21.90 21.49 21.07 21.53 22.16 22.33 22.27 22.38 22.50 22.55 22.58 22.59 22.59 22.50 22.38 22.25 22.10 21.97 21.81 21.80 21.67 21.48 21.23 20.12 20.55 19.95 21.08 22.16 21.48 21.74 21.81 21.22 21.83 21.93 21.94 21.98 21.85 22.11 22.30 22.36 22.41 22.18 22.26 22.09 21.57 22.40 22.65 22.70 22.68 22.53 22.65 22.69
20.76 20.86 21.03 21.09 20.90 20.94 20.75 21.29 21.20 21.27 21.20 21.11 21.40 21.57 21.45 21.82 22.02 22.14 21.84 21.46 21.56 21.58 21.94 22.30 22.16 21.95 21.85 21.49 21.44 21.44 22.13 22.01 22.24 22.39 22.46 22.49 22.54 22.55 22.42 22.37 22.28 22.14 22.02 21.97 21.84 21.64 21.41 21.29 20.20 20.49 20.48 21.11 22.13 21.83 21.78 21.63 21.40 21.43 21.71 21.74 21.89 21.87 22.13 22.24 22.30 22.35 22.34 22.29 21.67 21.87 22.54 22.63 22.67 22.70 22.67 22.59 22.75
20.70 20.54 20.85 21.04 20.70 20.96 21.06 20.99 20.81 20.95 21.11 21.17 21.37 21.60 21.63 21.70 21.95 22.03 21.50 20.55 21.41 21.52 22.23 22.20 22.16 21.76 21.19 21.54 20.95 21.91 21.93 22.21 22.07 22.25 22.32 22.41 22.49 22.49 22.34 22.36 22.30 22.19 22.09 21.70 21.83 21.60 21.63 21.29 20.47 20.70 20.29 21.16 21.76 22.07 21.77 21.78 21.49 21.58 21.46 21.39 21.74 21.94 22.11 22.21 22.24 22.24 22.35 22.30 22.07 22.13 22.54 22.60 22.55 22.61 22.62 22.22 22.36
20.81 20.73 20.36 20.93 20.49 20.76 20.86 20.63 20.51 20.86 21.21 21.30 21.35 21.50 21.74 21.69 21.76 21.87 21.88 21.56 21.98 21.87 22.18 22.07 21.66 21.63 21.41 20.96 20.69 21.77 21.43 21.95 21.88 22.16 22.27 22.39 22.44 22.43 22.43 22.36 22.30 22.21 21.97 22.02 21.87 21.66 21.47 20.87 20.94 20.79 20.40 21.24 21.64 21.67 21.91 21.98 21.91 21.65 21.64 21.31 21.50 21.90 22.10 22.18 22.14 21.93 22.16 22.34 22.42 22.43 22.52 22.24 22.34 22.52 22.36 22.13 22.25
20.79 20.76 20.71 20.70 20.89 20.53 20.20 20.10 20.26 20.90 21.07 21.40 21.57 21.71 21.36 21.82 21.59 21.55 21.47 21.96 21.97 22.07 22.14 22.12 22.02 21.85 21.82 21.48 21.28 21.36 20.71 21.79 21.70 22.18 22.30 22.37 22.33 22.37 22.37 22.32 22.27 22.21 22.12 21.99 21.88 21.64 21.38 20.55 20.97 20.75 21.13 21.04 21.15 21.46 21.58 21.59 21.95 21.66 21.70 21.44 21.52 21.84 22.04 22.11 22.20 21.98 22.14 22.29 22.32 22.40 22.20 21.76 21.98 22.52 22.57 22.58 22.58
20.75 20.79 20.52 20.52 20.79 20.50 20.54 20.45 20.63 20.99 20.84 21.17 21.27 21.41 21.34 21.77 21.59 21.74 21.89 21.91 22.06 22.09 21.93 22.02 21.99 21.89 21.69 21.38 21.20 20.61 21.39 20.57 21.18 21.51 22.12 22.23 22.17 22.29 22.31 22.30 22.24 22.16 22.13 21.99 21.84 21.62 21.26 20.73 21.01 20.70 21.29 21.71 21.59 21.55 21.62 21.54 21.66 21.94 21.77 21.71 21.44 21.45 21.85 22.10 21.96 22.18 22.13 21.76 21.79 22.28 22.30 22.15 21.81 22.24 22.54 22.45 22.24
20.64 20.67 20.72 20.58 20.77 20.50 20.52 20.88 20.50 21.07 21.37 21.48 21.28 21.30 21.00 21.61 21.80 21.87 21.79 22.03 22.04 21.68 20.99 21.89 21.96 21.95 21.80 21.64 21.60 21.65 21.55 21.50 21.73 21.89 22.06 22.15 22.21 22.26 22.15 22.25 22.16 22.09 22.08 21.97 21.80 21.61 21.18 20.85 21.06 21.08 21.64 21.65 21.67 21.74 21.76 21.76 21.64 21.95 21.76 21.79 21.58 21.54 21.93 22.09 22.16 22.15 22.17 22.15 22.12 22.07 22.05 22.11 21.79 22.19 22.52 22.56 22.40
20.49 20.40 20.53 20.78 20.75 20.66 20.62 20.98 21.09 21.18 21.25 21.37 21.49 21.61 21.56 21.68 21.85 21.90 21.89 21.51 21.96 21.59 20.86 20.90 21.88 21.80 21.88 21.85 21.80 21.76 21.73 21.49 21.43 21.87 21.94 22.05 22.16 21.87 21.50 22.23 22.16 22.06 22.03 21.94 21.74 21.57 21.05 20.78 21.12 21.05 21.48 21.67 21.72 21.76 21.77 21.75 21.79 21.92 21.97 21.86 21.87 21.83 21.87 22.12 22.20 22.23 22.23 22.22 22.17 22.03 21.79 21.98 22.11 22.34 22.40 22.56 22.59
20.27 20.22 20.51 20.69 20.64 20.54 20.66 20.83 20.89 21.06 21.32 21.38 21.35 21.18 21.58 21.77 21.74 21.71 21.45 20.74 21.63 21.60 20.83 21.02 21.78 21.79 21.79 21.47 21.73 21.42 21.49 21.24 21.31 21.88 21.91 22.00 21.97 21.54 21.64 22.20 22.01 22.07 21.94 21.78 21.67 21.50 21.24 21.10 21.22 21.39 21.61 21.47 21.62 21.61 21.62 21.76 21.81 21.87 21.90 22.02 21.93 22.02 22.08 22.20 22.25 22.30 22.29 22.28 22.28 22.25 22.23 21.99 22.05 22.20 22.34 22.48 22.61
20.34 20.47 20.43 20.32 20.70 20.84 21.09 21.04 20.83 20.92 21.29 21.50 21.57 21.58 21.68 21.61 21.50 21.38 21.23 21.27 21.72 21.64 21.12 20.88 21.68 21.65 21.72 21.70 21.65 21.09 20.48 20.40 21.01 21.89 21.88 21.92 22.04 22.06 22.13 22.17 22.10 22.04 21.85 21.69 21.61 21.49 21.34 21.24 21.25 21.01 21.43 21.48 21.55 21.63 21.65 21.80 21.82 21.87 21.83 21.91 22.11 22.12 21.52 22.26 22.30 22.33 22.30 22.34 22.37 22.36 22.29 22.14 21.85 21.83 22.35 22.45 22.63
20.47 20.55 20.61 20.40 20.75 20.97 20.92 21.26 21.09 21.16 21.42 21.54 21.52 21.54 21.62 21.52 21.36 21.25 21.27 21.17 21.54 21.20 21.34 21.33 21.52 21.57 21.45 21.55 21.56 21.40 21.35 20.10 20.25 21.73 21.89 21.79 21.95 22.03 22.05 22.13 21.97 21.83 21.89 21.62 21.51 21.47 21.31 21.06 20.87 20.68 21.49 21.58 21.68 21.73 21.79 21.78 21.81 21.95 21.96 22.02 22.11 22.10 22.05 22.12 22.37 22.41 22.38 22.36 22.36 22.43 22.41 22.33 21.98 21.02 21.49 22.52 22.32
20.25 20.40 20.67 20.76 20.91 21.07 21.07 21.14 21.13 21.35 21.40 21.39 21.26 21.48 21.52 21.54 21.47 21.28 20.93 20.98 21.22 21.33 21.28 21.35 21.32 21.43 20.95 20.83 20.97 21.21 20.44 19.70 20.22 21.26 21.68 21.83 21.89 21.89 21.96 22.03 22.02 21.81 21.80 21.69 21.47 21.41 21.14 21.26 20.91 20.45 21.25 21.45 21.67 21.77 21.78 21.70 21.81 21.97 22.10 22.16 22.23 22.30 22.37 22.41 22.44 22.47 22.48 22.44 22.39 22.47 22.38 22.31 22.21 21.64 21.28 22.43 22.40
19.93 19.85 20.13 20.00 20.28 20.83 21.14 21.20 21.26 21.28 21.27 21.30 21.34 21.46 21.42 21.44 21.31 21.31 21.22 20.98 20.74 20.85 21.00 19.99 21.21 20.65 21.06 20.63 21.13 20.81 19.69 19.90 20.66 21.47 21.74 21.62 21.73 21.90 21.90 21.91 21.92 21.84 21.70 21.68 21.51 21.30 21.34 21.18 20.40 20.73 21.57 21.46 21.68 21.90 21.90 22.00 22.05 22.12 22.12 22.16 22.26 22.39 22.46 22.51 22.39 22.57 22.58 22.58 22.46 22.52 22.49 22.45 22.15 21.47 22.19 22.22 22.48
19.90 19.99 20.08 19.88 19.98 20.42 20.93 21.06 21.18 21.10 21.18 21.25 21.35 21.38 21.25 21.32 21.26 21.21 21.22 21.02 20.78 19.86 19.38 19.72 20.98 18.97 20.90 19.47 19.44 20.08 20.19 21.44 21.54 21.30 21.47 21.40 21.76 21.80 21.20 21.62 21.81 21.79 21.61 21.63 21.45 21.24 21.05 20.59 20.29 21.06 20.94 21.54 21.73 21.87 22.00 22.03 22.08 22.04 22.12 22.24 22.15 22.47 22.57 21.72 22.15 22.66 22.69 22.69 22.66 22.16 22.55 22.18 21.71 21.76 21.69 21.86 22.55
20.05 20.11 20.02 19.94 19.99 19.42 20.24 20.61 20.99 21.03 21.20 21.27 21.22 21.08 20.99 21.22 21.14 20.85 20.83 20.71 20.58 20.43 19.50 18.97 20.44 20.56 19.43 20.39 19.14 19.94 21.18 19.55 20.47 21.24 21.43 21.63 21.70 21.71 21.43 21.20 21.51 21.66 21.63 21.50 21.30 21.13 20.78 20.42 20.87 21.13 21.41 21.67 21.84 21.93 22.03 22.06 22.03 22.07 22.18 22.23 22.43 22.48 22.62 22.51 22.29 22.75 22.79 22.70 22.73 22.67 22.67 22.53 22.00 22.11 21.78 21.63 22.57
20.07 19.97 19.90 20.02 19.83 19.52 19.56 20.37 20.90 20.94 20.97 21.04 20.16 20.33 20.39 20.91 21.12 21.00 20.74 20.18 19.34 19.08 19.39 19.43 19.51 18.12 19.67 19.34 19.33 20.85 21.00 19.56 20.40 21.07 21.46 21.57 21.58 21.56 21.34 21.01 21.45 21.57 21.54 21.44 21.30 21.12 20.80 20.26 20.57 21.16 21.65 21.84 21.84 22.02 22.00 22.05 22.14 22.17 22.21 22.30 22.51 22.54 22.70 22.76 22.45 22.65 22.90 22.83 22.78 22.80 22.73 22.75 22.15 22.41 22.10 21.59 22.41
19.82 19.78 19.91 20.06 19.94 19.86 20.22 20.55 20.48 20.58 20.77 20.93 20.57 20.25 19.69 20.59 20.93 20.59 20.63 20.05 19.96 18.78 18.26 18.41 17.88 18.67 17.93 18.37 20.57 19.77 19.27 19.77 18.88 20.27 21.37 21.20 21.41 21.41 21.43 20.91 21.46 21.47 21.44 21.39 21.04 21.09 20.49 19.91 20.77 21.61 21.78 21.90 21.99 21.79 21.42 21.75 22.08 22.05 22.23 22.51 22.60 22.61 22.80 22.86 22.85 22.81 23.01 22.93 22.57 22.53 22.88 22.51 21.70 22.58 22.33 22.58 22.19
19.96 19.90 19.81 20.08 20.07 19.95 20.36 19.82 19.70 20.17 20.42 20.85 20.50 20.51 20.17 20.46 20.08 18.76 19.75 20.06 19.92 19.40 18.74 19.04 17.59 18.05 18.57 19.41 20.22 17.84 18.26 19.95 20.68 20.87 19.95 20.97 21.29 21.24 21.25 20.90 20.99 21.38 21.38 21.24 21.12 20.65 20.38 20.07 20.51 21.60 21.84 21.95 22.04 21.38 21.44 21.65 21.99 22.08 22.36 22.43 22.67 22.81 22.92 22.96 22.98 23.04 23.16 23.11 22.81 22.77 22.94 22.84 22.84 22.73 22.34 22.78 22.70
20.06 20.03 20.14 20.02 19.88 19.93 20.26 19.56 19.98 20.51 20.67 20.61 19.84 19.86 19.45 19.41 19.59 19.26 19.75 19.68 19.41 19.00 18.67 17.84 18.64 18.39 17.75 18.65 17.97 19.09 18.49 20.12 18.65 19.64 20.58 21.18 21.14 21.02 21.06 21.00 20.51 21.30 21.17 21.28 20.45 20.19 19.99 19.90 21.04 21.26 21.82 21.93 22.02 22.06 22.15 21.94 22.09 22.28 22.22 22.11 22.72 22.90 23.00 23.06 23.06 23.09 23.18 23.28 23.21 23.18 23.14 23.04 22.84 23.11 22.86 22.46 22.79
20.21 20.16 19.98 20.03 19.81 19.76 20.06 19.75 20.23 20.15 19.65 19.91 19.50 19.26 19.27 19.54 19.76 19.71 19.36 18.99 19.08 19.00 18.84 18.98 18.73 17.98 17.25 18.18 16.93 17.86 18.51 18.00 18.77 19.58 19.87 20.27 20.88 20.71 21.05 21.12 21.21 20.55 20.92 21.18 21.07 20.49 20.23 19.72 19.64 20.87 21.82 21.94 21.91 22.09 22.01 21.80 21.99 21.79 22.01 22.12 22.58 22.97 23.00 23.06 23.10 22.78 22.78 23.40 23.38 23.34 23.32 23.19 23.11 22.36 22.54 22.32 22.49
19.93 19.94 20.01 19.70 19.90 19.82 19.56 19.77 20.07 19.81 19.72 19.95 19.68 19.37 19.59 19.82 19.82 19.30 19.14 19.05 19.14 19.17 19.17 18.68 18.56 18.46 18.94 18.82 17.39 17.08 17.04 17.18 18.94 20.45 20.69 20.22 20.94 20.82 21.08 21.10 21.14 20.79 21.18 21.08 20.59 20.95 20.28 20.68 20.94 21.57 21.68 21.84 22.08 20.89 21.97 21.85 21.80 21.76 21.82 22.56 22.46 22.92 22.97 23.05 23.18 23.38 23.43 23.49 23.50 23.44 23.32 23.05 22.94 22.88 22.84 22.60 22.68
19.84 19.86 19.94 19.83 19.77 19.64 19.54 19.54 19.90 19.52 19.74 19.94 19.92 19.83 19.88 19.52 19.71 19.29 19.30 19.28 19.25 19.17 18.90 18.27 18.16 18.73 19.01 18.30 17.30 18.86 17.68 17.21 18.96 20.50 20.81 20.79 20.92 20.95 20.94 21.02 21.07 21.13 21.08 20.32 20.30 20.79 20.81 21.03 21.20 21.21 20.49 21.43 21.52 21.36 21.55 21.90 21.97 22.28 22.20 22.30 22.31 22.15 22.86 22.88 23.39 23.47 23.26 23.49 23.59 23.58 23.45 23.15 23.01 23.01 22.97 22.77 22.43
19.91 20.04 19.98 19.62 19.80 19.76 19.54 19.61 19.62 19.86 19.88 19.94 19.91 19.85 18.61 19.51 19.47 19.50 19.32 19.16 19.04 18.24 18.93 18.61 18.00 19.19 19.04 18.21 17.73 17.17 18.22 19.53 20.12 20.49 20.56 20.73 20.69 20.23 20.53 20.95 20.98 21.04 21.07 20.86 20.33 20.77 20.76 20.83 21.25 21.34 20.48 21.03 21.44 21.66 21.44 21.76 21.91 22.50 22.58 22.56 22.67 22.68 22.78 22.72 22.37 23.49 22.62 23.32 23.59 23.70 23.66 23.52 23.40 23.41 23.21 22.61 23.02
20.15 20.08 20.03 19.97 19.91 19.84 19.74 19.79 19.76 19.91 19.96 19.94 19.85 19.70 19.55 19.34 18.90 18.85 18.89 18.69 18.59 18.20 18.90 19.19 19.24 18.80 18.94 18.85 18.47 18.26 17.06 18.66 18.86 20.07 20.30 20.28 20.26 20.57 20.85 20.84 20.90 21.03 21.08 21.02 20.17 20.38 20.47 20.83 21.01 20.94 21.30 20.99 21.53 21.51 22.07 21.66 22.07 22.48 22.92 22.96 23.06 23.11 23.21 22.97 22.71 22.92 23.24 23.38 23.59 23.77 23.82 23.74 23.66 23.57 23.43 23.28 23.17
20.03 19.92 19.92 19.91 19.54 19.59 19.65 19.71 19.81 19.88 19.91 19.80 19.78 19.68 19.56 19.32 19.09 18.49 18.89 19.11 19.02 18.88 18.41 19.18 19.22 19.33 19.11 18.96 18.86 18.87 18.58 18.91 18.24 18.77 19.75 20.21 19.50 20.29 20.56 20.48 20.83 21.02 21.13 20.99 20.42 20.01 20.15 20.94 20.79 20.89 21.44 21.35 21.67 21.88 22.37 22.38 22.68 22.78 23.22 23.12 23.02 23.26 23.39 23.02 22.79 23.11 22.89 23.31 23.69 23.85 23.93 23.86 23.79 23.72 23.61 23.28 23.07
20.01 19.89 19.86 19.76 19.50 19.37 19.75 19.69 19.79 19.88 19.83 19.75 19.68 19.56 19.43 19.29 18.95 18.74 18.78 19.31 19.09 18.61 18.80 19.32 19.36 19.23 19.00 18.94 19.07 19.14 19.09 19.26 18.48 17.33 18.96 19.41 20.21 19.91 20.55 20.37 20.40 20.91 21.15 21.03 20.99 20.97 20.49 20.39 19.97 21.34 21.33 21.73 22.03 21.80 22.68 22.93 23.17 23.33 23.42 23.43 23.18 23.42 23.50 23.29 22.94 22.88 23.10 23.49 23.60 23.64 23.91 24.03 23.76 23.57 23.47 23.25 23.29
20.12 19.98 19.88 19.82 19.58 19.79 19.86 19.34 19.69 19.87 19.76 19.71 19.58 19.51 19.53 19.38 19.27 19.20 19.36 19.08 18.60 18.61 19.38 19.37 19.18 18.97 18.98 19.19 19.25 19.30 19.24 19.51 18.47 18.79 18.56 17.84 18.62 19.15 19.32 20.06 20.08 20.15 20.99 21.30 21.42 20.90 20.40 20.56 21.45 21.68 21.47 21.59 21.99 22.36 22.49 22.81 23.04 22.96 23.25 23.51 23.66 23.53 23.48 23.31 23.21 23.22 22.99 23.33 23.45 23.57 23.93 24.05 23.76 23.41 23.43 23.44 23.09
