main/data/pressure/19.12.2023.grid
ncols 886
nrows 691
xllcenter 112.0000
yllcenter -44.5000
cellsize 0.0500
nodata_value 99999.90
[rows 408 to 441 of 691, columns 308 to 384 of 886]
9.87 9.88 9.90 9.95 9.93 9.92 9.93 9.95 9.95 9.95 9.95 9.96 10.01 10.01 9.98 10.00 10.04 10.09 10.10 10.11 10.15 10.18 10.23 10.27 10.32 10.32 10.32 10.32 10.34 10.35 10.36 10.38 10.42 10.47 10.51 10.55 10.57 10.60 10.63 10.67 10.74 10.75 10.76 10.81 10.83 10.84 10.87 10.92 10.94 10.97 10.98 11.02 11.06 11.10 11.13 11.16 11.18 11.25 11.29 11.31 11.30 11.30 11.33 11.39 11.41 11.44 11.49 11.50 11.53 11.55 11.56 11.58 11.62 11.63 11.64 11.66 11.68
9.88 9.88 9.90 9.96 9.93 9.94 9.96 9.96 9.97 9.97 9.95 9.94 9.99 10.00 9.97 9.99 10.02 10.08 10.10 10.12 10.15 10.19 10.23 10.26 10.31 10.34 10.34 10.34 10.36 10.38 10.39 10.41 10.44 10.50 10.53 10.58 10.60 10.62 10.66 10.70 10.75 10.77 10.78 10.80 10.87 10.88 10.88 10.92 10.96 10.98 11.01 11.05 11.09 11.13 11.18 11.21 11.26 11.29 11.30 11.34 11.33 11.32 11.39 11.42 11.43 11.46 11.51 11.54 11.54 11.57 11.59 11.59 11.60 11.62 11.63 11.65 11.68
9.90 9.91 9.93 9.98 9.98 9.97 9.98 9.98 9.98 9.95 9.94 9.94 9.97 10.00 9.99 10.00 10.04 10.08 10.11 10.13 10.16 10.20 10.24 10.26 10.32 10.35 10.35 10.34 10.37 10.41 10.45 10.44 10.46 10.52 10.56 10.60 10.62 10.65 10.68 10.72 10.77 10.81 10.86 10.90 10.93 10.90 10.93 10.95 10.98 10.99 11.03 11.08 11.11 11.12 11.16 11.22 11.29 11.26 11.27 11.32 11.36 11.34 11.37 11.42 11.47 11.49 11.51 11.52 11.54 11.56 11.59 11.59 11.59 11.61 11.64 11.65 11.66
9.92 9.94 9.95 9.97 9.98 9.99 10.00 9.99 9.96 9.94 9.94 9.94 9.98 10.01 9.99 10.01 10.04 10.07 10.12 10.14 10.17 10.21 10.23 10.26 10.31 10.36 10.35 10.37 10.38 10.42 10.45 10.46 10.48 10.55 10.58 10.60 10.65 10.69 10.71 10.73 10.78 10.85 10.88 10.84 10.94 10.94 10.95 10.99 11.01 11.03 11.06 11.09 11.12 11.16 11.19 11.25 11.31 11.29 11.31 11.39 11.36 11.43 11.36 11.40 11.44 11.46 11.49 11.51 11.54 11.55 11.56 11.59 11.61 11.62 11.66 11.67 11.68
9.95 9.97 9.97 9.98 9.98 9.99 10.00 9.98 9.97 9.94 9.94 9.96 9.98 10.01 10.02 10.02 10.05 10.08 10.12 10.16 10.18 10.22 10.24 10.27 10.33 10.36 10.36 10.37 10.41 10.44 10.45 10.46 10.51 10.53 10.59 10.62 10.65 10.71 10.70 10.74 10.77 10.84 10.86 10.84 10.94 10.91 10.94 11.00 11.04 11.06 11.08 11.12 11.17 11.21 11.26 11.29 11.29 11.32 11.33 11.37 11.40 11.39 11.41 11.44 11.44 11.48 11.52 11.54 11.55 11.56 11.58 11.60 11.63 11.64 11.66 11.70 11.72
9.98 9.99 9.99 10.00 9.98 10.01 10.02 10.02 9.98 9.95 9.96 9.96 9.99 10.00 10.02 10.04 10.05 10.09 10.13 10.17 10.19 10.22 10.26 10.29 10.33 10.37 10.38 10.39 10.43 10.45 10.45 10.46 10.50 10.53 10.56 10.60 10.69 10.65 10.68 10.73 10.77 10.85 10.82 10.86 10.96 10.94 10.98 11.02 11.04 11.07 11.10 11.13 11.15 11.18 11.23 11.27 11.30 11.33 11.37 11.38 11.41 11.44 11.45 11.47 11.49 11.52 11.54 11.58 11.59 11.59 11.61 11.63 11.64 11.66 11.68 11.71 11.74
10.02 10.02 10.02 10.03 10.03 10.02 10.02 10.01 10.01 9.98 9.97 9.98 9.98 10.00 10.01 10.04 10.07 10.11 10.14 10.17 10.20 10.23 10.26 10.29 10.34 10.38 10.40 10.43 10.45 10.44 10.46 10.47 10.52 10.53 10.57 10.64 10.65 10.64 10.68 10.73 10.78 10.83 10.84 10.87 10.91 10.98 10.98 11.03 11.04 11.10 11.12 11.14 11.17 11.22 11.26 11.30 11.32 11.36 11.39 11.42 11.43 11.44 11.49 11.49 11.53 11.54 11.57 11.60 11.62 11.62 11.63 11.65 11.67 11.69 11.72 11.75 11.77
10.04 10.04 10.05 10.05 10.01 9.99 9.98 9.98 10.02 9.98 9.99 10.00 10.00 9.99 10.00 10.03 10.08 10.12 10.15 10.18 10.21 10.23 10.26 10.30 10.34 10.39 10.42 10.44 10.46 10.47 10.47 10.48 10.52 10.53 10.56 10.59 10.62 10.68 10.73 10.77 10.79 10.82 10.85 10.88 10.92 10.96 11.01 11.04 11.08 11.13 11.13 11.15 11.19 11.22 11.27 11.30 11.33 11.35 11.39 11.43 11.46 11.48 11.50 11.54 11.55 11.57 11.61 11.62 11.65 11.66 11.67 11.67 11.69 11.71 11.75 11.78 11.79
10.08 10.07 10.06 10.05 10.02 10.01 9.99 10.01 10.02 10.03 10.01 10.01 10.00 10.01 10.01 10.00 10.05 10.12 10.19 10.19 10.21 10.24 10.28 10.31 10.35 10.39 10.41 10.44 10.46 10.49 10.47 10.48 10.52 10.54 10.56 10.57 10.65 10.70 10.74 10.77 10.77 10.80 10.84 10.87 10.90 10.94 11.00 11.06 11.09 11.12 11.15 11.17 11.19 11.22 11.27 11.32 11.35 11.40 11.42 11.45 11.49 11.49 11.52 11.56 11.58 11.61 11.63 11.66 11.69 11.69 11.69 11.70 11.73 11.76 11.78 11.79 11.80
10.12 10.09 10.08 10.05 10.04 10.03 10.02 10.05 10.03 10.03 10.01 10.00 10.00 9.97 9.99 10.05 10.07 10.12 10.18 10.20 10.22 10.26 10.30 10.35 10.38 10.40 10.43 10.44 10.45 10.47 10.51 10.51 10.52 10.54 10.56 10.57 10.61 10.66 10.70 10.76 10.77 10.81 10.84 10.87 10.91 10.96 11.01 11.07 11.11 11.13 11.16 11.18 11.21 11.26 11.29 11.34 11.38 11.43 11.45 11.48 11.51 11.52 11.56 11.58 11.61 11.61 11.66 11.66 11.71 11.71 11.72 11.74 11.77 11.79 11.80 11.82 11.83
10.14 10.11 10.08 10.07 10.05 10.05 10.05 10.07 10.06 10.06 10.04 10.03 10.01 10.01 10.03 10.07 10.12 10.16 10.19 10.25 10.25 10.27 10.32 10.36 10.39 10.41 10.43 10.43 10.45 10.47 10.50 10.54 10.54 10.54 10.58 10.59 10.63 10.65 10.70 10.74 10.75 10.80 10.86 10.89 10.93 10.97 11.04 11.10 11.11 11.14 11.17 11.19 11.24 11.29 11.35 11.38 11.41 11.42 11.48 11.51 11.53 11.56 11.57 11.61 11.66 11.65 11.67 11.70 11.71 11.73 11.77 11.77 11.80 11.82 11.82 11.84 11.86
10.18 10.15 10.11 10.10 10.10 10.09 10.08 10.08 10.09 10.09 10.09 10.08 10.08 10.08 10.09 10.10 10.13 10.18 10.24 10.27 10.28 10.29 10.34 10.38 10.40 10.42 10.44 10.45 10.46 10.48 10.50 10.54 10.56 10.56 10.57 10.60 10.62 10.65 10.69 10.73 10.75 10.79 10.85 10.90 10.95 10.98 11.04 11.12 11.14 11.18 11.22 11.23 11.26 11.34 11.39 11.41 11.44 11.46 11.49 11.53 11.54 11.59 11.59 11.62 11.68 11.69 11.71 11.74 11.75 11.77 11.80 11.81 11.84 11.84 11.86 11.88 11.87
10.23 10.20 10.17 10.17 10.16 10.15 10.14 10.13 10.12 10.11 10.12 10.13 10.13 10.14 10.14 10.14 10.14 10.19 10.24 10.29 10.32 10.33 10.37 10.39 10.41 10.43 10.45 10.47 10.49 10.50 10.53 10.54 10.54 10.57 10.58 10.60 10.63 10.64 10.66 10.72 10.73 10.79 10.86 10.91 11.00 11.02 11.07 11.13 11.15 11.21 11.24 11.28 11.30 11.38 11.43 11.44 11.47 11.48 11.50 11.54 11.59 11.61 11.62 11.65 11.68 11.71 11.72 11.71 11.76 11.77 11.83 11.85 11.86 11.88 11.88 11.89 11.90
10.29 10.26 10.23 10.23 10.23 10.22 10.21 10.19 10.18 10.16 10.16 10.16 10.16 10.18 10.18 10.18 10.18 10.20 10.23 10.30 10.35 10.36 10.40 10.41 10.42 10.45 10.47 10.50 10.52 10.53 10.56 10.56 10.54 10.59 10.61 10.62 10.63 10.65 10.67 10.71 10.75 10.80 10.86 10.94 11.00 11.05 11.10 11.15 11.17 11.21 11.27 11.31 11.32 11.36 11.41 11.46 11.51 11.52 11.53 11.57 11.62 11.65 11.64 11.70 11.72 11.75 11.77 11.76 11.77 11.79 11.84 11.87 11.89 11.89 11.90 11.92 11.93
10.35 10.32 10.29 10.29 10.29 10.28 10.26 10.24 10.23 10.21 10.22 10.22 10.22 10.22 10.22 10.22 10.22 10.24 10.27 10.32 10.37 10.39 10.42 10.44 10.46 10.49 10.51 10.53 10.55 10.56 10.58 10.60 10.60 10.61 10.64 10.64 10.65 10.67 10.69 10.72 10.75 10.80 10.85 10.93 11.00 11.06 11.12 11.14 11.17 11.21 11.25 11.31 11.35 11.38 11.43 11.49 11.53 11.54 11.56 11.59 11.64 11.68 11.70 11.74 11.76 11.79 11.80 11.81 11.82 11.82 11.86 11.91 11.93 11.93 11.93 11.94 11.96
10.42 10.39 10.36 10.36 10.35 10.34 10.31 10.29 10.28 10.26 10.27 10.28 10.28 10.26 10.26 10.26 10.26 10.29 10.31 10.35 10.40 10.43 10.46 10.48 10.50 10.53 10.55 10.57 10.59 10.59 10.61 10.63 10.61 10.64 10.66 10.67 10.69 10.70 10.72 10.74 10.75 10.79 10.85 10.92 11.00 11.07 11.14 11.17 11.18 11.22 11.27 11.32 11.39 11.43 11.47 11.51 11.55 11.58 11.60 11.66 11.69 11.71 11.74 11.80 11.81 11.83 11.83 11.83 11.86 11.84 11.87 11.93 11.94 11.96 11.95 12.02 12.04
10.48 10.46 10.44 10.43 10.41 10.39 10.37 10.36 10.35 10.33 10.33 10.34 10.32 10.31 10.31 10.32 10.32 10.34 10.36 10.39 10.43 10.46 10.49 10.52 10.54 10.56 10.58 10.61 10.62 10.62 10.63 10.65 10.64 10.66 10.68 10.71 10.72 10.73 10.75 10.77 10.79 10.80 10.85 10.91 10.99 11.06 11.12 11.20 11.18 11.26 11.31 11.36 11.43 11.48 11.51 11.55 11.58 11.62 11.64 11.68 11.71 11.75 11.79 11.82 11.85 11.87 11.86 11.88 11.89 11.88 11.90 11.94 11.94 12.00 12.16 12.17 12.12
10.56 10.54 10.52 10.50 10.48 10.46 10.45 10.43 10.43 10.41 10.40 10.38 10.39 10.37 10.36 10.37 10.38 10.40 10.41 10.44 10.47 10.50 10.53 10.56 10.57 10.59 10.61 10.63 10.65 10.65 10.66 10.69 10.68 10.69 10.72 10.74 10.75 10.76 10.78 10.79 10.82 10.83 10.86 10.91 10.96 11.03 11.10 11.17 11.25 11.28 11.35 11.41 11.46 11.49 11.52 11.58 11.61 11.68 11.67 11.70 11.73 11.79 11.84 11.85 11.89 11.90 11.91 11.93 11.91 11.94 11.96 11.94 11.95 12.03 12.19 12.00 12.00
10.65 10.62 10.60 10.58 10.57 10.55 10.54 10.52 10.51 10.51 10.47 10.43 10.45 10.45 10.43 10.44 10.45 10.45 10.46 10.48 10.51 10.55 10.59 10.60 10.59 10.62 10.64 10.67 10.70 10.70 10.70 10.73 10.70 10.74 10.78 10.79 10.80 10.81 10.82 10.83 10.86 10.88 10.90 10.93 10.97 11.03 11.11 11.19 11.18 11.30 11.36 11.42 11.46 11.50 11.54 11.60 11.68 11.71 11.71 11.75 11.79 11.81 11.87 11.87 11.90 11.93 11.93 11.96 11.95 11.97 11.97 11.99 12.01 12.07 12.24 12.04 12.03
10.76 10.71 10.67 10.67 10.66 10.65 10.62 10.61 10.62 10.61 10.55 10.51 10.52 10.51 10.50 10.52 10.52 10.51 10.51 10.52 10.53 10.58 10.65 10.65 10.63 10.66 10.68 10.72 10.73 10.74 10.75 10.77 10.76 10.79 10.83 10.84 10.84 10.85 10.87 10.88 10.91 10.92 10.94 10.97 11.01 11.07 11.13 11.20 11.22 11.31 11.38 11.44 11.48 11.52 11.57 11.64 11.72 11.75 11.75 11.80 11.83 11.85 11.90 11.91 11.94 11.96 11.97 11.97 11.97 11.99 12.00 12.02 12.03 12.05 12.27 12.04 12.05
10.85 10.80 10.77 10.76 10.76 10.75 10.71 10.69 10.68 10.69 10.64 10.59 10.59 10.57 10.57 10.59 10.57 10.56 10.56 10.56 10.58 10.64 10.72 10.72 10.68 10.69 10.72 10.77 10.76 10.79 10.82 10.84 10.82 10.86 10.90 10.90 10.88 10.91 10.92 10.93 10.95 10.97 11.00 11.02 11.06 11.13 11.16 11.22 11.24 11.38 11.45 11.50 11.54 11.57 11.63 11.70 11.75 11.79 11.81 11.83 11.87 11.89 11.95 11.96 11.99 11.98 12.01 12.02 12.02 12.04 12.05 12.05 12.08 12.06 12.22 12.24 12.07
10.94 10.89 10.86 10.86 10.86 10.84 10.80 10.76 10.75 10.74 10.74 10.70 10.68 10.63 10.63 10.68 10.60 10.62 10.62 10.62 10.64 10.69 10.79 10.77 10.72 10.76 10.79 10.83 10.84 10.87 10.91 10.91 10.90 10.93 10.95 10.95 10.94 10.95 10.97 10.97 11.00 11.01 11.03 11.05 11.10 11.15 11.18 11.26 11.32 11.39 11.45 11.51 11.57 11.62 11.67 11.79 11.75 11.80 11.84 11.86 11.90 11.92 12.02 11.97 12.01 12.02 12.04 12.06 12.05 12.07 12.09 12.08 12.10 12.19 12.18 12.33 12.21
11.03 11.00 10.97 10.96 10.96 10.95 10.91 10.88 10.85 10.84 10.81 10.79 10.74 10.70 10.70 10.75 10.77 10.75 10.71 10.69 10.71 10.76 10.86 10.86 10.80 10.82 10.85 10.89 10.92 10.95 10.98 10.97 10.97 10.99 10.99 10.99 10.99 11.00 11.00 11.01 11.01 11.05 11.05 11.09 11.12 11.17 11.23 11.29 11.31 11.40 11.45 11.52 11.57 11.64 11.68 11.88 11.78 11.82 11.86 11.90 11.93 12.01 12.09 12.02 12.06 12.05 12.07 12.09 12.11 12.17 12.14 12.13 12.13 12.30 12.32 12.34 12.34
11.11 11.09 11.08 11.06 11.06 11.05 11.03 10.99 10.96 10.93 10.90 10.87 10.82 10.79 10.77 10.78 10.80 10.88 10.82 10.77 10.76 10.80 10.95 10.91 10.85 10.87 10.91 10.94 11.00 11.01 11.04 11.04 11.04 11.04 11.04 11.04 11.05 11.02 11.05 11.03 11.02 11.21 11.10 11.13 11.15 11.18 11.24 11.39 11.39 11.45 11.51 11.57 11.60 11.74 11.75 12.00 11.96 11.94 11.90 11.93 11.95 11.97 12.00 12.06 12.06 12.08 12.10 12.10 12.11 12.14 12.31 12.27 12.36 12.35 12.35 12.34 12.34
11.21 11.20 11.17 11.16 11.16 11.15 11.13 11.10 11.07 11.03 10.99 10.95 10.92 10.88 10.86 10.86 10.91 10.98 10.91 10.85 10.83 10.91 11.06 10.99 10.91 10.93 10.96 11.02 11.09 11.09 11.11 11.10 11.13 11.06 11.09 11.08 11.16 11.11 11.11 11.01 11.04 11.40 11.34 11.28 11.30 11.42 11.46 11.58 11.34 11.76 11.82 11.88 11.93 11.98 12.03 12.07 12.12 12.15 12.18 12.20 12.23 12.25 12.26 12.28 12.29 12.32 12.32 12.33 12.34 12.35 12.36 12.36 12.36 12.36 12.35 12.35 12.34
11.30 11.28 11.27 11.27 11.26 11.25 11.23 11.21 11.18 11.13 11.09 11.05 11.03 10.98 10.94 10.92 10.95 11.08 10.99 10.91 10.89 10.94 11.15 11.05 11.00 11.04 11.04 11.11 11.25 11.19 11.26 11.18 11.39 11.27 11.22 11.23 11.52 11.32 11.50 11.50 11.50 11.51 11.52 11.54 11.56 11.59 11.62 11.66 11.71 11.78 11.83 11.89 11.94 11.99 12.04 12.08 12.12 12.15 12.19 12.22 12.24 12.26 12.28 12.29 12.31 12.32 12.33 12.34 12.34 12.36 12.36 12.36 12.36 12.36 12.36 12.35 12.35
11.39 11.39 11.37 11.38 11.38 11.36 11.34 11.34 11.31 11.24 11.18 11.15 11.16 11.11 11.04 11.00 11.05 11.19 11.08 10.97 10.96 11.04 11.23 11.25 11.24 11.28 11.22 11.27 11.40 11.49 11.57 11.59 11.19 11.56 11.55 11.54 11.53 11.53 11.52 11.52 11.53 11.53 11.55 11.55 11.57 11.61 11.63 11.68 11.72 11.79 11.85 11.90 11.95 12.00 12.05 12.09 12.13 12.16 12.19 12.22 12.24 12.26 12.28 12.29 12.31 12.32 12.33 12.34 12.35 12.36 12.36 12.36 12.36 12.36 12.36 12.36 12.34
11.47 11.51 11.52 11.51 11.49 11.46 11.44 11.46 11.45 11.34 11.28 11.24 11.30 11.24 11.12 11.10 11.10 11.32 11.18 11.04 11.07 11.10 11.32 11.39 11.45 11.47 11.52 11.55 11.58 11.60 11.61 11.60 11.59 11.58 11.56 11.55 11.55 11.54 11.54 11.54 11.54 11.55 11.56 11.57 11.59 11.61 11.64 11.69 11.74 11.80 11.86 11.91 11.96 12.02 12.06 12.10 12.14 12.17 12.20 12.23 12.25 12.27 12.29 12.31 12.32 12.32 12.33 12.35 12.35 12.36 12.36 12.36 12.36 12.36 12.35 12.35 12.34
11.55 11.59 11.64 11.66 11.59 11.54 11.52 11.58 11.60 11.52 11.48 11.46 11.48 11.43 11.28 11.32 11.43 11.45 11.35 11.15 11.34 11.47 11.47 11.49 11.52 11.54 11.55 11.56 11.59 11.60 11.61 11.61 11.60 11.59 11.58 11.57 11.56 11.55 11.55 11.55 11.55 11.55 11.56 11.58 11.60 11.62 11.66 11.71 11.77 11.83 11.88 11.94 11.98 12.03 12.07 12.11 12.14 12.17 12.21 12.23 12.25 12.27 12.29 12.31 12.32 12.33 12.34 12.35 12.35 12.36 12.36 12.36 12.36 12.35 12.35 12.35 12.35
11.63 11.67 11.73 11.82 11.73 11.64 11.59 11.72 11.77 11.78 11.72 11.67 11.65 11.70 11.45 11.54 11.64 11.58 11.58 11.56 11.58 11.56 11.55 11.55 11.56 11.57 11.57 11.59 11.59 11.61 11.61 11.61 11.60 11.59 11.59 11.58 11.57 11.56 11.56 11.56 11.56 11.57 11.58 11.59 11.61 11.64 11.67 11.73 11.80 11.85 11.91 11.96 12.01 12.05 12.09 12.13 12.16 12.18 12.21 12.24 12.26 12.28 12.29 12.31 12.32 12.34 12.34 12.35 12.35 12.36 12.36 12.36 12.36 12.35 12.35 12.35 12.35
11.89 11.85 11.77 11.98 11.98 12.00 11.73 11.88 11.94 11.90 11.88 11.84 11.82 11.81 11.71 11.73 11.74 11.69 11.67 11.67 11.65 11.62 11.61 11.60 11.59 11.59 11.60 11.60 11.61 11.62 11.62 11.61 11.61 11.60 11.59 11.58 11.57 11.57 11.56 11.56 11.58 11.57 11.58 11.60 11.61 11.65 11.70 11.76 11.82 11.88 11.93 11.98 12.02 12.07 12.10 12.14 12.17 12.20 12.22 12.25 12.27 12.29 12.30 12.31 12.33 12.34 12.34 12.35 12.35 12.36 12.36 12.36 12.36 12.35 12.35 12.35 12.35
12.09 12.08 12.00 12.15 12.15 12.13 12.05 12.07 12.05 12.01 11.98 11.95 11.94 11.91 11.88 11.87 11.84 11.81 11.77 11.73 11.71 11.68 11.66 11.64 11.62 11.62 11.61 11.62 11.62 11.61 11.61 11.61 11.61 11.60 11.60 11.58 11.58 11.58 11.57 11.57 11.58 11.59 11.60 11.61 11.64 11.68 11.74 11.79 11.85 11.90 11.95 12.00 12.04 12.08 12.12 12.15 12.18 12.21 12.23 12.26 12.28 12.29 12.30 12.32 12.33 12.34 12.34 12.35 12.35 12.36 12.36 12.36 12.36 12.35 12.35 12.35 12.34
12.17 12.20 12.24 12.24 12.24 12.21 12.18 12.17 12.15 12.11 12.07 12.05 12.04 12.02 12.00 11.96 11.93 11.86 11.84 11.80 11.77 11.73 11.71 11.68 11.67 11.65 11.64 11.63 11.63 11.62 11.62 11.62 11.61 11.61 11.60 11.59 11.58 11.59 11.58 11.58 11.59 11.60 11.60 11.62 11.66 11.72 11.78 11.83 11.89 11.94 11.99 12.03 12.07 12.10 12.14 12.17 12.20 12.22 12.24 12.26 12.28 12.30 12.31 12.32 12.33 12.34 12.34 12.35 12.35 12.36 12.36 12.36 12.36 12.35 12.35 12.35 12.34
12.20 12.25 12.29 12.31 12.33 12.28 12.27 12.23 12.25 12.21 12.18 12.17 12.15 12.12 12.09 12.05 12.00 11.96 11.91 11.87 11.83 11.79 11.76 11.72 11.70 11.68 11.67 11.66 11.64 11.63 11.63 11.62 11.61 11.61 11.60 11.60 11.60 11.59 11.59 11.59 11.59 11.59 11.62 11.66 11.71 11.76 11.82 11.87 11.92 11.97 12.02 12.06 12.10 12.12 12.15 12.18 12.21 12.23 12.26 12.28 12.29 12.30 12.31 12.33 12.34 12.34 12.35 12.36 12.36 12.35 12.36 12.36 12.36 12.35 12.35 12.35 12.34
