main/data/pressure/20.04.2023.grid
ncols 886
nrows 691
xllcenter 112.0000
yllcenter -44.5000
cellsize 0.0500
nodata_value 99999.90
[rows 350 to 384 of 691, columns 553 to 631 of 886]
10.35 10.39 10.39 10.41 10.38 10.37 10.41 10.37 10.39 10.41 10.37 10.37 10.36 10.31 10.30 10.28 10.31 10.27 10.29 10.26 10.11 9.97 9.93 9.79 9.85 9.95 9.97 9.94 9.88 9.89 9.92 10.01 10.02 9.98 10.05 10.06 10.07 10.10 10.12 10.12 10.15 10.13 10.10 10.12 10.14 10.24 10.27 10.30 10.32 10.32 10.31 10.29 10.19 10.05 10.14 10.30 10.31 10.16 10.34 10.29 10.41 10.54 10.60 10.63 10.66 10.67 10.69 10.68 10.65 10.70 10.68 10.64 10.53 10.60 10.48 10.54 10.84 10.68 10.67
10.35 10.35 10.39 10.39 10.39 10.40 10.39 10.36 10.35 10.36 10.29 10.31 10.28 10.28 10.27 10.24 10.24 10.22 10.23 10.19 10.00 10.03 9.88 9.79 9.61 9.93 9.83 9.88 9.91 9.97 10.01 10.03 10.03 10.03 10.04 10.03 10.06 10.06 10.08 10.10 10.11 10.11 10.12 10.15 10.18 10.21 10.24 10.26 10.29 10.29 10.29 10.28 10.12 9.86 10.18 10.29 10.33 10.35 10.34 10.17 10.39 10.51 10.58 10.60 10.62 10.63 10.65 10.66 10.69 10.68 10.66 10.63 10.57 10.60 10.56 10.61 10.75 10.63 10.65
10.32 10.37 10.38 10.37 10.37 10.33 10.34 10.32 10.27 10.21 10.28 10.20 10.24 10.24 10.21 10.20 10.18 10.19 10.16 10.14 10.03 10.03 9.97 9.80 9.84 9.79 9.77 9.99 10.02 10.04 10.03 10.02 10.01 10.00 10.01 10.01 10.01 10.03 10.05 10.06 10.07 10.10 10.11 10.13 10.15 10.17 10.20 10.22 10.25 10.26 10.27 10.25 10.18 10.14 10.22 10.29 10.34 10.36 10.37 10.36 10.43 10.50 10.53 10.57 10.58 10.58 10.59 10.52 10.40 10.65 10.63 10.59 10.49 10.61 10.66 10.71 10.80 10.76 10.72
10.35 10.39 10.35 10.36 10.32 10.31 10.26 10.22 10.24 10.15 10.21 10.16 10.18 10.16 10.16 10.15 10.14 10.13 10.13 10.11 10.09 10.07 9.93 9.99 9.94 9.88 9.93 10.00 10.03 9.97 9.93 9.93 9.94 9.94 9.94 9.95 9.98 10.00 10.01 10.02 10.04 10.05 10.07 10.09 10.11 10.14 10.15 10.18 10.22 10.23 10.25 10.27 10.26 10.29 10.28 10.30 10.28 10.28 10.34 10.23 10.39 10.46 10.51 10.54 10.55 10.54 10.54 10.53 10.52 10.51 10.52 10.56 10.49 10.48 10.68 10.76 10.79 10.79 10.81
10.34 10.36 10.30 10.29 10.25 10.25 10.22 10.19 10.18 10.13 10.13 10.12 10.12 10.12 10.08 10.08 10.08 10.10 10.06 10.07 10.06 10.04 10.04 9.97 10.04 10.03 10.02 9.99 9.97 9.89 9.93 9.87 9.87 9.88 9.88 9.82 9.94 9.95 9.97 9.98 10.00 10.01 10.04 10.06 10.07 10.10 10.11 10.15 10.18 10.21 10.22 10.25 10.27 10.29 10.28 10.28 10.23 10.13 10.26 10.25 10.37 10.40 10.48 10.49 10.48 10.48 10.46 10.44 10.35 10.23 10.41 10.45 10.52 10.50 10.61 10.75 10.80 10.76 10.82
10.32 10.28 10.27 10.23 10.20 10.17 10.17 10.11 10.11 10.05 10.05 10.04 10.05 10.05 10.03 10.00 10.06 10.04 10.07 10.06 10.02 10.02 10.03 10.02 9.92 9.99 9.98 9.93 9.87 9.84 9.80 9.73 9.73 9.77 9.82 9.77 9.81 9.88 9.93 9.95 9.97 9.98 9.99 10.01 10.04 10.06 10.09 10.11 10.14 10.17 10.20 10.21 10.23 10.25 10.25 10.22 10.10 9.80 9.96 10.32 10.37 10.41 10.42 10.43 10.42 10.42 10.41 10.41 10.29 10.29 10.37 10.34 10.38 10.49 10.56 10.69 10.78 10.82 10.89
10.26 10.25 10.23 10.21 10.14 10.14 10.12 10.09 10.03 10.02 10.01 9.99 9.99 9.98 10.00 10.00 10.01 9.98 9.97 10.00 10.00 9.97 9.96 9.89 9.89 9.92 9.90 9.86 9.77 9.71 9.66 9.59 9.57 9.67 9.76 9.72 9.70 9.80 9.87 9.90 9.92 9.94 9.95 9.98 10.00 10.02 10.05 10.07 10.10 10.13 10.16 10.17 10.20 10.22 10.23 10.20 10.12 10.08 10.20 10.30 10.36 10.34 10.35 10.37 10.38 10.38 10.35 10.36 10.34 10.32 10.24 10.26 10.29 10.53 10.59 10.62 10.74 10.85 10.91
10.24 10.20 10.16 10.11 10.09 10.06 10.06 10.03 9.96 9.97 9.95 9.92 9.93 9.91 9.91 9.91 9.91 9.94 9.93 9.94 9.94 9.96 9.90 9.87 9.91 9.93 9.87 9.82 9.73 9.59 9.57 9.51 9.40 9.64 9.71 9.72 9.66 9.73 9.81 9.85 9.89 9.91 9.93 9.93 9.97 10.00 10.02 10.05 10.06 10.09 10.11 10.14 10.16 10.17 10.18 10.20 10.22 10.24 10.26 10.25 10.13 10.13 10.28 10.29 10.33 10.33 10.32 10.29 10.25 10.26 10.25 10.06 10.25 10.34 10.51 10.67 10.75 10.82 10.88
10.18 10.14 10.10 10.07 10.06 10.01 9.98 9.95 9.92 9.90 9.89 9.87 9.86 9.87 9.86 9.90 9.88 9.88 9.92 9.92 9.91 9.87 9.89 9.85 9.84 9.86 9.82 9.79 9.70 9.57 9.57 9.52 9.38 9.60 9.65 9.69 9.66 9.70 9.74 9.80 9.85 9.87 9.89 9.91 9.93 9.96 9.97 10.01 10.04 10.04 10.07 10.09 10.11 10.12 10.13 10.13 10.17 10.21 10.17 10.23 10.10 10.14 10.18 10.21 10.27 10.25 10.25 10.17 10.16 10.14 10.03 10.23 10.26 10.23 10.37 10.60 10.76 10.82 10.88
10.14 10.10 10.06 10.06 9.98 9.97 9.90 9.90 9.88 9.82 9.80 9.81 9.81 9.80 9.81 9.82 9.83 9.83 9.83 9.86 9.88 9.81 9.77 9.77 9.61 9.66 9.78 9.73 9.66 9.61 9.61 9.61 9.52 9.51 9.54 9.61 9.53 9.62 9.72 9.75 9.81 9.84 9.86 9.88 9.90 9.92 9.94 9.96 9.99 10.00 10.02 10.03 10.06 10.07 10.09 10.10 10.12 10.16 10.12 10.13 10.18 10.12 9.95 10.03 10.09 10.17 10.20 10.11 9.95 9.88 10.18 10.17 10.29 10.31 10.32 10.53 10.75 10.79 10.85
10.11 10.07 10.04 10.01 9.95 9.93 9.90 9.85 9.85 9.82 9.78 9.74 9.74 9.75 9.74 9.74 9.80 9.82 9.82 9.85 9.83 9.80 9.72 9.66 9.67 9.73 9.72 9.69 9.55 9.62 9.62 9.58 9.56 9.51 9.49 9.55 9.27 9.50 9.64 9.70 9.77 9.80 9.82 9.84 9.86 9.88 9.91 9.91 9.96 9.96 9.96 9.99 10.01 10.02 10.03 10.04 10.08 10.11 10.09 10.03 10.02 9.92 9.87 9.78 9.75 9.98 10.14 10.17 9.94 9.98 10.22 10.03 10.28 10.23 10.35 10.56 10.72 10.69 10.80
10.08 10.05 10.02 9.98 9.96 9.93 9.86 9.81 9.77 9.76 9.73 9.69 9.67 9.70 9.74 9.74 9.77 9.77 9.78 9.80 9.80 9.73 9.68 9.71 9.70 9.73 9.72 9.70 9.62 9.59 9.52 9.49 9.49 9.52 9.49 9.47 9.40 9.51 9.60 9.67 9.72 9.76 9.79 9.81 9.83 9.88 9.87 9.87 9.89 9.90 9.90 9.92 9.91 9.95 9.95 9.97 9.99 10.01 10.06 10.05 10.04 10.01 9.81 9.55 9.53 9.86 10.11 10.15 10.14 10.15 10.19 9.96 10.37 10.33 10.55 10.62 10.70 10.72 10.70
10.06 10.03 9.95 9.96 9.92 9.86 9.83 9.79 9.78 9.74 9.70 9.67 9.68 9.68 9.70 9.72 9.74 9.77 9.79 9.77 9.78 9.78 9.77 9.75 9.70 9.67 9.66 9.68 9.62 9.57 9.49 9.42 9.48 9.48 9.45 9.43 9.44 9.49 9.57 9.61 9.68 9.72 9.73 9.74 9.77 9.81 9.80 9.81 9.82 9.84 9.85 9.84 9.76 9.81 9.86 9.87 9.89 9.96 9.98 9.86 9.93 9.93 9.66 9.67 9.58 9.84 9.99 10.06 10.16 10.15 9.89 9.97 10.36 10.34 10.50 10.59 10.64 10.65 10.62
9.95 10.00 9.93 9.90 9.87 9.82 9.80 9.79 9.73 9.71 9.64 9.62 9.65 9.65 9.66 9.69 9.72 9.72 9.74 9.79 9.73 9.73 9.69 9.71 9.66 9.65 9.64 9.66 9.60 9.54 9.45 9.32 9.42 9.42 9.40 9.38 9.41 9.45 9.52 9.57 9.61 9.66 9.72 9.74 9.76 9.74 9.73 9.76 9.76 9.78 9.73 9.64 9.50 9.65 9.78 9.78 9.73 9.83 9.86 9.81 9.79 9.80 9.69 9.79 9.93 9.94 10.06 9.87 10.14 10.19 10.23 10.24 10.36 10.43 10.51 10.56 10.59 10.58 10.57
9.98 9.99 9.87 9.91 9.87 9.80 9.77 9.77 9.73 9.70 9.64 9.64 9.64 9.65 9.65 9.67 9.69 9.71 9.72 9.76 9.73 9.69 9.70 9.67 9.67 9.65 9.63 9.63 9.57 9.53 9.46 9.40 9.38 9.36 9.34 9.34 9.36 9.40 9.47 9.44 9.56 9.61 9.64 9.68 9.70 9.70 9.68 9.68 9.70 9.69 9.54 9.64 9.44 9.55 9.65 9.68 9.65 9.80 9.86 9.78 9.61 9.70 9.68 9.71 9.94 9.89 10.01 9.93 10.06 10.19 10.28 10.32 10.37 10.42 10.47 10.46 10.46 10.46 10.44
9.98 9.98 9.89 9.82 9.79 9.81 9.76 9.74 9.73 9.65 9.68 9.66 9.63 9.63 9.65 9.66 9.66 9.69 9.67 9.64 9.67 9.66 9.69 9.68 9.69 9.64 9.62 9.59 9.55 9.49 9.45 9.39 9.38 9.32 9.31 9.31 9.32 9.35 9.41 9.45 9.52 9.54 9.59 9.61 9.64 9.64 9.64 9.64 9.60 9.63 9.62 9.58 9.43 9.35 9.36 9.48 9.44 9.53 9.86 9.81 9.78 9.90 9.88 9.71 9.98 10.04 9.91 9.94 10.11 10.23 10.24 10.30 10.34 10.37 10.43 10.33 10.31 10.35 10.37
9.96 9.92 9.89 9.84 9.86 9.81 9.76 9.74 9.74 9.67 9.66 9.62 9.63 9.65 9.62 9.62 9.67 9.69 9.64 9.64 9.68 9.69 9.66 9.68 9.65 9.63 9.61 9.57 9.53 9.44 9.37 9.35 9.29 9.32 9.27 9.29 9.31 9.34 9.38 9.43 9.46 9.43 9.50 9.55 9.59 9.61 9.60 9.59 9.51 9.38 9.22 9.26 9.50 9.06 9.24 9.41 9.47 9.63 9.78 9.91 9.89 9.95 10.00 9.98 10.05 10.04 9.98 9.87 10.03 10.22 10.24 10.27 10.30 10.34 10.33 10.21 10.18 10.26 10.31
9.95 9.86 9.87 9.85 9.79 9.79 9.72 9.72 9.74 9.68 9.69 9.67 9.66 9.61 9.64 9.64 9.64 9.60 9.66 9.67 9.67 9.68 9.65 9.66 9.65 9.62 9.60 9.57 9.45 9.39 9.33 9.35 9.26 9.26 9.24 9.26 9.28 9.28 9.30 9.37 9.37 9.27 9.39 9.52 9.55 9.55 9.55 9.55 9.43 9.37 9.30 9.08 9.30 9.32 9.39 9.51 9.53 9.81 9.84 9.93 9.91 9.94 10.01 10.05 10.06 10.10 10.13 10.06 10.09 10.19 10.22 10.24 10.26 10.27 10.25 10.12 10.09 10.25 10.34
9.93 9.90 9.85 9.83 9.78 9.74 9.74 9.72 9.71 9.69 9.66 9.67 9.64 9.65 9.64 9.66 9.65 9.66 9.64 9.65 9.67 9.69 9.66 9.64 9.60 9.56 9.50 9.45 9.40 9.36 9.30 9.26 9.22 9.20 9.20 9.21 9.21 9.19 9.14 9.26 9.31 9.26 9.37 9.46 9.50 9.51 9.50 9.48 9.43 9.32 9.14 9.38 9.37 8.98 9.32 9.46 9.65 9.78 9.84 9.90 9.93 9.91 9.99 10.02 10.04 10.08 10.07 10.04 10.15 10.16 10.20 10.22 10.23 10.21 10.17 10.11 10.14 10.29 10.27
9.93 9.91 9.86 9.82 9.78 9.73 9.76 9.76 9.73 9.68 9.67 9.68 9.61 9.64 9.67 9.66 9.65 9.63 9.65 9.62 9.64 9.63 9.62 9.62 9.56 9.53 9.47 9.41 9.35 9.31 9.26 9.20 9.19 9.17 9.15 9.18 9.19 9.18 9.14 9.20 9.24 9.24 9.35 9.42 9.45 9.47 9.45 9.43 9.39 9.31 9.26 9.10 9.20 9.01 9.16 9.42 9.68 9.79 9.86 9.91 9.91 9.92 10.00 10.00 10.03 10.07 10.09 10.07 10.14 10.16 10.18 10.17 10.22 10.15 10.10 10.09 10.19 10.28 10.27
9.87 9.86 9.86 9.82 9.78 9.75 9.77 9.74 9.72 9.71 9.67 9.64 9.69 9.67 9.55 9.62 9.62 9.63 9.63 9.65 9.64 9.63 9.60 9.57 9.52 9.45 9.38 9.33 9.30 9.27 9.23 9.20 9.18 9.15 9.10 9.17 9.21 9.18 9.15 9.18 9.20 9.21 9.30 9.39 9.41 9.43 9.41 9.40 9.35 9.28 9.09 9.35 9.20 9.15 9.16 9.44 9.62 9.74 9.82 9.90 9.90 9.91 9.98 10.00 10.03 10.05 9.99 10.11 10.13 10.13 10.13 10.13 10.15 10.05 10.05 10.09 10.20 10.24 10.28
9.81 9.87 9.85 9.82 9.80 9.78 9.74 9.75 9.71 9.71 9.69 9.63 9.67 9.67 9.61 9.62 9.63 9.63 9.64 9.65 9.60 9.59 9.55 9.51 9.45 9.37 9.38 9.26 9.26 9.24 9.21 9.18 9.16 9.12 9.11 9.17 9.21 9.21 9.19 9.18 9.17 9.22 9.32 9.33 9.32 9.37 9.38 9.37 9.33 9.25 9.17 9.21 9.19 9.38 9.45 9.55 9.67 9.80 9.84 9.89 9.90 9.94 9.96 9.95 9.94 9.99 10.05 10.09 10.09 10.14 10.16 10.07 10.13 9.98 10.09 10.13 10.17 10.24 10.25
9.77 9.79 9.80 9.83 9.78 9.79 9.78 9.74 9.73 9.71 9.72 9.66 9.68 9.68 9.62 9.63 9.60 9.66 9.65 9.62 9.59 9.55 9.50 9.46 9.40 9.32 9.31 9.27 9.23 9.18 9.14 9.13 9.13 9.12 9.12 9.17 9.21 9.20 9.20 9.16 9.11 9.22 9.28 9.31 9.33 9.35 9.34 9.35 9.32 9.24 9.16 9.15 9.19 9.47 9.65 9.68 9.73 9.80 9.81 9.87 9.90 9.92 9.91 9.91 9.90 9.92 9.98 10.04 10.07 10.10 10.11 10.03 9.99 10.01 10.13 10.17 10.22 10.21 10.18
9.74 9.77 9.77 9.78 9.75 9.77 9.77 9.73 9.72 9.70 9.71 9.69 9.70 9.64 9.64 9.64 9.65 9.61 9.61 9.59 9.56 9.48 9.44 9.38 9.34 9.32 9.28 9.16 9.19 9.14 9.06 9.01 9.09 9.11 9.11 9.12 9.18 9.18 9.15 9.09 9.08 9.20 9.24 9.27 9.28 9.30 9.31 9.31 9.27 9.23 9.25 9.54 9.49 9.58 9.68 9.71 9.75 9.80 9.82 9.87 9.87 9.91 9.94 9.95 9.95 9.95 10.05 10.07 10.10 10.09 10.12 10.15 10.17 10.14 10.19 10.20 10.19 10.19 10.17
9.67 9.70 9.72 9.70 9.69 9.70 9.70 9.70 9.70 9.71 9.71 9.71 9.68 9.63 9.63 9.63 9.63 9.59 9.55 9.52 9.45 9.41 9.39 9.34 9.29 9.23 9.19 9.24 9.15 9.09 9.04 8.99 9.07 9.13 9.10 9.12 9.17 9.17 9.15 9.11 9.09 9.14 9.18 9.19 9.22 9.27 9.28 9.28 9.22 9.19 9.38 9.55 9.59 9.63 9.68 9.72 9.74 9.78 9.81 9.84 9.85 9.90 9.93 9.94 9.96 9.97 10.04 10.08 10.11 10.09 10.09 10.16 10.14 10.17 10.19 10.19 10.18 10.16 10.16
9.65 9.63 9.66 9.64 9.64 9.66 9.66 9.66 9.65 9.66 9.65 9.67 9.61 9.62 9.61 9.60 9.57 9.54 9.52 9.45 9.43 9.36 9.33 9.28 9.26 9.22 9.15 9.20 9.09 9.06 9.04 9.02 9.07 9.13 9.13 9.13 9.12 9.13 9.12 9.10 9.08 9.10 9.09 9.02 9.11 9.23 9.24 9.27 9.21 9.01 9.48 9.57 9.60 9.65 9.67 9.69 9.73 9.77 9.78 9.87 9.88 9.91 9.93 9.96 9.97 9.99 10.05 10.06 10.12 10.08 10.16 10.13 10.20 10.17 10.20 10.21 10.21 10.19 10.21
9.65 9.63 9.63 9.61 9.60 9.63 9.61 9.62 9.61 9.58 9.61 9.57 9.57 9.54 9.56 9.49 9.49 9.45 9.47 9.37 9.34 9.36 9.31 9.28 9.20 9.15 9.12 9.05 9.15 9.15 9.05 9.03 9.04 9.07 9.11 9.06 9.07 9.09 9.08 9.08 9.06 9.07 9.06 8.82 9.11 9.19 9.21 9.22 9.13 9.13 9.47 9.57 9.59 9.63 9.66 9.69 9.73 9.75 9.75 9.79 9.87 9.90 9.93 9.94 9.94 9.99 10.05 10.09 10.12 10.12 10.17 10.18 10.20 10.17 10.21 10.22 10.19 10.21 10.20
9.56 9.57 9.58 9.59 9.58 9.59 9.58 9.58 9.55 9.54 9.57 9.53 9.52 9.51 9.47 9.48 9.42 9.39 9.41 9.38 9.26 9.30 9.28 9.19 9.17 9.12 9.03 9.02 9.03 9.01 9.10 9.05 9.07 9.11 9.08 9.06 9.03 9.05 9.05 9.06 9.05 8.99 8.97 9.06 9.12 9.14 9.16 9.14 9.03 9.17 9.46 9.53 9.56 9.60 9.63 9.67 9.66 9.72 9.74 9.82 9.85 9.89 9.93 9.95 9.97 10.01 10.05 10.11 10.13 10.13 10.18 10.21 10.19 10.14 10.24 10.26 10.24 10.25 10.25
9.53 9.54 9.52 9.51 9.54 9.55 9.54 9.51 9.51 9.52 9.43 9.47 9.46 9.48 9.41 9.37 9.37 9.32 9.31 9.27 9.24 9.23 9.26 9.16 9.13 9.08 9.04 9.01 8.98 8.98 9.08 9.02 9.08 9.06 9.03 9.03 9.02 9.02 9.01 9.02 8.99 8.81 8.77 9.05 9.08 9.10 9.13 9.08 8.92 9.06 9.40 9.51 9.55 9.57 9.61 9.65 9.67 9.74 9.75 9.84 9.81 9.89 9.93 9.95 10.01 10.04 10.06 10.12 10.14 10.16 10.19 10.21 10.16 10.28 10.29 10.29 10.28 10.27 10.23
9.51 9.47 9.55 9.49 9.51 9.52 9.49 9.49 9.46 9.48 9.46 9.44 9.38 9.42 9.37 9.32 9.32 9.28 9.28 9.26 9.22 9.18 9.14 9.12 9.09 9.06 9.00 8.97 8.95 8.91 8.91 9.00 9.02 8.97 8.95 8.98 8.98 8.97 8.96 8.92 8.79 8.66 8.80 8.97 9.00 9.05 8.99 8.83 8.77 9.22 9.37 9.47 9.50 9.54 9.59 9.63 9.67 9.72 9.73 9.77 9.85 9.90 9.90 9.91 10.01 10.05 10.09 10.12 10.15 10.16 10.20 10.24 10.28 10.28 10.30 10.28 10.28 10.25 10.21
9.47 9.46 9.50 9.50 9.47 9.45 9.47 9.47 9.44 9.43 9.40 9.41 9.34 9.36 9.33 9.29 9.28 9.22 9.24 9.24 9.20 9.12 9.09 9.09 9.01 9.00 8.96 8.95 8.95 8.90 8.90 8.93 8.92 8.89 8.89 8.94 8.94 8.93 8.88 8.80 8.87 8.80 8.75 8.83 8.90 9.02 8.98 8.92 9.06 9.25 9.26 9.40 9.45 9.52 9.56 9.59 9.63 9.69 9.67 9.73 9.74 9.82 9.87 9.88 9.89 9.98 10.01 10.07 10.09 10.12 10.18 10.16 10.27 10.17 10.21 10.23 10.23 10.22 10.18
9.41 9.44 9.46 9.41 9.44 9.44 9.43 9.44 9.42 9.39 9.38 9.37 9.32 9.30 9.28 9.22 9.25 9.25 9.21 9.14 9.14 9.09 9.08 9.06 9.02 8.96 8.92 8.90 8.88 8.92 8.89 8.86 8.86 8.84 8.89 8.90 8.87 8.86 8.81 8.71 8.73 8.77 8.65 8.57 8.74 8.95 9.05 9.12 9.17 9.20 9.28 9.34 9.40 9.48 9.53 9.58 9.60 9.66 9.68 9.69 9.76 9.78 9.86 9.88 9.93 9.96 10.00 10.04 10.08 10.09 10.15 10.20 10.24 10.22 10.24 10.22 10.20 10.21 10.21
9.45 9.44 9.38 9.39 9.38 9.41 9.41 9.42 9.41 9.39 9.37 9.32 9.31 9.28 9.25 9.21 9.20 9.22 9.16 9.10 9.12 9.08 9.06 9.04 8.98 8.93 8.89 8.85 8.82 8.86 8.84 8.81 8.82 8.83 8.86 8.85 8.84 8.83 8.79 8.78 8.84 8.81 8.68 8.42 8.80 8.83 9.06 9.07 9.10 9.09 9.09 9.17 9.33 9.43 9.48 9.55 9.58 9.63 9.65 9.67 9.73 9.78 9.82 9.82 9.87 9.92 9.98 10.02 10.06 10.10 10.13 10.18 10.21 10.24 10.22 10.22 10.17 10.16 10.17
9.51 9.48 9.39 9.35 9.35 9.37 9.40 9.41 9.38 9.37 9.32 9.29 9.26 9.27 9.26 9.24 9.22 9.19 9.15 9.13 9.10 9.05 9.06 9.02 8.96 8.92 8.88 8.85 8.81 8.79 8.84 8.81 8.81 8.82 8.83 8.82 8.79 8.81 8.80 8.78 8.76 8.68 8.84 8.72 8.85 8.98 9.01 8.97 9.05 9.04 8.91 8.84 9.31 9.36 9.48 9.51 9.54 9.60 9.60 9.64 9.66 9.73 9.80 9.84 9.87 9.91 9.95 10.01 10.05 10.09 10.11 10.12 10.15 10.18 10.19 10.19 10.17 10.14 10.12
9.53 9.52 9.49 9.43 9.33 9.39 9.41 9.40 9.38 9.36 9.31 9.28 9.26 9.24 9.23 9.22 9.21 9.18 9.14 9.12 9.08 9.03 9.01 8.99 8.94 8.90 8.88 8.85 8.77 8.72 8.79 8.79 8.79 8.80 8.79 8.78 8.76 8.76 8.76 8.75 8.71 8.69 8.81 8.86 8.91 8.94 8.99 8.97 8.96 8.99 9.10 9.19 9.22 9.29 9.40 9.45 9.51 9.57 9.60 9.59 9.65 9.73 9.77 9.81 9.85 9.89 9.94 9.97 10.00 10.02 10.08 10.12 10.12 10.14 10.14 10.17 10.20 10.12 10.12
