main/data/pressure/20.07.2023.grid
ncols 886
nrows 691
xllcenter 112.0000
yllcenter -44.5000
cellsize 0.0500
nodata_value 99999.90
[rows 185 to 221 of 691, columns 332 to 414 of 886]
10.88 10.90 10.91 10.89 10.86 10.83 10.79 10.80 10.77 10.82 10.82 10.86 10.89 10.88 10.86 10.82 10.76 10.76 10.82 10.86 10.90 10.92 10.88 10.84 10.81 10.77 10.84 10.90 10.95 10.99 11.03 11.05 11.09 11.15 11.16 11.17 11.18 11.20 11.21 11.20 11.19 11.18 11.18 11.21 11.20 11.19 11.18 11.12 11.07 11.00 10.90 10.84 10.85 10.86 10.85 10.81 10.73 10.67 10.69 10.63 10.64 10.61 10.55 10.54 10.52 10.49 10.45 10.42 10.39 10.34 10.28 10.24 10.18 10.12 10.10 10.07 9.99 9.94 9.92 9.90 9.91 9.94 9.93
10.90 10.94 10.92 10.91 10.88 10.75 10.63 10.78 10.75 10.77 10.81 10.87 10.87 10.88 10.87 10.86 10.84 10.84 10.88 10.92 10.93 10.94 10.93 10.90 10.84 10.80 10.85 10.92 10.98 11.02 11.05 11.07 11.10 11.14 11.17 11.18 11.19 11.19 11.20 11.20 11.20 11.19 11.19 11.19 11.18 11.17 11.17 11.13 11.07 11.02 10.96 10.92 10.90 10.88 10.87 10.83 10.77 10.73 10.73 10.71 10.69 10.64 10.59 10.57 10.55 10.51 10.47 10.44 10.40 10.32 10.25 10.21 10.17 10.08 10.06 10.05 10.02 10.00 9.98 9.99 10.01 9.97 9.92
10.97 10.93 10.92 10.90 10.85 10.72 10.54 10.66 10.74 10.75 10.76 10.86 10.83 10.87 10.90 10.90 10.90 10.92 10.94 10.96 10.96 10.96 10.95 10.93 10.86 10.80 10.86 10.93 10.99 11.03 11.06 11.08 11.12 11.13 11.16 11.17 11.16 11.18 11.19 11.18 11.20 11.19 11.19 11.18 11.17 11.16 11.16 11.13 11.07 11.02 11.01 10.98 10.95 10.95 10.92 10.90 10.84 10.80 10.78 10.75 10.71 10.66 10.61 10.57 10.55 10.52 10.48 10.45 10.42 10.31 10.20 10.18 10.15 10.10 10.05 10.04 10.05 10.06 10.06 10.05 10.01 9.97 9.91
10.98 10.93 10.88 10.89 10.89 10.81 10.63 10.69 10.79 10.81 10.78 10.87 10.87 10.89 10.92 10.94 10.96 10.98 10.99 11.00 10.98 10.96 10.94 10.91 10.87 10.86 10.89 10.95 10.99 11.02 11.04 11.07 11.10 11.14 11.16 11.17 11.18 11.18 11.19 11.19 11.20 11.19 11.19 11.18 11.17 11.17 11.16 11.14 11.10 11.06 11.03 11.01 10.99 10.96 10.94 10.91 10.87 10.83 10.80 10.76 10.73 10.69 10.64 10.59 10.55 10.53 10.49 10.45 10.43 10.36 10.28 10.22 10.16 10.10 10.07 10.06 10.06 10.06 10.06 10.05 10.02 9.98 9.91
10.98 10.92 10.85 10.92 10.96 10.94 10.82 10.77 10.90 10.92 10.95 10.95 10.92 10.93 10.96 10.98 11.00 11.02 11.04 11.01 10.99 10.96 10.95 10.90 10.89 10.89 10.93 10.99 11.00 11.01 11.03 11.05 11.10 11.13 11.17 11.17 11.17 11.17 11.18 11.18 11.19 11.19 11.18 11.17 11.16 11.15 11.15 11.14 11.12 11.09 11.04 11.02 11.01 10.97 10.93 10.91 10.88 10.84 10.81 10.77 10.72 10.69 10.66 10.61 10.56 10.53 10.49 10.43 10.40 10.39 10.34 10.26 10.16 10.10 10.08 10.07 10.07 10.07 10.08 10.06 10.03 10.00 9.95
10.98 10.93 10.94 10.98 11.01 11.00 10.93 10.78 10.81 10.88 10.95 11.00 10.99 10.96 10.98 11.01 11.04 11.05 11.06 11.02 10.99 10.98 10.99 10.98 10.96 10.94 10.97 11.01 11.01 11.00 11.03 11.06 11.10 11.13 11.16 11.16 11.15 11.15 11.15 11.17 11.18 11.19 11.20 11.19 11.16 11.15 11.14 11.13 11.11 11.09 11.07 11.04 11.00 10.97 10.93 10.90 10.86 10.84 10.81 10.77 10.74 10.71 10.67 10.62 10.58 10.52 10.45 10.38 10.37 10.36 10.33 10.26 10.17 10.10 10.09 10.09 10.08 10.09 10.09 10.06 10.03 10.00 9.96
11.03 11.00 11.02 11.04 11.04 11.02 10.95 10.58 10.66 10.84 10.94 11.03 10.98 10.96 10.98 11.04 11.06 11.06 11.03 11.01 11.03 11.02 11.04 11.07 11.03 10.98 11.01 11.05 11.02 11.01 11.03 11.08 11.11 11.13 11.14 11.13 11.13 11.14 11.14 11.16 11.18 11.21 11.21 11.18 11.16 11.15 11.13 11.12 11.11 11.08 11.06 11.03 10.99 10.96 10.91 10.88 10.85 10.82 10.79 10.77 10.75 10.71 10.67 10.63 10.58 10.51 10.43 10.37 10.32 10.32 10.30 10.24 10.16 10.11 10.09 10.10 10.11 10.10 10.09 10.07 10.03 10.00 9.96
11.07 11.08 11.07 11.07 11.06 11.05 11.05 10.95 10.88 10.93 11.00 11.05 11.03 10.90 10.95 11.05 11.08 11.06 11.05 11.07 11.08 11.08 11.08 11.08 11.07 11.03 11.01 11.03 11.06 11.06 11.07 11.10 11.12 11.13 11.13 11.12 11.12 11.14 11.16 11.20 11.21 11.22 11.19 11.16 11.15 11.13 11.11 11.10 11.07 11.04 11.00 10.97 10.95 10.92 10.89 10.87 10.85 10.83 10.80 10.79 10.75 10.70 10.66 10.62 10.59 10.54 10.48 10.40 10.34 10.30 10.24 10.19 10.14 10.10 10.09 10.09 10.12 10.13 10.07 10.04 10.02 10.01 9.97
11.06 11.07 11.08 11.08 11.08 11.08 11.08 11.08 11.08 11.05 11.07 11.09 11.01 10.72 10.95 11.10 11.09 11.07 11.08 11.08 11.04 11.04 11.08 11.10 11.07 11.03 11.00 11.00 11.03 11.07 11.09 11.13 11.15 11.16 11.15 11.14 11.12 11.15 11.17 11.21 11.24 11.20 11.14 11.12 11.12 11.10 11.09 11.08 11.04 11.02 10.99 10.96 10.94 10.90 10.90 10.87 10.86 10.84 10.82 10.79 10.74 10.67 10.63 10.60 10.59 10.55 10.50 10.43 10.38 10.31 10.27 10.19 10.12 10.09 10.10 10.09 10.14 10.13 10.06 10.02 10.02 10.00 9.98
11.03 11.05 11.05 11.05 11.08 11.06 11.04 11.03 11.06 11.08 11.10 11.12 11.11 11.12 11.11 11.12 11.12 11.10 11.09 11.05 11.03 11.04 11.07 11.07 11.03 10.99 10.99 10.99 11.02 11.07 11.11 11.14 11.17 11.19 11.18 11.18 11.16 11.16 11.16 11.21 11.24 11.18 11.12 11.09 11.08 11.06 11.05 11.05 11.05 11.04 11.03 11.00 10.97 10.95 10.93 10.91 10.89 10.85 10.83 10.78 10.72 10.63 10.59 10.56 10.55 10.55 10.51 10.44 10.38 10.32 10.27 10.20 10.14 10.13 10.15 10.17 10.18 10.11 10.06 10.03 10.01 9.99 9.95
11.01 11.03 11.03 11.02 11.05 11.03 10.98 10.91 11.00 11.07 11.10 11.13 11.14 11.13 11.13 11.13 11.13 11.10 11.09 11.04 11.00 11.04 11.07 11.05 11.00 10.95 10.98 10.99 11.02 11.08 11.12 11.16 11.19 11.22 11.22 11.22 11.22 11.20 11.18 11.23 11.20 11.14 11.08 11.06 11.04 11.03 11.02 11.03 11.05 11.05 11.04 11.02 11.01 10.99 10.96 10.92 10.89 10.86 10.82 10.78 10.70 10.59 10.56 10.55 10.55 10.54 10.52 10.45 10.38 10.32 10.25 10.21 10.16 10.18 10.20 10.22 10.14 10.06 10.04 10.03 10.01 9.97 9.95
10.98 11.01 11.02 10.99 11.00 11.02 10.98 10.89 10.97 11.03 11.04 11.07 11.12 11.11 11.12 11.13 11.13 11.10 11.09 11.05 11.02 11.05 11.07 11.07 11.02 10.99 11.01 11.03 11.06 11.10 11.14 11.18 11.22 11.24 11.26 11.26 11.25 11.22 11.22 11.24 11.20 11.13 11.07 11.03 11.01 11.02 11.03 11.04 11.04 11.02 11.02 11.02 11.01 10.99 10.96 10.92 10.87 10.83 10.81 10.78 10.71 10.63 10.61 10.58 10.56 10.54 10.52 10.47 10.39 10.35 10.30 10.24 10.22 10.24 10.26 10.23 10.13 10.04 10.02 10.02 9.98 9.95 9.94
10.94 10.98 11.01 10.99 10.96 10.97 10.97 10.94 10.98 11.00 10.98 11.03 11.09 11.09 11.09 11.09 11.07 11.04 11.05 11.05 11.03 11.08 11.06 11.02 11.01 11.03 11.05 11.08 11.11 11.13 11.16 11.21 11.24 11.27 11.29 11.28 11.26 11.26 11.24 11.25 11.18 11.12 11.07 11.02 10.97 10.99 11.03 11.04 10.99 10.97 10.99 11.00 10.99 10.98 10.94 10.90 10.86 10.80 10.79 10.78 10.73 10.68 10.64 10.61 10.58 10.54 10.52 10.48 10.43 10.37 10.31 10.29 10.26 10.31 10.25 10.23 10.16 10.03 10.00 10.02 9.95 9.93 9.94
10.90 10.94 10.98 10.99 10.95 10.92 10.91 10.92 10.94 10.97 11.01 11.04 11.04 11.04 11.05 11.07 11.03 10.97 11.01 11.02 11.05 11.04 11.01 10.95 11.00 11.05 11.09 11.12 11.15 11.16 11.19 11.23 11.27 11.29 11.30 11.29 11.29 11.27 11.26 11.22 11.16 11.11 11.07 11.01 10.97 10.99 11.00 10.99 10.94 10.91 10.95 10.95 10.94 10.94 10.92 10.89 10.85 10.81 10.80 10.78 10.73 10.69 10.64 10.62 10.58 10.54 10.51 10.49 10.44 10.40 10.37 10.35 10.35 10.29 10.22 10.18 10.17 10.12 10.04 10.01 9.98 9.97 9.96
10.87 10.91 10.96 10.96 10.93 10.90 10.87 10.89 10.90 10.91 10.98 11.00 10.99 11.00 11.02 11.02 11.01 11.00 11.00 10.99 10.97 10.88 10.97 11.00 11.06 11.07 11.10 11.15 11.18 11.18 11.21 11.25 11.28 11.29 11.31 11.28 11.26 11.23 11.23 11.19 11.14 11.09 11.05 11.01 10.99 10.97 10.97 10.95 10.88 10.86 10.89 10.91 10.90 10.88 10.88 10.87 10.84 10.82 10.80 10.77 10.73 10.69 10.64 10.62 10.57 10.54 10.50 10.47 10.44 10.40 10.39 10.38 10.29 10.26 10.18 10.14 10.15 10.12 10.03 10.00 10.02 10.02 9.99
10.84 10.86 10.90 10.92 10.92 10.90 10.88 10.87 10.85 10.80 10.86 10.95 10.97 10.96 10.95 10.95 10.97 11.00 11.02 11.00 10.96 10.91 11.01 11.04 11.10 11.07 11.11 11.16 11.20 11.21 11.22 11.23 11.25 11.28 11.28 11.23 11.19 11.17 11.15 11.13 11.10 11.06 11.04 11.01 10.99 10.96 10.95 10.92 10.85 10.84 10.85 10.85 10.87 10.87 10.87 10.85 10.83 10.81 10.79 10.75 10.73 10.69 10.64 10.61 10.56 10.53 10.49 10.47 10.43 10.40 10.39 10.38 10.33 10.28 10.22 10.18 10.15 10.08 10.01 9.96 9.98 10.00 10.00
10.79 10.80 10.82 10.89 10.91 10.89 10.88 10.84 10.81 10.82 10.89 10.93 10.92 10.92 10.91 10.92 10.94 11.01 11.05 11.03 11.01 11.02 11.08 11.10 11.11 11.09 11.12 11.18 11.21 11.21 11.22 11.22 11.22 11.27 11.25 11.19 11.13 11.09 11.08 11.07 11.05 11.03 11.03 11.00 10.98 10.95 10.92 10.89 10.85 10.84 10.84 10.80 10.84 10.86 10.85 10.83 10.80 10.78 10.76 10.75 10.72 10.67 10.63 10.58 10.55 10.52 10.49 10.46 10.44 10.40 10.39 10.36 10.34 10.31 10.26 10.22 10.16 10.10 10.05 9.99 10.01 10.00 10.01
10.77 10.77 10.77 10.83 10.85 10.86 10.85 10.79 10.77 10.82 10.88 10.89 10.88 10.89 10.92 10.95 10.99 11.03 11.06 11.06 11.03 11.05 11.09 11.14 11.12 11.11 11.13 11.17 11.20 11.22 11.22 11.23 11.25 11.26 11.21 11.17 11.12 11.07 11.05 11.02 10.99 10.99 10.98 10.97 10.93 10.91 10.88 10.86 10.85 10.86 10.86 10.86 10.85 10.84 10.83 10.81 10.77 10.74 10.74 10.71 10.71 10.66 10.60 10.56 10.53 10.51 10.47 10.44 10.40 10.37 10.35 10.31 10.30 10.29 10.27 10.23 10.19 10.14 10.11 10.08 10.07 10.05 10.00
10.76 10.76 10.77 10.79 10.79 10.82 10.84 10.79 10.78 10.84 10.89 10.87 10.84 10.88 10.93 10.99 11.01 11.02 11.02 11.08 11.03 11.04 11.09 11.14 11.13 11.10 11.13 11.19 11.22 11.23 11.21 11.23 11.24 11.21 11.18 11.14 11.10 11.07 11.03 10.99 10.96 10.93 10.94 10.92 10.89 10.86 10.83 10.81 10.81 10.81 10.82 10.82 10.82 10.81 10.81 10.76 10.73 10.72 10.71 10.65 10.67 10.65 10.59 10.55 10.52 10.50 10.47 10.40 10.34 10.33 10.30 10.27 10.25 10.25 10.27 10.22 10.18 10.15 10.12 10.10 10.06 9.99 9.97
10.80 10.78 10.78 10.80 10.82 10.84 10.84 10.81 10.78 10.84 10.88 10.85 10.84 10.89 10.95 10.97 10.95 10.96 10.99 11.05 11.09 11.08 11.11 11.14 11.11 11.08 11.11 11.20 11.25 11.25 11.22 11.20 11.19 11.16 11.14 11.12 11.08 11.05 11.01 10.97 10.92 10.90 10.89 10.88 10.86 10.85 10.82 10.79 10.78 10.77 10.77 10.78 10.78 10.79 10.78 10.76 10.70 10.68 10.67 10.63 10.63 10.63 10.60 10.57 10.53 10.49 10.45 10.39 10.32 10.29 10.27 10.23 10.20 10.20 10.20 10.16 10.12 10.10 10.09 10.06 10.00 9.95 9.95
10.85 10.81 10.80 10.82 10.85 10.86 10.86 10.84 10.83 10.85 10.86 10.84 10.85 10.89 10.94 10.91 10.86 10.89 10.94 10.99 11.01 11.10 11.12 11.12 11.08 11.05 11.04 11.17 11.23 11.23 11.20 11.15 11.13 11.12 11.11 11.10 11.05 11.04 11.01 10.96 10.89 10.88 10.88 10.87 10.85 10.87 10.85 10.83 10.80 10.74 10.74 10.73 10.75 10.76 10.75 10.72 10.69 10.65 10.63 10.61 10.60 10.57 10.55 10.53 10.51 10.47 10.43 10.39 10.35 10.29 10.24 10.19 10.15 10.13 10.13 10.11 10.07 10.04 10.05 10.02 9.95 9.91 9.90
10.86 10.84 10.84 10.85 10.87 10.87 10.87 10.85 10.85 10.85 10.85 10.85 10.85 10.87 10.90 10.89 10.87 10.89 10.91 10.95 10.98 11.05 11.11 11.12 11.10 11.09 11.11 11.17 11.22 11.20 11.15 11.07 11.07 11.11 11.10 11.09 11.07 11.04 11.01 10.96 10.93 10.91 10.92 10.92 10.91 10.91 10.89 10.86 10.82 10.77 10.72 10.71 10.71 10.72 10.73 10.70 10.65 10.60 10.57 10.55 10.55 10.53 10.52 10.49 10.44 10.45 10.42 10.39 10.34 10.29 10.23 10.15 10.09 10.08 10.09 10.08 10.05 10.02 10.02 10.00 9.94 9.89 9.84
10.87 10.86 10.86 10.86 10.85 10.85 10.86 10.84 10.82 10.82 10.85 10.86 10.84 10.87 10.88 10.88 10.88 10.89 10.91 10.94 10.93 11.02 11.10 11.11 11.11 11.12 11.15 11.19 11.19 11.18 11.15 11.11 11.11 11.11 11.11 11.09 11.07 11.05 11.02 10.99 10.95 10.95 10.96 10.95 10.93 10.92 10.90 10.88 10.84 10.78 10.72 10.68 10.68 10.67 10.68 10.66 10.60 10.53 10.51 10.51 10.51 10.49 10.47 10.45 10.41 10.43 10.42 10.38 10.33 10.29 10.23 10.12 10.01 10.03 10.06 10.04 10.01 9.99 10.00 9.99 9.94 9.89 9.85
10.87 10.86 10.86 10.84 10.80 10.78 10.82 10.82 10.77 10.80 10.88 10.88 10.86 10.88 10.89 10.90 10.91 10.92 10.92 10.95 10.98 11.01 11.07 11.09 11.11 11.12 11.14 11.15 11.15 11.15 11.14 11.12 11.11 11.10 11.08 11.06 11.04 11.04 11.02 11.00 10.97 10.96 10.95 10.94 10.91 10.87 10.82 10.82 10.84 10.81 10.74 10.68 10.64 10.62 10.61 10.60 10.55 10.51 10.48 10.48 10.47 10.46 10.45 10.44 10.41 10.40 10.39 10.36 10.32 10.28 10.22 10.14 10.06 10.03 10.01 9.99 9.95 9.95 9.99 9.98 9.94 9.91 9.88
10.84 10.84 10.85 10.81 10.78 10.76 10.81 10.83 10.82 10.85 10.88 10.89 10.86 10.88 10.90 10.91 10.93 10.93 10.95 10.95 10.94 10.97 10.99 11.05 11.09 11.10 11.10 11.09 11.10 11.11 11.11 11.09 11.07 11.03 11.04 10.99 10.98 10.98 10.97 10.97 10.96 10.93 10.91 10.90 10.87 10.81 10.74 10.73 10.79 10.79 10.74 10.69 10.62 10.55 10.55 10.53 10.51 10.48 10.44 10.44 10.44 10.43 10.43 10.42 10.41 10.39 10.38 10.35 10.31 10.27 10.22 10.16 10.11 10.05 10.00 9.98 9.94 9.95 9.99 9.98 9.95 9.91 9.89
10.75 10.74 10.75 10.76 10.76 10.78 10.81 10.82 10.82 10.80 10.82 10.83 10.84 10.88 10.88 10.90 10.92 10.92 10.92 10.92 10.93 10.95 10.99 11.02 11.05 11.04 11.00 10.98 11.02 11.04 11.05 11.02 10.96 10.97 10.94 10.92 10.91 10.89 10.89 10.90 10.89 10.88 10.86 10.85 10.84 10.79 10.74 10.72 10.76 10.77 10.72 10.65 10.55 10.52 10.52 10.50 10.46 10.43 10.39 10.39 10.40 10.40 10.39 10.38 10.37 10.37 10.36 10.33 10.29 10.25 10.22 10.18 10.13 10.08 10.04 10.01 9.97 9.96 10.00 9.97 9.91 9.89 9.89
10.68 10.66 10.66 10.71 10.74 10.78 10.75 10.76 10.76 10.67 10.74 10.78 10.80 10.82 10.85 10.87 10.89 10.89 10.89 10.89 10.90 10.93 10.98 11.00 11.01 10.96 10.86 10.84 10.94 10.97 10.99 10.96 10.93 10.91 10.86 10.84 10.84 10.83 10.80 10.81 10.83 10.82 10.80 10.80 10.80 10.76 10.71 10.68 10.73 10.74 10.71 10.65 10.57 10.60 10.54 10.47 10.43 10.39 10.36 10.37 10.37 10.36 10.35 10.34 10.33 10.34 10.34 10.31 10.29 10.25 10.21 10.17 10.14 10.10 10.07 10.02 9.96 9.94 9.96 9.93 9.87 9.85 9.89
10.63 10.61 10.62 10.67 10.72 10.76 10.75 10.71 10.71 10.68 10.73 10.76 10.78 10.79 10.82 10.85 10.87 10.86 10.84 10.83 10.86 10.90 10.95 10.97 10.96 10.93 10.85 10.81 10.86 10.88 10.89 10.89 10.88 10.87 10.82 10.77 10.80 10.78 10.72 10.76 10.77 10.76 10.74 10.72 10.71 10.68 10.62 10.54 10.70 10.71 10.69 10.66 10.61 10.60 10.53 10.47 10.42 10.36 10.34 10.33 10.33 10.33 10.32 10.32 10.32 10.31 10.29 10.28 10.25 10.22 10.20 10.17 10.14 10.10 10.07 10.02 9.97 9.94 9.93 9.91 9.87 9.86 9.89
10.60 10.57 10.58 10.63 10.68 10.74 10.72 10.70 10.73 10.72 10.74 10.75 10.77 10.78 10.79 10.82 10.84 10.82 10.77 10.73 10.82 10.86 10.91 10.92 10.92 10.88 10.84 10.79 10.79 10.79 10.79 10.81 10.82 10.80 10.78 10.78 10.82 10.80 10.77 10.74 10.73 10.71 10.69 10.67 10.64 10.63 10.61 10.60 10.64 10.62 10.65 10.65 10.61 10.57 10.53 10.47 10.41 10.34 10.31 10.29 10.29 10.29 10.30 10.32 10.30 10.28 10.25 10.23 10.20 10.18 10.17 10.15 10.12 10.09 10.06 10.01 9.97 9.94 9.92 9.90 9.88 9.87 9.89
10.56 10.56 10.59 10.63 10.68 10.71 10.71 10.67 10.69 10.70 10.72 10.73 10.75 10.77 10.78 10.79 10.81 10.78 10.72 10.66 10.75 10.81 10.84 10.88 10.88 10.84 10.80 10.76 10.75 10.73 10.74 10.72 10.69 10.71 10.78 10.82 10.84 10.79 10.77 10.74 10.71 10.69 10.67 10.65 10.64 10.63 10.62 10.60 10.58 10.58 10.59 10.59 10.59 10.56 10.52 10.47 10.41 10.36 10.31 10.27 10.26 10.27 10.29 10.29 10.28 10.24 10.21 10.18 10.16 10.15 10.13 10.12 10.11 10.08 10.05 10.02 9.98 9.95 9.92 9.88 9.80 9.79 9.86
10.51 10.58 10.62 10.64 10.67 10.70 10.70 10.66 10.67 10.69 10.68 10.70 10.72 10.74 10.76 10.78 10.78 10.75 10.71 10.70 10.72 10.76 10.79 10.83 10.84 10.81 10.76 10.74 10.73 10.72 10.73 10.69 10.68 10.71 10.80 10.81 10.80 10.78 10.75 10.72 10.70 10.68 10.66 10.65 10.65 10.64 10.62 10.60 10.57 10.56 10.55 10.53 10.55 10.53 10.49 10.45 10.41 10.37 10.31 10.25 10.23 10.25 10.27 10.27 10.24 10.20 10.17 10.13 10.11 10.11 10.10 10.09 10.08 10.06 10.04 10.01 9.98 9.95 9.92 9.88 9.81 9.79 9.82
10.50 10.55 10.58 10.62 10.65 10.66 10.67 10.67 10.67 10.64 10.62 10.62 10.63 10.68 10.71 10.74 10.75 10.74 10.73 10.71 10.72 10.75 10.77 10.79 10.80 10.79 10.76 10.73 10.74 10.72 10.71 10.67 10.64 10.69 10.75 10.78 10.77 10.74 10.72 10.72 10.70 10.68 10.66 10.65 10.64 10.64 10.61 10.59 10.56 10.55 10.54 10.53 10.52 10.49 10.46 10.42 10.39 10.34 10.29 10.24 10.22 10.21 10.23 10.23 10.21 10.16 10.12 10.09 10.06 10.06 10.07 10.07 10.06 10.05 10.03 10.00 9.97 9.96 9.93 9.89 9.84 9.82 9.83
10.48 10.50 10.53 10.57 10.61 10.63 10.64 10.63 10.61 10.58 10.54 10.53 10.53 10.59 10.65 10.68 10.70 10.71 10.72 10.71 10.70 10.72 10.74 10.74 10.74 10.76 10.76 10.72 10.69 10.70 10.69 10.67 10.65 10.66 10.71 10.73 10.73 10.71 10.70 10.71 10.68 10.67 10.66 10.64 10.62 10.61 10.59 10.56 10.55 10.52 10.52 10.49 10.45 10.44 10.43 10.39 10.32 10.30 10.26 10.21 10.18 10.17 10.18 10.19 10.17 10.12 10.08 10.05 10.03 10.03 10.03 10.04 10.04 10.02 10.01 9.99 9.96 9.95 9.93 9.89 9.86 9.84 9.82
10.44 10.48 10.51 10.54 10.57 10.59 10.59 10.58 10.56 10.54 10.53 10.51 10.50 10.56 10.61 10.65 10.66 10.67 10.67 10.66 10.66 10.67 10.68 10.69 10.70 10.71 10.71 10.71 10.70 10.69 10.68 10.67 10.65 10.65 10.68 10.69 10.68 10.68 10.68 10.66 10.65 10.64 10.62 10.61 10.60 10.57 10.55 10.53 10.50 10.49 10.46 10.43 10.39 10.36 10.38 10.37 10.28 10.29 10.24 10.18 10.13 10.11 10.12 10.13 10.11 10.07 10.04 10.02 10.01 10.00 10.01 10.01 10.01 10.01 9.98 9.97 9.95 9.94 9.93 9.90 9.87 9.81 9.80
10.40 10.45 10.48 10.50 10.52 10.53 10.53 10.54 10.53 10.51 10.53 10.50 10.46 10.54 10.60 10.61 10.61 10.60 10.60 10.60 10.61 10.61 10.60 10.62 10.64 10.64 10.66 10.66 10.66 10.67 10.67 10.65 10.65 10.64 10.65 10.64 10.62 10.60 10.59 10.59 10.59 10.58 10.57 10.56 10.55 10.52 10.49 10.47 10.45 10.43 10.40 10.39 10.34 10.29 10.30 10.31 10.29 10.27 10.23 10.18 10.14 10.08 10.06 10.05 10.04 10.01 9.98 9.97 9.98 9.97 9.97 9.98 9.99 9.97 9.95 9.93 9.93 9.92 9.90 9.90 9.88 9.82 9.78
10.35 10.41 10.44 10.45 10.46 10.46 10.48 10.49 10.48 10.48 10.49 10.50 10.50 10.54 10.55 10.53 10.51 10.51 10.53 10.53 10.53 10.51 10.51 10.53 10.54 10.56 10.57 10.57 10.58 10.60 10.61 10.61 10.60 10.61 10.60 10.57 10.55 10.51 10.50 10.50 10.51 10.51 10.50 10.49 10.47 10.44 10.43 10.42 10.40 10.38 10.36 10.33 10.31 10.28 10.25 10.23 10.25 10.25 10.21 10.18 10.16 10.10 10.05 10.01 10.00 9.98 9.93 9.92 9.94 9.94 9.93 9.93 9.93 9.92 9.92 9.91 9.91 9.89 9.87 9.88 9.88 9.85 9.81
10.32 10.36 10.39 10.40 10.39 10.41 10.43 10.44 10.44 10.45 10.46 10.47 10.48 10.48 10.44 10.43 10.41 10.42 10.42 10.45 10.43 10.42 10.40 10.43 10.44 10.46 10.47 10.49 10.51 10.52 10.55 10.54 10.54 10.54 10.53 10.51 10.46 10.43 10.42 10.43 10.43 10.44 10.44 10.44 10.41 10.38 10.35 10.35 10.34 10.33 10.30 10.28 10.27 10.24 10.21 10.18 10.21 10.20 10.19 10.16 10.14 10.09 10.05 10.02 10.01 9.97 9.91 9.87 9.91 9.90 9.89 9.86 9.85 9.86 9.88 9.89 9.88 9.88 9.86 9.86 9.88 9.87 9.85
