main/data/pressure/20.07.2023.grid
ncols 886
nrows 691
xllcenter 112.0000
yllcenter -44.5000
cellsize 0.0500
nodata_value 99999.90
[rows 296 to 332 of 691, columns 332 to 414 of 886]
9.75 9.67 9.66 9.67 9.73 9.69 9.61 9.17 8.72 9.24 9.09 8.95 8.81 8.70 8.55 8.42 8.36 8.30 8.22 8.17 8.11 8.07 8.01 7.93 7.88 7.83 7.81 7.80 7.77 7.74 7.69 7.66 7.61 7.57 7.53 7.50 7.51 7.53 7.55 7.56 7.59 7.62 7.65 7.69 7.72 7.75 7.78 7.81 7.83 7.84 7.86 7.88 7.90 7.92 7.90 7.83 7.96 7.97 7.98 8.00 8.00 7.97 8.01 8.01 8.01 8.02 8.06 8.07 8.10 8.11 8.12 8.16 8.17 8.18 8.24 8.22 8.26 8.33 8.37 8.29 8.33 8.42 8.50
9.69 9.58 9.60 9.60 9.67 9.67 9.49 8.96 8.36 9.20 9.10 8.94 8.82 8.67 8.51 8.34 8.30 8.27 8.20 8.16 8.09 8.03 7.97 7.91 7.85 7.80 7.78 7.75 7.72 7.68 7.65 7.61 7.56 7.51 7.47 7.46 7.48 7.49 7.52 7.53 7.57 7.59 7.62 7.65 7.68 7.72 7.75 7.77 7.80 7.82 7.84 7.86 7.88 7.89 7.91 7.91 7.93 7.96 7.97 7.99 7.99 7.98 7.98 7.95 7.97 8.01 8.04 8.05 8.09 8.10 8.11 8.13 8.15 8.16 8.16 8.14 8.15 8.24 8.30 8.32 8.35 8.43 8.50
9.73 9.65 9.62 9.62 9.64 9.64 9.42 9.07 8.90 9.16 9.07 8.94 8.80 8.65 8.54 8.40 8.29 8.22 8.17 8.12 8.06 7.99 7.92 7.86 7.80 7.75 7.74 7.71 7.68 7.64 7.59 7.55 7.49 7.45 7.41 7.42 7.44 7.46 7.48 7.50 7.53 7.55 7.58 7.62 7.64 7.67 7.71 7.74 7.76 7.79 7.82 7.84 7.85 7.87 7.90 7.91 7.93 7.94 7.95 7.96 7.96 7.96 7.95 7.93 7.98 7.99 7.95 7.92 8.00 8.02 8.01 8.04 8.09 8.07 8.07 8.04 8.02 8.18 8.24 8.30 8.35 8.44 8.50
9.77 9.74 9.65 9.63 9.63 9.63 9.38 9.07 8.91 9.16 9.01 8.88 8.69 8.50 8.44 8.38 8.27 8.16 8.12 8.09 8.02 7.95 7.88 7.83 7.76 7.69 7.69 7.67 7.63 7.59 7.55 7.49 7.44 7.39 7.37 7.39 7.40 7.41 7.43 7.39 7.44 7.50 7.55 7.57 7.61 7.63 7.68 7.71 7.74 7.76 7.78 7.82 7.82 7.84 7.87 7.89 7.90 7.90 7.92 7.91 7.90 7.93 7.93 7.94 7.93 7.92 7.85 7.72 7.76 7.92 8.00 8.03 8.07 8.10 8.07 8.06 8.08 8.15 8.22 8.28 8.33 8.42 8.50
9.75 9.71 9.64 9.60 9.61 9.59 9.32 8.91 9.06 9.08 8.91 8.75 8.58 8.41 8.39 8.34 8.27 8.15 8.06 8.01 7.97 7.89 7.84 7.78 7.73 7.68 7.66 7.63 7.59 7.54 7.49 7.44 7.39 7.35 7.33 7.35 7.36 7.37 7.33 7.16 7.30 7.44 7.51 7.54 7.56 7.61 7.66 7.67 7.70 7.72 7.75 7.76 7.78 7.80 7.81 7.83 7.84 7.87 7.89 7.84 7.77 7.86 7.90 7.88 7.86 7.82 7.84 7.86 7.88 7.93 7.97 7.99 8.07 8.08 8.10 8.12 8.16 8.19 8.23 8.28 8.28 8.40 8.49
9.70 9.69 9.64 9.56 9.58 9.53 9.39 9.19 9.14 9.02 8.84 8.65 8.56 8.47 8.40 8.32 8.22 8.12 8.01 7.95 7.91 7.85 7.78 7.73 7.70 7.67 7.63 7.59 7.55 7.50 7.44 7.39 7.33 7.31 7.30 7.31 7.33 7.34 7.33 7.18 7.29 7.46 7.47 7.49 7.52 7.59 7.64 7.66 7.68 7.69 7.72 7.73 7.74 7.75 7.77 7.79 7.80 7.83 7.84 7.84 7.75 7.85 7.86 7.84 7.83 7.86 7.89 7.93 7.96 7.93 7.83 7.72 8.01 8.11 8.13 8.14 8.17 8.20 8.24 8.29 8.35 8.42 8.48
9.69 9.66 9.64 9.61 9.58 9.51 9.42 9.32 9.20 9.04 8.87 8.70 8.57 8.47 8.35 8.28 8.17 8.06 7.96 7.89 7.86 7.80 7.74 7.69 7.65 7.62 7.58 7.54 7.50 7.45 7.39 7.35 7.30 7.27 7.26 7.27 7.30 7.31 7.32 7.30 7.36 7.43 7.44 7.45 7.49 7.55 7.59 7.61 7.64 7.66 7.68 7.70 7.71 7.72 7.73 7.75 7.76 7.76 7.78 7.82 7.78 7.80 7.80 7.80 7.82 7.87 7.91 7.96 7.99 7.97 7.86 7.75 8.00 8.12 8.14 8.16 8.17 8.19 8.22 8.27 8.35 8.42 8.48
9.69 9.64 9.59 9.56 9.55 9.50 9.45 9.38 9.23 9.03 8.84 8.65 8.52 8.36 8.30 8.24 8.12 8.00 7.90 7.81 7.78 7.75 7.68 7.62 7.57 7.54 7.48 7.46 7.45 7.41 7.36 7.32 7.28 7.23 7.23 7.24 7.27 7.29 7.31 7.31 7.31 7.37 7.40 7.43 7.49 7.54 7.56 7.61 7.62 7.64 7.65 7.66 7.67 7.69 7.70 7.72 7.73 7.74 7.75 7.79 7.76 7.80 7.79 7.74 7.80 7.84 7.87 7.88 7.97 8.01 8.01 8.06 8.09 8.13 8.15 8.17 8.18 8.19 8.23 8.27 8.35 8.43 8.50
9.70 9.64 9.58 9.54 9.51 9.46 9.41 9.32 9.15 8.97 8.78 8.61 8.48 8.36 8.27 8.18 8.08 7.97 7.87 7.78 7.70 7.64 7.58 7.52 7.48 7.42 7.38 7.41 7.43 7.39 7.33 7.29 7.25 7.20 7.20 7.21 7.24 7.26 7.28 7.28 7.29 7.34 7.38 7.33 7.37 7.45 7.47 7.55 7.59 7.61 7.63 7.64 7.64 7.66 7.67 7.69 7.69 7.71 7.73 7.74 7.74 7.78 7.79 7.78 7.83 7.86 7.88 7.90 7.95 8.01 8.04 8.08 8.10 8.13 8.15 8.19 8.22 8.23 8.26 8.31 8.37 8.44 8.51
9.70 9.65 9.59 9.52 9.49 9.43 9.37 9.25 9.07 8.90 8.73 8.57 8.45 8.37 8.26 8.13 8.05 7.96 7.85 7.75 7.65 7.55 7.48 7.44 7.39 7.33 7.26 7.42 7.40 7.36 7.31 7.26 7.22 7.18 7.17 7.18 7.21 7.22 7.24 7.25 7.23 7.30 7.17 6.80 7.10 7.43 7.45 7.53 7.57 7.58 7.60 7.60 7.61 7.61 7.63 7.64 7.66 7.68 7.69 7.71 7.72 7.74 7.77 7.80 7.82 7.86 7.89 7.91 7.95 7.99 8.03 8.06 8.11 8.13 8.16 8.19 8.23 8.27 8.29 8.34 8.40 8.46 8.53
9.71 9.66 9.61 9.54 9.48 9.44 9.35 9.19 9.03 8.86 8.69 8.55 8.43 8.33 8.24 8.15 8.05 7.95 7.84 7.75 7.64 7.55 7.48 7.41 7.38 7.33 7.31 7.36 7.36 7.31 7.27 7.24 7.20 7.15 7.14 7.16 7.18 7.19 7.21 7.23 7.23 7.24 7.20 6.04 7.04 7.40 7.48 7.52 7.55 7.57 7.57 7.57 7.58 7.58 7.59 7.61 7.63 7.64 7.66 7.67 7.70 7.71 7.73 7.75 7.80 7.83 7.86 7.90 7.93 7.96 7.99 8.04 8.08 8.13 8.16 8.20 8.23 8.27 8.31 8.36 8.41 8.47 8.52
9.72 9.68 9.64 9.53 9.49 9.45 9.31 9.13 8.98 8.84 8.67 8.52 8.40 8.28 8.22 8.14 8.05 7.95 7.85 7.74 7.65 7.56 7.49 7.42 7.40 7.37 7.37 7.38 7.31 7.25 7.26 7.23 7.19 7.14 7.11 7.13 7.15 7.16 7.17 7.20 7.20 7.21 7.24 7.27 7.37 7.37 7.45 7.38 7.01 7.16 7.57 7.54 7.54 7.55 7.57 7.59 7.60 7.61 7.62 7.64 7.66 7.69 7.70 7.73 7.77 7.80 7.83 7.88 7.91 7.93 7.96 8.00 8.06 8.10 8.14 8.17 8.22 8.25 8.30 8.36 8.41 8.47 8.52
9.72 9.67 9.62 9.55 9.47 9.38 9.24 9.10 8.95 8.80 8.65 8.52 8.38 8.27 8.21 8.14 8.03 7.92 7.83 7.74 7.67 7.59 7.52 7.46 7.42 7.40 7.38 7.32 7.26 7.25 7.25 7.22 7.13 7.14 7.11 7.09 7.12 7.12 7.08 7.12 7.16 7.19 7.24 7.28 7.32 7.33 7.41 7.34 7.10 7.22 7.50 7.53 7.51 7.52 7.54 7.55 7.57 7.58 7.59 7.62 7.65 7.68 7.70 7.72 7.72 7.76 7.76 7.86 7.89 7.92 7.94 7.95 8.02 8.08 8.11 8.15 8.17 8.23 8.29 8.32 8.37 8.43 8.51
9.74 9.67 9.62 9.54 9.43 9.29 9.17 9.05 8.92 8.78 8.64 8.52 8.39 8.27 8.20 8.13 8.01 7.88 7.81 7.73 7.68 7.62 7.55 7.48 7.43 7.39 7.33 7.24 7.24 7.24 7.24 7.21 6.84 7.12 7.09 7.05 7.10 7.11 6.91 7.04 7.12 7.14 7.16 7.15 7.22 7.22 7.31 7.34 7.32 7.46 7.48 7.47 7.47 7.48 7.51 7.52 7.54 7.55 7.57 7.59 7.64 7.65 7.68 7.69 7.66 7.67 7.54 7.80 7.87 7.89 7.92 7.95 8.00 8.06 8.09 8.12 8.14 8.20 8.25 8.29 8.33 8.39 8.45
9.72 9.68 9.61 9.51 9.37 9.23 9.12 8.99 8.87 8.74 8.61 8.49 8.38 8.28 8.20 8.10 7.98 7.87 7.81 7.76 7.69 7.61 7.54 7.47 7.39 7.35 7.31 7.26 7.25 7.27 7.09 6.42 6.20 6.91 7.06 7.07 7.08 7.00 6.92 7.06 7.06 7.11 7.13 7.17 7.21 7.23 7.27 7.29 7.32 7.40 7.43 7.45 7.45 7.46 7.48 7.50 7.51 7.53 7.55 7.58 7.61 7.63 7.66 7.68 7.61 7.58 6.91 7.81 7.84 7.82 7.87 7.92 7.97 8.03 8.07 8.11 8.13 8.16 8.21 8.25 8.28 8.33 8.39
9.71 9.65 9.54 9.41 9.29 9.18 9.06 8.94 8.82 8.70 8.57 8.44 8.35 8.27 8.18 8.07 7.96 7.85 7.79 7.77 7.69 7.60 7.53 7.46 7.40 7.36 7.33 7.29 7.29 7.27 7.22 7.14 6.70 7.07 6.99 7.03 7.07 6.97 6.96 7.01 6.96 7.07 7.08 7.15 7.18 7.20 7.24 7.27 7.29 7.33 7.39 7.41 7.43 7.42 7.45 7.47 7.49 7.51 7.53 7.55 7.58 7.60 7.63 7.66 7.66 7.61 7.48 7.74 7.82 7.82 7.85 7.89 7.94 8.00 8.03 8.08 8.10 8.11 8.17 8.21 8.24 8.30 8.35
9.65 9.55 9.42 9.31 9.18 9.09 8.98 8.87 8.76 8.64 8.53 8.42 8.34 8.25 8.15 8.05 7.95 7.88 7.81 7.77 7.70 7.62 7.56 7.49 7.44 7.39 7.36 7.33 7.30 7.27 7.28 7.11 6.65 6.35 6.65 6.95 7.05 6.95 6.88 6.83 6.82 6.87 6.96 7.10 7.13 7.18 7.22 7.23 7.27 7.31 7.34 7.39 7.41 7.41 7.42 7.44 7.47 7.49 7.51 7.52 7.54 7.56 7.60 7.63 7.65 7.65 7.65 7.74 7.78 7.80 7.83 7.87 7.92 7.96 8.00 8.04 8.07 8.09 8.14 8.17 8.22 8.27 8.31
9.53 9.42 9.30 9.17 9.05 8.98 8.90 8.81 8.71 8.61 8.50 8.40 8.31 8.21 8.13 8.05 7.97 7.90 7.84 7.78 7.71 7.65 7.60 7.55 7.49 7.43 7.41 7.37 7.29 7.22 7.31 7.13 6.69 5.98 6.65 7.01 7.05 6.89 6.80 6.91 6.90 6.92 7.02 7.03 7.02 7.11 7.14 7.20 7.24 7.27 7.23 7.33 7.38 7.38 7.38 7.39 7.44 7.47 7.48 7.50 7.52 7.52 7.56 7.59 7.63 7.66 7.70 7.74 7.70 7.74 7.81 7.86 7.89 7.93 7.97 8.01 8.04 8.08 8.11 8.15 8.19 8.25 8.29
9.44 9.32 9.20 9.05 8.84 8.86 8.86 8.77 8.67 8.57 8.47 8.38 8.28 8.18 8.10 8.04 8.00 7.94 7.86 7.78 7.72 7.68 7.63 7.59 7.54 7.49 7.45 7.40 7.33 7.27 7.31 7.27 7.17 7.14 7.12 7.14 7.02 6.88 6.84 6.89 6.91 6.96 6.83 6.85 6.80 6.59 6.99 7.18 7.20 7.15 7.02 7.13 7.32 7.36 7.36 7.35 7.38 7.43 7.44 7.47 7.49 7.51 7.54 7.56 7.59 7.63 7.66 7.68 7.59 7.70 7.79 7.83 7.86 7.90 7.94 7.98 8.00 8.05 8.09 8.13 8.17 8.22 8.27
9.32 9.22 9.11 9.00 8.58 8.83 8.75 8.66 8.58 8.52 8.44 8.34 8.25 8.16 8.09 8.01 7.98 7.87 7.85 7.80 7.74 7.70 7.64 7.60 7.56 7.52 7.45 7.40 7.36 7.31 7.27 7.23 7.28 7.12 7.14 7.00 6.94 6.84 6.83 6.77 6.58 6.84 6.82 6.97 6.94 6.95 7.05 7.10 7.16 7.17 7.02 7.23 7.32 7.31 7.33 7.35 7.28 7.36 7.37 7.41 7.46 7.49 7.51 7.53 7.55 7.58 7.60 7.53 7.52 7.67 7.77 7.81 7.83 7.86 7.89 7.93 7.98 8.01 8.05 8.10 8.14 8.19 8.23
8.97 9.11 9.03 8.89 8.68 8.64 8.41 8.18 8.39 8.42 8.36 8.30 8.23 8.16 8.09 8.03 7.95 7.85 7.77 7.75 7.73 7.67 7.60 7.55 7.52 7.47 7.42 7.38 7.34 7.31 7.26 7.20 7.20 7.13 7.10 7.03 6.98 6.92 6.82 6.59 6.49 6.68 6.56 6.71 6.97 7.03 7.00 7.06 7.04 7.08 7.08 7.25 7.28 7.29 7.22 7.16 7.03 7.07 7.29 7.40 7.42 7.44 7.47 7.50 7.53 7.56 7.60 7.58 7.59 7.67 7.74 7.78 7.80 7.80 7.86 7.90 7.94 7.98 8.03 8.07 8.10 8.14 8.17
9.09 9.01 8.93 8.83 8.73 8.67 8.23 7.86 8.36 8.35 8.29 8.22 8.16 8.08 8.02 7.92 7.83 7.67 7.58 7.67 7.71 7.62 7.54 7.49 7.49 7.42 7.38 7.34 7.31 7.30 7.25 7.22 7.18 7.14 7.13 7.10 7.07 7.04 6.95 6.88 6.84 6.85 6.59 6.68 6.94 6.95 6.73 7.02 6.99 7.03 7.21 7.14 7.18 7.27 7.15 7.21 7.17 7.27 7.32 7.35 7.37 7.42 7.43 7.47 7.50 7.53 7.58 7.60 7.62 7.67 7.72 7.75 7.77 7.78 7.82 7.87 7.91 7.97 8.00 8.03 8.08 8.11 8.13
8.93 8.84 8.79 8.74 8.67 8.56 8.32 8.20 8.31 8.28 8.21 8.14 8.08 8.02 7.93 7.73 7.26 6.93 7.25 7.59 7.68 7.62 7.48 7.48 7.47 7.42 7.35 7.31 7.26 7.23 7.22 7.24 7.21 7.20 7.18 7.16 7.13 7.11 7.06 7.00 6.97 6.82 6.64 6.88 6.81 6.63 6.65 6.83 6.90 6.73 6.96 7.09 7.08 7.26 7.25 7.26 7.24 6.92 7.28 7.31 7.30 7.29 7.41 7.44 7.45 7.51 7.56 7.59 7.61 7.65 7.68 7.71 7.73 7.76 7.80 7.84 7.88 7.93 7.97 8.02 8.05 8.08 8.10
8.77 8.67 8.69 8.63 8.56 8.49 8.40 8.34 8.27 8.22 8.15 8.07 8.02 7.95 7.90 7.80 7.28 6.62 7.25 7.61 7.58 7.27 7.14 7.47 7.45 7.39 7.29 7.24 7.19 7.12 7.10 7.20 7.10 7.21 7.21 7.19 7.18 7.17 7.12 7.09 7.05 6.95 6.68 6.88 6.80 6.75 6.75 6.89 6.83 6.31 6.70 7.07 7.10 7.20 7.23 7.26 7.22 7.24 7.30 7.22 7.15 6.97 7.30 7.32 7.41 7.45 7.51 7.56 7.59 7.61 7.64 7.66 7.66 7.71 7.77 7.78 7.81 7.89 7.94 7.99 8.01 8.06 8.05
7.77 8.42 8.65 8.58 8.43 8.40 8.36 8.28 8.22 8.17 8.11 8.07 8.03 7.85 7.81 7.77 7.73 7.63 7.67 7.67 7.44 6.80 6.70 7.27 7.37 7.33 7.13 7.06 7.12 7.00 6.80 6.73 6.66 7.07 7.23 7.21 7.19 7.17 7.17 7.14 7.11 7.08 7.05 7.03 7.02 7.01 7.00 7.01 6.79 6.49 6.69 6.84 7.11 7.18 7.16 7.18 7.20 7.22 7.22 7.08 7.05 7.03 6.95 6.97 7.09 7.21 7.34 7.49 7.57 7.60 7.62 7.65 7.68 7.70 7.73 7.78 7.79 7.86 7.90 7.95 8.00 8.05 8.10
8.27 8.64 8.62 8.47 8.30 8.28 8.26 8.24 8.17 8.07 8.04 7.95 7.81 7.75 7.73 7.73 7.71 7.69 7.67 7.64 7.58 7.56 7.33 7.45 7.36 7.35 6.83 6.82 7.19 7.03 6.64 6.56 6.14 7.14 7.15 7.19 7.20 7.22 7.23 7.19 7.15 7.12 7.10 7.04 7.00 6.95 6.93 6.86 6.68 6.86 5.62 7.05 7.12 7.14 7.15 7.14 7.14 7.17 7.14 7.15 7.14 6.33 6.84 7.22 7.32 7.40 7.48 7.49 7.55 7.36 7.59 7.53 7.54 7.64 7.68 7.70 7.72 7.44 7.83 7.91 7.94 7.99 8.03
8.56 8.65 8.58 8.44 8.33 8.21 7.93 8.14 8.12 8.09 8.04 7.96 7.86 7.56 7.64 7.63 7.58 7.61 7.61 7.61 7.61 7.58 7.51 7.49 7.44 7.38 6.95 7.31 7.32 7.26 7.11 7.08 6.70 6.47 6.98 7.11 7.22 7.24 7.25 7.24 7.19 7.13 7.12 7.03 6.98 6.96 6.91 6.89 6.78 6.67 6.88 7.03 7.08 7.13 7.13 7.11 7.09 7.12 7.17 7.16 7.14 6.92 7.14 7.26 7.29 7.39 7.46 7.48 7.51 6.53 7.52 7.51 7.53 7.61 7.60 7.53 7.71 7.04 7.81 7.87 7.91 7.96 8.05
8.64 8.62 8.53 8.43 8.34 8.28 8.18 7.88 8.13 8.10 8.06 8.00 7.91 7.76 7.81 7.75 7.69 7.71 7.66 7.64 7.62 7.61 7.55 7.43 7.45 7.43 7.37 7.35 7.36 7.34 7.32 7.31 7.26 7.28 7.31 7.00 7.30 7.28 7.29 7.26 7.21 7.18 7.11 7.01 6.99 6.93 6.86 6.87 6.65 5.49 6.30 6.99 6.97 7.02 7.06 7.05 7.02 7.09 7.13 7.13 7.12 7.08 7.08 7.20 7.29 7.39 7.42 7.44 7.45 7.20 7.35 7.39 7.50 7.55 7.55 7.56 7.69 7.75 7.77 7.88 7.95 8.01 8.06
8.67 8.59 8.48 8.38 8.35 8.29 8.14 8.02 8.07 8.08 8.06 8.02 7.87 7.28 7.52 7.84 7.75 7.77 7.70 7.68 7.66 7.63 7.56 7.48 7.45 7.38 7.32 7.32 7.34 7.35 7.35 7.37 7.37 7.38 7.37 7.34 7.33 7.34 7.33 7.25 7.23 7.20 7.14 7.11 7.02 6.91 6.88 6.90 6.90 6.93 7.04 7.01 6.94 6.99 6.80 7.01 6.89 6.70 7.00 7.08 7.00 7.07 7.12 7.20 7.31 7.34 7.34 7.38 7.42 7.21 6.99 7.37 7.47 7.53 7.57 7.61 7.63 7.71 7.79 7.86 7.92 7.97 8.03
8.66 8.59 8.51 8.42 8.39 8.32 8.20 8.12 8.11 8.10 8.09 8.06 7.96 7.53 7.52 7.87 7.78 7.78 7.76 7.74 7.69 7.65 7.60 7.48 7.41 7.35 7.27 7.24 7.26 7.23 7.30 7.36 7.39 7.40 7.40 7.38 7.37 7.36 7.36 7.34 7.33 7.27 7.24 7.17 7.10 7.01 7.00 6.99 6.97 7.03 7.10 7.06 7.07 7.00 5.96 6.97 6.75 6.88 7.05 6.78 6.60 7.05 7.11 7.24 7.28 7.20 7.21 7.28 7.29 7.24 7.23 7.39 7.45 7.50 7.52 7.57 7.61 7.67 7.76 7.83 7.88 7.94 7.99
8.66 8.59 8.53 8.50 8.43 8.36 8.31 8.23 8.19 8.17 8.15 8.11 8.09 8.01 7.90 7.93 7.86 7.82 7.79 7.77 7.72 7.67 7.62 7.48 7.44 7.38 7.24 7.09 7.20 7.18 7.26 7.33 7.37 7.39 7.40 7.40 7.38 7.39 7.38 7.36 7.36 7.32 7.30 7.20 6.97 7.17 7.05 7.01 6.99 7.04 7.17 7.18 7.18 7.17 7.11 7.15 7.09 7.20 7.07 6.63 6.56 6.99 7.00 6.27 7.14 7.04 7.06 7.24 7.38 7.41 7.45 7.36 7.44 7.44 7.48 7.57 7.64 7.69 7.76 7.86 7.91 7.98 8.02
8.64 8.58 8.54 8.49 8.42 8.35 8.28 8.23 8.22 8.20 8.18 8.13 8.11 8.03 8.00 7.96 7.92 7.86 7.82 7.78 7.74 7.68 7.63 7.53 7.50 7.44 7.31 6.73 7.26 7.30 7.29 7.29 7.36 7.38 7.39 7.41 7.41 7.41 7.40 7.37 7.37 7.35 7.36 7.36 6.71 7.19 7.12 7.08 7.08 7.07 7.05 7.20 7.25 7.24 7.23 7.22 7.23 7.25 7.27 7.28 7.26 7.21 7.08 6.47 7.06 7.13 7.13 7.44 7.51 7.52 7.33 6.34 7.39 7.43 7.51 7.60 7.67 7.76 7.80 7.87 7.96 8.02 8.07
8.64 8.57 8.52 8.48 8.43 8.38 8.36 8.26 8.22 8.22 8.19 8.15 8.12 8.06 8.02 7.98 7.93 7.88 7.83 7.78 7.74 7.70 7.66 7.60 7.54 7.48 7.46 7.09 7.33 7.37 7.34 7.30 7.38 7.38 7.38 7.41 7.42 7.43 7.43 7.39 7.39 7.40 7.40 7.38 7.24 7.29 7.24 7.17 7.15 7.14 7.15 7.27 7.29 7.30 7.28 7.30 7.27 7.29 7.31 7.32 7.36 7.39 7.41 7.39 7.23 7.24 7.45 7.50 7.50 7.55 7.43 7.32 7.62 7.58 7.59 7.65 7.69 7.76 7.79 7.87 7.95 8.02 8.09
8.61 8.56 8.52 8.48 8.42 8.39 8.36 8.29 8.25 8.23 8.20 8.17 8.14 8.08 8.03 7.98 7.93 7.88 7.83 7.79 7.74 7.70 7.66 7.63 7.58 7.51 7.45 7.40 7.43 7.40 7.40 7.38 7.32 7.33 7.31 7.30 7.43 7.43 7.42 7.45 7.45 7.44 7.42 7.39 7.36 7.30 7.25 7.26 7.23 7.22 7.29 7.30 7.33 7.32 7.32 7.27 7.30 7.33 7.33 7.33 7.38 7.43 7.44 7.41 7.48 7.50 7.53 7.53 7.47 7.58 7.59 7.58 7.63 7.64 7.67 7.70 7.73 7.78 7.82 7.87 7.90 8.01 8.10
8.59 8.56 8.52 8.48 8.43 8.39 8.36 8.32 8.27 8.24 8.21 8.18 8.12 8.07 8.01 7.97 7.92 7.88 7.84 7.80 7.75 7.70 7.65 7.66 7.61 7.53 7.46 7.48 7.45 7.40 7.42 7.41 7.38 7.33 7.29 7.31 7.39 7.42 7.44 7.47 7.47 7.46 7.42 7.42 7.38 7.38 7.34 7.33 7.32 7.29 7.30 7.36 7.36 7.37 7.36 7.34 7.36 7.35 7.33 7.32 7.36 7.43 7.48 7.47 7.50 7.53 7.57 7.58 7.63 7.62 7.64 7.63 7.66 7.68 7.72 7.75 7.76 7.76 7.83 7.91 7.95 8.04 8.11
8.57 8.55 8.52 8.48 8.45 8.42 8.37 8.32 8.28 8.25 8.21 8.16 8.11 8.05 8.03 7.98 7.94 7.90 7.86 7.83 7.76 7.71 7.69 7.62 7.57 7.55 7.56 7.51 7.47 7.46 7.45 7.45 7.45 7.41 7.37 7.34 7.33 7.43 7.34 7.48 7.48 7.49 7.45 7.38 7.35 7.42 7.40 7.39 7.38 7.38 6.90 7.37 7.40 7.39 7.41 7.39 7.37 7.34 7.32 7.32 7.40 7.47 7.50 7.47 7.47 7.53 7.60 7.62 7.64 7.67 7.68 7.69 7.71 7.73 7.75 7.79 7.82 7.81 7.83 7.92 8.00 8.03 8.12
8.57 8.55 8.52 8.49 8.45 8.41 8.36 8.32 8.29 8.26 8.22 8.16 8.12 8.07 8.04 7.99 7.94 7.92 7.89 7.86 7.80 7.75 7.71 7.63 7.58 7.58 7.57 7.53 7.48 7.52 7.48 7.46 7.46 7.44 7.42 7.40 7.39 7.32 7.42 7.47 7.50 7.50 7.50 7.49 7.33 7.45 7.45 7.44 7.43 7.40 7.23 7.42 7.43 7.42 7.39 7.38 7.36 7.33 7.32 7.39 7.43 7.48 7.51 7.49 7.51 7.58 7.61 7.65 7.69 7.69 7.70 7.72 7.76 7.78 7.79 7.81 7.84 7.84 7.84 7.92 7.99 8.05 8.14
