main/data/pressure/20.04.2023.grid
ncols 886
nrows 691
xllcenter 112.0000
yllcenter -44.5000
cellsize 0.0500
nodata_value 99999.90
[rows 175 to 209 of 691, columns 316 to 394 of 886]
9.35 9.43 9.48 9.52 9.54 9.55 9.55 9.53 9.52 9.50 9.48 9.46 9.43 9.40 9.34 9.26 9.20 9.06 9.04 9.08 8.99 8.87 8.76 8.80 8.78 8.65 8.83 8.79 8.72 8.79 8.85 8.84 8.87 8.67 8.72 8.71 8.62 8.68 8.78 8.78 8.73 8.72 8.88 8.78 8.91 9.00 9.01 8.99 9.19 9.23 9.23 9.24 9.25 9.19 9.16 9.19 9.23 9.28 9.29 9.29 9.30 9.30 9.28 9.26 9.22 9.22 9.24 9.21 9.14 9.05 8.98 8.91 8.82 8.67 8.58 8.57 8.53 8.49 8.47
9.42 9.45 9.48 9.49 9.51 9.50 9.49 9.49 9.48 9.46 9.45 9.42 9.38 9.30 9.21 9.17 9.14 9.02 8.97 8.97 8.90 8.81 8.74 8.76 8.81 8.52 8.70 8.80 8.81 8.82 8.77 8.68 8.77 8.85 8.79 8.76 8.74 8.78 8.81 8.76 8.64 8.68 8.73 8.71 8.76 8.84 8.90 9.01 9.15 9.20 9.24 9.00 9.13 9.17 9.19 9.20 9.23 9.33 9.30 9.29 9.28 9.28 9.28 9.26 9.23 9.21 9.18 9.14 9.09 9.02 8.96 8.89 8.80 8.65 8.56 8.55 8.52 8.47 8.44
9.37 9.40 9.43 9.43 9.45 9.46 9.45 9.44 9.44 9.43 9.42 9.36 9.35 9.27 9.18 9.13 8.97 8.82 8.90 8.92 8.87 8.81 8.72 8.66 8.77 8.67 8.71 8.73 8.80 8.73 8.70 8.66 8.72 8.80 8.82 8.81 8.82 8.82 8.78 8.69 8.65 8.65 8.65 8.65 8.66 8.71 8.83 8.98 9.07 9.06 9.10 9.07 9.13 9.14 9.16 9.21 9.23 9.31 9.30 9.28 9.27 9.28 9.27 9.24 9.19 9.13 9.10 9.07 9.05 8.98 8.91 8.84 8.76 8.61 8.52 8.54 8.51 8.43 8.41
9.31 9.34 9.36 9.36 9.40 9.42 9.41 9.40 9.41 9.40 9.33 9.20 9.27 9.26 9.20 9.16 9.12 9.01 8.98 8.95 8.90 8.84 8.77 8.68 8.72 8.70 8.67 8.67 8.72 8.69 8.66 8.66 8.70 8.75 8.80 8.81 8.79 8.66 8.33 8.56 8.63 8.64 8.60 8.57 8.56 8.63 8.82 8.91 8.96 8.97 8.85 9.05 9.06 9.08 9.14 9.25 9.29 9.30 9.29 9.28 9.27 9.26 9.21 9.14 9.06 9.02 9.03 9.03 8.99 8.91 8.83 8.78 8.71 8.60 8.52 8.48 8.44 8.42 8.42
9.27 9.29 9.33 9.23 9.35 9.37 9.36 9.36 9.36 9.35 9.26 8.99 9.25 9.20 9.12 9.09 9.10 9.05 9.01 8.96 8.87 8.73 8.69 8.70 8.69 8.64 8.60 8.54 8.66 8.64 8.61 8.61 8.68 8.65 8.76 8.75 8.80 8.75 8.68 8.71 8.67 8.65 8.54 8.36 8.43 8.60 8.73 8.75 8.85 8.93 8.94 8.99 9.02 9.13 9.18 9.20 9.23 9.25 9.25 9.23 9.22 9.16 9.09 8.98 8.90 8.90 8.97 8.99 8.95 8.84 8.74 8.72 8.68 8.60 8.53 8.42 8.39 8.41 8.41
9.22 9.20 9.30 9.22 9.30 9.33 9.31 9.31 9.31 9.32 9.28 9.14 9.19 9.13 8.95 9.03 8.90 8.96 8.99 8.97 8.93 8.83 8.61 8.51 8.60 8.60 8.49 8.44 8.47 8.54 8.52 8.53 8.55 8.56 8.68 8.68 8.69 8.71 8.72 8.71 8.69 8.65 8.52 8.39 8.42 8.41 8.77 8.77 8.78 8.83 8.91 8.98 9.05 9.07 8.99 9.07 9.15 9.16 9.14 9.12 9.09 9.03 8.96 8.84 8.74 8.84 8.92 8.91 8.84 8.75 8.70 8.69 8.66 8.58 8.53 8.42 8.38 8.39 8.40
9.20 9.12 9.19 9.26 9.28 9.28 9.26 9.26 9.26 9.28 9.24 9.19 9.18 9.08 8.91 8.96 8.90 8.91 8.93 8.90 8.87 8.84 8.71 8.53 8.64 8.65 8.60 8.55 8.54 8.53 8.47 8.48 8.51 8.55 8.62 8.62 8.61 8.61 8.63 8.65 8.64 8.65 8.56 8.52 8.51 8.56 8.72 8.76 8.74 8.75 8.80 8.89 8.88 8.92 8.91 8.98 9.06 9.08 9.04 9.03 8.98 8.91 8.87 8.81 8.80 8.89 8.89 8.83 8.72 8.64 8.65 8.68 8.63 8.51 8.44 8.40 8.37 8.38 8.39
9.18 9.10 9.16 9.22 9.25 9.26 9.25 9.25 9.24 9.25 9.22 9.19 9.15 9.08 9.00 8.90 8.82 8.81 8.84 8.81 8.73 8.78 8.77 8.68 8.59 8.66 8.69 8.66 8.62 8.56 8.49 8.47 8.51 8.55 8.55 8.54 8.55 8.54 8.50 8.46 8.50 8.53 8.55 8.57 8.62 8.70 8.76 8.77 8.76 8.75 8.76 8.81 8.79 8.83 8.87 8.93 9.03 9.03 9.03 9.02 8.94 8.87 8.84 8.86 8.84 8.84 8.79 8.71 8.60 8.53 8.60 8.67 8.62 8.52 8.44 8.39 8.38 8.41 8.44
9.17 9.12 9.18 9.21 9.25 9.25 9.21 9.24 9.23 9.16 9.13 9.13 9.12 9.07 9.00 8.83 8.77 8.76 8.86 8.77 8.53 8.60 8.64 8.68 8.56 8.65 8.73 8.71 8.67 8.60 8.49 8.45 8.49 8.50 8.45 8.46 8.50 8.50 8.40 8.27 8.36 8.43 8.49 8.56 8.63 8.69 8.70 8.77 8.78 8.76 8.78 8.82 8.82 8.84 8.86 8.87 8.84 8.90 8.97 9.01 8.97 8.94 8.92 8.89 8.83 8.77 8.70 8.59 8.51 8.51 8.59 8.66 8.60 8.52 8.46 8.40 8.39 8.45 8.48
9.18 9.14 9.16 9.20 9.24 9.20 9.21 9.16 9.03 8.96 8.92 9.03 9.10 9.08 9.04 9.00 8.96 8.93 8.89 8.81 8.63 8.60 8.47 8.20 8.55 8.65 8.67 8.68 8.68 8.61 8.53 8.46 8.38 8.37 8.41 8.46 8.50 8.49 8.41 8.32 8.32 8.35 8.42 8.49 8.53 8.51 8.65 8.73 8.81 8.79 8.79 8.83 8.83 8.85 8.87 8.86 8.84 8.84 8.91 8.99 8.98 8.98 8.94 8.87 8.81 8.73 8.58 8.46 8.49 8.59 8.63 8.63 8.57 8.51 8.50 8.45 8.47 8.49 8.49
9.11 9.13 9.18 9.21 9.22 9.19 9.10 9.07 9.07 8.94 8.75 9.01 9.10 9.07 9.04 8.97 8.88 8.88 8.88 8.82 8.75 8.70 8.62 8.59 8.53 8.58 8.58 8.62 8.66 8.61 8.57 8.49 8.37 8.36 8.43 8.49 8.54 8.55 8.47 8.39 8.33 8.27 8.37 8.46 8.51 8.56 8.62 8.66 8.72 8.81 8.81 8.83 8.84 8.86 8.91 8.89 8.88 8.87 8.88 8.93 8.93 8.94 8.93 8.87 8.80 8.72 8.59 8.51 8.56 8.62 8.64 8.61 8.53 8.49 8.56 8.51 8.58 8.58 8.55
9.12 9.16 9.18 9.15 9.17 9.19 8.89 8.99 9.10 9.09 9.08 9.11 9.09 9.08 9.06 8.99 8.88 8.91 8.86 8.83 8.77 8.53 8.33 8.55 8.48 8.49 8.55 8.62 8.59 8.59 8.58 8.53 8.47 8.47 8.52 8.55 8.58 8.57 8.54 8.49 8.38 8.31 8.35 8.45 8.55 8.61 8.65 8.67 8.72 8.77 8.81 8.84 8.85 8.85 8.88 8.88 8.88 8.88 8.88 8.90 8.89 8.90 8.92 8.88 8.81 8.74 8.68 8.65 8.65 8.66 8.68 8.65 8.60 8.60 8.64 8.65 8.66 8.65 8.61
9.13 9.09 9.00 8.99 9.11 9.17 9.08 9.07 9.13 9.16 9.16 9.14 9.13 9.10 9.07 9.02 8.95 8.88 8.83 8.78 8.70 8.46 8.15 8.33 8.44 8.43 8.42 8.60 8.52 8.55 8.59 8.58 8.56 8.56 8.61 8.62 8.60 8.60 8.56 8.52 8.39 8.29 8.37 8.47 8.56 8.61 8.66 8.70 8.73 8.77 8.80 8.81 8.81 8.84 8.85 8.86 8.87 8.88 8.88 8.88 8.88 8.89 8.90 8.88 8.81 8.76 8.76 8.75 8.76 8.78 8.77 8.77 8.72 8.71 8.72 8.72 8.73 8.70 8.67
8.89 8.92 8.88 8.92 9.06 9.12 9.15 9.15 9.15 9.15 9.14 9.13 9.12 9.09 9.07 9.02 8.96 8.86 8.76 8.74 8.73 8.59 8.29 8.35 8.51 8.52 8.46 8.56 8.56 8.58 8.62 8.64 8.64 8.66 8.67 8.66 8.62 8.58 8.53 8.48 8.40 8.37 8.43 8.50 8.56 8.60 8.62 8.66 8.71 8.77 8.80 8.82 8.83 8.84 8.84 8.85 8.88 8.88 8.88 8.88 8.89 8.90 8.91 8.90 8.85 8.82 8.81 8.81 8.81 8.82 8.82 8.81 8.79 8.78 8.78 8.78 8.76 8.76 8.73
8.87 8.89 8.83 8.88 9.04 9.01 9.09 9.15 9.14 9.11 9.10 9.10 9.10 9.10 9.07 9.02 8.93 8.82 8.69 8.79 8.84 8.78 8.58 8.49 8.67 8.69 8.72 8.69 8.63 8.63 8.67 8.69 8.71 8.73 8.73 8.70 8.63 8.58 8.54 8.47 8.45 8.42 8.49 8.56 8.58 8.58 8.60 8.65 8.70 8.77 8.83 8.82 8.84 8.83 8.84 8.85 8.87 8.88 8.87 8.88 8.88 8.89 8.90 8.91 8.90 8.88 8.85 8.84 8.85 8.85 8.84 8.82 8.83 8.83 8.81 8.80 8.79 8.79 8.80
8.96 8.97 8.96 8.99 8.86 8.82 9.01 9.12 9.11 9.11 9.11 9.09 9.06 9.07 9.08 9.03 8.91 8.83 8.81 8.87 8.92 8.88 8.75 8.48 8.52 8.62 8.72 8.78 8.73 8.69 8.70 8.74 8.76 8.77 8.77 8.70 8.64 8.61 8.61 8.60 8.54 8.52 8.55 8.60 8.59 8.59 8.60 8.67 8.72 8.77 8.80 8.80 8.80 8.80 8.82 8.84 8.87 8.89 8.92 8.92 8.91 8.91 8.91 8.90 8.90 8.91 8.90 8.89 8.88 8.86 8.85 8.83 8.83 8.83 8.84 8.84 8.84 8.85 8.84
9.04 9.06 9.08 9.08 9.00 8.98 9.05 9.12 9.10 9.06 9.09 9.07 9.01 9.00 9.06 9.06 8.99 8.94 8.94 8.95 8.95 8.90 8.76 8.16 8.27 8.54 8.69 8.82 8.72 8.68 8.71 8.77 8.81 8.79 8.72 8.70 8.70 8.68 8.71 8.75 8.66 8.57 8.63 8.67 8.63 8.60 8.63 8.69 8.75 8.78 8.79 8.79 8.78 8.80 8.80 8.86 8.88 8.94 8.96 8.94 8.92 8.92 8.92 8.91 8.93 8.92 8.92 8.90 8.88 8.87 8.85 8.84 8.84 8.84 8.85 8.87 8.88 8.89 8.89
9.07 9.08 9.09 9.09 9.09 9.09 9.04 9.08 9.08 8.89 9.04 9.06 8.97 8.93 9.00 9.06 9.06 9.04 9.03 9.01 8.98 8.95 8.93 8.75 8.63 8.69 8.79 8.86 8.81 8.58 8.65 8.81 8.84 8.80 8.78 8.79 8.80 8.80 8.79 8.77 8.74 8.66 8.63 8.65 8.69 8.69 8.70 8.76 8.80 8.81 8.81 8.80 8.79 8.82 8.86 8.92 8.96 8.99 8.95 8.93 8.91 8.91 8.91 8.91 8.90 8.88 8.86 8.85 8.85 8.84 8.84 8.85 8.86 8.88 8.89 8.92 8.93 8.91 8.90
9.06 9.06 9.06 9.05 9.07 8.99 8.91 8.95 8.90 8.75 8.86 9.04 8.97 8.88 8.94 9.01 9.04 9.05 9.03 9.03 9.01 9.01 8.99 8.98 8.96 8.89 8.91 8.91 8.79 8.30 8.67 8.88 8.86 8.84 8.83 8.82 8.75 8.74 8.79 8.81 8.75 8.69 8.63 8.61 8.65 8.72 8.76 8.82 8.86 8.86 8.85 8.83 8.81 8.86 8.91 8.98 9.02 8.99 8.91 8.89 8.90 8.90 8.90 8.90 8.89 8.88 8.87 8.86 8.87 8.84 8.87 8.89 8.91 8.94 8.96 8.98 8.95 8.91 8.90
8.99 9.04 9.03 9.00 8.93 9.06 9.01 8.95 8.87 8.81 8.89 9.01 8.98 8.89 8.92 8.98 9.00 9.02 9.01 9.00 9.01 8.98 8.92 8.90 8.93 8.95 8.97 8.98 8.97 8.97 8.94 8.94 8.92 8.90 8.86 8.81 8.74 8.75 8.80 8.78 8.71 8.63 8.61 8.61 8.66 8.74 8.80 8.86 8.90 8.93 8.93 8.91 8.91 8.91 8.92 9.01 9.06 8.98 8.89 8.87 8.87 8.88 8.88 8.90 8.93 8.95 8.96 8.96 8.96 8.97 8.97 8.99 9.01 9.01 9.01 9.00 8.96 8.89 8.87
8.89 9.01 9.01 8.96 8.85 8.94 9.05 8.97 8.86 8.83 8.86 8.97 8.95 8.88 8.92 8.96 8.98 9.00 8.98 8.97 8.97 8.94 8.84 8.70 8.84 8.95 8.99 9.01 9.02 9.00 8.99 8.98 8.96 8.91 8.89 8.81 8.72 8.77 8.81 8.76 8.67 8.59 8.62 8.63 8.69 8.77 8.84 8.90 8.95 9.00 9.01 9.02 9.02 8.99 8.99 9.08 9.03 8.95 8.86 8.85 8.85 8.86 8.85 8.90 8.98 9.00 9.02 9.05 9.05 9.07 9.06 9.07 9.06 9.05 9.06 9.05 8.98 8.86 8.89
8.83 8.95 9.02 8.98 8.96 8.85 9.03 8.94 8.77 8.83 8.95 8.99 8.89 8.89 8.89 8.93 8.95 8.98 8.98 8.93 8.92 8.93 8.86 8.69 8.83 8.91 8.91 8.94 9.01 9.00 9.00 9.01 9.00 8.93 8.90 8.83 8.79 8.81 8.84 8.82 8.73 8.68 8.70 8.72 8.77 8.83 8.89 8.96 9.02 9.08 9.11 9.11 9.10 9.08 9.09 9.14 9.08 8.98 8.91 8.86 8.84 8.87 8.92 8.99 9.00 9.00 9.05 9.07 9.10 9.12 9.11 9.10 9.08 9.07 9.09 9.10 9.06 8.99 9.01
8.80 8.90 8.98 9.01 8.92 8.72 8.97 8.94 8.65 8.85 8.97 8.91 8.83 8.84 8.82 8.86 8.90 8.94 8.98 8.93 8.88 8.89 8.86 8.81 8.85 8.88 8.84 8.90 9.00 8.98 8.98 8.98 8.92 8.87 8.88 8.85 8.82 8.87 8.84 8.77 8.73 8.76 8.80 8.84 8.86 8.90 8.95 9.03 9.10 9.15 9.18 9.18 9.17 9.16 9.17 9.18 9.10 9.02 8.94 8.89 8.82 8.89 8.98 9.01 8.96 8.96 9.05 9.10 9.12 9.15 9.14 9.13 9.10 9.07 9.12 9.15 9.14 9.11 9.11
8.80 8.82 8.87 9.01 9.03 8.86 8.91 8.89 8.95 8.94 8.94 8.85 8.84 8.79 8.74 8.79 8.85 8.91 8.97 8.95 8.88 8.82 8.79 8.80 8.83 8.87 8.90 8.96 8.95 8.94 8.96 8.96 8.90 8.79 8.83 8.85 8.87 8.85 8.78 8.68 8.76 8.82 8.87 8.93 8.97 8.99 9.04 9.11 9.17 9.21 9.24 9.24 9.24 9.23 9.23 9.20 9.13 9.05 8.98 8.93 8.90 8.92 8.98 8.98 8.93 8.94 9.02 9.08 9.11 9.13 9.15 9.16 9.15 9.15 9.19 9.20 9.21 9.19 9.19
8.92 8.89 8.90 8.97 9.02 8.97 8.90 8.66 8.85 8.86 8.83 8.80 8.77 8.78 8.64 8.74 8.83 8.89 8.94 8.94 8.89 8.82 8.77 8.77 8.78 8.80 8.90 8.94 8.89 8.91 8.95 8.93 8.91 8.87 8.86 8.84 8.78 8.64 8.77 8.81 8.88 8.90 8.94 9.01 9.06 9.07 9.10 9.17 9.23 9.26 9.30 9.27 9.25 9.23 9.24 9.19 9.14 9.08 9.02 8.99 8.95 8.96 8.99 8.98 8.90 8.91 9.01 9.07 9.10 9.12 9.17 9.19 9.21 9.23 9.25 9.26 9.26 9.26 9.26
8.99 8.95 8.92 8.90 8.94 9.05 9.09 9.05 8.96 8.82 8.70 8.76 8.73 8.74 8.78 8.80 8.82 8.86 8.89 8.91 8.90 8.85 8.80 8.78 8.75 8.67 8.74 8.89 8.90 8.88 8.86 8.85 8.89 8.92 8.93 8.89 8.81 8.73 8.86 8.91 8.98 8.93 8.99 9.08 9.13 9.14 9.17 9.21 9.24 9.30 9.30 9.25 9.19 9.17 9.17 9.16 9.13 9.09 9.07 9.04 9.02 9.01 9.02 9.01 8.92 8.94 9.00 9.04 9.10 9.15 9.20 9.23 9.26 9.27 9.29 9.31 9.32 9.31 9.31
8.97 8.91 8.87 8.83 8.85 8.93 8.94 9.05 9.07 8.91 8.86 8.85 8.80 8.66 8.68 8.77 8.78 8.79 8.80 8.89 8.91 8.88 8.85 8.78 8.73 8.72 8.84 8.89 8.88 8.86 8.85 8.85 8.87 8.97 9.03 8.98 8.93 8.95 9.02 9.05 9.07 9.00 9.05 9.15 9.20 9.21 9.22 9.23 9.24 9.32 9.32 9.24 9.14 9.11 9.11 9.11 9.10 9.09 9.10 9.10 9.07 9.05 9.04 9.03 8.99 9.01 9.04 9.03 9.13 9.22 9.25 9.28 9.29 9.30 9.33 9.36 9.38 9.36 9.35
9.05 8.98 8.92 8.84 8.83 8.84 8.85 8.98 9.12 9.10 9.04 8.98 8.92 8.83 8.79 8.79 8.78 8.77 8.77 8.85 8.88 8.87 8.86 8.75 8.70 8.78 8.87 8.89 8.85 8.88 8.90 8.95 9.00 9.07 9.09 9.07 9.02 9.04 9.10 9.15 9.14 9.10 9.12 9.18 9.23 9.26 9.27 9.30 9.35 9.36 9.31 9.26 9.19 9.14 9.12 9.11 9.09 9.09 9.12 9.10 9.08 9.06 9.04 9.04 9.07 9.12 9.16 9.19 9.22 9.27 9.29 9.30 9.29 9.31 9.37 9.38 9.44 9.41 9.39
9.12 9.01 9.00 8.91 8.82 8.82 8.78 8.86 8.99 9.04 9.15 9.05 9.04 9.02 8.97 8.87 8.81 8.81 8.81 8.83 8.81 8.87 8.89 8.81 8.77 8.86 8.94 8.89 8.84 8.91 8.98 9.07 9.10 9.11 9.09 9.17 9.07 9.08 9.15 9.22 9.21 9.14 9.18 9.27 9.33 9.34 9.33 9.36 9.39 9.36 9.32 9.28 9.24 9.20 9.17 9.13 9.09 9.08 9.12 9.12 9.09 9.06 9.03 9.03 9.06 9.11 9.17 9.21 9.26 9.28 9.33 9.32 9.30 9.34 9.41 9.36 9.46 9.47 9.45
9.00 8.98 8.97 8.91 8.83 8.80 8.77 8.81 8.92 9.04 9.16 9.18 9.15 9.11 9.05 8.98 8.93 8.89 8.88 8.90 8.91 8.95 8.94 8.88 8.83 8.91 8.97 8.92 8.90 8.99 9.07 9.10 9.06 9.06 9.11 9.19 9.24 9.22 9.24 9.29 9.24 9.18 9.22 9.35 9.43 9.44 9.41 9.39 9.39 9.36 9.34 9.30 9.27 9.25 9.22 9.17 9.12 9.11 9.11 9.11 9.12 9.12 9.10 9.10 9.12 9.13 9.17 9.21 9.27 9.33 9.37 9.38 9.35 9.36 9.41 9.41 9.47 9.53 9.55
8.86 8.90 8.89 8.84 8.80 8.78 8.80 8.83 8.94 9.05 9.11 9.14 9.21 9.17 9.13 9.09 9.06 8.99 8.97 9.00 9.04 9.04 9.03 9.00 8.97 9.00 9.01 8.98 8.98 9.05 9.13 9.08 8.99 9.03 9.09 9.16 9.19 9.32 9.34 9.34 9.26 9.22 9.18 9.38 9.49 9.50 9.45 9.39 9.37 9.37 9.37 9.35 9.31 9.31 9.29 9.23 9.16 9.17 9.17 9.18 9.19 9.23 9.24 9.23 9.21 9.17 9.20 9.22 9.30 9.37 9.40 9.41 9.41 9.41 9.43 9.45 9.49 9.52 9.55
8.83 8.87 8.85 8.82 8.78 8.78 8.85 8.93 8.98 9.04 9.11 9.19 9.23 9.21 9.18 9.16 9.14 9.10 9.09 9.10 9.12 9.12 9.11 9.08 9.06 9.05 9.07 9.06 9.06 9.10 9.12 9.10 9.08 9.09 9.12 9.17 9.21 9.31 9.40 9.41 9.37 9.35 9.38 9.49 9.56 9.52 9.46 9.35 9.34 9.42 9.45 9.44 9.42 9.40 9.38 9.33 9.29 9.30 9.33 9.34 9.37 9.39 9.39 9.38 9.34 9.29 9.27 9.28 9.34 9.40 9.45 9.46 9.43 9.41 9.42 9.46 9.50 9.54 9.57
8.92 8.89 8.85 8.81 8.77 8.80 8.92 9.01 9.00 8.98 9.10 9.21 9.25 9.25 9.24 9.23 9.21 9.19 9.19 9.19 9.16 9.15 9.16 9.13 9.09 9.09 9.12 9.14 9.13 9.16 9.17 9.17 9.18 9.18 9.19 9.25 9.21 9.35 9.47 9.49 9.48 9.49 9.54 9.58 9.60 9.58 9.55 9.49 9.50 9.53 9.54 9.54 9.53 9.51 9.48 9.45 9.42 9.45 9.49 9.50 9.49 9.49 9.49 9.50 9.47 9.41 9.36 9.32 9.36 9.42 9.47 9.49 9.45 9.40 9.41 9.47 9.52 9.56 9.59
8.97 8.93 8.88 8.85 8.84 8.90 9.01 9.06 9.02 9.02 9.11 9.20 9.26 9.28 9.28 9.27 9.28 9.28 9.26 9.23 9.16 9.11 9.17 9.16 9.10 9.13 9.25 9.26 9.23 9.24 9.27 9.29 9.31 9.31 9.32 9.34 9.37 9.43 9.51 9.55 9.56 9.58 9.61 9.63 9.64 9.63 9.62 9.61 9.61 9.61 9.60 9.57 9.57 9.59 9.59 9.57 9.55 9.56 9.58 9.56 9.54 9.52 9.47 9.49 9.56 9.54 9.48 9.42 9.42 9.42 9.45 9.47 9.46 9.44 9.45 9.50 9.56 9.60 9.64
9.02 8.99 8.93 8.93 9.00 9.07 9.09 9.06 9.03 9.03 9.14 9.22 9.27 9.29 9.31 9.31 9.30 9.31 9.32 9.26 9.18 9.15 9.24 9.27 9.25 9.29 9.33 9.36 9.30 9.34 9.36 9.39 9.41 9.43 9.44 9.42 9.42 9.46 9.48 9.58 9.64 9.64 9.64 9.63 9.66 9.67 9.68 9.67 9.65 9.59 9.62 9.58 9.57 9.59 9.61 9.62 9.64 9.62 9.60 9.60 9.58 9.52 9.43 9.45 9.59 9.63 9.58 9.54 9.47 9.41 9.45 9.48 9.49 9.50 9.49 9.53 9.58 9.64 9.69
