main/data/pressure/20.07.2023.grid
ncols 886
nrows 691
xllcenter 112.0000
yllcenter -44.5000
cellsize 0.0500
nodata_value 99999.90
[rows 222 to 258 of 691, columns 166 to 248 of 886]
11.85 11.80 11.79 11.77 11.74 11.70 11.58 11.47 11.34 11.27 11.23 11.24 11.23 11.20 11.14 11.05 10.97 10.93 10.91 10.94 10.98 11.01 11.03 11.05 11.04 11.02 11.02 11.06 11.10 11.13 11.17 11.19 11.20 11.19 11.15 11.17 11.18 11.17 11.16 11.15 11.16 11.17 11.18 11.18 11.16 11.15 11.13 11.11 11.09 11.06 11.02 10.96 10.91 10.88 10.86 10.86 10.86 10.87 10.81 10.84 10.85 10.82 10.84 10.78 10.73 10.71 10.72 10.73 10.69 10.72 10.73 10.72 10.71 10.64 10.58 10.57 10.54 10.56 10.59 10.62 10.64 10.63 10.63
11.82 11.78 11.78 11.77 11.78 11.72 11.58 11.47 11.31 11.16 11.22 11.28 11.23 11.20 11.19 11.12 11.03 10.94 10.91 10.94 10.99 11.02 11.06 11.09 11.10 11.10 11.12 11.13 11.17 11.20 11.23 11.26 11.29 11.28 11.28 11.26 11.24 11.23 11.21 11.19 11.20 11.22 11.22 11.21 11.19 11.19 11.16 11.12 11.08 11.07 11.03 10.99 10.95 10.94 10.91 10.89 10.87 10.88 10.83 10.84 10.87 10.82 10.84 10.83 10.80 10.76 10.74 10.71 10.70 10.70 10.71 10.68 10.71 10.63 10.63 10.61 10.59 10.57 10.57 10.56 10.60 10.61 10.65
11.79 11.79 11.82 11.82 11.79 11.69 11.55 11.43 11.31 11.21 11.23 11.28 11.23 11.17 11.20 11.16 11.07 10.96 10.91 10.93 10.98 11.02 11.06 11.10 11.13 11.15 11.17 11.18 11.20 11.24 11.28 11.31 11.33 11.32 11.32 11.31 11.29 11.28 11.25 11.23 11.22 11.21 11.20 11.19 11.18 11.19 11.18 11.15 11.12 11.09 11.07 11.05 11.03 11.01 10.98 10.94 10.91 10.89 10.86 10.84 10.83 10.82 10.84 10.81 10.79 10.78 10.76 10.74 10.76 10.72 10.70 10.68 10.66 10.64 10.68 10.67 10.65 10.60 10.60 10.56 10.54 10.58 10.64
11.79 11.81 11.88 11.87 11.75 11.61 11.49 11.41 11.31 11.23 11.26 11.28 11.21 11.18 11.18 11.19 11.10 10.98 10.89 10.92 10.97 11.02 11.07 11.10 11.15 11.17 11.21 11.21 11.22 11.28 11.32 11.34 11.35 11.35 11.34 11.33 11.32 11.30 11.27 11.25 11.23 11.20 11.19 11.17 11.17 11.19 11.19 11.18 11.16 11.13 11.12 11.13 11.14 11.07 11.02 10.99 10.96 10.95 10.94 10.90 10.87 10.82 10.81 10.80 10.79 10.79 10.78 10.77 10.82 10.78 10.74 10.71 10.72 10.70 10.71 10.69 10.73 10.68 10.64 10.66 10.59 10.60 10.64
11.87 11.91 11.94 11.84 11.63 11.47 11.39 11.36 11.31 11.26 11.27 11.24 11.19 11.16 11.18 11.19 11.13 11.01 10.89 10.91 10.97 11.02 11.06 11.10 11.15 11.20 11.24 11.26 11.29 11.32 11.34 11.36 11.36 11.36 11.31 11.29 11.32 11.32 11.30 11.26 11.22 11.19 11.19 11.18 11.18 11.18 11.19 11.18 11.17 11.15 11.14 11.16 11.18 11.12 11.04 11.04 11.03 11.00 10.98 10.90 10.89 10.86 10.83 10.82 10.84 10.83 10.82 10.84 10.86 10.78 10.76 10.75 10.75 10.71 10.71 10.70 10.76 10.76 10.70 10.71 10.64 10.70 10.69
11.96 11.97 11.90 11.72 11.49 11.28 11.27 11.31 11.29 11.27 11.25 11.18 11.15 11.14 11.16 11.19 11.18 11.04 10.85 10.88 10.94 11.00 11.07 11.09 11.16 11.22 11.27 11.31 11.34 11.35 11.36 11.36 11.36 11.36 11.36 11.34 11.35 11.34 11.30 11.26 11.22 11.19 11.20 11.20 11.21 11.20 11.19 11.18 11.18 11.17 11.15 11.17 11.19 11.18 11.11 11.11 11.11 11.07 11.04 10.98 10.91 10.94 10.87 10.83 10.86 10.89 10.84 10.81 10.84 10.80 10.79 10.79 10.81 10.75 10.74 10.74 10.78 10.80 10.80 10.78 10.69 10.75 10.70
11.93 11.93 11.85 11.67 11.43 11.08 11.16 11.25 11.26 11.25 11.22 11.15 11.14 11.15 11.17 11.18 11.16 11.07 10.86 10.75 10.82 10.96 11.04 11.09 11.18 11.23 11.28 11.32 11.34 11.35 11.35 11.37 11.37 11.36 11.37 11.37 11.36 11.34 11.28 11.23 11.22 11.21 11.22 11.24 11.23 11.21 11.21 11.22 11.22 11.21 11.20 11.20 11.21 11.23 11.19 11.17 11.12 11.04 10.97 11.04 10.98 10.98 10.90 10.87 10.87 10.85 10.87 10.86 10.93 10.86 10.84 10.82 10.85 10.82 10.81 10.76 10.76 10.76 10.76 10.83 10.77 10.80 10.74
11.84 11.87 11.80 11.56 11.54 11.32 11.22 11.23 11.23 11.20 11.18 11.12 11.11 11.16 11.18 11.17 11.10 11.10 11.02 10.84 10.91 10.98 11.05 11.11 11.19 11.23 11.28 11.32 11.35 11.36 11.36 11.36 11.37 11.34 11.34 11.36 11.35 11.34 11.26 11.19 11.22 11.24 11.27 11.28 11.27 11.24 11.24 11.27 11.27 11.25 11.24 11.23 11.21 11.24 11.24 11.18 11.11 11.04 11.01 11.04 11.04 10.99 10.94 10.89 10.91 10.93 10.96 10.92 10.96 10.92 10.89 10.88 10.91 10.89 10.89 10.83 10.79 10.81 10.79 10.85 10.86 10.84 10.84
11.75 11.74 11.66 11.57 11.54 11.30 11.22 11.20 11.20 11.18 11.14 11.12 11.12 11.14 11.14 11.17 11.07 11.05 11.07 10.97 10.96 11.00 11.05 11.11 11.17 11.23 11.29 11.32 11.34 11.34 11.35 11.36 11.34 11.25 11.29 11.34 11.35 11.32 11.28 11.25 11.27 11.29 11.31 11.30 11.29 11.29 11.29 11.29 11.27 11.26 11.26 11.25 11.25 11.26 11.26 11.19 11.10 11.05 11.04 11.05 11.06 10.94 10.92 10.92 10.93 10.91 10.93 10.96 10.97 11.01 10.91 10.94 10.94 10.96 10.94 10.87 10.82 10.87 10.89 10.86 10.91 10.89 10.87
11.62 11.61 11.60 11.55 11.43 11.24 11.17 11.14 11.17 11.12 11.10 11.09 11.10 11.06 11.07 11.10 11.16 11.14 11.12 11.02 10.98 11.00 11.05 11.12 11.18 11.23 11.30 11.31 11.32 11.33 11.35 11.35 11.36 11.04 11.29 11.31 11.33 11.33 11.29 11.30 11.32 11.36 11.34 11.32 11.32 11.32 11.31 11.29 11.27 11.27 11.28 11.27 11.27 11.28 11.28 11.19 11.10 11.08 11.07 11.06 11.07 11.05 10.96 10.93 10.95 10.95 10.93 10.93 10.95 11.03 10.99 11.02 11.01 11.00 10.95 10.93 10.92 10.93 10.95 10.92 10.90 10.87 10.85
11.53 11.54 11.54 11.46 11.26 11.11 11.04 11.02 11.12 11.04 11.04 11.06 11.07 11.02 11.00 11.04 11.10 11.14 10.98 11.04 10.98 10.98 11.05 11.12 11.19 11.23 11.28 11.30 11.32 11.32 11.34 11.34 11.33 11.20 11.21 11.24 11.26 11.30 11.24 11.29 11.34 11.36 11.37 11.36 11.37 11.36 11.35 11.32 11.30 11.29 11.29 11.30 11.30 11.29 11.28 11.21 11.15 11.11 11.10 11.06 11.08 11.08 10.97 10.96 10.96 10.98 10.98 10.99 11.00 11.05 11.05 11.02 11.00 10.99 11.00 11.00 10.99 10.97 10.96 10.94 10.89 10.84 10.84
11.51 11.50 11.47 11.31 11.11 10.98 10.95 10.89 11.09 10.94 11.01 11.04 10.99 10.93 10.94 10.99 11.06 11.11 11.12 11.10 11.00 10.98 11.05 11.12 11.17 11.22 11.27 11.30 11.32 11.32 11.33 11.33 11.34 11.28 11.19 11.20 11.24 11.30 11.21 11.33 11.35 11.37 11.39 11.42 11.42 11.41 11.41 11.37 11.35 11.32 11.31 11.31 11.30 11.32 11.30 11.25 11.19 11.15 11.13 11.13 11.11 11.08 11.02 10.99 10.99 11.02 11.06 11.05 11.06 11.08 11.05 11.00 10.97 10.95 10.99 10.99 10.98 10.96 10.95 10.92 10.90 10.80 10.78
11.49 11.46 11.39 11.26 11.12 11.02 11.00 11.06 11.05 11.02 10.99 10.96 10.90 10.86 10.92 11.01 11.06 11.04 11.07 11.07 11.04 11.01 11.04 11.09 11.16 11.21 11.27 11.31 11.32 11.33 11.32 11.32 11.33 11.30 11.25 11.23 11.22 11.18 11.17 11.28 11.33 11.37 11.40 11.42 11.44 11.45 11.43 11.41 11.38 11.35 11.32 11.33 11.32 11.34 11.34 11.28 11.21 11.18 11.16 11.16 11.15 11.12 11.08 11.04 11.03 11.05 11.08 11.09 11.10 11.10 11.07 10.98 10.96 10.95 10.95 10.96 10.95 10.92 10.89 10.87 10.84 10.81 10.80
11.41 11.36 11.30 11.23 11.13 11.05 11.00 11.00 10.99 10.93 10.87 10.83 10.83 10.79 10.91 11.04 11.05 10.98 11.03 11.05 11.05 11.00 11.00 11.05 11.14 11.21 11.29 11.29 11.29 11.31 11.31 11.30 11.30 11.31 11.30 11.26 11.22 11.17 11.17 11.26 11.27 11.36 11.38 11.40 11.46 11.46 11.46 11.45 11.42 11.37 11.35 11.34 11.33 11.36 11.38 11.29 11.21 11.21 11.23 11.20 11.20 11.17 11.12 11.08 11.05 11.05 11.08 11.11 11.12 11.10 11.08 11.05 10.98 10.97 10.95 10.97 10.91 10.88 10.88 10.86 10.86 10.84 10.82
11.31 11.27 11.19 11.14 11.09 11.02 10.97 10.96 10.88 10.79 10.81 10.80 10.83 10.87 10.96 11.01 11.03 11.00 11.00 11.00 11.01 10.97 10.96 10.96 11.05 11.14 11.20 11.25 11.27 11.30 11.30 11.28 11.28 11.30 11.30 11.27 11.21 11.11 11.13 11.22 11.24 11.29 11.37 11.43 11.46 11.48 11.49 11.48 11.46 11.44 11.41 11.39 11.39 11.40 11.40 11.31 11.23 11.25 11.27 11.25 11.22 11.21 11.16 11.12 11.08 11.06 11.08 11.11 11.13 11.11 11.09 11.06 11.00 10.96 10.95 10.96 10.92 10.86 10.89 10.90 10.88 10.87 10.86
11.19 11.17 11.10 11.05 10.99 10.93 10.89 10.86 10.90 10.83 10.84 10.87 10.88 10.93 10.96 10.96 10.99 10.98 10.93 10.92 10.91 10.93 10.93 10.91 10.98 11.07 11.12 11.21 11.26 11.28 11.29 11.29 11.26 11.28 11.30 11.29 11.21 11.14 11.19 11.26 11.30 11.35 11.40 11.44 11.46 11.47 11.50 11.51 11.50 11.51 11.49 11.46 11.42 11.44 11.40 11.33 11.26 11.28 11.26 11.23 11.22 11.21 11.19 11.13 11.09 11.05 11.06 11.08 11.12 11.13 11.08 11.04 11.04 11.00 10.93 10.91 10.93 10.91 10.89 10.92 10.92 10.88 10.95
11.08 11.04 11.01 10.97 10.91 10.85 10.85 10.87 10.90 10.89 10.89 10.90 10.90 10.93 10.93 10.91 10.93 10.99 10.93 10.92 10.89 10.89 10.90 10.93 11.02 11.07 11.13 11.19 11.24 11.27 11.27 11.27 11.26 11.27 11.29 11.28 11.25 11.19 11.22 11.27 11.33 11.38 11.41 11.45 11.46 11.48 11.49 11.51 11.53 11.54 11.55 11.53 11.48 11.46 11.38 11.38 11.36 11.34 11.25 11.20 11.21 11.21 11.19 11.14 11.11 11.07 11.07 11.07 11.13 11.13 11.07 11.00 11.01 10.99 10.88 10.95 10.99 10.94 10.90 10.94 10.96 11.00 10.97
10.94 10.88 10.83 10.82 10.85 10.77 10.74 10.87 10.85 10.80 10.83 10.88 10.90 10.88 10.87 10.82 10.86 10.97 10.96 10.96 10.95 10.90 10.86 10.94 11.01 11.07 11.14 11.20 11.23 11.25 11.25 11.26 11.25 11.27 11.28 11.27 11.20 11.15 11.20 11.24 11.31 11.36 11.42 11.45 11.46 11.48 11.49 11.51 11.53 11.52 11.49 11.54 11.51 11.46 11.42 11.41 11.39 11.32 11.23 11.18 11.19 11.21 11.20 11.16 11.14 11.05 11.09 11.10 11.14 11.16 11.10 11.05 11.04 11.02 10.98 11.01 11.04 10.98 10.98 11.01 11.02 11.01 10.97
10.76 10.64 10.65 10.56 10.66 10.67 10.67 10.77 10.68 10.69 10.74 10.84 10.83 10.76 10.78 10.71 10.76 10.93 10.90 10.85 10.90 10.91 10.88 10.93 10.95 11.04 11.13 11.20 11.24 11.24 11.24 11.24 11.25 11.26 11.26 11.24 11.20 11.18 11.22 11.26 11.32 11.36 11.41 11.43 11.46 11.48 11.49 11.51 11.53 11.55 11.55 11.54 11.50 11.47 11.43 11.41 11.39 11.32 11.25 11.19 11.19 11.20 11.19 11.15 11.10 11.07 11.09 11.12 11.14 11.16 11.13 11.11 11.10 11.08 11.07 11.07 11.08 11.06 11.07 11.05 11.01 10.92 10.98
10.57 10.52 10.61 10.56 10.62 10.57 10.57 10.73 10.81 10.70 10.70 10.84 10.71 10.66 10.72 10.77 10.84 10.91 10.86 10.79 10.85 10.89 10.82 10.84 10.92 11.02 11.10 11.17 11.22 11.20 11.21 11.22 11.22 11.23 11.23 11.23 11.22 11.23 11.25 11.29 11.33 11.37 11.40 11.42 11.45 11.47 11.49 11.51 11.53 11.55 11.53 11.52 11.49 11.47 11.45 11.43 11.39 11.33 11.26 11.20 11.17 11.16 11.16 11.13 11.08 11.06 11.09 11.11 11.15 11.17 11.16 11.15 11.14 11.13 11.12 11.10 11.09 11.07 11.04 11.01 10.99 10.87 10.90
10.58 10.56 10.60 10.59 10.60 10.60 10.53 10.61 10.75 10.79 10.80 10.81 10.63 10.62 10.69 10.79 10.83 10.88 10.82 10.77 10.83 10.86 10.76 10.69 10.91 11.01 11.07 11.13 11.18 11.18 11.17 11.16 11.14 11.16 11.19 11.23 11.24 11.25 11.27 11.30 11.34 11.37 11.40 11.42 11.45 11.47 11.49 11.51 11.52 11.52 11.51 11.50 11.48 11.47 11.44 11.41 11.38 11.33 11.26 11.21 11.15 11.12 11.10 11.08 11.07 11.09 11.10 11.14 11.17 11.17 11.15 11.13 11.10 11.08 11.10 11.08 11.05 11.01 10.97 10.96 10.93 10.88 10.86
10.56 10.55 10.55 10.59 10.64 10.64 10.57 10.53 10.70 10.76 10.57 10.69 10.62 10.64 10.69 10.76 10.81 10.86 10.84 10.72 10.83 10.82 10.74 10.73 10.91 10.98 11.03 11.08 11.15 11.14 11.13 11.12 11.09 11.11 11.16 11.16 11.25 11.26 11.28 11.31 11.35 11.37 11.41 11.43 11.45 11.46 11.49 11.49 11.49 11.49 11.49 11.46 11.45 11.45 11.43 11.39 11.34 11.31 11.26 11.20 11.14 11.09 11.05 11.04 11.07 11.10 11.13 11.16 11.18 11.18 11.13 11.07 11.06 11.06 11.08 11.04 10.98 10.97 10.94 10.94 10.91 10.90 10.87
10.52 10.53 10.53 10.55 10.62 10.63 10.55 10.43 10.63 10.64 10.50 10.34 10.50 10.63 10.68 10.70 10.79 10.82 10.79 10.72 10.80 10.77 10.68 10.63 10.87 10.93 10.98 11.04 11.08 11.09 11.10 11.11 11.13 11.14 11.15 11.19 11.21 11.22 11.23 11.25 11.30 11.36 11.40 11.42 11.43 11.45 11.47 11.47 11.46 11.45 11.44 11.44 11.43 11.42 11.40 11.39 11.35 11.32 11.28 11.21 11.16 11.10 11.06 11.05 11.06 11.09 11.12 11.15 11.18 11.18 11.15 11.08 11.08 11.07 11.08 11.02 10.97 10.95 10.94 10.93 10.94 10.95 10.97
10.48 10.49 10.52 10.55 10.54 10.62 10.61 10.63 10.51 10.53 10.51 10.50 10.56 10.66 10.73 10.75 10.75 10.78 10.75 10.70 10.77 10.71 10.64 10.65 10.81 10.87 10.92 10.98 11.02 11.04 11.04 11.07 11.07 11.10 11.14 11.16 11.17 11.18 11.18 11.18 11.27 11.37 11.39 11.41 11.41 11.42 11.42 11.43 11.43 11.41 11.39 11.40 11.38 11.39 11.37 11.37 11.35 11.31 11.27 11.22 11.18 11.11 11.07 11.05 11.05 11.06 11.10 11.14 11.17 11.19 11.18 11.17 11.11 11.05 11.04 11.02 10.98 10.95 10.95 10.94 10.95 10.94 10.97
10.42 10.42 10.42 10.48 10.50 10.56 10.60 10.62 10.54 10.41 10.47 10.55 10.59 10.62 10.64 10.70 10.70 10.74 10.70 10.63 10.68 10.66 10.61 10.68 10.77 10.83 10.88 10.94 10.98 10.98 10.98 10.96 10.93 10.96 11.05 11.11 11.14 11.15 11.16 11.17 11.23 11.30 11.32 11.34 11.34 11.36 11.38 11.38 11.38 11.37 11.37 11.37 11.35 11.36 11.35 11.35 11.34 11.30 11.25 11.20 11.16 11.11 11.06 11.04 11.03 11.06 11.08 11.11 11.14 11.18 11.20 11.18 11.14 11.08 11.05 11.03 11.02 11.01 11.00 10.96 10.93 10.92 10.95
10.35 10.29 10.26 10.40 10.43 10.48 10.52 10.50 10.55 10.53 10.43 10.54 10.56 10.60 10.64 10.66 10.67 10.73 10.69 10.60 10.71 10.63 10.46 10.52 10.65 10.75 10.83 10.89 10.94 10.94 10.91 10.84 10.72 10.74 10.92 11.03 11.08 11.11 11.11 11.11 11.17 11.22 11.24 11.23 11.24 11.30 11.32 11.33 11.33 11.34 11.33 11.33 11.33 11.33 11.33 11.32 11.32 11.27 11.23 11.18 11.14 11.10 11.05 11.00 11.03 11.07 11.07 11.07 11.12 11.16 11.18 11.19 11.17 11.13 11.09 11.06 11.04 11.06 11.05 10.98 10.90 10.92 10.95
10.28 10.23 10.24 10.33 10.35 10.40 10.44 10.45 10.47 10.44 10.35 10.46 10.46 10.60 10.62 10.60 10.63 10.67 10.70 10.65 10.70 10.64 10.54 10.47 10.55 10.68 10.77 10.83 10.88 10.89 10.86 10.80 10.72 10.75 10.85 10.95 11.00 11.03 11.05 11.07 11.11 11.15 11.16 11.17 11.19 11.24 11.28 11.28 11.29 11.29 11.29 11.29 11.30 11.31 11.30 11.30 11.29 11.24 11.19 11.14 11.10 11.07 11.05 11.03 11.03 11.05 11.07 11.09 11.13 11.16 11.19 11.18 11.17 11.15 11.13 11.10 11.09 11.07 11.04 10.99 10.95 10.95 10.97
10.19 10.13 10.21 10.28 10.29 10.33 10.27 10.33 10.36 10.39 10.40 10.46 10.53 10.57 10.52 10.54 10.57 10.55 10.68 10.68 10.65 10.63 10.60 10.50 10.56 10.64 10.71 10.76 10.81 10.85 10.84 10.80 10.77 10.79 10.84 10.89 10.93 10.94 10.99 11.03 11.06 11.09 11.12 11.16 11.18 11.20 11.23 11.24 11.23 11.24 11.24 11.26 11.26 11.27 11.27 11.28 11.26 11.22 11.17 11.11 11.06 11.06 11.06 11.04 11.02 11.04 11.07 11.11 11.14 11.18 11.19 11.19 11.18 11.15 11.14 11.12 11.10 11.07 11.03 11.01 10.99 10.99 11.00
10.16 10.14 10.17 10.20 10.22 10.28 10.11 10.10 10.26 10.34 10.39 10.45 10.49 10.47 10.47 10.51 10.54 10.58 10.63 10.64 10.62 10.59 10.51 10.43 10.51 10.58 10.62 10.67 10.73 10.78 10.82 10.79 10.77 10.79 10.83 10.88 10.90 10.92 10.96 10.99 11.03 11.07 11.10 11.13 11.14 11.16 11.19 11.19 11.18 11.18 11.20 11.22 11.22 11.23 11.23 11.25 11.25 11.23 11.19 11.13 11.09 11.06 11.04 11.02 11.03 11.05 11.09 11.13 11.17 11.19 11.19 11.18 11.15 11.09 11.08 11.08 11.07 11.09 11.06 11.03 11.02 11.01 11.00
10.10 10.10 10.13 10.15 10.13 10.21 10.20 10.22 10.24 10.27 10.30 10.39 10.37 10.39 10.46 10.50 10.53 10.56 10.59 10.59 10.58 10.58 10.57 10.54 10.52 10.53 10.54 10.59 10.63 10.71 10.76 10.77 10.74 10.74 10.78 10.82 10.88 10.91 10.93 10.94 10.99 11.05 11.05 11.05 11.05 11.09 11.14 11.13 11.12 11.13 11.14 11.17 11.18 11.18 11.18 11.19 11.21 11.22 11.22 11.16 11.12 11.09 11.04 11.03 11.04 11.07 11.11 11.16 11.18 11.19 11.18 11.17 11.12 11.02 11.02 11.01 11.02 11.05 11.06 11.04 11.02 11.00 10.98
10.00 10.00 10.05 10.14 10.10 10.13 10.17 10.19 10.22 10.23 10.26 10.37 10.31 10.38 10.44 10.48 10.51 10.52 10.54 10.56 10.56 10.55 10.54 10.51 10.50 10.49 10.50 10.53 10.59 10.65 10.70 10.73 10.73 10.74 10.76 10.79 10.81 10.84 10.87 10.90 10.94 10.97 10.99 10.98 10.99 11.02 11.07 11.08 11.07 11.09 11.10 11.12 11.14 11.14 11.14 11.15 11.17 11.19 11.19 11.17 11.15 11.12 11.09 11.07 11.09 11.11 11.13 11.16 11.16 11.15 11.13 11.12 11.13 11.07 11.01 10.95 10.95 10.98 11.00 11.00 10.98 10.95 10.94
10.02 10.03 10.07 10.10 10.09 10.07 10.08 10.07 10.13 10.22 10.27 10.14 10.29 10.36 10.40 10.45 10.47 10.48 10.50 10.52 10.53 10.50 10.51 10.45 10.47 10.46 10.46 10.50 10.55 10.61 10.66 10.69 10.73 10.75 10.76 10.76 10.76 10.76 10.79 10.80 10.87 10.93 10.94 10.92 10.93 10.96 10.99 11.03 11.02 11.04 11.05 11.08 11.09 11.10 11.11 11.12 11.12 11.14 11.17 11.16 11.16 11.15 11.13 11.13 11.13 11.14 11.15 11.16 11.14 11.11 11.07 11.05 11.08 11.09 11.01 10.92 10.89 10.93 10.94 10.92 10.88 10.87 10.85
10.03 10.03 10.04 10.06 10.03 9.96 10.01 10.02 10.04 10.15 10.21 10.18 10.27 10.30 10.34 10.37 10.41 10.44 10.46 10.47 10.45 10.38 10.44 10.45 10.46 10.45 10.46 10.49 10.54 10.58 10.62 10.65 10.68 10.72 10.75 10.76 10.76 10.75 10.76 10.77 10.81 10.84 10.86 10.87 10.88 10.91 10.94 10.97 10.98 10.98 11.01 11.03 11.05 11.06 11.08 11.09 11.11 11.12 11.13 11.14 11.13 11.15 11.15 11.15 11.14 11.14 11.13 11.13 11.10 11.06 11.00 10.97 11.01 11.07 11.03 10.96 10.93 10.93 10.92 10.89 10.88 10.84 10.81
9.96 9.98 9.99 10.00 10.00 9.99 10.01 9.98 10.02 10.11 10.14 9.95 10.16 10.23 10.27 10.32 10.36 10.40 10.42 10.42 10.41 10.32 10.39 10.42 10.45 10.45 10.45 10.49 10.53 10.57 10.60 10.62 10.62 10.67 10.72 10.75 10.77 10.75 10.75 10.74 10.77 10.78 10.79 10.80 10.82 10.85 10.89 10.90 10.91 10.94 10.96 10.98 11.00 11.02 11.04 11.05 11.07 11.08 11.10 11.11 11.10 11.12 11.12 11.12 11.13 11.12 11.10 11.09 11.04 11.01 10.94 10.87 10.95 11.02 11.03 10.99 10.97 10.95 10.91 10.88 10.87 10.82 10.78
9.88 9.91 9.93 9.93 9.90 9.93 9.96 9.96 9.97 10.06 10.09 10.11 10.15 10.21 10.26 10.30 10.33 10.35 10.37 10.35 10.35 10.35 10.37 10.39 10.43 10.46 10.48 10.51 10.54 10.57 10.60 10.60 10.59 10.62 10.64 10.68 10.74 10.76 10.75 10.75 10.75 10.75 10.76 10.76 10.78 10.81 10.83 10.84 10.86 10.88 10.91 10.94 10.96 10.98 10.99 11.00 11.02 11.03 11.04 11.05 11.07 11.08 11.09 11.09 11.10 11.08 11.05 11.02 10.97 10.94 10.91 10.89 10.93 10.97 10.99 10.99 10.93 10.90 10.85 10.82 10.81 10.78 10.74
9.80 9.83 9.85 9.86 9.86 9.90 9.95 9.93 9.92 10.01 10.03 10.08 10.14 10.18 10.20 10.24 10.29 10.28 10.32 10.29 10.30 10.35 10.37 10.35 10.40 10.46 10.49 10.53 10.54 10.57 10.60 10.60 10.58 10.58 10.56 10.60 10.70 10.74 10.76 10.75 10.75 10.73 10.74 10.73 10.74 10.75 10.76 10.77 10.79 10.81 10.84 10.88 10.91 10.93 10.94 10.94 10.96 10.98 10.99 11.01 11.03 11.05 11.06 11.07 11.05 11.04 11.00 10.95 10.91 10.89 10.89 10.90 10.91 10.91 10.94 10.97 10.89 10.85 10.78 10.78 10.76 10.75 10.71
9.71 9.76 9.80 9.82 9.86 9.90 9.90 9.80 9.85 10.00 10.01 10.05 10.07 10.08 10.07 10.15 10.24 10.25 10.23 10.26 10.31 10.30 10.35 10.37 10.41 10.46 10.49 10.49 10.50 10.52 10.57 10.58 10.58 10.57 10.57 10.61 10.63 10.71 10.74 10.76 10.75 10.73 10.71 10.71 10.69 10.69 10.70 10.71 10.73 10.76 10.78 10.81 10.85 10.86 10.87 10.87 10.89 10.91 10.94 10.97 10.99 11.02 11.04 11.03 11.04 11.01 10.99 10.95 10.91 10.89 10.88 10.86 10.85 10.86 10.90 10.92 10.92 10.87 10.82 10.79 10.77 10.75 10.72
