main/data/pressure/20.12.2023.grid
ncols 886
nrows 691
xllcenter 112.0000
yllcenter -44.5000
cellsize 0.0500
nodata_value 99999.90
[rows 525 to 559 of 691, columns 474 to 552 of 886]
10.73 10.69 10.63 10.58 10.53 10.50 10.47 10.45 10.41 10.39 10.36 10.33 10.31 10.27 10.25 10.22 10.20 10.17 10.15 10.13 10.11 10.10 10.08 10.07 10.05 10.05 10.04 10.03 10.02 10.01 10.01 10.00 9.99 9.99 9.98 9.98 9.98 9.98 9.99 9.98 9.98 9.99 10.00 10.01 10.01 10.02 10.02 10.04 10.04 10.05 10.06 10.07 10.08 10.09 10.10 10.11 10.12 10.12 10.12 10.12 10.13 10.12 10.13 10.12 10.12 10.10 10.10 10.09 10.07 10.06 10.04 10.03 10.01 10.00 9.98 9.96 9.93 9.91 9.88
10.73 10.69 10.65 10.60 10.54 10.49 10.46 10.43 10.40 10.38 10.35 10.33 10.29 10.27 10.24 10.22 10.19 10.18 10.15 10.14 10.12 10.10 10.09 10.08 10.06 10.05 10.04 10.03 10.02 10.01 10.00 10.00 9.99 9.99 9.97 9.97 9.97 9.97 9.97 9.97 9.97 9.97 9.98 9.98 9.98 9.99 10.01 10.01 10.01 10.03 10.04 10.05 10.06 10.07 10.07 10.08 10.09 10.10 10.10 10.11 10.10 10.11 10.11 10.11 10.10 10.10 10.09 10.09 10.08 10.07 10.05 10.04 10.03 10.01 9.99 9.96 9.94 9.92 9.89
10.74 10.70 10.66 10.62 10.56 10.51 10.47 10.43 10.40 10.37 10.34 10.32 10.29 10.27 10.24 10.23 10.20 10.18 10.16 10.14 10.13 10.11 10.09 10.08 10.06 10.05 10.04 10.03 10.02 10.01 10.00 9.99 9.99 9.97 9.97 9.96 9.96 9.96 9.95 9.95 9.95 9.96 9.95 9.96 9.97 9.97 9.98 9.98 9.99 10.00 10.01 10.02 10.03 10.04 10.05 10.06 10.07 10.07 10.08 10.09 10.10 10.09 10.10 10.10 10.10 10.11 10.10 10.09 10.09 10.08 10.07 10.05 10.05 10.02 10.00 9.98 9.96 9.93 9.90
10.74 10.71 10.67 10.63 10.58 10.53 10.49 10.44 10.39 10.36 10.34 10.31 10.29 10.27 10.25 10.22 10.20 10.18 10.17 10.14 10.12 10.11 10.10 10.08 10.07 10.06 10.05 10.04 10.02 10.01 10.00 9.99 9.98 9.97 9.97 9.96 9.95 9.94 9.94 9.94 9.94 9.94 9.93 9.94 9.95 9.95 9.95 9.96 9.97 9.97 9.98 9.99 10.00 10.02 10.03 10.04 10.05 10.06 10.07 10.08 10.09 10.09 10.10 10.11 10.11 10.10 10.11 10.10 10.10 10.09 10.09 10.07 10.06 10.03 10.02 9.99 9.97 9.94 9.91
10.75 10.71 10.68 10.63 10.60 10.55 10.51 10.46 10.41 10.38 10.34 10.31 10.28 10.27 10.24 10.22 10.20 10.18 10.16 10.14 10.13 10.11 10.10 10.08 10.07 10.05 10.04 10.03 10.02 10.00 10.00 9.99 9.97 9.97 9.96 9.94 9.94 9.94 9.93 9.93 9.93 9.92 9.92 9.92 9.93 9.92 9.93 9.94 9.94 9.95 9.96 9.97 9.98 10.00 10.01 10.02 10.03 10.04 10.07 10.07 10.08 10.10 10.10 10.11 10.11 10.12 10.12 10.11 10.12 10.11 10.10 10.09 10.06 10.05 10.02 10.01 9.98 9.95 9.92
10.74 10.71 10.68 10.64 10.61 10.58 10.54 10.49 10.45 10.40 10.37 10.32 10.29 10.27 10.24 10.22 10.20 10.18 10.17 10.15 10.13 10.11 10.11 10.09 10.08 10.05 10.04 10.03 10.02 10.01 9.99 9.99 9.97 9.96 9.94 9.94 9.93 9.92 9.91 9.91 9.91 9.90 9.90 9.90 9.91 9.90 9.91 9.91 9.92 9.93 9.94 9.95 9.97 9.98 9.99 10.01 10.03 10.04 10.06 10.07 10.09 10.10 10.11 10.12 10.13 10.13 10.14 10.13 10.13 10.12 10.11 10.10 10.08 10.06 10.04 10.01 9.99 9.96 9.92
10.73 10.71 10.69 10.66 10.62 10.59 10.55 10.52 10.48 10.44 10.40 10.36 10.31 10.28 10.24 10.22 10.21 10.18 10.16 10.15 10.13 10.12 10.10 10.09 10.07 10.06 10.05 10.03 10.02 10.01 9.99 9.98 9.96 9.96 9.94 9.93 9.92 9.91 9.91 9.89 9.89 9.88 9.89 9.88 9.89 9.89 9.89 9.89 9.91 9.92 9.93 9.94 9.95 9.97 9.98 10.00 10.02 10.05 10.07 10.07 10.09 10.11 10.12 10.14 10.15 10.15 10.16 10.15 10.15 10.14 10.13 10.11 10.09 10.07 10.05 10.02 9.99 9.96 9.93
10.73 10.71 10.69 10.66 10.63 10.60 10.58 10.54 10.51 10.47 10.44 10.39 10.36 10.32 10.28 10.24 10.21 10.19 10.17 10.15 10.13 10.11 10.10 10.08 10.07 10.05 10.04 10.03 10.01 10.00 9.98 9.97 9.96 9.95 9.93 9.93 9.91 9.91 9.89 9.89 9.88 9.87 9.87 9.87 9.86 9.87 9.87 9.88 9.89 9.90 9.91 9.93 9.95 9.97 9.98 10.01 10.03 10.05 10.07 10.09 10.11 10.14 10.15 10.16 10.17 10.18 10.18 10.17 10.17 10.16 10.15 10.13 10.11 10.09 10.06 10.04 10.00 9.97 9.94
10.73 10.71 10.69 10.67 10.64 10.61 10.59 10.56 10.53 10.50 10.46 10.43 10.40 10.37 10.33 10.29 10.26 10.23 10.19 10.16 10.14 10.13 10.10 10.09 10.07 10.06 10.04 10.03 10.02 10.00 9.99 9.97 9.95 9.94 9.93 9.91 9.90 9.89 9.88 9.88 9.86 9.85 9.86 9.85 9.85 9.86 9.86 9.87 9.88 9.89 9.91 9.93 9.95 9.96 9.99 10.01 10.04 10.07 10.09 10.12 10.14 10.15 10.17 10.18 10.19 10.20 10.20 10.19 10.19 10.18 10.16 10.14 10.12 10.10 10.08 10.05 10.01 9.98 9.95
10.72 10.70 10.69 10.67 10.65 10.63 10.59 10.57 10.55 10.53 10.49 10.46 10.44 10.40 10.37 10.34 10.31 10.28 10.25 10.22 10.19 10.16 10.14 10.10 10.08 10.07 10.04 10.03 10.01 10.00 9.98 9.96 9.95 9.94 9.92 9.90 9.90 9.88 9.87 9.86 9.85 9.84 9.84 9.84 9.84 9.84 9.85 9.86 9.87 9.89 9.91 9.93 9.95 9.98 10.00 10.04 10.06 10.09 10.11 10.14 10.16 10.19 10.21 10.21 10.22 10.22 10.22 10.21 10.21 10.20 10.18 10.17 10.14 10.12 10.09 10.06 10.04 10.00 9.96
10.71 10.70 10.68 10.66 10.65 10.63 10.61 10.59 10.56 10.54 10.51 10.49 10.47 10.44 10.41 10.38 10.36 10.34 10.31 10.28 10.25 10.23 10.20 10.18 10.14 10.12 10.10 10.07 10.05 10.02 10.00 9.98 9.96 9.94 9.92 9.91 9.90 9.88 9.87 9.86 9.84 9.83 9.84 9.83 9.83 9.83 9.84 9.85 9.86 9.89 9.91 9.94 9.97 9.99 10.03 10.06 10.09 10.12 10.15 10.18 10.20 10.22 10.23 10.24 10.25 10.24 10.24 10.23 10.23 10.22 10.20 10.18 10.15 10.14 10.11 10.08 10.05 10.01 9.98
10.71 10.69 10.68 10.66 10.64 10.63 10.61 10.59 10.57 10.55 10.54 10.51 10.48 10.46 10.44 10.42 10.41 10.38 10.36 10.33 10.30 10.29 10.26 10.24 10.22 10.19 10.17 10.15 10.12 10.10 10.08 10.05 10.03 10.01 9.99 9.97 9.95 9.93 9.92 9.90 9.88 9.86 9.86 9.85 9.85 9.85 9.86 9.87 9.88 9.90 9.93 9.96 9.98 10.02 10.06 10.09 10.12 10.16 10.19 10.21 10.24 10.25 10.26 10.27 10.27 10.27 10.27 10.27 10.24 10.23 10.22 10.20 10.17 10.16 10.13 10.10 10.07 10.03 10.00
10.71 10.68 10.68 10.66 10.65 10.63 10.62 10.59 10.58 10.56 10.54 10.52 10.51 10.49 10.47 10.45 10.44 10.42 10.39 10.37 10.36 10.34 10.32 10.30 10.28 10.26 10.24 10.22 10.20 10.18 10.16 10.14 10.12 10.11 10.09 10.07 10.05 10.03 10.02 10.01 9.99 9.98 9.97 9.96 9.96 9.95 9.95 9.95 9.96 9.96 9.97 9.99 10.02 10.06 10.09 10.14 10.17 10.20 10.22 10.24 10.26 10.28 10.29 10.29 10.30 10.29 10.29 10.29 10.27 10.26 10.24 10.21 10.20 10.17 10.15 10.12 10.09 10.06 10.01
10.69 10.68 10.67 10.66 10.64 10.63 10.62 10.60 10.59 10.57 10.56 10.54 10.52 10.51 10.49 10.47 10.46 10.45 10.43 10.41 10.40 10.38 10.36 10.35 10.33 10.32 10.30 10.29 10.27 10.26 10.24 10.22 10.21 10.19 10.18 10.16 10.15 10.13 10.13 10.11 10.10 10.09 10.08 10.07 10.07 10.07 10.07 10.07 10.07 10.06 10.07 10.07 10.09 10.10 10.14 10.17 10.21 10.24 10.26 10.29 10.30 10.32 10.33 10.32 10.33 10.32 10.32 10.30 10.29 10.27 10.26 10.24 10.21 10.19 10.17 10.14 10.12 10.09 10.05
10.68 10.67 10.66 10.65 10.64 10.62 10.61 10.60 10.58 10.57 10.57 10.55 10.54 10.52 10.51 10.49 10.49 10.47 10.45 10.45 10.43 10.42 10.40 10.39 10.37 10.36 10.35 10.34 10.33 10.32 10.30 10.29 10.28 10.27 10.25 10.24 10.23 10.22 10.21 10.20 10.19 10.19 10.18 10.17 10.17 10.16 10.16 10.16 10.16 10.16 10.17 10.17 10.17 10.18 10.20 10.22 10.25 10.29 10.31 10.32 10.34 10.35 10.36 10.35 10.35 10.34 10.34 10.32 10.31 10.29 10.27 10.25 10.23 10.21 10.19 10.16 10.14 10.11 10.07
10.67 10.66 10.65 10.64 10.63 10.62 10.61 10.60 10.59 10.58 10.56 10.55 10.54 10.53 10.52 10.51 10.50 10.49 10.47 10.47 10.45 10.45 10.43 10.42 10.42 10.40 10.39 10.38 10.37 10.37 10.36 10.35 10.34 10.33 10.32 10.31 10.30 10.29 10.29 10.28 10.27 10.27 10.26 10.26 10.25 10.25 10.25 10.25 10.25 10.25 10.26 10.25 10.25 10.26 10.25 10.28 10.30 10.32 10.34 10.36 10.37 10.38 10.37 10.37 10.37 10.36 10.36 10.34 10.32 10.32 10.30 10.28 10.26 10.24 10.21 10.19 10.16 10.13 10.09
10.66 10.65 10.64 10.64 10.63 10.62 10.60 10.59 10.59 10.58 10.57 10.56 10.55 10.54 10.53 10.52 10.51 10.50 10.49 10.49 10.47 10.47 10.45 10.45 10.44 10.43 10.42 10.42 10.41 10.40 10.40 10.39 10.38 10.38 10.37 10.36 10.35 10.35 10.34 10.35 10.34 10.34 10.33 10.33 10.33 10.32 10.32 10.32 10.33 10.33 10.32 10.32 10.33 10.32 10.32 10.32 10.34 10.36 10.37 10.39 10.39 10.40 10.40 10.40 10.39 10.38 10.37 10.36 10.35 10.33 10.31 10.29 10.27 10.25 10.23 10.21 10.19 10.16 10.13
10.64 10.63 10.63 10.62 10.61 10.60 10.60 10.59 10.58 10.57 10.56 10.56 10.55 10.54 10.54 10.53 10.52 10.51 10.50 10.50 10.49 10.49 10.47 10.47 10.47 10.46 10.45 10.45 10.44 10.44 10.43 10.43 10.42 10.42 10.41 10.41 10.40 10.40 10.39 10.39 10.39 10.39 10.39 10.39 10.39 10.39 10.39 10.38 10.38 10.38 10.38 10.38 10.38 10.38 10.38 10.37 10.38 10.40 10.41 10.42 10.42 10.42 10.42 10.42 10.41 10.40 10.39 10.37 10.37 10.35 10.34 10.32 10.30 10.28 10.26 10.24 10.21 10.19 10.16
10.63 10.63 10.62 10.61 10.60 10.60 10.59 10.58 10.57 10.57 10.57 10.56 10.56 10.55 10.53 10.53 10.52 10.52 10.51 10.51 10.50 10.50 10.49 10.49 10.48 10.47 10.47 10.47 10.47 10.46 10.46 10.46 10.45 10.45 10.45 10.44 10.44 10.44 10.43 10.43 10.43 10.43 10.43 10.43 10.43 10.43 10.43 10.43 10.43 10.43 10.43 10.43 10.43 10.43 10.42 10.42 10.42 10.42 10.44 10.44 10.45 10.45 10.44 10.44 10.43 10.42 10.41 10.40 10.38 10.37 10.35 10.33 10.31 10.30 10.28 10.27 10.24 10.22 10.20
10.62 10.62 10.61 10.60 10.60 10.59 10.58 10.58 10.57 10.57 10.57 10.56 10.55 10.55 10.54 10.53 10.53 10.52 10.52 10.51 10.51 10.51 10.50 10.50 10.50 10.49 10.49 10.49 10.48 10.48 10.48 10.48 10.48 10.48 10.48 10.47 10.47 10.47 10.47 10.47 10.47 10.47 10.47 10.47 10.47 10.47 10.47 10.47 10.47 10.47 10.47 10.47 10.47 10.46 10.46 10.45 10.46 10.46 10.46 10.46 10.47 10.47 10.46 10.46 10.45 10.43 10.43 10.42 10.40 10.39 10.37 10.36 10.34 10.32 10.30 10.28 10.27 10.25 10.23
10.61 10.60 10.60 10.60 10.59 10.58 10.58 10.57 10.56 10.57 10.56 10.55 10.55 10.54 10.54 10.53 10.53 10.52 10.53 10.52 10.52 10.51 10.51 10.51 10.51 10.50 10.50 10.50 10.50 10.50 10.50 10.50 10.50 10.50 10.50 10.50 10.50 10.50 10.50 10.50 10.50 10.50 10.50 10.50 10.50 10.50 10.50 10.51 10.50 10.50 10.50 10.51 10.50 10.50 10.49 10.49 10.48 10.48 10.48 10.48 10.48 10.49 10.48 10.48 10.46 10.45 10.44 10.43 10.42 10.41 10.40 10.38 10.36 10.35 10.33 10.32 10.30 10.28 10.27
10.60 10.59 10.59 10.58 10.58 10.58 10.57 10.56 10.56 10.55 10.55 10.55 10.54 10.54 10.53 10.53 10.53 10.53 10.52 10.52 10.52 10.51 10.52 10.52 10.51 10.51 10.51 10.51 10.51 10.51 10.51 10.51 10.51 10.52 10.52 10.52 10.52 10.52 10.52 10.52 10.52 10.52 10.52 10.53 10.53 10.52 10.52 10.52 10.53 10.53 10.53 10.52 10.53 10.53 10.52 10.52 10.51 10.50 10.51 10.51 10.50 10.50 10.49 10.48 10.48 10.47 10.46 10.45 10.44 10.42 10.42 10.40 10.39 10.37 10.36 10.35 10.33 10.32 10.30
10.58 10.58 10.58 10.57 10.56 10.56 10.56 10.56 10.55 10.55 10.54 10.54 10.54 10.53 10.53 10.53 10.53 10.53 10.52 10.52 10.52 10.52 10.52 10.52 10.51 10.52 10.52 10.52 10.52 10.52 10.51 10.52 10.52 10.52 10.52 10.52 10.52 10.53 10.53 10.53 10.53 10.53 10.53 10.54 10.54 10.54 10.54 10.55 10.55 10.54 10.55 10.55 10.54 10.54 10.55 10.54 10.54 10.53 10.53 10.53 10.52 10.51 10.51 10.50 10.49 10.49 10.48 10.47 10.46 10.45 10.43 10.43 10.41 10.40 10.39 10.38 10.37 10.35 10.34
10.57 10.56 10.56 10.56 10.56 10.55 10.55 10.55 10.55 10.54 10.54 10.54 10.53 10.53 10.53 10.53 10.53 10.52 10.52 10.52 10.52 10.52 10.52 10.52 10.52 10.52 10.52 10.53 10.52 10.52 10.52 10.53 10.53 10.53 10.53 10.53 10.54 10.54 10.54 10.54 10.55 10.55 10.55 10.55 10.56 10.56 10.56 10.56 10.56 10.56 10.57 10.56 10.56 10.56 10.56 10.56 10.55 10.55 10.54 10.54 10.54 10.53 10.53 10.52 10.51 10.50 10.49 10.49 10.48 10.47 10.46 10.45 10.44 10.42 10.42 10.41 10.40 10.39 10.38
10.56 10.56 10.55 10.55 10.55 10.54 10.54 10.54 10.54 10.53 10.53 10.52 10.53 10.53 10.52 10.53 10.52 10.52 10.52 10.52 10.52 10.52 10.52 10.52 10.52 10.53 10.52 10.52 10.52 10.53 10.53 10.53 10.54 10.54 10.54 10.54 10.55 10.55 10.55 10.56 10.56 10.56 10.56 10.56 10.56 10.57 10.57 10.57 10.58 10.58 10.57 10.58 10.58 10.57 10.57 10.58 10.57 10.57 10.56 10.55 10.56 10.55 10.54 10.53 10.53 10.52 10.51 10.50 10.50 10.49 10.48 10.47 10.46 10.46 10.44 10.44 10.43 10.43 10.42
10.54 10.54 10.54 10.54 10.53 10.54 10.53 10.53 10.52 10.53 10.52 10.52 10.52 10.52 10.51 10.52 10.52 10.51 10.52 10.52 10.51 10.52 10.52 10.52 10.52 10.52 10.52 10.53 10.53 10.53 10.54 10.54 10.54 10.54 10.54 10.54 10.55 10.55 10.55 10.56 10.56 10.56 10.57 10.57 10.57 10.58 10.58 10.59 10.59 10.58 10.59 10.59 10.58 10.59 10.59 10.58 10.59 10.58 10.58 10.57 10.56 10.57 10.56 10.55 10.54 10.54 10.53 10.52 10.52 10.51 10.50 10.50 10.49 10.48 10.48 10.47 10.47 10.46 10.47
10.53 10.53 10.52 10.53 10.53 10.52 10.53 10.52 10.52 10.52 10.52 10.51 10.52 10.51 10.51 10.52 10.51 10.51 10.52 10.51 10.51 10.52 10.52 10.51 10.52 10.52 10.53 10.53 10.53 10.53 10.53 10.53 10.54 10.54 10.55 10.55 10.55 10.56 10.56 10.56 10.57 10.57 10.58 10.58 10.58 10.59 10.58 10.59 10.59 10.59 10.60 10.59 10.60 10.60 10.59 10.60 10.59 10.59 10.58 10.59 10.58 10.58 10.57 10.57 10.56 10.55 10.55 10.54 10.53 10.53 10.53 10.52 10.52 10.52 10.51 10.51 10.51 10.51 10.50
10.52 10.52 10.52 10.51 10.52 10.51 10.51 10.51 10.51 10.51 10.51 10.51 10.50 10.51 10.50 10.51 10.51 10.51 10.51 10.51 10.51 10.51 10.51 10.52 10.52 10.52 10.52 10.52 10.53 10.53 10.53 10.54 10.54 10.55 10.55 10.55 10.56 10.56 10.57 10.56 10.56 10.57 10.57 10.58 10.58 10.59 10.59 10.59 10.60 10.59 10.60 10.60 10.61 10.60 10.60 10.61 10.60 10.61 10.60 10.60 10.60 10.59 10.59 10.58 10.58 10.57 10.57 10.57 10.56 10.55 10.55 10.55 10.55 10.55 10.55 10.54 10.55 10.55 10.55
10.51 10.50 10.51 10.50 10.50 10.51 10.50 10.50 10.50 10.50 10.50 10.50 10.50 10.50 10.50 10.50 10.50 10.50 10.51 10.50 10.51 10.51 10.51 10.51 10.51 10.52 10.52 10.53 10.53 10.53 10.54 10.54 10.54 10.54 10.54 10.55 10.55 10.56 10.56 10.57 10.57 10.58 10.58 10.58 10.59 10.59 10.60 10.59 10.60 10.60 10.61 10.61 10.61 10.61 10.61 10.61 10.61 10.61 10.61 10.61 10.61 10.60 10.60 10.60 10.60 10.59 10.58 10.59 10.59 10.58 10.58 10.58 10.57 10.58 10.58 10.58 10.59 10.59 10.60
10.50 10.49 10.49 10.50 10.49 10.49 10.49 10.49 10.49 10.49 10.49 10.49 10.49 10.50 10.49 10.49 10.50 10.49 10.50 10.50 10.51 10.50 10.51 10.51 10.51 10.52 10.52 10.52 10.52 10.53 10.53 10.54 10.54 10.54 10.55 10.55 10.56 10.56 10.57 10.57 10.58 10.58 10.59 10.58 10.59 10.59 10.59 10.60 10.60 10.61 10.60 10.61 10.61 10.62 10.61 10.62 10.61 10.62 10.62 10.62 10.62 10.62 10.61 10.62 10.61 10.61 10.60 10.61 10.61 10.61 10.61 10.61 10.61 10.62 10.62 10.62 10.63 10.64 10.64
10.48 10.48 10.48 10.49 10.48 10.48 10.48 10.48 10.48 10.48 10.48 10.49 10.48 10.49 10.49 10.48 10.49 10.49 10.50 10.49 10.50 10.50 10.51 10.51 10.51 10.51 10.52 10.52 10.52 10.53 10.53 10.54 10.54 10.54 10.54 10.55 10.55 10.56 10.56 10.57 10.57 10.58 10.58 10.59 10.59 10.60 10.60 10.61 10.60 10.61 10.61 10.62 10.61 10.62 10.62 10.62 10.62 10.63 10.62 10.63 10.62 10.63 10.63 10.63 10.63 10.63 10.63 10.63 10.63 10.63 10.63 10.64 10.64 10.65 10.66 10.67 10.68 10.68 10.70
10.47 10.47 10.47 10.47 10.47 10.47 10.48 10.47 10.47 10.48 10.47 10.48 10.48 10.48 10.48 10.48 10.48 10.48 10.49 10.49 10.50 10.49 10.50 10.50 10.51 10.51 10.52 10.52 10.52 10.52 10.53 10.53 10.54 10.54 10.55 10.55 10.56 10.56 10.57 10.57 10.58 10.58 10.59 10.59 10.59 10.59 10.60 10.60 10.61 10.61 10.61 10.61 10.62 10.62 10.62 10.62 10.63 10.63 10.63 10.63 10.63 10.63 10.64 10.64 10.65 10.65 10.65 10.66 10.66 10.66 10.66 10.67 10.67 10.68 10.69 10.71 10.72 10.74 10.76
10.46 10.46 10.46 10.46 10.46 10.46 10.46 10.46 10.46 10.47 10.47 10.47 10.47 10.48 10.47 10.47 10.48 10.48 10.48 10.48 10.49 10.49 10.50 10.50 10.50 10.50 10.51 10.51 10.52 10.53 10.53 10.54 10.54 10.54 10.54 10.55 10.55 10.56 10.56 10.57 10.57 10.58 10.58 10.59 10.59 10.60 10.60 10.61 10.60 10.61 10.61 10.62 10.62 10.62 10.62 10.63 10.63 10.63 10.63 10.64 10.64 10.64 10.65 10.65 10.66 10.67 10.67 10.68 10.68 10.69 10.69 10.71 10.72 10.73 10.74 10.76 10.77 10.79 10.82
10.45 10.45 10.45 10.45 10.45 10.45 10.45 10.46 10.45 10.46 10.46 10.46 10.46 10.47 10.47 10.47 10.47 10.48 10.48 10.49 10.48 10.49 10.49 10.50 10.50 10.51 10.51 10.51 10.51 10.52 10.52 10.53 10.53 10.54 10.54 10.55 10.56 10.56 10.57 10.57 10.58 10.58 10.59 10.58 10.59 10.59 10.60 10.60 10.61 10.61 10.62 10.61 10.62 10.63 10.62 10.63 10.63 10.64 10.64 10.64 10.64 10.65 10.65 10.66 10.67 10.68 10.69 10.71 10.71 10.72 10.72 10.74 10.75 10.77 10.78 10.80 10.82 10.84 10.87
10.43 10.44 10.43 10.44 10.44 10.44 10.44 10.45 10.45 10.45 10.45 10.46 10.46 10.46 10.46 10.47 10.46 10.47 10.47 10.48 10.48 10.49 10.49 10.49 10.49 10.50 10.51 10.51 10.52 10.52 10.53 10.53 10.54 10.53 10.54 10.54 10.55 10.56 10.56 10.57 10.57 10.58 10.58 10.59 10.59 10.60 10.60 10.61 10.60 10.61 10.61 10.62 10.63 10.62 10.63 10.63 10.63 10.64 10.64 10.64 10.65 10.66 10.66 10.67 10.68 10.69 10.70 10.71 10.74 10.75 10.76 10.78 10.79 10.81 10.84 10.86 10.88 10.90 10.93
