main/data/pressure/20.12.2023.grid
ncols 886
nrows 691
xllcenter 112.0000
yllcenter -44.5000
cellsize 0.0500
nodata_value 99999.90
[rows 210 to 244 of 691, columns 0 to 78 of 886]
25.01 24.99 24.98 24.96 24.95 24.94 24.92 24.91 24.89 24.88 24.87 24.86 24.85 24.84 24.83 24.82 24.81 24.80 24.79 24.79 24.78 24.78 24.77 24.77 24.77 24.77 24.77 24.77 24.78 24.78 24.78 24.78 24.79 24.80 24.80 24.81 24.82 24.83 24.84 24.85 24.86 24.86 24.88 24.89 24.90 24.92 24.92 24.94 24.96 24.98 25.00 25.04 25.08 25.12 25.16 25.22 25.25 25.29 25.33 25.37 25.40 25.43 25.45 25.47 25.47 25.46 25.45 25.41 25.36 25.30 25.21 25.12 25.01 24.89 24.77 24.64 24.52 24.40 24.28
24.93 24.91 24.90 24.88 24.87 24.85 24.83 24.82 24.81 24.79 24.78 24.77 24.75 24.74 24.73 24.72 24.71 24.70 24.70 24.69 24.68 24.68 24.67 24.67 24.67 24.66 24.66 24.67 24.67 24.67 24.68 24.67 24.68 24.69 24.69 24.70 24.70 24.71 24.71 24.72 24.73 24.74 24.75 24.75 24.77 24.77 24.79 24.80 24.82 24.84 24.87 24.91 24.96 25.00 25.05 25.09 25.14 25.18 25.22 25.26 25.30 25.33 25.36 25.38 25.40 25.40 25.38 25.35 25.30 25.22 25.13 25.02 24.90 24.78 24.63 24.50 24.37 24.23 24.11
24.86 24.84 24.82 24.81 24.79 24.77 24.76 24.74 24.73 24.71 24.70 24.68 24.67 24.66 24.65 24.63 24.62 24.61 24.61 24.60 24.59 24.58 24.58 24.57 24.57 24.57 24.56 24.56 24.56 24.56 24.56 24.56 24.57 24.56 24.57 24.58 24.58 24.58 24.59 24.59 24.60 24.61 24.61 24.62 24.63 24.63 24.64 24.65 24.67 24.69 24.73 24.78 24.83 24.87 24.92 24.97 25.01 25.06 25.11 25.15 25.19 25.22 25.26 25.29 25.31 25.32 25.31 25.28 25.22 25.14 25.04 24.92 24.79 24.64 24.50 24.35 24.21 24.06 23.93
24.79 24.76 24.74 24.72 24.70 24.69 24.67 24.65 24.64 24.62 24.61 24.59 24.58 24.56 24.55 24.54 24.53 24.51 24.50 24.49 24.49 24.48 24.47 24.47 24.46 24.46 24.46 24.45 24.45 24.45 24.45 24.45 24.45 24.45 24.46 24.46 24.46 24.46 24.47 24.46 24.47 24.47 24.47 24.47 24.48 24.48 24.49 24.50 24.51 24.55 24.60 24.64 24.70 24.74 24.79 24.84 24.89 24.94 24.98 25.03 25.08 25.11 25.15 25.19 25.22 25.24 25.24 25.21 25.16 25.06 24.95 24.81 24.67 24.51 24.35 24.20 24.04 23.88 23.74
24.71 24.69 24.67 24.65 24.63 24.61 24.59 24.57 24.56 24.54 24.52 24.51 24.49 24.48 24.46 24.45 24.44 24.42 24.41 24.40 24.39 24.38 24.37 24.36 24.35 24.35 24.35 24.34 24.33 24.33 24.34 24.33 24.33 24.33 24.33 24.33 24.33 24.33 24.34 24.33 24.33 24.33 24.33 24.33 24.33 24.33 24.33 24.33 24.36 24.40 24.45 24.51 24.55 24.61 24.65 24.70 24.76 24.80 24.85 24.90 24.95 25.00 25.04 25.08 25.12 25.14 25.15 25.14 25.08 24.98 24.85 24.70 24.53 24.36 24.19 24.02 23.85 23.69 23.54
24.63 24.61 24.59 24.57 24.55 24.54 24.52 24.50 24.48 24.46 24.44 24.41 24.40 24.38 24.37 24.35 24.34 24.32 24.31 24.30 24.29 24.28 24.27 24.26 24.25 24.24 24.23 24.23 24.23 24.22 24.22 24.21 24.21 24.21 24.21 24.21 24.21 24.20 24.19 24.20 24.19 24.18 24.18 24.17 24.18 24.17 24.17 24.18 24.21 24.26 24.31 24.36 24.41 24.46 24.51 24.56 24.61 24.66 24.71 24.76 24.81 24.86 24.91 24.95 25.00 25.03 25.06 25.06 24.97 24.85 24.73 24.56 24.38 24.20 24.02 23.84 23.66 23.50 23.33
24.56 24.54 24.52 24.50 24.48 24.45 24.43 24.41 24.39 24.37 24.35 24.33 24.31 24.30 24.28 24.26 24.25 24.23 24.22 24.20 24.19 24.17 24.16 24.15 24.14 24.14 24.12 24.12 24.11 24.10 24.10 24.09 24.08 24.08 24.07 24.07 24.07 24.06 24.05 24.05 24.04 24.03 24.03 24.02 24.01 24.01 24.00 24.03 24.07 24.12 24.16 24.21 24.25 24.31 24.36 24.41 24.46 24.51 24.57 24.61 24.66 24.71 24.76 24.81 24.85 24.90 24.93 24.88 24.76 24.76 24.59 24.41 24.21 24.02 23.82 23.64 23.46 23.29 23.12
24.49 24.47 24.45 24.41 24.39 24.37 24.35 24.33 24.31 24.29 24.27 24.25 24.23 24.21 24.19 24.17 24.15 24.13 24.11 24.10 24.09 24.07 24.06 24.05 24.03 24.02 24.01 24.00 23.99 23.98 23.98 23.97 23.96 23.95 23.95 23.95 23.93 23.92 23.92 23.91 23.89 23.88 23.87 23.86 23.85 23.83 23.85 23.88 23.92 23.97 24.01 24.06 24.10 24.16 24.20 24.26 24.30 24.35 24.41 24.45 24.50 24.55 24.60 24.64 24.69 24.72 24.76 24.66 24.66 24.57 24.40 24.20 24.02 23.82 23.62 23.43 23.24 23.06 22.89
24.42 24.40 24.36 24.34 24.32 24.29 24.27 24.25 24.23 24.21 24.18 24.16 24.13 24.11 24.09 24.07 24.06 24.04 24.02 24.00 23.99 23.96 23.95 23.94 23.93 23.91 23.90 23.89 23.88 23.86 23.86 23.85 23.84 23.83 23.81 23.81 23.79 23.78 23.77 23.75 23.74 23.72 23.71 23.69 23.67 23.66 23.69 23.73 23.77 23.82 23.86 23.91 23.95 24.00 24.04 24.10 24.14 24.20 24.24 24.29 24.33 24.37 24.41 24.45 24.49 24.52 24.53 24.52 24.45 24.33 24.17 23.98 23.80 23.60 23.40 23.21 23.01 22.82 22.65
24.35 24.31 24.29 24.27 24.24 24.22 24.19 24.17 24.15 24.12 24.09 24.07 24.05 24.02 24.00 23.98 23.96 23.95 23.92 23.90 23.88 23.86 23.85 23.83 23.81 23.80 23.78 23.77 23.75 23.75 23.73 23.72 23.71 23.69 23.68 23.67 23.65 23.64 23.62 23.60 23.58 23.57 23.54 23.52 23.50 23.51 23.54 23.58 23.62 23.66 23.71 23.75 23.80 23.84 23.89 23.93 23.97 24.02 24.07 24.11 24.15 24.19 24.23 24.26 24.28 24.29 24.28 24.25 24.18 24.07 23.92 23.74 23.56 23.36 23.17 22.97 22.77 22.59 22.37
24.28 24.24 24.22 24.19 24.17 24.14 24.12 24.09 24.07 24.03 24.01 23.98 23.96 23.94 23.92 23.89 23.86 23.84 23.82 23.80 23.78 23.75 23.74 23.72 23.70 23.68 23.67 23.65 23.63 23.62 23.61 23.59 23.57 23.56 23.54 23.52 23.51 23.49 23.47 23.45 23.42 23.40 23.38 23.35 23.34 23.35 23.39 23.43 23.46 23.51 23.54 23.59 23.63 23.68 23.72 23.76 23.81 23.85 23.88 23.93 23.96 23.99 24.02 24.04 24.05 24.05 24.03 23.98 23.89 23.79 23.65 23.48 23.31 23.12 22.93 22.72 22.52 22.33 22.14
24.21 24.18 24.14 24.12 24.09 24.06 24.04 24.01 23.98 23.95 23.93 23.90 23.88 23.85 23.83 23.79 23.77 23.75 23.73 23.70 23.67 23.65 23.64 23.61 23.59 23.57 23.55 23.53 23.51 23.49 23.47 23.45 23.44 23.42 23.40 23.38 23.36 23.33 23.31 23.29 23.26 23.23 23.20 23.18 23.19 23.21 23.24 23.28 23.31 23.35 23.39 23.42 23.47 23.51 23.55 23.59 23.63 23.67 23.70 23.73 23.77 23.79 23.81 23.82 23.81 23.80 23.76 23.71 23.62 23.52 23.38 23.22 23.05 22.87 22.68 22.49 22.28 22.09 21.89
24.14 24.11 24.07 24.04 24.01 23.99 23.96 23.93 23.89 23.87 23.84 23.82 23.79 23.76 23.73 23.70 23.68 23.65 23.63 23.60 23.57 23.55 23.52 23.50 23.48 23.46 23.43 23.41 23.38 23.36 23.34 23.32 23.30 23.28 23.26 23.23 23.21 23.18 23.16 23.13 23.09 23.07 23.04 23.02 23.04 23.06 23.09 23.12 23.15 23.19 23.22 23.26 23.30 23.34 23.37 23.42 23.45 23.48 23.52 23.55 23.56 23.58 23.59 23.59 23.58 23.55 23.50 23.44 23.35 23.25 23.12 22.97 22.80 22.63 22.44 22.24 22.04 21.83 21.63
24.07 24.04 24.01 23.97 23.94 23.91 23.88 23.85 23.82 23.79 23.76 23.73 23.70 23.67 23.64 23.61 23.58 23.56 23.52 23.50 23.47 23.44 23.42 23.39 23.37 23.34 23.31 23.28 23.26 23.23 23.21 23.19 23.16 23.14 23.11 23.08 23.06 23.03 22.99 22.97 22.93 22.90 22.87 22.87 22.89 22.92 22.94 22.97 23.00 23.03 23.06 23.10 23.13 23.16 23.20 23.24 23.27 23.30 23.33 23.35 23.36 23.37 23.38 23.36 23.34 23.30 23.25 23.18 23.10 22.98 22.86 22.71 22.56 22.38 22.20 22.01 21.80 21.59 21.36
23.99 23.96 23.93 23.91 23.86 23.83 23.80 23.77 23.74 23.70 23.67 23.64 23.62 23.58 23.55 23.52 23.49 23.45 23.43 23.40 23.36 23.34 23.30 23.28 23.25 23.22 23.19 23.16 23.13 23.11 23.08 23.05 23.02 22.99 22.96 22.93 22.91 22.87 22.84 22.80 22.77 22.72 22.71 22.72 22.74 22.77 22.79 22.82 22.84 22.87 22.90 22.93 22.96 22.99 23.03 23.06 23.08 23.12 23.14 23.16 23.16 23.16 23.16 23.14 23.11 23.06 22.99 22.92 22.84 22.73 22.60 22.46 22.31 22.15 21.98 21.79 21.59 21.35 21.02
23.93 23.89 23.86 23.83 23.80 23.76 23.73 23.70 23.66 23.63 23.59 23.56 23.53 23.49 23.46 23.43 23.40 23.36 23.33 23.29 23.26 23.23 23.20 23.16 23.13 23.11 23.07 23.04 23.00 22.97 22.94 22.91 22.88 22.85 22.81 22.77 22.74 22.71 22.67 22.63 22.59 22.57 22.57 22.59 22.60 22.62 22.64 22.66 22.68 22.71 22.74 22.76 22.79 22.82 22.84 22.87 22.90 22.93 22.95 22.96 22.97 22.96 22.94 22.91 22.87 22.82 22.76 22.68 22.59 22.49 22.37 22.23 22.09 21.93 21.76 21.59 21.39 21.17 20.94
23.86 23.83 23.80 23.76 23.73 23.69 23.65 23.62 23.59 23.55 23.51 23.48 23.44 23.41 23.37 23.34 23.31 23.26 23.23 23.19 23.16 23.12 23.08 23.06 23.02 22.98 22.95 22.91 22.87 22.84 22.80 22.77 22.73 22.70 22.66 22.62 22.58 22.54 22.51 22.46 22.43 22.42 22.43 22.43 22.45 22.46 22.48 22.50 22.52 22.55 22.57 22.59 22.62 22.64 22.66 22.69 22.71 22.74 22.76 22.77 22.77 22.75 22.73 22.68 22.64 22.58 22.51 22.44 22.35 22.24 22.14 22.01 21.87 21.72 21.56 21.40 21.20 21.01 20.83
23.81 23.76 23.73 23.70 23.65 23.62 23.59 23.55 23.51 23.47 23.44 23.39 23.36 23.33 23.28 23.25 23.20 23.17 23.14 23.09 23.05 23.02 22.98 22.94 22.90 22.86 22.82 22.78 22.74 22.70 22.66 22.62 22.58 22.55 22.50 22.46 22.42 22.38 22.33 22.29 22.27 22.27 22.28 22.29 22.30 22.32 22.32 22.34 22.36 22.38 22.40 22.42 22.44 22.46 22.48 22.50 22.52 22.54 22.56 22.58 22.58 22.56 22.52 22.47 22.41 22.35 22.28 22.20 22.11 22.02 21.90 21.78 21.65 21.52 21.35 21.17 21.00 20.84 20.66
23.74 23.70 23.66 23.62 23.59 23.55 23.51 23.47 23.44 23.39 23.36 23.32 23.27 23.24 23.19 23.16 23.11 23.08 23.03 22.99 22.95 22.91 22.86 22.82 22.78 22.74 22.70 22.65 22.61 22.57 22.52 22.48 22.43 22.39 22.34 22.30 22.25 22.21 22.17 22.13 22.13 22.13 22.14 22.14 22.15 22.16 22.17 22.19 22.19 22.21 22.22 22.24 22.26 22.28 22.30 22.31 22.33 22.35 22.37 22.39 22.39 22.36 22.31 22.25 22.18 22.12 22.05 21.97 21.89 21.80 21.69 21.57 21.45 21.31 21.15 20.99 20.83 20.66 20.49
23.68 23.64 23.60 23.56 23.52 23.48 23.44 23.40 23.36 23.32 23.28 23.24 23.19 23.15 23.11 23.07 23.03 22.98 22.93 22.90 22.85 22.80 22.76 22.71 22.67 22.61 22.57 22.52 22.47 22.42 22.37 22.33 22.28 22.23 22.18 22.13 22.09 22.04 22.00 21.99 21.99 21.99 21.99 21.99 22.00 22.01 22.02 22.02 22.03 22.04 22.06 22.07 22.09 22.10 22.11 22.13 22.14 22.16 22.17 22.18 22.16 22.16 22.09 22.02 21.95 21.89 21.82 21.74 21.67 21.58 21.48 21.38 21.25 21.11 20.95 20.80 20.65 20.50 20.33
23.61 23.58 23.54 23.49 23.46 23.42 23.37 23.33 23.28 23.24 23.20 23.16 23.12 23.07 23.03 22.98 22.94 22.89 22.84 22.80 22.75 22.70 22.65 22.60 22.55 22.50 22.45 22.39 22.34 22.29 22.23 22.18 22.12 22.07 22.01 21.97 21.91 21.88 21.86 21.85 21.85 21.85 21.85 21.85 21.86 21.85 21.86 21.86 21.87 21.88 21.88 21.89 21.90 21.91 21.92 21.93 21.94 21.95 21.95 21.96 21.95 21.91 21.84 21.78 21.72 21.66 21.60 21.52 21.45 21.38 21.28 21.14 21.04 20.91 20.76 20.63 20.49 20.33 20.18
23.56 23.52 23.47 23.43 23.39 23.35 23.31 23.26 23.22 23.18 23.13 23.08 23.03 22.99 22.94 22.90 22.85 22.80 22.74 22.69 22.64 22.59 22.54 22.49 22.43 22.38 22.32 22.26 22.20 22.14 22.08 22.02 21.96 21.91 21.85 21.80 21.75 21.73 21.71 21.70 21.69 21.70 21.70 21.70 21.69 21.70 21.70 21.70 21.70 21.70 21.71 21.71 21.72 21.73 21.73 21.74 21.74 21.74 21.74 21.73 21.70 21.64 21.58 21.53 21.48 21.43 21.38 21.32 21.24 21.17 21.08 20.96 20.85 20.71 20.58 20.44 20.31 20.18 20.04
23.50 23.46 23.41 23.38 23.33 23.29 23.23 23.19 23.15 23.10 23.06 23.00 22.96 22.91 22.86 22.81 22.76 22.70 22.65 22.60 22.54 22.49 22.43 22.37 22.32 22.26 22.19 22.13 22.06 22.00 21.93 21.87 21.81 21.74 21.69 21.63 21.60 21.57 21.56 21.55 21.54 21.54 21.55 21.55 21.54 21.55 21.54 21.54 21.54 21.53 21.53 21.54 21.54 21.48 21.55 21.54 21.54 21.53 21.51 21.49 21.45 21.39 21.33 21.29 21.26 21.22 21.17 21.11 21.04 20.95 20.87 20.76 20.64 20.51 20.39 20.28 20.16 19.96 19.89
23.45 23.41 23.36 23.32 23.27 23.22 23.17 23.13 23.08 23.03 22.98 22.93 22.88 22.84 22.78 22.73 22.67 22.61 22.57 22.50 22.44 22.39 22.32 22.26 22.20 22.13 22.07 22.00 21.93 21.86 21.79 21.72 21.65 21.58 21.52 21.48 21.45 21.42 21.41 21.40 21.39 21.39 21.39 21.40 21.39 21.39 21.38 21.30 21.36 21.36 21.36 21.36 21.36 21.36 21.35 21.35 21.34 21.33 21.31 21.27 21.23 21.17 21.07 21.07 21.02 21.00 20.96 20.90 20.81 20.74 20.65 20.56 20.45 20.29 20.21 20.10 19.99 19.78 19.58
23.39 23.35 23.30 23.26 23.21 23.16 23.11 23.07 23.01 22.97 22.91 22.86 22.81 22.75 22.70 22.65 22.59 22.53 22.47 22.42 22.35 22.29 22.22 22.15 22.08 22.01 21.94 21.86 21.80 21.72 21.65 21.57 21.49 21.42 21.37 21.33 21.30 21.27 21.25 21.24 21.23 21.23 21.23 21.24 21.24 21.23 21.15 21.20 21.19 21.18 21.18 21.18 21.18 21.18 21.16 21.16 21.15 21.13 21.11 21.02 21.02 20.98 20.91 20.89 20.85 20.80 20.75 20.70 20.63 20.55 20.46 20.37 20.21 20.00 19.95 19.93 19.84 19.66 19.51
23.34 23.30 23.25 23.20 23.15 23.11 23.05 23.00 22.95 22.89 22.85 22.79 22.73 22.68 22.62 22.57 22.51 22.45 22.39 22.32 22.25 22.19 22.12 22.05 21.97 21.90 21.82 21.74 21.66 21.58 21.50 21.42 21.34 21.28 21.22 21.19 21.15 21.12 21.09 21.08 21.07 21.07 21.07 21.08 21.08 21.06 21.04 21.03 21.01 21.00 21.00 21.00 21.00 21.00 20.98 20.97 20.97 20.94 20.92 20.89 20.85 20.80 20.76 20.73 20.68 20.61 20.56 20.49 20.43 20.37 20.28 20.19 20.06 19.81 19.84 19.75 19.63 19.55 19.32
23.29 23.25 23.19 23.15 23.09 23.05 22.99 22.94 22.89 22.83 22.78 22.73 22.66 22.61 22.55 22.49 22.43 22.37 22.30 22.23 22.16 22.10 22.02 21.95 21.86 21.78 21.70 21.61 21.53 21.44 21.36 21.27 21.19 21.13 21.08 21.04 20.99 20.95 20.92 20.89 20.88 20.89 20.73 20.91 20.92 20.88 20.86 20.84 20.83 20.83 20.82 20.82 20.82 20.82 20.82 20.81 20.79 20.76 20.73 20.70 20.66 20.63 20.60 20.55 20.46 20.46 20.38 20.30 20.22 20.17 20.09 20.01 19.94 19.84 19.72 19.56 19.47 19.33 19.10
23.25 23.19 23.15 23.09 23.04 22.99 22.94 22.89 22.83 22.77 22.72 22.66 22.60 22.54 22.47 22.41 22.35 22.28 22.22 22.14 22.08 22.00 21.92 21.83 21.76 21.67 21.59 21.49 21.40 21.31 21.21 21.12 21.06 21.00 20.94 20.89 20.84 20.79 20.75 20.72 20.69 20.68 20.63 20.69 20.70 20.68 20.67 20.65 20.64 20.64 20.64 20.64 20.64 20.64 20.62 20.64 20.60 20.60 20.56 20.53 20.49 20.45 20.43 20.38 20.36 20.30 20.19 20.13 20.06 20.01 19.93 19.83 19.76 19.62 19.51 19.36 19.30 19.18 18.83
23.20 23.15 23.10 23.04 23.00 22.94 22.88 22.83 22.77 22.71 22.66 22.60 22.54 22.47 22.41 22.34 22.28 22.21 22.13 22.07 21.99 21.91 21.83 21.74 21.66 21.56 21.47 21.38 21.28 21.18 21.08 21.00 20.93 20.86 20.80 20.74 20.68 20.63 20.58 20.54 20.46 20.34 20.34 20.46 20.46 20.47 20.46 20.46 20.46 20.46 20.46 20.47 20.47 20.47 20.47 20.45 20.44 20.43 20.39 20.36 20.33 20.29 20.26 20.24 20.21 20.15 20.05 19.98 19.91 19.85 19.77 19.69 19.59 19.47 19.33 19.14 19.13 19.10 18.90
23.16 23.10 23.05 23.00 22.94 22.89 22.83 22.77 22.71 22.66 22.60 22.54 22.47 22.41 22.34 22.28 22.21 22.13 22.06 21.98 21.90 21.82 21.74 21.65 21.56 21.46 21.37 21.26 21.16 21.06 20.96 20.88 20.80 20.73 20.67 20.60 20.52 20.46 20.40 20.35 19.99 19.89 20.04 20.21 20.23 20.24 20.25 20.26 20.27 20.28 20.29 20.30 20.30 20.30 20.30 20.27 20.28 20.25 20.23 20.20 20.17 20.14 20.12 20.10 20.05 19.99 19.92 19.83 19.76 19.68 19.62 19.54 19.43 19.33 19.25 19.03 18.99 18.94 18.85
23.11 23.07 23.01 22.95 22.90 22.84 22.78 22.72 22.67 22.61 22.54 22.48 22.41 22.35 22.28 22.21 22.14 22.06 21.99 21.91 21.83 21.74 21.65 21.56 21.46 21.36 21.27 21.16 21.05 20.94 20.84 20.76 20.69 20.61 20.54 20.45 20.38 20.31 20.24 20.03 19.46 19.47 19.80 20.01 20.03 20.04 20.06 20.08 20.08 20.10 20.11 20.12 20.14 20.13 20.12 20.12 20.11 20.09 20.07 20.03 20.01 19.99 19.97 19.92 19.82 19.79 19.75 19.69 19.61 19.51 19.44 19.36 19.32 19.18 19.12 19.00 18.86 18.59 18.73
23.08 23.02 22.97 22.91 22.85 22.80 22.74 22.68 22.61 22.55 22.50 22.43 22.36 22.30 22.23 22.15 22.08 21.99 21.92 21.84 21.75 21.67 21.57 21.47 21.37 21.27 21.17 21.05 20.94 20.83 20.74 20.65 20.57 20.49 20.40 20.32 20.24 20.16 20.08 19.52 19.04 19.37 19.71 19.82 19.83 19.85 19.86 19.89 19.91 19.93 19.95 19.96 19.97 19.97 19.95 19.96 19.95 19.92 19.92 19.90 19.86 19.84 19.83 19.78 19.76 19.67 19.60 19.53 19.45 19.35 19.23 19.05 19.21 19.11 19.04 18.97 18.84 18.60 18.55
23.04 22.98 22.94 22.88 22.81 22.75 22.69 22.64 22.57 22.51 22.44 22.37 22.31 22.24 22.17 22.09 22.01 21.94 21.86 21.77 21.68 21.58 21.50 21.39 21.29 21.19 21.07 20.96 20.84 20.73 20.64 20.55 20.47 20.38 20.29 20.20 20.11 20.02 19.82 19.14 18.59 19.02 19.63 19.63 19.64 19.66 19.69 19.72 19.75 19.77 19.79 19.81 19.81 19.81 19.82 19.81 19.79 19.78 19.76 19.74 19.73 19.70 19.69 19.67 19.62 19.55 19.45 19.38 19.30 19.21 19.09 18.53 18.92 19.03 18.94 18.81 18.52 18.41 18.47
23.01 22.95 22.89 22.84 22.78 22.71 22.65 22.59 22.53 22.47 22.40 22.33 22.26 22.19 22.11 22.04 21.95 21.88 21.79 21.70 21.62 21.52 21.42 21.32 21.22 21.10 20.99 20.88 20.76 20.64 20.55 20.45 20.37 20.28 20.18 20.08 19.99 19.89 19.57 18.97 18.73 19.30 19.46 19.45 19.47 19.50 19.53 19.57 19.59 19.55 19.65 19.67 19.65 19.66 19.67 19.67 19.65 19.64 19.62 19.59 19.57 19.54 19.55 19.52 19.47 19.41 19.33 19.26 19.18 19.14 19.06 18.74 18.93 18.91 18.81 18.65 18.39 18.41 18.44
22.98 22.92 22.87 22.80 22.74 22.68 22.62 22.55 22.48 22.42 22.35 22.28 22.21 22.14 22.06 21.99 21.91 21.82 21.73 21.64 21.55 21.46 21.36 21.25 21.15 21.03 20.92 20.80 20.68 20.56 20.46 20.37 20.28 20.18 20.08 19.98 19.88 19.78 19.29 18.84 18.77 19.23 19.27 19.28 19.31 19.35 19.38 19.42 19.45 19.48 19.51 19.53 19.53 19.54 19.52 19.53 19.51 19.51 19.49 19.46 19.45 19.42 19.42 19.39 19.33 19.29 19.23 19.15 19.08 19.00 18.86 18.57 18.79 18.77 18.73 18.68 18.57 18.38 18.31
