main/data/pressure/20.12.2023.grid
ncols 886
nrows 691
xllcenter 112.0000
yllcenter -44.5000
cellsize 0.0500
nodata_value 99999.90
[rows 35 to 69 of 691, columns 0 to 78 of 886]
33.53 33.54 33.54 33.55 33.55 33.56 33.56 33.57 33.58 33.58 33.59 33.60 33.60 33.61 33.61 33.62 33.62 33.63 33.64 33.64 33.65 33.65 33.66 33.67 33.67 33.68 33.68 33.69 33.70 33.70 33.71 33.71 33.72 33.72 33.73 33.74 33.75 33.76 33.76 33.77 33.77 33.78 33.79 33.79 33.80 33.80 33.81 33.82 33.82 33.83 33.83 33.84 33.84 33.85 33.86 33.86 33.87 33.87 33.88 33.88 33.89 33.89 33.90 33.91 33.91 33.92 33.92 33.93 33.93 33.94 33.94 33.95 33.95 33.96 33.96 33.97 33.97 33.98 33.98
33.49 33.49 33.50 33.51 33.51 33.52 33.52 33.53 33.54 33.54 33.55 33.55 33.56 33.57 33.57 33.58 33.58 33.59 33.60 33.60 33.61 33.61 33.62 33.62 33.63 33.64 33.64 33.65 33.65 33.66 33.67 33.67 33.68 33.69 33.70 33.71 33.71 33.72 33.72 33.73 33.73 33.74 33.75 33.75 33.76 33.76 33.77 33.78 33.78 33.79 33.79 33.80 33.80 33.81 33.82 33.82 33.83 33.83 33.84 33.84 33.85 33.85 33.86 33.87 33.87 33.88 33.88 33.89 33.89 33.90 33.90 33.91 33.91 33.92 33.92 33.93 33.93 33.94 33.95
33.45 33.45 33.46 33.47 33.47 33.48 33.48 33.49 33.49 33.50 33.51 33.51 33.52 33.53 33.53 33.54 33.54 33.55 33.55 33.56 33.57 33.57 33.58 33.58 33.59 33.60 33.60 33.61 33.61 33.63 33.64 33.64 33.65 33.65 33.66 33.66 33.67 33.68 33.68 33.69 33.70 33.70 33.71 33.71 33.72 33.72 33.73 33.74 33.74 33.75 33.75 33.76 33.76 33.77 33.78 33.78 33.79 33.79 33.80 33.80 33.81 33.82 33.82 33.83 33.83 33.84 33.84 33.85 33.85 33.86 33.86 33.87 33.88 33.88 33.89 33.89 33.90 33.90 33.91
33.41 33.41 33.42 33.42 33.43 33.44 33.44 33.45 33.45 33.46 33.47 33.47 33.48 33.48 33.49 33.49 33.50 33.51 33.51 33.52 33.53 33.53 33.54 33.54 33.55 33.55 33.57 33.58 33.58 33.59 33.59 33.60 33.61 33.61 33.62 33.62 33.63 33.64 33.64 33.65 33.65 33.66 33.67 33.67 33.68 33.68 33.69 33.70 33.70 33.71 33.71 33.72 33.72 33.73 33.74 33.74 33.75 33.75 33.76 33.76 33.77 33.78 33.78 33.79 33.79 33.80 33.80 33.81 33.81 33.82 33.82 33.83 33.84 33.84 33.85 33.85 33.86 33.86 33.87
33.37 33.37 33.38 33.38 33.39 33.40 33.40 33.41 33.41 33.42 33.42 33.43 33.44 33.44 33.45 33.45 33.46 33.47 33.47 33.48 33.48 33.49 33.50 33.51 33.52 33.52 33.53 33.54 33.54 33.55 33.55 33.56 33.57 33.57 33.58 33.58 33.59 33.60 33.60 33.61 33.61 33.62 33.63 33.63 33.64 33.64 33.65 33.66 33.66 33.67 33.67 33.68 33.68 33.69 33.70 33.70 33.71 33.71 33.72 33.72 33.73 33.74 33.74 33.75 33.75 33.76 33.76 33.77 33.77 33.78 33.79 33.79 33.80 33.80 33.81 33.82 33.83 33.83 33.84
33.32 33.33 33.34 33.34 33.35 33.35 33.36 33.37 33.37 33.38 33.38 33.39 33.40 33.40 33.41 33.41 33.42 33.42 33.43 33.44 33.45 33.46 33.47 33.47 33.48 33.48 33.49 33.49 33.50 33.51 33.51 33.52 33.53 33.53 33.54 33.54 33.55 33.56 33.56 33.57 33.57 33.58 33.59 33.59 33.60 33.60 33.61 33.61 33.62 33.63 33.63 33.64 33.64 33.65 33.66 33.66 33.67 33.67 33.68 33.68 33.69 33.70 33.70 33.71 33.71 33.72 33.72 33.73 33.73 33.74 33.75 33.76 33.77 33.77 33.78 33.78 33.79 33.79 33.80
33.28 33.29 33.29 33.30 33.31 33.31 33.32 33.32 33.33 33.34 33.34 33.35 33.35 33.36 33.37 33.37 33.38 33.39 33.40 33.41 33.41 33.42 33.42 33.43 33.44 33.44 33.45 33.45 33.46 33.47 33.47 33.48 33.48 33.49 33.50 33.50 33.51 33.51 33.52 33.53 33.53 33.54 33.54 33.55 33.56 33.56 33.57 33.57 33.58 33.59 33.59 33.60 33.60 33.61 33.62 33.62 33.63 33.63 33.64 33.64 33.65 33.66 33.66 33.67 33.67 33.68 33.68 33.70 33.71 33.71 33.72 33.72 33.73 33.73 33.74 33.74 33.75 33.75 33.76
33.24 33.25 33.25 33.26 33.26 33.27 33.28 33.28 33.29 33.29 33.30 33.31 33.31 33.32 33.33 33.34 33.35 33.35 33.36 33.36 33.37 33.38 33.38 33.39 33.39 33.40 33.41 33.41 33.42 33.42 33.43 33.44 33.44 33.45 33.46 33.46 33.47 33.47 33.48 33.49 33.49 33.50 33.50 33.51 33.52 33.52 33.53 33.53 33.54 33.55 33.55 33.56 33.56 33.57 33.58 33.58 33.59 33.59 33.60 33.60 33.61 33.62 33.62 33.64 33.64 33.65 33.65 33.66 33.67 33.67 33.68 33.68 33.69 33.69 33.70 33.70 33.71 33.72 33.72
33.20 33.21 33.21 33.22 33.22 33.23 33.24 33.24 33.25 33.25 33.26 33.26 33.28 33.29 33.29 33.30 33.30 33.31 33.32 33.32 33.33 33.33 33.34 33.35 33.35 33.36 33.37 33.37 33.38 33.38 33.39 33.40 33.40 33.41 33.41 33.42 33.43 33.43 33.44 33.45 33.45 33.46 33.46 33.47 33.47 33.48 33.49 33.49 33.50 33.50 33.51 33.52 33.52 33.53 33.53 33.54 33.55 33.55 33.56 33.57 33.58 33.59 33.59 33.60 33.60 33.61 33.62 33.62 33.63 33.63 33.64 33.64 33.65 33.65 33.66 33.66 33.67 33.67 33.68
33.16 33.16 33.17 33.17 33.18 33.19 33.19 33.20 33.21 33.22 33.23 33.23 33.24 33.24 33.25 33.26 33.26 33.27 33.28 33.28 33.29 33.29 33.30 33.31 33.31 33.32 33.32 33.33 33.34 33.34 33.35 33.35 33.36 33.37 33.37 33.38 33.39 33.39 33.40 33.40 33.41 33.42 33.42 33.43 33.43 33.44 33.45 33.45 33.46 33.47 33.47 33.48 33.48 33.49 33.51 33.51 33.52 33.52 33.53 33.53 33.54 33.55 33.55 33.56 33.56 33.57 33.57 33.58 33.59 33.59 33.60 33.60 33.61 33.61 33.62 33.62 33.63 33.64 33.64
33.12 33.12 33.13 33.13 33.14 33.15 33.15 33.17 33.17 33.18 33.18 33.19 33.20 33.20 33.21 33.22 33.22 33.23 33.23 33.24 33.25 33.25 33.26 33.26 33.27 33.28 33.28 33.29 33.29 33.30 33.31 33.31 33.32 33.33 33.33 33.34 33.34 33.35 33.36 33.36 33.37 33.38 33.38 33.39 33.39 33.40 33.41 33.41 33.42 33.42 33.44 33.45 33.45 33.46 33.46 33.47 33.48 33.48 33.49 33.49 33.50 33.51 33.51 33.52 33.52 33.53 33.53 33.54 33.55 33.55 33.56 33.56 33.57 33.57 33.58 33.58 33.59 33.60 33.61
33.07 33.08 33.08 33.09 33.11 33.11 33.12 33.12 33.13 33.14 33.14 33.15 33.16 33.16 33.17 33.17 33.18 33.19 33.19 33.20 33.20 33.21 33.22 33.22 33.23 33.23 33.24 33.25 33.25 33.26 33.27 33.27 33.28 33.28 33.29 33.30 33.30 33.31 33.32 33.32 33.33 33.33 33.34 33.35 33.35 33.36 33.38 33.38 33.39 33.39 33.40 33.40 33.41 33.42 33.42 33.43 33.44 33.44 33.45 33.45 33.46 33.47 33.47 33.48 33.48 33.49 33.49 33.50 33.51 33.51 33.52 33.52 33.53 33.53 33.55 33.55 33.56 33.57 33.57
33.03 33.04 33.05 33.06 33.06 33.07 33.08 33.08 33.09 33.09 33.10 33.11 33.11 33.12 33.13 33.13 33.14 33.14 33.15 33.16 33.16 33.17 33.17 33.18 33.19 33.19 33.20 33.21 33.21 33.22 33.22 33.23 33.24 33.24 33.25 33.26 33.26 33.27 33.27 33.28 33.29 33.29 33.31 33.31 33.32 33.33 33.33 33.34 33.35 33.35 33.36 33.36 33.37 33.38 33.38 33.39 33.39 33.40 33.41 33.41 33.42 33.42 33.43 33.44 33.44 33.45 33.45 33.46 33.47 33.47 33.49 33.49 33.50 33.50 33.51 33.51 33.52 33.52 33.53
33.00 33.00 33.01 33.02 33.02 33.03 33.03 33.04 33.05 33.05 33.06 33.06 33.07 33.08 33.08 33.09 33.10 33.10 33.11 33.11 33.12 33.13 33.13 33.14 33.15 33.15 33.16 33.16 33.17 33.18 33.18 33.19 33.20 33.20 33.21 33.21 33.22 33.23 33.23 33.25 33.26 33.26 33.27 33.27 33.28 33.29 33.29 33.30 33.30 33.31 33.32 33.32 33.33 33.33 33.34 33.35 33.35 33.36 33.37 33.37 33.38 33.38 33.39 33.40 33.40 33.41 33.42 33.43 33.43 33.44 33.45 33.45 33.46 33.46 33.47 33.47 33.48 33.49 33.49
32.96 32.96 32.97 32.97 32.98 32.99 32.99 33.00 33.00 33.01 33.02 33.02 33.03 33.04 33.04 33.05 33.05 33.06 33.07 33.07 33.08 33.08 33.09 33.10 33.10 33.11 33.12 33.12 33.13 33.13 33.14 33.15 33.15 33.16 33.17 33.18 33.19 33.20 33.20 33.21 33.21 33.22 33.23 33.23 33.24 33.24 33.25 33.26 33.26 33.27 33.28 33.28 33.29 33.29 33.30 33.31 33.31 33.32 33.32 33.33 33.34 33.35 33.36 33.36 33.37 33.38 33.38 33.39 33.39 33.40 33.40 33.41 33.42 33.42 33.43 33.43 33.44 33.45 33.45
32.91 32.92 32.93 32.93 32.94 32.94 32.95 32.96 32.96 32.97 32.97 32.98 32.99 32.99 33.00 33.01 33.01 33.02 33.02 33.03 33.04 33.04 33.05 33.05 33.06 33.07 33.07 33.08 33.09 33.09 33.10 33.10 33.12 33.13 33.13 33.14 33.15 33.15 33.16 33.17 33.17 33.18 33.18 33.19 33.20 33.20 33.21 33.22 33.22 33.23 33.23 33.24 33.25 33.25 33.26 33.26 33.27 33.29 33.29 33.30 33.30 33.31 33.32 33.32 33.33 33.33 33.34 33.35 33.35 33.36 33.36 33.37 33.38 33.38 33.39 33.39 33.40 33.41 33.42
32.87 32.88 32.88 32.89 32.90 32.90 32.91 32.91 32.92 32.93 32.93 32.94 32.95 32.95 32.96 32.96 32.97 32.98 32.98 32.99 32.99 33.00 33.01 33.01 33.02 33.03 33.03 33.04 33.04 33.06 33.07 33.07 33.08 33.09 33.09 33.10 33.10 33.11 33.12 33.12 33.13 33.14 33.14 33.15 33.15 33.16 33.17 33.17 33.18 33.19 33.19 33.20 33.21 33.22 33.23 33.23 33.24 33.24 33.25 33.26 33.26 33.27 33.28 33.28 33.29 33.29 33.30 33.31 33.31 33.32 33.32 33.33 33.35 33.35 33.36 33.36 33.37 33.37 33.38
32.83 32.83 32.84 32.85 32.85 32.86 32.86 32.87 32.88 32.88 32.89 32.90 32.90 32.91 32.91 32.92 32.93 32.93 32.94 32.95 32.95 32.96 32.97 32.97 32.98 32.99 33.00 33.01 33.01 33.02 33.03 33.03 33.04 33.04 33.05 33.06 33.06 33.07 33.08 33.08 33.09 33.09 33.10 33.11 33.11 33.12 33.13 33.13 33.14 33.15 33.16 33.17 33.17 33.18 33.19 33.19 33.20 33.20 33.21 33.22 33.22 33.23 33.24 33.24 33.25 33.25 33.26 33.26 33.28 33.29 33.29 33.30 33.30 33.31 33.32 33.32 33.33 33.33 33.34
32.79 32.79 32.80 32.80 32.81 32.82 32.82 32.83 32.83 32.84 32.85 32.85 32.86 32.87 32.87 32.88 32.88 32.89 32.90 32.90 32.91 32.92 32.92 32.94 32.95 32.95 32.96 32.96 32.97 32.98 32.98 32.99 32.99 33.00 33.01 33.01 33.02 33.03 33.03 33.04 33.05 33.05 33.06 33.06 33.07 33.09 33.09 33.10 33.11 33.11 33.12 33.12 33.13 33.14 33.14 33.15 33.16 33.16 33.17 33.17 33.18 33.19 33.19 33.21 33.22 33.22 33.23 33.23 33.24 33.25 33.25 33.26 33.26 33.27 33.28 33.28 33.29 33.29 33.30
32.74 32.75 32.76 32.76 32.77 32.77 32.78 32.79 32.79 32.80 32.80 32.81 32.82 32.82 32.83 32.84 32.84 32.85 32.85 32.86 32.88 32.88 32.89 32.90 32.90 32.91 32.92 32.92 32.93 32.93 32.94 32.95 32.95 32.96 32.97 32.97 32.98 32.99 32.99 33.00 33.00 33.02 33.03 33.03 33.04 33.04 33.05 33.06 33.06 33.07 33.08 33.08 33.09 33.10 33.10 33.11 33.11 33.12 33.13 33.14 33.15 33.16 33.16 33.17 33.17 33.18 33.19 33.19 33.20 33.20 33.21 33.22 33.22 33.23 33.23 33.25 33.26 33.26 33.27
32.70 32.71 32.71 32.72 32.72 32.73 32.74 32.74 32.75 32.75 32.76 32.77 32.77 32.78 32.79 32.79 32.80 32.81 32.82 32.83 32.83 32.84 32.85 32.85 32.86 32.87 32.87 32.88 32.89 32.89 32.90 32.90 32.91 32.92 32.92 32.93 32.94 32.94 32.96 32.97 32.97 32.98 32.98 32.99 33.00 33.00 33.01 33.02 33.02 33.03 33.03 33.04 33.05 33.05 33.06 33.08 33.08 33.09 33.10 33.10 33.11 33.11 33.12 33.13 33.13 33.14 33.14 33.15 33.16 33.16 33.18 33.18 33.19 33.20 33.20 33.21 33.21 33.22 33.23
32.66 32.66 32.67 32.68 32.68 32.69 32.69 32.70 32.71 32.71 32.72 32.72 32.73 32.74 32.75 32.76 32.77 32.77 32.78 32.78 32.79 32.80 32.80 32.81 32.82 32.82 32.83 32.84 32.84 32.85 32.85 32.86 32.87 32.87 32.89 32.90 32.90 32.91 32.92 32.92 32.93 32.93 32.94 32.95 32.95 32.96 32.97 32.97 32.98 32.99 32.99 33.01 33.01 33.02 33.03 33.03 33.04 33.05 33.05 33.06 33.07 33.07 33.08 33.08 33.09 33.11 33.11 33.12 33.12 33.13 33.14 33.14 33.15 33.15 33.16 33.17 33.17 33.18 33.18
32.61 32.62 32.63 32.63 32.64 32.64 32.65 32.66 32.66 32.67 32.68 32.68 32.70 32.70 32.71 32.72 32.72 32.73 32.74 32.74 32.75 32.76 32.76 32.77 32.77 32.78 32.79 32.79 32.80 32.81 32.81 32.83 32.83 32.84 32.85 32.85 32.86 32.87 32.87 32.88 32.89 32.89 32.90 32.91 32.91 32.92 32.92 32.94 32.95 32.95 32.96 32.97 32.97 32.98 32.99 32.99 33.00 33.01 33.01 33.02 33.02 33.04 33.05 33.05 33.06 33.06 33.07 33.08 33.08 33.09 33.09 33.10 33.11 33.11 33.13 33.14 33.14 33.15 33.15
32.57 32.58 32.58 32.59 32.59 32.60 32.61 32.61 32.62 32.64 32.64 32.65 32.65 32.66 32.67 32.67 32.68 32.69 32.69 32.70 32.71 32.71 32.72 32.73 32.73 32.74 32.74 32.75 32.77 32.77 32.78 32.79 32.79 32.80 32.80 32.81 32.82 32.82 32.83 32.84 32.84 32.85 32.86 32.87 32.88 32.89 32.89 32.90 32.91 32.91 32.92 32.92 32.93 32.94 32.94 32.95 32.96 32.97 32.98 32.99 32.99 33.00 33.00 33.01 33.02 33.02 33.03 33.03 33.04 33.06 33.06 33.07 33.08 33.08 33.09 33.09 33.10 33.11 33.11
32.53 32.53 32.54 32.55 32.55 32.56 32.56 32.58 32.59 32.59 32.60 32.60 32.61 32.62 32.62 32.63 32.64 32.64 32.65 32.66 32.66 32.67 32.67 32.68 32.69 32.70 32.71 32.72 32.72 32.73 32.74 32.74 32.75 32.76 32.76 32.77 32.77 32.78 32.79 32.80 32.81 32.82 32.82 32.83 32.84 32.84 32.85 32.86 32.86 32.87 32.88 32.88 32.90 32.90 32.91 32.92 32.92 32.93 32.94 32.94 32.95 32.95 32.96 32.97 32.97 32.99 33.00 33.00 33.01 33.02 33.02 33.03 33.03 33.04 33.05 33.05 33.07 33.07 33.08
32.48 32.49 32.50 32.50 32.52 32.52 32.53 32.54 32.54 32.55 32.56 32.56 32.57 32.57 32.58 32.59 32.59 32.60 32.61 32.61 32.62 32.62 32.64 32.65 32.65 32.66 32.67 32.67 32.68 32.69 32.69 32.70 32.71 32.71 32.72 32.73 32.74 32.75 32.76 32.76 32.77 32.78 32.78 32.79 32.79 32.80 32.81 32.81 32.83 32.84 32.84 32.85 32.86 32.86 32.87 32.88 32.88 32.89 32.89 32.90 32.92 32.92 32.93 32.94 32.94 32.95 32.95 32.96 32.97 32.97 32.98 32.99 33.00 33.01 33.01 33.02 33.03 33.03 33.04
32.44 32.45 32.46 32.47 32.48 32.48 32.49 32.49 32.50 32.51 32.51 32.52 32.53 32.53 32.54 32.54 32.55 32.56 32.56 32.58 32.58 32.59 32.60 32.60 32.61 32.62 32.62 32.63 32.64 32.64 32.65 32.66 32.66 32.68 32.69 32.69 32.70 32.71 32.71 32.72 32.73 32.73 32.74 32.75 32.76 32.77 32.77 32.78 32.79 32.79 32.80 32.81 32.81 32.82 32.83 32.83 32.85 32.85 32.86 32.87 32.87 32.88 32.89 32.89 32.90 32.91 32.92 32.93 32.94 32.94 32.95 32.95 32.96 32.97 32.97 32.98 32.98 33.00 33.01
32.41 32.41 32.42 32.42 32.43 32.44 32.44 32.45 32.46 32.46 32.47 32.48 32.48 32.49 32.49 32.50 32.51 32.52 32.53 32.53 32.54 32.55 32.55 32.56 32.57 32.57 32.58 32.59 32.59 32.61 32.62 32.62 32.63 32.64 32.64 32.65 32.66 32.66 32.67 32.67 32.68 32.70 32.70 32.71 32.72 32.72 32.73 32.74 32.74 32.75 32.76 32.77 32.78 32.79 32.79 32.80 32.81 32.81 32.82 32.83 32.83 32.84 32.85 32.86 32.87 32.87 32.88 32.89 32.89 32.90 32.90 32.91 32.93 32.93 32.94 32.95 32.95 32.96 32.96
32.36 32.37 32.38 32.38 32.39 32.39 32.40 32.41 32.41 32.42 32.42 32.43 32.44 32.44 32.46 32.47 32.47 32.48 32.49 32.49 32.50 32.50 32.51 32.52 32.52 32.53 32.55 32.55 32.56 32.57 32.57 32.58 32.59 32.59 32.60 32.61 32.61 32.63 32.63 32.64 32.65 32.65 32.66 32.67 32.67 32.68 32.69 32.70 32.71 32.72 32.72 32.73 32.74 32.74 32.75 32.76 32.76 32.78 32.79 32.79 32.80 32.80 32.81 32.82 32.82 32.83 32.84 32.85 32.86 32.87 32.87 32.88 32.88 32.89 32.90 32.90 32.92 32.92 32.93
32.32 32.33 32.33 32.34 32.34 32.35 32.35 32.36 32.37 32.37 32.38 32.39 32.40 32.41 32.42 32.42 32.43 32.43 32.44 32.45 32.45 32.46 32.47 32.47 32.49 32.50 32.50 32.51 32.52 32.52 32.53 32.54 32.54 32.55 32.57 32.57 32.58 32.58 32.59 32.60 32.60 32.61 32.62 32.62 32.64 32.65 32.65 32.66 32.67 32.67 32.68 32.69 32.69 32.71 32.72 32.72 32.73 32.74 32.74 32.75 32.76 32.76 32.78 32.79 32.79 32.80 32.80 32.81 32.82 32.82 32.83 32.85 32.85 32.86 32.86 32.87 32.88 32.88 32.89
32.27 32.28 32.29 32.29 32.30 32.30 32.31 32.32 32.32 32.34 32.35 32.35 32.36 32.36 32.37 32.38 32.38 32.39 32.40 32.40 32.41 32.43 32.43 32.44 32.45 32.45 32.46 32.47 32.47 32.48 32.49 32.50 32.51 32.51 32.52 32.53 32.53 32.54 32.55 32.55 32.57 32.58 32.59 32.59 32.60 32.60 32.61 32.62 32.62 32.64 32.65 32.65 32.66 32.67 32.67 32.68 32.69 32.69 32.71 32.72 32.72 32.73 32.74 32.74 32.75 32.76 32.77 32.78 32.78 32.79 32.80 32.80 32.81 32.81 32.83 32.84 32.84 32.85 32.86
32.23 32.24 32.24 32.25 32.26 32.26 32.27 32.28 32.29 32.30 32.30 32.31 32.31 32.32 32.33 32.33 32.34 32.35 32.36 32.37 32.38 32.38 32.39 32.40 32.40 32.41 32.42 32.42 32.44 32.45 32.45 32.46 32.47 32.47 32.48 32.49 32.49 32.51 32.51 32.52 32.53 32.53 32.54 32.55 32.55 32.57 32.58 32.58 32.59 32.60 32.60 32.61 32.62 32.63 32.64 32.65 32.65 32.66 32.67 32.67 32.68 32.70 32.70 32.71 32.72 32.72 32.73 32.73 32.74 32.76 32.76 32.77 32.78 32.78 32.79 32.79 32.80 32.82 32.82
32.19 32.19 32.20 32.20 32.21 32.23 32.23 32.24 32.24 32.25 32.26 32.26 32.27 32.28 32.28 32.29 32.31 32.31 32.32 32.33 32.33 32.34 32.35 32.35 32.36 32.38 32.38 32.39 32.39 32.40 32.41 32.41 32.42 32.44 32.44 32.45 32.46 32.46 32.47 32.48 32.48 32.50 32.51 32.51 32.52 32.53 32.53 32.54 32.55 32.56 32.57 32.58 32.58 32.59 32.60 32.60 32.61 32.63 32.63 32.64 32.65 32.65 32.66 32.67 32.68 32.69 32.69 32.70 32.71 32.71 32.72 32.73 32.74 32.75 32.76 32.76 32.77 32.77 32.78
32.14 32.15 32.16 32.17 32.18 32.18 32.19 32.20 32.20 32.21 32.21 32.22 32.23 32.24 32.25 32.26 32.26 32.27 32.28 32.28 32.29 32.29 32.31 32.32 32.32 32.33 32.34 32.34 32.35 32.36 32.37 32.38 32.39 32.39 32.40 32.41 32.41 32.42 32.44 32.44 32.45 32.46 32.46 32.47 32.48 32.49 32.50 32.51 32.51 32.52 32.53 32.53 32.55 32.56 32.56 32.57 32.58 32.58 32.59 32.60 32.61 32.62 32.62 32.63 32.64 32.64 32.65 32.67 32.67 32.68 32.69 32.69 32.70 32.71 32.72 32.73 32.74 32.74 32.75
32.11 32.11 32.12 32.12 32.13 32.14 32.14 32.15 32.16 32.16 32.17 32.19 32.19 32.20 32.21 32.21 32.22 32.22 32.23 32.24 32.25 32.26 32.27 32.27 32.28 32.29 32.29 32.31 32.32 32.32 32.33 32.34 32.34 32.35 32.36 32.37 32.38 32.39 32.39 32.40 32.41 32.41 32.43 32.44 32.44 32.45 32.46 32.46 32.48 32.49 32.49 32.50 32.51 32.51 32.52 32.53 32.54 32.55 32.55 32.56 32.57 32.57 32.59 32.60 32.60 32.61 32.62 32.62 32.63 32.65 32.65 32.66 32.67 32.67 32.68 32.70 32.70 32.71 32.71
