main/data/pressure/21.12.2023.grid
ncols 886
nrows 691
xllcenter 112.0000
yllcenter -44.5000
cellsize 0.0500
nodata_value 99999.90
[rows 432 to 467 of 691, columns 480 to 559 of 886]
11.55 11.56 11.57 11.56 11.56 11.50 11.41 11.56 11.54 11.49 11.60 11.64 11.54 11.51 11.60 11.58 11.56 11.54 11.48 11.26 11.39 11.30 11.16 11.13 11.36 11.37 11.24 11.24 11.19 11.09 10.91 10.68 10.67 10.93 11.20 11.20 11.18 11.21 11.16 11.12 11.08 11.05 11.02 10.98 10.96 10.78 10.41 10.41 10.20 9.08 9.70 8.35 8.67 7.96 9.18 9.28 9.71 9.83 9.76 9.90 10.07 10.13 10.17 9.69 9.84 10.02 10.20 10.17 10.14 10.07 9.97 9.89 9.81 9.75 9.68 9.62 9.59 9.53 9.49 9.46
11.52 11.53 11.54 11.55 11.54 11.47 11.45 11.48 11.53 11.52 11.58 11.67 11.55 11.51 11.61 11.58 11.59 11.53 11.33 10.69 11.31 11.32 11.17 11.14 11.28 11.37 11.28 11.18 11.16 11.09 10.77 10.62 10.75 10.91 11.25 11.28 11.25 11.24 11.20 11.17 11.12 11.09 11.08 11.05 11.01 10.77 10.49 10.42 10.08 7.49 9.20 9.77 8.15 8.84 9.25 9.47 9.66 9.11 9.90 10.00 10.10 10.09 10.06 9.87 10.10 10.17 10.25 10.22 10.17 10.06 9.96 9.86 9.76 9.70 9.62 9.57 9.55 9.48 9.45 9.41
11.52 11.51 11.54 11.55 11.54 11.50 11.43 11.41 11.45 11.48 11.55 11.62 11.64 11.57 11.51 11.54 11.58 11.56 11.52 11.47 11.43 11.39 11.27 11.24 11.35 11.30 11.18 11.08 11.16 11.23 11.07 10.80 10.76 10.92 11.19 11.28 11.28 11.23 11.22 11.20 11.15 11.11 11.10 11.04 10.96 10.71 10.13 10.45 10.44 8.22 9.50 9.87 9.49 9.07 8.72 8.75 9.22 9.54 9.86 9.91 10.08 9.88 9.49 10.00 10.07 10.17 10.29 10.20 10.12 10.03 9.93 9.82 9.70 9.62 9.55 9.51 9.48 9.42 9.37 9.38
11.53 11.54 11.56 11.55 11.54 11.49 11.43 11.42 11.46 11.52 11.58 11.64 11.64 11.62 11.57 11.57 11.58 11.54 11.49 11.46 11.44 11.40 11.32 11.25 11.33 11.19 11.09 10.99 11.09 11.26 11.27 11.14 11.05 11.12 11.24 11.29 11.28 11.25 11.23 11.21 11.15 11.10 11.13 11.10 10.83 10.93 10.71 10.65 10.23 10.35 10.17 9.30 9.50 8.73 8.85 9.54 9.56 9.65 9.86 9.74 9.95 9.95 9.44 10.01 10.10 10.43 10.16 10.17 10.11 10.02 9.92 9.76 9.64 9.53 9.45 9.42 9.36 9.34 9.32 9.27
11.46 11.46 11.49 11.52 11.48 11.45 11.44 11.45 11.47 11.50 11.52 11.52 11.56 11.60 11.55 11.53 11.45 11.42 11.31 11.37 11.34 11.38 11.36 11.32 11.27 11.17 11.05 10.93 11.03 11.24 11.27 11.26 11.30 11.32 11.31 11.30 11.30 11.25 11.24 11.24 11.17 11.11 11.09 10.80 10.33 10.96 10.82 10.18 10.38 10.10 10.18 9.52 9.24 9.45 9.07 8.99 8.85 9.08 9.49 9.43 9.13 9.28 9.44 9.68 9.92 10.10 9.99 10.19 10.11 9.99 9.83 9.35 9.60 9.42 9.23 9.28 9.23 9.21 9.18 9.15
11.40 11.41 11.43 11.50 11.48 11.45 11.44 11.41 11.36 11.36 11.43 11.46 11.49 11.53 11.54 11.46 11.34 11.30 11.30 11.37 11.35 11.27 11.17 11.19 11.22 11.19 11.09 10.98 11.06 11.20 11.25 11.04 10.47 11.00 11.30 11.26 11.32 11.29 11.24 11.26 11.21 11.18 10.99 10.45 9.74 10.96 10.72 10.15 10.35 10.28 10.21 10.04 9.75 8.83 8.61 8.67 9.05 9.22 9.50 9.34 7.73 8.12 9.02 9.68 9.45 9.81 10.02 10.11 10.11 9.98 9.74 9.39 9.58 9.31 8.76 9.14 9.13 9.01 8.86 9.01
11.43 11.45 11.47 11.48 11.49 11.48 11.45 11.45 11.38 11.30 11.35 11.41 11.46 11.49 11.49 11.44 11.38 11.32 11.26 11.21 11.22 11.19 11.08 11.08 11.17 11.08 11.04 11.04 11.05 11.07 11.13 11.18 10.83 10.84 11.22 11.28 11.30 11.32 11.32 11.30 11.26 11.17 10.75 10.53 10.18 10.60 8.93 9.12 10.26 10.20 10.18 10.05 9.75 8.40 8.53 8.75 9.34 9.51 9.79 9.51 9.51 9.73 9.53 9.73 9.74 10.04 10.20 10.17 10.12 9.97 9.84 9.66 9.58 9.35 8.72 8.73 8.71 8.85 8.01 8.70
11.44 11.46 11.46 11.47 11.47 11.46 11.46 11.42 11.45 11.37 11.35 11.41 11.47 11.48 11.47 11.44 11.38 11.32 11.24 11.17 11.16 11.13 11.14 11.14 11.14 10.87 10.86 10.94 10.98 10.97 10.96 10.97 10.76 10.89 11.17 11.26 11.31 11.33 11.34 11.36 11.28 10.99 11.12 11.04 10.68 10.36 9.58 9.74 9.67 9.43 10.36 10.17 9.90 9.51 8.19 9.24 9.63 9.76 9.85 9.95 10.05 9.73 9.73 10.16 10.35 10.30 10.00 10.21 10.10 9.94 9.86 9.70 9.55 9.27 8.56 8.93 8.80 8.22 8.13 8.77
11.44 11.44 11.45 11.46 11.44 11.43 11.46 11.44 11.44 11.40 11.36 11.42 11.45 11.47 11.42 11.38 11.33 11.30 11.21 11.14 11.09 11.04 10.98 11.07 11.11 10.94 10.89 10.84 10.91 10.90 11.10 10.76 10.49 11.05 11.20 11.22 11.35 11.35 11.32 10.97 10.92 9.81 10.55 10.93 10.87 9.89 10.28 10.12 10.14 10.15 10.31 10.08 9.87 9.64 9.12 9.05 9.95 10.13 10.24 10.30 10.28 10.22 10.12 10.39 10.46 9.94 9.66 10.12 10.03 9.88 9.70 9.42 9.57 9.40 9.23 8.86 8.82 8.53 8.77 8.77
11.47 11.47 11.46 11.47 11.47 11.47 11.39 11.21 11.42 11.41 11.34 11.24 11.42 11.44 11.37 11.35 11.29 11.18 11.11 11.06 10.98 10.96 10.93 11.00 11.06 11.05 11.03 10.90 10.75 10.95 11.12 10.70 10.61 10.79 11.21 11.36 11.35 11.36 11.34 10.13 8.69 8.80 10.58 11.01 10.73 10.03 10.63 9.16 10.05 10.40 10.32 9.86 9.91 9.44 9.10 9.41 9.60 10.24 10.40 10.46 10.49 10.46 10.47 10.54 10.51 10.13 10.03 10.11 9.93 9.62 9.48 8.44 9.27 9.43 9.25 8.76 8.75 8.76 8.03 8.72
11.46 11.48 11.49 11.47 11.48 11.48 11.39 11.28 11.30 11.30 11.37 11.41 11.45 11.40 11.36 11.32 11.26 11.17 11.09 11.00 10.81 10.71 10.71 10.90 11.03 10.94 10.94 10.85 10.94 11.12 11.16 11.12 10.91 10.57 11.23 11.39 11.39 11.37 11.15 10.52 9.59 10.24 10.36 10.99 10.98 10.94 10.85 10.76 10.63 10.51 10.19 10.23 10.11 9.76 9.00 9.29 9.78 10.29 10.44 10.51 10.55 10.49 10.33 10.51 10.56 10.45 10.27 10.16 9.95 9.81 9.62 9.44 9.39 9.40 9.30 9.17 9.00 8.83 8.52 8.47
11.44 11.45 11.47 11.47 11.49 11.47 11.38 11.29 11.25 11.26 11.35 11.31 11.43 11.19 11.31 11.32 11.26 11.13 11.00 10.89 10.71 10.44 10.59 10.82 10.90 10.79 10.81 10.85 11.06 11.15 11.17 11.10 10.97 10.90 11.33 11.43 11.41 11.43 11.28 9.23 9.72 9.96 10.17 11.02 11.01 11.04 10.83 10.66 10.53 10.15 9.62 10.19 9.99 10.07 9.41 9.87 9.98 10.29 10.43 10.24 10.39 10.61 10.70 10.74 10.61 10.47 10.31 10.11 9.98 9.78 9.60 9.50 9.44 9.36 9.25 9.12 8.98 8.65 8.52 8.43
11.40 11.35 11.48 11.51 11.51 11.46 11.39 11.32 11.29 11.30 11.31 11.28 11.37 11.30 11.32 11.28 11.27 11.06 10.84 10.74 10.74 10.41 10.18 10.21 10.78 10.81 10.89 10.85 11.06 11.12 11.18 11.25 11.30 11.31 11.43 11.48 11.41 11.42 11.38 9.70 9.79 10.04 10.78 11.02 11.07 11.03 10.84 10.43 10.22 9.82 10.33 10.18 10.02 10.18 10.17 10.11 10.12 10.13 10.36 9.96 10.47 10.85 10.82 10.74 10.68 10.49 10.28 10.08 10.03 9.54 9.51 9.51 9.45 9.36 9.25 8.99 8.85 8.66 8.60 8.47
11.24 11.26 11.43 11.46 11.45 11.48 11.43 11.39 11.37 11.33 11.27 11.21 11.35 11.27 11.25 11.24 11.21 11.12 10.99 10.83 10.77 10.61 10.17 10.20 10.40 10.64 10.98 11.05 11.11 11.15 11.21 11.26 11.31 11.36 11.43 11.52 11.25 11.41 11.10 10.04 9.74 10.25 10.65 11.10 11.04 10.91 10.94 10.87 10.84 10.83 10.54 9.81 10.03 10.34 10.38 10.38 10.04 9.78 10.47 10.62 10.90 10.99 10.88 10.78 10.75 10.44 10.10 9.99 9.85 9.39 9.53 9.48 9.31 9.20 9.21 9.08 8.87 8.17 8.17 8.30
11.35 11.30 11.37 11.27 11.20 11.44 11.36 11.34 11.34 11.29 11.25 11.12 11.26 11.29 11.11 11.05 11.17 11.13 11.03 10.90 10.78 10.53 10.29 10.12 10.23 10.57 10.90 11.02 10.96 10.67 11.17 11.27 11.31 11.29 11.37 11.52 11.51 11.45 10.78 9.55 9.39 10.36 10.79 11.12 11.13 10.73 10.84 10.82 10.70 10.88 10.79 9.96 10.39 10.59 10.58 10.39 9.94 9.94 10.28 11.08 11.15 11.15 11.07 10.93 10.65 10.44 10.21 10.12 9.98 9.70 9.59 9.44 9.15 9.04 9.14 9.09 8.90 8.54 8.46 8.37
11.39 11.28 11.27 11.09 10.92 11.25 11.24 11.20 11.29 11.25 11.17 11.09 11.22 11.26 11.13 11.20 11.18 11.12 11.06 10.96 10.85 10.67 10.44 10.17 10.34 10.25 10.90 11.03 10.86 10.67 11.19 11.27 11.33 11.35 11.38 11.52 11.60 11.64 11.11 9.09 10.36 10.67 10.80 11.10 11.18 11.06 11.01 10.43 10.09 10.66 10.91 10.78 10.78 10.46 10.41 10.63 10.33 10.66 10.99 11.23 11.26 11.26 10.98 10.84 10.68 10.34 9.83 9.53 9.80 9.69 9.44 9.33 9.12 9.09 9.08 8.93 8.94 8.65 8.49 8.46
11.44 11.30 11.11 11.09 10.84 11.00 11.18 11.21 11.24 11.14 10.94 10.89 11.17 10.90 10.94 11.20 11.02 11.02 11.05 10.98 10.92 10.69 10.42 10.42 10.62 10.57 10.97 11.08 11.06 10.63 10.99 10.80 11.45 11.43 11.48 11.63 11.65 11.70 10.28 10.00 10.39 10.49 10.70 11.19 11.25 11.09 11.07 9.87 9.16 10.17 10.83 10.83 10.68 10.29 10.88 10.96 10.39 10.70 11.24 11.38 11.44 11.38 11.19 10.97 10.78 10.39 10.13 9.95 9.55 9.63 9.47 9.42 9.10 8.63 8.96 8.70 8.42 8.31 8.52 8.60
11.50 11.41 11.29 10.89 10.61 10.97 11.04 11.14 11.15 11.11 11.20 11.28 11.12 10.95 11.12 11.16 10.98 10.86 10.95 10.86 10.90 10.87 10.61 10.67 10.83 10.92 10.91 11.09 11.16 11.13 11.25 11.23 11.38 11.60 11.57 11.68 11.66 11.60 11.22 9.88 9.45 10.27 10.79 11.12 11.30 11.08 11.01 10.86 10.71 10.74 10.67 10.94 10.41 10.63 11.25 11.22 10.81 11.32 11.33 11.38 11.54 11.21 11.25 10.97 10.88 10.61 10.32 9.92 9.66 9.75 9.79 9.60 9.30 9.13 8.85 8.95 8.82 8.58 8.64 8.67
11.50 11.49 11.42 11.10 10.91 11.15 11.07 11.13 11.17 11.17 11.19 10.88 10.55 10.79 10.43 11.07 10.96 10.88 10.94 10.62 10.66 10.75 10.76 10.70 10.76 10.80 11.09 11.09 11.17 11.17 10.91 10.45 10.71 11.53 11.65 11.73 11.74 11.67 11.43 11.03 8.20 9.85 10.81 11.20 11.34 11.25 11.25 10.71 10.71 10.48 10.64 10.92 10.67 11.09 11.49 11.54 11.48 11.67 11.74 11.73 11.73 11.48 11.26 10.83 10.64 10.30 10.33 10.13 9.49 9.36 9.83 9.84 9.41 9.42 9.30 9.17 8.85 8.58 8.52 8.55
11.41 11.44 11.47 11.41 11.32 11.21 11.11 11.01 10.95 11.02 10.96 10.88 10.71 11.03 11.11 10.94 10.79 10.56 10.78 10.60 10.77 10.61 10.67 10.73 10.88 10.92 11.04 11.07 11.25 11.29 11.25 10.56 10.45 11.46 10.90 11.80 11.87 11.77 11.77 11.37 9.86 9.29 10.75 11.23 11.40 11.44 11.43 11.29 11.07 10.70 10.64 10.86 10.56 11.38 11.74 11.80 11.77 11.94 11.92 11.84 11.82 11.54 11.29 11.18 10.95 10.57 10.70 9.88 10.23 10.06 9.31 10.05 9.84 9.79 9.57 9.11 8.49 8.74 8.48 8.73
11.40 11.38 11.39 11.44 11.33 11.16 10.98 10.75 10.68 10.85 11.01 10.96 10.96 10.82 10.66 11.03 10.51 10.51 10.76 10.65 10.57 10.30 10.63 10.52 10.90 11.09 11.14 11.24 11.34 11.39 11.35 10.97 11.17 11.25 10.54 11.82 11.89 11.93 11.92 11.67 11.18 9.66 10.80 11.14 11.45 11.52 11.49 11.47 11.33 11.07 10.75 11.04 11.20 11.66 11.92 11.86 11.69 11.92 11.82 11.94 11.89 11.81 11.69 11.39 11.17 11.04 10.78 10.20 10.48 10.36 10.27 10.24 9.53 9.87 9.79 9.47 8.99 7.91 8.62 8.93
11.42 11.30 10.90 11.32 11.39 11.23 11.12 10.79 10.66 10.78 10.88 10.93 10.91 10.97 10.93 10.86 10.94 10.83 10.84 10.70 10.76 10.84 10.71 10.78 10.96 11.14 11.23 11.26 11.29 11.46 11.49 11.43 11.35 10.60 10.74 11.90 11.96 12.01 11.97 11.92 11.30 9.81 10.93 11.29 11.46 11.53 11.44 11.55 11.03 11.32 11.13 11.33 11.60 11.87 11.97 11.72 11.76 12.01 12.02 11.96 11.93 11.90 11.73 11.32 11.31 11.10 11.11 10.95 10.75 10.49 10.44 10.38 10.30 10.16 10.03 9.31 9.28 9.12 9.34 9.21
11.34 11.13 10.84 11.42 11.40 11.28 11.15 11.03 10.88 10.80 10.90 10.95 10.87 10.89 10.75 10.42 10.94 10.94 10.88 10.82 10.90 10.88 11.00 10.89 11.11 11.16 11.24 11.11 11.19 11.39 11.58 10.81 11.18 10.56 10.96 11.96 12.00 12.06 11.99 11.95 11.24 9.60 10.22 11.10 11.46 11.60 11.64 11.54 11.15 11.51 11.36 11.25 11.71 11.90 12.01 11.90 12.08 11.78 11.95 11.80 11.51 11.88 11.71 11.10 11.32 11.21 11.13 11.13 11.01 10.77 10.55 10.48 10.32 10.16 10.19 9.82 9.77 9.61 9.50 9.39
11.23 11.24 11.25 11.41 11.43 11.31 11.15 11.00 10.82 10.70 10.93 10.98 11.01 11.04 11.00 11.00 10.98 10.95 10.86 10.83 10.92 11.08 11.08 11.16 11.16 11.26 11.29 11.21 11.20 11.23 11.62 11.42 11.56 10.53 11.20 11.99 12.04 12.12 12.18 12.18 11.13 9.48 10.88 10.14 11.41 11.57 11.64 11.62 11.57 11.42 10.87 10.43 11.49 11.74 12.01 11.76 10.42 11.26 11.69 11.78 11.88 11.80 11.39 11.20 11.21 11.25 11.16 11.07 11.12 11.02 10.79 10.66 10.55 10.30 10.33 10.08 9.89 9.88 9.67 9.54
11.08 11.07 11.19 11.34 11.38 11.34 11.17 10.99 10.76 10.69 10.83 10.91 10.93 10.98 11.08 11.04 11.01 10.97 10.86 10.76 10.88 10.97 10.81 11.10 11.26 11.33 11.33 11.20 10.91 11.39 11.45 11.75 11.77 10.58 10.70 11.84 12.09 12.15 12.22 12.11 11.52 11.16 9.28 8.31 11.42 11.52 11.57 11.60 11.41 11.26 10.86 11.11 11.35 11.79 12.04 11.50 11.29 11.49 11.71 11.47 11.94 11.66 11.18 11.05 11.14 11.15 11.15 11.16 11.29 11.17 11.04 10.90 10.73 10.57 10.52 10.37 10.10 9.99 9.73 9.63
11.27 11.10 11.27 11.32 11.28 11.21 11.20 11.08 10.73 10.60 10.77 10.91 10.97 11.06 11.11 11.01 11.02 10.95 10.92 10.82 10.96 10.93 10.96 11.08 11.24 11.41 11.34 11.35 11.21 11.11 11.52 11.87 11.77 11.78 11.38 11.52 12.12 12.19 12.27 12.24 12.19 11.80 9.81 9.81 11.41 11.37 11.55 11.51 11.60 11.61 10.15 11.23 11.15 11.41 12.07 11.97 11.64 11.40 11.77 11.04 11.54 11.43 11.38 11.06 11.23 11.29 11.46 11.39 11.26 11.24 11.05 10.83 10.52 10.41 10.21 10.04 10.36 9.86 9.64 9.70
11.38 11.13 11.12 11.23 11.19 11.13 11.07 11.04 10.82 10.71 10.81 10.96 10.98 11.02 11.09 11.09 10.92 10.90 10.99 10.88 11.01 11.03 10.84 11.01 11.29 11.44 11.53 11.49 11.51 11.54 11.70 11.83 11.97 11.92 11.50 11.79 12.16 12.22 12.29 12.31 12.26 11.78 10.08 10.86 10.90 11.28 11.41 11.45 11.48 11.40 11.44 10.44 11.09 11.36 11.98 11.97 11.68 11.40 11.65 11.63 11.26 11.57 11.34 11.16 11.38 11.51 11.57 11.46 11.29 11.26 11.04 10.68 10.53 10.45 10.22 10.09 10.38 10.33 10.01 10.07
11.36 11.24 11.11 11.21 11.14 11.12 11.03 11.05 11.01 10.91 10.82 11.03 11.06 11.07 11.15 11.09 10.79 10.86 11.01 10.98 10.95 11.11 11.04 10.83 11.26 11.44 11.55 11.64 11.63 11.65 11.79 11.77 12.04 12.06 12.08 12.15 12.20 12.25 12.32 12.38 12.39 12.12 11.05 11.05 10.89 11.13 11.20 11.45 11.80 11.76 10.86 10.76 11.15 11.95 11.66 11.79 11.66 11.61 11.54 11.70 11.60 11.38 11.37 11.44 11.17 11.06 11.51 11.56 11.38 11.37 11.09 10.61 9.62 10.03 9.79 9.92 10.35 10.41 10.27 10.21
11.49 11.43 11.37 11.34 11.20 11.15 11.11 11.13 11.19 11.15 11.12 11.20 11.22 11.21 11.18 11.11 10.78 10.87 11.11 11.11 10.77 11.11 11.17 10.10 11.20 11.26 11.40 11.59 11.78 11.85 11.61 11.74 12.08 12.11 12.13 12.04 12.21 12.27 12.33 12.42 12.41 12.31 10.39 10.89 10.91 11.03 11.05 11.61 12.14 11.73 11.38 10.92 11.23 11.81 11.89 11.79 11.77 11.68 11.33 11.51 11.65 11.52 11.71 11.65 11.00 10.42 11.28 11.47 11.46 11.36 11.09 10.52 10.11 10.47 10.52 10.66 10.55 10.48 10.39 10.27
11.62 11.54 11.59 11.41 11.35 11.13 10.90 11.16 11.16 11.20 11.24 11.26 11.26 11.23 11.16 11.00 10.98 11.05 11.08 11.22 11.25 11.29 11.12 9.88 10.87 11.16 11.33 11.52 11.75 11.92 11.96 12.07 12.03 12.12 12.14 12.18 12.22 12.28 12.35 12.44 12.52 12.57 12.23 10.65 10.93 11.66 11.50 11.94 11.85 11.63 11.66 11.16 11.54 11.64 11.69 11.79 11.56 11.42 11.46 11.75 11.54 11.55 11.79 11.43 11.29 11.68 11.47 11.50 11.37 11.32 11.00 10.16 10.65 10.78 10.61 10.75 10.66 10.57 10.44 10.31
11.75 11.71 11.65 11.46 11.45 11.31 11.12 11.13 11.06 11.19 11.12 11.15 11.20 11.21 11.23 11.06 11.15 11.18 11.17 11.23 10.98 11.30 11.21 11.04 11.32 11.01 11.39 11.47 11.77 11.97 12.06 12.09 12.10 12.12 12.14 12.18 12.23 12.29 12.35 12.44 12.52 12.60 12.34 10.15 10.21 11.10 11.70 12.01 11.74 11.68 11.77 11.02 11.03 11.40 11.41 11.67 11.37 11.12 11.56 11.76 11.70 11.72 11.84 11.34 11.68 11.78 11.04 11.64 11.46 11.34 11.23 10.04 10.87 11.00 10.93 10.85 10.75 10.61 10.50 10.35
11.81 11.71 11.60 11.48 11.49 11.37 11.14 11.10 11.09 11.10 10.93 10.69 11.15 11.21 11.16 11.10 11.15 11.15 11.20 11.22 11.14 11.25 10.88 10.80 11.34 11.36 11.54 11.63 11.86 12.01 12.05 12.07 12.09 12.11 12.14 12.18 12.22 12.29 12.35 12.43 12.53 12.61 12.57 11.50 10.45 11.16 11.94 11.89 11.72 11.82 11.84 11.54 11.58 11.40 10.61 11.42 11.29 11.25 11.67 11.79 11.60 11.86 11.91 11.79 11.75 11.99 11.93 11.95 11.79 11.62 11.45 11.02 11.06 11.16 11.10 10.96 10.85 10.68 10.53 10.37
11.87 11.72 11.60 11.37 11.55 11.41 11.06 11.11 11.18 11.06 10.85 10.68 11.12 11.16 11.14 11.00 11.09 11.11 11.20 11.20 11.13 11.02 10.47 10.57 11.34 11.51 11.57 11.55 11.87 12.01 12.03 12.06 12.08 12.10 12.14 12.17 12.22 12.28 12.34 12.41 12.48 12.56 12.55 11.84 11.28 11.38 11.99 12.00 11.76 11.74 11.80 11.69 11.71 11.57 11.05 11.18 11.15 11.21 11.67 11.84 11.80 12.03 11.84 12.00 11.85 12.01 12.02 12.04 11.87 11.62 11.52 11.38 11.32 11.25 11.13 11.00 10.89 10.72 10.56 10.43
11.77 11.73 11.59 11.28 11.16 11.59 11.39 11.23 11.28 11.15 10.86 10.89 11.00 11.07 11.04 11.07 11.15 11.18 11.20 11.20 11.14 11.07 10.99 11.13 11.28 11.41 11.26 11.17 11.96 12.00 12.02 12.04 12.07 12.09 12.12 12.16 12.21 12.26 12.32 12.38 12.43 12.50 12.49 12.39 11.42 11.68 11.97 12.07 11.95 11.51 11.45 11.19 11.68 11.51 11.24 10.88 11.30 11.38 11.18 11.33 12.05 12.02 12.00 11.72 12.03 11.89 12.08 12.06 12.00 11.80 11.66 11.46 11.33 11.28 11.16 11.06 10.90 10.74 10.60 10.47
11.90 11.79 11.66 11.37 11.14 11.64 11.37 11.32 11.20 11.09 10.92 10.76 10.86 10.81 10.77 10.93 11.13 11.20 11.24 11.26 11.23 11.27 11.37 11.51 11.47 11.45 11.25 11.95 11.99 11.99 12.02 12.03 12.05 12.08 12.11 12.15 12.20 12.26 12.30 12.34 12.37 12.43 12.35 12.27 11.66 11.79 12.03 12.11 11.84 11.87 11.01 10.27 11.75 11.57 11.21 10.67 11.34 11.18 11.20 10.55 11.70 11.77 11.89 11.96 11.08 12.00 11.96 12.09 12.00 11.89 11.73 11.50 11.34 11.28 11.18 11.09 10.89 10.74 10.61 10.50
11.87 11.76 11.62 11.59 11.69 11.59 11.44 11.35 11.05 11.04 10.97 10.50 10.53 10.75 10.79 10.94 10.97 11.19 11.40 11.42 11.34 11.27 11.40 11.27 11.53 11.72 11.87 11.95 11.99 12.01 12.02 12.03 12.05 12.07 12.11 12.15 12.20 12.24 12.30 12.32 12.33 12.37 12.37 12.29 12.23 11.99 12.13 11.83 11.87 11.69 10.78 11.33 11.78 11.47 11.02 10.84 10.72 11.41 10.57 11.20 11.07 11.30 11.70 11.98 11.86 11.79 11.70 11.90 11.98 11.87 11.74 11.57 11.43 11.31 11.23 11.10 10.90 10.73 10.62 10.51
