main/data/pressure/21.12.2023.grid
ncols 886
nrows 691
xllcenter 112.0000
yllcenter -44.5000
cellsize 0.0500
nodata_value 99999.90
[rows 360 to 395 of 691, columns 240 to 319 of 886]
11.14 11.21 11.24 11.25 11.26 11.29 11.31 11.31 11.31 11.30 11.29 11.23 11.20 11.15 11.07 10.97 10.86 10.77 10.76 10.79 10.81 10.61 10.47 10.43 10.40 10.36 10.33 10.36 10.37 10.28 10.05 9.86 9.70 9.59 9.53 9.43 9.37 9.27 9.18 9.07 8.90 8.94 8.97 8.78 8.64 8.54 8.42 8.32 8.28 8.28 8.24 8.13 8.05 8.05 8.09 8.18 8.17 8.09 8.00 7.94 7.91 7.78 7.61 7.46 7.44 7.46 7.45 7.38 7.38 7.43 7.46 7.46 7.49 7.66 7.87 7.94 7.82 7.70 7.58 7.45
10.98 11.07 11.07 11.05 11.06 11.10 11.14 11.15 11.17 11.15 11.13 11.08 11.11 11.10 11.04 10.96 10.84 10.70 10.76 10.79 10.75 10.58 10.46 10.41 10.36 10.30 10.21 10.19 10.22 10.27 10.13 9.95 9.74 9.62 9.56 9.51 9.42 9.28 9.17 9.07 9.00 8.98 8.97 8.80 8.68 8.56 8.44 8.33 8.31 8.30 8.23 8.14 8.07 8.04 8.00 8.15 8.18 8.18 8.15 8.08 7.99 7.84 7.72 7.58 7.52 7.45 7.50 7.52 7.54 7.55 7.56 7.50 7.44 7.67 7.91 7.97 7.84 7.67 7.61 7.44
10.74 10.82 10.86 10.83 10.80 10.92 10.98 11.02 11.01 10.87 10.96 10.91 10.97 11.00 10.99 10.94 10.87 10.82 10.80 10.76 10.67 10.56 10.49 10.43 10.35 10.23 10.11 10.06 10.08 10.18 10.13 9.87 9.71 9.73 9.66 9.57 9.48 9.39 9.23 9.07 9.01 9.00 8.99 8.86 8.72 8.58 8.47 8.38 8.33 8.30 8.25 8.19 8.15 8.13 8.14 8.20 8.15 8.16 8.18 8.19 8.09 7.99 7.89 7.80 7.72 7.66 7.64 7.60 7.63 7.70 7.71 7.63 7.63 7.72 7.85 7.91 7.89 7.83 7.74 7.62
10.45 10.52 10.58 10.50 10.59 10.70 10.78 10.83 10.80 10.82 10.80 10.81 10.83 10.87 10.86 10.88 10.85 10.82 10.73 10.61 10.56 10.53 10.48 10.39 10.27 10.17 10.02 9.93 9.91 10.03 10.13 9.95 9.82 9.90 9.75 9.63 9.56 9.52 9.31 9.09 9.07 9.07 9.02 8.90 8.75 8.61 8.51 8.42 8.37 8.32 8.29 8.25 8.25 8.24 8.23 8.17 8.05 8.10 8.15 8.21 8.22 8.14 8.05 8.02 7.93 7.89 7.83 7.70 7.73 7.83 7.77 7.73 7.77 7.78 7.83 7.90 7.99 8.02 7.96 7.87
10.28 10.28 10.34 10.37 10.44 10.51 10.58 10.65 10.65 10.63 10.60 10.66 10.69 10.64 10.67 10.70 10.67 10.58 10.46 10.41 10.45 10.45 10.43 10.37 10.29 10.17 10.00 9.88 9.89 9.99 10.09 10.03 9.94 9.87 9.74 9.65 9.61 9.55 9.37 9.22 9.22 9.15 9.02 8.87 8.76 8.65 8.57 8.50 8.45 8.41 8.39 8.37 8.33 8.28 8.23 8.15 8.07 8.08 8.12 8.22 8.26 8.21 8.14 8.08 8.03 8.03 8.01 7.96 7.97 7.88 7.74 7.73 7.77 7.84 7.95 8.04 8.11 8.13 8.12 8.07
10.12 10.09 10.20 10.29 10.34 10.36 10.41 10.50 10.49 10.44 10.40 10.43 10.41 10.46 10.55 10.56 10.53 10.36 10.27 10.29 10.37 10.37 10.35 10.34 10.31 10.23 10.16 10.01 9.96 10.03 10.11 10.03 9.92 9.77 9.67 9.62 9.57 9.51 9.56 9.39 9.30 9.09 8.96 8.83 8.75 8.68 8.62 8.57 8.52 8.48 8.44 8.35 8.27 8.27 8.23 8.16 8.09 8.09 8.10 8.19 8.22 8.11 8.17 8.07 8.06 8.12 8.16 8.12 8.01 7.91 7.77 7.76 7.76 7.86 8.07 8.18 8.19 8.23 8.24 8.17
9.96 10.00 10.12 10.23 10.28 10.29 10.34 10.38 10.33 10.29 10.26 10.27 10.29 10.37 10.47 10.32 10.31 10.35 10.23 10.26 10.31 10.26 10.20 10.20 10.22 10.18 10.10 10.08 10.12 10.12 10.01 9.90 9.81 9.72 9.64 9.61 9.53 9.52 9.46 9.37 9.35 9.00 8.95 8.84 8.75 8.68 8.65 8.61 8.56 8.48 8.42 8.36 8.32 8.28 8.27 8.18 8.17 8.15 8.16 8.24 8.16 8.17 8.15 8.06 8.06 8.11 8.24 8.23 8.09 8.00 7.91 7.84 7.84 7.92 8.01 8.09 8.20 8.30 8.34 8.32
9.83 9.91 10.06 10.19 10.21 10.23 10.25 10.23 10.17 10.16 10.14 10.16 10.20 10.30 10.34 10.21 10.27 10.28 10.12 10.18 10.16 10.10 10.05 10.07 10.13 10.12 9.96 10.08 10.14 9.94 9.82 9.75 9.72 9.67 9.62 9.58 9.57 9.52 9.57 9.48 9.36 9.10 8.97 8.86 8.75 8.71 8.60 8.62 8.58 8.53 8.45 8.41 8.39 8.35 8.35 8.29 8.29 8.20 8.24 8.28 8.14 8.20 8.15 8.10 8.11 8.25 8.33 8.37 8.26 8.13 7.99 7.93 7.92 7.98 7.94 7.97 8.19 8.38 8.42 8.45
9.79 9.92 10.01 10.06 10.08 10.10 10.11 10.10 10.07 10.06 10.05 10.06 10.08 10.19 10.24 10.20 10.17 10.14 10.07 10.05 9.98 9.98 9.99 10.02 10.09 10.05 9.94 9.97 10.02 9.97 9.80 9.71 9.66 9.61 9.54 9.47 9.46 9.46 9.51 9.49 9.32 9.16 9.04 8.93 8.85 8.75 8.67 8.65 8.62 8.56 8.51 8.47 8.45 8.43 8.43 8.39 8.33 8.27 8.27 8.27 8.22 8.23 8.19 8.16 8.19 8.27 8.36 8.44 8.40 8.29 8.18 8.12 8.11 8.07 7.91 8.05 8.21 8.34 8.43 8.51
9.76 9.87 9.89 9.89 9.92 9.96 9.98 9.99 9.98 9.98 9.98 9.96 9.94 10.05 10.12 10.13 10.08 10.02 9.99 9.98 9.94 9.92 9.93 9.98 10.04 10.02 9.86 9.85 9.79 9.92 9.87 9.69 9.65 9.58 9.51 9.44 9.41 9.40 9.41 9.48 9.29 9.18 9.05 8.99 8.87 8.77 8.72 8.70 8.66 8.61 8.57 8.53 8.52 8.50 8.48 8.43 8.35 8.32 8.30 8.27 8.26 8.25 8.24 8.21 8.24 8.28 8.37 8.49 8.52 8.44 8.38 8.32 8.28 8.23 8.18 8.23 8.28 8.32 8.43 8.50
9.59 9.64 9.69 9.72 9.78 9.85 9.90 9.91 9.88 9.89 9.89 9.89 9.90 9.94 9.98 9.99 9.95 9.92 9.92 9.91 9.90 9.88 9.88 9.89 9.91 9.97 9.95 9.89 9.83 9.92 9.88 9.72 9.70 9.68 9.61 9.51 9.42 9.42 9.52 9.55 9.38 9.26 9.15 9.05 8.91 8.82 8.79 8.75 8.72 8.67 8.63 8.61 8.59 8.56 8.54 8.50 8.46 8.42 8.37 8.34 8.35 8.36 8.34 8.31 8.34 8.39 8.46 8.56 8.61 8.57 8.51 8.47 8.45 8.40 8.37 8.38 8.39 8.44 8.53 8.62
9.45 9.43 9.56 9.60 9.69 9.81 9.88 9.87 9.80 9.83 9.83 9.84 9.85 9.87 9.86 9.87 9.87 9.85 9.85 9.86 9.86 9.85 9.85 9.82 9.75 9.83 9.82 9.91 9.86 9.91 9.89 9.77 9.80 9.84 9.77 9.69 9.51 9.50 9.57 9.56 9.43 9.30 9.18 9.07 8.94 8.87 8.85 8.79 8.78 8.74 8.70 8.69 8.66 8.63 8.58 8.58 8.57 8.53 8.47 8.42 8.47 8.52 8.49 8.40 8.47 8.52 8.56 8.62 8.68 8.67 8.63 8.62 8.63 8.58 8.53 8.52 8.54 8.57 8.65 8.76
9.44 9.55 9.62 9.69 9.77 9.87 9.92 9.92 9.88 9.85 9.83 9.81 9.80 9.79 9.78 9.79 9.80 9.80 9.80 9.81 9.84 9.86 9.88 9.87 9.84 9.84 9.86 9.89 9.87 9.91 9.88 9.82 9.86 9.89 9.86 9.82 9.79 9.70 9.65 9.46 9.17 9.20 9.15 9.06 8.97 8.93 8.93 8.84 8.87 8.79 8.73 8.73 8.72 8.68 8.65 8.63 8.62 8.63 8.60 8.58 8.60 8.66 8.68 8.64 8.63 8.65 8.67 8.71 8.74 8.76 8.75 8.76 8.77 8.76 8.73 8.70 8.70 8.71 8.76 8.85
9.55 9.67 9.71 9.81 9.88 9.92 9.96 9.97 9.94 9.87 9.83 9.79 9.74 9.72 9.73 9.74 9.76 9.77 9.77 9.76 9.82 9.88 9.91 9.95 9.93 9.90 9.90 9.89 9.86 9.87 9.85 9.82 9.87 9.84 9.83 9.82 9.80 9.72 9.60 9.44 9.24 9.22 9.16 9.08 9.01 9.00 9.02 8.85 8.96 8.85 8.77 8.79 8.77 8.73 8.70 8.67 8.65 8.68 8.69 8.70 8.69 8.69 8.72 8.77 8.78 8.78 8.77 8.79 8.83 8.85 8.86 8.88 8.91 8.91 8.91 8.88 8.84 8.82 8.86 8.93
9.64 9.70 9.74 9.82 9.82 9.82 9.84 9.90 9.90 9.88 9.83 9.78 9.72 9.70 9.70 9.70 9.71 9.73 9.76 9.81 9.86 9.91 9.93 9.94 9.94 9.92 9.93 9.89 9.86 9.84 9.85 9.83 9.81 9.78 9.80 9.80 9.77 9.73 9.63 9.52 9.42 9.35 9.30 9.24 9.17 9.14 9.13 9.08 9.07 9.02 8.95 8.91 8.86 8.78 8.74 8.72 8.71 8.71 8.71 8.72 8.73 8.74 8.74 8.72 8.86 8.89 8.87 8.87 8.89 8.91 8.93 8.98 9.01 8.99 8.98 8.97 8.94 8.94 8.97 9.01
9.63 9.70 9.73 9.67 9.62 9.56 9.64 9.75 9.82 9.85 9.83 9.78 9.72 9.70 9.69 9.67 9.67 9.69 9.76 9.86 9.91 9.92 9.92 9.91 9.91 9.92 9.91 9.92 9.92 9.80 9.77 9.73 9.74 9.72 9.77 9.82 9.79 9.77 9.71 9.64 9.56 9.48 9.45 9.41 9.33 9.29 9.26 9.29 9.18 9.24 9.13 9.05 8.97 8.86 8.82 8.82 8.79 8.79 8.75 8.75 8.80 8.82 8.86 8.91 8.97 9.01 8.96 8.95 8.95 8.96 8.98 9.06 9.11 9.04 9.03 9.02 9.03 9.03 9.06 9.08
9.51 9.54 9.56 9.44 9.40 9.39 9.45 9.56 9.65 9.73 9.77 9.76 9.72 9.69 9.66 9.61 9.61 9.64 9.73 9.83 9.88 9.89 9.89 9.88 9.88 9.86 9.81 9.84 9.86 9.89 9.82 9.73 9.74 9.74 9.71 9.72 9.77 9.71 9.66 9.63 9.59 9.52 9.47 9.48 9.45 9.39 9.36 9.34 9.29 9.29 9.24 9.18 9.13 9.10 9.07 9.02 8.98 8.96 8.92 8.91 8.94 8.97 8.97 8.98 9.09 9.13 9.07 9.05 9.04 9.04 9.05 9.15 9.22 9.13 9.11 9.09 9.11 9.15 9.16 9.19
9.35 9.32 9.28 9.15 9.20 9.23 9.30 9.39 9.47 9.58 9.66 9.69 9.69 9.65 9.58 9.51 9.55 9.61 9.72 9.82 9.85 9.85 9.85 9.85 9.83 9.81 9.76 9.74 9.73 9.80 9.88 9.72 9.82 9.84 9.70 9.65 9.74 9.59 9.52 9.55 9.53 9.50 9.46 9.47 9.52 9.50 9.45 9.33 9.37 9.33 9.32 9.31 9.31 9.35 9.32 9.24 9.19 9.17 9.14 9.13 9.14 9.17 9.24 9.22 9.25 9.25 9.17 9.17 9.16 9.15 9.16 9.25 9.34 9.29 9.20 9.15 9.20 9.26 9.27 9.29
9.17 9.14 9.10 9.07 9.12 9.18 9.25 9.31 9.37 9.48 9.58 9.59 9.58 9.54 9.51 9.48 9.53 9.63 9.73 9.80 9.83 9.83 9.82 9.81 9.80 9.77 9.75 9.72 9.71 9.75 9.83 9.86 9.85 9.86 9.88 9.77 9.82 9.67 9.58 9.58 9.52 9.55 9.54 9.55 9.57 9.57 9.54 9.49 9.48 9.45 9.47 9.47 9.48 9.50 9.48 9.43 9.40 9.37 9.36 9.35 9.34 9.36 9.41 9.41 9.41 9.39 9.35 9.33 9.31 9.26 9.25 9.37 9.44 9.39 9.28 9.20 9.26 9.33 9.34 9.37
9.05 9.01 9.01 9.00 9.10 9.18 9.26 9.30 9.36 9.44 9.50 9.51 9.48 9.45 9.43 9.43 9.53 9.65 9.72 9.78 9.80 9.80 9.80 9.80 9.78 9.75 9.73 9.73 9.72 9.73 9.73 9.70 9.72 9.66 9.81 9.84 9.89 9.78 9.72 9.77 9.76 9.69 9.65 9.64 9.65 9.65 9.64 9.61 9.58 9.64 9.63 9.62 9.62 9.61 9.60 9.57 9.56 9.55 9.56 9.55 9.52 9.54 9.54 9.54 9.55 9.53 9.51 9.50 9.46 9.43 9.43 9.52 9.47 9.46 9.38 9.22 9.35 9.41 9.38 9.39
9.06 8.97 8.96 9.00 9.11 9.23 9.30 9.34 9.39 9.44 9.48 9.46 9.43 9.41 9.40 9.43 9.53 9.63 9.70 9.76 9.77 9.76 9.77 9.79 9.74 9.75 9.70 9.69 9.69 9.71 9.71 9.73 9.72 9.74 9.80 9.79 9.84 9.91 9.91 9.96 9.88 9.81 9.76 9.74 9.74 9.72 9.70 9.68 9.66 9.66 9.69 9.70 9.70 9.69 9.68 9.68 9.68 9.67 9.66 9.65 9.63 9.63 9.62 9.62 9.66 9.67 9.65 9.62 9.59 9.56 9.56 9.62 9.50 9.54 9.55 9.49 9.50 9.47 9.41 9.39
8.90 8.86 8.91 8.99 9.14 9.28 9.34 9.37 9.41 9.44 9.47 9.44 9.40 9.39 9.38 9.42 9.50 9.60 9.67 9.73 9.74 9.72 9.74 9.79 9.77 9.79 9.68 9.70 9.68 9.69 9.71 9.78 9.80 9.84 9.92 10.00 9.99 9.97 10.02 10.00 9.96 9.89 9.85 9.82 9.81 9.79 9.75 9.72 9.74 9.78 9.74 9.75 9.76 9.75 9.75 9.76 9.75 9.74 9.73 9.72 9.72 9.73 9.70 9.66 9.71 9.73 9.72 9.70 9.69 9.69 9.70 9.70 9.63 9.63 9.68 9.68 9.68 9.63 9.64 9.69
8.75 8.73 8.89 9.04 9.17 9.22 9.22 9.25 9.30 9.38 9.45 9.47 9.45 9.41 9.39 9.42 9.49 9.56 9.63 9.69 9.72 9.68 9.72 9.77 9.79 9.83 9.82 9.77 9.69 9.68 9.76 9.85 9.86 9.87 9.91 10.03 10.02 10.02 10.03 10.04 10.02 9.96 9.90 9.88 9.86 9.83 9.80 9.78 9.80 9.81 9.81 9.81 9.80 9.81 9.80 9.80 9.80 9.80 9.80 9.79 9.79 9.79 9.77 9.76 9.80 9.81 9.80 9.79 9.78 9.80 9.81 9.78 9.73 9.75 9.76 9.78 9.80 9.77 9.82 9.85
8.79 8.78 8.94 9.08 9.12 9.08 9.07 9.09 9.17 9.30 9.39 9.45 9.47 9.47 9.42 9.45 9.52 9.53 9.61 9.66 9.71 9.68 9.71 9.70 9.68 9.68 9.86 9.85 9.71 9.72 9.86 9.98 9.91 9.90 9.99 9.99 9.92 9.99 10.05 10.07 10.06 10.02 9.94 9.92 9.92 9.86 9.84 9.83 9.85 9.86 9.86 9.85 9.85 9.85 9.85 9.84 9.85 9.85 9.85 9.83 9.82 9.82 9.84 9.86 9.90 9.84 9.85 9.90 9.87 9.88 9.88 9.85 9.80 9.83 9.81 9.84 9.90 9.84 9.92 9.82
8.84 8.89 9.00 9.04 9.03 9.00 9.03 9.10 9.18 9.25 9.32 9.41 9.46 9.49 9.52 9.56 9.60 9.61 9.65 9.67 9.70 9.69 9.68 9.65 9.62 9.65 9.77 9.90 9.89 9.92 9.97 10.01 9.99 9.99 10.06 9.98 9.94 9.98 10.05 10.10 10.12 10.09 10.03 10.01 9.99 9.96 9.92 9.88 9.89 9.90 9.91 9.91 9.91 9.90 9.89 9.89 9.89 9.91 9.91 9.88 9.87 9.89 9.93 9.95 9.91 9.89 9.88 9.90 9.92 9.95 9.96 9.91 9.90 9.92 9.93 9.95 9.97 9.99 9.98 9.92
8.86 8.94 8.95 8.91 8.94 8.97 9.03 9.13 9.22 9.26 9.31 9.36 9.40 9.40 9.35 9.39 9.50 9.60 9.66 9.70 9.69 9.66 9.64 9.63 9.61 9.67 9.73 9.89 9.96 10.01 10.04 9.96 10.01 10.01 10.08 10.05 9.98 9.99 10.06 10.13 10.14 10.15 10.12 10.10 10.08 10.06 10.00 9.92 9.94 9.94 9.94 9.94 9.95 9.95 9.94 9.93 9.92 9.96 9.98 9.97 9.97 10.00 10.01 9.96 9.95 9.92 9.90 9.93 9.97 10.01 9.98 9.94 9.97 10.03 10.03 10.04 10.06 10.06 10.01 9.97
8.85 8.89 8.89 8.88 8.92 8.99 9.08 9.14 9.14 9.19 9.27 9.29 9.26 9.21 9.16 9.21 9.34 9.47 9.59 9.67 9.69 9.66 9.66 9.69 9.73 9.78 9.85 9.93 9.99 10.03 10.03 9.98 9.99 10.02 10.06 10.10 10.10 10.04 10.11 10.12 10.11 10.16 10.19 10.16 10.11 10.08 10.06 10.03 10.00 9.96 9.95 9.97 9.98 10.00 10.01 10.01 10.01 10.03 10.04 10.04 10.05 10.01 9.96 10.06 10.02 9.96 9.95 9.97 10.02 10.05 10.02 10.01 10.07 10.08 10.05 10.05 10.06 10.04 10.03 10.03
8.82 8.81 8.83 8.85 8.91 9.01 9.07 9.05 8.98 9.09 9.22 9.22 9.13 9.07 9.05 9.11 9.25 9.36 9.56 9.68 9.68 9.65 9.69 9.79 9.85 9.91 9.99 10.00 10.03 10.04 10.01 9.98 9.99 10.00 10.02 10.02 10.10 10.15 10.04 10.00 10.04 10.15 10.22 10.13 10.05 9.99 10.00 9.98 9.98 9.97 9.98 9.98 9.99 10.02 10.02 10.05 10.08 10.08 10.09 10.08 10.07 9.99 9.99 10.11 10.07 10.01 9.97 10.00 10.05 10.09 10.06 10.11 10.10 10.05 10.04 10.04 10.07 10.07 10.08 10.10
8.71 8.73 8.77 8.84 8.89 8.95 8.99 8.98 8.96 9.03 9.11 9.17 9.13 9.07 9.03 9.09 9.24 9.41 9.61 9.70 9.69 9.73 9.78 9.86 9.93 9.97 10.02 10.03 10.04 10.03 10.01 10.00 10.01 10.02 10.05 10.10 10.14 10.09 10.00 10.02 10.07 10.14 10.23 10.25 10.11 10.01 10.00 9.99 10.00 9.99 10.02 10.01 10.02 10.04 10.04 10.06 10.08 10.10 10.10 10.11 10.12 10.05 10.01 10.09 10.10 10.04 10.02 10.04 10.09 10.13 10.15 10.15 10.13 10.11 10.10 10.08 10.10 10.12 10.13 10.14
8.58 8.66 8.74 8.81 8.85 8.89 8.91 8.93 8.96 8.99 9.01 9.11 9.13 9.09 9.03 9.11 9.29 9.48 9.66 9.72 9.74 9.81 9.87 9.92 9.99 10.01 10.03 10.03 10.04 10.02 10.02 10.01 10.03 10.05 10.13 10.12 10.07 10.07 10.03 10.07 10.04 10.10 10.14 10.25 10.18 10.04 10.03 10.04 10.06 10.04 10.12 10.09 10.09 10.11 10.09 10.08 10.05 10.13 10.09 10.10 10.16 10.17 10.06 10.07 10.12 10.08 10.05 10.08 10.11 10.13 10.13 10.18 10.17 10.16 10.18 10.14 10.15 10.16 10.16 10.18
8.77 8.73 8.75 8.77 8.79 8.83 8.87 8.92 8.97 9.01 9.05 9.08 9.04 9.04 9.11 9.22 9.36 9.50 9.67 9.75 9.78 9.84 9.90 9.94 9.99 10.02 10.02 10.02 10.02 10.00 10.01 10.01 10.06 10.12 10.12 10.07 10.05 10.07 10.07 10.10 10.14 10.19 10.27 10.31 10.30 10.22 10.11 10.07 10.20 10.23 10.23 10.24 10.24 10.23 10.20 10.16 10.12 10.13 10.15 10.12 10.15 10.13 10.08 10.10 10.12 10.14 10.12 10.11 10.12 10.15 10.17 10.18 10.19 10.19 10.25 10.24 10.23 10.22 10.21 10.23
8.81 8.78 8.77 8.73 8.73 8.77 8.85 8.91 8.98 9.04 9.10 9.13 8.98 9.01 9.23 9.35 9.45 9.52 9.64 9.76 9.79 9.84 9.91 9.93 9.97 10.03 10.01 10.02 10.02 9.99 10.00 10.03 10.09 10.11 10.08 10.05 10.05 10.07 10.11 10.10 10.14 10.24 10.19 10.22 10.30 10.29 10.24 10.11 10.26 10.09 10.09 10.12 10.17 10.21 10.13 10.12 10.15 10.15 10.17 10.17 10.16 10.14 10.13 10.14 10.13 10.15 10.16 10.13 10.15 10.17 10.19 10.18 10.20 10.26 10.28 10.31 10.32 10.31 10.28 10.28
8.82 8.83 8.84 8.81 8.80 8.81 8.87 8.91 8.95 9.02 9.10 9.15 9.14 9.20 9.35 9.45 9.51 9.57 9.66 9.75 9.81 9.85 9.90 9.94 9.98 10.02 10.03 10.04 10.03 10.02 10.03 10.05 10.10 10.12 10.10 10.09 10.08 10.07 10.09 10.18 10.23 10.23 10.18 10.22 10.28 10.26 10.29 10.28 10.24 10.22 10.18 10.15 10.16 10.17 10.15 10.14 10.16 10.17 10.18 10.19 10.19 10.19 10.19 10.17 10.15 10.16 10.16 10.16 10.17 10.20 10.23 10.22 10.26 10.33 10.32 10.33 10.37 10.36 10.33 10.34
8.83 8.85 8.93 9.01 8.95 8.94 8.97 8.95 8.90 9.03 9.12 9.21 9.31 9.38 9.46 9.53 9.56 9.61 9.69 9.78 9.83 9.88 9.92 9.95 10.00 10.02 10.05 10.05 10.06 10.06 10.06 10.06 10.10 10.12 10.12 10.12 10.11 10.12 10.11 10.20 10.11 10.15 10.14 10.21 10.26 10.18 10.20 10.14 10.16 10.15 10.19 10.18 10.18 10.18 10.18 10.18 10.18 10.18 10.19 10.20 10.20 10.19 10.17 10.16 10.17 10.18 10.18 10.18 10.20 10.23 10.28 10.31 10.35 10.38 10.35 10.37 10.41 10.35 10.37 10.39
8.82 8.89 8.96 9.03 9.05 9.07 9.11 9.11 9.11 9.15 9.22 9.30 9.38 9.45 9.49 9.54 9.56 9.60 9.70 9.79 9.86 9.89 9.92 9.97 10.01 10.04 10.06 10.06 10.07 10.07 10.08 10.09 10.11 10.12 10.11 10.11 10.13 10.13 10.14 10.20 10.19 10.17 10.16 10.20 10.24 10.24 10.21 10.17 10.16 10.17 10.18 10.19 10.20 10.20 10.20 10.19 10.19 10.21 10.21 10.21 10.21 10.19 10.17 10.17 10.18 10.20 10.21 10.22 10.24 10.27 10.31 10.33 10.37 10.41 10.42 10.44 10.43 10.41 10.40 10.45
8.85 8.92 8.99 9.05 9.11 9.18 9.26 9.28 9.31 9.31 9.35 9.39 9.43 9.47 9.49 9.52 9.54 9.57 9.71 9.86 9.88 9.89 9.93 9.98 10.03 10.05 10.05 10.06 10.08 10.08 10.09 10.10 10.10 10.13 10.12 10.10 10.14 10.14 10.12 10.17 10.20 10.20 10.18 10.18 10.20 10.21 10.22 10.21 10.20 10.20 10.22 10.22 10.23 10.23 10.23 10.21 10.20 10.22 10.22 10.22 10.21 10.20 10.20 10.20 10.21 10.22 10.23 10.25 10.26 10.28 10.29 10.31 10.39 10.41 10.40 10.43 10.46 10.45 10.41 10.49
