main/data/pressure/22.10.2023.grid
ncols 886
nrows 691
xllcenter 112.0000
yllcenter -44.5000
cellsize 0.0500
nodata_value 99999.90
[rows 144 to 179 of 691, columns 486 to 566 of 886]
26.31 26.29 26.16 26.02 25.95 25.88 25.84 25.80 25.67 25.47 25.45 25.23 25.10 25.10 24.86 24.89 24.93 24.87 24.81 24.75 24.64 24.91 24.94 24.85 24.71 24.71 24.67 24.75 24.81 24.89 25.07 25.10 25.20 25.31 25.39 25.48 25.59 25.69 25.81 25.94 26.09 26.25 26.43 26.66 26.89 27.10 27.29 27.51 27.65 27.82 28.00 28.16 28.32 28.46 28.59 28.72 28.84 28.95 29.02 29.09 29.14 29.17 29.20 29.21 29.22 29.21 29.20 29.19 29.16 29.12 29.06 29.00 28.92 28.83 28.72 28.60 28.44 28.25 28.04 27.79 27.51
25.73 25.64 25.51 25.27 25.23 25.19 25.27 25.24 25.06 24.79 24.96 24.76 24.67 24.68 24.54 24.59 24.57 24.38 24.33 24.41 24.50 24.49 24.48 24.57 24.47 24.37 24.12 24.24 24.52 24.78 24.89 24.94 24.99 25.02 24.94 24.99 25.19 25.39 25.51 25.66 25.83 26.03 26.24 26.48 26.74 27.00 27.22 27.43 27.61 27.76 27.93 28.09 28.24 28.39 28.53 28.65 28.76 28.86 28.94 29.01 29.06 29.09 29.11 29.13 29.14 29.14 29.12 29.11 29.08 29.03 28.99 28.92 28.84 28.74 28.62 28.49 28.33 28.12 27.90 27.64 27.34
24.66 24.93 24.78 24.71 24.61 24.63 24.74 24.70 24.52 24.45 24.34 24.18 24.21 24.26 24.26 24.24 24.12 24.01 24.04 24.15 24.17 23.91 24.02 24.17 24.21 24.09 23.89 23.93 24.13 24.42 24.53 24.54 24.54 24.64 24.26 24.32 24.77 25.00 25.18 25.37 25.56 25.78 26.01 26.29 26.60 26.91 27.14 27.36 27.52 27.69 27.85 28.02 28.17 28.32 28.45 28.58 28.69 28.78 28.86 28.92 28.97 29.01 29.03 29.05 29.05 29.05 29.03 29.02 28.99 28.95 28.89 28.82 28.74 28.64 28.52 28.38 28.20 28.00 27.76 27.48 27.16
24.34 24.27 24.16 24.24 24.12 24.08 24.16 24.18 24.06 23.94 23.84 23.60 23.79 23.82 23.85 23.86 23.79 23.70 23.67 23.73 23.79 23.60 23.60 23.75 23.45 23.84 23.77 23.96 24.20 24.09 23.55 24.13 24.32 24.23 23.96 24.16 24.56 24.55 24.74 25.08 25.28 25.52 25.74 26.06 26.43 26.79 27.03 27.27 27.47 27.63 27.79 27.95 28.10 28.24 28.37 28.50 28.60 28.69 28.78 28.84 28.88 28.92 28.94 28.95 28.95 28.95 28.94 28.92 28.89 28.85 28.79 28.73 28.64 28.54 28.41 28.26 28.07 27.86 27.60 27.31 26.98
23.74 23.74 23.71 23.76 23.66 23.61 23.58 23.62 23.59 23.50 23.41 23.38 23.36 23.42 23.45 23.40 23.32 23.27 23.26 23.30 23.36 23.29 23.26 23.35 23.41 23.47 23.35 23.63 23.58 23.48 23.60 23.95 23.91 23.80 23.85 24.05 24.26 24.43 24.56 24.00 24.93 25.26 25.51 25.82 26.19 26.61 26.92 27.14 27.35 27.54 27.71 27.86 28.01 28.14 28.27 28.40 28.50 28.59 28.68 28.73 28.78 28.81 28.84 28.84 28.85 28.85 28.83 28.81 28.78 28.74 28.68 28.61 28.52 28.42 28.28 28.12 27.93 27.70 27.44 27.13 26.78
23.29 23.27 23.27 23.30 23.18 23.14 23.12 23.13 23.10 23.02 22.94 22.96 22.95 23.03 22.97 22.88 22.80 22.83 22.84 22.93 22.80 22.88 22.88 22.92 23.05 23.10 22.95 23.35 22.67 22.92 23.30 23.48 23.48 23.55 23.74 23.86 23.95 23.73 23.72 24.05 24.40 24.95 25.20 25.54 25.93 26.37 26.73 26.98 27.16 27.39 27.55 27.71 27.89 28.02 28.15 28.27 28.38 28.48 28.55 28.62 28.66 28.69 28.72 28.72 28.73 28.73 28.71 28.69 28.66 28.62 28.56 28.50 28.40 28.29 28.15 27.99 27.78 27.54 27.26 26.94 26.58
22.91 22.92 22.88 22.78 22.67 22.64 22.63 22.63 22.62 22.58 22.56 22.56 22.52 22.55 22.50 22.47 22.46 22.48 22.51 22.50 22.47 22.50 22.46 22.45 22.62 22.72 22.69 22.84 22.44 22.63 22.98 23.02 23.21 23.21 23.36 23.49 23.40 23.56 23.59 23.66 23.88 24.33 24.79 25.20 25.61 26.09 26.50 26.76 26.98 27.18 27.37 27.54 27.71 27.88 28.01 28.14 28.25 28.35 28.42 28.49 28.53 28.55 28.58 28.59 28.59 28.58 28.57 28.56 28.53 28.49 28.44 28.37 28.27 28.16 28.01 27.83 27.63 27.38 27.08 26.74 26.38
22.40 22.43 22.35 22.27 22.13 22.13 22.11 22.12 22.17 22.17 22.13 22.07 22.08 22.13 22.18 22.14 22.14 22.10 22.08 22.09 22.07 22.07 22.07 22.09 22.33 22.33 22.23 22.27 22.11 22.35 22.45 22.38 22.20 22.71 22.86 22.55 22.09 22.81 23.33 23.58 23.76 24.12 24.45 24.83 25.27 25.73 26.19 26.47 26.70 26.94 27.16 27.34 27.53 27.69 27.84 27.97 28.10 28.20 28.27 28.33 28.38 28.40 28.43 28.43 28.43 28.42 28.42 28.40 28.37 28.35 28.29 28.22 28.13 28.01 27.86 27.68 27.46 27.20 26.89 26.55 26.16
21.95 21.92 21.94 21.89 21.84 21.77 21.75 21.75 21.81 21.82 21.85 21.77 21.76 21.80 21.86 21.88 21.83 21.70 21.65 21.65 21.58 21.60 21.66 21.70 21.83 21.89 21.83 21.65 21.69 21.77 21.77 22.06 22.09 22.09 22.04 22.43 22.58 22.77 22.97 23.18 23.40 23.68 24.03 24.40 24.83 25.31 25.80 26.12 26.39 26.65 26.89 27.10 27.29 27.47 27.62 27.77 27.90 28.01 28.08 28.15 28.20 28.23 28.25 28.25 28.25 28.25 28.23 28.21 28.17 28.18 28.13 28.07 27.97 27.85 27.70 27.51 27.29 27.01 26.70 26.34 25.94
21.53 21.44 21.43 21.37 21.38 21.42 21.44 21.42 21.43 21.50 21.52 21.54 21.49 21.48 21.48 21.57 21.51 21.47 21.42 21.38 21.26 21.25 21.32 21.35 21.38 21.39 21.44 21.35 21.30 21.40 21.63 21.55 21.62 21.44 21.59 21.98 22.13 22.21 22.32 22.54 22.92 23.18 23.52 23.91 24.33 24.82 25.34 25.68 25.99 26.28 26.54 26.78 27.00 27.19 27.36 27.51 27.64 27.76 27.85 27.92 27.98 28.02 28.04 28.05 28.04 28.04 28.04 28.04 28.03 28.01 27.95 27.88 27.80 27.69 27.53 27.33 27.09 26.82 26.49 26.11 25.71
21.16 21.10 21.06 20.99 21.07 21.07 21.09 21.09 21.10 21.15 21.16 21.16 21.21 21.20 21.11 21.21 21.24 21.14 21.14 21.16 21.05 21.01 20.99 20.95 20.96 21.10 21.00 20.82 20.71 21.34 21.33 21.25 21.11 21.20 21.45 21.42 21.30 21.59 21.73 21.65 22.20 22.63 22.94 23.34 23.77 24.27 24.80 25.18 25.52 25.83 26.12 26.38 26.62 26.83 27.03 27.19 27.33 27.46 27.56 27.65 27.72 27.77 27.81 27.81 27.81 27.81 27.83 27.84 27.83 27.81 27.77 27.71 27.62 27.49 27.34 27.14 26.90 26.61 26.28 25.89 25.47
20.83 20.81 20.80 20.72 20.72 20.70 20.73 20.77 20.74 20.80 20.81 20.77 20.85 20.90 20.89 20.91 20.84 20.74 20.62 20.77 20.79 20.72 20.65 20.57 20.65 20.75 20.48 20.44 20.68 21.01 20.96 20.74 21.03 20.92 21.00 20.41 21.08 20.96 21.11 21.36 21.52 22.00 22.33 22.69 23.14 23.63 24.16 24.58 24.90 25.25 25.59 25.89 26.16 26.40 26.61 26.80 26.97 27.12 27.24 27.34 27.42 27.50 27.53 27.56 27.55 27.56 27.61 27.63 27.62 27.62 27.57 27.50 27.41 27.30 27.14 26.94 26.69 26.39 26.05 25.64 25.23
20.51 20.49 20.47 20.44 20.43 20.38 20.38 20.42 20.45 20.36 20.48 20.49 20.53 20.52 20.51 20.46 20.56 20.49 20.34 20.42 20.51 20.31 20.38 20.34 20.32 20.36 20.30 20.36 20.69 20.57 20.59 20.65 20.63 20.43 20.61 20.39 20.26 20.68 20.89 20.99 21.21 21.45 21.72 22.05 22.43 22.91 23.43 23.85 24.23 24.61 24.97 25.30 25.59 25.86 26.12 26.35 26.54 26.70 26.86 26.98 27.10 27.19 27.25 27.29 27.32 27.34 27.37 27.41 27.41 27.40 27.35 27.27 27.18 27.05 26.90 26.69 26.44 26.15 25.81 25.42 24.98
20.17 20.16 20.13 20.11 20.08 20.04 20.02 20.07 20.09 20.14 20.14 20.13 20.15 20.20 20.21 20.22 20.26 20.22 19.97 20.10 20.19 19.83 20.06 20.12 19.96 20.11 20.15 20.21 20.20 20.22 20.14 20.21 20.21 19.85 20.16 20.04 20.16 20.18 20.16 20.36 20.60 20.79 21.04 21.33 21.67 22.12 22.62 23.07 23.49 23.90 24.27 24.63 24.94 25.26 25.56 25.82 26.05 26.23 26.42 26.58 26.74 26.85 26.93 26.99 27.04 27.09 27.13 27.16 27.16 27.17 27.12 27.04 26.92 26.80 26.62 26.42 26.18 25.91 25.58 25.17 24.73
19.81 19.82 19.80 19.77 19.75 19.72 19.74 19.76 19.80 19.78 19.77 19.78 19.80 19.82 19.86 19.85 19.89 19.94 19.80 19.79 19.85 19.79 19.76 19.80 19.84 19.85 19.83 19.68 19.87 19.84 19.68 19.67 19.79 19.49 19.59 19.56 19.48 19.60 19.77 19.78 19.94 20.09 20.27 20.56 20.89 21.30 21.76 22.22 22.66 23.09 23.50 23.89 24.25 24.60 24.93 25.24 25.51 25.76 25.97 26.15 26.32 26.45 26.55 26.64 26.72 26.79 26.85 26.88 26.90 26.92 26.89 26.82 26.71 26.55 26.38 26.18 25.94 25.66 25.33 24.92 24.47
19.45 19.45 19.45 19.41 19.41 19.43 19.46 19.45 19.41 19.36 19.32 19.40 19.43 19.48 19.48 19.42 19.52 19.61 19.58 19.51 19.48 19.54 19.50 19.44 19.53 19.43 19.43 19.41 19.30 19.46 19.45 19.23 19.35 19.08 19.07 19.05 19.09 19.08 18.95 18.95 18.94 19.19 19.39 19.64 19.92 20.35 20.81 21.29 21.76 22.23 22.66 23.08 23.48 23.87 24.24 24.58 24.89 25.16 25.41 25.64 25.82 25.98 26.13 26.25 26.35 26.44 26.52 26.56 26.61 26.60 26.62 26.54 26.43 26.33 26.14 25.93 25.70 25.42 25.07 24.64 24.20
19.11 19.08 19.05 19.05 19.10 19.11 19.09 19.06 19.02 18.99 18.99 18.98 18.91 19.09 19.13 19.11 19.24 19.13 19.23 19.26 19.27 19.15 19.16 19.24 19.19 19.20 19.17 19.14 19.09 18.94 18.91 18.89 18.81 18.69 18.61 18.52 18.36 18.09 18.04 18.02 18.09 18.27 18.50 18.66 18.98 19.42 19.85 20.35 20.84 21.31 21.76 22.20 22.64 23.06 23.46 23.83 24.17 24.50 24.77 25.04 25.27 25.48 25.64 25.80 25.93 26.04 26.14 26.20 26.26 26.29 26.32 26.26 26.17 26.05 25.86 25.65 25.38 25.10 24.79 24.38 23.91
18.76 18.73 18.67 18.73 18.76 18.75 18.70 18.68 18.68 18.62 18.59 18.53 18.45 18.74 18.68 18.87 18.86 18.78 18.83 18.72 18.79 18.82 18.83 18.66 18.79 18.60 18.62 18.53 18.26 18.36 18.44 18.24 18.18 17.64 17.70 17.64 17.46 17.27 17.41 17.09 17.30 17.24 17.45 17.62 18.00 18.51 18.97 19.44 19.89 20.36 20.79 21.29 21.75 22.19 22.61 23.02 23.39 23.74 24.07 24.38 24.64 24.90 25.11 25.29 25.45 25.60 25.72 25.81 25.89 25.95 25.96 25.96 25.88 25.76 25.61 25.36 25.04 24.76 24.48 24.09 23.61
18.42 18.43 18.43 18.43 18.42 18.37 18.33 18.30 18.26 18.19 18.13 18.12 18.19 18.31 18.29 18.50 18.49 18.41 18.38 18.33 18.32 18.29 18.20 18.12 18.17 18.05 18.11 18.00 17.92 18.03 17.66 17.25 17.27 17.03 16.97 16.77 16.58 16.45 16.65 16.41 16.52 16.52 16.61 16.86 17.10 17.54 18.03 18.49 18.92 19.37 19.85 20.31 20.77 21.25 21.69 22.14 22.55 22.93 23.29 23.64 23.96 24.23 24.49 24.71 24.91 25.10 25.24 25.38 25.48 25.54 25.59 25.63 25.56 25.47 25.30 25.06 24.78 24.51 24.18 23.77 23.33
18.08 18.07 18.07 18.07 18.05 18.03 18.01 17.92 17.83 17.77 17.71 17.74 17.86 17.98 18.08 18.11 18.12 18.03 17.92 17.91 17.86 17.80 17.75 17.73 17.77 17.83 17.79 17.70 17.61 17.49 17.08 16.74 16.55 16.30 16.33 16.07 16.04 15.90 15.81 15.26 15.46 15.38 15.74 15.76 16.21 16.69 17.12 17.54 17.96 18.42 18.87 19.31 19.77 20.25 20.74 21.21 21.64 22.06 22.45 22.83 23.18 23.51 23.82 24.08 24.31 24.53 24.72 24.89 25.03 25.12 25.18 25.24 25.23 25.10 24.98 24.74 24.49 24.21 23.84 23.42 23.01
17.73 17.73 17.72 17.71 17.72 17.68 17.62 17.56 17.47 17.39 17.32 17.35 17.45 17.57 17.70 17.63 17.73 17.68 17.58 17.52 17.40 17.39 17.37 17.30 17.29 17.33 17.17 17.08 17.04 16.91 16.66 16.23 15.94 15.66 15.54 15.17 15.13 14.99 14.93 14.80 14.49 14.48 14.97 15.27 15.57 15.91 16.29 16.67 17.03 17.46 17.88 18.30 18.76 19.31 19.77 20.21 20.69 21.13 21.54 21.96 22.35 22.71 23.05 23.39 23.66 23.91 24.14 24.34 24.51 24.64 24.73 24.79 24.83 24.75 24.62 24.42 24.18 23.89 23.50 23.08 22.65
17.38 17.39 17.39 17.39 17.38 17.28 17.13 17.21 17.19 17.05 16.93 17.00 17.15 17.29 17.28 17.26 17.32 17.35 17.27 17.20 17.12 17.07 17.02 16.90 16.78 16.76 16.56 16.57 16.46 16.27 16.17 15.82 15.45 15.14 14.87 14.29 14.37 14.21 13.78 13.79 13.89 13.85 14.18 14.54 14.82 15.08 15.43 15.73 16.08 16.51 16.93 17.36 17.84 18.31 18.75 19.23 19.71 20.16 20.61 21.03 21.45 21.87 22.24 22.61 22.93 23.23 23.49 23.74 23.94 24.11 24.24 24.31 24.33 24.36 24.21 24.07 23.84 23.53 23.12 22.60 22.12
17.05 17.05 17.06 17.07 17.04 16.94 16.86 16.85 16.79 16.75 16.67 16.65 16.68 16.82 16.85 16.80 16.82 16.88 16.93 16.86 16.69 16.72 16.63 16.54 16.44 16.37 16.25 16.14 15.90 15.79 15.61 15.30 14.88 14.48 14.08 13.78 13.29 13.24 12.91 12.99 12.91 12.81 13.30 13.67 14.17 14.21 14.67 14.97 15.22 15.58 15.99 16.43 16.88 17.33 17.77 18.25 18.70 19.17 19.63 20.08 20.52 20.96 21.38 21.77 22.13 22.47 22.78 23.06 23.31 23.52 23.68 23.80 23.87 23.89 23.84 23.66 23.38 22.95 22.47 21.91 21.41
16.72 16.72 16.71 16.72 16.70 16.62 16.59 16.54 16.51 16.48 16.42 16.33 16.33 16.45 16.47 16.42 16.38 16.44 16.49 16.41 16.24 16.28 16.19 16.14 16.06 15.91 15.79 15.50 15.53 15.29 15.03 14.70 14.26 13.76 13.36 12.86 12.42 12.30 12.19 11.97 12.28 12.75 13.09 13.29 13.49 13.72 13.96 14.19 14.49 14.79 15.15 15.54 15.93 16.36 16.80 17.25 17.70 18.17 18.62 19.10 19.55 20.02 20.46 20.90 21.29 21.66 22.02 22.34 22.64 22.87 23.09 23.24 23.33 23.33 23.23 22.96 22.58 22.17 21.72 21.25 20.80
16.38 16.37 16.37 16.38 16.36 16.32 16.28 16.24 16.19 16.17 16.13 16.08 16.09 16.17 16.17 16.15 16.04 16.06 16.08 16.00 15.85 15.80 15.77 15.71 15.64 15.39 15.19 15.21 14.93 14.73 14.46 14.11 13.63 13.07 12.62 12.00 11.68 11.36 11.55 11.50 11.97 11.76 12.25 12.46 12.85 13.06 13.28 13.38 13.66 14.04 14.34 14.51 15.05 15.44 15.86 16.28 16.70 17.15 17.63 18.09 18.55 19.03 19.50 19.96 20.38 20.80 21.20 21.56 21.89 22.18 22.43 22.61 22.67 22.55 22.33 22.03 21.69 21.34 20.99 20.59 20.20
16.04 16.04 16.02 16.04 16.04 16.00 15.98 15.95 15.89 15.89 15.89 15.82 15.88 15.82 15.70 15.65 15.64 15.69 15.70 15.59 15.44 15.33 15.31 15.28 15.22 14.96 14.94 14.59 14.40 14.23 13.82 13.40 12.98 12.37 11.65 11.19 11.11 11.08 11.27 11.30 11.78 11.05 11.35 11.60 12.29 12.47 12.65 12.63 12.73 13.25 13.54 13.82 14.21 14.58 14.96 15.35 15.76 16.20 16.65 17.10 17.57 18.03 18.51 18.99 19.46 19.90 20.33 20.74 21.11 21.42 21.67 21.76 21.71 21.57 21.35 21.09 20.81 20.54 20.25 19.93 19.57
15.71 15.72 15.72 15.71 15.69 15.69 15.66 15.59 15.62 15.61 15.59 15.56 15.51 15.45 15.38 15.32 15.30 15.32 15.33 15.16 15.05 14.95 14.86 14.75 14.59 14.68 14.38 13.88 13.83 13.46 13.07 12.63 12.23 11.82 11.29 10.73 10.59 10.85 10.98 10.96 11.12 10.50 10.70 11.68 11.81 11.86 12.07 12.01 12.26 12.45 12.79 13.16 13.45 13.76 14.10 14.46 14.84 15.25 15.68 16.12 16.59 17.05 17.53 18.01 18.47 18.96 19.41 19.85 20.24 20.55 20.70 20.74 20.69 20.57 20.41 20.21 19.99 19.76 19.52 19.28 19.00
15.37 15.39 15.36 15.35 15.33 15.34 15.34 15.28 15.18 15.19 15.16 15.08 15.04 15.03 15.02 14.98 14.93 14.87 14.80 14.70 14.54 14.44 14.41 14.29 14.24 14.11 13.87 13.44 13.20 12.80 12.60 12.29 11.81 11.43 10.96 10.35 10.21 10.56 10.76 10.83 10.78 10.42 10.55 10.93 11.25 11.39 11.53 11.36 11.69 11.83 12.24 12.49 12.71 12.94 13.29 13.59 13.98 14.34 14.74 15.19 15.63 16.09 16.54 17.03 17.49 17.98 18.45 18.90 19.28 19.51 19.64 19.71 19.69 19.63 19.54 19.39 19.22 19.03 18.83 18.64 18.44
15.04 15.05 15.03 15.02 15.01 15.01 15.01 14.95 14.86 14.70 14.71 14.63 14.64 14.67 14.67 14.65 14.46 14.38 14.28 14.35 14.31 14.13 13.99 13.83 13.66 13.61 13.46 13.16 12.89 12.67 12.28 11.92 11.53 11.09 10.51 9.89 10.13 10.19 10.10 10.10 10.04 9.83 9.98 10.21 10.79 10.89 11.02 11.04 11.13 11.38 11.66 11.74 12.00 12.08 12.45 12.79 13.16 13.51 13.89 14.30 14.71 15.15 15.60 16.06 16.52 17.01 17.49 17.92 18.24 18.48 18.65 18.75 18.76 18.74 18.69 18.60 18.49 18.34 18.20 18.05 17.85
14.71 14.71 14.69 14.68 14.68 14.70 14.67 14.63 14.56 14.45 14.41 14.36 14.37 14.40 14.43 14.39 14.30 14.17 14.20 14.15 14.13 13.90 13.61 13.36 13.27 13.14 13.10 12.84 12.58 12.23 11.73 11.42 11.02 10.48 10.13 9.83 9.68 9.77 9.73 9.73 9.86 9.69 9.78 9.65 10.36 10.41 10.50 10.53 10.63 10.90 11.05 11.00 11.34 11.29 11.81 12.10 12.42 12.74 13.08 13.46 13.83 14.24 14.67 15.11 15.57 16.05 16.50 16.91 17.25 17.53 17.74 17.83 17.89 17.91 17.87 17.81 17.77 17.69 17.57 17.47 17.34
14.42 14.40 14.39 14.38 14.37 14.38 14.35 14.30 14.25 14.19 14.12 14.06 14.07 14.13 14.15 14.11 14.04 13.98 13.94 13.89 13.82 13.68 13.48 13.28 12.99 12.53 12.33 12.49 12.17 11.82 11.45 11.05 10.61 10.15 9.72 9.44 9.39 9.39 9.37 9.43 9.52 9.67 9.75 9.85 9.95 10.00 9.97 10.03 10.25 10.42 10.32 10.51 10.56 10.65 11.03 11.35 11.75 12.03 12.38 12.66 13.03 13.42 13.80 14.23 14.65 15.12 15.57 15.99 16.35 16.66 16.88 17.00 17.10 17.14 17.12 17.08 17.10 17.07 17.01 16.93 16.84
14.07 14.10 14.05 14.06 14.05 14.06 14.02 13.98 13.93 13.89 13.84 13.68 13.65 13.74 13.82 13.82 13.77 13.71 13.67 13.59 13.48 13.39 13.27 13.11 12.78 12.38 12.29 12.20 11.88 11.53 11.18 10.75 10.29 9.82 9.42 9.28 9.20 9.25 9.27 9.29 9.16 9.30 9.45 9.43 9.48 9.55 9.62 9.36 9.86 9.96 9.69 9.91 10.23 10.43 10.66 10.85 11.04 11.39 11.69 11.97 12.25 12.59 12.97 13.36 13.78 14.26 14.73 15.16 15.52 15.86 16.09 16.24 16.36 16.44 16.44 16.46 16.52 16.49 16.46 16.41 16.36
13.75 13.74 13.75 13.72 13.72 13.72 13.71 13.67 13.63 13.55 13.40 13.28 13.25 13.29 13.41 13.47 13.46 13.42 13.36 13.27 13.18 13.07 12.96 12.80 12.57 12.32 12.10 11.90 11.62 11.25 10.91 10.50 10.03 9.56 9.21 9.09 9.05 9.01 9.06 9.10 9.14 9.15 9.07 8.94 9.22 9.15 9.00 8.71 9.34 9.50 9.19 9.42 9.46 9.72 9.86 10.13 10.57 10.88 11.06 11.30 11.54 11.86 12.21 12.58 13.01 13.51 13.99 14.43 14.81 15.14 15.39 15.54 15.69 15.79 15.83 15.88 15.94 15.95 15.94 15.91 15.89
13.47 13.46 13.43 13.44 13.41 13.39 13.39 13.32 13.24 13.14 12.98 12.94 13.01 13.03 13.11 13.17 13.15 13.10 13.04 12.95 12.86 12.77 12.64 12.49 12.33 12.14 11.87 11.64 11.34 10.97 10.66 10.18 9.77 9.25 8.91 8.83 8.76 8.74 8.69 8.72 8.71 8.71 8.67 8.75 8.70 8.84 8.90 8.96 9.02 8.76 9.13 9.31 9.10 9.40 9.73 9.93 10.19 10.33 10.45 10.65 10.86 11.21 11.52 11.87 12.28 12.68 13.28 13.71 14.05 14.42 14.75 14.92 15.07 15.18 15.25 15.34 15.40 15.44 15.46 15.45 15.44
13.17 13.14 13.13 13.12 13.11 13.09 13.06 12.91 12.78 12.71 12.78 12.81 12.82 12.82 12.81 12.76 12.86 12.80 12.73 12.65 12.56 12.46 12.35 12.20 12.04 11.86 11.58 11.41 11.11 10.77 10.32 9.84 9.42 8.97 8.77 8.69 8.64 8.55 8.50 8.49 8.45 8.44 8.45 8.46 8.46 8.59 8.45 8.52 8.33 8.22 8.48 8.84 9.21 9.39 9.49 9.50 9.63 9.77 9.86 10.07 10.34 10.63 10.89 11.24 11.24 11.98 12.63 13.09 13.46 13.81 14.15 14.35 14.50 14.64 14.74 14.83 14.89 14.96 14.98 14.99 15.00
12.87 12.83 12.81 12.80 12.81 12.79 12.75 12.61 12.64 12.60 12.65 12.66 12.63 12.61 12.60 12.58 12.52 12.49 12.44 12.35 12.27 12.16 12.06 11.92 11.74 11.54 11.38 11.08 10.77 10.48 10.02 9.60 9.17 8.81 8.69 8.64 8.54 8.53 8.39 8.39 8.29 8.24 8.24 8.23 8.22 8.32 8.31 8.51 8.34 8.46 8.80 8.93 8.61 9.02 8.88 8.94 9.16 9.28 9.45 9.58 9.87 10.05 10.33 10.66 11.04 11.58 12.12 12.56 12.94 13.28 13.55 13.84 13.97 14.12 14.25 14.35 14.43 14.51 14.55 14.56 14.56
