main/data/pressure/22.10.2023.grid
ncols 886
nrows 691
xllcenter 112.0000
yllcenter -44.5000
cellsize 0.0500
nodata_value 99999.90
[rows 144 to 179 of 691, columns 324 to 404 of 886]
13.56 13.54 13.37 13.37 13.49 13.20 12.42 12.76 13.25 13.47 13.73 13.93 13.98 14.06 13.83 13.37 13.54 13.91 14.01 14.15 14.41 14.65 14.87 14.77 15.07 15.10 15.10 15.39 15.61 15.58 15.53 15.57 15.53 15.44 15.54 15.54 15.51 15.51 15.54 15.49 15.54 15.56 15.56 15.53 15.50 15.46 15.52 15.57 15.58 15.55 15.45 15.46 15.43 15.50 15.51 15.51 15.61 15.81 15.75 15.69 15.81 15.96 16.00 16.17 16.36 16.46 16.49 16.44 16.45 16.51 16.60 16.69 16.80 16.97 17.07 17.13 17.15 17.18 17.24 17.32 17.39
13.26 13.56 13.20 13.34 13.11 13.31 13.27 13.17 13.59 13.54 13.62 13.67 13.74 13.87 13.79 13.30 13.33 13.61 13.84 14.01 14.19 14.42 14.62 14.90 15.09 15.21 15.32 15.39 15.44 15.34 15.30 15.39 15.42 15.38 15.35 15.25 15.15 15.18 15.15 15.15 15.20 15.24 15.26 15.27 15.28 15.26 15.20 15.30 15.34 15.27 15.33 15.22 15.21 15.28 15.36 15.34 15.38 15.59 15.47 15.46 15.51 15.65 15.67 15.89 16.11 16.27 16.32 16.29 16.28 16.35 16.42 16.50 16.60 16.74 16.83 16.89 16.95 16.99 17.04 17.13 17.21
13.19 13.05 13.37 13.22 13.30 13.32 13.30 13.40 13.02 12.98 13.32 13.41 13.47 13.63 13.74 13.40 13.32 13.42 13.73 14.00 14.16 14.29 14.35 14.50 14.90 14.79 14.97 15.06 15.15 15.21 15.24 15.24 15.23 15.18 15.11 15.00 14.87 14.85 14.77 14.81 14.83 14.88 14.97 14.98 14.91 14.96 15.03 15.00 14.90 14.67 14.97 15.11 14.98 15.02 15.15 15.24 15.33 15.26 15.22 15.24 15.37 15.53 15.59 15.72 15.88 16.04 16.16 16.14 16.13 16.18 16.26 16.33 16.42 16.51 16.59 16.67 16.76 16.82 16.89 16.96 17.04
13.14 12.60 12.70 12.59 11.67 12.80 13.26 12.86 12.72 13.13 13.37 13.23 13.26 13.48 13.53 13.36 12.97 13.31 13.69 13.95 13.95 14.21 14.25 14.44 14.66 14.21 14.54 14.77 14.89 14.75 14.92 14.96 14.95 14.92 14.83 14.75 14.72 14.67 14.53 14.53 14.47 14.50 14.61 14.64 14.66 14.71 14.72 14.78 14.69 14.62 14.76 14.91 14.82 14.80 14.97 15.07 14.92 14.95 14.95 15.00 15.09 15.23 15.42 15.55 15.69 15.81 15.94 15.93 15.94 16.00 16.07 16.14 16.21 16.29 16.35 16.46 16.56 16.64 16.71 16.79 16.87
13.21 12.92 12.87 12.54 12.34 12.92 12.99 12.38 12.72 13.16 13.31 13.24 13.33 13.40 13.28 13.10 12.88 13.38 13.48 13.73 14.05 14.20 14.22 14.28 14.33 14.10 14.09 14.43 14.56 14.43 14.60 14.63 14.56 14.62 14.50 14.44 14.46 14.48 14.47 14.40 14.35 14.24 14.23 14.18 14.25 14.36 14.46 14.50 14.54 14.58 14.57 14.66 14.73 14.77 14.74 14.60 14.64 14.57 14.60 14.70 14.86 15.03 15.20 15.33 15.44 15.60 15.71 15.70 15.72 15.80 15.87 15.92 15.99 16.07 16.15 16.24 16.34 16.43 16.51 16.60 16.68
13.22 13.12 12.99 12.67 12.85 13.04 12.46 11.96 12.69 12.96 13.19 13.27 13.22 13.20 13.17 13.01 12.99 13.25 13.22 13.45 13.88 14.07 14.08 14.08 14.08 14.08 13.97 14.17 14.19 14.18 14.25 14.37 14.36 14.34 14.25 14.17 14.15 14.13 14.01 14.11 14.15 14.09 14.07 14.04 14.08 14.08 13.95 14.09 14.26 14.22 14.18 14.27 14.35 14.48 14.40 14.31 14.35 14.26 14.35 14.50 14.64 14.81 14.97 15.08 15.17 15.32 15.45 15.46 15.50 15.60 15.68 15.70 15.77 15.87 15.95 16.02 16.11 16.20 16.28 16.38 16.47
12.73 13.18 12.96 12.31 12.59 11.88 12.14 12.30 12.58 12.69 13.20 13.14 12.96 13.02 13.00 13.01 12.90 13.08 13.04 12.97 13.23 13.75 13.94 13.82 13.78 13.80 13.84 13.87 13.87 13.88 13.91 13.96 13.93 14.03 14.02 13.88 13.71 13.66 13.66 13.70 13.70 13.74 13.72 13.73 13.73 13.70 13.65 13.68 13.72 13.71 13.62 13.90 14.11 14.06 14.05 14.02 14.05 14.10 14.23 14.33 14.44 14.58 14.72 14.78 14.86 15.00 15.18 15.25 15.28 15.37 15.45 15.51 15.58 15.66 15.73 15.80 15.88 15.96 16.05 16.15 16.25
13.28 13.26 13.01 12.32 12.80 12.75 12.58 12.80 12.88 13.14 13.07 12.98 12.85 12.93 12.93 12.96 12.83 12.88 12.93 12.74 12.84 13.28 13.83 13.56 13.47 13.48 13.54 13.52 13.41 13.61 13.60 13.55 13.66 13.70 13.67 13.65 13.44 13.29 13.39 13.35 13.30 13.29 13.29 13.33 13.34 13.31 13.27 13.25 13.24 13.39 13.60 13.73 13.66 13.69 13.63 13.65 13.72 13.85 13.95 14.07 14.20 14.34 14.43 14.53 14.59 14.71 14.89 15.06 15.04 15.14 15.23 15.30 15.38 15.45 15.49 15.57 15.66 15.76 15.82 15.94 16.02
13.26 13.24 13.12 12.63 12.74 13.08 13.01 13.08 13.11 13.07 12.97 12.91 12.86 12.90 12.91 12.92 12.79 12.70 12.70 12.74 12.82 12.79 13.55 13.49 13.27 13.16 13.21 13.22 13.23 13.33 13.40 13.19 13.38 13.35 13.22 13.34 13.27 13.07 13.13 13.05 12.98 12.94 12.90 12.92 12.93 12.91 12.88 12.88 12.90 13.07 13.27 13.26 13.14 13.28 13.28 13.33 13.35 13.45 13.60 13.77 13.93 14.02 14.06 14.24 14.36 14.46 14.64 14.82 14.83 14.92 15.01 15.10 15.18 15.25 15.32 15.38 15.45 15.56 15.65 15.76 15.82
13.16 12.40 12.92 12.94 12.85 13.11 13.11 13.08 13.00 12.94 12.87 12.85 12.86 12.88 12.99 12.90 12.75 12.54 12.52 12.69 12.83 12.84 13.24 13.24 13.17 12.93 12.95 12.99 12.95 13.04 13.11 13.16 13.11 13.01 12.89 12.96 12.98 12.80 12.84 12.81 12.80 12.64 12.53 12.49 12.50 12.49 12.57 12.54 12.53 12.74 12.92 12.79 12.56 12.80 12.87 12.89 12.97 13.12 13.28 13.45 13.62 13.70 13.74 13.92 14.09 14.19 14.36 14.55 14.60 14.70 14.80 14.88 14.97 15.06 15.15 15.20 15.27 15.36 15.44 15.54 15.60
13.13 13.12 12.90 13.21 13.10 13.15 13.10 13.00 12.94 12.81 12.73 12.78 12.78 12.74 12.86 12.84 12.68 12.44 12.45 12.61 12.75 12.88 13.07 12.97 12.74 12.73 12.78 12.79 12.73 12.67 12.74 12.82 12.77 12.72 12.70 12.71 12.66 12.54 12.45 12.43 12.46 12.29 12.23 12.03 12.04 12.11 12.19 12.23 12.28 12.45 12.47 12.36 12.30 12.41 12.45 12.48 12.61 12.82 13.01 13.15 13.30 13.37 13.48 13.64 13.81 13.91 13.96 14.30 14.37 14.48 14.57 14.67 14.76 14.84 14.92 15.00 15.08 15.17 15.24 15.30 15.36
12.59 13.29 13.35 13.30 13.23 13.16 13.02 12.96 12.84 12.66 12.62 12.52 12.71 12.63 12.68 12.77 12.61 12.37 12.46 12.54 12.63 12.71 12.82 12.76 12.64 12.62 12.64 12.65 12.66 12.55 12.54 12.51 12.47 12.48 12.40 12.31 12.19 12.23 12.07 12.01 11.98 12.07 12.05 11.71 11.83 11.84 11.89 11.96 12.05 12.17 12.09 12.05 12.06 12.05 12.02 12.09 12.24 12.44 12.64 12.83 12.89 13.03 13.18 13.37 13.54 13.71 13.88 13.99 14.05 14.18 14.27 14.38 14.49 14.57 14.66 14.76 14.85 14.94 15.01 15.08 15.14
12.19 13.25 13.32 13.16 13.14 13.07 12.96 12.85 12.27 12.46 12.64 12.59 12.55 12.39 12.43 12.50 12.50 12.43 12.43 12.43 12.41 12.45 12.55 12.51 12.44 12.48 12.50 12.47 12.48 12.37 12.32 12.31 12.24 12.13 11.97 11.95 11.91 11.81 11.78 11.66 11.67 11.71 11.71 11.55 11.53 11.44 11.54 11.65 11.75 11.91 11.88 11.77 11.84 11.77 11.77 11.83 12.08 12.19 12.35 12.41 12.50 12.70 12.91 13.08 13.24 13.43 13.63 13.75 13.83 13.90 13.98 14.07 14.16 14.26 14.37 14.47 14.57 14.66 14.76 14.85 14.92
13.40 13.24 13.19 12.68 12.96 12.92 12.95 12.57 12.41 12.51 12.47 12.44 12.21 11.99 12.10 12.11 12.39 12.38 12.35 12.29 12.26 12.24 12.33 12.22 12.23 12.33 12.39 12.40 12.33 12.19 12.12 12.11 12.03 11.84 11.67 11.66 11.62 11.59 11.56 11.49 11.42 11.44 11.39 11.47 11.45 11.09 11.28 11.39 11.46 11.69 11.42 11.55 11.57 11.54 11.66 11.78 11.73 11.81 11.98 12.01 12.07 12.39 12.61 12.76 12.93 13.12 13.34 13.50 13.59 13.63 13.67 13.74 13.84 13.95 14.05 14.16 14.26 14.36 14.49 14.60 14.68
13.38 12.15 13.04 12.79 12.59 12.72 12.81 12.13 12.65 12.51 12.40 12.28 12.00 11.87 11.97 11.96 12.26 12.21 12.20 12.14 12.07 12.13 12.15 11.90 11.94 12.09 12.18 12.20 12.13 12.05 11.94 11.80 11.72 11.57 11.36 11.21 11.13 11.21 10.88 11.10 11.00 11.13 11.18 11.19 11.30 11.15 11.27 11.30 11.41 11.37 11.33 11.34 11.37 11.42 11.52 11.53 11.52 11.55 11.64 11.71 11.85 12.10 12.27 12.46 12.67 12.87 12.99 13.21 13.37 13.43 13.41 13.48 13.58 13.66 13.76 13.85 13.97 14.06 14.15 14.23 14.33
13.32 12.89 12.88 12.93 12.64 12.58 12.60 12.63 12.56 12.36 12.16 12.20 12.00 11.94 11.99 12.04 12.13 12.09 12.07 12.05 12.06 12.08 12.09 11.98 11.96 11.93 11.98 11.99 11.89 11.75 11.61 11.60 11.47 11.31 11.09 10.92 10.77 10.86 10.77 10.69 10.70 10.86 10.99 11.05 11.11 11.13 11.13 11.20 11.22 11.00 11.00 11.11 11.05 11.21 11.25 11.26 11.31 11.31 11.33 11.36 11.58 11.79 11.84 12.16 12.36 12.53 12.71 12.88 13.00 13.23 13.14 13.22 13.32 13.39 13.48 13.55 13.66 13.77 13.86 13.93 14.00
13.18 12.82 12.71 12.82 12.69 12.48 12.38 12.44 12.39 12.25 12.11 12.07 11.99 11.96 11.99 12.00 11.97 11.92 11.87 11.90 11.93 11.95 11.94 11.90 11.79 11.76 11.71 11.79 11.58 11.41 11.31 11.20 11.23 11.08 10.88 10.69 10.54 10.47 10.45 10.27 10.42 10.61 10.66 10.71 10.80 10.84 10.79 10.71 10.93 10.62 10.76 10.88 10.89 10.96 11.02 11.04 11.09 11.12 11.13 11.14 11.26 11.45 11.60 11.89 12.10 12.25 12.41 12.56 12.73 12.96 12.91 13.01 13.08 13.15 13.25 13.32 13.40 13.52 13.61 13.64 13.73
13.16 12.77 12.66 12.72 12.63 12.36 12.11 12.24 12.24 12.14 12.02 11.96 11.89 11.94 11.91 11.84 11.84 11.72 11.66 11.70 11.76 11.80 11.79 11.75 11.69 11.64 11.64 11.48 11.25 11.09 11.15 10.97 10.97 10.82 10.67 10.47 10.29 10.17 10.19 10.23 10.25 10.30 10.30 10.29 10.38 10.46 10.47 10.54 10.64 10.56 10.59 10.67 10.70 10.75 10.80 10.83 10.85 10.87 10.91 10.93 10.96 11.10 11.28 11.54 11.77 11.96 12.13 12.30 12.53 12.68 12.77 12.90 12.92 12.93 13.01 13.10 13.19 13.28 13.37 13.42 13.48
13.08 12.76 12.58 12.58 12.47 12.27 12.12 12.12 12.13 12.07 11.98 11.93 11.87 11.78 11.70 11.67 11.65 11.55 11.47 11.54 11.60 11.62 11.62 11.60 11.54 11.51 11.39 11.27 11.14 11.05 10.99 10.85 10.72 10.55 10.39 10.17 10.01 9.94 9.93 9.99 10.05 10.07 10.13 9.89 10.01 10.12 10.14 10.33 10.27 10.30 10.37 10.44 10.48 10.53 10.57 10.61 10.62 10.64 10.67 10.70 10.72 10.81 10.99 11.25 11.49 11.69 11.89 12.06 12.26 12.47 12.56 12.55 12.58 12.69 12.78 12.87 12.96 13.05 13.12 13.19 13.26
12.96 12.72 12.55 12.46 12.30 12.19 12.09 12.03 11.99 11.94 11.86 11.78 11.62 11.58 11.53 11.50 11.45 11.39 11.40 11.42 11.44 11.41 11.44 11.42 11.38 11.28 11.17 11.07 11.05 10.97 10.88 10.70 10.53 10.29 10.04 9.90 9.76 9.65 9.66 9.75 9.80 9.80 9.86 9.94 9.83 9.90 9.99 9.97 9.95 9.98 10.06 10.16 10.23 10.29 10.35 10.39 10.39 10.41 10.44 10.47 10.51 10.57 10.75 11.00 11.21 11.43 11.64 11.83 12.01 12.21 12.34 12.39 12.41 12.44 12.53 12.63 12.73 12.83 12.90 12.98 13.05
12.74 12.57 12.47 12.36 12.22 12.12 12.04 11.95 11.84 11.74 11.66 11.59 11.52 11.49 11.46 11.36 11.33 11.25 11.04 11.21 11.24 11.18 11.19 11.22 11.20 11.09 10.93 10.76 10.77 10.77 10.69 10.55 10.36 10.10 9.80 9.63 9.49 9.44 9.48 9.53 9.61 9.63 9.65 9.72 9.78 9.74 9.70 9.69 9.77 9.80 9.79 9.87 9.95 10.04 10.11 10.13 10.16 10.18 10.22 10.25 10.29 10.36 10.50 10.71 10.90 11.14 11.36 11.57 11.78 11.96 12.09 12.12 12.10 12.16 12.26 12.40 12.52 12.62 12.71 12.79 12.87
12.53 12.28 12.14 12.21 12.13 12.05 11.97 11.88 11.68 11.57 11.46 11.44 11.41 11.40 11.36 11.04 11.20 11.23 11.22 11.16 11.12 11.03 10.95 11.02 11.03 10.94 10.76 10.49 10.49 10.55 10.44 10.29 10.12 9.94 9.66 9.41 9.23 9.23 9.25 9.28 9.39 9.43 9.48 9.52 9.61 9.61 9.57 9.60 9.64 9.64 9.61 9.64 9.74 9.82 9.90 9.90 9.93 9.96 10.01 10.05 10.08 10.11 10.19 10.40 10.63 10.88 11.10 11.31 11.53 11.74 11.85 11.85 11.84 11.93 12.05 12.20 12.33 12.46 12.54 12.63 12.69
12.18 12.10 12.08 12.09 12.03 11.96 11.88 11.75 11.58 11.46 11.35 11.31 11.28 11.29 11.24 10.93 11.17 11.16 11.12 11.09 11.02 10.92 10.86 10.85 10.86 10.79 10.62 10.38 10.25 10.20 10.12 9.97 9.83 9.69 9.47 9.20 8.99 8.98 9.00 9.05 9.15 9.19 9.23 9.28 9.37 9.40 9.44 9.47 9.46 9.48 9.49 9.50 9.56 9.62 9.67 9.70 9.72 9.75 9.79 9.83 9.86 9.82 9.90 10.14 10.41 10.67 10.90 11.12 11.33 11.51 11.58 11.62 11.67 11.76 11.89 12.04 12.18 12.30 12.40 12.46 12.51
12.03 12.04 12.08 12.01 11.91 11.86 11.76 11.61 11.44 11.31 11.25 11.23 11.20 11.19 11.18 11.07 11.08 11.04 11.00 10.97 10.90 10.82 10.81 10.75 10.70 10.61 10.46 10.30 10.16 10.06 9.95 9.79 9.69 9.49 9.29 9.02 8.79 8.74 8.84 8.88 8.93 8.98 9.01 9.08 9.16 9.11 9.17 9.24 9.29 9.31 9.33 9.35 9.37 9.41 9.46 9.50 9.54 9.56 9.59 9.62 9.64 9.60 9.68 9.90 10.17 10.47 10.70 10.88 11.10 11.29 11.33 11.41 11.48 11.61 11.74 11.88 12.00 12.12 12.15 12.27 12.30
12.01 12.00 11.97 11.91 11.80 11.74 11.64 11.48 11.31 11.19 11.19 11.17 11.14 11.13 11.08 11.01 10.97 10.91 10.85 10.81 10.74 10.67 10.65 10.61 10.55 10.43 10.32 10.23 10.11 10.01 9.88 9.72 9.53 9.24 9.02 8.84 8.68 8.63 8.68 8.74 8.76 8.80 8.83 8.88 8.93 8.86 8.94 9.03 9.07 9.09 9.13 9.15 9.18 9.21 9.24 9.28 9.32 9.36 9.38 9.38 9.37 9.35 9.44 9.66 9.92 10.18 10.39 10.62 10.88 11.08 11.17 11.27 11.34 11.45 11.56 11.71 11.81 11.86 11.87 11.92 12.04
11.97 11.95 11.90 11.81 11.69 11.61 11.53 11.40 11.28 11.19 11.16 11.11 11.06 10.99 10.90 10.87 10.78 10.77 10.67 10.64 10.61 10.53 10.50 10.46 10.38 10.31 10.23 10.13 10.02 9.90 9.77 9.61 9.38 8.98 8.86 8.72 8.59 8.50 8.51 8.58 8.58 8.60 8.63 8.67 8.66 8.66 8.74 8.78 8.83 8.88 8.93 8.94 8.97 9.00 9.02 9.06 9.10 9.14 9.17 9.15 9.10 9.07 9.21 9.43 9.68 9.90 10.11 10.38 10.68 10.83 10.87 11.00 11.14 11.29 11.42 11.49 11.54 11.64 11.66 11.69 11.77
11.88 11.84 11.77 11.68 11.60 11.48 11.42 11.28 11.18 11.11 11.06 10.96 10.87 10.75 10.71 10.66 10.60 10.62 10.56 10.47 10.46 10.41 10.36 10.30 10.21 10.10 9.99 9.93 9.78 9.57 9.52 9.44 9.22 8.93 8.76 8.64 8.49 8.34 8.28 8.28 8.29 8.35 8.38 8.41 8.40 8.39 8.41 8.54 8.62 8.67 8.70 8.73 8.75 8.78 8.81 8.84 8.87 8.93 8.97 8.97 8.92 8.90 9.04 9.27 9.56 9.77 9.98 10.22 10.49 10.63 10.62 10.74 10.93 11.11 11.18 11.23 11.29 11.39 11.42 11.44 11.50
11.79 11.72 11.64 11.55 11.47 11.38 11.29 11.16 11.07 11.00 10.90 10.79 10.65 10.48 10.48 10.46 10.45 10.44 10.42 10.24 10.31 10.26 10.19 10.12 10.05 9.91 9.77 9.69 9.55 9.16 9.29 9.25 9.11 8.89 8.69 8.56 8.37 8.15 8.04 8.05 8.08 8.13 8.14 8.19 8.20 8.21 8.25 8.35 8.45 8.47 8.49 8.51 8.54 8.56 8.60 8.62 8.65 8.67 8.69 8.76 8.81 8.82 8.88 9.11 9.45 9.73 9.88 10.08 10.29 10.48 10.48 10.61 10.78 10.91 10.93 10.97 11.03 11.12 11.16 11.21 11.29
11.70 11.61 11.52 11.42 11.33 11.25 11.14 11.03 10.95 10.86 10.74 10.64 10.48 10.28 10.27 10.27 10.27 10.22 10.16 10.07 10.06 10.02 9.99 9.94 9.88 9.74 9.54 9.45 9.38 9.11 9.05 9.03 8.97 8.81 8.65 8.46 8.26 8.02 7.91 7.90 7.90 7.96 8.00 8.02 8.04 8.04 8.12 8.18 8.24 8.27 8.28 8.30 8.33 8.36 8.40 8.44 8.46 8.46 8.38 8.48 8.55 8.64 8.77 9.05 9.35 9.58 9.71 9.88 10.04 10.24 10.40 10.52 10.63 10.72 10.76 10.79 10.82 10.87 10.92 10.98 11.06
11.60 11.50 11.39 11.28 11.18 11.09 11.00 10.90 10.81 10.71 10.59 10.51 10.41 10.21 10.11 10.10 10.08 9.99 9.91 9.85 9.81 9.83 9.77 9.76 9.70 9.60 9.50 9.40 9.29 8.83 8.92 8.88 8.81 8.62 8.45 8.30 8.14 7.99 7.85 7.75 7.69 7.71 7.77 7.85 7.87 7.86 7.96 8.00 8.04 8.07 8.09 8.11 8.14 8.18 8.21 8.23 8.26 8.30 8.33 8.34 8.40 8.55 8.70 8.99 9.25 9.40 9.49 9.66 9.81 9.96 10.11 10.28 10.39 10.51 10.57 10.60 10.63 10.67 10.70 10.75 10.80
11.47 11.36 11.26 11.16 11.06 10.96 10.86 10.77 10.63 10.42 10.36 10.35 10.23 10.06 9.94 9.93 9.92 9.73 9.74 9.67 9.58 9.60 9.57 9.59 9.52 9.36 9.29 9.18 8.98 8.78 8.77 8.72 8.57 8.38 8.31 8.11 7.98 7.88 7.70 7.56 7.57 7.59 7.62 7.69 7.73 7.75 7.68 7.74 7.84 7.88 7.90 7.93 7.97 8.00 8.03 8.03 8.04 8.08 8.15 8.23 8.37 8.53 8.70 8.92 9.12 9.22 9.33 9.49 9.64 9.78 9.91 10.07 10.20 10.30 10.37 10.42 10.44 10.49 10.53 10.56 10.60
11.32 11.22 11.13 11.03 10.93 10.82 10.70 10.57 10.44 10.25 10.19 10.18 10.04 9.88 9.73 9.73 9.68 9.51 9.65 9.59 9.47 9.48 9.49 9.43 9.38 9.12 9.10 8.98 8.80 8.75 8.71 8.58 8.39 8.20 8.18 7.89 7.83 7.73 7.54 7.35 7.48 7.50 7.50 7.53 7.55 7.51 7.50 7.55 7.62 7.68 7.72 7.74 7.78 7.80 7.83 7.84 7.84 7.88 7.98 8.15 8.33 8.49 8.66 8.83 8.98 9.05 9.16 9.34 9.49 9.61 9.74 9.89 10.02 10.09 10.15 10.21 10.27 10.32 10.36 10.38 10.41
11.18 11.08 11.00 10.90 10.77 10.63 10.47 10.38 10.28 10.11 10.00 9.95 9.84 9.71 9.59 9.57 9.59 9.26 9.40 9.46 9.42 9.39 9.29 9.13 9.17 9.17 9.04 8.92 8.81 8.74 8.66 8.47 8.21 8.09 7.98 7.80 7.67 7.56 7.44 7.37 7.35 7.34 7.37 7.12 7.27 7.32 7.35 7.38 7.44 7.54 7.54 7.56 7.58 7.61 7.64 7.64 7.66 7.72 7.87 8.06 8.25 8.42 8.57 8.72 8.85 8.90 9.01 9.18 9.32 9.41 9.55 9.69 9.81 9.87 9.92 9.98 10.07 10.14 10.18 10.19 10.24
11.05 10.95 10.86 10.72 10.64 10.49 10.33 10.22 10.00 9.79 9.82 9.79 9.69 9.59 9.45 9.35 9.42 9.29 9.28 9.27 9.28 9.17 9.10 8.99 8.99 9.02 8.95 8.87 8.78 8.68 8.52 8.32 8.16 8.01 7.86 7.70 7.55 7.44 7.38 7.36 7.29 7.15 7.11 7.06 7.11 7.12 7.17 7.22 7.26 7.35 7.36 7.38 7.38 7.42 7.44 7.47 7.52 7.64 7.81 7.99 8.18 8.33 8.46 8.59 8.71 8.75 8.84 9.02 9.15 9.21 9.34 9.50 9.60 9.63 9.66 9.74 9.85 9.94 10.01 10.05 10.12
10.91 10.82 10.68 10.46 10.46 10.38 10.25 10.15 10.05 9.87 9.80 9.71 9.60 9.50 9.38 9.25 9.26 9.18 9.12 9.07 9.08 9.00 8.92 8.87 8.86 8.84 8.81 8.75 8.65 8.42 8.00 8.11 8.07 7.94 7.77 7.60 7.44 7.35 7.39 7.33 7.23 7.09 6.86 6.98 6.93 6.94 6.99 7.11 7.16 7.18 7.19 7.20 7.23 7.25 7.28 7.34 7.43 7.54 7.75 7.94 8.09 8.21 8.32 8.46 8.57 8.64 8.72 8.83 8.93 9.04 9.16 9.28 9.37 9.40 9.45 9.53 9.62 9.74 9.81 9.87 9.92
10.77 10.68 10.50 10.15 10.34 10.20 10.06 9.97 9.91 9.80 9.70 9.59 9.46 9.27 9.18 9.15 9.09 9.00 8.92 8.81 8.89 8.82 8.75 8.70 8.71 8.63 8.67 8.57 8.55 8.41 8.25 8.18 8.03 7.90 7.66 7.36 7.29 7.31 7.31 7.21 7.16 7.11 7.01 6.96 6.91 6.94 6.97 6.98 7.00 7.03 7.05 7.08 7.13 7.17 7.20 7.24 7.30 7.46 7.70 7.89 8.02 8.09 8.16 8.32 8.45 8.52 8.59 8.63 8.72 8.87 8.99 9.08 9.15 9.20 9.24 9.35 9.46 9.55 9.59 9.66 9.72
