main/data/pressure/22.10.2023.grid
ncols 886
nrows 691
xllcenter 112.0000
yllcenter -44.5000
cellsize 0.0500
nodata_value 99999.90
[rows 72 to 107 of 691, columns 405 to 485 of 886]
25.14 24.28 24.28 24.15 24.23 23.41 23.64 23.42 24.00 23.65 23.53 23.45 22.89 22.38 22.69 22.62 22.20 21.94 21.94 22.02 22.20 22.16 22.34 22.41 22.22 22.33 22.62 22.96 23.13 23.42 23.71 23.99 24.22 24.46 24.70 24.89 25.06 25.25 25.43 25.58 25.72 25.86 26.00 25.75 26.00 26.05 26.10 26.13 26.15 26.14 26.15 26.23 26.27 26.49 26.48 26.56 26.57 26.57 26.14 25.84 26.20 26.39 26.45 26.64 26.71 26.85 26.90 26.91 26.98 26.99 27.09 27.13 27.15 27.17 27.20 27.25 27.33 27.40 27.46 27.54 27.45
25.36 25.21 24.62 24.23 23.68 23.55 23.52 23.82 23.79 23.18 23.24 23.05 22.79 22.97 22.93 22.79 22.04 22.08 22.10 22.21 22.20 22.35 22.26 22.40 22.33 22.54 22.72 22.98 23.26 23.52 23.77 24.00 24.14 24.38 24.64 24.87 25.01 25.16 25.30 25.41 25.47 25.64 25.92 25.97 25.97 26.04 25.73 26.00 26.12 26.18 26.06 26.22 26.34 26.38 26.42 26.41 26.42 26.40 26.23 26.45 26.41 26.42 26.34 26.55 26.65 26.77 26.06 26.81 26.96 26.97 26.99 27.09 27.12 27.13 27.20 27.27 27.35 27.41 27.49 27.56 27.64
25.18 25.13 24.88 24.52 24.10 23.81 23.52 23.58 23.76 23.61 23.22 23.10 22.93 23.06 22.96 22.66 22.31 21.91 22.25 22.39 22.31 22.21 22.04 22.09 22.25 22.60 22.82 23.02 23.26 23.58 23.83 23.98 24.06 24.25 24.55 24.76 24.89 25.03 25.16 25.29 25.26 25.40 25.77 25.96 25.98 26.01 25.62 25.86 26.03 26.02 26.04 26.14 26.19 26.17 26.27 26.27 26.29 26.39 26.12 26.29 26.36 26.31 26.25 26.38 26.27 26.60 26.58 26.73 26.87 26.68 26.87 27.02 27.07 27.13 27.21 27.28 27.36 27.44 27.52 27.42 27.68
24.83 24.98 25.10 24.80 24.37 23.96 23.55 23.53 23.63 23.51 23.22 23.33 23.19 23.12 22.82 22.93 22.68 22.23 22.50 22.24 22.09 22.01 22.19 22.20 22.19 22.52 22.55 23.08 23.38 23.65 23.88 24.07 24.18 24.32 24.55 24.71 24.79 24.89 24.99 25.25 25.42 25.53 25.66 25.72 25.94 25.96 25.86 25.91 25.99 25.99 25.99 25.92 26.06 26.09 26.12 26.14 26.19 26.27 25.92 26.25 26.27 26.25 26.31 26.38 26.13 26.55 26.30 26.36 26.73 26.86 26.91 27.01 27.06 27.13 27.21 27.29 27.38 27.46 27.54 27.38 27.51
25.48 25.30 25.14 24.85 24.49 24.09 23.75 23.45 23.44 23.41 23.05 23.18 23.38 22.89 22.53 22.37 22.43 22.37 22.09 22.00 21.98 22.03 22.17 22.45 22.45 22.61 22.95 23.22 23.47 23.72 23.89 24.14 24.34 24.39 24.55 24.76 24.82 24.85 24.81 24.93 25.49 25.65 25.71 25.63 25.85 25.88 25.76 25.88 25.88 25.87 25.87 25.89 25.87 25.89 25.92 25.99 26.07 26.14 26.12 26.08 25.95 26.14 26.27 26.29 26.30 26.50 26.25 26.47 26.65 26.81 26.91 26.97 27.05 27.10 27.21 27.30 27.39 27.47 27.56 27.65 27.74
25.39 25.38 24.99 24.43 24.55 24.16 24.01 23.83 23.48 23.80 23.33 23.68 23.17 22.86 22.79 22.49 22.54 22.34 22.23 22.12 22.21 22.40 22.38 22.58 22.71 22.74 23.09 23.30 23.47 23.64 23.96 24.18 24.37 24.50 24.41 24.62 24.91 25.01 25.13 25.32 25.50 25.57 25.68 25.77 25.76 25.76 25.76 25.77 25.70 25.67 25.69 25.68 25.67 25.63 25.68 25.76 25.79 26.01 26.05 26.05 25.96 26.12 26.21 26.30 26.36 26.31 26.50 26.60 26.68 26.77 26.84 26.94 26.98 26.99 27.18 27.27 27.40 27.49 27.57 27.66 27.76
25.74 25.47 25.15 24.89 24.57 24.38 24.31 24.11 23.84 24.01 23.91 23.74 23.00 23.24 22.99 22.72 22.62 22.22 22.30 22.12 22.38 22.52 22.61 22.71 22.85 22.81 23.01 23.27 23.44 23.58 23.87 24.14 24.35 24.50 24.43 24.72 24.93 25.10 25.06 25.10 25.18 25.33 25.48 25.65 25.67 25.56 25.56 25.51 25.41 25.39 25.38 25.64 25.58 25.17 25.27 25.54 25.73 25.82 25.86 25.93 25.99 26.06 26.13 26.21 26.12 26.24 26.41 26.51 26.57 26.67 26.79 26.84 26.89 26.98 27.17 27.32 27.40 27.49 27.58 27.67 27.76
25.35 25.04 25.32 24.83 24.67 24.54 24.45 24.53 24.33 24.23 24.16 24.00 23.70 23.61 22.97 23.13 22.84 22.71 22.51 22.25 22.45 22.67 22.76 22.45 22.82 23.12 23.24 23.36 23.50 23.62 23.86 24.09 24.25 24.44 24.64 24.81 24.94 25.00 24.96 25.04 25.16 25.21 25.27 25.48 25.54 25.41 25.39 25.24 25.04 25.11 25.14 25.43 25.53 25.32 25.16 25.23 25.37 25.59 25.71 25.80 25.89 25.98 26.05 26.11 26.22 26.30 26.38 26.42 26.45 26.57 26.72 26.76 26.84 27.00 27.23 27.32 27.41 27.50 27.59 27.67 27.75
25.59 25.64 25.25 24.98 24.86 24.64 24.38 24.17 24.37 24.52 24.40 24.13 23.85 23.48 23.62 23.36 22.73 22.52 22.67 22.39 22.50 22.57 22.86 22.84 22.58 22.92 22.95 23.42 23.65 23.59 23.85 24.10 24.14 24.03 24.45 24.74 24.87 24.97 25.05 25.09 25.17 25.20 25.06 25.32 25.40 25.22 25.10 24.91 24.73 24.74 25.11 25.25 25.37 25.41 25.44 25.42 25.29 25.39 25.52 25.62 25.71 25.85 25.95 26.02 26.13 26.26 26.33 26.36 26.44 26.54 26.63 26.75 26.90 27.13 27.23 27.32 27.42 27.51 27.59 27.67 27.75
25.86 25.59 25.20 25.28 24.91 24.77 24.50 24.46 24.44 24.63 24.56 24.24 23.82 23.95 23.86 23.45 23.23 23.07 22.98 22.36 22.71 23.04 22.68 22.93 22.95 23.26 23.18 23.53 23.72 23.91 23.83 24.20 24.28 24.36 24.20 24.54 24.65 24.88 24.96 25.00 24.87 25.04 25.10 25.20 25.18 25.15 24.79 24.90 24.82 24.89 25.16 25.08 24.82 25.06 25.22 25.29 25.15 25.24 25.36 25.49 25.54 25.70 25.82 25.93 26.07 26.19 26.28 26.40 26.45 26.62 26.54 26.76 26.93 27.10 27.23 27.33 27.43 27.52 27.61 27.69 27.76
25.70 25.72 25.56 25.52 25.27 25.01 24.68 24.59 24.78 24.82 24.75 24.50 24.21 24.27 23.64 23.80 23.58 23.32 23.10 23.07 23.05 23.18 23.18 22.83 23.21 22.80 23.43 23.34 23.57 23.95 23.93 24.24 24.34 24.39 24.52 24.64 24.66 24.79 24.70 24.39 24.51 24.77 24.89 24.90 25.06 24.92 24.78 24.88 24.89 24.98 24.93 24.80 24.65 24.97 25.03 25.09 25.15 25.01 25.20 25.33 25.34 25.42 25.65 25.84 25.99 26.13 26.26 26.36 26.47 26.60 26.65 26.77 26.93 27.12 27.23 27.34 27.44 27.54 27.62 27.70 27.78
25.82 25.75 25.89 25.71 25.52 25.20 24.85 24.82 24.60 25.12 24.97 24.78 24.62 24.49 24.25 23.88 23.72 23.56 23.30 23.52 23.29 23.14 23.33 23.30 23.25 23.28 23.51 23.65 23.68 23.79 24.13 24.32 24.21 24.23 24.30 24.46 24.63 24.72 24.54 24.14 24.29 24.58 24.55 24.26 24.79 24.76 24.59 24.58 24.79 24.58 24.75 24.59 24.30 24.37 24.69 24.70 24.97 25.13 25.16 25.27 25.32 25.33 25.47 25.71 25.89 26.06 26.21 26.33 26.46 26.60 26.70 26.81 26.91 27.12 27.23 27.34 27.45 27.55 27.64 27.72 27.80
26.11 25.52 25.95 25.94 25.35 25.11 24.89 24.89 25.11 25.27 25.12 24.94 24.75 24.54 24.14 23.89 23.72 23.51 23.61 23.74 23.44 23.17 23.37 23.47 23.15 23.32 23.64 23.84 23.80 23.70 24.24 24.13 23.82 24.01 24.04 24.16 24.16 24.58 24.36 24.06 23.98 24.20 24.31 24.34 24.58 24.69 24.38 24.15 24.51 24.60 24.57 24.54 24.44 24.47 24.67 24.69 24.79 25.03 25.09 25.06 25.20 25.20 25.28 25.55 25.77 25.95 26.15 26.29 26.42 26.56 26.69 26.85 26.99 27.08 27.24 27.35 27.46 27.56 27.65 27.74 27.83
26.26 25.93 25.69 26.14 25.63 25.12 25.06 25.55 25.48 25.09 24.99 24.96 24.80 24.60 24.50 24.41 24.10 24.06 24.08 24.03 23.74 23.77 23.64 23.66 23.39 23.46 23.79 24.02 24.06 23.88 23.94 24.07 23.97 24.21 23.84 24.23 24.26 24.43 24.29 23.96 23.84 24.00 24.21 24.39 24.27 24.56 24.30 24.04 24.41 24.39 24.38 23.80 24.35 24.60 24.70 24.71 24.71 24.84 24.76 25.04 25.18 25.16 25.14 25.47 25.69 25.84 26.05 26.26 26.42 26.58 26.68 26.84 26.97 27.11 27.24 27.36 27.47 27.58 27.68 27.77 27.86
26.01 26.32 26.02 25.99 25.80 25.73 25.83 25.45 25.07 25.02 24.98 24.70 24.96 24.70 24.76 24.50 24.28 24.45 24.36 24.20 24.10 23.84 23.88 23.76 23.56 23.69 24.01 24.10 24.15 24.15 24.15 24.06 23.85 24.10 24.12 24.22 24.28 24.30 24.25 24.01 23.89 23.93 24.05 24.26 23.98 23.76 24.16 24.00 24.32 23.98 24.23 24.11 24.14 24.13 24.51 24.65 24.71 24.68 24.83 24.95 25.06 25.11 25.19 25.38 25.53 25.77 26.01 26.21 26.39 26.57 26.71 26.84 26.97 27.11 27.24 27.38 27.49 27.60 27.71 27.80 27.90
26.38 26.42 26.26 25.73 26.04 25.70 25.32 25.25 25.10 25.12 25.13 24.92 24.80 24.85 24.95 24.80 24.40 24.73 24.34 24.22 24.23 24.14 24.03 24.19 23.95 23.74 23.71 24.13 24.14 23.97 24.14 24.13 23.90 23.92 24.03 24.14 24.08 24.19 24.12 23.96 23.81 23.77 23.71 24.01 24.15 24.20 24.22 24.22 24.09 23.88 24.09 24.15 24.12 24.34 24.43 24.54 24.62 24.72 24.77 24.81 24.96 25.08 25.20 25.27 25.31 25.68 25.95 26.17 26.35 26.55 26.70 26.84 26.97 27.11 27.24 27.38 27.50 27.62 27.72 27.83 27.93
26.51 26.46 26.34 26.16 25.70 25.59 25.45 25.35 25.32 25.35 25.15 25.08 25.11 25.05 24.87 25.05 24.92 24.82 24.45 24.51 24.45 24.09 23.98 24.05 24.20 24.28 23.92 24.20 24.04 24.05 24.12 24.08 23.97 23.83 23.82 23.66 23.64 23.98 24.00 23.87 23.61 23.53 23.52 23.75 23.81 23.74 24.06 24.07 23.93 23.86 23.77 23.87 24.09 24.12 24.25 24.36 24.53 24.52 24.72 24.80 24.90 25.02 25.14 25.22 25.14 25.49 25.69 26.14 26.36 26.54 26.71 26.86 26.99 27.12 27.25 27.39 27.51 27.64 27.75 27.85 27.95
26.58 26.32 26.02 26.05 25.96 25.96 25.64 25.55 25.52 25.35 25.33 25.25 25.28 25.28 25.13 25.09 25.18 25.08 24.84 24.30 24.40 24.28 24.19 24.08 24.22 24.28 24.31 24.24 24.11 23.99 24.08 23.96 23.96 23.80 23.79 23.87 23.75 23.93 23.91 23.90 23.37 23.76 23.67 23.66 23.53 23.30 23.92 23.93 23.69 23.78 23.55 23.76 23.80 23.92 24.11 24.09 24.39 24.17 24.65 24.76 24.85 24.95 25.09 25.22 25.37 25.58 25.82 26.12 26.34 26.54 26.71 26.87 27.01 27.14 27.27 27.40 27.53 27.66 27.77 27.88 27.98
26.54 26.40 26.22 26.10 25.96 25.88 25.70 25.67 25.56 25.45 25.45 25.35 25.36 25.21 25.01 25.34 25.34 25.10 24.99 24.65 24.58 24.49 24.34 24.30 24.34 24.23 24.17 24.00 24.21 24.09 24.02 23.84 23.72 23.82 23.78 23.77 23.68 23.44 23.50 23.77 23.61 23.66 23.65 23.61 23.55 23.44 23.42 23.78 23.33 23.61 23.77 23.78 23.88 23.84 24.12 24.22 24.08 24.20 24.49 24.70 24.80 24.91 24.99 25.12 25.23 25.55 25.84 26.10 26.33 26.54 26.72 26.90 27.05 27.19 27.31 27.43 27.54 27.67 27.79 27.90 28.01
26.28 26.31 26.14 26.04 25.93 25.82 25.68 25.75 25.65 25.38 25.59 25.51 25.48 25.47 25.26 25.20 25.43 25.35 24.77 24.90 24.78 24.59 24.41 24.20 24.12 24.07 23.95 24.25 24.19 24.13 24.00 23.77 23.74 23.57 23.61 23.52 23.61 23.59 23.45 23.58 23.61 23.62 23.58 23.55 23.52 23.56 23.34 23.68 23.52 23.68 23.72 23.80 23.83 23.89 24.09 24.17 24.17 24.37 24.54 24.58 24.76 24.86 24.85 24.99 25.18 25.53 25.74 26.08 26.32 26.54 26.75 26.92 27.09 27.24 27.36 27.49 27.59 27.70 27.81 27.91 28.03
25.90 25.82 25.97 25.98 25.88 25.79 25.75 25.78 25.74 25.67 25.63 25.70 25.47 25.56 25.39 25.34 25.30 25.39 25.12 24.99 24.89 24.57 24.20 24.29 24.36 24.33 24.27 24.09 23.87 23.86 24.01 23.54 23.35 23.62 23.46 23.30 23.27 23.47 23.45 23.44 23.46 23.48 23.46 23.21 23.17 23.48 23.50 23.58 23.49 23.58 23.64 23.74 23.84 23.93 24.05 24.12 24.20 24.35 24.43 24.45 24.71 24.49 24.67 24.86 25.11 25.36 25.81 26.08 26.32 26.55 26.77 26.95 27.13 27.28 27.42 27.55 27.65 27.75 27.84 27.94 28.04
26.10 26.01 25.98 25.79 25.71 25.74 25.57 25.85 25.71 25.74 25.66 25.72 25.70 25.70 25.54 25.57 25.49 25.38 25.03 24.81 24.89 24.76 24.39 24.37 24.21 24.01 23.97 23.89 23.83 23.94 23.89 23.87 23.61 23.62 23.42 23.32 23.33 23.31 23.34 23.35 23.33 23.11 23.30 23.29 23.22 23.21 23.30 23.50 23.48 23.54 23.63 23.49 23.64 23.72 23.75 23.95 23.91 24.15 24.40 24.49 24.67 24.63 24.76 25.06 25.21 25.51 25.80 26.08 26.34 26.58 26.79 26.99 27.16 27.32 27.47 27.60 27.71 27.82 27.91 27.99 28.08
26.14 25.96 26.06 25.70 25.76 25.83 25.81 25.80 25.67 25.67 25.77 25.80 25.78 25.65 25.68 25.59 25.49 25.37 25.06 24.87 24.81 24.78 24.62 24.18 23.98 24.29 23.88 23.87 23.80 23.66 23.73 23.76 23.36 23.47 23.43 23.26 23.16 23.23 23.23 23.22 23.07 23.04 22.96 23.12 23.29 23.31 23.36 22.95 23.45 23.56 23.58 23.16 23.24 23.50 23.66 23.77 23.93 24.12 24.35 24.50 24.63 24.76 24.83 25.05 25.23 25.51 25.81 26.10 26.36 26.60 26.83 27.03 27.21 27.37 27.52 27.64 27.76 27.87 27.97 28.05 28.14
26.16 26.22 25.97 25.67 25.82 25.91 25.88 25.80 25.51 25.57 25.64 25.64 25.77 25.78 25.71 25.61 25.46 25.33 24.90 24.86 24.86 24.72 24.50 24.54 24.04 24.24 24.21 24.15 23.91 23.75 23.71 23.66 23.31 23.21 23.37 23.19 23.15 23.01 23.08 23.10 23.05 22.86 22.88 23.19 22.94 23.08 23.27 23.34 23.43 23.51 23.59 23.25 23.48 23.75 23.83 23.43 24.15 24.24 24.38 24.49 24.58 24.73 24.87 25.04 25.23 25.53 25.83 26.12 26.39 26.63 26.87 27.07 27.25 27.41 27.56 27.69 27.81 27.91 28.01 28.10 28.18
26.37 26.03 25.95 25.74 25.87 25.96 25.84 25.64 25.52 25.50 25.51 25.55 25.68 25.75 25.74 25.59 25.42 25.27 24.93 24.86 24.85 24.65 24.28 23.96 24.41 24.32 24.12 24.11 24.04 23.89 23.80 23.70 23.45 23.33 23.29 23.08 22.45 22.79 22.96 22.95 22.55 22.67 22.73 22.59 22.85 23.12 22.92 23.21 23.37 23.16 23.46 23.61 23.66 23.78 23.92 24.03 24.13 24.22 24.35 24.45 24.50 24.64 24.84 25.04 25.26 25.56 25.87 26.16 26.43 26.68 26.90 27.11 27.29 27.46 27.61 27.74 27.85 27.96 28.05 28.13 28.20
26.34 26.27 26.14 26.03 26.01 25.89 25.84 25.73 25.59 25.51 25.52 25.53 25.52 25.55 25.64 25.53 25.27 25.20 24.79 24.69 24.73 24.67 24.57 24.46 24.37 24.27 24.19 24.11 23.57 23.76 23.76 23.71 23.59 23.46 23.32 23.18 23.00 22.86 22.82 22.75 22.61 22.89 22.94 22.88 22.78 23.10 23.17 23.17 23.31 23.33 23.44 23.43 23.49 23.58 23.86 24.00 23.72 24.22 24.30 24.42 24.55 24.71 24.86 25.04 25.29 25.61 25.92 26.20 26.48 26.63 26.91 27.15 27.34 27.50 27.65 27.78 27.89 27.98 28.07 28.15 28.22
26.18 26.07 26.17 26.12 26.04 25.98 25.90 25.79 25.72 25.66 25.61 25.54 25.46 25.41 25.44 25.36 25.23 25.10 24.95 24.55 24.54 24.49 24.39 24.41 24.01 24.02 24.03 23.95 23.67 23.52 23.62 23.58 23.30 23.37 23.29 23.11 22.92 22.69 22.69 22.47 22.26 22.65 22.90 22.99 23.01 23.09 23.03 23.15 22.98 23.31 23.40 23.33 23.41 23.62 23.64 23.76 23.71 23.61 24.11 24.41 24.55 24.67 24.86 25.06 25.36 25.67 25.98 26.26 26.53 26.66 26.74 27.20 27.39 27.54 27.68 27.81 27.92 28.01 28.09 28.16 28.22
26.04 26.00 26.05 26.07 25.92 25.81 25.67 25.83 25.75 25.72 25.66 25.57 25.45 25.35 25.29 25.17 25.02 24.94 24.84 24.71 24.63 24.52 24.43 24.28 24.01 23.89 23.93 23.92 23.81 23.76 23.77 23.52 23.23 23.37 23.12 23.05 22.90 22.75 22.75 22.80 22.77 22.86 22.69 22.69 22.92 22.83 22.67 23.10 23.19 23.20 23.36 23.21 23.31 23.60 23.70 23.70 23.93 24.07 24.28 24.36 24.53 24.71 24.90 25.13 25.45 25.76 26.05 26.34 26.60 26.84 27.05 27.25 27.43 27.59 27.72 27.84 27.94 28.03 28.10 28.16 28.21
25.89 25.71 25.88 25.96 25.96 25.77 25.64 25.61 25.61 25.62 25.53 25.49 25.33 25.19 25.07 24.91 24.86 24.82 24.70 24.58 24.53 24.41 24.28 24.13 24.03 24.03 24.03 23.98 23.92 23.84 23.57 23.58 23.32 23.33 22.93 23.01 22.84 22.62 22.62 22.70 22.80 22.65 22.54 22.70 22.94 22.96 22.78 23.03 23.04 23.22 23.30 23.25 23.29 23.50 23.65 23.75 23.88 24.09 24.27 24.42 24.59 24.75 24.93 25.21 25.53 25.85 26.14 26.42 26.67 26.90 27.12 27.31 27.49 27.63 27.76 27.87 27.96 28.04 28.10 28.15 28.20
25.69 25.70 25.82 25.87 25.90 25.73 25.70 25.66 25.64 25.61 25.47 25.35 25.18 25.01 24.92 24.76 24.70 24.58 24.54 24.45 24.42 24.27 24.14 24.02 24.01 24.03 23.87 23.96 23.84 23.66 23.43 23.51 23.33 23.29 22.83 23.03 22.80 22.56 22.59 22.42 22.75 22.71 22.65 22.84 22.85 22.91 22.66 22.97 22.96 23.18 23.18 23.22 23.30 23.56 23.65 23.79 23.97 24.13 24.29 24.46 24.57 24.76 25.01 25.32 25.63 25.94 26.24 26.51 26.76 26.98 27.19 27.37 27.54 27.68 27.81 27.90 27.99 28.05 28.11 28.15 28.19
25.65 25.69 25.80 25.86 25.80 25.78 25.71 25.65 25.57 25.45 25.31 25.19 25.05 24.90 24.80 24.73 24.67 24.58 24.48 24.40 24.30 24.17 24.05 23.98 24.00 23.98 23.84 23.76 23.76 23.66 23.42 23.32 23.14 23.01 22.92 22.88 22.94 22.69 22.83 22.76 22.59 22.56 22.73 22.84 22.87 22.81 22.68 22.81 22.99 23.13 23.07 22.85 23.29 23.54 23.61 23.80 23.97 24.14 24.30 24.47 24.61 24.83 25.13 25.43 25.74 26.04 26.33 26.60 26.85 27.06 27.26 27.45 27.61 27.73 27.85 27.94 28.01 28.07 28.12 28.18 28.25
25.64 25.70 25.78 25.67 25.61 25.54 25.50 25.40 25.35 25.21 25.10 25.00 24.90 24.79 24.69 24.67 24.52 24.33 24.30 24.27 24.18 24.07 23.94 23.88 23.86 23.79 23.81 23.70 23.65 23.69 23.34 23.23 23.13 23.26 23.32 23.07 23.09 22.69 22.97 22.63 22.30 22.60 22.39 22.73 22.80 22.83 22.63 22.74 22.98 23.06 23.18 23.30 23.37 23.39 23.47 23.71 23.98 24.16 24.33 24.49 24.66 24.95 25.27 25.55 25.84 26.15 26.43 26.69 26.95 27.05 27.35 27.52 27.67 27.80 27.90 27.98 28.05 28.12 28.19 28.26 28.34
25.50 25.55 25.48 25.38 25.33 25.26 25.21 25.14 25.07 24.97 24.88 24.79 24.71 24.63 24.57 24.50 24.37 24.20 24.09 23.99 24.03 23.95 23.83 23.76 23.69 23.79 23.69 23.46 23.62 23.59 23.29 23.17 23.12 23.23 22.96 23.23 23.25 23.18 23.07 22.73 22.64 22.56 22.38 22.59 22.76 22.56 22.46 22.76 22.94 23.07 23.16 23.24 23.26 23.38 23.52 23.82 23.93 24.17 24.37 24.50 24.74 25.09 25.42 25.65 25.95 26.29 26.58 26.84 27.06 27.26 27.43 27.59 27.75 27.87 27.96 28.05 28.13 28.21 28.29 28.36 28.43
25.29 25.19 25.16 25.13 25.06 24.99 24.92 24.84 24.77 24.70 24.64 24.53 24.50 24.48 24.40 24.34 24.23 24.10 23.98 23.91 23.92 23.83 23.74 23.76 23.74 23.78 23.65 23.57 23.69 23.59 23.44 23.29 23.11 23.48 23.45 23.41 23.35 23.27 23.16 22.99 22.86 22.66 22.46 22.71 22.74 22.74 22.58 22.84 22.95 23.01 23.05 23.16 23.20 23.50 23.66 23.76 24.01 24.24 24.08 24.65 24.94 25.28 25.58 25.51 26.05 26.48 26.72 26.90 27.15 27.21 27.45 27.66 27.77 27.94 28.07 28.16 28.25 28.33 28.40 28.47 28.54
24.91 24.89 24.85 24.82 24.80 24.75 24.67 24.55 24.52 24.46 24.39 24.33 24.28 24.27 24.22 24.19 24.09 23.97 23.87 23.83 23.80 23.74 23.74 23.74 23.73 23.70 23.62 23.65 23.65 23.37 23.33 23.23 23.23 23.49 23.45 23.36 23.27 23.34 23.25 23.12 22.71 22.52 22.52 22.77 22.80 22.40 22.33 22.54 22.94 22.88 23.01 23.29 23.33 23.54 23.61 23.76 24.11 24.40 24.40 24.79 25.18 25.48 25.76 26.00 26.35 26.58 26.64 26.82 27.28 27.31 27.47 27.76 27.81 28.02 28.17 28.29 28.37 28.45 28.52 28.59 28.64
24.65 24.62 24.59 24.56 24.56 24.54 24.49 24.40 24.31 24.26 24.15 24.11 24.11 24.13 24.00 23.98 23.98 23.87 23.78 23.74 23.68 23.64 23.66 23.61 23.64 23.61 23.55 23.64 23.60 23.47 23.29 23.50 23.50 23.22 23.20 23.33 23.46 23.40 23.30 23.22 22.80 23.04 23.01 22.99 22.97 22.74 22.57 22.89 22.98 22.98 23.09 23.37 23.52 23.69 23.77 24.11 24.36 24.59 24.73 25.11 25.39 25.67 25.93 26.24 26.32 26.69 26.99 27.03 27.17 27.24 27.57 27.83 28.00 28.16 28.30 28.40 28.47 28.56 28.63 28.70 28.76
