main/data/pressure/23.07.2023.grid
ncols 886
nrows 691
xllcenter 112.0000
yllcenter -44.5000
cellsize 0.0500
nodata_value 99999.90
[rows 37 to 73 of 691, columns 756 to 839 of 886]
24.71 24.70 24.69 24.67 24.67 24.66 24.66 24.66 24.66 24.66 24.66 24.68 24.69 24.70 24.72 24.73 24.75 24.76 24.79 24.81 24.84 24.86 24.89 24.93 24.96 24.98 25.02 25.06 25.10 25.13 25.18 25.21 25.26 25.30 25.35 25.39 25.43 25.48 25.53 25.58 25.62 25.67 25.72 25.77 25.81 25.87 25.92 25.96 26.02 26.07 26.11 26.17 26.22 26.26 26.32 26.37 26.41 26.47 26.51 26.56 26.62 26.66 26.70 26.75 26.80 26.85 26.89 26.93 26.97 27.02 27.06 27.11 27.14 27.19 27.23 27.27 27.31 27.34 27.39 27.43 27.46 27.50 27.53 27.56
24.55 24.53 24.51 24.51 24.50 24.50 24.49 24.49 24.49 24.49 24.50 24.50 24.52 24.53 24.54 24.56 24.58 24.59 24.62 24.64 24.67 24.70 24.73 24.76 24.79 24.83 24.86 24.91 24.94 24.97 25.02 25.06 25.11 25.15 25.20 25.24 25.29 25.34 25.38 25.44 25.48 25.53 25.59 25.63 25.69 25.74 25.79 25.85 25.89 25.94 26.00 26.05 26.10 26.16 26.21 26.26 26.31 26.36 26.41 26.46 26.51 26.56 26.61 26.66 26.71 26.75 26.80 26.84 26.90 26.94 26.98 27.02 27.07 27.11 27.15 27.19 27.24 27.28 27.32 27.35 27.39 27.43 27.47 27.51
24.39 24.37 24.35 24.33 24.33 24.31 24.31 24.32 24.31 24.32 24.33 24.33 24.34 24.35 24.37 24.38 24.40 24.43 24.45 24.46 24.50 24.53 24.56 24.59 24.62 24.66 24.70 24.74 24.77 24.82 24.86 24.90 24.95 24.99 25.04 25.09 25.14 25.19 25.23 25.29 25.34 25.40 25.45 25.50 25.56 25.61 25.67 25.72 25.77 25.82 25.88 25.93 25.99 26.04 26.09 26.14 26.20 26.25 26.30 26.36 26.41 26.46 26.51 26.56 26.61 26.66 26.70 26.76 26.81 26.85 26.89 26.95 26.99 27.03 27.07 27.12 27.16 27.20 27.24 27.28 27.33 27.36 27.40 27.44
24.27 24.21 24.17 24.16 24.15 24.13 24.13 24.13 24.13 24.13 24.14 24.15 24.16 24.17 24.18 24.20 24.22 24.24 24.26 24.29 24.32 24.35 24.38 24.42 24.45 24.49 24.52 24.57 24.60 24.65 24.69 24.74 24.79 24.83 24.88 24.93 24.99 25.03 25.09 25.14 25.19 25.25 25.30 25.36 25.42 25.47 25.53 25.58 25.64 25.70 25.75 25.81 25.87 25.92 25.97 26.04 26.09 26.14 26.20 26.25 26.30 26.36 26.42 26.46 26.51 26.56 26.62 26.67 26.71 26.77 26.82 26.86 26.90 26.95 27.00 27.04 27.08 27.13 27.17 27.22 27.25 27.29 27.33 27.37
24.16 24.10 24.03 23.99 23.97 23.95 23.95 23.95 23.94 23.95 23.94 23.96 23.97 23.98 24.00 24.01 24.03 24.05 24.08 24.11 24.13 24.17 24.19 24.23 24.27 24.31 24.34 24.39 24.43 24.48 24.52 24.57 24.62 24.67 24.72 24.77 24.83 24.88 24.94 24.99 25.05 25.10 25.16 25.22 25.27 25.33 25.39 25.45 25.50 25.57 25.62 25.68 25.74 25.80 25.86 25.92 25.97 26.04 26.09 26.14 26.20 26.26 26.31 26.36 26.42 26.47 26.52 26.57 26.62 26.68 26.73 26.77 26.83 26.87 26.92 26.96 27.00 27.06 27.10 27.14 27.18 27.22 27.27 27.31
24.05 23.98 23.91 23.85 23.80 23.76 23.75 23.74 23.75 23.75 23.75 23.76 23.77 23.78 23.80 23.81 23.84 23.86 23.88 23.92 23.94 23.98 24.00 24.05 24.08 24.12 24.16 24.21 24.25 24.30 24.34 24.40 24.44 24.50 24.55 24.61 24.66 24.71 24.78 24.83 24.89 24.95 25.00 25.07 25.13 25.18 25.25 25.31 25.37 25.43 25.49 25.56 25.61 25.67 25.74 25.80 25.85 25.92 25.97 26.03 26.09 26.15 26.20 26.26 26.32 26.37 26.42 26.49 26.54 26.59 26.63 26.68 26.74 26.79 26.83 26.88 26.93 26.98 27.02 27.06 27.11 27.15 27.19 27.23
23.94 23.87 23.80 23.74 23.66 23.61 23.57 23.55 23.54 23.55 23.55 23.56 23.57 23.58 23.60 23.61 23.64 23.66 23.68 23.72 23.74 23.78 23.81 23.85 23.89 23.93 23.97 24.02 24.06 24.11 24.16 24.22 24.26 24.32 24.38 24.44 24.49 24.54 24.61 24.66 24.73 24.79 24.86 24.92 24.97 25.04 25.10 25.16 25.23 25.29 25.36 25.42 25.48 25.55 25.61 25.67 25.74 25.80 25.86 25.92 25.98 26.04 26.09 26.16 26.21 26.27 26.32 26.39 26.44 26.49 26.55 26.60 26.65 26.70 26.75 26.80 26.85 26.90 26.94 26.99 27.04 27.08 27.12 27.16
23.83 23.75 23.69 23.62 23.55 23.48 23.42 23.36 23.34 23.34 23.34 23.35 23.36 23.37 23.39 23.40 23.43 23.45 23.48 23.51 23.54 23.58 23.61 23.65 23.69 23.73 23.77 23.82 23.87 23.92 23.97 24.03 24.08 24.14 24.19 24.26 24.31 24.38 24.44 24.50 24.57 24.62 24.70 24.76 24.82 24.89 24.95 25.02 25.09 25.15 25.22 25.28 25.35 25.42 25.48 25.54 25.61 25.67 25.74 25.81 25.86 25.92 25.99 26.05 26.11 26.16 26.23 26.28 26.34 26.39 26.46 26.51 26.56 26.61 26.67 26.72 26.77 26.81 26.87 26.91 26.96 27.00 27.04 27.10
23.70 23.63 23.57 23.50 23.43 23.36 23.30 23.22 23.17 23.14 23.12 23.13 23.14 23.15 23.17 23.19 23.21 23.24 23.26 23.30 23.33 23.37 23.40 23.44 23.48 23.53 23.57 23.62 23.67 23.73 23.78 23.84 23.89 23.95 24.01 24.07 24.13 24.20 24.26 24.33 24.39 24.46 24.53 24.59 24.67 24.73 24.80 24.87 24.94 25.00 25.08 25.14 25.21 25.28 25.35 25.42 25.48 25.55 25.62 25.68 25.75 25.82 25.88 25.94 26.00 26.07 26.12 26.18 26.24 26.30 26.36 26.41 26.47 26.53 26.58 26.63 26.68 26.74 26.79 26.83 26.88 26.92 26.98 27.02
23.57 23.51 23.44 23.38 23.30 23.24 23.17 23.10 23.04 22.98 22.92 22.92 22.91 22.93 22.95 22.96 22.99 23.01 23.04 23.08 23.11 23.15 23.18 23.23 23.27 23.32 23.36 23.42 23.46 23.52 23.57 23.64 23.69 23.76 23.82 23.89 23.95 24.02 24.08 24.15 24.22 24.28 24.36 24.42 24.50 24.57 24.64 24.71 24.78 24.86 24.93 25.00 25.07 25.14 25.21 25.29 25.35 25.42 25.49 25.56 25.62 25.70 25.76 25.82 25.90 25.96 26.02 26.08 26.14 26.20 26.26 26.33 26.38 26.43 26.49 26.54 26.60 26.65 26.70 26.75 26.81 26.85 26.90 26.94
23.44 23.38 23.31 23.24 23.17 23.11 23.05 22.97 22.91 22.84 22.78 22.73 22.70 22.70 22.72 22.73 22.76 22.78 22.82 22.85 22.88 22.92 22.96 23.01 23.05 23.10 23.14 23.20 23.26 23.31 23.38 23.43 23.49 23.56 23.62 23.69 23.75 23.83 23.89 23.97 24.04 24.11 24.18 24.25 24.33 24.40 24.48 24.55 24.62 24.70 24.78 24.86 24.93 25.00 25.08 25.15 25.22 25.30 25.36 25.43 25.51 25.58 25.64 25.71 25.78 25.84 25.91 25.98 26.04 26.10 26.17 26.23 26.28 26.34 26.39 26.46 26.51 26.56 26.62 26.68 26.73 26.77 26.82 26.88
23.31 23.24 23.17 23.10 23.04 22.98 22.90 22.84 22.78 22.71 22.65 22.59 22.52 22.49 22.49 22.50 22.52 22.55 22.58 22.62 22.65 22.69 22.73 22.78 22.82 22.87 22.92 22.98 23.04 23.10 23.16 23.22 23.29 23.35 23.42 23.49 23.56 23.63 23.70 23.78 23.85 23.93 24.00 24.07 24.16 24.23 24.31 24.39 24.46 24.55 24.62 24.70 24.78 24.85 24.93 25.01 25.08 25.16 25.23 25.30 25.38 25.45 25.52 25.60 25.66 25.73 25.80 25.87 25.93 25.99 26.07 26.13 26.18 26.25 26.31 26.37 26.42 26.48 26.54 26.59 26.64 26.69 26.74 26.80
23.17 23.10 23.03 22.96 22.90 22.83 22.76 22.70 22.64 22.57 22.51 22.45 22.39 22.33 22.29 22.27 22.28 22.30 22.34 22.38 22.41 22.45 22.49 22.54 22.59 22.64 22.69 22.75 22.82 22.87 22.93 23.00 23.07 23.14 23.20 23.28 23.36 23.43 23.50 23.58 23.66 23.74 23.82 23.90 23.98 24.05 24.14 24.22 24.30 24.38 24.46 24.55 24.62 24.70 24.78 24.86 24.95 25.02 25.09 25.18 25.25 25.32 25.40 25.47 25.54 25.61 25.69 25.76 25.82 25.90 25.96 26.02 26.08 26.15 26.21 26.27 26.33 26.40 26.45 26.50 26.56 26.62 26.67 26.72
23.02 22.95 22.88 22.82 22.75 22.68 22.62 22.56 22.50 22.43 22.37 22.30 22.25 22.19 22.13 22.08 22.05 22.06 22.09 22.12 22.16 22.21 22.25 22.30 22.34 22.40 22.45 22.52 22.58 22.64 22.71 22.78 22.85 22.92 22.99 23.07 23.14 23.22 23.30 23.38 23.46 23.55 23.62 23.71 23.79 23.88 23.96 24.04 24.13 24.21 24.30 24.38 24.46 24.55 24.63 24.71 24.80 24.88 24.95 25.04 25.12 25.19 25.28 25.35 25.42 25.50 25.57 25.64 25.72 25.79 25.85 25.92 25.99 26.05 26.12 26.18 26.25 26.30 26.36 26.42 26.48 26.53 26.59 26.64
22.87 22.79 22.73 22.66 22.60 22.53 22.47 22.41 22.34 22.28 22.22 22.16 22.10 22.05 21.98 21.93 21.88 21.84 21.84 21.86 21.90 21.95 21.99 22.05 22.10 22.16 22.21 22.28 22.34 22.41 22.48 22.55 22.62 22.69 22.78 22.85 22.93 23.01 23.10 23.18 23.26 23.35 23.43 23.52 23.60 23.70 23.78 23.86 23.96 24.04 24.13 24.22 24.30 24.39 24.48 24.57 24.65 24.73 24.82 24.90 24.98 25.07 25.15 25.22 25.30 25.38 25.45 25.52 25.61 25.68 25.74 25.82 25.89 25.95 26.02 26.09 26.15 26.21 26.27 26.34 26.39 26.45 26.50 26.57
22.70 22.63 22.57 22.51 22.43 22.37 22.31 22.25 22.18 22.13 22.07 22.00 21.95 21.90 21.83 21.78 21.74 21.68 21.64 21.62 21.64 21.69 21.73 21.79 21.84 21.90 21.96 22.03 22.09 22.16 22.24 22.31 22.39 22.46 22.55 22.62 22.71 22.79 22.88 22.96 23.05 23.14 23.23 23.32 23.41 23.50 23.59 23.69 23.78 23.86 23.96 24.05 24.14 24.23 24.32 24.41 24.50 24.58 24.68 24.76 24.84 24.93 25.01 25.09 25.18 25.26 25.33 25.42 25.49 25.56 25.64 25.71 25.78 25.85 25.92 25.99 26.05 26.12 26.19 26.25 26.30 26.36 26.43 26.48
22.53 22.47 22.40 22.33 22.27 22.21 22.15 22.08 22.02 21.96 21.91 21.84 21.79 21.73 21.68 21.63 21.58 21.53 21.48 21.44 21.41 21.42 21.46 21.52 21.57 21.64 21.70 21.77 21.83 21.91 21.99 22.06 22.15 22.22 22.31 22.39 22.48 22.56 22.66 22.75 22.83 22.93 23.02 23.12 23.21 23.31 23.40 23.50 23.59 23.68 23.78 23.87 23.97 24.06 24.15 24.25 24.34 24.43 24.53 24.61 24.71 24.79 24.87 24.97 25.05 25.13 25.21 25.29 25.37 25.45 25.53 25.60 25.67 25.75 25.82 25.89 25.95 26.03 26.09 26.15 26.21 26.28 26.34 26.40
22.36 22.29 22.23 22.16 22.10 22.04 21.98 21.91 21.85 21.80 21.73 21.68 21.63 21.57 21.52 21.47 21.42 21.37 21.33 21.28 21.24 21.21 21.21 21.25 21.30 21.37 21.43 21.50 21.58 21.65 21.73 21.81 21.90 21.98 22.07 22.15 22.25 22.33 22.43 22.52 22.62 22.71 22.81 22.91 23.00 23.11 23.20 23.31 23.40 23.50 23.60 23.70 23.80 23.89 23.99 24.09 24.18 24.28 24.37 24.46 24.56 24.65 24.74 24.83 24.92 25.00 25.09 25.17 25.25 25.34 25.41 25.49 25.57 25.65 25.72 25.79 25.86 25.93 26.00 26.06 26.13 26.19 26.25 26.31
22.18 22.11 22.04 21.98 21.92 21.86 21.79 21.73 21.67 21.62 21.56 21.50 21.45 21.40 21.35 21.30 21.25 21.21 21.17 21.12 21.08 21.04 21.01 21.00 21.03 21.09 21.15 21.23 21.30 21.38 21.47 21.55 21.64 21.72 21.82 21.90 22.00 22.09 22.20 22.29 22.39 22.49 22.60 22.69 22.80 22.90 23.00 23.11 23.21 23.32 23.41 23.51 23.62 23.72 23.83 23.92 24.02 24.12 24.22 24.32 24.41 24.50 24.60 24.69 24.78 24.88 24.96 25.04 25.14 25.22 25.30 25.37 25.46 25.54 25.61 25.69 25.76 25.83 25.90 25.98 26.04 26.10 26.17 26.23
21.99 21.91 21.85 21.79 21.73 21.66 21.60 21.54 21.49 21.43 21.37 21.32 21.27 21.22 21.17 21.12 21.08 21.04 21.00 20.96 20.92 20.88 20.85 20.82 20.80 20.82 20.87 20.95 21.02 21.11 21.20 21.28 21.38 21.46 21.56 21.65 21.75 21.85 21.95 22.05 22.16 22.26 22.37 22.47 22.58 22.69 22.79 22.90 23.01 23.12 23.22 23.34 23.44 23.54 23.65 23.75 23.86 23.96 24.06 24.16 24.26 24.35 24.46 24.55 24.64 24.74 24.83 24.92 25.01 25.09 25.18 25.27 25.35 25.42 25.50 25.59 25.66 25.73 25.80 25.88 25.95 26.01 26.09 26.15
21.78 21.72 21.66 21.59 21.53 21.46 21.41 21.35 21.29 21.24 21.19 21.14 21.08 21.03 20.99 20.94 20.90 20.86 20.82 20.78 20.75 20.71 20.68 20.65 20.62 20.61 20.61 20.67 20.74 20.83 20.92 21.01 21.10 21.19 21.30 21.39 21.50 21.60 21.71 21.81 21.92 22.03 22.14 22.25 22.36 22.47 22.58 22.69 22.80 22.92 23.03 23.14 23.25 23.36 23.47 23.58 23.69 23.79 23.89 24.00 24.10 24.20 24.31 24.40 24.50 24.60 24.69 24.79 24.88 24.97 25.05 25.15 25.23 25.31 25.40 25.48 25.55 25.64 25.71 25.78 25.85 25.93 25.99 26.06
21.58 21.52 21.45 21.39 21.32 21.26 21.21 21.15 21.09 21.04 20.99 20.93 20.89 20.84 20.80 20.75 20.71 20.68 20.64 20.60 20.56 20.54 20.51 20.48 20.46 20.44 20.41 20.42 20.46 20.54 20.62 20.72 20.82 20.92 21.03 21.12 21.24 21.34 21.45 21.56 21.68 21.78 21.90 22.01 22.14 22.25 22.37 22.48 22.59 22.71 22.83 22.95 23.06 23.17 23.29 23.40 23.51 23.62 23.74 23.84 23.94 24.06 24.16 24.26 24.37 24.46 24.56 24.66 24.75 24.84 24.94 25.03 25.11 25.21 25.29 25.37 25.45 25.53 25.61 25.68 25.75 25.83 25.90 25.97
21.37 21.30 21.24 21.17 21.11 21.05 21.00 20.94 20.88 20.83 20.78 20.73 20.68 20.64 20.59 20.56 20.52 20.49 20.45 20.42 20.39 20.36 20.33 20.30 20.28 20.26 20.24 20.23 20.22 20.26 20.33 20.43 20.54 20.64 20.75 20.85 20.97 21.07 21.19 21.30 21.42 21.54 21.66 21.78 21.90 22.02 22.14 22.26 22.39 22.50 22.62 22.75 22.86 22.99 23.10 23.21 23.33 23.45 23.57 23.67 23.78 23.90 24.00 24.11 24.22 24.32 24.43 24.52 24.62 24.71 24.81 24.90 24.99 25.09 25.17 25.26 25.35 25.43 25.51 25.58 25.67 25.74 25.81 25.89
21.15 21.08 21.01 20.95 20.89 20.83 20.77 20.71 20.66 20.62 20.56 20.52 20.47 20.43 20.39 20.35 20.32 20.28 20.25 20.22 20.19 20.17 20.15 20.12 20.10 20.08 20.07 20.06 20.04 20.04 20.06 20.14 20.24 20.35 20.46 20.57 20.69 20.80 20.92 21.04 21.17 21.28 21.41 21.53 21.66 21.78 21.91 22.04 22.16 22.29 22.41 22.54 22.66 22.79 22.91 23.04 23.15 23.27 23.39 23.50 23.62 23.74 23.85 23.96 24.07 24.17 24.28 24.39 24.48 24.59 24.69 24.78 24.88 24.97 25.06 25.14 25.24 25.32 25.40 25.49 25.57 25.64 25.71 25.79
20.92 20.84 20.78 20.72 20.66 20.61 20.54 20.49 20.44 20.39 20.34 20.29 20.25 20.21 20.17 20.14 20.11 20.07 20.05 20.02 19.99 19.97 19.96 19.93 19.92 19.90 19.89 19.88 19.87 19.87 19.86 19.88 19.96 20.05 20.17 20.28 20.41 20.52 20.65 20.77 20.90 21.02 21.16 21.28 21.42 21.54 21.68 21.81 21.94 22.07 22.20 22.33 22.45 22.59 22.71 22.84 22.97 23.09 23.21 23.33 23.46 23.57 23.69 23.81 23.92 24.02 24.14 24.24 24.36 24.46 24.56 24.66 24.76 24.85 24.94 25.04 25.13 25.21 25.30 25.39 25.46 25.54 25.63 25.70
20.67 20.61 20.54 20.48 20.42 20.36 20.31 20.25 20.21 20.15 20.11 20.07 20.03 19.98 19.95 19.92 19.88 19.86 19.83 19.80 19.78 19.77 19.75 19.73 19.73 19.71 19.70 19.70 19.69 19.69 19.68 19.69 19.70 19.77 19.87 19.99 20.12 20.24 20.37 20.50 20.63 20.76 20.90 21.03 21.17 21.30 21.44 21.57 21.71 21.84 21.99 22.12 22.25 22.38 22.51 22.65 22.78 22.91 23.03 23.16 23.29 23.40 23.52 23.65 23.76 23.88 23.99 24.10 24.22 24.32 24.42 24.53 24.63 24.73 24.83 24.92 25.01 25.11 25.20 25.28 25.36 25.45 25.53 25.61
20.42 20.36 20.30 20.23 20.17 20.11 20.06 20.01 19.95 19.91 19.87 19.83 19.78 19.75 19.72 19.69 19.65 19.63 19.61 19.58 19.57 19.56 19.54 19.53 19.52 19.51 19.51 19.50 19.51 19.51 19.51 19.52 19.52 19.54 19.58 19.69 19.82 19.94 20.08 20.21 20.35 20.49 20.63 20.77 20.91 21.05 21.19 21.33 21.48 21.61 21.76 21.90 22.04 22.18 22.31 22.45 22.58 22.72 22.85 22.98 23.11 23.23 23.37 23.48 23.60 23.73 23.84 23.95 24.07 24.18 24.29 24.40 24.50 24.60 24.71 24.81 24.90 25.00 25.09 25.17 25.26 25.35 25.43 25.51
20.17 20.10 20.03 19.97 19.91 19.86 19.81 19.75 19.70 19.66 19.62 19.57 19.54 19.51 19.48 19.44 19.42 19.40 19.38 19.36 19.35 19.33 19.32 19.32 19.32 19.31 19.31 19.31 19.31 19.32 19.32 19.34 19.34 19.36 19.38 19.41 19.52 19.65 19.79 19.92 20.07 20.21 20.36 20.50 20.65 20.79 20.94 21.09 21.24 21.38 21.53 21.67 21.81 21.96 22.10 22.25 22.38 22.53 22.66 22.80 22.93 23.06 23.20 23.32 23.44 23.57 23.69 23.82 23.93 24.04 24.16 24.27 24.37 24.49 24.59 24.69 24.79 24.89 24.98 25.07 25.16 25.25 25.33 25.41
19.89 19.83 19.76 19.71 19.65 19.59 19.53 19.49 19.44 19.40 19.36 19.32 19.28 19.25 19.23 19.20 19.18 19.16 19.14 19.12 19.12 19.10 19.10 19.10 19.09 19.10 19.10 19.10 19.11 19.12 19.13 19.15 19.16 19.18 19.19 19.22 19.26 19.35 19.49 19.63 19.78 19.93 20.08 20.23 20.38 20.53 20.69 20.84 20.99 21.14 21.30 21.44 21.60 21.74 21.89 22.04 22.18 22.33 22.47 22.62 22.75 22.88 23.02 23.15 23.29 23.41 23.54 23.67 23.78 23.90 24.02 24.13 24.24 24.36 24.46 24.56 24.67 24.77 24.87 24.97 25.06 25.15 25.23 25.32
19.62 19.55 19.49 19.43 19.36 19.31 19.26 19.21 19.17 19.12 19.08 19.05 19.02 18.99 18.96 18.94 18.92 18.91 18.89 18.88 18.88 18.87 18.87 18.87 18.87 18.88 18.89 18.89 18.91 18.92 18.94 18.96 18.97 19.00 19.01 19.04 19.06 19.11 19.20 19.33 19.49 19.64 19.80 19.95 20.11 20.26 20.43 20.58 20.74 20.90 21.06 21.21 21.37 21.52 21.67 21.83 21.98 22.13 22.27 22.43 22.56 22.70 22.85 22.98 23.12 23.25 23.38 23.51 23.63 23.76 23.88 24.00 24.11 24.23 24.34 24.45 24.55 24.65 24.75 24.86 24.95 25.04 25.14 25.22
19.34 19.27 19.21 19.14 19.08 19.03 18.98 18.93 18.88 18.84 18.81 18.78 18.75 18.71 18.69 18.68 18.66 18.64 18.63 18.63 18.62 18.62 18.63 18.63 18.64 18.65 18.66 18.67 18.70 18.71 18.73 18.76 18.78 18.81 18.83 18.86 18.89 18.92 18.96 19.05 19.19 19.34 19.51 19.66 19.83 19.99 20.16 20.32 20.49 20.65 20.82 20.98 21.14 21.30 21.46 21.62 21.77 21.93 22.08 22.23 22.38 22.53 22.67 22.81 22.95 23.09 23.22 23.36 23.48 23.62 23.74 23.86 23.98 24.10 24.21 24.33 24.43 24.54 24.65 24.75 24.84 24.93 25.04 25.12
19.04 18.96 18.90 18.84 18.79 18.73 18.69 18.63 18.59 18.55 18.52 18.49 18.46 18.43 18.42 18.40 18.38 18.37 18.37 18.37 18.36 18.37 18.38 18.38 18.40 18.42 18.43 18.45 18.46 18.49 18.52 18.54 18.58 18.61 18.64 18.68 18.71 18.75 18.79 18.83 18.91 19.04 19.21 19.37 19.55 19.71 19.89 20.06 20.23 20.40 20.57 20.73 20.91 21.07 21.24 21.40 21.55 21.72 21.87 22.04 22.19 22.34 22.49 22.63 22.78 22.92 23.07 23.20 23.33 23.47 23.59 23.73 23.85 23.96 24.09 24.20 24.31 24.42 24.53 24.63 24.73 24.84 24.93 25.02
18.73 18.66 18.60 18.54 18.48 18.42 18.37 18.33 18.29 18.26 18.23 18.19 18.17 18.15 18.13 18.11 18.10 18.10 18.10 18.09 18.10 18.11 18.11 18.13 18.15 18.16 18.19 18.22 18.24 18.27 18.30 18.33 18.37 18.40 18.44 18.49 18.52 18.57 18.60 18.65 18.70 18.77 18.92 19.08 19.26 19.43 19.61 19.79 19.97 20.14 20.32 20.49 20.67 20.83 21.01 21.18 21.34 21.51 21.67 21.84 21.99 22.15 22.31 22.45 22.61 22.75 22.90 23.04 23.18 23.32 23.45 23.58 23.71 23.83 23.96 24.07 24.19 24.31 24.41 24.52 24.63 24.73 24.83 24.93
18.42 18.35 18.29 18.23 18.16 18.11 18.06 18.02 17.98 17.95 17.91 17.89 17.87 17.85 17.83 17.82 17.81 17.81 17.81 17.82 17.83 17.83 17.85 17.87 17.90 17.91 17.94 17.98 18.00 18.04 18.07 18.11 18.16 18.19 18.24 18.29 18.33 18.38 18.42 18.47 18.52 18.57 18.65 18.79 18.97 19.14 19.33 19.51 19.70 19.88 20.06 20.24 20.42 20.60 20.78 20.95 21.13 21.30 21.46 21.63 21.79 21.96 22.12 22.28 22.43 22.58 22.74 22.88 23.03 23.17 23.30 23.44 23.57 23.69 23.83 23.95 24.06 24.19 24.30 24.40 24.52 24.62 24.72 24.83
18.09 18.02 17.95 17.89 17.84 17.79 17.74 17.70 17.66 17.62 17.60 17.57 17.56 17.53 17.52 17.52 17.52 17.52 17.52 17.53 17.55 17.55 17.58 17.60 17.62 17.66 17.69 17.72 17.76 17.80 17.84 17.89 17.94 17.98 18.03 18.08 18.13 18.19 18.24 18.29 18.34 18.40 18.46 18.54 18.68 18.85 19.05 19.23 19.43 19.61 19.80 19.99 20.18 20.36 20.55 20.72 20.91 21.08 21.26 21.43 21.60 21.77 21.93 22.10 22.25 22.42 22.57 22.72 22.87 23.01 23.15 23.29 23.43 23.56 23.69 23.82 23.95 24.06 24.18 24.30 24.41 24.51 24.61 24.72
17.75 17.68 17.62 17.56 17.51 17.46 17.40 17.36 17.33 17.30 17.27 17.25 17.23 17.22 17.21 17.21 17.20 17.21 17.22 17.24 17.25 17.27 17.30 17.33 17.35 17.39 17.43 17.46 17.51 17.56 17.60 17.66 17.70 17.76 17.82 17.87 17.93 17.99 18.04 18.11 18.16 18.23 18.29 18.35 18.44 18.57 18.76 18.95 19.15 19.34 19.54 19.73 19.93 20.11 20.31 20.49 20.68 20.86 21.05 21.22 21.39 21.57 21.74 21.91 22.07 22.24 22.40 22.55 22.71 22.85 23.00 23.15 23.28 23.43 23.56 23.68 23.82 23.94 24.06 24.18 24.29 24.40 24.52 24.62
17.41 17.34 17.28 17.22 17.15 17.11 17.06 17.02 16.99 16.96 16.93 16.91 16.90 16.89 16.89 16.89 16.89 16.90 16.91 16.92 16.95 16.98 17.01 17.03 17.07 17.12 17.15 17.20 17.26 17.30 17.36 17.42 17.47 17.53 17.60 17.65 17.72 17.79 17.85 17.92 17.98 18.05 18.11 18.18 18.24 18.34 18.48 18.66 18.87 19.07 19.27 19.47 19.67 19.87 20.07 20.26 20.45 20.64 20.83 21.01 21.20 21.37 21.55 21.73 21.89 22.06 22.23 22.38 22.55 22.70 22.85 23.00 23.14 23.29 23.42 23.55 23.69 23.81 23.93 24.06 24.18 24.30 24.41 24.51
