main/data/pressure/23.07.2023.grid
ncols 886
nrows 691
xllcenter 112.0000
yllcenter -44.5000
cellsize 0.0500
nodata_value 99999.90
[rows 555 to 591 of 691, columns 252 to 335 of 886]
9.97 9.98 9.98 9.98 9.99 9.99 10.00 10.00 10.01 10.01 10.02 10.02 10.03 10.03 10.04 10.04 10.05 10.06 10.06 10.08 10.08 10.09 10.10 10.10 10.11 10.12 10.12 10.14 10.15 10.16 10.17 10.17 10.19 10.20 10.20 10.21 10.22 10.23 10.24 10.24 10.25 10.26 10.27 10.27 10.28 10.29 10.29 10.30 10.31 10.31 10.32 10.32 10.33 10.33 10.34 10.35 10.35 10.35 10.36 10.36 10.36 10.37 10.37 10.37 10.38 10.38 10.38 10.39 10.39 10.39 10.40 10.39 10.40 10.40 10.40 10.41 10.40 10.40 10.41 10.41 10.41 10.41 10.41 10.41
9.96 9.96 9.96 9.97 9.97 9.98 9.98 9.99 9.99 10.00 10.00 10.01 10.02 10.03 10.03 10.04 10.04 10.05 10.06 10.06 10.07 10.08 10.09 10.10 10.11 10.11 10.12 10.13 10.14 10.16 10.16 10.17 10.18 10.19 10.20 10.21 10.21 10.22 10.24 10.24 10.25 10.25 10.26 10.27 10.27 10.28 10.29 10.29 10.30 10.30 10.31 10.31 10.32 10.33 10.33 10.33 10.34 10.34 10.34 10.35 10.36 10.36 10.37 10.37 10.37 10.37 10.37 10.37 10.38 10.38 10.38 10.39 10.39 10.39 10.39 10.39 10.40 10.40 10.39 10.40 10.40 10.40 10.40 10.40
9.95 9.95 9.96 9.96 9.97 9.97 9.97 9.98 9.98 9.99 9.99 10.00 10.01 10.01 10.02 10.02 10.03 10.04 10.05 10.06 10.06 10.07 10.08 10.09 10.09 10.11 10.12 10.13 10.14 10.15 10.15 10.17 10.18 10.18 10.19 10.20 10.21 10.22 10.22 10.23 10.24 10.25 10.25 10.25 10.27 10.27 10.28 10.28 10.29 10.29 10.30 10.31 10.31 10.31 10.32 10.33 10.33 10.34 10.34 10.34 10.35 10.35 10.35 10.36 10.36 10.36 10.37 10.37 10.37 10.38 10.37 10.37 10.38 10.38 10.38 10.39 10.38 10.39 10.39 10.38 10.39 10.39 10.39 10.39
9.93 9.94 9.94 9.95 9.95 9.95 9.96 9.96 9.97 9.98 9.99 9.99 10.00 10.01 10.01 10.02 10.02 10.03 10.04 10.04 10.05 10.07 10.08 10.09 10.10 10.10 10.11 10.12 10.14 10.14 10.15 10.16 10.17 10.18 10.19 10.19 10.20 10.21 10.22 10.22 10.23 10.23 10.25 10.25 10.25 10.26 10.27 10.27 10.28 10.29 10.29 10.29 10.30 10.31 10.31 10.31 10.32 10.32 10.32 10.33 10.33 10.33 10.34 10.34 10.34 10.35 10.35 10.36 10.36 10.36 10.37 10.37 10.37 10.37 10.37 10.38 10.38 10.38 10.38 10.38 10.38 10.38 10.38 10.39
9.93 9.93 9.94 9.94 9.94 9.95 9.95 9.96 9.96 9.97 9.97 9.98 9.99 9.99 10.00 10.00 10.02 10.03 10.03 10.04 10.05 10.06 10.07 10.08 10.10 10.10 10.11 10.12 10.13 10.13 10.15 10.16 10.16 10.17 10.18 10.19 10.20 10.20 10.21 10.21 10.23 10.23 10.23 10.25 10.25 10.25 10.26 10.27 10.27 10.28 10.28 10.29 10.29 10.29 10.31 10.31 10.31 10.32 10.32 10.32 10.33 10.33 10.33 10.34 10.34 10.34 10.35 10.35 10.35 10.36 10.35 10.36 10.36 10.36 10.37 10.37 10.36 10.37 10.37 10.37 10.37 10.37 10.38 10.37
9.91 9.92 9.92 9.92 9.93 9.93 9.94 9.94 9.95 9.95 9.97 9.97 9.98 9.99 9.99 10.00 10.01 10.01 10.02 10.03 10.04 10.06 10.07 10.08 10.09 10.10 10.10 10.12 10.13 10.13 10.14 10.15 10.15 10.17 10.17 10.18 10.18 10.20 10.20 10.21 10.21 10.22 10.23 10.23 10.24 10.25 10.25 10.26 10.26 10.27 10.27 10.28 10.29 10.29 10.29 10.29 10.30 10.30 10.30 10.31 10.32 10.32 10.33 10.33 10.32 10.33 10.33 10.34 10.34 10.34 10.35 10.35 10.35 10.35 10.35 10.36 10.36 10.36 10.36 10.36 10.37 10.36 10.36 10.37
9.91 9.91 9.92 9.92 9.92 9.93 9.93 9.94 9.94 9.95 9.95 9.96 9.97 9.97 9.98 9.99 10.01 10.02 10.03 10.04 10.05 10.05 10.06 10.07 10.09 10.10 10.10 10.11 10.12 10.12 10.14 10.15 10.15 10.16 10.16 10.18 10.18 10.19 10.19 10.21 10.21 10.21 10.22 10.23 10.23 10.24 10.24 10.25 10.26 10.26 10.26 10.27 10.27 10.28 10.29 10.29 10.29 10.30 10.30 10.30 10.31 10.31 10.31 10.32 10.32 10.32 10.33 10.33 10.34 10.34 10.34 10.34 10.34 10.34 10.35 10.35 10.35 10.35 10.35 10.36 10.35 10.36 10.36 10.35
9.89 9.90 9.90 9.90 9.91 9.91 9.92 9.93 9.93 9.94 9.95 9.96 9.96 9.97 9.98 9.99 10.00 10.01 10.02 10.04 10.05 10.06 10.06 10.07 10.08 10.09 10.10 10.11 10.12 10.12 10.13 10.14 10.15 10.16 10.16 10.17 10.17 10.19 10.19 10.19 10.20 10.21 10.22 10.22 10.22 10.23 10.24 10.24 10.25 10.25 10.26 10.26 10.27 10.27 10.27 10.28 10.29 10.29 10.29 10.30 10.30 10.30 10.31 10.31 10.32 10.32 10.32 10.32 10.32 10.32 10.33 10.33 10.34 10.34 10.33 10.34 10.34 10.34 10.35 10.34 10.35 10.35 10.34 10.35
9.89 9.89 9.90 9.90 9.91 9.91 9.92 9.92 9.93 9.93 9.94 9.95 9.96 9.97 9.98 9.99 10.01 10.02 10.02 10.03 10.04 10.05 10.06 10.06 10.08 10.09 10.10 10.10 10.11 10.12 10.13 10.13 10.14 10.15 10.16 10.16 10.17 10.17 10.18 10.19 10.20 10.20 10.20 10.22 10.22 10.22 10.22 10.24 10.24 10.24 10.25 10.26 10.26 10.26 10.27 10.27 10.27 10.28 10.28 10.28 10.29 10.29 10.29 10.30 10.30 10.30 10.31 10.31 10.31 10.32 10.32 10.33 10.32 10.32 10.33 10.33 10.34 10.33 10.33 10.34 10.34 10.34 10.34 10.34
9.87 9.88 9.88 9.89 9.89 9.90 9.90 9.92 9.92 9.93 9.94 9.95 9.96 9.97 9.98 9.99 10.00 10.01 10.02 10.04 10.04 10.05 10.06 10.07 10.07 10.08 10.10 10.10 10.11 10.11 10.12 10.12 10.14 10.14 10.15 10.15 10.16 10.17 10.18 10.18 10.18 10.20 10.20 10.20 10.21 10.22 10.22 10.22 10.24 10.24 10.24 10.24 10.25 10.26 10.26 10.27 10.27 10.27 10.28 10.28 10.28 10.29 10.29 10.29 10.30 10.30 10.30 10.31 10.31 10.31 10.31 10.31 10.32 10.32 10.32 10.33 10.32 10.32 10.33 10.33 10.33 10.33 10.33 10.33
9.87 9.87 9.88 9.88 9.89 9.89 9.90 9.91 9.92 9.93 9.94 9.95 9.96 9.97 9.98 10.00 10.00 10.01 10.02 10.03 10.04 10.04 10.05 10.06 10.07 10.08 10.09 10.09 10.10 10.11 10.12 10.12 10.13 10.13 10.14 10.15 10.16 10.16 10.17 10.18 10.18 10.19 10.19 10.20 10.20 10.21 10.21 10.22 10.22 10.23 10.24 10.24 10.24 10.25 10.25 10.25 10.26 10.27 10.27 10.27 10.28 10.28 10.28 10.29 10.29 10.29 10.29 10.29 10.29 10.30 10.30 10.31 10.31 10.31 10.31 10.31 10.32 10.32 10.32 10.32 10.32 10.32 10.32 10.32
9.86 9.86 9.86 9.87 9.88 9.88 9.89 9.91 9.92 9.94 9.95 9.96 9.96 9.97 9.98 9.99 10.00 10.01 10.01 10.02 10.04 10.05 10.05 10.06 10.07 10.07 10.09 10.09 10.10 10.11 10.11 10.11 10.13 10.13 10.14 10.14 10.15 10.16 10.16 10.17 10.17 10.18 10.19 10.19 10.19 10.21 10.21 10.21 10.21 10.22 10.22 10.23 10.24 10.24 10.24 10.25 10.25 10.25 10.26 10.26 10.26 10.27 10.27 10.27 10.28 10.28 10.28 10.29 10.29 10.29 10.30 10.30 10.29 10.30 10.30 10.31 10.31 10.31 10.31 10.31 10.32 10.31 10.31 10.32
9.85 9.86 9.86 9.87 9.88 9.89 9.90 9.91 9.92 9.93 9.94 9.95 9.96 9.97 9.98 9.99 10.00 10.01 10.02 10.03 10.03 10.04 10.05 10.05 10.07 10.07 10.08 10.09 10.09 10.11 10.11 10.12 10.12 10.12 10.13 10.14 10.15 10.15 10.15 10.17 10.17 10.17 10.18 10.19 10.19 10.19 10.20 10.21 10.21 10.21 10.21 10.22 10.23 10.23 10.24 10.24 10.24 10.25 10.25 10.25 10.26 10.26 10.26 10.27 10.27 10.27 10.28 10.28 10.28 10.29 10.28 10.29 10.29 10.29 10.30 10.30 10.29 10.30 10.30 10.31 10.30 10.30 10.31 10.31
9.84 9.85 9.86 9.87 9.88 9.89 9.90 9.91 9.92 9.93 9.94 9.95 9.97 9.97 9.98 9.99 10.00 10.00 10.01 10.02 10.04 10.04 10.05 10.05 10.06 10.07 10.07 10.09 10.09 10.10 10.10 10.11 10.12 10.12 10.13 10.13 10.14 10.15 10.15 10.16 10.16 10.16 10.17 10.18 10.18 10.19 10.19 10.20 10.20 10.21 10.21 10.21 10.22 10.22 10.23 10.24 10.24 10.24 10.24 10.25 10.25 10.25 10.26 10.26 10.27 10.27 10.27 10.28 10.27 10.27 10.28 10.28 10.28 10.29 10.29 10.29 10.29 10.29 10.30 10.29 10.29 10.30 10.30 10.30
9.84 9.85 9.86 9.88 9.89 9.90 9.91 9.92 9.93 9.94 9.94 9.95 9.96 9.97 9.98 9.98 9.99 10.01 10.02 10.02 10.03 10.03 10.04 10.05 10.05 10.07 10.07 10.08 10.08 10.09 10.10 10.11 10.11 10.11 10.12 10.13 10.14 10.14 10.14 10.14 10.16 10.16 10.16 10.18 10.18 10.18 10.18 10.19 10.20 10.20 10.20 10.21 10.21 10.21 10.22 10.22 10.22 10.24 10.24 10.24 10.25 10.25 10.25 10.26 10.25 10.25 10.26 10.26 10.26 10.27 10.27 10.27 10.28 10.28 10.28 10.28 10.28 10.29 10.29 10.29 10.29 10.29 10.29 10.29
9.85 9.86 9.87 9.88 9.89 9.90 9.91 9.92 9.92 9.93 9.94 9.95 9.97 9.97 9.98 9.99 10.00 10.00 10.01 10.02 10.02 10.04 10.04 10.05 10.05 10.06 10.06 10.07 10.08 10.09 10.09 10.10 10.10 10.11 10.12 10.12 10.12 10.13 10.14 10.14 10.15 10.15 10.16 10.16 10.17 10.18 10.18 10.18 10.18 10.20 10.20 10.20 10.21 10.21 10.21 10.21 10.22 10.22 10.22 10.23 10.23 10.23 10.24 10.24 10.24 10.25 10.25 10.25 10.26 10.26 10.27 10.27 10.26 10.27 10.27 10.27 10.28 10.28 10.28 10.28 10.28 10.29 10.28 10.29
9.85 9.86 9.87 9.88 9.89 9.90 9.90 9.91 9.93 9.94 9.95 9.96 9.96 9.97 9.98 9.98 9.99 10.00 10.01 10.02 10.02 10.03 10.04 10.04 10.05 10.05 10.07 10.07 10.08 10.08 10.08 10.10 10.10 10.10 10.11 10.12 10.12 10.13 10.13 10.13 10.15 10.15 10.15 10.15 10.17 10.17 10.17 10.17 10.18 10.18 10.19 10.20 10.20 10.20 10.21 10.21 10.21 10.21 10.22 10.22 10.22 10.23 10.23 10.23 10.24 10.24 10.24 10.25 10.25 10.26 10.26 10.25 10.26 10.26 10.26 10.27 10.27 10.27 10.27 10.27 10.28 10.27 10.28 10.28
9.86 9.87 9.88 9.89 9.90 9.90 9.91 9.92 9.93 9.94 9.94 9.95 9.96 9.96 9.97 9.99 9.99 10.00 10.01 10.01 10.02 10.02 10.04 10.04 10.05 10.05 10.06 10.06 10.07 10.08 10.08 10.09 10.09 10.09 10.11 10.11 10.11 10.12 10.13 10.13 10.14 10.14 10.14 10.15 10.15 10.16 10.17 10.17 10.17 10.17 10.18 10.18 10.19 10.20 10.20 10.20 10.21 10.21 10.21 10.21 10.22 10.22 10.22 10.23 10.23 10.24 10.24 10.24 10.25 10.24 10.24 10.25 10.25 10.26 10.26 10.26 10.26 10.26 10.26 10.27 10.26 10.27 10.27 10.27
9.86 9.87 9.88 9.88 9.89 9.90 9.91 9.92 9.92 9.93 9.95 9.96 9.96 9.97 9.98 9.98 9.99 9.99 10.00 10.01 10.02 10.03 10.03 10.04 10.04 10.05 10.05 10.06 10.07 10.07 10.08 10.08 10.09 10.10 10.10 10.10 10.11 10.12 10.12 10.12 10.13 10.14 10.14 10.14 10.14 10.16 10.16 10.16 10.16 10.17 10.17 10.17 10.18 10.19 10.19 10.20 10.20 10.20 10.21 10.21 10.21 10.22 10.22 10.22 10.23 10.23 10.23 10.23 10.23 10.23 10.24 10.24 10.24 10.25 10.25 10.25 10.25 10.25 10.26 10.26 10.26 10.26 10.26 10.27
9.86 9.87 9.87 9.89 9.90 9.91 9.92 9.92 9.93 9.94 9.95 9.95 9.96 9.96 9.97 9.98 9.99 10.00 10.00 10.01 10.01 10.02 10.02 10.03 10.04 10.05 10.05 10.06 10.06 10.06 10.08 10.08 10.08 10.09 10.10 10.10 10.10 10.11 10.11 10.12 10.12 10.13 10.13 10.14 10.14 10.14 10.15 10.16 10.16 10.16 10.16 10.17 10.17 10.17 10.18 10.19 10.19 10.20 10.20 10.20 10.21 10.21 10.21 10.22 10.21 10.21 10.22 10.22 10.22 10.23 10.23 10.23 10.24 10.24 10.24 10.24 10.24 10.25 10.25 10.25 10.25 10.25 10.26 10.25
9.87 9.88 9.88 9.89 9.90 9.91 9.91 9.92 9.93 9.93 9.94 9.95 9.95 9.97 9.98 9.98 9.99 9.99 10.00 10.00 10.01 10.02 10.03 10.03 10.03 10.04 10.04 10.05 10.06 10.06 10.07 10.07 10.07 10.09 10.09 10.09 10.09 10.11 10.11 10.11 10.11 10.12 10.13 10.13 10.13 10.13 10.15 10.15 10.15 10.16 10.16 10.16 10.16 10.17 10.17 10.17 10.18 10.18 10.18 10.19 10.19 10.19 10.20 10.20 10.20 10.21 10.21 10.21 10.22 10.22 10.22 10.23 10.23 10.23 10.23 10.23 10.24 10.24 10.25 10.24 10.24 10.25 10.25 10.25
9.87 9.87 9.88 9.89 9.90 9.90 9.91 9.92 9.93 9.93 9.95 9.95 9.96 9.96 9.97 9.98 9.98 9.99 9.99 10.01 10.01 10.01 10.02 10.02 10.03 10.04 10.04 10.05 10.05 10.06 10.06 10.07 10.07 10.08 10.08 10.08 10.10 10.10 10.10 10.10 10.11 10.12 10.12 10.12 10.13 10.13 10.13 10.14 10.15 10.15 10.15 10.16 10.16 10.16 10.16 10.17 10.17 10.17 10.18 10.18 10.18 10.19 10.19 10.19 10.20 10.20 10.21 10.21 10.21 10.21 10.22 10.22 10.22 10.22 10.22 10.23 10.23 10.24 10.23 10.23 10.24 10.24 10.24 10.24
9.86 9.87 9.88 9.89 9.89 9.91 9.92 9.92 9.93 9.94 9.94 9.95 9.95 9.96 9.96 9.97 9.98 9.99 9.99 10.00 10.00 10.01 10.01 10.03 10.03 10.03 10.04 10.04 10.04 10.06 10.06 10.06 10.07 10.07 10.08 10.08 10.09 10.09 10.09 10.10 10.10 10.11 10.12 10.12 10.12 10.12 10.12 10.13 10.14 10.14 10.15 10.15 10.15 10.15 10.16 10.16 10.16 10.17 10.17 10.17 10.18 10.18 10.18 10.19 10.19 10.20 10.20 10.20 10.21 10.21 10.21 10.21 10.21 10.21 10.22 10.22 10.22 10.23 10.22 10.23 10.23 10.23 10.23 10.23
9.87 9.88 9.89 9.89 9.90 9.91 9.91 9.92 9.93 9.93 9.94 9.94 9.95 9.96 9.97 9.97 9.98 9.98 9.99 9.99 10.00 10.01 10.01 10.02 10.02 10.02 10.03 10.04 10.04 10.05 10.05 10.05 10.07 10.07 10.07 10.07 10.08 10.09 10.09 10.09 10.09 10.11 10.11 10.11 10.11 10.12 10.12 10.12 10.13 10.14 10.14 10.14 10.15 10.15 10.15 10.15 10.16 10.16 10.16 10.17 10.17 10.17 10.18 10.18 10.19 10.19 10.19 10.20 10.20 10.20 10.20 10.20 10.20 10.21 10.21 10.21 10.22 10.21 10.22 10.22 10.22 10.23 10.22 10.23
9.87 9.88 9.88 9.89 9.90 9.90 9.91 9.92 9.92 9.94 9.94 9.95 9.95 9.96 9.96 9.97 9.97 9.98 9.98 9.99 10.00 10.00 10.01 10.01 10.01 10.03 10.03 10.03 10.04 10.04 10.04 10.05 10.06 10.06 10.06 10.07 10.08 10.08 10.08 10.08 10.09 10.10 10.10 10.10 10.11 10.11 10.11 10.12 10.12 10.13 10.13 10.14 10.14 10.14 10.14 10.15 10.15 10.15 10.16 10.16 10.16 10.17 10.17 10.18 10.18 10.18 10.19 10.19 10.19 10.19 10.19 10.19 10.20 10.20 10.21 10.21 10.21 10.21 10.21 10.21 10.22 10.22 10.22 10.22
9.87 9.88 9.88 9.89 9.90 9.90 9.92 9.92 9.93 9.93 9.94 9.94 9.95 9.95 9.96 9.96 9.98 9.98 9.98 9.99 9.99 9.99 10.00 10.00 10.02 10.02 10.02 10.02 10.03 10.04 10.04 10.05 10.05 10.05 10.06 10.06 10.07 10.07 10.07 10.08 10.08 10.09 10.09 10.10 10.10 10.10 10.11 10.11 10.11 10.11 10.13 10.13 10.13 10.14 10.14 10.14 10.14 10.15 10.15 10.15 10.16 10.16 10.16 10.17 10.17 10.18 10.18 10.18 10.18 10.18 10.18 10.19 10.19 10.19 10.20 10.20 10.20 10.20 10.20 10.21 10.21 10.21 10.21 10.21
9.88 9.88 9.89 9.89 9.90 9.91 9.91 9.92 9.92 9.93 9.93 9.94 9.94 9.95 9.96 9.96 9.97 9.97 9.98 9.98 9.98 9.99 10.00 10.00 10.01 10.01 10.01 10.03 10.03 10.03 10.03 10.04 10.04 10.05 10.05 10.06 10.06 10.07 10.07 10.07 10.07 10.09 10.09 10.09 10.09 10.10 10.10 10.10 10.10 10.11 10.12 10.12 10.13 10.13 10.13 10.13 10.14 10.14 10.14 10.15 10.15 10.15 10.16 10.16 10.16 10.17 10.17 10.16 10.17 10.17 10.18 10.18 10.18 10.19 10.19 10.20 10.19 10.19 10.20 10.20 10.21 10.20 10.20 10.21
9.87 9.88 9.89 9.89 9.90 9.90 9.91 9.91 9.92 9.92 9.93 9.94 9.95 9.95 9.95 9.96 9.96 9.97 9.97 9.98 9.99 9.99 9.99 10.00 10.00 10.01 10.02 10.02 10.02 10.02 10.03 10.04 10.04 10.04 10.04 10.05 10.06 10.06 10.06 10.06 10.07 10.08 10.08 10.08 10.09 10.09 10.09 10.09 10.10 10.10 10.10 10.12 10.12 10.12 10.12 10.13 10.13 10.13 10.14 10.14 10.14 10.15 10.15 10.15 10.16 10.16 10.15 10.16 10.16 10.17 10.17 10.17 10.18 10.18 10.18 10.18 10.18 10.19 10.19 10.19 10.20 10.19 10.20 10.20
9.87 9.88 9.88 9.89 9.89 9.90 9.90 9.91 9.92 9.93 9.93 9.94 9.94 9.94 9.95 9.95 9.97 9.97 9.97 9.98 9.98 9.98 9.99 9.99 10.00 10.00 10.01 10.01 10.01 10.02 10.03 10.03 10.03 10.03 10.04 10.05 10.05 10.05 10.05 10.06 10.06 10.07 10.07 10.08 10.08 10.08 10.09 10.09 10.09 10.09 10.10 10.10 10.11 10.12 10.12 10.12 10.12 10.13 10.13 10.13 10.14 10.14 10.14 10.15 10.15 10.14 10.15 10.15 10.15 10.16 10.16 10.17 10.17 10.17 10.18 10.17 10.17 10.18 10.18 10.19 10.19 10.19 10.19 10.19
9.87 9.87 9.89 9.89 9.90 9.90 9.91 9.91 9.92 9.92 9.93 9.93 9.93 9.94 9.94 9.95 9.96 9.96 9.97 9.97 9.97 9.97 9.99 9.99 9.99 10.00 10.00 10.00 10.01 10.02 10.02 10.02 10.02 10.03 10.04 10.04 10.04 10.04 10.05 10.05 10.05 10.06 10.07 10.07 10.07 10.07 10.08 10.08 10.08 10.09 10.09 10.09 10.11 10.11 10.11 10.11 10.12 10.12 10.12 10.13 10.13 10.13 10.14 10.13 10.13 10.14 10.14 10.14 10.15 10.15 10.15 10.16 10.16 10.17 10.17 10.16 10.17 10.17 10.18 10.18 10.18 10.18 10.18 10.19
9.87 9.88 9.88 9.89 9.89 9.90 9.90 9.91 9.91 9.92 9.92 9.92 9.94 9.94 9.94 9.95 9.95 9.95 9.96 9.96 9.97 9.98 9.98 9.98 9.99 9.99 9.99 10.00 10.00 10.01 10.01 10.02 10.02 10.02 10.03 10.03 10.04 10.04 10.04 10.04 10.04 10.06 10.06 10.06 10.06 10.07 10.07 10.07 10.08 10.08 10.08 10.09 10.09 10.10 10.10 10.11 10.11 10.11 10.12 10.12 10.12 10.13 10.12 10.12 10.13 10.13 10.13 10.14 10.14 10.14 10.15 10.15 10.16 10.16 10.16 10.16 10.16 10.16 10.17 10.17 10.18 10.17 10.18 10.18
9.87 9.88 9.88 9.88 9.89 9.89 9.90 9.90 9.91 9.91 9.92 9.93 9.93 9.93 9.94 9.94 9.94 9.95 9.95 9.96 9.97 9.97 9.97 9.97 9.98 9.99 9.99 9.99 10.00 10.00 10.01 10.01 10.01 10.02 10.02 10.03 10.03 10.03 10.03 10.04 10.05 10.05 10.05 10.06 10.06 10.06 10.06 10.07 10.07 10.07 10.07 10.08 10.08 10.08 10.10 10.10 10.10 10.11 10.11 10.11 10.11 10.11 10.11 10.12 10.12 10.12 10.13 10.13 10.13 10.14 10.14 10.14 10.15 10.15 10.15 10.15 10.15 10.16 10.16 10.16 10.17 10.16 10.17 10.17
9.87 9.87 9.88 9.88 9.88 9.89 9.89 9.90 9.91 9.91 9.92 9.92 9.92 9.93 9.93 9.93 9.94 9.95 9.95 9.96 9.96 9.96 9.96 9.98 9.98 9.98 9.98 9.99 9.99 10.00 10.00 10.00 10.00 10.01 10.02 10.02 10.02 10.02 10.03 10.03 10.04 10.04 10.05 10.05 10.05 10.05 10.06 10.06 10.06 10.06 10.07 10.07 10.07 10.08 10.08 10.08 10.09 10.09 10.09 10.09 10.10 10.10 10.11 10.11 10.11 10.12 10.12 10.12 10.13 10.13 10.13 10.14 10.14 10.14 10.14 10.14 10.15 10.15 10.15 10.16 10.16 10.16 10.16 10.16
9.86 9.87 9.87 9.88 9.88 9.89 9.90 9.90 9.90 9.91 9.91 9.92 9.92 9.92 9.93 9.94 9.94 9.94 9.95 9.95 9.95 9.95 9.97 9.97 9.97 9.97 9.97 9.99 9.99 9.99 9.99 9.99 10.00 10.01 10.01 10.01 10.01 10.02 10.02 10.02 10.03 10.04 10.04 10.04 10.04 10.05 10.05 10.05 10.05 10.06 10.06 10.06 10.07 10.07 10.07 10.07 10.08 10.08 10.09 10.09 10.09 10.09 10.10 10.10 10.11 10.11 10.11 10.12 10.12 10.12 10.13 10.13 10.13 10.14 10.13 10.13 10.14 10.14 10.15 10.15 10.15 10.15 10.15 10.16
9.87 9.87 9.88 9.88 9.88 9.89 9.89 9.90 9.90 9.90 9.91 9.91 9.91 9.92 9.93 9.93 9.93 9.94 9.94 9.94 9.94 9.96 9.96 9.96 9.96 9.96 9.98 9.98 9.98 9.98 9.98 9.99 10.00 10.00 10.00 10.00 10.01 10.01 10.01 10.02 10.03 10.03 10.03 10.03 10.04 10.04 10.04 10.04 10.05 10.05 10.05 10.06 10.06 10.06 10.06 10.07 10.07 10.07 10.08 10.08 10.08 10.09 10.09 10.09 10.10 10.10 10.10 10.11 10.11 10.12 10.12 10.12 10.13 10.13 10.12 10.13 10.13 10.13 10.14 10.14 10.15 10.14 10.14 10.15
9.86 9.87 9.87 9.88 9.88 9.88 9.89 9.89 9.89 9.90 9.91 9.91 9.91 9.92 9.92 9.92 9.93 9.93 9.93 9.94 9.95 9.95 9.95 9.95 9.95 9.97 9.97 9.97 9.97 9.97 9.98 9.99 9.99 9.99 9.99 10.00 10.00 10.00 10.00 10.02 10.02 10.02 10.02 10.03 10.03 10.03 10.03 10.04 10.04 10.04 10.04 10.05 10.05 10.05 10.06 10.06 10.06 10.07 10.07 10.07 10.08 10.08 10.08 10.09 10.09 10.09 10.10 10.10 10.10 10.11 10.11 10.12 10.12 10.12 10.12 10.12 10.12 10.13 10.13 10.13 10.14 10.13 10.14 10.14
9.86 9.86 9.87 9.87 9.87 9.88 9.88 9.88 9.90 9.90 9.90 9.91 9.91 9.91 9.91 9.92 9.92 9.93 9.93 9.94 9.94 9.94 9.94 9.94 9.96 9.96 9.96 9.96 9.96 9.97 9.98 9.98 9.98 9.98 9.99 9.99 9.99 9.99 9.99 10.01 10.01 10.01 10.01 10.02 10.02 10.02 10.03 10.03 10.03 10.03 10.04 10.04 10.04 10.05 10.05 10.05 10.05 10.06 10.06 10.06 10.07 10.07 10.07 10.08 10.08 10.09 10.09 10.09 10.10 10.10 10.10 10.11 10.11 10.11 10.11 10.11 10.12 10.12 10.12 10.13 10.13 10.12 10.13 10.13
