main/data/pressure/23.07.2023.grid
ncols 886
nrows 691
xllcenter 112.0000
yllcenter -44.5000
cellsize 0.0500
nodata_value 99999.90
[rows 481 to 517 of 691, columns 756 to 839 of 886]
6.05 6.09 6.19 6.13 6.81 7.09 7.53 8.18 7.77 7.61 7.66 7.62 8.30 7.90 8.31 8.45 8.63 8.98 9.08 8.98 8.97 9.15 9.18 8.99 9.12 9.07 9.27 9.49 9.45 9.61 9.68 9.75 9.81 9.88 9.95 10.00 10.06 10.12 10.18 10.23 10.28 10.31 10.36 10.40 10.44 10.47 10.51 10.54 10.57 10.61 10.63 10.66 10.69 10.72 10.74 10.77 10.80 10.83 10.85 10.88 10.88 10.90 10.92 10.93 10.95 10.97 11.00 11.02 11.04 11.07 11.09 11.12 11.14 11.16 11.19 11.22 11.25 11.27 11.29 11.33 11.35 11.38 11.40 11.43
6.21 6.18 6.09 6.26 6.58 7.32 7.69 7.46 7.35 8.06 8.23 8.37 8.83 8.44 8.15 8.39 8.53 8.81 9.05 9.09 8.94 9.12 9.06 9.10 8.90 9.14 9.23 9.52 9.58 9.64 9.70 9.77 9.84 9.90 9.97 10.03 10.09 10.14 10.19 10.24 10.29 10.33 10.38 10.42 10.46 10.49 10.53 10.56 10.59 10.62 10.65 10.68 10.70 10.73 10.76 10.79 10.82 10.84 10.87 10.88 10.88 10.90 10.91 10.93 10.95 10.97 10.99 11.02 11.04 11.07 11.09 11.12 11.15 11.17 11.20 11.22 11.26 11.28 11.30 11.33 11.36 11.38 11.41 11.43
6.27 6.30 6.32 6.66 7.14 6.98 7.32 6.92 7.28 8.37 8.65 8.77 8.73 8.82 8.28 8.50 8.63 8.81 8.77 9.06 9.01 8.73 8.86 8.91 8.91 8.93 9.50 9.55 9.61 9.68 9.74 9.80 9.87 9.93 10.00 10.05 10.11 10.17 10.22 10.26 10.31 10.36 10.41 10.44 10.48 10.51 10.55 10.59 10.61 10.64 10.68 10.70 10.73 10.76 10.79 10.81 10.83 10.86 10.88 10.88 10.89 10.90 10.91 10.93 10.95 10.97 10.99 11.02 11.04 11.07 11.10 11.12 11.15 11.17 11.21 11.23 11.25 11.29 11.31 11.34 11.36 11.39 11.41 11.44
6.62 6.58 6.42 6.90 7.29 7.57 7.53 7.26 7.26 8.05 8.42 7.79 8.58 8.58 8.21 8.53 8.68 8.83 8.93 9.01 8.93 8.73 8.74 8.74 9.18 9.49 9.54 9.60 9.65 9.72 9.78 9.85 9.91 9.97 10.04 10.09 10.14 10.20 10.26 10.30 10.35 10.39 10.43 10.47 10.51 10.54 10.58 10.61 10.64 10.67 10.70 10.73 10.75 10.79 10.80 10.83 10.86 10.88 10.89 10.89 10.89 10.91 10.92 10.94 10.95 10.98 11.00 11.03 11.05 11.08 11.10 11.12 11.16 11.18 11.21 11.24 11.26 11.29 11.32 11.34 11.37 11.39 11.42 11.45
6.21 6.49 6.60 6.85 7.29 7.82 8.05 7.57 8.18 7.52 7.61 8.55 8.20 8.18 8.52 8.65 8.68 8.78 8.73 8.86 8.86 8.72 8.72 8.70 9.49 9.54 9.60 9.65 9.71 9.77 9.83 9.89 9.95 10.02 10.08 10.13 10.19 10.24 10.29 10.34 10.38 10.43 10.47 10.51 10.55 10.58 10.62 10.64 10.68 10.71 10.74 10.76 10.79 10.81 10.84 10.86 10.89 10.91 10.90 10.90 10.90 10.91 10.92 10.94 10.96 10.99 11.00 11.03 11.05 11.09 11.11 11.13 11.16 11.19 11.21 11.24 11.27 11.29 11.32 11.35 11.38 11.40 11.43 11.45
6.36 6.32 6.62 6.99 7.15 7.86 7.08 8.36 7.94 7.63 7.64 8.36 7.82 7.83 8.14 8.47 8.62 8.76 8.82 8.84 8.85 8.75 8.73 9.49 9.54 9.59 9.65 9.70 9.77 9.82 9.89 9.95 10.01 10.07 10.13 10.19 10.23 10.29 10.34 10.39 10.43 10.48 10.51 10.55 10.59 10.63 10.66 10.69 10.72 10.74 10.78 10.80 10.83 10.85 10.88 10.90 10.92 10.93 10.91 10.91 10.91 10.91 10.93 10.95 10.96 10.99 11.01 11.04 11.06 11.08 11.11 11.14 11.17 11.19 11.22 11.25 11.27 11.30 11.33 11.35 11.38 11.41 11.43 11.46
6.27 6.47 6.41 6.90 6.73 7.54 8.08 7.45 7.37 7.31 7.58 7.77 8.23 7.76 8.04 8.33 8.59 8.76 8.73 8.89 8.83 8.82 8.75 9.54 9.59 9.64 9.70 9.77 9.83 9.89 9.96 10.01 10.07 10.13 10.19 10.24 10.30 10.34 10.39 10.44 10.48 10.53 10.56 10.60 10.64 10.68 10.70 10.73 10.77 10.79 10.82 10.85 10.87 10.90 10.92 10.94 10.96 10.93 10.92 10.92 10.92 10.92 10.94 10.96 10.97 10.99 11.02 11.04 11.07 11.09 11.12 11.14 11.18 11.20 11.22 11.25 11.28 11.30 11.34 11.36 11.38 11.41 11.44 11.46
6.26 6.41 6.40 6.63 6.82 7.45 7.98 7.94 7.91 7.71 7.65 7.62 8.03 8.08 8.03 8.41 8.50 8.76 8.66 8.60 8.97 8.66 9.52 9.59 9.65 9.71 9.78 9.84 9.90 9.96 10.03 10.08 10.14 10.20 10.25 10.30 10.36 10.41 10.46 10.50 10.54 10.58 10.62 10.66 10.70 10.73 10.75 10.79 10.82 10.84 10.87 10.90 10.92 10.95 10.97 10.99 10.98 10.96 10.93 10.93 10.93 10.93 10.94 10.95 10.98 10.99 11.02 11.04 11.07 11.09 11.13 11.15 11.17 11.20 11.23 11.25 11.29 11.31 11.33 11.37 11.39 11.41 11.45 11.47
6.17 6.52 6.75 6.85 6.94 7.47 7.76 7.29 7.95 7.54 7.77 7.59 7.88 7.90 8.18 8.34 8.27 8.63 8.76 8.59 8.57 9.56 9.60 9.65 9.72 9.78 9.85 9.92 9.98 10.04 10.10 10.15 10.22 10.27 10.33 10.38 10.43 10.48 10.52 10.56 10.61 10.64 10.69 10.72 10.76 10.79 10.82 10.85 10.88 10.90 10.92 10.96 10.98 11.00 11.02 11.03 11.00 10.96 10.94 10.94 10.94 10.94 10.95 10.96 10.98 11.01 11.03 11.05 11.08 11.10 11.13 11.15 11.18 11.21 11.23 11.26 11.29 11.32 11.34 11.37 11.40 11.42 11.44 11.48
6.27 6.38 6.68 6.75 7.19 7.27 7.59 7.42 7.87 7.81 7.73 7.78 7.79 7.76 8.07 8.25 8.24 8.60 8.86 9.18 9.58 9.54 9.68 9.73 9.80 9.87 9.93 10.00 10.06 10.12 10.18 10.24 10.29 10.35 10.40 10.45 10.50 10.55 10.60 10.63 10.68 10.72 10.75 10.79 10.82 10.85 10.89 10.91 10.94 10.96 11.00 11.02 11.04 11.06 11.08 11.06 11.02 10.99 10.96 10.95 10.95 10.94 10.96 10.97 10.99 11.01 11.03 11.05 11.08 11.10 11.14 11.16 11.18 11.22 11.24 11.26 11.29 11.32 11.34 11.37 11.40 11.43 11.45 11.47
6.27 6.35 6.80 6.82 7.01 7.52 7.42 7.69 7.58 7.61 7.74 7.77 7.84 7.94 7.83 7.84 8.06 8.70 9.20 9.41 9.71 9.74 9.78 9.83 9.88 9.95 10.02 10.09 10.15 10.21 10.27 10.33 10.38 10.44 10.48 10.53 10.58 10.62 10.67 10.71 10.76 10.79 10.83 10.86 10.90 10.93 10.95 10.99 11.01 11.04 11.06 11.08 11.11 11.13 11.13 11.08 11.03 11.00 10.97 10.96 10.95 10.95 10.96 10.97 10.99 11.01 11.04 11.06 11.09 11.11 11.13 11.16 11.19 11.21 11.24 11.27 11.29 11.33 11.35 11.37 11.41 11.43 11.45 11.48
6.51 6.73 6.88 6.97 7.17 7.38 7.51 7.48 7.28 7.59 7.52 7.74 7.70 7.87 7.94 7.92 8.03 8.12 9.37 8.91 9.49 9.75 9.82 9.92 9.98 10.05 10.11 10.17 10.24 10.29 10.35 10.41 10.46 10.52 10.57 10.61 10.67 10.71 10.75 10.80 10.83 10.87 10.91 10.94 10.97 11.00 11.03 11.06 11.09 11.11 11.13 11.16 11.18 11.19 11.16 11.09 11.04 11.01 10.98 10.96 10.96 10.96 10.97 10.99 11.00 11.01 11.04 11.06 11.09 11.11 11.14 11.17 11.19 11.22 11.25 11.27 11.30 11.33 11.36 11.38 11.40 11.43 11.46 11.48
6.50 6.49 6.57 6.98 7.10 7.20 7.38 7.25 7.45 7.50 7.68 7.94 7.84 7.97 8.24 8.60 9.12 8.64 8.40 8.52 9.26 9.89 9.95 10.01 10.07 10.14 10.20 10.26 10.33 10.38 10.44 10.50 10.55 10.61 10.65 10.70 10.75 10.79 10.83 10.87 10.91 10.95 10.99 11.02 11.05 11.08 11.11 11.14 11.16 11.19 11.22 11.24 11.26 11.25 11.18 11.11 11.05 11.01 10.99 10.97 10.97 10.97 10.97 10.99 11.00 11.03 11.05 11.06 11.10 11.12 11.14 11.17 11.20 11.22 11.25 11.28 11.30 11.34 11.36 11.38 11.41 11.43 11.47 11.49
6.27 6.79 6.91 6.83 7.08 7.22 7.16 7.26 7.43 7.77 8.32 7.87 8.31 7.94 8.16 8.61 9.27 8.39 8.05 8.47 9.10 9.87 10.03 10.10 10.17 10.22 10.29 10.35 10.41 10.47 10.53 10.58 10.63 10.68 10.74 10.79 10.83 10.88 10.92 10.96 10.99 11.03 11.07 11.11 11.13 11.17 11.19 11.22 11.25 11.27 11.30 11.32 11.33 11.27 11.19 11.12 11.05 11.02 10.99 10.98 10.97 10.98 10.98 11.00 11.01 11.03 11.05 11.07 11.10 11.12 11.14 11.18 11.20 11.22 11.26 11.28 11.31 11.33 11.36 11.39 11.41 11.44 11.46 11.49
6.56 6.68 6.86 6.85 7.05 7.54 7.31 7.57 7.84 8.22 8.69 8.96 9.05 9.14 9.23 9.31 9.42 8.88 8.86 9.74 9.83 10.04 10.11 10.18 10.25 10.32 10.38 10.44 10.49 10.56 10.61 10.67 10.72 10.77 10.82 10.87 10.92 10.96 11.01 11.04 11.08 11.12 11.15 11.19 11.22 11.26 11.28 11.31 11.33 11.36 11.39 11.40 11.38 11.29 11.19 11.12 11.06 11.03 11.00 10.98 10.97 10.98 10.99 11.00 11.01 11.03 11.05 11.08 11.10 11.12 11.16 11.18 11.20 11.23 11.26 11.29 11.31 11.33 11.37 11.39 11.42 11.44 11.46 11.49
6.48 6.61 6.60 6.69 7.11 7.84 8.03 8.12 8.43 8.53 8.42 8.70 8.78 8.66 8.33 8.65 8.95 9.73 9.67 9.81 10.03 10.12 10.19 10.26 10.33 10.40 10.46 10.53 10.58 10.64 10.70 10.75 10.80 10.85 10.90 10.95 10.99 11.04 11.09 11.12 11.17 11.20 11.24 11.27 11.30 11.34 11.37 11.39 11.42 11.44 11.47 11.47 11.40 11.29 11.19 11.12 11.06 11.03 11.01 10.98 10.98 10.98 10.99 11.00 11.02 11.04 11.05 11.08 11.10 11.13 11.16 11.18 11.21 11.23 11.26 11.29 11.31 11.34 11.36 11.40 11.42 11.44 11.47 11.49
6.25 6.81 6.62 7.05 7.06 7.79 7.41 7.70 7.87 8.20 8.75 8.83 8.55 9.02 9.33 9.22 9.53 9.77 9.48 10.01 10.10 10.19 10.27 10.34 10.41 10.48 10.54 10.60 10.66 10.71 10.77 10.83 10.88 10.92 10.98 11.02 11.08 11.12 11.16 11.20 11.24 11.29 11.32 11.35 11.38 11.42 11.45 11.48 11.51 11.53 11.55 11.51 11.40 11.29 11.19 11.12 11.07 11.02 11.00 10.98 10.98 10.98 10.99 11.00 11.02 11.04 11.06 11.09 11.11 11.13 11.16 11.18 11.21 11.23 11.27 11.29 11.32 11.34 11.36 11.39 11.42 11.45 11.47 11.50
6.40 6.60 6.68 6.89 7.05 7.71 7.11 7.26 7.52 7.74 8.04 8.91 8.93 9.18 9.24 9.39 9.62 9.74 9.93 10.04 10.16 10.25 10.34 10.41 10.48 10.54 10.61 10.66 10.73 10.79 10.83 10.89 10.94 10.99 11.05 11.10 11.14 11.19 11.23 11.28 11.32 11.36 11.39 11.43 11.47 11.50 11.53 11.56 11.59 11.62 11.62 11.52 11.38 11.27 11.18 11.11 11.06 11.03 11.00 10.99 10.98 10.99 10.99 11.01 11.02 11.04 11.07 11.09 11.11 11.13 11.16 11.19 11.21 11.23 11.27 11.29 11.32 11.34 11.37 11.39 11.43 11.45 11.48 11.50
6.47 6.80 6.87 7.01 7.44 7.64 7.51 7.20 7.50 7.71 8.08 8.88 8.51 8.88 9.13 9.32 9.56 9.64 9.95 10.10 10.23 10.32 10.40 10.47 10.55 10.61 10.67 10.73 10.78 10.85 10.90 10.96 11.01 11.05 11.11 11.16 11.20 11.25 11.30 11.35 11.39 11.43 11.47 11.51 11.54 11.58 11.61 11.64 11.67 11.69 11.63 11.50 11.36 11.26 11.17 11.10 11.05 11.02 11.00 10.99 10.99 10.99 10.99 11.01 11.02 11.04 11.07 11.09 11.11 11.13 11.16 11.19 11.21 11.24 11.27 11.30 11.32 11.35 11.37 11.39 11.42 11.45 11.48 11.50
6.49 6.72 7.04 7.22 7.06 7.63 7.45 7.08 7.56 7.64 7.87 8.24 8.41 8.72 9.07 9.33 9.61 9.86 10.02 10.16 10.28 10.29 10.46 10.53 10.60 10.65 10.71 10.77 10.83 10.89 10.95 11.00 11.06 11.11 11.16 11.22 11.27 11.32 11.37 11.40 11.45 11.49 11.53 11.57 11.61 11.65 11.68 11.72 11.75 11.73 11.61 11.47 11.34 11.23 11.16 11.09 11.05 11.01 10.99 10.98 10.98 10.98 11.00 11.01 11.02 11.05 11.07 11.09 11.11 11.14 11.16 11.19 11.21 11.24 11.27 11.30 11.32 11.35 11.37 11.40 11.42 11.45 11.47 11.51
6.53 6.88 7.02 7.02 7.11 7.18 7.45 7.11 7.49 7.47 7.73 8.07 8.35 8.72 9.14 9.33 9.66 9.89 10.05 10.20 10.30 10.30 10.49 10.57 10.63 10.69 10.75 10.81 10.87 10.93 10.99 11.04 11.11 11.16 11.21 11.26 11.31 11.37 11.41 11.46 11.50 11.55 11.59 11.64 11.68 11.71 11.74 11.78 11.80 11.73 11.58 11.43 11.31 11.21 11.13 11.08 11.04 11.01 10.99 10.98 10.98 10.99 10.99 11.01 11.03 11.05 11.07 11.09 11.12 11.14 11.16 11.19 11.21 11.24 11.27 11.30 11.32 11.35 11.37 11.40 11.42 11.45 11.47 11.50
6.67 6.90 6.97 7.13 7.44 7.19 7.47 7.40 7.29 7.38 7.63 7.99 8.37 8.93 9.46 9.61 9.74 9.81 10.07 10.22 10.24 10.44 10.51 10.59 10.65 10.71 10.78 10.83 10.90 10.96 11.02 11.07 11.13 11.19 11.24 11.29 11.35 11.40 11.45 11.50 11.55 11.60 11.64 11.68 11.73 11.77 11.80 11.84 11.83 11.69 11.53 11.39 11.28 11.19 11.12 11.07 11.02 10.99 10.98 10.97 10.98 10.98 10.99 11.01 11.03 11.04 11.06 11.10 11.12 11.14 11.16 11.19 11.21 11.25 11.27 11.30 11.32 11.35 11.37 11.40 11.42 11.45 11.47 11.50
6.71 6.88 6.97 7.09 7.41 7.22 7.26 7.43 7.07 7.32 7.49 8.08 8.65 9.09 9.40 9.56 9.77 9.86 9.90 10.07 10.33 10.43 10.52 10.58 10.66 10.72 10.79 10.85 10.91 10.98 11.04 11.10 11.16 11.21 11.26 11.33 11.38 11.43 11.48 11.54 11.59 11.63 11.68 11.72 11.77 11.81 11.85 11.87 11.80 11.63 11.48 11.35 11.25 11.16 11.10 11.05 11.02 10.99 10.97 10.97 10.97 10.98 11.00 11.01 11.02 11.04 11.06 11.09 11.12 11.14 11.16 11.19 11.21 11.25 11.27 11.30 11.32 11.35 11.37 11.40 11.42 11.45 11.47 11.50
6.68 6.93 7.09 7.29 7.37 7.46 7.25 6.90 6.97 7.38 7.47 8.09 8.81 9.18 9.40 9.58 9.76 9.91 10.04 10.18 10.30 10.41 10.50 10.57 10.65 10.71 10.79 10.85 10.91 10.98 11.04 11.10 11.16 11.22 11.29 11.34 11.39 11.46 11.51 11.56 11.61 11.66 11.71 11.76 11.80 11.85 11.89 11.88 11.73 11.56 11.42 11.30 11.21 11.13 11.07 11.03 11.00 10.97 10.97 10.96 10.96 10.98 10.99 11.00 11.02 11.05 11.07 11.09 11.11 11.14 11.16 11.19 11.21 11.25 11.27 11.30 11.32 11.35 11.37 11.40 11.43 11.45 11.48 11.50
6.61 6.99 7.20 7.02 7.32 7.22 7.53 6.76 7.56 7.36 7.59 8.09 8.82 9.27 9.47 9.61 9.73 9.88 10.02 10.14 10.26 10.37 10.46 10.55 10.63 10.70 10.77 10.84 10.90 10.97 11.04 11.10 11.16 11.22 11.29 11.35 11.40 11.47 11.52 11.57 11.63 11.68 11.73 11.78 11.83 11.87 11.90 11.81 11.65 11.49 11.37 11.26 11.17 11.10 11.05 11.02 10.99 10.97 10.96 10.96 10.96 10.97 10.98 11.01 11.03 11.05 11.07 11.09 11.11 11.14 11.16 11.20 11.22 11.25 11.27 11.30 11.32 11.35 11.37 11.40 11.42 11.45 11.48 11.50
6.84 6.80 7.01 7.23 7.18 7.04 6.99 7.60 7.96 8.07 7.80 7.89 8.84 9.29 9.44 9.57 9.71 9.84 9.98 10.10 10.22 10.32 10.42 10.51 10.59 10.67 10.74 10.82 10.89 10.96 11.02 11.09 11.15 11.22 11.29 11.35 11.40 11.46 11.53 11.58 11.63 11.69 11.74 11.80 11.84 11.88 11.87 11.72 11.57 11.42 11.30 11.21 11.13 11.07 11.03 10.99 10.96 10.96 10.95 10.95 10.95 10.96 10.99 11.00 11.02 11.04 11.06 11.09 11.11 11.13 11.17 11.19 11.22 11.24 11.27 11.30 11.32 11.35 11.37 11.40 11.42 11.45 11.48 11.50
6.76 6.87 6.85 6.99 6.93 6.98 7.30 7.89 8.43 7.61 7.61 8.44 8.89 9.19 9.37 9.55 9.68 9.80 9.93 10.05 10.18 10.28 10.37 10.47 10.55 10.63 10.71 10.79 10.86 10.93 11.00 11.07 11.14 11.20 11.27 11.34 11.40 11.46 11.51 11.58 11.63 11.69 11.75 11.80 11.85 11.88 11.78 11.62 11.48 11.35 11.24 11.16 11.09 11.04 10.99 10.97 10.95 10.94 10.94 10.95 10.95 10.97 10.98 11.00 11.02 11.04 11.06 11.09 11.12 11.14 11.17 11.19 11.22 11.24 11.27 11.29 11.32 11.35 11.37 11.40 11.42 11.45 11.46 11.49
6.74 6.84 6.91 7.18 6.39 6.38 7.31 7.98 8.46 8.07 7.75 8.53 9.03 9.26 9.39 9.52 9.64 9.77 9.89 10.01 10.13 10.23 10.32 10.42 10.51 10.59 10.68 10.75 10.83 10.90 10.97 11.05 11.11 11.18 11.25 11.31 11.37 11.44 11.50 11.56 11.62 11.68 11.74 11.79 11.83 11.82 11.67 11.52 11.39 11.28 11.19 11.12 11.06 11.01 10.97 10.95 10.94 10.93 10.93 10.94 10.94 10.96 10.97 10.99 11.02 11.04 11.06 11.09 11.11 11.14 11.16 11.19 11.21 11.24 11.27 11.29 11.32 11.34 11.37 11.40 11.41 11.45 11.46 11.49
6.82 6.86 6.91 6.97 6.05 6.36 7.15 7.72 8.49 8.77 8.24 8.96 9.11 9.26 9.36 9.49 9.60 9.73 9.85 9.97 10.08 10.18 10.28 10.38 10.46 10.55 10.62 10.71 10.79 10.86 10.94 11.01 11.07 11.14 11.22 11.28 11.35 11.41 11.47 11.54 11.60 11.66 11.72 11.78 11.80 11.71 11.56 11.43 11.31 11.21 11.13 11.06 11.02 10.98 10.95 10.93 10.92 10.91 10.93 10.93 10.94 10.96 10.97 10.99 11.01 11.04 11.06 11.08 11.11 11.13 11.16 11.19 11.21 11.24 11.26 11.29 11.32 11.34 11.37 11.38 11.41 11.44 11.46 11.49
6.74 6.75 6.84 7.12 6.79 6.98 7.38 7.66 8.69 8.58 8.81 8.69 9.12 9.23 9.34 9.46 9.58 9.69 9.81 9.92 10.02 10.13 10.22 10.32 10.41 10.50 10.58 10.66 10.74 10.82 10.89 10.97 11.04 11.11 11.18 11.24 11.31 11.38 11.45 11.51 11.57 11.63 11.70 11.74 11.71 11.58 11.45 11.32 11.23 11.15 11.08 11.02 10.98 10.95 10.93 10.92 10.91 10.91 10.91 10.92 10.93 10.95 10.97 10.99 11.01 11.03 11.05 11.08 11.10 11.13 11.16 11.18 11.21 11.23 11.26 11.29 11.31 11.34 11.36 11.38 11.41 11.43 11.46 11.48
6.74 6.79 6.72 6.71 7.89 7.87 8.03 8.38 8.64 8.75 8.65 8.73 9.11 9.21 9.32 9.43 9.54 9.66 9.77 9.87 9.98 10.08 10.17 10.27 10.35 10.45 10.53 10.61 10.69 10.76 10.84 10.92 10.99 11.06 11.14 11.20 11.27 11.34 11.40 11.47 11.54 11.60 11.66 11.68 11.59 11.46 11.34 11.23 11.16 11.08 11.02 10.98 10.94 10.92 10.90 10.89 10.89 10.89 10.91 10.92 10.93 10.95 10.97 10.99 11.01 11.03 11.05 11.07 11.11 11.12 11.15 11.18 11.20 11.23 11.26 11.28 11.31 11.34 11.36 11.38 11.40 11.43 11.46 11.48
7.25 6.41 6.56 6.72 7.75 8.14 8.35 8.62 8.49 8.81 8.71 8.99 9.10 9.19 9.30 9.40 9.51 9.62 9.73 9.83 9.93 10.03 10.12 10.22 10.30 10.38 10.47 10.55 10.63 10.71 10.79 10.86 10.94 11.01 11.08 11.15 11.22 11.28 11.36 11.43 11.49 11.56 11.60 11.57 11.45 11.34 11.24 11.15 11.09 11.03 10.98 10.94 10.91 10.89 10.88 10.88 10.88 10.88 10.89 10.90 10.92 10.94 10.96 10.98 11.00 11.03 11.05 11.08 11.10 11.13 11.15 11.17 11.20 11.23 11.25 11.28 11.30 11.33 11.36 11.37 11.40 11.43 11.45 11.48
7.76 7.10 6.79 7.28 8.11 8.27 8.52 8.63 8.61 8.76 8.90 8.98 9.08 9.18 9.27 9.38 9.48 9.59 9.68 9.78 9.88 9.97 10.07 10.15 10.24 10.32 10.41 10.49 10.57 10.65 10.72 10.81 10.88 10.95 11.02 11.10 11.17 11.24 11.31 11.37 11.44 11.50 11.52 11.43 11.32 11.23 11.14 11.08 11.01 10.97 10.93 10.90 10.88 10.87 10.86 10.86 10.87 10.87 10.89 10.90 10.91 10.94 10.95 10.97 11.00 11.02 11.05 11.07 11.10 11.12 11.15 11.17 11.19 11.22 11.25 11.27 11.30 11.33 11.35 11.37 11.40 11.42 11.45 11.47
7.59 7.86 6.79 7.21 7.93 8.40 8.51 8.62 8.73 8.80 8.88 8.98 9.07 9.17 9.26 9.35 9.45 9.55 9.65 9.75 9.83 9.93 10.02 10.11 10.19 10.28 10.36 10.44 10.51 10.59 10.66 10.74 10.81 10.88 10.96 11.03 11.10 11.17 11.24 11.31 11.38 11.42 11.39 11.29 11.20 11.12 11.05 11.00 10.95 10.91 10.88 10.86 10.85 10.84 10.84 10.84 10.85 10.86 10.87 10.89 10.91 10.93 10.95 10.97 11.00 11.02 11.04 11.07 11.09 11.12 11.15 11.17 11.20 11.22 11.24 11.27 11.30 11.32 11.34 11.37 11.39 11.42 11.44 11.46
7.66 7.88 8.05 7.71 7.68 8.32 8.47 8.46 8.71 8.79 8.88 8.97 9.06 9.15 9.25 9.33 9.43 9.52 9.61 9.70 9.80 9.88 9.96 10.05 10.13 10.22 10.29 10.37 10.45 10.52 10.60 10.67 10.74 10.82 10.90 10.97 11.04 11.11 11.18 11.24 11.31 11.32 11.25 11.17 11.09 11.03 10.97 10.93 10.89 10.86 10.84 10.83 10.82 10.82 10.82 10.83 10.84 10.85 10.87 10.88 10.90 10.92 10.94 10.97 10.99 11.02 11.04 11.06 11.09 11.11 11.14 11.17 11.19 11.21 11.24 11.26 11.29 11.32 11.33 11.36 11.39 11.41 11.44 11.46
7.66 7.61 7.10 8.15 7.06 7.73 8.20 8.48 8.59 8.76 8.86 8.95 9.05 9.14 9.23 9.32 9.41 9.49 9.58 9.67 9.75 9.84 9.91 10.00 10.08 10.16 10.23 10.31 10.39 10.46 10.54 10.60 10.68 10.75 10.82 10.89 10.96 11.03 11.11 11.18 11.22 11.19 11.12 11.05 10.99 10.94 10.90 10.87 10.84 10.82 10.81 10.80 10.80 10.80 10.81 10.81 10.82 10.84 10.85 10.87 10.90 10.92 10.94 10.96 10.98 11.01 11.04 11.06 11.09 11.11 11.13 11.16 11.19 11.20 11.23 11.26 11.28 11.30 11.33 11.35 11.38 11.41 11.42 11.45
7.20 6.54 6.34 7.91 8.02 8.00 7.90 8.51 8.60 8.75 8.85 8.95 9.04 9.13 9.22 9.30 9.39 9.47 9.55 9.64 9.72 9.79 9.87 9.95 10.03 10.10 10.17 10.25 10.32 10.39 10.47 10.53 10.61 10.68 10.75 10.82 10.89 10.97 11.04 11.10 11.11 11.06 11.01 10.96 10.90 10.87 10.84 10.81 10.80 10.78 10.78 10.78 10.78 10.78 10.79 10.80 10.81 10.83 10.85 10.87 10.89 10.91 10.93 10.96 10.97 11.00 11.03 11.05 11.08 11.11 11.13 11.15 11.18 11.21 11.22 11.25 11.28 11.30 11.32 11.35 11.38 11.39 11.42 11.45
