main/data/pressure/23.02.2023.grid
ncols 886
nrows 691
xllcenter 112.0000
yllcenter -44.5000
cellsize 0.0500
nodata_value 99999.90
[rows 306 to 339 of 691, columns 77 to 153 of 886]
20.49 20.57 20.54 20.34 20.34 20.62 20.61 20.83 20.93 20.99 21.05 21.01 21.05 21.13 21.09 21.20 21.28 21.33 21.39 21.42 21.46 21.49 21.53 21.60 21.68 21.73 21.77 21.81 21.83 21.84 21.88 21.91 21.84 21.87 22.01 22.17 22.17 22.11 22.15 22.31 22.42 22.50 22.54 22.60 22.68 22.73 22.78 22.77 22.64 22.49 22.70 22.95 23.07 23.11 23.15 23.15 23.14 23.11 23.08 23.29 23.49 23.36 23.14 23.37 23.66 23.77 23.83 23.88 23.91 23.92 23.91 23.94 23.95 23.97 23.99 23.98 24.02
20.24 20.44 20.45 20.51 20.31 20.58 20.49 20.67 20.56 20.82 20.85 20.94 20.93 21.00 21.01 21.08 21.18 21.24 21.31 21.38 21.41 21.40 21.42 21.47 21.57 21.68 21.73 21.76 21.77 21.79 21.76 21.90 21.83 21.86 21.98 22.12 22.23 22.14 22.16 22.27 22.37 22.45 22.49 22.54 22.61 22.68 22.75 22.80 22.83 22.87 22.93 22.91 23.05 23.10 23.14 23.13 23.05 23.28 23.26 23.46 23.50 23.53 23.43 23.56 23.74 23.79 23.88 23.92 23.95 23.98 23.99 24.01 23.98 23.97 24.04 24.08 24.15
20.37 20.41 20.39 20.48 20.51 20.54 20.56 20.53 20.48 20.55 20.52 20.74 21.01 21.01 20.90 20.98 21.06 21.15 21.22 21.29 21.34 21.35 21.37 21.35 21.34 21.61 21.68 21.73 21.77 21.81 21.86 21.89 21.92 21.96 22.01 22.10 22.22 22.17 22.14 22.15 22.34 22.41 22.43 22.47 22.52 22.61 22.70 22.77 22.81 22.82 22.87 22.96 23.01 23.05 23.03 22.90 23.12 23.27 23.43 23.49 23.46 23.27 23.12 23.49 23.69 23.78 23.90 23.96 23.99 24.02 24.02 24.03 24.02 23.96 24.04 24.13 24.14
20.26 20.33 20.37 20.42 20.42 20.46 20.53 20.59 20.58 20.58 20.43 20.58 20.86 21.06 20.84 20.91 20.99 21.05 21.09 21.16 21.28 21.30 21.35 21.32 20.93 21.37 21.61 21.66 21.72 21.72 21.77 21.84 21.84 21.89 21.94 22.10 22.24 22.07 22.15 22.25 22.40 22.37 22.37 22.41 22.43 22.56 22.67 22.72 22.70 22.70 22.79 22.99 22.96 22.99 22.65 23.14 23.23 23.26 23.38 23.48 23.52 23.48 23.54 23.61 23.68 23.76 23.91 23.98 24.04 24.04 24.04 24.03 24.03 24.03 24.11 24.21 24.28
20.21 20.19 20.20 20.37 20.39 20.40 20.42 20.46 20.50 20.51 20.51 20.48 20.65 20.82 20.85 20.86 20.95 21.00 20.85 21.05 21.16 21.24 21.08 21.20 21.13 21.30 21.52 21.57 21.62 21.67 21.71 21.78 21.84 21.95 22.07 22.18 22.21 22.20 22.30 22.41 22.42 22.42 22.43 22.46 22.50 22.60 22.71 22.77 22.62 22.59 22.87 22.96 22.76 22.94 23.04 22.86 22.97 23.14 23.34 23.46 23.53 23.58 23.60 23.58 23.63 23.74 23.89 23.97 24.04 24.07 24.05 24.00 23.95 24.05 24.19 24.30 24.37
20.19 20.15 20.22 20.32 20.32 20.33 20.33 20.33 20.32 20.37 20.42 20.40 20.53 20.54 20.62 20.65 20.89 20.98 20.93 21.10 21.14 21.13 21.19 21.25 21.26 21.34 21.47 21.56 21.57 21.65 21.70 21.78 21.89 22.04 22.14 22.12 22.18 22.17 22.37 22.37 22.44 22.50 22.55 22.56 22.60 22.69 22.77 22.88 22.86 22.74 22.86 22.83 22.72 22.89 22.27 23.08 22.96 23.23 23.33 23.44 23.50 23.57 23.61 23.63 23.57 23.64 23.80 23.84 24.06 24.05 24.01 23.97 23.95 24.08 24.25 24.36 24.41
20.06 20.08 20.16 20.24 20.18 20.05 20.24 20.24 20.15 20.06 20.21 20.39 20.52 20.61 20.62 20.72 20.89 20.96 20.88 21.13 21.14 20.99 21.00 21.29 21.36 21.42 21.53 21.60 21.65 21.72 21.81 21.89 21.98 22.13 22.15 22.14 22.15 22.03 22.47 22.47 22.52 22.61 22.68 22.69 22.75 22.84 22.93 22.94 22.89 22.69 22.27 21.99 22.38 22.72 22.82 23.13 22.91 23.10 23.21 23.38 23.45 23.49 23.55 23.65 23.58 23.60 23.80 23.96 24.06 24.02 23.92 23.96 24.08 24.18 24.29 24.36 24.43
19.97 19.99 20.06 20.06 20.12 19.95 19.99 20.22 20.34 20.26 20.42 20.53 20.53 20.63 20.79 20.86 20.97 21.04 21.07 21.17 21.24 21.18 21.38 21.42 21.45 21.46 21.57 21.66 21.72 21.81 21.94 22.00 22.07 22.18 22.19 22.23 22.31 22.45 22.52 22.55 22.61 22.69 22.76 22.80 22.90 22.96 22.97 22.99 22.98 22.84 22.48 21.70 22.38 22.85 22.75 23.19 23.11 23.13 23.03 23.30 23.40 23.45 23.42 23.51 23.56 23.73 23.86 23.97 24.01 23.94 23.82 23.96 24.10 24.14 24.22 24.33 24.40
19.96 20.02 20.03 20.07 20.02 19.79 19.34 20.20 20.40 20.48 20.54 20.52 20.52 20.68 20.77 20.91 21.00 21.06 21.13 21.20 21.28 21.33 21.35 21.36 21.46 21.50 21.59 21.73 21.80 21.90 22.01 22.09 22.17 22.24 22.29 22.34 22.45 22.53 22.57 22.62 22.69 22.77 22.84 22.91 22.90 23.03 23.04 23.07 23.09 23.11 23.20 22.95 22.92 23.18 23.12 22.93 23.32 23.28 23.22 23.35 23.43 23.32 23.29 23.40 23.55 23.83 23.74 23.96 24.02 23.93 23.86 23.94 24.01 23.96 24.07 24.24 24.32
19.79 19.99 19.91 20.06 20.07 20.00 20.25 20.30 20.39 20.43 20.54 20.60 20.65 20.73 20.83 20.92 21.02 21.08 21.14 21.23 21.27 21.34 21.41 21.42 21.48 21.53 21.61 21.75 21.87 21.97 22.07 22.15 22.19 22.26 22.36 22.44 22.51 22.56 22.62 22.69 22.75 22.83 22.89 22.81 22.71 22.86 22.95 23.06 23.06 23.19 23.22 23.18 23.18 23.28 23.31 23.35 23.35 23.38 23.29 23.20 23.55 23.28 23.30 23.61 23.84 23.76 23.84 23.92 24.02 23.93 23.83 23.85 23.88 23.78 23.97 24.07 24.13
19.68 19.81 20.01 20.09 20.14 20.17 20.22 20.30 20.37 20.45 20.53 20.60 20.69 20.77 20.84 20.92 21.00 21.07 21.14 21.17 21.23 21.20 21.33 21.44 21.53 21.62 21.70 21.81 21.91 22.02 20.58 22.19 22.26 22.33 22.41 22.49 22.55 22.60 22.67 22.74 22.81 22.83 22.74 22.45 22.43 22.73 22.89 22.96 23.00 23.11 23.20 23.25 23.28 23.30 23.36 23.39 23.39 23.46 23.39 23.20 23.52 23.70 23.76 23.81 23.86 23.76 23.62 23.81 23.98 23.92 23.83 23.71 23.76 23.78 23.85 23.98 23.96
19.73 19.81 19.92 19.97 20.09 20.13 20.21 20.26 20.32 20.36 20.36 20.52 20.64 20.70 20.70 20.69 20.91 20.80 21.11 21.12 21.23 21.14 21.22 21.47 21.60 21.71 21.80 21.86 21.94 22.07 22.15 22.21 22.33 22.40 22.45 22.51 22.58 22.64 22.71 22.74 22.80 22.85 22.84 22.82 22.81 22.83 22.90 22.91 22.91 22.98 23.10 23.21 23.29 23.34 23.40 23.42 23.47 23.52 23.57 23.67 23.69 23.75 23.82 23.84 23.85 23.84 23.76 23.77 23.83 23.85 23.82 23.69 23.72 23.79 23.82 23.80 23.75
19.76 19.82 19.89 19.96 20.05 20.09 20.12 20.17 20.25 20.23 20.09 20.40 20.59 20.66 20.70 20.54 20.75 20.94 21.02 20.83 21.24 21.32 21.43 21.58 21.67 21.76 21.85 21.92 22.00 22.09 22.18 22.26 22.33 22.40 22.46 22.53 22.59 22.65 22.70 22.76 22.81 22.84 22.87 22.86 22.88 22.89 22.90 22.86 22.86 22.94 23.04 23.12 23.17 23.24 23.32 23.44 23.49 23.55 23.61 23.51 23.67 23.76 23.77 23.72 23.77 23.84 23.76 23.68 23.66 23.71 23.66 23.60 23.64 23.63 23.48 23.52 23.50
19.72 19.80 19.87 19.95 20.03 20.07 20.06 20.04 20.15 20.21 20.13 20.39 20.55 20.65 20.66 20.46 21.00 21.12 21.25 21.32 21.38 21.43 21.54 21.63 21.71 21.79 21.87 21.95 22.02 22.10 22.13 22.23 22.31 22.38 22.47 22.53 22.60 22.66 22.72 22.77 22.82 22.85 22.87 22.87 22.87 22.89 22.91 22.82 22.85 22.98 23.02 23.06 23.07 23.14 23.20 23.30 23.41 23.49 23.58 23.65 23.68 23.63 23.66 23.69 23.76 23.77 23.70 23.60 23.54 23.55 23.49 23.41 23.50 23.47 23.41 23.39 23.29
19.68 19.76 19.85 19.93 20.00 20.07 20.05 20.01 20.07 20.09 20.04 20.28 20.44 20.58 20.74 20.89 21.06 21.15 21.23 21.28 21.38 21.46 21.55 21.61 21.70 21.79 21.86 21.95 21.74 21.88 22.06 22.20 22.26 22.32 22.39 22.50 22.56 22.63 22.70 22.76 22.81 22.85 22.88 22.89 22.89 22.89 22.89 22.85 22.91 23.04 23.07 23.09 23.10 23.21 23.18 23.09 23.34 23.48 23.60 23.66 23.64 23.62 23.65 23.71 23.75 23.72 23.63 23.51 23.42 23.36 23.35 23.34 23.38 23.36 23.33 23.29 23.12
19.65 19.67 19.78 19.70 19.87 20.05 20.04 20.06 20.12 20.16 20.16 20.25 20.38 20.52 20.70 20.93 21.02 21.12 21.20 21.24 21.25 21.41 21.52 21.60 21.66 21.77 21.68 21.41 20.76 21.43 21.94 22.17 22.24 22.14 22.30 22.45 22.51 22.52 22.59 22.69 22.78 22.85 22.88 22.91 22.91 22.92 22.93 22.95 23.03 23.10 23.16 23.20 23.24 23.30 23.31 23.36 23.51 23.61 23.66 23.67 23.64 23.67 23.73 23.77 23.78 23.72 23.61 23.44 23.40 23.33 23.23 23.22 23.22 23.21 23.17 23.13 22.97
19.61 19.59 19.51 19.36 19.64 19.91 20.11 20.15 20.21 20.26 20.27 20.33 20.42 20.53 20.72 20.94 21.02 21.08 21.15 21.21 21.25 21.36 21.44 21.50 21.57 21.66 21.61 21.45 21.30 21.57 21.92 22.11 22.18 22.19 22.27 22.36 22.39 22.33 22.38 22.58 22.70 22.78 22.87 22.90 22.93 22.95 22.99 23.03 23.09 23.17 23.23 23.30 23.35 23.43 23.46 23.53 23.60 23.67 23.70 23.72 23.73 23.74 23.77 23.74 23.73 23.73 23.63 23.52 23.43 23.33 23.24 23.19 23.14 23.07 23.01 22.96 22.84
19.59 19.59 19.58 19.57 19.64 19.82 19.96 20.16 20.20 20.22 20.24 20.15 20.36 20.54 20.74 20.93 21.02 21.06 21.10 21.20 21.26 21.30 21.29 21.41 21.52 21.65 21.70 21.74 21.87 21.87 22.02 22.08 22.12 22.14 22.21 22.26 22.31 22.36 22.38 22.51 22.64 22.72 22.83 22.88 22.91 22.95 23.01 23.06 23.13 23.19 23.26 23.27 23.34 23.42 23.50 23.56 23.62 23.67 23.73 23.76 23.77 23.80 23.80 23.56 23.50 23.68 23.61 23.56 23.41 23.31 23.20 23.15 23.06 22.94 22.86 22.81 22.74
19.58 19.60 19.62 19.66 19.73 19.88 20.03 20.10 20.15 20.21 20.23 20.23 20.34 20.53 20.75 20.93 21.01 21.08 21.14 21.21 21.17 20.58 21.07 21.42 21.56 21.70 21.78 21.84 21.91 21.95 22.00 22.04 22.06 22.09 22.12 22.15 22.19 22.24 22.33 22.46 22.58 22.69 22.78 22.86 22.90 22.94 22.98 23.00 23.02 23.09 23.16 23.20 23.26 23.34 23.43 23.52 23.59 23.63 23.67 23.72 23.78 23.81 23.74 23.42 23.34 23.53 23.51 23.41 23.28 23.17 23.10 23.04 22.97 22.88 22.82 22.79 22.77
19.54 19.59 19.64 19.70 19.76 19.87 19.93 19.99 20.09 20.18 20.22 20.28 20.34 20.52 20.78 20.92 21.00 21.10 21.16 21.23 21.27 21.09 21.28 21.50 21.61 21.68 21.74 21.80 21.89 21.97 21.97 22.00 22.02 22.04 22.04 22.04 22.06 22.08 22.25 22.42 22.54 22.63 22.72 22.81 22.90 22.95 22.97 22.96 22.95 22.99 23.04 23.07 23.13 23.24 23.36 23.47 23.58 23.61 23.59 23.67 23.75 23.79 23.80 23.66 23.55 23.55 23.46 23.30 23.24 23.14 23.08 23.01 22.98 22.95 22.91 22.86 22.85
19.51 19.57 19.65 19.68 19.71 19.77 19.85 19.93 20.01 20.10 20.20 20.23 20.19 20.44 20.77 20.91 20.98 21.07 21.15 21.22 21.29 21.35 21.43 21.49 21.55 21.61 21.66 21.74 21.83 21.92 21.95 21.97 21.99 22.00 22.01 22.00 21.98 21.99 22.16 22.38 22.47 22.55 22.65 22.77 22.89 22.95 22.96 22.94 22.91 22.92 22.91 22.85 23.02 23.17 23.26 23.40 23.52 23.58 23.60 23.62 23.66 23.72 23.78 23.76 23.69 23.61 23.52 23.41 23.32 23.24 23.15 23.08 23.04 23.01 22.97 22.92 22.90
19.46 19.54 19.63 19.65 19.63 19.68 19.79 19.89 19.99 20.05 20.21 20.35 20.02 20.31 20.80 20.89 20.95 21.02 21.12 21.20 21.24 21.29 21.36 21.42 21.47 21.50 21.56 21.66 21.74 21.89 21.92 21.96 21.98 22.00 22.02 22.00 21.94 21.87 22.09 22.27 22.36 22.43 22.56 22.74 22.86 22.95 22.97 22.93 22.90 22.92 22.95 23.02 23.07 23.14 23.13 23.31 23.44 23.52 23.58 23.55 23.55 23.62 23.70 23.75 23.74 23.67 23.60 23.51 23.42 23.33 23.23 23.15 23.10 23.05 23.01 22.97 22.94
19.43 19.52 19.59 19.60 19.58 19.62 19.74 19.86 20.00 20.12 20.24 20.37 20.32 20.52 20.79 20.85 20.88 20.93 21.00 21.08 21.13 21.22 21.29 21.35 21.39 21.43 21.50 21.58 21.69 21.84 21.91 21.95 21.99 22.01 22.03 22.06 22.09 22.08 22.14 22.21 22.26 22.36 22.53 22.68 22.82 22.95 22.97 22.95 22.94 22.98 23.04 23.11 23.16 23.18 23.16 23.27 23.37 23.44 23.47 23.47 23.47 23.52 23.56 23.60 23.69 23.71 23.65 23.58 23.46 23.35 23.26 23.18 23.11 23.05 23.00 22.97 22.96
19.40 19.48 19.56 19.58 19.54 19.59 19.72 19.85 20.05 20.16 20.09 20.33 20.53 20.68 20.76 20.79 20.81 20.80 20.77 20.85 20.99 21.13 21.21 21.28 21.32 21.36 21.42 21.50 21.62 21.78 21.87 21.94 21.98 21.98 21.97 21.98 21.99 21.98 22.14 22.17 22.26 22.40 22.54 22.63 22.79 22.94 22.96 22.98 23.01 23.08 23.12 23.13 23.17 23.23 23.27 23.32 23.36 23.38 23.39 23.42 23.40 23.48 23.49 23.50 23.59 23.62 23.60 23.56 23.42 23.30 23.26 23.17 23.09 23.01 22.97 22.94 22.96
19.39 19.45 19.52 19.58 19.62 19.66 19.74 19.90 20.05 19.94 19.63 20.20 20.57 20.65 20.69 20.74 20.76 20.73 20.57 20.64 20.88 21.02 21.12 21.19 21.24 21.27 21.32 21.38 21.49 21.67 21.83 21.91 21.94 21.96 21.97 21.98 21.96 21.99 22.09 22.16 22.28 22.42 22.55 22.67 22.80 22.92 22.97 23.02 23.13 23.28 23.23 23.08 23.05 23.12 23.27 23.31 23.33 23.37 23.42 23.48 23.51 23.53 23.53 23.52 23.53 23.54 23.53 23.47 23.35 23.24 23.16 23.07 22.97 22.91 22.90 22.91 22.94
19.35 19.43 19.52 19.59 19.68 19.71 19.74 19.82 20.06 20.01 19.72 20.45 20.53 20.58 20.63 20.68 20.74 20.77 20.80 20.84 20.82 20.89 21.03 21.12 21.17 21.19 21.23 21.29 21.33 21.55 21.74 21.87 21.89 21.92 21.97 22.01 21.98 21.99 22.07 22.16 22.29 22.44 22.58 22.70 22.82 22.90 22.98 23.01 23.07 23.26 23.33 23.03 22.97 22.98 23.17 23.28 23.30 23.37 23.45 23.52 23.56 23.57 23.57 23.56 23.51 23.49 23.48 23.40 23.28 23.14 23.03 22.89 22.80 22.79 22.88 22.90 22.88
19.31 19.43 19.51 19.57 19.64 19.67 19.71 19.83 20.04 20.17 20.15 20.41 20.45 20.49 20.55 20.60 20.61 20.60 20.74 20.81 20.85 20.90 21.01 21.10 21.15 21.19 21.23 21.26 21.30 21.48 21.68 21.82 21.86 21.90 21.94 21.99 21.97 21.99 22.08 22.19 22.30 22.43 22.56 22.67 22.78 22.88 22.97 23.01 23.00 23.08 23.12 23.11 23.11 23.02 23.13 23.18 23.23 23.39 23.48 23.50 23.51 23.55 23.58 23.59 23.57 23.54 23.51 23.43 23.28 23.10 22.97 22.83 22.77 22.82 22.86 22.82 22.74
19.29 19.42 19.47 19.47 19.56 19.63 19.68 19.80 20.00 20.15 20.29 20.33 20.33 20.36 20.45 20.54 20.54 20.32 20.73 20.82 20.88 20.96 21.03 21.10 21.16 21.22 21.26 21.26 21.26 21.43 21.62 21.73 21.84 21.88 21.89 21.90 21.92 21.96 22.07 22.22 22.28 22.41 22.51 22.61 22.71 22.84 22.97 23.03 23.06 23.08 23.05 23.06 23.08 23.07 23.12 23.19 23.29 23.47 23.54 23.49 23.42 23.52 23.59 23.63 23.63 23.61 23.57 23.51 23.32 23.13 22.99 22.88 22.82 22.83 22.81 22.72 22.58
19.24 19.37 19.41 19.42 19.51 19.62 19.72 19.85 20.00 20.14 20.23 20.11 19.94 20.17 20.38 20.49 20.54 20.57 20.74 20.83 20.89 20.96 21.02 21.09 21.12 21.17 21.18 21.25 21.29 21.38 21.51 21.63 21.74 21.86 21.86 21.84 21.86 21.91 21.99 22.08 22.20 22.34 22.45 22.55 22.67 22.80 22.94 23.02 23.08 23.13 23.12 23.11 23.11 23.08 23.17 23.29 23.42 23.52 23.55 23.52 23.49 23.55 23.62 23.66 23.67 23.64 23.58 23.49 23.33 23.15 23.00 22.89 22.84 22.82 22.81 22.75 22.68
19.18 19.28 19.30 19.31 19.47 19.63 19.76 19.88 20.00 20.13 20.19 20.05 19.51 20.02 20.34 20.48 20.57 20.66 20.76 20.81 20.87 20.92 20.99 21.05 21.08 21.13 21.07 21.08 21.22 21.32 21.41 21.53 21.65 21.78 21.81 21.78 21.81 21.86 21.93 21.96 22.14 22.29 22.40 22.50 22.64 22.79 22.92 22.99 23.03 23.13 23.18 23.21 23.12 22.98 23.23 23.38 23.50 23.54 23.57 23.55 23.54 23.60 23.67 23.70 23.69 23.66 23.59 23.49 23.33 23.16 23.00 22.87 22.86 22.84 22.84 22.81 22.79
19.08 19.19 19.24 19.30 19.47 19.62 19.74 19.86 19.98 20.07 20.08 19.93 19.77 20.03 20.29 20.45 20.57 20.67 20.73 20.78 20.82 20.86 20.93 20.98 21.02 21.01 20.87 20.92 21.20 21.32 21.38 21.47 21.57 21.74 21.85 21.84 21.85 21.87 21.97 22.12 22.20 22.29 22.41 22.52 22.66 22.80 22.91 22.99 23.06 23.13 23.22 23.24 23.21 23.36 23.42 23.48 23.50 23.51 23.58 23.60 23.61 23.67 23.72 23.73 23.72 23.67 23.59 23.49 23.35 23.20 23.07 22.93 22.86 22.89 22.89 22.86 22.86
18.89 19.06 19.26 19.37 19.52 19.63 19.70 19.81 19.96 19.99 20.03 20.02 20.02 20.11 20.28 20.43 20.57 20.65 20.71 20.76 20.77 20.80 20.84 20.89 20.98 21.03 21.01 21.10 21.30 21.34 21.38 21.43 21.51 21.72 21.88 21.90 21.85 21.95 21.84 22.18 22.29 22.32 22.44 22.57 22.70 22.84 22.96 23.04 23.12 23.15 23.19 23.29 23.26 23.35 23.47 23.54 23.42 23.37 23.58 23.66 23.71 23.74 23.77 23.75 23.73 23.68 23.59 23.50 23.41 23.28 23.14 23.06 22.98 22.97 22.95 22.89 22.86
18.48 18.98 19.35 19.45 19.55 19.64 19.70 19.80 19.91 19.93 19.99 20.07 20.12 20.19 20.32 20.44 20.54 20.62 20.68 20.74 20.79 20.82 20.83 20.84 21.01 21.11 21.16 21.25 21.32 21.36 21.40 21.49 21.61 21.76 21.94 21.96 21.67 21.01 21.44 22.17 22.39 22.49 22.55 22.65 22.77 22.89 23.03 23.11 23.20 23.08 23.26 23.38 23.42 23.49 23.53 23.50 23.13 23.18 23.51 23.68 23.76 23.78 23.78 23.74 23.70 23.65 23.56 23.49 23.46 23.42 23.23 23.15 23.06 23.03 23.00 22.97 22.94
18.86 19.13 19.33 19.45 19.52 19.61 19.68 19.77 19.83 19.82 19.94 20.05 20.14 20.22 20.33 20.40 20.44 20.54 20.62 20.70 20.79 20.85 20.91 21.02 21.09 21.18 21.21 21.27 21.25 21.34 21.42 21.55 21.67 21.74 21.95 22.13 22.06 21.83 21.91 22.42 22.52 22.62 22.72 22.78 22.84 22.90 23.06 23.13 23.21 23.29 23.35 23.42 23.48 23.54 23.58 23.62 23.46 23.46 23.62 23.73 23.79 23.80 23.75 23.69 23.64 23.61 23.54 23.47 23.45 23.47 23.35 23.23 23.14 23.10 23.10 23.13 23.17
