main/data/pressure/23.02.2023.grid
ncols 886
nrows 691
xllcenter 112.0000
yllcenter -44.5000
cellsize 0.0500
nodata_value 99999.90
[rows 170 to 203 of 691, columns 539 to 615 of 886]
30.54 30.56 30.56 30.55 30.54 30.54 30.53 30.52 30.49 30.48 30.47 30.43 30.43 30.41 30.39 30.36 30.30 30.19 30.08 29.96 29.84 29.71 29.59 29.48 29.39 29.30 29.21 29.10 29.00 28.88 28.80 28.72 28.64 28.61 28.59 28.61 28.64 28.61 28.58 28.56 28.50 28.47 28.46 28.44 28.43 28.40 28.39 28.39 28.38 28.36 28.33 28.31 28.29 28.27 28.25 28.22 28.18 28.15 28.12 28.11 28.08 28.06 28.02 27.97 27.96 27.91 27.88 27.84 27.78 27.65 27.38 27.49 27.44 27.15 26.99 26.93 26.83
30.37 30.44 30.40 30.46 30.44 30.43 30.46 30.45 30.45 30.41 30.42 30.38 30.37 30.35 30.33 30.26 30.14 30.03 29.92 29.78 29.67 29.57 29.45 29.34 29.25 29.15 29.09 29.01 28.91 28.83 28.75 28.69 28.60 28.54 28.53 28.57 28.58 28.54 28.50 28.48 28.47 28.44 28.41 28.39 28.38 28.36 28.36 28.35 28.33 28.32 28.30 28.27 28.24 28.24 28.19 28.17 28.14 28.11 28.08 28.04 28.00 27.97 27.94 27.90 27.88 27.84 27.80 27.77 27.72 27.66 27.42 27.45 27.40 27.11 26.94 26.72 26.48
30.07 30.21 30.27 30.35 30.35 30.37 30.38 30.37 30.37 30.36 30.35 30.31 30.32 30.30 30.22 30.10 29.98 29.86 29.75 29.61 29.50 29.39 29.29 29.21 29.11 29.04 28.97 28.86 28.76 28.71 28.64 28.58 28.54 28.52 28.54 28.54 28.51 28.47 28.43 28.42 28.41 28.39 28.37 28.35 28.32 28.31 28.31 28.31 28.28 28.26 28.25 28.23 28.21 28.18 28.14 28.11 28.08 28.05 28.00 27.97 27.92 27.90 27.88 27.83 27.80 27.76 27.74 27.70 27.62 27.44 27.39 27.48 27.35 27.19 26.94 26.36 26.55
29.76 30.14 30.18 30.25 30.27 30.28 30.30 30.29 30.28 30.29 30.27 30.27 30.27 30.17 30.06 29.93 29.82 29.71 29.55 29.43 29.30 29.18 29.07 29.02 28.96 28.89 28.85 28.78 28.66 28.59 28.50 28.46 28.43 28.48 28.49 28.46 28.43 28.41 28.37 28.35 28.34 28.34 28.32 28.29 28.27 28.26 28.26 28.25 28.23 28.21 28.19 28.17 28.16 28.14 28.07 28.03 28.01 27.99 27.95 27.91 27.86 27.83 27.80 27.76 27.73 27.69 27.66 27.62 27.56 27.48 27.49 27.38 27.28 27.20 27.06 26.94 26.85
29.58 29.82 29.95 30.15 30.17 30.24 30.18 30.21 30.24 30.21 30.22 30.20 30.16 30.02 29.87 29.76 29.66 29.53 29.38 29.26 29.14 28.99 28.88 28.86 28.82 28.77 28.72 28.67 28.57 28.49 28.43 28.42 28.38 28.43 28.40 28.38 28.36 28.34 28.31 28.28 28.28 28.29 28.26 28.23 28.21 28.20 28.20 28.20 28.18 28.15 28.13 28.12 28.09 28.06 28.03 27.99 27.95 27.92 27.86 27.84 27.80 27.77 27.73 27.69 27.64 27.60 27.56 27.54 27.50 27.46 27.38 27.16 27.18 27.17 26.98 26.86 26.82
29.86 29.95 29.96 29.93 30.08 30.14 30.13 30.10 30.09 30.11 30.11 30.09 30.00 29.86 29.71 29.57 29.50 29.36 29.20 29.09 28.97 28.83 28.75 28.75 28.70 28.64 28.59 28.55 28.49 28.42 28.39 28.39 28.39 28.36 28.33 28.30 28.27 28.27 28.24 28.22 28.21 28.20 28.21 28.17 28.15 28.14 28.14 28.14 28.12 28.09 28.07 28.05 28.03 28.00 27.95 27.91 27.89 27.86 27.78 27.76 27.72 27.69 27.64 27.60 27.57 27.53 27.48 27.43 27.42 27.37 27.30 27.24 27.15 27.14 26.80 26.72 26.74
29.47 29.47 29.60 29.93 30.07 30.00 30.00 29.95 29.97 30.01 30.02 29.97 29.86 29.70 29.57 29.44 29.33 29.21 29.04 28.94 28.83 28.70 28.63 28.60 28.56 28.52 28.45 28.42 28.37 28.33 28.31 28.32 28.30 28.28 28.26 28.22 28.19 28.18 28.17 28.16 28.17 28.16 28.14 28.11 28.08 28.09 28.07 28.06 28.06 28.03 27.99 27.98 27.96 27.92 27.88 27.86 27.82 27.79 27.74 27.69 27.65 27.61 27.57 27.51 27.49 27.45 27.40 27.35 27.32 27.27 27.23 27.16 27.11 27.10 26.94 26.88 26.80
29.50 29.76 29.85 29.97 29.93 29.84 29.81 29.75 29.86 29.87 29.88 29.77 29.49 29.47 29.33 29.16 29.09 29.06 28.89 28.77 28.67 28.55 28.50 28.46 28.43 28.39 28.33 28.30 28.26 28.21 28.21 28.21 28.21 28.19 28.17 28.15 28.12 28.10 28.09 28.11 28.08 28.08 28.06 28.04 28.02 28.02 28.01 28.00 27.98 27.96 27.93 27.90 27.89 27.87 27.82 27.79 27.75 27.70 27.67 27.62 27.58 27.54 27.49 27.42 27.40 27.37 27.32 27.29 27.24 27.20 27.15 27.11 27.06 27.02 26.95 26.88 26.82
29.83 29.84 29.72 29.70 29.69 29.59 29.61 29.67 29.73 29.71 29.68 29.02 29.16 29.21 29.13 29.00 28.92 28.89 28.76 28.61 28.52 28.44 28.37 28.32 28.29 28.25 28.20 28.16 28.12 28.11 28.12 28.12 28.12 28.10 28.08 28.05 28.03 28.02 28.02 28.03 28.00 27.99 27.98 27.97 27.96 27.95 27.94 27.92 27.90 27.89 27.86 27.83 27.81 27.81 27.77 27.72 27.67 27.64 27.60 27.56 27.50 27.46 27.42 27.38 27.34 27.29 27.23 27.22 27.17 27.11 27.05 27.03 26.99 26.89 26.70 26.80 26.73
29.66 29.40 29.34 29.47 29.46 29.47 29.42 29.55 29.50 29.51 29.42 29.20 29.10 29.06 28.96 28.85 28.75 28.64 28.62 28.47 28.37 28.31 28.24 28.20 28.18 28.13 28.06 28.00 27.98 27.98 28.00 28.00 28.02 28.01 27.99 27.98 27.95 27.92 27.95 27.93 27.93 27.90 27.89 27.90 27.89 27.88 27.86 27.84 27.82 27.81 27.80 27.77 27.73 27.72 27.70 27.66 27.61 27.56 27.54 27.50 27.45 27.38 27.34 27.31 27.26 27.20 27.15 27.11 27.06 27.02 26.98 26.93 26.88 26.86 26.79 26.74 26.66
29.46 29.05 29.24 28.68 29.22 29.31 29.32 29.23 28.68 28.90 29.18 28.90 28.82 28.86 28.78 28.66 28.57 28.49 28.44 28.29 28.20 28.15 28.11 28.08 28.04 28.02 27.95 27.88 27.86 27.87 27.89 27.88 27.88 27.92 27.90 27.89 27.86 27.88 27.87 27.86 27.85 27.83 27.83 27.83 27.81 27.80 27.79 27.77 27.74 27.73 27.71 27.69 27.65 27.62 27.61 27.58 27.56 27.51 27.46 27.42 27.38 27.30 27.26 27.23 27.17 27.12 27.09 27.02 26.99 26.93 26.87 26.84 26.78 26.74 26.69 26.62 26.56
29.25 29.13 28.91 28.52 28.81 28.99 29.16 28.64 28.80 28.80 28.89 28.32 28.41 28.57 28.56 28.45 28.37 28.29 28.23 28.23 28.16 28.05 27.97 27.95 27.90 27.87 27.82 27.78 27.75 27.78 27.79 27.76 27.69 27.83 27.81 27.82 27.78 27.77 27.78 27.77 27.78 27.76 27.74 27.73 27.73 27.73 27.72 27.69 27.66 27.64 27.62 27.59 27.61 27.53 27.54 27.51 27.49 27.43 27.38 27.34 27.29 27.24 27.18 27.14 27.08 27.04 26.96 26.92 26.90 26.82 26.78 26.75 26.67 26.61 26.56 26.49 26.42
28.71 28.88 28.66 28.32 28.32 28.37 28.73 28.22 28.56 28.63 28.63 28.23 28.21 28.26 28.17 28.18 28.16 28.10 28.04 28.06 27.92 27.90 27.83 27.81 27.78 27.73 27.69 27.64 27.63 27.64 27.69 27.72 27.74 27.74 27.72 27.72 27.73 27.71 27.70 27.69 27.68 27.66 27.64 27.64 27.66 27.66 27.65 27.62 27.60 27.57 27.54 27.50 27.54 27.48 27.46 27.44 27.41 27.36 27.30 27.26 27.22 27.16 27.11 27.07 27.01 26.95 26.89 26.85 26.79 26.73 26.68 26.64 26.59 26.52 26.46 26.38 26.29
28.37 28.64 28.43 28.03 28.20 28.63 28.24 28.43 28.43 28.44 28.28 28.10 28.09 28.07 27.76 28.02 27.98 27.90 27.84 27.88 27.83 27.71 27.69 27.67 27.64 27.61 27.55 27.53 27.50 27.55 27.62 27.61 27.62 27.65 27.62 27.64 27.62 27.63 27.60 27.59 27.61 27.57 27.57 27.57 27.57 27.57 27.58 27.55 27.53 27.50 27.47 27.44 27.46 27.42 27.40 27.37 27.33 27.28 27.24 27.20 27.16 27.10 27.05 26.99 26.94 26.88 26.83 26.74 26.70 26.64 26.57 26.52 26.50 26.44 26.38 26.29 26.20
28.20 28.29 27.91 27.81 27.89 28.34 27.91 27.94 27.77 27.96 27.64 27.62 27.80 27.83 27.78 27.82 27.76 27.69 27.67 27.70 27.75 27.63 27.55 27.51 27.50 27.49 27.41 27.41 27.41 27.51 27.50 27.47 27.49 27.52 27.55 27.54 27.54 27.51 27.53 27.50 27.52 27.50 27.49 27.49 27.49 27.50 27.49 27.48 27.46 27.43 27.40 27.38 27.38 27.35 27.32 27.30 27.27 27.21 27.18 27.13 27.08 27.03 26.98 26.93 26.87 26.81 26.76 26.73 26.63 26.55 26.48 26.43 26.40 26.36 26.28 26.19 26.11
27.68 27.89 27.88 27.49 27.45 28.06 27.40 27.58 27.88 27.46 26.98 27.02 27.30 27.35 27.41 27.55 27.55 27.49 27.50 27.51 27.57 27.50 27.40 27.36 27.34 27.32 27.28 27.31 27.36 27.36 27.36 27.31 27.33 27.37 27.41 27.45 27.46 27.43 27.42 27.41 27.43 27.43 27.41 27.40 27.40 27.40 27.43 27.41 27.39 27.38 27.33 27.32 27.30 27.29 27.26 27.24 27.21 27.17 27.13 27.05 27.02 26.97 26.92 26.88 26.81 26.76 26.70 26.67 26.55 26.49 26.41 26.33 26.30 26.25 26.18 26.11 26.03
27.58 27.69 27.52 27.11 26.89 27.20 27.55 26.89 27.55 26.75 26.51 26.66 26.99 26.94 27.12 27.29 27.34 27.35 27.37 27.39 27.42 27.44 27.21 27.23 27.22 27.18 27.14 27.18 27.26 27.26 27.21 27.13 27.14 27.19 27.25 27.30 27.35 27.35 27.32 27.35 27.34 27.34 27.33 27.33 27.33 27.34 27.35 27.34 27.34 27.28 27.30 27.27 27.24 27.23 27.20 27.18 27.15 27.12 27.08 27.02 26.98 26.93 26.88 26.83 26.76 26.71 26.66 26.60 26.54 26.44 26.35 26.29 26.23 26.16 26.08 26.01 25.94
27.21 27.46 27.41 27.23 26.96 26.99 27.07 27.21 26.82 26.46 26.24 26.61 27.01 27.08 27.06 27.16 27.18 27.16 27.18 27.16 27.15 27.19 27.06 27.07 27.06 27.01 26.98 27.02 27.10 27.13 27.12 27.04 26.96 27.02 27.09 27.18 27.22 27.24 27.26 27.24 27.26 27.26 27.26 27.26 27.26 27.26 27.27 27.27 27.22 27.26 27.24 27.21 27.18 27.17 27.14 27.14 27.10 27.07 27.03 26.98 26.94 26.89 26.82 26.77 26.69 26.63 26.59 26.50 26.43 26.36 26.30 26.22 26.15 26.09 26.02 25.94 25.88
27.52 26.94 27.02 26.93 26.88 26.66 26.57 26.70 26.37 26.56 26.85 26.89 26.96 27.01 27.02 27.01 26.98 26.98 26.97 26.97 26.96 26.91 26.93 26.92 26.92 26.88 26.86 26.87 26.93 27.01 26.92 26.92 26.87 26.87 26.94 27.04 27.11 27.15 27.17 27.16 27.16 27.16 27.18 27.18 27.18 27.20 27.21 27.20 27.18 27.18 27.18 27.16 27.14 27.12 27.09 27.08 27.07 27.04 26.98 26.94 26.89 26.84 26.78 26.72 26.65 26.59 26.53 26.50 26.38 26.32 26.23 26.14 26.06 25.99 25.91 25.84 25.76
27.16 26.73 26.81 26.43 26.29 26.26 26.22 26.10 26.01 26.45 26.36 26.39 26.78 26.73 26.69 26.71 26.77 26.76 26.77 26.76 26.72 26.75 26.77 26.73 26.75 26.73 26.69 26.73 26.80 26.89 26.85 26.80 26.78 26.74 26.80 26.89 26.97 27.05 27.06 27.05 27.08 27.08 27.11 27.11 27.11 27.13 27.11 27.13 27.13 27.13 27.13 27.11 27.09 27.08 27.06 27.04 27.01 27.00 26.95 26.91 26.86 26.80 26.76 26.69 26.62 26.56 26.50 26.42 26.34 26.25 26.15 26.06 25.98 25.89 25.80 25.72 25.65
26.71 26.35 26.42 26.35 26.02 25.91 25.82 25.85 26.17 26.35 26.46 26.37 26.05 26.31 26.25 26.40 26.53 26.47 26.48 26.53 26.53 26.57 26.85 26.54 26.57 26.58 26.45 26.60 26.67 26.74 26.76 26.63 26.71 26.72 26.75 26.76 26.80 26.90 26.90 26.97 27.00 27.00 27.03 27.03 27.06 27.07 27.06 27.08 27.09 27.09 27.07 27.05 27.05 27.04 27.03 27.01 26.98 26.96 26.94 26.89 26.84 26.77 26.74 26.66 26.58 26.51 26.45 26.37 26.27 26.17 26.08 25.98 25.91 25.82 25.70 25.60 25.50
26.41 26.17 26.07 26.12 25.85 25.56 25.62 25.89 25.79 25.69 26.17 26.00 25.49 25.66 25.68 26.07 26.26 26.07 26.26 26.33 26.31 26.32 26.70 26.41 26.41 26.39 26.31 26.42 26.47 26.56 26.60 26.64 26.64 26.65 26.69 26.72 26.75 26.78 26.85 26.88 26.91 26.93 26.96 26.96 26.99 27.00 27.01 27.03 27.06 27.06 27.05 27.03 27.02 27.01 26.99 26.98 26.95 26.93 26.91 26.87 26.82 26.76 26.70 26.63 26.54 26.46 26.39 26.31 26.19 26.09 26.01 25.90 25.83 25.74 25.62 25.52 25.39
26.06 25.70 25.75 25.76 25.71 25.39 25.44 25.51 25.31 25.74 25.69 25.16 25.17 25.55 25.68 25.91 26.01 26.08 26.11 26.01 26.05 26.10 26.54 26.43 26.27 26.17 26.12 26.25 26.33 26.41 26.39 26.36 26.40 26.49 26.60 26.63 26.68 26.74 26.75 26.78 26.81 26.84 26.89 26.91 26.91 26.95 26.97 27.00 27.01 27.04 27.03 27.02 27.00 26.99 26.97 26.95 26.93 26.90 26.87 26.85 26.81 26.75 26.68 26.61 26.52 26.42 26.34 26.24 26.15 26.05 25.96 25.86 25.75 25.62 25.51 25.40 25.29
25.74 25.28 25.26 25.42 25.20 25.13 24.91 25.02 25.27 25.37 25.00 24.78 25.24 25.44 25.53 25.60 25.73 25.82 25.55 25.64 25.82 25.92 26.02 26.05 26.07 26.02 26.02 26.07 26.14 26.24 26.26 26.19 26.30 26.40 26.49 26.51 26.58 26.63 26.63 26.70 26.72 26.77 26.81 26.84 26.89 26.91 26.93 26.95 26.99 27.01 27.01 27.01 27.00 26.99 26.97 26.94 26.92 26.89 26.85 26.83 26.80 26.74 26.67 26.59 26.51 26.40 26.30 26.20 26.08 25.98 25.89 25.78 25.66 25.53 25.40 25.28 25.17
25.37 25.11 24.70 24.97 24.91 24.80 24.85 24.84 25.22 24.72 24.61 24.88 25.02 25.12 25.24 25.39 25.35 25.50 25.26 25.43 25.48 26.14 25.77 25.87 25.87 25.83 25.82 25.90 25.98 26.09 26.06 26.07 26.20 26.29 26.35 26.44 26.47 26.49 26.53 26.58 26.63 26.71 26.75 26.79 26.84 26.87 26.90 26.94 26.97 26.99 27.00 27.00 27.00 26.99 26.98 26.96 26.93 26.90 26.86 26.82 26.77 26.73 26.68 26.59 26.47 26.38 26.29 26.17 26.04 25.94 25.84 25.71 25.59 25.46 25.33 25.21 25.11
24.94 24.79 24.35 24.74 24.70 24.80 24.89 24.99 24.22 24.50 24.65 24.52 24.59 24.77 24.91 25.13 25.14 24.98 24.91 25.09 25.38 25.61 25.57 25.62 25.67 25.60 25.62 25.73 25.83 25.93 25.85 25.91 26.05 26.18 26.20 26.32 26.32 26.36 26.41 26.49 26.56 26.60 26.68 26.73 26.80 26.84 26.88 26.92 26.96 26.98 27.01 27.02 27.03 27.02 27.01 26.99 26.96 26.93 26.88 26.83 26.77 26.72 26.68 26.59 26.48 26.39 26.27 26.14 26.01 25.89 25.77 25.63 25.53 25.37 25.24 25.15 25.02
24.39 24.42 24.45 24.47 24.27 24.50 24.71 24.74 24.29 24.14 24.12 24.19 24.26 24.40 24.59 24.79 24.90 24.52 24.22 24.82 25.12 25.27 25.24 25.40 25.47 25.45 25.45 25.57 25.68 25.79 25.70 25.83 25.96 26.03 26.12 26.20 26.22 26.25 26.33 26.42 26.50 26.55 26.63 26.70 26.76 26.82 26.87 26.92 26.96 27.00 27.03 27.04 27.04 27.04 27.05 27.04 27.01 26.97 26.91 26.86 26.80 26.74 26.68 26.61 26.50 26.38 26.26 26.12 25.99 25.84 25.71 25.57 25.45 25.32 25.19 25.08 24.94
24.41 24.27 24.19 24.19 23.97 24.22 24.43 24.50 24.29 23.89 23.77 24.01 24.04 24.11 24.29 24.47 24.68 24.46 23.91 24.68 24.95 25.07 24.66 25.18 25.28 25.20 25.25 25.36 25.49 25.62 25.66 25.75 25.80 25.89 25.96 26.05 26.09 26.15 26.25 26.31 26.41 26.49 26.56 26.66 26.74 26.80 26.86 26.91 26.97 27.04 27.06 27.09 27.10 27.10 27.10 27.08 27.06 27.01 26.96 26.89 26.83 26.76 26.69 26.59 26.49 26.41 26.25 26.11 25.96 25.82 25.67 25.51 25.38 25.24 25.12 24.97 24.81
24.67 24.58 24.07 23.92 23.75 23.83 24.36 24.31 24.04 23.58 23.48 23.77 24.04 24.13 24.03 24.19 24.49 24.30 24.27 24.71 24.80 24.88 24.97 25.11 25.15 25.07 25.05 25.17 25.25 25.43 25.52 25.57 25.65 25.74 25.85 25.92 25.97 26.05 26.14 26.22 26.33 26.43 26.50 26.63 26.71 26.80 26.87 26.94 26.98 27.04 27.13 27.14 27.17 27.17 27.17 27.15 27.11 27.07 27.02 26.96 26.88 26.80 26.70 26.61 26.49 26.37 26.27 26.11 25.96 25.80 25.64 25.48 25.33 25.19 25.06 24.88 24.72
24.76 24.18 23.88 23.82 23.49 23.31 23.79 24.15 24.07 23.86 23.11 23.66 23.88 24.12 23.49 23.93 24.29 24.15 24.33 24.66 24.59 24.70 24.59 24.98 25.02 24.92 24.98 25.06 25.16 25.28 25.37 25.42 25.49 25.61 25.69 25.77 25.83 25.94 26.04 26.13 26.25 26.37 26.47 26.58 26.69 26.80 26.88 26.95 27.03 27.09 27.15 27.21 27.23 27.25 27.25 27.24 27.20 27.15 27.10 27.04 26.97 26.87 26.75 26.64 26.53 26.40 26.26 26.12 25.96 25.79 25.61 25.45 25.28 25.13 24.94 24.76 24.62
23.93 23.79 23.61 23.62 23.48 23.50 23.87 23.83 23.86 23.81 23.66 23.67 23.56 23.85 24.11 24.22 24.34 24.40 24.53 24.19 24.55 24.72 24.68 24.87 24.85 24.77 24.82 24.97 25.05 25.21 25.25 25.31 25.43 25.50 25.57 25.64 25.73 25.80 25.95 26.04 26.16 26.29 26.40 26.53 26.67 26.80 26.89 26.99 27.07 27.13 27.19 27.26 27.30 27.32 27.32 27.30 27.29 27.26 27.21 27.15 27.08 26.98 26.83 26.70 26.56 26.45 26.30 26.13 25.96 25.79 25.58 25.40 25.23 25.05 24.85 24.66 24.50
23.70 23.60 23.56 23.52 23.48 23.60 23.61 23.51 23.45 23.41 23.57 23.27 23.54 23.89 23.48 23.97 24.16 24.42 24.49 24.52 24.60 24.59 24.67 24.72 24.78 24.75 24.77 24.86 24.96 25.08 25.14 25.21 25.30 25.37 25.45 25.51 25.60 25.71 25.83 25.94 26.08 26.22 26.35 26.49 26.64 26.76 26.87 26.96 27.05 27.12 27.18 27.23 27.26 27.30 27.32 27.31 27.30 27.27 27.23 27.19 27.12 27.06 26.91 26.78 26.62 26.49 26.33 26.15 25.95 25.77 25.53 25.35 25.18 24.99 24.77 24.56 24.39
23.49 23.50 23.48 23.41 23.36 23.40 23.14 23.15 23.24 23.23 23.39 23.09 23.35 23.06 23.17 23.78 24.24 23.98 24.19 24.32 24.46 24.46 24.42 24.61 24.62 24.66 24.70 24.79 24.87 24.95 25.01 25.11 25.19 25.26 25.35 25.42 25.51 25.61 25.75 25.88 26.00 26.12 26.25 26.36 26.59 26.71 26.82 26.91 26.99 27.07 27.12 27.17 27.21 27.24 27.26 27.28 27.27 27.25 27.22 27.19 27.12 27.04 26.94 26.81 26.65 26.47 26.33 26.16 25.96 25.74 25.53 25.33 25.14 24.93 24.68 24.47 24.34
23.39 23.43 23.38 23.34 23.22 23.05 22.85 22.74 22.97 23.19 22.99 22.56 23.20 23.47 23.07 24.02 23.80 23.55 23.65 24.15 24.20 24.14 24.34 24.50 24.34 24.37 24.57 24.68 24.76 24.83 24.92 25.02 25.08 25.14 25.24 25.29 25.42 25.51 25.66 25.76 25.88 26.01 26.18 26.36 26.51 26.64 26.75 26.85 26.94 27.02 27.07 27.12 27.15 27.18 27.19 27.20 27.22 27.22 27.19 27.17 27.09 26.97 26.91 26.81 26.66 26.48 26.32 26.13 25.92 25.72 25.51 25.31 25.11 24.88 24.68 24.50 24.31
