main/data/pressure/23.02.2023.grid
ncols 886
nrows 691
xllcenter 112.0000
yllcenter -44.5000
cellsize 0.0500
nodata_value 99999.90
[rows 408 to 441 of 691, columns 539 to 615 of 886]
12.96 12.79 12.27 11.79 12.08 11.96 13.00 13.99 14.93 14.42 15.55 15.81 15.83 15.90 15.92 15.93 15.96 16.00 16.06 16.07 16.07 16.06 16.03 16.00 15.97 15.87 15.97 15.94 15.91 15.86 15.81 15.83 15.94 15.87 15.91 15.93 15.92 15.93 15.91 15.91 16.01 16.10 16.10 16.05 16.11 16.11 16.10 16.18 16.17 16.20 16.22 16.26 16.31 16.32 16.33 16.35 16.33 16.25 16.10 16.23 16.28 16.29 16.31 16.32 16.27 16.16 16.10 16.07 16.15 16.16 16.11 16.05 16.03 15.98 15.88 15.89 15.87
13.06 12.36 12.52 11.29 11.82 13.57 13.41 15.01 15.24 15.45 15.78 15.85 15.90 15.96 15.99 15.99 16.00 16.05 16.08 16.10 16.10 16.09 16.08 16.02 16.01 15.98 16.01 15.96 15.93 15.93 15.93 15.96 15.97 15.91 15.98 15.95 15.92 15.97 15.96 16.01 16.10 16.16 16.17 16.18 16.17 16.17 16.20 16.20 16.26 16.22 16.26 16.28 16.30 16.34 16.35 16.32 16.35 16.36 16.29 16.25 16.22 16.21 16.27 16.24 16.20 16.05 15.95 16.10 16.15 16.08 16.05 16.01 15.96 15.94 15.86 15.86 15.83
12.13 12.08 12.58 11.42 13.99 13.48 14.19 14.82 15.14 15.62 15.78 15.90 15.92 15.98 16.04 16.08 16.08 16.09 16.11 16.12 16.11 16.11 16.11 15.96 15.97 15.98 15.97 16.04 16.00 15.99 15.98 15.92 15.96 15.97 16.05 15.96 15.99 16.02 16.00 16.06 16.12 16.13 16.21 16.19 16.14 16.22 16.27 16.27 16.31 16.29 16.32 16.32 16.33 16.38 16.37 16.35 16.38 16.37 16.34 16.28 16.20 16.14 16.21 16.24 16.18 16.01 15.65 14.87 15.55 16.05 16.02 15.92 15.91 15.86 15.84 15.81 15.74
12.36 13.77 13.88 13.77 14.72 14.95 15.07 15.25 15.37 15.67 15.85 15.96 16.01 16.05 16.09 16.11 16.14 16.13 16.14 16.13 16.13 16.15 16.07 16.01 15.99 15.98 16.02 16.05 16.05 16.00 15.98 16.02 16.07 16.08 16.01 16.01 16.09 16.11 16.11 16.10 16.15 16.19 16.27 16.29 16.30 16.32 16.33 16.36 16.38 16.37 16.38 16.35 16.35 16.35 16.33 16.35 16.39 16.40 16.37 16.34 16.23 16.20 16.27 16.22 16.20 16.15 16.01 15.71 15.79 15.99 15.95 15.89 15.85 15.82 15.76 15.75 15.66
11.92 13.14 14.35 14.54 13.85 15.20 15.41 15.53 15.61 15.76 15.92 16.02 16.07 16.11 16.14 16.15 16.15 16.14 16.16 16.15 16.15 16.15 16.10 16.05 16.03 16.08 16.06 16.05 16.07 16.05 16.10 16.09 16.05 16.05 16.05 16.11 16.11 16.12 16.18 16.17 16.22 16.26 16.32 16.28 16.30 16.36 16.35 16.38 16.39 16.39 16.38 16.37 16.34 16.30 16.26 16.33 16.38 16.41 16.38 16.37 16.33 16.31 16.25 16.13 16.13 16.10 16.06 15.92 15.81 15.96 15.85 15.88 15.85 15.76 15.73 15.71 15.60
13.21 13.20 13.26 14.81 14.42 14.74 15.51 15.63 15.78 15.88 16.03 16.09 16.09 16.15 16.17 16.17 16.16 16.17 16.16 16.17 16.18 16.15 16.09 16.07 16.05 16.12 16.12 16.10 16.16 16.17 16.12 16.09 16.06 16.10 16.10 16.18 16.17 16.19 16.24 16.25 16.29 16.33 16.37 16.37 16.32 16.41 16.39 16.40 16.40 16.39 16.38 16.38 16.35 16.29 16.22 16.39 16.37 16.41 16.40 16.39 16.35 16.26 16.17 16.15 16.07 16.01 15.99 15.96 15.87 15.80 15.79 15.85 15.72 15.67 15.69 15.62 15.58
13.21 12.52 14.68 14.90 14.90 14.98 15.46 15.80 15.87 15.97 16.01 16.11 16.15 16.18 16.18 16.17 16.17 16.16 16.18 16.19 16.19 16.19 16.12 16.08 16.08 16.13 16.15 16.21 16.19 16.07 16.16 16.11 16.16 16.13 16.21 16.20 16.23 16.26 16.31 16.34 16.33 16.30 16.43 16.42 16.43 16.45 16.44 16.41 16.43 16.41 16.40 16.42 16.41 16.36 16.24 16.39 16.41 16.40 16.42 16.41 16.39 16.36 16.19 16.22 16.10 16.02 15.88 15.54 15.80 15.66 15.61 15.76 15.70 15.64 15.62 15.54 15.49
12.62 14.39 14.54 14.60 14.68 14.69 14.91 15.85 15.98 16.06 16.11 16.17 16.19 16.19 16.19 16.19 16.18 16.16 16.19 16.20 16.21 16.20 16.12 16.13 16.11 16.12 16.19 16.21 16.26 16.21 16.21 16.21 16.26 16.22 16.27 16.26 16.31 16.37 16.39 16.45 16.44 16.44 16.46 16.47 16.45 16.45 16.46 16.51 16.46 16.41 16.42 16.39 16.36 16.15 16.20 16.31 16.39 16.40 16.48 16.45 16.42 16.37 16.24 16.24 16.21 16.13 15.97 15.74 15.72 15.83 15.79 15.72 15.64 15.56 15.46 15.43 15.44
13.93 13.92 14.28 14.54 14.46 13.57 15.04 15.87 16.04 16.15 16.17 16.18 16.22 16.21 16.20 16.10 16.16 16.14 16.20 16.22 16.22 16.19 16.12 16.21 16.16 16.26 16.23 16.17 16.22 16.32 16.35 16.22 16.38 16.34 16.36 16.39 16.42 16.46 16.48 16.49 16.49 16.51 16.52 16.51 16.52 16.56 16.59 16.59 16.49 16.47 16.46 16.44 16.41 16.30 16.00 16.08 16.33 16.38 16.54 16.55 16.49 16.43 16.33 16.22 16.12 16.02 16.08 16.02 15.86 15.72 15.80 15.70 15.60 15.41 15.29 15.36 15.43
12.54 12.95 14.63 14.60 14.88 15.27 15.17 15.92 16.10 16.15 16.20 16.23 16.24 16.22 16.21 16.21 16.21 16.21 16.22 16.23 16.23 16.18 16.16 16.30 16.32 16.29 16.22 16.20 16.19 16.25 16.32 16.38 16.42 16.49 16.51 16.53 16.54 16.54 16.57 16.59 16.59 16.60 16.61 16.63 16.61 16.56 16.60 16.51 16.50 16.45 16.34 16.43 16.43 16.34 15.63 15.76 16.39 16.40 16.54 16.56 16.50 16.47 16.37 16.27 16.12 15.65 15.67 15.91 15.96 15.86 15.80 15.66 15.49 15.49 15.46 15.40 15.47
13.61 13.94 14.79 15.16 15.30 15.34 15.22 15.94 16.12 16.19 16.21 16.27 16.24 16.23 16.22 16.21 16.20 16.23 16.23 16.24 16.25 16.18 16.33 16.26 16.29 16.30 16.28 16.26 16.26 16.27 16.27 16.31 16.39 16.43 16.44 16.54 16.63 16.65 16.66 16.56 16.64 16.67 16.67 16.67 16.65 16.58 16.57 16.60 16.57 16.48 16.31 16.34 16.34 16.30 16.05 16.04 16.19 16.40 16.54 16.60 16.49 16.47 16.38 16.28 16.08 15.58 15.55 15.70 15.98 15.91 15.78 15.63 15.40 15.34 15.32 15.46 15.42
14.19 14.88 15.16 15.36 15.56 15.71 15.26 15.96 16.13 16.17 16.19 16.21 16.23 16.21 16.22 16.22 16.22 16.22 16.23 16.24 16.25 16.16 16.29 16.27 16.26 16.31 16.26 16.34 16.34 16.29 16.31 16.33 16.43 16.49 16.51 16.59 16.68 16.71 16.72 16.71 16.72 16.71 16.70 16.67 16.72 16.69 16.60 16.59 16.58 16.53 16.35 16.28 16.30 16.25 15.87 15.74 16.09 16.50 16.53 16.54 16.51 16.46 16.40 16.35 16.22 16.01 16.13 15.92 15.92 15.88 15.74 15.69 15.57 15.45 15.32 15.20 15.40
14.63 15.02 15.06 15.07 15.00 15.12 15.30 16.07 16.15 16.19 16.20 16.21 16.20 16.19 16.24 16.23 16.25 16.24 16.25 16.24 16.25 16.13 16.23 16.12 16.24 16.30 16.28 16.20 16.40 16.25 16.43 16.33 16.41 16.55 16.56 16.61 16.73 16.64 16.78 16.77 16.78 16.76 16.73 16.63 16.63 16.68 16.67 16.62 16.55 16.45 16.19 16.13 16.31 16.03 15.92 16.12 16.14 16.50 16.54 16.54 16.53 16.48 16.43 16.36 15.94 16.20 16.16 16.09 15.93 15.81 15.56 15.45 15.26 15.19 14.93 15.19 15.41
14.30 15.08 15.46 15.77 15.86 15.63 16.11 16.19 16.19 16.20 16.19 16.17 16.18 16.14 16.21 16.18 16.20 16.20 16.23 16.17 16.24 16.23 16.29 16.16 16.26 16.32 16.26 16.35 16.43 16.43 16.47 16.42 16.53 16.57 16.61 16.68 16.75 16.80 16.83 16.81 16.83 16.82 16.80 16.76 16.74 16.70 16.65 16.66 16.54 16.34 15.70 16.09 16.32 16.10 16.11 16.31 16.34 16.54 16.54 16.54 16.55 16.51 16.46 16.39 16.29 16.21 15.85 16.08 15.96 15.84 15.43 15.36 15.29 15.22 15.19 15.39 15.54
15.20 15.39 15.66 15.88 16.01 15.61 16.15 16.18 16.20 16.18 16.18 16.18 16.17 16.10 16.07 16.02 16.21 16.21 16.20 16.20 16.18 16.16 16.14 16.15 16.29 16.29 16.27 16.37 16.45 16.48 16.53 16.54 16.59 16.71 16.70 16.78 16.82 16.86 16.87 16.86 16.86 16.85 16.80 16.83 16.80 16.72 16.62 16.54 16.61 16.43 15.95 16.25 16.21 16.19 16.34 16.44 16.45 16.52 16.55 16.55 16.55 16.55 16.50 16.42 16.32 16.12 15.63 15.94 15.85 15.26 15.66 15.41 15.36 15.31 15.30 15.37 15.47
15.57 15.78 15.99 16.15 16.15 16.17 15.98 16.17 16.20 16.24 16.21 16.17 16.15 16.16 16.07 16.12 16.00 16.06 16.11 16.14 16.16 16.18 16.15 16.19 16.25 16.27 16.35 16.38 16.44 16.50 16.52 16.53 16.67 16.72 16.79 16.85 16.89 16.90 16.89 16.89 16.89 16.89 16.89 16.85 16.83 16.75 16.67 16.67 16.60 16.36 16.06 16.16 16.20 16.35 16.41 16.26 16.40 16.52 16.53 16.55 16.54 16.55 16.52 16.44 16.32 16.10 15.59 15.68 15.81 15.59 15.23 15.45 15.45 15.39 15.34 15.35 15.34
15.74 15.95 16.12 16.24 16.26 16.24 16.26 16.23 16.22 16.21 16.19 16.17 16.12 16.07 16.03 16.08 15.99 16.00 16.03 16.09 16.14 16.12 16.12 16.17 16.27 16.27 16.32 16.39 16.45 16.50 16.53 16.58 16.68 16.75 16.79 16.88 16.94 16.94 16.94 16.93 16.95 16.95 16.92 16.87 16.86 16.80 16.62 16.67 16.62 16.40 16.23 16.09 16.15 16.31 16.35 16.26 16.37 16.49 16.44 16.55 16.56 16.55 16.50 16.42 16.34 16.15 15.98 15.34 15.62 15.54 15.30 15.49 15.52 15.47 15.35 15.17 14.97
15.86 16.13 16.21 16.33 16.36 16.30 16.24 16.24 16.27 16.23 16.20 16.15 16.11 16.05 16.02 15.99 15.98 15.97 15.97 15.99 16.01 16.03 16.07 16.09 16.17 16.28 16.36 16.37 16.42 16.50 16.54 16.60 16.69 16.77 16.81 16.91 16.98 16.97 16.98 16.98 16.98 16.99 16.95 16.92 16.92 16.83 16.74 16.68 16.59 16.53 15.77 16.08 16.28 16.19 16.15 16.28 16.39 16.08 16.31 16.58 16.55 16.50 16.47 16.43 16.33 16.18 16.00 15.73 15.25 15.42 15.48 15.60 15.60 15.56 15.39 15.06 14.80
15.89 16.23 16.34 16.46 16.50 16.41 16.38 16.34 16.30 16.25 16.19 16.15 16.10 16.07 15.97 15.93 15.91 15.91 15.91 15.91 15.94 15.96 15.99 16.02 16.05 16.14 16.26 16.29 16.37 16.48 16.54 16.61 16.68 16.75 16.88 16.96 17.02 17.02 17.02 17.02 17.00 17.00 16.99 16.97 16.91 16.65 16.68 16.70 16.64 16.45 16.24 15.82 15.59 16.15 16.23 16.37 16.44 16.17 16.25 16.46 16.51 16.48 16.47 16.45 16.34 16.20 16.05 15.85 15.12 15.46 15.58 15.58 15.63 15.55 15.47 15.37 15.15
15.72 16.15 16.43 16.56 16.62 16.57 16.30 16.21 16.28 16.26 16.20 16.12 16.06 16.01 15.88 15.88 15.84 15.83 15.85 15.84 15.87 15.88 15.90 15.95 15.99 16.04 16.12 16.22 16.34 16.45 16.53 16.60 16.70 16.80 16.88 16.97 17.04 17.06 17.07 17.07 17.06 17.05 17.01 16.96 16.98 16.89 16.74 16.67 16.57 16.26 16.11 16.07 15.60 15.29 16.24 16.30 16.35 16.15 16.37 16.44 16.46 16.44 16.43 16.43 16.33 16.21 16.09 15.64 15.22 15.16 14.91 15.17 15.45 15.61 15.57 15.55 15.41
15.66 15.86 16.48 16.55 16.59 16.43 15.57 16.14 16.36 16.26 16.18 16.11 15.98 15.89 15.82 15.85 15.79 15.75 15.75 15.74 15.75 15.79 15.81 15.86 15.90 15.97 16.06 16.14 16.27 16.39 16.46 16.57 16.69 16.79 16.88 16.99 17.05 17.07 17.08 17.08 17.06 17.09 17.07 17.04 17.01 16.96 16.83 16.75 16.68 16.44 16.27 16.05 15.50 15.76 16.26 16.15 16.08 16.00 15.88 16.42 16.32 16.39 16.44 16.42 16.41 16.31 16.15 15.73 15.28 15.49 15.39 14.94 15.18 15.43 15.58 15.55 15.41
16.04 16.29 16.41 16.48 16.49 16.42 16.37 16.50 16.35 16.23 16.15 16.05 15.91 15.81 15.74 15.71 15.68 15.65 15.63 15.65 15.63 15.67 15.71 15.75 15.81 15.88 15.98 16.08 16.19 16.31 16.41 16.54 16.66 16.77 16.88 17.00 17.06 17.08 17.09 17.09 17.08 17.12 17.09 17.07 17.04 16.96 16.90 16.80 16.71 16.06 15.65 16.12 15.77 15.96 16.10 16.15 16.11 16.16 16.33 16.38 16.27 16.21 16.44 16.41 16.38 16.26 16.12 15.93 15.86 15.65 15.65 15.35 15.22 15.41 15.52 15.54 15.45
16.02 16.19 16.44 16.49 16.51 16.27 16.51 16.45 16.33 16.20 16.07 15.98 15.84 15.73 15.65 15.60 15.56 15.53 15.50 15.51 15.53 15.55 15.59 15.63 15.69 15.77 15.90 16.01 16.09 16.22 16.37 16.50 16.61 16.75 16.87 16.98 17.05 17.08 17.10 17.10 17.10 17.09 17.09 17.09 17.05 16.99 16.96 16.87 16.64 16.52 16.38 16.25 15.79 15.63 16.07 16.17 16.24 16.27 16.34 16.30 16.25 16.21 16.33 16.38 16.34 16.25 16.16 16.06 15.88 15.66 15.62 15.34 15.13 15.31 15.46 15.49 15.47
16.03 16.22 16.41 16.49 16.47 16.41 16.14 16.47 16.34 16.18 16.04 15.87 15.73 15.61 15.52 15.49 15.43 15.38 15.36 15.37 15.38 15.40 15.43 15.50 15.57 15.66 15.80 15.89 16.02 16.14 16.30 16.41 16.57 16.72 16.83 16.96 17.01 17.07 17.08 17.08 17.08 17.08 17.09 17.08 17.05 17.00 16.94 16.93 16.63 16.41 15.96 16.18 15.99 15.94 16.15 16.17 16.23 16.20 16.24 16.12 15.99 16.16 16.23 16.29 16.25 16.23 16.15 16.04 15.91 15.78 15.60 15.21 15.08 15.31 15.42 15.44 15.37
16.07 16.28 16.37 16.42 15.89 16.04 16.22 16.38 16.28 16.14 15.98 15.79 15.64 15.49 15.40 15.30 15.25 15.23 15.20 15.21 15.22 15.25 15.31 15.37 15.43 15.55 15.66 15.78 15.92 16.07 16.24 16.34 16.50 16.67 16.81 16.95 16.99 17.04 17.07 17.08 17.06 17.07 17.07 17.05 17.01 16.95 16.91 16.70 16.25 16.24 16.00 16.13 15.87 15.89 16.04 15.42 16.10 16.15 16.24 16.28 16.26 16.24 16.23 16.18 16.17 16.14 16.09 16.00 15.88 15.72 15.46 15.15 15.16 15.30 15.36 15.27 15.24
16.09 16.22 16.23 16.20 15.98 16.22 16.26 16.31 16.24 16.11 15.89 15.70 15.50 15.34 15.23 15.12 15.06 15.05 15.02 15.02 15.04 15.07 15.14 15.19 15.28 15.41 15.53 15.65 15.79 15.98 16.16 16.26 16.43 16.62 16.76 16.89 16.95 17.00 17.04 17.05 17.05 17.01 17.02 17.01 16.96 16.89 16.77 16.10 15.76 16.13 16.07 15.65 15.97 16.10 16.06 16.15 16.17 16.21 16.24 16.23 16.10 16.15 16.15 16.01 16.12 16.07 16.01 15.92 15.83 15.65 15.49 15.34 15.15 15.17 15.17 15.09 15.13
15.91 16.13 15.91 15.46 16.03 16.08 16.16 16.24 16.10 15.93 15.76 15.58 15.36 15.18 15.03 14.93 14.88 14.85 14.81 14.80 14.86 14.89 14.96 15.04 15.11 15.23 15.37 15.48 15.67 15.84 16.04 16.18 16.37 16.56 16.71 16.81 16.90 16.98 17.01 17.03 17.02 17.03 17.00 16.98 16.92 16.84 16.66 16.27 16.01 16.02 15.92 15.67 16.01 16.13 16.17 16.17 16.21 16.24 16.27 16.21 16.19 16.17 16.12 16.11 16.08 16.00 15.95 15.80 15.67 15.59 15.47 15.10 15.05 15.09 15.01 15.03 15.06
15.64 15.89 15.90 15.32 15.95 16.02 16.33 15.98 15.93 15.80 15.63 15.43 15.19 15.00 14.82 14.70 14.64 14.58 14.59 14.61 14.60 14.69 14.74 14.82 14.93 15.05 15.12 15.32 15.52 15.70 15.90 16.10 16.29 16.46 16.63 16.74 16.84 16.94 16.99 17.01 17.00 16.98 16.96 16.94 16.86 16.57 16.32 16.18 15.76 16.04 15.85 15.75 16.04 15.84 15.98 16.20 16.14 16.27 16.23 16.24 16.18 16.15 16.10 16.04 16.03 15.97 15.88 15.74 15.54 15.41 15.32 15.32 15.19 15.06 14.77 14.37 14.84
15.23 14.91 15.08 15.25 15.48 15.71 15.87 15.70 15.86 15.69 15.49 15.22 14.63 14.83 14.58 14.33 14.37 14.30 14.30 14.30 14.32 14.41 14.50 14.61 14.72 14.81 14.96 15.16 15.34 15.54 15.76 15.97 16.17 16.34 16.54 16.64 16.76 16.88 16.95 16.97 17.01 16.96 16.95 16.92 16.83 16.44 15.55 15.58 15.68 16.03 16.20 16.03 16.20 16.09 15.54 15.69 16.06 16.32 16.11 16.19 16.17 16.14 16.07 16.01 15.94 15.88 15.80 15.60 15.21 14.45 14.61 15.24 15.18 15.01 14.80 14.65 14.81
15.07 13.27 13.71 14.71 15.42 15.12 15.48 15.64 15.68 15.61 15.39 15.03 14.57 14.71 14.35 13.69 14.08 14.05 13.94 13.81 14.02 14.15 14.20 14.39 14.48 14.54 14.69 14.97 15.13 15.40 15.52 15.84 16.06 16.24 16.46 16.53 16.64 16.83 16.89 16.93 16.95 16.98 16.95 16.92 16.84 16.67 16.44 16.21 15.66 16.03 16.12 16.26 16.25 16.16 15.66 15.94 16.21 16.29 16.31 16.19 16.15 16.09 16.05 15.98 15.90 15.80 15.64 15.43 15.04 14.75 14.91 15.13 15.13 14.96 14.92 14.90 14.94
15.22 15.23 15.46 15.24 15.42 15.38 15.65 15.77 15.67 15.53 15.29 15.07 14.79 14.62 14.31 13.55 13.51 13.47 13.63 12.72 13.53 13.80 13.59 14.11 14.16 14.30 14.46 14.75 14.79 15.24 15.31 15.68 15.88 16.07 16.32 16.50 16.64 16.77 16.82 16.85 16.89 16.90 16.90 16.85 16.72 16.46 16.43 16.32 16.11 15.91 15.72 16.16 16.24 16.22 16.27 16.26 16.21 16.17 16.17 16.18 16.14 16.08 16.01 15.93 15.84 15.74 15.49 15.30 15.10 15.13 15.13 15.16 15.08 14.85 14.92 14.95 14.95
15.68 15.80 15.43 15.42 15.87 16.02 15.89 15.49 15.65 15.44 15.20 15.02 14.76 14.52 14.13 13.29 13.66 13.48 12.82 12.73 13.47 13.53 13.74 13.65 13.67 13.80 14.32 14.49 14.48 14.92 14.93 15.45 15.70 15.91 16.22 16.39 16.56 16.69 16.75 16.80 16.82 16.83 16.80 16.71 16.51 16.30 16.29 16.25 16.09 16.08 15.96 16.01 16.05 15.76 16.12 16.24 16.27 16.21 16.14 16.11 16.08 16.06 15.97 15.90 15.82 15.62 15.25 14.81 15.19 15.11 15.08 15.15 15.11 14.97 14.93 14.94 14.91
16.06 16.03 15.97 15.83 16.09 16.11 15.46 15.07 15.51 15.32 15.06 14.78 14.39 14.48 14.23 13.98 13.52 13.45 13.11 13.37 13.39 13.33 13.43 13.58 13.48 13.48 13.29 13.79 14.02 14.66 14.82 15.34 15.55 15.80 16.08 16.29 16.49 16.62 16.69 16.74 16.73 16.74 16.75 16.61 16.26 16.21 16.15 16.08 16.18 16.19 16.02 15.99 15.81 15.79 16.00 16.15 16.14 16.20 16.16 16.10 16.05 16.04 15.96 15.87 15.79 15.55 15.21 15.30 15.27 15.18 15.20 15.15 15.09 14.98 14.97 14.90 14.87
16.25 16.28 16.24 16.22 16.24 16.16 15.66 15.46 15.47 15.18 14.74 14.50 13.25 14.11 14.23 13.96 13.36 13.31 13.31 12.49 13.26 13.18 13.16 13.25 13.31 13.59 13.41 13.46 13.97 13.97 14.82 15.18 15.39 15.63 15.91 16.21 16.40 16.51 16.61 16.66 16.67 16.62 16.70 16.59 16.29 16.10 16.25 16.34 16.10 16.28 16.13 15.96 16.04 16.12 16.18 16.15 15.96 16.12 16.14 16.10 16.03 16.00 15.94 15.85 15.73 15.49 15.28 15.41 15.28 15.28 15.24 15.18 15.09 14.99 14.94 14.87 14.85
