main/data/pressure/24.08.2023.grid
ncols 886
nrows 691
xllcenter 112.0000
yllcenter -44.5000
cellsize 0.0500
nodata_value 99999.90
[rows 629 to 665 of 691, columns 738 to 819 of 886]
11.88 11.89 11.91 11.93 11.95 11.97 11.99 12.01 12.02 12.04 12.05 12.07 12.08 12.10 12.11 12.12 12.13 12.15 12.16 12.17 12.18 12.19 12.20 12.21 12.22 12.23 12.24 12.24 12.25 12.26 12.27 12.28 12.29 12.29 12.29 12.30 12.31 12.32 12.33 12.34 12.34 12.35 12.35 12.36 12.36 12.37 12.38 12.39 12.39 12.40 12.41 12.42 12.42 12.43 12.43 12.43 12.44 12.45 12.45 12.46 12.47 12.47 12.48 12.49 12.49 12.50 12.51 12.51 12.51 12.51 12.52 12.53 12.53 12.54 12.55 12.55 12.56 12.57 12.57 12.58 12.57 12.58
11.75 11.78 11.80 11.82 11.84 11.86 11.88 11.89 11.91 11.93 11.95 11.95 11.98 11.99 12.01 12.02 12.03 12.05 12.08 12.10 12.12 12.13 12.15 12.16 12.17 12.18 12.19 12.21 12.22 12.23 12.24 12.24 12.25 12.26 12.27 12.28 12.28 12.29 12.30 12.31 12.32 12.32 12.33 12.34 12.34 12.35 12.35 12.36 12.37 12.38 12.38 12.39 12.40 12.40 12.41 12.42 12.42 12.43 12.43 12.43 12.44 12.45 12.46 12.46 12.47 12.47 12.48 12.49 12.49 12.50 12.51 12.51 12.51 12.52 12.52 12.53 12.53 12.54 12.55 12.55 12.56 12.56
11.66 11.67 11.69 11.72 11.73 11.75 11.78 11.79 11.80 11.82 11.84 11.86 11.87 11.89 11.90 11.91 11.94 11.96 11.99 12.03 12.05 12.07 12.09 12.11 12.13 12.14 12.15 12.17 12.18 12.19 12.20 12.21 12.22 12.23 12.24 12.25 12.26 12.27 12.27 12.28 12.29 12.30 12.31 12.31 12.32 12.33 12.33 12.33 12.34 12.35 12.36 12.36 12.37 12.38 12.39 12.39 12.40 12.41 12.41 12.42 12.43 12.42 12.43 12.44 12.44 12.45 12.46 12.46 12.47 12.47 12.48 12.49 12.49 12.50 12.51 12.51 12.51 12.52 12.52 12.53 12.53 12.54
11.55 11.58 11.60 11.62 11.64 11.65 11.68 11.70 11.71 11.72 11.74 11.75 11.77 11.78 11.80 11.81 11.84 11.88 11.92 11.96 11.99 12.01 12.04 12.06 12.08 12.10 12.12 12.13 12.14 12.16 12.17 12.18 12.19 12.20 12.21 12.22 12.23 12.24 12.25 12.26 12.26 12.27 12.28 12.29 12.30 12.30 12.31 12.31 12.32 12.32 12.33 12.34 12.35 12.35 12.36 12.37 12.37 12.38 12.39 12.39 12.40 12.41 12.40 12.41 12.42 12.43 12.43 12.44 12.44 12.45 12.46 12.46 12.47 12.47 12.48 12.49 12.49 12.50 12.50 12.50 12.51 12.51
11.47 11.49 11.51 11.53 11.55 11.57 11.59 11.60 11.62 11.63 11.65 11.67 11.68 11.69 11.71 11.72 11.74 11.80 11.84 11.88 11.93 11.96 11.99 12.01 12.03 12.05 12.08 12.10 12.12 12.13 12.14 12.16 12.17 12.18 12.19 12.19 12.20 12.21 12.22 12.23 12.24 12.25 12.25 12.26 12.27 12.28 12.29 12.28 12.29 12.30 12.31 12.31 12.32 12.33 12.34 12.34 12.35 12.36 12.36 12.37 12.38 12.38 12.39 12.39 12.39 12.40 12.41 12.41 12.42 12.42 12.43 12.44 12.44 12.45 12.46 12.46 12.47 12.47 12.48 12.49 12.48 12.49
11.39 11.41 11.43 11.45 11.46 11.49 11.50 11.51 11.54 11.55 11.56 11.58 11.59 11.61 11.62 11.64 11.66 11.72 11.77 11.82 11.87 11.90 11.93 11.96 12.00 12.02 12.04 12.06 12.08 12.09 12.11 12.12 12.13 12.15 12.16 12.17 12.18 12.18 12.19 12.20 12.21 12.22 12.23 12.24 12.24 12.25 12.25 12.26 12.26 12.27 12.28 12.29 12.29 12.30 12.31 12.32 12.32 12.33 12.34 12.34 12.35 12.36 12.36 12.36 12.37 12.37 12.38 12.39 12.39 12.40 12.41 12.41 12.42 12.43 12.43 12.44 12.44 12.45 12.46 12.46 12.46 12.46
11.32 11.34 11.36 11.37 11.40 11.42 11.43 11.44 11.46 11.47 11.49 11.50 11.52 11.52 11.54 11.56 11.58 11.65 11.70 11.76 11.81 11.85 11.89 11.92 11.96 11.98 12.00 12.02 12.04 12.06 12.07 12.09 12.10 12.11 12.12 12.14 12.15 12.16 12.17 12.18 12.18 12.19 12.20 12.21 12.21 12.22 12.22 12.23 12.24 12.25 12.25 12.26 12.27 12.28 12.28 12.29 12.30 12.30 12.31 12.32 12.32 12.32 12.33 12.34 12.34 12.35 12.36 12.36 12.37 12.38 12.38 12.39 12.39 12.40 12.41 12.41 12.42 12.43 12.43 12.44 12.43 12.44
11.25 11.28 11.29 11.31 11.33 11.34 11.37 11.38 11.39 11.41 11.42 11.43 11.45 11.45 11.47 11.49 11.51 11.58 11.64 11.71 11.76 11.80 11.84 11.88 11.91 11.94 11.96 11.99 12.00 12.02 12.04 12.05 12.07 12.09 12.09 12.10 12.11 12.12 12.13 12.14 12.15 12.16 12.17 12.17 12.18 12.19 12.20 12.21 12.21 12.22 12.23 12.24 12.24 12.25 12.26 12.27 12.27 12.27 12.28 12.28 12.29 12.30 12.30 12.31 12.32 12.32 12.33 12.34 12.34 12.35 12.36 12.36 12.37 12.38 12.38 12.39 12.39 12.40 12.40 12.40 12.41 12.41
11.21 11.22 11.24 11.26 11.28 11.29 11.30 11.32 11.33 11.34 11.36 11.37 11.39 11.39 11.40 11.42 11.45 11.53 11.59 11.66 11.71 11.75 11.80 11.84 11.87 11.90 11.93 11.96 11.98 12.00 12.01 12.03 12.04 12.06 12.07 12.08 12.09 12.10 12.11 12.11 12.12 12.13 12.14 12.15 12.16 12.16 12.17 12.18 12.19 12.20 12.20 12.21 12.22 12.22 12.22 12.23 12.24 12.24 12.25 12.26 12.27 12.27 12.28 12.29 12.29 12.30 12.31 12.31 12.32 12.32 12.33 12.34 12.34 12.34 12.35 12.35 12.36 12.37 12.37 12.38 12.38 12.39
11.16 11.18 11.20 11.21 11.23 11.24 11.25 11.27 11.28 11.29 11.30 11.32 11.33 11.33 11.35 11.36 11.40 11.47 11.54 11.61 11.66 11.71 11.76 11.80 11.83 11.87 11.90 11.92 11.94 11.96 11.98 11.99 12.01 12.02 12.03 12.05 12.06 12.07 12.08 12.09 12.10 12.11 12.11 12.12 12.13 12.14 12.15 12.14 12.15 12.16 12.17 12.18 12.18 12.19 12.20 12.21 12.21 12.22 12.23 12.23 12.24 12.25 12.25 12.26 12.27 12.27 12.28 12.28 12.28 12.29 12.30 12.30 12.31 12.32 12.32 12.33 12.34 12.34 12.35 12.35 12.36 12.37
11.12 11.14 11.15 11.16 11.18 11.19 11.21 11.22 11.23 11.24 11.25 11.26 11.28 11.29 11.29 11.31 11.36 11.43 11.51 11.57 11.62 11.68 11.72 11.76 11.81 11.84 11.86 11.89 11.91 11.93 11.94 11.96 11.97 11.99 12.01 12.02 12.02 12.03 12.04 12.05 12.06 12.07 12.08 12.09 12.10 12.10 12.11 12.12 12.13 12.13 12.14 12.15 12.16 12.16 12.17 12.18 12.19 12.19 12.20 12.20 12.21 12.21 12.22 12.23 12.23 12.24 12.25 12.25 12.26 12.27 12.27 12.28 12.29 12.29 12.30 12.30 12.31 12.32 12.32 12.33 12.34 12.34
11.09 11.11 11.11 11.13 11.14 11.16 11.17 11.18 11.19 11.20 11.21 11.22 11.23 11.24 11.25 11.26 11.32 11.39 11.47 11.53 11.59 11.64 11.69 11.74 11.77 11.80 11.83 11.86 11.88 11.90 11.92 11.93 11.95 11.96 11.98 11.99 12.00 12.01 12.02 12.03 12.04 12.04 12.05 12.06 12.07 12.08 12.09 12.09 12.10 12.11 12.12 12.12 12.12 12.13 12.14 12.14 12.15 12.16 12.17 12.17 12.18 12.19 12.19 12.20 12.21 12.21 12.22 12.23 12.23 12.24 12.25 12.25 12.26 12.27 12.27 12.27 12.28 12.28 12.29 12.29 12.30 12.31
11.06 11.08 11.09 11.09 11.11 11.12 11.13 11.15 11.16 11.17 11.18 11.19 11.19 11.20 11.21 11.22 11.29 11.37 11.44 11.51 11.56 11.61 11.66 11.70 11.73 11.76 11.80 11.83 11.85 11.87 11.88 11.90 11.91 11.93 11.94 11.95 11.96 11.97 11.99 12.00 12.01 12.02 12.03 12.03 12.03 12.04 12.05 12.06 12.07 12.08 12.08 12.09 12.10 12.11 12.11 12.12 12.13 12.13 12.14 12.15 12.16 12.16 12.17 12.17 12.17 12.18 12.19 12.19 12.20 12.21 12.21 12.22 12.22 12.23 12.24 12.24 12.25 12.26 12.26 12.27 12.28 12.28
11.04 11.05 11.06 11.07 11.09 11.09 11.10 11.11 11.12 11.13 11.14 11.15 11.16 11.17 11.17 11.20 11.27 11.34 11.42 11.48 11.53 11.59 11.63 11.67 11.71 11.74 11.77 11.79 11.81 11.84 11.86 11.87 11.89 11.90 11.92 11.93 11.94 11.95 11.96 11.96 11.97 11.98 11.99 12.00 12.01 12.02 12.03 12.03 12.04 12.05 12.06 12.07 12.06 12.07 12.08 12.09 12.09 12.10 12.11 12.11 12.12 12.13 12.13 12.14 12.15 12.15 12.16 12.17 12.17 12.18 12.19 12.19 12.20 12.21 12.21 12.22 12.22 12.23 12.24 12.24 12.25 12.26
11.02 11.02 11.04 11.05 11.06 11.07 11.08 11.09 11.10 11.11 11.12 11.13 11.13 11.14 11.15 11.17 11.24 11.33 11.39 11.46 11.51 11.56 11.61 11.65 11.68 11.71 11.74 11.77 11.79 11.81 11.82 11.84 11.85 11.87 11.88 11.89 11.90 11.91 11.92 11.94 11.95 11.95 11.96 11.96 11.97 11.98 11.99 12.00 12.01 12.01 12.02 12.03 12.04 12.04 12.05 12.06 12.07 12.07 12.08 12.09 12.10 12.10 12.11 12.11 12.11 12.12 12.13 12.13 12.14 12.15 12.15 12.16 12.17 12.17 12.18 12.18 12.19 12.20 12.20 12.21 12.21 12.22
11.00 11.01 11.02 11.03 11.04 11.04 11.06 11.07 11.08 11.09 11.09 11.10 11.11 11.12 11.12 11.16 11.23 11.31 11.38 11.43 11.49 11.54 11.58 11.62 11.66 11.69 11.71 11.73 11.75 11.78 11.80 11.82 11.83 11.84 11.86 11.87 11.88 11.89 11.90 11.91 11.91 11.92 11.93 11.94 11.95 11.96 11.96 11.97 11.98 11.99 11.99 11.99 12.00 12.01 12.02 12.03 12.03 12.04 12.05 12.05 12.06 12.07 12.07 12.08 12.09 12.09 12.10 12.11 12.11 12.12 12.13 12.13 12.14 12.15 12.15 12.16 12.16 12.17 12.18 12.18 12.19 12.20
10.99 10.99 11.00 11.01 11.02 11.03 11.04 11.04 11.05 11.06 11.07 11.08 11.09 11.09 11.10 11.16 11.22 11.30 11.36 11.42 11.47 11.51 11.56 11.60 11.63 11.65 11.68 11.71 11.73 11.75 11.77 11.78 11.79 11.81 11.82 11.83 11.84 11.85 11.86 11.87 11.88 11.89 11.90 11.90 11.91 11.92 11.93 11.94 11.95 11.95 11.96 11.97 11.98 11.98 11.99 12.00 12.01 12.01 12.01 12.02 12.03 12.03 12.04 12.05 12.05 12.06 12.07 12.07 12.08 12.09 12.09 12.10 12.11 12.11 12.12 12.12 12.13 12.14 12.14 12.15 12.15 12.16
10.97 10.97 10.98 10.99 11.01 11.02 11.03 11.03 11.04 11.04 11.05 11.06 11.06 11.07 11.09 11.14 11.22 11.28 11.35 11.40 11.46 11.50 11.54 11.57 11.61 11.63 11.66 11.68 11.70 11.71 11.74 11.76 11.77 11.78 11.79 11.81 11.82 11.83 11.84 11.85 11.85 11.86 11.87 11.88 11.89 11.90 11.89 11.90 11.91 11.92 11.93 11.93 11.94 11.95 11.96 11.96 11.97 11.98 11.99 11.99 12.00 12.01 12.01 12.02 12.03 12.04 12.04 12.05 12.05 12.06 12.07 12.07 12.07 12.08 12.08 12.09 12.10 12.10 12.11 12.11 12.12 12.13
10.96 10.97 10.97 10.98 10.99 11.00 11.01 11.01 11.02 11.03 11.04 11.04 11.05 11.06 11.08 11.15 11.21 11.28 11.33 11.39 11.44 11.47 11.52 11.55 11.58 11.61 11.64 11.66 11.67 11.69 11.71 11.72 11.73 11.75 11.76 11.77 11.78 11.79 11.80 11.81 11.82 11.83 11.84 11.85 11.85 11.86 11.87 11.88 11.89 11.89 11.90 11.91 11.91 11.91 11.92 11.93 11.94 11.95 11.95 11.96 11.97 11.97 11.98 11.99 11.99 12.00 12.01 12.01 12.02 12.03 12.03 12.04 12.04 12.05 12.06 12.06 12.07 12.08 12.08 12.09 12.10 12.10
10.93 10.94 10.95 10.96 10.97 10.98 10.99 10.99 11.00 11.01 11.02 11.02 11.03 11.05 11.08 11.15 11.21 11.28 11.33 11.38 11.42 11.46 11.49 11.53 11.56 11.58 11.60 11.62 11.65 11.67 11.68 11.70 11.71 11.72 11.73 11.74 11.75 11.76 11.77 11.78 11.79 11.79 11.80 11.81 11.82 11.83 11.84 11.84 11.85 11.86 11.87 11.88 11.88 11.89 11.90 11.90 11.91 11.92 11.93 11.92 11.93 11.94 11.95 11.95 11.96 11.96 11.97 11.98 11.98 11.99 12.00 12.00 12.01 12.02 12.02 12.03 12.04 12.04 12.05 12.05 12.06 12.07
10.92 10.93 10.94 10.95 10.96 10.97 10.98 10.99 10.99 11.00 11.01 11.01 11.02 11.04 11.08 11.15 11.21 11.27 11.32 11.36 11.41 11.45 11.48 11.50 11.54 11.56 11.58 11.60 11.62 11.63 11.65 11.66 11.67 11.68 11.71 11.71 11.72 11.73 11.74 11.75 11.76 11.77 11.78 11.79 11.79 11.79 11.80 11.81 11.82 11.83 11.83 11.84 11.85 11.86 11.86 11.87 11.88 11.88 11.89 11.90 11.91 11.91 11.92 11.93 11.93 11.94 11.95 11.95 11.96 11.97 11.97 11.98 11.98 11.98 11.99 11.99 12.00 12.01 12.01 12.02 12.03 12.03
10.90 10.91 10.92 10.93 10.95 10.96 10.96 10.97 10.98 10.98 11.00 11.00 11.01 11.03 11.09 11.15 11.21 11.26 11.31 11.35 11.39 11.43 11.46 11.49 11.51 11.54 11.56 11.58 11.59 11.61 11.62 11.63 11.65 11.66 11.67 11.68 11.69 11.70 11.71 11.72 11.73 11.74 11.74 11.75 11.76 11.77 11.78 11.79 11.79 11.79 11.80 11.81 11.81 11.82 11.83 11.84 11.84 11.85 11.86 11.87 11.87 11.88 11.88 11.89 11.90 11.90 11.91 11.92 11.93 11.93 11.94 11.94 11.95 11.96 11.96 11.97 11.98 11.98 11.99 11.99 12.00 12.01
10.88 10.89 10.91 10.91 10.92 10.94 10.95 10.95 10.96 10.97 10.98 10.98 11.00 11.04 11.09 11.15 11.21 11.26 11.30 11.34 11.38 11.41 11.44 11.47 11.49 11.51 11.53 11.54 11.57 11.58 11.60 11.61 11.62 11.63 11.64 11.65 11.66 11.66 11.67 11.68 11.69 11.70 11.71 11.72 11.73 11.73 11.74 11.75 11.76 11.77 11.77 11.78 11.79 11.80 11.79 11.80 11.81 11.82 11.82 11.83 11.84 11.84 11.85 11.86 11.86 11.87 11.88 11.88 11.89 11.90 11.90 11.91 11.92 11.92 11.93 11.93 11.94 11.95 11.95 11.96 11.96 11.97
10.86 10.87 10.88 10.89 10.91 10.91 10.93 10.94 10.94 10.96 10.96 10.97 10.99 11.04 11.10 11.15 11.21 11.25 11.29 11.33 11.36 11.39 11.41 11.45 11.47 11.49 11.50 11.52 11.53 11.55 11.56 11.57 11.58 11.60 11.61 11.62 11.63 11.64 11.65 11.66 11.67 11.67 11.68 11.68 11.69 11.70 11.71 11.72 11.72 11.73 11.74 11.75 11.76 11.76 11.77 11.78 11.78 11.79 11.80 11.80 11.81 11.81 11.82 11.82 11.83 11.84 11.84 11.85 11.86 11.86 11.87 11.88 11.88 11.89 11.89 11.90 11.91 11.91 11.92 11.92 11.93 11.94
10.83 10.85 10.86 10.87 10.88 10.90 10.90 10.92 10.92 10.94 10.94 10.96 10.98 11.04 11.10 11.15 11.20 11.24 11.28 11.32 11.35 11.37 11.40 11.42 11.45 11.46 11.48 11.50 11.51 11.52 11.53 11.55 11.56 11.57 11.58 11.59 11.60 11.61 11.62 11.63 11.63 11.64 11.65 11.66 11.66 11.67 11.68 11.68 11.69 11.70 11.71 11.71 11.72 11.73 11.74 11.74 11.75 11.76 11.76 11.77 11.78 11.79 11.79 11.80 11.80 11.81 11.82 11.82 11.83 11.84 11.84 11.85 11.86 11.86 11.87 11.88 11.88 11.89 11.89 11.90 11.90 11.91
10.81 10.82 10.83 10.84 10.86 10.87 10.88 10.89 10.91 10.91 10.93 10.94 10.98 11.04 11.10 11.14 11.19 11.23 11.26 11.29 11.33 11.35 11.38 11.40 11.41 11.44 11.46 11.47 11.48 11.50 11.51 11.52 11.53 11.54 11.55 11.56 11.57 11.58 11.58 11.59 11.60 11.61 11.62 11.63 11.63 11.64 11.65 11.66 11.66 11.66 11.67 11.68 11.69 11.69 11.70 11.71 11.72 11.72 11.73 11.74 11.74 11.75 11.76 11.76 11.77 11.78 11.78 11.79 11.80 11.80 11.81 11.82 11.82 11.83 11.83 11.84 11.85 11.85 11.86 11.86 11.87 11.88
10.78 10.79 10.81 10.82 10.84 10.85 10.85 10.87 10.88 10.90 10.91 10.93 10.99 11.04 11.09 11.14 11.18 11.22 11.25 11.29 11.31 11.34 11.36 11.37 11.39 11.41 11.42 11.45 11.46 11.47 11.48 11.48 11.49 11.51 11.51 11.52 11.53 11.54 11.55 11.56 11.57 11.58 11.59 11.59 11.60 11.61 11.62 11.62 11.63 11.64 11.65 11.64 11.65 11.66 11.67 11.67 11.68 11.69 11.70 11.70 11.71 11.72 11.72 11.73 11.74 11.74 11.75 11.76 11.76 11.77 11.77 11.78 11.79 11.79 11.80 11.80 11.81 11.82 11.82 11.83 11.84 11.84
10.75 10.76 10.77 10.79 10.80 10.82 10.83 10.84 10.86 10.87 10.88 10.93 10.98 11.04 11.09 11.13 11.17 11.20 11.23 11.27 11.29 11.32 11.33 11.35 11.37 11.38 11.40 11.41 11.42 11.43 11.45 11.46 11.47 11.48 11.49 11.50 11.51 11.52 11.52 11.53 11.53 11.54 11.55 11.56 11.57 11.58 11.58 11.59 11.60 11.61 11.61 11.62 11.63 11.64 11.64 11.64 11.65 11.65 11.66 11.67 11.68 11.68 11.69 11.70 11.70 11.71 11.71 11.72 11.73 11.73 11.74 11.75 11.75 11.76 11.76 11.77 11.78 11.78 11.79 11.79 11.80 11.81
10.71 10.73 10.74 10.76 10.77 10.78 10.80 10.82 10.83 10.84 10.87 10.92 10.98 11.03 11.08 11.12 11.16 11.19 11.22 11.25 11.27 11.29 11.31 11.33 11.34 11.36 11.37 11.38 11.40 11.41 11.42 11.43 11.44 11.45 11.46 11.47 11.48 11.49 11.49 11.50 11.51 11.51 11.52 11.53 11.53 11.54 11.55 11.56 11.56 11.57 11.58 11.59 11.59 11.60 11.61 11.62 11.62 11.63 11.64 11.64 11.64 11.65 11.65 11.66 11.67 11.67 11.68 11.69 11.69 11.70 11.71 11.71 11.72 11.72 11.73 11.74 11.74 11.75 11.75 11.76 11.77 11.77
10.68 10.69 10.71 10.72 10.74 10.76 10.77 10.78 10.80 10.82 10.85 10.91 10.97 11.03 11.07 11.11 11.14 11.17 11.21 11.23 11.25 11.27 11.29 11.31 11.32 11.33 11.35 11.36 11.37 11.38 11.39 11.40 11.41 11.42 11.43 11.43 11.44 11.45 11.46 11.47 11.48 11.49 11.49 11.50 11.50 11.51 11.52 11.52 11.53 11.54 11.55 11.55 11.56 11.57 11.58 11.58 11.59 11.60 11.60 11.61 11.62 11.62 11.63 11.64 11.64 11.65 11.66 11.66 11.67 11.66 11.67 11.68 11.68 11.69 11.70 11.70 11.71 11.72 11.73 11.74 11.74 11.75
10.63 10.66 10.67 10.69 10.70 10.71 10.74 10.75 10.76 10.79 10.85 10.91 10.97 11.01 11.06 11.09 11.12 11.15 11.19 11.21 11.23 11.25 11.27 11.28 11.30 11.31 11.32 11.33 11.34 11.35 11.36 11.37 11.38 11.38 11.39 11.40 11.41 11.42 11.43 11.44 11.45 11.45 11.46 11.47 11.48 11.49 11.48 11.49 11.50 11.51 11.51 11.52 11.53 11.53 11.54 11.55 11.55 11.56 11.57 11.57 11.58 11.59 11.60 11.60 11.61 11.61 11.62 11.63 11.63 11.64 11.64 11.65 11.66 11.66 11.67 11.68 11.68 11.69 11.69 11.70 11.71 11.71
10.59 10.62 10.63 10.65 10.66 10.68 10.69 10.71 10.74 10.78 10.84 10.90 10.95 11.00 11.04 11.08 11.12 11.14 11.17 11.19 11.21 11.23 11.24 11.26 11.27 11.28 11.29 11.31 11.32 11.33 11.34 11.35 11.36 11.36 11.37 11.37 11.38 11.39 11.40 11.40 11.41 11.42 11.43 11.44 11.44 11.45 11.46 11.47 11.46 11.47 11.48 11.49 11.49 11.50 11.51 11.51 11.52 11.53 11.53 11.54 11.55 11.55 11.56 11.57 11.57 11.58 11.59 11.59 11.60 11.61 11.61 11.62 11.62 11.63 11.63 11.64 11.65 11.65 11.66 11.67 11.67 11.68
10.55 10.57 10.60 10.61 10.63 10.64 10.66 10.68 10.70 10.76 10.83 10.89 10.95 10.99 11.03 11.07 11.10 11.12 11.15 11.17 11.18 11.20 11.22 11.23 11.24 11.26 11.27 11.28 11.29 11.30 11.30 11.31 11.32 11.33 11.34 11.35 11.36 11.36 11.36 11.37 11.38 11.39 11.39 11.40 11.41 11.42 11.43 11.43 11.44 11.45 11.46 11.45 11.46 11.47 11.47 11.48 11.49 11.49 11.50 11.51 11.51 11.52 11.53 11.53 11.54 11.54 11.55 11.56 11.56 11.57 11.58 11.58 11.59 11.59 11.60 11.61 11.61 11.62 11.62 11.63 11.64 11.64
10.51 10.54 10.55 10.57 10.59 10.61 10.62 10.65 10.69 10.76 10.83 10.89 10.93 10.98 11.01 11.05 11.08 11.10 11.12 11.14 11.16 11.18 11.19 11.20 11.22 11.23 11.24 11.25 11.26 11.27 11.27 11.28 11.29 11.30 11.31 11.32 11.32 11.33 11.34 11.34 11.35 11.36 11.36 11.37 11.38 11.38 11.39 11.40 11.41 11.41 11.42 11.43 11.44 11.44 11.44 11.45 11.45 11.46 11.47 11.47 11.48 11.49 11.49 11.50 11.51 11.51 11.52 11.52 11.53 11.54 11.54 11.55 11.55 11.56 11.57 11.57 11.58 11.58 11.59 11.59 11.60 11.61
10.47 10.49 10.51 10.52 10.54 10.56 10.58 10.61 10.68 10.75 10.82 10.87 10.92 10.96 11.00 11.03 11.05 11.08 11.10 11.12 11.14 11.15 11.17 11.18 11.19 11.20 11.21 11.22 11.23 11.23 11.24 11.25 11.26 11.27 11.28 11.29 11.29 11.30 11.31 11.32 11.32 11.32 11.33 11.34 11.34 11.35 11.36 11.37 11.37 11.38 11.39 11.39 11.40 11.41 11.42 11.42 11.43 11.43 11.43 11.44 11.45 11.45 11.46 11.46 11.47 11.48 11.48 11.49 11.49 11.50 11.51 11.51 11.52 11.53 11.53 11.54 11.54 11.55 11.55 11.56 11.57 11.57
10.43 10.45 10.47 10.48 10.50 10.52 10.55 10.61 10.68 10.75 10.81 10.87 10.91 10.95 10.99 11.02 11.04 11.06 11.09 11.09 11.11 11.13 11.14 11.15 11.16 11.18 11.19 11.20 11.21 11.21 11.22 11.22 11.23 11.24 11.24 11.25 11.26 11.27 11.28 11.29 11.29 11.30 11.31 11.30 11.31 11.32 11.33 11.33 11.34 11.35 11.36 11.36 11.37 11.38 11.38 11.39 11.39 11.40 11.41 11.41 11.42 11.43 11.43 11.43 11.44 11.44 11.45 11.46 11.46 11.47 11.47 11.48 11.48 11.49 11.50 11.50 11.51 11.51 11.52 11.54 11.54 11.55
10.39 10.41 10.42 10.44 10.46 10.48 10.53 10.61 10.69 10.74 10.80 10.85 10.89 10.93 10.97 10.99 11.02 11.04 11.06 11.08 11.10 11.11 11.11 11.13 11.14 11.15 11.16 11.17 11.18 11.18 11.19 11.20 11.21 11.22 11.21 11.22 11.23 11.24 11.24 11.25 11.26 11.27 11.28 11.28 11.29 11.29 11.29 11.30 11.31 11.32 11.32 11.33 11.33 11.34 11.35 11.36 11.36 11.37 11.37 11.38 11.39 11.39 11.40 11.41 11.41 11.42 11.42 11.43 11.44 11.44 11.45 11.45 11.46 11.47 11.47 11.48 11.48 11.49 11.50 11.50 11.51 11.51
