main/data/pressure/24.07.2023.grid
ncols 886
nrows 691
xllcenter 112.0000
yllcenter -44.5000
cellsize 0.0500
nodata_value 99999.90
[rows 185 to 221 of 691, columns 498 to 580 of 886]
7.01 7.00 6.99 6.99 6.99 6.99 7.01 7.02 7.05 7.08 7.12 7.17 7.22 7.28 7.33 7.39 7.45 7.51 7.53 7.52 7.49 7.42 7.41 7.39 7.32 7.29 7.26 7.29 7.30 7.17 7.17 7.20 7.12 7.03 6.96 6.95 7.10 6.82 6.70 6.68 6.55 6.49 6.53 6.47 6.23 6.15 6.37 6.01 6.09 6.22 6.02 5.79 5.80 5.91 5.92 5.94 5.99 5.98 5.95 5.95 5.94 5.97 5.94 5.89 5.88 5.88 5.87 5.85 5.87 5.91 5.91 5.92 5.90 5.92 5.93 5.96 5.98 6.00 5.99 5.98 5.98 5.99 5.99
7.06 7.05 7.04 7.05 7.05 7.06 7.08 7.11 7.14 7.18 7.22 7.27 7.33 7.39 7.46 7.52 7.59 7.63 7.61 7.59 7.54 7.49 7.45 7.43 7.41 7.38 7.38 7.33 7.33 7.24 7.21 7.19 7.17 7.09 7.06 6.94 6.90 7.10 6.79 6.72 6.59 6.57 6.55 6.41 6.17 6.00 6.08 6.20 5.88 6.17 5.79 5.66 5.71 5.84 5.80 5.86 5.93 5.94 5.92 5.92 5.93 5.94 5.96 5.84 5.85 5.85 5.84 5.83 5.85 5.90 5.90 5.88 5.85 5.86 5.89 5.93 5.96 5.98 5.99 5.98 6.00 6.00 6.00
7.11 7.11 7.11 7.11 7.11 7.13 7.15 7.20 7.23 7.28 7.33 7.38 7.44 7.52 7.59 7.67 7.73 7.72 7.68 7.65 7.60 7.55 7.52 7.49 7.56 7.53 7.50 7.42 7.34 7.29 7.27 7.25 7.23 7.15 7.26 7.26 7.29 7.26 7.20 7.01 6.74 6.53 6.58 6.48 6.33 6.14 6.10 6.09 6.13 5.93 5.75 5.62 5.77 5.93 5.93 5.90 5.93 5.91 5.88 5.88 5.86 5.85 5.87 5.80 5.81 5.81 5.78 5.77 5.81 5.85 5.87 5.88 5.84 5.82 5.85 5.89 5.93 5.96 5.97 5.99 5.99 5.99 6.00
7.16 7.16 7.16 7.17 7.18 7.20 7.23 7.27 7.32 7.37 7.43 7.49 7.56 7.64 7.72 7.80 7.81 7.78 7.75 7.71 7.66 7.61 7.59 7.54 7.55 7.53 7.49 7.41 7.36 7.33 7.29 7.26 7.27 7.29 7.21 7.10 7.22 7.30 7.22 7.15 6.97 6.80 6.46 6.42 6.31 6.23 6.06 5.98 6.01 5.83 5.89 6.00 5.99 6.00 6.00 5.98 5.94 5.90 5.87 5.84 5.82 5.80 5.77 5.77 5.77 5.77 5.75 5.74 5.76 5.80 5.84 5.81 5.81 5.80 5.80 5.85 5.90 5.95 5.97 5.98 5.98 5.99 5.99
7.21 7.21 7.22 7.22 7.24 7.27 7.30 7.34 7.40 7.45 7.52 7.60 7.68 7.77 7.84 7.89 7.88 7.83 7.79 7.75 7.72 7.67 7.65 7.61 7.59 7.54 7.51 7.44 7.41 7.37 7.33 7.35 7.35 7.25 7.18 7.11 7.08 7.25 7.12 6.81 6.81 6.77 6.50 6.46 6.21 6.09 6.01 5.94 5.86 5.78 5.96 5.88 5.87 6.02 5.96 5.91 5.90 5.90 5.87 5.85 5.80 5.76 5.74 5.73 5.71 5.70 5.70 5.69 5.72 5.76 5.81 5.80 5.78 5.78 5.77 5.81 5.86 5.91 5.95 5.97 5.97 5.99 5.99
7.25 7.27 7.26 7.28 7.29 7.33 7.37 7.42 7.47 7.54 7.61 7.71 7.80 7.88 7.95 7.95 7.92 7.89 7.84 7.78 7.76 7.74 7.70 7.67 7.62 7.58 7.54 7.50 7.46 7.42 7.38 7.41 7.34 7.25 7.18 7.10 7.04 7.19 6.97 6.83 6.76 6.70 6.45 6.41 6.31 6.09 5.99 5.89 5.86 5.98 6.03 6.04 5.97 5.80 5.88 5.83 5.86 5.89 5.83 5.80 5.80 5.76 5.75 5.85 5.67 5.65 5.65 5.58 5.66 5.71 5.75 5.77 5.72 5.78 5.79 5.80 5.83 5.86 5.91 5.92 5.96 5.98 5.98
7.30 7.32 7.32 7.33 7.36 7.38 7.44 7.49 7.56 7.62 7.70 7.81 7.91 7.99 8.01 7.99 7.96 7.94 7.91 7.86 7.84 7.81 7.74 7.73 7.68 7.63 7.59 7.54 7.52 7.49 7.48 7.43 7.34 7.27 7.18 7.13 7.14 7.06 6.90 6.82 6.74 6.69 6.51 6.38 6.34 6.15 5.96 5.94 6.02 5.94 5.86 6.04 5.93 5.66 5.71 5.69 5.84 5.89 5.75 5.82 5.81 5.76 5.73 5.87 5.70 5.66 5.63 5.56 5.60 5.63 5.69 5.70 5.74 5.75 5.77 5.80 5.83 5.85 5.87 5.93 5.94 5.96 5.98
7.36 7.36 7.36 7.38 7.42 7.46 7.51 7.56 7.64 7.72 7.82 7.91 8.01 8.07 8.06 8.03 8.01 7.98 7.96 7.92 7.90 7.85 7.80 7.77 7.73 7.68 7.64 7.59 7.56 7.53 7.50 7.42 7.36 7.28 7.20 7.15 7.11 7.06 6.86 6.69 6.74 6.67 6.42 6.38 6.31 6.23 6.02 5.99 5.99 5.86 6.02 5.96 5.68 5.65 5.79 5.82 5.88 5.90 5.88 5.87 5.78 5.76 5.74 5.91 5.81 5.69 5.60 5.54 5.56 5.59 5.62 5.61 5.62 5.65 5.70 5.77 5.79 5.83 5.87 5.90 5.92 5.93 5.96
7.39 7.39 7.41 7.43 7.47 7.53 7.57 7.63 7.72 7.82 7.90 8.00 8.10 8.13 8.11 8.07 8.04 8.02 7.99 7.97 7.94 7.92 7.87 7.83 7.78 7.72 7.68 7.63 7.59 7.57 7.53 7.43 7.37 7.30 7.21 7.13 7.04 6.98 6.88 6.76 6.73 6.64 6.36 6.29 6.28 6.13 6.05 5.89 5.91 5.98 5.99 5.78 5.65 5.83 5.89 5.89 5.88 5.90 5.90 5.73 5.73 5.77 5.77 5.77 5.74 5.71 5.64 5.59 5.57 5.56 5.57 5.57 5.53 5.60 5.67 5.72 5.75 5.79 5.83 5.85 5.89 5.92 5.94
7.42 7.43 7.45 7.49 7.53 7.58 7.64 7.71 7.80 7.88 7.98 8.09 8.18 8.18 8.14 8.11 8.08 8.05 8.02 8.00 7.97 7.94 7.93 7.88 7.83 7.77 7.72 7.67 7.62 7.58 7.54 7.48 7.38 7.28 7.19 7.11 7.02 6.94 6.85 6.77 6.70 6.60 6.41 6.15 6.22 6.13 6.02 6.00 5.96 6.08 5.82 5.74 5.83 5.86 5.88 5.89 5.93 5.86 5.89 5.73 5.76 5.74 6.00 5.77 5.76 5.72 5.65 5.60 5.58 5.58 5.57 5.52 5.49 5.56 5.61 5.65 5.71 5.75 5.77 5.80 5.85 5.88 5.93
7.45 7.49 7.51 7.53 7.59 7.64 7.70 7.77 7.85 7.94 8.05 8.14 8.23 8.20 8.18 8.15 8.11 8.09 8.05 8.02 7.99 7.96 7.94 7.93 7.85 7.80 7.76 7.71 7.65 7.59 7.52 7.45 7.40 7.26 7.17 7.06 6.99 6.87 6.77 6.70 6.69 6.51 6.37 6.10 6.22 6.15 6.14 6.14 6.15 5.76 5.85 5.88 5.79 5.78 5.84 5.86 5.93 5.90 5.79 5.70 5.74 5.82 5.87 5.80 5.77 5.74 5.64 5.60 5.60 5.60 5.59 5.51 5.48 5.51 5.55 5.57 5.65 5.67 5.70 5.75 5.80 5.85 5.89
7.51 7.54 7.54 7.57 7.63 7.67 7.74 7.81 7.91 8.01 8.11 8.21 8.26 8.24 8.22 8.18 8.14 8.12 8.09 8.05 8.02 8.00 7.98 7.97 7.92 7.86 7.82 7.77 7.69 7.62 7.54 7.46 7.38 7.28 7.14 7.03 6.97 6.86 6.72 6.61 6.57 6.36 6.31 6.26 6.21 6.07 6.12 6.17 6.15 5.90 5.79 5.75 5.75 5.75 5.77 5.83 5.88 5.89 5.67 5.49 5.73 5.82 5.84 5.77 5.78 5.76 5.69 5.62 5.63 5.62 5.62 5.52 5.53 5.55 5.53 5.55 5.59 5.61 5.65 5.71 5.76 5.82 5.87
7.54 7.57 7.58 7.62 7.65 7.69 7.74 7.84 7.95 8.04 8.16 8.25 8.29 8.28 8.25 8.23 8.18 8.15 8.11 8.08 8.05 8.02 8.00 7.98 7.96 7.89 7.83 7.75 7.73 7.65 7.55 7.45 7.35 7.27 7.15 7.00 6.95 6.87 6.72 6.61 6.55 6.46 6.33 6.24 6.18 6.03 6.10 6.15 6.14 6.02 5.79 5.69 5.77 5.75 5.74 5.78 5.83 5.89 5.74 5.45 5.76 5.82 5.83 5.60 5.78 5.77 5.68 5.65 5.63 5.63 5.64 5.59 5.58 5.55 5.54 5.54 5.55 5.54 5.59 5.66 5.71 5.78 5.84
7.56 7.59 7.62 7.65 7.69 7.71 7.77 7.85 7.97 8.09 8.19 8.30 8.34 8.31 8.29 8.26 8.23 8.20 8.16 8.13 8.09 8.03 8.00 7.88 7.98 7.92 7.84 7.80 7.73 7.66 7.56 7.45 7.32 7.22 7.13 7.08 6.97 6.88 6.76 6.64 6.57 6.67 6.57 6.28 6.15 6.03 6.02 6.23 6.17 5.99 5.75 5.66 5.76 5.84 5.85 5.77 5.80 5.89 5.77 5.69 5.85 5.85 5.83 5.81 5.83 5.80 5.70 5.64 5.63 5.61 5.64 5.62 5.58 5.56 5.56 5.56 5.55 5.55 5.57 5.60 5.66 5.74 5.80
7.57 7.60 7.65 7.65 7.71 7.77 7.83 7.91 8.02 8.07 8.20 8.33 8.38 8.35 8.31 8.27 8.25 8.24 8.19 8.20 8.12 8.06 8.05 7.96 8.01 7.94 7.87 7.83 7.73 7.66 7.55 7.44 7.30 7.17 7.12 7.06 6.97 6.88 6.77 6.64 6.55 6.80 6.47 6.27 6.20 6.01 5.88 6.05 6.19 6.10 5.97 5.60 5.80 5.87 5.94 5.61 5.77 5.89 5.78 5.81 5.92 5.84 5.82 5.72 5.85 5.81 5.70 5.68 5.65 5.64 5.63 5.62 5.59 5.56 5.56 5.55 5.55 5.55 5.56 5.60 5.63 5.70 5.77
7.59 7.63 7.68 7.68 7.72 7.78 7.86 7.93 8.03 8.12 8.23 8.34 8.42 8.39 8.35 8.30 8.27 8.26 8.27 8.23 8.17 8.11 8.05 8.06 8.03 7.96 7.90 7.83 7.74 7.66 7.56 7.45 7.30 7.18 7.10 7.02 6.95 6.89 6.74 6.73 6.89 6.50 6.37 6.24 6.20 6.08 6.05 6.19 6.12 6.10 6.05 5.94 5.91 5.81 5.90 5.98 5.99 6.00 5.98 5.99 5.78 5.89 5.92 5.84 5.87 5.80 5.70 5.67 5.67 5.65 5.66 5.63 5.60 5.60 5.57 5.56 5.56 5.56 5.56 5.61 5.64 5.69 5.75
7.61 7.65 7.69 7.73 7.75 7.80 7.86 7.94 8.05 8.13 8.26 8.36 8.42 8.37 8.35 8.33 8.30 8.29 8.30 8.25 8.18 8.15 8.12 8.08 8.04 7.97 7.88 7.82 7.76 7.66 7.56 7.44 7.31 7.21 7.10 7.02 6.92 6.88 6.80 6.89 6.57 6.45 6.36 6.29 6.24 6.17 6.18 6.16 6.07 6.01 5.96 5.99 5.81 5.90 6.02 5.79 5.97 6.00 6.07 6.05 6.02 5.99 5.93 5.91 5.88 5.84 5.77 5.71 5.69 5.67 5.67 5.64 5.61 5.60 5.57 5.56 5.55 5.55 5.57 5.61 5.64 5.71 5.77
7.62 7.67 7.70 7.75 7.79 7.83 7.88 7.96 8.06 8.14 8.25 8.37 8.43 8.42 8.39 8.36 8.33 8.32 8.31 8.27 8.21 8.17 8.13 8.10 8.04 7.98 7.89 7.82 7.75 7.66 7.56 7.43 7.30 7.21 7.10 6.94 6.91 6.92 7.05 6.67 6.53 6.43 6.38 6.34 6.26 6.19 6.18 6.03 5.99 5.99 5.96 6.00 5.81 5.89 5.72 5.73 5.96 6.13 5.96 5.99 6.00 6.01 5.95 5.87 5.90 5.84 5.79 5.74 5.72 5.70 5.67 5.63 5.61 5.60 5.57 5.56 5.56 5.56 5.58 5.62 5.67 5.72 5.77
7.63 7.68 7.71 7.75 7.80 7.85 7.89 7.96 8.05 8.13 8.24 8.35 8.43 8.45 8.43 8.40 8.36 8.34 8.33 8.27 8.23 8.20 8.13 8.11 8.05 7.97 7.89 7.83 7.76 7.66 7.57 7.41 7.28 7.20 7.13 7.00 6.92 6.86 6.73 6.70 6.59 6.45 6.41 6.35 6.30 6.21 6.09 5.97 5.89 5.96 6.02 5.90 5.66 5.92 6.00 5.77 6.16 6.01 5.84 5.83 6.00 5.97 5.88 5.90 5.92 5.78 5.73 5.75 5.73 5.71 5.68 5.65 5.64 5.61 5.58 5.58 5.55 5.57 5.58 5.63 5.67 5.71 5.77
7.61 7.67 7.71 7.75 7.80 7.85 7.90 7.95 8.03 8.13 8.22 8.32 8.41 8.47 8.46 8.43 8.39 8.36 8.33 8.30 8.25 8.21 8.16 8.11 8.04 7.98 7.90 7.83 7.75 7.66 7.55 7.38 7.28 7.28 7.12 6.96 7.01 7.11 6.93 6.71 6.63 6.54 6.46 6.41 6.33 6.27 6.19 6.05 6.03 5.89 6.04 6.01 5.97 6.00 6.08 5.92 6.11 5.86 5.88 5.85 5.95 5.96 5.86 5.89 5.93 5.62 5.69 5.76 5.73 5.68 5.68 5.67 5.64 5.61 5.59 5.59 5.58 5.59 5.60 5.63 5.67 5.72 5.79
7.62 7.66 7.70 7.74 7.79 7.84 7.89 7.93 8.00 8.10 8.19 8.29 8.38 8.45 8.46 8.43 8.40 8.37 8.32 8.31 8.24 8.21 8.17 8.11 8.02 7.99 7.91 7.83 7.74 7.66 7.54 7.43 7.35 7.32 7.12 7.01 7.11 6.96 6.78 6.70 6.61 6.56 6.50 6.42 6.32 6.27 6.19 6.14 6.08 5.86 6.01 5.99 5.82 6.03 6.02 6.05 5.90 6.20 6.00 5.91 6.08 5.89 5.78 5.85 5.94 5.76 5.62 5.72 5.73 5.70 5.70 5.67 5.65 5.62 5.60 5.59 5.59 5.59 5.62 5.64 5.67 5.73 5.81
7.64 7.66 7.69 7.73 7.77 7.81 7.87 7.93 7.98 8.07 8.15 8.24 8.32 8.40 8.45 8.44 8.41 8.38 8.34 8.31 8.26 8.22 8.17 8.11 8.06 7.99 7.90 7.82 7.73 7.64 7.55 7.46 7.49 7.38 7.24 7.19 7.06 6.73 6.73 6.70 6.63 6.56 6.49 6.44 6.37 6.25 6.04 6.05 6.05 5.90 6.06 6.02 5.99 6.07 6.04 5.92 6.01 6.13 6.01 6.11 5.99 5.82 5.87 5.91 5.91 5.89 5.76 5.78 5.70 5.73 5.71 5.69 5.66 5.63 5.61 5.61 5.61 5.60 5.62 5.65 5.68 5.74 5.83
7.64 7.63 7.67 7.72 7.75 7.78 7.83 7.90 7.97 8.02 8.10 8.18 8.27 8.34 8.41 8.44 8.42 8.38 8.34 8.31 8.26 8.21 8.16 8.11 8.02 7.98 7.89 7.78 7.70 7.67 7.64 7.55 7.29 7.09 7.12 7.03 7.03 6.80 6.65 6.66 6.63 6.57 6.49 6.42 6.39 6.31 5.92 6.09 6.13 6.17 6.16 6.02 6.20 6.14 6.13 5.93 5.93 5.86 6.16 6.04 5.99 5.77 5.90 5.89 5.89 5.88 5.78 5.69 5.77 5.76 5.73 5.70 5.67 5.64 5.63 5.62 5.60 5.62 5.63 5.65 5.69 5.77 5.83
7.61 7.59 7.63 7.68 7.74 7.78 7.81 7.85 7.92 7.99 8.06 8.13 8.20 8.28 8.34 8.40 8.40 8.39 8.35 8.30 8.25 8.20 8.14 8.08 8.03 7.97 7.92 7.85 7.76 7.63 7.45 7.30 7.34 7.15 6.99 6.89 6.90 6.84 6.64 6.55 6.59 6.57 6.51 6.45 6.41 6.36 6.21 6.27 6.20 6.10 6.15 6.22 6.20 6.04 5.99 6.08 6.20 6.20 6.10 5.91 5.85 5.86 5.86 5.82 5.94 5.83 5.83 5.83 5.83 5.79 5.75 5.71 5.66 5.65 5.63 5.63 5.60 5.62 5.64 5.65 5.72 5.80 5.87
7.60 7.58 7.62 7.64 7.72 7.78 7.80 7.83 7.89 7.94 8.02 8.07 8.14 8.21 8.27 8.30 8.35 8.37 8.33 8.29 8.23 8.17 8.10 8.04 8.04 7.91 7.79 7.69 7.65 7.51 7.43 7.31 7.28 7.15 7.05 6.95 6.78 6.79 6.72 6.62 6.61 6.59 6.53 6.48 6.44 6.38 6.35 6.29 6.22 6.13 6.09 6.21 6.17 5.96 6.16 6.08 5.95 6.23 6.14 5.93 5.79 5.74 5.92 5.99 5.90 5.73 5.82 5.85 5.85 5.79 5.75 5.72 5.70 5.67 5.64 5.65 5.62 5.65 5.66 5.65 5.75 5.82 5.90
7.60 7.60 7.61 7.65 7.70 7.75 7.79 7.82 7.86 7.90 7.96 8.02 8.07 8.13 8.20 8.24 8.30 8.33 8.30 8.26 8.19 8.14 8.11 8.07 7.94 7.80 7.78 7.69 7.59 7.46 7.37 7.29 7.21 7.05 6.94 6.88 6.68 6.67 6.69 6.70 6.65 6.60 6.56 6.52 6.38 6.29 6.36 6.32 6.27 6.13 5.98 6.18 6.05 5.93 6.04 5.99 6.15 6.17 6.06 5.79 5.79 5.90 6.06 5.83 5.58 5.75 5.64 5.84 5.85 5.77 5.74 5.74 5.66 5.64 5.66 5.66 5.65 5.68 5.70 5.71 5.77 5.84 5.91
7.61 7.61 7.62 7.64 7.69 7.74 7.77 7.81 7.83 7.87 7.91 7.96 8.01 8.06 8.11 8.16 8.21 8.26 8.26 8.22 8.16 8.08 8.03 7.97 7.88 7.81 7.72 7.62 7.54 7.43 7.32 7.27 7.20 7.00 6.92 6.94 6.83 6.82 6.78 6.70 6.62 6.60 6.57 6.51 6.37 6.24 6.38 6.34 6.32 6.30 6.21 5.95 6.28 6.03 6.21 5.97 5.94 6.25 6.09 6.03 5.83 5.94 5.84 5.84 5.99 5.90 5.93 5.91 5.84 5.71 5.77 5.67 5.53 5.67 5.66 5.69 5.68 5.71 5.74 5.77 5.82 5.87 5.92
7.61 7.61 7.61 7.64 7.67 7.72 7.75 7.77 7.80 7.84 7.87 7.91 7.95 7.99 8.00 8.08 8.13 8.16 8.19 8.18 8.15 8.11 7.99 7.92 7.84 7.77 7.68 7.60 7.50 7.40 7.28 7.25 7.14 7.05 7.01 6.95 6.88 6.81 6.76 6.69 6.58 6.57 6.58 6.53 6.40 6.27 6.37 6.38 6.39 6.34 6.24 6.24 6.36 6.20 6.15 6.30 6.27 6.26 5.90 5.83 5.76 5.93 5.67 6.03 5.85 5.81 5.68 5.91 5.74 5.76 5.74 5.74 5.71 5.69 5.68 5.61 5.62 5.65 5.73 5.78 5.82 5.87 5.93
7.60 7.61 7.61 7.61 7.66 7.70 7.72 7.74 7.77 7.80 7.82 7.85 7.90 7.92 7.80 7.91 8.03 8.07 8.10 8.11 8.07 8.05 7.95 7.88 7.80 7.72 7.64 7.55 7.47 7.38 7.30 7.21 7.14 7.08 7.01 6.92 6.85 6.74 6.74 6.72 6.68 6.62 6.61 6.57 6.49 6.43 6.45 6.44 6.41 6.34 6.42 6.44 6.43 6.20 6.13 6.23 6.13 6.22 6.15 5.68 5.88 5.61 6.07 6.01 5.83 5.75 5.95 5.82 5.83 5.79 5.70 5.70 5.72 5.70 5.68 5.58 5.68 5.68 5.75 5.79 5.83 5.87 5.93
7.60 7.60 7.61 7.61 7.64 7.68 7.70 7.71 7.73 7.75 7.77 7.80 7.85 7.82 7.71 7.77 7.97 7.99 8.01 8.03 8.04 7.99 7.92 7.84 7.76 7.68 7.59 7.49 7.42 7.34 7.28 7.19 7.13 7.07 7.01 6.94 6.88 6.81 6.77 6.73 6.69 6.64 6.63 6.59 6.56 6.52 6.47 6.37 6.35 6.32 6.36 6.40 6.43 5.95 6.36 6.30 6.33 6.30 6.15 5.96 5.62 5.74 5.73 5.70 5.81 5.88 5.94 5.63 5.64 5.77 5.75 5.71 5.80 5.75 5.71 5.59 5.70 5.73 5.77 5.81 5.83 5.88 5.94
7.58 7.59 7.62 7.63 7.64 7.66 7.68 7.69 7.70 7.71 7.72 7.75 7.81 7.83 7.81 7.84 7.89 7.93 7.92 7.95 7.99 7.94 7.85 7.76 7.67 7.63 7.53 7.46 7.38 7.32 7.26 7.18 7.12 7.06 7.01 6.95 6.90 6.83 6.78 6.73 6.70 6.65 6.63 6.62 6.52 6.49 6.42 6.37 6.39 6.35 6.36 6.12 6.45 6.11 6.19 6.19 5.85 6.21 6.07 5.99 5.91 5.67 5.84 5.37 5.86 5.93 5.90 5.78 5.69 5.70 5.75 5.84 5.83 5.71 5.64 5.67 5.69 5.72 5.77 5.81 5.85 5.89 5.94
7.60 7.60 7.60 7.60 7.61 7.63 7.64 7.66 7.67 7.68 7.69 7.72 7.75 7.79 7.81 7.83 7.87 7.88 7.87 7.92 7.93 7.85 7.77 7.70 7.62 7.58 7.51 7.43 7.36 7.31 7.25 7.18 7.12 7.06 7.01 6.96 6.91 6.85 6.80 6.76 6.71 6.66 6.64 6.59 6.55 6.52 6.48 6.41 6.35 6.24 6.27 6.23 6.44 6.21 6.13 6.05 6.15 6.09 6.07 5.75 5.57 5.67 5.88 5.75 6.01 5.66 5.61 5.44 5.49 5.60 5.81 5.69 5.84 5.76 5.55 5.51 5.60 5.72 5.78 5.82 5.85 5.91 5.97
7.62 7.61 7.59 7.56 7.57 7.59 7.62 7.64 7.65 7.66 7.67 7.68 7.70 7.72 7.76 7.78 7.79 7.82 7.86 7.85 7.80 7.77 7.73 7.66 7.57 7.53 7.49 7.42 7.34 7.30 7.24 7.18 7.12 7.07 7.02 6.94 6.90 6.85 6.82 6.76 6.72 6.69 6.65 6.61 6.53 6.51 6.48 6.43 6.31 6.25 6.25 6.34 6.40 6.28 6.14 5.94 6.06 6.04 6.08 5.72 5.99 6.04 6.05 6.02 5.93 5.71 5.74 5.61 5.79 5.72 5.73 5.77 5.84 5.78 5.73 5.53 5.72 5.75 5.80 5.82 5.85 5.90 5.97
7.65 7.64 7.62 7.59 7.59 7.60 7.62 7.64 7.64 7.64 7.65 7.66 7.67 7.69 7.72 7.74 7.76 7.79 7.83 7.81 7.78 7.74 7.70 7.64 7.58 7.49 7.44 7.39 7.35 7.30 7.24 7.18 7.13 7.08 7.03 6.97 6.92 6.86 6.82 6.77 6.69 6.68 6.66 6.62 6.58 6.53 6.50 6.43 6.31 6.19 6.04 6.29 6.25 6.32 6.12 5.82 5.82 6.11 6.00 5.60 5.74 5.81 5.97 5.81 5.89 5.67 5.62 5.96 5.92 5.55 5.83 5.83 5.53 5.65 5.71 5.47 5.40 5.71 5.78 5.81 5.84 5.89 5.93
7.67 7.67 7.65 7.63 7.62 7.61 7.62 7.63 7.64 7.63 7.63 7.64 7.66 7.67 7.69 7.71 7.73 7.75 7.73 7.79 7.80 7.73 7.67 7.62 7.47 7.44 7.41 7.37 7.34 7.30 7.24 7.18 7.14 7.08 7.04 6.98 6.91 6.88 6.83 6.78 6.74 6.72 6.68 6.65 6.60 6.52 6.52 6.47 6.40 6.24 6.36 6.35 6.10 6.17 6.16 5.89 6.05 6.16 5.98 5.81 5.83 5.52 5.88 5.88 5.93 5.80 5.86 5.88 5.78 5.61 5.60 5.80 5.65 5.61 5.60 5.31 5.63 5.71 5.76 5.81 5.85 5.88 5.93
7.71 7.70 7.68 7.66 7.64 7.63 7.63 7.62 7.62 7.62 7.62 7.63 7.64 7.65 7.67 7.69 7.71 7.72 7.73 7.75 7.76 7.72 7.67 7.58 7.48 7.44 7.40 7.37 7.34 7.31 7.26 7.20 7.15 7.09 7.04 6.99 6.94 6.90 6.86 6.82 6.79 6.75 6.71 6.68 6.64 6.57 6.55 6.52 6.50 6.45 6.33 6.30 6.20 6.09 6.15 6.07 6.13 6.10 5.75 6.00 5.97 5.95 6.06 6.07 5.96 5.97 5.97 5.92 5.92 5.71 5.76 5.86 5.83 5.59 5.54 5.35 5.44 5.53 5.75 5.82 5.86 5.88 5.95
7.74 7.70 7.68 7.67 7.65 7.64 7.62 7.62 7.62 7.61 7.61 7.62 7.63 7.64 7.66 7.67 7.69 7.72 7.74 7.74 7.73 7.70 7.65 7.56 7.48 7.45 7.41 7.38 7.35 7.32 7.27 7.19 7.15 7.10 7.06 7.00 6.96 6.92 6.88 6.84 6.80 6.75 6.73 6.69 6.65 6.60 6.57 6.55 6.53 6.49 6.44 6.22 6.01 6.04 6.11 6.12 6.15 6.11 6.06 6.09 6.11 6.11 6.17 6.12 6.05 6.05 6.03 5.99 5.96 5.90 5.88 5.89 5.83 5.79 5.72 5.65 5.62 5.69 5.78 5.84 5.86 5.91 5.94
