main/data/pressure/24.07.2023.grid
ncols 886
nrows 691
xllcenter 112.0000
yllcenter -44.5000
cellsize 0.0500
nodata_value 99999.90
[rows 370 to 406 of 691, columns 0 to 82 of 886]
8.10 8.12 8.15 8.19 8.24 8.30 8.39 8.49 8.62 8.75 8.91 9.11 9.31 9.54 9.80 10.07 10.36 10.66 10.92 10.94 10.87 10.78 10.69 10.60 10.50 10.40 10.29 10.16 10.03 9.90 9.76 9.62 9.45 9.29 9.12 8.94 8.76 8.57 8.38 8.18 7.98 7.78 7.58 7.39 7.20 7.03 6.85 6.68 6.53 6.40 6.26 6.06 5.82 5.50 5.39 5.49 5.46 5.23 5.23 5.23 5.16 5.16 5.15 5.20 5.31 5.12 5.24 5.23 5.17 5.20 5.23 5.16 5.09 5.04 5.04 4.99 4.93 4.92 4.94 4.96 4.93 4.88 4.86
8.12 8.14 8.17 8.20 8.25 8.32 8.39 8.49 8.60 8.74 8.90 9.07 9.28 9.50 9.74 9.99 10.28 10.57 10.85 10.98 10.93 10.85 10.76 10.67 10.57 10.47 10.36 10.25 10.12 9.98 9.84 9.69 9.54 9.38 9.20 9.03 8.84 8.65 8.45 8.25 8.06 7.86 7.66 7.47 7.27 7.09 6.92 6.76 6.61 6.47 6.35 6.23 5.96 5.76 5.64 5.65 5.56 5.41 5.41 5.25 5.20 5.30 5.30 5.36 5.39 5.37 5.31 5.17 5.24 5.26 5.22 5.23 5.13 5.10 5.11 5.00 4.92 4.92 4.95 4.95 4.94 4.92 4.91
8.14 8.15 8.18 8.21 8.25 8.31 8.39 8.48 8.59 8.71 8.86 9.03 9.22 9.43 9.66 9.91 10.17 10.46 10.74 10.97 10.98 10.91 10.83 10.74 10.64 10.54 10.43 10.31 10.19 10.06 9.92 9.77 9.61 9.45 9.28 9.09 8.91 8.72 8.52 8.32 8.11 7.92 7.72 7.53 7.34 7.16 6.99 6.83 6.68 6.54 6.42 6.32 6.10 5.82 5.83 5.68 5.52 5.49 5.52 5.28 5.30 5.37 5.47 5.27 5.28 5.40 5.44 5.43 5.40 5.39 5.25 5.21 5.12 5.16 5.17 5.06 5.00 4.98 4.99 4.98 4.97 4.97 4.97
8.15 8.17 8.19 8.22 8.26 8.31 8.38 8.47 8.56 8.69 8.82 8.98 9.16 9.35 9.57 9.80 10.05 10.31 10.59 10.85 10.99 10.97 10.88 10.79 10.70 10.61 10.50 10.38 10.26 10.13 9.99 9.84 9.68 9.51 9.33 9.15 8.97 8.77 8.57 8.37 8.17 7.97 7.76 7.57 7.39 7.21 7.04 6.89 6.74 6.61 6.50 6.40 6.27 5.71 5.93 5.54 5.72 5.73 5.64 5.45 5.41 5.54 5.40 5.33 5.30 5.36 5.44 5.47 5.45 5.43 5.39 5.31 5.23 5.23 5.23 5.11 5.09 5.07 5.05 5.04 5.03 5.01 5.02
8.17 8.18 8.20 8.23 8.26 8.31 8.37 8.44 8.54 8.64 8.78 8.92 9.09 9.26 9.46 9.68 9.91 10.15 10.41 10.67 10.89 10.98 10.93 10.86 10.76 10.66 10.55 10.43 10.31 10.17 10.04 9.89 9.73 9.56 9.38 9.20 9.01 8.81 8.61 8.40 8.20 8.00 7.80 7.61 7.42 7.24 7.09 6.94 6.79 6.67 6.55 6.46 6.37 6.13 5.97 6.01 5.86 5.60 5.49 5.45 5.53 5.62 5.47 5.42 5.36 5.37 5.34 5.49 5.50 5.48 5.45 5.40 5.35 5.32 5.30 5.25 5.22 5.20 5.14 5.11 5.11 5.09 5.08
8.19 8.19 8.20 8.23 8.26 8.30 8.36 8.43 8.50 8.61 8.72 8.85 9.00 9.17 9.35 9.55 9.76 9.98 10.22 10.46 10.69 10.88 10.95 10.90 10.81 10.70 10.60 10.48 10.36 10.22 10.08 9.93 9.77 9.59 9.41 9.23 9.03 8.84 8.63 8.43 8.23 8.02 7.82 7.63 7.46 7.28 7.12 6.97 6.84 6.72 6.61 6.52 6.43 6.32 5.86 6.09 5.87 5.66 5.68 5.47 5.57 5.72 5.54 5.41 5.44 5.39 5.39 5.48 5.50 5.52 5.46 5.42 5.39 5.37 5.33 5.27 5.26 5.28 5.19 5.17 5.18 5.19 5.19
8.20 8.20 8.22 8.24 8.25 8.29 8.35 8.40 8.48 8.57 8.67 8.79 8.92 9.07 9.23 9.41 9.61 9.81 10.03 10.24 10.45 10.67 10.84 10.89 10.84 10.75 10.64 10.52 10.40 10.26 10.11 9.95 9.79 9.62 9.44 9.25 9.05 8.85 8.65 8.44 8.23 8.03 7.84 7.66 7.48 7.31 7.15 7.01 6.88 6.76 6.66 6.58 6.46 6.32 6.30 6.15 6.03 6.03 5.74 5.66 5.57 5.80 5.69 5.58 5.51 5.45 5.39 5.51 5.55 5.57 5.48 5.39 5.35 5.42 5.37 5.29 5.22 5.24 5.20 5.22 5.27 5.30 5.30
8.22 8.21 8.22 8.23 8.26 8.29 8.32 8.38 8.45 8.52 8.61 8.71 8.84 8.97 9.12 9.27 9.45 9.63 9.83 10.02 10.21 10.41 10.59 10.75 10.82 10.77 10.67 10.55 10.42 10.29 10.14 9.98 9.81 9.63 9.45 9.26 9.06 8.86 8.65 8.44 8.24 8.04 7.85 7.67 7.49 7.34 7.18 7.04 6.92 6.81 6.72 6.63 6.56 6.45 6.40 6.33 6.13 6.17 6.08 5.99 5.92 5.78 5.66 5.62 5.61 5.55 5.49 5.53 5.56 5.58 5.56 5.50 5.53 5.51 5.42 5.38 5.31 5.23 5.24 5.30 5.36 5.40 5.38
8.23 8.23 8.23 8.24 8.25 8.28 8.31 8.36 8.41 8.48 8.56 8.65 8.76 8.87 9.00 9.14 9.30 9.45 9.63 9.79 9.97 10.14 10.32 10.47 10.60 10.69 10.66 10.58 10.44 10.30 10.15 9.99 9.82 9.64 9.45 9.26 9.06 8.85 8.64 8.44 8.24 8.04 7.85 7.68 7.51 7.35 7.21 7.08 6.96 6.85 6.76 6.68 6.61 6.54 6.42 6.38 6.31 6.07 5.83 5.87 5.83 5.76 5.68 5.66 5.64 5.59 5.57 5.54 5.56 5.64 5.54 5.62 5.59 5.49 5.44 5.42 5.39 5.28 5.27 5.33 5.42 5.46 5.40
8.25 8.24 8.23 8.24 8.25 8.27 8.30 8.33 8.38 8.44 8.50 8.58 8.68 8.77 8.89 9.01 9.15 9.29 9.43 9.59 9.74 9.89 10.04 10.17 10.30 10.41 10.49 10.51 10.43 10.31 10.16 9.99 9.82 9.64 9.44 9.24 9.04 8.84 8.64 8.43 8.23 8.04 7.85 7.68 7.52 7.37 7.23 7.11 7.00 6.89 6.81 6.74 6.66 6.60 6.54 6.46 6.42 6.32 6.05 5.87 5.78 5.74 5.72 5.76 5.68 5.62 5.62 5.59 5.53 5.76 5.78 5.76 5.50 5.44 5.45 5.45 5.32 5.43 5.43 5.45 5.51 5.50 5.41
8.26 8.25 8.25 8.25 8.26 8.26 8.28 8.32 8.36 8.40 8.45 8.52 8.60 8.68 8.78 8.88 9.00 9.13 9.25 9.38 9.51 9.65 9.77 9.89 10.01 10.10 10.19 10.24 10.27 10.24 10.13 9.98 9.81 9.62 9.43 9.22 9.02 8.82 8.61 8.41 8.21 8.03 7.85 7.68 7.53 7.39 7.26 7.14 7.04 6.94 6.86 6.78 6.72 6.67 6.62 6.51 6.49 6.42 6.38 5.87 5.91 5.94 5.84 5.82 5.74 5.75 5.73 5.70 5.83 5.79 5.83 5.71 5.67 5.60 5.52 5.54 5.55 5.52 5.57 5.53 5.49 5.56 5.50
8.28 8.27 8.26 8.25 8.25 8.26 8.28 8.30 8.33 8.36 8.41 8.47 8.53 8.60 8.68 8.78 8.87 8.97 9.09 9.19 9.31 9.41 9.52 9.62 9.72 9.81 9.87 9.93 9.97 9.97 9.95 9.90 9.76 9.59 9.40 9.20 9.00 8.80 8.59 8.40 8.20 8.02 7.85 7.69 7.54 7.41 7.28 7.17 7.08 6.99 6.91 6.85 6.78 6.73 6.69 6.64 6.61 6.47 6.52 6.28 6.15 6.15 5.93 5.91 5.81 5.83 5.79 5.77 5.96 5.99 5.92 5.88 5.70 5.68 5.63 5.70 5.66 5.51 5.62 5.59 5.52 5.48 5.54
8.29 8.27 8.26 8.26 8.26 8.26 8.27 8.29 8.31 8.33 8.37 8.42 8.47 8.52 8.59 8.67 8.74 8.83 8.93 9.01 9.11 9.21 9.29 9.38 9.46 9.53 9.59 9.63 9.66 9.67 9.67 9.64 9.57 9.48 9.34 9.16 8.97 8.77 8.57 8.37 8.20 8.02 7.85 7.70 7.57 7.43 7.32 7.22 7.12 7.05 6.98 6.91 6.86 6.81 6.77 6.72 6.69 6.65 6.58 6.53 6.42 6.30 6.15 5.95 6.00 5.95 5.88 5.99 6.12 6.05 6.05 5.98 5.95 5.75 5.74 5.70 5.60 5.62 5.68 5.68 5.66 5.63 5.64
8.31 8.29 8.28 8.27 8.27 8.27 8.27 8.27 8.29 8.31 8.34 8.37 8.42 8.46 8.51 8.58 8.64 8.71 8.78 8.86 8.93 9.01 9.09 9.16 9.22 9.28 9.33 9.36 9.38 9.39 9.39 9.35 9.31 9.25 9.17 9.06 8.91 8.73 8.55 8.36 8.18 8.02 7.86 7.71 7.59 7.47 7.37 7.27 7.19 7.11 7.05 6.99 6.94 6.90 6.86 6.81 6.79 6.75 6.68 6.54 6.59 6.41 6.22 6.11 6.23 6.00 6.26 6.23 6.16 6.20 6.16 6.12 6.02 5.84 5.70 5.70 5.66 5.72 5.73 5.67 5.73 5.76 5.75
8.33 8.31 8.28 8.27 8.27 8.26 8.26 8.27 8.28 8.29 8.31 8.34 8.37 8.40 8.44 8.49 8.55 8.60 8.66 8.72 8.78 8.85 8.90 8.96 9.02 9.06 9.09 9.12 9.14 9.15 9.14 9.12 9.07 9.02 8.95 8.87 8.78 8.67 8.51 8.34 8.18 8.02 7.88 7.74 7.63 7.52 7.42 7.33 7.26 7.20 7.14 7.08 7.03 7.00 6.96 6.92 6.89 6.86 6.83 6.70 6.70 6.56 6.51 6.46 6.34 6.44 6.39 6.35 6.29 6.21 6.21 6.19 6.16 6.05 5.92 5.83 5.66 5.70 5.80 5.80 5.74 5.84 5.83
8.34 8.32 8.30 8.29 8.28 8.27 8.26 8.26 8.27 8.28 8.29 8.31 8.33 8.36 8.38 8.42 8.46 8.51 8.56 8.60 8.65 8.70 8.75 8.79 8.84 8.86 8.89 8.92 8.93 8.93 8.92 8.90 8.86 8.83 8.77 8.70 8.63 8.54 8.44 8.33 8.18 8.03 7.91 7.79 7.67 7.58 7.49 7.42 7.35 7.29 7.24 7.19 7.14 7.11 7.07 7.04 7.02 6.98 6.95 6.89 6.83 6.81 6.66 6.66 6.49 6.54 6.39 6.28 6.12 6.02 6.13 6.21 6.17 6.13 6.00 5.86 5.73 5.81 5.88 5.91 5.90 5.91 5.88
8.36 8.34 8.32 8.30 8.29 8.28 8.27 8.27 8.26 8.27 8.27 8.29 8.30 8.32 8.34 8.36 8.39 8.43 8.46 8.50 8.54 8.58 8.61 8.64 8.67 8.70 8.72 8.74 8.75 8.75 8.74 8.72 8.69 8.66 8.61 8.55 8.49 8.42 8.35 8.27 8.17 8.07 7.95 7.84 7.75 7.65 7.58 7.51 7.45 7.40 7.35 7.31 7.28 7.24 7.21 7.17 7.14 7.12 7.09 7.01 6.93 6.75 6.83 6.70 6.70 6.60 6.51 6.36 6.15 6.10 6.12 6.28 6.17 6.18 6.09 5.97 5.91 5.90 5.93 6.01 5.99 5.98 5.94
8.38 8.36 8.34 8.32 8.30 8.29 8.28 8.27 8.26 8.26 8.26 8.27 8.28 8.29 8.30 8.32 8.34 8.36 8.38 8.41 8.44 8.47 8.50 8.52 8.55 8.57 8.58 8.59 8.60 8.59 8.59 8.56 8.55 8.52 8.48 8.44 8.39 8.34 8.28 8.22 8.16 8.09 8.01 7.92 7.83 7.76 7.70 7.63 7.58 7.53 7.49 7.45 7.43 7.39 7.36 7.33 7.29 7.26 7.23 7.18 7.09 7.00 7.02 6.85 6.64 6.56 6.47 6.43 6.26 6.25 6.15 6.26 6.24 6.20 6.18 6.10 6.05 6.08 6.06 6.08 6.03 6.01 5.97
8.39 8.37 8.35 8.34 8.32 8.30 8.29 8.28 8.27 8.26 8.26 8.26 8.26 8.27 8.27 8.28 8.30 8.31 8.33 8.35 8.37 8.39 8.41 8.42 8.43 8.45 8.46 8.46 8.46 8.46 8.45 8.44 8.43 8.41 8.38 8.35 8.31 8.28 8.24 8.19 8.16 8.11 8.07 8.02 7.95 7.89 7.83 7.78 7.74 7.69 7.66 7.62 7.58 7.56 7.53 7.49 7.46 7.42 7.39 7.35 7.30 7.22 7.13 7.02 6.83 6.57 6.52 6.48 6.42 6.32 6.26 6.32 6.29 6.25 6.27 6.24 6.20 6.22 6.17 6.13 6.06 6.01 5.96
8.41 8.39 8.37 8.35 8.34 8.32 8.30 8.29 8.28 8.27 8.26 8.25 8.25 8.25 8.25 8.26 8.26 8.27 8.28 8.29 8.30 8.32 8.33 8.34 8.35 8.36 8.37 8.37 8.37 8.37 8.36 8.36 8.35 8.33 8.31 8.29 8.27 8.25 8.22 8.20 8.18 8.16 8.14 8.12 8.09 8.03 7.99 7.95 7.91 7.88 7.83 7.81 7.78 7.73 7.70 7.67 7.62 7.58 7.54 7.50 7.45 7.31 7.28 7.20 7.02 6.72 6.63 6.48 6.53 6.48 6.59 6.51 6.44 6.24 6.32 6.33 6.31 6.33 6.20 6.16 6.16 6.09 6.06
8.44 8.41 8.39 8.37 8.35 8.34 8.32 8.30 8.29 8.27 8.26 8.25 8.25 8.24 8.24 8.24 8.24 8.24 8.24 8.26 8.27 8.27 8.28 8.28 8.29 8.29 8.30 8.30 8.30 8.29 8.29 8.28 8.28 8.28 8.26 8.25 8.25 8.24 8.23 8.23 8.22 8.22 8.22 8.23 8.23 8.21 8.17 8.14 8.10 8.07 8.03 8.00 7.96 7.93 7.89 7.85 7.81 7.76 7.72 7.67 7.61 7.47 7.41 7.34 7.18 6.95 6.85 6.72 6.76 6.78 6.55 6.50 6.52 6.42 6.40 6.37 6.41 6.41 6.33 6.26 6.21 6.12 6.13
8.45 8.44 8.41 8.39 8.36 8.35 8.33 8.32 8.30 8.28 8.27 8.26 8.26 8.25 8.24 8.24 8.23 8.23 8.23 8.23 8.23 8.23 8.23 8.23 8.24 8.25 8.25 8.25 8.25 8.24 8.24 8.24 8.25 8.24 8.24 8.24 8.25 8.25 8.26 8.27 8.28 8.31 8.34 8.36 8.39 8.41 8.37 8.34 8.31 8.28 8.24 8.21 8.17 8.13 8.09 8.04 8.00 7.95 7.88 7.83 7.71 7.68 7.56 7.50 7.33 7.10 6.95 7.04 6.98 6.88 6.64 6.52 6.54 6.50 6.37 6.51 6.51 6.49 6.32 6.25 6.26 6.24 6.25
8.47 8.46 8.43 8.41 8.39 8.36 8.35 8.33 8.31 8.30 8.28 8.27 8.26 8.25 8.24 8.23 8.22 8.22 8.21 8.22 8.22 8.21 8.21 8.21 8.21 8.21 8.21 8.21 8.21 8.21 8.21 8.21 8.22 8.23 8.24 8.25 8.27 8.28 8.31 8.34 8.37 8.41 8.46 8.50 8.55 8.60 8.59 8.56 8.53 8.50 8.45 8.42 8.38 8.33 8.28 8.23 8.17 8.11 8.05 7.99 7.88 7.79 7.72 7.61 7.52 7.39 7.25 7.05 7.04 6.94 6.79 6.71 6.58 6.53 6.52 6.51 6.57 6.57 6.46 6.43 6.42 6.38 6.35
8.50 8.47 8.46 8.43 8.41 8.38 8.37 8.35 8.33 8.31 8.30 8.29 8.27 8.26 8.25 8.23 8.23 8.22 8.22 8.21 8.20 8.20 8.19 8.19 8.19 8.19 8.19 8.19 8.19 8.20 8.20 8.21 8.22 8.24 8.25 8.27 8.30 8.33 8.37 8.41 8.47 8.52 8.59 8.65 8.73 8.80 8.80 8.78 8.75 8.71 8.66 8.62 8.58 8.53 8.47 8.41 8.35 8.28 8.21 8.12 8.03 7.93 7.84 7.73 7.63 7.48 7.12 7.19 7.06 6.81 6.76 6.71 6.72 6.63 6.63 6.69 6.66 6.60 6.57 6.50 6.34 6.39 6.35
8.52 8.50 8.48 8.45 8.43 8.41 8.39 8.37 8.35 8.33 8.32 8.30 8.29 8.27 8.25 8.25 8.24 8.23 8.22 8.21 8.20 8.20 8.19 8.19 8.18 8.18 8.19 8.18 8.19 8.19 8.21 8.21 8.23 8.25 8.28 8.30 8.35 8.39 8.45 8.50 8.57 8.64 8.73 8.81 8.91 9.00 9.02 8.99 8.96 8.91 8.86 8.82 8.76 8.70 8.64 8.58 8.51 8.43 8.36 8.28 8.13 8.01 7.96 7.86 7.76 7.66 7.37 7.23 7.11 6.93 6.88 6.81 6.71 6.65 6.67 6.73 6.74 6.69 6.63 6.42 6.49 6.46 6.33
8.55 8.52 8.49 8.48 8.45 8.43 8.42 8.39 8.37 8.35 8.34 8.32 8.30 8.28 8.28 8.26 8.25 8.23 8.23 8.22 8.21 8.20 8.19 8.19 8.19 8.18 8.18 8.19 8.19 8.20 8.22 8.23 8.25 8.28 8.31 8.35 8.41 8.46 8.53 8.60 8.69 8.78 8.88 8.98 9.10 9.21 9.22 9.19 9.15 9.09 9.05 8.99 8.94 8.86 8.80 8.73 8.65 8.58 8.49 8.41 8.31 8.21 8.08 7.98 7.87 7.69 7.54 7.38 7.18 7.00 6.88 6.84 6.81 6.77 6.75 6.79 6.79 6.78 6.71 6.68 6.64 6.58 6.49
8.57 8.54 8.52 8.50 8.48 8.45 8.44 8.42 8.39 8.38 8.36 8.34 8.32 8.31 8.29 8.28 8.26 8.26 8.24 8.23 8.23 8.22 8.21 8.20 8.20 8.20 8.20 8.20 8.21 8.22 8.23 8.26 8.28 8.32 8.36 8.41 8.47 8.54 8.62 8.70 8.81 8.91 9.03 9.16 9.29 9.41 9.40 9.37 9.32 9.26 9.20 9.15 9.07 9.01 8.94 8.86 8.78 8.69 8.61 8.51 8.43 8.32 8.16 8.08 7.94 7.81 7.58 7.32 7.18 7.09 6.97 6.91 6.88 6.86 6.79 6.81 6.80 6.81 6.77 6.72 6.63 6.58 6.54
8.58 8.57 8.54 8.53 8.50 8.48 8.46 8.44 8.42 8.40 8.38 8.36 8.35 8.33 8.31 8.31 8.29 8.27 8.27 8.25 8.24 8.23 8.23 8.22 8.21 8.22 8.22 8.22 8.24 8.25 8.26 8.30 8.32 8.36 8.41 8.47 8.54 8.62 8.71 8.81 8.93 9.05 9.19 9.32 9.48 9.59 9.56 9.52 9.45 9.40 9.34 9.27 9.20 9.13 9.05 8.97 8.89 8.80 8.72 8.62 8.51 8.41 8.28 8.19 8.04 7.89 7.69 7.44 7.28 7.26 6.99 7.01 7.01 6.89 6.93 6.89 6.84 6.83 6.82 6.77 6.64 6.51 6.56
8.61 8.59 8.57 8.55 8.53 8.50 8.49 8.46 8.44 8.43 8.41 8.39 8.37 8.35 8.34 8.33 8.31 8.30 8.29 8.27 8.26 8.26 8.25 8.25 8.24 8.24 8.25 8.25 8.26 8.28 8.30 8.33 8.37 8.41 8.47 8.53 8.62 8.70 8.81 8.92 9.05 9.18 9.34 9.49 9.65 9.73 9.69 9.64 9.57 9.51 9.45 9.37 9.30 9.22 9.14 9.07 8.97 8.89 8.80 8.70 8.60 8.50 8.17 8.23 8.14 7.98 7.74 7.47 7.42 7.22 7.24 7.15 7.07 6.97 6.92 6.91 6.91 6.90 6.89 6.70 6.80 6.68 6.64
8.63 8.62 8.59 8.58 8.55 8.53 8.51 8.49 8.47 8.45 8.43 8.42 8.40 8.39 8.37 8.35 8.34 8.32 8.31 8.30 8.29 8.28 8.28 8.27 8.27 8.27 8.27 8.28 8.29 8.31 8.34 8.37 8.42 8.46 8.53 8.60 8.68 8.78 8.89 9.02 9.16 9.31 9.48 9.65 9.81 9.84 9.79 9.74 9.67 9.60 9.53 9.46 9.39 9.30 9.22 9.13 9.05 8.96 8.87 8.77 8.68 8.57 8.32 8.28 8.12 7.99 7.73 7.53 7.52 7.22 7.11 7.10 7.08 7.01 6.90 6.95 6.95 6.92 6.93 6.84 6.79 6.79 6.77
8.66 8.64 8.62 8.60 8.58 8.55 8.54 8.51 8.50 8.48 8.47 8.44 8.42 8.41 8.39 8.38 8.36 8.35 8.34 8.32 8.31 8.31 8.30 8.30 8.29 8.30 8.30 8.31 8.33 8.35 8.38 8.42 8.46 8.52 8.58 8.67 8.75 8.86 8.98 9.12 9.26 9.43 9.60 9.79 9.94 9.93 9.87 9.80 9.74 9.67 9.59 9.52 9.44 9.36 9.27 9.19 9.10 9.01 8.92 8.82 8.72 8.55 8.40 8.28 7.99 7.95 7.62 7.48 7.58 7.30 7.11 7.06 7.05 7.03 6.96 6.95 6.98 6.97 6.95 6.89 6.83 6.79 6.71
8.68 8.66 8.64 8.62 8.60 8.58 8.56 8.54 8.53 8.50 8.49 8.47 8.46 8.44 8.43 8.41 8.39 8.38 8.37 8.36 8.35 8.33 8.33 8.33 8.33 8.33 8.33 8.35 8.36 8.39 8.42 8.46 8.51 8.57 8.64 8.73 8.82 8.94 9.06 9.21 9.36 9.54 9.72 9.91 10.02 9.98 9.92 9.85 9.79 9.71 9.64 9.56 9.48 9.40 9.31 9.23 9.14 9.05 8.96 8.86 8.77 8.62 8.42 8.14 8.04 7.96 7.66 7.75 7.62 7.38 7.11 7.05 7.03 7.04 7.05 7.03 6.98 7.00 6.99 6.96 6.89 6.78 6.69
8.71 8.68 8.67 8.64 8.63 8.60 8.59 8.57 8.55 8.53 8.52 8.50 8.48 8.46 8.45 8.43 8.43 8.41 8.40 8.39 8.38 8.37 8.36 8.36 8.36 8.37 8.37 8.39 8.40 8.43 8.46 8.51 8.56 8.62 8.70 8.78 8.89 9.01 9.14 9.29 9.45 9.63 9.82 10.00 10.06 10.02 9.95 9.88 9.82 9.74 9.67 9.58 9.51 9.42 9.34 9.25 9.17 9.07 8.98 8.90 8.77 8.67 8.38 7.83 7.87 7.90 7.90 7.63 7.38 7.34 7.25 7.11 7.04 7.08 7.09 7.01 6.99 7.03 7.02 6.95 6.88 6.84 6.74
8.73 8.71 8.69 8.67 8.65 8.64 8.62 8.60 8.58 8.57 8.54 8.53 8.51 8.50 8.48 8.47 8.45 8.44 8.43 8.41 8.41 8.40 8.40 8.39 8.40 8.40 8.41 8.42 8.44 8.47 8.51 8.55 8.60 8.67 8.75 8.84 8.95 9.06 9.21 9.35 9.53 9.70 9.90 10.08 10.09 10.04 9.97 9.90 9.82 9.75 9.67 9.60 9.51 9.43 9.35 9.27 9.17 9.09 9.00 8.91 8.81 8.65 8.49 8.23 7.77 7.79 7.96 7.68 7.40 7.36 7.30 7.15 7.07 7.15 7.08 6.99 6.98 7.05 7.05 6.99 6.93 6.90 6.78
8.76 8.74 8.72 8.69 8.68 8.66 8.64 8.63 8.61 8.59 8.57 8.56 8.54 8.53 8.51 8.50 8.48 8.47 8.46 8.45 8.44 8.44 8.43 8.43 8.42 8.43 8.44 8.46 8.48 8.51 8.55 8.59 8.65 8.71 8.80 8.89 9.00 9.12 9.26 9.41 9.59 9.77 9.97 10.12 10.10 10.04 9.97 9.89 9.82 9.74 9.67 9.60 9.51 9.43 9.35 9.26 9.18 9.09 9.00 8.91 8.82 8.62 8.37 8.32 7.85 7.72 7.93 7.73 7.58 7.48 7.42 7.18 7.10 7.12 7.03 7.00 7.03 7.07 7.07 7.04 6.99 6.94 6.83
8.78 8.76 8.75 8.72 8.71 8.69 8.67 8.66 8.63 8.62 8.60 8.59 8.58 8.56 8.55 8.53 8.52 8.50 8.49 8.48 8.48 8.46 8.46 8.47 8.46 8.47 8.48 8.50 8.51 8.55 8.58 8.63 8.68 8.75 8.83 8.93 9.03 9.16 9.31 9.46 9.63 9.81 10.00 10.12 10.09 10.02 9.96 9.88 9.81 9.73 9.66 9.58 9.50 9.42 9.34 9.25 9.16 9.08 8.99 8.90 8.81 8.69 8.52 8.42 8.04 8.04 8.03 7.85 7.70 7.50 7.48 7.22 7.10 7.04 6.98 6.99 7.04 7.08 7.09 7.09 6.90 6.93 6.85
8.80 8.79 8.77 8.75 8.73 8.72 8.70 8.68 8.66 8.65 8.64 8.62 8.60 8.58 8.57 8.57 8.55 8.54 8.52 8.52 8.50 8.50 8.49 8.50 8.50 8.50 8.52 8.53 8.55 8.58 8.62 8.66 8.72 8.78 8.87 8.97 9.07 9.20 9.33 9.49 9.65 9.84 10.01 10.11 10.07 10.00 9.93 9.86 9.78 9.71 9.63 9.56 9.47 9.40 9.31 9.22 9.15 9.06 8.97 8.89 8.80 8.71 8.55 8.43 8.32 8.22 8.10 7.95 7.83 7.68 7.45 7.28 7.11 7.00 7.00 6.93 7.06 7.09 7.09 7.11 6.98 7.05 7.00
