main/data/pressure/24.07.2023.grid
ncols 886
nrows 691
xllcenter 112.0000
yllcenter -44.5000
cellsize 0.0500
nodata_value 99999.90
[rows 518 to 554 of 691, columns 332 to 414 of 886]
11.45 11.47 11.49 11.52 11.54 11.56 11.59 11.61 11.63 11.65 11.67 11.70 11.72 11.74 11.76 11.78 11.80 11.82 11.84 11.85 11.88 11.89 11.91 11.93 11.94 11.96 11.98 11.99 12.01 12.03 12.04 12.05 12.07 12.08 12.09 12.11 12.12 12.13 12.15 12.16 12.18 12.19 12.19 12.21 12.22 12.24 12.24 12.25 12.26 12.27 12.28 12.28 12.28 12.30 12.30 12.31 12.31 12.32 12.33 12.34 12.34 12.35 12.35 12.36 12.36 12.37 12.38 12.39 12.39 12.40 12.40 12.41 12.41 12.42 12.43 12.44 12.45 12.45 12.46 12.46 12.47 12.48 12.49
11.44 11.46 11.48 11.51 11.54 11.56 11.59 11.60 11.62 11.65 11.67 11.70 11.72 11.73 11.76 11.78 11.79 11.82 11.84 11.85 11.88 11.89 11.91 11.93 11.94 11.96 11.98 11.99 12.02 12.03 12.04 12.05 12.07 12.08 12.10 12.11 12.12 12.14 12.15 12.16 12.18 12.19 12.20 12.21 12.22 12.23 12.24 12.26 12.26 12.27 12.28 12.28 12.30 12.30 12.31 12.31 12.31 12.32 12.33 12.34 12.34 12.35 12.35 12.36 12.36 12.38 12.38 12.39 12.39 12.40 12.41 12.41 12.42 12.43 12.44 12.44 12.45 12.46 12.46 12.47 12.48 12.49 12.49
11.43 11.46 11.48 11.51 11.53 11.55 11.58 11.60 11.62 11.65 11.67 11.70 11.72 11.73 11.76 11.78 11.80 11.82 11.84 11.85 11.88 11.89 11.91 11.93 11.95 11.96 11.98 11.99 12.02 12.03 12.04 12.06 12.07 12.08 12.10 12.11 12.12 12.14 12.15 12.17 12.18 12.19 12.20 12.21 12.23 12.23 12.24 12.26 12.26 12.28 12.28 12.29 12.30 12.30 12.31 12.31 12.32 12.33 12.34 12.34 12.35 12.35 12.36 12.36 12.38 12.38 12.39 12.39 12.40 12.40 12.41 12.41 12.43 12.43 12.44 12.45 12.45 12.46 12.47 12.48 12.49 12.49 12.50
11.42 11.45 11.47 11.51 11.53 11.55 11.58 11.60 11.62 11.65 11.67 11.70 11.72 11.73 11.76 11.78 11.80 11.82 11.84 11.85 11.88 11.89 11.91 11.93 11.95 11.96 11.98 12.00 12.02 12.03 12.04 12.06 12.07 12.09 12.11 12.11 12.13 12.14 12.15 12.17 12.18 12.20 12.20 12.21 12.23 12.23 12.25 12.26 12.26 12.28 12.28 12.29 12.30 12.31 12.31 12.31 12.32 12.34 12.34 12.35 12.35 12.35 12.36 12.37 12.38 12.38 12.39 12.40 12.40 12.41 12.41 12.43 12.43 12.44 12.44 12.45 12.46 12.47 12.48 12.48 12.49 12.50 12.51
11.42 11.45 11.47 11.50 11.53 11.55 11.58 11.60 11.62 11.65 11.67 11.70 11.72 11.73 11.76 11.78 11.80 11.82 11.84 11.85 11.88 11.90 11.91 11.93 11.95 11.97 11.98 12.00 12.02 12.03 12.04 12.07 12.08 12.09 12.11 12.12 12.14 12.15 12.15 12.17 12.18 12.20 12.20 12.21 12.23 12.23 12.25 12.26 12.27 12.28 12.29 12.29 12.30 12.31 12.31 12.32 12.32 12.34 12.34 12.35 12.35 12.36 12.36 12.38 12.38 12.39 12.39 12.40 12.40 12.41 12.42 12.43 12.44 12.44 12.45 12.45 12.47 12.47 12.48 12.49 12.49 12.51 12.52
11.41 11.44 11.47 11.49 11.52 11.54 11.58 11.60 11.62 11.65 11.67 11.70 11.72 11.73 11.76 11.78 11.80 11.82 11.84 11.86 11.88 11.90 11.91 11.94 11.95 11.97 11.99 12.00 12.02 12.03 12.05 12.07 12.08 12.10 12.11 12.12 12.14 12.15 12.17 12.17 12.18 12.20 12.21 12.22 12.23 12.24 12.25 12.26 12.27 12.28 12.29 12.29 12.31 12.31 12.31 12.32 12.33 12.34 12.34 12.35 12.35 12.36 12.37 12.38 12.38 12.39 12.39 12.40 12.42 12.42 12.43 12.43 12.44 12.44 12.46 12.47 12.47 12.48 12.48 12.49 12.51 12.51 12.52
11.41 11.44 11.46 11.49 11.52 11.54 11.57 11.60 11.62 11.65 11.67 11.69 11.72 11.73 11.76 11.78 11.80 11.83 11.84 11.86 11.88 11.90 11.91 11.94 11.95 11.98 11.99 12.00 12.02 12.04 12.05 12.07 12.08 12.10 12.11 12.12 12.14 12.15 12.17 12.17 12.19 12.20 12.21 12.22 12.23 12.25 12.25 12.27 12.27 12.28 12.29 12.29 12.31 12.31 12.32 12.32 12.34 12.34 12.35 12.35 12.36 12.37 12.38 12.38 12.39 12.39 12.40 12.41 12.42 12.42 12.43 12.44 12.44 12.46 12.46 12.47 12.47 12.48 12.50 12.50 12.51 12.52 12.52
11.40 11.44 11.46 11.49 11.52 11.54 11.57 11.59 11.62 11.65 11.67 11.69 11.72 11.74 11.76 11.78 11.80 11.83 11.84 11.86 11.89 11.90 11.92 11.94 11.95 11.98 11.99 12.00 12.03 12.04 12.05 12.07 12.08 12.10 12.11 12.12 12.14 12.15 12.17 12.18 12.19 12.20 12.21 12.22 12.23 12.25 12.25 12.27 12.27 12.29 12.29 12.29 12.31 12.31 12.32 12.33 12.34 12.34 12.35 12.35 12.37 12.37 12.38 12.38 12.39 12.39 12.41 12.42 12.42 12.43 12.43 12.44 12.45 12.46 12.46 12.47 12.48 12.49 12.50 12.51 12.51 12.53 12.53
11.40 11.43 11.46 11.48 11.52 11.54 11.56 11.59 11.62 11.64 11.67 11.69 11.72 11.74 11.76 11.78 11.80 11.82 11.85 11.86 11.89 11.90 11.92 11.94 11.96 11.98 11.99 12.01 12.03 12.04 12.06 12.07 12.08 12.10 12.11 12.13 12.14 12.15 12.17 12.18 12.20 12.20 12.21 12.23 12.23 12.25 12.25 12.27 12.27 12.29 12.29 12.30 12.31 12.31 12.32 12.34 12.34 12.35 12.35 12.36 12.37 12.38 12.38 12.38 12.39 12.41 12.41 12.42 12.42 12.43 12.43 12.45 12.46 12.46 12.47 12.47 12.49 12.49 12.50 12.51 12.52 12.53 12.54
11.40 11.42 11.46 11.48 11.51 11.54 11.56 11.59 11.62 11.64 11.67 11.69 11.72 11.74 11.76 11.79 11.80 11.82 11.85 11.86 11.89 11.90 11.92 11.94 11.96 11.98 12.00 12.01 12.03 12.04 12.06 12.08 12.09 12.11 12.12 12.14 12.14 12.15 12.17 12.18 12.20 12.20 12.22 12.23 12.23 12.25 12.26 12.27 12.28 12.29 12.29 12.31 12.31 12.32 12.33 12.34 12.34 12.35 12.35 12.37 12.37 12.38 12.38 12.39 12.40 12.41 12.41 12.42 12.42 12.43 12.45 12.45 12.46 12.46 12.47 12.48 12.49 12.50 12.50 12.52 12.53 12.53 12.54
11.40 11.42 11.46 11.48 11.50 11.54 11.56 11.59 11.62 11.64 11.67 11.69 11.71 11.74 11.76 11.79 11.80 11.82 11.85 11.87 11.89 11.91 11.92 11.95 11.96 11.97 12.00 12.01 12.03 12.05 12.07 12.08 12.09 12.11 12.12 12.14 12.15 12.16 12.17 12.18 12.20 12.21 12.22 12.23 12.24 12.25 12.26 12.27 12.28 12.29 12.30 12.31 12.31 12.33 12.33 12.34 12.34 12.35 12.36 12.37 12.37 12.38 12.38 12.40 12.40 12.41 12.42 12.42 12.43 12.44 12.45 12.45 12.46 12.47 12.48 12.49 12.49 12.50 12.52 12.52 12.53 12.53 12.55
11.39 11.42 11.45 11.48 11.50 11.54 11.56 11.58 11.62 11.64 11.67 11.69 11.71 11.74 11.76 11.79 11.81 11.82 11.85 11.87 11.88 11.91 11.93 11.95 11.96 11.98 12.00 12.01 12.04 12.05 12.07 12.08 12.09 12.11 12.12 12.14 12.15 12.16 12.18 12.18 12.20 12.21 12.23 12.23 12.24 12.25 12.26 12.27 12.28 12.29 12.30 12.31 12.31 12.33 12.33 12.34 12.34 12.36 12.36 12.37 12.37 12.38 12.38 12.40 12.41 12.41 12.42 12.42 12.44 12.44 12.45 12.46 12.47 12.48 12.48 12.49 12.49 12.51 12.52 12.52 12.54 12.54 12.55
11.39 11.42 11.44 11.48 11.50 11.54 11.56 11.59 11.62 11.64 11.67 11.69 11.71 11.74 11.76 11.78 11.81 11.83 11.85 11.87 11.89 11.91 11.93 11.95 11.97 11.98 12.00 12.02 12.04 12.05 12.07 12.08 12.09 12.11 12.12 12.14 12.15 12.16 12.18 12.19 12.20 12.21 12.23 12.23 12.24 12.26 12.27 12.28 12.28 12.30 12.30 12.31 12.32 12.33 12.33 12.34 12.35 12.36 12.36 12.37 12.37 12.38 12.39 12.40 12.41 12.41 12.43 12.43 12.44 12.44 12.45 12.47 12.47 12.48 12.48 12.50 12.51 12.51 12.52 12.53 12.54 12.55 12.55
11.38 11.42 11.44 11.48 11.50 11.53 11.56 11.59 11.62 11.64 11.66 11.69 11.72 11.74 11.76 11.78 11.81 11.83 11.86 11.87 11.89 11.92 11.93 11.96 11.97 11.98 12.01 12.02 12.04 12.05 12.07 12.09 12.10 12.12 12.13 12.14 12.15 12.16 12.18 12.19 12.21 12.21 12.23 12.24 12.25 12.26 12.27 12.28 12.28 12.30 12.30 12.32 12.32 12.33 12.33 12.35 12.35 12.36 12.36 12.37 12.38 12.39 12.40 12.40 12.41 12.42 12.43 12.43 12.44 12.45 12.46 12.47 12.47 12.48 12.49 12.50 12.51 12.51 12.53 12.54 12.54 12.55 12.56
11.38 11.42 11.44 11.47 11.50 11.53 11.56 11.59 11.61 11.64 11.67 11.70 11.72 11.74 11.77 11.79 11.81 11.83 11.85 11.88 11.89 11.92 11.93 11.95 11.97 11.99 12.01 12.02 12.04 12.06 12.07 12.09 12.10 12.12 12.13 12.14 12.16 12.17 12.18 12.19 12.21 12.22 12.23 12.24 12.26 12.26 12.28 12.28 12.29 12.30 12.30 12.32 12.32 12.33 12.34 12.35 12.35 12.36 12.37 12.38 12.38 12.39 12.40 12.40 12.42 12.42 12.43 12.43 12.44 12.46 12.46 12.47 12.47 12.49 12.49 12.50 12.51 12.52 12.53 12.54 12.55 12.56 12.56
11.38 11.42 11.44 11.47 11.51 11.53 11.55 11.59 11.61 11.65 11.67 11.70 11.72 11.74 11.77 11.79 11.81 11.84 11.85 11.88 11.90 11.91 11.94 11.95 11.98 11.99 12.01 12.03 12.04 12.06 12.07 12.09 12.10 12.12 12.13 12.14 12.16 12.17 12.19 12.20 12.21 12.22 12.24 12.24 12.26 12.26 12.28 12.28 12.29 12.30 12.31 12.32 12.32 12.34 12.34 12.35 12.36 12.37 12.38 12.38 12.39 12.39 12.40 12.41 12.42 12.42 12.43 12.43 12.45 12.46 12.46 12.47 12.48 12.49 12.50 12.50 12.52 12.52 12.53 12.55 12.55 12.56 12.58
11.38 11.41 11.44 11.47 11.50 11.53 11.56 11.59 11.61 11.64 11.67 11.69 11.72 11.74 11.76 11.79 11.81 11.84 11.86 11.88 11.90 11.92 11.94 11.96 11.98 11.99 12.01 12.03 12.04 12.06 12.08 12.10 12.11 12.12 12.14 12.15 12.16 12.17 12.19 12.20 12.22 12.22 12.23 12.24 12.26 12.27 12.27 12.29 12.29 12.31 12.31 12.32 12.33 12.34 12.34 12.35 12.36 12.37 12.38 12.38 12.39 12.39 12.41 12.41 12.42 12.42 12.43 12.45 12.45 12.46 12.46 12.48 12.48 12.49 12.50 12.51 12.52 12.53 12.54 12.55 12.55 12.57 12.58
11.38 11.41 11.44 11.47 11.50 11.53 11.56 11.59 11.62 11.64 11.67 11.69 11.72 11.75 11.77 11.80 11.81 11.84 11.86 11.88 11.90 11.92 11.94 11.96 11.97 12.00 12.01 12.03 12.05 12.07 12.08 12.10 12.11 12.12 12.14 12.15 12.17 12.18 12.19 12.20 12.21 12.23 12.23 12.25 12.25 12.27 12.27 12.29 12.29 12.31 12.31 12.33 12.33 12.34 12.35 12.36 12.36 12.37 12.38 12.39 12.40 12.40 12.41 12.41 12.42 12.42 12.44 12.45 12.45 12.46 12.47 12.48 12.48 12.50 12.51 12.51 12.52 12.54 12.54 12.55 12.56 12.57 12.58
11.38 11.41 11.43 11.47 11.50 11.53 11.56 11.58 11.62 11.64 11.68 11.70 11.72 11.75 11.77 11.80 11.82 11.84 11.86 11.88 11.91 11.92 11.95 11.96 11.98 12.00 12.01 12.04 12.05 12.07 12.08 12.09 12.11 12.12 12.14 12.15 12.17 12.18 12.20 12.20 12.21 12.23 12.23 12.25 12.26 12.27 12.28 12.29 12.30 12.31 12.32 12.33 12.33 12.35 12.35 12.36 12.36 12.38 12.38 12.39 12.39 12.40 12.41 12.41 12.42 12.43 12.44 12.45 12.45 12.47 12.47 12.48 12.49 12.50 12.51 12.51 12.53 12.54 12.54 12.56 12.56 12.57 12.59
11.37 11.41 11.44 11.46 11.50 11.53 11.56 11.59 11.62 11.65 11.67 11.70 11.72 11.75 11.77 11.79 11.82 11.84 11.87 11.88 11.90 11.93 11.94 11.97 11.98 12.01 12.02 12.03 12.05 12.07 12.09 12.10 12.12 12.13 12.15 12.16 12.16 12.18 12.19 12.21 12.22 12.23 12.24 12.25 12.26 12.28 12.28 12.30 12.30 12.31 12.32 12.33 12.34 12.35 12.35 12.36 12.37 12.38 12.38 12.39 12.39 12.41 12.42 12.42 12.43 12.43 12.44 12.45 12.46 12.47 12.47 12.49 12.49 12.50 12.51 12.52 12.53 12.54 12.55 12.56 12.56 12.58 12.59
11.37 11.41 11.44 11.46 11.50 11.53 11.55 11.59 11.61 11.65 11.67 11.70 11.73 11.75 11.78 11.80 11.83 11.84 11.86 11.89 11.91 11.93 11.95 11.97 11.99 12.00 12.02 12.04 12.06 12.07 12.09 12.10 12.12 12.13 12.14 12.16 12.17 12.19 12.19 12.21 12.22 12.24 12.24 12.26 12.26 12.28 12.28 12.30 12.30 12.32 12.32 12.34 12.34 12.35 12.36 12.37 12.37 12.38 12.38 12.40 12.40 12.41 12.41 12.42 12.43 12.43 12.45 12.45 12.46 12.47 12.48 12.49 12.49 12.50 12.52 12.52 12.53 12.54 12.55 12.56 12.57 12.58 12.60
11.37 11.40 11.44 11.47 11.50 11.53 11.56 11.59 11.62 11.64 11.67 11.70 11.73 11.75 11.78 11.80 11.82 11.85 11.87 11.89 11.91 11.94 11.95 11.97 11.99 12.00 12.03 12.04 12.05 12.07 12.08 12.10 12.12 12.13 12.14 12.16 12.17 12.19 12.20 12.22 12.22 12.24 12.24 12.25 12.27 12.28 12.29 12.29 12.31 12.32 12.33 12.34 12.34 12.36 12.36 12.37 12.37 12.39 12.39 12.40 12.40 12.41 12.43 12.43 12.44 12.44 12.45 12.45 12.46 12.47 12.48 12.49 12.50 12.51 12.51 12.52 12.54 12.54 12.55 12.57 12.57 12.59 12.59
11.37 11.40 11.44 11.47 11.50 11.53 11.56 11.59 11.62 11.64 11.68 11.70 11.72 11.75 11.77 11.80 11.82 11.85 11.87 11.89 11.91 11.93 11.95 11.97 11.99 12.01 12.03 12.04 12.06 12.08 12.09 12.11 12.12 12.14 12.15 12.16 12.18 12.18 12.20 12.21 12.23 12.23 12.25 12.25 12.27 12.28 12.29 12.30 12.31 12.31 12.33 12.33 12.35 12.36 12.36 12.38 12.38 12.39 12.39 12.40 12.41 12.42 12.42 12.43 12.44 12.44 12.45 12.45 12.47 12.47 12.48 12.50 12.50 12.51 12.52 12.53 12.54 12.55 12.56 12.57 12.58 12.59 12.59
11.36 11.40 11.43 11.47 11.50 11.53 11.56 11.59 11.62 11.65 11.67 11.70 11.73 11.76 11.78 11.80 11.83 11.85 11.87 11.89 11.92 11.93 11.96 11.97 11.99 12.01 12.03 12.05 12.06 12.08 12.09 12.11 12.12 12.13 12.15 12.16 12.18 12.19 12.21 12.21 12.23 12.24 12.25 12.26 12.27 12.28 12.29 12.30 12.31 12.32 12.33 12.34 12.35 12.35 12.37 12.37 12.38 12.38 12.40 12.41 12.41 12.42 12.42 12.44 12.44 12.45 12.46 12.46 12.47 12.47 12.49 12.49 12.50 12.52 12.52 12.53 12.54 12.55 12.56 12.57 12.58 12.59 12.60
11.36 11.39 11.43 11.46 11.50 11.53 11.57 11.59 11.62 11.65 11.68 11.71 11.73 11.75 11.78 11.80 11.83 11.85 11.88 11.90 11.91 11.94 11.95 11.98 11.99 12.02 12.03 12.04 12.06 12.08 12.10 12.11 12.13 12.14 12.16 12.16 12.18 12.19 12.21 12.22 12.23 12.24 12.26 12.26 12.28 12.28 12.29 12.30 12.32 12.32 12.34 12.34 12.35 12.36 12.37 12.37 12.39 12.39 12.40 12.40 12.41 12.42 12.43 12.44 12.44 12.45 12.45 12.46 12.48 12.48 12.49 12.49 12.51 12.52 12.52 12.54 12.54 12.55 12.57 12.57 12.58 12.60 12.60
11.37 11.40 11.44 11.47 11.49 11.53 11.56 11.60 11.62 11.65 11.68 11.70 11.73 11.76 11.79 11.81 11.83 11.85 11.87 11.90 11.92 11.94 11.96 11.97 12.00 12.01 12.03 12.05 12.07 12.08 12.10 12.11 12.13 12.14 12.16 12.17 12.18 12.20 12.20 12.22 12.23 12.24 12.25 12.27 12.27 12.29 12.29 12.31 12.31 12.33 12.33 12.34 12.36 12.36 12.37 12.38 12.39 12.39 12.40 12.41 12.42 12.42 12.43 12.43 12.45 12.46 12.46 12.47 12.47 12.48 12.49 12.50 12.51 12.51 12.53 12.54 12.54 12.56 12.57 12.57 12.59 12.59 12.61
11.37 11.40 11.43 11.47 11.50 11.54 11.56 11.59 11.62 11.65 11.68 11.71 11.73 11.76 11.78 11.81 11.83 11.86 11.88 11.89 11.92 11.94 11.96 11.98 12.00 12.02 12.04 12.05 12.06 12.08 12.10 12.12 12.13 12.14 12.15 12.17 12.18 12.20 12.21 12.22 12.23 12.25 12.25 12.27 12.28 12.29 12.30 12.31 12.32 12.33 12.33 12.35 12.35 12.36 12.37 12.38 12.38 12.40 12.41 12.41 12.42 12.43 12.44 12.44 12.45 12.46 12.46 12.47 12.48 12.49 12.49 12.50 12.51 12.52 12.53 12.54 12.55 12.56 12.57 12.58 12.59 12.60 12.61
11.36 11.40 11.43 11.46 11.50 11.53 11.57 11.59 11.62 11.65 11.68 11.71 11.73 11.77 11.79 11.82 11.84 11.85 11.88 11.90 11.93 11.94 11.96 11.98 12.00 12.02 12.03 12.06 12.07 12.09 12.10 12.12 12.13 12.14 12.16 12.18 12.19 12.20 12.21 12.22 12.23 12.24 12.26 12.26 12.28 12.28 12.30 12.30 12.32 12.32 12.34 12.35 12.36 12.37 12.37 12.39 12.39 12.40 12.40 12.42 12.43 12.43 12.44 12.44 12.46 12.46 12.47 12.47 12.48 12.49 12.49 12.50 12.52 12.52 12.53 12.54 12.55 12.56 12.57 12.58 12.59 12.60 12.62
11.36 11.39 11.44 11.46 11.50 11.53 11.56 11.60 11.62 11.66 11.68 11.71 11.74 11.76 11.79 11.81 11.84 11.86 11.88 11.90 11.92 11.95 11.96 11.99 12.00 12.02 12.04 12.05 12.07 12.08 12.10 12.11 12.13 12.14 12.16 12.17 12.19 12.20 12.21 12.22 12.24 12.25 12.26 12.27 12.28 12.29 12.30 12.31 12.32 12.33 12.34 12.35 12.36 12.36 12.38 12.38 12.39 12.40 12.41 12.42 12.42 12.43 12.44 12.45 12.46 12.46 12.47 12.47 12.49 12.49 12.50 12.51 12.51 12.52 12.54 12.54 12.56 12.56 12.57 12.59 12.59 12.61 12.62
11.37 11.40 11.43 11.47 11.50 11.54 11.56 11.60 11.63 11.65 11.69 11.71 11.74 11.76 11.79 11.82 11.83 11.86 11.88 11.91 11.93 11.95 11.97 11.98 12.01 12.02 12.04 12.05 12.08 12.09 12.11 12.12 12.13 12.15 12.16 12.18 12.19 12.20 12.21 12.23 12.23 12.25 12.26 12.27 12.28 12.29 12.30 12.31 12.32 12.33 12.35 12.35 12.36 12.37 12.38 12.38 12.40 12.40 12.41 12.41 12.43 12.44 12.44 12.45 12.45 12.47 12.47 12.48 12.49 12.49 12.50 12.51 12.52 12.53 12.53 12.55 12.55 12.56 12.58 12.58 12.60 12.61 12.62
11.36 11.40 11.43 11.46 11.50 11.53 11.57 11.59 11.63 11.66 11.68 11.71 11.74 11.77 11.79 11.82 11.84 11.86 11.89 11.90 11.93 11.95 11.97 11.99 12.01 12.02 12.04 12.06 12.07 12.09 12.10 12.12 12.13 12.15 12.16 12.18 12.19 12.21 12.21 12.23 12.24 12.25 12.26 12.28 12.28 12.30 12.30 12.32 12.32 12.34 12.34 12.35 12.36 12.37 12.38 12.39 12.40 12.40 12.42 12.42 12.43 12.43 12.45 12.46 12.46 12.47 12.47 12.49 12.49 12.50 12.51 12.51 12.52 12.53 12.54 12.55 12.55 12.57 12.57 12.59 12.60 12.61 12.62
11.35 11.39 11.43 11.47 11.51 11.53 11.56 11.60 11.63 11.66 11.69 11.71 11.74 11.76 11.80 11.82 11.84 11.86 11.89 11.91 11.93 11.95 11.97 11.99 12.01 12.03 12.04 12.06 12.08 12.10 12.11 12.12 12.14 12.15 12.17 12.17 12.19 12.20 12.22 12.22 12.24 12.25 12.26 12.27 12.29 12.29 12.31 12.31 12.33 12.34 12.34 12.36 12.36 12.37 12.38 12.39 12.39 12.41 12.41 12.42 12.44 12.44 12.45 12.45 12.46 12.47 12.48 12.49 12.49 12.50 12.51 12.52 12.53 12.53 12.54 12.55 12.56 12.57 12.58 12.59 12.61 12.61 12.62
11.32 11.36 11.41 11.46 11.50 11.54 11.57 11.60 11.63 11.66 11.69 11.71 11.75 11.77 11.79 11.82 11.84 11.87 11.89 11.91 11.93 11.96 11.97 11.99 12.01 12.02 12.05 12.06 12.08 12.09 12.11 12.12 12.14 12.15 12.17 12.18 12.20 12.20 12.22 12.23 12.25 12.25 12.27 12.27 12.29 12.29 12.31 12.31 12.33 12.33 12.35 12.35 12.37 12.37 12.38 12.39 12.40 12.41 12.41 12.43 12.43 12.44 12.44 12.46 12.47 12.47 12.48 12.49 12.50 12.51 12.51 12.52 12.52 12.54 12.54 12.55 12.56 12.57 12.58 12.60 12.60 12.62 12.62
11.28 11.33 11.38 11.43 11.48 11.52 11.57 11.60 11.64 11.66 11.69 11.72 11.74 11.77 11.80 11.83 11.85 11.86 11.89 11.91 11.94 11.95 11.98 11.99 12.01 12.03 12.04 12.06 12.08 12.10 12.11 12.13 12.14 12.16 12.16 12.18 12.19 12.21 12.22 12.23 12.24 12.26 12.26 12.28 12.28 12.30 12.30 12.32 12.32 12.34 12.34 12.36 12.37 12.37 12.39 12.39 12.40 12.41 12.42 12.42 12.43 12.45 12.45 12.46 12.46 12.48 12.48 12.49 12.50 12.50 12.52 12.52 12.53 12.54 12.55 12.56 12.56 12.57 12.59 12.59 12.61 12.62 12.62
11.25 11.29 11.34 11.39 11.45 11.50 11.54 11.60 11.63 11.67 11.69 11.71 11.75 11.77 11.80 11.82 11.85 11.87 11.89 11.91 11.93 11.96 11.97 12.00 12.01 12.03 12.05 12.07 12.08 12.10 12.11 12.12 12.14 12.15 12.17 12.18 12.20 12.20 12.22 12.23 12.24 12.25 12.27 12.28 12.29 12.29 12.31 12.32 12.33 12.34 12.35 12.36 12.36 12.38 12.38 12.39 12.40 12.41 12.41 12.43 12.44 12.44 12.45 12.46 12.47 12.47 12.48 12.50 12.50 12.51 12.52 12.52 12.54 12.54 12.55 12.55 12.57 12.58 12.58 12.60 12.61 12.62 12.63
11.21 11.26 11.30 11.36 11.40 11.46 11.51 11.56 11.62 11.65 11.70 11.72 11.74 11.77 11.80 11.83 11.85 11.87 11.89 11.92 11.94 11.96 11.98 11.99 12.01 12.03 12.05 12.06 12.08 12.10 12.12 12.13 12.15 12.15 12.17 12.18 12.20 12.21 12.22 12.23 12.25 12.25 12.27 12.28 12.29 12.30 12.31 12.32 12.33 12.34 12.35 12.35 12.37 12.37 12.38 12.39 12.40 12.41 12.42 12.43 12.43 12.45 12.46 12.46 12.47 12.48 12.49 12.49 12.50 12.51 12.52 12.53 12.53 12.54 12.56 12.56 12.57 12.58 12.59 12.60 12.61 12.62 12.63
11.17 11.22 11.27 11.31 11.37 11.41 11.47 11.52 11.57 11.63 11.68 11.72 11.75 11.78 11.80 11.82 11.85 11.87 11.90 11.91 11.94 11.96 11.98 12.00 12.02 12.03 12.05 12.07 12.08 12.10 12.11 12.13 12.14 12.16 12.17 12.19 12.19 12.21 12.22 12.24 12.24 12.26 12.26 12.28 12.29 12.30 12.31 12.32 12.33 12.34 12.34 12.36 12.37 12.38 12.39 12.39 12.41 12.41 12.42 12.42 12.44 12.45 12.45 12.47 12.47 12.48 12.48 12.50 12.51 12.51 12.52 12.52 12.54 12.55 12.55 12.56 12.57 12.58 12.59 12.60 12.61 12.62 12.63
