main/data/pressure/24.08.2023.grid
ncols 886
nrows 691
xllcenter 112.0000
yllcenter -44.5000
cellsize 0.0500
nodata_value 99999.90
[rows 259 to 295 of 691, columns 328 to 409 of 886]
5.43 5.43 5.44 5.45 5.44 5.41 5.39 5.37 5.34 5.34 5.35 5.33 5.33 5.34 5.37 5.39 5.40 5.39 5.39 5.39 5.39 5.38 5.30 5.16 5.29 5.35 5.36 5.33 5.32 5.33 5.33 5.30 5.34 5.37 5.39 5.41 5.43 5.46 5.46 5.49 5.50 5.52 5.53 5.54 5.54 5.53 5.51 5.51 5.51 5.51 5.51 5.53 5.55 5.55 5.54 5.54 5.56 5.58 5.59 5.59 5.60 5.59 5.59 5.61 5.64 5.65 5.63 5.67 5.63 5.61 5.62 5.64 5.60 5.62 5.63 5.64 5.63 5.64 5.66 5.69 5.71 5.71
5.38 5.39 5.40 5.40 5.39 5.36 5.33 5.31 5.30 5.29 5.30 5.31 5.31 5.29 5.33 5.34 5.38 5.36 5.34 5.34 5.34 5.34 5.33 5.32 5.30 5.31 5.31 5.30 5.28 5.26 5.27 5.27 5.29 5.30 5.32 5.34 5.38 5.42 5.44 5.45 5.45 5.47 5.47 5.49 5.50 5.49 5.48 5.47 5.47 5.48 5.49 5.51 5.52 5.51 5.51 5.51 5.52 5.54 5.55 5.55 5.54 5.54 5.54 5.57 5.59 5.64 5.59 5.66 5.59 5.58 5.57 5.57 5.56 5.56 5.58 5.59 5.59 5.61 5.62 5.64 5.65 5.67
5.35 5.36 5.36 5.35 5.35 5.30 5.28 5.26 5.25 5.24 5.24 5.25 5.27 5.28 5.29 5.30 5.35 5.33 5.30 5.31 5.30 5.30 5.30 5.29 5.28 5.28 5.27 5.26 5.25 5.24 5.24 5.24 5.27 5.26 5.29 5.31 5.34 5.38 5.39 5.40 5.41 5.43 5.44 5.45 5.46 5.46 5.44 5.45 5.44 5.44 5.45 5.46 5.47 5.47 5.47 5.46 5.47 5.49 5.49 5.49 5.48 5.47 5.49 5.51 5.55 5.57 5.64 5.66 5.59 5.54 5.52 5.53 5.55 5.53 5.53 5.53 5.54 5.56 5.58 5.59 5.61 5.63
5.32 5.33 5.32 5.31 5.33 5.21 5.22 5.22 5.20 5.16 5.12 5.19 5.23 5.24 5.25 5.28 5.33 5.32 5.29 5.28 5.28 5.28 5.26 5.25 5.25 5.25 5.23 5.22 5.21 5.21 5.20 5.20 5.21 5.22 5.24 5.27 5.29 5.32 5.37 5.36 5.37 5.40 5.41 5.42 5.41 5.42 5.41 5.41 5.40 5.40 5.40 5.41 5.41 5.41 5.41 5.41 5.41 5.42 5.43 5.43 5.42 5.42 5.43 5.46 5.48 5.49 5.54 5.57 5.54 5.49 5.48 5.48 5.50 5.49 5.48 5.48 5.50 5.52 5.53 5.55 5.57 5.58
5.27 5.27 5.27 5.25 5.24 5.15 5.17 5.16 5.15 5.08 4.96 5.15 5.20 5.21 5.23 5.25 5.28 5.31 5.29 5.27 5.24 5.23 5.23 5.22 5.21 5.21 5.20 5.18 5.18 5.18 5.18 5.18 5.17 5.18 5.21 5.24 5.25 5.27 5.34 5.32 5.26 5.36 5.38 5.38 5.38 5.37 5.38 5.37 5.37 5.37 5.36 5.36 5.34 5.34 5.35 5.34 5.35 5.37 5.40 5.39 5.38 5.37 5.38 5.39 5.42 5.44 5.42 5.47 5.46 5.44 5.43 5.44 5.46 5.44 5.43 5.44 5.45 5.48 5.48 5.50 5.52 5.54
5.24 5.25 5.25 5.24 5.25 5.24 5.17 5.14 5.14 5.11 5.01 5.15 5.18 5.18 5.19 5.20 5.25 5.30 5.28 5.26 5.23 5.22 5.21 5.19 5.18 5.17 5.16 5.15 5.15 5.15 5.15 5.14 5.14 5.14 5.16 5.18 5.21 5.26 5.30 5.16 4.96 5.18 5.32 5.33 5.33 5.33 5.33 5.33 5.31 5.31 5.30 5.30 5.27 5.27 5.28 5.28 5.30 5.34 5.42 5.42 5.31 5.30 5.30 5.33 5.35 5.36 5.32 5.35 5.38 5.36 5.35 5.40 5.40 5.38 5.38 5.39 5.41 5.42 5.42 5.45 5.47 5.48
5.22 5.23 5.25 5.26 5.27 5.23 5.19 5.16 5.16 5.15 5.14 5.16 5.18 5.16 5.16 5.18 5.23 5.27 5.27 5.21 5.27 5.21 5.17 5.16 5.15 5.14 5.12 5.12 5.13 5.13 5.12 5.11 5.10 5.09 5.11 5.14 5.17 5.22 5.28 5.20 4.57 5.14 5.30 5.26 5.28 5.30 5.30 5.29 5.27 5.25 5.24 5.24 5.20 5.18 5.21 5.22 5.22 5.28 5.24 4.94 5.05 5.22 5.22 5.25 5.24 5.25 5.20 5.19 5.21 5.28 5.31 5.36 5.36 5.33 5.34 5.34 5.36 5.37 5.38 5.40 5.41 5.42
5.23 5.25 5.26 5.26 5.27 5.26 5.23 5.21 5.20 5.19 5.19 5.19 5.20 5.20 5.19 5.20 5.23 5.22 4.97 4.51 5.11 5.14 5.14 5.13 5.13 5.12 5.10 5.10 5.10 5.09 5.09 5.09 5.08 5.07 5.09 5.11 5.12 5.16 5.14 5.09 4.97 5.21 5.25 5.24 5.24 5.26 5.26 5.25 5.22 5.20 5.18 5.17 5.14 5.12 5.15 5.16 5.15 5.06 4.39 2.57 4.05 4.87 5.12 5.13 5.10 5.06 5.02 5.00 5.06 5.23 4.99 5.29 5.30 5.26 5.28 5.28 5.30 5.31 5.31 5.34 5.33 5.26
5.24 5.27 5.28 5.28 5.28 5.27 5.26 5.25 5.24 5.22 5.22 5.23 5.24 5.25 5.24 5.22 5.23 5.19 4.79 4.01 5.09 5.23 5.15 5.11 5.10 5.09 5.07 5.05 5.06 5.05 5.05 5.05 5.04 5.03 5.06 5.09 5.09 5.05 4.59 4.75 5.05 5.11 5.16 5.19 5.19 5.20 5.22 5.21 5.19 5.16 5.13 5.11 5.07 5.04 5.08 5.07 5.07 5.03 4.84 4.95 4.61 4.93 5.05 4.98 4.97 4.92 4.87 4.79 4.79 4.50 2.88 4.55 4.96 5.20 5.20 5.19 5.21 5.22 5.24 4.88 4.22 4.86
5.26 5.29 5.31 5.30 5.29 5.27 5.26 5.26 5.25 5.25 5.24 5.25 5.26 5.26 5.25 5.24 5.22 5.17 5.06 5.06 5.26 5.20 5.13 5.09 5.07 5.06 5.03 5.02 5.02 5.01 5.01 5.01 5.01 4.99 5.01 5.04 5.05 4.97 4.77 4.96 5.06 5.07 5.11 5.13 5.14 5.14 5.17 5.15 5.14 5.11 5.08 5.04 5.01 4.99 5.00 5.03 5.02 5.00 4.96 4.84 4.82 4.91 4.97 4.96 4.93 4.89 4.84 4.80 4.73 4.42 3.94 4.67 5.00 5.15 5.11 5.09 5.11 5.10 5.05 4.54 2.69 5.07
5.28 5.31 5.32 5.28 5.28 5.28 5.26 5.24 5.25 5.26 5.27 5.27 5.27 5.27 5.26 5.24 5.25 5.19 5.24 5.28 5.17 5.10 5.08 5.05 5.03 5.01 5.00 4.99 4.98 4.97 4.97 4.97 4.97 4.96 4.99 5.01 5.04 5.05 4.98 5.02 5.06 5.03 5.08 5.09 5.11 5.11 5.12 5.11 5.11 5.07 5.03 5.00 4.97 4.94 4.90 4.93 4.95 4.89 4.90 4.86 4.85 4.85 4.86 4.82 4.86 4.85 4.83 4.86 4.86 4.92 4.74 4.93 5.06 5.06 5.06 5.04 5.03 5.02 4.97 4.85 4.71 5.01
5.30 5.32 5.32 5.28 5.27 5.27 5.26 5.24 5.24 5.25 5.26 5.28 5.27 5.27 5.27 5.26 5.26 5.26 5.24 5.12 5.10 5.06 5.05 5.03 4.99 4.99 4.98 4.95 4.93 4.94 4.92 4.97 4.97 4.98 5.00 5.00 5.02 5.05 5.04 5.06 5.08 5.08 5.08 5.12 5.11 5.10 5.10 5.09 5.08 5.05 5.01 4.97 4.92 4.82 4.79 4.85 4.84 4.87 4.88 4.85 4.83 4.83 4.79 4.77 4.77 4.75 4.76 4.78 4.81 4.85 4.93 4.97 4.95 4.94 4.96 4.99 4.97 4.91 4.91 4.86 4.90 4.98
5.32 5.33 5.32 5.30 5.26 5.24 5.25 5.23 5.21 5.21 5.23 5.23 5.25 5.26 5.25 5.22 5.20 5.18 5.16 5.10 5.08 5.06 5.01 4.97 4.97 4.97 4.97 4.95 4.91 4.96 4.83 5.02 5.03 5.01 5.04 5.03 5.04 5.05 5.07 5.08 5.11 5.14 5.13 5.13 5.12 5.10 5.09 5.07 5.04 5.02 5.00 4.97 4.94 4.91 4.89 4.88 4.84 4.85 4.80 4.79 4.78 4.71 4.63 4.63 4.63 4.62 4.64 4.65 4.64 4.64 4.76 4.79 4.46 4.54 4.78 4.85 4.87 4.88 4.84 4.85 4.89 4.22
5.33 5.30 5.30 5.28 5.25 5.22 5.23 5.22 5.20 5.16 5.12 5.06 5.14 5.22 5.24 5.20 5.19 5.18 5.14 5.10 5.06 5.01 4.96 4.91 4.95 5.00 5.00 5.01 5.01 4.97 4.86 5.03 5.07 5.10 5.09 5.09 5.10 5.12 5.11 5.11 5.14 5.14 5.12 5.13 5.10 5.10 5.07 5.04 5.03 4.99 4.97 4.94 4.93 4.90 4.84 4.84 4.82 4.79 4.76 4.74 4.70 4.65 4.51 4.45 4.49 4.49 4.51 4.51 4.50 4.45 4.57 4.62 3.33 4.25 4.61 4.63 4.71 4.67 4.75 4.77 4.90 4.95
5.30 5.26 5.27 5.27 5.22 5.20 5.21 5.23 5.20 5.14 5.02 4.84 5.09 5.21 5.24 5.18 5.18 5.19 5.14 5.10 5.05 4.99 4.92 4.85 4.95 5.04 5.05 5.07 5.06 5.04 5.04 5.06 5.03 5.08 5.13 5.15 5.15 5.15 5.13 5.14 5.15 5.13 5.13 5.11 4.96 5.07 5.05 5.03 5.01 4.97 4.94 4.93 4.90 4.84 4.78 4.79 4.75 4.74 4.71 4.67 4.67 4.63 4.57 4.49 4.47 4.41 4.48 4.44 4.49 4.47 4.46 4.27 4.37 4.47 4.22 4.34 4.12 4.56 4.53 4.66 4.66 4.69
5.30 5.26 5.26 5.25 5.21 5.19 5.21 5.22 5.21 5.18 5.14 5.15 5.22 5.23 5.22 5.18 5.16 5.17 5.14 5.08 5.04 4.99 4.97 4.97 5.01 5.05 5.06 5.08 5.05 5.05 5.06 5.07 5.04 5.09 5.12 5.10 5.12 5.16 5.14 5.15 5.16 5.17 5.09 4.93 4.62 4.81 4.89 4.89 4.93 4.97 4.92 4.91 4.89 4.86 4.79 4.71 4.67 4.68 4.65 4.62 4.61 4.58 4.58 4.57 4.55 4.55 4.49 4.51 4.51 4.49 4.48 4.49 4.43 4.44 4.50 4.45 4.43 4.52 4.62 4.71 4.59 4.43
5.31 5.26 5.26 5.26 5.22 5.18 5.22 5.24 5.24 5.22 5.20 5.21 5.20 5.20 5.16 5.11 5.14 5.14 5.11 5.05 5.02 4.99 5.02 5.08 5.08 5.08 5.12 5.12 5.06 5.04 5.04 5.02 5.07 5.10 5.12 5.15 5.13 5.19 5.19 5.19 5.18 5.19 5.12 5.00 4.93 4.91 4.82 4.71 4.77 4.87 4.88 4.88 4.86 4.83 4.78 4.72 4.63 4.57 4.58 4.61 4.60 4.56 4.52 4.53 4.49 4.40 4.32 4.44 4.44 4.46 4.45 4.42 4.42 4.39 4.42 4.54 4.61 4.66 4.72 4.78 4.71 4.56
5.32 5.29 5.26 5.24 5.23 5.22 5.24 5.26 5.25 5.22 5.17 5.16 5.16 5.15 5.13 5.12 5.12 5.11 5.07 5.01 4.99 4.99 5.03 5.08 5.12 5.14 5.08 5.10 5.08 5.10 5.10 5.05 5.10 5.11 5.14 5.12 5.09 5.15 5.18 5.20 5.19 5.19 5.15 5.09 5.07 4.99 4.87 4.74 4.67 4.77 4.75 4.74 4.73 4.72 4.73 4.72 4.66 4.59 4.55 4.56 4.53 4.51 4.48 4.49 4.44 4.22 4.43 4.33 4.25 4.40 4.41 4.40 4.40 4.40 4.40 4.43 4.57 4.61 4.66 4.80 4.88 4.78
5.32 5.30 5.24 5.22 5.22 5.24 5.22 5.21 5.24 5.20 5.13 5.13 5.14 5.13 5.12 5.14 5.11 5.10 5.02 4.96 4.97 4.98 5.02 5.06 5.11 5.17 5.13 5.14 5.10 5.10 5.11 5.11 5.06 5.09 5.10 5.00 4.99 5.06 5.11 5.20 5.16 5.16 5.16 5.12 5.06 5.04 4.93 4.83 4.82 4.81 4.74 4.60 4.61 4.61 4.67 4.69 4.65 4.58 4.57 4.49 4.47 4.41 4.44 4.47 4.43 4.40 4.49 4.34 4.14 4.37 4.35 4.34 4.31 4.32 4.36 4.43 4.44 4.54 4.63 4.74 4.85 4.93
5.29 5.23 5.20 5.17 5.17 5.21 5.20 5.18 5.24 5.24 5.22 5.20 5.18 5.16 5.13 5.10 5.05 5.00 4.98 4.97 4.99 5.02 5.05 5.08 5.14 5.19 5.22 5.20 5.17 5.14 5.12 5.10 5.07 5.06 5.02 4.95 5.02 5.08 5.15 5.08 5.11 5.11 5.14 5.14 5.10 5.06 4.99 4.92 4.88 4.81 4.73 4.62 4.55 4.52 4.58 4.65 4.65 4.58 4.60 4.60 4.45 4.41 4.41 4.40 4.33 4.32 4.51 4.65 4.53 4.47 4.33 4.26 4.30 4.33 4.42 4.44 4.38 4.51 4.64 4.74 4.73 4.85
5.27 5.18 5.18 5.13 5.07 5.14 5.21 5.24 5.29 5.30 5.29 5.28 5.24 5.20 5.15 5.09 5.04 4.99 5.01 5.02 5.07 5.10 5.12 5.11 5.16 5.22 5.27 5.28 5.23 5.18 5.15 5.11 5.06 5.11 5.04 4.92 4.99 4.98 5.03 5.05 5.06 5.00 5.05 5.09 5.04 4.97 4.92 4.78 4.82 4.74 4.70 4.66 4.56 4.38 4.51 4.56 4.61 4.64 4.64 4.64 4.53 4.47 4.41 4.39 4.34 4.31 4.38 4.33 4.62 4.73 4.63 4.46 4.44 4.44 4.42 4.49 4.40 4.41 4.48 4.64 4.59 4.77
5.31 5.27 5.26 5.16 4.96 4.74 5.26 5.32 5.35 5.36 5.34 5.33 5.28 5.24 5.20 5.16 5.11 5.08 5.11 5.15 5.18 5.20 5.25 5.22 5.23 5.28 5.29 5.28 5.24 5.21 5.20 5.15 5.08 5.19 5.15 5.09 5.10 5.08 5.07 5.05 5.03 5.00 5.05 5.03 4.97 4.93 4.92 4.88 4.84 4.76 4.69 4.63 4.58 4.48 4.44 4.49 4.53 4.58 4.58 4.58 4.58 4.54 4.43 4.45 4.54 4.51 4.47 4.43 4.52 4.62 4.73 4.64 4.62 4.58 4.47 4.48 4.62 4.38 4.42 4.52 4.54 4.68
5.36 5.35 5.34 5.29 5.20 5.17 5.33 5.40 5.41 5.41 5.40 5.37 5.32 5.28 5.24 5.24 5.20 5.17 5.22 5.29 5.28 5.28 5.30 5.28 5.30 5.32 5.31 5.27 5.27 5.26 5.29 5.30 5.27 5.30 5.26 5.25 5.24 5.25 5.17 5.10 5.06 5.01 5.04 5.02 4.93 4.92 4.99 5.00 4.90 4.82 4.70 4.59 4.57 4.55 4.50 4.48 4.51 4.56 4.57 4.52 4.46 4.57 4.46 4.42 4.52 4.61 4.63 4.56 4.46 4.39 4.65 4.81 4.76 4.69 4.61 4.63 4.70 4.49 4.35 4.47 4.51 4.58
5.39 5.41 5.42 5.41 5.42 5.44 5.45 5.48 5.48 5.47 5.45 5.39 5.30 5.21 5.25 5.30 5.30 5.30 5.32 5.34 5.35 5.35 5.34 5.34 5.35 5.37 5.36 5.35 5.35 5.37 5.38 5.39 5.38 5.32 5.28 5.27 5.28 5.30 5.24 5.18 5.14 5.12 5.11 5.07 5.02 5.02 5.04 4.97 4.87 4.79 4.72 4.64 4.61 4.58 4.58 4.57 4.57 4.59 4.63 4.67 4.69 4.75 4.48 4.37 4.53 4.59 4.64 4.69 4.57 4.47 4.69 4.86 4.81 4.73 4.66 4.77 4.79 4.76 4.54 4.61 4.57 4.55
5.42 5.47 5.49 5.50 5.52 5.53 5.53 5.55 5.54 5.52 5.48 5.42 5.29 5.13 5.26 5.38 5.40 5.42 5.39 5.39 5.40 5.40 5.39 5.37 5.39 5.41 5.42 5.43 5.44 5.47 5.47 5.48 5.42 5.32 5.30 5.25 5.32 5.35 5.29 5.22 5.23 5.25 5.19 5.14 5.11 5.10 5.03 4.89 4.83 4.77 4.76 4.74 4.71 4.68 4.70 4.70 4.69 4.68 4.71 4.75 4.77 4.80 4.80 4.77 4.73 4.59 4.65 4.71 4.77 4.80 4.83 4.92 4.87 4.79 4.69 4.71 4.76 4.87 4.37 4.83 4.78 4.72
5.48 5.52 5.55 5.57 5.58 5.59 5.59 5.59 5.58 5.56 5.53 5.48 5.40 5.35 5.38 5.44 5.45 5.46 5.45 5.44 5.44 5.44 5.43 5.42 5.43 5.45 5.47 5.47 5.49 5.50 5.51 5.51 5.47 5.42 5.40 5.38 5.38 5.37 5.33 5.29 5.28 5.28 5.25 5.22 5.17 5.13 5.06 4.96 4.89 4.83 4.83 4.85 4.83 4.83 4.83 4.81 4.79 4.77 4.80 4.83 4.86 4.83 4.63 4.69 4.82 4.76 4.71 4.72 4.77 4.83 4.90 4.93 4.93 4.91 4.82 4.63 4.62 4.81 4.97 4.95 4.95 4.90
5.55 5.59 5.61 5.63 5.65 5.66 5.65 5.63 5.62 5.60 5.58 5.56 5.53 5.55 5.51 5.50 5.49 5.47 5.47 5.46 5.47 5.47 5.46 5.46 5.46 5.48 5.48 5.47 5.51 5.53 5.54 5.56 5.55 5.53 5.51 5.51 5.46 5.42 5.38 5.34 5.33 5.32 5.31 5.27 5.21 5.16 5.10 5.06 4.97 4.89 4.92 4.95 4.95 4.95 4.94 4.91 4.88 4.87 4.89 4.91 4.92 4.84 4.59 4.62 4.78 4.73 4.66 4.69 4.74 4.78 4.88 4.90 4.94 4.98 4.84 4.48 4.64 4.82 4.97 5.04 5.06 5.02
5.57 5.64 5.67 5.70 5.70 5.70 5.69 5.68 5.65 5.63 5.62 5.60 5.58 5.57 5.56 5.53 5.51 5.49 5.48 5.49 5.49 5.48 5.48 5.48 5.48 5.49 5.49 5.50 5.52 5.53 5.55 5.58 5.58 5.58 5.58 5.57 5.54 5.51 5.47 5.44 5.42 5.42 5.38 5.29 5.23 5.20 5.16 5.12 5.07 5.03 5.01 5.00 5.02 5.03 5.01 4.98 4.99 5.02 5.00 4.99 4.97 4.95 4.95 5.01 4.69 4.70 4.45 4.61 4.71 4.77 4.82 4.78 4.89 4.99 5.01 4.85 4.85 4.96 5.03 5.11 4.99 5.05
5.60 5.69 5.74 5.76 5.75 5.74 5.74 5.71 5.69 5.66 5.64 5.61 5.59 5.58 5.56 5.53 5.51 5.50 5.50 5.50 5.50 5.50 5.49 5.48 5.50 5.50 5.51 5.51 5.53 5.54 5.57 5.59 5.61 5.60 5.61 5.62 5.60 5.57 5.55 5.51 5.50 5.48 5.44 5.37 5.31 5.27 5.23 5.18 5.16 5.17 5.12 5.05 5.08 5.10 5.07 5.05 5.09 5.13 5.09 5.06 5.03 5.00 5.05 4.92 4.89 4.83 4.68 4.67 4.68 4.74 4.76 4.58 4.77 4.93 4.99 5.03 5.04 5.08 5.13 5.18 5.16 5.17
5.64 5.74 5.80 5.82 5.80 5.77 5.79 5.75 5.72 5.69 5.66 5.63 5.60 5.59 5.57 5.54 5.53 5.51 5.51 5.51 5.51 5.50 5.49 5.49 5.50 5.51 5.51 5.52 5.53 5.54 5.56 5.59 5.62 5.64 5.65 5.64 5.64 5.63 5.62 5.59 5.57 5.54 5.50 5.47 5.41 5.37 5.32 5.24 5.11 5.25 5.26 5.20 5.16 5.13 5.15 5.18 5.20 5.19 5.16 5.13 5.10 5.08 5.10 5.01 4.97 4.93 4.92 4.92 4.89 4.79 4.77 4.77 4.75 4.87 4.96 5.03 5.05 5.09 5.15 5.15 5.27 5.30
5.70 5.78 5.84 5.87 5.86 5.85 5.85 5.78 5.75 5.73 5.69 5.65 5.59 5.61 5.58 5.54 5.53 5.53 5.52 5.51 5.51 5.50 5.49 5.49 5.52 5.49 5.52 5.52 5.53 5.54 5.56 5.57 5.60 5.60 5.64 5.66 5.68 5.68 5.68 5.66 5.63 5.61 5.58 5.57 5.52 5.47 5.44 5.42 5.31 5.30 5.34 5.35 5.26 5.18 5.25 5.32 5.30 5.26 5.22 5.23 5.19 5.17 5.15 5.04 5.05 5.03 4.98 5.00 4.95 4.88 4.86 4.82 4.64 4.71 4.95 4.98 4.99 5.03 5.16 5.23 5.29 5.34
5.76 5.83 5.87 5.87 5.88 5.90 5.88 5.81 5.77 5.74 5.70 5.67 5.64 5.61 5.58 5.55 5.53 5.51 5.50 5.50 5.50 5.50 5.46 5.52 5.52 5.52 5.51 5.51 5.54 5.54 5.56 5.59 5.61 5.63 5.65 5.67 5.69 5.70 5.70 5.69 5.68 5.67 5.66 5.63 5.60 5.57 5.55 5.52 5.47 5.45 5.43 5.44 5.39 5.36 5.36 5.37 5.35 5.31 5.29 5.28 5.25 5.24 5.21 5.14 5.08 5.03 5.03 5.04 5.01 4.95 4.93 4.92 4.90 4.82 4.87 4.89 4.88 4.91 4.99 5.07 5.25 5.36
5.83 5.85 5.86 5.81 5.73 5.72 5.84 5.84 5.79 5.76 5.71 5.67 5.64 5.63 5.58 5.54 5.51 5.49 5.48 5.49 5.47 5.48 5.22 5.47 5.47 5.49 5.48 5.50 5.54 5.53 5.55 5.59 5.61 5.64 5.66 5.68 5.70 5.72 5.72 5.73 5.73 5.72 5.71 5.68 5.67 5.66 5.64 5.63 5.60 5.59 5.53 5.57 5.54 5.52 5.47 5.43 5.40 5.36 5.35 5.32 5.31 5.29 5.26 5.21 5.11 5.01 5.08 5.09 5.06 5.01 5.00 4.99 4.98 4.94 4.92 4.93 4.90 4.90 4.86 4.95 5.14 5.29
5.83 5.83 5.83 5.75 5.51 5.00 5.35 5.82 5.81 5.78 5.73 5.68 5.65 5.62 5.56 5.51 5.50 5.48 5.44 5.42 5.46 5.21 4.50 4.75 5.27 5.38 5.42 5.49 5.56 5.53 5.55 5.58 5.62 5.64 5.66 5.68 5.70 5.72 5.74 5.75 5.77 5.77 5.78 5.76 5.74 5.73 5.72 5.70 5.68 5.66 5.62 5.62 5.61 5.58 5.54 5.50 5.47 5.43 5.41 5.39 5.37 5.34 5.31 5.27 5.20 5.15 5.15 5.16 5.14 5.10 5.07 5.04 5.02 5.01 5.01 5.00 5.02 5.02 4.87 4.98 5.27 5.37
5.78 5.79 5.80 5.79 5.65 5.47 5.49 5.78 5.80 5.79 5.75 5.69 5.65 5.62 5.55 5.48 5.47 5.47 5.41 5.33 5.44 5.39 4.72 5.39 5.39 5.33 5.42 5.46 5.56 5.51 5.53 5.57 5.61 5.65 5.66 5.69 5.71 5.74 5.76 5.77 5.79 5.80 5.81 5.80 5.79 5.78 5.78 5.77 5.74 5.72 5.69 5.69 5.67 5.63 5.60 5.57 5.53 5.50 5.47 5.44 5.42 5.38 5.37 5.33 5.30 5.26 5.23 5.21 5.20 5.18 5.13 5.09 5.06 5.05 5.05 5.06 5.09 5.12 5.18 5.29 5.38 5.41
5.74 5.74 5.76 5.77 5.77 5.73 5.68 5.75 5.78 5.77 5.74 5.69 5.66 5.58 5.54 5.49 5.47 5.47 5.45 5.40 5.43 5.39 5.25 5.42 5.45 5.46 5.51 5.55 5.53 5.49 5.52 5.56 5.61 5.64 5.66 5.69 5.71 5.74 5.77 5.79 5.81 5.82 5.82 5.82 5.82 5.81 5.80 5.80 5.79 5.78 5.75 5.74 5.72 5.69 5.66 5.63 5.60 5.56 5.49 5.45 5.47 5.45 5.42 5.38 5.35 5.29 5.29 5.27 5.25 5.23 5.17 5.12 5.09 5.09 5.08 5.09 5.14 5.20 5.27 5.34 5.39 5.38
5.71 5.69 5.69 5.69 5.68 5.65 5.65 5.68 5.74 5.75 5.73 5.62 5.47 5.57 5.54 5.51 5.48 5.45 5.46 5.43 5.43 5.40 5.38 5.42 5.44 5.47 5.50 5.45 5.46 5.45 5.50 5.57 5.60 5.63 5.66 5.69 5.72 5.74 5.78 5.81 5.83 5.84 5.84 5.83 5.84 5.84 5.83 5.83 5.83 5.83 5.81 5.80 5.78 5.75 5.72 5.69 5.66 5.62 5.53 5.41 5.53 5.51 5.48 5.45 5.39 5.28 5.32 5.32 5.29 5.26 5.23 5.20 5.18 5.15 5.12 5.15 5.18 5.19 5.26 5.36 5.38 5.39
