main/data/pressure/24.04.2023.grid
ncols 886
nrows 691
xllcenter 112.0000
yllcenter -44.5000
cellsize 0.0500
nodata_value 99999.90
[rows 175 to 209 of 691, columns 316 to 394 of 886]
8.42 8.51 8.59 8.64 8.70 8.76 8.81 8.86 8.91 8.96 9.02 9.07 9.11 9.15 9.16 9.17 9.17 9.11 9.16 9.28 9.26 9.20 9.16 9.28 9.32 9.26 9.52 9.55 9.55 9.68 9.81 9.88 9.97 9.85 9.97 10.02 9.99 10.12 10.29 10.36 10.38 10.43 10.65 10.61 10.80 10.95 11.03 11.06 11.34 11.46 11.53 11.62 11.71 11.73 11.78 11.89 12.01 12.13 12.22 12.29 12.38 12.45 12.51 12.55 12.58 12.66 12.75 12.79 12.80 12.80 12.80 12.82 12.79 12.72 12.69 12.75 12.78 12.79 12.81
8.51 8.55 8.61 8.66 8.72 8.77 8.81 8.87 8.92 8.97 9.03 9.07 9.10 9.09 9.07 9.11 9.14 9.10 9.11 9.18 9.19 9.17 9.17 9.26 9.37 9.15 9.40 9.57 9.64 9.73 9.75 9.72 9.88 10.03 10.04 10.07 10.13 10.23 10.34 10.35 10.30 10.40 10.51 10.56 10.67 10.81 10.93 11.11 11.30 11.42 11.55 11.38 11.59 11.71 11.80 11.89 12.00 12.17 12.22 12.28 12.35 12.43 12.49 12.54 12.58 12.63 12.68 12.72 12.75 12.76 12.78 12.78 12.76 12.68 12.65 12.71 12.74 12.74 12.76
8.50 8.56 8.61 8.66 8.73 8.79 8.82 8.87 8.93 8.99 9.05 9.05 9.10 9.10 9.07 9.09 9.00 8.92 9.06 9.15 9.17 9.18 9.16 9.17 9.34 9.31 9.42 9.51 9.65 9.65 9.69 9.72 9.84 9.99 10.08 10.14 10.22 10.28 10.30 10.29 10.32 10.38 10.45 10.51 10.59 10.70 10.88 11.09 11.25 11.29 11.40 11.45 11.59 11.67 11.77 11.89 11.99 12.14 12.20 12.26 12.32 12.40 12.46 12.50 12.53 12.55 12.60 12.65 12.70 12.71 12.71 12.71 12.70 12.61 12.59 12.67 12.69 12.67 12.70
8.51 8.57 8.61 8.65 8.74 8.80 8.84 8.89 8.95 9.00 8.99 8.93 9.06 9.11 9.12 9.14 9.17 9.13 9.17 9.20 9.21 9.22 9.22 9.19 9.31 9.35 9.39 9.46 9.57 9.61 9.65 9.72 9.84 9.95 10.07 10.15 10.20 10.13 9.88 10.17 10.31 10.39 10.41 10.44 10.50 10.64 10.89 11.04 11.15 11.21 11.17 11.44 11.51 11.61 11.75 11.93 12.04 12.12 12.19 12.26 12.31 12.37 12.40 12.40 12.40 12.43 12.52 12.60 12.64 12.63 12.62 12.63 12.63 12.59 12.57 12.58 12.59 12.62 12.67
8.53 8.57 8.64 8.58 8.74 8.81 8.84 8.89 8.95 8.99 8.96 8.75 9.08 9.08 9.07 9.10 9.17 9.19 9.22 9.23 9.21 9.13 9.16 9.23 9.28 9.31 9.33 9.34 9.52 9.57 9.61 9.68 9.82 9.88 10.04 10.10 10.21 10.23 10.24 10.34 10.36 10.41 10.36 10.26 10.38 10.61 10.81 10.90 11.06 11.20 11.28 11.40 11.49 11.67 11.79 11.88 11.98 12.07 12.15 12.20 12.26 12.28 12.28 12.25 12.24 12.32 12.46 12.55 12.58 12.54 12.51 12.56 12.58 12.56 12.55 12.49 12.51 12.58 12.63
8.54 8.54 8.67 8.63 8.74 8.81 8.84 8.88 8.94 9.00 9.01 8.94 9.04 9.04 8.94 9.06 8.99 9.12 9.21 9.25 9.28 9.24 9.08 9.06 9.21 9.27 9.23 9.24 9.35 9.49 9.54 9.61 9.70 9.78 9.97 10.03 10.11 10.20 10.29 10.34 10.39 10.42 10.35 10.29 10.39 10.44 10.87 10.93 11.00 11.12 11.27 11.40 11.54 11.63 11.62 11.76 11.91 12.00 12.04 12.09 12.13 12.15 12.15 12.10 12.08 12.25 12.40 12.46 12.46 12.44 12.45 12.51 12.53 12.51 12.51 12.46 12.47 12.52 12.57
8.58 8.52 8.61 8.72 8.77 8.81 8.84 8.88 8.93 9.00 9.01 9.02 9.06 9.02 8.91 9.02 9.01 9.09 9.16 9.20 9.23 9.27 9.20 9.08 9.24 9.33 9.34 9.37 9.43 9.48 9.48 9.56 9.67 9.78 9.91 9.99 10.05 10.12 10.20 10.29 10.34 10.42 10.40 10.43 10.49 10.60 10.82 10.93 10.99 11.05 11.17 11.32 11.38 11.48 11.55 11.69 11.83 11.93 11.95 12.02 12.03 12.04 12.07 12.08 12.14 12.29 12.36 12.37 12.33 12.31 12.38 12.47 12.47 12.41 12.39 12.40 12.42 12.47 12.53
8.61 8.55 8.63 8.73 8.79 8.84 8.87 8.91 8.95 9.00 9.02 9.05 9.06 9.04 9.02 8.98 8.96 9.01 9.10 9.13 9.11 9.21 9.27 9.24 9.21 9.36 9.44 9.48 9.51 9.51 9.51 9.56 9.66 9.79 9.85 9.91 9.98 10.05 10.08 10.11 10.21 10.32 10.39 10.49 10.60 10.75 10.88 10.96 11.00 11.06 11.14 11.26 11.31 11.41 11.51 11.64 11.82 11.88 11.95 12.00 11.99 12.00 12.03 12.12 12.17 12.22 12.25 12.24 12.19 12.18 12.31 12.44 12.44 12.39 12.36 12.35 12.38 12.46 12.52
8.65 8.62 8.70 8.76 8.83 8.86 8.87 8.93 8.97 8.94 8.96 9.01 9.05 9.06 9.04 8.93 8.92 8.97 9.13 9.09 8.92 9.05 9.15 9.26 9.20 9.34 9.49 9.54 9.56 9.56 9.52 9.55 9.66 9.73 9.76 9.83 9.95 10.01 9.98 9.92 10.08 10.22 10.34 10.49 10.62 10.75 10.82 10.96 11.04 11.09 11.16 11.27 11.34 11.42 11.52 11.58 11.63 11.75 11.89 11.99 12.02 12.06 12.10 12.15 12.15 12.15 12.14 12.09 12.08 12.13 12.26 12.39 12.38 12.35 12.34 12.32 12.36 12.45 12.52
8.70 8.68 8.72 8.79 8.85 8.85 8.90 8.89 8.81 8.77 8.78 8.93 9.05 9.08 9.10 9.11 9.13 9.14 9.17 9.15 9.03 9.05 8.99 8.78 9.18 9.35 9.44 9.52 9.58 9.58 9.57 9.56 9.55 9.61 9.72 9.84 9.95 10.01 9.99 9.97 10.04 10.14 10.28 10.42 10.53 10.57 10.78 10.93 11.07 11.12 11.19 11.28 11.36 11.44 11.52 11.58 11.62 11.69 11.84 11.98 12.03 12.09 12.11 12.11 12.12 12.09 12.00 11.95 12.03 12.19 12.27 12.33 12.31 12.30 12.34 12.33 12.39 12.45 12.48
8.67 8.70 8.76 8.84 8.87 8.87 8.82 8.83 8.86 8.78 8.64 8.93 9.07 9.09 9.11 9.09 9.07 9.12 9.17 9.17 9.16 9.16 9.15 9.18 9.18 9.29 9.36 9.47 9.56 9.58 9.61 9.60 9.55 9.60 9.74 9.87 9.99 10.07 10.06 10.04 10.05 10.07 10.23 10.39 10.50 10.62 10.75 10.85 10.98 11.14 11.20 11.29 11.36 11.45 11.56 11.61 11.66 11.71 11.79 11.91 11.97 12.04 12.10 12.09 12.09 12.06 11.99 11.97 12.07 12.19 12.26 12.27 12.24 12.24 12.36 12.34 12.45 12.49 12.49
8.71 8.77 8.81 8.80 8.86 8.90 8.64 8.77 8.92 8.95 8.99 9.06 9.09 9.13 9.14 9.13 9.07 9.15 9.17 9.19 9.18 9.01 8.86 9.14 9.14 9.21 9.33 9.47 9.50 9.56 9.62 9.64 9.65 9.71 9.83 9.93 10.03 10.09 10.12 10.15 10.09 10.10 10.22 10.38 10.55 10.68 10.78 10.87 10.98 11.10 11.21 11.29 11.37 11.44 11.53 11.59 11.66 11.72 11.78 11.86 11.91 11.99 12.06 12.08 12.07 12.06 12.06 12.08 12.13 12.19 12.26 12.28 12.27 12.31 12.39 12.43 12.48 12.50 12.49
8.75 8.73 8.65 8.67 8.81 8.91 8.84 8.87 8.97 9.04 9.08 9.11 9.14 9.16 9.17 9.17 9.16 9.14 9.14 9.15 9.12 8.94 8.69 8.93 9.10 9.15 9.21 9.45 9.43 9.53 9.63 9.69 9.74 9.81 9.92 10.00 10.05 10.12 10.15 10.17 10.12 10.08 10.23 10.39 10.56 10.68 10.79 10.89 10.99 11.09 11.19 11.26 11.32 11.42 11.49 11.56 11.63 11.70 11.77 11.83 11.88 11.96 12.04 12.05 12.04 12.05 12.10 12.15 12.20 12.27 12.30 12.35 12.34 12.38 12.42 12.46 12.50 12.50 12.50
8.53 8.59 8.56 8.62 8.79 8.88 8.94 8.97 9.01 9.05 9.08 9.11 9.14 9.16 9.18 9.19 9.17 9.12 9.08 9.11 9.16 9.07 8.83 8.96 9.17 9.25 9.25 9.42 9.47 9.56 9.66 9.74 9.82 9.90 9.98 10.04 10.07 10.09 10.12 10.13 10.12 10.15 10.28 10.42 10.55 10.65 10.75 10.84 10.96 11.08 11.18 11.26 11.34 11.40 11.47 11.54 11.62 11.69 11.75 11.81 11.88 11.94 12.01 12.05 12.06 12.09 12.12 12.17 12.21 12.27 12.31 12.34 12.36 12.39 12.43 12.46 12.47 12.50 12.50
8.54 8.57 8.54 8.60 8.79 8.79 8.89 8.99 9.01 9.02 9.05 9.09 9.13 9.18 9.20 9.19 9.16 9.09 9.02 9.17 9.28 9.28 9.13 9.10 9.33 9.42 9.51 9.55 9.54 9.61 9.71 9.80 9.88 9.97 10.04 10.07 10.07 10.09 10.11 10.12 10.16 10.20 10.33 10.46 10.56 10.63 10.71 10.82 10.94 11.07 11.19 11.25 11.33 11.38 11.45 11.52 11.60 11.67 11.72 11.79 11.84 11.91 11.97 12.03 12.07 12.11 12.12 12.16 12.22 12.25 12.29 12.31 12.35 12.38 12.41 12.42 12.44 12.47 12.50
8.64 8.67 8.68 8.73 8.63 8.61 8.83 8.98 9.00 9.03 9.07 9.09 9.11 9.16 9.21 9.21 9.14 9.11 9.14 9.26 9.35 9.36 9.30 9.08 9.19 9.35 9.51 9.63 9.65 9.66 9.74 9.84 9.93 10.01 10.07 10.07 10.08 10.11 10.18 10.23 10.24 10.29 10.39 10.50 10.56 10.62 10.70 10.83 10.95 11.06 11.15 11.21 11.27 11.33 11.41 11.49 11.58 11.66 11.74 11.80 11.84 11.89 11.95 11.99 12.04 12.09 12.13 12.17 12.20 12.22 12.24 12.27 12.30 12.33 12.38 12.40 12.43 12.46 12.48
8.74 8.78 8.81 8.84 8.78 8.78 8.88 8.98 9.00 8.99 9.07 9.08 9.06 9.09 9.20 9.24 9.23 9.22 9.28 9.34 9.39 9.40 9.32 8.77 8.94 9.27 9.48 9.67 9.64 9.65 9.74 9.88 9.97 10.02 10.02 10.06 10.13 10.17 10.27 10.38 10.35 10.33 10.45 10.56 10.58 10.62 10.71 10.84 10.96 11.04 11.12 11.18 11.23 11.31 11.37 11.48 11.56 11.68 11.75 11.79 11.82 11.87 11.91 11.96 12.01 12.06 12.10 12.13 12.15 12.17 12.19 12.21 12.25 12.28 12.33 12.37 12.41 12.44 12.46
8.79 8.82 8.84 8.86 8.89 8.91 8.89 8.96 8.99 8.84 9.02 9.08 9.03 9.03 9.14 9.25 9.30 9.33 9.37 9.40 9.41 9.45 9.49 9.36 9.30 9.42 9.58 9.71 9.72 9.55 9.68 9.90 10.00 10.02 10.07 10.14 10.22 10.28 10.34 10.39 10.42 10.41 10.44 10.53 10.63 10.69 10.76 10.88 10.99 11.05 11.12 11.17 11.22 11.30 11.41 11.52 11.62 11.70 11.71 11.74 11.78 11.82 11.87 11.92 11.95 11.98 12.00 12.03 12.06 12.09 12.13 12.17 12.22 12.26 12.30 12.36 12.39 12.39 12.40
8.79 8.80 8.82 8.82 8.88 8.82 8.77 8.84 8.82 8.70 8.84 9.07 9.03 8.98 9.09 9.21 9.28 9.34 9.37 9.42 9.46 9.51 9.54 9.59 9.62 9.61 9.69 9.76 9.70 9.26 9.69 9.97 10.01 10.05 10.11 10.16 10.16 10.21 10.33 10.41 10.42 10.41 10.42 10.46 10.57 10.70 10.80 10.92 11.02 11.08 11.13 11.17 11.21 11.31 11.42 11.54 11.64 11.66 11.63 11.67 11.72 11.77 11.82 11.86 11.89 11.92 11.95 11.98 12.03 12.04 12.10 12.15 12.21 12.26 12.30 12.35 12.34 12.32 12.33
8.73 8.79 8.80 8.79 8.74 8.90 8.87 8.84 8.79 8.76 8.88 9.04 9.05 9.00 9.08 9.18 9.25 9.31 9.35 9.39 9.46 9.47 9.47 9.50 9.59 9.67 9.75 9.82 9.86 9.91 9.95 10.02 10.06 10.10 10.13 10.14 10.13 10.21 10.32 10.36 10.35 10.34 10.38 10.45 10.55 10.69 10.82 10.93 11.04 11.13 11.18 11.22 11.29 11.33 11.40 11.54 11.64 11.62 11.58 11.60 11.65 11.70 11.75 11.81 11.88 11.94 11.99 12.03 12.07 12.11 12.14 12.19 12.22 12.26 12.29 12.30 12.27 12.22 12.23
8.64 8.76 8.78 8.75 8.67 8.78 8.92 8.86 8.79 8.79 8.85 9.01 9.02 9.00 9.07 9.16 9.22 9.29 9.32 9.36 9.41 9.43 9.38 9.30 9.50 9.67 9.76 9.83 9.91 9.94 9.99 10.05 10.09 10.10 10.14 10.12 10.10 10.20 10.31 10.32 10.30 10.28 10.36 10.44 10.56 10.70 10.83 10.95 11.06 11.17 11.23 11.29 11.36 11.38 11.43 11.57 11.57 11.55 11.50 11.54 11.58 11.64 11.67 11.76 11.88 11.94 12.00 12.06 12.09 12.14 12.17 12.20 12.22 12.23 12.27 12.28 12.22 12.12 12.16
8.58 8.72 8.80 8.78 8.78 8.69 8.91 8.84 8.70 8.79 8.95 9.02 8.97 9.00 9.05 9.12 9.19 9.27 9.31 9.31 9.35 9.42 9.40 9.29 9.48 9.61 9.67 9.77 9.88 9.93 9.99 10.06 10.12 10.12 10.14 10.12 10.14 10.23 10.32 10.36 10.33 10.34 10.42 10.51 10.61 10.73 10.85 10.98 11.10 11.21 11.30 11.35 11.39 11.43 11.49 11.59 11.57 11.52 11.50 11.50 11.52 11.59 11.69 11.79 11.84 11.88 11.96 12.03 12.08 12.13 12.14 12.16 12.16 12.18 12.22 12.25 12.22 12.17 12.20
8.55 8.67 8.77 8.82 8.75 8.57 8.85 8.84 8.58 8.82 8.97 8.95 8.90 8.95 8.97 9.05 9.14 9.22 9.31 9.31 9.31 9.37 9.39 9.39 9.49 9.57 9.59 9.71 9.86 9.90 9.96 10.02 10.01 10.02 10.09 10.13 10.16 10.27 10.29 10.28 10.31 10.40 10.49 10.59 10.67 10.77 10.88 11.01 11.13 11.25 11.33 11.38 11.42 11.46 11.52 11.58 11.55 11.52 11.49 11.46 11.45 11.56 11.69 11.77 11.75 11.79 11.90 11.99 12.03 12.09 12.11 12.12 12.12 12.11 12.17 12.23 12.23 12.22 12.23
8.56 8.59 8.66 8.82 8.86 8.71 8.78 8.80 8.88 8.90 8.94 8.88 8.91 8.90 8.89 8.98 9.08 9.19 9.30 9.34 9.30 9.29 9.31 9.37 9.46 9.55 9.64 9.76 9.79 9.84 9.92 9.98 9.98 9.93 10.03 10.10 10.18 10.22 10.21 10.17 10.30 10.43 10.53 10.65 10.75 10.82 10.93 11.05 11.17 11.27 11.35 11.40 11.45 11.49 11.54 11.55 11.53 11.49 11.47 11.46 11.46 11.53 11.63 11.67 11.65 11.69 11.80 11.90 11.96 12.00 12.05 12.07 12.09 12.11 12.16 12.20 12.22 12.21 12.23
8.68 8.66 8.69 8.78 8.85 8.82 8.78 8.56 8.78 8.83 8.82 8.83 8.84 8.89 8.78 8.92 9.06 9.16 9.25 9.31 9.30 9.28 9.28 9.33 9.40 9.46 9.62 9.71 9.72 9.80 9.89 9.93 9.96 9.98 10.03 10.07 10.07 9.97 10.17 10.27 10.39 10.47 10.57 10.69 10.80 10.86 10.95 11.08 11.19 11.27 11.36 11.38 11.41 11.44 11.50 11.49 11.48 11.47 11.45 11.46 11.46 11.51 11.58 11.60 11.55 11.59 11.71 11.81 11.87 11.91 11.99 12.04 12.07 12.11 12.14 12.18 12.19 12.20 12.20
8.75 8.73 8.71 8.72 8.77 8.90 8.96 8.95 8.89 8.78 8.69 8.78 8.79 8.83 8.92 8.98 9.04 9.11 9.20 9.27 9.29 9.30 9.30 9.33 9.35 9.32 9.44 9.64 9.71 9.74 9.78 9.83 9.91 10.00 10.07 10.09 10.07 10.04 10.23 10.34 10.46 10.47 10.58 10.73 10.83 10.90 10.97 11.07 11.15 11.26 11.31 11.31 11.30 11.32 11.37 11.41 11.42 11.42 11.44 11.45 11.47 11.50 11.54 11.56 11.50 11.55 11.64 11.71 11.80 11.88 11.95 11.99 12.04 12.07 12.10 12.13 12.16 12.16 12.17
8.73 8.68 8.66 8.64 8.68 8.77 8.82 8.95 8.99 8.87 8.84 8.88 8.85 8.75 8.80 8.94 8.99 9.04 9.09 9.23 9.30 9.31 9.33 9.31 9.31 9.35 9.52 9.63 9.66 9.70 9.74 9.80 9.88 10.02 10.14 10.15 10.16 10.22 10.35 10.44 10.51 10.50 10.60 10.76 10.86 10.91 10.98 11.04 11.10 11.23 11.28 11.25 11.20 11.21 11.25 11.30 11.33 11.36 11.41 11.44 11.46 11.47 11.49 11.51 11.50 11.55 11.61 11.63 11.75 11.86 11.92 11.96 11.98 12.02 12.06 12.10 12.13 12.13 12.12
8.81 8.75 8.70 8.64 8.66 8.69 8.72 8.86 9.05 9.05 9.01 8.99 8.96 8.91 8.91 8.94 8.97 9.01 9.05 9.17 9.25 9.29 9.33 9.26 9.26 9.39 9.53 9.60 9.61 9.68 9.77 9.87 9.98 10.09 10.17 10.21 10.20 10.28 10.40 10.50 10.54 10.55 10.63 10.74 10.85 10.92 10.98 11.06 11.16 11.22 11.22 11.21 11.19 11.18 11.20 11.23 11.26 11.29 11.36 11.38 11.39 11.41 11.42 11.45 11.51 11.59 11.65 11.70 11.76 11.83 11.87 11.90 11.91 11.94 12.01 12.03 12.10 12.08 12.07
8.87 8.78 8.78 8.71 8.64 8.65 8.64 8.75 8.90 8.97 9.12 9.05 9.07 9.08 9.07 9.01 8.99 9.03 9.08 9.13 9.16 9.27 9.33 9.29 9.31 9.44 9.57 9.57 9.57 9.69 9.82 9.96 10.04 10.10 10.14 10.26 10.22 10.29 10.40 10.53 10.57 10.55 10.64 10.78 10.89 10.95 10.99 11.06 11.15 11.16 11.17 11.18 11.18 11.17 11.19 11.19 11.18 11.22 11.29 11.33 11.33 11.33 11.33 11.36 11.42 11.49 11.58 11.65 11.71 11.76 11.82 11.83 11.82 11.88 11.96 11.92 12.03 12.05 12.04
8.74 8.74 8.74 8.70 8.63 8.63 8.62 8.68 8.82 8.97 9.11 9.17 9.17 9.17 9.14 9.11 9.09 9.09 9.13 9.18 9.24 9.32 9.35 9.34 9.34 9.47 9.57 9.57 9.60 9.74 9.88 9.95 9.97 10.01 10.11 10.25 10.34 10.38 10.45 10.55 10.55 10.54 10.63 10.81 10.94 11.00 11.01 11.04 11.08 11.10 11.12 11.13 11.14 11.16 11.18 11.16 11.15 11.17 11.21 11.24 11.28 11.32 11.33 11.36 11.40 11.44 11.50 11.56 11.65 11.72 11.77 11.81 11.79 11.81 11.87 11.88 11.95 12.02 12.04
8.60 8.66 8.66 8.64 8.60 8.60 8.64 8.69 8.83 8.95 9.05 9.11 9.21 9.21 9.20 9.20 9.20 9.17 9.19 9.26 9.34 9.39 9.42 9.43 9.45 9.52 9.58 9.60 9.64 9.77 9.90 9.89 9.85 9.95 10.05 10.17 10.25 10.43 10.50 10.55 10.52 10.52 10.54 10.78 10.94 11.00 11.00 10.98 11.01 11.05 11.09 11.12 11.12 11.15 11.17 11.15 11.11 11.17 11.20 11.23 11.28 11.35 11.39 11.41 11.41 11.39 11.44 11.49 11.58 11.67 11.72 11.75 11.76 11.77 11.80 11.83 11.88 11.91 11.95
8.56 8.61 8.61 8.59 8.57 8.59 8.67 8.78 8.86 8.94 9.04 9.15 9.21 9.23 9.23 9.25 9.26 9.26 9.28 9.34 9.40 9.44 9.47 9.48 9.51 9.55 9.60 9.64 9.69 9.77 9.85 9.87 9.90 9.96 10.04 10.14 10.22 10.38 10.51 10.56 10.58 10.60 10.68 10.84 10.95 10.96 10.94 10.87 10.91 11.03 11.10 11.13 11.16 11.17 11.19 11.18 11.17 11.22 11.28 11.32 11.37 11.43 11.46 11.47 11.45 11.42 11.43 11.46 11.53 11.62 11.68 11.70 11.68 11.67 11.69 11.74 11.79 11.84 11.87
8.65 8.62 8.60 8.57 8.55 8.60 8.74 8.85 8.86 8.86 9.01 9.15 9.21 9.25 9.27 9.30 9.31 9.32 9.36 9.40 9.41 9.44 9.49 9.50 9.50 9.55 9.62 9.68 9.72 9.78 9.85 9.90 9.96 10.00 10.06 10.16 10.18 10.36 10.52 10.59 10.62 10.68 10.78 10.87 10.93 10.95 10.96 10.95 11.00 11.07 11.12 11.16 11.18 11.21 11.22 11.21 11.22 11.28 11.36 11.39 11.41 11.45 11.47 11.50 11.50 11.46 11.42 11.41 11.46 11.54 11.60 11.63 11.61 11.57 11.59 11.66 11.71 11.76 11.80
8.68 8.65 8.61 8.60 8.61 8.68 8.81 8.88 8.86 8.88 9.00 9.12 9.20 9.25 9.28 9.31 9.35 9.38 9.40 9.41 9.38 9.37 9.46 9.51 9.47 9.55 9.71 9.76 9.77 9.83 9.90 9.97 10.03 10.08 10.13 10.21 10.28 10.38 10.51 10.59 10.65 10.71 10.79 10.85 10.90 10.94 10.97 11.00 11.04 11.08 11.11 11.11 11.15 11.21 11.24 11.26 11.27 11.32 11.36 11.37 11.38 11.38 11.36 11.40 11.49 11.50 11.46 11.41 11.43 11.45 11.49 11.53 11.53 11.52 11.54 11.59 11.64 11.70 11.75
8.72 8.70 8.66 8.66 8.75 8.83 8.87 8.86 8.85 8.87 9.01 9.12 9.19 9.24 9.28 9.32 9.34 9.38 9.43 9.40 9.37 9.37 9.49 9.57 9.58 9.67 9.75 9.82 9.80 9.88 9.95 10.02 10.09 10.15 10.20 10.23 10.27 10.35 10.41 10.56 10.66 10.71 10.75 10.78 10.85 10.90 10.95 10.98 11.00 10.98 11.05 11.05 11.07 11.13 11.19 11.23 11.27 11.29 11.30 11.32 11.33 11.29 11.23 11.27 11.43 11.50 11.47 11.44 11.39 11.34 11.39 11.43 11.46 11.48 11.48 11.52 11.58 11.64 11.69
