main/data/pressure/24.04.2023.grid
ncols 886
nrows 691
xllcenter 112.0000
yllcenter -44.5000
cellsize 0.0500
nodata_value 99999.90
[rows 455 to 489 of 691, columns 237 to 315 of 886]
14.33 14.54 14.75 14.98 15.23 15.48 15.75 16.15 16.36 16.72 17.07 17.17 17.48 17.82 18.15 18.51 18.91 19.35 19.78 20.16 20.59 21.08 21.49 22.24 22.71 23.21 23.71 24.23 24.76 25.32 25.88 26.45 27.04 27.63 28.21 28.81 29.39 29.96 30.51 31.03 31.49 31.86 32.01 32.10 32.14 32.16 32.15 32.14 32.10 32.05 31.97 31.89 31.79 31.68 31.55 31.40 31.20 30.96 30.50 29.95 29.36 28.74 28.11 27.49 26.85 26.24 25.62 25.03 24.45 23.88 23.34 22.81 22.31 21.83 21.37 20.93 20.49 20.08 19.69
14.32 14.51 14.73 14.97 15.21 15.46 15.76 16.13 16.49 16.85 17.07 17.18 17.47 17.82 18.15 18.48 18.89 19.31 19.79 20.24 20.71 21.23 21.70 22.14 22.61 23.08 23.57 24.07 24.58 25.11 25.65 26.19 26.76 27.31 27.88 28.43 28.97 29.51 30.03 30.53 30.98 31.41 31.75 32.03 32.14 32.19 32.21 32.22 32.19 32.15 32.08 31.99 31.88 31.75 31.60 31.38 31.01 30.58 30.08 29.54 28.98 28.40 27.82 27.23 26.64 26.06 25.49 24.92 24.37 23.83 23.32 22.82 22.34 21.88 21.44 21.01 20.59 20.20 19.82
14.31 14.50 14.70 14.94 15.19 15.43 15.70 16.03 16.38 16.81 17.10 17.14 17.49 17.87 18.20 18.50 18.96 19.33 19.80 20.31 20.77 21.18 21.61 22.05 22.49 22.95 23.42 23.90 24.40 24.91 25.42 25.94 26.47 26.99 27.53 28.05 28.56 29.07 29.55 30.01 30.44 30.85 31.20 31.52 31.76 31.94 32.07 32.16 32.17 32.13 32.07 31.95 31.77 31.54 31.25 30.93 30.53 30.10 29.62 29.12 28.60 28.07 27.53 26.97 26.43 25.88 25.34 24.81 24.30 23.79 23.30 22.82 22.37 21.92 21.50 21.09 20.69 20.31 19.94
14.32 14.48 14.68 14.91 15.17 15.41 15.67 15.96 16.22 16.68 17.19 17.37 17.62 18.01 18.38 18.75 19.16 19.56 19.93 20.31 20.70 21.11 21.52 21.94 22.37 22.82 23.27 23.74 24.22 24.70 25.19 25.69 26.18 26.68 27.19 27.67 28.15 28.63 29.08 29.51 29.91 30.29 30.62 30.92 31.16 31.37 31.51 31.61 31.64 31.62 31.55 31.42 31.24 31.00 30.71 30.39 30.01 29.62 29.18 28.71 28.24 27.74 27.24 26.73 26.22 25.71 25.21 24.71 24.23 23.75 23.29 22.83 22.40 21.97 21.57 21.18 20.79 20.42 20.05
14.32 14.46 14.63 14.88 15.16 15.40 15.66 16.01 16.39 16.84 17.20 17.52 17.83 18.14 18.46 18.80 19.14 19.50 19.86 20.24 20.63 21.02 21.42 21.83 22.25 22.68 23.12 23.58 24.03 24.49 24.96 25.44 25.91 26.38 26.86 27.31 27.76 28.21 28.63 29.03 29.40 29.75 30.06 30.34 30.56 30.75 30.89 30.97 31.01 30.99 30.93 30.81 30.65 30.43 30.16 29.87 29.53 29.16 28.76 28.33 27.90 27.44 26.98 26.50 26.03 25.55 25.08 24.62 24.16 23.71 23.28 22.85 22.44 22.03 21.64 21.25 20.88 20.53 20.17
14.31 14.50 14.62 14.87 15.18 15.41 15.73 16.14 16.58 16.91 17.20 17.49 17.79 18.10 18.42 18.75 19.09 19.44 19.80 20.17 20.55 20.93 21.32 21.73 22.14 22.55 22.99 23.42 23.86 24.30 24.74 25.20 25.65 26.09 26.54 26.97 27.39 27.81 28.20 28.58 28.92 29.25 29.53 29.79 30.00 30.17 30.30 30.38 30.42 30.40 30.35 30.24 30.09 29.89 29.65 29.38 29.07 28.74 28.37 27.98 27.58 27.15 26.73 26.29 25.85 25.41 24.96 24.54 24.11 23.68 23.27 22.87 22.47 22.08 21.71 21.34 20.98 20.62 20.28
14.25 14.53 14.71 14.90 15.26 15.33 16.00 16.35 16.61 16.88 17.16 17.45 17.75 18.05 18.36 18.70 19.02 19.38 19.73 20.09 20.47 20.84 21.23 21.62 22.02 22.43 22.85 23.27 23.69 24.11 24.54 24.97 25.40 25.82 26.24 26.65 27.05 27.44 27.80 28.16 28.48 28.78 29.04 29.27 29.48 29.63 29.76 29.83 29.87 29.86 29.80 29.71 29.57 29.40 29.18 28.93 28.65 28.34 28.01 27.66 27.29 26.90 26.51 26.10 25.69 25.29 24.87 24.47 24.06 23.67 23.27 22.89 22.51 22.14 21.78 21.43 21.07 20.73 20.39
14.24 14.51 14.74 14.89 15.25 15.71 16.07 16.31 16.57 16.84 17.12 17.40 17.70 17.99 18.32 18.63 18.96 19.30 19.65 20.01 20.38 20.76 21.13 21.52 21.91 22.30 22.70 23.12 23.52 23.93 24.34 24.76 25.16 25.56 25.97 26.35 26.72 27.09 27.44 27.77 28.07 28.34 28.59 28.81 29.00 29.14 29.26 29.33 29.36 29.36 29.31 29.23 29.11 28.95 28.76 28.53 28.28 28.00 27.70 27.37 27.03 26.68 26.31 25.94 25.56 25.18 24.80 24.42 24.04 23.67 23.29 22.92 22.56 22.20 21.86 21.52 21.17 20.85 20.51
14.20 14.45 14.71 15.14 15.50 15.76 16.03 16.28 16.53 16.80 17.07 17.36 17.64 17.95 18.25 18.57 18.90 19.24 19.58 19.95 20.30 20.67 21.04 21.42 21.80 22.19 22.57 22.98 23.37 23.76 24.16 24.56 24.95 25.33 25.70 26.08 26.43 26.78 27.10 27.40 27.69 27.95 28.19 28.39 28.56 28.71 28.81 28.88 28.91 28.92 28.88 28.80 28.70 28.55 28.38 28.18 27.95 27.69 27.41 27.12 26.81 26.49 26.15 25.80 25.45 25.09 24.74 24.38 24.03 23.67 23.32 22.96 22.62 22.28 21.94 21.60 21.28 20.95 20.63
14.29 14.46 14.65 15.13 15.51 15.76 16.00 16.24 16.49 16.76 17.03 17.30 17.59 17.89 18.20 18.51 18.84 19.17 19.51 19.86 20.21 20.58 20.95 21.32 21.69 22.07 22.45 22.83 23.23 23.61 23.99 24.36 24.75 25.11 25.47 25.83 26.16 26.48 26.80 27.09 27.36 27.60 27.82 28.02 28.18 28.32 28.41 28.49 28.52 28.52 28.49 28.43 28.33 28.21 28.05 27.87 27.66 27.43 27.18 26.90 26.62 26.32 26.01 25.69 25.36 25.03 24.70 24.36 24.02 23.69 23.35 23.02 22.68 22.36 22.02 21.70 21.38 21.06 20.74
14.35 14.64 14.99 15.26 15.47 15.73 15.96 16.20 16.45 16.71 16.98 17.25 17.54 17.84 18.14 18.45 18.78 19.11 19.44 19.79 20.14 20.49 20.86 21.22 21.59 21.96 22.33 22.71 23.08 23.46 23.83 24.19 24.56 24.92 25.26 25.60 25.92 26.23 26.53 26.80 27.05 27.29 27.50 27.69 27.84 27.97 28.07 28.13 28.17 28.18 28.15 28.10 28.02 27.91 27.77 27.60 27.42 27.20 26.98 26.73 26.46 26.19 25.90 25.61 25.30 25.00 24.68 24.37 24.04 23.72 23.40 23.07 22.76 22.43 22.12 21.80 21.49 21.17 20.87
14.14 14.46 14.93 15.25 15.48 15.70 15.92 16.16 16.41 16.67 16.93 17.20 17.49 17.78 18.08 18.39 18.71 19.04 19.37 19.71 20.06 20.41 20.76 21.12 21.49 21.86 22.22 22.59 22.95 23.32 23.68 24.04 24.39 24.74 25.07 25.39 25.71 26.00 26.28 26.55 26.79 27.01 27.22 27.39 27.55 27.67 27.76 27.84 27.87 27.89 27.87 27.82 27.76 27.65 27.53 27.38 27.21 27.02 26.81 26.59 26.34 26.08 25.82 25.54 25.26 24.97 24.68 24.37 24.06 23.76 23.45 23.15 22.83 22.53 22.21 21.91 21.59 21.29 20.98
14.15 14.65 14.95 15.22 15.44 15.66 15.89 16.12 16.36 16.61 16.88 17.15 17.43 17.72 18.02 18.33 18.65 18.97 19.30 19.64 19.98 20.33 20.68 21.03 21.39 21.76 22.11 22.47 22.83 23.19 23.55 23.89 24.23 24.57 24.90 25.21 25.51 25.80 26.07 26.32 26.57 26.78 26.98 27.15 27.29 27.42 27.51 27.58 27.63 27.64 27.63 27.59 27.53 27.45 27.33 27.21 27.05 26.87 26.69 26.47 26.26 26.02 25.76 25.51 25.24 24.97 24.69 24.41 24.11 23.81 23.52 23.22 22.92 22.62 22.32 22.01 21.71 21.40 21.10
14.20 14.66 14.98 15.20 15.41 15.62 15.85 16.07 16.31 16.57 16.83 17.10 17.38 17.67 17.96 18.27 18.58 18.89 19.23 19.56 19.90 20.24 20.59 20.94 21.29 21.65 22.00 22.37 22.72 23.07 23.41 23.75 24.09 24.42 24.73 25.05 25.34 25.62 25.89 26.13 26.36 26.58 26.76 26.93 27.08 27.20 27.30 27.37 27.41 27.44 27.43 27.41 27.35 27.27 27.18 27.06 26.92 26.76 26.58 26.40 26.19 25.97 25.74 25.49 25.24 24.98 24.72 24.44 24.17 23.88 23.59 23.31 23.01 22.72 22.42 22.12 21.82 21.52 21.22
14.42 14.70 14.98 15.17 15.37 15.58 15.80 16.03 16.27 16.52 16.78 17.05 17.31 17.60 17.89 18.20 18.51 18.82 19.15 19.48 19.81 20.16 20.51 20.85 21.20 21.55 21.90 22.25 22.61 22.96 23.30 23.63 23.96 24.29 24.60 24.89 25.19 25.46 25.72 25.97 26.19 26.39 26.59 26.75 26.89 27.02 27.11 27.19 27.24 27.26 27.27 27.25 27.20 27.14 27.05 26.95 26.82 26.68 26.52 26.34 26.15 25.94 25.73 25.50 25.26 25.02 24.76 24.49 24.23 23.95 23.68 23.39 23.11 22.82 22.52 22.24 21.94 21.64 21.34
14.45 14.66 14.92 15.14 15.33 15.54 15.76 15.99 16.22 16.46 16.72 16.98 17.26 17.54 17.83 18.13 18.44 18.75 19.07 19.40 19.74 20.07 20.41 20.76 21.11 21.46 21.81 22.16 22.50 22.84 23.19 23.52 23.84 24.16 24.47 24.77 25.05 25.33 25.58 25.82 26.04 26.25 26.43 26.60 26.74 26.86 26.97 27.04 27.09 27.13 27.14 27.13 27.10 27.04 26.97 26.87 26.76 26.62 26.47 26.31 26.13 25.94 25.73 25.51 25.29 25.05 24.80 24.56 24.30 24.04 23.76 23.49 23.21 22.92 22.64 22.35 22.06 21.76 21.46
14.51 14.71 14.90 15.09 15.29 15.50 15.72 15.93 16.17 16.41 16.67 16.93 17.20 17.48 17.77 18.07 18.37 18.68 19.00 19.33 19.66 19.99 20.33 20.67 21.02 21.36 21.71 22.06 22.40 22.74 23.07 23.40 23.73 24.04 24.35 24.64 24.93 25.19 25.45 25.69 25.91 26.11 26.30 26.47 26.61 26.74 26.84 26.92 26.98 27.02 27.04 27.04 27.01 26.97 26.90 26.82 26.71 26.59 26.45 26.30 26.14 25.95 25.75 25.55 25.33 25.11 24.87 24.63 24.38 24.12 23.86 23.59 23.31 23.04 22.75 22.46 22.18 21.88 21.59
14.42 14.69 14.87 15.06 15.26 15.45 15.67 15.89 16.12 16.36 16.61 16.86 17.13 17.41 17.70 17.99 18.29 18.60 18.92 19.24 19.57 19.90 20.24 20.59 20.93 21.27 21.62 21.96 22.30 22.64 22.98 23.30 23.62 23.94 24.24 24.53 24.81 25.09 25.34 25.57 25.80 26.00 26.19 26.36 26.51 26.63 26.74 26.83 26.89 26.94 26.96 26.96 26.95 26.91 26.86 26.78 26.68 26.58 26.45 26.30 26.15 25.97 25.79 25.59 25.38 25.17 24.94 24.71 24.46 24.21 23.96 23.69 23.42 23.15 22.86 22.59 22.30 22.00 21.72
14.48 14.66 14.84 15.03 15.21 15.41 15.62 15.84 16.07 16.30 16.55 16.81 17.07 17.35 17.63 17.92 18.22 18.53 18.85 19.17 19.49 19.82 20.16 20.49 20.83 21.18 21.53 21.87 22.21 22.54 22.87 23.21 23.52 23.83 24.14 24.44 24.71 24.98 25.23 25.48 25.70 25.90 26.10 26.26 26.41 26.55 26.66 26.75 26.82 26.87 26.90 26.92 26.90 26.88 26.83 26.76 26.68 26.57 26.46 26.32 26.17 26.02 25.84 25.65 25.45 25.24 25.01 24.79 24.55 24.31 24.05 23.79 23.53 23.26 22.99 22.70 22.41 22.13 21.84
14.46 14.62 14.80 14.98 15.17 15.37 15.57 15.79 16.02 16.25 16.50 16.75 17.01 17.29 17.57 17.86 18.14 18.45 18.76 19.08 19.41 19.74 20.07 20.41 20.75 21.09 21.43 21.77 22.11 22.45 22.78 23.10 23.42 23.74 24.04 24.33 24.61 24.89 25.14 25.38 25.61 25.82 26.01 26.19 26.34 26.47 26.59 26.69 26.76 26.83 26.86 26.88 26.88 26.85 26.81 26.76 26.68 26.58 26.48 26.35 26.21 26.06 25.89 25.71 25.52 25.31 25.10 24.88 24.64 24.41 24.16 23.91 23.64 23.37 23.10 22.82 22.53 22.25 21.96
14.42 14.59 14.76 14.95 15.12 15.32 15.53 15.74 15.97 16.20 16.43 16.68 16.94 17.21 17.49 17.78 18.07 18.38 18.69 19.00 19.32 19.65 19.98 20.32 20.65 21.00 21.34 21.68 22.02 22.35 22.68 23.02 23.33 23.64 23.95 24.24 24.53 24.80 25.05 25.30 25.53 25.74 25.94 26.12 26.27 26.42 26.54 26.64 26.72 26.79 26.83 26.86 26.86 26.84 26.82 26.76 26.69 26.61 26.51 26.39 26.26 26.11 25.96 25.78 25.59 25.40 25.19 24.97 24.75 24.51 24.26 24.01 23.75 23.49 23.22 22.94 22.66 22.38 22.08
14.40 14.56 14.72 14.90 15.09 15.28 15.47 15.69 15.91 16.14 16.38 16.63 16.88 17.15 17.43 17.70 18.00 18.30 18.61 18.92 19.24 19.57 19.90 20.23 20.57 20.90 21.24 21.58 21.92 22.26 22.59 22.92 23.24 23.55 23.86 24.16 24.44 24.71 24.98 25.22 25.45 25.67 25.87 26.05 26.21 26.36 26.49 26.59 26.69 26.75 26.80 26.84 26.85 26.85 26.82 26.77 26.72 26.64 26.54 26.44 26.31 26.16 26.02 25.85 25.67 25.48 25.27 25.07 24.84 24.61 24.37 24.12 23.86 23.61 23.33 23.06 22.78 22.50 22.20
14.36 14.52 14.69 14.86 15.04 15.23 15.43 15.64 15.86 16.08 16.31 16.56 16.81 17.08 17.35 17.63 17.92 18.22 18.52 18.83 19.15 19.48 19.80 20.13 20.47 20.81 21.15 21.49 21.83 22.16 22.49 22.83 23.15 23.46 23.77 24.07 24.36 24.63 24.90 25.14 25.39 25.60 25.80 26.00 26.17 26.31 26.45 26.56 26.66 26.74 26.79 26.83 26.85 26.85 26.83 26.80 26.74 26.67 26.59 26.48 26.36 26.23 26.08 25.92 25.75 25.56 25.36 25.16 24.94 24.71 24.48 24.23 23.98 23.72 23.45 23.17 22.90 22.62 22.33
14.33 14.48 14.65 14.82 15.00 15.19 15.38 15.58 15.80 16.02 16.26 16.50 16.75 17.01 17.27 17.55 17.84 18.13 18.44 18.74 19.06 19.39 19.72 20.05 20.38 20.72 21.05 21.39 21.73 22.06 22.41 22.73 23.05 23.37 23.69 23.99 24.27 24.55 24.83 25.08 25.31 25.54 25.75 25.94 26.11 26.27 26.41 26.53 26.63 26.72 26.78 26.82 26.86 26.86 26.84 26.82 26.77 26.71 26.63 26.53 26.42 26.30 26.15 25.99 25.83 25.65 25.46 25.25 25.04 24.82 24.58 24.34 24.09 23.83 23.57 23.30 23.02 22.74 22.45
14.29 14.45 14.61 14.77 14.95 15.14 15.33 15.54 15.74 15.96 16.19 16.43 16.68 16.94 17.20 17.48 17.76 18.06 18.36 18.66 18.98 19.30 19.62 19.95 20.28 20.62 20.95 21.30 21.64 21.97 22.31 22.64 22.96 23.29 23.60 23.90 24.19 24.48 24.75 25.00 25.24 25.48 25.69 25.89 26.06 26.23 26.38 26.50 26.61 26.70 26.77 26.83 26.86 26.87 26.87 26.85 26.80 26.75 26.68 26.58 26.48 26.36 26.22 26.08 25.91 25.73 25.55 25.35 25.13 24.92 24.69 24.44 24.20 23.95 23.68 23.42 23.14 22.86 22.57
14.27 14.41 14.57 14.74 14.91 15.09 15.28 15.48 15.69 15.91 16.13 16.36 16.61 16.86 17.13 17.40 17.68 17.97 18.27 18.57 18.88 19.20 19.53 19.86 20.19 20.53 20.86 21.20 21.54 21.87 22.21 22.55 22.87 23.19 23.50 23.81 24.11 24.40 24.67 24.93 25.18 25.41 25.63 25.83 26.02 26.19 26.34 26.48 26.59 26.68 26.76 26.82 26.86 26.89 26.89 26.87 26.84 26.79 26.72 26.64 26.54 26.42 26.30 26.15 25.99 25.82 25.64 25.44 25.23 25.02 24.79 24.55 24.31 24.06 23.79 23.53 23.26 22.98 22.69
14.23 14.38 14.53 14.69 14.86 15.04 15.23 15.42 15.63 15.84 16.07 16.30 16.54 16.80 17.06 17.33 17.61 17.89 18.19 18.49 18.80 19.12 19.44 19.76 20.09 20.43 20.76 21.10 21.44 21.77 22.12 22.45 22.77 23.09 23.41 23.73 24.02 24.31 24.59 24.86 25.11 25.35 25.57 25.79 25.98 26.15 26.30 26.45 26.57 26.67 26.76 26.82 26.87 26.90 26.91 26.90 26.88 26.83 26.77 26.69 26.60 26.49 26.37 26.22 26.07 25.91 25.73 25.53 25.33 25.12 24.89 24.66 24.42 24.17 23.91 23.65 23.37 23.09 22.81
14.19 14.34 14.49 14.64 14.81 14.99 15.18 15.37 15.58 15.78 16.00 16.23 16.47 16.72 16.98 17.25 17.52 17.81 18.10 18.40 18.71 19.02 19.34 19.66 19.99 20.32 20.66 21.01 21.34 21.68 22.01 22.35 22.67 23.01 23.32 23.63 23.93 24.23 24.52 24.78 25.04 25.28 25.52 25.73 25.92 26.10 26.27 26.42 26.54 26.66 26.75 26.82 26.88 26.91 26.92 26.92 26.91 26.87 26.81 26.74 26.65 26.55 26.43 26.30 26.15 25.99 25.81 25.62 25.42 25.22 25.00 24.76 24.53 24.28 24.02 23.76 23.49 23.21 22.92
14.15 14.30 14.45 14.61 14.78 14.94 15.12 15.31 15.51 15.72 15.94 16.17 16.40 16.64 16.90 17.16 17.44 17.72 18.01 18.31 18.61 18.92 19.24 19.56 19.89 20.23 20.56 20.90 21.24 21.57 21.91 22.24 22.58 22.91 23.23 23.54 23.84 24.14 24.43 24.70 24.96 25.21 25.45 25.67 25.87 26.06 26.23 26.38 26.52 26.64 26.73 26.81 26.88 26.92 26.94 26.95 26.94 26.90 26.85 26.79 26.71 26.61 26.50 26.37 26.22 26.07 25.90 25.71 25.51 25.32 25.10 24.87 24.64 24.39 24.13 23.88 23.60 23.33 23.04
14.13 14.26 14.41 14.56 14.73 14.90 15.08 15.26 15.45 15.66 15.88 16.10 16.33 16.58 16.83 17.08 17.36 17.64 17.92 18.21 18.52 18.83 19.15 19.47 19.80 20.13 20.46 20.79 21.13 21.47 21.80 22.15 22.48 22.81 23.13 23.44 23.75 24.06 24.35 24.62 24.89 25.15 25.39 25.61 25.82 26.02 26.19 26.35 26.49 26.62 26.72 26.80 26.88 26.92 26.95 26.97 26.96 26.93 26.89 26.84 26.76 26.66 26.56 26.44 26.29 26.15 25.98 25.80 25.61 25.41 25.19 24.97 24.74 24.49 24.24 23.98 23.72 23.44 23.16
14.09 14.23 14.37 14.52 14.68 14.85 15.02 15.21 15.39 15.60 15.81 16.03 16.26 16.50 16.75 17.01 17.28 17.55 17.84 18.13 18.43 18.74 19.05 19.37 19.69 20.02 20.35 20.69 21.02 21.36 21.71 22.04 22.37 22.70 23.03 23.34 23.66 23.97 24.26 24.54 24.82 25.08 25.32 25.55 25.76 25.97 26.15 26.31 26.46 26.59 26.70 26.79 26.87 26.93 26.96 26.99 26.98 26.96 26.94 26.88 26.81 26.72 26.62 26.50 26.37 26.23 26.06 25.88 25.69 25.50 25.29 25.07 24.83 24.60 24.35 24.09 23.83 23.55 23.27
14.05 14.19 14.33 14.47 14.63 14.79 14.97 15.15 15.34 15.54 15.74 15.96 16.19 16.42 16.67 16.93 17.19 17.46 17.74 18.03 18.33 18.64 18.95 19.26 19.59 19.91 20.25 20.58 20.92 21.26 21.60 21.93 22.27 22.60 22.92 23.25 23.57 23.87 24.17 24.45 24.74 25.00 25.25 25.48 25.71 25.91 26.10 26.27 26.43 26.56 26.68 26.79 26.87 26.93 26.97 27.00 27.01 26.99 26.96 26.92 26.85 26.77 26.68 26.56 26.43 26.30 26.14 25.97 25.78 25.59 25.38 25.16 24.93 24.70 24.45 24.19 23.93 23.66 23.38
14.02 14.15 14.29 14.44 14.58 14.74 14.91 15.09 15.28 15.48 15.68 15.89 16.11 16.35 16.59 16.84 17.10 17.37 17.65 17.94 18.23 18.54 18.85 19.16 19.48 19.81 20.14 20.48 20.82 21.15 21.49 21.83 22.16 22.49 22.83 23.15 23.47 23.77 24.07 24.36 24.65 24.92 25.17 25.41 25.64 25.85 26.05 26.22 26.39 26.53 26.66 26.76 26.86 26.92 26.97 27.01 27.02 27.02 26.99 26.96 26.90 26.82 26.74 26.63 26.50 26.36 26.22 26.05 25.87 25.67 25.48 25.26 25.03 24.80 24.56 24.30 24.04 23.76 23.49
13.98 14.11 14.25 14.39 14.54 14.70 14.86 15.03 15.22 15.41 15.62 15.83 16.05 16.27 16.51 16.76 17.02 17.29 17.56 17.84 18.14 18.44 18.74 19.06 19.38 19.70 20.04 20.37 20.70 21.04 21.38 21.71 22.05 22.38 22.72 23.05 23.36 23.67 23.98 24.28 24.56 24.83 25.09 25.35 25.58 25.79 25.99 26.17 26.35 26.50 26.63 26.75 26.84 26.92 26.97 27.02 27.04 27.04 27.02 26.99 26.94 26.87 26.79 26.68 26.56 26.43 26.29 26.12 25.95 25.76 25.57 25.35 25.13 24.89 24.66 24.40 24.14 23.87 23.60
13.95 14.07 14.20 14.34 14.49 14.65 14.80 14.98 15.16 15.35 15.55 15.76 15.98 16.20 16.43 16.68 16.93 17.20 17.47 17.75 18.04 18.34 18.64 18.95 19.28 19.60 19.93 20.26 20.59 20.93 21.26 21.60 21.94 22.28 22.61 22.94 23.26 23.57 23.89 24.19 24.47 24.75 25.01 25.26 25.51 25.73 25.93 26.12 26.30 26.46 26.60 26.71 26.82 26.90 26.97 27.01 27.05 27.05 27.04 27.02 26.97 26.91 26.83 26.74 26.62 26.49 26.36 26.20 26.03 25.84 25.64 25.44 25.22 24.99 24.76 24.51 24.25 23.98 23.70
