main/data/pressure/24.04.2023.grid
ncols 886
nrows 691
xllcenter 112.0000
yllcenter -44.5000
cellsize 0.0500
nodata_value 99999.90
[rows 315 to 349 of 691, columns 79 to 157 of 886]
15.48 15.53 15.46 15.33 15.46 15.42 15.41 15.37 15.36 15.33 15.29 15.29 15.28 15.26 15.26 15.22 15.19 15.17 15.13 15.11 15.07 15.00 14.97 14.92 14.90 14.93 14.94 14.94 14.96 14.94 14.90 14.89 14.90 14.91 14.91 14.89 14.89 14.90 14.91 14.92 14.92 14.81 14.70 14.77 14.80 14.83 14.78 14.82 14.77 14.67 14.59 14.57 14.51 14.44 14.33 14.23 14.03 13.84 13.98 13.63 13.51 13.63 13.68 13.48 13.42 13.37 13.33 13.14 12.96 12.89 12.82 12.66 12.74 12.75 12.74 12.76 12.74 12.74 12.65
15.61 15.59 15.55 15.51 15.46 15.45 15.43 15.41 15.40 15.37 15.36 15.34 15.31 15.30 15.27 15.25 15.22 15.16 15.11 15.01 15.02 15.03 15.02 15.01 14.99 14.99 15.00 15.00 13.78 14.99 14.99 14.98 14.99 14.99 15.00 14.98 15.00 15.02 15.02 15.01 14.91 14.65 14.59 14.79 14.88 14.90 14.88 14.90 14.93 14.89 14.83 14.77 14.71 14.64 14.51 14.45 14.27 13.98 14.11 14.10 14.01 13.90 13.80 13.59 13.33 13.36 13.37 13.22 13.04 12.84 12.79 12.74 12.72 12.76 12.68 12.66 12.73 12.63 12.48
15.57 15.54 15.55 15.51 15.49 15.45 15.42 15.38 15.29 15.34 15.35 15.31 15.23 15.14 15.23 15.06 15.22 15.13 15.14 14.98 14.95 15.07 15.10 15.10 15.09 15.06 15.04 15.07 15.06 15.05 15.08 15.07 15.06 15.06 15.06 15.08 15.10 15.09 15.12 15.13 15.09 15.06 15.03 15.02 15.04 15.01 14.98 14.99 15.02 15.04 15.03 14.98 14.93 14.85 14.76 14.69 14.58 14.52 14.39 14.29 14.19 14.06 13.92 13.77 13.56 13.43 13.36 13.26 13.12 12.93 12.87 12.84 12.79 12.72 12.62 12.57 12.70 12.48 12.41
15.59 15.57 15.56 15.52 15.46 15.42 15.40 15.30 15.11 15.27 15.34 15.32 15.25 15.04 15.12 15.19 15.17 14.93 15.17 15.14 15.14 15.17 15.17 15.16 15.15 15.13 15.11 15.11 15.12 15.12 15.12 15.12 15.12 15.13 15.15 15.16 15.18 15.20 15.22 15.24 15.24 15.22 15.23 15.21 15.21 15.16 15.12 15.14 15.17 15.17 15.15 15.11 15.08 15.06 14.99 14.90 14.81 14.59 14.56 14.48 14.32 14.12 14.00 13.90 13.68 13.50 13.34 13.26 13.11 12.97 12.92 12.82 12.63 12.62 12.55 12.48 12.46 12.42 12.38
15.61 15.60 15.57 15.54 15.45 15.34 15.36 15.31 15.17 15.29 15.33 15.33 15.25 15.00 15.35 15.34 15.36 15.33 15.29 15.26 15.25 15.24 15.21 15.20 15.18 15.18 15.15 15.15 15.12 15.13 15.15 15.16 15.18 15.20 15.22 15.25 15.28 15.31 15.34 15.37 15.38 15.38 15.37 15.39 15.39 15.31 15.31 15.37 15.38 15.34 15.28 15.25 15.21 15.18 15.14 15.07 14.99 14.90 14.75 14.55 14.40 14.27 14.15 14.00 13.78 13.55 13.37 13.27 13.10 12.93 12.92 12.81 12.71 12.64 12.53 12.40 12.28 12.23 12.21
15.63 15.61 15.60 15.56 15.47 15.36 15.32 15.26 15.13 15.22 15.28 15.30 15.34 15.37 15.41 15.39 15.37 15.32 15.31 15.29 15.27 15.25 15.23 15.22 15.20 15.20 14.96 15.00 15.09 15.14 15.14 15.15 15.18 15.24 15.27 15.30 15.35 15.40 15.46 15.49 15.53 15.54 15.55 15.57 15.57 15.53 15.57 15.63 15.62 15.58 15.51 15.51 15.39 15.21 15.28 15.27 15.21 15.10 14.93 14.74 14.59 14.46 14.31 14.12 13.89 13.63 13.42 13.25 13.12 13.01 12.95 12.87 12.79 12.71 12.53 12.33 12.22 12.15 12.13
15.61 15.46 15.52 15.58 15.49 15.43 15.39 15.34 15.24 15.24 15.26 15.27 15.33 15.42 15.40 15.38 15.36 15.31 15.23 15.27 15.27 15.25 15.22 15.22 15.08 14.79 14.20 14.68 15.02 15.16 15.17 15.06 15.16 15.26 15.30 15.31 15.36 15.46 15.54 15.62 15.68 15.72 15.75 15.77 15.79 15.81 15.85 15.85 15.81 15.74 15.66 15.61 15.51 15.44 15.46 15.42 15.35 15.22 15.09 14.96 14.83 14.69 14.51 14.28 14.02 13.73 13.56 13.37 13.17 13.06 12.98 12.89 12.81 12.73 12.57 12.42 12.30 12.22 12.20
15.44 15.23 15.38 15.50 15.57 15.53 15.49 15.44 15.36 15.33 15.30 15.31 15.37 15.45 15.42 15.38 15.34 15.30 15.25 15.25 15.23 15.19 15.16 15.15 15.04 14.84 14.66 14.82 15.05 15.16 15.17 15.16 15.19 15.25 15.28 15.25 15.31 15.48 15.61 15.71 15.82 15.88 15.93 15.98 16.02 16.01 15.97 15.92 15.87 15.81 15.74 15.69 15.61 15.55 15.50 15.44 15.36 15.27 15.16 15.06 14.96 14.80 14.64 14.46 14.21 13.96 13.73 13.52 13.33 13.18 13.06 12.93 12.84 12.76 12.63 12.50 12.38 12.26 12.18
15.52 15.43 15.41 15.47 15.50 15.57 15.51 15.44 15.36 15.21 15.29 15.34 15.40 15.47 15.44 15.39 15.34 15.32 15.27 15.22 15.12 15.14 15.15 15.17 15.13 15.09 15.14 15.09 15.15 15.17 15.16 15.17 15.21 15.26 15.29 15.35 15.40 15.54 15.68 15.80 15.94 16.03 16.10 16.14 16.11 16.05 16.00 15.94 15.86 15.77 15.72 15.67 15.62 15.56 15.49 15.42 15.36 15.27 15.18 15.09 14.98 14.69 14.52 14.54 14.34 14.14 13.88 13.65 13.44 13.29 13.15 12.98 12.86 12.79 12.69 12.57 12.44 12.29 12.14
15.59 15.53 15.52 15.54 15.57 15.54 15.50 15.45 15.38 15.30 15.29 15.35 15.44 15.48 15.46 15.42 15.37 15.34 15.22 14.67 14.97 15.16 15.20 15.23 15.22 15.21 15.20 15.18 15.19 15.17 15.17 15.18 15.20 15.23 15.28 15.35 15.46 15.62 15.77 15.91 16.04 16.16 16.21 16.17 16.09 15.99 15.89 15.83 15.79 15.70 15.63 15.58 15.55 15.51 15.45 15.37 15.28 15.22 15.15 15.06 14.90 14.55 14.38 14.41 14.29 14.10 13.89 13.67 13.50 13.35 13.20 13.06 12.93 12.82 12.71 12.60 12.49 12.35 12.20
15.63 15.60 15.56 15.57 15.53 15.49 15.47 15.45 15.41 15.36 15.31 15.37 15.48 15.50 15.46 15.45 15.41 15.38 15.32 15.09 15.15 15.25 15.25 15.23 15.21 15.20 15.21 15.22 15.19 15.18 15.18 15.18 15.20 15.21 15.25 15.31 15.49 15.68 15.84 15.99 16.13 16.24 16.23 16.16 16.07 15.95 15.82 15.74 15.68 15.58 15.52 15.49 15.47 15.44 15.41 15.33 15.21 15.16 15.11 15.03 14.92 14.71 14.52 14.40 14.23 14.00 13.85 13.66 13.52 13.36 13.23 13.12 12.99 12.84 12.75 12.63 12.54 12.41 12.27
15.67 15.62 15.56 15.52 15.49 15.46 15.45 15.43 15.41 15.35 15.22 15.32 15.49 15.50 15.47 15.45 15.42 15.38 15.35 15.31 15.29 15.25 15.22 15.20 15.17 15.18 15.20 15.22 15.21 15.20 15.20 15.21 15.22 15.24 15.25 15.31 15.51 15.75 15.90 16.05 16.18 16.23 16.21 16.15 16.05 15.92 15.78 15.68 15.55 15.39 15.42 15.43 15.37 15.37 15.35 15.29 15.19 15.10 15.02 14.95 14.88 14.75 14.59 14.43 14.25 14.05 13.88 13.71 13.55 13.39 13.25 13.12 12.99 12.86 12.75 12.64 12.55 12.44 12.34
15.71 15.64 15.54 15.48 15.47 15.47 15.45 15.41 15.45 15.46 15.10 15.24 15.54 15.51 15.47 15.43 15.41 15.38 15.34 15.28 15.26 15.23 15.18 15.13 15.12 15.13 15.15 15.22 15.22 15.22 15.22 15.25 15.27 15.29 15.30 15.29 15.53 15.76 15.91 16.04 16.15 16.20 16.19 16.14 16.04 15.90 15.75 15.66 15.57 15.51 15.44 15.38 15.26 15.28 15.27 15.22 15.16 15.03 14.91 14.85 14.80 14.72 14.62 14.44 14.29 14.11 13.92 13.75 13.58 13.41 13.26 13.13 12.99 12.86 12.74 12.63 12.54 12.45 12.37
15.72 15.64 15.54 15.49 15.48 15.49 15.50 15.50 15.50 15.49 15.36 15.43 15.55 15.49 15.44 15.38 15.34 15.31 15.26 15.25 15.22 15.18 15.14 15.10 15.08 15.09 15.13 15.20 15.23 15.25 15.27 15.29 15.33 15.38 15.46 15.52 15.63 15.78 15.91 16.06 16.14 16.15 16.14 16.13 16.03 15.90 15.78 15.70 15.63 15.58 15.50 15.40 15.26 15.24 15.21 15.14 15.05 14.94 14.82 14.76 14.68 14.59 14.55 14.45 14.30 14.13 13.93 13.74 13.57 13.40 13.24 13.09 12.95 12.82 12.71 12.58 12.47 12.43 12.37
15.74 15.67 15.56 15.50 15.51 15.51 15.57 15.56 15.40 15.49 15.55 15.58 15.54 15.47 15.39 15.29 15.18 15.14 15.17 15.20 15.17 15.14 15.10 15.06 15.04 15.04 15.09 15.17 15.23 15.26 15.28 15.30 15.33 15.37 15.43 15.48 15.69 15.81 15.97 16.11 16.14 16.10 16.10 16.11 16.02 15.92 15.83 15.76 15.69 15.58 15.49 15.43 15.36 15.27 15.18 15.08 14.97 14.89 14.76 14.71 14.59 14.49 14.45 14.36 14.24 14.09 13.88 13.68 13.54 13.37 13.19 13.03 12.89 12.76 12.68 12.53 12.40 12.40 12.35
15.76 15.71 15.65 15.59 15.57 15.59 15.61 15.42 15.06 15.42 15.62 15.57 15.51 15.45 15.38 15.24 15.04 15.00 15.09 15.12 15.11 15.09 15.05 15.01 14.97 14.97 15.01 15.11 15.21 15.25 15.27 15.30 15.34 15.39 15.44 15.53 15.69 15.85 16.02 16.12 16.13 16.11 16.11 16.08 16.01 15.93 15.91 15.92 15.76 15.54 15.40 15.33 15.34 15.26 15.16 15.06 14.98 14.92 14.82 14.72 14.61 14.49 14.38 14.28 14.16 14.00 13.80 13.61 13.43 13.25 13.08 12.91 12.81 12.71 12.62 12.54 12.46 12.38 12.27
15.81 15.77 15.75 15.69 15.60 15.57 15.65 15.51 15.17 15.65 15.60 15.54 15.48 15.43 15.37 15.30 15.23 15.16 15.06 15.03 15.05 15.05 15.01 14.95 14.92 14.90 14.88 15.02 15.14 15.24 15.25 15.29 15.35 15.43 15.46 15.54 15.69 15.86 16.05 16.13 16.13 16.12 16.10 16.06 16.01 15.93 15.86 15.89 15.83 15.49 15.32 15.22 15.26 15.21 15.11 15.05 15.00 14.94 14.86 14.75 14.63 14.50 14.35 14.22 14.10 13.92 13.73 13.50 13.30 13.08 12.91 12.78 12.75 12.67 12.54 12.44 12.34 12.28 12.22
15.85 15.80 15.76 15.70 15.63 15.61 15.67 15.68 15.55 15.65 15.57 15.49 15.44 15.38 15.29 15.18 15.20 15.16 15.10 15.05 15.05 15.04 15.01 14.96 14.93 14.89 14.87 14.97 15.10 15.20 15.23 15.26 15.33 15.41 15.46 15.55 15.70 15.89 16.05 16.10 16.09 16.07 16.05 16.02 15.99 15.91 15.79 15.73 15.65 15.54 15.42 15.24 15.21 15.14 15.06 15.06 15.01 14.91 14.80 14.71 14.63 14.51 14.38 14.25 14.11 13.93 13.70 13.45 13.23 13.01 12.85 12.78 12.71 12.56 12.39 12.28 12.21 12.17 12.14
15.87 15.78 15.75 15.70 15.64 15.63 15.68 15.69 15.69 15.62 15.50 15.42 15.39 15.35 15.25 14.97 15.21 15.18 15.14 15.11 15.08 15.05 15.02 14.98 14.96 14.89 14.84 14.93 15.06 15.12 15.20 15.24 15.28 15.33 15.40 15.51 15.68 15.90 16.02 16.05 16.03 16.00 15.97 15.98 15.96 15.90 15.82 15.72 15.59 15.49 15.40 15.26 15.20 15.13 15.10 15.12 15.05 14.89 14.72 14.68 14.62 14.53 14.42 14.29 14.14 13.98 13.72 13.45 13.22 13.02 12.86 12.76 12.63 12.45 12.22 12.16 12.09 12.06 12.06
15.87 15.78 15.76 15.74 15.71 15.70 15.71 15.71 15.67 15.47 15.22 15.28 15.35 15.33 15.26 15.19 15.23 15.21 15.17 15.12 15.09 15.04 15.00 14.95 14.89 14.89 14.86 14.89 14.95 15.02 15.10 15.20 15.23 15.25 15.32 15.42 15.56 15.73 15.90 15.94 15.94 15.92 15.91 15.92 15.91 15.87 15.82 15.74 15.63 15.51 15.39 15.27 15.21 15.20 15.18 15.15 15.05 14.90 14.76 14.70 14.63 14.54 14.43 14.30 14.14 13.94 13.70 13.45 13.21 13.00 12.85 12.72 12.60 12.42 12.25 12.15 12.06 11.96 11.96
15.83 15.75 15.78 15.78 15.79 15.77 15.75 15.74 15.67 15.44 14.89 15.19 15.34 15.33 15.30 15.28 15.25 15.21 15.15 15.10 15.07 15.02 14.96 14.91 14.80 14.75 14.80 14.83 14.85 14.92 15.01 15.10 15.13 15.15 15.21 15.32 15.45 15.56 15.78 15.85 15.86 15.84 15.83 15.86 15.86 15.81 15.74 15.71 15.66 15.57 15.39 15.17 15.26 15.25 15.22 15.15 15.05 14.92 14.80 14.72 14.66 14.56 14.44 14.30 14.12 13.93 13.68 13.43 13.18 12.96 12.84 12.70 12.58 12.44 12.29 12.19 12.09 11.89 11.89
15.84 15.78 15.82 15.82 15.80 15.78 15.76 15.71 15.61 15.38 15.14 15.23 15.31 15.33 15.32 15.30 15.26 15.19 15.12 15.06 15.02 14.97 14.91 14.82 14.63 14.60 14.75 14.79 14.80 14.83 14.89 15.01 15.12 15.13 15.18 15.25 15.39 15.59 15.72 15.77 15.78 15.78 15.80 15.82 15.82 15.78 15.73 15.68 15.66 15.57 15.43 15.44 15.39 15.32 15.21 15.11 15.05 14.95 14.85 14.77 14.69 14.58 14.45 14.29 14.12 13.91 13.69 13.44 13.21 12.98 12.80 12.70 12.58 12.43 12.30 12.21 12.15 12.00 11.89
15.91 15.90 15.90 15.87 15.80 15.78 15.77 15.68 15.59 15.47 15.35 15.32 15.33 15.34 15.34 15.29 15.25 15.19 15.09 15.02 14.96 14.90 14.87 14.83 14.73 14.71 14.80 14.79 14.75 14.75 14.79 14.93 15.05 15.09 15.08 15.20 15.17 15.51 15.66 15.69 15.71 15.74 15.76 15.79 15.79 15.77 15.73 15.67 15.59 15.57 15.44 15.40 15.40 15.34 15.13 14.98 15.03 14.98 14.90 14.82 14.72 14.59 14.44 14.28 14.09 13.90 13.70 13.47 13.24 13.04 12.85 12.72 12.57 12.40 12.23 12.18 12.15 12.03 11.88
16.03 16.00 15.96 15.91 15.83 15.79 15.76 15.65 15.58 15.52 15.45 15.40 15.37 15.36 15.33 15.29 15.23 15.18 15.11 15.04 14.94 14.85 14.88 14.87 14.81 14.80 14.78 14.73 14.71 14.73 14.79 14.88 15.00 15.03 14.82 14.33 14.71 15.35 15.58 15.68 15.68 15.70 15.71 15.74 15.76 15.75 15.73 15.54 15.60 15.60 15.53 15.48 15.41 15.28 14.88 14.81 14.95 14.98 14.93 14.83 14.70 14.55 14.41 14.24 14.05 13.87 13.71 13.56 13.26 13.08 12.87 12.71 12.55 12.39 12.24 12.16 12.13 12.03 11.84
16.03 16.02 15.96 15.91 15.85 15.79 15.71 15.60 15.57 15.52 15.48 15.43 15.40 15.34 15.26 15.23 15.19 15.14 15.12 15.06 14.99 14.98 14.94 14.91 14.83 14.78 14.67 14.66 14.66 14.69 14.74 14.75 14.89 15.02 14.97 14.81 14.91 15.35 15.48 15.61 15.65 15.65 15.63 15.63 15.68 15.67 15.65 15.63 15.60 15.57 15.52 15.47 15.41 15.34 15.11 14.99 15.01 15.00 14.93 14.81 14.66 14.49 14.34 14.19 14.00 13.81 13.67 13.56 13.31 13.09 12.87 12.71 12.56 12.45 12.32 12.16 12.10 11.99 11.77
16.01 16.00 15.94 15.89 15.84 15.77 15.70 15.61 15.57 15.52 15.47 15.42 15.36 15.30 15.25 15.19 15.12 15.08 15.06 15.01 14.99 14.97 14.92 14.84 14.84 14.77 14.56 14.62 14.64 14.65 14.61 14.43 14.69 14.96 15.07 15.00 14.98 15.03 15.23 15.20 15.60 15.58 15.53 15.41 15.20 15.49 15.56 15.55 15.49 15.32 15.39 15.43 15.37 15.30 15.11 15.09 15.08 15.01 14.92 14.81 14.65 14.45 14.27 14.21 14.05 13.88 13.71 13.55 13.29 13.06 12.86 12.76 12.60 12.48 12.36 12.23 12.12 11.96 11.79
16.00 15.95 15.85 15.81 15.77 15.75 15.68 15.59 15.57 15.51 15.45 15.37 15.30 15.24 15.19 15.15 15.08 15.02 15.04 14.98 14.93 14.93 14.90 14.74 14.74 14.80 14.54 14.63 14.62 14.51 14.66 14.54 14.66 14.88 15.00 14.88 14.99 15.16 15.24 15.33 15.49 15.48 15.43 15.34 15.34 15.41 15.43 15.43 15.40 15.20 15.23 15.28 15.28 15.26 14.89 15.06 15.09 15.02 14.90 14.80 14.67 14.44 14.14 14.28 14.11 13.95 13.75 13.51 13.28 12.99 12.75 12.63 12.52 12.40 12.23 12.19 12.09 11.95 11.81
15.97 15.90 15.79 15.74 15.74 15.72 15.67 15.61 15.54 15.43 15.38 15.31 15.24 15.17 15.11 15.09 15.07 15.06 15.01 14.94 14.89 14.86 14.79 14.74 14.75 14.77 14.63 14.64 14.67 14.64 14.56 14.53 14.65 14.76 14.88 14.98 15.02 15.10 15.08 15.20 15.36 15.28 15.30 15.25 15.20 15.21 15.22 15.27 15.23 15.13 15.11 15.14 15.17 15.18 15.17 15.11 15.06 14.98 14.89 14.79 14.65 14.47 14.31 14.26 14.10 13.90 13.65 13.43 13.19 12.92 12.63 12.41 12.40 12.32 12.21 12.13 12.03 11.93 11.82
15.96 15.85 15.74 15.68 15.68 15.67 15.63 15.52 15.42 15.28 15.30 15.26 15.20 15.12 15.04 15.01 14.98 14.85 14.86 14.88 14.83 14.77 14.69 14.73 14.77 14.72 14.62 14.63 14.66 14.60 14.41 14.43 14.60 14.62 14.73 14.84 14.94 14.93 14.95 15.09 15.22 15.21 15.21 15.12 15.15 15.04 14.95 15.12 15.07 15.02 15.03 15.04 15.07 15.10 15.09 15.05 15.00 14.93 14.86 14.76 14.64 14.49 14.36 14.21 14.01 13.73 13.48 13.26 13.08 12.88 12.54 12.12 12.39 12.29 12.17 12.01 11.90 11.85 11.78
15.93 15.83 15.73 15.66 15.64 15.61 15.54 15.33 15.36 15.33 15.30 15.24 15.17 15.10 15.02 14.96 14.83 14.46 14.67 14.78 14.77 14.67 14.60 14.70 14.76 14.68 14.60 14.59 14.64 14.56 14.48 14.53 14.46 14.53 14.60 14.68 14.82 14.86 14.83 14.98 14.96 15.02 14.98 14.97 15.04 14.99 14.93 14.89 14.95 14.95 14.91 14.87 14.92 14.98 14.97 14.93 14.87 14.83 14.78 14.70 14.59 14.43 14.28 14.10 13.88 13.64 13.38 13.14 12.96 12.82 12.58 12.31 12.28 12.20 12.05 11.92 11.82 11.74 11.66
15.90 15.83 15.73 15.66 15.62 15.58 15.52 15.45 15.41 15.37 15.31 15.24 15.17 15.09 15.01 14.98 14.96 14.81 14.75 14.80 14.79 14.73 14.65 14.73 14.76 14.67 14.59 14.58 14.60 14.44 14.48 14.42 14.36 14.41 14.52 14.59 14.67 14.74 14.71 14.80 14.83 14.93 14.89 14.91 14.97 14.94 14.94 14.91 14.89 14.89 14.76 14.70 14.76 14.83 14.84 14.77 14.72 14.68 14.62 14.56 14.44 14.28 14.12 13.95 13.77 13.56 13.30 13.03 12.87 12.83 12.65 12.42 12.25 12.12 11.98 11.84 11.76 11.62 11.53
15.86 15.81 15.74 15.67 15.62 15.58 15.52 15.46 15.39 15.34 15.27 15.22 15.18 15.10 15.02 15.01 15.01 14.92 14.83 14.83 14.83 14.79 14.66 14.76 14.74 14.67 14.62 14.61 14.57 14.55 14.48 14.38 14.22 14.22 14.38 14.48 14.54 14.60 14.63 14.66 14.71 14.73 14.75 14.77 14.77 14.75 14.74 14.73 14.74 14.69 14.57 14.52 14.59 14.65 14.65 14.60 14.54 14.49 14.43 14.38 14.24 14.07 13.87 13.76 13.61 13.44 13.23 13.01 12.86 12.77 12.64 12.45 12.26 12.06 11.88 11.73 11.60 11.48 11.39
15.83 15.76 15.74 15.68 15.63 15.58 15.51 15.44 15.35 15.29 15.24 15.23 15.20 15.13 15.02 15.05 15.04 14.97 14.86 14.86 14.86 14.83 14.71 14.72 14.73 14.67 14.63 14.58 14.54 14.42 14.42 14.38 14.33 14.29 14.26 14.39 14.42 14.43 14.45 14.44 14.46 14.51 14.52 14.53 14.51 14.45 14.47 14.46 14.50 14.51 14.41 14.37 14.40 14.45 14.44 14.39 14.32 14.27 14.22 14.19 14.06 13.88 13.71 13.57 13.42 13.27 13.12 12.96 12.79 12.69 12.59 12.45 12.25 12.03 11.79 11.64 11.48 11.36 11.28
15.80 15.75 15.71 15.65 15.58 15.51 15.42 15.35 15.28 15.24 15.22 15.20 15.19 15.16 15.12 15.12 15.07 15.02 14.96 14.92 14.90 14.85 14.81 14.78 14.72 14.65 14.59 14.53 14.24 14.11 14.23 14.28 14.27 14.24 14.22 14.26 14.28 14.28 14.24 14.14 14.21 14.24 14.26 14.28 14.21 14.19 14.22 14.18 14.23 14.33 14.29 14.22 14.22 14.22 14.20 14.14 14.09 14.06 14.06 14.02 13.88 13.68 13.50 13.35 13.23 13.10 12.96 12.82 12.68 12.52 12.44 12.41 12.26 12.04 11.82 11.64 11.49 11.37 11.27
15.72 15.67 15.65 15.60 15.51 15.43 15.33 15.24 15.18 15.20 15.20 15.18 15.16 15.15 15.14 15.10 15.08 15.05 15.00 14.96 14.91 14.87 14.80 14.71 14.63 14.59 14.54 14.45 14.23 14.10 14.14 14.16 14.15 14.15 14.16 14.16 14.15 14.12 14.11 14.02 14.08 13.95 13.92 14.02 14.07 13.99 14.03 14.08 14.17 14.19 14.12 14.02 14.02 14.01 13.98 13.93 13.87 13.88 13.90 13.86 13.74 13.59 13.47 13.31 13.10 12.93 12.83 12.71 12.63 12.60 12.50 12.39 12.25 12.05 11.85 11.68 11.55 11.42 11.30
