main/data/pressure/24.08.2023.grid
ncols 886
nrows 691
xllcenter 112.0000
yllcenter -44.5000
cellsize 0.0500
nodata_value 99999.90
[rows 629 to 665 of 691, columns 492 to 573 of 886]
11.10 11.11 11.11 11.11 11.12 11.12 11.12 11.12 11.12 11.12 11.12 11.13 11.13 11.13 11.13 11.13 11.13 11.14 11.14 11.15 11.15 11.15 11.16 11.16 11.16 11.17 11.17 11.18 11.18 11.19 11.21 11.21 11.23 11.24 11.26 11.28 11.30 11.32 11.34 11.36 11.38 11.40 11.42 11.45 11.47 11.49 11.52 11.54 11.57 11.60 11.62 11.65 11.67 11.71 11.72 11.75 11.78 11.81 11.84 11.87 11.90 11.93 11.96 11.99 12.02 12.05 12.08 12.10 12.13 12.16 12.19 12.22 12.25 12.28 12.31 12.34 12.37 12.39 12.42 12.44 12.47 12.50
11.10 11.11 11.11 11.11 11.11 11.11 11.12 11.12 11.12 11.13 11.13 11.13 11.13 11.13 11.14 11.14 11.15 11.15 11.15 11.15 11.16 11.16 11.17 11.18 11.18 11.19 11.19 11.20 11.21 11.21 11.22 11.23 11.24 11.26 11.27 11.29 11.31 11.34 11.36 11.38 11.41 11.43 11.45 11.47 11.50 11.53 11.54 11.58 11.61 11.62 11.65 11.68 11.71 11.74 11.76 11.79 11.82 11.85 11.88 11.91 11.94 11.97 12.00 12.03 12.06 12.09 12.11 12.14 12.18 12.21 12.24 12.27 12.30 12.33 12.36 12.38 12.40 12.43 12.46 12.49 12.52 12.54
11.10 11.10 11.10 11.11 11.11 11.11 11.12 11.12 11.12 11.13 11.13 11.14 11.14 11.14 11.14 11.15 11.16 11.16 11.16 11.17 11.17 11.18 11.18 11.19 11.19 11.21 11.22 11.22 11.23 11.24 11.25 11.26 11.27 11.29 11.30 11.32 11.34 11.36 11.38 11.41 11.43 11.45 11.48 11.50 11.53 11.55 11.58 11.61 11.63 11.66 11.69 11.72 11.75 11.78 11.81 11.84 11.87 11.90 11.93 11.96 11.99 12.02 12.05 12.07 12.11 12.13 12.16 12.19 12.22 12.25 12.28 12.31 12.34 12.37 12.40 12.42 12.45 12.48 12.51 12.54 12.56 12.59
11.10 11.10 11.10 11.10 11.11 11.12 11.12 11.12 11.13 11.13 11.13 11.14 11.15 11.15 11.15 11.16 11.16 11.16 11.17 11.18 11.19 11.19 11.20 11.21 11.21 11.22 11.23 11.24 11.25 11.26 11.28 11.29 11.30 11.32 11.33 11.35 11.37 11.39 11.41 11.44 11.46 11.49 11.51 11.54 11.56 11.59 11.62 11.65 11.67 11.70 11.73 11.76 11.79 11.82 11.85 11.88 11.91 11.94 11.97 12.00 12.03 12.05 12.09 12.12 12.15 12.18 12.21 12.24 12.27 12.30 12.33 12.36 12.39 12.42 12.45 12.47 12.50 12.52 12.55 12.58 12.61 12.63
11.09 11.09 11.11 11.11 11.11 11.11 11.12 11.12 11.13 11.14 11.14 11.14 11.15 11.15 11.15 11.17 11.17 11.18 11.18 11.19 11.19 11.20 11.21 11.23 11.23 11.24 11.25 11.26 11.27 11.28 11.29 11.31 11.32 11.34 11.36 11.38 11.39 11.42 11.45 11.47 11.50 11.52 11.55 11.57 11.60 11.63 11.66 11.69 11.71 11.74 11.77 11.80 11.83 11.86 11.89 11.92 11.95 11.99 12.02 12.04 12.07 12.10 12.13 12.16 12.19 12.22 12.26 12.29 12.32 12.35 12.38 12.41 12.44 12.47 12.49 12.51 12.54 12.57 12.60 12.63 12.65 12.68
11.09 11.10 11.10 11.10 11.12 11.12 11.12 11.13 11.13 11.14 11.14 11.15 11.16 11.16 11.17 11.17 11.18 11.19 11.20 11.20 11.21 11.22 11.23 11.23 11.24 11.26 11.26 11.28 11.29 11.31 11.32 11.33 11.35 11.37 11.38 11.40 11.42 11.45 11.47 11.50 11.52 11.55 11.58 11.61 11.63 11.66 11.70 11.72 11.76 11.79 11.82 11.85 11.88 11.90 11.93 11.96 11.99 12.02 12.05 12.08 12.12 12.15 12.18 12.21 12.24 12.27 12.30 12.33 12.36 12.39 12.42 12.45 12.47 12.50 12.53 12.56 12.59 12.62 12.64 12.67 12.70 12.72
11.09 11.09 11.10 11.11 11.11 11.12 11.12 11.13 11.14 11.14 11.15 11.15 11.16 11.17 11.18 11.18 11.19 11.20 11.20 11.21 11.22 11.24 11.24 11.25 11.26 11.27 11.28 11.30 11.31 11.32 11.34 11.36 11.38 11.39 11.41 11.43 11.45 11.48 11.50 11.53 11.56 11.59 11.61 11.64 11.67 11.70 11.73 11.76 11.79 11.82 11.85 11.88 11.91 11.94 11.98 12.01 12.04 12.07 12.10 12.13 12.16 12.20 12.23 12.26 12.29 12.32 12.35 12.38 12.41 12.44 12.46 12.49 12.52 12.55 12.58 12.61 12.63 12.66 12.69 12.71 12.74 12.77
11.09 11.09 11.10 11.10 11.12 11.12 11.13 11.13 11.14 11.14 11.16 11.16 11.17 11.17 11.18 11.20 11.20 11.21 11.22 11.23 11.23 11.24 11.25 11.27 11.28 11.29 11.30 11.32 11.33 11.34 11.36 11.38 11.39 11.41 11.43 11.46 11.48 11.51 11.53 11.56 11.59 11.62 11.65 11.68 11.71 11.74 11.77 11.80 11.83 11.87 11.90 11.93 11.96 11.99 12.02 12.05 12.09 12.12 12.15 12.18 12.21 12.24 12.28 12.31 12.34 12.37 12.40 12.43 12.46 12.48 12.51 12.54 12.57 12.60 12.62 12.65 12.68 12.71 12.73 12.76 12.78 12.81
11.08 11.10 11.10 11.11 11.11 11.12 11.13 11.14 11.15 11.15 11.16 11.16 11.18 11.19 11.19 11.20 11.21 11.21 11.22 11.24 11.25 11.26 11.27 11.28 11.29 11.30 11.32 11.34 11.35 11.37 11.38 11.40 11.42 11.44 11.46 11.48 11.50 11.53 11.55 11.58 11.61 11.64 11.69 11.71 11.76 11.79 11.82 11.85 11.88 11.91 11.94 11.98 12.01 12.04 12.07 12.10 12.13 12.17 12.20 12.23 12.26 12.29 12.32 12.36 12.38 12.41 12.44 12.47 12.50 12.53 12.56 12.59 12.61 12.64 12.67 12.70 12.72 12.75 12.78 12.80 12.82 12.85
11.09 11.09 11.10 11.12 11.12 11.13 11.13 11.14 11.14 11.16 11.17 11.17 11.18 11.19 11.21 11.21 11.22 11.23 11.24 11.25 11.26 11.28 11.29 11.30 11.31 11.32 11.34 11.35 11.36 11.38 11.40 11.42 11.44 11.46 11.48 11.51 11.53 11.56 11.58 11.61 11.64 11.67 11.71 11.75 11.78 11.82 11.85 11.89 11.92 11.95 11.98 12.01 12.05 12.08 12.11 12.14 12.17 12.21 12.24 12.27 12.30 12.33 12.36 12.39 12.43 12.46 12.49 12.52 12.55 12.57 12.60 12.63 12.66 12.69 12.71 12.74 12.77 12.79 12.82 12.84 12.87 12.88
11.10 11.10 11.11 11.11 11.12 11.12 11.14 11.15 11.15 11.16 11.17 11.19 11.19 11.20 11.21 11.22 11.22 11.23 11.25 11.26 11.27 11.28 11.30 11.31 11.32 11.34 11.36 11.37 11.39 11.40 11.42 11.44 11.46 11.48 11.50 11.52 11.55 11.58 11.61 11.64 11.67 11.70 11.74 11.78 11.82 11.86 11.90 11.93 11.97 12.00 12.03 12.06 12.09 12.13 12.16 12.19 12.22 12.26 12.29 12.32 12.35 12.38 12.41 12.44 12.47 12.50 12.53 12.56 12.59 12.62 12.65 12.68 12.70 12.73 12.76 12.78 12.81 12.83 12.86 12.87 12.89 12.92
11.09 11.10 11.10 11.12 11.13 11.13 11.14 11.15 11.16 11.17 11.18 11.19 11.19 11.20 11.22 11.23 11.24 11.25 11.26 11.27 11.29 11.30 11.31 11.32 11.34 11.35 11.37 11.38 11.40 11.41 11.44 11.46 11.48 11.50 11.52 11.55 11.57 11.60 11.63 11.66 11.69 11.72 11.77 11.79 11.84 11.89 11.93 11.97 12.01 12.05 12.08 12.11 12.14 12.18 12.21 12.24 12.27 12.30 12.34 12.37 12.40 12.43 12.46 12.49 12.52 12.55 12.58 12.61 12.64 12.67 12.69 12.72 12.75 12.77 12.79 12.83 12.84 12.86 12.89 12.91 12.93 12.95
11.09 11.10 11.11 11.12 11.12 11.13 11.15 11.16 11.16 11.17 11.19 11.20 11.21 11.21 11.22 11.23 11.24 11.26 11.27 11.28 11.30 11.31 11.32 11.33 11.36 11.37 11.39 11.40 11.42 11.44 11.45 11.47 11.49 11.53 11.55 11.57 11.60 11.63 11.65 11.68 11.72 11.75 11.78 11.82 11.86 11.90 11.95 12.00 12.04 12.08 12.12 12.15 12.18 12.22 12.26 12.29 12.32 12.35 12.39 12.42 12.45 12.48 12.51 12.54 12.57 12.60 12.62 12.65 12.68 12.70 12.73 12.76 12.78 12.81 12.83 12.86 12.88 12.90 12.93 12.95 12.97 12.99
11.09 11.10 11.12 11.13 11.13 11.14 11.15 11.16 11.17 11.18 11.19 11.20 11.21 11.22 11.24 11.25 11.26 11.27 11.28 11.29 11.31 11.32 11.34 11.35 11.36 11.38 11.39 11.41 11.44 11.46 11.48 11.50 11.52 11.54 11.56 11.59 11.61 11.64 11.67 11.71 11.74 11.77 11.81 11.85 11.89 11.93 11.98 12.02 12.07 12.12 12.17 12.20 12.23 12.27 12.30 12.33 12.36 12.39 12.43 12.46 12.49 12.52 12.55 12.58 12.61 12.64 12.66 12.69 12.72 12.75 12.77 12.80 12.82 12.85 12.87 12.90 12.92 12.94 12.96 12.98 13.00 13.02
11.09 11.11 11.12 11.12 11.13 11.15 11.16 11.17 11.17 11.18 11.20 11.21 11.22 11.23 11.24 11.25 11.27 11.28 11.29 11.30 11.32 11.33 11.34 11.37 11.38 11.40 11.41 11.43 11.45 11.47 11.49 11.52 11.54 11.56 11.58 11.61 11.63 11.66 11.69 11.72 11.75 11.79 11.82 11.87 11.91 11.96 12.00 12.05 12.10 12.15 12.20 12.25 12.28 12.32 12.35 12.38 12.41 12.44 12.47 12.51 12.54 12.57 12.60 12.62 12.65 12.68 12.71 12.74 12.76 12.79 12.81 12.84 12.86 12.89 12.91 12.93 12.96 12.98 13.00 13.02 13.04 13.06
11.10 11.11 11.12 11.13 11.14 11.15 11.16 11.18 11.19 11.19 11.20 11.21 11.22 11.24 11.25 11.26 11.27 11.29 11.30 11.32 11.33 11.35 11.36 11.37 11.39 11.41 11.42 11.45 11.47 11.49 11.51 11.53 11.55 11.57 11.59 11.62 11.66 11.68 11.71 11.74 11.78 11.81 11.85 11.89 11.93 11.97 12.01 12.06 12.11 12.16 12.22 12.28 12.32 12.37 12.40 12.43 12.46 12.49 12.52 12.55 12.58 12.61 12.64 12.67 12.70 12.73 12.75 12.78 12.80 12.83 12.85 12.88 12.90 12.93 12.95 12.97 12.99 13.01 13.03 13.04 13.07 13.09
11.11 11.12 11.12 11.13 11.14 11.16 11.17 11.18 11.19 11.20 11.22 11.23 11.24 11.25 11.26 11.27 11.29 11.30 11.31 11.33 11.34 11.35 11.38 11.39 11.41 11.42 11.44 11.46 11.48 11.50 11.53 11.55 11.57 11.59 11.62 11.64 11.67 11.70 11.73 11.76 11.79 11.83 11.87 11.91 11.95 11.99 12.03 12.08 12.13 12.18 12.24 12.29 12.35 12.40 12.44 12.47 12.50 12.53 12.56 12.59 12.62 12.65 12.68 12.71 12.73 12.76 12.79 12.81 12.84 12.86 12.88 12.91 12.93 12.95 12.97 12.99 13.02 13.03 13.05 13.07 13.09 13.11
11.11 11.11 11.12 11.14 11.15 11.16 11.17 11.19 11.20 11.21 11.22 11.23 11.24 11.26 11.27 11.28 11.29 11.31 11.32 11.34 11.35 11.37 11.38 11.40 11.41 11.43 11.46 11.48 11.49 11.51 11.53 11.56 11.58 11.60 11.63 11.66 11.69 11.72 11.75 11.78 11.81 11.84 11.88 11.92 11.96 12.00 12.04 12.10 12.15 12.20 12.26 12.31 12.37 12.43 12.48 12.52 12.55 12.58 12.61 12.64 12.67 12.69 12.72 12.75 12.78 12.80 12.83 12.85 12.88 12.90 12.92 12.94 12.97 12.99 13.01 13.03 13.05 13.07 13.08 13.10 13.12 13.13
11.12 11.12 11.13 11.14 11.15 11.17 11.18 11.19 11.20 11.21 11.23 11.24 11.25 11.26 11.27 11.29 11.31 11.32 11.33 11.35 11.36 11.38 11.40 11.42 11.43 11.45 11.47 11.48 11.50 11.53 11.55 11.57 11.60 11.62 11.64 11.67 11.70 11.73 11.76 11.80 11.83 11.86 11.90 11.94 11.98 12.02 12.06 12.11 12.16 12.21 12.26 12.32 12.38 12.45 12.51 12.56 12.60 12.63 12.66 12.68 12.71 12.74 12.77 12.79 12.82 12.84 12.87 12.89 12.91 12.94 12.96 12.98 13.00 13.02 13.04 13.06 13.08 13.10 13.11 13.13 13.14 13.16
11.11 11.12 11.13 11.15 11.16 11.17 11.18 11.20 11.21 11.22 11.23 11.24 11.25 11.28 11.29 11.30 11.31 11.33 11.35 11.36 11.38 11.39 11.41 11.42 11.44 11.46 11.48 11.50 11.52 11.54 11.56 11.58 11.61 11.63 11.66 11.69 11.72 11.74 11.77 11.80 11.84 11.87 11.91 11.96 11.99 12.04 12.08 12.13 12.17 12.22 12.28 12.33 12.39 12.45 12.52 12.58 12.63 12.66 12.69 12.72 12.74 12.77 12.80 12.82 12.86 12.88 12.90 12.93 12.95 12.96 12.98 13.01 13.03 13.04 13.06 13.09 13.11 13.12 13.13 13.14 13.16 13.18
11.11 11.13 11.14 11.15 11.16 11.18 11.19 11.20 11.21 11.22 11.24 11.26 11.27 11.28 11.29 11.30 11.33 11.34 11.35 11.37 11.38 11.40 11.42 11.44 11.45 11.47 11.49 11.51 11.54 11.56 11.58 11.60 11.62 11.65 11.67 11.70 11.72 11.76 11.79 11.82 11.86 11.89 11.92 11.96 12.00 12.04 12.09 12.13 12.18 12.24 12.29 12.35 12.40 12.46 12.53 12.59 12.66 12.70 12.73 12.76 12.79 12.81 12.84 12.86 12.89 12.91 12.93 12.95 12.98 13.00 13.02 13.04 13.05 13.07 13.09 13.11 13.12 13.14 13.15 13.17 13.18 13.19
11.12 11.13 11.14 11.16 11.17 11.18 11.19 11.20 11.23 11.24 11.25 11.26 11.27 11.29 11.31 11.32 11.33 11.34 11.37 11.38 11.40 11.41 11.43 11.44 11.46 11.49 11.51 11.52 11.54 11.56 11.59 11.61 11.63 11.66 11.69 11.71 11.74 11.77 11.80 11.83 11.86 11.90 11.93 11.98 12.02 12.06 12.10 12.15 12.19 12.24 12.29 12.35 12.40 12.46 12.53 12.59 12.66 12.72 12.77 12.80 12.83 12.85 12.88 12.90 12.92 12.95 12.97 12.99 13.01 13.03 13.05 13.07 13.08 13.10 13.12 13.13 13.15 13.16 13.18 13.19 13.20 13.21
11.13 11.14 11.15 11.16 11.18 11.19 11.21 11.22 11.23 11.24 11.26 11.27 11.29 11.30 11.31 11.32 11.35 11.36 11.37 11.39 11.40 11.42 11.44 11.46 11.48 11.49 11.51 11.53 11.55 11.58 11.60 11.62 11.65 11.67 11.70 11.72 11.76 11.79 11.82 11.85 11.88 11.91 11.95 11.98 12.02 12.06 12.10 12.15 12.20 12.25 12.30 12.36 12.41 12.47 12.53 12.60 12.66 12.73 12.80 12.83 12.86 12.88 12.90 12.93 12.95 12.97 12.99 13.01 13.04 13.05 13.08 13.09 13.11 13.13 13.14 13.16 13.17 13.18 13.20 13.21 13.22 13.23
11.14 11.15 11.16 11.17 11.19 11.20 11.21 11.22 11.23 11.25 11.26 11.28 11.29 11.30 11.32 11.34 11.35 11.36 11.38 11.40 11.42 11.43 11.45 11.47 11.48 11.51 11.53 11.55 11.57 11.59 11.61 11.63 11.65 11.69 11.71 11.74 11.76 11.79 11.82 11.85 11.88 11.93 11.96 12.00 12.04 12.08 12.12 12.16 12.21 12.25 12.30 12.36 12.41 12.47 12.54 12.60 12.67 12.74 12.80 12.86 12.89 12.92 12.94 12.96 12.98 13.00 13.02 13.04 13.06 13.08 13.09 13.11 13.13 13.14 13.15 13.17 13.18 13.19 13.21 13.22 13.23 13.24
11.14 11.15 11.17 11.18 11.19 11.20 11.22 11.23 11.24 11.26 11.27 11.29 11.30 11.32 11.33 11.34 11.36 11.38 11.39 11.41 11.42 11.44 11.47 11.48 11.50 11.52 11.53 11.55 11.58 11.60 11.62 11.65 11.67 11.69 11.72 11.74 11.78 11.81 11.84 11.87 11.90 11.93 11.96 12.00 12.04 12.08 12.12 12.17 12.22 12.26 12.31 12.36 12.42 12.47 12.53 12.59 12.66 12.73 12.80 12.86 12.91 12.95 12.97 12.99 13.01 13.03 13.05 13.07 13.09 13.10 13.12 13.13 13.15 13.16 13.18 13.19 13.20 13.21 13.22 13.23 13.24 13.25
11.15 11.16 11.17 11.18 11.20 11.21 11.22 11.24 11.25 11.27 11.28 11.29 11.31 11.32 11.34 11.36 11.37 11.38 11.40 11.41 11.44 11.45 11.47 11.49 11.50 11.53 11.55 11.57 11.59 11.61 11.63 11.65 11.68 11.71 11.73 11.76 11.78 11.81 11.84 11.87 11.91 11.94 11.98 12.01 12.05 12.09 12.13 12.17 12.21 12.26 12.31 12.37 12.42 12.48 12.54 12.60 12.66 12.72 12.79 12.86 12.93 12.97 13.00 13.01 13.03 13.05 13.07 13.09 13.10 13.12 13.13 13.15 13.16 13.18 13.19 13.21 13.22 13.23 13.24 13.25 13.25 13.26
11.15 11.16 11.17 11.19 11.20 11.22 11.23 11.25 11.26 11.27 11.29 11.30 11.32 11.33 11.35 11.36 11.37 11.40 11.41 11.43 11.44 11.46 11.49 11.50 11.52 11.54 11.56 11.57 11.59 11.62 11.65 11.67 11.69 11.71 11.74 11.76 11.79 11.82 11.85 11.88 11.91 11.95 11.98 12.01 12.05 12.10 12.14 12.18 12.22 12.27 12.32 12.36 12.42 12.47 12.53 12.59 12.65 12.71 12.79 12.86 12.93 12.99 13.02 13.04 13.06 13.08 13.09 13.11 13.12 13.14 13.15 13.17 13.18 13.19 13.20 13.21 13.22 13.23 13.24 13.25 13.26 13.26
11.15 11.17 11.18 11.20 11.21 11.23 11.24 11.25 11.26 11.29 11.30 11.31 11.32 11.34 11.36 11.37 11.39 11.40 11.42 11.43 11.46 11.47 11.49 11.51 11.52 11.54 11.57 11.59 11.61 11.63 11.65 11.67 11.70 11.73 11.75 11.78 11.80 11.83 11.86 11.88 11.91 11.96 11.99 12.02 12.06 12.10 12.14 12.18 12.22 12.26 12.32 12.37 12.42 12.47 12.53 12.58 12.64 12.71 12.77 12.84 12.91 12.98 13.04 13.06 13.08 13.10 13.12 13.13 13.15 13.16 13.17 13.18 13.20 13.21 13.22 13.23 13.23 13.24 13.25 13.26 13.26 13.27
11.16 11.18 11.19 11.21 11.22 11.23 11.24 11.27 11.28 11.29 11.30 11.32 11.34 11.35 11.37 11.38 11.39 11.41 11.43 11.45 11.46 11.48 11.50 11.52 11.54 11.56 11.57 11.59 11.61 11.63 11.66 11.69 11.71 11.73 11.75 11.78 11.80 11.84 11.87 11.90 11.93 11.96 11.99 12.02 12.06 12.11 12.14 12.18 12.22 12.27 12.31 12.36 12.41 12.46 12.52 12.57 12.63 12.70 12.77 12.83 12.90 12.97 13.04 13.08 13.10 13.12 13.13 13.14 13.16 13.17 13.18 13.19 13.20 13.21 13.22 13.23 13.24 13.24 13.26 13.26 13.27 13.28
11.17 11.19 11.20 11.21 11.22 11.24 11.26 11.27 11.28 11.30 11.31 11.33 11.34 11.36 11.37 11.39 11.41 11.42 11.44 11.45 11.47 11.49 11.51 11.53 11.54 11.56 11.58 11.61 11.63 11.65 11.67 11.69 11.71 11.74 11.77 11.79 11.82 11.84 11.87 11.90 11.93 11.97 12.00 12.03 12.07 12.10 12.14 12.18 12.22 12.26 12.32 12.36 12.41 12.46 12.51 12.57 12.63 12.69 12.75 12.81 12.88 12.95 13.02 13.09 13.12 13.14 13.15 13.16 13.17 13.18 13.19 13.20 13.21 13.22 13.23 13.24 13.24 13.25 13.26 13.26 13.27 13.27
11.18 11.19 11.20 11.22 11.24 11.25 11.26 11.27 11.29 11.31 11.32 11.34 11.35 11.37 11.39 11.40 11.41 11.43 11.45 11.47 11.48 11.50 11.51 11.54 11.56 11.58 11.59 11.61 11.63 11.65 11.68 11.70 11.72 11.75 11.77 11.79 11.82 11.85 11.88 11.91 11.94 11.97 12.00 12.03 12.06 12.11 12.15 12.18 12.22 12.27 12.31 12.35 12.40 12.45 12.50 12.55 12.62 12.68 12.74 12.80 12.87 12.94 13.01 13.08 13.12 13.14 13.16 13.17 13.18 13.19 13.20 13.21 13.21 13.23 13.24 13.25 13.25 13.26 13.26 13.27 13.27 13.27
11.18 11.19 11.22 11.23 11.24 11.25 11.28 11.29 11.30 11.31 11.33 11.35 11.36 11.38 11.39 11.40 11.43 11.44 11.46 11.47 11.49 11.50 11.53 11.55 11.56 11.58 11.60 11.63 11.64 11.66 11.68 11.71 11.73 11.76 11.78 11.80 11.83 11.85 11.88 11.91 11.94 11.97 12.01 12.04 12.07 12.10 12.14 12.18 12.22 12.26 12.30 12.35 12.40 12.45 12.50 12.55 12.60 12.66 12.72 12.78 12.84 12.91 12.98 13.06 13.12 13.16 13.17 13.18 13.19 13.20 13.21 13.22 13.22 13.23 13.24 13.24 13.25 13.25 13.26 13.26 13.26 13.26
11.20 11.21 11.22 11.23 11.24 11.27 11.28 11.29 11.30 11.32 11.34 11.35 11.37 11.38 11.40 11.42 11.43 11.45 11.46 11.49 11.50 11.52 11.53 11.55 11.58 11.59 11.61 11.63 11.65 11.67 11.70 11.72 11.74 11.76 11.78 11.81 11.83 11.86 11.89 11.92 11.94 11.97 12.00 12.03 12.07 12.11 12.15 12.18 12.22 12.26 12.30 12.34 12.39 12.43 12.48 12.54 12.60 12.65 12.71 12.77 12.83 12.89 12.96 13.03 13.10 13.15 13.17 13.18 13.19 13.21 13.21 13.22 13.23 13.24 13.24 13.25 13.25 13.25 13.26 13.26 13.26 13.26
11.20 11.21 11.22 11.25 11.26 11.27 11.28 11.30 11.32 11.33 11.35 11.36 11.38 11.39 11.41 11.42 11.44 11.46 11.48 11.49 11.51 11.52 11.54 11.56 11.58 11.60 11.61 11.63 11.66 11.68 11.70 11.72 11.74 11.76 11.79 11.82 11.84 11.86 11.89 11.92 11.94 11.97 12.01 12.04 12.07 12.10 12.14 12.17 12.21 12.25 12.29 12.34 12.38 12.43 12.48 12.53 12.58 12.63 12.69 12.74 12.80 12.87 12.94 13.01 13.08 13.14 13.18 13.19 13.20 13.21 13.21 13.22 13.23 13.23 13.24 13.24 13.24 13.24 13.25 13.26 13.26 13.26
11.20 11.22 11.24 11.25 11.26 11.28 11.30 11.31 11.32 11.34 11.36 11.37 11.39 11.40 11.41 11.44 11.45 11.47 11.48 11.49 11.52 11.54 11.55 11.57 11.58 11.61 11.63 11.65 11.66 11.68 11.70 11.72 11.75 11.77 11.79 11.82 11.84 11.86 11.89 11.92 11.95 11.98 12.01 12.04 12.07 12.10 12.13 12.18 12.21 12.25 12.29 12.33 12.37 12.42 12.46 12.51 12.57 12.62 12.67 12.73 12.79 12.85 12.91 12.97 13.04 13.11 13.17 13.19 13.21 13.21 13.22 13.23 13.23 13.23 13.24 13.24 13.24 13.24 13.25 13.25 13.25 13.25
11.22 11.23 11.24 11.25 11.28 11.29 11.30 11.31 11.34 11.35 11.36 11.38 11.39 11.41 11.43 11.44 11.46 11.47 11.49 11.51 11.52 11.54 11.55 11.57 11.60 11.61 11.63 11.65 11.67 11.69 11.71 11.73 11.75 11.77 11.79 11.82 11.85 11.87 11.90 11.92 11.95 11.97 12.01 12.04 12.07 12.10 12.13 12.17 12.20 12.24 12.28 12.32 12.37 12.41 12.45 12.50 12.55 12.60 12.65 12.70 12.76 12.83 12.89 12.95 13.02 13.08 13.15 13.19 13.20 13.21 13.21 13.22 13.22 13.22 13.23 13.23 13.23 13.23 13.23 13.24 13.24 13.24
11.22 11.23 11.25 11.27 11.28 11.29 11.31 11.33 11.34 11.36 11.37 11.38 11.40 11.42 11.43 11.45 11.47 11.48 11.50 11.51 11.53 11.54 11.57 11.58 11.60 11.62 11.63 11.66 11.68 11.70 11.71 11.73 11.76 11.78 11.80 11.83 11.85 11.87 11.89 11.93 11.95 11.98 12.01 12.04 12.06 12.09 12.13 12.16 12.20 12.24 12.27 12.31 12.35 12.39 12.44 12.48 12.54 12.59 12.64 12.69 12.74 12.80 12.86 12.92 12.98 13.05 13.11 13.17 13.21 13.21 13.22 13.22 13.22 13.22 13.23 13.23 13.23 13.23 13.23 13.23 13.23 13.23
