main/data/pressure/25.02.2023.grid
ncols 886
nrows 691
xllcenter 112.0000
yllcenter -44.5000
cellsize 0.0500
nodata_value 99999.90
[rows 102 to 135 of 691, columns 231 to 307 of 886]
33.25 33.22 33.20 33.17 33.15 33.13 33.09 33.07 33.04 33.02 32.99 32.96 32.93 32.90 32.87 32.84 32.80 32.78 32.73 32.70 32.65 32.61 32.57 32.52 32.46 32.41 32.35 32.31 32.23 32.18 30.67 31.70 32.00 31.93 31.86 31.75 31.70 31.63 30.60 30.32 29.60 29.75 29.66 29.66 29.57 29.24 29.09 29.11 28.67 28.54 28.58 28.63 28.60 28.42 28.36 28.42 28.32 28.14 27.97 27.82 27.70 28.06 28.28 28.47 28.43 28.11 27.59 27.95 28.16 27.85 27.84 27.76 27.86 28.29 28.66 28.97 29.18
33.21 33.18 33.16 33.14 33.11 33.08 33.05 33.03 33.00 32.98 32.96 32.92 32.90 32.87 32.84 32.81 32.78 32.74 32.71 32.67 32.62 32.58 32.53 32.48 32.43 32.38 32.21 32.00 31.55 32.01 31.54 31.38 31.92 31.34 31.58 31.72 31.64 31.54 31.46 31.36 29.92 29.80 29.62 29.44 29.54 29.46 29.24 28.96 28.74 28.58 28.50 28.58 28.47 28.14 28.20 28.30 28.14 27.80 27.82 27.68 27.24 28.14 28.29 28.41 28.25 28.06 27.78 28.13 28.07 27.97 27.80 27.79 27.95 28.34 28.74 29.06 29.32
33.17 33.15 33.12 33.10 33.06 33.04 33.02 32.99 32.97 32.94 32.92 32.88 32.86 32.83 32.80 32.77 32.74 32.70 32.67 32.63 32.59 32.55 32.49 32.45 32.39 32.34 32.28 32.21 32.16 31.90 31.86 31.30 31.69 31.48 31.11 30.80 31.58 30.62 30.06 30.65 31.02 29.50 29.52 29.02 29.45 28.93 29.07 28.78 28.73 28.53 28.18 28.14 28.31 28.10 28.10 28.13 27.76 27.83 27.86 27.89 27.88 28.12 28.02 28.10 28.01 27.76 28.02 28.19 27.99 27.66 27.62 27.59 28.07 28.59 28.86 29.13 29.42
33.13 33.11 33.09 33.05 33.03 33.00 32.98 32.95 32.93 32.90 32.88 32.85 32.82 32.80 32.77 32.74 32.71 32.22 32.35 32.61 32.56 32.51 32.47 32.40 32.35 32.29 32.24 32.18 32.05 31.88 31.25 31.89 31.61 31.46 30.91 29.83 30.40 29.62 30.08 30.90 30.86 30.51 29.89 29.21 29.36 29.14 28.88 28.35 28.64 28.48 28.08 28.00 28.16 28.05 27.91 27.75 27.60 27.79 27.87 27.70 27.81 27.68 27.73 27.74 27.70 27.67 28.04 28.25 28.16 28.11 27.90 27.85 28.33 28.39 28.84 29.23 29.59
33.10 33.08 33.04 33.02 32.99 32.97 32.94 32.92 32.89 32.87 32.84 32.82 32.78 32.76 32.65 32.71 32.37 32.42 32.46 32.44 32.53 32.49 32.43 32.37 31.79 32.26 32.11 32.14 32.03 32.01 31.95 31.88 31.54 30.68 30.75 30.45 30.22 29.92 30.06 29.87 30.32 30.30 29.95 29.88 29.35 29.10 29.04 28.85 28.60 28.39 28.11 28.08 28.11 27.94 27.80 27.75 27.70 27.76 27.65 27.26 27.76 27.79 27.78 27.80 27.70 27.84 28.17 28.25 28.20 28.32 28.39 28.39 28.51 28.52 28.97 29.57 29.95
33.06 33.03 33.01 32.98 32.96 32.93 32.91 32.88 32.86 32.83 32.80 32.77 32.75 32.72 32.70 32.36 32.65 32.61 32.58 32.54 32.24 32.45 32.40 32.14 31.84 31.95 32.06 32.10 31.89 31.71 31.90 31.81 31.49 31.00 31.03 30.89 29.41 29.39 29.60 29.55 29.77 30.41 28.67 28.87 29.62 29.29 29.06 28.82 28.25 28.03 27.99 27.95 28.07 27.78 27.79 27.87 27.85 27.78 27.83 27.99 28.16 28.27 28.27 28.01 27.80 28.02 28.32 28.17 27.72 28.27 28.41 28.58 28.46 28.33 28.97 29.19 29.92
33.03 33.00 32.97 32.95 32.92 32.90 32.86 32.84 32.81 32.78 32.76 32.73 32.71 32.69 32.66 32.64 32.41 32.58 32.55 32.52 32.47 32.43 32.10 31.50 31.86 31.92 31.79 31.79 32.00 31.93 31.86 31.79 30.27 31.54 31.24 30.54 29.74 29.45 29.47 29.27 29.40 29.92 29.68 29.43 29.14 29.30 28.87 28.41 27.97 27.76 27.74 27.76 27.99 27.95 27.91 27.89 27.84 27.91 27.98 28.06 28.16 28.15 28.28 28.29 28.28 28.27 27.95 28.13 27.91 28.10 28.31 28.54 28.71 28.67 29.05 28.71 29.91
33.00 32.97 32.94 32.92 32.88 32.85 32.83 32.80 32.77 32.75 32.72 32.70 32.67 32.65 32.62 32.60 32.58 32.55 32.52 32.48 32.45 32.37 32.21 31.63 31.30 31.22 31.30 31.46 31.69 31.54 31.82 31.73 31.24 31.52 31.12 30.74 29.71 29.40 29.34 29.01 29.10 29.60 29.44 28.58 27.91 29.12 28.84 28.15 28.14 27.96 27.90 27.69 27.86 27.78 27.80 27.80 27.65 27.86 27.89 27.97 28.14 28.20 28.22 28.25 28.12 28.05 28.15 28.07 27.92 27.98 28.13 28.47 28.67 28.81 29.02 29.42 29.87
32.97 32.94 32.90 32.88 32.85 32.82 32.79 32.76 32.73 32.70 32.68 32.65 32.63 32.60 32.58 32.55 32.53 32.50 32.48 31.74 32.41 32.36 32.19 32.03 31.46 31.79 30.60 30.42 31.59 31.85 31.78 30.72 31.58 31.31 30.40 29.46 29.11 28.91 28.18 28.13 29.02 29.16 29.39 28.66 28.41 28.53 28.93 28.64 28.35 28.09 27.92 27.84 27.56 27.72 27.76 27.58 27.46 27.65 27.75 27.68 27.47 27.94 28.14 28.09 27.97 27.98 28.07 28.07 27.96 27.75 27.86 28.35 28.47 28.53 28.71 29.12 29.54
32.94 32.92 32.88 32.85 32.82 32.78 32.75 32.73 32.70 32.67 32.64 32.62 32.59 32.56 32.53 32.51 32.48 32.46 32.26 31.65 32.02 32.16 32.10 32.05 31.89 31.69 31.05 30.90 31.51 31.71 31.27 31.24 31.27 31.09 30.43 31.01 29.12 30.59 29.02 28.67 29.48 28.99 29.15 28.53 28.23 28.16 28.80 28.32 28.26 27.93 28.01 27.87 27.69 27.80 27.78 27.71 27.70 27.69 27.43 27.69 27.75 27.94 28.02 28.03 27.82 27.73 28.01 27.98 27.97 28.05 28.02 28.51 28.49 28.51 28.81 29.29 29.23
32.92 32.88 32.85 32.81 32.78 32.75 32.72 32.68 32.66 32.63 32.60 32.58 32.55 32.52 32.50 32.47 32.44 32.40 32.38 31.66 31.76 31.69 31.96 31.98 31.56 30.78 31.39 31.58 31.61 31.01 30.30 30.51 30.77 30.93 30.63 30.94 30.13 29.34 30.37 29.50 28.44 28.38 28.90 28.52 28.27 28.47 28.61 28.11 28.09 28.00 27.99 27.91 27.43 27.59 27.80 27.82 27.86 27.84 27.78 27.81 27.94 27.99 28.01 27.89 27.78 27.75 27.94 27.82 27.68 28.02 28.38 28.68 28.80 28.92 29.19 29.31 29.31
32.89 32.86 32.82 32.79 32.76 32.71 32.68 32.65 32.62 32.59 32.56 32.53 32.51 32.48 32.45 32.42 32.39 32.36 31.97 31.92 31.58 31.18 31.64 32.07 31.85 31.89 31.79 31.65 31.55 31.49 30.46 30.15 30.52 30.81 29.22 30.74 30.81 30.35 28.86 30.16 28.22 28.08 28.53 28.39 28.14 28.49 28.39 27.80 27.90 27.77 27.67 27.97 27.86 27.74 27.73 27.68 27.86 27.90 27.89 27.91 27.90 27.91 27.73 27.80 27.82 27.86 27.83 27.80 27.74 28.18 28.59 28.82 28.99 29.21 29.20 29.16 29.11
32.87 32.84 32.80 32.76 32.72 32.69 32.65 32.62 32.59 32.55 32.52 32.49 32.46 32.44 32.40 32.37 32.35 32.31 32.09 31.33 31.29 31.60 31.74 31.25 31.98 31.10 30.85 31.09 31.34 31.25 31.00 30.67 30.14 30.25 30.31 30.34 30.03 30.21 30.52 30.12 28.41 28.76 27.98 27.58 28.03 27.98 27.96 27.74 27.28 27.25 27.84 27.85 27.91 27.94 27.88 27.90 27.92 27.87 27.91 27.88 27.77 27.85 27.95 27.81 27.83 27.70 27.68 27.75 28.00 28.39 28.42 28.75 29.09 29.02 28.92 29.38 29.62
32.86 32.81 32.78 32.73 32.69 32.66 32.61 32.58 32.55 32.52 32.48 32.45 32.42 32.39 32.36 32.33 32.30 32.26 32.00 31.18 31.28 31.86 31.25 32.00 31.94 31.54 30.76 30.75 29.86 30.95 30.78 30.00 30.26 29.91 29.71 29.05 29.44 30.25 30.09 30.37 29.73 28.94 27.64 27.64 27.84 27.54 27.32 27.49 26.63 27.52 27.72 27.70 27.82 27.91 27.92 27.92 27.79 27.57 27.77 27.78 27.50 27.67 27.96 27.86 27.77 27.53 27.55 27.58 27.97 28.16 27.83 28.67 29.08 29.35 29.37 29.91 30.12
32.85 32.80 32.75 32.72 32.67 32.63 32.59 32.55 32.51 32.48 32.44 32.41 32.38 32.35 32.32 32.29 32.25 32.08 32.09 31.38 31.61 31.99 32.00 31.95 31.89 31.31 30.86 30.59 30.03 30.53 30.63 30.44 29.64 29.27 28.99 28.86 29.51 29.70 29.11 29.45 29.81 29.95 28.03 26.98 27.45 27.20 26.65 26.58 27.32 27.74 27.75 27.81 27.81 27.87 27.89 27.86 27.69 27.57 27.59 27.44 27.41 27.69 27.92 27.94 27.87 27.77 27.66 27.75 27.95 28.15 28.21 28.63 29.03 29.35 29.60 29.92 30.19
32.84 32.79 32.74 32.69 32.65 32.60 32.56 32.52 32.48 32.45 32.41 32.37 32.34 32.31 32.28 32.24 32.21 32.16 32.13 31.27 31.02 32.01 31.78 31.63 31.39 30.82 30.44 30.13 29.79 29.52 29.86 29.77 29.43 29.21 28.90 29.17 29.43 29.05 28.22 29.53 28.62 29.62 29.74 28.74 27.77 27.63 26.66 27.72 27.22 27.39 27.02 27.57 27.76 27.89 27.82 27.77 27.57 27.45 27.49 27.52 27.65 27.83 27.95 27.83 27.98 28.03 27.66 28.25 28.36 28.42 28.56 28.74 29.02 29.33 29.48 29.47 29.94
32.82 32.77 32.73 32.68 32.63 32.58 32.53 32.50 32.45 32.41 32.38 32.34 32.31 32.28 32.24 32.20 32.16 32.12 32.09 32.02 32.00 31.95 31.14 31.17 31.50 30.97 30.24 29.95 29.85 29.70 29.70 29.78 29.64 29.45 29.27 29.11 28.64 28.83 28.98 28.93 28.85 28.78 28.53 29.57 27.54 26.88 27.37 27.71 27.62 27.35 26.79 27.36 27.74 27.76 27.55 27.55 27.38 27.25 27.28 27.57 27.75 27.64 27.68 27.92 27.92 27.85 27.66 27.89 28.34 28.55 28.50 28.80 29.02 29.21 29.21 29.32 29.40
32.78 32.74 32.70 32.42 32.60 32.56 32.51 32.47 32.42 32.38 32.35 32.31 32.27 32.22 32.20 32.16 32.12 32.08 31.98 32.00 31.82 31.90 30.26 31.34 31.26 31.37 30.81 30.04 30.21 30.12 30.13 30.30 30.12 29.97 29.50 29.28 29.02 28.56 28.21 28.17 28.06 28.22 27.49 27.73 28.02 27.56 27.55 27.65 27.51 26.72 26.97 27.60 27.70 27.72 27.17 27.45 27.32 27.22 27.47 27.72 27.63 27.15 27.34 27.71 27.93 27.70 27.86 28.18 28.30 28.17 28.64 28.69 28.78 28.95 29.20 29.26 29.19
32.75 32.70 32.66 32.61 32.57 32.52 32.48 32.44 32.40 32.37 32.32 32.28 32.25 32.20 32.16 32.12 32.08 32.04 32.01 31.95 31.91 31.33 31.74 31.61 31.46 30.36 30.92 30.66 30.49 30.49 30.33 29.58 29.30 29.28 29.46 29.16 28.91 28.09 27.66 27.87 27.98 28.34 28.02 27.05 26.51 27.32 27.75 27.74 27.59 26.69 27.16 27.54 27.59 27.43 27.32 27.46 27.53 27.43 27.62 27.31 27.41 27.23 27.32 27.67 27.90 27.53 27.48 28.07 27.72 28.45 28.39 28.42 28.65 28.89 29.07 28.85 28.84
32.22 32.68 32.62 32.57 32.52 32.48 32.44 32.40 32.37 32.33 32.29 32.26 32.22 32.18 32.14 32.09 32.05 32.00 31.97 31.92 31.87 31.36 31.50 30.84 31.16 30.85 30.79 30.77 30.58 30.49 30.27 29.56 29.50 30.00 29.37 29.15 29.11 28.53 28.43 27.83 27.97 28.37 28.20 27.69 26.88 27.57 27.70 27.74 27.70 27.70 27.73 27.36 27.25 27.36 27.43 27.47 27.48 27.54 27.48 27.56 27.54 27.44 27.52 27.71 27.58 27.52 27.92 28.16 28.28 28.39 28.35 28.61 28.73 28.86 28.87 28.74 27.90
32.15 32.17 32.40 32.54 31.74 32.44 32.40 32.37 32.33 32.29 32.00 31.89 32.19 32.15 32.10 32.06 32.02 31.98 31.26 31.88 31.83 31.79 31.74 30.62 30.56 30.58 30.66 30.54 30.52 30.37 30.25 30.13 29.89 30.02 29.48 29.12 29.05 28.39 28.52 28.08 28.32 28.39 28.12 28.01 27.56 27.56 27.92 27.24 27.50 27.60 27.48 26.64 27.09 27.40 27.24 27.07 27.27 27.38 27.23 27.52 27.51 27.50 27.67 27.82 27.85 27.92 27.97 28.15 28.21 28.35 28.45 28.60 28.69 28.77 28.79 28.77 28.60
32.66 31.95 32.46 32.51 32.46 31.97 32.38 32.33 32.30 32.26 32.17 31.86 32.16 32.12 32.08 32.03 31.99 31.94 31.89 31.26 31.79 31.74 31.44 29.95 30.12 30.61 30.46 30.01 29.93 29.84 30.33 30.13 30.12 30.05 29.56 28.82 29.02 28.54 28.80 28.48 28.67 28.35 28.11 28.05 27.78 28.10 27.26 26.81 27.36 27.44 27.15 26.91 27.13 27.37 27.00 26.61 27.21 27.45 27.46 27.49 27.38 27.42 27.47 27.52 27.75 27.46 27.65 28.04 27.94 28.30 28.43 28.53 28.57 28.65 28.60 27.96 28.43
32.63 31.85 31.60 32.42 31.24 32.20 32.35 31.78 32.28 32.24 32.20 32.16 32.12 32.08 32.04 32.00 31.95 31.91 31.46 31.81 31.41 30.42 31.01 30.78 30.24 30.03 30.07 29.70 29.20 28.89 28.87 30.30 30.12 30.06 29.55 29.01 29.27 29.10 28.87 28.93 28.60 28.62 28.49 28.38 28.28 26.92 26.61 27.34 27.22 27.12 27.06 26.97 27.07 27.05 26.75 27.15 27.29 27.41 27.43 27.37 27.33 27.48 27.44 27.49 27.76 27.20 27.38 27.29 27.50 28.35 28.32 28.31 28.44 28.56 28.41 27.64 28.00
32.42 32.35 31.77 32.26 32.13 32.34 32.33 31.40 31.94 32.21 32.17 31.54 32.10 32.06 32.01 31.97 31.92 31.86 30.87 30.93 31.20 30.80 31.06 31.10 30.70 30.26 29.91 29.58 28.84 29.02 29.79 30.37 30.18 29.94 29.74 28.75 29.39 29.14 29.13 28.96 28.88 28.77 28.65 27.98 27.95 27.49 26.87 26.81 26.54 26.58 27.05 27.02 27.08 27.12 26.67 26.78 26.98 27.21 27.30 27.40 27.45 27.61 27.48 27.20 27.52 27.74 27.69 28.08 28.07 28.27 27.53 28.06 28.30 28.44 28.36 28.21 27.49
32.59 32.32 31.89 31.44 31.14 32.36 32.31 31.61 32.23 31.91 31.91 31.66 32.07 32.03 31.99 31.94 31.89 31.84 31.06 30.36 31.02 30.65 30.64 30.57 30.73 30.43 30.46 30.03 30.02 30.68 30.55 30.28 29.78 28.62 29.61 29.43 29.20 29.05 28.64 28.77 28.53 28.05 28.62 28.41 28.19 27.98 27.06 27.17 26.51 26.12 26.93 27.08 27.13 27.15 26.99 26.93 26.92 26.93 27.05 27.30 27.29 27.42 27.64 26.88 27.36 27.61 27.56 27.89 28.12 28.10 27.95 27.79 27.88 28.31 28.19 27.74 27.26
32.57 32.53 31.93 32.44 32.14 31.16 31.85 32.02 31.73 31.73 31.00 30.54 31.01 32.00 31.95 31.90 31.86 31.81 31.76 31.71 31.66 31.60 31.55 31.50 30.92 29.52 30.91 31.15 30.88 30.77 30.37 29.93 29.89 29.33 29.86 29.26 29.21 28.99 28.78 28.46 28.39 28.51 28.50 28.23 28.16 26.97 27.92 27.68 27.01 26.75 26.42 26.95 27.08 27.05 27.14 26.73 26.92 26.78 26.84 27.18 27.31 26.98 27.58 27.51 27.55 27.74 27.69 27.97 28.03 27.85 27.84 27.73 28.03 28.20 28.11 28.07 27.43
31.62 32.52 32.20 31.80 31.94 31.45 31.86 31.59 31.33 31.96 32.01 31.59 31.16 31.97 31.93 31.88 31.38 31.05 31.74 31.68 31.62 31.57 31.51 31.46 31.40 31.30 31.20 31.02 30.90 30.74 30.58 30.11 30.34 30.02 29.50 28.93 28.86 28.61 28.67 28.58 27.73 28.45 28.26 28.12 28.05 28.01 27.94 27.82 27.39 27.04 27.01 27.08 27.15 27.11 27.12 26.84 26.95 27.05 27.02 26.89 26.89 27.19 27.38 27.70 27.69 27.86 27.78 27.90 27.90 27.77 27.32 27.77 28.05 27.38 27.81 27.55 27.05
32.23 32.50 31.98 31.81 32.08 31.93 32.03 31.09 31.22 31.31 30.71 30.52 31.06 31.08 31.43 31.46 31.80 31.20 30.89 31.64 31.25 30.56 30.19 31.06 31.06 30.02 30.83 31.10 30.45 29.76 30.43 29.93 30.23 29.94 29.46 28.37 28.46 28.36 28.45 28.29 28.36 28.46 27.69 27.79 27.74 27.38 26.98 27.88 26.34 26.73 27.14 27.16 26.80 26.71 27.07 27.18 27.17 27.23 27.03 26.96 26.92 27.02 26.98 27.51 27.76 27.78 27.82 27.73 27.61 27.91 27.68 27.88 28.00 28.04 27.76 27.35 27.23
32.53 32.38 32.01 31.30 31.81 32.00 31.18 31.04 31.26 31.00 30.33 31.24 31.68 31.41 30.83 31.50 30.13 30.54 30.39 31.16 31.49 30.81 30.50 30.15 30.22 30.97 29.61 30.60 30.09 29.04 30.07 30.21 29.65 29.60 28.67 28.89 28.51 28.00 28.39 28.07 28.36 28.13 27.41 27.51 27.57 27.04 27.36 27.86 26.91 26.64 26.89 27.33 27.09 26.87 27.14 27.24 27.32 27.29 27.18 27.05 26.88 26.62 27.08 27.61 27.59 27.61 27.60 27.67 27.79 27.48 27.49 27.84 27.91 27.83 27.33 26.90 27.19
32.53 32.41 32.17 31.12 31.36 31.51 30.79 30.78 31.42 30.96 31.41 31.56 31.64 31.04 31.06 30.74 30.46 31.12 31.38 30.99 31.46 31.09 30.17 30.68 30.73 30.15 30.11 30.53 30.20 29.71 30.23 29.34 28.87 29.17 28.91 28.35 28.30 28.27 28.19 28.31 28.15 27.76 27.63 27.41 27.26 27.15 27.25 27.67 27.46 27.49 27.33 27.46 27.38 26.97 27.21 27.36 27.26 26.99 27.06 27.08 27.02 27.23 27.46 27.18 27.34 27.38 27.27 27.63 27.66 27.19 27.19 27.73 27.74 27.81 27.09 27.01 27.28
32.35 31.75 32.17 31.17 31.54 31.30 31.83 31.44 31.73 31.87 31.36 31.77 31.64 31.57 30.87 30.78 30.71 30.80 31.00 31.28 31.00 31.08 31.00 30.21 30.20 30.21 29.15 29.79 30.39 30.27 30.02 29.73 29.51 29.23 28.62 28.22 28.18 28.33 28.36 28.15 28.03 27.71 27.66 27.49 27.29 27.43 26.59 27.83 27.74 27.65 27.50 27.48 26.78 26.96 27.22 27.43 27.21 26.89 26.94 26.95 27.00 27.27 26.31 26.89 27.22 27.33 27.35 27.55 27.14 27.43 27.57 27.74 27.56 27.33 27.04 27.08 27.28
32.52 31.46 31.50 32.26 31.32 31.17 31.83 31.23 31.87 31.88 31.73 31.09 31.58 31.53 31.25 30.83 30.60 30.57 30.48 31.34 31.24 31.03 30.86 29.35 29.09 29.95 29.27 29.16 30.01 30.16 28.96 28.75 29.43 28.49 28.16 28.40 28.43 28.45 28.33 27.96 27.50 27.62 27.65 27.38 27.51 27.48 27.83 27.39 27.75 27.24 27.62 27.20 26.92 27.25 27.40 27.48 27.39 27.33 27.01 26.88 26.95 27.17 26.64 26.89 27.20 27.39 27.46 27.21 26.77 27.36 27.53 27.67 27.38 26.95 26.83 27.05 27.10
32.50 32.47 31.66 31.67 31.27 31.41 31.67 31.38 31.34 31.89 31.87 31.77 31.71 31.62 31.51 31.33 31.11 30.60 30.72 29.99 31.09 30.93 30.73 30.42 29.61 29.16 29.16 28.85 28.79 30.18 29.94 29.67 29.43 29.09 28.53 28.64 28.47 28.19 28.24 28.20 27.92 27.88 27.53 27.05 27.41 27.70 27.77 27.76 27.75 27.21 27.35 27.14 27.23 27.49 27.53 27.40 27.25 27.16 26.80 26.52 27.23 26.81 26.36 26.68 27.16 27.35 27.12 26.53 26.89 27.24 27.57 27.45 27.42 27.03 26.58 26.71 26.89
32.50 32.46 32.41 32.37 31.69 31.36 32.10 32.08 30.86 31.97 31.88 31.80 31.72 31.12 31.41 31.01 31.15 30.30 29.79 30.61 30.97 30.73 30.56 30.31 29.51 29.65 29.52 29.35 27.92 28.95 29.66 29.10 29.49 29.27 29.10 28.56 28.42 28.42 28.20 28.26 28.26 27.84 27.68 27.50 27.43 27.73 27.78 27.72 27.79 27.69 27.84 27.39 27.52 27.53 27.50 27.32 27.19 27.11 26.93 27.09 27.21 26.68 26.55 27.00 27.18 27.22 26.68 27.29 27.39 27.47 27.33 27.02 27.41 27.45 27.25 26.67 26.41
