main/data/pressure/25.04.2023.grid
ncols 886
nrows 691
xllcenter 112.0000
yllcenter -44.5000
cellsize 0.0500
nodata_value 99999.90
[rows 0 to 34 of 691, columns 702 to 779 of 886]
35.79 35.80 35.81 35.81 35.83 35.82 35.75 35.69 35.63 35.57 35.51 35.45 35.39 35.34 35.29 35.24 35.20 35.15 35.11 35.06 35.03 35.00 34.96 34.92 34.89 34.87 34.84 34.82 34.79 34.77 34.75 34.73 34.71 34.70 34.68 34.66 34.65 34.65 34.64 34.63 34.62 34.61 34.60 34.60 34.59 34.59 34.59 34.59 34.59 34.59 34.60 34.60 34.59 34.60 34.60 34.60 34.61 34.62 34.62 34.63 34.64 34.65 34.66 34.67 34.68 34.69 34.70 34.71 34.72 34.73 34.74 34.75 34.76 34.78 34.79 34.80 34.81 34.83
35.74 35.75 35.76 35.77 35.78 35.79 35.77 35.73 35.66 35.59 35.53 35.47 35.41 35.35 35.31 35.25 35.20 35.16 35.12 35.07 35.03 35.00 34.96 34.93 34.89 34.87 34.84 34.81 34.78 34.76 34.73 34.72 34.70 34.68 34.67 34.65 34.63 34.63 34.62 34.61 34.60 34.59 34.58 34.58 34.57 34.57 34.56 34.56 34.56 34.56 34.57 34.57 34.57 34.58 34.58 34.58 34.59 34.60 34.60 34.60 34.61 34.61 34.62 34.63 34.64 34.65 34.66 34.68 34.69 34.70 34.70 34.71 34.73 34.74 34.76 34.77 34.78 34.79
35.70 35.70 35.72 35.72 35.73 35.75 35.75 35.73 35.69 35.62 35.55 35.50 35.43 35.37 35.33 35.27 35.22 35.17 35.13 35.08 35.04 35.01 34.97 34.93 34.89 34.87 34.84 34.81 34.78 34.75 34.74 34.71 34.69 34.67 34.65 34.64 34.62 34.61 34.60 34.59 34.58 34.57 34.56 34.55 34.55 34.55 34.55 34.55 34.54 34.54 34.54 34.54 34.54 34.55 34.55 34.55 34.56 34.56 34.57 34.58 34.58 34.59 34.60 34.60 34.61 34.62 34.63 34.64 34.65 34.66 34.68 34.69 34.70 34.70 34.72 34.73 34.75 34.76
35.66 35.66 35.67 35.68 35.69 35.69 35.71 35.71 35.70 35.65 35.58 35.51 35.46 35.40 35.35 35.29 35.23 35.18 35.14 35.09 35.05 35.01 34.97 34.93 34.90 34.86 34.84 34.80 34.78 34.75 34.72 34.71 34.68 34.66 34.64 34.62 34.62 34.60 34.59 34.57 34.56 34.55 34.54 34.53 34.53 34.53 34.53 34.52 34.52 34.52 34.52 34.52 34.52 34.52 34.52 34.52 34.53 34.53 34.54 34.54 34.55 34.56 34.57 34.58 34.58 34.59 34.59 34.60 34.62 34.63 34.64 34.65 34.66 34.68 34.68 34.69 34.71 34.72
35.61 35.62 35.62 35.63 35.64 35.65 35.66 35.67 35.67 35.66 35.61 35.54 35.49 35.42 35.36 35.31 35.25 35.20 35.15 35.11 35.06 35.01 34.98 34.94 34.90 34.86 34.84 34.80 34.77 34.74 34.72 34.70 34.67 34.65 34.63 34.61 34.60 34.59 34.57 34.56 34.54 34.53 34.52 34.52 34.51 34.51 34.50 34.50 34.49 34.49 34.49 34.49 34.49 34.49 34.49 34.49 34.50 34.50 34.51 34.51 34.52 34.53 34.53 34.54 34.55 34.56 34.57 34.58 34.58 34.59 34.60 34.62 34.63 34.64 34.65 34.67 34.67 34.69
35.56 35.57 35.58 35.58 35.60 35.60 35.61 35.62 35.62 35.63 35.62 35.57 35.50 35.45 35.38 35.32 35.27 35.22 35.16 35.12 35.07 35.02 34.99 34.94 34.90 34.87 34.84 34.80 34.77 34.74 34.72 34.69 34.67 34.64 34.62 34.60 34.59 34.57 34.55 34.54 34.53 34.51 34.51 34.50 34.49 34.49 34.48 34.47 34.47 34.47 34.46 34.46 34.46 34.46 34.46 34.47 34.47 34.47 34.48 34.48 34.49 34.49 34.50 34.51 34.52 34.53 34.53 34.54 34.55 34.57 34.57 34.58 34.59 34.60 34.62 34.63 34.64 34.65
35.52 35.52 35.53 35.54 35.54 35.56 35.56 35.56 35.58 35.58 35.59 35.58 35.53 35.48 35.41 35.34 35.29 35.23 35.18 35.13 35.08 35.03 35.00 34.95 34.91 34.87 34.84 34.80 34.77 34.74 34.72 34.69 34.66 34.63 34.61 34.60 34.58 34.56 34.54 34.52 34.51 34.50 34.49 34.48 34.47 34.46 34.46 34.45 34.45 34.44 34.44 34.44 34.43 34.43 34.43 34.44 34.44 34.44 34.45 34.45 34.46 34.46 34.47 34.47 34.48 34.49 34.50 34.51 34.52 34.53 34.54 34.55 34.55 34.57 34.58 34.59 34.61 34.62
35.47 35.48 35.48 35.50 35.50 35.50 35.52 35.52 35.53 35.54 35.54 35.55 35.54 35.50 35.44 35.37 35.32 35.26 35.20 35.15 35.10 35.05 35.01 34.96 34.92 34.87 34.84 34.81 34.77 34.74 34.71 34.68 34.65 34.63 34.60 34.59 34.57 34.55 34.53 34.51 34.49 34.48 34.48 34.46 34.45 34.44 34.44 34.43 34.42 34.42 34.41 34.41 34.42 34.41 34.42 34.42 34.42 34.42 34.42 34.43 34.43 34.44 34.45 34.44 34.45 34.46 34.47 34.47 34.48 34.49 34.51 34.52 34.53 34.54 34.54 34.56 34.57 34.58
35.43 35.43 35.44 35.44 35.46 35.46 35.47 35.47 35.49 35.49 35.49 35.51 35.51 35.50 35.46 35.40 35.33 35.28 35.22 35.17 35.11 35.06 35.01 34.97 34.93 34.88 34.84 34.81 34.77 34.74 34.70 34.68 34.65 34.62 34.59 34.58 34.56 34.53 34.51 34.50 34.49 34.47 34.46 34.45 34.43 34.42 34.41 34.41 34.40 34.40 34.40 34.39 34.39 34.39 34.39 34.39 34.39 34.39 34.39 34.40 34.40 34.41 34.41 34.42 34.43 34.43 34.43 34.44 34.45 34.46 34.47 34.48 34.49 34.50 34.52 34.53 34.53 34.54
35.39 35.39 35.40 35.40 35.41 35.41 35.42 35.43 35.43 35.44 35.45 35.46 35.46 35.46 35.46 35.42 35.36 35.30 35.24 35.18 35.13 35.08 35.02 34.98 34.94 34.89 34.85 34.81 34.77 34.74 34.71 34.68 34.65 34.62 34.59 34.57 34.55 34.52 34.50 34.48 34.47 34.46 34.44 34.43 34.42 34.40 34.39 34.38 34.39 34.38 34.37 34.37 34.37 34.36 34.36 34.36 34.36 34.36 34.36 34.37 34.37 34.38 34.38 34.39 34.39 34.40 34.41 34.42 34.42 34.42 34.43 34.44 34.46 34.47 34.48 34.49 34.50 34.52
35.34 35.35 35.36 35.36 35.36 35.37 35.37 35.38 35.39 35.40 35.40 35.40 35.41 35.42 35.42 35.42 35.38 35.33 35.26 35.20 35.15 35.09 35.04 35.00 34.95 34.90 34.85 34.82 34.78 34.74 34.71 34.68 34.64 34.61 34.59 34.56 34.54 34.51 34.49 34.47 34.46 34.44 34.43 34.41 34.40 34.38 34.38 34.37 34.36 34.36 34.35 34.34 34.34 34.34 34.34 34.33 34.33 34.33 34.34 34.34 34.34 34.34 34.35 34.35 34.36 34.37 34.37 34.38 34.39 34.40 34.41 34.42 34.42 34.43 34.44 34.45 34.47 34.48
35.30 35.31 35.31 35.32 35.32 35.33 35.33 35.33 35.34 35.34 35.35 35.36 35.37 35.37 35.37 35.38 35.37 35.35 35.29 35.22 35.17 35.11 35.06 35.01 34.96 34.91 34.87 34.83 34.78 34.74 34.71 34.68 34.64 34.61 34.59 34.56 34.53 34.51 34.48 34.47 34.45 34.43 34.41 34.39 34.38 34.38 34.36 34.35 34.34 34.33 34.33 34.32 34.32 34.31 34.31 34.31 34.31 34.31 34.31 34.31 34.31 34.31 34.32 34.32 34.33 34.33 34.34 34.35 34.36 34.36 34.37 34.38 34.39 34.40 34.42 34.42 34.43 34.44
35.26 35.26 35.27 35.28 35.28 35.28 35.29 35.29 35.30 35.30 35.31 35.31 35.32 35.32 35.32 35.34 35.34 35.33 35.30 35.25 35.19 35.13 35.07 35.03 34.97 34.92 34.88 34.83 34.79 34.75 34.72 34.68 34.64 34.61 34.58 34.55 34.52 34.50 34.47 34.46 34.44 34.42 34.40 34.38 34.37 34.36 34.34 34.33 34.32 34.31 34.30 34.30 34.29 34.29 34.28 34.28 34.28 34.29 34.29 34.29 34.29 34.29 34.30 34.30 34.30 34.30 34.31 34.31 34.32 34.33 34.34 34.35 34.36 34.37 34.38 34.39 34.40 34.40
35.22 35.22 35.23 35.23 35.23 35.23 35.24 35.24 35.25 35.25 35.26 35.26 35.26 35.28 35.28 35.29 35.29 35.29 35.29 35.26 35.22 35.15 35.09 35.04 34.99 34.93 34.88 34.84 34.80 34.75 34.72 34.68 34.64 34.61 34.58 34.55 34.52 34.49 34.47 34.45 34.42 34.40 34.38 34.36 34.36 34.34 34.33 34.31 34.30 34.29 34.28 34.27 34.27 34.27 34.27 34.26 34.26 34.26 34.26 34.26 34.26 34.26 34.26 34.27 34.27 34.28 34.28 34.29 34.30 34.29 34.30 34.31 34.32 34.33 34.34 34.35 34.36 34.38
35.17 35.18 35.18 35.19 35.18 35.19 35.20 35.20 35.20 35.21 35.21 35.22 35.22 35.23 35.23 35.24 35.24 35.24 35.25 35.24 35.22 35.18 35.11 35.05 35.00 34.95 34.91 34.85 34.81 34.76 34.73 34.68 34.64 34.62 34.58 34.55 34.51 34.49 34.47 34.44 34.41 34.39 34.38 34.36 34.34 34.32 34.31 34.29 34.28 34.27 34.26 34.26 34.25 34.25 34.24 34.24 34.23 34.23 34.23 34.23 34.23 34.23 34.23 34.24 34.24 34.24 34.25 34.26 34.26 34.27 34.28 34.29 34.29 34.29 34.31 34.32 34.33 34.34
35.14 35.14 35.14 35.15 35.14 35.15 35.15 35.16 35.16 35.16 35.16 35.17 35.17 35.18 35.18 35.18 35.19 35.19 35.20 35.20 35.20 35.19 35.13 35.08 35.02 34.96 34.92 34.87 34.82 34.78 34.73 34.69 34.65 34.62 34.58 34.54 34.51 34.49 34.46 34.43 34.40 34.38 34.37 34.35 34.33 34.31 34.29 34.28 34.26 34.26 34.25 34.24 34.23 34.22 34.22 34.21 34.21 34.20 34.20 34.20 34.20 34.20 34.20 34.20 34.21 34.21 34.22 34.22 34.23 34.23 34.24 34.25 34.26 34.27 34.28 34.28 34.29 34.30
35.10 35.09 35.10 35.11 35.10 35.11 35.11 35.11 35.11 35.12 35.12 35.13 35.13 35.13 35.14 35.14 35.15 35.14 35.15 35.15 35.15 35.16 35.14 35.10 35.04 34.98 34.93 34.88 34.83 34.78 34.74 34.69 34.65 34.62 34.58 34.54 34.51 34.48 34.45 34.42 34.40 34.38 34.36 34.33 34.31 34.29 34.27 34.26 34.25 34.24 34.23 34.22 34.21 34.20 34.19 34.18 34.18 34.18 34.17 34.17 34.18 34.18 34.17 34.17 34.18 34.19 34.19 34.19 34.19 34.20 34.21 34.22 34.22 34.23 34.24 34.25 34.26 34.26
35.06 35.06 35.06 35.06 35.06 35.06 35.07 35.06 35.07 35.07 35.08 35.08 35.08 35.08 35.09 35.09 35.10 35.10 35.11 35.10 35.10 35.11 35.11 35.09 35.06 35.00 34.95 34.89 34.84 34.80 34.75 34.70 34.66 34.62 34.58 34.54 34.52 34.48 34.45 34.42 34.39 34.37 34.34 34.32 34.30 34.28 34.27 34.25 34.23 34.22 34.21 34.20 34.18 34.17 34.18 34.17 34.16 34.16 34.16 34.15 34.15 34.15 34.15 34.15 34.15 34.16 34.16 34.16 34.17 34.18 34.17 34.18 34.19 34.20 34.21 34.22 34.23 34.24
35.02 35.02 35.02 35.02 35.02 35.02 35.03 35.02 35.03 35.03 35.03 35.03 35.04 35.04 35.04 35.04 35.05 35.05 35.05 35.06 35.05 35.06 35.06 35.07 35.05 35.01 34.97 34.91 34.85 34.81 34.76 34.71 34.67 34.63 34.58 34.54 34.51 34.48 34.44 34.41 34.39 34.36 34.33 34.31 34.29 34.27 34.25 34.23 34.22 34.20 34.19 34.17 34.17 34.16 34.15 34.14 34.14 34.13 34.13 34.12 34.12 34.12 34.12 34.12 34.12 34.12 34.13 34.13 34.14 34.14 34.15 34.15 34.16 34.17 34.17 34.18 34.19 34.20
34.98 34.98 34.98 34.98 34.98 34.98 34.98 34.98 34.99 34.98 34.99 34.99 34.99 34.99 35.00 35.00 35.00 35.00 35.00 35.01 35.01 35.01 35.01 35.02 35.02 35.00 34.98 34.93 34.87 34.82 34.77 34.72 34.68 34.63 34.59 34.54 34.51 34.48 34.44 34.42 34.38 34.35 34.33 34.30 34.28 34.26 34.24 34.22 34.20 34.18 34.18 34.16 34.15 34.14 34.13 34.12 34.11 34.11 34.10 34.10 34.09 34.09 34.09 34.09 34.09 34.09 34.09 34.10 34.10 34.11 34.11 34.12 34.13 34.13 34.14 34.15 34.16 34.16
34.95 34.95 34.94 34.94 34.94 34.94 34.95 34.94 34.95 34.94 34.95 34.94 34.95 34.95 34.95 34.95 34.96 34.96 34.96 34.96 34.96 34.97 34.96 34.97 34.97 34.96 34.96 34.94 34.89 34.84 34.78 34.73 34.69 34.64 34.59 34.56 34.52 34.48 34.44 34.41 34.38 34.35 34.32 34.29 34.27 34.25 34.22 34.20 34.18 34.17 34.16 34.14 34.13 34.12 34.11 34.10 34.09 34.08 34.07 34.08 34.08 34.06 34.07 34.07 34.07 34.06 34.06 34.08 34.08 34.07 34.08 34.08 34.09 34.10 34.11 34.11 34.12 34.13
34.91 34.90 34.90 34.91 34.90 34.90 34.90 34.90 34.90 34.90 34.90 34.90 34.91 34.90 34.91 34.91 34.91 34.91 34.92 34.91 34.91 34.92 34.91 34.92 34.92 34.91 34.92 34.91 34.90 34.85 34.80 34.75 34.70 34.65 34.60 34.56 34.52 34.48 34.45 34.41 34.37 34.34 34.32 34.29 34.26 34.24 34.21 34.19 34.18 34.16 34.14 34.12 34.11 34.10 34.08 34.07 34.07 34.06 34.06 34.05 34.05 34.04 34.04 34.04 34.04 34.04 34.04 34.04 34.05 34.05 34.05 34.06 34.06 34.07 34.07 34.08 34.09 34.10
34.88 34.87 34.87 34.86 34.86 34.86 34.86 34.86 34.85 34.86 34.85 34.86 34.86 34.86 34.85 34.86 34.87 34.86 34.86 34.87 34.86 34.87 34.86 34.87 34.87 34.86 34.87 34.86 34.87 34.85 34.81 34.76 34.71 34.66 34.61 34.57 34.52 34.48 34.45 34.41 34.37 34.33 34.31 34.28 34.25 34.22 34.21 34.18 34.16 34.14 34.12 34.10 34.09 34.07 34.07 34.06 34.05 34.04 34.03 34.02 34.02 34.01 34.01 34.01 34.01 34.01 34.01 34.01 34.01 34.02 34.02 34.02 34.03 34.04 34.04 34.05 34.05 34.06
34.83 34.83 34.83 34.82 34.83 34.83 34.82 34.82 34.82 34.82 34.81 34.82 34.81 34.82 34.81 34.82 34.81 34.82 34.81 34.82 34.81 34.82 34.82 34.82 34.82 34.81 34.82 34.81 34.82 34.81 34.80 34.77 34.72 34.67 34.62 34.57 34.53 34.49 34.45 34.41 34.37 34.34 34.31 34.27 34.24 34.22 34.20 34.17 34.15 34.12 34.10 34.10 34.08 34.06 34.05 34.04 34.02 34.01 34.01 34.00 33.99 33.99 33.98 33.98 33.98 33.98 33.98 33.98 33.98 33.98 33.98 33.99 33.99 34.00 34.01 34.01 34.02 34.03
34.80 34.80 34.80 34.79 34.79 34.78 34.78 34.77 34.78 34.78 34.77 34.78 34.77 34.77 34.77 34.77 34.77 34.77 34.77 34.77 34.77 34.77 34.77 34.77 34.77 34.77 34.77 34.76 34.77 34.76 34.76 34.75 34.72 34.69 34.63 34.58 34.53 34.49 34.45 34.41 34.37 34.34 34.30 34.27 34.24 34.21 34.18 34.16 34.13 34.11 34.09 34.08 34.06 34.04 34.03 34.01 34.00 33.99 33.98 33.98 33.96 33.97 33.96 33.96 33.96 33.95 33.95 33.95 33.96 33.96 33.96 33.95 33.96 33.96 33.97 33.98 33.99 33.99
34.77 34.77 34.76 34.76 34.76 34.75 34.75 34.74 34.74 34.74 34.73 34.74 34.73 34.73 34.73 34.73 34.72 34.73 34.72 34.73 34.72 34.73 34.72 34.73 34.72 34.73 34.72 34.71 34.72 34.71 34.72 34.71 34.70 34.69 34.64 34.59 34.55 34.50 34.45 34.41 34.37 34.33 34.30 34.26 34.24 34.20 34.17 34.15 34.12 34.10 34.08 34.06 34.04 34.02 34.01 33.99 33.99 33.97 33.96 33.95 33.95 33.94 33.93 33.93 33.93 33.92 33.92 33.92 33.92 33.92 33.93 33.93 33.93 33.94 33.94 33.95 33.95 33.96
34.74 34.74 34.72 34.72 34.72 34.71 34.71 34.70 34.70 34.70 34.69 34.70 34.69 34.69 34.68 34.69 34.68 34.68 34.68 34.68 34.68 34.68 34.67 34.68 34.67 34.68 34.67 34.67 34.67 34.66 34.67 34.66 34.65 34.65 34.64 34.59 34.55 34.50 34.45 34.42 34.37 34.33 34.29 34.26 34.23 34.19 34.16 34.13 34.12 34.09 34.07 34.04 34.02 34.00 33.99 33.98 33.96 33.95 33.94 33.93 33.92 33.91 33.90 33.90 33.90 33.89 33.89 33.89 33.89 33.89 33.89 33.89 33.90 33.90 33.91 33.91 33.92 33.93
34.71 34.70 34.69 34.69 34.68 34.68 34.67 34.66 34.66 34.65 34.65 34.66 34.65 34.65 34.64 34.64 34.64 34.64 34.63 34.64 34.64 34.63 34.63 34.63 34.62 34.63 34.62 34.63 34.62 34.61 34.62 34.61 34.60 34.60 34.60 34.59 34.56 34.51 34.47 34.42 34.37 34.33 34.30 34.26 34.22 34.19 34.15 34.13 34.10 34.08 34.05 34.03 34.01 33.99 33.97 33.96 33.94 33.93 33.91 33.90 33.89 33.88 33.88 33.88 33.86 33.87 33.87 33.87 33.87 33.87 33.86 33.86 33.86 33.87 33.87 33.88 33.88 33.89
34.67 34.67 34.66 34.65 34.65 34.64 34.63 34.63 34.63 34.62 34.62 34.62 34.61 34.61 34.60 34.60 34.59 34.60 34.60 34.59 34.58 34.59 34.58 34.58 34.58 34.58 34.57 34.58 34.57 34.57 34.57 34.56 34.56 34.55 34.55 34.55 34.53 34.51 34.47 34.42 34.38 34.33 34.30 34.26 34.22 34.19 34.15 34.12 34.09 34.06 34.03 34.02 34.00 33.97 33.95 33.94 33.92 33.90 33.90 33.89 33.88 33.87 33.86 33.85 33.84 33.84 33.84 33.83 33.83 33.83 33.83 33.83 33.84 33.84 33.85 33.85 33.85 33.85
34.64 34.64 34.63 34.62 34.61 34.61 34.60 34.59 34.59 34.58 34.58 34.58 34.57 34.57 34.56 34.56 34.55 34.55 34.55 34.55 34.54 34.54 34.53 34.54 34.53 34.53 34.52 34.53 34.52 34.52 34.52 34.51 34.51 34.50 34.49 34.50 34.49 34.49 34.47 34.43 34.38 34.34 34.30 34.25 34.22 34.18 34.15 34.11 34.08 34.05 34.03 34.00 33.98 33.96 33.93 33.91 33.91 33.89 33.88 33.86 33.85 33.84 33.83 33.82 33.81 33.81 33.80 33.80 33.80 33.80 33.80 33.80 33.80 33.80 33.81 33.81 33.82 33.82
34.62 34.61 34.60 34.59 34.58 34.58 34.56 34.56 34.56 34.55 34.54 34.53 34.53 34.53 34.52 34.52 34.51 34.51 34.51 34.50 34.51 34.50 34.50 34.49 34.49 34.48 34.49 34.48 34.47 34.47 34.47 34.47 34.46 34.45 34.45 34.44 34.44 34.44 34.43 34.41 34.39 34.34 34.29 34.26 34.22 34.18 34.14 34.10 34.08 34.05 34.02 33.99 33.96 33.94 33.92 33.90 33.88 33.87 33.85 33.84 33.82 33.81 33.80 33.79 33.78 33.78 33.78 33.78 33.78 33.76 33.76 33.76 33.77 33.77 33.77 33.78 33.78 33.79
34.59 34.58 34.57 34.56 34.55 34.55 34.53 34.53 34.51 34.51 34.51 34.50 34.49 34.49 34.48 34.48 34.47 34.47 34.47 34.46 34.46 34.45 34.45 34.44 34.45 34.44 34.44 34.43 34.42 34.42 34.42 34.42 34.41 34.41 34.40 34.39 34.39 34.38 34.38 34.38 34.36 34.33 34.29 34.26 34.21 34.17 34.13 34.10 34.07 34.03 34.00 33.97 33.96 33.93 33.91 33.88 33.86 33.84 33.83 33.81 33.80 33.79 33.78 33.77 33.76 33.76 33.75 33.75 33.74 33.74 33.74 33.74 33.74 33.74 33.75 33.74 33.74 33.75
34.57 34.55 34.54 34.53 34.52 34.51 34.50 34.50 34.49 34.48 34.47 34.46 34.46 34.45 34.44 34.44 34.43 34.43 34.43 34.42 34.42 34.41 34.41 34.40 34.40 34.39 34.39 34.38 34.38 34.38 34.38 34.37 34.36 34.36 34.35 34.34 34.34 34.33 34.32 34.32 34.31 34.30 34.29 34.25 34.21 34.17 34.13 34.10 34.06 34.02 33.99 33.97 33.94 33.91 33.89 33.86 33.84 33.83 33.81 33.80 33.78 33.77 33.76 33.74 33.74 33.73 33.72 33.71 33.71 33.71 33.71 33.70 33.70 33.71 33.71 33.71 33.72 33.72
34.54 34.52 34.51 34.50 34.50 34.48 34.47 34.46 34.45 34.44 34.44 34.42 34.42 34.42 34.40 34.40 34.40 34.39 34.39 34.38 34.38 34.37 34.36 34.35 34.35 34.35 34.35 34.34 34.34 34.33 34.33 34.32 34.31 34.31 34.30 34.30 34.29 34.28 34.28 34.27 34.26 34.26 34.25 34.23 34.20 34.17 34.13 34.09 34.05 34.01 33.99 33.95 33.92 33.90 33.87 33.85 33.83 33.81 33.79 33.77 33.76 33.74 33.73 33.72 33.71 33.70 33.69 33.68 33.68 33.67 33.67 33.67 33.67 33.67 33.67 33.67 33.68 33.68
34.51 34.50 34.49 34.48 34.47 34.45 34.44 34.43 34.42 34.41 34.41 34.39 34.39 34.38 34.37 34.36 34.35 34.35 34.35 34.33 34.33 34.32 34.32 34.32 34.31 34.30 34.30 34.29 34.29 34.28 34.28 34.27 34.27 34.26 34.25 34.25 34.24 34.24 34.23 34.22 34.22 34.21 34.20 34.19 34.18 34.16 34.12 34.08 34.05 34.01 33.98 33.94 33.91 33.89 33.86 33.83 33.81 33.79 33.77 33.75 33.73 33.72 33.71 33.70 33.69 33.68 33.67 33.66 33.65 33.65 33.65 33.64 33.64 33.64 33.64 33.64 33.65 33.64
