main/data/pressure/25.02.2023.grid
ncols 886
nrows 691
xllcenter 112.0000
yllcenter -44.5000
cellsize 0.0500
nodata_value 99999.90
[rows 68 to 101 of 691, columns 770 to 846 of 886]
34.48 34.49 34.50 34.51 34.52 34.53 34.54 34.55 34.55 34.56 34.57 34.58 34.59 34.60 34.60 34.61 34.62 34.62 34.63 34.64 34.65 34.65 34.66 34.67 34.68 34.68 34.68 34.69 34.68 34.68 34.68 34.67 34.68 34.67 34.67 34.67 34.67 34.67 34.67 34.67 34.67 34.67 34.67 34.67 34.67 34.67 34.67 34.67 34.68 34.67 34.68 34.69 34.69 34.70 34.69 34.69 34.70 34.70 34.71 34.71 34.72 34.72 34.72 34.74 34.74 34.75 34.75 34.76 34.77 34.77 34.78 34.79 34.79 34.80 34.81 34.81 34.83
34.48 34.49 34.50 34.52 34.53 34.54 34.55 34.55 34.56 34.57 34.58 34.59 34.58 34.59 34.60 34.61 34.62 34.62 34.63 34.64 34.65 34.65 34.65 34.66 34.66 34.67 34.68 34.68 34.68 34.68 34.67 34.67 34.68 34.67 34.67 34.67 34.67 34.67 34.66 34.67 34.66 34.66 34.67 34.66 34.67 34.66 34.67 34.66 34.67 34.67 34.67 34.67 34.68 34.68 34.68 34.68 34.69 34.69 34.70 34.70 34.70 34.71 34.71 34.72 34.72 34.72 34.74 34.74 34.75 34.75 34.76 34.77 34.77 34.78 34.79 34.80 34.80
34.49 34.50 34.51 34.53 34.54 34.54 34.54 34.55 34.56 34.57 34.58 34.59 34.59 34.60 34.61 34.61 34.61 34.62 34.63 34.64 34.64 34.64 34.65 34.65 34.66 34.67 34.67 34.67 34.68 34.67 34.67 34.68 34.67 34.67 34.67 34.66 34.66 34.66 34.66 34.65 34.65 34.66 34.65 34.66 34.65 34.65 34.65 34.66 34.65 34.66 34.65 34.66 34.66 34.66 34.66 34.67 34.67 34.68 34.68 34.69 34.69 34.70 34.70 34.70 34.71 34.71 34.72 34.72 34.73 34.74 34.74 34.74 34.76 34.76 34.76 34.78 34.78
34.51 34.52 34.53 34.54 34.55 34.55 34.55 34.56 34.57 34.58 34.59 34.59 34.59 34.60 34.61 34.62 34.61 34.62 34.63 34.63 34.63 34.64 34.65 34.65 34.66 34.66 34.66 34.67 34.68 34.67 34.68 34.67 34.67 34.67 34.66 34.66 34.66 34.65 34.66 34.65 34.65 34.64 34.65 34.65 34.64 34.65 34.64 34.65 34.64 34.65 34.64 34.65 34.65 34.65 34.65 34.66 34.66 34.66 34.66 34.66 34.67 34.67 34.67 34.68 34.68 34.70 34.70 34.70 34.71 34.71 34.73 34.73 34.73 34.74 34.75 34.75 34.77
34.52 34.53 34.54 34.55 34.55 34.56 34.56 34.57 34.58 34.59 34.59 34.59 34.60 34.61 34.60 34.61 34.62 34.62 34.62 34.63 34.63 34.64 34.64 34.65 34.65 34.65 34.66 34.66 34.66 34.67 34.68 34.67 34.67 34.67 34.66 34.66 34.65 34.65 34.65 34.64 34.65 34.64 34.64 34.63 34.64 34.63 34.64 34.63 34.63 34.63 34.64 34.63 34.64 34.63 34.64 34.64 34.65 34.64 34.65 34.65 34.65 34.66 34.66 34.67 34.67 34.67 34.68 34.68 34.70 34.70 34.70 34.71 34.72 34.72 34.73 34.74 34.74
34.54 34.54 34.55 34.55 34.56 34.57 34.58 34.58 34.59 34.59 34.59 34.60 34.61 34.61 34.61 34.62 34.62 34.63 34.62 34.63 34.64 34.63 34.64 34.64 34.65 34.65 34.65 34.66 34.66 34.66 34.66 34.67 34.67 34.66 34.66 34.65 34.65 34.65 34.64 34.64 34.63 34.63 34.63 34.63 34.62 34.62 34.62 34.62 34.63 34.62 34.62 34.62 34.62 34.62 34.62 34.63 34.62 34.63 34.63 34.64 34.64 34.64 34.65 34.65 34.66 34.66 34.67 34.67 34.67 34.68 34.68 34.69 34.70 34.70 34.71 34.72 34.72
34.55 34.56 34.56 34.57 34.57 34.58 34.59 34.60 34.60 34.60 34.60 34.61 34.62 34.61 34.62 34.62 34.63 34.62 34.63 34.63 34.63 34.63 34.64 34.64 34.64 34.64 34.65 34.65 34.65 34.66 34.65 34.66 34.66 34.66 34.66 34.65 34.65 34.64 34.64 34.63 34.63 34.63 34.62 34.62 34.62 34.62 34.61 34.61 34.61 34.61 34.61 34.61 34.61 34.61 34.61 34.62 34.61 34.62 34.62 34.62 34.62 34.62 34.63 34.63 34.63 34.64 34.64 34.65 34.65 34.66 34.67 34.67 34.67 34.69 34.69 34.69 34.71
34.57 34.58 34.58 34.58 34.59 34.60 34.60 34.60 34.60 34.61 34.62 34.62 34.62 34.62 34.62 34.63 34.62 34.63 34.63 34.64 34.63 34.63 34.64 34.63 34.64 34.64 34.64 34.64 34.65 34.64 34.65 34.65 34.65 34.66 34.65 34.65 34.65 34.63 34.63 34.62 34.62 34.62 34.62 34.61 34.61 34.60 34.60 34.60 34.60 34.60 34.60 34.59 34.60 34.59 34.60 34.59 34.60 34.60 34.60 34.60 34.60 34.61 34.61 34.62 34.62 34.62 34.63 34.63 34.64 34.64 34.64 34.65 34.66 34.66 34.67 34.68 34.68
34.58 34.59 34.59 34.60 34.61 34.61 34.62 34.61 34.62 34.62 34.63 34.62 34.63 34.63 34.63 34.64 34.63 34.63 34.64 34.63 34.63 34.64 34.63 34.63 34.64 34.63 34.64 34.64 34.63 34.64 34.64 34.64 34.64 34.65 34.64 34.64 34.63 34.63 34.62 34.62 34.62 34.61 34.61 34.60 34.60 34.59 34.60 34.59 34.59 34.58 34.59 34.58 34.59 34.58 34.58 34.58 34.58 34.59 34.58 34.59 34.59 34.59 34.59 34.59 34.60 34.60 34.60 34.61 34.61 34.62 34.63 34.63 34.64 34.64 34.65 34.66 34.66
34.60 34.61 34.61 34.62 34.62 34.63 34.62 34.63 34.63 34.64 34.64 34.63 34.64 34.64 34.64 34.64 34.64 34.64 34.63 34.64 34.64 34.64 34.63 34.64 34.64 34.63 34.63 34.64 34.63 34.63 34.64 34.63 34.64 34.63 34.64 34.63 34.63 34.63 34.62 34.62 34.61 34.61 34.60 34.60 34.59 34.59 34.58 34.58 34.57 34.58 34.57 34.57 34.57 34.57 34.57 34.57 34.57 34.57 34.57 34.57 34.57 34.57 34.58 34.58 34.58 34.59 34.59 34.60 34.60 34.60 34.61 34.61 34.61 34.63 34.63 34.63 34.64
34.62 34.63 34.63 34.64 34.64 34.64 34.64 34.65 34.65 34.65 34.64 34.65 34.65 34.65 34.65 34.64 34.65 34.65 34.64 34.64 34.64 34.63 34.64 34.64 34.64 34.63 34.63 34.63 34.63 34.63 34.62 34.63 34.62 34.62 34.63 34.62 34.63 34.62 34.62 34.60 34.60 34.60 34.59 34.59 34.58 34.58 34.57 34.57 34.56 34.57 34.56 34.56 34.56 34.55 34.55 34.55 34.55 34.55 34.56 34.55 34.55 34.56 34.56 34.56 34.56 34.56 34.57 34.57 34.58 34.58 34.58 34.60 34.60 34.60 34.61 34.61 34.62
34.65 34.65 34.66 34.66 34.65 34.66 34.66 34.66 34.67 34.67 34.66 34.66 34.66 34.65 34.65 34.66 34.66 34.65 34.65 34.65 34.65 34.64 34.64 34.64 34.63 34.63 34.63 34.62 34.63 34.62 34.62 34.62 34.61 34.62 34.62 34.61 34.62 34.61 34.61 34.60 34.60 34.59 34.58 34.57 34.57 34.56 34.56 34.55 34.56 34.55 34.55 34.54 34.55 34.54 34.54 34.54 34.53 34.54 34.53 34.54 34.54 34.54 34.54 34.54 34.55 34.55 34.55 34.56 34.56 34.57 34.57 34.57 34.58 34.58 34.58 34.60 34.60
34.67 34.68 34.68 34.67 34.68 34.68 34.68 34.68 34.68 34.67 34.68 34.68 34.68 34.67 34.67 34.67 34.67 34.66 34.66 34.65 34.64 34.64 34.64 34.63 34.63 34.63 34.62 34.62 34.62 34.61 34.62 34.62 34.61 34.61 34.60 34.61 34.60 34.60 34.60 34.59 34.59 34.58 34.58 34.57 34.57 34.56 34.56 34.55 34.55 34.54 34.54 34.53 34.53 34.53 34.52 34.53 34.52 34.53 34.52 34.53 34.52 34.52 34.53 34.53 34.52 34.53 34.53 34.53 34.54 34.54 34.55 34.55 34.55 34.56 34.57 34.57 34.58
34.70 34.70 34.70 34.70 34.70 34.70 34.70 34.70 34.69 34.69 34.69 34.69 34.69 34.68 34.68 34.68 34.67 34.67 34.66 34.65 34.65 34.65 34.65 34.64 34.64 34.62 34.62 34.62 34.61 34.61 34.61 34.60 34.60 34.59 34.60 34.60 34.59 34.59 34.59 34.59 34.58 34.57 34.56 34.56 34.55 34.55 34.54 34.54 34.53 34.53 34.52 34.52 34.51 34.52 34.51 34.51 34.51 34.50 34.51 34.50 34.51 34.51 34.50 34.51 34.51 34.51 34.52 34.52 34.51 34.52 34.53 34.53 34.54 34.54 34.54 34.55 34.56
34.72 34.73 34.72 34.72 34.72 34.72 34.72 34.72 34.71 34.71 34.71 34.71 34.70 34.70 34.69 34.69 34.68 34.68 34.67 34.66 34.66 34.66 34.64 34.64 34.64 34.63 34.62 34.62 34.61 34.61 34.60 34.60 34.60 34.59 34.59 34.58 34.58 34.58 34.58 34.58 34.57 34.57 34.56 34.55 34.54 34.54 34.53 34.53 34.52 34.51 34.51 34.50 34.50 34.50 34.50 34.49 34.50 34.49 34.48 34.49 34.49 34.49 34.49 34.49 34.49 34.49 34.49 34.50 34.50 34.51 34.51 34.51 34.51 34.52 34.52 34.53 34.54
34.75 34.74 34.74 34.75 34.75 34.75 34.74 34.73 34.73 34.73 34.73 34.72 34.71 34.71 34.71 34.69 34.69 34.69 34.67 34.67 34.67 34.65 34.65 34.65 34.64 34.63 34.63 34.61 34.61 34.61 34.60 34.59 34.58 34.58 34.58 34.57 34.57 34.56 34.57 34.56 34.56 34.55 34.55 34.54 34.53 34.52 34.52 34.51 34.51 34.50 34.50 34.49 34.49 34.48 34.49 34.48 34.47 34.48 34.47 34.47 34.47 34.47 34.47 34.47 34.47 34.48 34.47 34.48 34.48 34.48 34.49 34.49 34.49 34.49 34.51 34.51 34.51
34.77 34.77 34.77 34.77 34.77 34.77 34.76 34.76 34.75 34.75 34.74 34.73 34.73 34.73 34.72 34.71 34.70 34.70 34.68 34.68 34.67 34.66 34.65 34.65 34.64 34.63 34.63 34.61 34.61 34.60 34.59 34.59 34.58 34.58 34.57 34.57 34.55 34.55 34.55 34.55 34.55 34.54 34.54 34.53 34.53 34.51 34.51 34.50 34.49 34.49 34.48 34.48 34.47 34.47 34.46 34.47 34.46 34.45 34.46 34.45 34.46 34.45 34.45 34.46 34.45 34.46 34.46 34.46 34.47 34.47 34.47 34.47 34.48 34.48 34.48 34.49 34.49
34.80 34.80 34.80 34.80 34.80 34.78 34.78 34.78 34.78 34.77 34.76 34.75 34.75 34.74 34.73 34.72 34.72 34.70 34.70 34.69 34.67 34.67 34.66 34.65 34.64 34.63 34.62 34.61 34.61 34.60 34.59 34.58 34.57 34.56 34.56 34.56 34.55 34.55 34.54 34.54 34.53 34.53 34.52 34.52 34.51 34.50 34.49 34.49 34.48 34.48 34.47 34.47 34.46 34.45 34.45 34.44 34.45 34.44 34.43 34.44 34.43 34.44 34.43 34.43 34.44 34.43 34.43 34.44 34.44 34.45 34.45 34.45 34.46 34.46 34.46 34.46 34.47
34.82 34.83 34.83 34.83 34.82 34.81 34.81 34.80 34.80 34.78 34.78 34.77 34.77 34.75 34.74 34.74 34.73 34.71 34.71 34.70 34.68 34.68 34.67 34.65 34.64 34.63 34.62 34.62 34.60 34.59 34.59 34.57 34.57 34.56 34.55 34.54 34.54 34.53 34.53 34.52 34.51 34.52 34.51 34.51 34.50 34.49 34.48 34.47 34.47 34.46 34.45 34.44 34.44 34.44 34.44 34.43 34.42 34.42 34.42 34.42 34.42 34.41 34.42 34.41 34.41 34.42 34.42 34.42 34.42 34.42 34.43 34.43 34.43 34.43 34.44 34.44 34.45
34.80 34.83 34.85 34.85 34.84 34.84 34.83 34.83 34.82 34.81 34.80 34.79 34.78 34.77 34.76 34.75 34.73 34.73 34.72 34.70 34.69 34.68 34.67 34.66 34.65 34.63 34.62 34.62 34.60 34.59 34.58 34.57 34.56 34.55 34.55 34.53 34.53 34.52 34.52 34.50 34.50 34.49 34.49 34.48 34.48 34.47 34.47 34.46 34.45 34.44 34.44 34.43 34.42 34.42 34.41 34.41 34.41 34.41 34.40 34.40 34.40 34.40 34.39 34.40 34.39 34.40 34.40 34.40 34.40 34.40 34.40 34.40 34.41 34.41 34.41 34.43 34.43
34.77 34.80 34.82 34.85 34.86 34.86 34.86 34.85 34.84 34.83 34.82 34.81 34.80 34.79 34.78 34.76 34.75 34.74 34.73 34.71 34.70 34.69 34.67 34.66 34.65 34.64 34.63 34.61 34.60 34.59 34.58 34.57 34.55 34.55 34.53 34.53 34.51 34.51 34.50 34.49 34.49 34.48 34.48 34.47 34.46 34.46 34.46 34.44 34.43 34.43 34.42 34.42 34.41 34.41 34.40 34.39 34.39 34.38 34.39 34.38 34.38 34.38 34.38 34.37 34.38 34.37 34.38 34.38 34.38 34.39 34.39 34.38 34.38 34.40 34.40 34.40 34.41
34.73 34.76 34.78 34.81 34.83 34.86 34.87 34.86 34.86 34.85 34.84 34.83 34.81 34.80 34.79 34.77 34.76 34.75 34.73 34.72 34.71 34.69 34.68 34.67 34.65 34.64 34.63 34.61 34.60 34.58 34.57 34.57 34.55 34.54 34.52 34.52 34.50 34.50 34.48 34.48 34.47 34.47 34.46 34.45 34.45 34.45 34.43 34.43 34.42 34.42 34.41 34.39 34.39 34.38 34.38 34.37 34.38 34.37 34.36 34.36 34.36 34.35 34.36 34.35 34.35 34.36 34.35 34.35 34.36 34.36 34.36 34.37 34.37 34.37 34.38 34.38 34.38
34.70 34.72 34.74 34.77 34.80 34.82 34.85 34.86 34.87 34.87 34.87 34.85 34.83 34.82 34.80 34.79 34.78 34.77 34.75 34.73 34.72 34.70 34.69 34.67 34.65 34.64 34.62 34.61 34.60 34.58 34.57 34.55 34.54 34.53 34.52 34.51 34.49 34.49 34.47 34.47 34.46 34.45 34.44 34.44 34.43 34.42 34.42 34.41 34.41 34.39 34.39 34.38 34.38 34.37 34.36 34.36 34.35 34.35 34.34 34.34 34.34 34.34 34.33 34.34 34.33 34.33 34.34 34.33 34.33 34.34 34.34 34.34 34.35 34.35 34.35 34.35 34.36
34.66 34.69 34.70 34.73 34.76 34.79 34.80 34.83 34.86 34.88 34.88 34.87 34.85 34.84 34.82 34.81 34.79 34.77 34.76 34.74 34.72 34.71 34.70 34.67 34.66 34.65 34.62 34.61 34.59 34.58 34.56 34.55 34.54 34.52 34.51 34.49 34.49 34.47 34.46 34.45 34.44 34.43 34.43 34.41 34.41 34.40 34.40 34.39 34.39 34.38 34.37 34.36 34.35 34.35 34.34 34.33 34.33 34.33 34.33 34.32 34.31 34.32 34.31 34.31 34.31 34.31 34.31 34.31 34.31 34.31 34.32 34.32 34.32 34.33 34.33 34.33 34.33
34.62 34.64 34.67 34.69 34.72 34.74 34.77 34.79 34.82 34.85 34.86 34.88 34.87 34.85 34.84 34.82 34.80 34.78 34.77 34.76 34.73 34.72 34.70 34.68 34.66 34.64 34.63 34.60 34.59 34.58 34.56 34.55 34.52 34.51 34.49 34.49 34.47 34.46 34.45 34.44 34.43 34.42 34.40 34.40 34.40 34.39 34.37 34.37 34.36 34.36 34.35 34.35 34.34 34.33 34.33 34.32 34.32 34.31 34.30 34.30 34.30 34.29 34.29 34.29 34.30 34.29 34.29 34.29 34.29 34.29 34.29 34.30 34.30 34.30 34.30 34.31 34.31
34.57 34.60 34.63 34.66 34.68 34.70 34.73 34.76 34.78 34.80 34.83 34.85 34.87 34.86 34.85 34.84 34.81 34.80 34.78 34.76 34.74 34.73 34.70 34.68 34.67 34.64 34.63 34.60 34.59 34.58 34.55 34.54 34.52 34.51 34.49 34.48 34.46 34.45 34.43 34.42 34.41 34.40 34.39 34.38 34.37 34.37 34.36 34.36 34.35 34.33 34.33 34.32 34.32 34.31 34.30 34.30 34.29 34.29 34.28 34.27 34.28 34.27 34.27 34.27 34.27 34.26 34.27 34.27 34.26 34.27 34.27 34.27 34.28 34.28 34.28 34.28 34.29
34.53 34.56 34.59 34.62 34.63 34.66 34.69 34.72 34.74 34.76 34.79 34.82 34.83 34.85 34.86 34.85 34.83 34.81 34.80 34.77 34.75 34.72 34.71 34.69 34.66 34.65 34.62 34.61 34.59 34.57 34.55 34.53 34.51 34.49 34.48 34.47 34.45 34.44 34.42 34.41 34.39 34.39 34.37 34.37 34.35 34.34 34.34 34.33 34.33 34.32 34.31 34.30 34.29 34.29 34.28 34.28 34.27 34.26 34.26 34.26 34.25 34.25 34.25 34.24 34.25 34.24 34.24 34.25 34.24 34.24 34.25 34.25 34.25 34.26 34.26 34.26 34.26
34.49 34.52 34.55 34.58 34.60 34.62 34.65 34.68 34.70 34.72 34.75 34.78 34.79 34.82 34.85 34.85 34.84 34.83 34.80 34.78 34.76 34.73 34.71 34.70 34.67 34.65 34.62 34.61 34.58 34.56 34.55 34.52 34.51 34.49 34.47 34.45 34.44 34.42 34.41 34.39 34.38 34.36 34.36 34.34 34.34 34.32 34.32 34.31 34.30 34.30 34.29 34.28 34.27 34.26 34.26 34.25 34.25 34.24 34.23 34.24 34.23 34.22 34.23 34.22 34.22 34.22 34.22 34.22 34.22 34.22 34.22 34.23 34.23 34.23 34.23 34.24 34.24
34.45 34.48 34.51 34.54 34.56 34.58 34.61 34.64 34.66 34.68 34.71 34.73 34.76 34.78 34.80 34.83 34.84 34.83 34.81 34.79 34.76 34.74 34.72 34.69 34.67 34.65 34.62 34.61 34.58 34.56 34.54 34.52 34.50 34.48 34.46 34.44 34.43 34.41 34.40 34.38 34.37 34.35 34.33 34.32 34.31 34.30 34.29 34.29 34.27 34.27 34.26 34.25 34.25 34.24 34.24 34.23 34.22 34.22 34.21 34.20 34.21 34.20 34.20 34.20 34.20 34.19 34.20 34.20 34.19 34.20 34.20 34.20 34.20 34.21 34.21 34.21 34.22
34.41 34.44 34.47 34.49 34.52 34.54 34.57 34.59 34.62 34.64 34.67 34.69 34.72 34.74 34.76 34.79 34.81 34.82 34.82 34.80 34.77 34.75 34.73 34.70 34.68 34.65 34.63 34.60 34.58 34.56 34.53 34.51 34.49 34.47 34.45 34.43 34.41 34.40 34.37 34.36 34.34 34.33 34.31 34.31 34.29 34.28 34.27 34.26 34.25 34.24 34.24 34.23 34.23 34.22 34.21 34.21 34.20 34.19 34.19 34.18 34.18 34.18 34.17 34.17 34.17 34.17 34.17 34.17 34.17 34.17 34.18 34.18 34.18 34.18 34.19 34.19 34.19
34.37 34.40 34.42 34.45 34.48 34.50 34.53 34.55 34.58 34.60 34.62 34.65 34.68 34.70 34.72 34.75 34.77 34.79 34.81 34.80 34.78 34.75 34.72 34.70 34.67 34.65 34.63 34.60 34.58 34.55 34.53 34.51 34.48 34.46 34.44 34.42 34.40 34.38 34.36 34.35 34.33 34.32 34.30 34.28 34.27 34.26 34.25 34.24 34.23 34.22 34.21 34.21 34.20 34.20 34.19 34.18 34.18 34.17 34.16 34.16 34.15 34.15 34.15 34.15 34.14 34.15 34.14 34.14 34.15 34.15 34.15 34.15 34.15 34.15 34.15 34.17 34.17
34.33 34.35 34.38 34.41 34.44 34.46 34.48 34.51 34.54 34.55 34.58 34.61 34.64 34.65 34.68 34.71 34.73 34.75 34.78 34.79 34.78 34.76 34.73 34.70 34.67 34.65 34.62 34.59 34.57 34.54 34.52 34.49 34.47 34.45 34.43 34.40 34.39 34.36 34.35 34.32 34.31 34.29 34.28 34.26 34.25 34.24 34.22 34.21 34.20 34.20 34.18 34.17 34.17 34.16 34.16 34.15 34.14 34.14 34.14 34.13 34.13 34.12 34.12 34.12 34.12 34.11 34.12 34.12 34.12 34.12 34.12 34.12 34.12 34.13 34.13 34.13 34.13
34.29 34.31 34.34 34.37 34.39 34.41 34.44 34.47 34.50 34.51 34.54 34.57 34.60 34.61 34.64 34.67 34.69 34.71 34.73 34.76 34.77 34.75 34.73 34.71 34.67 34.65 34.61 34.59 34.56 34.54 34.51 34.49 34.47 34.44 34.42 34.39 34.37 34.35 34.33 34.31 34.30 34.27 34.25 34.24 34.22 34.21 34.20 34.19 34.18 34.16 34.16 34.15 34.15 34.14 34.13 34.13 34.12 34.11 34.11 34.10 34.10 34.10 34.09 34.09 34.09 34.09 34.09 34.09 34.09 34.09 34.10 34.10 34.10 34.10 34.10 34.11 34.11
34.24 34.27 34.30 34.33 34.35 34.37 34.40 34.43 34.46 34.47 34.50 34.53 34.55 34.57 34.60 34.62 34.65 34.67 34.69 34.72 34.73 34.75 34.73 34.70 34.67 34.65 34.61 34.59 34.56 34.53 34.50 34.48 34.45 34.43 34.40 34.38 34.35 34.33 34.31 34.29 34.27 34.26 34.23 34.22 34.20 34.18 34.18 34.16 34.15 34.14 34.13 34.12 34.11 34.11 34.10 34.09 34.09 34.08 34.08 34.08 34.07 34.07 34.07 34.06 34.06 34.07 34.06 34.06 34.07 34.07 34.07 34.07 34.07 34.08 34.08 34.08 34.09
