main/data/pressure/25.02.2023.grid
ncols 886
nrows 691
xllcenter 112.0000
yllcenter -44.5000
cellsize 0.0500
nodata_value 99999.90
[rows 170 to 203 of 691, columns 385 to 461 of 886]
26.43 26.46 26.58 26.77 26.89 27.00 27.16 27.37 27.41 27.29 27.33 27.48 27.61 27.60 27.59 27.60 27.65 27.62 27.59 27.59 27.75 27.75 27.67 27.76 27.87 27.87 27.79 27.79 27.86 27.97 28.07 28.15 28.18 28.15 28.10 28.09 28.13 28.13 28.26 28.37 28.43 28.48 28.51 28.53 28.54 28.52 28.46 28.36 28.27 28.18 28.03 27.97 28.01 28.07 27.98 28.00 28.08 28.14 28.18 28.19 28.19 28.16 28.13 28.10 28.08 28.09 28.06 27.98 27.98 27.97 27.94 27.92 27.90 27.86 27.84 27.80 27.77
26.51 26.45 26.58 26.83 27.02 27.09 27.18 27.32 27.44 27.33 27.39 27.51 27.59 27.53 27.52 27.50 27.54 27.54 27.54 27.58 27.72 27.71 27.65 27.66 27.80 27.87 27.83 27.83 27.83 27.84 27.99 28.10 28.12 28.12 28.12 28.10 28.08 28.11 28.21 28.28 28.27 28.29 28.38 28.41 28.39 28.38 28.36 28.34 28.32 28.18 28.11 28.09 28.06 27.85 27.82 27.87 27.96 28.02 28.08 28.12 28.13 28.12 28.11 28.09 28.06 28.04 28.07 28.00 27.98 27.95 27.94 27.91 27.87 27.85 27.81 27.78 27.77
26.46 26.46 26.66 26.88 27.03 27.06 27.15 27.24 27.34 27.44 27.51 27.55 27.58 27.55 27.51 27.49 27.48 27.48 27.49 27.53 27.63 27.71 27.70 27.71 27.78 27.81 27.81 27.79 27.77 27.77 27.89 28.00 28.07 28.08 27.98 28.06 28.05 28.01 28.13 28.19 28.14 28.10 28.25 28.27 28.10 28.15 28.20 28.23 28.21 28.17 28.09 28.05 28.03 28.00 27.85 27.84 27.84 27.92 28.02 28.09 28.08 28.09 28.07 28.04 28.00 27.99 27.97 27.98 27.98 27.95 27.92 27.90 27.86 27.82 27.80 27.77 27.75
26.48 26.53 26.75 26.93 26.98 26.96 27.05 27.13 27.21 27.31 27.41 27.46 27.53 27.53 27.51 27.48 27.46 27.44 27.44 27.45 27.52 27.64 27.70 27.73 27.75 27.74 27.73 27.72 27.73 27.74 27.83 27.96 28.01 28.02 28.00 28.06 28.07 28.08 28.12 28.12 28.08 28.09 28.18 28.16 27.96 27.97 28.06 28.10 28.09 28.07 28.00 27.89 27.91 27.90 27.83 27.75 27.62 27.84 27.99 28.02 28.02 28.04 28.02 28.00 27.95 27.95 27.93 27.91 27.92 27.91 27.89 27.87 27.85 27.80 27.78 27.76 27.73
26.58 26.67 26.81 26.93 26.93 26.94 27.03 27.11 27.18 27.26 27.36 27.44 27.49 27.50 27.49 27.48 27.46 27.44 27.44 27.43 27.47 27.56 27.63 27.68 27.69 27.64 27.64 27.67 27.71 27.74 27.84 27.93 27.95 27.98 27.98 27.98 28.03 28.07 28.08 28.06 28.03 28.05 28.11 28.10 28.05 28.10 27.99 27.96 27.95 27.92 27.87 27.84 27.83 27.81 27.78 27.66 27.44 27.94 27.88 27.91 27.96 27.97 27.98 27.97 27.95 27.93 27.93 27.90 27.88 27.87 27.86 27.84 27.83 27.79 27.76 27.74 27.70
26.67 26.75 26.84 26.89 26.87 26.90 27.01 27.11 27.16 27.23 27.33 27.42 27.44 27.44 27.46 27.47 27.47 27.46 27.44 27.42 27.44 27.49 27.57 27.65 27.65 27.59 27.57 27.63 27.71 27.76 27.84 27.89 27.89 27.93 27.89 27.85 27.95 28.01 28.03 28.01 27.98 27.98 28.03 28.05 28.05 28.01 27.92 27.81 27.83 27.80 27.73 27.81 27.74 27.72 27.72 27.75 27.90 27.75 27.74 27.89 27.93 27.95 27.96 27.97 27.96 27.93 27.89 27.90 27.86 27.84 27.83 27.83 27.80 27.76 27.73 27.71 27.67
26.69 26.77 26.83 26.88 26.84 26.87 26.99 27.06 27.10 27.18 27.28 27.36 27.37 27.36 27.39 27.43 27.46 27.46 27.42 27.44 27.45 27.48 27.55 27.62 27.62 27.58 27.54 27.58 27.68 27.76 27.81 27.79 27.84 27.89 27.83 27.77 27.83 27.92 27.99 27.97 27.91 27.88 27.93 27.99 27.99 27.93 27.86 27.80 27.76 27.71 27.64 27.61 27.59 27.64 27.69 27.74 27.79 27.79 27.86 27.90 27.92 27.94 27.95 27.95 27.94 27.91 27.88 27.88 27.87 27.85 27.83 27.81 27.80 27.74 27.70 27.69 27.65
26.68 26.75 26.80 26.85 26.80 26.82 26.96 27.03 27.03 27.09 27.24 27.30 27.28 27.25 27.30 27.36 27.43 27.46 27.45 27.49 27.50 27.49 27.53 27.58 27.55 27.54 27.52 27.56 27.66 27.72 27.73 27.71 27.80 27.84 27.78 27.74 27.76 27.84 27.94 27.93 27.84 27.76 27.85 27.92 27.92 27.90 27.83 27.77 27.70 27.66 27.60 27.52 27.49 27.54 27.64 27.71 27.73 27.76 27.80 27.86 27.90 27.93 27.94 27.93 27.92 27.89 27.84 27.84 27.85 27.85 27.83 27.80 27.77 27.74 27.70 27.67 27.63
26.64 26.68 26.76 26.81 26.80 26.82 26.87 26.92 26.98 27.07 27.15 27.19 27.19 27.17 27.23 27.28 27.38 27.42 27.45 27.46 27.50 27.49 27.50 27.48 27.43 27.37 27.41 27.54 27.60 27.57 27.57 27.64 27.76 27.81 27.80 27.78 27.75 27.79 27.87 27.87 27.80 27.76 27.81 27.87 27.87 27.88 27.80 27.70 27.65 27.62 27.60 27.55 27.45 27.41 27.60 27.70 27.73 27.78 27.81 27.86 27.89 27.92 27.94 27.91 27.91 27.88 27.86 27.86 27.86 27.85 27.82 27.78 27.74 27.70 27.67 27.64 27.61
26.59 26.61 26.72 26.78 26.80 26.81 26.78 26.82 26.94 27.02 27.07 27.11 27.11 27.10 27.20 27.29 27.34 27.36 27.38 27.41 27.46 27.48 27.46 27.41 27.32 27.21 27.28 27.51 27.50 27.42 27.46 27.57 27.74 27.76 27.78 27.74 27.72 27.75 27.80 27.81 27.78 27.75 27.79 27.83 27.81 27.82 27.78 27.65 27.63 27.60 27.62 27.61 27.51 27.43 27.57 27.58 27.52 27.30 27.74 27.82 27.90 27.89 27.91 27.90 27.90 27.87 27.87 27.89 27.87 27.82 27.81 27.74 27.70 27.67 27.64 27.61 27.57
26.52 26.58 26.69 26.75 26.75 26.79 26.76 26.78 26.87 26.95 26.99 27.04 27.08 27.12 27.20 27.27 27.31 27.32 27.34 27.39 27.43 27.46 27.43 27.36 27.29 27.25 27.29 27.41 27.36 27.39 27.48 27.57 27.67 27.72 27.73 27.66 27.67 27.71 27.72 27.73 27.77 27.76 27.74 27.72 27.70 27.70 27.75 27.76 27.71 27.67 27.67 27.67 27.64 27.60 27.59 27.52 27.59 27.62 27.79 27.82 27.87 27.90 27.91 27.90 27.82 27.74 27.87 27.90 27.86 27.83 27.79 27.71 27.65 27.62 27.60 27.58 27.54
26.43 26.54 26.68 26.71 26.66 26.67 26.70 26.74 26.83 26.90 26.94 27.00 27.06 27.14 27.17 27.24 27.28 27.30 27.32 27.35 27.39 27.43 27.40 27.32 27.26 27.26 27.25 27.29 27.30 27.43 27.56 27.63 27.67 27.69 27.67 27.61 27.63 27.65 27.62 27.63 27.69 27.72 27.70 27.66 27.63 27.58 27.51 27.66 27.73 27.72 27.71 27.71 27.70 27.67 27.58 27.45 27.65 27.69 27.78 27.71 27.80 27.87 27.90 27.88 27.83 27.82 27.92 27.78 27.75 27.82 27.78 27.69 27.63 27.57 27.56 27.56 27.46
26.31 26.49 26.66 26.70 26.66 26.64 26.64 26.70 26.80 26.89 26.96 27.02 27.03 27.04 27.11 27.19 27.24 27.27 27.31 27.35 27.37 27.39 27.36 27.28 27.21 27.17 27.18 27.25 27.34 27.47 27.58 27.60 27.62 27.61 27.58 27.52 27.57 27.61 27.51 27.49 27.57 27.64 27.66 27.65 27.61 27.52 27.39 27.57 27.70 27.71 27.70 27.70 27.68 27.65 27.52 27.36 27.50 27.53 27.32 27.58 27.70 27.79 27.84 27.86 27.87 27.88 27.88 27.28 27.55 27.81 27.78 27.70 27.62 27.56 27.54 27.51 27.42
26.29 26.48 26.64 26.65 26.63 26.62 26.61 26.68 26.79 26.89 26.97 27.02 27.03 27.01 27.08 27.17 27.22 27.25 27.27 27.29 27.30 27.33 27.31 27.23 27.14 27.11 27.12 27.20 27.33 27.48 27.54 27.55 27.56 27.53 27.49 27.43 27.44 27.51 27.39 27.40 27.46 27.54 27.61 27.63 27.59 27.49 27.35 27.55 27.66 27.66 27.61 27.61 27.56 27.57 27.48 27.33 27.35 27.36 27.40 27.65 27.67 27.72 27.75 27.78 27.82 27.85 27.80 27.20 27.50 27.78 27.75 27.69 27.59 27.52 27.50 27.47 27.39
26.40 26.52 26.60 26.59 26.58 26.64 26.64 26.72 26.79 26.84 26.94 26.99 27.04 27.06 27.09 27.14 27.18 27.18 27.19 27.19 27.20 27.23 27.23 27.15 27.05 27.09 27.12 27.15 27.32 27.46 27.51 27.51 27.48 27.43 27.38 27.33 27.32 27.37 27.40 27.37 27.39 27.46 27.54 27.59 27.54 27.41 27.34 27.46 27.58 27.62 27.49 27.33 27.38 27.41 27.36 27.25 27.17 27.13 27.33 27.57 27.61 27.60 27.61 27.65 27.69 27.79 27.77 27.61 27.65 27.74 27.74 27.67 27.57 27.50 27.49 27.44 27.33
26.44 26.52 26.55 26.51 26.52 26.66 26.65 26.80 26.84 26.84 26.92 26.98 27.02 27.05 27.09 27.13 27.12 27.10 27.12 27.09 27.06 27.12 27.14 27.07 27.06 27.08 27.13 27.23 27.38 27.43 27.43 27.46 27.42 27.36 27.29 27.26 27.23 27.22 27.28 27.28 27.30 27.36 27.47 27.53 27.52 27.42 27.36 27.43 27.52 27.56 27.46 27.31 27.28 27.28 27.23 27.18 26.91 26.94 27.23 27.37 27.50 27.41 27.44 27.49 27.50 27.63 27.73 27.75 27.74 27.75 27.69 27.64 27.55 27.45 27.46 27.36 27.26
26.46 26.54 26.57 26.56 26.61 26.70 26.77 26.83 26.85 26.85 26.92 26.97 27.01 27.03 27.07 27.08 27.02 26.96 27.00 26.99 26.92 26.98 27.03 27.07 27.12 27.16 27.26 27.37 27.39 27.36 27.35 27.40 27.38 27.34 27.28 27.22 27.13 27.13 27.15 27.18 27.23 27.33 27.40 27.47 27.47 27.42 27.44 27.49 27.51 27.48 27.42 27.34 27.26 27.20 27.12 27.02 26.82 26.99 27.18 27.40 27.32 27.12 27.27 27.36 27.45 27.53 27.61 27.67 27.69 27.67 27.59 27.61 27.52 27.46 27.39 27.34 27.28
26.58 26.62 26.67 26.66 26.69 26.75 26.80 26.84 26.84 26.84 26.88 26.92 26.96 26.99 27.03 27.05 26.95 26.79 26.88 26.91 26.88 26.89 26.96 27.07 27.17 27.25 27.31 27.33 27.33 27.30 27.28 27.33 27.35 27.31 27.26 27.20 27.11 27.10 27.11 27.11 27.22 27.33 27.38 27.46 27.49 27.48 27.52 27.54 27.48 27.34 27.27 27.21 27.17 27.15 27.07 27.08 27.19 27.24 27.22 27.28 27.22 27.11 27.17 27.20 27.42 27.45 27.48 27.54 27.57 27.60 27.52 27.54 27.45 27.39 27.38 27.27 27.22
26.60 26.63 26.67 26.69 26.72 26.76 26.78 26.80 26.83 26.83 26.85 26.88 26.92 26.94 26.97 27.01 26.96 26.89 26.87 26.85 26.82 26.85 26.92 27.01 27.11 27.21 27.27 27.29 27.29 27.25 27.21 27.28 27.30 27.29 27.27 27.24 27.22 27.21 27.19 27.26 27.27 27.34 27.42 27.50 27.56 27.60 27.62 27.57 27.49 27.38 27.30 27.25 27.24 27.22 27.18 27.16 26.98 26.87 27.12 27.11 27.14 27.09 27.08 27.09 27.20 27.30 27.39 27.45 27.47 27.49 27.48 27.46 27.43 27.39 27.31 27.20 27.16
26.58 26.60 26.64 26.67 26.70 26.72 26.74 26.75 26.79 26.82 26.81 26.82 26.86 26.86 26.85 26.91 26.97 26.97 26.89 26.80 26.76 26.81 26.89 26.97 27.06 27.16 27.22 27.24 27.26 27.24 27.17 27.28 27.28 27.28 27.28 27.27 27.29 27.29 27.29 27.31 27.34 27.38 27.45 27.53 27.59 27.65 27.62 27.57 27.50 27.42 27.35 27.30 27.26 27.11 26.96 26.77 26.80 26.73 26.87 26.96 26.94 26.96 26.96 27.06 27.17 27.24 27.31 27.34 27.38 27.40 27.41 27.42 27.39 27.34 27.23 27.09 27.12
26.56 26.56 26.57 26.61 26.64 26.67 26.70 26.72 26.76 26.79 26.78 26.78 26.77 26.73 26.69 26.76 26.84 26.88 26.84 26.75 26.71 26.76 26.85 26.94 27.04 27.12 27.16 27.18 27.21 27.21 27.23 27.25 27.26 27.28 27.27 27.28 27.29 27.30 27.32 27.35 27.39 27.42 27.45 27.50 27.57 27.59 27.61 27.56 27.49 27.41 27.34 27.26 27.14 26.91 26.76 26.69 26.67 26.54 26.62 26.70 26.81 26.73 26.68 26.97 27.10 27.16 27.22 27.24 27.30 27.31 27.35 27.37 27.34 27.26 27.17 27.11 27.09
26.49 26.49 26.51 26.54 26.56 26.60 26.64 26.69 26.72 26.74 26.74 26.74 26.71 26.63 26.62 26.62 26.70 26.76 26.73 26.68 26.65 26.71 26.81 26.91 27.01 27.07 27.10 27.11 27.14 27.14 27.13 27.18 27.20 27.22 27.25 27.26 27.27 27.28 27.31 27.34 27.37 27.40 27.44 27.48 27.52 27.55 27.57 27.55 27.47 27.39 27.31 27.22 27.12 27.02 26.93 26.74 26.71 26.50 26.51 26.61 26.73 26.83 26.85 26.94 27.00 27.07 27.14 27.20 27.23 27.23 27.28 27.30 27.27 27.19 27.11 27.05 27.03
26.39 26.41 26.44 26.49 26.53 26.57 26.62 26.64 26.65 26.65 26.67 26.69 26.69 26.67 26.61 26.57 26.60 26.59 26.57 26.56 26.56 26.64 26.74 26.87 26.98 26.96 26.98 27.04 27.09 27.09 27.06 27.11 27.14 27.14 27.14 27.19 27.22 27.24 27.27 27.29 27.32 27.36 27.39 27.43 27.46 27.49 27.51 27.48 27.43 27.38 27.31 27.23 27.14 27.05 26.94 26.81 26.71 26.49 26.39 26.37 26.54 26.49 26.77 26.80 26.86 26.99 27.04 27.15 27.16 27.18 27.22 27.23 27.19 27.11 27.06 27.00 26.96
26.31 26.38 26.41 26.47 26.50 26.54 26.58 26.58 26.54 26.53 26.57 26.64 26.66 26.65 26.61 26.59 26.57 26.55 26.50 26.45 26.47 26.58 26.66 26.85 26.91 26.87 26.88 26.96 27.00 27.03 27.02 27.05 27.08 27.06 27.04 27.08 27.12 27.16 27.19 27.22 27.26 27.29 27.32 27.35 27.39 27.42 27.44 27.41 27.38 27.33 27.29 27.21 27.12 27.01 26.90 26.84 26.75 26.61 26.27 26.36 26.49 26.66 26.70 26.74 26.79 26.83 26.89 27.08 27.10 27.10 27.14 27.16 27.11 27.04 26.99 26.95 26.90
26.40 26.42 26.45 26.47 26.50 26.52 26.52 26.47 26.39 26.39 26.42 26.52 26.59 26.61 26.58 26.53 26.51 26.49 26.45 26.43 26.48 26.61 26.75 26.85 26.81 26.79 26.82 26.87 26.91 26.93 26.92 26.97 27.02 27.01 27.02 27.03 27.02 27.04 27.09 27.14 27.18 27.21 27.24 27.27 27.29 27.34 27.36 27.34 27.30 27.26 27.21 27.17 27.10 27.01 26.90 26.83 26.72 26.57 26.04 26.39 26.51 26.44 26.36 26.59 26.50 26.53 26.86 26.99 27.00 27.00 27.03 27.05 27.01 26.95 26.91 26.86 26.81
26.43 26.44 26.44 26.45 26.45 26.46 26.47 26.39 26.25 26.29 26.34 26.44 26.52 26.56 26.53 26.46 26.44 26.41 26.40 26.40 26.52 26.67 26.78 26.71 26.63 26.67 26.75 26.77 26.81 26.84 26.85 26.89 26.94 26.96 26.97 26.97 26.95 26.95 26.99 27.06 27.11 27.13 27.15 27.18 27.20 27.24 27.28 27.27 27.23 27.19 27.15 27.10 27.04 26.95 26.89 26.81 26.73 26.64 26.51 26.45 26.43 26.42 26.43 26.52 26.57 26.60 26.78 26.85 26.87 26.90 26.92 26.94 26.90 26.85 26.81 26.78 26.73
26.39 26.39 26.37 26.37 26.36 26.39 26.41 26.36 26.29 26.31 26.35 26.41 26.46 26.50 26.49 26.43 26.43 26.42 26.42 26.44 26.59 26.71 26.73 26.63 26.53 26.56 26.66 26.65 26.68 26.74 26.78 26.83 26.86 26.87 26.87 26.88 26.92 26.89 26.87 26.94 27.03 27.07 27.08 27.09 27.11 27.15 27.19 27.20 27.17 27.12 27.08 27.04 26.98 26.86 26.84 26.76 26.68 26.62 26.58 26.52 26.39 26.34 26.36 26.46 26.55 26.61 26.63 26.71 26.71 26.77 26.81 26.82 26.79 26.75 26.70 26.66 26.63
26.34 26.33 26.31 26.28 26.25 26.31 26.36 26.35 26.31 26.32 26.36 26.38 26.40 26.44 26.46 26.43 26.42 26.40 26.44 26.46 26.64 26.63 26.66 26.60 26.43 26.45 26.56 26.52 26.54 26.66 26.72 26.76 26.78 26.78 26.75 26.77 26.80 26.76 26.72 26.79 26.92 26.99 26.98 26.99 27.00 27.05 27.09 27.12 27.09 27.05 27.00 26.99 26.93 26.88 26.78 26.65 26.56 26.55 26.52 26.49 26.32 26.33 26.30 26.42 26.47 26.51 26.52 26.61 26.58 26.66 26.70 26.70 26.69 26.65 26.58 26.51 26.50
26.21 26.24 26.24 26.23 26.24 26.27 26.31 26.31 26.29 26.29 26.31 26.33 26.35 26.38 26.41 26.40 26.42 26.44 26.49 26.56 26.56 26.49 26.47 26.55 26.53 26.44 26.47 26.51 26.55 26.61 26.65 26.69 26.71 26.70 26.69 26.69 26.69 26.63 26.60 26.68 26.79 26.86 26.86 26.87 26.89 26.93 26.99 27.02 27.00 26.96 26.93 26.89 26.86 26.79 26.66 26.60 26.47 26.46 26.44 26.40 26.40 26.31 26.26 26.32 26.39 26.41 26.45 26.50 26.52 26.55 26.57 26.56 26.55 26.53 26.46 26.39 26.39
26.09 26.14 26.18 26.18 26.21 26.23 26.25 26.25 26.24 26.24 26.26 26.27 26.27 26.29 26.32 26.35 26.36 26.42 26.49 26.37 26.40 26.33 26.33 26.44 26.47 26.36 26.37 26.48 26.57 26.59 26.62 26.64 26.63 26.63 26.63 26.63 26.63 26.57 26.49 26.57 26.67 26.72 26.73 26.73 26.76 26.82 26.86 26.90 26.90 26.88 26.85 26.81 26.77 26.70 26.59 26.53 26.41 26.38 26.39 26.36 26.30 26.21 26.12 26.21 26.30 26.30 26.35 26.41 26.41 26.43 26.41 26.39 26.39 26.41 26.35 26.31 26.28
26.01 26.06 26.10 26.11 26.14 26.15 26.18 26.19 26.19 26.17 26.18 26.19 26.20 26.21 26.24 26.26 26.30 26.36 26.42 26.40 26.37 26.34 26.34 26.36 26.30 26.24 26.21 26.34 26.45 26.52 26.54 26.54 26.55 26.54 26.54 26.53 26.53 26.51 26.47 26.50 26.55 26.58 26.60 26.60 26.64 26.70 26.74 26.77 26.80 26.79 26.77 26.74 26.69 26.63 26.54 26.44 26.34 26.25 26.25 26.26 26.26 26.08 26.04 26.12 26.18 26.19 26.21 26.27 26.29 26.27 26.23 26.18 26.20 26.23 26.21 26.18 26.14
25.97 26.00 26.02 26.03 26.05 26.08 26.11 26.13 26.11 26.09 26.10 26.11 26.13 26.15 26.17 26.21 26.22 26.27 26.31 26.35 26.36 26.35 26.33 26.30 26.24 26.21 26.17 26.28 26.34 26.44 26.42 26.42 26.44 26.45 26.45 26.45 26.44 26.42 26.41 26.41 26.44 26.46 26.48 26.49 26.52 26.57 26.61 26.64 26.68 26.70 26.70 26.66 26.62 26.57 26.49 26.38 26.27 26.17 26.14 26.15 26.08 25.70 25.81 26.00 26.04 26.09 26.10 26.13 26.16 26.11 26.03 25.94 25.99 26.04 26.04 26.05 26.02
25.90 25.93 25.92 25.90 25.92 25.99 26.00 26.06 26.03 26.00 26.00 26.01 26.04 26.07 26.07 26.09 26.11 26.12 26.15 26.19 26.24 26.29 26.28 26.27 26.24 26.25 26.27 26.32 26.35 26.33 26.31 26.32 26.33 26.34 26.34 26.35 26.33 26.33 26.32 26.30 26.31 26.33 26.35 26.37 26.40 26.44 26.48 26.52 26.54 26.57 26.58 26.58 26.55 26.51 26.43 26.31 26.20 26.11 26.06 26.09 25.71 25.44 25.62 25.82 25.92 25.97 25.98 26.01 26.01 25.95 25.87 25.80 25.80 25.82 25.83 25.80 25.83
25.81 25.85 25.81 25.78 25.83 25.90 25.83 25.95 25.95 25.93 25.91 25.93 25.97 25.99 25.95 25.89 25.93 25.97 25.99 26.01 26.09 26.20 26.17 26.17 26.19 26.20 26.22 26.20 26.13 26.17 26.21 26.22 26.22 26.23 26.24 26.24 26.22 26.22 26.22 26.20 26.20 26.22 26.22 26.24 26.27 26.30 26.35 26.39 26.40 26.42 26.44 26.45 26.46 26.43 26.38 26.27 26.16 26.05 25.94 26.07 25.87 25.78 25.64 25.72 25.83 25.82 25.81 25.82 25.83 25.78 25.72 25.65 25.64 25.61 25.61 25.59 25.62
