main/data/pressure/25.04.2023.grid
ncols 886
nrows 691
xllcenter 112.0000
yllcenter -44.5000
cellsize 0.0500
nodata_value 99999.90
[rows 630 to 664 of 691, columns 234 to 311 of 886]
12.22 12.22 12.23 12.23 12.23 12.23 12.24 12.24 12.24 12.24 12.24 12.25 12.25 12.25 12.25 12.25 12.25 12.26 12.26 12.27 12.27 12.27 12.27 12.28 12.28 12.28 12.28 12.28 12.28 12.28 12.28 12.29 12.30 12.30 12.30 12.30 12.30 12.30 12.30 12.30 12.31 12.32 12.32 12.32 12.32 12.32 12.32 12.32 12.32 12.33 12.33 12.33 12.34 12.34 12.34 12.34 12.34 12.35 12.35 12.35 12.35 12.35 12.35 12.36 12.36 12.36 12.36 12.36 12.36 12.37 12.38 12.38 12.38 12.38 12.38 12.38 12.39 12.39
12.21 12.21 12.21 12.21 12.22 12.22 12.22 12.22 12.22 12.23 12.23 12.23 12.23 12.23 12.23 12.24 12.24 12.24 12.25 12.25 12.25 12.26 12.26 12.26 12.26 12.26 12.26 12.26 12.26 12.28 12.28 12.28 12.28 12.28 12.28 12.28 12.28 12.28 12.29 12.29 12.30 12.30 12.30 12.30 12.30 12.30 12.30 12.30 12.31 12.31 12.31 12.32 12.32 12.32 12.32 12.32 12.33 12.33 12.33 12.33 12.33 12.33 12.34 12.34 12.34 12.34 12.34 12.34 12.34 12.35 12.36 12.36 12.36 12.36 12.37 12.37 12.37 12.37
12.19 12.20 12.20 12.20 12.20 12.20 12.21 12.21 12.21 12.21 12.21 12.21 12.22 12.22 12.22 12.22 12.23 12.23 12.23 12.24 12.24 12.24 12.24 12.24 12.24 12.24 12.24 12.25 12.26 12.26 12.26 12.26 12.26 12.26 12.26 12.26 12.27 12.27 12.28 12.28 12.28 12.28 12.28 12.28 12.28 12.28 12.28 12.29 12.29 12.30 12.30 12.30 12.30 12.30 12.30 12.31 12.31 12.31 12.31 12.31 12.31 12.31 12.32 12.32 12.32 12.32 12.32 12.32 12.33 12.34 12.34 12.34 12.34 12.35 12.35 12.35 12.35 12.35
12.18 12.18 12.18 12.18 12.19 12.19 12.19 12.19 12.19 12.19 12.20 12.20 12.20 12.21 12.21 12.21 12.22 12.22 12.22 12.22 12.22 12.22 12.22 12.22 12.23 12.23 12.23 12.24 12.24 12.24 12.24 12.24 12.24 12.24 12.25 12.25 12.25 12.25 12.26 12.26 12.26 12.26 12.26 12.26 12.26 12.26 12.27 12.28 12.28 12.28 12.28 12.28 12.28 12.29 12.29 12.29 12.29 12.29 12.29 12.29 12.29 12.30 12.30 12.30 12.30 12.30 12.30 12.31 12.32 12.32 12.32 12.32 12.32 12.33 12.33 12.33 12.33 12.33
12.16 12.17 12.17 12.17 12.17 12.17 12.17 12.18 12.18 12.18 12.18 12.18 12.18 12.18 12.20 12.20 12.20 12.20 12.20 12.20 12.20 12.20 12.21 12.21 12.21 12.21 12.21 12.22 12.22 12.22 12.22 12.22 12.23 12.23 12.23 12.23 12.23 12.24 12.24 12.24 12.24 12.24 12.24 12.24 12.24 12.24 12.26 12.26 12.26 12.26 12.26 12.26 12.26 12.27 12.27 12.27 12.27 12.27 12.27 12.28 12.28 12.28 12.28 12.28 12.28 12.28 12.29 12.30 12.30 12.30 12.30 12.30 12.31 12.31 12.31 12.31 12.31 12.31
12.15 12.15 12.15 12.15 12.15 12.16 12.16 12.16 12.16 12.16 12.16 12.16 12.18 12.18 12.18 12.18 12.18 12.18 12.18 12.18 12.19 12.19 12.19 12.19 12.19 12.20 12.20 12.20 12.20 12.20 12.21 12.21 12.21 12.21 12.21 12.21 12.22 12.22 12.22 12.22 12.22 12.22 12.22 12.22 12.23 12.24 12.24 12.24 12.24 12.24 12.24 12.24 12.25 12.25 12.25 12.25 12.25 12.25 12.26 12.26 12.26 12.26 12.26 12.26 12.26 12.28 12.28 12.28 12.28 12.28 12.28 12.29 12.29 12.29 12.29 12.29 12.29 12.30
12.13 12.13 12.14 12.14 12.14 12.14 12.14 12.14 12.14 12.15 12.15 12.15 12.16 12.16 12.16 12.16 12.16 12.16 12.17 12.17 12.17 12.17 12.17 12.17 12.18 12.18 12.18 12.18 12.19 12.19 12.19 12.19 12.19 12.19 12.20 12.20 12.20 12.20 12.20 12.20 12.20 12.20 12.21 12.21 12.22 12.22 12.22 12.22 12.22 12.22 12.22 12.23 12.23 12.23 12.23 12.23 12.23 12.23 12.24 12.24 12.24 12.24 12.24 12.24 12.26 12.26 12.26 12.26 12.26 12.26 12.27 12.27 12.27 12.27 12.27 12.27 12.28 12.28
12.12 12.12 12.12 12.12 12.12 12.12 12.12 12.13 12.13 12.13 12.13 12.14 12.14 12.14 12.14 12.15 12.15 12.15 12.15 12.15 12.15 12.15 12.15 12.16 12.16 12.16 12.17 12.17 12.17 12.17 12.17 12.17 12.17 12.17 12.17 12.18 12.18 12.18 12.18 12.18 12.19 12.19 12.20 12.20 12.20 12.20 12.20 12.20 12.20 12.20 12.21 12.21 12.21 12.21 12.21 12.21 12.21 12.21 12.22 12.22 12.22 12.22 12.22 12.23 12.24 12.24 12.24 12.24 12.24 12.24 12.25 12.25 12.25 12.25 12.25 12.26 12.26 12.26
12.10 12.10 12.10 12.10 12.11 12.11 12.11 12.11 12.11 12.12 12.12 12.12 12.12 12.13 12.13 12.13 12.13 12.13 12.13 12.13 12.13 12.13 12.13 12.13 12.15 12.15 12.15 12.15 12.15 12.15 12.15 12.15 12.15 12.15 12.16 12.16 12.16 12.16 12.17 12.17 12.17 12.17 12.18 12.18 12.18 12.18 12.18 12.18 12.18 12.18 12.19 12.19 12.19 12.19 12.19 12.19 12.20 12.20 12.20 12.20 12.20 12.20 12.21 12.22 12.22 12.22 12.22 12.22 12.22 12.23 12.23 12.23 12.23 12.23 12.23 12.24 12.24 12.24
12.08 12.09 12.09 12.09 12.09 12.09 12.09 12.09 12.10 12.10 12.11 12.11 12.11 12.11 12.11 12.11 12.11 12.11 12.11 12.11 12.11 12.11 12.12 12.13 12.13 12.13 12.13 12.13 12.13 12.13 12.13 12.13 12.13 12.14 12.14 12.14 12.14 12.15 12.15 12.15 12.15 12.15 12.16 12.16 12.16 12.16 12.16 12.16 12.16 12.16 12.17 12.17 12.17 12.17 12.17 12.17 12.18 12.18 12.18 12.18 12.18 12.19 12.20 12.20 12.20 12.20 12.20 12.20 12.21 12.21 12.21 12.21 12.21 12.21 12.21 12.22 12.22 12.22
12.07 12.07 12.07 12.07 12.07 12.07 12.07 12.07 12.09 12.09 12.09 12.09 12.09 12.09 12.09 12.09 12.09 12.09 12.09 12.10 12.10 12.10 12.11 12.11 12.11 12.11 12.11 12.11 12.11 12.11 12.11 12.11 12.12 12.12 12.12 12.13 12.13 12.13 12.13 12.13 12.13 12.14 12.14 12.14 12.14 12.14 12.14 12.14 12.14 12.15 12.15 12.15 12.15 12.15 12.15 12.15 12.16 12.16 12.16 12.17 12.17 12.17 12.18 12.18 12.18 12.18 12.18 12.18 12.19 12.19 12.19 12.19 12.19 12.19 12.20 12.20 12.20 12.20
12.05 12.05 12.05 12.05 12.05 12.06 12.06 12.06 12.07 12.07 12.07 12.07 12.07 12.07 12.07 12.07 12.07 12.08 12.08 12.08 12.08 12.08 12.09 12.09 12.09 12.09 12.09 12.09 12.09 12.09 12.09 12.09 12.11 12.11 12.11 12.11 12.11 12.11 12.11 12.11 12.12 12.12 12.12 12.12 12.12 12.12 12.12 12.12 12.12 12.13 12.13 12.13 12.13 12.13 12.13 12.14 12.14 12.14 12.15 12.15 12.15 12.15 12.16 12.16 12.16 12.16 12.16 12.16 12.17 12.17 12.17 12.17 12.17 12.18 12.18 12.18 12.18 12.18
12.03 12.03 12.04 12.04 12.04 12.04 12.04 12.04 12.04 12.05 12.05 12.05 12.05 12.05 12.06 12.06 12.06 12.06 12.06 12.06 12.06 12.06 12.07 12.07 12.07 12.07 12.07 12.07 12.07 12.07 12.08 12.09 12.09 12.09 12.09 12.09 12.09 12.09 12.09 12.09 12.09 12.10 12.10 12.10 12.10 12.10 12.10 12.11 12.11 12.11 12.11 12.11 12.11 12.11 12.12 12.12 12.12 12.13 12.13 12.13 12.13 12.14 12.14 12.14 12.14 12.14 12.14 12.14 12.15 12.15 12.15 12.15 12.15 12.16 12.16 12.16 12.16 12.16
12.02 12.02 12.02 12.02 12.02 12.02 12.02 12.02 12.03 12.03 12.03 12.03 12.04 12.04 12.04 12.04 12.04 12.04 12.04 12.04 12.04 12.04 12.05 12.05 12.05 12.05 12.05 12.05 12.06 12.06 12.06 12.06 12.07 12.07 12.07 12.07 12.07 12.07 12.07 12.07 12.08 12.08 12.08 12.08 12.08 12.08 12.08 12.09 12.09 12.09 12.09 12.09 12.09 12.09 12.09 12.11 12.11 12.11 12.11 12.11 12.12 12.12 12.12 12.12 12.12 12.12 12.12 12.13 12.13 12.13 12.13 12.13 12.13 12.14 12.14 12.14 12.14 12.14
12.00 12.00 12.00 12.00 12.00 12.00 12.00 12.00 12.01 12.02 12.02 12.02 12.02 12.02 12.02 12.02 12.02 12.02 12.02 12.02 12.02 12.03 12.03 12.03 12.03 12.03 12.04 12.04 12.04 12.04 12.04 12.04 12.05 12.05 12.05 12.05 12.05 12.05 12.05 12.05 12.06 12.06 12.06 12.06 12.06 12.06 12.06 12.06 12.07 12.07 12.07 12.07 12.07 12.07 12.09 12.09 12.09 12.09 12.09 12.09 12.10 12.10 12.10 12.10 12.10 12.10 12.11 12.11 12.11 12.11 12.11 12.11 12.12 12.12 12.12 12.12 12.12 12.12
11.98 11.98 11.98 11.98 11.98 11.98 11.99 11.99 11.99 11.99 12.00 12.00 12.00 12.00 12.00 12.00 12.00 12.00 12.00 12.00 12.00 12.00 12.01 12.02 12.02 12.02 12.02 12.02 12.02 12.02 12.03 12.03 12.03 12.03 12.03 12.03 12.03 12.03 12.03 12.04 12.04 12.04 12.04 12.04 12.04 12.04 12.04 12.05 12.05 12.05 12.05 12.05 12.06 12.06 12.07 12.07 12.07 12.07 12.07 12.07 12.07 12.08 12.08 12.08 12.08 12.08 12.09 12.09 12.09 12.09 12.09 12.09 12.10 12.10 12.10 12.10 12.10 12.11
11.96 11.96 11.96 11.96 11.97 11.97 11.97 11.97 11.97 11.97 11.98 11.98 11.98 11.98 11.98 11.98 11.98 11.98 11.98 11.98 11.98 11.99 12.00 12.00 12.00 12.00 12.00 12.00 12.00 12.00 12.01 12.01 12.01 12.01 12.01 12.01 12.01 12.01 12.01 12.01 12.02 12.02 12.02 12.02 12.02 12.02 12.03 12.03 12.03 12.03 12.04 12.04 12.04 12.04 12.05 12.05 12.05 12.05 12.05 12.05 12.06 12.06 12.06 12.06 12.06 12.06 12.07 12.07 12.07 12.07 12.07 12.07 12.08 12.08 12.08 12.08 12.08 12.09
11.94 11.95 11.95 11.95 11.95 11.95 11.95 11.95 11.95 11.96 11.96 11.96 11.96 11.96 11.96 11.96 11.96 11.96 11.97 11.97 11.97 11.97 11.98 11.98 11.98 11.98 11.98 11.98 11.98 11.98 11.98 11.99 11.99 11.99 11.99 11.99 11.99 11.99 11.99 11.99 12.00 12.00 12.00 12.00 12.00 12.00 12.01 12.01 12.01 12.02 12.02 12.02 12.02 12.03 12.03 12.03 12.03 12.03 12.03 12.04 12.04 12.04 12.04 12.04 12.04 12.04 12.05 12.05 12.05 12.05 12.05 12.05 12.06 12.06 12.06 12.06 12.06 12.07
11.93 11.93 11.93 11.93 11.93 11.93 11.93 11.93 11.93 11.93 11.93 11.94 11.94 11.94 11.94 11.94 11.95 11.95 11.95 11.95 11.95 11.96 11.96 11.96 11.96 11.96 11.96 11.96 11.96 11.96 11.96 11.97 11.97 11.97 11.97 11.97 11.97 11.97 11.97 11.98 11.98 11.98 11.98 11.98 11.98 11.98 11.98 12.00 12.00 12.00 12.00 12.00 12.00 12.01 12.01 12.01 12.01 12.01 12.01 12.02 12.02 12.02 12.02 12.02 12.02 12.03 12.03 12.03 12.03 12.03 12.03 12.04 12.04 12.04 12.04 12.04 12.04 12.05
11.91 11.91 11.91 11.91 11.91 11.91 11.91 11.91 11.91 11.91 11.91 11.92 11.92 11.93 11.93 11.93 11.93 11.93 11.93 11.93 11.93 11.93 11.94 11.94 11.94 11.94 11.94 11.94 11.94 11.94 11.94 11.95 11.95 11.95 11.95 11.95 11.95 11.95 11.95 11.96 11.96 11.96 11.96 11.96 11.96 11.97 11.97 11.98 11.98 11.98 11.98 11.98 11.98 11.98 11.99 11.99 11.99 11.99 11.99 11.99 12.00 12.00 12.00 12.00 12.00 12.01 12.01 12.01 12.01 12.01 12.01 12.02 12.02 12.02 12.02 12.02 12.03 12.03
11.89 11.89 11.89 11.89 11.89 11.89 11.89 11.89 11.89 11.89 11.89 11.90 11.91 11.91 11.91 11.91 11.91 11.91 11.91 11.91 11.91 11.91 11.92 11.92 11.92 11.92 11.92 11.92 11.92 11.92 11.92 11.93 11.93 11.93 11.93 11.93 11.93 11.93 11.93 11.93 11.94 11.94 11.94 11.95 11.95 11.95 11.96 11.96 11.96 11.96 11.96 11.96 11.96 11.96 11.97 11.97 11.97 11.97 11.97 11.97 11.98 11.98 11.98 11.98 11.98 11.98 11.99 11.99 11.99 11.99 11.99 12.00 12.00 12.00 12.00 12.00 12.01 12.01
11.87 11.87 11.87 11.87 11.87 11.87 11.87 11.87 11.88 11.88 11.88 11.88 11.89 11.89 11.89 11.89 11.89 11.89 11.89 11.89 11.89 11.89 11.89 11.90 11.90 11.90 11.90 11.90 11.90 11.90 11.90 11.90 11.91 11.91 11.91 11.91 11.91 11.91 11.91 11.91 11.92 11.93 11.93 11.93 11.93 11.93 11.94 11.94 11.94 11.94 11.94 11.94 11.94 11.95 11.95 11.95 11.95 11.95 11.95 11.96 11.96 11.96 11.96 11.96 11.96 11.96 11.97 11.97 11.97 11.97 11.97 11.98 11.98 11.98 11.98 11.98 11.98 11.99
11.85 11.85 11.85 11.85 11.85 11.86 11.86 11.86 11.86 11.86 11.86 11.86 11.87 11.87 11.87 11.87 11.87 11.87 11.87 11.87 11.87 11.87 11.88 11.88 11.88 11.88 11.88 11.88 11.88 11.88 11.88 11.88 11.89 11.89 11.89 11.89 11.89 11.89 11.89 11.90 11.91 11.91 11.91 11.91 11.91 11.91 11.91 11.92 11.92 11.92 11.92 11.92 11.92 11.93 11.93 11.93 11.93 11.93 11.93 11.94 11.94 11.94 11.94 11.94 11.94 11.95 11.95 11.95 11.95 11.95 11.95 11.96 11.96 11.96 11.96 11.96 11.96 11.97
11.82 11.83 11.84 11.84 11.84 11.84 11.84 11.84 11.84 11.84 11.84 11.84 11.84 11.84 11.85 11.85 11.85 11.85 11.85 11.85 11.85 11.85 11.85 11.86 11.86 11.86 11.86 11.86 11.86 11.86 11.86 11.86 11.87 11.87 11.87 11.87 11.87 11.88 11.88 11.88 11.89 11.89 11.89 11.89 11.89 11.89 11.89 11.90 11.90 11.90 11.90 11.90 11.90 11.90 11.91 11.91 11.91 11.91 11.91 11.91 11.92 11.92 11.92 11.92 11.92 11.93 11.93 11.93 11.93 11.93 11.93 11.94 11.94 11.94 11.94 11.94 11.95 11.95
11.81 11.81 11.81 11.82 11.82 11.82 11.82 11.82 11.82 11.82 11.82 11.82 11.82 11.82 11.83 11.83 11.83 11.83 11.83 11.83 11.83 11.83 11.83 11.84 11.84 11.84 11.84 11.84 11.84 11.84 11.84 11.84 11.84 11.85 11.85 11.86 11.86 11.86 11.86 11.86 11.87 11.87 11.87 11.87 11.87 11.87 11.87 11.88 11.88 11.88 11.88 11.88 11.88 11.88 11.89 11.89 11.89 11.89 11.89 11.89 11.90 11.90 11.90 11.90 11.90 11.90 11.91 11.91 11.91 11.91 11.91 11.92 11.92 11.92 11.92 11.92 11.93 11.93
11.79 11.79 11.79 11.79 11.80 11.80 11.80 11.80 11.80 11.80 11.80 11.80 11.80 11.80 11.80 11.81 11.81 11.81 11.81 11.81 11.81 11.81 11.81 11.81 11.81 11.82 11.82 11.82 11.82 11.82 11.82 11.82 11.84 11.84 11.84 11.84 11.84 11.84 11.84 11.84 11.85 11.85 11.85 11.85 11.85 11.85 11.85 11.86 11.86 11.86 11.86 11.86 11.86 11.87 11.87 11.87 11.87 11.87 11.87 11.87 11.88 11.88 11.88 11.88 11.88 11.88 11.89 11.89 11.89 11.89 11.89 11.90 11.90 11.90 11.90 11.90 11.90 11.91
11.77 11.77 11.77 11.77 11.78 11.78 11.78 11.78 11.78 11.78 11.78 11.78 11.78 11.78 11.78 11.79 11.79 11.79 11.79 11.79 11.79 11.79 11.79 11.79 11.79 11.80 11.80 11.80 11.80 11.80 11.81 11.81 11.81 11.81 11.82 11.82 11.82 11.82 11.82 11.82 11.82 11.83 11.83 11.83 11.83 11.83 11.83 11.84 11.84 11.84 11.84 11.84 11.84 11.84 11.85 11.85 11.85 11.85 11.85 11.85 11.86 11.86 11.86 11.86 11.86 11.86 11.87 11.87 11.87 11.87 11.87 11.88 11.88 11.88 11.88 11.88 11.88 11.89
11.75 11.75 11.75 11.75 11.75 11.76 11.76 11.76 11.76 11.76 11.76 11.76 11.76 11.76 11.76 11.76 11.76 11.77 11.77 11.77 11.77 11.77 11.77 11.77 11.77 11.78 11.78 11.78 11.79 11.79 11.79 11.79 11.79 11.79 11.80 11.80 11.80 11.80 11.80 11.80 11.80 11.81 11.81 11.81 11.81 11.81 11.81 11.81 11.82 11.82 11.82 11.82 11.82 11.82 11.82 11.83 11.83 11.83 11.83 11.83 11.84 11.84 11.84 11.84 11.84 11.84 11.85 11.85 11.85 11.85 11.85 11.86 11.86 11.86 11.86 11.86 11.86 11.87
11.73 11.73 11.73 11.73 11.73 11.73 11.73 11.74 11.74 11.74 11.74 11.74 11.74 11.74 11.74 11.74 11.74 11.74 11.75 11.75 11.75 11.75 11.75 11.75 11.75 11.76 11.77 11.77 11.77 11.77 11.77 11.77 11.77 11.77 11.78 11.78 11.78 11.78 11.78 11.78 11.78 11.79 11.79 11.79 11.79 11.79 11.79 11.79 11.79 11.80 11.80 11.80 11.80 11.80 11.80 11.81 11.81 11.81 11.81 11.81 11.81 11.82 11.82 11.82 11.82 11.82 11.82 11.83 11.83 11.83 11.83 11.84 11.84 11.84 11.84 11.84 11.84 11.85
11.71 11.71 11.71 11.71 11.71 11.71 11.71 11.71 11.71 11.72 11.72 11.72 11.72 11.72 11.72 11.72 11.72 11.72 11.72 11.73 11.73 11.73 11.73 11.74 11.74 11.74 11.74 11.75 11.75 11.75 11.75 11.75 11.75 11.75 11.76 11.76 11.76 11.76 11.76 11.76 11.76 11.76 11.77 11.77 11.77 11.77 11.77 11.77 11.78 11.78 11.78 11.78 11.78 11.78 11.78 11.79 11.79 11.79 11.79 11.79 11.79 11.80 11.80 11.80 11.80 11.80 11.80 11.81 11.81 11.81 11.81 11.81 11.82 11.82 11.82 11.82 11.82 11.83
11.69 11.69 11.69 11.69 11.69 11.69 11.69 11.69 11.69 11.70 11.70 11.70 11.70 11.70 11.70 11.70 11.70 11.70 11.70 11.71 11.72 11.72 11.72 11.72 11.72 11.72 11.72 11.72 11.73 11.73 11.73 11.73 11.73 11.73 11.73 11.73 11.74 11.74 11.74 11.74 11.74 11.74 11.74 11.75 11.75 11.75 11.75 11.75 11.75 11.76 11.76 11.76 11.76 11.76 11.76 11.77 11.77 11.77 11.77 11.77 11.77 11.78 11.78 11.78 11.78 11.78 11.78 11.79 11.79 11.79 11.79 11.79 11.80 11.80 11.80 11.80 11.80 11.80
11.67 11.67 11.67 11.67 11.67 11.67 11.67 11.67 11.67 11.67 11.68 11.68 11.68 11.68 11.68 11.68 11.68 11.69 11.69 11.69 11.70 11.70 11.70 11.70 11.70 11.70 11.70 11.70 11.71 11.71 11.71 11.71 11.71 11.71 11.71 11.71 11.72 11.72 11.72 11.72 11.72 11.72 11.72 11.73 11.73 11.73 11.73 11.73 11.73 11.73 11.74 11.74 11.74 11.74 11.74 11.74 11.75 11.75 11.75 11.75 11.75 11.76 11.76 11.76 11.76 11.76 11.76 11.77 11.77 11.77 11.77 11.77 11.78 11.78 11.78 11.78 11.78 11.79
11.64 11.64 11.65 11.65 11.65 11.65 11.65 11.65 11.65 11.65 11.65 11.65 11.66 11.66 11.66 11.67 11.67 11.67 11.67 11.67 11.67 11.68 11.68 11.68 11.68 11.68 11.68 11.68 11.68 11.69 11.69 11.69 11.69 11.69 11.69 11.69 11.70 11.70 11.70 11.70 11.70 11.70 11.70 11.71 11.71 11.71 11.71 11.71 11.71 11.71 11.72 11.72 11.72 11.72 11.72 11.72 11.73 11.73 11.73 11.73 11.73 11.73 11.74 11.74 11.74 11.74 11.74 11.74 11.75 11.75 11.75 11.75 11.75 11.76 11.76 11.76 11.76 11.76
11.62 11.62 11.62 11.63 11.63 11.63 11.63 11.63 11.63 11.63 11.63 11.63 11.63 11.65 11.65 11.65 11.65 11.65 11.65 11.65 11.65 11.65 11.66 11.66 11.66 11.66 11.66 11.66 11.66 11.66 11.67 11.67 11.67 11.67 11.67 11.67 11.67 11.68 11.68 11.68 11.68 11.68 11.68 11.68 11.69 11.69 11.69 11.69 11.69 11.69 11.70 11.70 11.70 11.70 11.70 11.70 11.71 11.71 11.71 11.71 11.71 11.71 11.71 11.72 11.72 11.72 11.72 11.72 11.73 11.73 11.73 11.73 11.73 11.73 11.74 11.74 11.74 11.74
11.60 11.60 11.60 11.60 11.61 11.61 11.61 11.61 11.61 11.61 11.62 11.62 11.62 11.62 11.62 11.63 11.63 11.63 11.63 11.63 11.63 11.63 11.63 11.64 11.64 11.64 11.64 11.64 11.64 11.64 11.64 11.65 11.65 11.65 11.65 11.65 11.65 11.65 11.66 11.66 11.66 11.66 11.66 11.66 11.66 11.67 11.67 11.67 11.67 11.67 11.67 11.68 11.68 11.68 11.68 11.68 11.68 11.69 11.69 11.69 11.69 11.69 11.69 11.70 11.70 11.70 11.70 11.70 11.71 11.71 11.71 11.71 11.71 11.71 11.72 11.72 11.72 11.72
