main/data/pressure/26.06.2023.grid
ncols 886
nrows 691
xllcenter 112.0000
yllcenter -44.5000
cellsize 0.0500
nodata_value 99999.90
[rows 648 to 683 of 691, columns 164 to 245 of 886]
9.82 9.82 9.82 9.82 9.82 9.82 9.83 9.83 9.83 9.83 9.83 9.83 9.83 9.84 9.84 9.84 9.84 9.83 9.83 9.83 9.83 9.84 9.84 9.84 9.84 9.84 9.84 9.84 9.84 9.84 9.85 9.85 9.85 9.85 9.85 9.85 9.85 9.85 9.85 9.85 9.86 9.86 9.86 9.86 9.86 9.86 9.86 9.86 9.86 9.86 9.86 9.86 9.86 9.87 9.87 9.87 9.87 9.88 9.88 9.88 9.88 9.88 9.88 9.88 9.88 9.88 9.88 9.88 9.88 9.88 9.89 9.89 9.90 9.90 9.90 9.90 9.90 9.90 9.90 9.90 9.90 9.91
9.81 9.81 9.82 9.82 9.82 9.82 9.82 9.81 9.81 9.82 9.82 9.82 9.82 9.82 9.82 9.82 9.82 9.82 9.83 9.83 9.83 9.83 9.83 9.83 9.83 9.83 9.83 9.84 9.84 9.84 9.84 9.84 9.84 9.84 9.84 9.84 9.84 9.85 9.85 9.85 9.85 9.85 9.85 9.85 9.85 9.85 9.85 9.85 9.85 9.85 9.86 9.86 9.86 9.86 9.86 9.86 9.86 9.86 9.86 9.86 9.86 9.86 9.86 9.86 9.86 9.87 9.87 9.87 9.88 9.88 9.88 9.88 9.88 9.88 9.88 9.89 9.89 9.89 9.89 9.89 9.89 9.89
9.80 9.80 9.80 9.80 9.80 9.81 9.81 9.81 9.81 9.81 9.81 9.81 9.81 9.81 9.81 9.81 9.81 9.81 9.81 9.81 9.81 9.81 9.81 9.82 9.82 9.82 9.82 9.82 9.82 9.82 9.82 9.82 9.82 9.82 9.83 9.83 9.83 9.83 9.83 9.83 9.83 9.83 9.83 9.83 9.83 9.83 9.83 9.84 9.84 9.84 9.84 9.84 9.84 9.84 9.84 9.84 9.85 9.85 9.85 9.85 9.85 9.85 9.85 9.85 9.85 9.86 9.86 9.86 9.86 9.86 9.87 9.87 9.87 9.87 9.87 9.87 9.87 9.87 9.88 9.88 9.88 9.88
9.79 9.80 9.80 9.80 9.79 9.79 9.79 9.79 9.79 9.79 9.80 9.80 9.80 9.80 9.80 9.80 9.80 9.80 9.80 9.80 9.81 9.81 9.81 9.81 9.81 9.81 9.81 9.81 9.81 9.81 9.81 9.82 9.82 9.82 9.82 9.82 9.82 9.82 9.82 9.82 9.82 9.82 9.82 9.82 9.83 9.83 9.83 9.83 9.83 9.83 9.83 9.83 9.83 9.83 9.83 9.83 9.83 9.83 9.83 9.83 9.83 9.83 9.85 9.85 9.85 9.85 9.85 9.85 9.85 9.85 9.85 9.85 9.85 9.85 9.86 9.86 9.86 9.86 9.86 9.86 9.86 9.86
9.78 9.78 9.78 9.78 9.78 9.78 9.79 9.79 9.79 9.79 9.79 9.79 9.79 9.78 9.78 9.78 9.79 9.79 9.79 9.79 9.79 9.79 9.79 9.79 9.79 9.79 9.79 9.80 9.80 9.80 9.80 9.80 9.80 9.80 9.80 9.80 9.80 9.80 9.80 9.80 9.80 9.81 9.81 9.81 9.81 9.81 9.81 9.81 9.81 9.81 9.81 9.81 9.81 9.82 9.82 9.82 9.82 9.82 9.82 9.82 9.83 9.83 9.83 9.83 9.83 9.83 9.84 9.84 9.84 9.84 9.84 9.84 9.84 9.84 9.84 9.84 9.84 9.85 9.85 9.85 9.85 9.85
9.77 9.78 9.77 9.77 9.77 9.77 9.77 9.77 9.77 9.77 9.77 9.77 9.78 9.78 9.78 9.78 9.78 9.78 9.78 9.78 9.78 9.78 9.78 9.78 9.79 9.79 9.79 9.79 9.79 9.79 9.79 9.79 9.79 9.79 9.79 9.79 9.79 9.79 9.80 9.80 9.80 9.80 9.80 9.80 9.80 9.80 9.80 9.80 9.80 9.80 9.80 9.80 9.80 9.80 9.80 9.80 9.80 9.81 9.81 9.81 9.82 9.82 9.82 9.82 9.82 9.82 9.82 9.82 9.82 9.82 9.82 9.82 9.83 9.83 9.83 9.83 9.83 9.83 9.83 9.83 9.84 9.84
9.76 9.76 9.76 9.76 9.76 9.76 9.76 9.76 9.77 9.77 9.77 9.77 9.77 9.76 9.76 9.76 9.76 9.76 9.76 9.76 9.77 9.77 9.77 9.77 9.77 9.77 9.77 9.77 9.77 9.77 9.77 9.77 9.77 9.77 9.77 9.78 9.78 9.78 9.78 9.78 9.78 9.78 9.78 9.78 9.78 9.78 9.78 9.78 9.78 9.78 9.78 9.79 9.79 9.79 9.80 9.80 9.80 9.80 9.80 9.80 9.80 9.80 9.80 9.80 9.80 9.80 9.81 9.81 9.81 9.81 9.81 9.81 9.81 9.81 9.81 9.81 9.82 9.82 9.82 9.82 9.82 9.82
9.74 9.74 9.74 9.74 9.75 9.75 9.75 9.75 9.75 9.75 9.75 9.75 9.75 9.75 9.75 9.75 9.76 9.76 9.76 9.76 9.76 9.76 9.76 9.76 9.76 9.76 9.76 9.76 9.76 9.76 9.76 9.76 9.77 9.77 9.77 9.77 9.77 9.77 9.77 9.77 9.77 9.77 9.77 9.77 9.77 9.77 9.77 9.77 9.77 9.77 9.77 9.78 9.78 9.78 9.78 9.78 9.78 9.78 9.78 9.79 9.79 9.79 9.79 9.79 9.79 9.79 9.79 9.79 9.79 9.80 9.80 9.80 9.80 9.80 9.80 9.80 9.80 9.80 9.80 9.81 9.81 9.81
9.74 9.74 9.74 9.74 9.74 9.74 9.74 9.74 9.73 9.73 9.73 9.73 9.73 9.74 9.74 9.74 9.74 9.74 9.74 9.74 9.74 9.74 9.74 9.74 9.74 9.74 9.74 9.74 9.75 9.75 9.75 9.75 9.75 9.75 9.75 9.75 9.75 9.75 9.75 9.75 9.75 9.75 9.75 9.75 9.75 9.75 9.75 9.75 9.76 9.76 9.77 9.77 9.77 9.77 9.77 9.77 9.77 9.77 9.77 9.77 9.77 9.77 9.77 9.77 9.78 9.78 9.78 9.78 9.78 9.78 9.78 9.78 9.78 9.78 9.79 9.79 9.79 9.79 9.79 9.79 9.79 9.80
9.72 9.72 9.72 9.72 9.72 9.72 9.72 9.72 9.73 9.73 9.73 9.73 9.73 9.73 9.73 9.73 9.73 9.73 9.73 9.73 9.73 9.73 9.73 9.73 9.73 9.73 9.73 9.73 9.73 9.73 9.73 9.74 9.74 9.74 9.74 9.74 9.74 9.74 9.74 9.74 9.74 9.74 9.74 9.74 9.74 9.75 9.75 9.75 9.75 9.75 9.75 9.75 9.75 9.75 9.75 9.75 9.76 9.76 9.76 9.76 9.76 9.76 9.76 9.76 9.76 9.76 9.76 9.76 9.76 9.77 9.77 9.77 9.77 9.77 9.77 9.77 9.77 9.77 9.78 9.78 9.78 9.79
9.71 9.71 9.71 9.71 9.72 9.72 9.71 9.71 9.71 9.71 9.71 9.71 9.71 9.71 9.71 9.71 9.71 9.71 9.71 9.71 9.71 9.72 9.72 9.72 9.72 9.72 9.72 9.72 9.72 9.72 9.72 9.72 9.72 9.72 9.72 9.72 9.72 9.72 9.72 9.72 9.72 9.72 9.73 9.73 9.73 9.73 9.73 9.73 9.73 9.74 9.74 9.74 9.74 9.74 9.74 9.74 9.74 9.74 9.74 9.74 9.74 9.74 9.74 9.75 9.75 9.75 9.75 9.75 9.75 9.75 9.75 9.75 9.76 9.76 9.76 9.76 9.76 9.76 9.76 9.77 9.77 9.78
9.70 9.70 9.70 9.70 9.70 9.70 9.70 9.70 9.70 9.70 9.70 9.70 9.70 9.70 9.70 9.70 9.70 9.70 9.70 9.70 9.70 9.70 9.70 9.70 9.70 9.70 9.70 9.70 9.70 9.70 9.70 9.70 9.70 9.70 9.71 9.71 9.71 9.71 9.71 9.72 9.72 9.72 9.72 9.72 9.72 9.72 9.72 9.72 9.72 9.72 9.72 9.72 9.72 9.72 9.72 9.72 9.72 9.73 9.73 9.73 9.73 9.73 9.73 9.73 9.73 9.73 9.73 9.73 9.74 9.74 9.74 9.74 9.74 9.74 9.74 9.74 9.76 9.76 9.76 9.76 9.76 9.76
9.69 9.68 9.68 9.68 9.68 9.68 9.68 9.68 9.68 9.68 9.68 9.68 9.68 9.69 9.69 9.69 9.69 9.69 9.69 9.69 9.69 9.69 9.69 9.69 9.69 9.69 9.69 9.69 9.69 9.69 9.69 9.69 9.69 9.69 9.69 9.69 9.70 9.70 9.70 9.70 9.70 9.70 9.70 9.70 9.70 9.70 9.70 9.70 9.71 9.71 9.71 9.71 9.71 9.71 9.71 9.71 9.71 9.71 9.71 9.71 9.71 9.72 9.72 9.72 9.72 9.72 9.72 9.72 9.72 9.72 9.72 9.72 9.73 9.73 9.74 9.74 9.74 9.74 9.74 9.74 9.75 9.75
9.67 9.67 9.67 9.67 9.67 9.67 9.67 9.67 9.67 9.68 9.67 9.67 9.67 9.67 9.67 9.67 9.67 9.67 9.67 9.67 9.67 9.67 9.67 9.67 9.67 9.67 9.67 9.67 9.67 9.67 9.67 9.67 9.68 9.68 9.68 9.68 9.68 9.69 9.69 9.69 9.69 9.69 9.69 9.69 9.69 9.69 9.69 9.69 9.69 9.69 9.69 9.69 9.69 9.69 9.69 9.69 9.70 9.70 9.70 9.70 9.70 9.70 9.70 9.70 9.70 9.70 9.70 9.71 9.71 9.71 9.71 9.72 9.72 9.72 9.72 9.73 9.73 9.73 9.73 9.73 9.73 9.73
9.65 9.65 9.65 9.65 9.66 9.66 9.66 9.66 9.66 9.66 9.66 9.66 9.66 9.66 9.66 9.66 9.66 9.66 9.66 9.66 9.66 9.66 9.66 9.66 9.66 9.66 9.66 9.66 9.66 9.67 9.67 9.67 9.67 9.67 9.67 9.67 9.67 9.67 9.67 9.67 9.67 9.67 9.67 9.67 9.67 9.67 9.67 9.68 9.68 9.68 9.68 9.68 9.68 9.68 9.68 9.68 9.68 9.68 9.68 9.68 9.68 9.68 9.69 9.69 9.69 9.69 9.69 9.69 9.70 9.70 9.70 9.70 9.71 9.71 9.71 9.71 9.71 9.71 9.71 9.72 9.72 9.72
9.65 9.65 9.65 9.64 9.64 9.64 9.64 9.64 9.64 9.64 9.64 9.64 9.64 9.64 9.64 9.64 9.64 9.64 9.64 9.64 9.64 9.64 9.64 9.64 9.64 9.65 9.65 9.65 9.65 9.65 9.65 9.65 9.65 9.65 9.65 9.65 9.65 9.65 9.65 9.66 9.66 9.66 9.66 9.66 9.66 9.66 9.66 9.66 9.66 9.66 9.66 9.66 9.66 9.66 9.66 9.66 9.67 9.67 9.67 9.67 9.67 9.67 9.67 9.67 9.67 9.68 9.69 9.69 9.69 9.69 9.69 9.69 9.69 9.69 9.69 9.69 9.70 9.70 9.70 9.70 9.70 9.70
9.63 9.63 9.63 9.63 9.63 9.63 9.63 9.63 9.63 9.63 9.63 9.63 9.63 9.63 9.63 9.63 9.63 9.63 9.63 9.63 9.63 9.64 9.64 9.64 9.64 9.64 9.64 9.64 9.64 9.64 9.64 9.64 9.64 9.64 9.64 9.64 9.64 9.64 9.64 9.64 9.64 9.64 9.64 9.64 9.64 9.64 9.64 9.64 9.64 9.65 9.65 9.65 9.65 9.65 9.65 9.65 9.65 9.65 9.65 9.65 9.65 9.65 9.67 9.67 9.67 9.67 9.67 9.67 9.67 9.67 9.68 9.68 9.68 9.68 9.68 9.68 9.68 9.68 9.69 9.69 9.69 9.69
9.61 9.61 9.61 9.61 9.61 9.61 9.61 9.61 9.61 9.61 9.61 9.61 9.61 9.61 9.61 9.61 9.61 9.62 9.62 9.62 9.62 9.62 9.62 9.62 9.62 9.62 9.62 9.62 9.62 9.62 9.62 9.62 9.62 9.62 9.62 9.62 9.62 9.62 9.62 9.62 9.62 9.63 9.63 9.63 9.63 9.63 9.63 9.63 9.63 9.63 9.63 9.63 9.63 9.63 9.63 9.64 9.64 9.64 9.64 9.65 9.65 9.65 9.65 9.65 9.65 9.65 9.65 9.66 9.66 9.66 9.66 9.66 9.66 9.66 9.66 9.67 9.67 9.67 9.67 9.67 9.67 9.67
9.60 9.60 9.60 9.60 9.60 9.60 9.60 9.59 9.59 9.59 9.59 9.59 9.59 9.60 9.60 9.60 9.60 9.60 9.60 9.60 9.60 9.60 9.60 9.60 9.60 9.60 9.60 9.61 9.61 9.61 9.61 9.61 9.61 9.61 9.61 9.61 9.61 9.61 9.61 9.61 9.61 9.61 9.61 9.61 9.61 9.61 9.61 9.61 9.61 9.61 9.62 9.62 9.62 9.62 9.62 9.62 9.63 9.63 9.63 9.63 9.63 9.64 9.64 9.64 9.64 9.64 9.64 9.64 9.64 9.64 9.65 9.65 9.65 9.65 9.65 9.65 9.65 9.65 9.65 9.66 9.66 9.66
9.58 9.58 9.58 9.58 9.58 9.58 9.58 9.58 9.58 9.59 9.59 9.59 9.59 9.59 9.59 9.59 9.59 9.59 9.59 9.59 9.59 9.59 9.59 9.59 9.59 9.59 9.59 9.59 9.59 9.59 9.59 9.59 9.59 9.59 9.59 9.59 9.59 9.59 9.59 9.59 9.59 9.59 9.60 9.60 9.60 9.60 9.60 9.60 9.60 9.60 9.60 9.60 9.60 9.61 9.61 9.61 9.61 9.62 9.62 9.62 9.62 9.62 9.62 9.62 9.62 9.62 9.62 9.63 9.63 9.63 9.63 9.63 9.63 9.63 9.64 9.64 9.64 9.64 9.64 9.64 9.64 9.64
9.56 9.56 9.56 9.56 9.57 9.57 9.57 9.57 9.57 9.57 9.57 9.57 9.57 9.57 9.57 9.57 9.57 9.57 9.57 9.57 9.57 9.57 9.57 9.57 9.57 9.57 9.57 9.57 9.57 9.57 9.57 9.57 9.57 9.58 9.58 9.58 9.58 9.58 9.58 9.58 9.58 9.58 9.58 9.58 9.58 9.58 9.58 9.58 9.58 9.58 9.60 9.60 9.60 9.60 9.60 9.60 9.60 9.60 9.60 9.60 9.60 9.60 9.61 9.61 9.61 9.61 9.61 9.61 9.61 9.61 9.61 9.62 9.62 9.62 9.62 9.62 9.62 9.62 9.62 9.63 9.63 9.63
9.56 9.56 9.56 9.56 9.56 9.56 9.56 9.56 9.56 9.56 9.56 9.56 9.56 9.56 9.56 9.56 9.56 9.56 9.56 9.56 9.56 9.56 9.56 9.56 9.56 9.56 9.56 9.56 9.56 9.56 9.56 9.56 9.56 9.56 9.56 9.56 9.56 9.56 9.56 9.56 9.56 9.56 9.56 9.56 9.57 9.57 9.57 9.58 9.58 9.58 9.58 9.58 9.58 9.58 9.58 9.58 9.59 9.59 9.59 9.59 9.59 9.59 9.59 9.59 9.59 9.59 9.60 9.60 9.60 9.60 9.60 9.60 9.60 9.60 9.60 9.61 9.61 9.61 9.61 9.61 9.61 9.61
9.54 9.54 9.54 9.54 9.54 9.54 9.54 9.54 9.54 9.54 9.54 9.54 9.54 9.54 9.54 9.54 9.54 9.54 9.54 9.54 9.54 9.54 9.54 9.54 9.54 9.54 9.54 9.54 9.54 9.54 9.54 9.54 9.54 9.54 9.55 9.55 9.55 9.55 9.55 9.55 9.55 9.55 9.55 9.56 9.56 9.56 9.56 9.56 9.56 9.56 9.56 9.56 9.57 9.57 9.57 9.57 9.57 9.57 9.57 9.57 9.57 9.57 9.57 9.58 9.58 9.58 9.58 9.58 9.58 9.58 9.58 9.59 9.59 9.59 9.59 9.59 9.59 9.59 9.60 9.60 9.60 9.60
9.52 9.52 9.52 9.52 9.52 9.52 9.52 9.52 9.52 9.52 9.52 9.52 9.52 9.52 9.52 9.52 9.52 9.52 9.52 9.52 9.52 9.52 9.52 9.52 9.52 9.53 9.53 9.53 9.53 9.53 9.53 9.53 9.53 9.53 9.53 9.53 9.53 9.53 9.53 9.53 9.54 9.54 9.54 9.54 9.54 9.55 9.55 9.55 9.55 9.55 9.55 9.55 9.55 9.55 9.55 9.55 9.55 9.56 9.56 9.56 9.56 9.56 9.56 9.56 9.56 9.56 9.56 9.56 9.57 9.57 9.57 9.57 9.57 9.57 9.57 9.58 9.58 9.58 9.58 9.58 9.58 9.58
9.51 9.51 9.51 9.51 9.51 9.51 9.51 9.51 9.51 9.51 9.51 9.51 9.51 9.51 9.51 9.51 9.51 9.51 9.51 9.51 9.51 9.51 9.51 9.51 9.51 9.51 9.51 9.51 9.51 9.51 9.51 9.51 9.51 9.51 9.51 9.51 9.51 9.52 9.52 9.52 9.53 9.53 9.53 9.53 9.53 9.53 9.53 9.53 9.53 9.53 9.53 9.53 9.53 9.54 9.54 9.54 9.54 9.54 9.54 9.54 9.54 9.54 9.54 9.55 9.55 9.55 9.55 9.55 9.55 9.55 9.55 9.56 9.56 9.56 9.56 9.56 9.56 9.56 9.56 9.57 9.57 9.57
9.49 9.49 9.49 9.49 9.49 9.49 9.49 9.49 9.49 9.49 9.49 9.49 9.49 9.49 9.49 9.49 9.49 9.49 9.49 9.49 9.49 9.49 9.49 9.49 9.49 9.49 9.49 9.49 9.49 9.49 9.49 9.49 9.50 9.51 9.51 9.51 9.51 9.51 9.51 9.51 9.51 9.51 9.51 9.51 9.51 9.51 9.51 9.52 9.52 9.52 9.52 9.52 9.52 9.52 9.52 9.52 9.52 9.52 9.52 9.53 9.53 9.53 9.53 9.53 9.53 9.53 9.53 9.53 9.54 9.54 9.54 9.54 9.54 9.54 9.54 9.55 9.55 9.55 9.55 9.55 9.55 9.55
9.47 9.47 9.47 9.47 9.47 9.47 9.47 9.47 9.47 9.47 9.47 9.47 9.47 9.47 9.47 9.47 9.47 9.47 9.47 9.47 9.48 9.48 9.48 9.48 9.48 9.48 9.48 9.48 9.48 9.48 9.49 9.49 9.49 9.49 9.49 9.49 9.49 9.49 9.49 9.49 9.49 9.49 9.50 9.50 9.50 9.50 9.50 9.50 9.50 9.50 9.50 9.50 9.50 9.50 9.51 9.51 9.51 9.51 9.51 9.51 9.51 9.51 9.51 9.51 9.52 9.52 9.52 9.52 9.52 9.52 9.52 9.52 9.53 9.53 9.53 9.53 9.53 9.53 9.53 9.54 9.54 9.54
9.46 9.46 9.46 9.46 9.46 9.46 9.46 9.46 9.46 9.46 9.46 9.46 9.46 9.46 9.46 9.46 9.46 9.46 9.46 9.46 9.46 9.46 9.46 9.46 9.46 9.46 9.47 9.47 9.47 9.47 9.47 9.47 9.47 9.47 9.48 9.48 9.48 9.48 9.48 9.48 9.48 9.48 9.48 9.48 9.48 9.48 9.48 9.48 9.48 9.48 9.49 9.49 9.49 9.49 9.49 9.49 9.49 9.49 9.49 9.49 9.50 9.50 9.50 9.50 9.50 9.50 9.50 9.50 9.51 9.51 9.51 9.51 9.51 9.51 9.51 9.51 9.52 9.52 9.52 9.52 9.52 9.52
9.44 9.44 9.44 9.44 9.44 9.44 9.44 9.44 9.44 9.44 9.44 9.44 9.44 9.44 9.44 9.44 9.44 9.44 9.44 9.44 9.44 9.44 9.45 9.45 9.45 9.45 9.45 9.45 9.46 9.46 9.46 9.46 9.46 9.46 9.46 9.46 9.46 9.46 9.46 9.46 9.46 9.46 9.46 9.46 9.47 9.47 9.47 9.47 9.47 9.47 9.47 9.47 9.47 9.47 9.47 9.48 9.48 9.48 9.48 9.48 9.48 9.48 9.48 9.48 9.48 9.49 9.49 9.49 9.49 9.49 9.49 9.49 9.49 9.50 9.50 9.50 9.50 9.50 9.50 9.51 9.51 9.51
9.42 9.42 9.42 9.42 9.42 9.42 9.42 9.42 9.42 9.42 9.42 9.42 9.42 9.42 9.43 9.43 9.43 9.44 9.44 9.44 9.44 9.44 9.44 9.44 9.44 9.44 9.44 9.44 9.44 9.44 9.44 9.44 9.44 9.44 9.44 9.44 9.44 9.44 9.44 9.45 9.45 9.45 9.45 9.45 9.45 9.45 9.45 9.45 9.45 9.45 9.45 9.45 9.46 9.46 9.46 9.46 9.46 9.46 9.46 9.46 9.46 9.47 9.47 9.47 9.47 9.47 9.47 9.47 9.47 9.48 9.48 9.48 9.48 9.48 9.48 9.48 9.48 9.49 9.49 9.49 9.49 9.49
9.41 9.41 9.41 9.41 9.41 9.41 9.41 9.41 9.41 9.41 9.41 9.41 9.41 9.42 9.42 9.42 9.42 9.42 9.42 9.42 9.42 9.42 9.42 9.42 9.42 9.42 9.42 9.42 9.42 9.42 9.42 9.43 9.43 9.43 9.43 9.43 9.43 9.43 9.43 9.43 9.43 9.43 9.43 9.43 9.43 9.43 9.44 9.44 9.44 9.44 9.44 9.44 9.44 9.44 9.44 9.44 9.44 9.44 9.45 9.45 9.45 9.45 9.45 9.45 9.45 9.45 9.46 9.46 9.46 9.46 9.46 9.46 9.46 9.47 9.47 9.47 9.47 9.47 9.47 9.47 9.48 9.48
9.39 9.39 9.39 9.39 9.39 9.39 9.39 9.39 9.40 9.40 9.40 9.40 9.40 9.40 9.40 9.40 9.40 9.40 9.40 9.40 9.40 9.40 9.40 9.40 9.40 9.40 9.41 9.41 9.41 9.41 9.41 9.41 9.41 9.41 9.41 9.41 9.41 9.41 9.41 9.41 9.41 9.41 9.41 9.42 9.42 9.42 9.42 9.42 9.42 9.42 9.42 9.42 9.42 9.43 9.43 9.43 9.43 9.43 9.43 9.43 9.43 9.43 9.44 9.44 9.44 9.44 9.44 9.44 9.44 9.44 9.44 9.45 9.45 9.45 9.45 9.45 9.45 9.45 9.46 9.46 9.46 9.46
9.37 9.37 9.37 9.38 9.38 9.38 9.38 9.38 9.38 9.38 9.38 9.38 9.38 9.38 9.39 9.39 9.39 9.39 9.39 9.39 9.39 9.39 9.39 9.39 9.39 9.39 9.39 9.39 9.39 9.39 9.39 9.39 9.39 9.39 9.39 9.39 9.40 9.40 9.40 9.40 9.40 9.40 9.40 9.40 9.40 9.40 9.40 9.40 9.40 9.40 9.41 9.41 9.41 9.41 9.41 9.41 9.41 9.41 9.41 9.42 9.42 9.42 9.42 9.42 9.42 9.42 9.42 9.43 9.43 9.43 9.43 9.43 9.43 9.43 9.44 9.44 9.44 9.44 9.44 9.44 9.44 9.45
9.36 9.36 9.36 9.36 9.36 9.37 9.37 9.37 9.37 9.37 9.37 9.37 9.37 9.37 9.37 9.37 9.37 9.37 9.37 9.37 9.37 9.37 9.37 9.37 9.37 9.37 9.37 9.37 9.37 9.37 9.38 9.38 9.38 9.38 9.38 9.38 9.38 9.38 9.38 9.38 9.38 9.38 9.38 9.38 9.39 9.39 9.39 9.39 9.39 9.39 9.39 9.39 9.39 9.39 9.39 9.40 9.40 9.40 9.40 9.40 9.40 9.40 9.40 9.40 9.41 9.41 9.41 9.41 9.41 9.41 9.41 9.41 9.42 9.42 9.42 9.42 9.42 9.42 9.43 9.43 9.43 9.43
9.35 9.35 9.35 9.35 9.35 9.35 9.35 9.35 9.35 9.35 9.35 9.35 9.35 9.35 9.35 9.35 9.35 9.35 9.35 9.35 9.35 9.35 9.35 9.35 9.35 9.35 9.36 9.36 9.36 9.36 9.36 9.36 9.36 9.36 9.36 9.36 9.36 9.36 9.36 9.36 9.36 9.37 9.37 9.37 9.37 9.37 9.37 9.37 9.37 9.37 9.37 9.38 9.38 9.38 9.38 9.38 9.38 9.38 9.38 9.38 9.39 9.39 9.39 9.39 9.39 9.39 9.39 9.39 9.40 9.40 9.40 9.40 9.40 9.40 9.40 9.40 9.41 9.41 9.41 9.41 9.41 9.41
9.33 9.33 9.33 9.33 9.33 9.33 9.33 9.33 9.33 9.33 9.33 9.33 9.33 9.33 9.33 9.33 9.34 9.34 9.34 9.34 9.34 9.34 9.34 9.34 9.34 9.34 9.34 9.34 9.34 9.34 9.34 9.34 9.34 9.34 9.34 9.35 9.35 9.35 9.35 9.35 9.35 9.35 9.35 9.35 9.35 9.35 9.35 9.35 9.36 9.36 9.36 9.36 9.36 9.36 9.36 9.36 9.36 9.36 9.37 9.37 9.37 9.37 9.37 9.37 9.37 9.38 9.38 9.38 9.38 9.38 9.38 9.38 9.39 9.39 9.39 9.39 9.39 9.39 9.39 9.40 9.40 9.40
