main/data/pressure/26.06.2023.grid
ncols 886
nrows 691
xllcenter 112.0000
yllcenter -44.5000
cellsize 0.0500
nodata_value 99999.90
[rows 216 to 251 of 691, columns 82 to 163 of 886]
10.92 10.83 10.75 10.68 10.62 10.55 10.48 10.41 10.32 10.24 10.14 10.04 9.94 9.84 9.91 9.99 10.06 10.12 10.05 10.14 10.25 10.30 10.24 10.40 10.42 10.45 10.47 10.50 10.54 10.57 10.60 10.63 10.68 10.74 10.73 10.64 10.94 11.08 11.17 11.29 11.30 11.48 11.56 11.63 11.71 11.79 11.84 11.84 11.92 11.95 11.99 12.02 12.03 12.06 12.05 12.04 12.03 12.04 12.05 12.07 12.08 12.10 12.12 12.13 12.15 12.15 12.18 12.21 12.22 12.25 12.28 12.33 12.38 12.44 12.49 12.50 12.45 12.48 12.65 12.74 12.77 12.70
10.79 10.71 10.63 10.56 10.49 10.42 10.35 10.26 10.18 10.11 10.02 9.93 9.84 9.74 9.77 9.86 9.91 9.93 9.94 9.98 10.10 10.15 10.21 10.26 10.30 10.33 10.36 10.39 10.42 10.45 10.48 10.52 10.54 10.62 10.65 10.73 10.81 10.94 11.05 11.13 11.27 11.37 11.44 11.51 11.59 11.67 11.74 11.75 11.81 11.85 11.88 11.89 11.90 11.92 11.93 11.94 11.92 11.91 11.93 11.94 11.94 11.96 11.99 12.03 12.05 12.06 12.07 12.07 12.09 12.09 12.20 12.25 12.29 12.34 12.40 12.43 12.44 12.45 12.57 12.63 12.67 12.59
10.67 10.59 10.52 10.39 10.37 10.28 10.20 10.07 10.05 9.98 9.90 9.82 9.79 9.76 9.75 9.73 9.72 9.87 9.88 9.77 9.95 10.05 9.94 10.04 9.88 10.19 10.23 10.26 10.31 10.33 10.37 10.39 10.41 10.47 10.32 10.50 10.32 10.65 10.90 11.02 11.14 11.22 11.29 11.32 11.43 11.56 11.58 11.56 11.71 11.74 11.76 11.75 11.75 11.79 11.79 11.82 11.82 11.81 11.82 11.82 11.83 11.88 11.90 11.93 11.95 11.97 11.97 11.97 11.99 12.06 12.11 12.16 12.17 12.21 12.32 12.36 12.38 12.33 12.39 12.51 12.55 12.53
10.56 10.48 10.40 10.28 10.23 10.10 9.94 9.84 9.92 9.88 9.74 9.68 9.72 9.70 9.68 9.66 9.61 9.67 9.77 9.78 9.87 9.72 9.72 9.79 9.91 10.07 10.09 10.15 10.18 10.23 10.27 10.27 10.32 10.32 10.31 10.49 10.43 10.61 10.78 10.89 10.99 11.09 11.12 11.14 11.30 11.45 11.47 11.46 11.57 11.62 11.65 11.66 11.64 11.67 11.67 11.69 11.69 11.68 11.68 11.73 11.76 11.77 11.80 11.82 11.85 11.86 11.88 11.87 11.86 11.96 11.98 12.05 12.08 12.12 12.24 12.29 12.27 12.22 12.23 12.38 12.46 12.44
10.45 10.35 10.22 10.14 10.09 9.96 9.81 9.77 9.80 9.74 9.49 9.46 9.62 9.61 9.43 9.50 9.55 9.61 9.63 9.71 9.68 9.74 9.69 9.75 9.88 9.86 9.90 9.78 10.08 10.11 10.16 10.14 10.21 10.25 10.26 10.30 10.39 10.52 10.63 10.60 10.80 10.92 10.92 11.02 11.23 11.31 11.36 11.39 11.46 11.46 11.52 11.53 11.54 11.56 11.55 11.55 11.54 11.53 11.58 11.62 11.64 11.66 11.68 11.71 11.75 11.69 11.70 11.82 11.74 11.79 11.65 11.82 12.00 12.08 12.07 12.20 12.24 12.20 12.30 12.32 12.35 12.34
10.33 10.24 10.00 10.02 9.92 9.81 9.68 9.63 9.63 9.63 9.50 9.47 9.54 9.52 9.50 9.47 9.50 9.52 9.53 9.55 9.51 9.64 9.53 9.45 9.65 9.52 9.89 9.94 9.85 9.97 10.06 9.95 10.10 10.17 10.20 10.19 10.29 10.38 10.46 10.53 10.70 10.77 10.78 10.84 11.06 11.13 11.21 11.22 11.17 11.19 11.36 11.40 11.41 11.42 11.43 11.41 11.38 11.33 11.46 11.49 11.49 11.52 11.50 11.60 11.62 11.63 11.44 11.66 11.38 11.55 11.48 11.71 11.89 12.04 12.00 12.15 12.19 12.22 12.25 12.26 12.24 12.27
10.20 10.10 9.88 9.86 9.69 9.50 9.49 9.51 9.51 9.50 9.45 9.42 9.43 9.40 9.38 9.44 9.41 9.40 9.36 9.20 9.51 9.57 9.49 9.47 9.45 9.47 9.70 9.83 9.68 9.72 9.95 10.00 10.04 10.06 10.08 10.12 10.19 10.25 10.27 10.32 10.52 10.62 10.66 10.71 10.83 10.87 10.97 11.11 11.07 11.02 11.18 11.22 11.25 11.26 11.28 11.30 11.07 11.29 11.29 11.21 11.28 11.26 11.13 11.30 11.50 11.24 11.29 11.35 11.64 11.42 11.37 11.41 11.66 11.97 11.86 12.03 12.04 12.12 12.17 12.18 12.19 12.22
10.09 10.00 9.85 9.75 9.56 9.41 9.38 9.40 9.38 9.37 9.33 9.29 9.30 9.27 9.24 9.32 9.32 9.30 9.28 9.26 9.45 9.46 9.47 9.40 9.12 9.57 9.69 9.72 9.65 9.61 9.83 9.82 9.83 9.96 10.00 10.04 10.07 10.12 10.15 10.23 10.26 10.34 10.47 10.49 10.60 10.47 10.69 10.91 10.97 10.94 10.90 10.82 11.04 11.09 11.11 11.12 11.11 11.11 11.10 10.93 10.99 11.24 10.81 11.34 11.20 11.53 11.42 11.34 11.59 11.57 11.26 11.38 11.76 11.90 11.95 11.97 11.84 12.01 12.08 12.11 12.14 12.15
9.98 9.85 9.74 9.63 9.49 9.38 9.31 9.26 9.21 9.15 9.11 9.09 9.12 9.14 9.17 9.23 9.26 9.22 9.11 9.18 9.31 9.26 9.35 9.30 9.21 9.11 9.59 9.48 9.65 9.66 9.62 9.41 9.49 9.80 9.87 9.90 9.92 9.95 9.99 9.96 9.79 10.04 10.22 10.19 10.24 10.28 10.57 10.65 10.71 10.73 10.61 10.40 10.73 10.84 10.95 10.79 10.78 10.88 10.87 10.77 10.96 11.04 11.22 11.25 11.30 10.97 11.24 11.25 11.34 11.48 11.45 11.56 11.78 11.61 11.81 11.89 11.93 11.93 11.97 12.02 12.05 12.07
9.87 9.74 9.64 9.53 9.43 9.32 9.24 9.15 9.06 8.96 8.91 8.91 8.95 9.05 9.12 9.14 8.99 9.06 8.86 9.16 8.92 8.95 9.21 9.13 9.35 9.45 9.46 9.29 8.99 9.52 9.46 9.52 9.43 9.65 9.73 9.76 9.80 9.79 9.78 9.81 9.78 9.89 9.94 9.92 10.12 10.21 10.32 10.37 10.40 10.49 10.54 10.41 10.63 10.70 10.75 10.79 10.74 10.69 10.60 10.80 10.91 11.02 11.15 11.26 11.30 11.20 11.05 11.14 11.24 11.35 11.43 11.59 11.70 11.51 11.72 11.69 11.84 11.77 11.86 11.92 11.96 11.97
9.68 9.70 9.57 9.47 9.38 9.29 9.20 9.11 9.04 8.95 8.88 8.83 8.89 9.00 9.04 9.02 8.87 8.90 8.76 8.91 8.89 8.65 8.79 8.98 9.30 9.00 9.28 9.24 9.18 9.39 9.34 9.32 9.47 9.53 9.53 9.58 9.63 9.59 9.55 9.49 9.42 9.45 9.63 9.77 9.87 9.98 10.06 10.11 10.12 10.13 10.30 10.23 10.39 10.46 10.53 10.58 10.62 10.49 10.41 10.33 10.65 10.84 10.92 10.95 11.19 11.08 10.95 11.05 11.05 11.14 11.43 11.52 11.61 11.63 11.55 11.30 11.52 11.69 11.77 11.84 11.87 11.88
9.62 9.62 9.49 9.35 9.34 9.26 9.18 9.10 9.06 9.00 8.90 8.83 8.91 8.94 8.65 8.80 8.64 8.59 8.67 8.76 8.72 8.68 8.69 9.11 9.06 9.20 9.08 9.01 9.19 9.12 8.84 9.24 9.23 9.34 9.40 9.41 9.38 9.46 9.34 9.19 9.07 9.22 9.51 9.45 9.64 9.73 9.81 9.83 9.77 9.69 9.98 9.99 10.12 10.18 10.24 10.29 10.45 10.21 10.43 10.46 10.50 10.57 10.63 10.90 11.08 11.15 11.12 11.16 11.08 11.10 11.15 11.11 11.53 11.49 11.60 11.56 11.59 11.66 11.71 11.75 11.80 11.81
9.55 9.47 9.38 9.27 9.22 9.17 9.12 9.05 9.01 8.95 8.88 8.84 8.79 8.72 8.63 8.65 8.61 8.58 8.57 8.67 8.60 8.65 8.69 8.86 8.93 8.78 8.95 8.72 8.86 8.74 8.81 8.76 8.87 9.13 9.11 8.83 9.12 9.27 9.09 8.84 9.08 9.17 9.07 8.91 9.25 9.46 9.54 9.63 9.61 9.53 9.80 9.83 9.86 9.87 9.92 10.02 10.24 10.31 10.38 10.33 10.17 10.34 10.49 10.81 10.95 11.05 11.07 11.08 11.08 11.12 11.14 10.97 11.38 11.46 11.50 11.56 11.59 11.62 11.61 11.59 11.69 11.73
9.43 9.33 9.23 9.14 9.11 9.07 8.94 8.83 8.83 8.88 8.87 8.81 8.71 8.60 8.69 8.65 8.64 8.62 8.65 8.61 8.57 8.62 8.59 8.60 8.80 8.77 8.72 8.68 8.75 8.54 8.73 8.87 8.87 8.67 8.75 8.90 8.92 9.00 9.07 8.90 8.64 8.85 8.73 8.97 9.16 9.24 9.32 9.38 9.45 9.50 9.57 9.62 9.66 9.68 9.78 9.86 9.98 10.08 10.19 10.24 10.25 10.30 10.30 10.70 10.70 10.94 10.94 10.93 11.03 11.08 11.04 10.76 11.26 11.43 11.43 11.45 11.49 11.50 11.53 11.31 11.54 11.60
9.30 9.18 9.12 9.05 8.98 8.90 8.81 8.70 8.68 8.70 8.72 8.78 8.75 8.73 8.70 8.62 8.58 8.59 8.58 8.58 8.59 8.58 8.57 8.56 8.71 8.57 8.55 8.54 8.65 8.74 8.62 8.64 8.60 8.38 8.46 8.65 8.79 8.85 8.79 8.71 8.60 8.40 8.45 8.71 8.90 8.98 9.06 9.12 9.19 9.27 9.34 9.40 9.46 9.53 9.61 9.65 9.79 9.84 9.86 10.09 10.08 9.96 10.01 10.37 10.23 10.81 10.88 10.91 10.79 10.90 10.93 10.71 11.18 11.34 11.39 11.40 11.41 11.42 11.44 11.46 11.38 11.47
9.18 9.05 9.03 8.99 8.87 8.76 8.70 8.62 8.56 8.52 8.51 8.52 8.55 8.58 8.58 8.57 8.57 8.56 8.56 8.56 8.48 8.50 8.51 8.55 8.58 8.53 8.48 8.47 8.57 8.48 8.34 8.36 8.38 8.27 8.28 8.15 8.62 8.41 8.57 8.47 8.18 8.08 8.06 8.38 8.64 8.75 8.79 8.85 8.95 9.01 9.11 9.19 9.26 9.34 9.41 9.51 9.59 9.65 9.71 9.90 9.94 9.85 10.04 10.26 10.35 10.69 10.77 10.79 10.71 10.80 10.79 10.90 11.10 11.25 11.29 11.30 11.32 11.34 11.36 11.32 11.41 11.41
9.09 9.04 8.97 8.88 8.77 8.70 8.66 8.56 8.48 8.44 8.40 8.39 8.45 8.48 8.47 8.40 8.42 8.46 8.43 8.46 8.49 8.46 8.46 8.42 8.41 8.44 8.40 8.42 8.43 8.36 8.33 8.31 8.22 8.14 8.14 8.25 8.34 8.29 8.43 8.22 8.03 7.90 7.94 8.25 8.45 8.49 8.51 8.59 8.61 8.71 8.89 8.98 9.07 9.16 9.25 9.33 9.41 9.54 9.67 9.76 9.81 9.86 10.13 10.29 10.45 10.57 10.64 10.57 10.71 10.72 10.58 10.58 10.99 11.16 11.18 11.18 11.21 11.25 11.26 11.22 11.27 11.35
9.03 9.06 8.95 8.82 8.73 8.70 8.67 8.57 8.40 8.43 8.37 8.31 8.38 8.33 8.29 8.33 8.35 8.36 8.37 8.39 8.40 8.43 8.41 8.40 8.37 8.36 8.28 8.31 8.31 8.18 8.03 8.08 8.09 7.95 7.96 8.07 8.18 8.21 8.21 7.73 7.77 7.74 7.81 8.01 8.22 8.07 8.21 8.37 8.21 8.37 8.70 8.79 8.87 8.96 9.07 9.16 9.26 9.38 9.47 9.60 9.58 9.79 9.76 10.17 10.34 10.44 10.46 10.37 10.53 10.60 10.65 10.61 10.84 11.04 11.07 11.02 11.11 10.99 11.17 11.02 11.12 11.26
9.09 9.00 8.94 8.85 8.74 8.68 8.61 8.56 8.53 8.47 8.41 8.36 8.35 8.31 8.30 8.31 8.34 8.22 8.22 8.30 8.36 8.36 8.38 8.38 8.35 8.31 8.29 8.25 8.21 8.09 8.03 7.99 7.92 7.86 7.79 7.72 7.93 8.03 7.88 7.63 7.57 7.55 7.45 7.58 7.88 7.80 7.96 8.24 8.07 8.01 8.12 8.53 8.70 8.78 8.89 8.98 9.10 9.21 9.31 9.31 9.38 9.65 9.61 9.94 10.16 10.31 10.42 10.39 10.36 10.45 10.54 10.50 10.55 10.94 10.95 10.86 10.82 10.86 11.02 11.05 11.12 11.19
9.09 9.00 8.88 8.80 8.71 8.62 8.55 8.47 8.43 8.41 8.35 8.34 8.32 8.29 8.24 8.19 8.02 7.80 7.88 8.12 8.31 8.24 8.31 8.30 8.31 8.28 8.24 8.20 8.15 8.10 7.97 7.88 7.75 7.85 7.76 7.75 7.78 7.76 7.60 7.57 7.54 7.50 7.41 7.40 7.62 7.77 7.95 8.02 7.86 7.80 8.35 8.44 8.50 8.61 8.72 8.82 8.91 9.04 9.12 9.23 9.25 9.45 9.70 9.88 10.04 10.14 10.27 10.36 10.35 10.33 10.34 10.44 10.73 10.80 10.85 10.87 10.89 10.56 10.77 10.93 10.99 11.09
8.93 8.79 8.66 8.53 8.68 8.60 8.53 8.46 8.40 8.33 8.28 8.29 8.29 8.19 8.13 8.13 7.96 7.82 7.70 7.56 8.01 7.87 8.00 8.19 8.16 8.24 8.19 8.15 8.10 8.02 7.96 7.86 7.80 7.80 7.71 7.60 7.60 7.43 7.37 7.39 7.40 7.42 7.38 7.42 7.60 7.80 7.80 7.67 7.76 8.03 8.11 8.31 8.32 8.37 8.53 8.65 8.78 8.87 8.84 9.02 9.18 9.18 9.35 9.51 9.76 9.80 10.08 10.22 10.27 10.21 10.18 10.19 10.26 10.67 10.72 10.71 10.71 10.59 10.60 10.78 10.89 10.97
8.83 8.62 8.46 8.31 8.48 8.56 8.51 8.45 8.40 8.31 8.22 8.23 8.24 8.02 7.55 8.12 8.06 8.09 7.95 7.83 7.79 7.66 8.06 8.03 7.78 7.65 8.06 8.07 8.01 7.96 7.90 7.83 7.77 7.69 7.61 7.54 7.47 7.38 7.30 7.30 7.33 7.35 7.39 7.42 7.57 7.57 7.45 7.44 7.72 7.55 7.93 8.18 8.15 8.07 8.33 8.53 8.62 8.71 8.68 8.87 8.98 8.98 9.09 9.31 9.61 9.82 9.99 10.03 10.11 10.19 10.12 10.14 10.39 10.43 10.56 10.30 10.43 10.45 10.52 10.67 10.79 10.84
8.81 8.61 8.47 8.37 8.34 8.34 8.35 8.35 8.37 8.31 8.23 8.16 8.17 8.19 8.04 8.08 8.11 8.07 8.04 8.00 7.86 7.71 7.75 7.62 7.51 7.38 7.62 7.82 7.87 7.84 7.78 7.68 7.52 7.37 7.23 7.19 7.34 7.40 7.38 7.37 7.36 7.36 7.33 7.27 7.29 7.37 7.39 7.44 7.55 7.44 7.83 8.05 7.97 7.83 8.19 8.36 8.41 8.56 8.63 8.74 8.82 8.87 9.09 9.30 9.47 9.64 9.82 9.87 9.93 10.04 9.90 10.06 9.97 10.25 10.28 10.02 10.12 10.26 10.41 10.56 10.69 10.64
8.83 8.68 8.50 8.35 8.19 8.08 8.06 8.10 8.28 8.23 8.14 8.07 8.09 8.14 8.11 8.07 8.06 8.04 8.00 7.95 7.87 7.78 7.69 7.15 7.46 7.43 7.26 7.60 7.60 7.46 7.58 7.53 7.21 6.98 6.63 6.61 7.11 7.24 7.33 7.21 7.17 7.21 7.26 7.15 7.15 7.33 7.33 7.33 7.37 7.34 7.73 7.91 7.92 7.69 7.96 8.22 8.12 8.35 8.52 8.50 8.60 8.81 8.82 9.07 9.21 9.50 9.65 9.75 9.77 9.91 9.91 9.95 9.97 10.14 9.94 10.01 10.20 10.29 10.38 10.48 10.48 10.32
8.80 8.68 8.53 8.35 8.13 8.09 7.90 7.90 8.26 8.14 8.02 7.98 8.05 8.05 7.94 8.00 7.93 7.88 7.94 7.89 7.84 7.76 7.68 7.54 7.59 7.63 7.57 7.54 6.99 7.35 7.45 7.39 6.78 6.63 6.29 6.83 6.63 7.04 7.26 7.27 7.20 7.08 7.08 7.13 7.20 7.28 7.25 7.18 7.34 7.41 7.61 7.76 7.67 7.60 7.79 7.97 7.89 8.00 8.35 8.20 8.24 8.44 8.59 8.79 9.07 9.34 9.48 9.59 9.71 9.80 9.85 9.77 9.77 9.96 10.10 10.01 10.03 10.08 10.08 10.33 10.37 10.32
8.73 8.69 8.57 8.50 8.29 8.15 7.90 7.83 7.95 7.86 7.81 7.82 8.00 8.04 7.85 7.81 7.90 7.83 7.83 7.79 7.74 7.73 7.63 7.64 7.65 7.55 7.58 7.49 7.46 6.85 7.32 7.33 7.11 6.80 6.82 6.76 6.99 7.13 7.20 7.24 7.22 7.20 7.22 7.23 7.25 7.27 7.28 7.20 7.33 7.32 7.33 7.60 7.54 7.54 7.67 7.72 7.77 7.91 8.16 8.25 8.30 8.49 8.63 8.86 9.03 9.17 9.27 9.37 9.54 9.66 9.72 9.76 9.77 9.78 9.85 9.95 9.96 9.93 10.10 10.12 10.17 10.20
8.62 8.59 8.61 8.55 8.45 8.27 7.90 7.98 7.72 7.46 7.61 7.70 7.90 7.89 7.90 7.79 7.64 7.86 7.81 7.64 7.62 7.54 7.58 7.52 6.96 7.03 6.74 7.05 7.25 7.02 7.08 7.07 7.04 6.36 6.86 6.28 6.34 6.67 7.10 7.18 7.20 7.20 7.21 7.22 7.24 7.27 7.25 7.30 7.38 7.23 7.36 7.53 7.53 7.47 7.57 7.67 7.70 7.74 7.83 8.07 8.12 8.34 8.55 8.71 8.80 8.87 9.01 9.11 9.35 9.49 9.60 9.66 9.67 9.58 9.70 9.75 9.74 9.87 10.00 9.91 9.88 10.01
8.67 8.67 8.65 8.56 8.48 8.20 8.18 7.99 7.83 7.51 7.76 7.82 7.68 7.58 7.54 7.81 7.85 7.83 7.80 7.73 7.57 7.37 7.31 7.37 7.29 7.10 6.64 6.70 7.03 6.53 6.39 6.24 6.43 6.34 6.43 6.86 6.32 6.96 7.06 7.14 7.12 7.17 7.14 7.16 7.19 7.24 7.27 7.31 7.30 7.36 7.43 7.49 7.48 7.54 7.54 7.65 7.69 7.71 7.81 7.91 8.03 8.22 8.27 8.55 8.54 8.73 8.80 8.96 9.23 9.34 9.36 9.54 9.52 9.44 9.57 9.60 9.72 9.81 9.86 9.85 9.81 9.76
8.81 8.75 8.70 8.60 8.44 8.35 8.18 7.51 7.90 8.03 7.68 7.70 7.27 7.37 7.65 7.70 7.31 7.47 7.68 7.18 7.45 7.41 6.96 7.28 7.09 7.18 6.78 6.45 6.55 6.40 6.09 6.50 6.87 6.27 6.13 6.11 6.30 6.40 6.96 7.01 6.47 6.77 7.03 7.06 7.07 7.13 7.24 7.28 7.31 7.37 7.43 7.47 7.53 7.55 7.55 7.64 7.68 7.68 7.69 7.93 7.93 7.98 8.05 8.28 8.36 8.51 8.54 8.78 8.99 9.05 9.10 9.35 9.47 9.42 9.42 9.45 9.60 9.69 9.74 9.75 9.74 9.72
8.82 8.76 8.70 8.63 8.53 8.46 8.15 7.94 7.77 8.04 8.07 7.93 7.89 7.24 7.69 7.61 7.55 7.65 7.73 7.56 7.65 7.57 7.51 7.36 7.18 6.93 7.00 6.64 6.77 6.48 6.18 6.79 6.80 6.76 6.77 6.75 6.70 6.68 6.62 6.71 6.08 6.20 6.92 6.99 7.00 7.01 7.17 7.23 7.27 7.30 7.38 7.44 7.49 7.55 7.59 7.64 7.69 7.71 7.78 7.92 7.99 8.05 8.12 8.29 8.39 8.48 8.49 8.64 8.85 8.92 9.02 9.22 9.35 9.36 9.30 9.28 9.52 9.56 9.55 9.59 9.64 9.70
8.84 8.78 8.73 8.66 8.57 8.43 8.17 7.93 7.50 7.78 8.13 8.01 8.00 6.83 7.18 7.18 7.32 7.62 7.76 7.73 7.67 7.54 7.24 7.42 7.34 7.28 7.20 7.10 7.00 6.91 6.74 6.84 6.82 6.80 6.78 6.76 6.71 6.72 6.17 6.00 6.03 5.99 6.69 6.77 6.09 6.79 6.79 6.97 7.15 7.22 7.34 7.36 7.46 7.53 7.57 7.63 7.68 7.75 7.81 7.89 7.99 8.06 8.16 8.28 8.39 8.43 8.51 8.72 8.88 8.99 9.02 9.08 9.13 9.23 9.22 9.25 9.42 9.50 9.43 9.49 9.60 9.67
8.85 8.81 8.76 8.66 8.56 8.50 8.21 7.99 7.80 7.87 8.16 8.11 8.03 7.96 7.90 7.10 7.71 7.79 7.80 7.76 7.61 7.59 7.53 7.29 7.22 7.23 7.16 7.06 6.95 6.74 6.85 6.86 6.83 6.81 6.76 6.77 6.70 6.71 5.63 5.75 6.24 6.13 6.52 6.54 6.70 6.44 6.64 6.73 7.00 6.98 7.20 7.28 7.39 7.45 7.54 7.60 7.68 7.75 7.82 7.88 7.96 8.03 8.12 8.24 8.41 8.55 8.64 8.78 8.85 8.90 8.96 9.07 9.20 9.19 9.18 9.19 9.41 9.35 9.37 9.49 9.55 9.62
8.82 8.81 8.74 8.51 8.50 8.51 8.37 8.22 7.89 7.45 8.21 8.16 7.97 7.92 7.89 7.89 7.86 7.80 7.67 7.47 7.52 7.32 7.17 6.91 6.79 7.03 6.86 6.64 6.75 6.85 6.86 6.84 6.83 6.61 6.57 6.77 6.49 6.70 5.51 5.66 5.76 6.37 6.48 6.54 6.61 6.41 6.54 6.83 6.06 6.55 6.36 6.44 6.89 7.26 7.42 7.49 7.58 7.69 7.75 7.84 7.91 8.00 8.07 8.19 8.35 8.50 8.62 8.73 8.85 8.92 9.01 9.10 9.18 9.20 9.21 9.26 9.36 9.35 9.40 9.29 9.45 9.57
8.87 8.81 8.62 8.34 8.53 8.58 8.55 8.20 8.06 7.80 8.08 8.26 7.85 7.73 7.85 7.68 7.80 7.68 7.65 7.31 7.46 7.33 7.21 6.64 6.02 6.76 6.89 6.24 6.69 6.93 6.90 6.85 6.82 6.80 6.68 6.75 6.68 6.71 6.25 5.69 5.82 6.39 6.38 6.31 6.35 6.37 6.49 6.68 6.54 6.44 6.49 6.89 6.97 6.34 6.70 7.23 7.41 7.58 7.65 7.78 7.87 7.95 8.05 8.16 8.30 8.44 8.57 8.69 8.80 8.90 8.99 9.08 9.14 9.19 9.25 9.27 9.31 9.31 9.38 9.21 9.46 9.51
8.86 8.76 8.77 8.69 8.66 8.57 8.38 8.35 8.41 8.42 8.35 8.30 7.41 7.41 7.56 7.39 7.36 7.09 7.39 7.16 7.51 7.43 7.15 6.99 6.79 6.99 6.38 6.55 7.07 6.98 6.56 6.84 6.84 6.79 6.33 6.60 6.66 6.68 6.23 5.69 5.74 6.34 6.12 5.64 6.01 6.12 6.29 6.40 6.55 6.21 6.65 6.87 6.96 6.54 6.19 6.51 6.76 7.25 7.47 7.65 7.81 7.92 8.01 8.09 8.25 8.37 8.50 8.62 8.74 8.84 8.93 9.00 9.08 9.15 9.20 9.23 9.27 9.31 9.21 9.18 9.29 9.45
8.66 8.73 8.62 8.71 8.47 8.57 8.13 8.06 8.09 8.28 8.15 8.30 8.13 7.57 7.98 7.63 7.52 7.31 7.52 7.56 7.56 7.26 7.37 7.29 7.12 6.79 6.66 7.04 7.15 6.65 6.42 6.79 6.66 6.78 6.59 6.58 6.64 6.64 6.61 6.60 6.47 5.95 6.45 5.87 6.15 5.97 6.52 6.58 6.54 6.45 6.60 6.39 6.58 6.75 6.67 6.74 6.66 6.85 7.10 7.36 7.60 7.67 7.94 8.08 8.20 8.32 8.44 8.56 8.67 8.77 8.87 8.94 9.01 9.08 9.14 9.20 9.25 9.28 9.22 9.30 9.35 9.29
