main/data/pressure/27.02.2023.grid
ncols 886
nrows 691
xllcenter 112.0000
yllcenter -44.5000
cellsize 0.0500
nodata_value 99999.90
[rows 612 to 645 of 691, columns 770 to 846 of 886]
16.47 16.49 16.51 16.53 16.54 16.57 16.58 16.60 16.62 16.63 16.66 16.68 16.69 16.71 16.72 16.74 16.75 16.77 16.79 16.80 16.83 16.84 16.85 16.87 16.88 16.90 16.91 16.93 16.94 16.95 16.98 16.99 17.00 17.02 17.03 17.04 17.05 17.07 17.08 17.09 17.10 17.12 17.14 17.15 17.16 17.17 17.18 17.19 17.20 17.22 17.23 17.24 17.26 17.27 17.28 17.29 17.30 17.31 17.32 17.33 17.34 17.34 17.35 17.36 17.37 17.39 17.40 17.41 17.44 17.48 17.51 17.55 17.58 17.62 17.65 17.68 17.72
16.43 16.44 16.46 16.49 16.50 16.52 16.55 16.56 16.58 16.59 16.61 16.63 16.65 16.67 16.68 16.70 16.71 16.73 16.75 16.76 16.79 16.80 16.82 16.83 16.84 16.86 16.87 16.89 16.91 16.92 16.94 16.95 16.96 16.98 16.99 17.00 17.02 17.04 17.05 17.06 17.08 17.09 17.10 17.11 17.12 17.14 17.16 17.17 17.18 17.19 17.20 17.21 17.22 17.23 17.25 17.26 17.27 17.28 17.29 17.30 17.31 17.32 17.33 17.34 17.36 17.36 17.37 17.38 17.42 17.46 17.49 17.52 17.56 17.59 17.63 17.66 17.69
16.38 16.40 16.42 16.44 16.46 16.48 16.49 16.51 16.54 16.55 16.57 16.59 16.60 16.63 16.64 16.66 16.68 16.69 16.71 16.72 16.75 16.76 16.78 16.79 16.80 16.82 16.83 16.86 16.87 16.89 16.90 16.91 16.93 16.94 16.96 16.97 16.99 17.00 17.01 17.02 17.04 17.06 17.07 17.08 17.09 17.11 17.12 17.13 17.15 17.16 17.17 17.18 17.19 17.20 17.21 17.22 17.24 17.25 17.26 17.27 17.28 17.29 17.30 17.31 17.33 17.34 17.35 17.36 17.39 17.43 17.47 17.51 17.54 17.57 17.60 17.64 17.67
16.33 16.35 16.37 16.39 16.41 16.44 16.46 16.47 16.49 16.52 16.53 16.55 16.56 16.58 16.61 16.62 16.64 16.65 16.67 16.68 16.71 16.72 16.74 16.75 16.77 16.78 16.80 16.82 16.83 16.85 16.86 16.87 16.90 16.91 16.92 16.94 16.95 16.96 16.98 17.00 17.01 17.02 17.03 17.05 17.06 17.08 17.09 17.10 17.11 17.12 17.13 17.15 17.16 17.17 17.18 17.20 17.20 17.22 17.24 17.25 17.25 17.26 17.27 17.28 17.30 17.31 17.32 17.34 17.38 17.40 17.44 17.48 17.51 17.55 17.57 17.61 17.64
16.28 16.30 16.33 16.34 16.37 16.39 16.41 16.43 16.45 16.46 16.48 16.51 16.52 16.54 16.56 16.57 16.60 16.61 16.63 16.64 16.66 16.68 16.70 16.71 16.73 16.74 16.77 16.78 16.80 16.81 16.82 16.84 16.86 16.87 16.89 16.90 16.91 16.93 16.95 16.96 16.97 16.98 17.01 17.02 17.03 17.04 17.05 17.06 17.08 17.10 17.11 17.12 17.13 17.15 17.16 17.17 17.18 17.19 17.20 17.22 17.23 17.24 17.25 17.25 17.27 17.28 17.29 17.31 17.35 17.39 17.42 17.45 17.49 17.52 17.56 17.59 17.61
16.23 16.26 16.28 16.30 16.32 16.35 16.37 16.38 16.41 16.43 16.44 16.46 16.49 16.50 16.52 16.53 16.55 16.57 16.59 16.61 16.62 16.64 16.66 16.67 16.69 16.70 16.73 16.74 16.76 16.77 16.78 16.81 16.82 16.83 16.85 16.86 16.88 16.90 16.91 16.92 16.93 16.95 16.97 16.98 16.99 17.01 17.02 17.04 17.05 17.06 17.08 17.09 17.10 17.11 17.12 17.14 17.15 17.16 17.17 17.18 17.20 17.21 17.22 17.23 17.24 17.26 17.26 17.28 17.32 17.36 17.40 17.43 17.46 17.49 17.53 17.56 17.59
16.19 16.21 16.24 16.25 16.28 16.30 16.32 16.34 16.36 16.38 16.40 16.42 16.44 16.45 16.48 16.49 16.51 16.53 16.55 16.57 16.58 16.60 16.62 16.64 16.65 16.66 16.68 16.70 16.72 16.73 16.75 16.77 16.78 16.80 16.81 16.83 16.84 16.86 16.87 16.88 16.91 16.92 16.93 16.94 16.96 16.98 16.99 17.00 17.02 17.03 17.04 17.05 17.06 17.08 17.09 17.10 17.11 17.13 17.14 17.15 17.16 17.18 17.19 17.20 17.21 17.22 17.24 17.26 17.30 17.33 17.37 17.40 17.44 17.47 17.51 17.53 17.56
16.14 16.17 16.19 16.21 16.23 16.26 16.28 16.29 16.32 16.34 16.35 16.38 16.40 16.41 16.43 16.45 16.47 16.49 16.50 16.53 16.54 16.56 16.57 16.60 16.61 16.63 16.64 16.67 16.68 16.69 16.71 16.73 16.75 16.76 16.77 16.79 16.81 16.82 16.83 16.86 16.87 16.88 16.89 16.91 16.93 16.94 16.95 16.97 16.98 16.99 17.00 17.02 17.04 17.05 17.06 17.08 17.09 17.10 17.11 17.13 17.14 17.14 17.15 17.17 17.18 17.19 17.21 17.23 17.27 17.31 17.34 17.37 17.41 17.44 17.47 17.51 17.53
16.09 16.12 16.15 16.17 16.19 16.21 16.23 16.25 16.27 16.30 16.31 16.33 16.35 16.37 16.39 16.41 16.43 16.45 16.46 16.48 16.50 16.52 16.53 16.55 16.57 16.59 16.60 16.63 16.64 16.66 16.67 16.69 16.71 16.72 16.73 16.76 16.77 16.78 16.80 16.82 16.83 16.84 16.86 16.88 16.89 16.90 16.92 16.93 16.94 16.96 16.98 16.99 17.00 17.02 17.03 17.04 17.05 17.07 17.08 17.09 17.11 17.12 17.13 17.14 17.16 17.17 17.17 17.20 17.24 17.28 17.31 17.35 17.39 17.41 17.44 17.48 17.51
16.05 16.07 16.10 16.12 16.14 16.17 16.19 16.20 16.23 16.25 16.26 16.29 16.31 16.32 16.35 16.37 16.38 16.40 16.43 16.44 16.46 16.48 16.50 16.51 16.53 16.55 16.56 16.58 16.60 16.62 16.63 16.66 16.67 16.68 16.70 16.72 16.73 16.74 16.77 16.78 16.79 16.80 16.83 16.84 16.85 16.87 16.88 16.89 16.92 16.93 16.94 16.95 16.97 16.98 16.99 17.01 17.02 17.03 17.05 17.06 17.07 17.08 17.10 17.11 17.12 17.14 17.15 17.18 17.21 17.25 17.28 17.32 17.35 17.39 17.41 17.44 17.48
16.00 16.03 16.05 16.08 16.09 16.12 16.14 16.16 16.18 16.20 16.23 16.24 16.27 16.29 16.30 16.32 16.34 16.36 16.38 16.40 16.42 16.43 16.46 16.47 16.49 16.51 16.53 16.54 16.56 16.58 16.59 16.61 16.63 16.64 16.66 16.68 16.69 16.71 16.73 16.74 16.76 16.78 16.79 16.80 16.82 16.83 16.85 16.86 16.88 16.89 16.90 16.92 16.93 16.94 16.96 16.98 16.99 17.00 17.01 17.02 17.05 17.05 17.06 17.08 17.09 17.10 17.12 17.15 17.19 17.22 17.26 17.29 17.32 17.35 17.39 17.42 17.45
15.95 15.98 16.01 16.03 16.05 16.07 16.10 16.12 16.14 16.16 16.18 16.20 16.22 16.24 16.26 16.28 16.30 16.32 16.34 16.35 16.38 16.39 16.41 16.43 16.45 16.46 16.49 16.50 16.52 16.54 16.56 16.57 16.59 16.61 16.62 16.64 16.66 16.67 16.69 16.70 16.72 16.74 16.75 16.76 16.79 16.80 16.81 16.83 16.84 16.85 16.88 16.89 16.90 16.92 16.93 16.94 16.96 16.97 16.98 17.00 17.01 17.02 17.04 17.05 17.06 17.08 17.08 17.11 17.15 17.19 17.23 17.26 17.30 17.32 17.35 17.39 17.42
15.91 15.94 15.96 15.99 16.00 16.03 16.05 16.08 16.09 16.11 16.14 16.15 16.17 16.20 16.21 16.24 16.26 16.27 16.30 16.32 16.33 16.36 16.37 16.39 16.41 16.43 16.44 16.47 16.48 16.49 16.52 16.53 16.55 16.57 16.58 16.60 16.62 16.63 16.65 16.67 16.68 16.70 16.71 16.73 16.75 16.76 16.77 16.79 16.80 16.82 16.84 16.85 16.87 16.88 16.89 16.91 16.92 16.93 16.95 16.96 16.97 16.99 17.00 17.01 17.03 17.04 17.06 17.09 17.12 17.15 17.19 17.23 17.26 17.30 17.33 17.35 17.38
15.86 15.89 15.92 15.94 15.96 15.98 16.01 16.03 16.05 16.07 16.09 16.12 16.13 16.15 16.18 16.19 16.21 16.24 16.25 16.27 16.29 16.31 16.33 16.35 16.36 16.39 16.40 16.42 16.44 16.46 16.47 16.50 16.51 16.53 16.55 16.56 16.58 16.59 16.61 16.63 16.64 16.67 16.68 16.69 16.71 16.72 16.74 16.76 16.77 16.79 16.80 16.81 16.83 16.84 16.85 16.87 16.89 16.91 16.92 16.92 16.95 16.95 16.96 16.98 16.99 17.01 17.02 17.05 17.09 17.13 17.17 17.20 17.23 17.26 17.29 17.33 17.36
15.82 15.84 15.87 15.90 15.92 15.94 15.96 15.98 16.01 16.02 16.05 16.07 16.09 16.11 16.13 16.16 16.17 16.19 16.21 16.23 16.24 16.27 16.29 16.31 16.33 16.34 16.37 16.38 16.39 16.42 16.43 16.46 16.47 16.48 16.51 16.52 16.54 16.56 16.57 16.59 16.61 16.62 16.64 16.65 16.67 16.69 16.70 16.72 16.73 16.75 16.76 16.78 16.80 16.81 16.83 16.84 16.85 16.87 16.88 16.90 16.91 16.92 16.94 16.95 16.97 16.98 16.99 17.02 17.06 17.09 17.13 17.17 17.20 17.24 17.26 17.29 17.32
15.77 15.80 15.82 15.85 15.87 15.89 15.91 15.94 15.96 15.99 16.00 16.02 16.05 16.06 16.09 16.11 16.12 16.15 16.17 16.19 16.21 16.22 16.25 16.26 16.28 16.30 16.32 16.34 16.36 16.37 16.40 16.41 16.43 16.45 16.46 16.48 16.50 16.52 16.53 16.56 16.57 16.58 16.60 16.62 16.64 16.65 16.66 16.68 16.70 16.72 16.73 16.74 16.76 16.77 16.79 16.80 16.82 16.83 16.84 16.86 16.87 16.89 16.90 16.91 16.93 16.94 16.96 16.99 17.03 17.07 17.09 17.13 17.17 17.20 17.23 17.27 17.29
15.73 15.75 15.78 15.80 15.83 15.85 15.87 15.89 15.92 15.94 15.96 15.98 16.00 16.03 16.04 16.06 16.09 16.10 16.13 16.14 16.16 16.18 16.20 16.23 16.24 16.26 16.28 16.30 16.32 16.34 16.36 16.37 16.39 16.41 16.42 16.45 16.46 16.47 16.50 16.51 16.53 16.54 16.57 16.58 16.59 16.61 16.62 16.65 16.66 16.68 16.69 16.70 16.72 16.73 16.75 16.76 16.79 16.80 16.80 16.83 16.83 16.86 16.86 16.88 16.89 16.91 16.92 16.96 16.99 17.03 17.07 17.10 17.14 17.16 17.20 17.23 17.26
15.68 15.71 15.73 15.76 15.78 15.81 15.83 15.84 15.87 15.89 15.92 15.93 15.96 15.98 15.99 16.02 16.04 16.07 16.08 16.10 16.12 16.14 16.16 16.18 16.20 16.22 16.23 16.26 16.27 16.30 16.31 16.34 16.35 16.36 16.39 16.40 16.42 16.44 16.46 16.47 16.49 16.51 16.52 16.54 16.55 16.58 16.59 16.61 16.62 16.63 16.65 16.67 16.69 16.70 16.72 16.73 16.75 16.76 16.78 16.79 16.80 16.82 16.83 16.85 16.86 16.88 16.89 16.92 16.96 16.99 17.03 17.07 17.10 17.14 17.17 17.19 17.22
15.65 15.66 15.69 15.71 15.73 15.76 15.78 15.81 15.82 15.85 15.87 15.89 15.91 15.93 15.96 15.97 16.00 16.02 16.03 16.06 16.07 16.10 16.12 16.14 16.16 16.18 16.20 16.21 16.24 16.25 16.27 16.29 16.31 16.33 16.35 16.36 16.38 16.40 16.41 16.44 16.45 16.47 16.48 16.51 16.52 16.54 16.55 16.56 16.58 16.60 16.62 16.63 16.65 16.66 16.68 16.69 16.71 16.72 16.74 16.75 16.77 16.78 16.79 16.81 16.82 16.84 16.86 16.89 16.93 16.97 17.00 17.03 17.06 17.10 17.13 17.17 17.20
15.60 15.63 15.65 15.66 15.69 15.71 15.74 15.76 15.78 15.80 15.82 15.85 15.87 15.89 15.91 15.94 15.95 15.97 16.00 16.01 16.04 16.05 16.08 16.09 16.12 16.14 16.15 16.17 16.19 16.21 16.23 16.25 16.27 16.29 16.30 16.33 16.34 16.36 16.38 16.39 16.41 16.42 16.45 16.46 16.48 16.49 16.51 16.53 16.55 16.56 16.58 16.59 16.61 16.62 16.64 16.66 16.68 16.69 16.71 16.72 16.74 16.75 16.76 16.78 16.79 16.80 16.82 16.85 16.89 16.93 16.97 17.00 17.04 17.07 17.09 17.13 17.16
15.56 15.58 15.60 15.63 15.64 15.66 15.69 15.71 15.74 15.76 15.78 15.80 15.82 15.85 15.86 15.89 15.91 15.93 15.95 15.97 15.99 16.02 16.03 16.06 16.07 16.09 16.11 16.13 16.15 16.17 16.19 16.21 16.23 16.24 16.27 16.28 16.30 16.32 16.34 16.35 16.38 16.39 16.41 16.42 16.45 16.46 16.48 16.49 16.51 16.52 16.55 16.56 16.58 16.59 16.61 16.62 16.64 16.65 16.67 16.68 16.70 16.71 16.73 16.74 16.76 16.77 16.79 16.82 16.86 16.89 16.93 16.96 17.00 17.03 17.07 17.10 17.12
15.51 15.53 15.56 15.58 15.60 15.63 15.64 15.67 15.69 15.71 15.74 15.76 15.78 15.80 15.83 15.84 15.87 15.89 15.91 15.93 15.96 15.97 15.99 16.01 16.03 16.05 16.07 16.09 16.11 16.13 16.14 16.17 16.18 16.21 16.22 16.24 16.26 16.28 16.29 16.32 16.33 16.35 16.36 16.39 16.40 16.42 16.43 16.45 16.47 16.49 16.50 16.52 16.53 16.55 16.56 16.58 16.59 16.61 16.62 16.64 16.65 16.67 16.68 16.70 16.72 16.73 16.75 16.78 16.82 16.86 16.90 16.93 16.96 16.99 17.03 17.06 17.09
15.46 15.49 15.51 15.53 15.56 15.58 15.60 15.63 15.64 15.67 15.69 15.72 15.73 15.76 15.78 15.80 15.82 15.84 15.87 15.88 15.91 15.92 15.95 15.96 15.99 16.01 16.03 16.05 16.07 16.08 16.11 16.12 16.15 16.16 16.18 16.20 16.22 16.23 16.26 16.27 16.29 16.31 16.33 16.34 16.36 16.38 16.40 16.41 16.43 16.45 16.46 16.48 16.50 16.52 16.53 16.55 16.56 16.58 16.59 16.61 16.62 16.64 16.65 16.67 16.68 16.70 16.72 16.74 16.78 16.82 16.86 16.89 16.93 16.97 17.00 17.02 17.05
15.43 15.45 15.46 15.49 15.51 15.53 15.56 15.58 15.60 15.63 15.64 15.67 15.69 15.72 15.73 15.76 15.78 15.80 15.82 15.85 15.86 15.89 15.90 15.93 15.94 15.97 15.98 16.01 16.02 16.05 16.06 16.09 16.10 16.12 16.14 16.16 16.18 16.20 16.21 16.23 16.25 16.27 16.28 16.30 16.33 16.34 16.36 16.37 16.39 16.41 16.43 16.44 16.46 16.47 16.49 16.50 16.52 16.54 16.55 16.57 16.58 16.60 16.61 16.63 16.64 16.66 16.68 16.71 16.75 16.79 16.83 16.86 16.89 16.93 16.96 16.99 17.03
15.38 15.40 15.43 15.45 15.47 15.49 15.52 15.53 15.56 15.58 15.61 15.62 15.65 15.67 15.70 15.71 15.73 15.76 15.78 15.80 15.83 15.84 15.87 15.88 15.91 15.92 15.95 15.96 15.99 16.00 16.03 16.04 16.07 16.08 16.10 16.12 16.14 16.15 16.17 16.19 16.21 16.23 16.25 16.27 16.28 16.30 16.31 16.34 16.35 16.37 16.38 16.40 16.42 16.43 16.45 16.47 16.49 16.50 16.52 16.53 16.55 16.57 16.58 16.60 16.61 16.62 16.64 16.67 16.71 16.75 16.79 16.82 16.86 16.90 16.93 16.95 16.99
15.33 15.36 15.38 15.40 15.42 15.45 15.47 15.49 15.51 15.53 15.56 15.58 15.61 15.62 15.65 15.67 15.70 15.71 15.74 15.75 15.78 15.80 15.82 15.84 15.86 15.88 15.90 15.92 15.94 15.97 15.98 16.01 16.02 16.04 16.06 16.08 16.09 16.12 16.13 16.15 16.17 16.19 16.21 16.22 16.24 16.26 16.28 16.29 16.31 16.33 16.35 16.37 16.38 16.40 16.41 16.43 16.44 16.46 16.48 16.49 16.51 16.52 16.54 16.55 16.57 16.59 16.61 16.64 16.68 16.72 16.76 16.78 16.82 16.86 16.89 16.92 16.96
15.30 15.32 15.34 15.36 15.38 15.40 15.42 15.45 15.47 15.49 15.52 15.53 15.56 15.58 15.61 15.62 15.65 15.68 15.69 15.72 15.73 15.76 15.78 15.80 15.82 15.84 15.86 15.88 15.90 15.92 15.93 15.96 15.98 16.00 16.02 16.03 16.06 16.07 16.09 16.11 16.13 16.15 16.16 16.19 16.20 16.22 16.23 16.26 16.28 16.29 16.31 16.32 16.34 16.35 16.37 16.39 16.41 16.42 16.44 16.46 16.47 16.49 16.51 16.51 16.54 16.54 16.56 16.60 16.64 16.68 16.72 16.75 16.79 16.83 16.85 16.88 16.92
15.25 15.27 15.29 15.31 15.34 15.36 15.38 15.41 15.42 15.45 15.47 15.50 15.51 15.54 15.56 15.59 15.60 15.63 15.65 15.67 15.69 15.71 15.73 15.76 15.78 15.80 15.82 15.84 15.86 15.88 15.90 15.91 15.94 15.96 15.97 16.00 16.01 16.04 16.05 16.07 16.08 16.11 16.13 16.14 16.16 16.18 16.20 16.22 16.23 16.25 16.26 16.29 16.30 16.32 16.34 16.35 16.37 16.38 16.40 16.42 16.43 16.45 16.46 16.48 16.50 16.51 16.53 16.57 16.61 16.64 16.68 16.71 16.75 16.78 16.82 16.85 16.88
15.21 15.22 15.24 15.26 15.29 15.31 15.33 15.36 15.38 15.41 15.42 15.45 15.47 15.50 15.51 15.54 15.56 15.59 15.60 15.63 15.65 15.67 15.70 15.71 15.74 15.75 15.78 15.79 15.81 15.84 15.85 15.88 15.89 15.92 15.93 15.95 15.98 15.99 16.01 16.03 16.05 16.07 16.08 16.11 16.12 16.14 16.15 16.17 16.20 16.21 16.23 16.24 16.26 16.28 16.29 16.31 16.32 16.34 16.36 16.38 16.39 16.40 16.42 16.45 16.45 16.47 16.49 16.53 16.57 16.61 16.64 16.68 16.72 16.75 16.78 16.81 16.85
15.16 15.18 15.20 15.22 15.25 15.27 15.29 15.31 15.33 15.36 15.38 15.41 15.43 15.45 15.47 15.50 15.52 15.54 15.57 15.58 15.61 15.62 15.65 15.66 15.69 15.72 15.73 15.76 15.77 15.79 15.81 15.83 15.86 15.87 15.89 15.91 15.93 15.96 15.97 15.99 16.00 16.03 16.05 16.06 16.08 16.10 16.12 16.14 16.15 16.17 16.18 16.20 16.23 16.24 16.26 16.27 16.29 16.31 16.32 16.34 16.35 16.37 16.39 16.40 16.42 16.44 16.46 16.49 16.53 16.57 16.60 16.64 16.68 16.71 16.75 16.78 16.81
15.12 15.13 15.16 15.17 15.20 15.22 15.25 15.27 15.29 15.32 15.33 15.36 15.39 15.41 15.43 15.45 15.48 15.49 15.52 15.54 15.56 15.59 15.61 15.63 15.65 15.67 15.69 15.71 15.74 15.75 15.77 15.79 15.81 15.84 15.85 15.87 15.89 15.91 15.93 15.95 15.97 15.98 16.00 16.03 16.04 16.06 16.07 16.09 16.12 16.13 16.15 16.16 16.18 16.20 16.21 16.23 16.25 16.26 16.28 16.30 16.31 16.33 16.34 16.36 16.38 16.39 16.41 16.45 16.49 16.53 16.57 16.61 16.65 16.67 16.71 16.74 16.77
15.07 15.09 15.11 15.13 15.16 15.18 15.21 15.22 15.25 15.27 15.30 15.32 15.35 15.36 15.39 15.41 15.43 15.45 15.48 15.50 15.52 15.54 15.56 15.59 15.61 15.63 15.65 15.67 15.69 15.71 15.73 15.75 15.77 15.79 15.80 15.83 15.85 15.87 15.89 15.90 15.92 15.95 15.96 15.98 16.00 16.01 16.04 16.05 16.07 16.09 16.10 16.12 16.15 16.16 16.18 16.19 16.21 16.23 16.24 16.26 16.28 16.29 16.31 16.33 16.34 16.36 16.38 16.42 16.46 16.50 16.53 16.57 16.60 16.64 16.68 16.71 16.74
15.03 15.05 15.07 15.09 15.12 15.13 15.16 15.18 15.21 15.23 15.26 15.27 15.30 15.32 15.35 15.36 15.39 15.42 15.43 15.46 15.47 15.50 15.53 15.54 15.57 15.58 15.61 15.63 15.65 15.67 15.68 15.71 15.73 15.75 15.77 15.78 15.81 15.83 15.84 15.87 15.88 15.90 15.92 15.94 15.96 15.98 15.99 16.01 16.03 16.05 16.07 16.08 16.10 16.12 16.13 16.15 16.17 16.18 16.20 16.21 16.23 16.25 16.26 16.28 16.30 16.31 16.34 16.38 16.42 16.46 16.50 16.54 16.57 16.61 16.63 16.67 16.70
14.97 15.00 15.02 15.04 15.07 15.09 15.12 15.14 15.17 15.18 15.21 15.23 15.26 15.27 15.30 15.33 15.35 15.37 15.39 15.41 15.43 15.46 15.48 15.50 15.52 15.55 15.56 15.59 15.60 15.63 15.65 15.66 15.69 15.70 15.73 15.75 15.76 15.79 15.81 15.82 15.84 15.86 15.88 15.90 15.91 15.94 15.96 15.97 15.99 16.00 16.02 16.05 16.06 16.08 16.10 16.11 16.13 16.15 16.16 16.18 16.20 16.21 16.23 16.25 16.26 16.28 16.30 16.34 16.38 16.43 16.46 16.49 16.53 16.57 16.60 16.64 16.67
