main/data/pressure/27.02.2023.grid
ncols 886
nrows 691
xllcenter 112.0000
yllcenter -44.5000
cellsize 0.0500
nodata_value 99999.90
[rows 340 to 373 of 691, columns 77 to 153 of 886]
20.18 20.18 20.12 20.05 19.93 19.83 19.74 19.63 19.51 19.36 19.28 19.17 19.07 18.96 18.82 18.69 18.48 18.09 17.66 17.29 16.97 16.61 16.32 16.05 15.75 15.45 15.26 14.98 14.55 14.46 14.32 14.20 13.98 13.60 13.77 13.95 13.93 13.67 13.45 13.31 13.38 13.16 13.56 13.51 13.41 13.23 12.94 13.29 13.37 13.35 13.27 13.07 13.17 13.25 13.21 13.16 12.97 12.99 13.05 13.05 13.02 12.98 12.92 12.81 12.75 12.87 12.89 12.92 12.97 13.04 13.02 13.03 13.06 13.22 13.30 13.38 13.46
20.07 20.05 19.98 19.86 19.70 19.61 19.54 19.48 19.35 19.21 19.16 19.05 18.93 18.78 18.62 18.48 18.23 17.87 17.45 17.07 16.80 16.43 16.11 15.89 15.62 15.23 15.03 14.94 14.45 14.41 14.26 13.98 14.03 13.74 13.75 13.88 13.86 13.55 13.55 13.58 13.50 13.44 13.53 13.46 13.36 13.21 13.16 13.23 13.23 13.23 13.19 12.95 12.99 13.06 13.09 13.10 12.68 12.95 13.06 13.02 12.99 12.96 12.93 12.77 12.57 12.93 12.95 13.00 13.01 13.00 13.01 12.95 12.95 13.09 13.23 13.32 13.34
19.87 19.87 19.80 19.65 19.48 19.38 19.35 19.30 19.22 19.11 19.00 18.82 18.72 18.58 18.44 18.25 17.95 17.60 17.26 16.95 16.60 16.25 15.93 15.67 15.36 15.12 14.95 14.82 14.49 14.37 14.29 14.12 13.88 13.72 13.75 13.76 13.78 13.76 13.66 13.61 13.42 13.41 13.50 13.32 13.29 13.18 13.08 13.04 13.03 13.09 13.01 12.88 12.86 12.91 12.98 13.01 13.04 13.01 13.00 12.99 12.96 12.93 12.89 12.81 12.78 12.92 12.95 12.96 12.93 12.94 12.93 12.90 12.83 12.84 13.11 13.28 13.38
19.65 19.68 19.64 19.45 19.26 19.16 19.14 19.10 19.05 18.88 18.72 18.51 18.50 18.41 18.25 18.02 17.64 17.29 16.95 16.48 16.23 15.99 15.70 15.41 15.12 14.99 14.88 14.67 14.42 14.30 14.23 14.03 13.69 13.61 13.71 13.63 13.64 13.66 13.66 13.52 13.40 13.43 13.45 13.37 13.30 13.13 13.12 12.95 12.78 12.97 12.89 12.80 12.81 12.83 12.88 12.96 12.96 12.96 12.95 12.93 12.93 12.91 12.89 12.86 12.88 12.93 12.92 12.84 12.80 12.81 12.86 12.89 12.76 12.52 13.14 13.30 13.39
19.42 19.47 19.44 19.27 19.10 19.00 18.95 18.90 18.79 18.50 18.52 18.46 18.37 18.25 18.07 17.77 17.38 17.00 16.53 15.79 15.80 15.70 15.47 15.14 14.89 14.84 14.78 14.54 14.33 14.19 14.16 13.97 13.78 13.73 13.56 13.56 13.55 13.54 13.61 13.54 13.39 13.44 13.31 13.29 13.16 13.10 13.12 13.01 12.89 12.78 12.82 12.80 12.73 12.69 12.75 12.84 12.87 12.84 12.83 12.84 12.86 12.88 12.88 12.89 12.90 12.91 12.89 12.83 12.78 12.74 12.79 12.89 12.86 12.81 13.06 13.23 13.32
19.23 19.27 19.23 19.11 18.94 18.83 18.77 18.70 18.60 18.52 18.45 18.38 18.26 18.10 17.87 17.51 17.12 16.79 16.49 16.01 15.72 15.54 15.32 15.07 14.81 14.76 14.66 14.45 14.25 14.14 14.07 13.80 13.77 13.62 13.46 13.45 13.52 13.53 13.54 13.53 13.39 13.38 13.32 13.37 13.23 13.18 13.19 13.10 13.04 12.95 12.88 12.84 12.67 12.57 12.64 12.75 12.77 12.71 12.69 12.73 12.76 12.82 12.85 12.85 12.85 12.87 12.86 12.85 12.77 12.69 12.75 12.95 13.01 12.99 13.06 13.18 13.29
19.01 19.05 19.00 18.90 18.78 18.67 18.60 18.53 18.45 18.38 18.29 18.20 18.07 17.91 17.61 17.23 16.86 16.57 16.31 15.95 15.61 15.40 15.22 15.01 14.69 14.68 14.55 14.37 14.22 14.13 14.01 13.91 13.79 13.60 13.34 13.28 13.42 13.48 13.49 13.48 13.44 13.39 13.36 13.30 13.24 13.19 13.13 13.03 12.96 12.89 12.84 12.75 12.56 12.48 12.54 12.62 12.65 12.61 12.60 12.64 12.70 12.78 12.79 12.75 12.69 12.76 12.79 12.80 12.78 12.74 12.79 12.94 13.04 13.07 13.10 13.15 13.20
18.87 18.82 18.75 18.63 18.58 18.49 18.41 18.34 18.25 18.16 18.06 17.98 17.85 17.62 17.33 16.96 16.56 16.33 16.09 15.78 15.43 15.26 15.10 14.92 14.63 14.54 14.45 14.30 14.17 14.05 13.94 13.73 13.70 13.62 13.52 13.42 13.34 13.46 13.44 13.41 13.36 13.30 13.24 13.21 13.16 13.09 12.98 12.84 12.79 12.73 12.71 12.70 12.53 12.43 12.46 12.52 12.53 12.52 12.52 12.56 12.63 12.74 12.71 12.67 12.62 12.64 12.65 12.68 12.71 12.73 12.76 12.88 13.02 13.12 13.14 13.15 13.14
18.61 18.54 18.46 18.38 18.31 18.22 18.12 18.02 17.92 17.82 17.74 17.65 17.49 17.23 16.96 16.67 16.38 16.15 15.88 15.61 15.35 15.15 14.97 14.79 14.61 14.48 14.34 14.20 14.06 13.94 13.53 13.36 13.48 13.51 13.47 13.42 13.38 13.40 13.38 13.34 13.25 13.07 13.10 13.04 13.01 12.96 12.78 12.69 12.67 12.56 12.57 12.63 12.54 12.43 12.40 12.43 12.44 12.43 12.45 12.51 12.60 12.68 12.64 12.54 12.49 12.47 12.52 12.54 12.58 12.62 12.67 12.71 12.86 13.10 13.18 13.19 13.22
18.29 18.19 18.10 18.02 17.98 17.90 17.78 17.66 17.54 17.42 17.31 17.21 17.04 16.80 16.55 16.32 16.09 15.84 15.62 15.41 15.20 15.00 14.82 14.66 14.47 14.29 14.13 14.04 13.93 13.80 13.50 13.32 13.37 13.39 13.37 13.36 13.36 13.34 13.30 13.23 13.18 13.04 13.05 12.83 12.74 12.78 12.78 12.62 12.61 12.63 12.68 12.65 12.52 12.36 12.37 12.37 12.37 12.36 12.35 12.44 12.56 12.62 12.60 12.55 12.55 12.51 12.42 12.40 12.48 12.54 12.65 12.85 12.98 13.11 13.20 13.24 13.30
17.89 17.78 17.68 17.62 17.60 17.53 17.41 17.28 17.11 16.91 16.74 16.67 16.52 16.32 16.10 15.92 15.73 15.51 15.30 15.09 14.86 14.61 14.47 14.37 14.27 14.10 13.80 13.84 13.77 13.62 13.40 13.19 13.15 13.24 13.24 13.24 13.27 13.27 13.18 13.03 13.11 13.09 13.01 12.88 12.73 12.67 12.50 12.65 12.64 12.67 12.72 12.61 12.34 12.42 12.41 12.39 12.37 12.33 12.31 12.35 12.44 12.54 12.59 12.56 12.56 12.54 12.41 12.35 12.45 12.54 12.65 12.81 12.94 13.07 13.20 13.28 13.37
17.40 17.33 17.22 17.16 17.16 17.13 17.02 16.86 16.66 16.44 16.24 16.17 16.03 15.83 15.63 15.50 15.37 15.17 14.97 14.78 14.56 14.14 14.11 14.16 14.07 13.90 13.63 13.59 13.54 13.39 13.25 12.92 12.72 13.06 13.09 13.11 13.16 13.17 13.16 13.13 13.10 13.01 12.94 12.95 12.74 12.73 12.82 12.81 12.70 12.67 12.72 12.70 12.65 12.59 12.49 12.44 12.39 12.33 12.26 12.29 12.32 12.45 12.52 12.53 12.49 12.36 12.34 12.43 12.48 12.55 12.58 12.62 12.79 13.01 13.17 13.29 13.41
16.70 16.80 16.75 16.69 16.64 16.62 16.58 16.41 16.21 16.00 15.84 15.71 15.55 15.38 15.22 15.08 14.95 14.80 14.66 14.45 14.16 13.89 13.82 13.86 13.83 13.66 13.38 13.34 13.22 13.09 12.90 12.64 12.65 12.87 12.93 12.99 13.07 13.08 13.08 13.06 13.04 12.95 12.89 12.91 12.83 12.80 12.85 12.82 12.74 12.70 12.71 12.70 12.65 12.56 12.50 12.47 12.43 12.35 12.28 12.29 12.33 12.41 12.45 12.41 12.40 12.29 12.28 12.37 12.48 12.57 12.54 12.45 12.72 12.97 13.15 13.22 13.30
16.30 16.20 16.13 16.15 16.09 16.03 16.00 15.93 15.74 15.54 15.43 15.28 15.09 14.94 14.80 14.67 14.55 14.45 14.34 14.14 13.80 13.61 13.61 13.58 13.50 13.59 13.35 13.24 13.10 12.91 12.63 12.29 12.47 12.81 12.83 12.87 12.97 13.02 12.99 12.97 12.91 12.93 12.90 12.88 12.81 12.79 12.83 12.79 12.74 12.71 12.71 12.69 12.58 12.44 12.47 12.48 12.48 12.37 12.27 12.28 12.34 12.36 12.34 12.26 12.20 12.15 12.21 12.31 12.46 12.62 12.65 12.64 12.78 12.98 13.07 13.11 13.15
15.64 15.56 15.50 15.49 15.50 15.49 15.41 15.33 15.28 15.16 15.02 14.84 14.69 14.52 14.39 14.28 14.16 14.09 14.02 13.88 13.61 13.44 13.39 13.27 13.07 13.34 13.10 13.00 12.96 12.86 12.65 12.11 12.26 12.72 12.79 12.83 12.89 12.92 12.88 12.85 12.62 12.84 12.82 12.82 12.76 12.75 12.77 12.76 12.73 12.69 12.66 12.62 12.53 12.46 12.46 12.46 12.42 12.32 12.24 12.23 12.26 12.27 12.25 12.26 12.18 12.10 12.15 12.25 12.38 12.50 12.63 12.76 12.84 12.96 13.02 13.04 13.08
14.94 14.92 14.86 14.83 14.79 14.79 14.79 14.70 14.63 14.62 14.51 14.36 14.25 14.12 14.02 13.93 13.77 13.69 13.67 13.60 13.42 13.27 13.24 13.13 12.86 12.86 13.20 12.83 12.87 12.82 12.75 12.39 12.42 12.63 12.71 12.75 12.78 12.78 12.73 12.67 12.69 12.60 12.69 12.73 12.74 12.72 12.70 12.71 12.69 12.64 12.62 12.56 12.51 12.46 12.47 12.46 12.37 12.26 12.17 12.16 12.17 12.15 12.12 12.15 12.07 12.03 12.11 12.18 12.33 12.41 12.49 12.71 12.82 12.91 13.00 12.97 12.97
14.34 14.34 14.31 14.28 14.27 14.27 14.23 14.13 13.93 13.96 14.06 13.97 13.92 13.82 13.72 13.61 13.47 13.31 13.29 13.31 13.27 13.18 13.10 12.94 12.48 12.30 13.00 12.94 12.82 12.71 12.60 12.46 12.43 12.52 12.61 12.66 12.67 12.64 12.58 12.50 12.60 12.62 12.64 12.64 12.67 12.65 12.62 12.61 12.62 12.61 12.58 12.55 12.50 12.42 12.46 12.39 12.30 12.20 12.13 12.08 12.04 12.00 11.92 11.95 12.04 12.10 12.16 12.23 12.37 12.48 12.54 12.66 12.76 12.85 12.93 12.91 12.91
13.81 13.83 13.80 13.79 13.80 13.83 13.77 13.70 13.65 13.69 13.71 13.61 13.53 13.43 13.37 13.30 13.11 13.08 13.10 13.12 13.14 13.07 12.96 12.78 12.30 11.83 12.87 12.85 12.75 12.57 12.46 12.41 12.33 12.36 12.51 12.58 12.57 12.53 12.38 12.15 12.45 12.54 12.49 12.53 12.60 12.56 12.51 12.50 12.52 12.52 12.50 12.49 12.47 12.47 12.43 12.33 12.24 12.17 12.09 12.02 11.93 11.89 11.81 11.85 12.05 12.16 12.23 12.34 12.39 12.46 12.52 12.61 12.67 12.75 12.82 12.86 12.93
13.29 13.36 13.34 13.34 13.34 13.34 13.32 13.32 13.38 13.34 13.31 13.23 13.14 13.08 13.05 13.03 13.00 13.01 12.97 12.98 12.99 12.92 12.80 12.62 12.45 12.27 12.59 12.67 12.60 12.43 12.52 12.41 12.27 12.23 12.33 12.42 12.45 12.41 12.26 12.18 12.39 12.41 12.44 12.43 12.53 12.43 12.33 12.34 12.39 12.37 12.28 12.28 12.27 12.40 12.40 12.34 12.25 12.17 12.09 12.04 12.01 11.96 11.73 11.81 11.98 12.12 12.20 12.26 12.26 12.26 12.37 12.47 12.55 12.63 12.71 12.79 12.89
12.88 12.95 12.94 12.92 12.90 12.87 12.89 12.95 12.97 13.01 12.97 12.93 12.86 12.78 12.79 12.82 12.86 12.86 12.79 12.85 12.82 12.75 12.64 12.56 12.44 12.35 12.49 12.55 12.56 12.49 12.50 12.42 12.30 12.21 12.11 12.26 12.34 12.32 12.21 12.08 12.16 12.35 12.43 12.45 12.45 12.32 12.12 12.18 12.25 12.23 12.16 12.19 12.14 12.11 12.28 12.34 12.25 12.18 12.09 12.05 12.05 11.96 11.74 11.75 11.91 12.04 12.12 12.15 12.11 12.12 12.23 12.32 12.42 12.53 12.61 12.72 12.82
12.53 12.50 12.37 12.44 12.46 12.43 12.42 12.48 12.58 12.64 12.64 12.63 12.56 12.45 12.51 12.61 12.68 12.65 12.65 12.72 12.65 12.57 12.44 12.27 12.31 12.32 12.34 12.41 12.49 12.53 12.52 12.46 12.39 12.37 12.24 12.29 12.34 12.33 12.19 12.03 12.27 12.35 12.34 12.40 12.37 12.29 12.19 12.11 12.04 12.04 12.13 12.24 12.24 12.26 12.25 12.27 12.23 12.20 12.13 12.09 12.07 12.00 11.78 11.77 11.80 11.87 12.00 12.01 12.03 12.10 12.17 12.22 12.31 12.47 12.56 12.70 12.84
12.12 12.04 11.93 11.97 12.05 12.03 11.96 11.97 12.09 12.20 12.25 12.27 12.26 12.22 12.25 12.41 12.54 12.55 12.56 12.53 12.44 12.37 12.33 12.24 12.14 12.05 12.09 12.25 12.35 12.47 12.56 12.49 12.39 12.28 12.26 12.35 12.38 12.35 12.25 12.26 12.38 12.29 12.12 12.29 12.29 12.22 12.15 12.04 12.00 12.04 12.13 12.23 12.14 12.11 12.22 12.17 12.09 12.11 12.11 12.06 11.94 11.94 11.86 11.78 11.72 11.74 11.88 12.00 12.14 12.12 12.17 12.22 12.26 12.48 12.57 12.70 12.80
11.76 11.67 11.59 11.60 11.63 11.61 11.58 11.57 11.60 11.69 11.81 11.91 11.97 12.01 12.09 12.22 12.35 12.37 12.36 12.31 12.25 12.26 12.26 12.22 12.01 11.95 12.02 12.18 12.28 12.34 12.51 12.49 12.41 12.29 12.24 12.26 12.38 12.37 12.32 12.28 12.35 12.35 12.35 12.18 12.18 12.13 12.02 11.93 11.95 12.03 12.20 11.92 11.58 11.77 12.17 12.07 12.00 11.98 11.98 11.97 11.90 11.88 11.87 11.80 11.79 11.82 11.87 12.05 12.18 12.07 12.23 12.27 12.24 12.40 12.59 12.63 12.58
11.49 11.41 11.30 11.31 11.28 11.26 11.26 11.23 11.21 11.21 11.38 11.55 11.69 11.79 11.90 12.05 12.14 12.13 12.11 12.12 12.11 12.18 12.15 11.95 11.84 11.91 12.02 12.20 12.29 12.22 12.49 12.48 12.45 12.41 12.37 12.31 12.37 12.39 12.32 12.33 12.34 12.35 12.31 12.20 12.14 12.07 11.96 11.82 11.93 11.99 12.16 11.86 11.49 11.74 12.00 11.97 11.92 11.89 11.79 11.85 11.76 11.84 11.90 11.79 11.85 11.89 11.77 11.98 12.18 12.27 12.27 12.32 12.33 12.29 12.65 12.65 12.64
11.28 11.23 11.18 11.13 11.09 11.05 11.02 10.99 10.96 10.97 11.06 11.23 11.41 11.57 11.72 11.85 11.93 11.91 11.97 12.00 12.06 12.14 12.12 12.04 11.99 12.04 12.10 12.22 12.30 12.34 12.46 12.46 12.45 12.44 12.42 12.41 12.40 12.37 12.22 12.11 12.28 12.29 12.23 12.15 12.06 11.96 11.88 11.92 11.98 12.02 12.13 11.97 11.85 11.95 12.01 11.98 11.95 11.94 11.95 11.90 11.86 11.87 11.86 11.82 11.89 11.94 11.80 11.90 12.13 12.25 12.28 12.36 12.48 12.53 12.67 12.71 12.71
11.00 10.96 10.98 10.99 10.94 10.88 10.82 10.79 10.78 10.79 10.86 10.98 11.16 11.36 11.53 11.66 11.77 11.70 11.79 11.84 11.92 12.09 12.13 12.14 12.14 12.21 12.17 12.28 12.40 12.44 12.48 12.45 12.42 12.40 12.40 12.38 12.33 12.18 12.11 12.16 12.25 12.19 12.16 12.11 12.04 11.89 11.74 11.88 12.00 12.07 12.09 12.04 12.03 12.05 12.04 12.01 11.98 11.96 11.96 11.96 11.95 11.91 11.90 11.91 11.98 12.03 12.06 12.12 12.19 12.25 12.33 12.42 12.50 12.57 12.64 12.68 12.73
10.79 10.56 10.67 10.81 10.75 10.68 10.63 10.60 10.61 10.66 10.73 10.81 10.94 11.13 11.30 11.46 11.58 11.67 11.74 11.64 11.73 12.03 12.12 12.16 12.20 12.29 12.33 12.37 12.42 12.46 12.44 12.37 12.29 12.28 12.27 12.24 12.18 12.06 12.05 12.00 12.14 12.27 12.14 12.06 11.97 11.87 11.82 11.89 12.01 12.07 12.04 12.01 12.00 11.94 11.97 12.00 11.97 11.96 11.95 11.90 11.89 11.91 11.96 11.99 12.00 12.03 12.10 12.15 12.22 12.28 12.35 12.43 12.49 12.55 12.62 12.68 12.73
10.67 10.52 10.46 10.65 10.60 10.49 10.46 10.41 10.42 10.48 10.57 10.70 10.82 10.93 11.09 11.25 11.41 11.54 11.67 11.78 11.85 11.96 12.06 12.11 12.17 12.27 12.35 12.38 12.41 12.41 12.40 12.26 12.13 12.17 12.15 12.11 12.12 12.23 12.21 12.23 12.23 12.21 12.07 11.99 11.93 11.87 11.85 11.92 12.01 12.04 11.99 11.94 11.92 11.87 11.92 11.96 11.92 11.89 11.90 11.82 11.78 11.85 11.96 12.01 12.03 12.01 12.04 12.04 12.16 12.28 12.32 12.38 12.45 12.52 12.59 12.66 12.74
10.42 10.46 10.46 10.46 10.38 10.41 10.34 10.24 10.31 10.27 10.40 10.60 10.72 10.79 10.85 10.96 11.12 11.29 11.50 11.54 11.65 11.89 11.96 11.98 12.06 12.21 12.31 12.35 12.35 12.31 12.25 12.16 12.12 12.16 12.16 12.07 11.98 12.17 12.27 12.24 12.21 12.15 12.06 11.96 11.89 11.86 11.87 11.92 11.98 12.04 12.00 11.95 11.92 11.90 11.90 11.89 11.85 11.84 11.85 11.79 11.75 11.78 11.81 11.97 12.06 12.04 12.02 12.02 12.05 12.11 12.18 12.26 12.35 12.45 12.54 12.61 12.68
10.22 10.30 10.34 10.27 10.14 10.18 10.16 10.12 10.19 10.29 10.39 10.54 10.64 10.65 10.64 10.73 10.77 10.70 11.11 11.26 11.35 11.83 11.85 11.81 11.88 12.11 12.25 12.30 12.29 12.22 12.14 12.17 12.20 12.24 12.27 12.17 12.04 12.19 12.24 12.08 12.10 12.11 12.05 11.94 11.85 11.85 11.88 11.90 11.93 11.97 12.03 12.00 11.94 11.89 11.85 11.78 11.76 11.77 11.77 11.75 11.73 11.77 11.88 11.99 12.08 12.07 12.03 12.00 11.99 11.96 12.08 12.15 12.25 12.37 12.46 12.54 12.59
9.99 10.09 10.15 10.11 10.03 10.01 10.00 10.03 10.10 10.12 10.33 10.48 10.54 10.55 10.63 10.70 10.73 10.72 10.98 11.30 11.48 11.70 11.75 11.76 11.82 12.00 12.13 12.18 12.19 12.19 12.21 12.25 12.30 12.32 12.33 12.28 12.24 12.29 12.22 12.07 12.05 12.05 12.01 11.91 11.83 11.81 11.83 11.87 11.91 11.92 11.95 12.01 11.93 11.75 11.80 11.71 11.66 11.68 11.71 11.73 11.71 11.69 11.80 11.98 12.07 12.09 12.06 12.04 12.03 12.04 12.10 12.18 12.26 12.36 12.44 12.45 12.44
9.80 9.90 9.95 9.95 9.93 9.92 9.91 9.98 10.09 10.16 10.25 10.40 10.44 10.33 10.61 10.72 10.83 10.84 10.95 11.16 11.39 11.60 11.75 11.86 11.87 11.93 12.01 12.07 12.07 12.19 12.29 12.37 12.42 12.41 12.39 12.37 12.33 12.30 12.27 12.19 12.04 11.98 11.98 11.88 11.82 11.80 11.78 11.84 11.90 11.82 11.82 12.02 11.95 11.86 11.75 11.62 11.57 11.63 11.69 11.74 11.72 11.58 11.66 11.98 12.07 12.11 12.09 12.09 12.11 12.17 12.18 12.23 12.29 12.34 12.38 12.31 12.26
9.74 9.79 9.83 9.84 9.83 9.85 9.92 10.03 10.10 10.14 10.20 10.35 10.31 10.19 10.49 10.67 10.79 10.88 10.96 11.08 11.11 11.41 11.71 11.79 11.84 11.88 11.95 12.02 12.09 12.22 12.35 12.43 12.48 12.48 12.46 12.43 12.40 12.37 12.31 12.22 12.04 11.79 11.92 11.92 11.88 11.81 11.77 11.81 11.87 11.81 11.82 11.95 11.92 11.83 11.76 11.64 11.61 11.68 11.76 11.77 11.80 11.65 11.72 11.95 12.05 12.08 12.10 12.11 12.13 12.17 12.18 12.20 12.23 12.23 12.23 12.20 12.14
9.73 9.75 9.76 9.77 9.76 9.78 9.86 9.99 9.86 10.04 10.20 10.34 10.40 10.45 10.52 10.59 10.68 10.82 10.96 11.04 11.07 11.32 11.50 11.68 11.78 11.83 11.89 11.99 12.11 12.25 12.38 12.49 12.52 12.51 12.50 12.48 12.44 12.41 12.38 12.31 12.23 12.21 12.05 11.98 11.95 11.76 11.68 11.72 11.88 11.97 12.01 12.00 11.91 11.81 11.71 11.61 11.60 11.69 11.78 11.83 11.88 11.79 11.86 12.00 12.01 12.02 12.07 12.09 12.11 12.12 12.13 12.14 12.14 12.11 12.10 12.09 12.05
