main/data/pressure/27.02.2023.grid
ncols 886
nrows 691
xllcenter 112.0000
yllcenter -44.5000
cellsize 0.0500
nodata_value 99999.90
[rows 510 to 543 of 691, columns 539 to 615 of 886]
15.88 15.90 15.87 15.98 15.93 15.90 15.86 15.83 15.79 15.76 15.71 15.61 15.44 15.50 15.49 15.47 15.40 15.41 15.27 15.31 15.32 15.24 15.14 14.98 14.84 14.82 14.85 14.85 14.82 14.67 14.57 14.72 14.69 14.70 14.66 14.63 14.56 14.53 14.58 14.61 14.50 14.45 14.47 14.42 14.38 14.50 14.60 14.59 14.57 14.64 14.79 14.90 14.88 14.82 14.85 14.88 14.91 14.93 15.00 15.04 15.21 15.32 15.34 15.35 15.35 15.34 15.36 15.36 15.30 15.30 15.28 15.43 15.45 15.43 15.38 15.46 15.49
16.11 16.10 16.06 16.03 15.98 15.95 15.92 15.65 15.82 15.64 15.51 15.55 15.36 15.19 15.44 15.47 15.33 15.42 15.28 15.33 15.28 15.12 15.18 15.10 14.96 14.90 14.84 14.80 14.86 14.78 14.82 14.75 14.70 14.68 14.68 14.67 14.64 14.59 14.59 14.56 14.47 14.46 14.53 14.53 14.43 14.50 14.55 14.55 14.53 14.60 14.71 14.85 14.83 14.74 14.83 14.90 14.90 14.91 14.98 15.05 15.16 15.23 15.25 15.30 15.32 15.33 15.34 15.35 15.34 15.31 15.24 15.33 15.41 15.44 15.45 15.44 15.39
16.21 16.17 16.09 16.08 16.05 16.00 15.92 15.91 15.87 15.82 15.74 15.53 15.47 15.42 15.38 15.38 15.43 15.40 15.18 15.32 15.25 15.04 15.16 15.15 15.03 15.05 15.02 14.99 14.94 14.89 14.84 14.82 14.75 14.74 14.69 14.68 14.65 14.60 14.48 14.54 14.55 14.58 14.61 14.60 14.58 14.57 14.56 14.55 14.54 14.59 14.66 14.76 14.82 14.80 14.84 14.85 14.79 14.85 14.94 15.04 15.12 15.17 15.19 15.22 15.27 15.30 15.30 15.30 15.30 15.36 15.33 15.32 15.37 15.44 15.42 15.41 15.38
16.27 16.22 16.17 16.09 16.01 16.04 15.99 15.95 15.89 15.77 15.80 15.76 15.63 15.42 15.04 15.27 15.46 15.47 15.41 15.42 15.42 15.32 15.29 15.27 15.18 15.12 15.04 15.00 14.96 14.91 14.89 14.85 14.79 14.68 14.62 14.69 14.66 14.64 14.62 14.60 14.61 14.56 14.54 14.52 14.57 14.61 14.58 14.54 14.55 14.56 14.60 14.67 14.75 14.79 14.82 14.86 14.68 14.81 14.90 14.99 15.06 15.12 15.11 15.13 15.21 15.28 15.27 15.26 15.26 15.34 15.36 15.38 15.37 15.38 15.42 15.41 15.37
16.33 16.28 16.23 16.18 16.11 16.08 16.01 15.98 15.92 15.87 15.84 15.79 15.74 15.70 15.41 15.37 15.57 15.53 15.50 15.47 15.45 15.38 15.31 15.21 15.28 15.19 15.13 15.09 15.00 14.94 14.92 14.88 14.83 14.73 14.63 14.69 14.64 14.60 14.58 14.61 14.58 14.49 14.46 14.46 14.51 14.52 14.48 14.47 14.50 14.54 14.58 14.62 14.68 14.65 14.66 14.69 14.73 14.80 14.87 14.86 14.96 15.06 15.00 15.01 15.15 15.23 15.28 15.26 15.26 15.32 15.34 15.32 15.32 15.35 15.43 15.41 15.31
16.36 16.32 16.27 16.23 16.18 16.13 16.07 15.97 15.97 15.91 15.83 15.81 15.76 15.76 15.67 15.17 15.56 15.56 15.54 15.52 15.52 15.21 15.21 15.25 15.29 15.23 15.17 15.14 15.11 15.05 15.01 14.96 14.91 14.82 14.69 14.66 14.70 14.65 14.52 14.49 14.51 14.46 14.40 14.38 14.45 14.40 14.35 14.33 14.44 14.49 14.51 14.56 14.62 14.60 14.60 14.63 14.66 14.78 14.88 14.92 15.01 15.06 15.04 15.02 15.13 15.20 15.26 15.26 15.30 15.36 15.32 15.31 15.32 15.41 15.43 15.45 15.36
16.41 16.37 16.32 16.27 16.22 16.17 16.11 16.02 15.98 15.92 15.78 15.81 15.77 15.77 15.71 15.47 15.44 15.56 15.57 15.55 15.54 15.40 15.29 15.29 15.28 15.25 15.17 15.11 15.12 15.06 14.97 14.91 14.91 14.87 14.82 14.77 14.69 14.66 14.55 14.43 14.41 14.39 14.37 14.40 14.39 14.32 14.24 14.26 14.34 14.41 14.45 14.49 14.56 14.60 14.59 14.53 14.55 14.72 14.84 14.92 14.98 15.04 15.06 15.06 15.13 15.20 15.24 15.24 15.32 15.41 15.31 15.41 15.37 15.40 15.44 15.48 15.40
16.45 16.41 16.36 16.31 16.25 16.21 16.15 16.10 16.05 15.80 15.80 15.79 15.80 15.79 15.74 15.62 15.40 15.42 15.60 15.59 15.57 15.55 15.50 15.40 15.23 15.28 15.27 15.21 15.12 15.05 14.97 15.01 14.93 14.80 14.81 14.77 14.72 14.70 14.61 14.47 14.37 14.36 14.38 14.33 14.31 14.27 14.26 14.29 14.32 14.34 14.37 14.42 14.49 14.53 14.58 14.62 14.59 14.70 14.80 14.89 14.96 15.00 14.97 15.05 15.14 15.19 15.23 15.26 15.35 15.43 15.46 15.49 15.49 15.45 15.42 15.47 15.46
16.49 16.44 16.39 16.35 16.29 16.24 16.18 16.13 16.08 16.02 15.98 15.84 15.78 15.73 15.73 15.71 15.67 15.56 15.63 15.62 15.61 15.57 15.55 15.49 15.41 15.38 15.16 14.97 14.97 15.04 15.14 15.07 14.99 14.86 14.81 14.78 14.74 14.72 14.67 14.59 14.44 14.39 14.35 14.27 14.26 14.27 14.29 14.30 14.26 14.25 14.28 14.37 14.44 14.47 14.52 14.56 14.58 14.65 14.78 14.89 14.92 14.96 14.99 15.06 15.14 15.20 15.22 15.28 15.37 15.45 15.39 15.43 15.51 15.52 15.46 15.48 15.50
16.52 16.47 16.42 16.37 16.32 16.26 16.21 16.15 16.11 16.05 16.00 15.93 15.89 15.80 15.75 15.74 15.71 15.66 15.65 15.66 15.63 15.54 15.53 15.53 15.50 15.46 15.31 15.28 14.83 14.97 15.13 15.14 15.05 14.97 14.90 14.86 14.80 14.69 14.66 14.61 14.44 14.37 14.33 14.22 14.23 14.27 14.30 14.25 14.18 14.17 14.23 14.37 14.39 14.36 14.45 14.50 14.48 14.62 14.79 14.87 14.84 14.87 14.95 15.06 15.15 15.21 15.26 15.32 15.41 15.49 15.40 15.45 15.49 15.50 15.51 15.52 15.53
16.55 16.50 16.45 16.39 16.34 16.28 16.22 16.17 16.11 16.07 16.01 15.97 15.90 15.88 15.80 15.78 15.77 15.72 15.70 15.67 15.65 15.61 15.59 15.54 15.50 15.47 15.43 15.39 15.28 15.07 15.15 15.15 15.05 15.00 14.96 14.87 14.80 14.56 14.50 14.58 14.54 14.48 14.41 14.31 14.23 14.21 14.25 14.23 14.17 14.24 14.34 14.34 14.32 14.32 14.43 14.46 14.35 14.60 14.80 14.83 14.68 14.78 14.97 15.06 15.14 15.21 15.27 15.35 15.45 15.44 15.47 15.51 15.52 15.53 15.54 15.55 15.56
16.57 16.52 16.47 16.41 16.35 16.29 16.23 16.17 16.12 16.07 16.02 15.98 15.93 15.66 15.79 15.81 15.78 15.73 15.70 15.69 15.66 15.59 15.46 15.58 15.54 15.49 15.45 15.42 15.35 15.27 15.16 15.13 15.07 15.05 14.99 14.91 14.76 14.61 14.55 14.55 14.53 14.49 14.44 14.36 14.21 14.08 14.23 14.23 14.23 14.33 14.23 14.21 14.22 14.34 14.46 14.54 14.60 14.70 14.82 14.85 14.87 14.98 14.95 15.06 15.13 15.20 15.27 15.33 15.40 15.56 15.60 15.55 15.55 15.55 15.57 15.58 15.58
16.59 16.53 16.48 16.42 16.35 16.29 16.22 16.17 16.12 16.06 16.01 15.97 15.93 15.88 15.85 15.74 15.68 15.62 15.64 15.66 15.66 15.64 15.53 15.58 15.55 15.50 15.46 15.43 15.38 15.25 15.26 15.19 15.14 15.08 14.98 14.88 14.75 14.71 14.64 14.56 14.47 14.44 14.42 14.35 14.21 14.06 14.15 14.22 14.27 14.31 14.26 14.19 14.10 14.27 14.40 14.51 14.62 14.71 14.81 14.89 14.96 15.01 15.03 15.09 15.16 15.21 15.28 15.32 15.40 15.55 15.54 15.55 15.57 15.58 15.60 15.61 15.61
16.59 16.53 16.46 16.40 16.34 16.27 16.21 16.15 16.09 16.04 15.99 15.95 15.91 15.87 15.81 15.72 15.61 15.56 15.60 15.61 15.60 15.60 15.59 15.58 15.55 15.51 15.48 15.45 15.40 15.34 15.28 15.21 15.18 15.12 15.03 14.98 14.89 14.82 14.73 14.62 14.52 14.50 14.42 14.37 14.27 14.18 14.16 14.18 14.20 14.25 14.31 14.32 14.25 14.28 14.33 14.43 14.57 14.66 14.78 14.89 14.99 15.06 15.09 15.12 15.18 15.24 15.29 15.31 15.34 15.56 15.54 15.57 15.59 15.61 15.62 15.64 15.64
16.57 16.51 16.44 16.38 16.31 16.24 16.17 16.11 16.06 16.01 15.96 15.92 15.88 15.85 15.82 15.74 15.65 15.60 15.58 15.56 15.52 15.50 15.53 15.56 15.55 15.53 15.49 15.45 15.41 15.37 15.32 15.26 15.19 15.15 15.09 15.03 14.96 14.88 14.79 14.70 14.60 14.49 14.41 14.40 14.35 14.28 14.20 14.12 14.05 14.18 14.27 14.29 14.34 14.28 14.21 14.33 14.50 14.60 14.72 14.89 15.00 15.07 15.10 15.13 15.18 15.25 15.31 15.37 15.48 15.53 15.56 15.60 15.62 15.62 15.62 15.66 15.67
16.55 16.48 16.40 16.33 16.26 16.19 16.12 16.06 16.00 15.95 15.91 15.87 15.84 15.81 15.79 15.75 15.69 15.64 15.59 15.54 15.47 15.38 15.45 15.52 15.54 15.53 15.50 15.45 15.41 15.38 15.34 15.28 15.20 15.15 15.10 15.04 14.97 14.88 14.75 14.70 14.64 14.58 14.52 14.48 14.44 14.38 14.31 14.13 13.98 14.19 14.23 14.21 14.31 14.36 14.16 14.27 14.45 14.54 14.63 14.92 15.01 15.08 15.11 15.12 15.17 15.26 15.33 15.39 15.45 15.54 15.59 15.62 15.65 15.66 15.61 15.69 15.68
16.50 16.42 16.34 16.27 16.19 16.12 16.06 16.00 15.94 15.90 15.86 15.82 15.79 15.77 15.75 15.73 15.68 15.65 15.61 15.54 15.46 15.41 15.44 15.48 15.52 15.53 15.50 15.45 15.42 15.37 15.31 15.25 15.22 15.16 15.10 15.05 14.94 14.90 14.79 14.70 14.69 14.65 14.60 14.54 14.50 14.44 14.39 14.26 14.11 13.99 14.21 14.24 14.31 14.36 14.41 14.29 14.40 14.57 14.71 14.88 15.01 15.10 15.10 15.12 15.19 15.28 15.35 15.41 15.48 15.55 15.56 15.62 15.65 15.67 15.67 15.67 15.66
16.43 16.35 16.27 16.18 16.11 16.05 15.98 15.92 15.87 15.82 15.79 15.75 15.73 15.71 15.70 15.68 15.66 15.66 15.62 15.54 15.47 15.41 15.42 15.46 15.50 15.52 15.49 15.45 15.41 15.33 15.28 15.25 15.20 15.16 15.10 15.05 14.98 14.88 14.82 14.77 14.72 14.66 14.52 14.50 14.49 14.46 14.43 14.36 14.30 14.11 14.08 14.25 14.31 14.35 14.36 14.36 14.48 14.59 14.75 14.86 15.01 15.11 15.12 15.12 15.20 15.29 15.31 15.36 15.45 15.54 15.57 15.60 15.66 15.66 15.68 15.67 15.67
16.34 16.26 16.17 16.09 16.02 15.95 15.89 15.84 15.79 15.75 15.72 15.69 15.67 15.66 15.65 15.64 15.62 15.62 15.59 15.52 15.45 15.39 15.40 15.42 15.47 15.50 15.48 15.45 15.40 15.28 15.20 15.21 15.19 15.15 15.10 15.04 14.98 14.89 14.83 14.74 14.63 14.63 14.58 14.48 14.48 14.46 14.35 14.32 14.22 14.28 14.11 14.12 14.26 14.34 14.35 14.40 14.46 14.55 14.72 14.77 14.98 15.12 15.07 15.09 15.20 15.29 15.31 15.31 15.41 15.52 15.56 15.60 15.61 15.58 15.61 15.66 15.67
16.23 16.14 16.06 15.98 15.91 15.85 15.79 15.74 15.70 15.67 15.64 15.62 15.61 15.60 15.60 15.59 15.59 15.57 15.56 15.51 15.45 15.40 15.39 15.35 15.30 15.37 15.42 15.41 15.40 15.10 15.10 15.15 15.16 15.12 15.06 14.99 14.94 14.90 14.84 14.76 14.68 14.64 14.59 14.53 14.47 14.44 14.43 14.36 14.28 14.27 14.18 14.12 14.20 14.32 14.37 14.39 14.40 14.42 14.64 14.85 15.04 15.15 15.07 15.13 15.22 15.29 15.34 15.36 15.41 15.48 15.53 15.56 15.60 15.61 15.63 15.65 15.66
16.11 16.02 15.94 15.86 15.80 15.74 15.68 15.65 15.62 15.59 15.56 15.56 15.55 15.54 15.54 15.54 15.54 15.54 15.53 15.49 15.45 15.46 15.41 15.33 15.24 15.26 15.36 15.41 15.39 15.31 15.24 15.17 15.13 15.13 15.07 15.01 14.93 14.90 14.85 14.78 14.65 14.61 14.57 14.53 14.47 14.43 14.44 14.43 14.37 14.34 14.29 14.25 14.16 14.26 14.39 14.42 14.35 14.36 14.60 14.86 15.04 15.15 15.13 15.15 15.24 15.30 15.35 15.38 15.44 15.48 15.51 15.54 15.58 15.60 15.63 15.63 15.63
15.97 15.88 15.80 15.74 15.68 15.62 15.58 15.55 15.53 15.51 15.50 15.49 15.49 15.49 15.49 15.50 15.49 15.50 15.50 15.49 15.46 15.43 15.42 15.37 15.33 15.35 15.39 15.40 15.40 15.38 15.34 15.23 15.05 15.15 15.07 14.99 14.96 14.92 14.87 14.82 14.75 14.66 14.60 14.55 14.51 14.50 14.47 14.48 14.43 14.39 14.38 14.35 14.23 14.24 14.44 14.52 14.52 14.42 14.60 14.89 15.05 15.16 15.12 15.10 15.24 15.32 15.35 15.36 15.39 15.46 15.49 15.51 15.57 15.59 15.58 15.58 15.59
15.83 15.74 15.68 15.62 15.57 15.52 15.49 15.46 15.45 15.44 15.43 15.43 15.43 15.44 15.44 15.45 15.45 15.46 15.47 15.46 15.41 15.38 15.40 15.40 15.40 15.41 15.42 15.41 15.40 15.38 15.36 15.28 15.19 15.21 15.11 15.00 14.97 14.91 14.86 14.83 14.78 14.71 14.65 14.61 14.57 14.52 14.50 14.47 14.43 14.41 14.41 14.40 14.33 14.34 14.45 14.56 14.63 14.56 14.67 14.92 15.09 15.19 15.05 15.14 15.26 15.30 15.33 15.35 15.35 15.45 15.47 15.50 15.55 15.57 15.55 15.53 15.50
15.69 15.62 15.56 15.51 15.46 15.43 15.40 15.39 15.38 15.38 15.37 15.37 15.38 15.39 15.40 15.41 15.41 15.43 15.43 15.40 15.37 15.28 15.28 15.36 15.38 15.36 15.28 15.32 15.37 15.36 15.35 15.32 15.25 15.20 15.09 15.02 14.97 14.89 14.85 14.81 14.77 14.72 14.67 14.62 14.56 14.52 14.48 14.46 14.48 14.45 14.41 14.44 14.41 14.41 14.43 14.51 14.73 14.81 14.90 15.02 15.12 15.16 15.07 15.18 15.26 15.29 15.35 15.36 15.40 15.44 15.47 15.49 15.51 15.53 15.53 15.52 15.56
15.56 15.50 15.45 15.40 15.37 15.35 15.33 15.32 15.32 15.31 15.32 15.33 15.33 15.35 15.36 15.37 15.39 15.39 15.40 15.39 15.36 15.37 15.32 15.34 15.34 15.27 15.18 15.26 15.35 15.34 15.32 15.31 15.27 15.20 15.09 15.03 14.96 14.88 14.86 14.83 14.80 14.75 14.69 14.63 14.60 14.56 14.55 14.46 14.50 14.46 14.40 14.35 14.46 14.47 14.43 14.38 14.73 14.90 14.93 15.07 15.11 15.17 15.16 15.21 15.29 15.26 15.38 15.40 15.43 15.45 15.47 15.49 15.49 15.49 15.48 15.49 15.52
15.44 15.38 15.34 15.32 15.29 15.27 15.26 15.26 15.26 15.26 15.27 15.28 15.30 15.31 15.33 15.34 15.35 15.36 15.38 15.37 15.35 15.34 15.32 15.35 15.36 15.29 15.21 15.24 15.29 15.24 15.30 15.28 15.27 15.20 15.14 15.05 14.98 14.91 14.88 14.84 14.80 14.77 14.72 14.67 14.62 14.56 14.58 14.55 14.53 14.49 14.49 14.52 14.51 14.50 14.49 14.60 14.72 14.45 14.59 15.00 15.04 15.18 15.21 15.23 15.32 15.32 15.37 15.39 15.41 15.44 15.45 15.46 15.46 15.47 15.48 15.48 15.48
15.33 15.29 15.25 15.23 15.22 15.20 15.20 15.21 15.21 15.22 15.24 15.25 15.27 15.29 15.30 15.31 15.33 15.34 15.35 15.37 15.38 15.33 15.40 15.37 15.34 15.33 15.16 15.21 15.25 15.26 15.26 15.24 15.25 15.21 15.19 15.09 15.00 14.92 14.86 14.89 14.84 14.82 14.77 14.72 14.67 14.64 14.62 14.60 14.58 14.57 14.56 14.52 14.46 14.48 14.46 14.61 14.77 14.90 14.92 15.02 15.02 15.10 15.19 15.25 15.29 15.30 15.31 15.35 15.36 15.39 15.42 15.44 15.43 15.44 15.43 15.42 15.42
15.24 15.21 15.19 15.16 15.15 15.15 15.16 15.16 15.17 15.18 15.20 15.21 15.24 15.25 15.28 15.29 15.30 15.32 15.32 15.33 15.33 15.32 15.33 15.30 15.34 15.31 15.18 15.23 15.27 15.27 15.25 15.22 15.22 15.21 15.18 15.15 15.00 14.99 14.95 14.91 14.88 14.85 14.80 14.76 14.67 14.66 14.64 14.62 14.55 14.57 14.59 14.53 14.42 14.56 14.58 14.62 14.71 14.90 14.96 14.99 15.02 15.04 15.12 15.18 15.24 15.27 15.24 15.27 15.33 15.35 15.40 15.41 15.42 15.42 15.40 15.37 15.37
15.16 15.14 15.12 15.11 15.10 15.10 15.11 15.12 15.14 15.15 15.17 15.20 15.22 15.24 15.25 15.27 15.28 15.28 15.29 15.32 15.32 15.30 15.33 15.31 15.30 15.31 15.26 15.29 15.29 15.28 15.25 15.23 15.22 15.21 15.20 15.17 15.05 15.02 14.96 14.90 14.87 14.84 14.81 14.77 14.71 14.67 14.62 14.54 14.46 14.56 14.60 14.63 14.59 14.64 14.62 14.64 14.74 14.89 14.94 14.97 14.98 15.02 15.06 15.17 15.20 15.23 15.23 15.22 15.13 14.74 15.27 15.38 15.38 15.39 15.38 15.36 15.34
15.09 15.08 15.07 15.06 15.07 15.06 15.07 15.09 15.10 15.12 15.15 15.17 15.20 15.23 15.24 15.25 15.24 15.26 15.27 15.29 15.31 15.31 15.26 15.26 15.28 15.30 15.29 15.26 15.23 15.17 15.21 15.22 15.19 15.19 15.18 15.16 15.08 15.00 14.96 14.91 14.87 14.84 14.81 14.77 14.73 14.69 14.65 14.61 14.55 14.59 14.57 14.62 14.66 14.68 14.63 14.58 14.73 14.88 14.93 14.97 15.01 15.05 15.09 15.12 15.21 15.20 15.22 15.22 15.03 14.70 14.82 15.35 15.35 15.32 15.33 15.32 15.25
15.03 15.03 15.02 15.02 15.03 15.04 15.05 15.06 15.07 15.10 15.12 15.15 15.18 15.20 15.21 15.23 15.20 15.21 15.21 15.25 15.30 15.30 15.30 15.35 15.27 15.28 15.29 15.28 15.28 15.22 15.22 15.23 15.20 15.17 15.18 15.16 15.12 15.01 15.00 14.96 14.90 14.90 14.87 14.80 14.76 14.71 14.69 14.63 14.63 14.61 14.59 14.61 14.67 14.69 14.66 14.63 14.78 14.86 14.92 14.97 14.85 15.05 14.98 14.83 14.95 15.17 15.20 15.16 14.96 14.00 12.73 14.48 15.32 15.29 15.27 15.18 15.15
14.98 14.98 14.98 14.98 15.00 15.01 15.02 15.04 15.05 15.07 15.10 15.13 15.14 15.18 15.19 15.22 15.21 15.00 15.17 15.25 15.29 15.30 15.31 15.34 15.28 15.28 15.28 15.27 15.25 15.25 15.20 15.20 15.20 15.13 15.17 15.15 15.14 15.08 15.05 14.98 14.93 14.90 14.86 14.83 14.78 14.74 14.70 14.67 14.64 14.64 14.62 14.61 14.69 14.73 14.73 14.79 14.94 14.88 14.91 14.99 14.99 15.04 14.82 14.91 14.90 15.06 15.09 14.47 15.11 14.23 13.15 12.78 14.49 15.32 15.31 15.26 15.20
14.95 14.95 14.95 14.96 14.97 14.98 15.00 15.01 15.03 15.05 15.08 15.11 15.13 15.15 15.17 15.20 15.22 15.24 15.22 15.26 15.28 15.30 15.33 15.32 15.31 15.28 15.27 15.21 15.25 15.23 15.21 15.20 15.17 15.16 15.15 15.14 15.14 15.12 15.05 14.97 14.96 14.93 14.90 14.86 14.80 14.75 14.69 14.69 14.68 14.71 14.69 14.74 14.76 14.79 14.81 14.85 14.95 14.85 14.90 14.98 14.96 14.85 14.21 14.17 14.89 15.11 14.66 13.57 14.20 14.76 14.22 13.99 14.98 15.29 15.28 15.20 14.82
14.91 14.92 14.93 14.94 14.95 14.96 14.98 15.00 15.02 15.04 15.07 15.08 15.11 15.14 15.16 15.18 15.20 15.22 15.22 15.25 15.27 15.29 15.32 15.32 15.36 15.25 15.27 15.27 15.24 15.22 15.21 15.18 15.16 15.16 15.14 15.14 15.13 15.12 15.05 14.97 14.89 14.88 14.89 14.91 14.82 14.76 14.68 14.72 14.75 14.79 14.85 14.81 14.85 14.91 15.04 14.99 14.81 14.99 15.04 15.10 14.70 14.93 13.52 14.37 15.12 15.05 15.15 14.55 14.59 14.57 13.55 14.03 15.24 15.08 15.30 15.22 14.88
