main/data/pressure/28.03.2023.grid
ncols 886
nrows 691
xllcenter 112.0000
yllcenter -44.5000
cellsize 0.0500
nodata_value 99999.90
[rows 476 to 509 of 691, columns 385 to 461 of 886]
17.13 17.18 17.24 17.30 17.34 17.39 17.44 17.49 17.53 17.58 17.62 17.66 17.70 17.74 17.78 17.82 17.85 17.89 17.92 17.95 17.98 18.01 18.04 18.07 18.09 18.12 18.15 18.17 18.19 18.21 18.24 18.25 18.26 18.28 18.29 18.30 18.32 18.32 18.32 18.32 18.32 18.32 18.30 18.29 18.28 18.26 18.24 18.20 18.17 18.14 18.09 18.05 18.00 17.95 17.95 17.96 17.99 18.02 18.04 18.07 18.10 18.12 18.15 18.18 18.21 18.23 18.26 18.29 18.32 18.34 18.37 18.40 18.41 18.43 18.44 18.44 18.44
17.15 17.20 17.26 17.31 17.36 17.41 17.46 17.50 17.55 17.59 17.63 17.68 17.71 17.75 17.79 17.83 17.86 17.90 17.93 17.96 18.00 18.03 18.05 18.08 18.11 18.13 18.16 18.18 18.20 18.22 18.25 18.26 18.27 18.30 18.31 18.31 18.33 18.33 18.34 18.34 18.34 18.34 18.33 18.32 18.31 18.30 18.27 18.25 18.22 18.19 18.15 18.11 18.06 18.01 17.98 17.98 18.01 18.03 18.06 18.09 18.11 18.15 18.17 18.20 18.23 18.26 18.29 18.31 18.34 18.37 18.39 18.41 18.43 18.45 18.46 18.46 18.47
17.17 17.23 17.28 17.33 17.38 17.43 17.47 17.52 17.56 17.61 17.65 17.69 17.74 17.77 17.81 17.85 17.88 17.91 17.94 17.97 18.00 18.04 18.07 18.09 18.12 18.14 18.16 18.19 18.21 18.23 18.26 18.27 18.28 18.31 18.31 18.32 18.34 18.34 18.35 18.35 18.36 18.35 18.35 18.35 18.34 18.33 18.30 18.29 18.26 18.23 18.20 18.16 18.12 18.08 18.03 18.02 18.03 18.06 18.08 18.11 18.14 18.17 18.19 18.23 18.25 18.28 18.31 18.33 18.36 18.39 18.42 18.43 18.45 18.46 18.48 18.49 18.49
17.19 17.25 17.30 17.35 17.40 17.44 17.49 17.53 17.58 17.63 17.67 17.71 17.75 17.78 17.82 17.85 17.89 17.92 17.96 17.99 18.02 18.05 18.07 18.11 18.13 18.15 18.17 18.20 18.22 18.24 18.25 18.28 18.29 18.31 18.32 18.33 18.35 18.35 18.37 18.38 18.37 18.38 18.37 18.37 18.36 18.35 18.33 18.32 18.30 18.27 18.24 18.21 18.17 18.14 18.09 18.06 18.05 18.08 18.10 18.14 18.16 17.93 18.22 18.25 18.28 18.30 18.33 18.37 18.39 18.41 18.44 18.46 18.48 18.50 18.51 18.52 18.53
17.21 17.27 17.32 17.37 17.41 17.46 17.51 17.55 17.60 17.64 17.68 17.72 17.76 17.79 17.83 17.87 17.91 17.94 17.97 18.00 18.03 18.06 18.08 18.11 18.14 18.16 18.18 18.20 18.23 18.25 18.26 18.29 18.30 18.32 18.33 18.35 18.36 18.36 18.38 18.39 18.39 18.39 18.39 18.39 18.38 18.37 18.36 18.34 18.33 18.30 18.28 18.26 18.22 18.19 18.16 18.12 18.09 18.10 18.14 18.16 18.19 18.22 18.25 18.27 18.31 18.34 18.36 18.39 18.42 18.45 18.46 18.49 18.50 18.53 18.54 18.55 18.56
17.23 17.29 17.34 17.39 17.43 17.48 17.53 17.57 17.61 17.66 17.69 17.73 17.78 17.81 17.85 17.88 17.91 17.95 17.98 18.01 18.04 18.06 18.10 18.12 18.14 18.17 18.19 18.21 18.24 18.26 18.27 18.29 18.31 18.33 18.34 18.35 18.36 18.38 18.38 18.39 18.40 18.40 18.40 18.40 18.39 18.39 18.38 18.37 18.36 18.34 18.31 18.30 18.26 18.24 18.21 18.17 18.15 18.14 18.16 18.19 18.22 18.25 18.27 18.31 18.34 18.36 18.39 18.42 18.45 18.47 18.50 18.51 18.54 18.55 18.58 18.59 18.60
17.25 17.30 17.36 17.40 17.45 17.49 17.55 17.59 17.63 17.67 17.71 17.75 17.79 17.82 17.86 17.89 17.93 17.96 17.99 18.01 18.05 18.08 18.10 18.12 18.15 18.17 18.20 18.22 18.24 18.26 18.28 18.30 18.31 18.33 18.35 18.35 18.37 18.38 18.39 18.39 18.40 18.41 18.41 18.41 18.41 18.41 18.40 18.39 18.38 18.37 18.35 18.33 18.31 18.28 18.26 18.23 18.20 18.18 18.19 18.22 18.25 18.28 18.30 18.34 18.37 18.39 18.42 18.45 18.48 18.50 18.53 18.55 18.58 18.59 18.60 18.62 18.63
17.27 17.32 17.37 17.42 17.47 17.51 17.56 17.60 17.64 17.68 17.73 17.76 17.80 17.83 17.87 17.91 17.94 17.96 18.00 18.03 18.05 18.08 18.11 18.13 18.16 18.18 18.20 18.23 18.25 18.26 18.28 18.30 18.32 18.33 18.35 18.36 18.38 18.38 18.40 18.40 18.41 18.42 18.42 18.42 18.42 18.42 18.42 18.41 18.40 18.39 18.37 18.36 18.35 18.32 18.30 18.27 18.25 18.24 18.23 18.25 18.28 18.31 18.35 18.37 18.40 18.43 18.46 18.49 18.51 18.54 18.56 18.58 18.60 18.62 18.64 18.65 18.66
17.29 17.34 17.39 17.44 17.48 17.52 17.58 17.62 17.66 17.70 17.74 17.77 17.81 17.85 17.88 17.91 17.94 17.98 18.01 18.03 18.07 18.09 18.11 18.14 18.16 18.18 18.21 18.23 18.25 18.27 18.29 18.30 18.32 18.34 18.36 18.36 18.38 18.39 18.40 18.41 18.42 18.43 18.43 18.43 18.43 18.43 18.43 18.42 18.42 18.41 18.40 18.39 18.38 18.35 18.34 18.32 18.30 18.29 18.27 18.29 18.32 18.34 18.38 18.41 18.43 18.47 18.49 18.52 18.54 18.57 18.59 18.62 18.64 18.65 18.67 18.69 18.69
17.31 17.36 17.41 17.45 17.50 17.54 17.59 17.63 17.67 17.71 17.75 17.78 17.82 17.86 17.89 17.92 17.96 17.99 18.01 18.05 18.07 18.09 18.12 18.14 18.16 18.19 18.21 18.23 18.25 18.27 18.29 18.31 18.32 18.34 18.35 18.37 18.38 18.39 18.41 18.41 18.42 18.42 18.43 18.44 18.44 18.44 18.44 18.43 18.43 18.43 18.42 18.41 18.39 18.38 18.38 18.36 18.35 18.34 18.32 18.33 18.35 18.39 18.41 18.44 18.48 18.50 18.53 18.55 18.57 18.61 18.63 18.64 18.66 18.68 18.70 18.72 18.72
17.33 17.37 17.42 17.47 17.51 17.55 17.60 17.64 17.68 17.73 17.76 17.79 17.84 17.87 17.90 17.94 17.96 17.99 18.02 18.05 18.07 18.10 18.12 18.15 18.17 18.19 18.22 18.23 18.26 18.27 18.29 18.30 18.32 18.33 18.35 18.36 18.38 18.39 18.40 18.41 18.42 18.43 18.44 18.43 18.44 18.45 18.44 18.44 18.44 18.43 18.43 18.43 18.42 18.41 18.41 18.39 18.39 18.38 18.37 18.38 18.39 18.42 18.45 18.48 18.51 18.53 18.57 18.59 18.61 18.64 18.66 18.68 18.70 18.72 18.73 18.75 18.75
17.35 17.39 17.44 17.49 17.53 17.57 17.62 17.66 17.69 17.74 17.77 17.80 17.85 17.88 17.91 17.94 17.97 18.00 18.03 18.05 18.08 18.10 18.13 18.15 18.17 18.20 18.21 18.24 18.25 18.27 18.29 18.31 18.32 18.34 18.36 18.36 18.38 18.39 18.40 18.41 18.42 18.43 18.43 18.44 18.45 18.45 18.45 18.45 18.45 18.45 18.45 18.45 18.43 18.43 18.43 18.42 18.42 18.41 18.41 18.42 18.43 18.46 18.48 18.52 18.54 18.56 18.60 18.62 18.64 18.67 18.69 18.71 18.73 18.75 18.76 18.78 18.79
17.36 17.41 17.45 17.49 17.54 17.58 17.63 17.67 17.70 17.75 17.78 17.82 17.85 17.88 17.92 17.95 17.97 18.01 18.03 18.06 18.08 18.11 18.13 18.15 18.18 18.19 18.22 18.23 18.26 18.27 18.29 18.30 18.32 18.33 18.35 18.37 18.37 18.39 18.40 18.41 18.42 18.42 18.43 18.44 18.45 18.45 18.45 18.46 18.45 18.45 18.46 18.45 18.45 18.45 18.45 18.45 18.45 18.44 18.45 18.46 18.47 18.49 18.52 18.55 18.57 18.60 18.62 18.64 18.67 18.69 18.71 18.73 18.75 18.77 18.79 18.80 18.81
17.37 17.42 17.47 17.51 17.56 17.60 17.64 17.68 17.72 17.76 17.79 17.83 17.86 17.89 17.93 17.95 17.99 18.01 18.03 18.07 18.09 18.11 18.13 18.16 18.18 18.20 18.22 18.24 18.25 18.27 18.28 18.30 18.31 18.33 18.35 18.36 18.37 18.39 18.39 18.41 18.42 18.42 18.43 18.44 18.44 18.45 18.46 18.45 18.46 18.46 18.46 18.46 18.46 18.47 18.46 18.47 18.47 18.47 18.48 18.49 18.50 18.53 18.55 18.58 18.60 18.63 18.65 18.68 18.70 18.71 18.74 18.76 18.77 18.80 18.81 18.82 18.83
17.39 17.43 17.49 17.53 17.57 17.61 17.65 17.69 17.73 17.77 17.80 17.83 17.87 17.90 17.93 17.96 17.99 18.02 18.05 18.07 18.09 18.11 18.14 18.16 18.17 18.20 18.21 18.23 18.26 18.27 18.29 18.30 18.32 18.33 18.34 18.36 18.36 18.38 18.39 18.40 18.41 18.42 18.43 18.43 18.44 18.45 18.45 18.45 18.46 18.46 18.46 18.47 18.47 18.47 18.48 18.48 18.49 18.49 18.51 18.51 18.53 18.56 18.58 18.61 18.62 18.65 18.68 18.70 18.71 18.74 18.76 18.78 18.79 18.81 18.83 18.84 18.86
17.41 17.45 17.49 17.54 17.58 17.63 17.66 17.71 17.74 17.78 17.81 17.84 17.88 17.90 17.94 17.96 18.00 18.02 18.05 18.07 18.10 18.11 18.14 18.16 18.18 18.19 18.22 18.23 18.25 18.26 18.28 18.30 18.31 18.33 18.34 18.35 18.36 18.38 18.38 18.39 18.41 18.41 18.42 18.43 18.44 18.44 18.45 18.45 18.45 18.46 18.47 18.47 18.47 18.48 18.49 18.50 18.50 18.51 18.53 18.53 18.56 18.58 18.60 18.63 18.66 18.67 18.70 18.71 18.74 18.75 18.78 18.79 18.81 18.82 18.84 18.85 18.87
17.42 17.47 17.51 17.56 17.59 17.64 17.67 17.72 17.75 17.79 17.82 17.85 17.88 17.91 17.94 17.97 18.00 18.02 18.05 18.07 18.10 18.11 18.14 18.15 18.18 18.20 18.21 18.23 18.24 18.26 18.27 18.29 18.31 18.32 18.33 18.35 18.35 18.37 18.38 18.38 18.39 18.41 18.42 18.42 18.43 18.44 18.45 18.44 18.45 18.46 18.47 18.47 18.47 18.48 18.49 18.49 18.51 18.52 18.54 18.55 18.58 18.60 18.62 18.65 18.68 18.69 18.71 18.74 18.75 18.77 18.78 18.81 18.83 18.83 18.85 18.87 18.88
17.43 17.47 17.52 17.56 17.61 17.64 17.68 17.72 17.76 17.79 17.83 17.85 17.89 17.91 17.95 17.97 18.00 18.02 18.05 18.07 18.10 18.11 18.14 18.16 18.17 18.20 18.21 18.23 18.24 18.26 18.28 18.28 18.30 18.32 18.32 18.34 18.35 18.35 18.37 18.38 18.39 18.39 18.40 18.41 18.42 18.42 18.43 18.44 18.45 18.45 18.46 18.47 18.47 18.49 18.49 18.50 18.51 18.53 18.54 18.56 18.59 18.61 18.64 18.67 18.69 18.70 18.72 18.75 18.76 18.78 18.80 18.82 18.83 18.84 18.86 18.88 18.89
17.45 17.49 17.54 17.57 17.62 17.65 17.70 17.73 17.77 17.80 17.83 17.86 17.90 17.92 17.95 17.97 18.00 18.02 18.05 18.08 18.10 18.12 18.13 18.16 18.17 18.19 18.20 18.22 18.24 18.25 18.27 18.28 18.29 18.31 18.32 18.33 18.34 18.35 18.36 18.37 18.38 18.39 18.39 18.40 18.41 18.42 18.43 18.43 18.44 18.45 18.45 18.46 18.46 18.47 18.49 18.50 18.51 18.52 18.54 18.57 18.59 18.62 18.65 18.68 18.70 18.71 18.73 18.75 18.77 18.79 18.80 18.82 18.83 18.85 18.87 18.88 18.90
17.46 17.50 17.54 17.59 17.62 17.67 17.70 17.74 17.77 17.80 17.84 17.87 17.90 17.92 17.96 17.98 18.01 18.02 18.05 18.08 18.09 18.12 18.13 18.15 18.17 18.19 18.21 18.22 18.23 18.25 18.26 18.27 18.29 18.30 18.31 18.32 18.33 18.34 18.35 18.36 18.36 18.38 18.39 18.40 18.41 18.40 18.41 18.42 18.43 18.43 18.44 18.45 18.46 18.47 18.48 18.49 18.50 18.52 18.54 18.57 18.59 18.62 18.65 18.69 18.71 18.72 18.74 18.75 18.77 18.79 18.81 18.81 18.83 18.84 18.86 18.88 18.90
17.47 17.51 17.56 17.60 17.63 17.68 17.71 17.75 17.78 17.81 17.84 17.87 17.90 17.93 17.96 17.98 18.01 18.03 18.05 18.08 18.09 18.12 18.13 18.15 18.17 18.18 18.20 18.21 18.23 18.24 18.25 18.27 18.28 18.29 18.30 18.31 18.32 18.33 18.34 18.35 18.36 18.36 18.37 18.38 18.39 18.40 18.41 18.41 18.42 18.42 18.43 18.44 18.44 18.46 18.47 18.48 18.50 18.52 18.53 18.55 18.58 18.61 18.65 18.69 18.70 18.72 18.74 18.75 18.77 18.79 18.80 18.82 18.83 18.85 18.86 18.87 18.89
17.48 17.52 17.57 17.60 17.65 17.68 17.72 17.75 17.78 17.82 17.84 17.88 17.90 17.93 17.95 17.98 18.01 18.03 18.05 18.07 18.09 18.11 18.12 18.15 18.17 18.17 18.19 18.20 18.22 18.23 18.25 18.25 18.27 18.28 18.30 18.30 18.31 18.32 18.33 18.33 18.35 18.35 18.36 18.36 18.37 18.38 18.39 18.40 18.41 18.41 18.42 18.43 18.44 18.45 18.46 18.48 18.48 18.50 18.52 18.55 18.57 18.60 18.64 18.68 18.70 18.72 18.73 18.75 18.76 18.78 18.79 18.81 18.82 18.84 18.86 18.87 18.89
17.49 17.54 17.57 17.62 17.65 17.69 17.73 17.75 17.79 17.82 17.85 17.88 17.90 17.94 17.95 17.98 18.01 18.03 18.05 18.06 18.09 18.11 18.12 18.14 18.16 18.17 18.19 18.20 18.21 18.22 18.24 18.24 18.26 18.27 18.28 18.29 18.30 18.31 18.32 18.33 18.33 18.34 18.35 18.36 18.36 18.36 18.37 18.38 18.39 18.40 18.41 18.42 18.42 18.43 18.44 18.46 18.47 18.49 18.51 18.52 18.55 18.58 18.61 18.65 18.69 18.71 18.73 18.74 18.76 18.77 18.78 18.80 18.82 18.83 18.84 18.86 18.87
17.51 17.54 17.59 17.62 17.66 17.70 17.73 17.76 17.79 17.82 17.86 17.88 17.91 17.93 17.96 17.98 18.00 18.02 18.05 18.06 18.08 18.10 18.11 18.13 18.15 18.16 18.18 18.19 18.20 18.22 18.23 18.24 18.25 18.26 18.27 18.27 18.28 18.29 18.30 18.31 18.32 18.32 18.33 18.34 18.35 18.36 18.36 18.36 18.37 18.38 18.39 18.40 18.41 18.42 18.42 18.44 18.45 18.47 18.49 18.51 18.54 18.56 18.60 18.63 18.67 18.70 18.72 18.73 18.75 18.76 18.77 18.79 18.80 18.81 18.83 18.84 18.86
17.51 17.56 17.59 17.63 17.67 17.70 17.73 17.76 17.80 17.83 17.85 17.88 17.91 17.93 17.96 17.98 18.00 18.02 18.05 18.06 18.08 18.09 18.11 18.13 18.14 18.15 18.17 18.19 18.19 18.20 18.22 18.23 18.23 18.25 18.26 18.27 18.27 18.28 18.29 18.30 18.31 18.32 18.31 18.32 18.33 18.34 18.35 18.35 18.36 18.36 18.37 18.38 18.39 18.40 18.41 18.42 18.44 18.45 18.47 18.49 18.51 18.54 18.57 18.61 18.64 18.68 18.71 18.72 18.73 18.75 18.76 18.77 18.79 18.80 18.81 18.82 18.84
17.52 17.56 17.60 17.64 17.67 17.71 17.73 17.77 17.80 17.82 17.86 17.89 17.90 17.93 17.96 17.97 18.00 18.02 18.03 18.06 18.08 18.09 18.10 18.12 18.13 18.15 18.16 18.18 18.18 18.19 18.21 18.22 18.22 18.23 18.24 18.25 18.25 18.26 18.27 18.28 18.29 18.30 18.30 18.30 18.31 18.32 18.33 18.33 18.34 18.35 18.36 18.35 18.36 18.37 18.38 18.40 18.41 18.43 18.44 18.46 18.49 18.51 18.54 18.57 18.60 18.64 18.68 18.70 18.72 18.73 18.74 18.75 18.77 18.78 18.79 18.80 18.82
17.53 17.57 17.60 17.64 17.68 17.71 17.74 17.77 17.80 17.83 17.86 17.88 17.91 17.93 17.95 17.97 18.00 18.01 18.03 18.05 18.06 18.08 18.10 18.12 18.12 18.14 18.15 18.17 18.17 18.18 18.20 18.20 18.21 18.22 18.23 18.24 18.24 18.25 18.26 18.26 18.27 18.28 18.29 18.28 18.29 18.30 18.30 18.31 18.32 18.33 18.33 18.34 18.35 18.36 18.36 18.38 18.38 18.40 18.41 18.43 18.45 18.49 18.51 18.54 18.57 18.61 18.64 18.68 18.69 18.70 18.72 18.73 18.74 18.75 18.76 18.78 18.79
17.53 17.57 17.61 17.64 17.68 17.71 17.74 17.77 17.80 17.83 17.85 17.88 17.91 17.92 17.95 17.97 17.98 18.01 18.03 18.05 18.06 18.07 18.09 18.10 18.11 18.13 18.14 18.15 18.16 18.17 18.18 18.18 18.20 18.21 18.22 18.22 18.23 18.23 18.24 18.25 18.25 18.26 18.27 18.26 18.27 18.28 18.28 18.29 18.30 18.30 18.31 18.32 18.33 18.33 18.34 18.35 18.37 18.38 18.39 18.41 18.43 18.45 18.47 18.50 18.53 18.56 18.59 18.64 18.67 18.68 18.69 18.71 18.71 18.73 18.73 18.75 18.76
17.54 17.58 17.61 17.65 17.69 17.71 17.74 17.78 17.80 17.83 17.86 17.88 17.90 17.92 17.95 17.96 17.98 18.00 18.01 18.03 18.05 18.07 18.08 18.09 18.10 18.12 18.12 18.14 18.15 18.16 18.17 18.17 18.18 18.19 18.20 18.21 18.21 18.21 18.22 18.23 18.24 18.24 18.25 18.26 18.26 18.26 18.26 18.27 18.27 18.28 18.29 18.29 18.30 18.31 18.32 18.33 18.34 18.35 18.36 18.38 18.39 18.41 18.43 18.46 18.49 18.52 18.55 18.58 18.62 18.66 18.67 18.68 18.69 18.69 18.71 18.71 18.72
17.55 17.58 17.62 17.65 17.68 17.72 17.75 17.77 17.80 17.83 17.85 17.87 17.90 17.92 17.94 17.96 17.98 17.99 18.01 18.03 18.04 18.05 18.07 18.08 18.10 18.11 18.11 18.12 18.14 18.15 18.15 18.16 18.17 18.18 18.18 18.19 18.19 18.20 18.20 18.21 18.22 18.22 18.23 18.24 18.24 18.24 18.24 18.25 18.25 18.26 18.26 18.27 18.27 18.28 18.29 18.30 18.31 18.32 18.33 18.34 18.36 18.37 18.39 18.42 18.44 18.47 18.50 18.53 18.57 18.60 18.63 18.65 18.65 18.67 18.67 18.68 18.68
17.56 17.58 17.62 17.66 17.69 17.71 17.75 17.78 17.80 17.82 17.85 17.87 17.89 17.91 17.93 17.96 17.97 17.99 18.00 18.02 18.03 18.04 18.06 18.07 18.08 18.09 18.10 18.11 18.12 18.12 18.13 18.14 18.15 18.16 18.17 18.17 18.17 18.18 18.19 18.19 18.20 18.20 18.21 18.20 18.21 18.21 18.22 18.22 18.23 18.23 18.24 18.24 18.25 18.25 18.26 18.27 18.28 18.29 18.30 18.31 18.33 18.34 18.36 18.38 18.40 18.42 18.44 18.48 18.50 18.53 18.57 18.60 18.61 18.63 18.64 18.64 18.64
17.56 17.59 17.62 17.65 17.69 17.72 17.75 17.77 17.80 17.82 17.84 17.86 17.89 17.91 17.92 17.94 17.96 17.98 18.00 18.00 18.02 18.04 18.05 18.05 18.07 18.08 18.09 18.10 18.10 18.11 18.12 18.13 18.14 18.15 18.14 18.15 18.16 18.16 18.17 18.17 18.18 18.18 18.19 18.19 18.19 18.19 18.20 18.20 18.20 18.21 18.21 18.22 18.22 18.23 18.23 18.24 18.25 18.25 18.26 18.27 18.29 18.31 18.32 18.34 18.35 18.37 18.40 18.42 18.44 18.47 18.50 18.53 18.56 18.58 18.59 18.59 18.59
17.56 17.59 17.63 17.66 17.68 17.71 17.74 17.77 17.80 17.82 17.84 17.86 17.89 17.90 17.92 17.94 17.96 17.97 17.98 18.00 18.01 18.02 18.03 18.04 18.06 18.07 18.08 18.08 18.09 18.10 18.11 18.12 18.11 18.12 18.13 18.13 18.14 18.14 18.15 18.16 18.16 18.16 18.16 18.16 18.17 18.17 18.17 18.18 18.18 18.18 18.19 18.19 18.20 18.20 18.20 18.21 18.22 18.22 18.23 18.25 18.26 18.27 18.28 18.29 18.31 18.32 18.35 18.37 18.39 18.42 18.44 18.46 18.49 18.51 18.53 18.54 18.54
17.57 17.59 17.63 17.66 17.69 17.72 17.74 17.77 17.79 17.82 17.83 17.85 17.88 17.90 17.92 17.92 17.94 17.96 17.98 17.99 18.00 18.01 18.02 18.03 18.05 18.05 18.06 18.07 18.08 18.08 18.08 18.09 18.10 18.10 18.11 18.12 18.12 18.13 18.13 18.14 18.13 18.13 18.14 18.14 18.14 18.15 18.15 18.15 18.16 18.16 18.16 18.17 18.17 18.17 18.18 18.18 18.19 18.19 18.20 18.20 18.22 18.23 18.24 18.25 18.26 18.27 18.30 18.31 18.33 18.34 18.37 18.39 18.41 18.43 18.45 18.46 18.48
