main/data/pressure/28.03.2023.grid
ncols 886
nrows 691
xllcenter 112.0000
yllcenter -44.5000
cellsize 0.0500
nodata_value 99999.90
[rows 0 to 33 of 691, columns 154 to 230 of 886]
36.54 36.53 36.53 36.52 36.52 36.51 36.51 36.50 36.50 36.48 36.48 36.47 36.46 36.46 36.45 36.43 36.43 36.42 36.41 36.40 36.39 36.38 36.37 36.35 36.35 36.34 36.32 36.31 36.29 36.29 36.27 36.26 36.24 36.23 36.21 36.20 36.18 36.16 36.15 36.13 36.11 36.10 36.08 36.06 36.04 36.02 36.01 35.98 35.96 35.94 35.92 35.90 35.87 35.85 35.82 35.80 35.77 35.75 35.73 35.70 35.67 35.65 35.62 35.59 35.57 35.54 35.51 35.48 35.45 35.42 35.40 35.36 35.34 35.30 35.28 35.24 35.22
36.51 36.50 36.50 36.49 36.49 36.48 36.48 36.47 36.47 36.46 36.44 36.44 36.43 36.42 36.42 36.41 36.39 36.39 36.38 36.37 36.36 36.35 36.34 36.32 36.32 36.31 36.29 36.28 36.26 36.25 36.23 36.22 36.21 36.20 36.18 36.17 36.15 36.13 36.12 36.10 36.08 36.06 36.05 36.03 36.00 35.98 35.96 35.94 35.92 35.90 35.88 35.85 35.83 35.81 35.78 35.75 35.73 35.71 35.68 35.65 35.63 35.60 35.57 35.55 35.52 35.49 35.46 35.43 35.40 35.37 35.34 35.31 35.28 35.25 35.22 35.19 35.16
36.48 36.48 36.46 36.46 36.45 36.45 36.44 36.44 36.43 36.43 36.42 36.40 36.40 36.39 36.38 36.38 36.37 36.36 36.35 36.34 36.32 36.32 36.31 36.29 36.28 36.27 36.26 36.25 36.23 36.22 36.20 36.19 36.17 36.16 36.14 36.13 36.12 36.10 36.09 36.06 36.04 36.02 36.00 35.99 35.97 35.95 35.93 35.91 35.89 35.86 35.84 35.81 35.79 35.76 35.74 35.72 35.69 35.66 35.64 35.61 35.58 35.56 35.53 35.50 35.47 35.44 35.41 35.38 35.35 35.31 35.29 35.25 35.23 35.19 35.16 35.13 35.10
36.45 36.45 36.44 36.44 36.43 36.41 36.41 36.40 36.40 36.39 36.39 36.38 36.38 36.36 36.35 36.35 36.34 36.32 36.32 36.31 36.30 36.28 36.27 36.27 36.25 36.24 36.22 36.22 36.21 36.19 36.18 36.16 36.14 36.13 36.11 36.10 36.08 36.06 36.04 36.03 36.01 35.99 35.97 35.95 35.93 35.91 35.88 35.86 35.84 35.82 35.80 35.78 35.75 35.72 35.70 35.68 35.64 35.62 35.60 35.56 35.54 35.51 35.48 35.45 35.42 35.39 35.35 35.33 35.30 35.27 35.24 35.20 35.16 35.14 35.10 35.07 35.04
36.42 36.41 36.41 36.40 36.40 36.39 36.39 36.38 36.37 36.36 36.35 36.35 36.34 36.34 36.32 36.31 36.31 36.30 36.28 36.28 36.27 36.26 36.24 36.24 36.22 36.21 36.20 36.18 36.17 36.16 36.15 36.13 36.11 36.10 36.08 36.07 36.05 36.03 36.01 36.00 35.98 35.96 35.94 35.92 35.90 35.87 35.85 35.83 35.81 35.79 35.76 35.73 35.71 35.69 35.66 35.63 35.61 35.58 35.55 35.52 35.49 35.46 35.43 35.40 35.37 35.34 35.31 35.28 35.24 35.22 35.18 35.15 35.11 35.07 35.05 35.01 34.98
36.38 36.38 36.38 36.37 36.37 36.36 36.35 36.35 36.34 36.34 36.32 36.31 36.31 36.30 36.30 36.28 36.27 36.27 36.26 36.24 36.24 36.23 36.21 36.20 36.19 36.18 36.17 36.15 36.14 36.12 36.11 36.09 36.08 36.07 36.05 36.04 36.02 36.00 35.98 35.96 35.95 35.92 35.90 35.88 35.86 35.84 35.82 35.79 35.77 35.74 35.72 35.70 35.67 35.64 35.62 35.59 35.56 35.53 35.51 35.47 35.44 35.42 35.38 35.35 35.33 35.29 35.26 35.22 35.20 35.16 35.12 35.09 35.05 35.02 34.98 34.95 34.91
36.36 36.36 36.35 36.35 36.33 36.33 36.32 36.32 36.31 36.30 36.30 36.29 36.28 36.27 36.26 36.26 36.25 36.23 36.23 36.22 36.20 36.20 36.19 36.17 36.16 36.14 36.14 36.12 36.11 36.09 36.08 36.06 36.05 36.03 36.01 36.00 35.98 35.96 35.94 35.92 35.90 35.88 35.87 35.85 35.82 35.80 35.78 35.75 35.73 35.71 35.68 35.66 35.63 35.60 35.58 35.54 35.52 35.49 35.47 35.43 35.40 35.37 35.34 35.30 35.27 35.24 35.20 35.18 35.14 35.11 35.07 35.03 35.00 34.96 34.93 34.89 34.85
36.33 36.32 36.32 36.31 36.31 36.30 36.30 36.28 36.28 36.27 36.26 36.26 36.25 36.25 36.23 36.22 36.22 36.21 36.19 36.19 36.18 36.16 36.15 36.15 36.13 36.12 36.10 36.09 36.08 36.07 36.05 36.03 36.02 36.00 35.98 35.97 35.95 35.93 35.91 35.89 35.87 35.85 35.83 35.81 35.79 35.76 35.74 35.72 35.69 35.67 35.64 35.61 35.59 35.57 35.53 35.50 35.48 35.45 35.42 35.39 35.35 35.32 35.28 35.26 35.23 35.19 35.16 35.12 35.09 35.05 35.02 34.98 34.93 34.90 34.86 34.83 34.79
36.29 36.29 36.28 36.28 36.27 36.27 36.26 36.26 36.25 36.25 36.23 36.23 36.22 36.21 36.21 36.19 36.18 36.18 36.17 36.15 36.15 36.14 36.12 36.11 36.10 36.09 36.07 36.06 36.04 36.03 36.01 36.01 35.99 35.97 35.96 35.94 35.92 35.90 35.88 35.86 35.84 35.82 35.79 35.77 35.75 35.73 35.71 35.68 35.66 35.63 35.60 35.58 35.55 35.52 35.49 35.47 35.43 35.40 35.38 35.34 35.31 35.28 35.24 35.21 35.17 35.14 35.10 35.07 35.03 35.00 34.95 34.92 34.88 34.84 34.81 34.76 34.72
36.27 36.27 36.26 36.26 36.25 36.24 36.23 36.23 36.22 36.22 36.21 36.20 36.20 36.18 36.17 36.17 36.16 36.14 36.14 36.13 36.11 36.11 36.10 36.08 36.07 36.05 36.05 36.03 36.02 36.00 35.99 35.97 35.95 35.93 35.92 35.90 35.88 35.87 35.85 35.82 35.80 35.78 35.76 35.74 35.72 35.70 35.67 35.65 35.62 35.59 35.57 35.54 35.51 35.48 35.46 35.42 35.39 35.36 35.32 35.30 35.27 35.23 35.20 35.16 35.13 35.08 35.05 35.01 34.98 34.94 34.90 34.86 34.82 34.78 34.74 34.71 34.66
36.24 36.23 36.23 36.22 36.22 36.21 36.21 36.20 36.20 36.18 36.18 36.17 36.16 36.16 36.15 36.14 36.13 36.12 36.10 36.10 36.09 36.07 36.07 36.06 36.04 36.03 36.01 36.01 35.99 35.97 35.96 35.94 35.92 35.91 35.89 35.87 35.85 35.83 35.81 35.79 35.77 35.75 35.73 35.71 35.69 35.66 35.63 35.61 35.58 35.56 35.53 35.50 35.47 35.45 35.41 35.38 35.35 35.31 35.28 35.25 35.22 35.18 35.14 35.11 35.07 35.04 35.00 34.96 34.92 34.88 34.84 34.80 34.76 34.72 34.68 34.64 34.60
36.21 36.21 36.20 36.20 36.19 36.18 36.17 36.17 36.17 36.16 36.15 36.15 36.13 36.12 36.12 36.11 36.11 36.09 36.08 36.08 36.06 36.05 36.04 36.03 36.02 36.00 35.99 35.97 35.95 35.95 35.93 35.91 35.90 35.88 35.86 35.84 35.82 35.80 35.78 35.76 35.74 35.72 35.70 35.67 35.65 35.62 35.60 35.58 35.55 35.52 35.49 35.46 35.44 35.40 35.37 35.34 35.30 35.27 35.24 35.20 35.17 35.13 35.10 35.06 35.02 34.98 34.95 34.90 34.87 34.82 34.79 34.74 34.70 34.66 34.62 34.58 34.56
36.18 36.18 36.17 36.17 36.16 36.16 36.15 36.15 36.14 36.13 36.12 36.11 36.11 36.10 36.10 36.08 36.07 36.07 36.05 36.04 36.03 36.02 36.01 36.00 35.98 35.98 35.96 35.94 35.93 35.91 35.90 35.88 35.87 35.85 35.83 35.82 35.80 35.78 35.76 35.74 35.72 35.68 35.66 35.64 35.62 35.59 35.57 35.53 35.51 35.48 35.46 35.43 35.39 35.36 35.33 35.30 35.27 35.24 35.19 35.16 35.12 35.09 35.05 35.01 34.97 34.93 34.89 34.85 34.81 34.77 34.73 34.69 34.64 34.60 34.57 34.54 34.51
36.16 36.15 36.15 36.14 36.14 36.12 36.12 36.11 36.11 36.10 36.10 36.09 36.08 36.07 36.06 36.06 36.05 36.03 36.03 36.02 36.00 35.99 35.99 35.97 35.96 35.94 35.94 35.92 35.90 35.89 35.87 35.85 35.84 35.82 35.80 35.78 35.76 35.74 35.72 35.70 35.68 35.65 35.63 35.61 35.59 35.56 35.53 35.50 35.48 35.45 35.42 35.38 35.36 35.33 35.29 35.26 35.23 35.19 35.16 35.11 35.08 35.04 35.00 34.97 34.92 34.88 34.84 34.80 34.76 34.71 34.67 34.62 34.58 34.56 34.52 34.50 34.48
36.12 36.12 36.12 36.11 36.10 36.10 36.10 36.09 36.09 36.08 36.07 36.06 36.05 36.05 36.04 36.03 36.02 36.01 36.00 35.99 35.98 35.97 35.95 35.95 35.93 35.92 35.90 35.89 35.88 35.86 35.85 35.83 35.81 35.79 35.77 35.75 35.73 35.71 35.69 35.67 35.65 35.63 35.60 35.58 35.55 35.52 35.50 35.47 35.44 35.41 35.38 35.35 35.32 35.28 35.25 35.22 35.18 35.15 35.11 35.07 35.03 34.99 34.96 34.91 34.88 34.83 34.78 34.75 34.70 34.66 34.61 34.58 34.54 34.51 34.48 34.46 34.43
36.10 36.10 36.09 36.09 36.08 36.08 36.07 36.07 36.05 36.05 36.04 36.03 36.03 36.02 36.01 36.00 35.99 35.99 35.97 35.96 35.96 35.94 35.93 35.91 35.91 35.89 35.88 35.86 35.85 35.83 35.81 35.80 35.79 35.77 35.75 35.73 35.71 35.69 35.67 35.64 35.62 35.59 35.57 35.54 35.52 35.49 35.47 35.43 35.40 35.38 35.35 35.31 35.28 35.25 35.22 35.18 35.14 35.10 35.07 35.03 34.99 34.95 34.91 34.87 34.82 34.78 34.74 34.70 34.65 34.60 34.56 34.53 34.50 34.48 34.44 34.41 34.38
36.07 36.06 36.06 36.05 36.05 36.04 36.04 36.03 36.03 36.02 36.02 36.01 36.01 35.99 35.98 35.98 35.97 35.95 35.95 35.94 35.92 35.92 35.91 35.89 35.88 35.87 35.85 35.84 35.82 35.80 35.79 35.77 35.75 35.73 35.72 35.70 35.67 35.65 35.63 35.61 35.59 35.56 35.54 35.51 35.49 35.46 35.43 35.40 35.37 35.34 35.31 35.28 35.25 35.20 35.17 35.14 35.10 35.06 35.03 34.98 34.95 34.90 34.86 34.82 34.78 34.73 34.69 34.64 34.59 34.56 34.52 34.50 34.46 34.43 34.40 34.38 34.34
36.04 36.04 36.03 36.03 36.03 36.02 36.02 36.01 36.01 36.00 35.99 35.99 35.97 35.97 35.96 35.95 35.95 35.93 35.92 35.92 35.90 35.89 35.88 35.87 35.85 35.84 35.82 35.81 35.80 35.78 35.76 35.75 35.73 35.71 35.69 35.67 35.65 35.63 35.61 35.58 35.56 35.54 35.51 35.49 35.46 35.43 35.40 35.37 35.34 35.30 35.27 35.24 35.21 35.17 35.14 35.09 35.06 35.03 34.98 34.94 34.90 34.86 34.81 34.77 34.72 34.68 34.63 34.58 34.55 34.51 34.49 34.45 34.42 34.40 34.36 34.33 34.30
36.02 36.01 36.01 36.01 36.00 36.00 35.99 35.99 35.98 35.98 35.97 35.96 35.95 35.94 35.94 35.93 35.91 35.91 35.90 35.88 35.88 35.87 35.85 35.84 35.83 35.82 35.80 35.78 35.77 35.75 35.74 35.72 35.71 35.69 35.67 35.65 35.62 35.60 35.58 35.56 35.53 35.51 35.48 35.45 35.42 35.40 35.37 35.33 35.30 35.27 35.24 35.21 35.17 35.14 35.09 35.06 35.03 34.98 34.94 34.90 34.86 34.81 34.77 34.72 34.68 34.63 34.59 34.54 34.51 34.48 34.45 34.41 34.39 34.35 34.32 34.28 34.26
35.99 35.99 35.99 35.98 35.98 35.97 35.97 35.96 35.96 35.95 35.95 35.93 35.93 35.92 35.91 35.91 35.89 35.89 35.88 35.86 35.85 35.85 35.83 35.82 35.80 35.80 35.78 35.76 35.75 35.73 35.71 35.69 35.68 35.65 35.64 35.62 35.60 35.57 35.55 35.52 35.50 35.48 35.45 35.43 35.40 35.37 35.33 35.30 35.27 35.24 35.20 35.17 35.14 35.10 35.06 35.03 34.98 34.94 34.90 34.86 34.82 34.77 34.72 34.68 34.62 34.58 34.54 34.51 34.48 34.44 34.41 34.38 34.34 34.31 34.28 34.24 34.21
35.97 35.97 35.96 35.96 35.95 35.95 35.95 35.94 35.93 35.93 35.92 35.91 35.90 35.90 35.89 35.88 35.87 35.86 35.85 35.84 35.83 35.82 35.81 35.80 35.78 35.77 35.76 35.74 35.73 35.71 35.69 35.67 35.65 35.63 35.61 35.59 35.57 35.55 35.52 35.50 35.48 35.45 35.43 35.40 35.37 35.34 35.31 35.28 35.25 35.21 35.17 35.14 35.10 35.06 35.03 34.98 34.95 34.90 34.86 34.82 34.77 34.72 34.68 34.62 34.58 34.54 34.51 34.47 34.44 34.41 34.37 34.34 34.31 34.27 34.23 34.20 34.17
35.95 35.94 35.94 35.93 35.93 35.93 35.92 35.92 35.91 35.91 35.90 35.89 35.88 35.87 35.87 35.86 35.85 35.84 35.83 35.82 35.81 35.80 35.78 35.78 35.76 35.75 35.73 35.71 35.70 35.69 35.67 35.65 35.63 35.61 35.59 35.57 35.55 35.53 35.50 35.48 35.45 35.43 35.40 35.37 35.34 35.31 35.28 35.25 35.21 35.18 35.15 35.10 35.07 35.03 34.99 34.95 34.90 34.86 34.82 34.77 34.73 34.68 34.64 34.59 34.54 34.51 34.48 34.45 34.41 34.37 34.34 34.30 34.26 34.23 34.20 34.16 34.12
35.92 35.92 35.92 35.91 35.91 35.90 35.90 35.89 35.89 35.88 35.88 35.87 35.87 35.85 35.84 35.84 35.83 35.82 35.81 35.80 35.78 35.78 35.77 35.75 35.74 35.73 35.71 35.70 35.68 35.66 35.64 35.62 35.61 35.59 35.57 35.55 35.53 35.51 35.48 35.45 35.42 35.40 35.37 35.34 35.32 35.29 35.25 35.22 35.18 35.15 35.11 35.07 35.04 34.99 34.96 34.92 34.87 34.83 34.78 34.74 34.68 34.64 34.59 34.56 34.52 34.48 34.45 34.41 34.37 34.34 34.30 34.26 34.23 34.19 34.15 34.11 34.07
35.90 35.90 35.89 35.89 35.88 35.88 35.87 35.87 35.86 35.86 35.85 35.85 35.84 35.84 35.82 35.81 35.81 35.80 35.78 35.78 35.77 35.75 35.75 35.73 35.72 35.70 35.70 35.68 35.66 35.64 35.62 35.61 35.59 35.57 35.54 35.52 35.50 35.48 35.45 35.43 35.40 35.38 35.35 35.32 35.28 35.25 35.22 35.19 35.16 35.12 35.08 35.05 35.00 34.96 34.93 34.88 34.84 34.79 34.74 34.69 34.65 34.60 34.56 34.52 34.49 34.45 34.41 34.38 34.34 34.30 34.26 34.23 34.18 34.14 34.10 34.07 34.03
35.88 35.87 35.87 35.86 35.86 35.85 35.85 35.85 35.84 35.84 35.83 35.82 35.82 35.81 35.81 35.80 35.78 35.78 35.77 35.76 35.75 35.74 35.72 35.72 35.70 35.69 35.67 35.65 35.65 35.63 35.61 35.59 35.57 35.55 35.53 35.50 35.48 35.46 35.43 35.41 35.38 35.36 35.33 35.29 35.26 35.23 35.20 35.17 35.13 35.09 35.06 35.01 34.97 34.94 34.89 34.85 34.80 34.75 34.70 34.66 34.61 34.57 34.53 34.50 34.46 34.41 34.38 34.34 34.30 34.27 34.22 34.18 34.14 34.11 34.06 34.02 33.98
35.85 35.85 35.84 35.85 35.84 35.84 35.84 35.83 35.83 35.82 35.82 35.81 35.80 35.79 35.78 35.78 35.77 35.76 35.75 35.74 35.73 35.72 35.71 35.69 35.69 35.67 35.65 35.64 35.62 35.60 35.59 35.57 35.55 35.53 35.51 35.49 35.47 35.44 35.42 35.39 35.36 35.33 35.30 35.27 35.24 35.21 35.17 35.14 35.10 35.07 35.02 34.99 34.95 34.90 34.86 34.81 34.77 34.72 34.67 34.62 34.59 34.54 34.51 34.47 34.43 34.39 34.34 34.31 34.27 34.22 34.18 34.15 34.10 34.06 34.02 33.97 33.94
35.83 35.83 35.83 35.83 35.82 35.82 35.81 35.81 35.80 35.80 35.79 35.79 35.78 35.78 35.77 35.76 35.76 35.74 35.73 35.73 35.71 35.70 35.69 35.68 35.66 35.65 35.64 35.62 35.61 35.59 35.57 35.55 35.53 35.51 35.49 35.46 35.44 35.42 35.39 35.37 35.34 35.31 35.28 35.25 35.22 35.18 35.15 35.12 35.08 35.04 35.00 34.96 34.91 34.87 34.83 34.78 34.74 34.68 34.65 34.60 34.55 34.52 34.48 34.44 34.40 34.36 34.32 34.27 34.23 34.19 34.15 34.10 34.06 34.01 33.98 33.93 33.89
35.81 35.81 35.80 35.80 35.81 35.80 35.80 35.79 35.79 35.78 35.78 35.77 35.77 35.76 35.76 35.74 35.73 35.73 35.72 35.71 35.70 35.69 35.67 35.67 35.65 35.64 35.62 35.60 35.59 35.58 35.56 35.54 35.52 35.49 35.47 35.45 35.43 35.40 35.38 35.35 35.32 35.30 35.27 35.23 35.20 35.16 35.13 35.10 35.05 35.01 34.98 34.93 34.89 34.84 34.80 34.75 34.70 34.66 34.62 34.58 34.53 34.49 34.45 34.41 34.37 34.33 34.28 34.24 34.20 34.15 34.10 34.07 34.02 33.97 33.93 33.88 33.83
35.79 35.79 35.79 35.79 35.78 35.78 35.77 35.77 35.78 35.77 35.76 35.76 35.75 35.74 35.73 35.73 35.72 35.71 35.71 35.69 35.68 35.68 35.66 35.65 35.64 35.62 35.61 35.59 35.57 35.55 35.53 35.52 35.50 35.48 35.46 35.44 35.41 35.39 35.36 35.34 35.30 35.27 35.24 35.21 35.18 35.15 35.10 35.07 35.03 35.00 34.95 34.91 34.86 34.82 34.77 34.72 34.68 34.63 34.60 34.55 34.51 34.47 34.42 34.38 34.34 34.30 34.25 34.20 34.16 34.12 34.07 34.02 33.97 33.93 33.88 33.84 33.79
35.77 35.77 35.78 35.77 35.77 35.76 35.76 35.76 35.75 35.75 35.74 35.75 35.73 35.72 35.72 35.71 35.71 35.70 35.69 35.68 35.67 35.66 35.65 35.64 35.62 35.60 35.60 35.58 35.56 35.54 35.52 35.50 35.48 35.46 35.45 35.42 35.40 35.37 35.34 35.31 35.29 35.26 35.23 35.20 35.16 35.12 35.09 35.05 35.02 34.97 34.93 34.89 34.84 34.79 34.74 34.70 34.65 34.62 34.57 34.53 34.48 34.44 34.40 34.35 34.31 34.26 34.21 34.17 34.13 34.08 34.03 33.98 33.94 33.89 33.84 33.79 33.74
35.76 35.76 35.75 35.76 35.75 35.75 35.75 35.74 35.74 35.73 35.73 35.73 35.73 35.71 35.71 35.70 35.69 35.69 35.68 35.66 35.66 35.65 35.63 35.63 35.61 35.60 35.58 35.57 35.55 35.54 35.52 35.50 35.48 35.45 35.43 35.41 35.38 35.36 35.33 35.30 35.28 35.25 35.22 35.17 35.14 35.11 35.07 35.03 34.99 34.95 34.91 34.86 34.82 34.76 34.72 34.68 34.64 34.60 34.55 34.50 34.46 34.41 34.37 34.32 34.27 34.24 34.19 34.14 34.08 34.03 33.99 33.94 33.89 33.84 33.79 33.74 33.68
35.74 35.74 35.74 35.73 35.74 35.74 35.73 35.73 35.72 35.73 35.72 35.72 35.71 35.71 35.70 35.70 35.68 35.67 35.67 35.66 35.64 35.64 35.63 35.61 35.60 35.59 35.57 35.56 35.54 35.52 35.51 35.49 35.47 35.45 35.42 35.40 35.37 35.35 35.32 35.29 35.27 35.23 35.20 35.16 35.13 35.10 35.05 35.01 34.98 34.94 34.88 34.84 34.79 34.75 34.71 34.66 34.62 34.57 34.53 34.48 34.43 34.39 34.34 34.29 34.25 34.20 34.15 34.11 34.05 34.00 33.95 33.90 33.84 33.80 33.75 33.69 33.64
35.73 35.73 35.72 35.73 35.73 35.72 35.72 35.71 35.72 35.71 35.71 35.70 35.70 35.69 35.69 35.68 35.68 35.67 35.65 35.65 35.64 35.63 35.62 35.61 35.59 35.58 35.57 35.55 35.53 35.51 35.49 35.47 35.45 35.43 35.42 35.38 35.37 35.34 35.31 35.28 35.25 35.22 35.19 35.15 35.12 35.08 35.04 35.00 34.96 34.91 34.87 34.83 34.78 34.74 34.69 34.65 34.59 34.55 34.50 34.46 34.41 34.36 34.32 34.27 34.21 34.17 34.12 34.07 34.01 33.97 33.91 33.86 33.81 33.75 33.70 33.64 33.58
35.72 35.71 35.71 35.72 35.71 35.71 35.71 35.71 35.70 35.70 35.70 35.69 35.68 35.68 35.67 35.67 35.66 35.66 35.65 35.64 35.63 35.62 35.61 35.60 35.59 35.57 35.56 35.54 35.53 35.51 35.49 35.47 35.45 35.43 35.40 35.38 35.35 35.33 35.30 35.27 35.24 35.21 35.18 35.15 35.10 35.07 35.03 34.99 34.94 34.90 34.85 34.81 34.77 34.71 34.67 34.62 34.58 34.53 34.48 34.43 34.39 34.34 34.28 34.23 34.19 34.13 34.08 34.04 33.98 33.93 33.87 33.81 33.76 33.70 33.64 33.60 33.53
