main/data/pressure/28.05.2023.grid
ncols 886
nrows 691
xllcenter 112.0000
yllcenter -44.5000
cellsize 0.0500
nodata_value 99999.90
[rows 111 to 147 of 691, columns 336 to 419 of 886]
7.65 7.03 7.18 7.79 7.84 7.60 7.62 7.17 7.86 7.50 7.80 7.64 7.25 7.05 7.42 7.62 7.60 7.49 7.33 7.30 6.92 7.26 7.24 7.21 6.84 7.16 7.30 7.26 7.23 7.21 7.19 7.18 7.14 6.92 6.81 6.67 6.45 6.61 6.42 6.65 6.93 6.93 6.51 6.87 6.86 6.84 6.82 6.76 6.63 6.45 6.57 6.49 6.42 6.01 6.25 5.88 5.92 5.93 5.92 5.93 5.86 5.93 5.93 5.89 5.89 5.94 5.99 5.98 6.01 6.01 6.01 6.05 6.06 6.07 6.06 6.09 6.11 6.10 6.13 6.16 6.14 6.19 6.22 6.14
7.52 6.89 7.67 7.70 7.66 7.80 7.31 7.16 7.45 7.61 7.30 7.22 7.08 7.04 7.26 7.43 7.50 7.31 6.73 7.20 6.68 7.10 6.73 6.69 7.31 7.29 7.26 7.24 7.19 7.17 7.16 7.11 7.16 6.83 6.90 7.11 6.30 6.75 7.04 6.43 5.98 6.38 6.90 6.90 6.16 6.58 6.86 6.81 6.74 6.68 6.48 6.25 6.23 6.15 6.34 6.19 6.11 6.04 5.88 5.89 5.90 5.88 5.90 5.83 5.88 5.92 5.92 5.92 5.96 5.97 5.98 5.99 6.00 6.01 6.02 6.05 6.06 6.07 6.08 6.11 6.11 6.14 6.17 6.14
7.49 7.42 7.63 7.68 7.60 7.78 7.43 7.67 7.14 7.15 6.96 7.13 6.82 6.85 7.10 7.09 7.49 7.36 7.19 7.00 6.89 6.65 7.11 7.32 7.28 7.26 7.25 7.20 7.15 7.10 7.06 7.06 7.12 7.13 6.65 6.82 6.25 6.95 7.05 6.39 6.92 6.48 6.33 6.86 6.82 6.21 6.88 6.87 6.57 6.70 6.48 6.16 6.65 6.44 6.45 6.40 6.31 6.26 5.81 5.83 5.87 5.83 5.84 5.87 5.89 5.90 5.85 5.88 5.93 5.94 5.95 5.94 5.93 5.97 5.98 6.00 6.03 6.03 6.05 6.06 6.09 6.09 6.13 6.14
7.27 7.37 7.49 7.61 7.62 7.74 7.75 7.35 7.15 7.13 7.00 7.06 6.87 6.90 6.96 6.93 7.21 6.95 6.98 6.79 6.86 6.57 7.33 7.28 7.26 7.24 7.22 7.16 7.08 6.96 6.84 6.79 7.02 6.88 6.43 6.40 6.14 6.51 6.66 7.03 6.95 6.30 6.21 6.80 6.26 6.48 6.62 6.87 6.77 6.80 6.80 6.74 6.70 6.65 6.56 6.47 6.35 6.27 5.89 5.84 5.82 5.81 5.83 5.84 5.82 5.87 5.86 5.84 5.86 5.92 5.92 5.91 5.91 5.94 5.94 5.96 5.98 6.00 6.01 6.02 6.04 6.08 6.11 6.12
6.59 7.23 7.10 7.39 7.14 7.67 7.74 7.75 7.11 7.12 7.47 7.10 7.25 7.01 7.03 7.08 7.12 7.28 7.11 7.34 7.36 7.36 7.31 7.26 7.23 7.14 7.19 7.03 6.95 6.83 6.82 6.65 6.93 6.37 7.01 6.96 6.68 6.71 6.99 7.05 6.91 6.59 6.13 6.68 6.35 6.76 6.97 6.57 6.90 6.51 6.66 6.61 6.72 6.48 6.63 6.51 6.36 6.13 6.06 5.92 5.85 5.84 5.83 5.84 5.87 5.87 5.82 5.82 5.85 5.87 5.89 5.88 5.90 5.92 5.92 5.93 5.95 5.97 5.98 5.99 6.04 6.08 6.07 6.09
7.08 7.30 7.31 6.77 7.40 7.40 7.68 7.57 7.24 7.47 7.60 7.41 7.45 7.05 7.11 7.16 7.24 7.12 7.26 6.40 7.39 7.34 7.30 7.25 7.20 7.18 7.15 6.91 6.64 6.63 6.73 6.35 6.69 6.70 6.86 6.96 6.82 6.85 6.99 6.85 6.64 6.55 6.41 6.41 6.85 6.91 7.02 6.73 6.61 6.53 6.51 6.33 6.35 6.57 6.59 6.50 6.45 6.30 6.15 6.01 5.93 5.89 5.87 5.85 5.84 5.85 5.80 5.81 5.82 5.84 5.86 5.86 5.86 5.88 5.90 5.91 5.94 5.95 5.97 5.99 6.02 6.06 6.07 6.08
7.19 7.18 7.31 7.31 6.99 7.10 7.63 7.68 7.60 7.62 7.60 7.23 7.44 7.24 7.21 7.22 7.10 7.26 7.47 7.43 7.38 7.32 7.29 7.24 7.20 7.14 7.09 7.08 6.75 6.75 6.90 6.70 6.79 6.56 6.68 6.97 6.99 7.03 7.06 6.35 6.15 6.18 6.13 6.41 6.45 6.97 6.53 6.90 6.56 6.71 6.71 6.36 6.67 6.56 6.57 6.47 6.45 6.37 6.30 6.05 6.01 5.94 5.88 5.84 5.84 5.86 5.79 5.79 5.81 5.82 5.83 5.83 5.84 5.87 5.86 5.89 5.91 5.92 5.96 5.99 6.01 6.05 6.06 6.08
6.92 6.98 7.23 7.26 7.27 7.18 7.62 7.45 7.65 7.60 7.44 7.38 7.36 7.13 6.82 7.12 7.38 7.46 7.47 7.42 7.36 7.31 7.29 7.21 7.10 7.06 6.93 6.74 6.83 7.02 6.91 6.75 6.57 6.61 6.76 6.89 6.97 6.74 6.55 6.29 6.20 6.25 6.29 6.40 6.66 7.07 7.01 6.91 7.01 6.95 6.88 6.81 6.73 6.48 6.33 6.39 6.40 6.35 6.32 6.23 6.11 5.99 5.88 5.82 5.84 5.86 5.81 5.80 5.80 5.80 5.81 5.83 5.84 5.86 5.85 5.88 5.90 5.90 5.94 5.99 6.02 6.04 6.07 6.09
6.44 7.11 6.37 7.02 7.48 7.53 7.41 7.41 7.56 7.60 7.60 7.53 7.42 7.29 7.37 7.53 7.54 7.50 7.46 7.42 7.36 7.30 7.27 7.18 6.98 6.89 6.91 6.58 6.43 6.40 7.02 6.56 6.42 6.59 6.66 6.74 6.93 6.46 6.27 6.50 6.45 6.55 6.49 6.52 6.83 7.01 7.21 6.94 6.89 6.95 6.91 6.81 6.75 6.47 6.61 6.42 6.39 6.32 6.33 6.27 6.18 6.07 5.91 5.84 5.87 5.86 5.81 5.80 5.80 5.78 5.82 5.83 5.85 5.85 5.83 5.86 5.89 5.90 5.96 5.99 6.02 6.04 6.06 6.09
6.89 7.09 6.69 6.33 7.14 7.37 7.18 7.27 7.49 7.53 7.53 7.52 7.49 7.47 7.53 7.49 7.50 7.22 7.42 7.41 7.35 7.30 7.19 7.02 6.91 6.78 6.74 6.68 6.38 6.52 6.98 6.63 6.62 6.67 6.58 6.58 6.98 7.02 6.73 6.84 6.99 7.03 7.04 6.95 6.93 6.70 7.30 7.28 7.20 7.08 7.01 6.94 6.87 6.82 6.58 6.49 6.49 6.41 6.43 6.35 6.24 6.13 5.97 5.89 5.88 5.86 5.81 5.80 5.81 5.80 5.81 5.82 5.83 5.85 5.83 5.84 5.87 5.90 5.95 5.98 6.00 6.03 6.07 6.08
6.99 6.92 7.08 6.71 7.19 7.30 7.11 7.35 7.40 7.46 7.46 7.36 7.50 7.52 7.56 7.55 7.25 7.01 7.47 7.40 7.34 7.27 7.15 6.86 6.79 6.65 6.48 6.77 6.32 6.32 6.92 6.98 6.89 6.65 6.68 6.95 6.98 7.08 7.14 6.98 7.23 6.68 7.19 7.36 7.38 7.36 7.37 7.35 7.33 7.26 7.15 7.12 7.05 6.88 6.75 6.69 6.70 6.56 6.50 6.32 6.19 6.08 5.98 5.91 5.88 5.86 5.79 5.80 5.81 5.80 5.79 5.83 5.83 5.84 5.85 5.86 5.87 5.91 5.93 5.95 5.98 6.01 6.07 6.09
6.12 6.26 6.57 6.66 6.87 6.95 7.19 7.15 7.28 7.18 7.27 7.24 7.47 7.51 7.53 7.53 7.50 7.47 7.45 7.40 7.34 7.28 7.12 6.82 6.65 6.53 6.42 6.73 6.58 6.46 6.60 6.77 7.01 6.74 6.85 7.04 7.09 7.09 6.73 7.02 7.25 7.22 7.17 7.37 7.36 7.35 7.46 7.43 7.39 7.32 7.18 6.98 7.03 6.98 6.89 6.83 6.68 6.63 6.51 6.36 6.19 6.06 6.02 5.93 5.87 5.84 5.81 5.79 5.81 5.79 5.79 5.83 5.82 5.83 5.85 5.87 5.88 5.88 5.91 5.93 5.93 5.97 6.05 6.08
7.01 6.44 7.12 7.11 7.03 7.03 7.15 7.06 7.16 7.12 6.96 7.27 7.39 7.47 7.37 7.50 7.45 7.43 7.40 7.35 7.27 7.05 7.17 7.08 6.86 6.50 6.60 6.78 6.72 6.54 6.88 6.94 7.04 6.98 6.89 7.10 6.93 7.03 7.17 7.26 7.33 6.98 7.14 7.42 7.26 7.26 7.50 7.52 7.48 7.42 7.37 7.20 7.11 7.06 6.96 6.87 6.81 6.70 6.53 6.40 6.23 6.05 6.14 5.99 5.91 5.86 5.85 5.84 5.79 5.80 5.81 5.84 5.82 5.83 5.86 5.87 5.86 5.84 5.88 5.87 5.90 5.98 6.06 6.08
6.61 6.84 7.09 7.09 7.10 7.09 6.95 6.90 6.78 6.67 6.97 7.19 7.31 7.34 7.27 6.92 7.17 7.35 7.34 7.30 7.23 7.00 6.81 6.56 6.82 6.95 6.90 6.64 6.35 6.46 6.63 7.00 6.61 7.00 7.02 7.16 7.10 7.02 6.98 7.02 7.04 7.12 7.33 7.44 7.29 7.29 7.48 7.60 7.48 7.49 7.43 7.32 7.20 6.97 6.96 6.86 6.77 6.72 6.61 6.48 6.37 6.28 6.19 6.09 6.02 5.93 5.86 5.85 5.83 5.86 5.85 5.82 5.83 5.82 5.85 5.87 5.85 5.84 5.87 5.92 5.97 6.01 6.05 6.09
6.14 7.00 6.97 6.97 6.93 7.03 7.00 6.95 6.85 6.63 6.42 6.91 7.18 7.08 7.33 7.23 7.23 7.29 7.27 7.25 7.22 7.01 6.82 6.61 6.41 6.74 6.94 6.87 6.65 6.72 6.99 6.70 7.06 6.94 6.81 6.66 7.31 7.20 7.06 6.91 6.92 7.35 7.39 7.52 7.50 7.50 7.56 7.67 7.59 7.54 7.46 7.39 7.26 6.96 6.96 6.88 6.73 6.67 6.66 6.52 6.43 6.32 6.24 6.15 6.08 5.98 5.91 5.90 5.88 5.88 5.84 5.83 5.82 5.79 5.83 5.88 5.87 5.84 5.88 5.92 5.92 6.00 6.08 6.10
6.97 6.97 6.91 6.82 6.77 6.81 6.68 6.70 6.81 6.59 6.66 6.84 6.79 6.90 7.11 7.26 7.24 7.21 7.21 7.20 7.14 6.92 6.75 6.68 6.51 6.46 6.59 6.83 6.96 6.85 6.97 6.87 7.08 6.92 6.75 6.94 7.07 7.43 7.37 7.30 7.28 7.35 7.25 7.62 7.68 7.68 7.74 7.75 7.69 7.59 7.50 7.41 7.34 7.02 6.83 6.95 6.89 6.80 6.70 6.59 6.46 6.36 6.28 6.20 6.12 6.07 6.02 5.97 5.92 5.91 5.86 5.85 5.82 5.80 5.83 5.89 5.88 5.85 5.89 5.94 5.99 6.03 6.07 6.09
6.89 6.88 6.89 6.71 6.62 6.59 6.45 6.46 6.76 6.66 6.79 6.86 7.02 7.11 7.16 6.82 7.17 7.04 7.15 7.13 7.06 6.77 6.58 6.61 6.56 6.41 6.36 6.48 6.86 6.85 6.91 6.99 6.91 6.90 6.92 7.15 7.41 7.49 6.91 7.40 7.69 7.64 7.73 7.78 7.87 7.87 7.87 7.77 7.73 7.66 7.54 7.42 7.37 7.28 7.24 7.12 7.01 6.89 6.76 6.54 6.46 6.39 6.31 6.23 6.16 6.15 6.06 6.03 5.92 5.95 5.88 5.83 5.82 5.82 5.83 5.81 5.84 5.84 5.88 5.97 6.03 6.07 6.08 6.11
6.83 6.84 6.81 6.65 6.48 6.56 6.47 6.72 6.51 6.78 6.42 6.63 7.00 7.03 6.99 6.96 6.88 6.82 7.10 7.09 6.93 6.57 6.34 6.26 6.28 6.32 6.40 6.61 6.73 6.83 6.90 7.00 7.14 7.10 7.22 7.34 7.48 7.56 7.07 7.35 7.65 7.80 7.86 7.92 7.98 7.95 7.92 7.73 7.74 7.60 7.56 7.48 7.40 7.26 7.11 7.06 7.01 6.94 6.70 6.46 6.48 6.44 6.36 6.30 6.26 6.21 6.14 6.07 5.99 5.94 5.88 5.82 5.78 5.81 5.82 5.79 5.81 5.83 5.91 6.00 6.04 6.06 6.10 6.12
6.71 6.69 6.70 6.72 6.40 6.70 6.70 6.53 6.75 6.79 6.79 6.87 6.99 6.70 6.64 6.81 7.02 6.99 7.05 7.01 6.90 6.33 6.11 6.08 6.15 6.13 6.26 6.30 6.61 6.71 6.75 6.94 7.28 7.34 7.46 7.53 7.60 7.64 7.60 7.56 7.65 7.82 7.91 7.92 7.90 7.97 7.86 7.50 7.76 7.50 7.52 7.47 7.40 7.22 6.95 7.00 7.05 6.98 6.84 6.72 6.59 6.54 6.44 6.39 6.34 6.26 6.17 6.05 5.96 5.86 5.83 5.80 5.76 5.79 5.83 5.85 5.85 5.90 5.99 6.01 6.02 6.02 6.07 6.12
6.47 6.26 6.67 6.58 6.46 6.51 6.37 6.43 6.76 6.83 6.85 6.88 6.91 6.75 6.49 6.68 6.94 7.00 6.99 6.90 6.80 6.49 6.17 6.12 6.24 6.32 6.33 6.38 6.59 6.73 6.67 6.79 7.30 6.97 7.00 7.41 7.46 7.61 7.74 7.79 7.85 7.83 7.69 7.72 7.99 7.97 7.80 7.59 7.62 7.49 7.45 7.42 7.38 7.22 6.98 6.98 7.09 7.03 6.92 6.81 6.73 6.63 6.54 6.46 6.37 6.28 6.15 6.02 5.89 5.83 5.83 5.82 5.79 5.82 5.91 5.89 5.89 5.91 5.97 5.97 5.96 5.99 6.06 6.10
6.54 6.09 6.51 6.59 6.23 6.40 6.35 6.45 6.62 6.58 6.64 6.78 6.84 6.86 6.88 6.90 6.92 6.71 6.93 6.81 6.69 6.44 6.30 6.26 6.32 6.39 6.36 6.45 6.56 6.93 7.14 7.21 6.99 6.99 7.16 7.28 7.14 7.31 7.58 7.81 7.84 7.65 7.65 7.89 7.92 7.94 7.91 7.76 7.60 7.39 7.36 7.28 7.21 7.09 7.04 7.10 7.18 7.02 6.90 6.82 6.68 6.70 6.61 6.52 6.39 6.25 6.11 5.99 5.88 5.86 5.90 5.87 5.84 5.87 5.93 5.91 5.89 5.91 5.94 5.97 5.96 6.02 6.07 6.08
6.51 6.37 6.45 6.43 6.14 6.27 6.21 6.24 6.26 6.26 6.57 6.73 6.70 6.75 6.83 6.86 6.76 6.70 6.79 6.68 6.53 6.36 6.35 6.34 6.37 6.44 6.51 6.57 6.65 6.98 7.19 6.87 6.96 7.04 7.18 7.27 7.26 7.35 7.72 7.78 7.80 7.82 7.87 7.94 7.95 7.88 7.91 7.84 7.67 7.43 7.33 7.23 7.13 7.02 7.18 7.30 7.21 7.11 7.02 6.94 6.85 6.77 6.64 6.50 6.34 6.20 6.15 6.01 5.90 5.88 5.95 5.92 5.86 5.89 5.95 5.97 5.96 5.97 5.98 6.06 6.12 6.10 6.06 6.07
6.53 6.49 6.45 6.19 6.06 6.39 6.21 6.04 5.96 6.32 6.62 6.58 6.58 6.63 6.78 6.76 6.80 6.61 6.67 6.57 6.41 6.31 6.25 6.20 6.14 6.33 6.53 6.69 6.86 7.01 7.03 7.04 7.22 7.23 7.28 7.36 7.46 7.29 7.78 7.60 7.65 7.82 7.92 7.84 7.92 7.70 7.89 7.86 7.80 7.64 7.62 7.53 7.50 7.02 7.39 7.34 7.15 7.10 7.03 6.93 6.81 6.72 6.63 6.48 6.39 6.21 6.15 6.02 5.89 5.89 5.94 5.96 5.88 5.88 5.93 5.97 5.98 6.01 6.04 6.09 6.12 6.19 6.17 6.17
6.47 6.39 6.27 6.03 5.96 6.18 6.22 6.00 5.77 6.20 6.52 6.45 6.61 6.70 6.73 6.53 6.31 6.27 6.60 6.57 6.39 6.34 6.29 6.15 6.04 6.25 6.46 6.57 6.49 6.88 6.80 7.11 7.31 7.46 7.52 7.64 7.64 7.74 7.54 7.38 7.67 7.84 7.90 7.89 7.82 7.55 7.72 7.81 7.81 7.68 7.68 7.61 7.51 7.39 7.46 7.26 7.10 7.03 6.99 6.90 6.76 6.64 6.55 6.35 6.26 6.31 6.13 6.04 5.95 5.95 6.02 5.95 5.92 5.90 5.94 5.99 5.97 6.06 6.13 6.18 6.18 6.27 6.28 6.29
6.36 6.30 6.22 5.86 5.91 5.98 6.10 6.05 6.03 6.17 6.34 6.49 6.61 6.42 6.70 6.69 5.94 5.91 6.62 6.59 6.34 6.41 6.34 6.16 6.05 6.22 6.44 6.52 6.71 6.78 7.07 7.27 7.43 7.46 7.57 7.65 7.70 7.73 7.52 7.51 7.83 7.85 7.86 7.87 7.79 7.64 7.70 7.78 7.80 7.76 7.71 7.66 7.61 7.55 7.44 7.26 7.12 6.99 6.92 6.84 6.71 6.60 6.46 6.29 6.24 6.20 6.03 6.02 5.94 5.96 6.00 5.95 5.96 5.94 5.99 6.08 6.04 6.15 6.23 6.30 6.27 6.32 6.32 6.39
6.23 6.13 6.11 5.71 5.87 5.68 5.60 5.83 6.05 6.22 6.36 6.51 6.47 5.83 6.38 6.65 6.47 6.08 6.37 6.19 6.41 6.46 6.29 6.14 6.10 6.20 6.39 6.44 6.54 6.86 7.06 7.10 7.16 7.32 7.50 7.54 7.65 7.65 7.54 7.57 7.68 7.70 7.79 7.80 7.55 7.59 7.70 7.75 7.77 7.73 7.61 7.64 7.60 7.53 7.43 7.31 7.18 7.04 6.92 6.79 6.65 6.52 6.37 6.28 6.26 6.18 6.09 6.05 6.02 6.03 6.01 5.97 6.03 5.99 6.04 6.14 6.12 6.18 6.24 6.35 6.41 6.46 6.47 6.48
6.07 5.70 6.01 5.57 5.82 5.48 5.75 5.83 5.84 5.90 6.18 6.20 6.31 6.10 6.57 6.53 6.33 6.24 6.20 6.28 6.15 6.38 6.09 6.05 6.06 6.23 6.42 6.53 6.62 6.84 6.76 6.85 7.04 7.30 7.35 7.35 7.62 7.53 7.46 7.53 7.60 7.52 7.80 7.75 7.62 7.61 7.73 7.74 7.73 7.73 7.61 7.42 7.58 7.48 7.45 7.29 7.18 7.02 6.89 6.75 6.59 6.47 6.28 6.28 6.25 6.14 6.04 6.08 6.09 6.07 6.01 6.01 6.10 6.07 6.08 6.18 6.18 6.23 6.29 6.37 6.45 6.45 6.46 6.52
5.98 5.62 5.78 5.77 5.92 5.68 5.72 5.85 5.74 5.53 5.39 5.90 6.32 6.05 6.27 6.24 6.26 6.01 5.95 6.11 6.25 6.07 5.88 5.96 6.11 6.25 6.38 6.56 6.60 6.55 6.63 6.74 6.90 7.17 7.21 7.30 7.40 7.32 7.42 7.51 7.57 7.65 7.77 7.70 7.55 7.60 7.69 7.72 7.73 7.71 7.53 7.37 7.40 7.31 7.37 7.18 7.00 6.88 6.77 6.66 6.53 6.42 6.33 6.30 6.26 6.20 6.16 6.15 6.12 6.07 6.03 6.05 6.13 6.17 6.19 6.20 6.21 6.26 6.31 6.36 6.47 6.53 6.56 6.55
6.26 5.59 6.09 5.78 5.84 6.00 6.05 5.87 5.93 5.81 5.60 5.88 5.75 5.68 5.75 5.54 6.20 6.06 5.82 5.93 5.97 6.18 6.01 5.90 6.15 6.28 6.42 6.39 6.44 6.47 6.55 6.70 6.93 6.97 7.01 7.20 7.31 7.33 7.44 7.53 7.59 7.66 7.74 7.63 7.52 7.57 7.66 7.70 7.71 7.68 7.65 7.36 7.30 7.24 7.21 7.03 6.86 6.76 6.65 6.53 6.39 6.35 6.28 6.33 6.28 6.25 6.16 6.09 6.05 6.05 6.04 6.04 6.09 6.18 6.17 6.20 6.23 6.28 6.34 6.44 6.53 6.61 6.67 6.64
6.23 6.00 6.17 5.90 6.00 6.00 6.10 5.95 5.90 5.91 5.65 5.71 5.84 5.91 5.55 5.70 6.01 6.09 5.86 5.77 5.80 6.06 6.15 6.09 6.10 6.32 6.29 6.31 6.32 6.37 6.48 6.59 6.79 6.92 6.95 7.10 7.18 7.33 7.41 7.49 7.56 7.58 7.59 7.55 7.52 7.53 7.63 7.68 7.65 7.63 7.53 7.33 7.29 7.16 7.07 6.91 6.78 6.70 6.62 6.52 6.40 6.34 6.29 6.26 6.22 6.26 6.14 6.07 6.05 6.07 6.11 6.11 6.14 6.20 6.17 6.21 6.27 6.34 6.41 6.55 6.61 6.69 6.77 6.75
6.39 6.34 6.29 6.20 6.00 6.20 6.27 6.18 6.15 6.04 5.92 5.96 5.96 5.76 5.79 5.92 5.92 5.85 5.92 5.80 5.84 5.95 6.01 6.14 6.12 6.11 6.22 6.27 6.24 6.29 6.49 6.61 6.75 6.79 6.84 6.94 7.08 7.17 7.25 7.36 7.27 7.44 7.45 7.45 7.46 7.50 7.60 7.55 7.50 7.50 7.46 7.37 7.25 7.07 6.93 6.83 6.76 6.72 6.69 6.57 6.45 6.37 6.30 6.27 6.24 6.26 6.18 6.14 6.08 6.15 6.16 6.15 6.18 6.20 6.19 6.23 6.32 6.41 6.49 6.61 6.65 6.74 6.80 6.88
5.63 6.24 6.33 6.15 6.10 6.34 6.31 6.30 6.26 6.23 6.11 6.02 5.91 5.76 5.70 5.95 6.04 5.98 5.88 5.84 5.88 5.86 6.00 6.06 6.02 6.01 6.13 6.16 6.24 6.33 6.46 6.52 6.57 6.61 6.66 6.77 6.89 7.01 7.13 7.04 7.24 7.24 7.27 7.29 7.35 7.43 7.48 7.34 7.28 7.30 7.33 7.29 7.18 7.06 6.97 6.91 6.82 6.72 6.63 6.58 6.50 6.43 6.35 6.32 6.30 6.28 6.25 6.22 6.21 6.20 6.16 6.14 6.16 6.19 6.23 6.30 6.41 6.49 6.57 6.68 6.76 6.85 6.94 6.96
6.26 6.34 6.22 5.93 5.94 6.30 6.32 6.32 6.32 6.09 6.16 5.94 5.94 5.84 5.76 5.94 6.08 6.05 5.96 5.93 5.90 5.81 5.97 6.00 6.02 5.96 6.03 6.00 6.25 6.33 6.35 6.38 6.44 6.50 6.54 6.75 6.85 6.95 6.94 7.03 7.08 7.05 7.10 7.14 7.22 7.31 7.29 7.17 7.09 7.14 7.16 7.15 7.12 7.03 6.92 6.74 6.64 6.55 6.47 6.45 6.38 6.42 6.36 6.32 6.27 6.22 6.18 6.14 6.10 6.17 6.16 6.14 6.17 6.21 6.27 6.35 6.51 6.58 6.64 6.74 6.86 6.97 7.04 7.03
6.30 6.37 6.20 5.86 5.99 6.28 6.34 6.33 6.32 6.32 6.31 6.07 6.15 6.04 5.93 6.06 6.15 6.07 5.99 5.98 5.93 5.85 5.93 5.94 5.94 5.98 6.05 6.07 6.18 6.24 6.32 6.38 6.43 6.49 6.62 6.73 6.81 6.86 6.85 6.91 6.92 7.01 7.03 7.04 7.10 7.23 7.12 7.01 7.03 7.05 6.98 6.99 7.01 6.97 6.86 6.68 6.56 6.48 6.41 6.37 6.34 6.36 6.34 6.28 6.20 6.16 6.13 6.13 6.13 6.18 6.25 6.25 6.26 6.29 6.34 6.41 6.51 6.64 6.72 6.83 6.96 7.08 7.13 7.10
6.29 6.38 6.33 5.96 6.00 6.21 6.33 6.28 6.24 6.23 6.22 6.27 6.29 6.27 6.25 6.22 6.18 6.06 5.98 6.03 6.04 5.99 5.97 5.92 5.87 5.92 5.94 5.98 6.09 6.18 6.26 6.34 6.42 6.47 6.50 6.65 6.74 6.76 6.85 6.81 6.84 6.91 6.99 6.97 6.98 7.11 6.97 6.90 6.85 6.87 6.77 6.85 6.89 6.90 6.82 6.66 6.53 6.47 6.40 6.35 6.33 6.33 6.30 6.26 6.22 6.18 6.15 6.16 6.17 6.17 6.27 6.32 6.37 6.36 6.43 6.47 6.54 6.69 6.79 6.91 7.07 7.18 7.24 7.20
6.22 6.36 6.45 6.21 6.16 6.20 6.31 6.34 6.29 6.22 6.12 6.09 6.28 6.09 6.13 6.13 6.13 6.14 6.12 6.10 6.07 6.03 5.98 5.92 5.84 5.87 5.84 5.92 5.99 6.09 6.23 6.29 6.31 6.42 6.53 6.57 6.55 6.41 6.70 6.84 6.77 6.82 6.91 6.98 7.03 6.94 6.86 6.81 6.83 6.86 6.80 6.80 6.81 6.83 6.80 6.66 6.54 6.46 6.41 6.36 6.33 6.30 6.27 6.26 6.25 6.22 6.21 6.21 6.22 6.23 6.29 6.32 6.38 6.43 6.48 6.53 6.62 6.73 6.86 6.99 7.13 7.26 7.31 7.29
6.21 6.39 6.44 6.32 6.02 6.19 6.32 6.35 6.19 6.24 6.14 6.17 6.23 5.79 5.96 6.07 6.10 5.96 6.06 6.07 6.05 6.03 5.98 5.93 5.93 5.94 5.87 5.92 5.92 6.01 6.15 6.24 6.30 6.42 6.48 6.58 6.55 6.55 6.69 6.84 6.79 6.77 6.91 6.96 6.82 6.81 6.77 6.73 6.71 6.73 6.78 6.78 6.77 6.76 6.75 6.62 6.52 6.46 6.41 6.36 6.33 6.29 6.26 6.26 6.28 6.26 6.27 6.27 6.29 6.31 6.33 6.31 6.34 6.43 6.50 6.58 6.67 6.78 6.90 7.04 7.16 7.31 7.38 7.36
