main/data/pressure/28.01.2023.grid
ncols 886
nrows 691
xllcenter 112.0000
yllcenter -44.5000
cellsize 0.0500
nodata_value 99999.90
[rows 136 to 169 of 691, columns 77 to 153 of 886]
37.20 37.27 37.35 37.43 37.51 37.59 37.67 37.75 37.83 37.91 37.99 38.07 38.15 38.23 38.31 38.39 38.47 38.55 38.62 38.70 38.78 38.85 38.93 39.01 39.08 39.14 39.22 39.29 39.35 39.41 39.48 39.54 39.60 39.67 39.72 39.77 39.83 39.88 39.92 39.96 40.01 40.04 40.08 40.10 40.14 40.15 40.15 40.16 40.16 40.15 40.14 40.11 40.09 40.05 40.03 39.99 39.94 39.90 39.84 39.78 39.72 39.65 39.59 39.51 39.43 39.35 39.27 39.18 39.09 38.99 38.90 38.80 38.70 38.60 38.50 38.40 38.29
37.12 37.20 37.29 37.36 37.45 37.53 37.62 37.70 37.78 37.87 37.95 38.03 38.12 38.20 38.29 38.37 38.45 38.54 38.61 38.69 38.78 38.85 38.93 39.01 39.09 39.16 39.23 39.31 39.38 39.44 39.51 39.58 39.64 39.70 39.76 39.82 39.87 39.93 39.97 40.00 40.03 40.07 40.09 40.11 40.13 40.14 40.15 40.15 40.15 40.14 40.12 40.11 40.09 40.06 40.04 40.00 39.95 39.92 39.86 39.81 39.75 39.69 39.62 39.55 39.47 39.39 39.32 39.23 39.14 39.05 38.95 38.85 38.76 38.66 38.56 38.46 38.35
37.05 37.14 37.22 37.30 37.39 37.47 37.56 37.65 37.73 37.82 37.91 37.99 38.08 38.17 38.26 38.35 38.43 38.51 38.60 38.68 38.76 38.85 38.93 39.01 39.09 39.17 39.24 39.32 39.39 39.46 39.52 39.59 39.64 39.70 39.75 39.81 39.85 39.89 39.94 39.98 40.01 40.04 40.07 40.08 40.10 40.12 40.13 40.13 40.14 40.13 40.12 40.11 40.09 40.06 40.03 40.01 39.97 39.92 39.89 39.83 39.77 39.72 39.65 39.58 39.51 39.43 39.36 39.28 39.19 39.10 39.00 38.92 38.82 38.72 38.62 38.52 38.42
36.97 37.05 37.14 37.23 37.32 37.41 37.51 37.59 37.68 37.78 37.86 37.95 38.05 38.14 38.22 38.32 38.40 38.49 38.58 38.66 38.74 38.83 38.91 38.98 39.05 39.14 39.21 39.27 39.35 39.41 39.48 39.53 39.60 39.65 39.71 39.76 39.81 39.85 39.89 39.94 39.97 40.00 40.03 40.06 40.07 40.10 40.11 40.11 40.11 40.12 40.11 40.10 40.09 40.07 40.04 40.02 39.98 39.94 39.90 39.85 39.80 39.74 39.69 39.62 39.55 39.47 39.40 39.32 39.24 39.15 39.07 38.97 38.88 38.78 38.68 38.58 38.48
36.89 36.97 37.07 37.16 37.26 37.35 37.45 37.54 37.63 37.73 37.82 37.90 38.00 38.09 38.17 38.26 38.35 38.43 38.52 38.61 38.68 38.76 38.85 38.92 39.00 39.07 39.15 39.22 39.28 39.35 39.42 39.48 39.54 39.60 39.66 39.71 39.76 39.81 39.85 39.89 39.93 39.96 39.99 40.03 40.05 40.06 40.08 40.09 40.09 40.09 40.10 40.09 40.07 40.06 40.04 40.01 39.99 39.95 39.91 39.87 39.82 39.77 39.72 39.65 39.58 39.51 39.43 39.36 39.28 39.20 39.11 39.03 38.93 38.84 38.74 38.64 38.54
36.81 36.90 37.00 37.09 37.19 37.28 37.37 37.47 37.56 37.65 37.75 37.84 37.92 38.02 38.11 38.19 38.29 38.37 38.45 38.53 38.62 38.70 38.78 38.85 38.93 39.01 39.08 39.16 39.23 39.29 39.35 39.43 39.48 39.54 39.60 39.66 39.71 39.75 39.81 39.85 39.88 39.92 39.96 39.98 40.01 40.03 40.05 40.06 40.08 40.08 40.08 40.08 40.07 40.05 40.04 40.02 39.99 39.96 39.92 39.88 39.84 39.79 39.73 39.67 39.62 39.55 39.47 39.41 39.33 39.24 39.16 39.08 38.99 38.89 38.79 38.70 38.60
36.73 36.82 36.92 37.02 37.11 37.21 37.30 37.40 37.49 37.58 37.67 37.77 37.86 37.94 38.04 38.12 38.21 38.30 38.38 38.46 38.54 38.63 38.71 38.79 38.86 38.95 39.02 39.09 39.16 39.23 39.30 39.36 39.42 39.49 39.54 39.60 39.66 39.71 39.75 39.79 39.84 39.88 39.91 39.95 39.97 40.00 40.02 40.04 40.05 40.06 40.06 40.06 40.06 40.05 40.03 40.02 39.99 39.96 39.93 39.89 39.85 39.81 39.76 39.70 39.65 39.58 39.51 39.44 39.37 39.29 39.20 39.12 39.04 38.94 38.85 38.75 38.65
36.66 36.75 36.85 36.95 37.04 37.14 37.23 37.32 37.42 37.51 37.60 37.70 37.79 37.87 37.96 38.06 38.14 38.22 38.31 38.40 38.48 38.56 38.65 38.72 38.80 38.87 38.96 39.03 39.10 39.16 39.24 39.30 39.37 39.43 39.49 39.55 39.60 39.65 39.71 39.75 39.79 39.83 39.87 39.90 39.93 39.97 39.98 40.00 40.02 40.03 40.03 40.04 40.04 40.03 40.02 40.01 39.99 39.97 39.93 39.91 39.86 39.82 39.78 39.72 39.66 39.60 39.54 39.47 39.40 39.33 39.25 39.17 39.08 39.00 38.90 38.81 38.71
36.58 36.68 36.77 36.87 36.97 37.06 37.16 37.25 37.34 37.44 37.53 37.62 37.72 37.81 37.89 37.98 38.07 38.16 38.24 38.32 38.40 38.49 38.57 38.65 38.74 38.81 38.89 38.96 39.03 39.11 39.17 39.24 39.30 39.37 39.43 39.49 39.54 39.60 39.65 39.70 39.75 39.79 39.82 39.86 39.90 39.92 39.96 39.97 39.99 40.01 40.02 40.02 40.03 40.02 40.01 40.00 39.98 39.96 39.94 39.91 39.87 39.84 39.79 39.74 39.69 39.63 39.58 39.51 39.44 39.36 39.29 39.21 39.13 39.05 38.96 38.86 38.77
36.50 36.61 36.70 36.79 36.90 36.99 37.08 37.18 37.27 37.36 37.46 37.55 37.64 37.73 37.82 37.91 38.00 38.08 38.17 38.26 38.34 38.42 38.51 38.59 38.66 38.74 38.81 38.90 38.97 39.04 39.10 39.17 39.24 39.31 39.37 39.43 39.49 39.54 39.59 39.65 39.69 39.74 39.78 39.82 39.85 39.89 39.91 39.94 39.95 39.98 39.99 40.00 40.00 40.00 40.00 39.99 39.97 39.96 39.93 39.90 39.88 39.84 39.81 39.76 39.70 39.66 39.60 39.53 39.47 39.40 39.33 39.26 39.17 39.09 39.00 38.92 38.82
36.43 36.53 36.63 36.72 36.83 36.92 37.01 37.10 37.20 37.29 37.38 37.47 37.57 37.66 37.74 37.83 37.93 38.01 38.10 38.18 38.26 38.35 38.43 38.51 38.59 38.67 38.75 38.82 38.90 38.97 39.05 39.11 39.18 39.24 39.31 39.37 39.43 39.48 39.54 39.59 39.64 39.68 39.73 39.77 39.80 39.84 39.87 39.90 39.92 39.94 39.96 39.97 39.97 39.98 39.98 39.97 39.97 39.95 39.94 39.91 39.88 39.85 39.81 39.78 39.73 39.67 39.63 39.56 39.50 39.44 39.36 39.29 39.22 39.13 39.05 38.96 38.88
36.36 36.46 36.55 36.65 36.74 36.84 36.94 37.03 37.12 37.22 37.31 37.40 37.49 37.58 37.68 37.76 37.85 37.93 38.03 38.11 38.19 38.28 38.36 38.44 38.52 38.60 38.68 38.75 38.82 38.91 38.98 39.04 39.11 39.18 39.25 39.31 39.36 39.43 39.48 39.53 39.58 39.64 39.68 39.72 39.77 39.80 39.83 39.86 39.89 39.90 39.93 39.94 39.96 39.96 39.96 39.96 39.95 39.93 39.93 39.90 39.88 39.85 39.81 39.78 39.74 39.70 39.64 39.58 39.53 39.46 39.39 39.33 39.25 39.17 39.10 39.01 38.92
36.28 36.38 36.48 36.58 36.67 36.77 36.86 36.96 37.05 37.14 37.23 37.33 37.42 37.51 37.60 37.68 37.77 37.87 37.95 38.04 38.12 38.20 38.29 38.37 38.45 38.53 38.60 38.68 38.76 38.84 38.91 38.97 39.04 39.12 39.18 39.24 39.30 39.37 39.42 39.48 39.53 39.58 39.63 39.67 39.72 39.75 39.78 39.82 39.84 39.88 39.89 39.91 39.92 39.93 39.93 39.94 39.93 39.93 39.91 39.90 39.88 39.85 39.82 39.79 39.75 39.71 39.65 39.61 39.55 39.49 39.43 39.36 39.29 39.21 39.13 39.05 38.97
36.21 36.30 36.41 36.50 36.59 36.70 36.79 36.88 36.97 37.07 37.16 37.25 37.34 37.43 37.53 37.62 37.70 37.79 37.87 37.96 38.04 38.13 38.22 38.30 38.38 38.45 38.53 38.62 38.69 38.76 38.84 38.91 38.98 39.05 39.11 39.18 39.25 39.31 39.36 39.42 39.48 39.53 39.57 39.61 39.66 39.70 39.74 39.77 39.80 39.83 39.85 39.87 39.89 39.90 39.90 39.91 39.91 39.91 39.90 39.89 39.87 39.85 39.82 39.79 39.76 39.71 39.67 39.62 39.57 39.52 39.45 39.39 39.32 39.25 39.18 39.09 39.01
36.14 36.23 36.33 36.43 36.52 36.61 36.71 36.81 36.90 36.99 37.08 37.17 37.26 37.36 37.45 37.54 37.62 37.71 37.80 37.89 37.97 38.06 38.14 38.22 38.30 38.38 38.47 38.54 38.62 38.69 38.76 38.84 38.91 38.98 39.05 39.11 39.17 39.24 39.30 39.35 39.42 39.47 39.51 39.56 39.61 39.65 39.69 39.73 39.76 39.78 39.82 39.83 39.86 39.87 39.89 39.89 39.89 39.89 39.88 39.88 39.86 39.84 39.82 39.78 39.76 39.72 39.68 39.63 39.59 39.53 39.47 39.42 39.35 39.29 39.21 39.13 39.06
36.06 36.16 36.25 36.35 36.44 36.54 36.64 36.73 36.82 36.91 37.01 37.10 37.19 37.28 37.37 37.46 37.55 37.63 37.73 37.81 37.90 37.98 38.06 38.14 38.23 38.30 38.39 38.47 38.55 38.62 38.69 38.76 38.84 38.91 38.98 39.04 39.11 39.18 39.24 39.29 39.35 39.41 39.46 39.50 39.56 39.60 39.64 39.68 39.71 39.74 39.77 39.79 39.82 39.84 39.85 39.86 39.86 39.87 39.86 39.86 39.84 39.83 39.81 39.78 39.76 39.72 39.69 39.64 39.60 39.55 39.50 39.44 39.38 39.31 39.24 39.17 39.09
35.99 36.08 36.17 36.28 36.37 36.46 36.56 36.65 36.75 36.84 36.93 37.02 37.11 37.20 37.29 37.38 37.48 37.56 37.65 37.74 37.82 37.90 37.99 38.07 38.15 38.24 38.32 38.40 38.47 38.55 38.62 38.69 38.76 38.84 38.91 38.98 39.04 39.10 39.17 39.23 39.29 39.35 39.40 39.45 39.49 39.55 39.59 39.62 39.66 39.69 39.73 39.75 39.77 39.80 39.81 39.83 39.83 39.84 39.84 39.84 39.83 39.82 39.80 39.78 39.76 39.72 39.69 39.65 39.61 39.56 39.52 39.46 39.40 39.34 39.28 39.20 39.13
35.90 36.01 36.10 36.20 36.29 36.38 36.49 36.58 36.67 36.76 36.85 36.94 37.03 37.12 37.22 37.31 37.40 37.49 37.57 37.66 37.74 37.83 37.91 37.99 38.07 38.15 38.24 38.32 38.40 38.47 38.55 38.62 38.69 38.76 38.84 38.91 38.97 39.04 39.10 39.17 39.22 39.28 39.33 39.39 39.44 39.49 39.53 39.57 39.62 39.65 39.68 39.71 39.73 39.76 39.78 39.79 39.81 39.81 39.82 39.81 39.81 39.80 39.79 39.77 39.75 39.72 39.69 39.65 39.62 39.57 39.53 39.47 39.42 39.36 39.30 39.23 39.16
35.83 35.93 36.02 36.12 36.22 36.31 36.40 36.50 36.59 36.68 36.77 36.86 36.96 37.05 37.14 37.23 37.32 37.41 37.49 37.58 37.66 37.75 37.83 37.92 38.00 38.08 38.16 38.24 38.31 38.40 38.48 38.55 38.62 38.69 38.76 38.83 38.91 38.97 39.03 39.09 39.16 39.22 39.27 39.33 39.38 39.43 39.47 39.52 39.56 39.60 39.63 39.66 39.69 39.71 39.74 39.75 39.77 39.78 39.79 39.79 39.79 39.78 39.78 39.76 39.74 39.72 39.69 39.66 39.63 39.58 39.54 39.49 39.44 39.38 39.33 39.26 39.20
35.75 35.85 35.95 36.04 36.14 36.23 36.32 36.42 36.51 36.60 36.70 36.79 36.88 36.97 37.06 37.15 37.24 37.33 37.41 37.50 37.59 37.67 37.76 37.84 37.92 38.00 38.08 38.16 38.24 38.32 38.39 38.47 38.55 38.62 38.69 38.76 38.83 38.90 38.97 39.03 39.09 39.14 39.21 39.26 39.31 39.37 39.41 39.46 39.51 39.54 39.58 39.61 39.64 39.67 39.69 39.72 39.73 39.75 39.75 39.76 39.76 39.76 39.75 39.74 39.72 39.71 39.68 39.66 39.62 39.59 39.54 39.50 39.46 39.40 39.35 39.28 39.22
35.67 35.78 35.87 35.96 36.06 36.15 36.24 36.35 36.44 36.53 36.62 36.71 36.80 36.89 36.98 37.07 37.16 37.25 37.34 37.42 37.51 37.59 37.68 37.76 37.85 37.93 38.01 38.09 38.17 38.24 38.32 38.40 38.47 38.54 38.62 38.69 38.76 38.83 38.89 38.95 39.02 39.08 39.14 39.20 39.25 39.30 39.35 39.40 39.44 39.49 39.53 39.56 39.60 39.62 39.65 39.67 39.70 39.71 39.72 39.73 39.74 39.73 39.73 39.72 39.71 39.70 39.67 39.65 39.62 39.59 39.55 39.51 39.46 39.42 39.36 39.31 39.24
35.60 35.70 35.79 35.88 35.98 36.08 36.17 36.27 36.36 36.45 36.54 36.63 36.72 36.81 36.90 36.99 37.08 37.17 37.26 37.33 37.42 37.51 37.59 37.68 37.76 37.84 37.92 38.00 38.08 38.17 38.24 38.32 38.40 38.47 38.54 38.61 38.68 38.75 38.82 38.89 38.95 39.01 39.08 39.13 39.18 39.24 39.29 39.34 39.39 39.43 39.47 39.51 39.54 39.58 39.60 39.63 39.65 39.67 39.68 39.70 39.70 39.71 39.70 39.70 39.70 39.68 39.67 39.64 39.62 39.58 39.55 39.51 39.47 39.43 39.38 39.33 39.26
35.52 35.61 35.71 35.80 35.91 36.00 36.09 36.19 36.28 36.37 36.46 36.55 36.64 36.73 36.81 36.90 36.99 37.08 37.17 37.26 37.34 37.43 37.51 37.60 37.68 37.76 37.85 37.93 38.01 38.09 38.16 38.24 38.31 38.39 38.46 38.53 38.61 38.68 38.75 38.81 38.87 38.94 39.00 39.06 39.11 39.18 39.22 39.27 39.33 39.37 39.42 39.45 39.49 39.52 39.55 39.58 39.60 39.63 39.65 39.66 39.67 39.67 39.68 39.67 39.67 39.67 39.65 39.63 39.60 39.58 39.55 39.52 39.48 39.43 39.39 39.33 39.28
35.44 35.53 35.64 35.73 35.83 35.92 36.01 36.11 36.20 36.29 36.38 36.47 36.55 36.65 36.74 36.83 36.91 37.00 37.09 37.18 37.27 37.35 37.44 37.51 37.60 37.68 37.76 37.84 37.92 38.00 38.08 38.16 38.23 38.31 38.39 38.46 38.53 38.60 38.67 38.73 38.80 38.87 38.93 38.99 39.05 39.11 39.16 39.21 39.26 39.30 39.35 39.39 39.44 39.47 39.51 39.53 39.56 39.58 39.61 39.62 39.63 39.65 39.65 39.65 39.64 39.64 39.62 39.61 39.60 39.57 39.55 39.51 39.48 39.44 39.39 39.35 39.29
35.37 35.46 35.56 35.65 35.75 35.84 35.93 36.03 36.12 36.21 36.29 36.38 36.47 36.57 36.66 36.75 36.84 36.92 37.01 37.09 37.18 37.26 37.35 37.43 37.52 37.60 37.68 37.77 37.85 37.93 38.00 38.08 38.16 38.23 38.31 38.38 38.45 38.52 38.59 38.66 38.73 38.79 38.85 38.91 38.98 39.03 39.09 39.15 39.19 39.24 39.29 39.33 39.38 39.41 39.45 39.48 39.51 39.53 39.56 39.58 39.59 39.61 39.61 39.62 39.62 39.61 39.61 39.59 39.58 39.56 39.53 39.51 39.47 39.44 39.40 39.35 39.31
35.29 35.38 35.48 35.57 35.66 35.76 35.85 35.94 36.04 36.12 36.21 36.30 36.40 36.49 36.58 36.67 36.75 36.84 36.92 37.01 37.10 37.19 37.26 37.35 37.43 37.51 37.60 37.68 37.76 37.84 37.92 38.00 38.08 38.15 38.23 38.30 38.37 38.44 38.51 38.58 38.65 38.72 38.78 38.84 38.91 38.96 39.02 39.08 39.13 39.17 39.23 39.27 39.32 39.35 39.39 39.42 39.46 39.48 39.51 39.53 39.55 39.57 39.57 39.58 39.59 39.58 39.58 39.58 39.56 39.55 39.53 39.50 39.47 39.43 39.40 39.36 39.31
35.21 35.30 35.40 35.49 35.58 35.68 35.77 35.85 35.95 36.04 36.13 36.22 36.32 36.41 36.49 36.58 36.67 36.76 36.85 36.92 37.01 37.10 37.18 37.27 37.35 37.43 37.51 37.59 37.68 37.76 37.84 37.91 37.99 38.07 38.14 38.22 38.29 38.36 38.43 38.50 38.57 38.64 38.70 38.76 38.83 38.89 38.94 39.00 39.06 39.11 39.16 39.20 39.25 39.29 39.34 39.37 39.41 39.43 39.46 39.49 39.51 39.53 39.53 39.55 39.56 39.55 39.56 39.55 39.54 39.53 39.51 39.49 39.46 39.44 39.40 39.36 39.32
35.13 35.22 35.32 35.41 35.50 35.60 35.69 35.77 35.87 35.96 36.05 36.14 36.23 36.32 36.41 36.50 36.58 36.67 36.76 36.85 36.92 37.01 37.10 37.18 37.27 37.35 37.43 37.51 37.59 37.67 37.75 37.83 37.91 37.98 38.06 38.13 38.21 38.28 38.35 38.42 38.49 38.55 38.63 38.69 38.75 38.81 38.87 38.93 38.99 39.04 39.09 39.14 39.18 39.23 39.27 39.31 39.35 39.38 39.41 39.43 39.46 39.47 39.49 39.51 39.51 39.52 39.53 39.53 39.51 39.51 39.50 39.47 39.45 39.43 39.39 39.36 39.33
35.05 35.14 35.24 35.33 35.42 35.51 35.60 35.70 35.79 35.88 35.97 36.06 36.15 36.24 36.32 36.41 36.50 36.58 36.67 36.76 36.85 36.92 37.01 37.10 37.18 37.26 37.34 37.42 37.50 37.59 37.67 37.75 37.82 37.90 37.98 38.05 38.13 38.20 38.27 38.34 38.41 38.47 38.54 38.61 38.67 38.73 38.79 38.86 38.91 38.97 39.02 39.06 39.12 39.17 39.21 39.25 39.28 39.32 39.35 39.38 39.41 39.43 39.45 39.47 39.47 39.49 39.49 39.49 39.49 39.48 39.47 39.45 39.44 39.42 39.39 39.36 39.33
34.97 35.06 35.16 35.25 35.33 35.43 35.52 35.62 35.71 35.79 35.88 35.98 36.06 36.15 36.24 36.33 36.41 36.50 36.58 36.67 36.76 36.85 36.92 37.01 37.09 37.17 37.25 37.34 37.42 37.50 37.58 37.65 37.73 37.81 37.88 37.96 38.03 38.11 38.18 38.25 38.33 38.40 38.46 38.52 38.59 38.66 38.72 38.77 38.84 38.89 38.95 39.00 39.04 39.09 39.14 39.18 39.23 39.26 39.30 39.33 39.35 39.38 39.41 39.42 39.44 39.45 39.45 39.46 39.46 39.46 39.45 39.44 39.42 39.40 39.38 39.35 39.32
34.89 34.98 35.08 35.17 35.25 35.35 35.44 35.53 35.62 35.71 35.81 35.89 35.98 36.07 36.15 36.24 36.32 36.41 36.50 36.58 36.67 36.76 36.84 36.92 37.01 37.08 37.17 37.25 37.33 37.41 37.49 37.57 37.65 37.72 37.80 37.88 37.95 38.03 38.10 38.17 38.24 38.31 38.37 38.45 38.51 38.57 38.63 38.70 38.76 38.82 38.87 38.92 38.98 39.03 39.07 39.12 39.16 39.20 39.23 39.27 39.30 39.32 39.35 39.38 39.40 39.40 39.42 39.43 39.43 39.43 39.42 39.42 39.40 39.38 39.37 39.35 39.31
34.81 34.90 34.99 35.08 35.18 35.27 35.35 35.45 35.54 35.62 35.72 35.81 35.89 35.98 36.07 36.16 36.25 36.33 36.42 36.50 36.58 36.67 36.75 36.84 36.92 37.00 37.08 37.17 37.24 37.32 37.40 37.48 37.55 37.63 37.71 37.78 37.86 37.93 38.01 38.08 38.15 38.22 38.29 38.36 38.42 38.49 38.56 38.62 38.67 38.74 38.79 38.85 38.90 38.95 39.00 39.05 39.10 39.13 39.17 39.20 39.24 39.27 39.30 39.32 39.35 39.37 39.38 39.39 39.39 39.40 39.40 39.39 39.38 39.37 39.36 39.33 39.31
34.73 34.81 34.91 35.00 35.10 35.18 35.27 35.37 35.45 35.55 35.63 35.72 35.80 35.90 35.99 36.07 36.16 36.24 36.33 36.41 36.50 36.58 36.66 36.75 36.83 36.91 36.99 37.07 37.15 37.24 37.31 37.39 37.47 37.55 37.62 37.70 37.78 37.85 37.92 37.99 38.07 38.14 38.20 38.27 38.34 38.41 38.47 38.53 38.60 38.65 38.71 38.77 38.82 38.88 38.93 38.98 39.03 39.06 39.11 39.15 39.18 39.22 39.25 39.28 39.29 39.32 39.34 39.35 39.36 39.36 39.37 39.37 39.36 39.35 39.34 39.32 39.30
34.64 34.73 34.83 34.92 35.01 35.10 35.20 35.28 35.37 35.46 35.55 35.63 35.73 35.81 35.90 35.98 36.07 36.16 36.25 36.32 36.41 36.49 36.58 36.66 36.74 36.82 36.90 36.99 37.06 37.14 37.22 37.29 37.37 37.45 37.53 37.61 37.68 37.76 37.83 37.91 37.98 38.05 38.11 38.18 38.25 38.32 38.38 38.44 38.51 38.57 38.64 38.69 38.75 38.80 38.85 38.90 38.95 38.99 39.04 39.08 39.12 39.15 39.19 39.22 39.24 39.27 39.29 39.31 39.33 39.33 39.34 39.34 39.34 39.34 39.32 39.31 39.29
