main/data/pressure/28.01.2023.grid
ncols 886
nrows 691
xllcenter 112.0000
yllcenter -44.5000
cellsize 0.0500
nodata_value 99999.90
[rows 646 to 679 of 691, columns 693 to 769 of 886]
11.37 11.53 11.90 12.18 12.12 12.11 12.20 12.41 12.02 11.17 11.51 12.24 12.82 13.09 13.08 13.19 13.29 13.38 13.45 13.64 13.68 13.77 14.39 14.58 14.58 14.50 15.25 15.70 15.77 15.83 15.88 15.94 15.86 15.74 16.11 16.16 16.22 16.28 16.34 16.41 16.48 16.54 16.60 16.67 16.73 16.80 16.87 16.93 17.00 17.07 17.14 17.21 17.27 17.35 17.42 17.48 17.55 17.63 17.70 17.76 17.78 17.79 17.80 17.82 17.83 17.85 17.87 17.89 17.92 17.95 17.98 18.01 18.04 18.08 18.11 18.15 18.19
11.60 11.76 12.24 12.12 11.83 12.03 12.35 12.58 12.61 12.60 12.46 13.01 12.88 12.91 12.84 12.94 13.00 12.80 13.41 13.46 13.76 14.44 14.40 14.55 14.51 15.03 15.53 15.35 15.66 15.72 15.77 15.82 15.88 15.88 15.50 16.04 16.11 16.16 16.22 16.28 16.34 16.40 16.46 16.53 16.59 16.66 16.73 16.79 16.85 16.93 16.99 17.06 17.13 17.20 17.26 17.33 17.41 17.47 17.54 17.60 17.62 17.64 17.66 17.68 17.70 17.72 17.75 17.78 17.81 17.84 17.87 17.91 17.94 17.97 18.01 18.05 18.09
12.11 12.55 12.87 12.41 12.07 12.41 12.53 12.45 12.37 12.25 12.90 12.74 12.38 12.73 11.90 12.69 12.80 13.01 13.39 13.66 13.87 13.81 13.88 13.62 13.16 14.52 14.98 15.51 15.56 15.61 15.66 15.71 15.77 15.82 15.87 15.93 15.99 16.04 16.10 16.16 16.22 16.28 16.35 16.41 16.47 16.53 16.60 16.66 16.73 16.79 16.86 16.93 16.99 17.05 17.12 17.19 17.26 17.33 17.39 17.44 17.47 17.50 17.52 17.55 17.58 17.60 17.63 17.67 17.70 17.73 17.77 17.80 17.84 17.87 17.91 17.95 17.99
12.55 12.72 12.93 12.23 12.40 12.63 12.01 12.14 11.87 11.83 12.93 12.80 12.82 12.32 12.24 12.54 12.67 12.36 12.85 13.29 13.73 13.75 13.70 13.66 13.88 14.95 14.81 15.36 15.46 15.51 15.56 15.61 15.65 15.71 15.76 15.82 15.88 15.93 15.99 16.05 16.11 16.17 16.23 16.29 16.35 16.41 16.47 16.55 16.61 16.67 16.73 16.80 16.87 16.93 17.00 17.06 17.13 17.19 17.25 17.30 17.34 17.37 17.40 17.43 17.47 17.49 17.52 17.56 17.59 17.63 17.67 17.71 17.74 17.78 17.82 17.86 17.89
12.74 12.87 12.65 12.15 12.76 12.55 12.12 11.99 11.95 12.47 12.97 12.92 12.55 12.09 12.92 12.68 12.70 12.84 13.00 11.56 13.59 13.51 13.48 12.62 14.19 15.21 14.97 15.23 15.36 15.41 15.45 15.50 15.56 15.60 15.66 15.72 15.77 15.83 15.89 15.95 16.01 16.06 16.12 16.19 16.25 16.31 16.37 16.43 16.50 16.56 16.63 16.69 16.75 16.81 16.88 16.95 17.01 17.08 17.14 17.18 17.21 17.25 17.28 17.32 17.35 17.39 17.43 17.45 17.49 17.53 17.57 17.61 17.65 17.68 17.72 17.77 17.80
12.16 12.58 12.90 12.74 12.72 12.51 11.83 11.70 12.09 13.03 12.31 12.65 11.62 11.43 12.71 12.96 12.79 13.08 13.06 12.85 13.37 14.07 14.19 14.67 14.98 15.10 14.99 15.21 15.25 15.31 15.35 15.40 15.46 15.51 15.56 15.62 15.68 15.73 15.80 15.85 15.91 15.97 16.04 16.09 16.15 16.21 16.27 16.33 16.40 16.46 16.53 16.59 16.65 16.71 16.78 16.84 16.90 16.96 17.02 17.06 17.10 17.13 17.17 17.21 17.25 17.28 17.32 17.36 17.39 17.43 17.47 17.51 17.55 17.58 17.63 17.67 17.71
10.84 11.38 11.35 12.54 12.50 12.08 11.96 11.18 12.65 12.67 12.42 12.54 12.33 11.82 12.37 13.07 13.08 12.76 12.14 13.26 13.59 14.08 14.40 14.53 12.60 14.04 15.00 15.09 15.12 13.99 15.24 15.30 15.36 15.42 15.47 15.52 15.58 15.65 15.70 15.77 15.82 15.88 15.95 16.00 16.06 16.12 16.19 16.25 16.31 16.37 16.43 16.49 16.55 16.61 16.68 16.74 16.80 16.86 16.91 16.95 17.00 17.03 17.07 17.10 17.14 17.18 17.22 17.26 17.30 17.33 17.37 17.41 17.46 17.49 17.53 17.58 17.61
8.61 10.53 11.95 12.52 12.66 12.87 12.22 11.39 11.57 12.55 12.90 12.63 13.01 12.34 12.25 13.06 13.28 13.01 13.03 12.70 13.20 13.87 13.72 13.08 13.27 14.73 14.89 14.96 14.99 15.08 14.44 15.19 15.26 15.32 15.38 15.44 15.50 15.56 15.62 15.68 15.74 15.80 15.87 15.93 15.99 16.05 16.11 16.17 16.23 16.29 16.35 16.41 16.47 16.53 16.60 16.66 16.72 16.77 16.82 16.86 16.90 16.94 16.98 17.02 17.05 17.08 17.12 17.16 17.21 17.25 17.28 17.32 17.36 17.41 17.44 17.49 17.53
10.66 12.23 11.15 12.38 12.60 12.95 12.30 11.88 10.77 11.09 12.33 12.95 12.97 12.98 12.93 12.76 13.32 12.83 13.26 12.82 13.30 13.14 13.04 12.67 13.24 14.31 14.74 14.83 14.90 14.96 15.03 15.10 15.15 15.22 15.29 15.35 15.41 15.47 15.54 15.60 15.67 15.73 15.79 15.86 15.91 15.97 16.04 16.10 16.16 16.22 16.28 16.34 16.40 16.46 16.52 16.59 16.64 16.68 16.73 16.76 16.80 16.84 16.88 16.92 16.96 17.00 17.03 17.07 17.11 17.15 17.18 17.23 17.27 17.31 17.35 17.39 17.44
11.80 12.09 11.93 12.16 11.64 12.26 12.81 12.91 12.62 11.51 13.01 13.04 12.99 12.82 12.41 13.11 13.24 13.19 13.47 13.39 13.41 13.47 12.78 13.62 13.89 14.48 14.59 14.69 14.77 14.85 14.92 15.00 15.06 15.13 15.20 15.26 15.33 15.40 15.47 15.53 15.60 15.65 15.72 15.79 15.85 15.91 15.97 16.03 16.10 16.16 16.22 16.28 16.33 16.39 16.45 16.51 16.57 16.61 16.65 16.69 16.72 16.76 16.80 16.83 16.87 16.91 16.95 16.99 17.02 17.06 17.10 17.14 17.18 17.22 17.26 17.30 17.35
11.67 11.48 11.44 10.91 11.18 11.77 12.56 12.32 12.67 12.43 12.30 10.54 12.91 12.20 12.85 12.43 13.04 13.14 13.36 13.45 13.34 13.29 13.78 13.43 13.64 14.35 14.47 14.56 14.65 14.74 14.82 14.89 14.97 15.04 15.11 15.18 15.26 15.32 15.39 15.45 15.53 15.59 15.65 15.72 15.79 15.84 15.91 15.97 16.04 16.10 16.16 16.21 16.28 16.34 16.40 16.45 16.50 16.54 16.58 16.60 16.64 16.67 16.71 16.75 16.79 16.82 16.85 16.90 16.94 16.97 17.01 17.05 17.09 17.13 17.17 17.21 17.25
8.30 11.36 11.07 10.70 11.48 10.84 9.79 11.44 12.19 11.42 10.88 11.70 12.44 12.75 12.67 12.66 12.38 13.07 13.21 13.41 13.35 13.61 13.69 13.51 14.11 14.23 14.20 14.44 14.54 14.63 14.71 14.79 14.87 14.95 15.02 15.10 15.18 15.25 15.32 15.39 15.46 15.53 15.59 15.66 15.73 15.79 15.85 15.92 15.98 16.05 16.10 16.16 16.23 16.29 16.35 16.40 16.44 16.46 16.50 16.53 16.56 16.60 16.62 16.66 16.70 16.74 16.76 16.80 16.85 16.89 16.92 16.96 17.00 17.04 17.08 17.13 17.16
8.63 11.27 10.81 11.36 11.32 10.84 10.30 10.49 10.61 10.99 10.96 10.02 10.32 12.11 12.80 12.83 12.86 13.04 13.18 13.31 13.46 13.60 13.73 13.84 13.44 13.76 14.22 14.02 14.42 14.53 14.61 14.70 14.78 14.86 14.95 15.03 15.10 15.17 15.25 15.32 15.39 15.46 15.53 15.60 15.67 15.73 15.80 15.87 15.93 15.99 16.05 16.12 16.18 16.24 16.30 16.34 16.37 16.40 16.43 16.46 16.48 16.51 16.55 16.58 16.61 16.65 16.69 16.72 16.76 16.80 16.84 16.87 16.91 16.96 16.99 17.04 17.07
9.46 10.66 11.59 12.15 12.16 11.77 11.40 11.78 11.57 12.05 11.59 11.88 11.61 12.51 12.58 12.83 12.83 13.00 13.08 13.25 13.38 13.25 13.63 13.76 13.87 13.67 13.52 13.70 14.33 14.42 14.52 14.61 14.70 14.79 14.87 14.94 15.02 15.10 15.18 15.25 15.33 15.41 15.47 15.54 15.62 15.68 15.75 15.82 15.89 15.94 16.01 16.07 16.14 16.20 16.25 16.28 16.31 16.33 16.36 16.38 16.41 16.44 16.46 16.50 16.53 16.57 16.60 16.64 16.68 16.71 16.75 16.79 16.82 16.87 16.91 16.95 16.99
11.22 11.07 11.68 12.13 12.34 12.41 12.27 12.12 12.43 12.05 10.94 12.08 11.92 12.38 12.77 12.77 12.89 12.84 13.08 13.19 13.19 13.36 13.55 13.67 13.79 13.39 13.52 14.12 14.23 14.33 14.43 14.53 14.61 14.70 14.78 14.87 14.95 15.03 15.11 15.19 15.27 15.34 15.41 15.49 15.56 15.63 15.70 15.77 15.84 15.90 15.96 16.03 16.10 16.15 16.19 16.22 16.24 16.26 16.28 16.31 16.34 16.36 16.39 16.42 16.44 16.48 16.52 16.55 16.59 16.63 16.66 16.70 16.74 16.78 16.82 16.86 16.90
11.16 11.66 12.11 12.33 12.13 10.65 11.60 12.16 12.51 11.62 11.70 11.46 12.44 12.59 12.55 12.82 12.88 12.96 13.04 13.15 12.04 12.93 13.46 13.47 13.59 13.59 13.60 14.03 14.14 14.24 14.34 14.44 14.52 14.62 14.71 14.80 14.88 14.97 15.04 15.12 15.20 15.28 15.35 15.43 15.51 15.57 15.65 15.72 15.79 15.85 15.92 15.99 16.05 16.10 16.13 16.15 16.16 16.19 16.21 16.23 16.25 16.28 16.31 16.33 16.37 16.40 16.43 16.47 16.51 16.54 16.58 16.61 16.65 16.70 16.73 16.78 16.81
12.18 12.21 11.86 12.10 11.87 11.03 11.20 12.12 12.36 9.87 11.10 12.09 12.48 12.69 12.35 12.80 12.86 12.93 13.01 13.11 13.20 13.30 13.34 11.78 13.31 13.17 12.60 13.95 14.06 14.16 14.26 14.36 14.45 14.54 14.64 14.72 14.81 14.90 14.97 15.06 15.14 15.22 15.29 15.37 15.45 15.53 15.60 15.67 15.75 15.81 15.88 15.95 16.00 16.05 16.07 16.08 16.09 16.11 16.14 16.15 16.18 16.20 16.22 16.25 16.29 16.31 16.35 16.38 16.42 16.46 16.49 16.53 16.56 16.61 16.64 16.69 16.73
9.02 12.06 10.03 11.86 11.57 11.75 12.24 12.44 11.95 12.31 11.91 10.95 12.53 12.52 12.24 12.77 12.84 12.90 12.97 13.06 13.15 13.24 12.80 12.78 13.53 13.57 13.29 13.34 13.98 14.08 14.18 14.28 14.37 14.46 14.56 14.65 14.74 14.83 14.91 14.99 15.08 15.16 15.24 15.32 15.40 15.48 15.55 15.62 15.70 15.76 15.84 15.91 15.95 15.98 16.00 16.00 16.02 16.04 16.05 16.07 16.10 16.11 16.14 16.18 16.20 16.23 16.26 16.30 16.34 16.37 16.41 16.44 16.48 16.52 16.56 16.60 16.64
10.23 11.93 9.62 10.26 11.38 11.40 11.93 12.41 12.21 12.44 12.19 11.71 12.50 12.63 12.69 12.66 12.82 12.88 12.95 13.03 13.11 13.21 13.29 12.29 13.50 13.46 12.89 12.73 13.91 14.01 14.11 14.21 14.30 14.40 14.49 14.58 14.67 14.76 14.85 14.93 15.01 15.10 15.18 15.26 15.34 15.42 15.49 15.57 15.65 15.72 15.79 15.86 15.88 15.90 15.92 15.92 15.94 15.96 15.97 15.99 16.01 16.04 16.06 16.09 16.12 16.14 16.18 16.21 16.25 16.29 16.32 16.36 16.40 16.44 16.47 16.52 16.55
9.80 11.44 7.89 8.99 10.88 10.65 11.04 12.17 12.40 12.39 12.46 11.72 12.49 12.61 12.67 12.46 12.79 12.85 12.92 13.00 13.08 13.17 13.25 13.35 13.45 13.55 13.65 13.74 13.84 13.95 14.04 14.14 14.24 14.33 14.42 14.51 14.60 14.69 14.78 14.87 14.96 15.04 15.12 15.21 15.28 15.37 15.45 15.52 15.60 15.67 15.74 15.79 15.81 15.82 15.84 15.84 15.86 15.87 15.89 15.91 15.93 15.95 15.97 16.01 16.04 16.06 16.10 16.13 16.17 16.20 16.24 16.27 16.32 16.35 16.39 16.43 16.47
9.49 11.07 10.40 8.55 10.26 11.73 12.21 12.35 12.39 12.43 12.46 12.51 12.55 12.60 12.66 12.71 12.77 12.83 12.90 12.97 13.04 13.13 13.21 13.30 13.40 13.50 13.58 13.68 13.78 13.88 13.98 14.08 14.17 14.26 14.35 14.45 14.53 14.63 14.72 14.81 14.90 14.97 15.06 15.15 15.23 15.31 15.39 15.47 15.55 15.62 15.68 15.71 15.72 15.74 15.75 15.76 15.78 15.79 15.81 15.82 15.85 15.87 15.89 15.93 15.95 15.98 16.01 16.05 16.08 16.12 16.15 16.19 16.23 16.27 16.31 16.35 16.38
10.44 10.80 9.73 7.94 9.92 11.69 11.95 11.39 12.39 12.42 12.46 12.50 11.98 11.82 12.64 12.70 12.75 12.81 12.88 12.95 13.02 13.10 13.18 13.27 13.35 13.45 13.54 13.64 13.73 13.83 13.92 14.01 14.11 14.20 14.29 14.38 14.48 14.57 14.66 14.74 14.83 14.92 15.00 15.09 15.18 15.25 15.34 15.41 15.50 15.57 15.60 15.62 15.63 15.65 15.65 15.67 15.69 15.70 15.72 15.74 15.76 15.78 15.81 15.83 15.87 15.89 15.93 15.96 16.00 16.03 16.07 16.11 16.15 16.18 16.23 16.26 16.30
10.29 10.37 9.74 10.14 12.14 12.25 11.98 12.19 12.39 12.10 12.46 12.40 11.68 11.64 12.63 12.69 12.74 12.79 12.86 12.92 12.99 13.07 13.15 13.23 13.32 13.41 13.49 13.58 13.68 13.77 13.86 13.95 14.05 14.14 14.23 14.33 14.41 14.50 14.59 14.68 14.77 14.86 14.95 15.03 15.12 15.20 15.28 15.37 15.43 15.49 15.51 15.53 15.54 15.55 15.57 15.58 15.59 15.61 15.64 15.65 15.68 15.70 15.73 15.75 15.79 15.81 15.84 15.88 15.91 15.95 15.98 16.03 16.06 16.10 16.14 16.17 16.22
8.89 10.05 9.72 10.36 11.73 11.83 12.34 12.28 12.39 12.43 12.15 12.41 12.54 12.29 12.63 12.68 12.72 12.78 12.85 12.91 12.98 13.05 13.12 13.20 13.28 13.36 13.45 13.54 13.63 13.71 13.80 13.89 13.99 14.08 14.17 14.26 14.35 14.44 14.54 14.62 14.71 14.79 14.88 14.97 15.05 15.14 15.22 15.30 15.36 15.39 15.41 15.43 15.45 15.46 15.47 15.49 15.51 15.52 15.54 15.57 15.58 15.61 15.64 15.67 15.70 15.73 15.76 15.80 15.83 15.87 15.91 15.94 15.98 16.02 16.06 16.10 16.13
7.96 9.88 8.02 9.64 12.00 12.19 12.36 12.37 12.40 12.43 12.12 12.51 11.45 12.58 12.62 12.67 12.71 12.77 12.83 12.89 12.95 13.02 13.10 13.17 13.25 13.33 13.41 13.50 13.58 13.67 13.76 13.85 13.93 14.02 14.11 14.20 14.30 14.38 14.47 14.56 14.64 14.74 14.83 14.91 15.00 15.08 15.17 15.23 15.27 15.29 15.32 15.33 15.35 15.36 15.38 15.40 15.41 15.43 15.45 15.48 15.50 15.53 15.55 15.59 15.62 15.64 15.68 15.71 15.75 15.79 15.83 15.86 15.90 15.94 15.97 16.01 16.05
10.64 10.46 10.03 10.53 12.17 12.34 12.36 12.38 12.41 12.44 12.47 12.51 12.54 12.58 12.62 12.67 12.71 12.76 12.82 12.88 12.94 13.00 13.07 13.15 13.22 13.30 13.37 13.46 13.55 13.62 13.71 13.80 13.89 13.97 14.06 14.15 14.24 14.32 14.42 14.50 14.59 14.67 14.76 14.84 14.94 15.03 15.09 15.13 15.17 15.19 15.22 15.23 15.25 15.27 15.29 15.30 15.33 15.35 15.36 15.39 15.42 15.45 15.47 15.51 15.54 15.56 15.60 15.63 15.68 15.71 15.74 15.78 15.82 15.85 15.90 15.93 15.97
12.26 11.46 12.29 12.30 11.60 12.34 12.36 12.39 12.41 12.44 12.47 12.50 12.54 12.57 12.61 12.66 12.71 12.75 12.81 12.86 12.92 12.99 13.06 13.13 13.20 13.27 13.34 13.42 13.50 13.59 13.67 13.75 13.84 13.93 14.01 14.10 14.18 14.27 14.35 14.44 14.53 14.62 14.71 14.79 14.87 14.95 15.00 15.04 15.07 15.10 15.11 15.13 15.15 15.17 15.20 15.21 15.23 15.26 15.28 15.31 15.33 15.37 15.39 15.42 15.46 15.49 15.52 15.56 15.59 15.62 15.66 15.70 15.74 15.78 15.81 15.86 15.89
12.26 12.27 12.29 12.31 12.32 12.35 12.37 12.39 12.41 12.44 12.47 12.51 12.54 12.58 12.62 12.66 12.70 12.75 12.80 12.85 12.91 12.97 13.04 13.10 13.17 13.24 13.31 13.39 13.47 13.55 13.63 13.71 13.79 13.88 13.96 14.04 14.12 14.22 14.30 14.39 14.47 14.56 14.64 14.72 14.81 14.86 14.91 14.94 14.96 14.99 15.01 15.04 15.06 15.07 15.10 15.12 15.15 15.17 15.19 15.22 15.25 15.27 15.31 15.34 15.38 15.41 15.44 15.47 15.51 15.54 15.59 15.62 15.66 15.70 15.73 15.77 15.80
12.26 12.28 12.30 12.32 12.34 12.35 12.37 12.40 12.43 12.45 12.48 12.51 12.54 12.58 12.62 12.65 12.70 12.75 12.79 12.84 12.90 12.96 13.02 13.08 13.15 13.22 13.29 13.36 13.43 13.51 13.59 13.67 13.74 13.83 13.91 13.99 14.07 14.16 14.24 14.32 14.41 14.50 14.59 14.66 14.72 14.77 14.80 14.84 14.87 14.89 14.92 14.94 14.96 14.99 15.01 15.03 15.06 15.08 15.11 15.14 15.17 15.19 15.23 15.26 15.29 15.33 15.36 15.39 15.43 15.47 15.50 15.55 15.58 15.61 15.65 15.69 15.73
12.27 12.29 12.30 12.31 12.33 12.36 12.38 12.40 12.43 12.46 12.48 12.51 12.55 12.58 12.61 12.65 12.69 12.74 12.78 12.84 12.89 12.95 13.01 13.06 13.13 13.20 13.26 13.33 13.40 13.48 13.55 13.62 13.71 13.78 13.86 13.94 14.02 14.11 14.19 14.27 14.36 14.44 14.51 14.57 14.63 14.67 14.71 14.74 14.77 14.79 14.82 14.84 14.88 14.90 14.92 14.94 14.97 15.00 15.02 15.06 15.08 15.11 15.15 15.18 15.21 15.25 15.28 15.32 15.35 15.39 15.43 15.46 15.49 15.54 15.57 15.61 15.65
12.26 12.29 12.31 12.32 12.34 12.37 12.39 12.41 12.44 12.46 12.49 12.52 12.55 12.58 12.62 12.65 12.69 12.74 12.78 12.83 12.88 12.93 12.99 13.05 13.11 13.17 13.24 13.31 13.38 13.45 13.52 13.59 13.66 13.74 13.82 13.90 13.97 14.05 14.14 14.22 14.29 14.38 14.44 14.49 14.53 14.58 14.61 14.64 14.68 14.70 14.73 14.75 14.78 14.80 14.83 14.86 14.89 14.91 14.94 14.98 15.00 15.03 15.07 15.10 15.13 15.16 15.21 15.24 15.27 15.31 15.35 15.38 15.42 15.46 15.50 15.53 15.57
12.27 12.29 12.31 12.32 12.35 12.37 12.39 12.41 12.44 12.46 12.50 12.52 12.55 12.58 12.62 12.66 12.69 12.74 12.78 12.83 12.88 12.93 12.98 13.03 13.10 13.15 13.22 13.28 13.34 13.41 13.48 13.55 13.62 13.70 13.78 13.85 13.92 14.00 14.09 14.16 14.23 14.30 14.36 14.40 14.45 14.48 14.52 14.55 14.58 14.61 14.63 14.67 14.69 14.72 14.75 14.78 14.80 14.83 14.87 14.89 14.92 14.95 14.98 15.02 15.06 15.09 15.12 15.16 15.20 15.23 15.27 15.31 15.35 15.38 15.41 15.46 15.50
12.27 12.29 12.31 12.34 12.35 12.38 12.40 12.42 12.45 12.47 12.50 12.53 12.55 12.59 12.62 12.66 12.70 12.73 12.78 12.82 12.87 12.92 12.97 13.02 13.08 13.13 13.20 13.26 13.32 13.38 13.45 13.52 13.59 13.66 13.73 13.80 13.88 13.95 14.04 14.11 14.17 14.22 14.27 14.31 14.36 14.40 14.43 14.46 14.49 14.52 14.55 14.58 14.60 14.63 14.67 14.69 14.72 14.75 14.79 14.82 14.85 14.88 14.91 14.95 14.98 15.01 15.05 15.09 15.12 15.16 15.19 15.23 15.27 15.31 15.34 15.38 15.41
12.27 12.29 12.31 12.34 12.36 12.38 12.41 12.42 12.46 12.48 12.50 12.53 12.56 12.59 12.62 12.66 12.70 12.74 12.77 12.82 12.87 12.91 12.96 13.01 13.06 13.11 13.18 13.23 13.29 13.36 13.42 13.48 13.55 13.62 13.69 13.76 13.83 13.90 13.97 14.04 14.10 14.15 14.19 14.23 14.27 14.31 14.35 14.38 14.41 14.44 14.46 14.49 14.53 14.55 14.58 14.61 14.64 14.67 14.71 14.74 14.77 14.80 14.83 14.87 14.91 14.94 14.97 15.01 15.05 15.08 15.12 15.15 15.19 15.22 15.27 15.30 15.34
