main/data/pressure/28.01.2023.grid
ncols 886
nrows 691
xllcenter 112.0000
yllcenter -44.5000
cellsize 0.0500
nodata_value 99999.90
[rows 136 to 169 of 691, columns 308 to 384 of 886]
27.40 27.57 27.74 27.00 27.82 27.04 25.85 26.77 27.30 27.68 27.52 27.15 27.27 27.81 28.10 28.28 28.45 28.56 28.70 28.67 28.82 27.97 28.91 29.00 29.03 28.74 29.04 29.11 28.86 28.70 28.67 28.06 28.29 27.99 27.84 28.21 28.59 28.90 29.15 29.41 29.36 28.38 29.25 29.66 29.38 28.76 29.18 28.87 29.15 29.17 28.84 28.52 28.38 28.44 28.60 28.57 28.57 28.91 29.04 28.95 28.85 28.93 29.07 29.05 29.16 29.11 28.90 28.89 29.00 28.99 29.08 29.05 28.66 28.71 28.83 28.89 28.91
27.53 27.50 27.23 27.99 27.09 27.07 27.26 27.36 27.32 27.48 27.52 26.84 27.45 27.38 27.63 28.08 28.41 28.10 28.57 28.67 28.64 28.80 28.80 28.74 28.88 28.83 29.00 28.81 28.50 27.92 28.43 27.73 28.11 27.57 28.01 28.15 28.20 28.33 28.80 28.87 29.06 28.74 29.47 29.39 29.10 28.93 28.84 28.93 28.68 28.97 28.48 28.32 28.27 28.42 28.61 28.65 28.66 28.86 28.57 28.57 28.68 28.89 28.82 28.70 29.03 28.85 28.70 28.77 28.82 28.66 29.03 28.92 28.71 28.69 28.83 28.83 28.81
27.54 27.78 27.95 27.71 27.26 27.21 27.33 27.21 27.14 27.32 27.42 27.50 27.36 26.45 26.99 28.21 28.17 28.06 28.49 28.07 27.72 28.26 27.34 28.21 28.62 28.77 28.86 28.38 28.24 27.68 27.94 27.93 28.17 27.81 27.87 28.11 27.98 27.67 27.47 28.32 28.98 28.60 28.94 28.89 28.89 28.50 28.37 28.59 28.77 28.45 28.08 28.14 28.27 28.39 28.49 28.66 28.59 28.39 28.37 28.39 28.49 28.74 28.63 28.63 28.66 28.48 28.57 28.67 28.73 28.78 28.93 28.81 28.56 28.61 28.72 28.76 28.77
27.70 27.86 27.46 27.01 27.23 27.31 27.00 26.77 26.93 27.20 26.77 26.82 26.99 27.17 28.03 28.05 28.07 28.30 28.30 27.17 27.51 27.97 27.68 28.03 28.45 28.64 28.74 28.53 28.58 27.52 28.32 27.84 27.96 28.21 28.31 28.07 28.23 28.04 27.75 28.22 28.03 27.92 28.06 27.71 28.74 28.51 28.10 28.24 28.26 28.54 28.21 27.97 28.29 28.39 28.51 28.36 28.32 28.23 28.23 28.32 28.54 28.45 28.37 28.51 28.54 28.45 28.55 28.63 28.68 28.75 28.83 28.65 28.47 28.52 28.64 28.68 28.70
27.61 27.60 26.23 26.33 27.32 27.17 26.62 26.38 26.89 27.22 26.95 26.42 26.58 27.23 27.90 27.92 28.02 28.23 27.61 26.53 27.47 27.90 27.08 27.18 28.19 28.48 28.44 28.60 28.43 28.09 28.35 27.94 28.11 28.12 28.33 28.13 28.09 28.14 27.75 27.89 28.10 28.20 27.64 27.89 28.35 28.46 28.07 27.91 27.91 28.27 28.35 28.19 28.14 28.38 28.25 28.19 28.10 28.07 28.12 28.16 28.33 28.40 28.31 28.40 28.40 28.50 28.52 28.55 28.59 28.59 28.58 28.49 28.41 28.41 28.55 28.62 28.58
27.88 27.03 25.78 27.07 27.12 26.56 26.74 26.76 27.07 27.08 26.68 26.92 26.70 27.37 27.64 27.71 28.11 27.38 27.49 26.45 27.94 27.82 28.11 28.19 28.25 28.15 28.13 27.62 28.55 28.50 28.43 28.31 28.02 28.38 28.52 28.43 28.41 28.27 28.11 28.19 28.20 27.88 27.94 28.14 28.13 28.01 28.08 27.86 27.90 28.02 28.06 28.19 28.09 28.02 28.09 28.09 27.94 27.92 28.11 28.18 28.26 28.22 28.17 28.21 28.30 28.33 28.35 28.40 28.21 28.40 28.37 28.33 28.32 28.36 28.51 28.45 28.42
27.51 27.12 27.14 27.21 26.85 26.24 26.72 27.00 27.20 26.93 26.62 26.85 27.12 27.25 27.70 26.96 28.03 27.13 26.39 26.38 26.38 27.01 27.92 27.64 27.58 27.37 27.02 26.45 27.27 28.24 28.40 28.16 28.12 28.53 28.53 28.54 28.51 28.49 28.34 28.21 28.04 27.80 27.71 28.09 28.23 28.11 27.94 27.86 27.88 27.80 27.97 28.00 27.89 27.80 27.91 27.87 27.89 27.94 28.04 28.02 28.00 27.96 27.91 27.97 28.05 28.14 28.24 28.01 28.23 28.18 28.17 28.19 28.24 28.34 28.42 28.26 28.19
26.92 26.85 27.22 27.12 26.91 26.36 26.80 26.87 27.19 26.81 26.39 25.95 26.27 27.61 27.62 27.05 27.95 27.65 26.88 26.89 26.98 26.87 25.78 27.51 26.87 26.95 26.63 27.14 28.17 28.31 28.16 27.76 27.81 28.41 28.46 28.50 28.51 28.18 28.32 27.99 27.99 27.86 27.72 28.00 28.20 28.13 27.97 27.90 27.82 27.63 27.84 27.83 27.81 27.66 27.69 27.56 27.86 27.89 27.84 27.79 27.79 27.77 27.74 27.97 28.01 28.09 27.99 28.05 28.06 27.97 28.01 28.04 28.13 28.26 28.24 28.08 27.99
25.67 26.25 27.21 26.97 26.41 25.77 26.67 26.53 27.18 26.91 26.66 26.42 26.80 27.29 27.67 27.76 27.65 27.67 27.47 27.49 27.62 27.28 26.29 26.72 27.31 27.57 27.87 28.09 28.17 28.30 28.08 27.58 27.83 28.31 28.42 28.44 28.46 28.48 28.47 28.10 28.25 28.08 27.90 28.08 28.21 28.08 27.92 27.89 27.77 27.60 27.68 27.65 27.61 27.61 27.64 27.60 27.69 27.72 27.76 27.76 27.74 27.73 27.85 27.94 27.98 27.98 27.89 27.90 27.88 27.97 27.95 27.94 28.03 28.21 28.08 27.93 27.97
25.64 26.43 27.08 27.16 26.64 26.49 27.16 26.74 27.06 26.99 26.51 26.69 26.58 26.68 26.95 27.36 27.37 27.76 27.35 27.53 27.26 27.51 27.46 27.34 27.83 27.76 27.88 27.96 28.10 28.27 28.23 27.70 27.77 28.14 28.36 28.30 28.25 28.25 28.25 28.35 28.38 28.35 28.31 28.25 28.19 27.96 27.82 27.86 27.83 27.74 27.66 27.53 27.39 27.43 27.39 27.39 27.48 27.54 27.60 27.64 27.67 27.69 27.64 27.79 27.87 27.82 27.89 27.78 27.78 27.85 27.94 27.88 27.90 28.09 27.90 27.81 27.77
25.75 27.04 27.04 27.08 26.83 26.16 27.15 27.12 27.01 27.04 26.86 27.02 27.11 27.32 27.16 27.24 27.38 27.24 27.63 27.48 27.57 27.62 27.59 27.72 27.28 27.27 27.71 27.85 27.95 28.19 28.36 28.01 27.95 28.06 28.24 28.31 28.24 28.15 28.00 27.98 28.26 27.96 28.03 28.01 28.00 27.98 27.94 27.86 27.80 27.70 27.58 27.44 27.27 27.24 27.15 27.21 27.26 27.34 27.49 27.50 27.46 27.54 27.64 27.65 27.55 27.29 27.66 27.83 27.68 27.71 27.84 27.93 28.00 27.88 27.77 27.72 27.76
26.53 26.88 26.74 26.76 27.14 27.08 27.31 27.10 26.95 27.09 27.08 27.22 27.36 27.50 27.09 27.33 27.42 26.77 26.93 26.81 25.63 27.11 27.70 27.23 27.10 27.63 27.94 27.82 27.88 28.19 28.29 28.13 27.68 27.96 28.18 28.25 28.02 28.10 27.95 27.99 28.09 27.39 27.65 27.81 27.85 27.61 27.74 27.72 27.67 27.59 27.47 27.35 27.30 27.25 27.10 27.10 27.05 27.13 27.28 27.34 27.39 27.47 27.51 27.60 27.51 27.45 27.61 27.79 27.69 27.63 27.83 27.90 27.71 27.70 27.65 27.62 27.61
27.22 27.18 27.07 27.18 27.35 27.47 27.62 27.64 27.36 27.38 27.27 27.40 27.54 27.61 27.56 27.57 27.62 27.30 27.27 26.90 26.66 27.42 27.51 26.81 27.27 27.83 28.04 27.99 28.14 28.27 28.17 27.96 27.63 28.03 27.92 27.99 28.17 28.15 27.98 27.90 27.79 27.39 27.25 27.55 27.62 27.39 27.53 27.51 27.39 27.45 27.28 27.20 27.24 27.26 27.26 27.20 27.16 27.05 27.08 27.04 27.14 27.31 27.44 27.51 27.57 27.63 27.62 27.73 27.79 27.81 27.76 27.57 27.58 27.44 27.43 27.48 27.54
27.12 27.28 27.38 27.44 27.29 27.47 27.39 27.72 27.83 27.70 27.60 27.64 27.69 27.73 27.69 27.39 27.74 27.66 27.54 27.18 27.43 27.69 27.01 26.43 27.38 27.74 28.05 28.18 28.16 28.17 28.15 27.94 27.74 27.84 27.59 27.67 28.00 28.05 27.90 27.75 27.61 27.49 27.25 27.41 27.35 27.27 27.30 27.40 27.37 27.33 27.21 27.11 27.08 27.08 26.95 27.11 27.17 27.13 27.14 27.13 27.20 27.23 27.10 27.27 27.48 27.45 27.41 27.51 27.59 27.71 27.59 27.44 27.43 27.28 27.33 27.41 27.47
26.93 27.03 27.09 26.95 27.21 27.45 27.58 27.75 27.87 27.88 27.82 27.82 27.81 27.80 27.79 27.73 27.22 27.81 27.59 26.84 27.22 26.36 26.76 26.97 27.36 27.55 28.19 28.16 27.98 28.09 28.04 27.90 27.58 27.61 27.38 27.11 27.26 27.72 27.81 27.53 27.37 27.28 27.24 27.21 27.13 27.09 27.08 27.11 27.07 27.16 27.16 27.00 26.80 26.76 26.79 26.88 26.91 26.98 26.99 27.05 27.08 27.06 27.02 27.07 27.14 27.13 27.00 27.33 27.55 27.46 27.41 27.34 27.32 27.32 27.38 27.42 27.44
27.34 26.78 26.83 27.25 27.43 27.58 27.67 26.76 27.84 27.65 27.71 27.78 27.85 27.78 27.80 27.89 27.95 27.96 27.73 26.93 27.56 27.54 27.39 27.69 27.83 28.17 28.13 28.07 27.94 28.02 27.90 27.78 27.45 27.36 27.24 26.86 26.84 27.22 27.77 27.33 27.11 27.03 27.03 26.92 26.75 26.95 26.89 26.83 26.94 27.00 26.97 26.96 26.73 26.58 26.74 26.72 26.70 26.74 26.77 26.86 26.91 26.90 26.86 26.85 26.85 27.03 27.26 27.40 27.29 27.30 27.18 27.15 27.17 27.24 27.29 27.32 27.37
27.22 26.84 27.14 27.37 27.38 27.29 27.62 27.73 27.60 27.46 27.50 27.65 27.81 27.53 27.66 27.89 27.97 28.00 27.91 27.37 27.55 28.00 27.97 28.11 28.17 28.17 28.11 28.06 27.98 27.95 27.82 27.69 27.39 27.13 26.99 26.90 26.86 26.71 27.53 27.35 27.00 26.79 26.77 26.74 26.69 26.80 26.86 26.61 26.83 26.81 26.67 26.84 26.80 26.59 26.71 26.66 26.63 26.60 26.60 26.68 26.73 26.72 26.72 26.73 26.77 26.97 27.18 27.15 26.98 27.10 27.05 27.04 26.99 27.04 27.13 27.22 27.30
27.16 26.92 27.29 27.31 27.01 27.13 27.38 27.45 27.36 27.10 26.93 27.37 27.39 27.00 27.49 27.83 27.88 27.01 27.71 27.78 27.73 28.09 28.14 28.14 28.10 28.08 28.03 28.01 27.94 27.85 27.85 27.62 27.32 26.94 26.80 26.89 26.96 26.86 27.26 27.17 27.00 26.64 26.62 26.63 26.54 26.62 26.70 26.78 26.73 26.64 26.51 26.65 26.72 26.54 26.64 26.66 26.69 26.56 26.48 26.48 26.54 26.55 26.68 26.67 26.66 26.90 27.09 26.91 26.60 26.84 26.85 26.82 26.83 26.92 27.01 27.10 27.19
26.70 27.15 27.40 27.03 26.86 27.18 27.23 27.04 27.36 26.99 26.64 27.40 27.46 27.29 27.51 27.53 27.86 27.91 27.70 28.13 28.04 28.16 28.15 28.09 28.07 27.96 27.86 27.86 27.76 27.62 27.67 27.54 27.26 26.84 26.75 26.87 26.93 27.01 27.16 26.96 26.62 26.55 26.57 26.55 26.45 26.38 26.46 26.57 26.54 26.53 26.54 26.60 26.60 26.50 26.47 26.51 26.60 26.46 26.45 26.26 26.32 26.44 26.56 26.61 26.69 26.87 26.88 26.72 26.61 26.69 26.68 26.64 26.70 26.85 26.96 27.02 27.07
27.34 27.51 27.39 27.25 27.28 27.37 27.28 27.09 27.55 27.28 27.32 27.65 27.50 27.48 27.30 26.52 27.21 28.11 28.24 28.23 28.21 28.18 28.07 28.04 27.96 27.76 27.67 27.48 27.64 27.48 27.45 27.48 27.18 26.82 26.83 26.86 26.88 26.91 26.98 26.84 26.64 26.56 26.57 26.55 26.55 26.42 26.42 26.41 26.41 26.46 26.42 26.38 26.31 26.42 26.30 26.30 26.34 26.52 26.56 26.20 26.40 26.40 26.47 26.52 26.62 26.76 26.63 26.56 26.56 26.53 26.47 26.48 26.58 26.71 26.83 26.92 26.87
27.59 27.30 27.21 27.25 27.32 27.41 27.47 27.52 27.59 27.18 27.63 27.79 27.72 27.85 27.91 27.51 26.72 28.07 28.21 28.07 28.10 28.07 28.00 27.91 27.24 27.45 27.63 27.53 27.43 27.18 27.14 27.16 27.09 26.95 26.87 26.80 26.71 26.70 26.76 26.68 26.54 26.57 26.57 26.51 26.53 26.40 26.37 26.40 26.37 26.30 26.16 26.21 26.23 26.20 26.25 26.20 26.29 26.42 26.47 26.31 26.27 26.16 26.27 26.39 26.50 26.67 26.62 26.46 26.52 26.41 26.40 26.43 26.68 26.71 26.78 26.73 26.70
27.49 26.94 26.95 27.09 27.15 27.06 27.44 27.65 27.71 27.71 27.48 27.80 27.84 27.97 27.95 28.09 28.19 28.05 28.05 27.49 27.87 27.87 27.96 27.56 27.37 27.48 27.40 27.33 27.01 26.70 26.78 26.73 27.01 26.94 26.85 26.73 26.64 26.58 26.64 26.48 26.44 26.55 26.61 26.62 26.53 26.38 26.35 26.38 26.34 26.19 26.05 26.13 26.17 26.22 26.30 26.30 26.31 26.41 26.35 26.44 26.41 25.96 26.20 26.32 26.38 26.64 26.32 26.43 26.43 26.38 26.49 26.59 26.50 26.54 26.65 26.54 26.48
27.39 27.12 27.05 27.08 26.89 26.81 27.50 27.49 27.42 27.70 27.76 27.85 27.92 27.77 27.62 27.26 28.15 26.72 27.86 27.61 27.42 27.63 27.78 26.99 27.62 27.45 27.30 27.14 26.77 26.57 26.67 26.61 26.92 26.82 26.78 26.65 26.53 26.57 26.57 26.24 26.26 26.43 26.53 26.56 26.50 26.43 26.35 26.24 26.22 26.10 25.94 25.86 25.86 26.07 25.77 26.14 26.09 26.27 26.31 26.33 26.45 26.27 26.41 26.43 26.56 26.50 26.42 26.41 26.43 26.47 26.55 26.53 26.49 26.48 26.54 26.50 26.52
27.43 27.20 27.14 26.91 26.97 27.11 27.40 27.24 27.46 27.56 27.34 27.45 27.47 27.26 27.29 27.26 28.08 27.63 27.67 27.77 27.46 27.44 27.51 27.57 27.49 27.27 27.02 27.06 26.81 26.71 26.74 26.78 26.86 26.77 26.71 26.65 26.63 26.64 26.64 26.48 26.46 26.41 26.48 26.51 26.41 26.28 26.16 26.21 26.15 26.04 25.87 25.77 25.70 25.93 25.93 25.91 25.96 26.16 26.32 26.38 26.46 26.48 26.47 26.55 26.55 26.29 26.27 26.38 26.28 26.45 26.46 26.44 26.47 26.42 26.41 26.37 26.49
27.34 27.23 27.19 26.81 26.93 27.09 27.18 26.69 27.32 27.31 26.91 26.45 26.14 26.87 27.46 27.64 27.92 27.56 27.48 27.64 27.52 27.31 27.23 27.35 27.32 27.15 26.99 26.95 26.85 26.81 26.82 26.82 26.75 26.66 26.58 26.60 26.63 26.62 26.61 26.54 26.40 26.38 26.34 26.45 26.24 26.09 26.02 25.97 26.09 26.02 25.89 25.76 25.69 25.75 25.83 25.65 25.83 26.06 26.14 26.21 26.31 26.36 26.28 26.21 26.44 26.06 26.21 26.33 26.32 26.39 26.41 26.42 26.42 26.41 26.39 26.35 26.41
27.31 27.26 27.21 27.03 27.01 27.05 27.06 27.22 27.28 27.15 26.89 26.80 27.19 27.12 27.28 27.65 27.92 27.51 27.43 27.53 27.46 27.17 26.92 27.12 27.15 27.06 26.93 26.86 26.79 26.84 26.80 26.71 26.70 26.54 26.44 26.49 26.56 26.59 26.57 26.52 26.46 26.42 26.45 26.28 26.04 25.92 26.05 25.93 26.01 25.94 25.87 25.75 25.67 25.65 25.74 25.81 25.85 25.91 25.92 25.92 26.04 26.13 26.14 26.21 26.34 26.23 26.25 26.32 26.33 26.35 26.38 26.39 26.36 26.35 26.36 26.33 26.32
27.32 27.29 27.20 26.86 26.98 27.00 27.07 27.14 27.14 27.08 27.06 27.19 27.42 27.44 27.51 27.72 27.85 27.53 27.35 27.39 27.27 27.09 26.96 27.02 27.06 27.02 26.94 26.90 26.83 26.74 26.65 26.61 26.57 26.44 26.34 26.43 26.50 26.53 26.53 26.51 26.46 26.44 26.33 26.22 26.12 26.08 26.08 26.01 25.95 25.86 25.78 25.64 25.59 25.62 25.64 25.74 25.82 25.85 25.93 25.64 25.80 25.94 25.99 26.19 26.13 26.15 26.21 26.27 26.30 26.32 26.34 26.35 26.33 26.31 26.30 26.28 26.27
27.35 27.20 26.85 26.17 26.63 26.92 27.10 27.10 27.00 26.98 27.12 27.31 27.45 27.53 27.66 27.74 27.75 27.51 27.36 27.27 27.10 27.02 26.97 26.97 26.95 26.93 26.87 26.81 26.63 26.60 26.54 26.51 26.45 26.38 26.39 26.42 26.45 26.41 26.47 26.46 26.44 26.33 26.24 26.17 26.22 26.18 26.16 26.05 25.94 25.76 25.59 25.55 25.53 25.49 25.53 25.65 25.73 25.74 25.83 25.94 25.81 25.91 26.02 26.00 25.97 26.01 26.08 26.17 26.23 26.27 26.30 26.30 26.27 26.25 26.23 26.24 26.25
27.31 27.22 27.12 26.26 26.69 26.95 27.11 27.12 26.98 26.69 27.16 27.40 27.50 27.58 27.65 27.53 27.52 27.37 27.30 27.19 27.08 27.01 26.98 26.94 26.85 26.78 26.71 26.66 26.61 26.58 26.55 26.46 26.42 26.32 26.10 26.31 26.34 26.29 26.32 26.38 26.39 26.29 26.14 25.98 26.06 26.14 26.14 26.07 25.96 25.76 25.53 25.46 25.43 25.45 25.51 25.59 25.70 25.74 25.78 25.88 25.96 25.93 25.89 25.89 25.98 26.02 25.99 26.05 26.13 26.19 26.24 26.23 26.21 26.22 26.21 26.21 26.22
27.26 27.16 27.04 26.86 27.02 26.97 27.02 27.08 27.21 27.08 27.31 27.46 27.57 27.60 26.87 27.11 27.33 27.07 26.94 27.05 27.02 26.99 26.97 26.92 26.75 26.66 26.57 26.58 26.57 26.58 26.55 26.18 26.39 26.45 26.43 26.39 26.36 26.26 26.18 26.29 26.35 26.27 26.12 25.84 25.91 26.07 26.03 25.96 25.87 25.78 25.57 25.42 25.34 25.40 25.43 25.50 25.63 25.71 25.79 25.85 25.98 25.99 25.96 26.01 26.06 26.08 26.01 26.01 26.09 26.16 26.21 26.17 26.16 26.16 26.17 26.18 26.18
27.28 27.16 27.03 26.97 27.04 26.97 26.56 27.01 27.09 27.26 27.43 27.51 27.54 27.38 26.84 26.88 26.97 26.92 26.93 26.99 26.97 26.97 26.95 26.86 26.72 26.61 26.53 26.52 26.52 26.57 26.53 26.17 26.48 26.50 26.46 26.44 26.38 26.28 26.24 26.27 26.31 26.25 26.11 25.90 25.80 25.83 25.83 25.76 25.71 25.67 25.54 25.37 25.25 25.29 25.33 25.41 25.54 25.62 25.68 25.77 25.89 25.95 26.01 26.07 26.08 26.11 26.09 26.07 26.09 26.12 26.15 26.14 26.14 26.12 26.13 26.15 26.14
27.21 27.15 27.06 26.91 27.00 27.09 27.04 27.05 27.07 27.18 27.36 26.96 27.47 27.31 26.90 26.86 26.86 26.91 26.99 26.97 26.93 26.94 26.90 26.79 26.64 26.55 26.52 26.53 26.54 26.56 26.58 26.47 26.51 26.48 26.46 26.44 26.37 26.32 26.33 26.29 26.28 26.21 26.09 25.96 25.87 25.85 25.81 25.73 25.73 25.61 25.51 25.34 25.21 25.19 25.33 25.40 25.47 25.55 25.63 25.72 25.83 25.81 25.91 26.01 26.08 26.11 26.11 26.09 26.08 26.09 26.10 26.11 26.13 26.11 26.11 26.10 26.09
27.13 27.01 26.92 26.85 26.92 27.01 27.12 27.17 27.20 27.21 27.28 27.34 27.38 27.28 27.12 26.99 26.90 26.93 26.95 26.94 26.90 26.91 26.86 26.74 26.60 26.51 26.56 26.58 26.60 26.60 26.57 26.53 26.52 26.46 26.41 26.39 26.33 26.28 26.30 26.28 26.25 26.17 26.10 26.05 25.99 25.95 25.89 25.82 25.72 25.49 25.36 25.31 25.25 25.24 25.33 25.42 25.47 25.54 25.60 25.68 25.76 25.69 25.81 25.94 26.01 26.03 26.05 26.05 26.05 26.05 26.05 26.05 26.08 26.08 26.07 26.03 25.98
27.11 26.96 26.89 26.78 26.68 26.84 26.95 27.03 27.11 27.24 27.28 27.29 27.15 27.23 27.20 27.05 26.94 26.94 26.94 26.92 26.86 26.85 26.84 26.74 26.67 26.61 26.64 26.62 26.62 26.57 26.50 26.49 26.40 26.43 26.34 26.34 26.31 26.26 26.26 26.25 26.21 26.18 26.15 26.09 26.04 25.99 25.93 25.85 25.70 25.34 25.34 25.33 25.31 25.27 25.31 25.42 25.44 25.49 25.56 25.60 25.63 25.63 25.76 25.83 25.89 25.95 26.00 25.99 25.99 26.00 25.99 26.00 26.01 26.04 26.03 25.97 25.86
