main/data/pressure/28.05.2023.grid
ncols 886
nrows 691
xllcenter 112.0000
yllcenter -44.5000
cellsize 0.0500
nodata_value 99999.90
[rows 37 to 73 of 691, columns 84 to 167 of 886]
25.79 25.77 25.77 25.75 25.74 25.73 25.72 25.71 25.70 25.68 25.67 25.65 25.64 25.64 25.62 25.61 25.58 25.57 25.56 25.54 25.53 25.50 25.49 25.47 25.45 25.43 25.41 25.39 25.37 25.35 25.32 25.30 25.27 25.24 25.22 25.19 25.17 25.13 25.10 25.07 25.04 24.99 24.96 24.93 24.89 24.85 24.80 24.76 24.71 24.67 24.62 24.56 24.51 24.46 24.41 24.35 24.29 24.22 24.16 24.09 24.02 23.95 23.88 23.79 23.71 23.63 23.55 23.46 23.37 23.27 23.17 23.07 22.96 22.86 22.75 22.62 22.50 22.38 22.25 22.12 21.98 21.84 21.69 21.54
25.73 25.71 25.71 25.69 25.69 25.67 25.66 25.64 25.64 25.62 25.61 25.59 25.58 25.57 25.55 25.54 25.52 25.51 25.49 25.47 25.46 25.44 25.42 25.40 25.38 25.36 25.33 25.31 25.30 25.26 25.24 25.22 25.20 25.16 25.14 25.11 25.07 25.05 25.02 24.98 24.94 24.91 24.87 24.83 24.80 24.75 24.70 24.66 24.62 24.56 24.51 24.46 24.41 24.35 24.30 24.23 24.16 24.10 24.04 23.97 23.90 23.81 23.74 23.66 23.58 23.49 23.40 23.30 23.21 23.11 23.01 22.91 22.80 22.69 22.56 22.44 22.32 22.19 22.06 21.91 21.77 21.63 21.48 21.33
25.67 25.66 25.64 25.63 25.62 25.61 25.59 25.58 25.58 25.56 25.55 25.53 25.52 25.50 25.49 25.47 25.46 25.44 25.42 25.41 25.38 25.37 25.35 25.33 25.31 25.29 25.26 25.24 25.21 25.19 25.17 25.13 25.11 25.08 25.06 25.02 24.99 24.96 24.93 24.89 24.85 24.82 24.78 24.73 24.69 24.65 24.61 24.55 24.50 24.46 24.40 24.35 24.30 24.23 24.17 24.11 24.05 23.98 23.91 23.83 23.76 23.68 23.60 23.52 23.43 23.34 23.24 23.15 23.05 22.95 22.85 22.74 22.62 22.50 22.38 22.26 22.13 22.00 21.85 21.71 21.57 21.42 21.26 21.09
25.61 25.60 25.59 25.57 25.56 25.55 25.53 25.52 25.50 25.50 25.49 25.47 25.46 25.44 25.42 25.40 25.39 25.37 25.35 25.34 25.31 25.30 25.27 25.26 25.24 25.21 25.19 25.17 25.14 25.11 25.09 25.06 25.03 25.00 24.97 24.94 24.91 24.88 24.83 24.80 24.76 24.72 24.68 24.64 24.60 24.55 24.50 24.45 24.40 24.35 24.30 24.23 24.17 24.12 24.05 23.99 23.92 23.85 23.77 23.70 23.62 23.54 23.46 23.38 23.28 23.19 23.09 22.99 22.89 22.79 22.67 22.56 22.44 22.32 22.20 22.07 21.93 21.79 21.65 21.51 21.36 21.20 21.03 20.87
25.55 25.54 25.52 25.51 25.49 25.49 25.47 25.46 25.44 25.43 25.41 25.40 25.38 25.37 25.36 25.34 25.32 25.30 25.29 25.26 25.24 25.23 25.20 25.18 25.15 25.14 25.11 25.08 25.06 25.04 25.00 24.98 24.95 24.91 24.88 24.85 24.81 24.78 24.75 24.71 24.66 24.62 24.58 24.54 24.49 24.44 24.40 24.35 24.30 24.23 24.18 24.12 24.06 24.00 23.92 23.86 23.79 23.72 23.64 23.57 23.49 23.39 23.31 23.22 23.13 23.03 22.94 22.84 22.73 22.61 22.50 22.38 22.26 22.14 22.01 21.87 21.73 21.59 21.44 21.29 21.14 20.97 20.80 20.64
25.48 25.48 25.46 25.45 25.43 25.43 25.41 25.40 25.38 25.37 25.35 25.34 25.32 25.30 25.28 25.27 25.25 25.23 25.21 25.19 25.17 25.15 25.13 25.10 25.08 25.06 25.03 25.01 24.98 24.95 24.92 24.90 24.86 24.83 24.80 24.76 24.73 24.69 24.66 24.61 24.57 24.53 24.49 24.43 24.39 24.34 24.29 24.23 24.18 24.12 24.06 24.01 23.93 23.87 23.80 23.73 23.66 23.59 23.50 23.42 23.34 23.25 23.16 23.07 22.98 22.88 22.77 22.66 22.55 22.44 22.32 22.20 22.08 21.94 21.81 21.67 21.53 21.38 21.23 21.07 20.91 20.74 20.57 20.40
25.42 25.41 25.40 25.39 25.37 25.36 25.34 25.33 25.31 25.30 25.28 25.26 25.25 25.24 25.22 25.20 25.18 25.16 25.14 25.12 25.09 25.08 25.05 25.03 25.01 24.98 24.95 24.93 24.89 24.87 24.84 24.80 24.78 24.75 24.70 24.67 24.64 24.59 24.55 24.51 24.47 24.42 24.38 24.33 24.29 24.23 24.18 24.12 24.07 24.01 23.95 23.88 23.81 23.75 23.68 23.61 23.53 23.44 23.36 23.28 23.20 23.11 23.01 22.92 22.81 22.71 22.60 22.49 22.38 22.26 22.14 22.01 21.88 21.75 21.61 21.47 21.32 21.17 21.01 20.84 20.68 20.51 20.33 20.14
25.36 25.35 25.33 25.33 25.31 25.29 25.28 25.26 25.25 25.23 25.22 25.20 25.18 25.16 25.15 25.12 25.11 25.08 25.07 25.05 25.02 25.00 24.97 24.95 24.92 24.90 24.87 24.84 24.81 24.79 24.75 24.72 24.69 24.65 24.62 24.58 24.54 24.50 24.46 24.42 24.37 24.32 24.28 24.23 24.17 24.12 24.07 24.01 23.94 23.88 23.82 23.76 23.69 23.61 23.54 23.46 23.39 23.31 23.22 23.14 23.05 22.95 22.85 22.75 22.65 22.54 22.43 22.32 22.20 22.07 21.95 21.82 21.69 21.55 21.41 21.26 21.10 20.94 20.78 20.62 20.45 20.27 20.08 19.89
25.30 25.29 25.27 25.25 25.24 25.22 25.21 25.19 25.18 25.16 25.14 25.13 25.11 25.09 25.07 25.05 25.04 25.01 24.99 24.97 24.95 24.92 24.90 24.88 24.84 24.82 24.79 24.76 24.73 24.70 24.67 24.64 24.59 24.56 24.52 24.48 24.44 24.41 24.35 24.31 24.27 24.22 24.17 24.12 24.06 24.01 23.95 23.89 23.83 23.77 23.70 23.62 23.55 23.48 23.41 23.33 23.25 23.17 23.07 22.98 22.89 22.79 22.69 22.59 22.49 22.38 22.25 22.14 22.01 21.89 21.76 21.63 21.49 21.34 21.19 21.04 20.88 20.72 20.55 20.38 20.20 20.01 19.83 19.63
25.23 25.22 25.21 25.19 25.18 25.16 25.14 25.13 25.11 25.10 25.07 25.06 25.04 25.02 25.00 24.98 24.96 24.94 24.91 24.89 24.86 24.84 24.82 24.79 24.76 24.73 24.70 24.68 24.64 24.61 24.58 24.54 24.51 24.46 24.43 24.39 24.34 24.30 24.26 24.21 24.16 24.11 24.06 24.01 23.95 23.89 23.83 23.77 23.71 23.64 23.57 23.50 23.43 23.35 23.27 23.18 23.10 23.01 22.92 22.83 22.74 22.64 22.52 22.42 22.31 22.19 22.08 21.95 21.83 21.70 21.57 21.42 21.27 21.13 20.98 20.82 20.66 20.49 20.32 20.13 19.95 19.76 19.57 19.37
25.17 25.15 25.14 25.12 25.10 25.09 25.07 25.06 25.04 25.03 25.00 24.98 24.97 24.95 24.93 24.91 24.88 24.86 24.84 24.82 24.79 24.77 24.73 24.71 24.67 24.65 24.62 24.58 24.56 24.52 24.48 24.45 24.41 24.37 24.33 24.28 24.24 24.20 24.16 24.10 24.05 24.01 23.94 23.89 23.83 23.78 23.71 23.64 23.58 23.51 23.44 23.37 23.28 23.21 23.13 23.04 22.96 22.87 22.76 22.67 22.57 22.46 22.36 22.25 22.13 22.02 21.89 21.76 21.63 21.50 21.36 21.21 21.07 20.91 20.76 20.59 20.42 20.25 20.07 19.89 19.70 19.50 19.30 19.09
25.11 25.09 25.07 25.06 25.04 25.03 25.01 24.99 24.97 24.95 24.93 24.91 24.90 24.87 24.85 24.83 24.81 24.78 24.76 24.73 24.71 24.68 24.65 24.62 24.59 24.57 24.53 24.50 24.46 24.43 24.40 24.35 24.32 24.28 24.23 24.19 24.15 24.09 24.05 24.00 23.95 23.89 23.83 23.78 23.71 23.65 23.59 23.52 23.46 23.38 23.30 23.23 23.15 23.07 22.99 22.89 22.80 22.71 22.61 22.51 22.41 22.30 22.18 22.07 21.95 21.83 21.70 21.57 21.44 21.30 21.15 21.00 20.84 20.68 20.52 20.35 20.18 20.00 19.82 19.63 19.44 19.23 19.02 18.81
25.04 25.02 25.00 24.99 24.97 24.95 24.94 24.91 24.90 24.88 24.86 24.84 24.81 24.80 24.77 24.75 24.72 24.70 24.67 24.65 24.62 24.60 24.56 24.54 24.51 24.47 24.44 24.40 24.37 24.34 24.29 24.26 24.21 24.17 24.13 24.08 24.04 23.99 23.94 23.88 23.83 23.78 23.71 23.65 23.59 23.53 23.46 23.39 23.32 23.25 23.17 23.09 23.00 22.92 22.83 22.74 22.65 22.55 22.45 22.34 22.23 22.12 22.01 21.89 21.77 21.64 21.51 21.37 21.24 21.08 20.93 20.78 20.62 20.46 20.29 20.12 19.94 19.76 19.57 19.36 19.16 18.96 18.74 18.53
24.96 24.95 24.93 24.91 24.90 24.88 24.87 24.84 24.82 24.81 24.78 24.77 24.74 24.72 24.70 24.68 24.65 24.62 24.60 24.57 24.54 24.51 24.48 24.45 24.42 24.39 24.35 24.32 24.27 24.24 24.20 24.16 24.12 24.08 24.02 23.98 23.93 23.88 23.83 23.77 23.71 23.66 23.60 23.54 23.46 23.40 23.33 23.26 23.19 23.10 23.03 22.95 22.86 22.77 22.68 22.58 22.48 22.38 22.28 22.17 22.06 21.95 21.83 21.70 21.57 21.44 21.30 21.17 21.02 20.87 20.72 20.56 20.40 20.23 20.05 19.87 19.68 19.49 19.30 19.10 18.89 18.68 18.46 18.23
24.90 24.89 24.87 24.84 24.83 24.81 24.79 24.77 24.75 24.73 24.71 24.68 24.67 24.64 24.62 24.59 24.57 24.54 24.52 24.48 24.46 24.42 24.40 24.36 24.33 24.29 24.26 24.23 24.18 24.15 24.10 24.06 24.01 23.97 23.92 23.88 23.82 23.77 23.71 23.65 23.60 23.54 23.47 23.41 23.34 23.28 23.20 23.12 23.05 22.97 22.89 22.80 22.71 22.62 22.52 22.43 22.33 22.22 22.11 21.99 21.88 21.76 21.64 21.51 21.38 21.24 21.10 20.96 20.81 20.65 20.49 20.33 20.16 19.98 19.80 19.62 19.43 19.23 19.03 18.83 18.61 18.38 18.16 17.92
24.83 24.81 24.80 24.77 24.75 24.74 24.72 24.69 24.68 24.65 24.63 24.61 24.59 24.56 24.53 24.51 24.48 24.46 24.42 24.40 24.37 24.34 24.30 24.27 24.23 24.20 24.16 24.12 24.09 24.04 24.00 23.95 23.91 23.87 23.81 23.76 23.71 23.65 23.60 23.54 23.47 23.41 23.35 23.29 23.21 23.14 23.07 22.99 22.90 22.82 22.74 22.65 22.56 22.46 22.37 22.26 22.15 22.05 21.93 21.82 21.70 21.58 21.45 21.32 21.17 21.03 20.89 20.74 20.59 20.43 20.26 20.09 19.92 19.74 19.56 19.37 19.17 18.96 18.75 18.54 18.32 18.09 17.86 17.62
24.76 24.74 24.71 24.70 24.68 24.66 24.64 24.62 24.59 24.58 24.55 24.53 24.50 24.47 24.45 24.42 24.40 24.37 24.34 24.31 24.28 24.24 24.21 24.17 24.14 24.10 24.07 24.02 23.98 23.94 23.89 23.85 23.80 23.75 23.70 23.64 23.59 23.54 23.47 23.42 23.36 23.29 23.22 23.15 23.08 23.01 22.92 22.84 22.76 22.68 22.59 22.49 22.40 22.30 22.20 22.09 21.99 21.88 21.75 21.63 21.51 21.38 21.25 21.11 20.97 20.83 20.68 20.53 20.37 20.20 20.02 19.85 19.67 19.48 19.29 19.10 18.89 18.69 18.47 18.25 18.02 17.79 17.55 17.33
24.68 24.67 24.64 24.62 24.61 24.58 24.57 24.54 24.52 24.50 24.47 24.44 24.42 24.39 24.37 24.34 24.31 24.28 24.25 24.22 24.18 24.15 24.11 24.08 24.04 24.01 23.96 23.92 23.89 23.83 23.79 23.74 23.69 23.65 23.59 23.53 23.47 23.42 23.36 23.30 23.23 23.16 23.09 23.02 22.94 22.86 22.79 22.70 22.61 22.52 22.43 22.34 22.24 22.14 22.03 21.92 21.81 21.69 21.57 21.45 21.32 21.18 21.04 20.90 20.76 20.61 20.45 20.29 20.13 19.96 19.79 19.61 19.42 19.23 19.03 18.83 18.62 18.41 18.18 17.95 17.71 17.48 17.27 17.15
24.61 24.59 24.57 24.55 24.52 24.51 24.48 24.46 24.44 24.41 24.39 24.36 24.33 24.31 24.28 24.26 24.22 24.19 24.16 24.12 24.10 24.06 24.02 23.98 23.95 23.90 23.86 23.82 23.78 23.73 23.68 23.63 23.58 23.53 23.48 23.41 23.36 23.30 23.23 23.17 23.10 23.02 22.95 22.88 22.81 22.72 22.64 22.55 22.46 22.36 22.27 22.17 22.07 21.97 21.86 21.75 21.62 21.50 21.38 21.25 21.12 20.98 20.84 20.70 20.55 20.39 20.23 20.07 19.89 19.71 19.53 19.35 19.16 18.96 18.75 18.55 18.33 18.11 17.88 17.65 17.41 17.21 17.12 17.08
24.53 24.51 24.50 24.47 24.45 24.43 24.40 24.38 24.36 24.33 24.30 24.28 24.25 24.22 24.20 24.16 24.14 24.10 24.06 24.03 23.99 23.96 23.92 23.89 23.84 23.80 23.76 23.72 23.66 23.62 23.57 23.52 23.47 23.41 23.35 23.30 23.23 23.17 23.11 23.03 22.97 22.89 22.82 22.74 22.66 22.58 22.49 22.40 22.30 22.21 22.11 22.00 21.90 21.79 21.68 21.56 21.44 21.32 21.19 21.05 20.91 20.77 20.63 20.48 20.32 20.16 20.00 19.83 19.65 19.47 19.28 19.09 18.89 18.69 18.48 18.27 18.04 17.82 17.58 17.35 17.15 17.07 17.04 17.03
24.46 24.43 24.41 24.39 24.37 24.34 24.32 24.30 24.27 24.25 24.22 24.19 24.17 24.13 24.10 24.08 24.04 24.00 23.97 23.93 23.90 23.86 23.83 23.78 23.74 23.70 23.66 23.60 23.56 23.50 23.46 23.41 23.35 23.29 23.23 23.17 23.11 23.04 22.97 22.91 22.83 22.75 22.68 22.60 22.51 22.42 22.34 22.25 22.14 22.04 21.94 21.84 21.73 21.61 21.49 21.37 21.25 21.12 20.99 20.85 20.71 20.57 20.42 20.26 20.09 19.93 19.75 19.58 19.40 19.21 19.02 18.82 18.62 18.41 18.19 17.97 17.74 17.51 17.28 17.10 17.04 17.02 17.00 16.98
24.38 24.36 24.33 24.31 24.29 24.26 24.24 24.21 24.19 24.16 24.13 24.10 24.07 24.05 24.01 23.98 23.95 23.91 23.87 23.84 23.80 23.76 23.72 23.68 23.63 23.59 23.54 23.50 23.44 23.40 23.34 23.29 23.23 23.17 23.11 23.04 22.98 22.91 22.84 22.77 22.69 22.61 22.53 22.45 22.36 22.27 22.18 22.08 21.98 21.88 21.77 21.66 21.55 21.43 21.31 21.19 21.05 20.92 20.78 20.64 20.50 20.34 20.19 20.03 19.86 19.69 19.52 19.34 19.15 18.96 18.76 18.55 18.34 18.13 17.90 17.68 17.44 17.22 17.07 17.01 16.99 16.97 16.96 16.94
24.29 24.27 24.25 24.23 24.20 24.18 24.15 24.12 24.09 24.07 24.04 24.01 23.98 23.95 23.91 23.89 23.85 23.82 23.78 23.73 23.70 23.66 23.62 23.57 23.53 23.48 23.44 23.38 23.33 23.28 23.22 23.16 23.11 23.05 22.98 22.92 22.84 22.77 22.70 22.62 22.55 22.47 22.38 22.29 22.21 22.12 22.01 21.91 21.81 21.71 21.60 21.48 21.36 21.24 21.12 20.99 20.86 20.72 20.57 20.42 20.27 20.12 19.96 19.79 19.62 19.45 19.26 19.08 18.88 18.68 18.48 18.27 18.05 17.83 17.60 17.37 17.16 17.02 16.97 16.95 16.94 16.92 16.91 16.89
24.21 24.19 24.16 24.14 24.12 24.09 24.06 24.04 24.01 23.98 23.95 23.92 23.89 23.86 23.82 23.78 23.75 23.71 23.67 23.64 23.59 23.56 23.51 23.46 23.42 23.36 23.32 23.26 23.21 23.16 23.10 23.04 22.98 22.92 22.84 22.78 22.71 22.63 22.56 22.49 22.40 22.32 22.23 22.14 22.04 21.95 21.85 21.74 21.64 21.53 21.42 21.30 21.17 21.05 20.92 20.79 20.65 20.51 20.36 20.21 20.06 19.90 19.73 19.55 19.38 19.19 19.00 18.81 18.61 18.41 18.20 17.98 17.76 17.54 17.30 17.09 16.99 16.93 16.93 16.91 16.89 16.88 16.86 16.84
24.13 24.11 24.08 24.05 24.02 24.00 23.97 23.94 23.91 23.89 23.85 23.82 23.79 23.76 23.72 23.69 23.65 23.61 23.57 23.53 23.49 23.44 23.39 23.35 23.30 23.25 23.20 23.15 23.09 23.04 22.97 22.91 22.84 22.78 22.72 22.64 22.57 22.49 22.41 22.34 22.24 22.16 22.07 21.98 21.88 21.78 21.68 21.58 21.46 21.35 21.23 21.11 20.99 20.86 20.73 20.58 20.44 20.29 20.14 19.99 19.82 19.66 19.49 19.31 19.13 18.94 18.75 18.55 18.34 18.13 17.92 17.69 17.46 17.23 17.03 16.94 16.90 16.89 16.87 16.86 16.84 16.82 16.81 16.79
24.04 24.01 23.99 23.97 23.94 23.91 23.89 23.85 23.82 23.79 23.76 23.73 23.69 23.65 23.62 23.58 23.55 23.51 23.46 23.43 23.38 23.33 23.29 23.23 23.19 23.13 23.08 23.02 22.97 22.91 22.85 22.78 22.72 22.64 22.58 22.51 22.43 22.35 22.26 22.18 22.10 22.00 21.91 21.82 21.72 21.61 21.51 21.40 21.29 21.16 21.04 20.92 20.79 20.66 20.52 20.38 20.22 20.07 19.91 19.75 19.59 19.42 19.24 19.06 18.87 18.68 18.48 18.27 18.06 17.84 17.62 17.39 17.16 16.97 16.89 16.87 16.85 16.84 16.82 16.80 16.79 16.78 16.76 16.75
23.95 23.93 23.90 23.88 23.85 23.82 23.79 23.75 23.73 23.69 23.66 23.62 23.59 23.55 23.51 23.48 23.44 23.39 23.36 23.31 23.26 23.22 23.17 23.12 23.07 23.01 22.96 22.91 22.84 22.77 22.71 22.64 22.58 22.51 22.43 22.36 22.28 22.20 22.12 22.02 21.94 21.85 21.74 21.65 21.55 21.44 21.33 21.21 21.10 20.98 20.84 20.72 20.58 20.45 20.31 20.16 20.01 19.84 19.68 19.52 19.34 19.17 18.98 18.80 18.60 18.40 18.20 17.99 17.77 17.54 17.31 17.09 16.91 16.86 16.83 16.82 16.81 16.79 16.78 16.76 16.74 16.73 16.71 16.69
23.87 23.84 23.81 23.78 23.75 23.73 23.69 23.66 23.63 23.59 23.56 23.53 23.49 23.45 23.41 23.37 23.33 23.29 23.24 23.19 23.15 23.10 23.06 23.00 22.94 22.89 22.83 22.77 22.71 22.65 22.58 22.51 22.44 22.37 22.29 22.21 22.13 22.04 21.96 21.86 21.77 21.68 21.57 21.47 21.37 21.26 21.14 21.03 20.91 20.78 20.65 20.51 20.38 20.23 20.09 19.94 19.78 19.62 19.45 19.28 19.10 18.92 18.72 18.53 18.33 18.13 17.91 17.70 17.48 17.25 17.03 16.88 16.82 16.80 16.78 16.77 16.75 16.74 16.72 16.71 16.69 16.67 16.66 16.65
23.77 23.74 23.71 23.69 23.66 23.62 23.59 23.57 23.53 23.49 23.45 23.42 23.39 23.34 23.30 23.26 23.22 23.17 23.12 23.08 23.03 22.99 22.93 22.87 22.82 22.76 22.71 22.64 22.57 22.51 22.45 22.37 22.30 22.22 22.15 22.06 21.98 21.88 21.80 21.71 21.61 21.51 21.41 21.30 21.19 21.08 20.96 20.83 20.71 20.58 20.45 20.30 20.16 20.02 19.86 19.71 19.55 19.38 19.21 19.03 18.85 18.66 18.47 18.27 18.06 17.85 17.63 17.41 17.18 16.97 16.83 16.78 16.76 16.75 16.73 16.72 16.70 16.68 16.67 16.66 16.64 16.63 16.61 16.59
23.68 23.65 23.62 23.58 23.55 23.53 23.49 23.46 23.42 23.38 23.35 23.31 23.27 23.23 23.19 23.15 23.10 23.05 23.01 22.96 22.92 22.86 22.80 22.75 22.69 22.63 22.57 22.50 22.44 22.37 22.30 22.22 22.15 22.07 21.99 21.90 21.82 21.73 21.63 21.54 21.43 21.33 21.23 21.11 21.00 20.89 20.77 20.63 20.51 20.38 20.24 20.10 19.95 19.79 19.64 19.47 19.31 19.14 18.96 18.78 18.59 18.40 18.20 17.99 17.78 17.56 17.33 17.11 16.90 16.78 16.74 16.72 16.71 16.69 16.68 16.67 16.66 16.64 16.62 16.61 16.59 16.57 16.55 16.53
23.57 23.55 23.52 23.49 23.45 23.42 23.38 23.36 23.32 23.28 23.24 23.20 23.17 23.12 23.08 23.03 22.99 22.94 22.89 22.83 22.79 22.73 22.67 22.62 22.56 22.50 22.43 22.36 22.30 22.22 22.15 22.07 22.00 21.91 21.83 21.74 21.65 21.57 21.46 21.37 21.26 21.15 21.05 20.94 20.81 20.69 20.57 20.44 20.30 20.16 20.02 19.88 19.73 19.56 19.40 19.23 19.06 18.89 18.70 18.52 18.32 18.12 17.92 17.70 17.49 17.26 17.03 16.84 16.73 16.70 16.68 16.67 16.65 16.64 16.63 16.62 16.60 16.59 16.57 16.55 16.53 16.51 16.50 16.48
23.48 23.45 23.41 23.38 23.34 23.32 23.28 23.24 23.21 23.16 23.12 23.09 23.05 23.00 22.95 22.92 22.87 22.81 22.76 22.71 22.66 22.60 22.55 22.48 22.42 22.36 22.29 22.23 22.15 22.08 22.00 21.93 21.84 21.76 21.67 21.59 21.49 21.39 21.29 21.19 21.09 20.97 20.86 20.75 20.62 20.49 20.37 20.23 20.09 19.95 19.80 19.65 19.50 19.33 19.16 18.99 18.81 18.63 18.44 18.25 18.05 17.84 17.63 17.41 17.19 16.96 16.77 16.69 16.66 16.64 16.63 16.61 16.61 16.59 16.58 16.56 16.55 16.53 16.51 16.49 16.49 16.47 16.45 16.43
23.38 23.35 23.31 23.28 23.24 23.20 23.17 23.13 23.10 23.06 23.01 22.97 22.92 22.89 22.84 22.79 22.74 22.68 22.64 22.58 22.52 22.47 22.41 22.34 22.28 22.21 22.14 22.08 22.00 21.93 21.85 21.77 21.68 21.60 21.50 21.42 21.31 21.22 21.11 21.01 20.90 20.78 20.67 20.55 20.42 20.29 20.16 20.01 19.87 19.73 19.58 19.42 19.26 19.09 18.92 18.74 18.56 18.37 18.17 17.98 17.77 17.56 17.34 17.11 16.89 16.71 16.64 16.62 16.60 16.59 16.58 16.56 16.56 16.54 16.52 16.51 16.49 16.47 16.47 16.45 16.43 16.41 16.39 16.38
23.27 23.23 23.20 23.16 23.14 23.10 23.06 23.02 22.98 22.94 22.89 22.86 22.81 22.76 22.71 22.66 22.61 22.56 22.50 22.45 22.39 22.33 22.27 22.21 22.14 22.07 22.00 21.92 21.84 21.77 21.69 21.61 21.52 21.43 21.33 21.24 21.14 21.04 20.93 20.82 20.71 20.59 20.47 20.35 20.21 20.08 19.95 19.80 19.65 19.50 19.35 19.19 19.01 18.84 18.66 18.48 18.29 18.10 17.90 17.70 17.48 17.26 17.04 16.82 16.66 16.59 16.58 16.56 16.55 16.54 16.52 16.52 16.50 16.49 16.47 16.45 16.44 16.43 16.41 16.39 16.37 16.35 16.34 16.32
23.16 23.13 23.09 23.06 23.02 22.98 22.94 22.90 22.85 22.82 22.78 22.73 22.68 22.63 22.58 22.54 22.48 22.42 22.37 22.32 22.25 22.19 22.12 22.06 21.99 21.92 21.85 21.77 21.70 21.61 21.52 21.44 21.35 21.26 21.16 21.06 20.96 20.86 20.74 20.63 20.52 20.39 20.27 20.14 20.00 19.87 19.73 19.58 19.42 19.27 19.11 18.94 18.76 18.59 18.41 18.22 18.03 17.83 17.62 17.41 17.19 16.97 16.76 16.61 16.55 16.54 16.52 16.51 16.50 16.48 16.48 16.46 16.45 16.43 16.41 16.40 16.39 16.37 16.35 16.33 16.31 16.30 16.28 16.26
23.05 23.01 22.97 22.94 22.91 22.87 22.82 22.78 22.74 22.69 22.65 22.60 22.55 22.50 22.45 22.40 22.34 22.28 22.23 22.17 22.11 22.04 21.98 21.91 21.84 21.76 21.69 21.61 21.53 21.45 21.35 21.27 21.17 21.08 20.98 20.88 20.77 20.67 20.55 20.43 20.32 20.19 20.06 19.92 19.79 19.65 19.50 19.34 19.19 19.03 18.87 18.70 18.51 18.33 18.14 17.95 17.75 17.55 17.33 17.12 16.89 16.69 16.56 16.51 16.50 16.48 16.47 16.46 16.44 16.43 16.41 16.41 16.39 16.38 16.36 16.34 16.33 16.32 16.30 16.28 16.26 16.24 16.22 16.20
22.94 22.90 22.86 22.82 22.78 22.74 22.70 22.65 22.61 22.56 22.51 22.46 22.42 22.37 22.32 22.26 22.20 22.14 22.09 22.02 21.96 21.89 21.83 21.75 21.68 21.61 21.53 21.44 21.37 21.28 21.18 21.10 21.00 20.90 20.80 20.69 20.58 20.47 20.35 20.23 20.11 19.98 19.85 19.70 19.57 19.42 19.26 19.11 18.95 18.79 18.62 18.43 18.25 18.07 17.87 17.67 17.47 17.26 17.04 16.82 16.62 16.51 16.47 16.46 16.44 16.43 16.42 16.40 16.39 16.37 16.36 16.35 16.34 16.32 16.30 16.30 16.28 16.26 16.24 16.22 16.21 16.19 16.16 16.14
