main/data/pressure/28.03.2023.grid
ncols 886
nrows 691
xllcenter 112.0000
yllcenter -44.5000
cellsize 0.0500
nodata_value 99999.90
[rows 306 to 339 of 691, columns 539 to 615 of 886]
11.44 11.45 11.46 11.45 11.49 11.52 11.54 11.49 11.45 11.47 11.53 11.57 11.62 11.64 11.68 11.67 11.68 11.71 11.76 11.90 12.03 12.19 12.34 12.51 12.67 12.81 12.93 13.04 13.15 13.26 13.34 13.44 13.52 13.61 13.70 13.78 13.84 13.92 13.99 14.04 14.11 14.16 14.17 14.24 14.37 14.46 14.54 14.61 14.67 14.73 14.80 14.85 14.92 14.96 15.10 15.16 15.23 15.14 14.85 15.17 15.48 15.66 15.80 15.91 16.02 16.13 16.21 16.29 16.38 16.45 16.53 16.60 16.65 16.73 16.83 16.92 17.03
11.12 11.12 11.10 11.08 11.09 11.10 11.12 11.16 11.11 11.11 11.14 11.18 11.22 11.24 11.26 11.27 11.29 11.32 11.37 11.47 11.63 11.82 12.03 12.20 12.37 12.52 12.66 12.79 12.91 13.03 13.13 13.24 13.34 13.42 13.53 13.61 13.69 13.76 13.84 13.88 13.95 14.03 14.07 14.15 14.26 14.34 14.42 14.50 14.54 14.60 14.68 14.73 14.81 14.89 14.97 15.04 15.07 15.12 15.08 15.23 15.35 15.55 15.69 15.79 15.90 16.02 16.08 16.17 16.25 16.33 16.41 16.50 16.56 16.63 16.67 16.78 16.89
10.88 10.86 10.81 10.78 10.79 10.81 10.84 10.88 10.84 10.82 10.80 10.84 10.87 10.88 10.90 10.93 10.96 11.00 11.04 11.09 11.23 11.49 11.72 11.89 12.06 12.24 12.39 12.52 12.67 12.81 12.93 13.04 13.15 13.25 13.35 13.44 13.53 13.61 13.68 13.75 13.81 13.89 13.95 14.04 14.12 14.20 14.27 14.33 14.38 14.45 14.49 14.58 14.68 14.75 14.81 14.85 14.80 14.62 15.04 15.16 15.25 15.43 15.57 15.70 15.80 15.89 15.97 16.05 16.13 16.22 16.29 16.37 16.44 16.52 16.57 16.66 16.77
10.65 10.59 10.54 10.53 10.54 10.55 10.57 10.58 10.61 10.59 10.59 10.59 10.59 10.58 10.59 10.61 10.67 10.72 10.74 10.78 10.94 11.19 11.39 11.59 11.78 11.96 12.13 12.28 12.45 12.60 12.72 12.85 12.97 13.08 13.19 13.28 13.38 13.47 13.53 13.60 13.67 13.75 13.83 13.91 13.99 14.04 14.11 14.17 14.22 14.27 14.21 14.29 14.46 14.60 14.66 14.72 14.61 14.52 15.00 15.08 15.18 15.25 15.40 15.56 15.68 15.77 15.85 15.93 16.01 16.09 16.17 16.24 16.31 16.38 16.46 16.55 16.65
10.46 10.40 10.32 10.26 10.32 10.31 10.28 10.28 10.34 10.37 10.38 10.37 10.34 10.33 10.32 10.35 10.41 10.48 10.49 10.52 10.65 10.85 11.08 11.29 11.50 11.71 11.89 12.07 12.24 12.39 12.52 12.66 12.80 12.92 13.03 13.12 13.22 13.31 13.37 13.16 13.53 13.61 13.69 13.76 13.83 13.88 13.93 13.97 13.99 13.98 13.83 13.62 14.25 14.43 14.50 14.57 14.59 14.69 14.88 14.96 15.03 15.02 15.22 15.41 15.54 15.64 15.72 15.79 15.88 15.96 16.04 16.11 16.18 16.25 16.34 16.43 16.52
10.28 10.26 10.16 10.09 10.13 10.11 10.06 10.07 10.10 10.07 10.15 10.18 10.16 10.14 10.14 10.16 10.20 10.25 10.26 10.28 10.34 10.54 10.78 11.02 11.24 11.46 11.67 11.86 12.02 12.18 12.34 12.49 12.63 12.76 12.89 12.98 13.07 13.16 13.15 12.91 13.36 13.46 13.55 13.62 13.68 13.73 13.77 13.79 13.79 13.79 13.82 13.95 14.11 14.20 14.30 14.41 14.51 14.64 14.73 14.78 14.79 14.83 15.07 15.28 15.41 15.51 15.59 15.67 15.75 15.82 15.90 15.97 16.05 16.13 16.22 16.31 16.40
10.16 10.16 10.10 10.07 10.04 10.00 9.96 9.94 9.93 9.93 9.98 10.00 10.00 9.99 9.99 10.02 10.03 10.05 10.06 10.07 10.11 10.27 10.51 10.76 10.99 11.23 11.40 11.64 11.83 11.99 12.17 12.33 12.49 12.62 12.74 12.85 12.92 13.00 13.00 12.97 13.08 13.21 13.36 13.44 13.52 13.59 13.63 13.66 13.67 13.72 13.81 13.94 13.95 13.98 14.14 14.27 14.41 14.53 14.54 14.64 14.61 14.66 14.94 15.14 15.28 15.38 15.45 15.54 15.62 15.69 15.77 15.85 15.93 16.01 16.10 16.19 16.28
10.08 10.05 10.02 9.98 9.94 9.89 9.83 9.80 9.82 9.83 9.86 9.86 9.85 9.85 9.85 9.85 9.86 9.87 9.90 9.90 9.92 10.02 10.24 10.51 10.77 11.00 11.11 11.44 11.67 11.85 12.03 12.20 12.35 12.47 12.59 12.68 12.78 12.79 12.86 12.88 12.83 12.96 13.18 13.26 13.30 13.41 13.50 13.55 13.59 13.66 13.75 13.84 13.86 13.90 14.00 14.12 14.29 14.41 14.46 14.57 14.61 14.70 14.91 15.04 15.16 15.24 15.32 15.40 15.48 15.56 15.64 15.72 15.81 15.90 15.98 16.06 16.15
10.02 9.97 9.94 9.91 9.85 9.78 9.71 9.64 9.71 9.73 9.74 9.74 9.73 9.72 9.72 9.72 9.72 9.72 9.73 9.72 9.70 9.74 9.96 10.21 10.51 10.79 11.04 11.28 11.49 11.69 11.87 12.02 12.19 12.32 12.44 12.53 12.63 12.65 12.71 12.64 12.72 12.85 13.01 13.08 13.12 13.22 13.35 13.37 13.28 13.43 13.64 13.73 13.77 13.82 13.88 13.97 14.15 14.29 14.36 14.48 14.58 14.67 14.82 14.94 15.02 15.10 15.19 15.26 15.35 15.42 15.51 15.60 15.68 15.76 15.83 15.92 16.01
9.97 9.91 9.88 9.84 9.76 9.68 9.64 9.65 9.63 9.61 9.64 9.65 9.63 9.62 9.61 9.61 9.60 9.59 9.53 9.51 9.51 9.56 9.73 9.97 10.27 10.59 10.87 11.10 11.31 11.51 11.65 11.80 11.93 12.10 12.29 12.40 12.50 12.55 12.53 12.45 12.67 12.77 12.83 12.91 12.99 13.07 13.17 13.22 13.09 13.22 13.50 13.58 13.65 13.71 13.77 13.87 14.01 14.16 14.27 14.38 14.49 14.61 14.71 14.81 14.89 14.97 15.05 15.13 15.21 15.29 15.38 15.46 15.55 15.63 15.69 15.79 15.86
9.95 9.89 9.84 9.79 9.70 9.60 9.57 9.60 9.44 9.51 9.58 9.56 9.54 9.48 9.50 9.44 9.47 9.48 9.45 9.34 9.36 9.42 9.57 9.82 10.12 10.42 10.72 10.94 11.15 11.37 11.54 11.71 11.85 11.99 12.12 12.25 12.35 12.43 12.25 12.45 12.65 12.69 12.72 12.78 12.86 12.92 13.01 13.07 13.10 13.20 13.33 13.42 13.50 13.57 13.61 13.71 13.88 14.03 14.16 14.27 14.36 14.46 14.56 14.64 14.74 14.83 14.91 14.99 15.07 15.17 15.25 15.34 15.42 15.50 15.57 15.66 15.71
9.95 9.88 9.82 9.76 9.68 9.60 9.58 9.58 9.50 9.54 9.51 9.44 9.41 9.41 9.39 9.36 9.36 9.36 9.35 9.27 9.23 9.31 9.48 9.72 10.02 10.31 10.56 10.79 11.01 11.26 11.48 11.65 11.79 11.76 11.89 12.06 12.21 12.33 12.35 12.50 12.56 12.59 12.64 12.68 12.72 12.77 12.82 12.90 12.92 13.01 13.15 13.26 13.34 13.42 13.45 13.51 13.76 13.89 14.02 14.13 14.20 14.32 14.41 14.50 14.60 14.70 14.78 14.87 14.95 15.04 15.12 15.21 15.29 15.37 15.42 15.49 15.55
9.94 9.87 9.80 9.72 9.66 9.60 9.56 9.54 9.49 9.48 9.45 9.38 9.32 9.29 9.27 9.26 9.25 9.23 9.27 9.26 9.18 9.23 9.40 9.63 9.95 10.23 10.48 10.65 10.85 11.11 11.36 11.50 11.63 11.65 11.74 11.92 12.10 12.23 12.32 12.41 12.46 12.49 12.55 12.59 12.62 12.66 12.70 12.74 12.75 12.83 12.99 13.11 13.17 13.32 13.38 13.37 13.63 13.74 13.89 13.99 14.08 14.18 14.27 14.35 14.45 14.55 14.63 14.73 14.82 14.90 15.00 15.07 15.12 15.21 15.27 15.34 15.41
9.89 9.82 9.74 9.67 9.62 9.57 9.52 9.50 9.48 9.43 9.37 9.33 9.29 9.21 9.17 9.18 9.19 9.18 9.15 9.12 9.13 9.19 9.37 9.63 9.89 10.14 10.33 10.54 10.78 10.99 11.20 11.33 11.41 11.52 11.64 11.79 11.97 12.12 12.21 12.28 12.34 12.41 12.46 12.50 12.55 12.58 12.62 12.67 12.72 12.81 12.91 13.01 13.10 13.23 13.32 13.41 13.54 13.66 13.75 13.83 13.92 14.03 14.12 14.20 14.30 14.39 14.48 14.60 14.66 14.49 14.71 14.85 14.96 15.03 15.09 15.17 15.25
9.81 9.80 9.76 9.61 9.59 9.55 9.54 9.48 9.45 9.40 9.36 9.31 9.30 9.18 9.11 9.09 9.14 9.14 9.10 8.98 9.09 9.16 9.34 9.55 9.78 10.07 10.28 10.47 10.77 10.86 11.08 11.24 11.36 11.43 11.50 11.62 11.85 12.00 12.11 12.18 12.25 12.29 12.36 12.39 12.40 12.33 12.42 12.53 12.70 12.81 12.82 12.92 13.05 13.14 13.23 13.32 13.43 13.53 13.61 13.67 13.78 13.88 13.94 14.05 14.13 14.25 14.34 14.45 14.38 14.28 14.41 14.62 14.73 14.81 14.87 14.94 15.05
9.91 9.77 9.79 9.70 9.64 9.57 9.52 9.46 9.43 9.35 9.34 9.31 9.29 9.26 9.16 9.00 9.04 9.14 9.12 9.02 9.08 9.15 9.30 9.50 9.78 10.09 10.36 10.59 10.70 10.70 11.07 11.19 11.32 11.43 11.42 11.38 11.65 11.90 12.01 12.07 12.13 12.12 12.24 12.30 12.11 11.95 11.70 12.29 12.58 12.64 12.66 12.81 12.94 13.04 13.12 13.20 13.31 13.39 13.48 13.57 13.64 13.73 13.81 13.90 14.00 14.10 14.17 14.29 14.29 14.08 14.06 14.24 14.34 14.52 14.61 14.70 14.84
9.95 9.86 9.78 9.71 9.65 9.58 9.52 9.46 9.41 9.38 9.29 9.29 9.27 9.04 9.12 9.10 9.12 9.14 9.14 9.10 9.09 9.14 9.36 9.58 9.86 10.10 10.25 10.51 10.71 10.88 11.02 11.17 11.28 11.35 11.31 11.33 11.61 11.73 11.82 11.96 12.03 12.12 12.16 12.19 12.08 12.07 11.78 12.32 12.50 12.61 12.67 12.75 12.86 12.93 12.99 13.07 13.17 13.26 13.35 13.43 13.50 13.60 13.68 13.77 13.86 13.95 14.02 14.14 14.16 14.12 14.13 14.10 13.96 14.21 14.41 14.41 14.43
9.97 9.88 9.81 9.74 9.67 9.59 9.52 9.47 9.41 9.37 9.32 9.28 9.24 9.15 9.13 9.09 9.06 9.14 9.06 9.00 8.93 9.01 9.32 9.65 9.75 10.10 10.29 10.56 10.71 10.87 11.01 11.03 11.16 11.28 11.20 11.07 11.41 11.44 11.72 11.81 11.94 11.98 12.05 12.10 12.07 12.04 12.21 12.40 12.46 12.54 12.58 12.68 12.76 12.84 12.91 12.97 13.06 13.14 13.21 13.29 13.36 13.46 13.55 13.63 13.71 13.80 13.90 13.96 13.97 13.92 13.74 13.54 13.67 14.13 13.98 14.12 14.28
10.00 9.91 9.84 9.76 9.68 9.61 9.54 9.47 9.42 9.37 9.24 9.28 9.22 9.19 9.18 9.06 9.07 9.10 9.03 9.00 9.06 9.18 9.42 9.68 9.88 10.17 10.38 10.57 10.70 10.84 10.94 10.93 11.04 11.06 11.12 10.82 11.39 11.53 11.46 11.57 11.83 11.90 11.92 11.81 11.43 11.97 12.12 12.29 12.34 12.43 12.51 12.59 12.65 12.71 12.78 12.86 12.93 13.01 13.09 13.16 13.24 13.32 13.41 13.50 13.58 13.66 13.72 13.79 13.85 13.70 13.56 13.63 13.46 13.95 13.53 13.79 14.16
10.02 9.95 9.87 9.80 9.72 9.64 9.57 9.50 9.44 9.38 9.34 9.26 9.18 9.15 9.14 9.12 9.08 8.99 9.03 9.03 9.18 9.34 9.56 9.74 10.05 10.23 10.36 10.59 10.72 10.78 10.90 10.91 11.01 10.99 11.03 10.80 11.15 11.23 11.18 11.12 11.70 11.75 11.70 11.66 11.75 11.88 12.01 12.18 12.28 12.34 12.42 12.48 12.54 12.57 12.64 12.74 12.81 12.88 12.94 13.01 13.10 13.19 13.26 13.36 13.44 13.51 13.58 13.62 13.60 13.39 13.36 13.70 13.67 13.84 13.61 13.65 14.07
10.08 10.00 9.91 9.84 9.76 9.68 9.60 9.53 9.47 9.40 9.34 9.30 9.23 9.16 9.11 9.13 9.06 8.87 8.92 9.09 9.30 9.50 9.71 9.88 10.14 10.29 10.39 10.58 10.73 10.78 10.73 10.89 10.86 10.79 10.81 11.01 11.06 11.04 10.93 11.51 11.58 11.65 11.43 11.61 11.79 11.93 12.00 12.09 12.18 12.24 12.31 12.38 12.41 12.42 12.55 12.63 12.69 12.76 12.80 12.87 12.99 13.06 13.14 13.22 13.30 13.36 13.40 13.45 13.36 13.44 13.43 13.55 13.62 13.75 13.65 13.47 13.88
10.17 10.06 9.97 9.88 9.80 9.69 9.65 9.58 9.49 9.43 9.33 9.33 9.21 9.13 9.16 9.13 9.02 8.98 9.15 9.32 9.50 9.67 9.84 10.00 10.22 10.41 10.55 10.67 10.77 10.77 10.82 10.84 10.81 10.71 10.70 10.90 11.09 11.22 11.34 11.22 11.37 11.45 11.48 11.63 11.77 11.83 11.90 12.00 12.09 12.15 12.21 12.26 12.28 12.29 12.39 12.51 12.58 12.65 12.69 12.75 12.85 12.94 13.01 13.09 13.16 13.23 13.29 13.29 13.11 12.91 13.20 13.41 13.54 13.58 13.40 13.39 13.45
10.34 10.18 10.05 9.94 9.86 9.76 9.69 9.62 9.50 9.46 9.41 9.34 9.20 9.14 9.17 9.18 9.18 9.26 9.42 9.54 9.68 9.84 10.00 10.16 10.33 10.51 10.60 10.74 10.82 10.86 10.88 10.82 10.70 10.97 11.01 10.96 11.00 10.98 11.18 10.80 11.15 11.29 11.34 11.52 11.66 11.68 11.74 11.92 12.00 12.06 12.12 12.16 12.19 12.06 12.26 12.40 12.46 12.53 12.58 12.66 12.73 12.79 12.88 12.94 13.02 13.09 13.15 13.16 13.12 13.18 13.23 13.31 13.45 13.39 13.14 13.04 12.99
10.66 10.41 10.21 10.04 9.93 9.83 9.76 9.67 9.59 9.51 9.45 9.41 9.30 9.29 9.31 9.36 9.42 9.55 9.65 9.74 9.83 9.86 10.14 10.31 10.46 10.61 10.71 10.81 10.86 10.95 10.91 10.83 10.95 10.95 10.98 11.03 11.10 11.19 10.85 10.95 11.10 11.27 11.36 11.53 11.59 11.57 11.57 11.74 11.88 11.97 12.03 12.05 11.99 11.87 12.13 12.29 12.36 12.42 12.48 12.54 12.59 12.67 12.76 12.82 12.89 12.96 13.01 13.04 13.09 13.13 13.23 13.27 13.32 13.31 13.04 13.06 13.21
11.01 10.76 10.54 10.33 10.16 10.00 9.88 9.78 9.69 9.61 9.54 9.48 9.46 9.51 9.60 9.64 9.70 9.80 9.87 9.93 10.03 10.18 10.36 10.47 10.59 10.71 10.79 10.88 10.95 11.00 11.05 11.08 11.12 11.12 11.13 11.07 11.00 10.93 10.81 11.09 11.14 11.15 11.30 11.50 11.56 11.56 11.50 11.62 11.76 11.86 11.94 11.95 11.96 12.00 12.13 12.18 12.25 12.32 12.37 12.42 12.50 12.58 12.63 12.68 12.77 12.84 12.88 12.93 13.00 13.07 13.09 13.10 13.10 13.09 12.99 13.03 13.25
11.35 11.12 10.90 10.70 10.52 10.36 10.22 10.10 10.00 9.93 9.88 9.85 9.85 9.88 9.91 9.94 9.99 9.95 10.12 10.19 10.31 10.44 10.51 10.56 10.72 10.82 10.86 10.93 11.01 11.04 11.04 10.93 11.08 10.98 11.08 10.79 10.88 10.91 11.01 11.07 11.13 11.23 11.37 11.46 11.50 11.52 11.51 11.55 11.62 11.70 11.78 11.83 11.86 11.92 11.98 12.08 12.15 12.21 12.27 12.33 12.39 12.45 12.51 12.57 12.65 12.70 12.75 12.66 12.49 12.83 12.94 12.98 12.83 12.77 12.79 12.95 13.13
11.70 11.46 11.26 11.07 10.90 10.74 10.60 10.49 10.38 10.31 10.25 10.22 10.19 10.21 10.19 10.19 10.26 10.27 10.35 10.48 10.56 10.66 10.76 10.82 10.88 10.93 10.97 10.99 11.06 11.10 10.92 10.84 10.87 10.89 11.05 10.89 10.92 11.04 11.06 11.27 11.21 11.31 11.38 11.42 11.45 11.48 11.47 11.46 11.48 11.55 11.62 11.70 11.72 11.72 11.79 11.93 12.05 12.12 12.17 12.22 12.29 12.34 12.41 12.47 12.53 12.58 12.62 12.64 12.48 12.75 12.78 12.78 12.63 12.42 12.64 12.93 12.97
12.03 11.82 11.62 11.44 11.26 11.10 10.97 10.86 10.76 10.66 10.59 10.55 10.53 10.54 10.46 10.40 10.54 10.57 10.59 10.65 10.74 10.82 10.79 10.96 10.99 11.03 11.05 11.09 11.13 11.15 11.12 11.08 11.03 11.20 11.23 11.07 11.00 11.10 11.14 11.25 11.26 11.18 11.33 11.37 11.39 11.40 11.40 11.38 11.37 11.41 11.46 11.53 11.59 11.59 11.63 11.75 11.91 12.01 12.07 12.13 12.12 12.23 12.30 12.35 12.41 12.45 12.48 12.37 12.60 12.64 12.65 12.66 12.74 12.74 12.75 12.87 12.76
12.35 12.15 11.96 11.78 11.61 11.47 11.33 11.20 11.10 11.01 10.91 10.82 10.78 10.82 10.80 10.81 10.78 10.80 10.73 10.75 10.89 11.00 10.90 11.07 11.09 11.11 11.20 11.20 11.17 11.22 11.18 11.11 11.27 11.29 11.22 11.27 11.22 11.15 11.22 11.22 11.24 11.28 11.28 11.30 11.33 11.35 11.34 11.30 11.29 11.30 11.30 11.36 11.48 11.46 11.46 11.56 11.81 11.90 11.96 12.03 12.08 12.14 12.19 12.24 12.29 12.33 12.38 12.43 12.48 12.53 12.56 12.60 12.63 12.68 12.72 12.74 12.75
12.66 12.47 12.28 12.11 11.95 11.80 11.66 11.54 11.43 11.34 11.24 11.12 11.06 11.09 11.07 11.06 10.99 11.00 11.01 11.04 11.09 11.14 11.14 11.14 11.23 11.27 11.30 11.27 11.24 11.30 11.29 11.25 11.29 11.28 11.33 11.28 11.24 11.22 11.27 11.27 11.31 11.31 11.31 11.24 11.24 11.26 11.27 11.27 11.26 11.26 11.22 11.26 11.38 11.33 11.37 11.48 11.53 11.74 11.87 11.93 11.98 12.04 12.09 12.13 12.17 12.19 12.01 12.16 12.33 12.40 12.43 12.48 12.53 12.59 12.61 12.63 12.66
12.96 12.77 12.59 12.43 12.27 12.11 11.97 11.85 11.74 11.64 11.56 11.50 11.42 11.36 11.31 11.29 11.24 11.23 11.23 11.20 11.25 11.29 11.29 11.26 11.35 11.33 11.39 11.38 11.37 11.36 11.35 11.32 11.32 11.09 11.30 11.29 11.31 11.31 11.30 11.29 11.30 11.24 11.22 11.18 11.18 11.18 11.23 11.24 11.23 11.25 11.18 11.25 11.30 11.30 11.31 11.36 11.53 11.66 11.79 11.83 11.89 11.93 11.97 12.01 12.06 12.12 12.16 12.20 12.24 12.29 12.34 12.37 12.41 12.47 12.48 12.49 12.52
13.25 13.06 12.89 12.71 12.56 12.41 12.26 12.12 12.01 11.90 11.81 11.74 11.68 11.60 11.53 11.50 11.47 11.45 11.43 11.40 11.42 11.45 11.35 11.40 11.41 11.42 11.47 11.41 11.40 11.40 11.38 11.37 11.37 11.35 11.29 11.37 11.32 11.31 11.30 11.29 11.29 11.23 11.20 11.19 11.16 11.14 11.34 11.23 11.25 11.22 11.19 11.17 11.13 11.20 11.36 11.43 11.57 11.37 11.56 11.74 11.80 11.83 11.86 11.90 11.94 11.92 11.97 12.08 12.12 12.16 12.21 12.24 12.21 12.33 12.35 12.32 12.38
13.50 13.33 13.16 12.99 12.84 12.70 12.55 12.40 12.27 12.14 12.03 11.97 11.90 11.81 11.73 11.71 11.68 11.65 11.59 11.60 11.62 11.60 11.50 11.55 11.52 11.55 11.51 11.40 11.46 11.47 11.46 11.40 11.41 11.39 11.35 11.38 11.32 11.31 11.30 11.28 11.26 11.19 11.18 11.14 11.09 11.08 11.19 11.18 11.21 11.21 11.20 11.18 11.07 11.08 11.22 11.36 11.48 11.55 11.60 11.66 11.70 11.73 11.77 11.83 11.85 11.59 11.46 11.93 12.01 12.05 12.09 12.10 11.98 12.14 12.20 12.22 12.26
13.75 13.57 13.41 13.25 13.10 12.96 12.81 12.67 12.52 12.36 12.21 12.18 12.10 12.01 11.93 11.87 11.79 11.86 11.79 11.79 11.69 11.65 11.64 11.62 11.62 11.60 11.58 11.46 11.52 11.52 11.43 11.43 11.44 11.40 11.39 11.38 11.35 11.32 11.26 11.26 11.24 11.23 11.15 11.09 11.05 11.08 11.14 11.17 11.19 11.17 11.18 11.19 11.13 11.09 11.00 11.28 11.33 11.39 11.52 11.57 11.59 11.65 11.68 11.67 11.50 11.34 11.22 11.57 11.85 11.93 11.97 11.94 11.86 12.06 11.95 11.80 12.06
