main/data/pressure/28.12.2023.grid
ncols 886
nrows 691
xllcenter 112.0000
yllcenter -44.5000
cellsize 0.0500
nodata_value 99999.90
[rows 70 to 104 of 691, columns 790 to 868 of 886]
35.85 35.88 35.92 35.95 35.99 36.01 36.04 36.08 36.09 36.05 35.99 35.93 35.87 35.80 35.74 35.69 35.64 35.58 35.54 35.49 35.44 35.40 35.36 35.31 35.27 35.24 35.19 35.16 35.12 35.09 35.05 35.02 35.00 34.96 34.94 34.90 34.88 34.85 34.83 34.80 34.79 34.76 34.74 34.72 34.70 34.68 34.67 34.65 34.62 34.61 34.60 34.59 34.57 34.56 34.55 34.53 34.53 34.51 34.51 34.50 34.48 34.48 34.47 34.46 34.46 34.45 34.45 34.45 34.44 34.44 34.44 34.44 34.43 34.44 34.43 34.43 34.43 34.43 34.43
35.79 35.83 35.85 35.89 35.92 35.96 35.99 36.02 36.05 36.07 36.04 35.98 35.91 35.86 35.80 35.73 35.68 35.63 35.57 35.52 35.48 35.43 35.38 35.34 35.30 35.26 35.22 35.18 35.15 35.11 35.08 35.04 35.01 34.97 34.95 34.92 34.89 34.87 34.84 34.82 34.79 34.77 34.74 34.73 34.70 34.68 34.67 34.64 34.63 34.61 34.60 34.58 34.57 34.55 34.54 34.53 34.52 34.51 34.50 34.48 34.48 34.47 34.46 34.46 34.45 34.44 34.44 34.43 34.42 34.43 34.42 34.42 34.42 34.42 34.41 34.41 34.42 34.41 34.41
35.72 35.76 35.79 35.83 35.86 35.89 35.93 35.97 36.00 36.03 36.05 36.03 35.97 35.90 35.84 35.79 35.72 35.67 35.62 35.56 35.51 35.47 35.41 35.37 35.33 35.28 35.25 35.20 35.17 35.13 35.09 35.06 35.02 35.00 34.96 34.93 34.90 34.88 34.85 34.82 34.79 34.77 34.75 34.73 34.70 34.69 34.66 34.65 34.63 34.62 34.59 34.58 34.56 34.55 34.54 34.52 34.51 34.50 34.48 34.48 34.47 34.46 34.45 34.44 34.43 34.43 34.42 34.41 34.42 34.41 34.40 34.40 34.40 34.40 34.39 34.40 34.39 34.39 34.39
35.66 35.69 35.72 35.76 35.80 35.84 35.88 35.91 35.94 35.98 36.02 36.03 36.01 35.96 35.90 35.83 35.77 35.72 35.66 35.61 35.56 35.50 35.46 35.40 35.36 35.32 35.27 35.23 35.20 35.15 35.12 35.08 35.05 35.01 34.98 34.95 34.92 34.89 34.86 34.83 34.81 34.78 34.76 34.73 34.71 34.69 34.67 34.65 34.62 34.61 34.59 34.58 34.56 34.55 34.53 34.51 34.51 34.49 34.47 34.47 34.45 34.45 34.44 34.43 34.43 34.42 34.41 34.40 34.40 34.39 34.38 34.39 34.38 34.38 34.38 34.38 34.37 34.37 34.38
35.58 35.62 35.66 35.70 35.74 35.77 35.81 35.85 35.89 35.92 35.96 36.00 36.02 36.00 35.95 35.89 35.82 35.76 35.71 35.64 35.59 35.54 35.49 35.44 35.40 35.35 35.31 35.26 35.22 35.18 35.14 35.10 35.07 35.04 35.00 34.97 34.93 34.91 34.87 34.85 34.82 34.79 34.76 34.74 34.72 34.70 34.67 34.65 34.63 34.61 34.60 34.57 34.55 34.54 34.52 34.51 34.50 34.48 34.47 34.46 34.45 34.44 34.43 34.42 34.41 34.40 34.40 34.39 34.38 34.37 34.37 34.37 34.36 34.37 34.36 34.36 34.35 34.36 34.35
35.52 35.56 35.59 35.63 35.67 35.71 35.76 35.79 35.83 35.87 35.91 35.94 35.98 36.01 35.99 35.94 35.88 35.82 35.75 35.69 35.63 35.58 35.53 35.48 35.43 35.38 35.33 35.29 35.25 35.21 35.16 35.13 35.08 35.05 35.02 34.98 34.95 34.92 34.89 34.86 34.82 34.80 34.78 34.75 34.72 34.70 34.67 34.66 34.63 34.62 34.59 34.57 34.56 34.54 34.52 34.51 34.49 34.48 34.46 34.45 34.44 34.43 34.41 34.41 34.40 34.38 34.38 34.37 34.36 34.36 34.36 34.35 34.35 34.35 34.34 34.33 34.34 34.34 34.33
35.44 35.48 35.52 35.57 35.61 35.65 35.69 35.73 35.77 35.81 35.85 35.89 35.94 35.97 35.99 35.98 35.92 35.86 35.80 35.74 35.68 35.62 35.57 35.52 35.46 35.42 35.37 35.32 35.28 35.23 35.19 35.15 35.11 35.07 35.04 35.00 34.97 34.93 34.90 34.87 34.84 34.81 34.78 34.75 34.73 34.70 34.68 34.66 34.63 34.61 34.59 34.57 34.55 34.54 34.52 34.50 34.49 34.47 34.45 34.44 34.43 34.41 34.41 34.39 34.38 34.38 34.37 34.36 34.36 34.35 34.34 34.33 34.33 34.33 34.32 34.32 34.32 34.31 34.31
35.37 35.41 35.45 35.49 35.54 35.59 35.63 35.67 35.71 35.75 35.79 35.83 35.88 35.92 35.95 35.98 35.97 35.91 35.85 35.79 35.72 35.67 35.62 35.55 35.51 35.45 35.40 35.35 35.31 35.27 35.22 35.18 35.13 35.10 35.05 35.02 34.98 34.95 34.91 34.89 34.85 34.82 34.79 34.77 34.74 34.70 34.69 34.66 34.64 34.61 34.60 34.57 34.55 34.53 34.51 34.50 34.48 34.46 34.45 34.43 34.42 34.41 34.40 34.38 34.38 34.37 34.35 34.35 34.34 34.33 34.32 34.32 34.31 34.31 34.30 34.30 34.30 34.29 34.30
35.29 35.34 35.38 35.43 35.47 35.51 35.56 35.61 35.65 35.69 35.74 35.78 35.82 35.86 35.91 35.95 35.97 35.96 35.90 35.84 35.78 35.71 35.65 35.60 35.54 35.49 35.43 35.39 35.33 35.29 35.25 35.20 35.16 35.12 35.08 35.04 35.01 34.97 34.94 34.90 34.87 34.83 34.80 34.77 34.74 34.72 34.69 34.67 34.64 34.62 34.59 34.57 34.55 34.53 34.51 34.49 34.47 34.46 34.44 34.42 34.42 34.40 34.38 34.38 34.36 34.35 34.35 34.34 34.32 34.31 34.31 34.30 34.30 34.30 34.29 34.28 34.28 34.28 34.28
35.22 35.27 35.32 35.35 35.40 35.45 35.50 35.54 35.59 35.64 35.67 35.72 35.77 35.82 35.85 35.90 35.94 35.96 35.95 35.89 35.82 35.76 35.70 35.64 35.59 35.53 35.48 35.42 35.37 35.32 35.28 35.24 35.19 35.15 35.10 35.07 35.02 34.99 34.95 34.92 34.88 34.84 34.82 34.78 34.76 34.72 34.70 34.67 34.64 34.62 34.59 34.58 34.55 34.53 34.51 34.49 34.48 34.45 34.43 34.43 34.41 34.39 34.38 34.37 34.35 34.35 34.33 34.32 34.31 34.31 34.30 34.29 34.28 34.28 34.27 34.26 34.26 34.26 34.26
35.14 35.19 35.24 35.29 35.34 35.38 35.43 35.48 35.52 35.57 35.62 35.67 35.71 35.76 35.81 35.84 35.89 35.93 35.95 35.93 35.88 35.81 35.75 35.68 35.63 35.57 35.51 35.46 35.41 35.36 35.31 35.26 35.21 35.17 35.12 35.09 35.04 35.01 34.96 34.93 34.89 34.86 34.83 34.80 34.76 34.74 34.71 34.67 34.65 34.62 34.60 34.57 34.55 34.53 34.51 34.48 34.47 34.45 34.43 34.42 34.40 34.39 34.37 34.35 34.34 34.33 34.32 34.31 34.30 34.29 34.28 34.27 34.27 34.26 34.25 34.24 34.25 34.24 34.24
35.06 35.12 35.17 35.21 35.26 35.32 35.37 35.41 35.46 35.51 35.57 35.61 35.66 35.71 35.75 35.80 35.85 35.88 35.93 35.95 35.92 35.87 35.79 35.73 35.67 35.61 35.55 35.50 35.45 35.39 35.34 35.29 35.25 35.20 35.16 35.11 35.07 35.02 34.99 34.95 34.92 34.87 34.85 34.81 34.77 34.75 34.71 34.69 34.65 34.62 34.60 34.57 34.56 34.53 34.50 34.49 34.46 34.44 34.43 34.41 34.39 34.38 34.36 34.34 34.34 34.32 34.30 34.30 34.29 34.27 34.26 34.26 34.25 34.24 34.23 34.24 34.23 34.22 34.21
34.99 35.03 35.09 35.14 35.20 35.24 35.30 35.35 35.40 35.45 35.50 35.55 35.60 35.65 35.70 35.74 35.79 35.84 35.88 35.93 35.95 35.91 35.85 35.78 35.72 35.65 35.60 35.53 35.48 35.43 35.37 35.33 35.27 35.23 35.18 35.14 35.09 35.05 35.01 34.97 34.93 34.89 34.86 34.82 34.79 34.75 34.72 34.69 34.66 34.64 34.60 34.58 34.56 34.53 34.51 34.48 34.46 34.45 34.42 34.40 34.39 34.37 34.35 34.34 34.32 34.31 34.30 34.29 34.27 34.26 34.26 34.25 34.23 34.22 34.23 34.22 34.21 34.20 34.20
34.90 34.96 35.02 35.06 35.12 35.18 35.23 35.28 35.34 35.39 35.44 35.49 35.54 35.60 35.64 35.69 35.74 35.79 35.84 35.88 35.92 35.95 35.90 35.84 35.77 35.71 35.64 35.58 35.52 35.47 35.42 35.36 35.30 35.26 35.20 35.16 35.12 35.07 35.03 34.99 34.94 34.91 34.87 34.84 34.80 34.76 34.73 34.70 34.67 34.64 34.61 34.59 34.56 34.53 34.51 34.48 34.46 34.44 34.42 34.40 34.38 34.36 34.35 34.33 34.31 34.29 34.29 34.27 34.26 34.25 34.24 34.23 34.22 34.22 34.21 34.20 34.19 34.19 34.18
34.83 34.88 34.93 34.99 35.05 35.10 35.16 35.22 35.28 35.32 35.38 35.44 35.48 35.54 35.59 35.64 35.69 35.74 35.79 35.84 35.88 35.92 35.94 35.88 35.82 35.75 35.69 35.62 35.57 35.50 35.45 35.39 35.34 35.29 35.24 35.19 35.14 35.09 35.05 35.01 34.97 34.93 34.88 34.85 34.81 34.78 34.74 34.71 34.68 34.64 34.62 34.59 34.56 34.54 34.51 34.49 34.46 34.43 34.42 34.40 34.37 34.35 34.34 34.32 34.30 34.29 34.28 34.26 34.25 34.24 34.23 34.21 34.21 34.20 34.19 34.18 34.18 34.17 34.16
34.74 34.80 34.86 34.91 34.97 35.03 35.09 35.14 35.20 35.26 35.31 35.37 35.43 35.48 35.53 35.59 35.64 35.69 35.74 35.79 35.84 35.88 35.92 35.93 35.87 35.81 35.73 35.67 35.61 35.55 35.49 35.43 35.37 35.33 35.27 35.22 35.17 35.13 35.08 35.03 34.99 34.94 34.91 34.86 34.83 34.79 34.76 34.72 34.68 34.66 34.62 34.59 34.57 34.54 34.50 34.49 34.46 34.43 34.41 34.39 34.38 34.35 34.33 34.31 34.30 34.28 34.26 34.26 34.24 34.22 34.21 34.21 34.19 34.18 34.17 34.17 34.16 34.15 34.14
34.66 34.72 34.78 34.84 34.90 34.96 35.02 35.08 35.14 35.20 35.26 35.31 35.37 35.43 35.49 35.53 35.59 35.64 35.69 35.75 35.79 35.84 35.88 35.92 35.92 35.86 35.78 35.72 35.66 35.59 35.53 35.47 35.42 35.36 35.31 35.25 35.20 35.15 35.10 35.06 35.01 34.97 34.92 34.89 34.84 34.80 34.77 34.73 34.70 34.66 34.63 34.60 34.57 34.54 34.51 34.48 34.46 34.44 34.41 34.38 34.37 34.35 34.32 34.31 34.29 34.27 34.26 34.24 34.23 34.21 34.20 34.19 34.18 34.17 34.16 34.15 34.14 34.13 34.12
34.58 34.64 34.71 34.76 34.83 34.89 34.95 35.01 35.07 35.14 35.19 35.25 35.31 35.37 35.43 35.49 35.54 35.59 35.64 35.70 35.75 35.80 35.85 35.89 35.93 35.90 35.84 35.78 35.70 35.63 35.57 35.51 35.45 35.40 35.34 35.28 35.23 35.18 35.13 35.08 35.04 34.99 34.95 34.90 34.86 34.82 34.78 34.74 34.71 34.67 34.64 34.61 34.57 34.55 34.52 34.48 34.46 34.43 34.41 34.39 34.36 34.34 34.32 34.30 34.28 34.26 34.25 34.23 34.21 34.21 34.19 34.18 34.16 34.16 34.15 34.14 34.12 34.11 34.12
34.50 34.55 34.62 34.69 34.76 34.81 34.88 34.95 35.01 35.07 35.13 35.20 35.25 35.32 35.37 35.43 35.49 35.54 35.60 35.65 35.70 35.76 35.81 35.86 35.90 35.93 35.89 35.83 35.75 35.69 35.62 35.56 35.49 35.44 35.37 35.32 35.26 35.21 35.16 35.11 35.06 35.01 34.97 34.92 34.88 34.84 34.79 34.76 34.72 34.69 34.65 34.61 34.59 34.55 34.52 34.49 34.46 34.43 34.41 34.38 34.36 34.33 34.32 34.29 34.27 34.26 34.24 34.22 34.21 34.19 34.18 34.16 34.15 34.14 34.13 34.12 34.11 34.11 34.10
34.41 34.48 34.55 34.61 34.68 34.74 34.81 34.87 34.94 35.01 35.07 35.13 35.20 35.25 35.32 35.38 35.43 35.50 35.55 35.61 35.66 35.71 35.77 35.82 35.87 35.91 35.93 35.87 35.81 35.73 35.67 35.60 35.54 35.47 35.42 35.35 35.30 35.24 35.20 35.14 35.08 35.04 34.99 34.95 34.90 34.85 34.82 34.77 34.74 34.70 34.66 34.63 34.59 34.55 34.53 34.49 34.46 34.44 34.41 34.38 34.35 34.34 34.31 34.29 34.27 34.25 34.23 34.22 34.20 34.18 34.16 34.15 34.14 34.13 34.11 34.10 34.10 34.09 34.08
34.33 34.39 34.46 34.53 34.61 34.67 34.74 34.81 34.87 34.94 35.01 35.07 35.14 35.20 35.26 35.33 35.38 35.44 35.51 35.56 35.62 35.67 35.73 35.78 35.83 35.88 35.92 35.92 35.86 35.79 35.72 35.65 35.58 35.52 35.46 35.40 35.34 35.27 35.22 35.17 35.12 35.06 35.01 34.97 34.92 34.88 34.83 34.78 34.75 34.71 34.67 34.63 34.60 34.57 34.53 34.50 34.47 34.44 34.41 34.38 34.36 34.33 34.30 34.29 34.27 34.24 34.22 34.21 34.19 34.17 34.15 34.14 34.13 34.11 34.10 34.09 34.08 34.07 34.06
34.24 34.31 34.39 34.45 34.53 34.60 34.67 34.74 34.81 34.88 34.94 35.01 35.08 35.14 35.21 35.27 35.33 35.40 35.45 35.52 35.57 35.63 35.68 35.74 35.79 35.84 35.90 35.93 35.90 35.84 35.77 35.70 35.64 35.56 35.50 35.44 35.37 35.32 35.26 35.20 35.15 35.09 35.04 34.99 34.95 34.90 34.85 34.81 34.76 34.72 34.68 34.64 34.60 34.57 34.54 34.51 34.47 34.44 34.41 34.39 34.36 34.33 34.31 34.28 34.26 34.23 34.22 34.20 34.18 34.16 34.15 34.13 34.11 34.10 34.09 34.08 34.07 34.05 34.04
34.16 34.24 34.30 34.38 34.46 34.52 34.60 34.67 34.74 34.81 34.89 34.95 35.02 35.09 35.15 35.22 35.28 35.35 35.41 35.47 35.53 35.59 35.65 35.70 35.76 35.80 35.86 35.90 35.94 35.89 35.83 35.75 35.68 35.61 35.55 35.48 35.42 35.35 35.29 35.24 35.17 35.13 35.07 35.01 34.97 34.92 34.87 34.83 34.78 34.74 34.70 34.65 34.62 34.58 34.54 34.51 34.48 34.44 34.42 34.38 34.35 34.33 34.30 34.28 34.25 34.24 34.21 34.19 34.17 34.16 34.14 34.12 34.10 34.09 34.08 34.06 34.05 34.04 34.03
34.07 34.15 34.23 34.30 34.38 34.45 34.52 34.60 34.68 34.75 34.82 34.89 34.96 35.03 35.10 35.17 35.24 35.30 35.36 35.43 35.49 35.55 35.60 35.67 35.72 35.78 35.82 35.88 35.92 35.94 35.88 35.81 35.73 35.67 35.59 35.52 35.46 35.39 35.33 35.27 35.21 35.15 35.09 35.05 34.99 34.95 34.89 34.84 34.80 34.75 34.71 34.67 34.63 34.59 34.56 34.52 34.48 34.45 34.42 34.38 34.35 34.33 34.30 34.27 34.25 34.23 34.20 34.18 34.17 34.15 34.12 34.11 34.10 34.08 34.06 34.05 34.03 34.03 34.02
34.00 34.08 34.15 34.23 34.31 34.38 34.46 34.54 34.61 34.69 34.76 34.83 34.91 34.97 35.05 35.12 35.18 35.25 35.31 35.38 35.45 35.51 35.57 35.62 35.69 35.74 35.80 35.84 35.90 35.94 35.93 35.86 35.78 35.71 35.64 35.57 35.50 35.44 35.37 35.30 35.25 35.18 35.13 35.07 35.01 34.97 34.91 34.87 34.82 34.77 34.73 34.68 34.64 34.61 34.56 34.52 34.49 34.46 34.42 34.38 34.36 34.33 34.30 34.28 34.25 34.22 34.20 34.18 34.16 34.13 34.11 34.10 34.08 34.07 34.05 34.03 34.03 34.01 34.00
33.91 33.99 34.07 34.15 34.23 34.31 34.38 34.47 34.55 34.62 34.70 34.78 34.85 34.92 34.99 35.07 35.14 35.20 35.27 35.34 35.40 35.47 35.53 35.58 35.65 35.70 35.76 35.82 35.87 35.92 35.95 35.92 35.85 35.77 35.70 35.62 35.55 35.48 35.41 35.35 35.28 35.23 35.16 35.10 35.05 34.99 34.95 34.89 34.84 34.80 34.75 34.70 34.66 34.62 34.57 34.53 34.50 34.46 34.42 34.40 34.36 34.33 34.30 34.27 34.24 34.22 34.20 34.17 34.15 34.13 34.10 34.09 34.07 34.05 34.03 34.03 34.01 34.00 33.98
33.83 33.91 33.99 34.08 34.16 34.24 34.32 34.40 34.48 34.56 34.63 34.71 34.80 34.86 34.94 35.02 35.09 35.16 35.23 35.30 35.36 35.43 35.49 35.55 35.61 35.67 35.72 35.78 35.83 35.89 35.94 35.96 35.90 35.83 35.75 35.67 35.60 35.52 35.46 35.39 35.33 35.26 35.19 35.14 35.08 35.02 34.97 34.91 34.87 34.81 34.76 34.72 34.67 34.63 34.58 34.55 34.51 34.47 34.44 34.40 34.36 34.33 34.30 34.27 34.24 34.22 34.19 34.17 34.14 34.12 34.10 34.08 34.06 34.04 34.03 34.01 34.00 33.98 33.97
33.75 33.83 33.92 34.00 34.08 34.17 34.25 34.33 34.42 34.50 34.58 34.66 34.74 34.82 34.89 34.97 35.04 35.11 35.19 35.25 35.33 35.39 35.46 35.51 35.58 35.64 35.70 35.75 35.81 35.86 35.92 35.96 35.96 35.89 35.80 35.73 35.65 35.58 35.50 35.44 35.37 35.30 35.24 35.17 35.11 35.06 34.99 34.94 34.89 34.83 34.78 34.74 34.69 34.64 34.60 34.56 34.51 34.48 34.44 34.40 34.36 34.34 34.30 34.27 34.25 34.22 34.19 34.16 34.13 34.12 34.09 34.07 34.05 34.03 34.02 34.00 33.98 33.97 33.95
33.67 33.75 33.84 33.93 34.02 34.10 34.19 34.28 34.35 34.44 34.52 34.60 34.69 34.76 34.84 34.91 34.99 35.07 35.14 35.22 35.28 35.35 35.42 35.49 35.54 35.61 35.67 35.73 35.78 35.84 35.89 35.94 35.97 35.94 35.87 35.78 35.71 35.63 35.55 35.48 35.41 35.35 35.27 35.21 35.15 35.08 35.02 34.97 34.91 34.86 34.81 34.76 34.70 34.66 34.61 34.57 34.53 34.49 34.45 34.41 34.38 34.34 34.30 34.27 34.25 34.21 34.18 34.15 34.14 34.11 34.08 34.06 34.05 34.03 34.01 33.99 33.97 33.95 33.94
33.59 33.68 33.77 33.85 33.94 34.04 34.12 34.21 34.30 34.38 34.47 34.54 34.63 34.72 34.79 34.87 34.95 35.03 35.10 35.17 35.25 35.31 35.39 35.45 35.51 35.58 35.64 35.70 35.75 35.81 35.86 35.92 35.96 35.99 35.93 35.84 35.77 35.68 35.61 35.53 35.45 35.39 35.31 35.25 35.18 35.12 35.06 35.00 34.94 34.89 34.83 34.77 34.73 34.68 34.63 34.58 34.54 34.50 34.45 34.42 34.38 34.34 34.30 34.28 34.24 34.21 34.18 34.16 34.13 34.10 34.08 34.05 34.04 34.02 33.99 33.97 33.96 33.95 33.93
33.55 33.60 33.69 33.79 33.88 33.96 34.06 34.14 34.23 34.32 34.40 34.49 34.58 34.66 34.75 34.82 34.91 34.98 35.06 35.13 35.21 35.27 35.35 35.41 35.48 35.54 35.61 35.67 35.73 35.78 35.85 35.89 35.95 35.99 35.98 35.91 35.82 35.75 35.66 35.58 35.51 35.43 35.35 35.29 35.22 35.16 35.09 35.03 34.97 34.91 34.85 34.80 34.75 34.70 34.64 34.60 34.55 34.51 34.47 34.43 34.39 34.35 34.32 34.28 34.24 34.21 34.19 34.15 34.12 34.10 34.08 34.05 34.03 34.00 33.98 33.97 33.95 33.93 33.92
33.53 33.55 33.63 33.71 33.81 33.90 33.99 34.08 34.17 34.26 34.36 34.44 34.53 34.62 34.70 34.78 34.86 34.94 35.02 35.10 35.17 35.25 35.31 35.39 35.45 35.52 35.58 35.65 35.70 35.77 35.82 35.87 35.93 35.98 36.01 35.97 35.88 35.80 35.72 35.64 35.56 35.48 35.41 35.33 35.26 35.20 35.13 35.06 35.00 34.94 34.89 34.83 34.77 34.71 34.67 34.62 34.57 34.53 34.48 34.44 34.39 34.36 34.32 34.28 34.24 34.22 34.18 34.15 34.12 34.09 34.07 34.05 34.02 34.00 33.97 33.96 33.94 33.92 33.90
33.54 33.53 33.57 33.65 33.74 33.84 33.93 34.02 34.12 34.21 34.30 34.39 34.47 34.57 34.65 34.74 34.82 34.90 34.98 35.06 35.14 35.21 35.29 35.35 35.43 35.49 35.56 35.62 35.68 35.74 35.80 35.86 35.91 35.96 36.01 36.02 35.96 35.86 35.78 35.69 35.61 35.54 35.45 35.37 35.31 35.23 35.16 35.10 35.03 34.97 34.91 34.85 34.79 34.74 34.69 34.63 34.58 34.54 34.49 34.45 34.40 34.37 34.32 34.28 34.25 34.22 34.18 34.15 34.12 34.10 34.07 34.04 34.01 33.99 33.97 33.95 33.93 33.91 33.89
33.54 33.54 33.55 33.59 33.68 33.78 33.87 33.97 34.06 34.15 34.25 34.34 34.43 34.52 34.61 34.69 34.78 34.87 34.94 35.02 35.10 35.18 35.25 35.33 35.40 35.46 35.53 35.59 35.66 35.72 35.78 35.83 35.90 35.94 35.99 36.04 36.01 35.94 35.84 35.75 35.67 35.59 35.50 35.43 35.35 35.27 35.21 35.14 35.07 35.01 34.94 34.88 34.83 34.77 34.71 34.65 34.61 34.55 34.50 34.46 34.42 34.37 34.33 34.30 34.26 34.22 34.18 34.15 34.12 34.09 34.06 34.03 34.00 33.99 33.96 33.94 33.92 33.90 33.89
33.55 33.55 33.55 33.56 33.62 33.71 33.82 33.91 34.01 34.10 34.20 34.29 34.38 34.48 34.56 34.65 34.73 34.82 34.90 34.99 35.06 35.15 35.22 35.30 35.36 35.44 35.50 35.58 35.64 35.70 35.76 35.81 35.88 35.93 35.98 36.03 36.05 36.00 35.91 35.82 35.73 35.64 35.56 35.48 35.40 35.33 35.25 35.17 35.11 35.04 34.97 34.92 34.85 34.79 34.73 34.68 34.62 34.57 34.52 34.48 34.43 34.38 34.34 34.30 34.26 34.22 34.18 34.16 34.12 34.09 34.06 34.03 34.01 33.98 33.95 33.93 33.91 33.89 33.87
