main/data/pressure/28.12.2023.grid
ncols 886
nrows 691
xllcenter 112.0000
yllcenter -44.5000
cellsize 0.0500
nodata_value 99999.90
[rows 455 to 489 of 691, columns 316 to 394 of 886]
18.84 18.87 18.88 18.90 18.89 18.88 18.86 18.84 18.82 18.80 18.78 18.76 18.74 18.72 18.70 18.69 18.68 18.66 18.65 18.64 18.64 18.63 18.61 18.61 18.59 18.59 18.57 18.56 18.55 18.53 18.51 18.49 18.46 18.44 18.41 18.37 18.34 18.30 18.27 18.22 18.18 18.13 18.07 18.01 17.96 17.89 17.82 17.75 17.67 17.59 17.51 17.42 17.33 17.24 17.14 17.03 16.92 16.80 16.69 16.57 16.45 16.31 16.18 16.04 15.91 15.77 15.62 15.48 15.34 15.20 15.05 14.90 14.76 14.62 14.49 14.35 14.21 14.09 13.96
18.84 18.85 18.86 18.85 18.84 18.82 18.81 18.80 18.78 18.76 18.75 18.73 18.72 18.70 18.69 18.68 18.67 18.66 18.64 18.63 18.63 18.62 18.61 18.60 18.59 18.58 18.57 18.55 18.53 18.52 18.50 18.48 18.45 18.43 18.40 18.36 18.33 18.29 18.25 18.20 18.16 18.10 18.05 17.99 17.93 17.86 17.79 17.71 17.63 17.55 17.46 17.37 17.28 17.18 17.08 16.97 16.86 16.75 16.62 16.50 16.38 16.25 16.11 15.98 15.85 15.71 15.57 15.42 15.29 15.14 15.01 14.86 14.73 14.59 14.46 14.33 14.20 14.08 13.96
18.78 18.80 18.79 18.79 18.79 18.77 18.76 18.76 18.74 18.73 18.71 18.70 18.69 18.68 18.66 18.66 18.65 18.64 18.64 18.62 18.62 18.61 18.60 18.59 18.58 18.58 18.56 18.55 18.53 18.51 18.49 18.47 18.45 18.42 18.39 18.35 18.32 18.27 18.24 18.18 18.14 18.08 18.02 17.97 17.90 17.83 17.76 17.68 17.61 17.52 17.43 17.34 17.24 17.14 17.04 16.92 16.81 16.69 16.58 16.46 16.32 16.20 16.07 15.94 15.80 15.66 15.53 15.38 15.25 15.11 14.98 14.83 14.71 14.57 14.44 14.31 14.19 14.07 13.96
18.72 18.73 18.73 18.74 18.73 18.73 18.72 18.71 18.70 18.69 18.68 18.68 18.66 18.65 18.65 18.64 18.64 18.62 18.62 18.62 18.60 18.60 18.59 18.59 18.57 18.57 18.55 18.54 18.52 18.50 18.48 18.46 18.44 18.41 18.38 18.34 18.31 18.26 18.22 18.17 18.12 18.06 18.00 17.95 17.88 17.80 17.73 17.66 17.57 17.49 17.40 17.30 17.20 17.10 16.99 16.88 16.77 16.66 16.53 16.41 16.28 16.16 16.02 15.89 15.76 15.62 15.48 15.35 15.21 15.08 14.95 14.81 14.69 14.55 14.43 14.30 14.19 14.07 13.96
18.65 18.67 18.67 18.67 18.68 18.67 18.67 18.67 18.66 18.66 18.66 18.64 18.64 18.64 18.62 18.62 18.62 18.62 18.61 18.60 18.59 18.59 18.58 18.58 18.57 18.55 18.55 18.53 18.52 18.50 18.48 18.45 18.43 18.40 18.36 18.33 18.30 18.25 18.21 18.15 18.11 18.05 17.98 17.93 17.85 17.78 17.70 17.63 17.55 17.46 17.36 17.27 17.17 17.06 16.96 16.84 16.73 16.61 16.49 16.36 16.24 16.11 15.99 15.86 15.72 15.59 15.46 15.32 15.19 15.06 14.92 14.79 14.67 14.54 14.42 14.30 14.19 14.07 13.97
18.59 18.61 18.62 18.62 18.63 18.63 18.63 18.63 18.63 18.63 18.62 18.62 18.61 18.61 18.61 18.61 18.60 18.60 18.59 18.59 18.58 18.58 18.57 18.57 18.56 18.54 18.54 18.52 18.51 18.49 18.47 18.44 18.42 18.38 18.35 18.32 18.27 18.24 18.19 18.14 18.09 18.03 17.96 17.91 17.83 17.76 17.68 17.60 17.52 17.43 17.33 17.24 17.13 17.03 16.92 16.81 16.69 16.58 16.46 16.33 16.21 16.08 15.95 15.82 15.69 15.56 15.42 15.29 15.17 15.04 14.90 14.78 14.65 14.53 14.42 14.30 14.19 14.09 13.97
18.54 18.56 18.57 18.57 18.59 18.59 18.59 18.59 18.60 18.59 18.60 18.59 18.59 18.59 18.59 18.59 18.58 18.58 18.58 18.58 18.58 18.57 18.56 18.56 18.55 18.54 18.52 18.52 18.50 18.48 18.46 18.44 18.41 18.37 18.34 18.31 18.26 18.22 18.17 18.12 18.06 18.01 17.95 17.89 17.81 17.74 17.67 17.58 17.49 17.40 17.31 17.21 17.10 17.01 16.89 16.79 16.67 16.54 16.42 16.30 16.18 16.05 15.92 15.80 15.66 15.53 15.40 15.28 15.14 15.02 14.89 14.77 14.65 14.53 14.42 14.30 14.20 14.09 13.99
18.49 18.51 18.53 18.53 18.54 18.55 18.55 18.56 18.56 18.57 18.56 18.57 18.57 18.57 18.58 18.57 18.58 18.57 18.57 18.57 18.57 18.56 18.55 18.55 18.54 18.53 18.51 18.51 18.49 18.46 18.45 18.42 18.39 18.36 18.33 18.30 18.25 18.21 18.16 18.11 18.05 18.00 17.93 17.87 17.79 17.72 17.64 17.56 17.47 17.38 17.28 17.18 17.09 16.98 16.87 16.76 16.64 16.52 16.40 16.28 16.15 16.02 15.90 15.77 15.64 15.52 15.38 15.25 15.13 15.01 14.89 14.76 14.64 14.53 14.41 14.31 14.20 14.10 14.00
18.45 18.46 18.48 18.50 18.50 18.51 18.52 18.52 18.54 18.54 18.54 18.54 18.55 18.55 18.56 18.55 18.56 18.55 18.56 18.55 18.56 18.55 18.54 18.54 18.53 18.52 18.51 18.49 18.47 18.45 18.43 18.41 18.38 18.35 18.32 18.28 18.24 18.20 18.14 18.10 18.03 17.98 17.91 17.85 17.78 17.70 17.62 17.54 17.45 17.35 17.26 17.16 17.06 16.95 16.84 16.73 16.61 16.50 16.38 16.25 16.13 16.00 15.88 15.74 15.62 15.49 15.37 15.24 15.12 14.99 14.87 14.76 14.64 14.53 14.42 14.31 14.21 14.12 14.02
18.40 18.43 18.44 18.45 18.46 18.48 18.49 18.50 18.50 18.52 18.52 18.53 18.53 18.54 18.54 18.55 18.54 18.54 18.55 18.54 18.55 18.54 18.53 18.52 18.52 18.51 18.50 18.48 18.46 18.44 18.42 18.40 18.37 18.34 18.30 18.26 18.23 18.17 18.13 18.08 18.02 17.96 17.90 17.83 17.76 17.68 17.59 17.52 17.43 17.33 17.24 17.14 17.04 16.93 16.82 16.70 16.59 16.47 16.35 16.23 16.10 15.98 15.86 15.73 15.61 15.48 15.36 15.23 15.11 14.99 14.87 14.76 14.65 14.53 14.42 14.32 14.23 14.12 14.03
18.37 18.39 18.40 18.43 18.44 18.45 18.46 18.47 18.49 18.49 18.49 18.51 18.51 18.52 18.52 18.53 18.53 18.53 18.53 18.53 18.54 18.53 18.52 18.51 18.51 18.50 18.49 18.47 18.45 18.43 18.41 18.39 18.36 18.32 18.29 18.25 18.21 18.16 18.12 18.06 18.00 17.95 17.88 17.81 17.74 17.66 17.57 17.50 17.40 17.31 17.21 17.12 17.01 16.90 16.79 16.68 16.56 16.45 16.33 16.20 16.08 15.96 15.83 15.71 15.59 15.46 15.34 15.22 15.10 14.98 14.87 14.75 14.64 14.53 14.43 14.33 14.24 14.14 14.05
18.34 18.36 18.38 18.39 18.41 18.43 18.44 18.45 18.46 18.47 18.48 18.49 18.50 18.50 18.50 18.52 18.52 18.51 18.52 18.52 18.51 18.52 18.51 18.50 18.49 18.49 18.48 18.46 18.44 18.42 18.40 18.38 18.34 18.31 18.28 18.24 18.19 18.15 18.10 18.04 17.99 17.92 17.86 17.79 17.72 17.64 17.55 17.48 17.38 17.29 17.20 17.10 16.99 16.88 16.77 16.66 16.55 16.43 16.31 16.19 16.07 15.95 15.82 15.70 15.58 15.46 15.34 15.21 15.09 14.97 14.86 14.75 14.65 14.54 14.44 14.35 14.26 14.16 14.07
18.31 18.33 18.35 18.36 18.39 18.40 18.41 18.43 18.44 18.45 18.46 18.47 18.48 18.49 18.49 18.50 18.50 18.50 18.51 18.51 18.50 18.51 18.50 18.49 18.48 18.47 18.46 18.44 18.42 18.40 18.38 18.36 18.33 18.30 18.26 18.23 18.18 18.13 18.08 18.03 17.97 17.91 17.85 17.77 17.70 17.62 17.54 17.46 17.36 17.27 17.17 17.08 16.97 16.86 16.75 16.64 16.53 16.41 16.29 16.17 16.05 15.93 15.80 15.68 15.56 15.44 15.32 15.20 15.09 14.98 14.87 14.76 14.65 14.54 14.45 14.35 14.26 14.18 14.10
18.29 18.31 18.32 18.35 18.36 18.38 18.40 18.41 18.42 18.44 18.45 18.45 18.47 18.47 18.48 18.49 18.49 18.49 18.50 18.50 18.49 18.49 18.49 18.49 18.48 18.46 18.45 18.43 18.42 18.39 18.37 18.35 18.32 18.29 18.24 18.20 18.16 18.12 18.06 18.01 17.95 17.89 17.82 17.75 17.68 17.60 17.52 17.44 17.34 17.25 17.16 17.05 16.95 16.84 16.73 16.62 16.51 16.39 16.27 16.15 16.03 15.91 15.79 15.67 15.55 15.43 15.31 15.19 15.08 14.97 14.86 14.75 14.65 14.55 14.46 14.37 14.28 14.20 14.12
18.26 18.28 18.31 18.33 18.34 18.36 18.38 18.39 18.40 18.42 18.43 18.44 18.46 18.46 18.47 18.48 18.48 18.48 18.49 18.49 18.49 18.48 18.47 18.48 18.47 18.45 18.44 18.42 18.41 18.38 18.36 18.33 18.31 18.26 18.23 18.19 18.15 18.10 18.05 18.00 17.93 17.87 17.80 17.74 17.66 17.58 17.50 17.41 17.32 17.23 17.13 17.03 16.93 16.82 16.71 16.60 16.49 16.37 16.25 16.13 16.01 15.89 15.78 15.66 15.54 15.42 15.31 15.19 15.08 14.97 14.87 14.76 14.66 14.57 14.47 14.39 14.30 14.22 14.14
18.24 18.26 18.29 18.31 18.32 18.35 18.36 18.38 18.39 18.41 18.42 18.43 18.44 18.45 18.45 18.47 18.47 18.47 18.47 18.48 18.48 18.47 18.46 18.46 18.45 18.44 18.43 18.41 18.40 18.37 18.34 18.31 18.28 18.25 18.22 18.18 18.13 18.08 18.03 17.97 17.92 17.86 17.79 17.71 17.64 17.56 17.48 17.39 17.30 17.21 17.11 17.01 16.91 16.80 16.69 16.58 16.47 16.35 16.23 16.11 15.99 15.88 15.76 15.65 15.53 15.41 15.30 15.19 15.08 14.97 14.86 14.76 14.67 14.57 14.48 14.39 14.32 14.24 14.17
18.22 18.25 18.27 18.29 18.31 18.33 18.35 18.36 18.38 18.39 18.40 18.41 18.43 18.44 18.44 18.45 18.46 18.46 18.46 18.46 18.47 18.46 18.46 18.45 18.44 18.43 18.41 18.39 18.37 18.35 18.33 18.30 18.27 18.24 18.20 18.16 18.11 18.07 18.01 17.96 17.90 17.83 17.77 17.69 17.62 17.54 17.46 17.37 17.29 17.19 17.09 16.99 16.89 16.78 16.67 16.56 16.45 16.33 16.21 16.10 15.99 15.87 15.75 15.63 15.52 15.40 15.29 15.18 15.08 14.97 14.87 14.77 14.68 14.59 14.50 14.41 14.33 14.26 14.19
18.21 18.24 18.26 18.28 18.29 18.32 18.33 18.35 18.36 18.38 18.39 18.40 18.42 18.43 18.43 18.44 18.45 18.45 18.45 18.45 18.45 18.45 18.45 18.44 18.43 18.42 18.40 18.38 18.36 18.34 18.32 18.29 18.26 18.22 18.18 18.14 18.10 18.04 18.00 17.94 17.88 17.82 17.74 17.68 17.60 17.52 17.44 17.35 17.26 17.17 17.07 16.96 16.87 16.76 16.65 16.54 16.43 16.31 16.19 16.09 15.97 15.85 15.74 15.62 15.51 15.40 15.29 15.18 15.08 14.97 14.87 14.78 14.68 14.60 14.52 14.44 14.36 14.29 14.22
18.20 18.23 18.24 18.26 18.28 18.31 18.32 18.34 18.35 18.37 18.38 18.39 18.41 18.42 18.42 18.43 18.43 18.44 18.44 18.44 18.44 18.43 18.43 18.42 18.42 18.41 18.39 18.37 18.35 18.33 18.30 18.27 18.24 18.21 18.17 18.13 18.08 18.03 17.98 17.92 17.86 17.80 17.73 17.66 17.58 17.50 17.41 17.33 17.24 17.15 17.05 16.94 16.85 16.74 16.63 16.52 16.41 16.29 16.19 16.07 15.95 15.84 15.72 15.62 15.50 15.39 15.28 15.18 15.07 14.97 14.88 14.79 14.70 14.61 14.53 14.45 14.38 14.31 14.25
18.18 18.21 18.23 18.25 18.27 18.30 18.31 18.33 18.34 18.36 18.37 18.38 18.39 18.41 18.42 18.42 18.42 18.42 18.43 18.43 18.43 18.43 18.42 18.41 18.40 18.39 18.37 18.35 18.33 18.31 18.29 18.26 18.23 18.19 18.16 18.11 18.06 18.02 17.96 17.90 17.84 17.77 17.71 17.64 17.56 17.48 17.39 17.31 17.22 17.12 17.03 16.92 16.83 16.72 16.61 16.50 16.39 16.28 16.17 16.05 15.94 15.82 15.71 15.61 15.49 15.39 15.28 15.18 15.08 14.98 14.89 14.79 14.70 14.62 14.55 14.47 14.40 14.33 14.27
18.17 18.20 18.22 18.24 18.26 18.29 18.30 18.32 18.33 18.34 18.36 18.37 18.38 18.39 18.41 18.41 18.41 18.42 18.42 18.41 18.42 18.42 18.41 18.40 18.39 18.38 18.36 18.34 18.32 18.30 18.27 18.25 18.21 18.17 18.13 18.09 18.05 17.99 17.94 17.89 17.83 17.76 17.69 17.61 17.54 17.46 17.38 17.28 17.20 17.10 17.01 16.90 16.80 16.70 16.59 16.49 16.37 16.26 16.14 16.04 15.92 15.81 15.71 15.60 15.49 15.38 15.28 15.18 15.08 14.98 14.89 14.81 14.72 14.64 14.56 14.49 14.43 14.36 14.30
18.16 18.18 18.21 18.23 18.25 18.27 18.29 18.31 18.32 18.33 18.35 18.37 18.37 18.38 18.39 18.39 18.41 18.41 18.41 18.41 18.40 18.40 18.39 18.39 18.38 18.37 18.35 18.33 18.30 18.29 18.25 18.22 18.19 18.16 18.12 18.08 18.02 17.98 17.93 17.86 17.80 17.74 17.66 17.60 17.51 17.44 17.36 17.26 17.18 17.08 16.99 16.88 16.78 16.68 16.57 16.46 16.36 16.24 16.14 16.02 15.91 15.80 15.70 15.59 15.48 15.38 15.28 15.18 15.08 14.98 14.90 14.82 14.73 14.65 14.59 14.51 14.45 14.38 14.33
18.15 18.17 18.20 18.22 18.24 18.26 18.27 18.30 18.31 18.33 18.34 18.35 18.37 18.37 18.38 18.38 18.39 18.39 18.40 18.40 18.39 18.39 18.38 18.37 18.36 18.35 18.33 18.31 18.29 18.27 18.24 18.21 18.18 18.15 18.10 18.06 18.01 17.96 17.90 17.84 17.79 17.71 17.65 17.58 17.50 17.42 17.33 17.25 17.15 17.06 16.96 16.87 16.76 16.66 16.55 16.44 16.34 16.23 16.11 16.01 15.90 15.79 15.69 15.58 15.47 15.38 15.28 15.18 15.08 15.00 14.91 14.82 14.74 14.67 14.60 14.53 14.47 14.41 14.36
18.14 18.16 18.18 18.20 18.23 18.25 18.27 18.28 18.30 18.32 18.33 18.34 18.35 18.36 18.37 18.38 18.38 18.38 18.38 18.38 18.39 18.38 18.37 18.36 18.35 18.34 18.32 18.30 18.28 18.26 18.23 18.19 18.16 18.12 18.08 18.04 17.99 17.94 17.88 17.83 17.76 17.70 17.63 17.55 17.48 17.39 17.31 17.23 17.13 17.04 16.94 16.85 16.74 16.64 16.53 16.42 16.32 16.21 16.10 16.00 15.89 15.79 15.68 15.57 15.47 15.37 15.27 15.18 15.09 15.00 14.92 14.84 14.76 14.69 14.62 14.56 14.50 14.44 14.39
18.13 18.16 18.18 18.20 18.21 18.24 18.26 18.27 18.29 18.30 18.32 18.33 18.34 18.35 18.35 18.36 18.37 18.37 18.37 18.37 18.37 18.36 18.35 18.34 18.33 18.32 18.30 18.28 18.26 18.24 18.21 18.18 18.15 18.11 18.07 18.02 17.97 17.92 17.87 17.80 17.74 17.68 17.60 17.53 17.46 17.37 17.29 17.20 17.11 17.01 16.92 16.82 16.72 16.62 16.52 16.41 16.31 16.20 16.08 15.98 15.87 15.78 15.67 15.56 15.46 15.37 15.27 15.19 15.10 15.01 14.92 14.85 14.77 14.70 14.64 14.58 14.52 14.47 14.42
18.12 18.14 18.17 18.19 18.21 18.22 18.25 18.27 18.28 18.29 18.30 18.31 18.33 18.34 18.35 18.35 18.35 18.35 18.36 18.36 18.36 18.35 18.34 18.33 18.32 18.31 18.29 18.27 18.25 18.22 18.20 18.17 18.12 18.09 18.05 18.00 17.96 17.90 17.84 17.79 17.73 17.65 17.59 17.52 17.43 17.35 17.26 17.18 17.08 16.99 16.90 16.80 16.70 16.60 16.49 16.39 16.28 16.18 16.07 15.97 15.86 15.77 15.66 15.56 15.47 15.37 15.27 15.19 15.10 15.01 14.94 14.86 14.79 14.73 14.66 14.60 14.55 14.50 14.46
18.11 18.13 18.15 18.17 18.20 18.22 18.23 18.25 18.26 18.28 18.30 18.31 18.31 18.32 18.33 18.34 18.35 18.35 18.35 18.34 18.34 18.33 18.32 18.31 18.30 18.29 18.27 18.25 18.23 18.20 18.17 18.14 18.11 18.07 18.03 17.98 17.93 17.88 17.83 17.76 17.70 17.64 17.57 17.49 17.41 17.33 17.25 17.16 17.07 16.98 16.88 16.78 16.68 16.58 16.47 16.37 16.27 16.17 16.06 15.96 15.85 15.75 15.65 15.55 15.46 15.37 15.27 15.19 15.11 15.03 14.95 14.88 14.81 14.75 14.68 14.63 14.57 14.53 14.48
18.10 18.12 18.14 18.16 18.18 18.20 18.23 18.24 18.25 18.27 18.28 18.30 18.31 18.31 18.32 18.32 18.33 18.33 18.34 18.33 18.33 18.32 18.32 18.30 18.29 18.28 18.26 18.24 18.22 18.19 18.16 18.13 18.09 18.05 18.01 17.97 17.92 17.86 17.80 17.75 17.68 17.61 17.54 17.47 17.39 17.31 17.23 17.13 17.05 16.95 16.86 16.76 16.66 16.56 16.46 16.36 16.25 16.15 16.05 15.95 15.84 15.74 15.65 15.55 15.46 15.37 15.28 15.20 15.11 15.04 14.96 14.89 14.83 14.76 14.71 14.65 14.60 14.56 14.51
18.08 18.11 18.14 18.16 18.17 18.19 18.21 18.23 18.25 18.26 18.27 18.28 18.29 18.30 18.31 18.32 18.32 18.32 18.32 18.32 18.31 18.30 18.30 18.29 18.27 18.26 18.24 18.22 18.20 18.17 18.14 18.11 18.07 18.04 18.00 17.95 17.89 17.84 17.79 17.73 17.66 17.59 17.52 17.44 17.37 17.29 17.20 17.12 17.03 16.93 16.84 16.74 16.64 16.54 16.44 16.33 16.24 16.13 16.04 15.93 15.84 15.73 15.64 15.55 15.46 15.37 15.28 15.20 15.12 15.05 14.98 14.91 14.85 14.78 14.73 14.68 14.64 14.59 14.56
18.08 18.10 18.12 18.14 18.17 18.18 18.20 18.22 18.23 18.24 18.26 18.27 18.28 18.29 18.29 18.30 18.30 18.30 18.31 18.31 18.30 18.30 18.29 18.28 18.26 18.25 18.23 18.21 18.18 18.16 18.13 18.10 18.05 18.01 17.97 17.93 17.88 17.83 17.76 17.70 17.64 17.58 17.50 17.43 17.35 17.26 17.18 17.10 17.00 16.91 16.81 16.72 16.62 16.52 16.43 16.32 16.23 16.12 16.03 15.92 15.83 15.73 15.64 15.54 15.46 15.37 15.28 15.21 15.13 15.06 14.99 14.93 14.86 14.81 14.76 14.71 14.66 14.62 14.59
18.06 18.08 18.11 18.13 18.15 18.17 18.18 18.21 18.22 18.23 18.25 18.26 18.26 18.27 18.29 18.29 18.29 18.29 18.29 18.29 18.28 18.28 18.27 18.26 18.24 18.23 18.21 18.19 18.16 18.14 18.11 18.07 18.04 18.00 17.96 17.90 17.85 17.80 17.75 17.69 17.61 17.55 17.48 17.40 17.32 17.24 17.16 17.07 16.98 16.89 16.80 16.70 16.60 16.51 16.40 16.31 16.20 16.11 16.01 15.91 15.82 15.72 15.63 15.54 15.46 15.37 15.29 15.22 15.14 15.07 15.00 14.95 14.88 14.83 14.78 14.74 14.69 14.66 14.62
18.05 18.07 18.09 18.11 18.14 18.16 18.18 18.19 18.20 18.22 18.24 18.25 18.26 18.26 18.27 18.27 18.27 18.27 18.27 18.28 18.27 18.27 18.26 18.25 18.23 18.22 18.20 18.18 18.15 18.12 18.08 18.05 18.02 17.98 17.93 17.89 17.84 17.79 17.72 17.66 17.60 17.53 17.45 17.38 17.31 17.23 17.14 17.05 16.96 16.87 16.78 16.68 16.59 16.49 16.39 16.29 16.19 16.10 16.00 15.91 15.81 15.72 15.63 15.54 15.45 15.38 15.29 15.23 15.15 15.09 15.02 14.96 14.90 14.86 14.80 14.77 14.72 14.69 14.65
18.04 18.06 18.09 18.11 18.13 18.14 18.16 18.17 18.20 18.21 18.22 18.23 18.24 18.24 18.25 18.26 18.27 18.27 18.26 18.26 18.25 18.25 18.24 18.23 18.21 18.19 18.18 18.15 18.13 18.10 18.07 18.04 18.00 17.96 17.92 17.86 17.81 17.76 17.70 17.65 17.57 17.51 17.44 17.36 17.28 17.20 17.12 17.03 16.94 16.85 16.75 16.66 16.57 16.47 16.38 16.27 16.18 16.09 15.99 15.90 15.80 15.72 15.62 15.54 15.46 15.38 15.30 15.24 15.16 15.10 15.04 14.98 14.93 14.88 14.83 14.79 14.76 14.72 14.70
18.03 18.05 18.07 18.09 18.11 18.14 18.15 18.17 18.18 18.19 18.20 18.21 18.23 18.24 18.24 18.25 18.25 18.25 18.25 18.24 18.24 18.24 18.23 18.22 18.20 18.18 18.16 18.14 18.11 18.08 18.05 18.02 17.98 17.94 17.90 17.85 17.80 17.74 17.68 17.62 17.56 17.49 17.41 17.34 17.26 17.17 17.09 17.01 16.92 16.83 16.74 16.64 16.55 16.45 16.35 16.26 16.17 16.07 15.98 15.88 15.80 15.71 15.62 15.54 15.46 15.39 15.31 15.25 15.17 15.12 15.05 15.00 14.95 14.91 14.87 14.82 14.79 14.76 14.73
18.01 18.03 18.05 18.08 18.10 18.12 18.13 18.15 18.17 18.18 18.19 18.20 18.21 18.22 18.22 18.23 18.24 18.24 18.24 18.23 18.23 18.22 18.21 18.20 18.18 18.16 18.14 18.12 18.10 18.07 18.04 18.00 17.97 17.91 17.87 17.82 17.77 17.72 17.66 17.60 17.53 17.46 17.39 17.32 17.23 17.16 17.07 16.99 16.90 16.81 16.71 16.62 16.53 16.43 16.34 16.25 16.15 16.06 15.97 15.88 15.80 15.70 15.63 15.54 15.47 15.39 15.32 15.26 15.19 15.13 15.07 15.02 14.97 14.93 14.88 14.85 14.82 14.79 14.77
