main/data/pressure/28.12.2023.grid
ncols 886
nrows 691
xllcenter 112.0000
yllcenter -44.5000
cellsize 0.0500
nodata_value 99999.90
[rows 35 to 69 of 691, columns 237 to 315 of 886]
37.77 37.78 37.80 37.81 37.83 37.83 37.82 37.82 37.81 37.79 37.79 37.78 37.78 37.76 37.75 37.74 37.73 37.72 37.71 37.70 37.69 37.67 37.66 37.64 37.64 37.62 37.61 37.59 37.58 37.56 37.55 37.53 37.52 37.51 37.49 37.47 37.46 37.44 37.42 37.41 37.39 37.37 37.35 37.33 37.31 37.29 37.27 37.25 37.23 37.21 37.19 37.17 37.15 37.12 37.10 37.08 37.05 37.03 37.01 36.98 36.97 36.94 36.92 36.89 36.87 36.84 36.82 36.80 36.78 36.75 36.74 36.71 36.69 36.66 36.65 36.63 36.60 36.59 36.57
37.75 37.77 37.79 37.80 37.80 37.80 37.79 37.78 37.77 37.76 37.76 37.74 37.73 37.73 37.71 37.70 37.69 37.68 37.67 37.66 37.64 37.64 37.62 37.61 37.59 37.59 37.57 37.56 37.54 37.53 37.51 37.50 37.48 37.47 37.45 37.43 37.42 37.41 37.38 37.37 37.35 37.33 37.31 37.29 37.28 37.26 37.24 37.22 37.19 37.17 37.15 37.13 37.11 37.09 37.06 37.04 37.02 36.99 36.97 36.96 36.93 36.91 36.88 36.86 36.83 36.82 36.79 36.77 36.74 36.72 36.70 36.68 36.65 36.64 36.61 36.59 36.58 36.55 36.53
37.74 37.76 37.78 37.77 37.76 37.76 37.75 37.74 37.74 37.72 37.71 37.71 37.70 37.68 37.68 37.66 37.65 37.65 37.63 37.62 37.61 37.59 37.59 37.57 37.56 37.54 37.53 37.52 37.51 37.49 37.48 37.46 37.45 37.43 37.41 37.40 37.38 37.36 37.35 37.33 37.31 37.30 37.28 37.25 37.24 37.22 37.20 37.18 37.16 37.13 37.12 37.09 37.07 37.05 37.03 37.00 36.99 36.97 36.94 36.92 36.89 36.87 36.84 36.82 36.80 36.78 36.75 36.73 36.71 36.69 36.66 36.65 36.62 36.60 36.58 36.56 36.54 36.53 36.50
37.73 37.74 37.75 37.74 37.73 37.73 37.71 37.70 37.69 37.69 37.68 37.66 37.66 37.65 37.63 37.63 37.62 37.60 37.60 37.58 37.57 37.56 37.54 37.54 37.52 37.50 37.49 37.48 37.47 37.45 37.44 37.42 37.41 37.39 37.37 37.36 37.34 37.32 37.31 37.29 37.27 37.25 37.24 37.22 37.20 37.18 37.16 37.14 37.12 37.10 37.08 37.06 37.04 37.02 37.00 36.97 36.95 36.93 36.90 36.88 36.86 36.83 36.82 36.79 36.77 36.74 36.72 36.70 36.68 36.65 36.64 36.61 36.59 36.56 36.55 36.53 36.51 36.49 36.47
37.72 37.71 37.70 37.70 37.69 37.68 37.68 37.67 37.66 37.65 37.64 37.63 37.62 37.61 37.60 37.59 37.57 37.57 37.55 37.54 37.53 37.52 37.51 37.49 37.48 37.47 37.45 37.44 37.42 37.41 37.39 37.38 37.36 37.35 37.33 37.32 37.31 37.28 37.27 37.25 37.23 37.21 37.20 37.18 37.15 37.14 37.12 37.10 37.08 37.06 37.04 37.02 37.00 36.98 36.96 36.94 36.91 36.89 36.87 36.84 36.82 36.80 36.78 36.76 36.73 36.71 36.69 36.67 36.64 36.62 36.60 36.58 36.55 36.54 36.51 36.50 36.48 36.45 36.44
37.68 37.67 37.66 37.66 37.65 37.64 37.63 37.63 37.62 37.61 37.60 37.59 37.58 37.57 37.55 37.55 37.54 37.52 37.52 37.50 37.49 37.48 37.47 37.45 37.44 37.43 37.42 37.40 37.38 37.37 37.35 37.34 37.32 37.31 37.30 37.28 37.26 37.24 37.23 37.21 37.19 37.17 37.16 37.14 37.11 37.10 37.08 37.06 37.04 37.02 37.00 36.98 36.96 36.94 36.92 36.90 36.87 36.85 36.83 36.80 36.78 36.77 36.74 36.72 36.69 36.68 36.65 36.63 36.60 36.59 36.56 36.54 36.52 36.50 36.49 36.46 36.44 36.42 36.40
37.65 37.64 37.63 37.62 37.62 37.61 37.59 37.58 37.58 37.57 37.56 37.55 37.55 37.53 37.52 37.51 37.50 37.49 37.47 37.46 37.45 37.44 37.42 37.42 37.40 37.38 37.37 37.36 37.35 37.33 37.32 37.30 37.29 37.27 37.25 37.23 37.22 37.21 37.18 37.17 37.15 37.13 37.11 37.10 37.08 37.05 37.03 37.02 37.00 36.98 36.96 36.94 36.92 36.90 36.88 36.86 36.83 36.81 36.79 36.76 36.75 36.73 36.70 36.68 36.66 36.64 36.62 36.59 36.58 36.55 36.53 36.51 36.49 36.46 36.45 36.42 36.41 36.39 36.37
37.60 37.60 37.59 37.58 37.58 37.57 37.56 37.55 37.54 37.53 37.52 37.51 37.50 37.49 37.48 37.47 37.46 37.44 37.44 37.42 37.41 37.39 37.39 37.37 37.36 37.35 37.33 37.31 37.30 37.28 37.27 37.25 37.24 37.22 37.21 37.19 37.18 37.16 37.14 37.12 37.10 37.08 37.07 37.05 37.03 37.01 36.99 36.97 36.95 36.94 36.92 36.90 36.88 36.86 36.84 36.81 36.79 36.77 36.75 36.72 36.71 36.69 36.66 36.64 36.63 36.60 36.58 36.55 36.54 36.51 36.50 36.47 36.45 36.43 36.41 36.39 36.37 36.35 36.34
37.56 37.56 37.55 37.54 37.53 37.52 37.52 37.51 37.50 37.49 37.48 37.47 37.46 37.45 37.44 37.43 37.41 37.41 37.39 37.38 37.37 37.36 37.34 37.33 37.32 37.30 37.29 37.28 37.26 37.24 37.23 37.21 37.20 37.18 37.17 37.14 37.13 37.12 37.09 37.08 37.05 37.04 37.02 37.01 36.99 36.96 36.94 36.93 36.91 36.89 36.87 36.85 36.83 36.81 36.79 36.77 36.75 36.73 36.71 36.69 36.67 36.65 36.62 36.60 36.59 36.56 36.54 36.52 36.50 36.47 36.46 36.43 36.41 36.40 36.37 36.36 36.33 36.32 36.30
37.52 37.51 37.51 37.50 37.49 37.48 37.47 37.47 37.46 37.45 37.44 37.43 37.42 37.40 37.40 37.39 37.38 37.36 37.35 37.33 37.33 37.31 37.30 37.28 37.28 37.26 37.24 37.23 37.21 37.20 37.18 37.16 37.15 37.13 37.12 37.10 37.08 37.07 37.05 37.03 37.01 36.99 36.97 36.96 36.93 36.91 36.90 36.88 36.86 36.84 36.82 36.80 36.79 36.77 36.75 36.73 36.71 36.68 36.66 36.65 36.63 36.61 36.58 36.56 36.55 36.52 36.50 36.48 36.46 36.43 36.42 36.40 36.38 36.36 36.33 36.32 36.30 36.28 36.26
37.48 37.47 37.47 37.46 37.45 37.44 37.43 37.42 37.41 37.40 37.39 37.39 37.38 37.37 37.36 37.34 37.33 37.33 37.31 37.30 37.28 37.27 37.26 37.25 37.23 37.21 37.21 37.19 37.17 37.16 37.14 37.12 37.11 37.08 37.07 37.05 37.03 37.01 37.00 36.98 36.95 36.94 36.92 36.91 36.88 36.86 36.85 36.83 36.81 36.79 36.77 36.76 36.74 36.72 36.70 36.68 36.66 36.64 36.62 36.61 36.59 36.56 36.54 36.52 36.50 36.48 36.46 36.44 36.42 36.40 36.38 36.36 36.34 36.32 36.30 36.28 36.26 36.24 36.23
37.44 37.43 37.42 37.41 37.41 37.41 37.40 37.39 37.38 37.37 37.36 37.34 37.33 37.32 37.31 37.31 37.29 37.28 37.27 37.25 37.24 37.22 37.22 37.20 37.18 37.17 37.16 37.14 37.12 37.11 37.09 37.07 37.06 37.04 37.02 37.00 36.98 36.96 36.94 36.93 36.90 36.89 36.87 36.84 36.83 36.81 36.79 36.77 36.76 36.74 36.72 36.70 36.69 36.67 36.65 36.63 36.61 36.59 36.57 36.55 36.54 36.52 36.50 36.47 36.46 36.44 36.42 36.40 36.38 36.35 36.34 36.32 36.30 36.28 36.26 36.24 36.23 36.20 36.19
37.40 37.39 37.38 37.38 37.37 37.36 37.35 37.35 37.34 37.33 37.32 37.31 37.30 37.28 37.27 37.26 37.25 37.23 37.22 37.21 37.20 37.19 37.17 37.15 37.14 37.12 37.11 37.09 37.07 37.06 37.04 37.02 37.01 36.98 36.97 36.95 36.93 36.91 36.89 36.86 36.85 36.83 36.81 36.78 36.77 36.75 36.73 36.72 36.70 36.67 36.65 36.64 36.62 36.60 36.60 36.58 36.56 36.54 36.52 36.50 36.49 36.47 36.45 36.43 36.42 36.40 36.37 36.36 36.34 36.31 36.30 36.28 36.26 36.24 36.22 36.20 36.19 36.16 36.15
37.36 37.35 37.34 37.34 37.33 37.32 37.31 37.30 37.29 37.28 37.27 37.26 37.25 37.24 37.22 37.21 37.20 37.20 37.18 37.17 37.16 37.14 37.12 37.11 37.09 37.08 37.06 37.04 37.02 37.01 36.99 36.97 36.96 36.93 36.92 36.89 36.87 36.85 36.83 36.80 36.79 36.77 36.74 36.72 36.71 36.69 36.67 36.64 36.63 36.61 36.59 36.58 36.56 36.55 36.53 36.51 36.51 36.49 36.47 36.45 36.43 36.42 36.40 36.38 36.36 36.35 36.33 36.32 36.30 36.27 36.26 36.24 36.22 36.20 36.18 36.16 36.15 36.12 36.11
37.32 37.31 37.30 37.30 37.29 37.28 37.27 37.26 37.25 37.24 37.23 37.22 37.21 37.20 37.19 37.17 37.16 37.15 37.14 37.12 37.11 37.09 37.08 37.06 37.05 37.03 37.01 36.99 36.97 36.96 36.94 36.92 36.90 36.88 36.85 36.83 36.81 36.79 36.76 36.74 36.72 36.69 36.67 36.66 36.64 36.61 36.59 36.58 36.56 36.54 36.53 36.51 36.50 36.48 36.47 36.45 36.44 36.43 36.42 36.40 36.38 36.36 36.36 36.34 36.32 36.31 36.29 36.26 36.25 36.23 36.22 36.19 36.18 36.16 36.14 36.12 36.11 36.08 36.07
37.27 37.26 37.26 37.25 37.24 37.23 37.22 37.21 37.20 37.19 37.18 37.17 37.16 37.15 37.14 37.13 37.11 37.10 37.09 37.07 37.06 37.04 37.03 37.01 36.99 36.98 36.96 36.94 36.92 36.90 36.88 36.86 36.83 36.82 36.79 36.77 36.74 36.72 36.69 36.67 36.64 36.62 36.60 36.58 36.55 36.54 36.52 36.50 36.49 36.47 36.46 36.44 36.43 36.41 36.40 36.39 36.37 36.36 36.35 36.34 36.33 36.31 36.29 36.29 36.27 36.26 36.24 36.22 36.21 36.19 36.17 36.15 36.14 36.12 36.10 36.08 36.07 36.04 36.03
37.23 37.22 37.21 37.20 37.20 37.19 37.18 37.17 37.16 37.15 37.14 37.13 37.12 37.10 37.10 37.08 37.07 37.05 37.04 37.03 37.01 36.99 36.98 36.96 36.95 36.93 36.91 36.89 36.87 36.84 36.83 36.80 36.77 36.75 36.72 36.69 36.67 36.64 36.62 36.60 36.56 36.54 36.51 36.49 36.47 36.45 36.44 36.42 36.39 36.38 36.37 36.35 36.34 36.33 36.33 36.32 36.31 36.30 36.28 36.27 36.27 36.26 36.24 36.23 36.22 36.20 36.19 36.17 36.15 36.14 36.12 36.11 36.09 36.07 36.05 36.04 36.02 36.00 35.99
37.18 37.18 37.17 37.16 37.15 37.15 37.14 37.13 37.11 37.10 37.09 37.08 37.07 37.06 37.05 37.04 37.03 37.01 36.99 36.98 36.96 36.94 36.93 36.91 36.90 36.88 36.86 36.84 36.81 36.79 36.76 36.74 36.71 36.68 36.66 36.62 36.60 36.56 36.53 36.51 36.48 36.45 36.42 36.40 36.38 36.35 36.33 36.32 36.30 36.29 36.28 36.27 36.26 36.25 36.24 36.23 36.22 36.23 36.22 36.21 36.20 36.20 36.18 36.17 36.16 36.15 36.13 36.12 36.11 36.10 36.07 36.06 36.04 36.03 36.01 35.99 35.98 35.96 35.95
37.14 37.13 37.13 37.12 37.10 37.09 37.09 37.08 37.07 37.06 37.05 37.03 37.02 37.01 37.00 36.99 36.98 36.96 36.95 36.93 36.92 36.89 36.88 36.86 36.84 36.83 36.79 36.78 36.75 36.72 36.69 36.66 36.64 36.61 36.57 36.55 36.51 36.48 36.44 36.42 36.38 36.35 36.33 36.29 36.27 36.25 36.23 36.22 36.20 36.19 36.17 36.17 36.16 36.16 36.15 36.15 36.14 36.14 36.13 36.14 36.13 36.12 36.12 36.11 36.10 36.10 36.08 36.07 36.06 36.04 36.03 36.01 36.00 35.99 35.96 35.95 35.93 35.92 35.90
37.10 37.09 37.07 37.07 37.06 37.05 37.05 37.04 37.03 37.01 37.00 36.99 36.98 36.97 36.95 36.94 36.93 36.91 36.90 36.88 36.86 36.84 36.82 36.80 36.78 36.76 36.74 36.71 36.69 36.66 36.63 36.59 36.56 36.53 36.49 36.45 36.42 36.38 36.35 36.31 36.28 36.24 36.21 36.18 36.16 36.13 36.11 36.10 36.08 36.07 36.06 36.06 36.05 36.05 36.05 36.05 36.06 36.06 36.05 36.05 36.06 36.05 36.05 36.05 36.04 36.03 36.03 36.01 36.01 35.99 35.98 35.96 35.95 35.93 35.92 35.90 35.89 35.87 35.86
37.05 37.04 37.03 37.02 37.02 37.01 37.00 36.98 36.98 36.97 36.96 36.94 36.93 36.92 36.91 36.89 36.88 36.86 36.85 36.83 36.82 36.79 36.77 36.75 36.73 36.70 36.68 36.65 36.62 36.58 36.55 36.52 36.48 36.44 36.40 36.36 36.32 36.28 36.24 36.20 36.16 36.12 36.09 36.05 36.03 36.01 35.99 35.97 35.95 35.95 35.94 35.94 35.94 35.94 35.94 35.95 35.95 35.95 35.97 35.97 35.97 35.98 35.98 35.98 35.97 35.97 35.96 35.96 35.95 35.94 35.92 35.92 35.90 35.89 35.88 35.85 35.84 35.83 35.81
37.00 36.99 36.99 36.98 36.97 36.96 36.95 36.94 36.93 36.92 36.91 36.90 36.88 36.87 36.86 36.85 36.82 36.81 36.80 36.78 36.76 36.73 36.71 36.69 36.67 36.64 36.61 36.58 36.55 36.51 36.47 36.43 36.40 36.35 36.30 36.25 36.21 36.16 36.12 36.07 36.03 35.99 35.95 35.92 35.88 35.86 35.84 35.82 35.81 35.81 35.80 35.80 35.81 35.81 35.82 35.83 35.85 35.86 35.87 35.87 35.89 35.89 35.90 35.91 35.91 35.90 35.90 35.89 35.89 35.88 35.87 35.86 35.85 35.84 35.82 35.81 35.80 35.78 35.76
36.95 36.95 36.94 36.94 36.92 36.91 36.91 36.89 36.88 36.87 36.85 36.85 36.84 36.82 36.81 36.79 36.77 36.76 36.74 36.73 36.70 36.68 36.66 36.63 36.61 36.58 36.55 36.51 36.48 36.44 36.39 36.35 36.30 36.25 36.19 36.15 36.09 36.03 35.99 35.93 35.89 35.85 35.80 35.76 35.73 35.71 35.68 35.66 35.65 35.65 35.65 35.65 35.66 35.67 35.69 35.71 35.72 35.74 35.77 35.78 35.79 35.80 35.82 35.83 35.84 35.84 35.83 35.84 35.83 35.83 35.81 35.81 35.80 35.78 35.77 35.76 35.74 35.73 35.72
36.91 36.90 36.89 36.88 36.88 36.87 36.85 36.85 36.84 36.82 36.81 36.79 36.78 36.77 36.75 36.74 36.73 36.70 36.69 36.67 36.64 36.62 36.60 36.57 36.55 36.51 36.47 36.43 36.39 36.35 36.30 36.25 36.19 36.15 36.09 36.02 35.97 35.91 35.84 35.79 35.73 35.69 35.64 35.59 35.56 35.53 35.51 35.50 35.49 35.49 35.49 35.50 35.51 35.53 35.55 35.57 35.60 35.63 35.65 35.67 35.70 35.72 35.73 35.75 35.76 35.76 35.77 35.77 35.77 35.76 35.76 35.76 35.74 35.74 35.72 35.71 35.70 35.68 35.67
36.86 36.85 36.84 36.84 36.83 36.81 36.81 36.79 36.78 36.78 36.76 36.75 36.73 36.72 36.70 36.69 36.67 36.65 36.63 36.62 36.59 36.56 36.54 36.51 36.47 36.44 36.40 36.36 36.31 36.26 36.21 36.15 36.09 36.03 35.96 35.90 35.83 35.76 35.70 35.63 35.57 35.51 35.46 35.42 35.37 35.35 35.32 35.31 35.30 35.30 35.31 35.32 35.34 35.37 35.39 35.43 35.46 35.49 35.52 35.56 35.59 35.61 35.65 35.66 35.67 35.69 35.70 35.71 35.71 35.71 35.70 35.70 35.69 35.68 35.67 35.65 35.64 35.63 35.62
36.81 36.80 36.79 36.78 36.77 36.77 36.75 36.75 36.73 36.72 36.70 36.69 36.69 36.67 36.65 36.63 36.62 36.59 36.58 36.55 36.53 36.51 36.47 36.44 36.41 36.37 36.33 36.27 36.22 36.17 36.11 36.04 35.97 35.90 35.83 35.76 35.68 35.60 35.53 35.46 35.39 35.32 35.27 35.22 35.18 35.15 35.13 35.12 35.12 35.12 35.13 35.14 35.16 35.20 35.24 35.27 35.31 35.35 35.40 35.44 35.48 35.52 35.55 35.58 35.60 35.61 35.63 35.64 35.65 35.64 35.65 35.64 35.64 35.63 35.61 35.61 35.60 35.58 35.57
36.76 36.75 36.75 36.73 36.73 36.71 36.71 36.69 36.68 36.67 36.66 36.64 36.63 36.61 36.60 36.58 36.56 36.54 36.52 36.49 36.47 36.44 36.41 36.37 36.34 36.29 36.24 36.19 36.14 36.08 36.01 35.93 35.85 35.78 35.70 35.61 35.52 35.44 35.36 35.27 35.20 35.13 35.08 35.04 35.03 35.01 35.00 35.00 35.00 35.00 35.00 35.00 35.01 35.04 35.07 35.11 35.16 35.22 35.27 35.32 35.37 35.41 35.45 35.49 35.51 35.54 35.56 35.58 35.58 35.58 35.59 35.59 35.58 35.57 35.57 35.55 35.54 35.53 35.52
36.71 36.70 36.69 36.68 36.67 36.66 36.65 36.64 36.63 36.62 36.60 36.59 36.57 36.55 36.54 36.52 36.51 36.48 36.46 36.43 36.41 36.37 36.34 36.30 36.26 36.21 36.15 36.10 36.04 35.97 35.90 35.82 35.73 35.64 35.55 35.46 35.36 35.27 35.17 35.09 35.02 34.99 34.97 34.96 34.96 34.95 34.95 34.95 34.95 34.95 34.95 34.95 34.96 34.96 34.97 34.99 35.03 35.07 35.13 35.19 35.25 35.30 35.35 35.39 35.43 35.46 35.48 35.50 35.51 35.53 35.52 35.53 35.53 35.51 35.51 35.50 35.48 35.47 35.46
36.66 36.64 36.64 36.63 36.62 36.61 36.60 36.59 36.58 36.56 36.55 36.54 36.52 36.51 36.49 36.46 36.45 36.42 36.40 36.37 36.35 36.31 36.28 36.23 36.19 36.13 36.07 36.01 35.94 35.86 35.78 35.69 35.60 35.50 35.40 35.29 35.18 35.09 35.00 34.95 34.93 34.92 34.92 34.92 34.92 34.91 34.91 34.91 34.91 34.91 34.91 34.92 34.92 34.93 34.93 34.95 34.96 34.97 35.01 35.07 35.13 35.20 35.25 35.30 35.35 35.38 35.41 35.43 35.45 35.46 35.47 35.47 35.47 35.46 35.45 35.45 35.44 35.42 35.41
36.61 36.59 36.59 36.58 36.57 36.56 36.54 36.54 36.52 36.51 36.50 36.48 36.47 36.45 36.43 36.42 36.39 36.36 36.33 36.31 36.28 36.25 36.20 36.16 36.10 36.05 35.98 35.92 35.84 35.76 35.66 35.57 35.46 35.36 35.24 35.13 35.01 34.93 34.90 34.88 34.88 34.87 34.87 34.87 34.87 34.86 34.86 34.86 34.87 34.87 34.87 34.89 34.89 34.89 34.90 34.92 34.92 34.93 34.96 34.98 35.02 35.09 35.15 35.21 35.26 35.30 35.34 35.36 35.39 35.40 35.41 35.41 35.41 35.41 35.40 35.39 35.38 35.37 35.35
36.56 36.54 36.53 36.53 36.51 36.51 36.49 36.48 36.47 36.46 36.44 36.42 36.41 36.39 36.37 36.35 36.33 36.30 36.27 36.25 36.21 36.17 36.13 36.08 36.03 35.96 35.90 35.82 35.74 35.65 35.54 35.44 35.32 35.21 35.08 34.96 34.88 34.86 34.84 34.83 34.83 34.83 34.83 34.83 34.82 34.82 34.82 34.82 34.83 34.83 34.84 34.85 34.86 34.86 34.87 34.89 34.90 34.91 34.93 34.94 34.97 34.99 35.05 35.12 35.18 35.22 35.27 35.30 35.33 35.34 35.35 35.35 35.36 35.36 35.34 35.34 35.33 35.32 35.30
36.50 36.49 36.48 36.47 36.46 36.45 36.43 36.43 36.41 36.40 36.38 36.37 36.35 36.33 36.31 36.29 36.27 36.24 36.21 36.18 36.15 36.10 36.05 36.01 35.94 35.88 35.80 35.73 35.63 35.53 35.43 35.30 35.18 35.05 34.93 34.84 34.80 34.79 34.79 34.79 34.78 34.78 34.78 34.77 34.77 34.78 34.78 34.79 34.79 34.79 34.80 34.81 34.82 34.83 34.85 34.86 34.87 34.89 34.90 34.91 34.94 34.95 34.98 35.04 35.10 35.15 35.20 35.23 35.27 35.28 35.30 35.30 35.30 35.30 35.29 35.28 35.27 35.26 35.24
36.44 36.44 36.43 36.41 36.40 36.40 36.38 36.37 36.35 36.35 36.33 36.31 36.29 36.27 36.25 36.24 36.21 36.18 36.15 36.11 36.07 36.04 35.98 35.93 35.87 35.79 35.71 35.63 35.52 35.42 35.31 35.17 35.04 34.91 34.80 34.76 34.75 34.74 34.74 34.74 34.73 34.73 34.73 34.73 34.73 34.74 34.74 34.75 34.75 34.76 34.77 34.77 34.79 34.80 34.81 34.83 34.84 34.86 34.88 34.89 34.92 34.93 34.95 34.99 35.03 35.09 35.14 35.17 35.21 35.23 35.24 35.25 35.25 35.25 35.24 35.23 35.22 35.21 35.20
36.39 36.38 36.37 36.36 36.35 36.33 36.33 36.32 36.30 36.29 36.27 36.25 36.23 36.21 36.19 36.17 36.15 36.12 36.09 36.05 36.01 35.96 35.91 35.85 35.78 35.70 35.62 35.53 35.42 35.31 35.18 35.04 34.90 34.78 34.72 34.71 34.70 34.69 34.69 34.68 34.68 34.68 34.68 34.69 34.68 34.69 34.69 34.70 34.72 34.72 34.73 34.74 34.76 34.77 34.78 34.80 34.82 34.84 34.86 34.87 34.90 34.91 34.93 34.96 34.99 35.03 35.08 35.12 35.16 35.18 35.20 35.20 35.20 35.20 35.19 35.18 35.17 35.15 35.13
36.33 36.32 36.31 36.30 36.29 36.28 36.27 36.25 36.24 36.22 36.21 36.19 36.17 36.15 36.13 36.11 36.08 36.05 36.01 35.99 35.94 35.89 35.84 35.77 35.70 35.61 35.53 35.43 35.31 35.19 35.05 34.91 34.77 34.69 34.65 34.65 34.64 34.64 34.64 34.63 34.63 34.63 34.63 34.63 34.64 34.65 34.65 34.66 34.67 34.68 34.70 34.71 34.73 34.74 34.75 34.78 34.79 34.82 34.83 34.85 34.88 34.89 34.91 34.94 34.96 35.00 35.03 35.07 35.11 35.13 35.15 35.15 35.16 35.14 35.14 35.13 35.11 35.09 35.08
