main/data/pressure/29.07.2023.grid
ncols 886
nrows 691
xllcenter 112.0000
yllcenter -44.5000
cellsize 0.0500
nodata_value 99999.90
[rows 280 to 314 of 691, columns 0 to 78 of 886]
13.69 13.63 13.59 13.54 13.48 13.43 13.38 13.33 13.27 13.23 13.17 13.13 13.08 13.04 12.99 12.95 12.90 12.86 12.82 12.79 12.75 12.71 12.68 12.64 12.61 12.57 12.53 12.49 12.45 12.32 12.30 12.31 12.25 12.20 12.14 12.08 12.00 11.93 11.85 11.78 11.69 11.58 11.48 11.38 11.25 11.15 11.03 10.90 10.76 10.60 10.57 10.42 10.38 10.26 10.17 10.11 10.01 9.91 9.86 9.78 9.69 9.60 9.51 9.43 9.35 9.26 9.16 9.08 8.99 8.87 8.83 8.82 8.79 8.74 8.69 8.62 8.52 8.40 8.39
13.74 13.69 13.64 13.59 13.54 13.49 13.44 13.39 13.34 13.29 13.24 13.20 13.15 13.11 13.07 13.03 12.99 12.96 12.92 12.89 12.86 12.83 12.80 12.77 12.74 12.71 12.67 12.64 12.60 12.45 12.44 12.46 12.41 12.36 12.30 12.24 12.16 12.09 12.01 11.93 11.82 11.73 11.62 11.51 11.39 11.28 11.15 11.03 10.87 10.73 10.59 10.49 10.43 10.30 10.22 10.16 10.06 9.96 9.78 9.81 9.74 9.65 9.54 9.44 9.39 9.32 9.24 9.14 9.04 8.91 8.86 8.89 8.87 8.82 8.75 8.68 8.60 8.51 8.43
13.80 13.75 13.70 13.65 13.60 13.55 13.50 13.46 13.40 13.36 13.31 13.28 13.23 13.20 13.16 13.12 13.09 13.06 13.03 13.00 12.97 12.95 12.93 12.90 12.88 12.85 12.82 12.79 12.76 12.59 12.64 12.62 12.59 12.54 12.48 12.41 12.34 12.27 12.19 12.10 11.97 11.89 11.77 11.65 11.53 11.40 11.28 11.16 11.02 10.88 10.77 10.64 10.51 10.43 10.30 10.22 10.12 9.98 9.83 9.85 9.80 9.71 9.60 9.46 9.35 9.38 9.29 9.21 9.12 9.04 8.97 8.93 8.96 8.88 8.81 8.73 8.66 8.58 8.53
13.86 13.80 13.75 13.70 13.66 13.61 13.56 13.52 13.47 13.43 13.38 13.35 13.31 13.28 13.24 13.21 13.18 13.16 13.13 13.11 13.09 13.07 13.06 13.04 13.02 13.00 12.97 12.96 12.93 12.78 12.81 12.82 12.77 12.72 12.66 12.60 12.53 12.45 12.37 12.27 12.16 12.05 11.91 11.80 11.69 11.56 11.40 11.28 11.15 11.04 10.91 10.78 10.64 10.51 10.37 10.26 10.15 10.02 10.03 9.93 9.85 9.76 9.65 9.53 9.47 9.44 9.34 9.29 9.22 9.17 9.13 9.07 9.05 8.97 8.88 8.76 8.69 8.60 8.55
13.91 13.86 13.81 13.76 13.71 13.67 13.62 13.58 13.54 13.50 13.46 13.42 13.39 13.36 13.33 13.30 13.29 13.27 13.25 13.24 13.21 13.20 13.19 13.18 13.17 13.16 13.15 13.13 13.10 12.93 13.01 13.00 12.96 12.91 12.86 12.78 12.73 12.65 12.56 12.44 12.34 12.23 12.09 11.96 11.83 11.70 11.55 11.41 11.29 11.13 10.96 10.86 10.79 10.63 10.50 10.34 10.28 10.22 10.08 9.92 9.80 9.72 9.64 9.57 9.53 9.48 9.44 9.38 9.32 9.26 9.23 9.18 9.13 9.05 8.93 8.79 8.70 8.56 8.51
13.96 13.91 13.86 13.81 13.77 13.72 13.68 13.64 13.61 13.56 13.53 13.49 13.47 13.44 13.42 13.40 13.38 13.37 13.36 13.35 13.35 13.34 13.34 13.33 13.33 13.32 13.31 13.30 13.17 13.14 13.21 13.19 13.16 13.11 13.05 12.99 12.90 12.84 12.74 12.62 12.51 12.41 12.27 12.13 11.97 11.85 11.70 11.55 11.44 11.30 11.12 10.96 10.91 10.76 10.61 10.42 10.43 9.98 9.98 9.86 9.75 9.67 9.62 9.60 9.57 9.54 9.50 9.42 9.30 9.31 9.30 9.27 9.20 9.12 9.02 8.80 8.79 8.69 8.57
14.01 13.96 13.91 13.88 13.83 13.79 13.75 13.70 13.67 13.64 13.61 13.57 13.54 13.53 13.51 13.49 13.49 13.48 13.48 13.48 13.47 13.48 13.48 13.49 13.49 13.50 13.49 13.48 13.47 13.33 13.36 13.32 13.29 13.25 13.19 13.13 13.07 13.01 12.92 12.83 12.72 12.59 12.46 12.29 12.15 12.01 11.87 11.73 11.57 11.43 11.30 11.16 11.04 10.88 10.73 10.67 10.51 10.24 10.08 9.93 9.82 9.74 9.69 9.68 9.66 9.64 9.59 9.51 9.43 9.41 9.39 9.35 9.26 9.18 9.07 8.91 8.91 8.75 8.65
14.06 14.01 13.97 13.93 13.88 13.84 13.80 13.77 13.74 13.71 13.67 13.65 13.63 13.62 13.60 13.59 13.59 13.59 13.59 13.60 13.61 13.62 13.64 13.65 13.65 13.66 13.65 13.63 13.56 13.47 13.43 13.41 13.36 13.30 13.25 13.19 13.15 13.08 13.01 12.96 12.87 12.76 12.60 12.47 12.33 12.17 12.00 11.88 11.70 11.55 11.41 11.29 11.15 11.01 10.89 10.75 10.63 10.51 10.26 10.07 9.93 9.83 9.78 9.78 9.78 9.74 9.68 9.59 9.53 9.50 9.48 9.43 9.34 9.25 9.17 9.08 8.97 8.78 8.79
14.11 14.06 14.02 13.97 13.93 13.90 13.87 13.82 13.79 13.77 13.75 13.72 13.71 13.69 13.69 13.69 13.69 13.70 13.71 13.72 13.74 13.76 13.79 13.80 13.81 13.81 13.76 13.70 13.60 13.53 13.50 13.47 13.41 13.36 13.30 13.24 13.20 13.14 13.08 13.02 12.95 12.88 12.79 12.66 12.51 12.36 12.17 12.01 11.86 11.71 11.54 11.41 11.26 11.12 11.00 10.87 10.73 10.59 10.39 10.20 10.03 9.89 9.82 9.84 9.88 9.85 9.79 9.66 9.49 9.48 9.57 9.48 9.39 9.30 9.23 9.14 9.02 8.88 8.91
14.15 14.11 14.07 14.03 13.99 13.95 13.92 13.89 13.86 13.84 13.82 13.80 13.79 13.78 13.78 13.78 13.79 13.81 13.82 13.85 13.87 13.90 13.93 13.94 13.93 13.88 13.82 13.75 13.69 13.60 13.57 13.50 13.45 13.40 13.35 13.29 13.24 13.18 13.13 13.07 13.01 12.96 12.88 12.80 12.68 12.51 12.33 12.19 11.99 11.83 11.68 11.55 11.41 11.23 11.10 10.96 10.82 10.66 10.48 10.29 10.10 9.95 9.83 9.92 10.01 9.94 9.86 9.80 9.70 9.69 9.66 9.57 9.49 9.42 9.34 9.22 9.13 9.07 8.96
14.19 14.16 14.11 14.08 14.04 14.01 13.97 13.95 13.92 13.90 13.89 13.87 13.87 13.86 13.87 13.88 13.89 13.91 13.95 13.97 14.00 14.04 14.06 14.04 13.98 13.92 13.86 13.79 13.73 13.65 13.60 13.55 13.48 13.44 13.40 13.34 13.29 13.24 13.18 13.12 13.07 13.01 12.95 12.89 12.80 12.67 12.50 12.31 12.16 12.00 11.81 11.66 11.51 11.32 11.17 11.03 10.88 10.73 10.57 10.41 10.23 10.05 9.96 10.01 10.07 10.05 9.97 9.93 9.87 9.81 9.73 9.62 9.47 9.36 9.30 9.26 9.21 9.08 8.91
14.24 14.20 14.16 14.12 14.09 14.06 14.03 14.00 13.98 13.96 13.95 13.95 13.94 13.95 13.95 13.97 13.99 14.02 14.05 14.09 14.13 14.16 14.14 14.09 14.03 13.96 13.90 13.82 13.76 13.71 13.63 13.58 13.52 13.47 13.42 13.38 13.34 13.28 13.23 13.17 13.12 13.05 13.01 12.93 12.87 12.79 12.63 12.47 12.29 12.13 11.97 11.79 11.59 11.42 11.27 11.11 10.95 10.78 10.67 10.56 10.38 10.14 10.05 10.11 10.20 10.14 10.07 10.02 9.97 9.90 9.81 9.69 9.53 9.36 9.40 9.16 9.22 9.19 8.99
14.28 14.24 14.21 14.17 14.14 14.11 14.08 14.06 14.04 14.02 14.02 14.01 14.01 14.02 14.04 14.06 14.08 14.12 14.16 14.21 14.24 14.24 14.20 14.13 14.06 13.99 13.93 13.87 13.79 13.73 13.67 13.61 13.55 13.51 13.46 13.42 13.38 13.33 13.28 13.23 13.17 13.11 13.06 12.99 12.93 12.86 12.76 12.60 12.43 12.25 12.07 11.89 11.70 11.54 11.38 11.22 11.06 10.90 10.77 10.64 10.47 10.27 10.16 10.20 10.27 10.23 10.17 10.13 10.05 9.97 9.90 9.76 9.65 9.55 9.50 9.40 9.35 9.24 9.17
14.32 14.29 14.25 14.22 14.18 14.16 14.13 14.11 14.09 14.08 14.07 14.08 14.08 14.10 14.11 14.15 14.18 14.21 14.26 14.30 14.33 14.29 14.23 14.16 14.10 14.03 13.96 13.89 13.82 13.76 13.70 13.63 13.59 13.54 13.49 13.45 13.41 13.37 13.33 13.29 13.22 13.16 13.10 13.04 12.97 12.91 12.84 12.71 12.53 12.34 12.15 11.98 11.82 11.65 11.49 11.35 11.18 11.03 10.89 10.73 10.59 10.43 10.21 10.27 10.36 10.33 10.26 10.20 10.10 10.03 9.92 9.83 9.75 9.68 9.58 9.46 9.40 9.38 9.31
14.36 14.32 14.29 14.26 14.23 14.21 14.18 14.16 14.15 14.14 14.14 14.14 14.15 14.16 14.19 14.22 14.26 14.30 14.35 14.39 14.38 14.32 14.26 14.19 14.13 14.06 13.99 13.92 13.85 13.78 13.72 13.66 13.60 13.55 13.51 13.48 13.45 13.41 13.37 13.31 13.26 13.21 13.14 13.08 13.02 12.96 12.88 12.80 12.64 12.44 12.26 12.08 11.89 11.73 11.59 11.44 11.28 11.14 11.01 10.86 10.69 10.52 10.34 10.36 10.43 10.42 10.37 10.12 10.12 10.08 10.00 9.91 9.85 9.79 9.55 9.52 9.50 9.44 9.40
14.40 14.36 14.33 14.30 14.27 14.25 14.22 14.21 14.20 14.19 14.19 14.20 14.21 14.23 14.26 14.29 14.34 14.38 14.44 14.46 14.41 14.34 14.28 14.14 14.15 14.08 14.01 13.94 13.87 13.80 13.73 13.67 13.60 13.54 13.52 13.50 13.49 13.45 13.41 13.36 13.29 13.24 13.18 13.12 13.07 12.99 12.92 12.86 12.72 12.54 12.36 12.17 11.98 11.80 11.66 11.52 11.37 11.23 11.10 10.96 10.78 10.59 10.42 10.42 10.52 10.50 10.44 10.32 10.23 10.15 10.06 9.99 9.95 9.89 9.79 9.64 9.60 9.42 9.49
14.42 14.39 14.36 14.34 14.31 14.29 14.27 14.26 14.24 14.24 14.25 14.25 14.27 14.29 14.33 14.37 14.41 14.46 14.50 14.48 14.43 14.37 14.31 14.14 14.18 14.11 14.04 13.97 13.89 13.82 13.74 13.67 13.61 13.56 13.50 13.50 13.51 13.50 13.45 13.38 13.33 13.27 13.22 13.16 13.09 13.03 12.97 12.87 12.80 12.63 12.45 12.26 12.08 11.91 11.75 11.60 11.46 11.31 11.18 11.03 10.85 10.65 10.51 10.42 10.34 10.54 10.52 10.43 10.32 10.15 9.98 10.01 10.05 9.91 9.76 9.62 9.60 9.60 9.59
14.46 14.43 14.40 14.37 14.35 14.32 14.31 14.30 14.29 14.29 14.30 14.31 14.32 14.35 14.38 14.42 14.48 14.52 14.55 14.51 14.45 14.39 14.33 14.16 14.20 14.13 14.06 13.98 13.91 13.83 13.76 13.68 13.60 13.52 13.49 13.51 13.53 13.51 13.47 13.41 13.37 13.31 13.26 13.19 13.13 13.07 13.00 12.94 12.86 12.69 12.53 12.36 12.18 12.01 11.84 11.68 11.55 11.40 11.28 11.12 10.90 10.71 10.61 10.61 10.72 10.56 10.60 10.51 10.41 10.21 10.04 10.13 10.12 10.01 9.91 9.74 9.69 9.71 9.65
14.49 14.46 14.43 14.41 14.39 14.37 14.36 14.34 14.34 14.33 14.34 14.35 14.37 14.40 14.44 14.47 14.53 14.58 14.57 14.52 14.46 14.40 14.34 14.18 14.22 14.15 14.08 14.01 13.94 13.86 13.78 13.70 13.61 13.51 13.50 13.49 13.52 13.51 13.49 13.44 13.39 13.33 13.28 13.22 13.16 13.10 13.04 12.97 12.90 12.76 12.57 12.41 12.26 12.09 11.93 11.78 11.64 11.50 11.35 11.17 10.95 10.82 10.77 10.79 10.80 10.73 10.68 10.52 10.42 10.31 10.32 10.28 10.16 10.10 9.98 9.83 9.74 9.76 9.72
14.52 14.49 14.46 14.44 14.42 14.40 14.39 14.38 14.38 14.37 14.38 14.39 14.42 14.45 14.48 14.53 14.58 14.61 14.58 14.52 14.47 14.42 14.36 14.20 14.24 14.17 14.11 14.03 13.96 13.88 13.80 13.72 13.65 13.58 13.56 13.54 13.53 13.52 13.49 13.45 13.40 13.35 13.30 13.25 13.19 13.12 13.05 13.00 12.93 12.82 12.65 12.46 12.27 12.16 12.02 11.88 11.75 11.61 11.45 11.29 11.08 11.03 10.97 10.93 10.90 10.82 10.71 10.56 10.49 10.36 10.40 10.25 10.24 10.18 10.00 9.75 9.84 9.85 9.78
14.54 14.52 14.49 14.47 14.45 14.44 14.42 14.41 14.40 14.41 14.42 14.43 14.46 14.48 14.53 14.57 14.61 14.62 14.58 14.53 14.48 14.43 14.37 14.31 14.25 14.19 14.12 14.05 13.99 13.92 13.84 13.77 13.70 13.65 13.60 13.57 13.55 13.53 13.50 13.46 13.42 13.37 13.32 13.26 13.20 13.14 13.08 13.01 12.95 12.86 12.69 12.52 12.35 12.19 12.03 11.88 11.74 11.66 11.55 11.41 11.20 11.23 11.14 11.05 10.98 10.88 10.78 10.70 10.64 10.57 10.49 10.29 10.27 10.23 10.07 9.96 9.79 9.92 9.81
14.57 14.54 14.52 14.50 14.48 14.46 14.45 14.44 14.44 14.44 14.45 14.47 14.49 14.52 14.57 14.61 14.64 14.62 14.57 14.53 14.48 14.44 14.28 14.32 14.26 14.21 14.14 14.08 14.01 13.95 13.88 13.81 13.75 13.70 13.65 13.62 13.59 13.56 13.53 13.49 13.43 13.39 13.34 13.28 13.21 13.14 13.09 13.03 12.96 12.88 12.73 12.56 12.39 12.22 12.08 11.94 11.81 11.67 11.56 11.49 11.38 11.32 11.22 11.11 11.04 10.94 10.87 10.79 10.71 10.63 10.40 10.36 10.32 10.28 10.18 10.06 9.91 9.99 9.89
14.59 14.57 14.55 14.52 14.51 14.49 14.48 14.47 14.47 14.47 14.48 14.50 14.52 14.56 14.59 14.63 14.65 14.62 14.58 14.53 14.48 14.44 14.31 14.33 14.28 14.22 14.16 14.10 14.04 13.98 13.91 13.85 13.80 13.75 13.70 13.66 13.62 13.58 13.54 13.49 13.44 13.39 13.33 13.28 13.22 13.16 13.10 13.03 12.97 12.90 12.76 12.60 12.43 12.27 12.12 11.98 11.84 11.68 11.54 11.46 11.41 11.31 11.23 11.13 10.99 10.93 10.85 10.82 10.74 10.68 10.61 10.44 10.34 10.25 10.10 10.13 10.12 10.01 9.85
14.61 14.59 14.57 14.55 14.53 14.51 14.51 14.50 14.50 14.50 14.51 14.52 14.55 14.58 14.61 14.65 14.65 14.61 14.57 14.53 14.48 14.43 14.28 14.34 14.29 14.24 14.18 14.12 14.07 14.01 13.94 13.88 13.84 13.79 13.74 13.70 13.65 13.60 13.56 13.51 13.46 13.41 13.34 13.28 13.22 13.17 13.09 13.03 12.97 12.89 12.77 12.62 12.47 12.31 12.16 12.00 11.85 11.70 11.59 11.52 11.43 11.34 11.26 11.16 11.06 10.96 10.89 10.85 10.78 10.70 10.64 10.52 10.33 10.26 10.23 10.26 10.16 10.07 9.99
14.63 14.61 14.59 14.57 14.55 14.54 14.53 14.53 14.52 14.52 14.54 14.55 14.57 14.60 14.63 14.66 14.64 14.60 14.57 14.52 14.49 14.44 14.30 14.35 14.30 14.25 14.20 14.14 14.09 14.04 13.98 13.92 13.87 13.83 13.78 13.73 13.68 13.63 13.56 13.53 13.47 13.41 13.35 13.29 13.23 13.16 13.09 13.03 12.96 12.88 12.78 12.64 12.48 12.32 12.21 12.04 11.90 11.77 11.64 11.54 11.45 11.37 11.28 11.19 11.09 11.00 10.94 10.88 10.81 10.74 10.68 10.62 10.50 10.43 10.39 10.31 10.21 10.12 10.03
14.65 14.63 14.61 14.59 14.57 14.56 14.55 14.54 14.54 14.54 14.56 14.57 14.60 14.62 14.65 14.65 14.63 14.60 14.56 14.53 14.48 14.44 14.30 14.36 14.31 14.27 14.22 14.16 14.12 14.06 14.01 13.96 13.90 13.85 13.80 13.75 13.71 13.63 13.60 13.54 13.48 13.41 13.35 13.29 13.21 13.14 13.09 13.02 12.96 12.89 12.79 12.65 12.49 12.33 12.24 12.11 11.96 11.80 11.71 11.59 11.47 11.37 11.30 11.22 11.12 11.01 10.97 10.89 10.82 10.75 10.69 10.66 10.59 10.51 10.41 10.34 10.25 10.16 10.05
14.66 14.64 14.63 14.61 14.59 14.58 14.57 14.56 14.56 14.56 14.57 14.59 14.61 14.64 14.66 14.65 14.62 14.58 14.56 14.52 14.49 14.45 14.41 14.37 14.33 14.28 14.24 14.19 14.14 14.09 14.04 13.99 13.93 13.88 13.83 13.78 13.73 13.67 13.60 13.54 13.49 13.42 13.36 13.29 13.22 13.15 13.09 13.01 12.95 12.88 12.79 12.66 12.51 12.35 12.25 12.07 11.91 11.79 11.74 11.59 11.47 11.35 11.29 11.24 11.14 10.98 10.91 10.88 10.83 10.79 10.75 10.67 10.62 10.53 10.42 10.38 10.27 10.18 10.11
14.68 14.66 14.64 14.62 14.61 14.60 14.58 14.58 14.58 14.59 14.59 14.60 14.63 14.64 14.66 14.64 14.62 14.58 14.55 14.52 14.48 14.45 14.42 14.38 14.34 14.30 14.26 14.21 14.17 14.12 14.07 14.02 13.97 13.91 13.86 13.80 13.74 13.69 13.63 13.56 13.49 13.42 13.36 13.28 13.21 13.14 13.07 13.01 12.94 12.88 12.78 12.66 12.52 12.36 12.21 12.07 11.96 11.81 11.76 11.64 11.51 11.38 11.30 11.24 11.17 11.06 10.97 10.89 10.84 10.81 10.79 10.71 10.65 10.58 10.43 10.40 10.33 10.14 10.12
14.70 14.67 14.65 14.63 14.62 14.61 14.60 14.60 14.60 14.60 14.61 14.62 14.63 14.65 14.66 14.63 14.61 14.58 14.54 14.52 14.49 14.46 14.43 14.39 14.36 14.32 14.29 14.24 14.20 14.15 14.11 14.05 14.00 13.94 13.88 13.83 13.77 13.71 13.64 13.57 13.50 13.42 13.35 13.27 13.20 13.13 13.06 13.00 12.92 12.86 12.77 12.67 12.52 12.37 12.24 12.07 12.00 11.83 11.78 11.67 11.56 11.44 11.30 11.22 11.19 11.10 11.02 10.93 10.86 10.83 10.80 10.73 10.67 10.59 10.52 10.40 10.36 10.29 10.20
14.71 14.69 14.66 14.64 14.63 14.62 14.62 14.61 14.61 14.61 14.62 14.63 14.65 14.66 14.65 14.63 14.60 14.57 14.55 14.53 14.49 14.46 14.44 14.41 14.38 14.34 14.32 14.28 14.23 14.19 14.14 14.08 14.04 13.98 13.91 13.85 13.78 13.72 13.65 13.59 13.50 13.43 13.35 13.27 13.20 13.13 13.06 12.99 12.92 12.85 12.78 12.66 12.51 12.37 12.20 12.12 12.01 11.85 11.80 11.69 11.61 11.50 11.34 11.26 11.21 11.14 11.06 10.97 10.88 10.85 10.81 10.73 10.67 10.53 10.51 10.51 10.40 10.32 10.24
14.71 14.70 14.68 14.66 14.65 14.64 14.63 14.62 14.62 14.62 14.63 14.64 14.65 14.66 14.65 14.62 14.59 14.58 14.55 14.47 14.43 14.48 14.46 14.43 14.40 14.37 14.34 14.31 14.27 14.22 14.09 14.12 14.07 14.01 13.95 13.88 13.81 13.74 13.66 13.59 13.51 13.43 13.35 13.27 13.19 13.11 13.05 12.98 12.90 12.83 12.75 12.65 12.50 12.36 12.23 12.17 12.03 11.88 11.81 11.73 11.64 11.50 11.38 11.32 11.26 11.18 11.10 11.02 10.94 10.87 10.78 10.67 10.69 10.30 10.42 10.50 10.47 10.37 10.26
14.72 14.71 14.69 14.67 14.65 14.64 14.63 14.63 14.63 14.63 14.64 14.65 14.65 14.66 14.64 14.62 14.60 14.57 14.56 14.42 14.48 14.49 14.46 14.45 14.42 14.40 14.37 14.34 14.30 14.26 14.21 14.17 14.11 14.05 13.98 13.90 13.83 13.75 13.68 13.60 13.52 13.43 13.35 13.27 13.19 13.12 13.04 12.97 12.89 12.82 12.73 12.62 12.49 12.35 12.29 12.18 12.04 11.91 11.84 11.75 11.67 11.52 11.41 11.37 11.30 11.22 11.13 11.07 11.02 10.93 10.85 10.77 10.71 10.56 10.49 10.51 10.51 10.45 10.32
14.72 14.70 14.69 14.68 14.66 14.66 14.64 14.64 14.64 14.64 14.64 14.65 14.67 14.66 14.64 14.62 14.59 14.58 14.56 14.43 14.44 14.50 14.48 14.46 14.45 14.43 14.40 14.38 14.35 14.27 14.25 14.21 14.15 14.08 14.01 13.93 13.86 13.78 13.69 13.61 13.52 13.44 13.36 13.27 13.19 13.11 13.03 12.96 12.88 12.80 12.72 12.62 12.50 12.38 12.30 12.19 12.05 11.93 11.86 11.74 11.68 11.58 11.50 11.43 11.34 11.27 11.19 11.13 11.06 10.99 10.89 10.71 10.43 10.65 10.49 10.52 10.52 10.48 10.38
14.73 14.71 14.70 14.68 14.66 14.66 14.65 14.64 14.64 14.65 14.65 14.66 14.66 14.65 14.63 14.62 14.60 14.58 14.56 14.37 14.42 14.47 14.51 14.49 14.47 14.46 14.44 14.41 14.39 14.36 14.30 14.26 14.17 14.12 14.04 13.96 13.87 13.78 13.70 13.61 13.53 13.44 13.36 13.27 13.18 13.11 13.03 12.94 12.85 12.77 12.70 12.61 12.51 12.39 12.30 12.19 12.07 11.98 11.91 11.80 11.69 11.62 11.53 11.46 11.38 11.32 11.25 11.17 11.11 11.04 10.96 10.77 10.66 10.67 10.57 10.61 10.57 10.53 10.43
14.73 14.71 14.69 14.68 14.67 14.66 14.65 14.65 14.64 14.65 14.65 14.65 14.66 14.65 14.63 14.61 14.60 14.58 14.57 14.55 14.42 14.51 14.51 14.50 14.49 14.48 14.46 14.45 14.43 14.40 14.32 14.21 14.18 14.16 14.08 13.98 13.89 13.80 13.70 13.61 13.53 13.44 13.36 13.28 13.19 13.09 13.00 12.93 12.83 12.76 12.68 12.59 12.49 12.38 12.26 12.19 12.08 12.01 11.88 11.83 11.74 11.68 11.59 11.52 11.45 11.37 11.30 11.23 11.17 11.10 11.01 10.85 10.77 10.73 10.69 10.70 10.66 10.62 10.54
