main/data/pressure/29.07.2023.grid
ncols 886
nrows 691
xllcenter 112.0000
yllcenter -44.5000
cellsize 0.0500
nodata_value 99999.90
[rows 350 to 384 of 691, columns 79 to 157 of 886]
12.17 12.14 12.13 12.09 12.02 11.93 11.83 11.70 11.59 11.54 11.44 11.33 11.21 11.11 11.00 10.88 10.76 10.63 10.49 10.35 10.25 10.17 10.09 9.97 9.78 9.76 9.68 9.57 9.41 9.26 9.19 9.19 9.15 9.12 9.10 9.05 8.98 8.87 8.88 8.83 8.77 8.70 8.60 8.57 8.47 8.53 8.51 8.51 8.52 8.46 8.31 8.33 8.32 8.30 8.27 8.23 8.21 8.21 8.24 8.27 8.27 8.23 8.19 8.16 8.05 7.98 7.99 7.99 7.98 8.01 8.00 7.98 7.96 7.91 7.85 7.79 7.73 7.67 7.62
11.99 11.97 11.98 11.96 11.89 11.79 11.69 11.56 11.45 11.39 11.31 11.20 11.09 11.00 10.92 10.81 10.70 10.58 10.45 10.22 10.17 10.17 10.08 9.96 9.79 9.72 9.65 9.53 9.42 9.20 9.07 9.18 9.16 9.15 9.13 9.10 9.07 9.02 8.98 8.90 8.84 8.82 8.70 8.68 8.71 8.69 8.61 8.58 8.59 8.57 8.53 8.49 8.43 8.39 8.35 8.31 8.26 8.26 8.26 8.31 8.32 8.30 8.26 8.16 8.11 8.12 8.10 8.09 8.05 8.01 8.02 8.06 8.05 8.01 7.96 7.89 7.83 7.78 7.73
11.82 11.80 11.79 11.78 11.75 11.65 11.55 11.44 11.34 11.26 11.18 11.07 10.98 10.90 10.82 10.74 10.65 10.52 10.36 10.19 10.13 10.11 10.06 9.93 9.75 9.70 9.59 9.47 9.32 9.15 9.11 9.19 9.19 9.19 9.20 9.18 9.14 9.10 9.05 8.97 8.92 8.90 8.84 8.80 8.81 8.77 8.72 8.67 8.67 8.64 8.60 8.54 8.50 8.48 8.45 8.40 8.35 8.34 8.36 8.37 8.37 8.33 8.30 8.22 8.18 8.20 8.21 8.21 8.15 8.03 8.10 8.14 8.15 8.09 8.00 7.94 7.89 7.83 7.77
11.56 11.59 11.56 11.55 11.54 11.50 11.40 11.29 11.23 11.15 11.05 10.97 10.88 10.81 10.74 10.66 10.59 10.47 10.28 10.15 10.12 10.07 10.00 10.00 9.83 9.73 9.61 9.46 9.28 9.07 9.13 9.28 9.25 9.24 9.26 9.25 9.20 9.16 9.10 9.07 9.02 9.00 8.93 8.89 8.89 8.85 8.79 8.76 8.73 8.71 8.63 8.55 8.55 8.55 8.55 8.49 8.43 8.42 8.44 8.44 8.42 8.35 8.30 8.25 8.26 8.27 8.31 8.34 8.32 8.26 8.25 8.28 8.22 8.13 8.03 7.99 7.94 7.87 7.79
11.30 11.32 11.34 11.34 11.32 11.28 11.26 11.20 11.13 11.04 10.95 10.86 10.78 10.72 10.65 10.59 10.54 10.45 10.29 10.17 10.11 10.01 9.88 9.97 9.80 9.70 9.63 9.53 9.39 9.09 9.13 9.34 9.34 9.33 9.33 9.31 9.26 9.21 9.07 9.14 9.10 9.06 9.01 8.97 8.96 8.92 8.88 8.84 8.80 8.75 8.70 8.64 8.63 8.63 8.60 8.55 8.49 8.49 8.49 8.49 8.47 8.45 8.39 8.34 8.34 8.36 8.39 8.42 8.43 8.43 8.41 8.39 8.33 8.21 8.10 8.05 8.00 7.94 7.84
11.05 11.04 11.04 11.06 11.07 11.05 11.01 11.02 10.96 10.89 10.83 10.76 10.70 10.65 10.56 10.49 10.47 10.41 10.30 10.19 10.14 10.04 9.86 9.82 9.95 9.71 9.68 9.62 9.56 9.34 9.32 9.41 9.42 9.41 9.39 9.36 9.30 9.23 9.21 9.13 9.15 9.13 9.10 9.06 9.02 8.99 8.95 8.90 8.86 8.81 8.76 8.72 8.72 8.71 8.66 8.60 8.56 8.54 8.54 8.53 8.50 8.51 8.46 8.43 8.44 8.45 8.49 8.50 8.50 8.55 8.54 8.49 8.43 8.28 8.15 8.11 8.07 8.01 7.92
10.84 10.84 10.85 10.87 10.87 10.83 10.75 10.77 10.82 10.78 10.77 10.71 10.66 10.59 10.51 10.42 10.39 10.38 10.32 10.25 10.17 10.05 9.78 9.63 9.94 9.86 9.76 9.67 9.59 9.49 9.45 9.47 9.48 9.47 9.45 9.40 9.34 9.27 9.28 9.26 9.23 9.20 9.17 9.13 9.08 9.04 9.01 8.98 8.94 8.89 8.84 8.80 8.79 8.75 8.70 8.67 8.62 8.59 8.58 8.56 8.51 8.51 8.56 8.57 8.59 8.61 8.65 8.68 8.66 8.66 8.64 8.58 8.51 8.37 8.24 8.20 8.16 8.11 8.01
10.67 10.67 10.69 10.72 10.71 10.69 10.69 10.72 10.75 10.70 10.66 10.62 10.58 10.54 10.44 10.40 10.39 10.39 10.36 10.30 10.20 10.07 9.79 9.50 9.98 9.91 9.84 9.71 9.63 9.58 9.52 9.50 9.54 9.55 9.52 9.47 9.36 9.21 9.33 9.34 9.27 9.25 9.25 9.18 9.13 9.08 9.06 9.02 8.98 8.95 8.92 8.90 8.87 8.81 8.76 8.73 8.70 8.67 8.63 8.61 8.57 8.59 8.68 8.74 8.76 8.80 8.81 8.80 8.80 8.77 8.70 8.64 8.56 8.46 8.36 8.30 8.26 8.22 8.17
10.54 10.54 10.54 10.54 10.56 10.59 10.63 10.63 10.63 10.60 10.57 10.54 10.52 10.51 10.49 10.48 10.44 10.42 10.39 10.33 10.22 10.09 9.96 9.81 9.94 9.93 9.87 9.75 9.78 9.69 9.60 9.55 9.57 9.59 9.58 9.52 9.41 9.34 9.42 9.38 9.36 9.31 9.32 9.23 9.14 9.10 9.09 9.04 8.97 8.93 8.91 8.96 8.94 8.91 8.86 8.83 8.80 8.77 8.78 8.75 8.64 8.69 8.78 8.85 8.87 8.90 8.88 8.85 8.83 8.81 8.76 8.70 8.62 8.53 8.45 8.39 8.35 8.31 8.27
10.44 10.42 10.41 10.39 10.42 10.48 10.51 10.55 10.55 10.55 10.53 10.49 10.50 10.51 10.52 10.51 10.46 10.46 10.42 10.35 10.25 10.17 10.06 9.96 9.98 9.98 9.96 9.90 9.88 9.81 9.72 9.64 9.57 9.62 9.63 9.59 9.51 9.41 9.42 9.48 9.48 9.44 9.39 9.28 9.13 9.12 9.12 9.07 9.00 8.99 8.94 8.90 8.98 9.00 8.96 8.93 8.90 8.90 8.90 8.86 8.77 8.78 8.87 8.94 8.98 8.99 8.94 8.89 8.88 8.84 8.80 8.75 8.67 8.61 8.53 8.50 8.46 8.41 8.37
10.28 10.30 10.30 10.27 10.26 10.32 10.38 10.45 10.47 10.49 10.46 10.42 10.45 10.51 10.54 10.51 10.49 10.50 10.43 10.37 10.25 10.13 10.09 10.05 10.01 10.02 10.03 10.03 9.99 9.93 9.87 9.84 9.75 9.74 9.75 9.72 9.61 9.49 9.59 9.59 9.53 9.51 9.46 9.36 9.26 9.19 9.11 9.08 9.09 9.11 9.09 9.08 9.06 9.07 9.05 9.05 9.02 9.02 9.02 9.01 8.91 8.91 8.94 8.98 9.04 9.04 9.01 8.98 8.95 8.90 8.85 8.82 8.77 8.70 8.65 8.62 8.58 8.55 8.48
10.18 10.19 10.21 10.19 10.14 10.15 10.22 10.31 10.36 10.39 10.42 10.40 10.42 10.51 10.57 10.57 10.56 10.51 10.43 10.37 10.30 10.21 10.11 10.01 9.99 10.04 10.06 10.10 10.11 10.06 9.98 9.89 9.86 9.88 9.86 9.82 9.75 9.73 9.76 9.66 9.53 9.56 9.51 9.44 9.35 9.25 9.19 9.16 9.19 9.20 9.13 9.10 9.14 9.12 9.08 9.11 9.11 9.12 9.07 9.09 9.07 9.05 9.03 9.05 9.11 9.13 9.17 9.10 9.06 9.00 8.93 8.94 8.88 8.82 8.75 8.72 8.69 8.63 8.57
10.16 10.14 10.13 10.11 10.07 10.04 10.07 10.14 10.23 10.30 10.36 10.39 10.45 10.51 10.58 10.58 10.56 10.51 10.45 10.41 10.37 10.30 10.14 10.05 10.05 10.10 10.13 10.13 10.19 10.16 10.09 10.00 9.95 9.93 9.96 9.94 9.88 9.84 9.84 9.80 9.75 9.61 9.56 9.49 9.38 9.28 9.26 9.25 9.31 9.13 8.94 9.02 9.21 9.17 9.14 9.14 9.16 9.18 9.17 9.18 9.19 9.18 9.19 9.20 9.20 9.25 9.28 9.18 9.18 9.12 9.02 9.00 9.00 8.90 8.75 8.76 8.72 8.67 8.63
10.16 10.13 10.09 10.06 10.04 10.00 9.98 9.99 10.11 10.22 10.31 10.39 10.45 10.53 10.58 10.57 10.54 10.51 10.48 10.48 10.42 10.27 10.16 10.14 10.16 10.22 10.24 10.17 10.29 10.24 10.21 10.16 10.11 10.05 10.06 10.04 9.98 9.95 9.92 9.88 9.82 9.71 9.63 9.54 9.44 9.32 9.34 9.33 9.38 9.20 8.99 9.10 9.23 9.22 9.19 9.20 9.18 9.23 9.21 9.28 9.33 9.30 9.33 9.34 9.25 9.32 9.38 9.36 9.30 9.25 9.17 9.06 9.13 9.02 8.89 8.84 8.77 8.71 8.68
10.25 10.19 10.14 10.09 10.05 10.01 9.98 9.97 10.03 10.15 10.27 10.37 10.46 10.54 10.58 10.56 10.58 10.57 10.56 10.56 10.51 10.41 10.33 10.30 10.30 10.33 10.33 10.33 10.37 10.33 10.30 10.27 10.23 10.20 10.16 10.12 10.02 9.92 9.97 9.94 9.86 9.77 9.68 9.58 9.49 9.46 9.45 9.44 9.45 9.35 9.27 9.31 9.33 9.32 9.31 9.33 9.36 9.36 9.37 9.41 9.43 9.41 9.44 9.46 9.36 9.38 9.45 9.45 9.40 9.37 9.35 9.27 9.25 9.16 9.05 8.97 8.88 8.82 8.77
10.29 10.27 10.20 10.14 10.10 10.05 10.02 10.01 10.03 10.12 10.24 10.36 10.46 10.54 10.60 10.56 10.58 10.58 10.59 10.63 10.62 10.57 10.51 10.49 10.42 10.45 10.48 10.47 10.46 10.42 10.38 10.33 10.31 10.27 10.21 10.11 10.04 10.03 10.04 9.97 9.90 9.83 9.75 9.62 9.50 9.53 9.54 9.54 9.53 9.48 9.46 9.44 9.43 9.43 9.43 9.44 9.47 9.50 9.52 9.53 9.54 9.56 9.59 9.59 9.59 9.59 9.57 9.55 9.52 9.50 9.45 9.40 9.34 9.25 9.16 9.09 9.01 8.93 8.89
10.30 10.33 10.25 10.19 10.13 10.09 10.06 10.08 10.10 10.13 10.21 10.34 10.46 10.55 10.62 10.65 10.67 10.58 10.60 10.71 10.71 10.68 10.64 10.62 10.59 10.58 10.58 10.56 10.53 10.47 10.39 10.36 10.32 10.27 10.21 10.12 10.09 10.02 10.06 10.08 9.97 9.88 9.80 9.70 9.62 9.61 9.64 9.63 9.59 9.55 9.52 9.48 9.50 9.52 9.51 9.54 9.56 9.57 9.60 9.63 9.67 9.70 9.70 9.69 9.70 9.69 9.68 9.66 9.62 9.59 9.54 9.49 9.43 9.36 9.28 9.20 9.12 9.05 9.00
10.34 10.39 10.33 10.23 10.19 10.13 10.12 10.12 10.15 10.20 10.24 10.33 10.44 10.54 10.63 10.69 10.74 10.76 10.76 10.78 10.78 10.74 10.71 10.70 10.69 10.67 10.65 10.62 10.59 10.49 10.40 10.38 10.34 10.29 10.26 10.28 10.24 10.22 10.18 10.12 10.01 9.92 9.84 9.77 9.73 9.71 9.72 9.70 9.65 9.60 9.57 9.54 9.56 9.59 9.60 9.61 9.64 9.63 9.65 9.70 9.78 9.80 9.80 9.78 9.77 9.73 9.73 9.74 9.70 9.66 9.62 9.57 9.52 9.46 9.40 9.32 9.23 9.16 9.10
10.49 10.45 10.36 10.33 10.27 10.18 10.20 10.15 10.19 10.27 10.31 10.34 10.39 10.48 10.57 10.66 10.74 10.74 10.75 10.84 10.81 10.76 10.74 10.75 10.74 10.73 10.71 10.65 10.59 10.51 10.46 10.46 10.42 10.34 10.27 10.33 10.35 10.28 10.23 10.16 10.07 9.98 9.90 9.84 9.81 9.79 9.79 9.78 9.73 9.68 9.65 9.63 9.64 9.65 9.66 9.68 9.71 9.71 9.73 9.76 9.80 9.88 9.92 9.89 9.85 9.81 9.78 9.75 9.73 9.70 9.66 9.63 9.59 9.54 9.47 9.40 9.32 9.25 9.18
10.58 10.49 10.38 10.35 10.31 10.26 10.26 10.29 10.31 10.37 10.39 10.37 10.35 10.42 10.46 10.43 10.63 10.68 10.69 10.89 10.84 10.76 10.74 10.80 10.80 10.77 10.74 10.68 10.61 10.58 10.57 10.56 10.55 10.46 10.35 10.40 10.39 10.27 10.24 10.21 10.14 10.04 9.95 9.91 9.88 9.86 9.84 9.82 9.82 9.79 9.75 9.72 9.70 9.68 9.70 9.73 9.76 9.79 9.81 9.86 9.93 9.98 10.01 9.99 9.94 9.88 9.83 9.76 9.76 9.73 9.70 9.69 9.65 9.61 9.54 9.46 9.39 9.32 9.24
10.61 10.54 10.46 10.40 10.37 10.35 10.35 10.33 10.41 10.46 10.46 10.43 10.45 10.46 10.49 10.51 10.63 10.79 10.84 10.90 10.87 10.82 10.79 10.83 10.83 10.80 10.75 10.72 10.71 10.69 10.69 10.66 10.63 10.58 10.53 10.51 10.44 10.33 10.28 10.24 10.19 10.09 10.01 9.96 9.92 9.91 9.90 9.86 9.86 9.87 9.82 9.73 9.77 9.74 9.73 9.78 9.82 9.86 9.88 9.91 9.98 10.07 10.10 10.09 10.04 9.99 9.94 9.89 9.85 9.83 9.80 9.77 9.73 9.65 9.56 9.49 9.41 9.34 9.28
10.65 10.60 10.54 10.48 10.45 10.45 10.48 10.48 10.50 10.54 10.53 10.44 10.53 10.56 10.59 10.61 10.67 10.76 10.85 10.91 10.94 10.94 10.89 10.87 10.85 10.82 10.77 10.78 10.80 10.81 10.81 10.77 10.73 10.68 10.63 10.58 10.52 10.45 10.34 10.27 10.23 10.14 10.07 10.01 9.96 9.96 9.96 9.89 9.87 9.95 9.91 9.87 9.83 9.78 9.78 9.82 9.89 9.95 9.97 9.94 9.99 10.16 10.19 10.18 10.14 10.10 10.07 10.04 9.98 9.94 9.91 9.85 9.80 9.68 9.57 9.51 9.45 9.39 9.30
10.71 10.66 10.61 10.58 10.57 10.60 10.60 10.59 10.59 10.63 10.57 10.48 10.59 10.63 10.64 10.67 10.72 10.78 10.77 10.88 10.98 10.97 10.95 10.92 10.90 10.88 10.86 10.87 10.90 10.90 10.89 10.86 10.82 10.77 10.72 10.67 10.61 10.52 10.40 10.23 10.26 10.22 10.16 10.08 10.03 10.01 10.01 9.96 9.94 10.00 9.98 9.94 9.92 9.87 9.88 9.93 10.01 10.04 10.09 10.05 10.11 10.23 10.26 10.26 10.23 10.19 10.15 10.11 10.06 10.02 9.96 9.89 9.81 9.71 9.60 9.53 9.47 9.39 9.29
10.80 10.75 10.69 10.67 10.66 10.70 10.60 10.66 10.70 10.73 10.73 10.72 10.71 10.69 10.68 10.71 10.76 10.80 10.80 10.89 10.95 10.99 10.99 10.96 10.94 10.95 10.95 10.98 10.99 11.00 10.96 10.93 10.89 10.84 10.79 10.74 10.70 10.62 10.54 10.49 10.38 10.30 10.25 10.11 10.04 10.03 10.09 10.11 10.11 10.10 10.05 10.00 9.96 9.93 9.94 10.01 10.08 10.14 10.19 10.17 10.25 10.33 10.32 10.31 10.29 10.26 10.23 10.18 10.12 10.06 9.99 9.91 9.83 9.76 9.66 9.56 9.49 9.40 9.29
10.90 10.86 10.80 10.76 10.71 10.63 10.49 10.77 10.82 10.83 10.71 10.64 10.71 10.70 10.69 10.71 10.79 10.85 10.90 10.92 10.96 11.02 11.05 11.03 11.02 11.02 11.04 11.08 11.11 11.08 11.01 10.97 10.92 10.87 10.82 10.76 10.73 10.69 10.64 10.55 10.44 10.33 10.24 10.12 10.02 10.04 10.11 10.20 10.23 10.18 10.12 10.07 10.01 9.95 9.95 10.02 10.04 10.11 10.24 10.29 10.35 10.38 10.37 10.35 10.34 10.32 10.29 10.24 10.16 10.07 9.99 9.92 9.87 9.81 9.75 9.67 9.60 9.51 9.41
10.99 10.97 10.93 10.90 10.89 10.85 10.80 10.88 10.82 10.93 10.73 10.62 10.75 10.72 10.69 10.73 10.78 10.87 10.95 10.92 10.89 11.08 11.13 11.12 11.11 11.10 11.13 11.17 11.20 11.15 11.05 11.01 10.97 10.92 10.85 10.77 10.73 10.71 10.67 10.57 10.47 10.36 10.26 10.22 10.21 10.15 10.10 10.31 10.33 10.28 10.22 10.15 10.10 10.05 10.05 10.09 10.13 10.19 10.29 10.34 10.36 10.37 10.38 10.38 10.40 10.39 10.35 10.30 10.20 10.07 9.98 9.93 9.90 9.88 9.86 9.78 9.73 9.64 9.52
11.08 11.09 11.07 11.04 11.01 11.02 11.01 11.00 10.99 10.97 10.72 10.71 10.75 10.74 10.70 10.73 10.79 10.86 10.94 10.92 10.81 11.11 11.23 11.23 11.21 11.20 11.20 11.24 11.29 11.24 11.16 11.10 11.06 10.99 10.91 10.84 10.73 10.54 10.48 10.55 10.52 10.44 10.30 10.31 10.37 10.35 10.34 10.41 10.43 10.39 10.33 10.26 10.20 10.18 10.16 10.17 10.20 10.21 10.29 10.35 10.35 10.38 10.41 10.45 10.47 10.46 10.39 10.32 10.23 10.13 10.05 10.00 9.96 9.94 9.92 9.88 9.82 9.74 9.63
11.20 11.21 11.21 11.15 11.09 11.05 11.12 11.13 11.12 11.07 10.94 10.86 10.83 10.78 10.71 10.75 10.80 10.84 10.95 11.02 10.84 11.00 11.24 11.31 11.32 11.28 11.25 11.32 11.36 11.32 11.26 11.20 11.14 11.07 11.01 10.96 10.84 10.72 10.63 10.65 10.64 10.58 10.55 10.42 10.51 10.53 10.52 10.53 10.52 10.47 10.43 10.33 10.28 10.26 10.22 10.18 10.16 10.17 10.30 10.35 10.33 10.39 10.47 10.53 10.54 10.50 10.43 10.35 10.29 10.22 10.15 10.08 10.02 10.00 9.98 9.95 9.90 9.83 9.74
11.25 11.31 11.30 11.20 11.11 11.11 11.15 11.17 11.19 11.19 11.08 10.98 10.93 10.89 10.86 10.83 10.82 10.84 10.90 10.94 10.94 11.16 11.31 11.36 11.40 11.40 11.39 11.42 11.43 11.39 11.36 11.28 11.20 11.13 11.07 11.01 10.96 10.89 10.82 10.79 10.76 10.74 10.70 10.61 10.61 10.67 10.65 10.65 10.60 10.54 10.48 10.37 10.32 10.29 10.25 10.22 10.23 10.27 10.35 10.37 10.37 10.41 10.49 10.53 10.54 10.52 10.49 10.43 10.38 10.32 10.25 10.18 10.11 10.08 10.05 10.03 9.98 9.90 9.82
11.40 11.42 11.38 11.25 11.05 11.15 11.21 11.21 11.26 11.27 11.16 11.06 11.03 11.01 10.99 10.92 10.86 10.84 10.87 10.89 10.86 11.18 11.36 11.41 11.46 11.48 11.50 11.50 11.47 11.42 11.42 11.35 11.25 11.16 11.12 11.06 11.06 11.01 10.96 10.90 10.88 10.88 10.83 10.74 10.76 10.71 10.77 10.75 10.65 10.59 10.55 10.46 10.40 10.34 10.31 10.31 10.32 10.35 10.38 10.39 10.39 10.43 10.47 10.48 10.49 10.52 10.54 10.52 10.48 10.44 10.38 10.28 10.20 10.16 10.14 10.10 10.05 9.97 9.88
11.51 11.44 11.46 11.37 11.31 11.33 11.33 11.33 11.35 11.35 11.25 11.11 11.12 11.10 11.05 10.98 10.91 10.88 10.90 10.92 10.88 11.18 11.34 11.41 11.50 11.52 11.55 11.54 11.50 11.34 11.37 11.41 11.32 11.26 11.22 11.17 11.16 11.09 11.03 11.00 11.00 11.00 10.90 10.76 10.74 10.68 10.85 10.71 10.70 10.63 10.61 10.55 10.49 10.45 10.42 10.42 10.42 10.41 10.41 10.44 10.46 10.51 10.48 10.47 10.49 10.53 10.56 10.58 10.57 10.54 10.47 10.38 10.30 10.24 10.22 10.17 10.11 10.02 9.93
11.61 11.49 11.42 11.43 11.44 11.48 11.47 11.43 11.45 11.43 11.36 11.28 11.27 11.18 11.09 11.04 10.99 10.96 10.96 11.03 11.01 11.12 11.20 11.27 11.49 11.50 11.56 11.51 11.53 11.38 11.41 11.49 11.43 11.37 11.32 11.29 11.17 11.08 11.05 11.07 11.09 11.10 10.98 10.91 10.94 10.91 10.95 10.84 10.73 10.64 10.63 10.59 10.55 10.53 10.51 10.51 10.51 10.47 10.44 10.50 10.56 10.58 10.51 10.50 10.54 10.58 10.59 10.60 10.59 10.58 10.53 10.47 10.43 10.36 10.31 10.24 10.16 10.07 9.95
11.73 11.67 11.60 11.55 11.52 11.49 11.58 11.49 11.54 11.52 11.46 11.39 11.33 11.24 11.15 11.10 11.07 11.05 11.02 10.93 11.00 11.12 11.18 10.87 11.41 11.58 11.62 11.10 11.42 11.52 11.56 11.55 11.49 11.41 11.33 11.25 11.16 11.04 11.12 11.19 11.22 11.16 11.06 11.04 11.05 11.05 11.01 10.91 10.81 10.75 10.71 10.66 10.61 10.59 10.57 10.58 10.58 10.55 10.54 10.59 10.62 10.61 10.58 10.57 10.59 10.59 10.59 10.58 10.57 10.56 10.54 10.51 10.48 10.42 10.35 10.27 10.17 10.07 9.96
11.75 11.77 11.76 11.71 11.62 11.57 11.67 11.65 11.62 11.59 11.53 11.46 11.41 11.30 11.19 11.18 11.16 11.13 11.09 10.72 10.97 11.12 11.34 11.36 11.51 11.62 11.59 11.44 11.67 11.66 11.63 11.60 11.54 11.44 11.32 11.26 11.29 11.30 11.30 11.33 11.33 11.23 11.12 11.12 11.12 11.16 11.11 11.01 10.89 10.86 10.85 10.79 10.70 10.64 10.62 10.64 10.64 10.63 10.62 10.66 10.67 10.63 10.64 10.63 10.62 10.60 10.58 10.57 10.55 10.53 10.51 10.49 10.45 10.41 10.36 10.28 10.17 10.06 9.96
11.92 11.82 11.88 11.83 11.69 11.37 11.51 11.70 11.69 11.58 11.51 11.52 11.47 11.40 11.32 11.28 11.23 11.20 11.13 11.02 11.12 11.06 11.35 11.46 11.55 11.64 11.64 11.53 11.65 11.69 11.62 11.62 11.58 11.47 11.36 11.46 11.45 11.44 11.44 11.44 11.40 11.33 11.27 11.24 11.23 11.24 11.18 11.10 11.01 10.98 10.97 10.91 10.81 10.72 10.66 10.66 10.67 10.69 10.72 10.70 10.63 10.59 10.57 10.58 10.59 10.59 10.57 10.55 10.53 10.50 10.48 10.45 10.42 10.35 10.29 10.27 10.17 10.03 9.93
