main/data/pressure/29.07.2023.grid
ncols 886
nrows 691
xllcenter 112.0000
yllcenter -44.5000
cellsize 0.0500
nodata_value 99999.90
[rows 595 to 629 of 691, columns 790 to 868 of 886]
12.23 12.23 12.22 12.21 12.20 12.19 12.18 12.17 12.17 12.16 12.14 12.14 12.13 12.12 12.11 12.10 12.09 12.09 12.07 12.06 12.06 12.05 12.04 12.03 12.02 12.02 12.01 11.99 11.99 11.98 11.98 11.97 11.96 11.95 11.95 11.94 11.94 11.92 11.92 11.91 11.91 11.90 11.89 11.88 11.88 11.88 11.87 11.87 11.85 11.85 11.85 11.84 11.84 11.85 11.91 11.98 12.06 12.13 12.20 12.27 12.34 12.40 12.46 12.51 12.57 12.62 12.67 12.72 12.77 12.82 12.86 12.90 12.93 12.97 13.01 13.04 13.08 13.11 13.14
12.27 12.27 12.26 12.25 12.25 12.23 12.22 12.22 12.21 12.20 12.19 12.18 12.17 12.17 12.15 12.14 12.14 12.13 12.12 12.11 12.10 12.09 12.09 12.07 12.06 12.06 12.05 12.04 12.03 12.02 12.02 12.01 12.00 11.99 11.99 11.98 11.97 11.96 11.95 11.95 11.94 11.94 11.93 11.92 11.92 11.91 11.91 11.90 11.89 11.89 11.88 11.88 11.88 11.91 11.98 12.05 12.12 12.19 12.26 12.33 12.39 12.45 12.50 12.55 12.61 12.66 12.71 12.75 12.80 12.84 12.88 12.92 12.95 12.99 13.03 13.06 13.09 13.12 13.15
12.32 12.31 12.30 12.30 12.29 12.27 12.27 12.26 12.25 12.24 12.23 12.22 12.22 12.21 12.19 12.19 12.18 12.17 12.16 12.15 12.14 12.14 12.13 12.11 12.11 12.10 12.09 12.09 12.07 12.07 12.06 12.05 12.04 12.03 12.03 12.02 12.02 12.00 12.00 11.99 11.99 11.98 11.97 11.96 11.96 11.95 11.95 11.94 11.93 11.92 11.92 11.92 11.93 11.97 12.04 12.12 12.19 12.25 12.32 12.38 12.43 12.48 12.54 12.59 12.64 12.69 12.74 12.78 12.83 12.87 12.90 12.94 12.97 13.01 13.04 13.08 13.11 13.14 13.17
12.37 12.35 12.35 12.34 12.33 12.32 12.31 12.30 12.30 12.29 12.27 12.27 12.26 12.25 12.24 12.23 12.22 12.22 12.21 12.20 12.19 12.18 12.18 12.16 12.15 12.15 12.14 12.12 12.12 12.11 12.11 12.10 12.08 12.08 12.07 12.07 12.05 12.04 12.04 12.03 12.03 12.01 12.01 12.00 12.00 11.99 11.99 11.97 11.97 11.96 11.96 11.96 11.99 12.04 12.11 12.18 12.25 12.31 12.37 12.43 12.47 12.53 12.58 12.63 12.68 12.72 12.77 12.81 12.85 12.88 12.92 12.96 12.99 13.03 13.06 13.09 13.12 13.15 13.18
12.40 12.40 12.39 12.39 12.38 12.36 12.36 12.35 12.34 12.33 12.32 12.31 12.31 12.30 12.28 12.28 12.27 12.26 12.25 12.24 12.23 12.23 12.21 12.21 12.20 12.19 12.19 12.17 12.16 12.16 12.15 12.14 12.13 12.12 12.12 12.11 12.11 12.09 12.08 12.08 12.07 12.06 12.05 12.05 12.04 12.04 12.03 12.02 12.01 12.01 12.00 12.01 12.05 12.11 12.18 12.24 12.30 12.36 12.42 12.47 12.52 12.57 12.62 12.67 12.71 12.76 12.80 12.84 12.87 12.91 12.94 12.98 13.01 13.05 13.08 13.11 13.13 13.15 13.19
12.45 12.44 12.44 12.43 12.41 12.41 12.40 12.40 12.39 12.37 12.37 12.36 12.35 12.35 12.33 12.32 12.32 12.31 12.30 12.29 12.28 12.28 12.26 12.25 12.25 12.24 12.23 12.22 12.21 12.21 12.20 12.19 12.18 12.17 12.16 12.16 12.14 12.14 12.13 12.13 12.12 12.10 12.10 12.09 12.09 12.08 12.08 12.06 12.06 12.05 12.05 12.07 12.12 12.18 12.24 12.30 12.36 12.42 12.46 12.51 12.56 12.61 12.66 12.70 12.75 12.79 12.83 12.86 12.90 12.93 12.97 13.00 13.03 13.06 13.09 13.12 13.14 13.16 13.19
12.49 12.49 12.48 12.47 12.46 12.45 12.45 12.44 12.43 12.42 12.41 12.41 12.40 12.38 12.38 12.37 12.37 12.36 12.34 12.34 12.33 12.32 12.31 12.30 12.29 12.29 12.28 12.27 12.26 12.25 12.25 12.23 12.23 12.22 12.21 12.21 12.19 12.19 12.18 12.17 12.16 12.15 12.15 12.14 12.14 12.13 12.11 12.11 12.10 12.10 12.10 12.13 12.18 12.24 12.30 12.36 12.42 12.46 12.51 12.56 12.61 12.65 12.70 12.74 12.78 12.81 12.85 12.89 12.92 12.96 12.99 13.02 13.05 13.07 13.10 13.13 13.15 13.18 13.20
12.53 12.53 12.52 12.52 12.50 12.50 12.49 12.49 12.47 12.46 12.46 12.45 12.45 12.43 12.42 12.42 12.41 12.41 12.39 12.38 12.38 12.37 12.36 12.35 12.34 12.34 12.32 12.32 12.31 12.30 12.29 12.28 12.27 12.27 12.26 12.25 12.24 12.23 12.23 12.22 12.21 12.20 12.20 12.19 12.18 12.17 12.16 12.16 12.15 12.15 12.15 12.19 12.25 12.31 12.36 12.42 12.47 12.51 12.56 12.60 12.65 12.69 12.73 12.77 12.80 12.84 12.88 12.91 12.95 12.98 13.01 13.04 13.07 13.09 13.11 13.14 13.17 13.19 13.21
12.58 12.57 12.57 12.56 12.55 12.54 12.54 12.53 12.51 12.51 12.50 12.50 12.49 12.48 12.47 12.47 12.46 12.44 12.44 12.43 12.43 12.41 12.40 12.40 12.39 12.39 12.37 12.36 12.36 12.35 12.35 12.33 12.32 12.32 12.31 12.30 12.29 12.28 12.28 12.27 12.26 12.25 12.25 12.24 12.23 12.22 12.21 12.21 12.20 12.20 12.21 12.26 12.32 12.37 12.42 12.47 12.51 12.56 12.60 12.65 12.69 12.73 12.76 12.80 12.84 12.87 12.91 12.94 12.97 13.00 13.03 13.05 13.08 13.10 13.13 13.15 13.18 13.20 13.22
12.62 12.61 12.61 12.60 12.59 12.58 12.58 12.57 12.56 12.55 12.55 12.54 12.53 12.52 12.52 12.51 12.50 12.49 12.49 12.48 12.47 12.46 12.45 12.45 12.44 12.44 12.42 12.41 12.41 12.40 12.39 12.38 12.37 12.37 12.36 12.35 12.34 12.34 12.33 12.31 12.31 12.30 12.30 12.29 12.28 12.27 12.26 12.26 12.25 12.24 12.28 12.33 12.38 12.43 12.48 12.52 12.56 12.60 12.65 12.69 12.73 12.77 12.79 12.83 12.87 12.90 12.93 12.96 12.99 13.01 13.04 13.07 13.09 13.12 13.14 13.17 13.19 13.21 13.22
12.66 12.65 12.65 12.64 12.63 12.63 12.62 12.62 12.60 12.60 12.59 12.59 12.57 12.57 12.56 12.56 12.54 12.54 12.53 12.53 12.52 12.51 12.50 12.50 12.49 12.47 12.47 12.46 12.46 12.45 12.44 12.43 12.42 12.42 12.40 12.40 12.39 12.39 12.38 12.36 12.36 12.35 12.35 12.34 12.33 12.32 12.32 12.31 12.30 12.30 12.34 12.39 12.44 12.48 12.53 12.57 12.61 12.65 12.69 12.73 12.76 12.79 12.83 12.86 12.89 12.93 12.96 12.99 13.01 13.03 13.06 13.09 13.11 13.14 13.16 13.18 13.20 13.21 13.23
12.70 12.69 12.69 12.68 12.67 12.67 12.66 12.65 12.64 12.64 12.64 12.62 12.62 12.61 12.61 12.59 12.59 12.58 12.58 12.57 12.56 12.55 12.55 12.54 12.54 12.52 12.52 12.51 12.51 12.49 12.49 12.48 12.47 12.46 12.45 12.45 12.44 12.44 12.42 12.42 12.41 12.40 12.40 12.38 12.38 12.37 12.37 12.36 12.35 12.36 12.40 12.45 12.50 12.54 12.57 12.61 12.65 12.69 12.73 12.77 12.79 12.83 12.86 12.89 12.92 12.95 12.97 13.00 13.03 13.05 13.08 13.10 13.13 13.15 13.16 13.18 13.20 13.23 13.24
12.73 12.73 12.72 12.71 12.71 12.71 12.69 12.69 12.69 12.68 12.67 12.66 12.66 12.66 12.65 12.64 12.63 12.63 12.62 12.62 12.60 12.60 12.59 12.59 12.57 12.57 12.56 12.56 12.54 12.54 12.53 12.53 12.52 12.51 12.50 12.50 12.49 12.48 12.47 12.47 12.46 12.46 12.45 12.44 12.43 12.42 12.42 12.40 12.40 12.42 12.47 12.51 12.54 12.58 12.62 12.66 12.70 12.73 12.76 12.79 12.83 12.86 12.89 12.92 12.95 12.97 13.00 13.02 13.05 13.07 13.10 13.12 13.13 13.16 13.18 13.20 13.22 13.24 13.25
12.77 12.76 12.75 12.75 12.75 12.75 12.73 12.73 12.73 12.72 12.71 12.70 12.70 12.70 12.69 12.68 12.67 12.67 12.67 12.65 12.65 12.64 12.64 12.62 12.62 12.62 12.61 12.61 12.59 12.59 12.58 12.58 12.56 12.56 12.55 12.55 12.54 12.53 12.52 12.52 12.51 12.51 12.49 12.49 12.48 12.48 12.46 12.46 12.46 12.48 12.52 12.56 12.59 12.63 12.67 12.71 12.74 12.77 12.80 12.83 12.86 12.89 12.92 12.95 12.97 12.99 13.02 13.04 13.07 13.09 13.12 13.13 13.15 13.17 13.19 13.21 13.23 13.25 13.26
12.79 12.79 12.79 12.79 12.78 12.77 12.77 12.77 12.76 12.75 12.75 12.74 12.74 12.73 12.72 12.72 12.72 12.71 12.70 12.69 12.69 12.69 12.68 12.67 12.66 12.66 12.66 12.64 12.64 12.63 12.63 12.62 12.61 12.60 12.60 12.60 12.58 12.58 12.57 12.57 12.56 12.55 12.54 12.54 12.53 12.53 12.51 12.51 12.51 12.54 12.58 12.61 12.64 12.68 12.71 12.75 12.78 12.80 12.83 12.86 12.89 12.92 12.95 12.97 12.99 13.02 13.04 13.07 13.09 13.11 13.12 13.14 13.16 13.18 13.20 13.22 13.24 13.26 13.26
12.83 12.82 12.82 12.82 12.81 12.81 12.80 12.80 12.79 12.79 12.78 12.78 12.78 12.76 12.76 12.76 12.76 12.74 12.74 12.74 12.73 12.73 12.71 12.71 12.71 12.70 12.70 12.69 12.68 12.68 12.67 12.66 12.66 12.65 12.65 12.63 12.63 12.62 12.62 12.61 12.60 12.60 12.59 12.59 12.58 12.57 12.56 12.56 12.57 12.60 12.62 12.66 12.69 12.72 12.76 12.79 12.81 12.84 12.87 12.90 12.92 12.95 12.97 12.99 13.02 13.04 13.06 13.07 13.10 13.12 13.14 13.16 13.18 13.20 13.21 13.22 13.24 13.26 13.27
12.86 12.86 12.85 12.84 12.84 12.84 12.84 12.82 12.82 12.82 12.82 12.82 12.80 12.80 12.80 12.80 12.79 12.78 12.78 12.77 12.77 12.76 12.76 12.75 12.75 12.75 12.73 12.73 12.72 12.72 12.71 12.70 12.70 12.70 12.68 12.68 12.67 12.67 12.67 12.65 12.65 12.64 12.64 12.63 12.62 12.62 12.61 12.61 12.62 12.64 12.67 12.71 12.74 12.77 12.79 12.82 12.85 12.87 12.90 12.93 12.94 12.97 12.99 13.02 13.04 13.06 13.08 13.09 13.11 13.13 13.15 13.17 13.19 13.21 13.22 13.23 13.25 13.27 13.28
12.89 12.88 12.87 12.87 12.87 12.87 12.87 12.86 12.85 12.85 12.85 12.85 12.84 12.84 12.83 12.83 12.82 12.82 12.81 12.81 12.80 12.80 12.79 12.79 12.79 12.77 12.77 12.77 12.77 12.76 12.75 12.75 12.74 12.74 12.73 12.72 12.72 12.71 12.71 12.70 12.69 12.69 12.69 12.68 12.67 12.66 12.66 12.66 12.67 12.69 12.72 12.75 12.78 12.80 12.83 12.85 12.88 12.91 12.93 12.95 12.97 12.99 13.02 13.04 13.06 13.07 13.09 13.11 13.13 13.15 13.17 13.18 13.19 13.21 13.23 13.24 13.26 13.28 13.29
12.91 12.90 12.90 12.90 12.90 12.90 12.89 12.89 12.88 12.88 12.88 12.87 12.87 12.87 12.87 12.85 12.85 12.85 12.85 12.84 12.83 12.83 12.83 12.83 12.81 12.81 12.81 12.81 12.79 12.79 12.79 12.79 12.78 12.77 12.77 12.76 12.76 12.76 12.74 12.74 12.74 12.73 12.72 12.72 12.71 12.71 12.71 12.71 12.71 12.74 12.77 12.79 12.81 12.84 12.86 12.89 12.91 12.94 12.95 12.97 13.00 13.02 13.04 13.05 13.07 13.09 13.11 13.13 13.15 13.17 13.17 13.19 13.21 13.22 13.24 13.25 13.27 13.28 13.29
12.93 12.93 12.93 12.92 12.92 12.91 12.91 12.91 12.91 12.91 12.90 12.90 12.90 12.90 12.89 12.88 12.88 12.88 12.88 12.87 12.87 12.87 12.86 12.85 12.85 12.85 12.85 12.84 12.83 12.83 12.83 12.82 12.81 12.81 12.81 12.80 12.80 12.79 12.79 12.78 12.78 12.78 12.76 12.76 12.76 12.75 12.75 12.74 12.76 12.78 12.81 12.84 12.85 12.87 12.90 12.92 12.94 12.96 12.98 13.00 13.02 13.04 13.05 13.07 13.09 13.11 13.13 13.15 13.15 13.17 13.19 13.20 13.22 13.23 13.25 13.26 13.27 13.28 13.30
12.95 12.95 12.95 12.95 12.94 12.94 12.94 12.94 12.93 12.93 12.93 12.93 12.93 12.91 12.91 12.91 12.91 12.90 12.90 12.90 12.90 12.90 12.89 12.88 12.88 12.88 12.88 12.87 12.87 12.86 12.86 12.86 12.85 12.85 12.84 12.84 12.83 12.83 12.82 12.82 12.82 12.81 12.80 12.80 12.80 12.79 12.78 12.78 12.80 12.83 12.84 12.86 12.89 12.91 12.93 12.95 12.96 12.98 13.00 13.02 13.04 13.05 13.07 13.09 13.11 13.13 13.14 13.15 13.17 13.18 13.20 13.21 13.23 13.24 13.25 13.26 13.28 13.29 13.30
12.97 12.97 12.96 12.96 12.96 12.96 12.96 12.95 12.95 12.95 12.95 12.95 12.94 12.94 12.94 12.94 12.94 12.93 12.93 12.93 12.93 12.93 12.92 12.91 12.91 12.91 12.90 12.90 12.90 12.90 12.89 12.88 12.88 12.88 12.88 12.87 12.87 12.86 12.86 12.86 12.85 12.85 12.84 12.84 12.84 12.83 12.82 12.83 12.84 12.87 12.88 12.90 12.92 12.94 12.96 12.97 12.99 13.01 13.03 13.05 13.06 13.07 13.09 13.11 13.13 13.13 13.15 13.16 13.18 13.20 13.21 13.22 13.23 13.24 13.26 13.27 13.28 13.30 13.30
12.98 12.98 12.98 12.98 12.98 12.98 12.97 12.97 12.97 12.97 12.97 12.96 12.96 12.96 12.96 12.96 12.95 12.95 12.95 12.95 12.95 12.94 12.94 12.94 12.94 12.93 12.93 12.93 12.93 12.93 12.92 12.92 12.91 12.91 12.90 12.90 12.90 12.90 12.90 12.88 12.88 12.88 12.88 12.88 12.87 12.86 12.86 12.87 12.88 12.89 12.91 12.93 12.95 12.96 12.98 13.00 13.02 13.03 13.04 13.06 13.08 13.09 13.11 13.13 13.13 13.15 13.16 13.18 13.19 13.21 13.21 13.23 13.24 13.25 13.27 13.28 13.29 13.29 13.31
12.99 12.99 12.99 12.99 12.99 12.99 12.99 12.99 12.99 12.99 12.98 12.98 12.98 12.98 12.97 12.97 12.98 12.98 12.98 12.97 12.97 12.97 12.97 12.97 12.96 12.96 12.96 12.96 12.96 12.95 12.94 12.94 12.94 12.93 12.93 12.93 12.93 12.93 12.92 12.92 12.92 12.91 12.91 12.90 12.90 12.90 12.90 12.89 12.91 12.93 12.94 12.96 12.97 12.99 13.01 13.02 13.04 13.05 13.06 13.08 13.09 13.11 13.12 13.13 13.15 13.16 13.18 13.19 13.21 13.21 13.22 13.24 13.25 13.26 13.26 13.28 13.29 13.30 13.31
13.00 13.00 13.01 13.00 13.00 13.00 13.00 13.00 13.01 13.00 13.00 13.00 13.00 12.99 12.99 12.99 13.00 13.00 12.99 12.99 12.99 12.99 12.99 12.98 12.98 12.98 12.98 12.97 12.97 12.97 12.97 12.97 12.96 12.96 12.96 12.96 12.96 12.95 12.95 12.95 12.95 12.95 12.94 12.93 12.93 12.93 12.92 12.93 12.94 12.96 12.97 12.98 13.00 13.01 13.03 13.05 13.05 13.07 13.08 13.10 13.11 13.12 13.13 13.15 13.16 13.17 13.19 13.19 13.21 13.22 13.23 13.24 13.26 13.26 13.27 13.28 13.30 13.31 13.32
13.01 13.02 13.01 13.01 13.01 13.01 13.02 13.01 13.01 13.01 13.01 13.01 13.01 13.01 13.01 13.01 13.01 13.00 13.00 13.01 13.01 13.01 13.00 13.00 13.00 13.00 12.99 12.99 12.99 12.99 12.99 12.98 12.99 12.99 12.99 12.99 12.98 12.98 12.98 12.98 12.97 12.96 12.96 12.96 12.96 12.95 12.95 12.96 12.97 12.99 12.99 13.01 13.02 13.04 13.05 13.06 13.07 13.09 13.10 13.11 13.12 13.13 13.15 13.16 13.17 13.19 13.19 13.20 13.22 13.23 13.24 13.24 13.26 13.27 13.28 13.29 13.30 13.30 13.31
13.01 13.01 13.02 13.02 13.02 13.01 13.02 13.02 13.02 13.02 13.03 13.02 13.02 13.02 13.02 13.03 13.02 13.02 13.02 13.02 13.02 13.02 13.02 13.02 13.02 13.02 13.01 13.01 13.01 13.01 13.01 13.01 13.01 13.01 13.01 13.00 13.00 13.00 13.00 12.99 12.99 12.99 12.99 12.99 12.98 12.98 12.98 12.99 12.99 13.00 13.02 13.03 13.04 13.05 13.06 13.08 13.09 13.10 13.12 13.12 13.13 13.15 13.16 13.17 13.18 13.19 13.20 13.21 13.23 13.23 13.24 13.25 13.26 13.27 13.29 13.29 13.30 13.31 13.32
13.02 13.02 13.02 13.03 13.02 13.02 13.03 13.03 13.03 13.03 13.03 13.03 13.03 13.03 13.04 13.03 13.03 13.03 13.03 13.04 13.03 13.03 13.03 13.03 13.04 13.03 13.03 13.03 13.03 13.02 13.02 13.03 13.03 13.03 13.02 13.02 13.02 13.02 13.01 13.01 13.01 13.01 13.01 13.01 13.01 13.01 13.01 13.01 13.01 13.03 13.04 13.05 13.05 13.07 13.08 13.09 13.11 13.12 13.12 13.13 13.15 13.16 13.16 13.17 13.19 13.20 13.21 13.22 13.22 13.24 13.25 13.26 13.27 13.28 13.28 13.29 13.30 13.31 13.32
13.02 13.03 13.02 13.02 13.03 13.03 13.03 13.04 13.03 13.03 13.03 13.04 13.04 13.03 13.04 13.04 13.04 13.04 13.04 13.04 13.04 13.04 13.04 13.04 13.04 13.04 13.04 13.05 13.04 13.04 13.04 13.04 13.04 13.04 13.04 13.04 13.04 13.03 13.03 13.03 13.03 13.04 13.03 13.03 13.03 13.03 13.03 13.03 13.04 13.05 13.06 13.06 13.07 13.08 13.10 13.11 13.11 13.12 13.13 13.15 13.16 13.16 13.17 13.18 13.20 13.21 13.21 13.22 13.23 13.24 13.25 13.26 13.26 13.28 13.29 13.30 13.31 13.32 13.32
13.02 13.02 13.02 13.03 13.03 13.03 13.03 13.03 13.03 13.04 13.04 13.04 13.04 13.04 13.04 13.05 13.05 13.04 13.04 13.05 13.05 13.05 13.05 13.05 13.05 13.05 13.05 13.05 13.05 13.05 13.05 13.05 13.05 13.05 13.05 13.05 13.05 13.05 13.05 13.05 13.04 13.04 13.05 13.05 13.05 13.04 13.04 13.05 13.06 13.07 13.07 13.08 13.09 13.10 13.11 13.11 13.12 13.14 13.15 13.16 13.16 13.17 13.18 13.19 13.20 13.21 13.22 13.23 13.24 13.25 13.26 13.26 13.27 13.28 13.29 13.30 13.30 13.31 13.32
13.02 13.02 13.02 13.03 13.02 13.03 13.03 13.03 13.04 13.04 13.03 13.04 13.04 13.04 13.05 13.04 13.04 13.05 13.05 13.05 13.05 13.05 13.05 13.06 13.06 13.05 13.06 13.06 13.06 13.06 13.06 13.06 13.06 13.06 13.07 13.06 13.06 13.06 13.06 13.06 13.06 13.06 13.06 13.06 13.06 13.06 13.06 13.06 13.07 13.07 13.08 13.09 13.10 13.11 13.11 13.13 13.14 13.15 13.16 13.16 13.17 13.18 13.19 13.20 13.20 13.21 13.22 13.23 13.24 13.24 13.25 13.26 13.27 13.28 13.29 13.29 13.30 13.31 13.32
13.01 13.02 13.01 13.02 13.02 13.03 13.03 13.03 13.04 13.03 13.04 13.04 13.04 13.05 13.04 13.05 13.05 13.05 13.06 13.05 13.05 13.06 13.06 13.06 13.06 13.06 13.06 13.07 13.07 13.06 13.07 13.07 13.07 13.07 13.07 13.07 13.07 13.07 13.08 13.07 13.07 13.07 13.08 13.07 13.07 13.07 13.08 13.07 13.08 13.09 13.10 13.11 13.11 13.12 13.13 13.14 13.15 13.15 13.16 13.17 13.18 13.19 13.19 13.20 13.21 13.22 13.23 13.23 13.24 13.25 13.26 13.27 13.28 13.28 13.29 13.30 13.31 13.32 13.32
13.00 13.01 13.01 13.02 13.02 13.02 13.03 13.02 13.03 13.03 13.04 13.04 13.04 13.04 13.04 13.05 13.05 13.06 13.05 13.05 13.06 13.06 13.06 13.06 13.06 13.07 13.07 13.07 13.07 13.07 13.07 13.08 13.07 13.07 13.08 13.08 13.08 13.07 13.08 13.08 13.08 13.08 13.08 13.08 13.08 13.09 13.08 13.08 13.09 13.10 13.11 13.11 13.12 13.13 13.14 13.14 13.15 13.15 13.16 13.17 13.18 13.18 13.19 13.20 13.21 13.21 13.22 13.23 13.24 13.25 13.26 13.26 13.27 13.28 13.29 13.30 13.30 13.31 13.32
13.00 13.00 13.01 13.01 13.02 13.01 13.02 13.02 13.03 13.03 13.03 13.03 13.03 13.04 13.04 13.05 13.04 13.05 13.05 13.05 13.06 13.05 13.06 13.06 13.06 13.07 13.07 13.07 13.07 13.07 13.08 13.07 13.07 13.08 13.08 13.09 13.08 13.08 13.09 13.09 13.09 13.08 13.09 13.09 13.09 13.09 13.09 13.09 13.10 13.11 13.11 13.12 13.13 13.13 13.13 13.14 13.15 13.16 13.17 13.17 13.18 13.19 13.20 13.21 13.21 13.22 13.23 13.24 13.25 13.25 13.26 13.26 13.27 13.28 13.29 13.29 13.30 13.31 13.32
12.99 12.99 12.99 13.00 13.00 13.01 13.01 13.02 13.02 13.02 13.02 13.03 13.03 13.04 13.04 13.04 13.04 13.04 13.05 13.05 13.05 13.05 13.06 13.06 13.07 13.06 13.06 13.07 13.07 13.08 13.07 13.07 13.08 13.08 13.09 13.08 13.08 13.09 13.09 13.08 13.09 13.09 13.10 13.10 13.09 13.10 13.10 13.10 13.11 13.11 13.12 13.12 13.13 13.13 13.14 13.15 13.16 13.17 13.17 13.17 13.18 13.19 13.20 13.20 13.21 13.22 13.23 13.23 13.24 13.25 13.26 13.27 13.28 13.28 13.28 13.29 13.30 13.31 13.32
