main/data/pressure/29.10.2023.grid
ncols 886
nrows 691
xllcenter 112.0000
yllcenter -44.5000
cellsize 0.0500
nodata_value 99999.90
[rows 468 to 503 of 691, columns 729 to 809 of 886]
8.72 7.74 8.81 9.17 9.20 9.02 8.97 8.99 8.72 7.82 7.17 7.11 7.49 7.99 8.31 8.34 8.57 8.30 8.72 8.66 9.57 9.99 10.00 9.86 9.71 9.31 9.32 8.93 8.58 7.93 8.28 8.60 9.14 9.23 9.04 8.98 8.87 9.18 9.50 9.87 10.25 10.87 11.14 11.84 12.60 12.61 12.65 12.16 12.42 12.73 12.14 12.92 12.77 12.35 13.15 12.05 12.98 12.83 13.53 13.08 13.17 13.90 13.99 14.06 14.11 14.14 14.16 14.18 14.20 14.21 14.23 14.25 14.27 14.29 14.32 14.33 14.35 14.38 14.40 14.41 14.44
8.20 7.85 8.22 8.96 9.19 9.05 8.73 8.81 8.16 8.47 8.33 8.09 7.81 8.14 8.10 8.16 8.52 8.49 8.37 8.34 9.53 9.81 9.15 9.99 9.73 9.87 9.31 8.62 8.43 8.90 8.49 8.62 9.04 9.27 9.06 8.72 8.51 8.99 9.20 9.69 9.93 9.75 10.66 10.74 10.38 11.85 11.91 12.39 12.57 12.74 12.48 11.96 12.94 12.99 13.10 12.75 13.08 12.89 13.37 13.30 13.72 13.81 13.91 13.98 14.04 14.08 14.11 14.14 14.17 14.19 14.21 14.23 14.26 14.28 14.31 14.33 14.35 14.37 14.39 14.42 14.44
8.60 8.79 8.70 9.03 9.30 9.33 9.34 9.15 8.57 8.44 8.59 8.51 8.43 8.26 8.08 8.13 8.53 8.60 8.33 9.38 9.31 9.41 9.80 9.77 9.95 9.96 8.95 8.72 8.23 9.14 8.43 8.21 9.41 8.21 9.02 8.29 8.60 8.93 9.39 9.31 9.68 10.27 10.61 10.82 10.67 11.70 12.09 12.33 12.37 12.69 12.34 12.09 11.93 12.45 12.59 13.11 12.81 12.61 13.43 13.54 13.20 13.74 13.82 13.90 13.96 14.01 14.05 14.09 14.12 14.15 14.18 14.21 14.23 14.26 14.29 14.32 14.34 14.37 14.40 14.42 14.44
8.49 9.24 9.15 9.30 9.42 9.50 9.55 9.53 9.16 8.84 8.87 8.76 8.42 8.14 8.31 8.30 8.70 8.39 8.38 8.94 8.99 9.63 8.64 9.29 9.47 9.79 9.54 9.75 9.72 9.48 8.62 8.80 8.38 9.40 9.47 9.17 8.64 8.82 9.22 9.29 9.63 10.47 10.72 11.42 11.62 11.98 12.29 12.41 12.53 12.64 12.26 12.02 11.96 12.12 12.81 12.84 13.16 13.27 13.36 13.46 13.56 13.65 13.74 13.81 13.88 13.94 13.99 14.03 14.08 14.10 14.14 14.17 14.21 14.24 14.27 14.30 14.33 14.36 14.38 14.41 14.44
9.17 9.24 9.28 9.35 9.32 9.48 9.11 9.20 8.59 9.00 8.71 8.92 8.53 8.67 8.83 8.74 7.94 7.92 8.01 8.39 9.01 9.33 8.57 8.61 9.60 9.25 8.61 8.25 8.67 8.77 9.13 8.38 8.23 8.78 9.88 9.75 8.57 8.75 9.20 9.59 9.92 10.43 10.75 10.84 11.99 12.21 12.41 12.48 12.50 12.40 12.26 12.11 12.09 12.36 12.38 12.54 12.26 13.19 13.11 13.38 13.48 13.56 13.65 13.73 13.79 13.86 13.92 13.97 14.01 14.06 14.10 14.13 14.17 14.21 14.25 14.28 14.31 14.34 14.37 14.40 14.43
9.08 9.21 9.11 8.77 9.23 9.02 8.86 8.96 8.97 8.95 9.00 8.96 8.92 8.48 8.32 8.31 8.36 8.20 8.02 7.79 8.89 8.77 8.30 8.44 9.46 8.90 8.48 8.78 8.08 8.48 8.87 7.69 7.94 8.86 9.88 9.61 8.56 8.60 9.07 9.17 10.04 10.50 10.81 10.81 12.03 12.38 12.31 12.41 12.34 12.29 12.23 12.06 11.97 12.34 12.04 12.56 12.78 13.11 13.20 13.30 13.39 13.48 13.56 13.65 13.71 13.79 13.85 13.90 13.95 14.00 14.04 14.09 14.13 14.18 14.21 14.25 14.28 14.31 14.35 14.39 14.41
8.49 8.73 9.10 9.24 9.20 8.95 8.78 8.85 8.89 8.85 8.54 8.22 8.68 8.00 7.91 8.14 8.21 8.00 8.08 8.07 8.39 8.36 8.61 8.97 8.64 8.19 8.45 8.36 8.25 8.52 8.45 8.13 7.95 8.34 9.36 9.78 8.89 8.55 9.04 9.45 9.77 10.43 10.96 11.31 12.11 12.31 12.31 12.32 12.29 12.34 12.28 11.98 12.09 12.03 12.24 12.32 12.31 12.88 13.12 13.21 13.31 13.39 13.48 13.56 13.64 13.70 13.78 13.83 13.89 13.95 14.00 14.05 14.09 14.13 14.18 14.22 14.26 14.29 14.33 14.37 14.40
8.32 8.57 8.82 9.23 9.17 8.73 9.22 9.23 9.08 8.24 8.27 8.30 8.34 8.25 8.01 8.14 8.18 8.01 8.24 8.34 8.22 8.37 8.93 8.96 8.16 8.10 8.34 8.24 7.75 8.23 7.71 7.72 7.67 8.25 9.22 9.82 9.08 8.89 9.47 9.43 10.14 10.28 10.81 11.51 12.28 12.26 12.29 12.24 12.08 12.12 12.13 12.06 11.96 12.20 12.19 12.30 12.32 12.85 13.03 13.13 13.22 13.31 13.39 13.48 13.56 13.63 13.71 13.77 13.82 13.89 13.94 13.99 14.04 14.09 14.14 14.18 14.22 14.26 14.31 14.34 14.38
8.52 9.04 9.14 9.20 9.24 9.21 9.35 9.19 8.69 8.33 8.31 8.02 7.84 8.05 8.36 8.63 8.32 8.06 8.34 8.69 8.14 8.23 8.53 8.62 8.31 7.87 8.04 7.97 7.96 7.59 7.45 7.99 8.57 9.45 10.15 10.13 8.40 9.62 10.30 9.59 10.46 11.10 11.28 11.45 12.26 11.98 12.22 12.14 12.19 12.02 12.23 12.31 12.28 12.26 12.58 12.16 12.47 12.86 12.95 13.04 13.14 13.23 13.32 13.40 13.48 13.56 13.63 13.70 13.76 13.82 13.88 13.94 13.99 14.04 14.09 14.14 14.19 14.22 14.27 14.31 14.35
8.18 8.62 9.09 9.15 9.24 9.34 9.18 8.98 8.33 8.30 8.12 7.91 8.18 8.71 9.05 8.72 8.18 8.44 8.76 8.70 7.99 8.15 8.18 8.19 8.27 7.62 7.77 7.89 7.33 7.55 7.42 7.84 8.29 8.43 10.08 11.22 11.51 11.79 11.05 9.61 10.30 11.45 11.81 12.20 12.07 11.95 12.16 11.98 11.87 11.95 12.22 12.20 12.28 12.39 12.48 12.57 12.67 12.65 12.87 12.96 13.06 13.14 13.24 13.33 13.40 13.48 13.56 13.63 13.70 13.76 13.82 13.88 13.94 13.99 14.04 14.09 14.14 14.19 14.24 14.28 14.33
8.58 8.12 8.31 9.11 9.15 9.14 9.39 9.26 8.60 8.41 8.13 8.85 9.55 9.59 9.50 8.47 8.27 8.83 9.22 8.82 8.15 8.03 7.96 7.87 8.20 8.03 7.89 7.24 7.20 7.33 7.81 8.56 7.52 7.31 8.59 9.87 10.95 11.60 11.80 10.81 10.37 10.59 12.04 11.89 12.03 11.89 12.04 11.98 11.78 11.96 12.10 12.14 11.95 12.08 12.26 12.45 12.23 12.68 12.79 12.89 12.98 13.08 13.16 13.25 13.34 13.41 13.49 13.56 13.63 13.69 13.76 13.82 13.89 13.94 13.99 14.04 14.10 14.15 14.20 14.25 14.29
8.41 8.14 8.83 9.09 9.08 9.07 9.02 9.26 9.50 9.54 9.12 9.38 9.30 9.08 9.57 9.34 9.34 9.47 9.56 9.01 8.35 8.45 8.20 7.78 8.34 8.08 7.57 7.47 7.41 7.89 8.39 7.95 7.34 7.48 7.68 8.99 11.38 10.93 10.89 11.05 11.88 11.92 11.21 11.52 11.96 11.75 11.91 11.88 11.93 11.89 12.06 11.96 12.13 12.00 12.31 12.40 12.50 12.62 12.71 12.82 12.92 13.00 13.10 13.18 13.26 13.35 13.42 13.50 13.57 13.64 13.70 13.77 13.83 13.89 13.95 14.00 14.05 14.10 14.15 14.20 14.25
8.36 8.77 9.02 8.94 8.96 9.03 8.59 9.27 9.37 9.44 9.11 9.23 9.06 8.02 8.57 9.47 9.61 9.01 9.56 9.56 8.47 9.63 8.61 8.48 8.65 8.53 8.37 7.64 7.79 8.30 8.70 7.75 7.66 8.05 8.66 11.16 9.95 9.47 9.31 10.74 10.72 10.60 10.79 11.33 11.89 11.45 11.81 11.63 11.63 11.86 11.78 11.77 11.79 12.19 12.26 12.28 12.22 12.55 12.66 12.75 12.85 12.93 13.03 13.12 13.20 13.28 13.36 13.43 13.51 13.57 13.65 13.71 13.78 13.83 13.89 13.95 14.01 14.06 14.11 14.16 14.21
7.73 8.71 8.97 8.35 8.41 8.82 8.44 9.28 8.59 8.96 8.05 8.64 9.20 8.88 8.55 8.79 9.10 9.36 9.52 9.41 9.16 9.45 9.39 9.12 8.73 8.29 7.94 7.74 7.69 7.74 7.49 8.69 9.10 9.87 10.96 10.09 9.67 9.68 9.48 10.74 9.90 10.63 10.86 11.13 11.69 11.82 11.59 11.54 11.76 11.80 11.56 11.72 11.64 11.91 12.24 12.18 12.40 12.51 12.60 12.70 12.78 12.88 12.96 13.05 13.13 13.22 13.30 13.37 13.45 13.51 13.59 13.65 13.72 13.78 13.84 13.90 13.96 14.01 14.07 14.12 14.17
8.47 8.96 8.40 7.75 7.97 8.39 8.66 9.10 8.28 8.01 7.67 8.89 8.82 8.71 8.68 8.13 8.00 8.29 8.47 8.60 8.57 8.78 9.23 9.38 8.97 8.41 8.23 8.10 7.89 7.58 7.76 8.25 9.57 10.15 9.59 9.22 10.51 10.72 10.91 11.62 10.88 10.25 10.65 10.87 11.33 11.67 11.68 11.42 11.68 11.59 11.63 11.32 11.66 11.79 12.20 12.29 12.37 12.46 12.55 12.64 12.74 12.82 12.91 12.99 13.08 13.16 13.24 13.31 13.39 13.46 13.53 13.60 13.66 13.73 13.79 13.84 13.91 13.96 14.02 14.08 14.13
8.84 8.62 8.29 7.98 8.14 8.56 8.82 9.06 8.79 8.22 8.27 8.96 8.70 8.31 8.71 8.10 7.98 8.36 8.37 7.99 8.50 8.68 8.44 9.45 9.57 8.99 8.29 8.24 8.17 8.04 8.57 9.36 8.89 9.43 8.49 9.06 11.03 11.43 11.52 11.38 11.48 10.43 10.78 10.97 11.23 11.12 11.57 11.47 10.96 11.18 11.24 11.24 11.26 12.11 12.18 12.25 12.34 12.42 12.51 12.60 12.68 12.77 12.86 12.94 13.03 13.10 13.18 13.26 13.33 13.41 13.47 13.54 13.61 13.67 13.73 13.80 13.86 13.91 13.97 14.03 14.08
8.97 7.69 8.43 8.20 8.17 8.45 8.64 9.07 8.70 8.25 8.17 8.76 9.26 9.10 8.86 8.69 8.58 8.68 8.47 8.01 8.49 8.87 9.05 9.24 9.39 9.35 8.98 8.99 8.75 8.28 9.06 9.66 10.05 9.81 9.15 9.01 10.40 10.96 9.68 11.06 10.99 10.22 10.76 10.98 11.20 11.30 11.41 11.26 10.87 10.87 10.84 11.58 12.03 12.09 12.16 12.23 12.30 12.38 12.47 12.56 12.64 12.73 12.81 12.90 12.97 13.06 13.13 13.21 13.28 13.35 13.42 13.49 13.55 13.62 13.68 13.75 13.80 13.86 13.92 13.97 14.03
8.93 8.63 8.60 8.39 8.11 8.18 8.75 9.02 8.58 8.17 8.03 8.53 9.08 9.27 8.32 8.57 8.56 8.42 7.93 8.06 8.37 8.56 8.63 8.99 8.41 8.92 8.75 8.24 8.62 8.67 9.00 9.68 10.48 10.76 9.74 10.72 9.35 9.41 11.03 10.33 10.16 10.74 10.89 10.89 11.01 10.89 11.06 11.02 10.76 10.71 10.65 11.97 12.02 12.07 12.13 12.20 12.28 12.36 12.44 12.51 12.60 12.68 12.77 12.85 12.92 13.01 13.08 13.16 13.22 13.30 13.37 13.44 13.50 13.57 13.63 13.70 13.75 13.81 13.87 13.93 13.98
8.67 8.82 8.72 8.38 8.06 7.91 8.66 8.88 8.65 8.20 8.12 8.47 8.70 9.18 9.11 8.72 8.18 8.47 8.23 8.15 8.19 8.11 8.27 8.73 8.27 8.57 8.51 8.57 8.32 8.73 9.29 9.39 10.53 8.95 11.12 10.27 9.53 9.42 10.66 9.54 9.44 9.96 10.47 10.68 10.87 10.95 10.93 10.91 10.69 10.61 11.91 11.96 12.00 12.06 12.12 12.18 12.25 12.32 12.41 12.49 12.56 12.64 12.73 12.80 12.88 12.96 13.03 13.11 13.18 13.25 13.32 13.39 13.45 13.51 13.58 13.64 13.70 13.76 13.82 13.88 13.93
8.50 8.73 8.52 8.26 8.23 8.21 8.82 8.09 8.50 8.31 8.01 8.23 8.73 9.13 8.53 8.85 8.71 8.57 8.46 8.28 8.09 8.02 8.28 8.48 8.59 8.47 8.31 8.44 8.66 8.35 9.12 8.60 9.97 10.77 9.46 9.15 8.89 9.28 9.49 10.24 9.25 9.70 10.14 10.53 10.79 10.68 10.91 10.76 10.71 10.51 11.89 11.93 11.98 12.03 12.09 12.16 12.23 12.30 12.38 12.45 12.53 12.61 12.69 12.76 12.84 12.91 12.98 13.06 13.13 13.20 13.27 13.33 13.40 13.46 13.53 13.59 13.65 13.71 13.76 13.83 13.88
8.59 8.72 8.46 8.25 8.48 8.73 8.91 8.76 8.11 8.22 8.30 8.34 8.67 9.08 8.39 8.52 8.64 8.48 8.40 8.30 7.98 7.83 8.06 8.14 8.32 8.31 8.32 8.46 8.57 8.37 8.62 8.79 9.79 10.58 10.35 10.16 9.62 9.37 9.16 9.82 9.80 9.59 10.21 10.30 10.68 10.43 10.27 10.88 10.27 11.82 11.87 11.92 11.96 12.02 12.08 12.14 12.21 12.28 12.35 12.42 12.50 12.57 12.65 12.72 12.80 12.87 12.94 13.02 13.08 13.15 13.22 13.28 13.35 13.41 13.47 13.54 13.60 13.65 13.72 13.77 13.83
8.69 8.63 8.82 8.32 8.71 8.72 8.28 8.41 8.46 8.24 8.42 8.68 8.90 9.04 8.89 8.46 8.19 8.46 7.91 7.85 7.96 8.14 7.89 7.93 8.12 7.95 7.89 8.32 8.83 9.06 9.06 9.03 9.84 10.19 9.14 10.20 9.29 9.54 9.08 9.47 9.38 9.80 9.99 9.79 10.36 10.52 10.13 10.03 11.76 11.82 11.85 11.89 11.94 12.00 12.05 12.12 12.18 12.25 12.32 12.40 12.47 12.54 12.61 12.68 12.76 12.83 12.90 12.96 13.04 13.10 13.17 13.24 13.30 13.36 13.43 13.48 13.55 13.61 13.66 13.72 13.78
8.76 8.85 8.56 8.39 8.30 8.85 8.44 8.22 8.27 8.11 7.87 8.30 8.83 9.00 8.59 8.48 8.11 8.11 7.89 7.58 7.64 7.84 8.26 7.86 8.14 8.16 8.28 8.53 8.58 8.94 8.89 9.51 9.47 9.87 9.38 10.04 9.76 9.45 9.39 9.26 9.08 9.52 9.74 9.63 10.19 10.57 11.06 11.66 11.58 11.80 11.83 11.88 11.93 11.97 12.03 12.10 12.16 12.23 12.30 12.37 12.44 12.51 12.58 12.65 12.71 12.79 12.86 12.92 12.99 13.06 13.12 13.18 13.25 13.31 13.37 13.44 13.49 13.55 13.61 13.67 13.72
8.84 9.02 8.58 8.69 8.42 8.81 8.58 8.07 8.24 8.09 8.16 8.43 8.77 8.74 8.97 8.70 8.49 8.05 7.91 7.74 8.00 7.86 8.15 8.56 8.07 8.29 8.89 8.56 8.51 9.18 9.03 9.19 9.91 9.56 9.85 9.49 9.35 9.43 9.33 9.32 9.35 9.05 8.97 9.24 10.27 11.02 11.29 11.70 11.73 11.76 11.80 11.85 11.91 11.96 12.02 12.08 12.14 12.21 12.27 12.35 12.41 12.48 12.55 12.62 12.68 12.75 12.81 12.88 12.95 13.01 13.07 13.14 13.20 13.26 13.32 13.38 13.44 13.49 13.56 13.61 13.66
9.07 9.01 8.79 8.44 8.34 8.66 8.66 8.24 8.15 7.96 7.93 8.09 8.48 8.36 8.97 8.66 8.23 7.93 7.76 7.74 7.77 8.25 8.56 8.13 8.00 8.09 8.98 9.02 9.26 9.33 9.31 9.49 9.66 9.70 9.47 8.92 9.31 9.01 9.24 9.02 9.19 9.17 9.02 9.12 9.18 11.19 10.36 11.23 11.58 11.64 11.77 11.83 11.89 11.95 12.00 12.06 12.12 12.19 12.25 12.31 12.38 12.44 12.51 12.57 12.65 12.71 12.78 12.84 12.90 12.96 13.03 13.09 13.15 13.21 13.28 13.33 13.39 13.44 13.50 13.56 13.61
9.19 9.18 8.95 8.28 8.75 8.57 8.56 8.71 8.29 8.00 8.21 8.19 8.70 8.59 8.55 8.87 8.49 8.09 7.83 7.83 8.14 8.56 8.54 8.43 8.84 8.46 9.01 8.98 8.79 8.76 9.33 9.34 9.34 9.46 9.05 9.22 9.13 9.28 9.58 9.24 9.31 9.67 10.16 10.91 9.97 9.48 9.59 10.73 11.64 11.69 11.75 11.81 11.87 11.92 11.98 12.04 12.10 12.17 12.23 12.29 12.36 12.42 12.48 12.54 12.61 12.67 12.73 12.79 12.85 12.92 12.98 13.04 13.10 13.16 13.21 13.28 13.33 13.39 13.44 13.50 13.55
9.47 9.45 9.36 9.12 8.84 8.58 8.34 8.76 8.78 8.33 8.16 8.29 8.60 8.79 8.87 8.62 8.74 8.32 7.97 7.80 8.02 8.62 8.64 8.53 8.37 9.07 9.10 8.53 9.35 9.37 9.03 9.31 9.36 9.06 9.06 9.17 9.58 10.38 9.42 10.02 9.24 9.47 10.12 11.05 9.50 8.80 9.42 10.38 11.48 11.67 11.73 11.80 11.85 11.91 11.97 12.03 12.08 12.14 12.20 12.26 12.32 12.38 12.45 12.51 12.57 12.63 12.69 12.75 12.81 12.87 12.94 12.99 13.05 13.11 13.16 13.22 13.28 13.34 13.39 13.44 13.48
8.79 8.42 8.29 9.26 9.18 8.73 8.60 8.63 8.72 8.61 8.17 7.91 8.39 8.65 8.84 8.50 8.85 8.88 8.65 8.65 8.63 8.62 8.71 8.90 9.09 9.22 8.95 9.06 9.10 9.26 9.06 9.23 9.89 9.32 9.60 9.89 10.34 10.97 11.24 11.23 11.22 11.21 11.21 11.21 10.24 10.09 11.35 11.39 11.63 11.68 11.72 11.79 11.85 11.89 11.95 12.01 12.07 12.12 12.18 12.23 12.29 12.35 12.41 12.47 12.53 12.59 12.65 12.71 12.77 12.82 12.88 12.94 12.99 13.06 13.11 13.17 13.22 13.27 13.33 13.38 13.42
9.21 9.06 8.94 9.03 8.88 8.76 8.18 8.33 8.58 8.77 8.48 8.19 7.88 8.60 8.61 8.54 8.66 8.75 8.40 7.96 8.58 8.65 8.68 8.81 8.98 9.11 9.05 8.87 8.95 8.76 8.76 9.33 10.40 10.55 10.51 10.85 10.85 10.51 10.79 10.77 10.40 9.69 10.08 10.40 11.51 11.27 11.37 11.62 11.65 11.68 11.74 11.78 11.84 11.89 11.94 11.99 12.05 12.09 12.15 12.21 12.26 12.32 12.38 12.44 12.49 12.55 12.61 12.67 12.72 12.78 12.84 12.89 12.95 13.00 13.05 13.11 13.16 13.21 13.28 13.33 13.37
8.78 8.00 8.85 8.44 8.45 8.69 8.53 9.06 9.12 8.74 8.84 8.63 8.62 8.30 8.58 8.22 8.51 8.53 8.19 8.12 8.48 8.57 8.63 8.41 8.71 9.08 9.01 8.40 9.25 8.77 9.36 9.21 10.29 9.46 9.80 9.91 10.27 11.04 10.98 10.33 10.97 11.28 10.95 11.29 11.51 10.91 11.59 11.62 11.67 11.70 11.74 11.79 11.83 11.88 11.93 11.98 12.03 12.07 12.13 12.18 12.24 12.28 12.34 12.39 12.45 12.51 12.56 12.62 12.67 12.73 12.78 12.84 12.89 12.94 13.00 13.05 13.10 13.16 13.21 13.28 13.33
10.07 10.07 9.36 8.02 8.46 9.07 9.52 8.45 8.93 8.73 8.69 8.75 8.76 8.78 8.64 8.14 8.34 7.77 7.92 7.90 8.48 8.49 8.34 8.66 8.98 8.88 8.89 8.65 8.86 8.84 9.07 9.18 10.14 8.93 9.02 9.29 9.49 9.83 11.11 10.96 11.20 11.12 11.20 11.38 11.42 11.55 11.59 11.65 11.68 11.71 11.76 11.79 11.83 11.88 11.91 11.96 12.00 12.05 12.11 12.15 12.20 12.25 12.31 12.36 12.40 12.46 12.51 12.57 12.62 12.68 12.73 12.78 12.84 12.89 12.94 12.99 13.04 13.11 13.17 13.23 13.28
8.71 9.65 9.78 7.15 8.76 9.78 9.77 9.50 8.20 8.89 8.51 8.53 8.65 8.57 8.62 8.70 8.57 7.57 7.82 8.08 8.47 8.38 8.20 8.20 8.89 8.68 8.78 8.71 9.17 9.15 9.25 9.83 10.01 9.62 8.91 9.24 9.42 9.89 11.04 10.25 10.69 10.93 11.06 11.25 11.21 11.53 11.61 11.67 11.71 11.74 11.77 11.80 11.84 11.87 11.90 11.95 11.99 12.03 12.07 12.12 12.17 12.21 12.27 12.32 12.37 12.42 12.46 12.52 12.57 12.62 12.68 12.73 12.78 12.83 12.88 12.94 12.99 13.05 13.12 13.19 13.25
7.89 8.18 9.01 10.05 9.98 8.67 9.02 9.16 9.48 8.85 8.04 8.39 8.45 8.35 8.34 8.47 8.69 8.22 8.16 8.49 7.52 8.26 7.62 7.84 8.73 8.87 8.49 8.70 8.98 9.41 9.59 9.14 9.97 9.50 8.67 9.34 9.30 9.52 9.95 10.06 10.42 10.80 11.05 11.30 11.51 11.61 11.66 11.70 11.57 11.75 11.78 11.81 11.83 11.86 11.89 11.93 11.97 12.00 12.05 12.10 12.14 12.19 12.22 12.28 12.33 12.38 12.42 12.47 12.52 12.57 12.62 12.68 12.73 12.78 12.83 12.88 12.93 13.01 13.08 13.15 13.21
8.32 7.70 8.02 8.80 9.38 9.09 7.72 9.03 9.32 9.38 8.64 8.60 8.18 8.29 8.28 8.53 8.66 8.39 8.16 8.48 8.51 8.55 8.34 7.96 8.71 8.62 8.84 8.74 9.23 9.35 9.21 9.22 9.19 9.48 8.73 9.22 9.01 9.28 9.69 9.97 10.42 10.91 11.04 11.37 11.55 11.62 11.68 11.67 11.52 11.77 11.78 11.80 11.83 11.85 11.88 11.92 11.95 11.98 12.03 12.06 12.11 12.15 12.19 12.23 12.28 12.33 12.37 12.42 12.47 12.52 12.57 12.61 12.66 12.71 12.76 12.81 12.89 12.97 13.05 13.12 13.18
8.07 7.68 7.90 7.89 8.72 8.86 6.96 8.47 8.24 8.61 8.71 8.47 8.35 7.93 8.26 8.49 8.55 8.31 8.32 8.43 8.48 8.14 8.10 8.47 8.55 8.67 8.72 8.94 9.23 9.24 9.38 9.78 9.19 9.51 9.22 8.89 8.88 9.13 9.56 10.01 10.77 11.43 11.49 11.49 11.43 11.64 11.69 11.50 11.75 11.77 11.79 11.81 11.83 11.85 11.87 11.90 11.93 11.96 11.99 12.04 12.07 12.12 12.15 12.20 12.24 12.29 12.33 12.37 12.42 12.47 12.51 12.56 12.61 12.66 12.71 12.77 12.86 12.94 13.02 13.09 13.16
8.34 7.83 7.70 6.89 8.16 9.31 6.98 7.56 8.10 8.56 9.20 8.51 8.41 7.75 7.94 8.38 8.53 8.05 8.21 8.33 8.48 7.75 7.96 8.23 8.66 8.59 8.93 8.98 9.17 9.20 9.30 9.71 9.24 9.17 9.30 8.51 8.77 8.90 9.73 10.51 11.04 11.36 11.43 11.58 11.51 11.38 11.45 11.73 11.76 11.77 11.78 11.80 11.81 11.83 11.86 11.88 11.91 11.94 11.97 12.00 12.04 12.08 12.11 12.16 12.19 12.24 12.29 12.33 12.37 12.42 12.46 12.51 12.56 12.59 12.65 12.73 12.83 12.92 12.99 13.06 13.13
