main/data/pressure/29.10.2023.grid
ncols 886
nrows 691
xllcenter 112.0000
yllcenter -44.5000
cellsize 0.0500
nodata_value 99999.90
[rows 468 to 503 of 691, columns 81 to 161 of 886]
13.95 13.83 13.94 13.99 13.88 13.86 13.75 13.65 13.54 13.53 13.45 13.27 13.17 13.05 12.86 13.15 13.21 13.20 13.05 12.94 12.79 12.79 12.75 12.68 12.66 12.65 12.61 12.51 12.39 12.24 12.10 12.06 12.07 12.07 12.01 11.88 11.72 11.73 11.63 11.50 11.47 11.37 11.25 11.17 11.11 11.03 11.08 11.09 11.07 10.99 10.88 10.74 10.71 10.76 10.81 10.79 10.77 10.73 10.70 10.64 10.63 10.70 10.74 10.73 10.71 10.64 10.52 10.64 10.67 10.64 10.62 10.58 10.47 10.48 10.62 10.76 10.78 10.64 10.54 10.47 10.51
14.04 13.82 13.73 13.96 13.99 13.91 13.72 13.72 13.70 13.52 13.50 13.11 13.33 13.31 13.26 13.39 13.28 13.11 13.19 13.12 13.03 12.90 12.85 12.76 12.77 12.73 12.62 12.50 12.35 12.20 12.06 11.99 11.99 11.99 11.99 11.87 11.53 11.61 11.59 11.43 11.28 11.31 11.27 11.09 11.00 11.06 11.08 11.06 11.07 11.01 10.92 10.78 10.71 10.70 10.78 10.80 10.78 10.74 10.72 10.59 10.47 10.68 10.77 10.76 10.75 10.76 10.72 10.75 10.71 10.67 10.65 10.59 10.52 10.60 10.68 10.77 10.89 10.97 10.62 10.35 10.70
14.49 14.32 14.01 13.77 14.09 13.91 13.87 13.59 13.68 13.47 13.45 13.26 13.43 13.48 13.45 13.45 13.39 13.37 13.31 13.24 13.18 13.11 12.99 12.90 12.86 12.69 12.54 12.52 12.37 12.21 12.05 11.89 11.98 11.98 11.98 11.87 11.61 11.46 11.43 11.45 11.10 11.23 11.18 11.00 10.96 11.06 11.07 11.06 11.07 11.04 10.95 10.80 10.74 10.73 10.78 10.78 10.78 10.71 10.66 10.65 10.66 10.77 10.80 10.79 10.81 10.76 10.72 10.72 10.66 10.68 10.64 10.62 10.64 10.71 10.72 10.70 10.91 11.17 10.92 10.52 10.55
14.34 14.18 14.20 14.20 14.17 14.06 13.88 13.66 13.73 13.60 13.66 13.50 13.61 13.59 13.43 13.55 13.49 13.40 13.34 13.24 12.83 13.16 13.08 12.96 12.87 12.62 12.37 12.41 12.32 12.23 12.07 11.72 11.86 11.97 11.98 11.79 11.55 11.35 11.30 11.49 11.35 11.32 11.16 11.07 10.99 11.02 11.07 11.12 11.10 11.05 10.98 10.91 10.82 10.78 10.67 10.65 10.73 10.68 10.57 10.59 10.74 10.81 10.85 10.86 10.86 10.86 10.80 10.77 10.72 10.81 10.68 10.77 10.74 10.74 10.82 10.87 11.05 11.09 11.04 11.04 11.07
14.11 14.12 14.13 14.18 14.17 14.15 14.06 13.94 13.86 13.72 13.80 13.50 13.49 13.59 13.68 13.64 13.57 13.46 13.38 13.29 13.18 13.21 13.10 12.98 12.93 12.77 12.37 12.42 12.38 12.29 12.12 11.91 11.93 12.00 11.99 11.82 11.64 11.52 11.52 11.53 11.44 11.34 11.25 11.16 11.09 11.07 11.07 11.05 11.09 11.10 11.07 10.98 10.92 10.86 10.79 10.77 10.80 10.77 10.71 10.53 10.73 10.86 10.91 10.91 10.88 10.86 10.86 10.89 10.94 10.96 10.93 10.94 10.90 10.90 11.01 11.19 11.36 11.38 10.97 10.95 11.10
14.36 14.31 14.22 14.19 14.19 14.22 14.13 14.10 13.98 13.85 13.96 13.52 13.75 13.77 13.80 13.68 13.64 13.55 13.48 13.41 13.32 13.28 13.18 13.11 12.98 12.84 12.63 12.47 12.23 12.13 12.12 12.01 12.04 12.07 12.00 11.90 11.74 11.69 11.66 11.50 11.35 11.37 11.33 11.25 11.19 11.15 11.10 10.90 11.04 11.10 11.09 11.02 11.00 10.99 10.97 10.93 10.93 10.88 10.84 10.82 10.83 10.94 10.97 10.95 10.88 10.81 10.86 10.95 11.00 11.06 11.05 10.99 11.02 11.02 11.03 11.04 11.10 11.62 11.35 11.19 11.09
14.51 14.59 14.44 14.36 14.32 14.27 14.09 14.10 14.05 14.04 14.06 14.07 14.01 13.96 13.89 13.59 13.68 13.65 13.59 13.49 13.37 13.26 13.18 13.04 13.05 12.92 12.78 12.65 12.39 12.29 12.29 12.08 12.18 12.11 11.97 11.94 11.87 11.81 11.73 11.57 11.50 11.48 11.41 11.33 11.24 11.16 11.09 10.98 10.99 11.14 11.14 11.11 11.09 11.07 11.05 10.98 10.88 10.90 10.85 10.78 10.83 10.95 11.02 11.05 10.96 10.84 10.90 10.99 11.03 11.14 11.18 10.97 11.06 11.11 11.02 11.06 11.32 11.64 11.69 11.46 11.30
14.80 14.73 14.61 14.50 14.43 14.38 14.18 14.22 14.21 14.29 14.23 14.13 13.99 13.94 13.91 13.51 13.84 13.68 13.69 13.60 13.47 13.42 13.31 12.95 12.94 12.98 12.79 12.61 12.53 12.38 12.32 12.30 12.22 12.06 11.86 11.94 11.93 11.83 11.70 11.72 11.64 11.46 11.37 11.27 11.22 11.18 11.04 11.02 11.09 11.20 11.21 11.18 11.12 11.16 11.12 11.07 11.11 11.19 10.99 10.89 10.91 10.98 11.04 11.14 11.12 10.98 10.98 11.09 11.13 11.08 11.34 11.21 11.20 11.29 11.56 11.41 11.70 11.91 11.90 11.61 11.40
14.77 14.68 14.60 14.61 14.51 14.45 14.38 14.50 14.55 14.47 14.32 14.23 14.14 13.98 13.89 13.72 13.84 13.82 13.78 13.63 13.59 13.50 13.33 13.12 13.07 13.06 12.87 12.68 12.52 12.26 12.33 12.27 12.22 12.13 11.93 11.94 11.96 11.91 11.82 11.71 11.64 11.51 11.46 11.42 11.36 11.28 11.12 11.12 11.24 11.31 11.28 11.19 11.07 11.15 11.29 11.33 11.36 11.33 11.17 11.04 10.96 10.98 11.05 11.15 11.28 11.19 11.10 11.14 11.30 11.14 11.33 11.54 11.70 11.67 11.82 11.96 12.01 12.03 12.05 11.99 11.32
14.53 14.61 14.56 14.59 14.62 14.51 14.53 14.73 14.49 14.50 14.24 14.17 14.21 14.20 14.16 14.05 13.95 13.78 13.80 13.76 13.59 13.57 13.45 13.20 13.09 13.09 12.97 12.82 12.66 12.49 12.34 12.27 12.25 12.17 12.06 11.95 12.01 11.97 11.88 11.79 11.67 11.67 11.57 11.59 11.50 11.39 11.28 11.22 11.32 11.36 11.36 11.26 11.15 11.14 11.32 11.39 11.43 11.49 11.39 11.20 11.10 11.07 11.09 11.10 11.27 11.64 11.50 11.52 11.55 11.48 11.43 11.54 12.00 11.98 12.01 12.03 12.09 11.88 12.04 12.14 12.17
15.08 14.94 14.55 14.58 14.58 14.67 14.77 14.86 14.71 14.59 14.37 14.10 14.23 14.32 14.26 14.05 14.05 13.92 13.71 13.74 13.81 13.70 13.52 13.32 13.12 13.04 12.99 12.89 12.78 12.64 12.47 12.29 12.49 12.33 12.24 12.19 12.20 12.13 12.03 12.00 11.93 11.86 11.78 11.75 11.65 11.54 11.48 11.43 11.45 11.47 11.44 11.36 11.24 11.18 11.39 11.36 11.32 11.43 11.63 11.42 11.24 11.20 11.17 11.21 11.34 11.66 11.87 11.87 11.86 11.84 11.67 11.30 11.71 12.06 12.19 12.24 12.29 12.22 12.10 11.89 12.25
15.40 15.18 15.05 14.73 14.99 15.06 15.02 14.85 14.89 14.78 14.70 14.51 14.37 14.49 14.17 14.12 14.20 14.16 14.00 13.93 13.93 13.76 13.41 13.52 13.29 13.02 13.01 12.98 12.93 12.84 12.79 12.78 12.63 12.47 12.36 12.38 12.41 12.35 12.18 12.20 12.17 12.06 11.92 11.88 11.85 11.75 11.75 11.74 11.66 11.61 11.50 11.45 11.38 11.30 11.33 11.39 11.29 11.35 11.47 11.76 11.52 11.43 11.28 11.40 11.59 11.80 12.01 12.12 12.17 12.22 12.16 11.56 11.86 12.17 12.14 12.20 12.15 12.47 12.49 12.46 12.42
15.20 15.29 15.20 15.28 15.13 14.89 14.70 14.78 14.70 14.76 14.51 14.71 14.68 14.44 14.16 14.36 14.40 14.35 14.21 13.95 14.03 13.90 13.64 13.60 13.59 13.36 13.11 13.13 13.05 13.00 13.01 12.97 12.81 12.61 12.44 12.45 12.53 12.54 12.49 12.39 12.37 12.22 12.04 12.04 12.09 11.94 12.00 11.86 11.77 11.64 11.54 11.52 11.49 11.44 11.46 11.49 11.47 11.63 11.52 11.74 11.93 11.73 11.65 11.76 11.89 12.01 12.15 12.30 12.40 12.48 12.40 12.27 12.32 12.36 12.38 12.63 12.62 12.59 12.57 12.54 12.50
15.16 15.13 14.83 14.92 14.77 14.74 14.62 14.77 14.84 14.79 14.76 14.63 14.72 14.53 14.51 14.57 14.56 14.40 14.23 14.17 14.02 13.92 13.80 13.69 13.69 13.66 13.46 13.41 13.14 13.11 13.12 13.14 13.07 12.88 12.78 12.64 12.63 12.63 12.64 12.62 12.59 12.44 12.45 12.41 12.31 12.29 12.12 11.92 11.93 11.82 11.75 11.68 11.62 11.59 11.66 11.76 11.84 11.87 11.79 11.93 12.07 12.09 12.08 12.12 12.14 12.18 12.30 12.39 12.54 12.65 12.67 12.61 12.71 12.70 12.71 12.70 12.68 12.67 12.64 12.61 12.58
15.21 15.14 14.80 14.99 14.88 14.74 14.78 14.95 14.81 14.79 14.81 14.75 14.76 14.58 14.75 14.76 14.63 14.33 14.24 14.48 14.22 14.00 14.01 13.99 14.03 13.95 13.85 13.61 13.29 13.35 13.27 13.49 13.27 13.15 13.06 12.99 12.88 12.82 12.78 12.78 12.79 12.73 12.70 12.65 12.60 12.44 12.31 12.24 12.14 12.05 12.01 11.95 11.86 11.85 11.97 12.11 12.20 12.09 12.05 12.15 12.25 12.35 12.40 12.33 12.28 12.28 12.37 12.42 12.41 12.57 12.72 12.71 12.79 12.79 12.78 12.78 12.76 12.74 12.71 12.69 12.65
15.21 15.21 15.14 15.10 14.98 14.86 15.00 15.11 14.99 15.06 14.90 14.73 14.74 14.73 14.95 14.71 14.62 14.47 14.52 14.70 14.29 14.26 14.28 14.18 14.17 14.18 14.07 13.88 13.70 13.79 13.68 13.66 13.52 13.40 13.30 13.22 13.12 13.11 13.04 13.01 12.93 12.85 12.75 12.85 12.83 12.64 12.57 12.24 12.27 12.09 12.14 12.25 12.27 12.26 12.36 12.46 12.34 12.22 12.19 12.28 12.44 12.27 12.31 12.51 12.47 12.35 12.40 12.49 12.58 12.62 12.52 12.86 12.86 12.87 12.86 12.84 12.83 12.81 12.79 12.76 12.73
15.19 15.19 15.19 15.28 15.06 14.90 15.12 15.31 14.99 15.19 15.06 14.91 14.72 14.86 14.92 14.66 14.64 14.81 14.89 14.69 14.81 14.74 14.63 14.48 14.42 14.36 14.10 14.09 14.01 14.01 13.93 13.82 13.71 13.61 13.53 13.45 13.37 13.33 13.27 13.20 13.12 13.09 13.06 13.07 13.08 12.89 12.66 12.48 12.45 12.50 12.60 12.68 12.68 12.71 12.77 12.59 12.38 12.36 12.40 12.44 12.54 12.60 12.54 12.60 12.64 12.40 12.39 12.55 12.53 12.76 12.94 12.94 12.93 12.93 12.93 12.91 12.91 12.88 12.86 12.84 12.80
15.10 15.13 15.12 15.25 15.27 15.30 15.30 15.27 15.40 15.36 15.16 15.09 15.07 15.17 15.05 14.80 14.83 15.01 14.94 14.99 14.58 14.49 14.60 14.57 14.57 14.48 14.43 14.35 14.28 14.11 14.02 13.96 13.90 13.80 13.76 13.67 13.62 13.58 13.51 13.42 13.38 13.41 13.36 13.33 13.32 13.30 13.18 12.95 12.78 12.80 12.96 13.06 13.06 13.05 13.02 12.71 12.58 12.38 12.60 12.61 12.67 12.69 12.70 12.74 12.75 12.81 12.83 12.88 12.84 12.95 13.01 13.01 13.00 13.00 13.00 12.99 12.97 12.95 12.94 12.90 12.87
15.43 15.22 15.28 15.26 15.48 15.52 15.42 15.37 15.51 15.34 15.27 15.34 15.31 15.25 15.13 14.95 15.02 15.11 15.12 14.68 14.70 14.48 14.60 14.55 14.60 14.55 14.34 14.14 14.26 14.22 14.17 13.64 13.93 13.59 13.87 13.91 13.87 13.70 13.77 13.72 13.53 13.47 13.51 13.44 13.23 13.40 13.09 13.48 13.47 13.46 13.32 13.36 13.36 13.30 13.04 12.89 12.86 12.85 12.87 12.85 12.85 12.85 12.86 12.87 12.90 12.92 12.95 12.96 12.99 13.08 13.08 13.08 13.07 13.07 13.07 13.06 13.04 13.03 13.00 12.98 12.95
15.78 15.34 15.45 15.50 15.27 15.71 15.71 15.62 15.43 15.34 15.43 15.43 15.37 15.35 15.20 15.05 15.07 15.05 15.10 15.18 15.00 14.87 14.82 14.75 14.67 14.65 14.48 14.29 14.33 14.26 14.24 14.25 14.04 13.68 13.34 13.88 13.21 12.51 13.02 12.78 11.98 12.16 13.49 13.44 11.57 10.87 12.14 13.42 13.57 13.54 13.64 13.62 13.62 13.54 13.13 13.10 13.17 13.14 13.05 13.02 13.00 13.01 12.99 12.98 12.98 13.01 13.04 13.08 13.03 13.15 13.15 13.15 13.14 13.14 13.13 13.12 13.11 13.09 13.07 13.05 13.02
15.81 15.82 15.65 15.79 15.75 15.69 15.72 15.76 15.74 15.63 15.54 15.47 15.37 15.46 15.27 15.07 14.99 15.11 15.24 15.27 15.17 15.07 14.96 14.92 14.86 14.80 14.75 14.70 14.61 14.46 14.45 14.37 14.45 14.45 13.53 13.08 14.13 14.07 12.53 13.95 12.91 12.97 12.78 12.92 10.63 12.88 13.84 13.86 13.82 13.76 13.77 13.75 13.73 13.76 13.69 13.53 13.52 13.31 13.27 13.25 13.17 13.15 12.99 13.13 13.12 13.12 13.12 13.08 13.22 13.22 13.10 13.22 13.21 13.21 13.20 13.18 13.18 13.16 13.14 13.11 13.08
15.89 15.96 15.87 15.82 15.75 15.58 15.54 15.42 15.50 15.69 15.60 15.32 15.58 15.53 15.47 15.38 15.29 15.39 15.38 15.11 14.95 15.05 15.07 15.06 15.02 14.97 14.92 14.81 14.69 14.67 14.63 14.57 14.57 14.66 14.43 14.14 14.51 14.05 14.01 14.29 14.20 14.22 14.05 14.05 14.12 14.46 14.23 14.07 14.00 13.96 13.92 13.87 13.80 13.66 13.80 13.89 13.84 13.69 13.68 13.62 13.54 13.45 12.59 13.20 13.30 13.35 13.30 13.29 13.30 13.29 13.29 13.28 13.28 13.27 13.26 13.25 13.24 13.23 13.20 13.18 13.15
16.08 16.04 15.81 15.57 15.72 15.67 15.54 15.53 15.62 15.68 15.61 15.65 15.59 15.57 15.55 15.54 15.51 15.51 15.39 15.23 15.18 15.19 15.14 15.13 15.11 15.04 15.01 14.86 14.86 14.77 14.67 14.78 14.71 14.81 14.79 14.78 14.74 14.74 14.40 14.53 14.41 14.39 14.47 14.44 14.58 14.54 14.36 14.22 14.18 14.15 14.10 14.05 13.94 13.90 13.96 14.10 14.00 13.30 13.82 13.74 13.67 13.61 13.54 13.51 13.46 13.43 13.40 13.39 13.37 13.36 13.36 13.34 13.34 13.33 13.32 13.31 13.30 13.28 13.27 13.24 13.22
16.03 15.99 15.90 15.66 15.69 15.66 15.58 15.43 15.76 15.74 15.71 15.55 15.56 15.53 15.58 15.69 15.64 15.50 15.18 15.27 15.11 15.24 15.31 15.18 15.05 14.97 15.03 15.00 15.02 14.87 14.79 14.85 14.87 14.91 14.73 14.81 14.84 14.84 14.89 14.75 14.64 14.63 14.59 14.53 14.47 14.46 14.46 14.40 14.37 14.36 14.37 14.29 13.99 14.16 14.29 14.25 14.15 14.05 13.96 13.87 13.79 13.72 13.66 13.60 13.56 13.52 13.49 13.46 13.45 13.43 13.42 13.41 13.41 13.40 13.39 13.38 13.36 13.35 13.33 13.31 13.28
16.20 16.09 16.02 15.74 15.77 15.73 15.74 15.83 15.56 15.49 15.58 15.63 15.57 15.53 15.64 15.78 15.49 15.23 15.17 15.49 15.48 15.43 15.39 15.34 15.22 15.15 15.13 15.14 15.15 15.15 14.88 14.83 14.85 14.72 14.53 14.86 14.89 14.96 14.97 15.03 14.82 14.76 14.74 14.71 14.64 14.66 14.67 14.61 14.50 14.49 14.58 14.60 14.46 14.36 14.51 14.40 14.29 14.19 14.09 13.99 13.91 13.84 13.77 13.70 13.64 13.61 13.57 13.54 13.52 13.50 13.49 13.48 13.46 13.46 13.45 13.43 13.43 13.41 13.39 13.37 13.34
16.19 16.13 15.95 15.82 15.86 15.91 15.96 15.86 15.79 15.64 15.75 15.76 15.78 15.58 15.75 15.86 15.50 15.15 14.99 15.56 15.62 15.58 15.42 15.39 15.38 15.21 15.05 15.18 15.19 15.12 15.31 15.20 15.02 14.83 14.61 14.99 14.28 14.65 14.85 14.98 15.14 14.95 14.87 14.86 14.80 14.89 14.68 14.43 14.22 14.55 14.74 14.69 14.80 14.76 14.58 14.54 14.43 14.32 14.23 14.12 14.04 13.94 13.87 13.80 13.74 13.69 13.65 13.62 13.59 13.57 13.55 13.54 13.53 13.52 13.51 13.50 13.48 13.46 13.45 13.42 13.40
16.20 16.09 16.22 16.09 16.17 15.99 16.09 16.01 15.92 15.97 15.84 15.88 15.63 15.14 15.38 14.85 15.71 15.67 15.76 15.66 15.70 15.69 15.59 15.54 15.50 15.29 15.11 15.23 15.25 15.35 15.34 15.43 15.16 15.32 15.17 15.26 15.20 14.08 14.49 15.06 15.28 15.15 15.05 15.04 15.05 15.03 14.86 14.60 14.71 14.81 15.15 15.08 14.74 14.88 14.78 14.67 14.56 14.46 14.35 14.24 14.15 14.06 13.98 13.91 13.84 13.79 13.74 13.70 13.67 13.64 13.63 13.61 13.59 13.58 13.57 13.55 13.54 13.53 13.50 13.47 13.45
16.08 15.96 16.31 16.26 16.15 16.02 16.17 16.05 15.90 16.07 16.02 15.97 15.67 15.91 15.86 15.67 15.81 15.77 15.81 15.40 15.79 15.72 15.63 15.63 15.61 15.38 15.37 15.53 15.59 15.67 15.56 15.47 15.44 15.46 15.38 15.38 15.42 15.08 15.29 15.22 15.42 15.22 15.17 15.15 15.12 15.14 15.21 15.12 15.27 15.32 15.25 15.18 15.09 15.00 14.89 14.79 14.68 14.58 14.47 14.37 14.27 14.18 14.09 14.01 13.94 13.88 13.83 13.79 13.76 13.73 13.71 13.69 13.66 13.64 13.63 13.61 13.58 13.57 13.54 13.51 13.49
16.33 16.26 16.36 16.30 16.21 16.08 16.17 16.23 16.11 16.07 16.14 16.10 15.91 15.93 15.95 16.04 15.35 15.56 15.96 15.86 15.88 15.75 15.73 15.75 15.82 15.46 15.61 15.76 15.65 15.82 15.89 15.61 15.51 15.55 15.59 15.55 15.59 15.61 15.42 15.52 15.41 15.16 14.79 15.23 15.30 15.34 15.39 15.46 15.45 15.40 15.33 15.26 15.18 15.09 14.99 14.90 14.80 14.69 14.59 14.49 14.38 14.29 14.20 14.12 14.05 13.99 13.93 13.90 13.85 13.82 13.78 13.76 13.73 13.70 13.68 13.65 13.63 13.61 13.58 13.54 13.52
16.44 16.43 16.42 16.36 16.21 16.25 16.32 16.32 16.15 15.93 16.12 16.14 15.96 16.05 16.11 15.19 16.06 15.78 15.79 15.95 16.02 15.94 15.94 15.88 15.89 15.93 15.62 15.94 15.70 15.90 15.93 15.81 15.74 15.65 15.63 15.69 15.66 15.54 15.67 15.74 15.49 15.38 15.37 15.40 15.38 15.43 15.47 15.57 15.51 15.46 15.39 15.33 15.25 15.17 15.08 14.99 14.90 14.80 14.69 14.59 14.49 14.40 14.31 14.23 14.15 14.09 14.03 13.98 13.93 13.89 13.86 13.82 13.80 13.76 13.73 13.70 13.67 13.65 13.61 13.57 13.54
16.41 16.40 16.40 16.39 16.39 16.38 16.33 16.23 16.22 16.01 16.26 16.24 16.05 15.81 16.20 15.98 16.15 15.89 15.86 16.09 15.88 16.06 15.97 15.92 15.88 15.97 16.00 15.99 16.01 16.09 15.89 15.87 15.76 15.78 15.77 15.78 15.77 15.54 15.68 15.84 15.54 15.54 15.64 15.54 14.79 15.70 15.66 15.24 15.05 15.51 15.46 15.40 15.32 15.25 15.16 15.08 14.98 14.89 14.80 14.70 14.59 14.49 14.40 14.31 14.25 14.18 14.11 14.05 14.01 13.96 13.92 13.89 13.85 13.81 13.78 13.74 13.71 13.67 13.64 13.61 13.56
16.38 16.38 16.37 16.36 16.37 16.37 16.37 16.37 16.36 16.24 16.23 16.32 16.02 15.77 16.07 16.28 15.82 15.84 16.18 16.32 16.14 16.13 16.03 15.95 15.41 15.92 15.96 16.05 16.21 16.18 16.03 15.98 15.84 15.95 15.90 15.76 15.31 15.91 15.93 15.52 15.35 15.65 15.83 15.81 15.78 15.75 15.71 15.66 15.62 15.56 15.51 15.45 15.38 15.31 15.23 15.15 15.07 14.98 14.88 14.79 14.68 14.58 14.49 14.40 14.32 14.25 14.19 14.13 14.08 14.02 13.98 13.94 13.89 13.86 13.82 13.78 13.75 13.71 13.67 13.64 13.59
16.35 16.34 16.35 16.34 16.34 16.35 16.35 16.36 16.35 16.08 16.24 16.28 16.35 16.37 16.36 16.36 16.17 16.10 16.33 16.34 16.37 16.29 16.35 16.29 16.08 16.15 16.27 16.22 16.24 16.18 16.16 16.11 16.13 16.09 16.08 15.93 15.86 15.78 15.98 15.75 15.42 15.91 15.88 15.78 15.82 15.78 15.74 15.70 15.66 15.60 15.56 15.50 15.43 15.36 15.29 15.21 15.13 15.04 14.96 14.86 14.76 14.65 14.56 14.47 14.40 14.32 14.25 14.20 14.13 14.09 14.04 13.99 13.94 13.90 13.86 13.82 13.78 13.74 13.70 13.66 13.62
16.31 16.32 16.32 16.32 16.32 16.32 16.33 16.33 16.34 16.35 16.35 16.36 16.37 16.37 16.38 16.38 16.37 16.38 16.38 16.37 16.37 16.37 16.17 16.35 16.34 16.33 16.31 16.29 16.26 16.12 16.12 15.73 16.08 16.15 15.74 15.85 15.94 15.79 15.85 15.99 15.62 15.94 15.91 15.88 15.85 15.81 15.77 15.73 15.69 15.64 15.59 15.54 15.48 15.41 15.34 15.26 15.19 15.11 15.03 14.93 14.82 14.72 14.62 14.54 14.46 14.38 14.32 14.25 14.19 14.13 14.08 14.04 13.99 13.94 13.90 13.85 13.81 13.78 13.73 13.69 13.64
16.27 16.28 16.29 16.29 16.30 16.31 16.31 16.32 16.33 16.33 16.35 16.36 16.36 16.36 16.37 16.38 16.38 16.38 16.38 16.39 16.38 16.38 16.37 16.36 16.35 16.34 16.33 16.31 16.29 16.28 16.25 16.07 16.20 16.17 16.15 16.12 15.56 16.07 15.97 15.44 15.99 15.97 15.94 15.91 15.88 15.84 15.80 15.76 15.72 15.67 15.63 15.57 15.51 15.45 15.38 15.32 15.24 15.17 15.08 14.97 14.87 14.77 14.68 14.59 14.51 14.44 14.37 14.31 14.24 14.19 14.13 14.08 14.03 13.98 13.94 13.89 13.85 13.80 13.75 13.71 13.67
16.25 16.25 16.26 16.26 16.28 16.28 16.29 16.30 16.31 16.33 16.33 16.34 16.35 16.36 16.37 16.38 16.38 16.38 16.38 16.39 16.39 16.39 16.38 16.38 16.36 16.35 16.34 16.33 16.31 16.29 16.27 16.25 16.23 16.20 16.17 16.15 16.13 16.10 16.07 16.05 16.02 15.99 15.97 15.94 15.90 15.86 15.83 15.79 15.75 15.70 15.65 15.60 15.55 15.49 15.43 15.36 15.29 15.21 15.13 15.01 14.91 14.81 14.72 14.64 14.55 14.48 14.41 14.35 14.29 14.23 14.17 14.12 14.06 14.02 13.97 13.92 13.87 13.83 13.79 13.74 13.69
