main/data/pressure/30.06.2023.grid
ncols 886
nrows 691
xllcenter 112.0000
yllcenter -44.5000
cellsize 0.0500
nodata_value 99999.90
[rows 259 to 295 of 691, columns 588 to 671 of 886]
9.51 9.52 9.52 9.57 9.63 9.62 9.61 9.60 9.59 9.58 9.56 9.53 9.50 9.47 9.43 9.41 9.38 9.34 9.30 9.25 9.19 9.10 9.01 9.00 9.00 9.01 9.01 9.00 8.97 8.93 8.89 8.86 8.81 8.78 8.75 8.72 8.75 8.77 8.75 8.71 8.74 8.80 8.84 8.88 8.90 8.89 8.89 8.89 8.85 8.82 8.81 8.85 8.89 8.87 8.84 8.82 8.81 8.82 8.85 8.87 8.89 8.92 8.93 8.91 8.86 8.92 8.91 8.90 8.90 8.88 8.87 8.87 8.86 8.85 8.84 8.82 8.80 8.75 8.77 8.74 8.71 8.66 8.58 8.48
9.52 9.54 9.58 9.62 9.62 9.62 9.61 9.59 9.58 9.56 9.54 9.49 9.49 9.45 9.42 9.39 9.37 9.25 9.19 9.20 9.16 9.04 8.99 9.01 8.98 8.98 8.98 8.98 8.95 8.92 8.87 8.83 8.78 8.78 8.78 8.78 8.78 8.78 8.78 8.64 8.70 8.77 8.82 8.82 8.87 8.90 8.89 8.88 8.83 8.79 8.80 8.82 8.85 8.85 8.82 8.80 8.78 8.79 8.82 8.84 8.84 8.86 8.88 8.88 8.88 8.87 8.87 8.87 8.86 8.86 8.85 8.83 8.85 8.83 8.82 8.81 8.78 8.77 8.74 8.73 8.69 8.63 8.57 8.46
9.58 9.59 9.61 9.62 9.62 9.62 9.61 9.59 9.58 9.54 9.52 9.48 9.46 9.43 9.40 9.34 9.24 9.08 9.03 9.10 9.08 9.05 9.00 9.00 8.93 8.93 8.93 8.95 8.95 8.92 8.87 8.81 8.81 8.82 8.81 8.80 8.77 8.76 8.78 8.81 8.77 8.79 8.84 8.84 8.87 8.89 8.89 8.87 8.83 8.79 8.78 8.77 8.80 8.81 8.79 8.77 8.76 8.77 8.81 8.82 8.82 8.83 8.84 8.82 8.81 8.81 8.81 8.82 8.79 8.79 8.81 8.80 8.78 8.78 8.77 8.78 8.76 8.74 8.73 8.72 8.67 8.61 8.58 8.46
9.59 9.61 9.62 9.63 9.63 9.62 9.60 9.59 9.57 9.53 9.51 9.47 9.43 9.40 9.37 9.34 9.27 9.21 9.19 9.15 9.07 9.03 8.98 9.00 8.95 8.92 8.91 8.92 8.94 8.92 8.86 8.79 8.80 8.83 8.81 8.78 8.76 8.75 8.79 8.82 8.82 8.83 8.83 8.84 8.86 8.86 8.88 8.86 8.82 8.79 8.76 8.73 8.73 8.76 8.76 8.73 8.71 8.73 8.75 8.78 8.78 8.79 8.77 8.76 8.75 8.75 8.76 8.77 8.79 8.77 8.76 8.75 8.74 8.76 8.74 8.74 8.73 8.72 8.71 8.70 8.66 8.60 8.55 8.44
9.51 9.60 9.63 9.63 9.63 9.62 9.61 9.58 9.54 9.47 9.48 9.46 9.42 9.40 9.36 9.31 9.27 9.20 9.13 9.06 9.06 9.03 9.01 9.00 8.95 8.92 8.90 8.91 8.92 8.92 8.87 8.83 8.83 8.83 8.78 8.76 8.75 8.76 8.79 8.82 8.83 8.85 8.83 8.82 8.81 8.84 8.85 8.85 8.81 8.77 8.75 8.71 8.69 8.68 8.72 8.69 8.66 8.65 8.68 8.71 8.73 8.73 8.72 8.71 8.71 8.71 8.70 8.72 8.74 8.74 8.72 8.71 8.66 8.71 8.71 8.71 8.71 8.69 8.69 8.68 8.63 8.60 8.54 8.43
9.63 9.63 9.65 9.65 9.64 9.61 9.60 9.55 9.48 9.41 9.44 9.39 9.35 9.33 9.32 9.30 9.23 9.08 9.01 9.06 9.07 9.05 9.02 8.99 8.95 8.91 8.89 8.88 8.90 8.91 8.88 8.86 8.85 8.81 8.75 8.73 8.74 8.74 8.75 8.77 8.80 8.82 8.83 8.80 8.80 8.81 8.82 8.82 8.79 8.76 8.73 8.70 8.67 8.68 8.67 8.62 8.59 8.57 8.52 8.66 8.68 8.69 8.68 8.69 8.68 8.67 8.65 8.66 8.69 8.71 8.71 8.67 8.66 8.66 8.66 8.67 8.67 8.67 8.67 8.66 8.62 8.57 8.50 8.42
9.66 9.66 9.65 9.64 9.63 9.60 9.57 9.51 9.45 9.41 9.42 9.37 9.33 9.30 9.28 9.27 9.24 9.11 9.04 9.07 9.07 9.06 9.03 8.98 8.94 8.89 8.86 8.84 8.87 8.89 8.89 8.86 8.84 8.79 8.73 8.72 8.72 8.71 8.69 8.70 8.76 8.81 8.82 8.82 8.79 8.78 8.77 8.81 8.78 8.75 8.73 8.70 8.67 8.65 8.55 8.54 8.55 8.53 8.55 8.61 8.63 8.64 8.64 8.65 8.65 8.64 8.64 8.63 8.65 8.66 8.69 8.66 8.64 8.61 8.62 8.64 8.65 8.65 8.64 8.64 8.61 8.57 8.50 8.40
9.68 9.66 9.66 9.64 9.62 9.58 9.53 9.47 9.43 9.40 9.39 9.36 9.31 9.27 9.25 9.23 9.20 9.11 9.07 9.09 9.08 9.06 9.03 8.99 8.92 8.87 8.84 8.82 8.86 8.88 8.88 8.86 8.83 8.78 8.73 8.71 8.71 8.70 8.67 8.68 8.73 8.80 8.80 8.81 8.78 8.75 8.72 8.74 8.76 8.73 8.71 8.68 8.65 8.59 8.55 8.55 8.53 8.51 8.53 8.57 8.57 8.58 8.60 8.61 8.61 8.61 8.61 8.60 8.60 8.62 8.65 8.65 8.64 8.62 8.62 8.60 8.61 8.64 8.59 8.58 8.60 8.56 8.48 8.36
9.66 9.66 9.65 9.63 9.60 9.56 9.52 9.47 9.44 9.40 9.36 9.33 9.29 9.25 9.22 9.19 9.16 9.10 9.08 9.09 9.08 9.06 9.03 8.98 8.93 8.87 8.84 8.83 8.85 8.86 8.88 8.86 8.83 8.79 8.75 8.72 8.72 8.71 8.69 8.71 8.74 8.78 8.79 8.79 8.78 8.74 8.69 8.69 8.71 8.72 8.68 8.63 8.57 8.56 8.52 8.51 8.47 8.48 8.50 8.50 8.48 8.49 8.53 8.56 8.55 8.57 8.58 8.57 8.56 8.57 8.60 8.64 8.64 8.64 8.64 8.61 8.60 8.62 8.58 8.56 8.59 8.54 8.46 8.36
9.68 9.67 9.65 9.62 9.59 9.55 9.51 9.47 9.45 9.40 9.34 9.30 9.27 9.23 9.20 9.17 9.12 9.07 9.08 9.09 9.08 9.06 9.03 8.99 8.94 8.88 8.85 8.83 8.84 8.85 8.86 8.85 8.83 8.80 8.77 8.74 8.74 8.72 8.72 8.73 8.74 8.75 8.75 8.76 8.76 8.74 8.69 8.66 8.64 8.68 8.65 8.59 8.55 8.52 8.51 8.48 8.44 8.43 8.43 8.42 8.41 8.40 8.49 8.50 8.50 8.53 8.55 8.54 8.53 8.53 8.55 8.59 8.61 8.60 8.60 8.59 8.58 8.58 8.54 8.56 8.56 8.53 8.47 8.40
9.68 9.66 9.64 9.61 9.58 9.55 9.52 9.47 9.44 9.38 9.33 9.28 9.26 9.23 9.20 9.16 9.12 9.09 9.08 9.09 9.08 9.06 9.02 8.99 8.94 8.90 8.86 8.84 8.83 8.82 8.84 8.85 8.85 8.82 8.79 8.76 8.75 8.74 8.72 8.73 8.74 8.73 8.73 8.74 8.75 8.74 8.69 8.66 8.64 8.64 8.64 8.59 8.55 8.51 8.49 8.45 8.41 8.35 8.39 8.40 8.41 8.43 8.46 8.48 8.48 8.50 8.50 8.51 8.51 8.51 8.53 8.54 8.56 8.58 8.58 8.56 8.56 8.54 8.57 8.56 8.54 8.50 8.46 8.38
9.67 9.65 9.62 9.60 9.56 9.54 9.51 9.45 9.42 9.37 9.32 9.28 9.26 9.24 9.21 9.17 9.12 9.10 9.09 9.08 9.08 9.06 9.03 9.00 8.96 8.91 8.87 8.83 8.81 8.79 8.80 8.83 8.83 8.82 8.79 8.77 8.75 8.73 8.72 8.74 8.76 8.74 8.72 8.73 8.73 8.72 8.69 8.66 8.64 8.63 8.62 8.59 8.51 8.50 8.47 8.42 8.36 8.34 8.35 8.36 8.41 8.42 8.42 8.46 8.45 8.46 8.46 8.46 8.44 8.46 8.49 8.50 8.51 8.54 8.51 8.52 8.53 8.57 8.57 8.55 8.52 8.48 8.43 8.36
9.66 9.64 9.61 9.57 9.53 9.52 9.47 9.44 9.41 9.36 9.31 9.28 9.29 9.27 9.24 9.20 9.16 9.12 9.11 9.09 9.08 9.07 9.03 8.97 8.92 8.91 8.87 8.81 8.79 8.79 8.79 8.81 8.82 8.82 8.79 8.76 8.74 8.72 8.71 8.72 8.74 8.76 8.73 8.71 8.70 8.71 8.67 8.65 8.63 8.62 8.59 8.55 8.54 8.50 8.44 8.38 8.33 8.31 8.34 8.34 8.38 8.41 8.43 8.43 8.43 8.42 8.42 8.41 8.40 8.42 8.43 8.43 8.46 8.48 8.48 8.51 8.55 8.58 8.57 8.53 8.48 8.45 8.41 8.35
9.65 9.63 9.60 9.56 9.49 9.50 9.43 9.45 9.42 9.38 9.33 9.30 9.32 9.30 9.26 9.24 9.18 9.14 9.12 9.11 9.08 9.06 9.01 8.94 8.88 8.85 8.85 8.79 8.78 8.78 8.78 8.79 8.81 8.81 8.78 8.76 8.73 8.72 8.72 8.68 8.72 8.74 8.72 8.69 8.64 8.66 8.66 8.63 8.62 8.60 8.57 8.55 8.51 8.45 8.43 8.39 8.31 8.33 8.36 8.31 8.34 8.36 8.37 8.40 8.41 8.40 8.41 8.41 8.41 8.41 8.39 8.36 8.40 8.41 8.45 8.51 8.55 8.55 8.54 8.51 8.47 8.42 8.38 8.34
9.64 9.61 9.58 9.56 9.54 9.52 9.48 9.45 9.44 9.41 9.38 9.34 9.33 9.29 9.26 9.22 9.18 9.16 9.13 9.10 9.07 9.04 8.99 8.93 8.86 8.82 8.79 8.77 8.77 8.75 8.76 8.78 8.79 8.81 8.79 8.77 8.74 8.72 8.72 8.70 8.70 8.71 8.71 8.68 8.65 8.63 8.65 8.62 8.61 8.58 8.55 8.50 8.46 8.43 8.41 8.37 8.31 8.33 8.36 8.36 8.32 8.30 8.35 8.35 8.35 8.35 8.35 8.35 8.34 8.37 8.38 8.37 8.38 8.39 8.43 8.46 8.49 8.50 8.47 8.43 8.42 8.37 8.32 8.31
9.61 9.57 9.55 9.54 9.51 9.49 9.45 9.42 9.40 9.37 9.33 9.33 9.30 9.27 9.23 9.20 9.17 9.16 9.11 9.08 9.05 9.03 8.99 8.93 8.87 8.81 8.75 8.68 8.61 8.69 8.73 8.78 8.79 8.79 8.79 8.77 8.73 8.69 8.67 8.69 8.70 8.70 8.68 8.68 8.64 8.62 8.62 8.61 8.59 8.57 8.52 8.48 8.43 8.40 8.40 8.34 8.32 8.33 8.31 8.27 8.25 8.26 8.30 8.30 8.29 8.29 8.31 8.31 8.31 8.36 8.36 8.37 8.39 8.38 8.41 8.43 8.47 8.44 8.40 8.40 8.34 8.32 8.31 8.27
9.57 9.55 9.52 9.49 9.47 9.45 9.40 9.36 9.36 9.35 9.33 9.31 9.27 9.23 9.19 9.14 9.11 9.09 9.06 9.04 9.01 8.99 8.99 8.95 8.86 8.80 8.73 8.66 8.63 8.70 8.75 8.79 8.81 8.79 8.78 8.76 8.73 8.69 8.66 8.68 8.70 8.68 8.64 8.66 8.62 8.61 8.61 8.59 8.58 8.54 8.51 8.46 8.39 8.36 8.37 8.33 8.32 8.30 8.27 8.24 8.23 8.24 8.24 8.23 8.24 8.25 8.29 8.31 8.33 8.35 8.31 8.35 8.38 8.38 8.39 8.42 8.43 8.42 8.39 8.36 8.31 8.30 8.24 8.21
9.57 9.53 9.49 9.45 9.45 9.41 9.35 9.30 9.32 9.33 9.30 9.28 9.24 9.19 9.14 9.09 9.06 9.03 9.01 9.00 8.99 8.99 8.96 8.90 8.83 8.79 8.76 8.69 8.67 8.77 8.77 8.78 8.78 8.78 8.78 8.76 8.71 8.67 8.66 8.67 8.69 8.67 8.65 8.64 8.63 8.61 8.59 8.57 8.52 8.49 8.46 8.41 8.33 8.30 8.33 8.33 8.25 8.22 8.23 8.21 8.22 8.26 8.24 8.21 8.22 8.27 8.30 8.33 8.33 8.33 8.32 8.33 8.35 8.38 8.36 8.39 8.34 8.34 8.30 8.31 8.27 8.25 8.20 8.19
9.57 9.53 9.49 9.46 9.44 9.38 9.31 9.27 9.27 9.28 9.28 9.25 9.21 9.16 9.11 9.07 9.03 9.00 8.99 8.99 8.99 8.98 8.94 8.88 8.82 8.80 8.80 8.79 8.79 8.78 8.77 8.76 8.76 8.75 8.75 8.75 8.70 8.67 8.66 8.66 8.67 8.66 8.65 8.64 8.62 8.59 8.57 8.52 8.45 8.42 8.42 8.41 8.34 8.31 8.31 8.30 8.28 8.21 8.21 8.20 8.27 8.24 8.22 8.23 8.26 8.29 8.31 8.31 8.29 8.32 8.32 8.34 8.34 8.35 8.34 8.32 8.32 8.29 8.27 8.23 8.21 8.18 8.14 8.11
9.57 9.52 9.48 9.46 9.42 9.33 9.28 9.24 9.24 9.24 9.23 9.22 9.18 9.14 9.09 9.04 9.01 9.00 8.99 8.99 9.01 9.00 8.95 8.90 8.86 8.83 8.80 8.79 8.77 8.76 8.74 8.73 8.74 8.74 8.73 8.75 8.66 8.66 8.66 8.66 8.65 8.65 8.63 8.61 8.57 8.56 8.51 8.46 8.42 8.37 8.36 8.37 8.35 8.30 8.29 8.28 8.26 8.25 8.23 8.24 8.27 8.25 8.22 8.24 8.26 8.29 8.26 8.27 8.29 8.31 8.31 8.33 8.32 8.32 8.31 8.28 8.28 8.28 8.24 8.18 8.16 8.13 8.10 8.06
9.58 9.52 9.47 9.44 9.39 9.34 9.28 9.24 9.23 9.21 9.20 9.20 9.16 9.11 9.05 9.00 8.99 8.99 9.00 9.01 9.02 9.00 8.95 8.91 8.88 8.86 8.81 8.78 8.75 8.74 8.76 8.76 8.76 8.77 8.76 8.75 8.66 8.64 8.67 8.66 8.66 8.65 8.60 8.56 8.51 8.51 8.46 8.42 8.38 8.32 8.28 8.29 8.29 8.27 8.26 8.27 8.24 8.22 8.23 8.24 8.26 8.28 8.26 8.25 8.26 8.29 8.28 8.26 8.29 8.30 8.29 8.30 8.29 8.27 8.25 8.20 8.20 8.22 8.19 8.17 8.09 8.09 8.06 8.02
9.57 9.52 9.47 9.42 9.38 9.35 9.30 9.27 9.23 9.19 9.18 9.14 9.14 9.09 9.04 8.98 8.97 8.99 9.00 9.01 9.03 9.01 8.98 8.95 8.92 8.88 8.81 8.75 8.71 8.73 8.76 8.78 8.78 8.80 8.77 8.73 8.64 8.64 8.67 8.68 8.66 8.61 8.55 8.50 8.46 8.44 8.43 8.41 8.34 8.30 8.27 8.25 8.26 8.22 8.21 8.24 8.21 8.19 8.20 8.21 8.26 8.28 8.29 8.25 8.27 8.29 8.29 8.27 8.27 8.28 8.29 8.21 8.19 8.21 8.21 8.16 8.14 8.13 8.14 8.11 8.07 8.02 8.01 7.98
9.56 9.52 9.48 9.43 9.39 9.35 9.32 9.27 9.23 9.21 9.18 9.13 9.14 9.10 9.06 9.04 9.03 9.02 9.03 9.03 9.05 9.03 9.00 8.96 8.88 8.81 8.80 8.75 8.72 8.73 8.77 8.78 8.78 8.77 8.78 8.73 8.67 8.66 8.68 8.68 8.65 8.55 8.50 8.43 8.41 8.38 8.35 8.35 8.32 8.30 8.26 8.24 8.21 8.14 8.17 8.22 8.23 8.19 8.21 8.19 8.20 8.28 8.29 8.26 8.26 8.28 8.27 8.26 8.26 8.27 8.24 8.22 8.20 8.20 8.17 8.13 8.07 8.08 8.09 8.07 7.98 7.93 7.98 7.95
9.56 9.53 9.50 9.44 9.38 9.35 9.32 9.28 9.23 9.21 9.20 9.14 9.15 9.12 9.11 9.11 9.10 9.07 9.07 9.07 9.07 9.03 8.98 8.94 8.90 8.85 8.79 8.73 8.76 8.76 8.77 8.80 8.79 8.77 8.78 8.74 8.70 8.66 8.68 8.67 8.62 8.55 8.51 8.46 8.40 8.35 8.29 8.30 8.30 8.28 8.26 8.22 8.18 8.13 8.17 8.21 8.25 8.23 8.25 8.20 8.25 8.28 8.29 8.27 8.28 8.28 8.27 8.26 8.24 8.22 8.22 8.21 8.21 8.19 8.15 8.11 8.06 8.00 8.03 8.02 7.96 7.91 7.91 7.91
9.54 9.51 9.48 9.43 9.40 9.36 9.33 9.28 9.23 9.21 9.21 9.21 9.19 9.18 9.16 9.15 9.14 9.11 9.11 9.10 9.08 9.03 8.99 8.95 8.89 8.86 8.81 8.80 8.74 8.80 8.78 8.76 8.77 8.77 8.77 8.76 8.72 8.67 8.67 8.67 8.61 8.56 8.50 8.44 8.38 8.34 8.31 8.29 8.28 8.27 8.24 8.21 8.18 8.17 8.19 8.22 8.26 8.24 8.27 8.23 8.28 8.32 8.31 8.27 8.28 8.27 8.23 8.22 8.18 8.15 8.14 8.14 8.16 8.15 8.12 8.09 8.04 7.99 7.97 7.96 7.92 7.91 7.82 7.87
9.53 9.48 9.44 9.41 9.39 9.36 9.31 9.27 9.23 9.21 9.19 9.19 9.20 9.21 9.19 9.19 9.16 9.16 9.14 9.12 9.08 9.04 9.00 8.97 8.93 8.90 8.87 8.83 8.80 8.83 8.81 8.76 8.76 8.75 8.75 8.74 8.74 8.70 8.69 8.67 8.61 8.55 8.49 8.45 8.38 8.34 8.31 8.28 8.26 8.24 8.22 8.20 8.17 8.18 8.21 8.23 8.26 8.27 8.30 8.29 8.32 8.31 8.31 8.30 8.28 8.25 8.23 8.20 8.18 8.13 8.10 8.08 8.13 8.12 8.10 8.06 8.03 8.00 7.98 7.96 7.95 7.94 7.88 7.89
9.53 9.47 9.41 9.39 9.37 9.34 9.30 9.24 9.22 9.20 9.18 9.18 9.20 9.21 9.22 9.21 9.20 9.18 9.17 9.12 9.07 9.04 9.00 8.97 8.94 8.89 8.90 8.89 8.88 8.87 8.86 8.80 8.79 8.74 8.71 8.76 8.70 8.72 8.71 8.65 8.60 8.53 8.46 8.40 8.39 8.36 8.32 8.27 8.23 8.21 8.21 8.18 8.18 8.19 8.22 8.24 8.26 8.27 8.29 8.31 8.33 8.34 8.31 8.27 8.25 8.22 8.20 8.19 8.17 8.13 8.08 8.02 8.08 8.06 8.07 8.05 8.02 8.00 7.99 7.98 7.94 7.88 7.90 7.89
9.52 9.45 9.41 9.38 9.36 9.34 9.31 9.26 9.22 9.19 9.18 9.19 9.22 9.24 9.23 9.23 9.22 9.20 9.17 9.12 9.09 9.06 9.03 8.98 8.92 8.91 8.94 8.94 8.92 8.92 8.91 8.89 8.88 8.82 8.79 8.76 8.74 8.75 8.71 8.64 8.60 8.52 8.46 8.39 8.35 8.32 8.29 8.26 8.20 8.18 8.17 8.17 8.17 8.20 8.22 8.23 8.24 8.26 8.27 8.27 8.30 8.31 8.28 8.24 8.20 8.18 8.16 8.14 8.12 8.12 8.08 8.06 8.01 8.05 8.04 8.02 8.00 7.98 7.96 7.95 7.92 7.91 7.89 7.89
9.47 9.45 9.42 9.40 9.38 9.35 9.34 9.29 9.24 9.21 9.21 9.22 9.22 9.24 9.26 9.26 9.24 9.21 9.18 9.16 9.12 9.10 9.06 9.01 8.95 8.96 8.97 8.95 8.93 8.95 8.93 8.85 8.87 8.82 8.82 8.80 8.79 8.77 8.73 8.63 8.61 8.56 8.48 8.40 8.34 8.30 8.27 8.26 8.20 8.16 8.15 8.18 8.18 8.19 8.22 8.22 8.24 8.23 8.21 8.19 8.22 8.25 8.24 8.20 8.18 8.16 8.12 8.10 8.08 8.06 8.04 8.01 7.97 8.02 8.02 7.99 7.96 7.93 7.91 7.92 7.91 7.88 7.88 7.86
9.50 9.48 9.46 9.43 9.40 9.38 9.36 9.32 9.28 9.25 9.26 9.27 9.23 9.25 9.29 9.28 9.25 9.22 9.19 9.17 9.16 9.13 9.10 9.07 9.04 8.99 8.97 8.91 8.90 8.93 8.91 8.83 8.87 8.85 8.85 8.83 8.83 8.79 8.73 8.60 8.56 8.55 8.49 8.43 8.35 8.29 8.25 8.23 8.19 8.18 8.16 8.18 8.17 8.19 8.21 8.22 8.20 8.19 8.19 8.19 8.17 8.19 8.19 8.18 8.16 8.10 8.06 8.03 8.03 8.03 8.02 8.00 7.96 7.98 7.99 7.96 7.93 7.90 7.86 7.87 7.88 7.85 7.85 7.86
9.57 9.52 9.49 9.45 9.41 9.40 9.38 9.34 9.32 9.31 9.32 9.33 9.30 9.34 9.32 9.29 9.26 9.23 9.20 9.18 9.17 9.16 9.13 9.09 9.06 9.04 9.01 8.98 8.97 8.94 8.96 8.91 8.86 8.77 8.82 8.84 8.85 8.81 8.72 8.61 8.52 8.52 8.50 8.44 8.37 8.27 8.22 8.19 8.17 8.19 8.15 8.17 8.15 8.16 8.19 8.16 8.18 8.16 8.12 8.16 8.16 8.15 8.13 8.12 8.11 8.10 8.05 7.98 8.00 8.00 7.99 7.94 7.93 7.93 7.97 7.96 7.91 7.88 7.84 7.83 7.86 7.83 7.83 7.84
9.53 9.51 9.49 9.47 9.44 9.42 9.39 9.36 9.37 9.37 9.38 9.37 9.38 9.30 9.30 9.29 9.28 9.26 9.23 9.22 9.20 9.18 9.15 9.11 9.08 9.09 9.08 9.04 9.06 9.05 9.01 9.00 8.97 8.90 8.89 8.90 8.89 8.81 8.72 8.62 8.54 8.51 8.48 8.44 8.37 8.27 8.21 8.20 8.18 8.18 8.17 8.17 8.16 8.16 8.18 8.14 8.13 8.12 8.12 8.12 8.11 8.12 8.08 8.06 8.05 8.00 8.00 7.97 7.97 7.96 7.93 7.91 7.90 7.93 7.94 7.93 7.93 7.88 7.83 7.80 7.84 7.84 7.84 7.85
9.52 9.49 9.48 9.48 9.47 9.44 9.42 9.41 9.41 9.42 9.42 9.40 9.34 9.28 9.28 9.27 9.27 9.27 9.26 9.26 9.25 9.22 9.17 9.16 9.14 9.09 9.14 9.15 9.12 9.11 9.07 9.01 9.01 8.99 8.96 8.95 8.93 8.82 8.73 8.64 8.57 8.50 8.46 8.44 8.37 8.27 8.21 8.21 8.20 8.20 8.18 8.18 8.15 8.17 8.16 8.11 8.14 8.12 8.10 8.08 8.07 8.07 8.06 8.04 8.00 7.97 7.95 7.92 7.93 7.93 7.90 7.88 7.88 7.91 7.92 7.90 7.91 7.89 7.84 7.76 7.81 7.84 7.83 7.84
9.53 9.49 9.46 9.48 9.49 9.48 9.48 9.46 9.45 9.45 9.43 9.40 9.35 9.31 9.29 9.28 9.28 9.27 9.29 9.28 9.27 9.27 9.23 9.21 9.21 9.20 9.20 9.21 9.19 9.18 9.14 9.09 9.07 9.04 9.02 9.00 8.94 8.80 8.72 8.69 8.60 8.50 8.43 8.34 8.32 8.29 8.26 8.24 8.21 8.20 8.19 8.18 8.16 8.16 8.15 8.13 8.08 8.09 8.08 8.06 8.01 8.00 8.04 8.00 8.00 7.93 7.93 7.86 7.87 7.89 7.86 7.85 7.87 7.91 7.89 7.87 7.90 7.88 7.85 7.82 7.80 7.83 7.84 7.82
9.47 9.49 9.50 9.51 9.52 9.51 9.50 9.49 9.47 9.45 9.42 9.40 9.36 9.33 9.32 9.29 9.28 9.29 9.32 9.33 9.30 9.32 9.27 9.27 9.28 9.29 9.30 9.28 9.26 9.24 9.22 9.19 9.14 9.11 9.09 9.06 8.96 8.84 8.80 8.76 8.67 8.50 8.44 8.18 8.29 8.30 8.30 8.27 8.19 8.20 8.21 8.18 8.16 8.15 8.12 8.09 8.10 8.08 8.06 8.02 7.98 7.97 7.97 7.95 7.70 7.34 7.89 7.77 7.85 7.85 7.83 7.81 7.84 7.89 7.84 7.84 7.88 7.88 7.87 7.83 7.81 7.83 7.85 7.79
9.55 9.52 9.52 9.54 9.54 9.52 9.49 9.47 9.46 9.44 9.42 9.38 9.35 9.34 9.32 9.31 9.31 9.34 9.38 9.41 9.40 9.38 9.35 9.35 9.36 9.36 9.37 9.35 9.33 9.31 9.29 9.27 9.23 9.19 9.16 9.09 8.99 8.92 8.85 8.71 8.59 8.58 8.51 8.39 8.33 8.31 8.31 8.28 8.22 8.21 8.22 8.19 8.15 8.10 8.10 8.04 7.94 8.03 8.02 7.98 7.95 7.94 7.93 7.87 7.57 7.42 7.43 7.62 7.80 7.81 7.82 7.81 7.85 7.87 7.83 7.83 7.86 7.87 7.87 7.85 7.85 7.85 7.86 7.83
9.58 9.56 9.54 9.56 9.56 9.51 9.46 9.44 9.46 9.45 9.42 9.38 9.35 9.33 9.32 9.33 9.35 9.39 9.42 9.48 9.47 9.45 9.41 9.43 9.44 9.44 9.44 9.42 9.41 9.39 9.36 9.31 9.28 9.27 9.20 9.13 9.06 8.99 8.84 8.69 8.56 8.53 8.49 8.34 8.28 8.31 8.32 8.30 8.26 8.25 8.23 8.18 8.12 8.02 8.05 7.99 7.61 7.98 7.97 7.95 7.91 7.90 7.89 7.84 7.69 7.43 7.45 7.52 7.43 7.78 7.80 7.80 7.82 7.84 7.81 7.80 7.83 7.86 7.88 7.87 7.88 7.89 7.85 7.82
