main/data/pressure/30.06.2023.grid
ncols 886
nrows 691
xllcenter 112.0000
yllcenter -44.5000
cellsize 0.0500
nodata_value 99999.90
[rows 148 to 184 of 691, columns 336 to 419 of 886]
16.05 16.05 15.93 15.76 15.52 15.67 15.55 15.54 15.56 15.50 15.36 15.28 15.18 14.93 14.83 14.95 14.95 14.81 14.85 14.81 14.73 14.73 14.63 14.57 14.58 14.58 14.57 14.53 14.51 14.44 14.46 14.44 14.50 14.58 14.66 14.69 14.74 14.77 14.77 14.82 14.86 14.87 14.84 14.72 14.71 14.62 14.61 14.61 14.60 14.62 14.62 14.60 14.55 14.54 14.49 14.39 14.29 14.23 14.16 14.10 14.04 13.99 13.94 13.91 13.88 13.86 13.83 13.81 13.79 13.76 13.72 13.67 13.65 13.65 13.64 13.65 13.66 13.67 13.69 13.69 13.69 13.71 13.75 13.73
16.02 15.97 15.91 15.73 15.58 15.57 15.38 15.37 15.48 15.46 15.34 15.21 15.10 15.01 14.85 14.89 14.83 14.77 14.75 14.78 14.73 14.69 14.61 14.55 14.51 14.51 14.42 14.49 14.52 14.49 14.48 14.48 14.50 14.53 14.46 14.55 14.66 14.64 14.61 14.66 14.71 14.77 14.70 14.61 14.59 14.49 14.51 14.52 14.52 14.54 14.53 14.50 14.45 14.44 14.42 14.32 14.23 14.19 14.14 14.06 14.01 13.96 13.93 13.89 13.86 13.82 13.80 13.79 13.77 13.74 13.69 13.67 13.66 13.67 13.65 13.65 13.66 13.66 13.66 13.68 13.71 13.70 13.71 13.71
15.91 15.90 15.82 15.70 15.49 15.45 15.27 15.09 15.12 15.30 15.30 15.12 15.01 14.92 14.87 14.82 14.75 14.70 14.67 14.65 14.60 14.63 14.61 14.50 14.38 14.35 14.35 14.38 14.38 14.41 14.40 14.42 14.43 14.41 14.39 14.41 14.44 14.43 14.37 14.53 14.64 14.59 14.55 14.51 14.48 14.46 14.48 14.48 14.46 14.46 14.45 14.39 14.34 14.32 14.34 14.27 14.19 14.14 14.10 14.04 13.99 13.95 13.91 13.87 13.84 13.80 13.78 13.77 13.76 13.72 13.69 13.66 13.66 13.66 13.63 13.63 13.64 13.65 13.66 13.68 13.69 13.68 13.68 13.67
15.86 15.85 15.74 15.63 15.42 15.32 15.21 14.97 14.91 15.07 15.30 15.04 14.89 14.82 14.78 14.71 14.58 14.65 14.60 14.53 14.57 14.57 14.53 14.51 14.37 14.28 14.33 14.30 14.28 14.29 14.29 14.31 14.33 14.32 14.29 14.28 14.27 14.35 14.47 14.54 14.48 14.47 14.40 14.38 14.37 14.39 14.39 14.39 14.38 14.39 14.35 14.32 14.26 14.23 14.25 14.26 14.14 14.11 14.07 14.02 13.97 13.93 13.88 13.84 13.81 13.79 13.76 13.77 13.75 13.72 13.68 13.66 13.66 13.64 13.62 13.61 13.62 13.63 13.64 13.67 13.68 13.67 13.65 13.66
15.86 15.79 15.69 15.58 15.38 15.21 15.09 15.00 14.93 14.82 15.19 15.07 14.86 14.72 14.68 14.63 14.58 14.60 14.60 14.44 14.53 14.49 14.40 14.46 14.41 14.29 14.32 14.28 14.25 14.21 14.19 14.21 14.23 14.22 14.21 14.20 14.21 14.30 14.42 14.38 14.28 14.34 14.30 14.28 14.23 14.25 14.27 14.30 14.32 14.29 14.22 14.24 14.21 14.18 14.19 14.20 14.12 14.08 14.04 14.00 13.97 13.93 13.89 13.85 13.82 13.80 13.78 13.78 13.74 13.72 13.69 13.67 13.65 13.64 13.62 13.61 13.60 13.62 13.63 13.64 13.67 13.67 13.66 13.64
15.82 15.73 15.69 15.53 15.35 15.11 15.00 15.01 15.00 14.92 15.08 14.99 14.88 14.67 14.63 14.60 14.53 14.54 14.55 14.56 14.50 14.43 14.34 14.38 14.39 14.27 14.30 14.29 14.29 14.19 14.14 14.12 14.13 14.12 14.17 14.15 14.13 14.25 14.34 14.23 14.06 14.17 14.16 14.13 14.12 14.16 14.19 14.21 14.24 14.20 14.12 14.14 14.15 14.12 14.13 14.15 14.09 14.06 14.03 14.00 13.97 13.93 13.90 13.86 13.82 13.81 13.78 13.77 13.73 13.70 13.67 13.64 13.62 13.60 13.61 13.59 13.60 13.61 13.62 13.64 13.66 13.65 13.66 13.63
15.72 15.61 15.60 15.49 15.31 15.07 14.99 15.00 15.00 15.01 15.05 14.92 14.71 14.64 14.62 14.58 14.51 14.44 14.46 14.48 14.43 14.39 14.37 14.36 14.34 14.27 14.22 14.22 14.25 14.15 14.12 14.00 14.01 14.05 14.11 14.11 14.13 14.23 14.22 14.12 14.05 14.08 14.05 14.02 14.04 14.09 14.13 14.15 14.16 14.11 14.08 14.09 14.10 14.07 14.01 14.12 14.07 14.04 14.02 13.99 13.95 13.92 13.89 13.87 13.83 13.81 13.79 13.76 13.71 13.68 13.63 13.60 13.59 13.57 13.57 13.57 13.57 13.58 13.60 13.62 13.64 13.64 13.64 13.63
15.64 15.53 15.48 15.46 15.28 15.06 15.03 15.01 14.99 14.97 14.97 14.88 14.74 14.67 14.65 14.61 14.59 14.49 14.46 14.42 14.38 14.38 14.33 14.28 14.21 14.24 14.14 14.12 14.12 14.18 14.18 13.97 14.05 14.04 14.05 14.07 14.10 14.16 14.08 14.03 14.01 13.98 13.93 13.91 13.95 14.00 14.04 14.09 14.03 14.02 14.03 14.05 14.06 14.07 14.08 14.05 14.00 13.98 13.96 13.94 13.91 13.89 13.86 13.84 13.82 13.80 13.78 13.74 13.71 13.65 13.60 13.60 13.59 13.57 13.55 13.55 13.55 13.56 13.58 13.60 13.62 13.63 13.63 13.62
15.53 15.38 15.32 15.31 15.25 15.13 15.06 14.99 14.93 14.88 14.88 14.80 14.71 14.70 14.67 14.61 14.60 14.51 14.46 14.44 14.38 14.32 14.21 14.21 14.19 14.14 14.13 14.08 14.09 14.13 14.14 14.03 13.99 13.92 13.95 13.99 14.03 14.10 14.05 13.97 13.98 13.90 13.88 13.88 13.99 13.99 14.01 13.96 13.93 13.95 13.98 14.00 14.01 14.03 14.06 14.03 13.99 13.94 13.89 13.86 13.84 13.83 13.80 13.79 13.78 13.76 13.75 13.73 13.71 13.66 13.64 13.62 13.61 13.59 13.57 13.56 13.56 13.56 13.57 13.57 13.59 13.60 13.60 13.60
15.31 15.13 15.14 15.10 15.21 15.14 15.06 14.98 14.90 14.84 14.84 14.72 14.68 14.71 14.71 14.69 14.62 14.52 14.46 14.45 14.39 14.27 14.18 14.18 14.17 14.15 14.16 14.13 14.10 14.13 14.07 14.10 14.06 13.80 13.90 13.94 13.95 14.07 13.89 13.93 13.92 13.87 13.91 13.96 13.89 13.89 13.93 13.86 13.80 13.90 13.94 13.94 13.94 13.96 14.00 14.01 13.97 13.90 13.83 13.80 13.78 13.76 13.75 13.73 13.71 13.70 13.71 13.71 13.69 13.66 13.63 13.64 13.63 13.60 13.57 13.56 13.55 13.56 13.54 13.53 13.55 13.57 13.56 13.58
15.20 15.07 15.10 15.05 15.17 15.09 15.04 14.96 14.86 14.85 14.82 14.62 14.61 14.67 14.69 14.68 14.62 14.56 14.48 14.39 14.34 14.25 14.13 14.05 14.02 14.09 13.91 14.06 14.00 14.06 14.06 14.04 14.08 13.96 14.01 14.00 14.05 13.99 13.93 13.91 13.90 13.91 13.94 13.91 13.87 13.85 13.86 13.82 13.81 13.87 13.87 13.88 13.92 13.95 13.92 13.96 13.96 13.91 13.81 13.76 13.73 13.72 13.69 13.67 13.66 13.64 13.63 13.61 13.59 13.59 13.57 13.61 13.59 13.57 13.55 13.52 13.51 13.55 13.52 13.52 13.53 13.55 13.54 13.55
15.22 15.15 15.14 15.13 15.15 15.08 15.02 14.97 14.93 14.90 14.87 14.76 14.72 14.67 14.68 14.67 14.59 14.49 14.40 14.39 14.32 14.23 14.10 14.02 13.95 14.03 13.99 13.95 13.95 14.01 14.06 14.07 14.08 14.07 14.04 14.06 14.04 13.87 13.84 13.88 13.81 13.88 13.88 13.86 13.85 13.81 13.79 13.74 13.79 13.83 13.75 13.85 13.87 13.88 13.88 13.89 13.87 13.93 13.78 13.74 13.71 13.67 13.65 13.61 13.61 13.61 13.59 13.55 13.53 13.52 13.55 13.57 13.56 13.55 13.53 13.47 13.44 13.52 13.52 13.49 13.49 13.52 13.51 13.52
15.25 15.20 15.19 15.17 15.11 15.04 14.97 14.95 14.94 14.91 14.88 14.81 14.72 14.67 14.62 14.65 14.51 14.41 14.34 14.28 14.31 14.22 14.13 14.02 13.95 13.94 13.95 13.83 13.88 13.97 13.98 13.98 14.00 14.01 13.94 13.87 13.97 13.75 13.80 13.85 13.83 13.84 13.84 13.84 13.83 13.80 13.78 13.74 13.74 13.76 13.75 13.82 13.85 13.84 13.84 13.84 13.84 13.89 13.76 13.74 13.70 13.65 13.64 13.61 13.58 13.58 13.56 13.50 13.49 13.49 13.51 13.49 13.47 13.47 13.47 13.47 13.46 13.47 13.48 13.50 13.49 13.47 13.46 13.48
15.22 15.24 15.19 15.13 15.09 14.99 14.91 14.91 14.92 14.91 14.87 14.82 14.76 14.71 14.69 14.58 14.42 14.33 14.37 14.27 14.28 14.20 14.12 14.03 13.95 13.90 13.91 13.92 13.89 13.90 13.87 13.84 13.87 13.88 13.86 13.87 13.91 13.83 13.82 13.84 13.83 13.82 13.82 13.81 13.79 13.77 13.75 13.72 13.69 13.69 13.69 13.75 13.79 13.80 13.80 13.81 13.85 13.85 13.82 13.81 13.73 13.66 13.62 13.60 13.58 13.56 13.54 13.49 13.46 13.48 13.48 13.44 13.43 13.42 13.40 13.41 13.43 13.41 13.44 13.46 13.45 13.45 13.44 13.44
15.25 15.18 15.12 15.08 15.04 14.96 14.88 14.89 14.90 14.88 14.86 14.83 14.77 14.73 14.64 14.56 14.48 14.42 14.39 14.32 14.26 14.17 14.09 13.98 13.91 13.90 13.87 13.88 13.89 13.87 13.88 13.70 13.74 13.79 13.78 13.86 13.80 13.79 13.79 13.81 13.80 13.80 13.80 13.78 13.76 13.74 13.72 13.69 13.67 13.65 13.65 13.71 13.75 13.77 13.79 13.79 13.82 13.86 13.82 13.72 13.65 13.64 13.61 13.59 13.57 13.55 13.52 13.49 13.47 13.46 13.45 13.44 13.42 13.40 13.36 13.36 13.37 13.37 13.37 13.39 13.39 13.38 13.39 13.39
15.16 15.13 15.08 15.04 15.00 14.93 14.92 14.90 14.89 14.84 14.85 14.81 14.77 14.69 14.61 14.55 14.53 14.48 14.44 14.35 14.25 14.13 14.00 13.95 13.89 13.84 13.81 13.84 13.85 13.82 13.83 13.86 13.75 13.77 13.80 13.75 13.71 13.70 13.72 13.75 13.76 13.77 13.77 13.76 13.74 13.71 13.68 13.66 13.66 13.64 13.64 13.69 13.71 13.74 13.76 13.79 13.80 13.83 13.81 13.75 13.68 13.61 13.59 13.57 13.56 13.54 13.52 13.49 13.47 13.46 13.43 13.43 13.44 13.41 13.34 13.31 13.34 13.32 13.29 13.29 13.31 13.32 13.33 13.35
15.15 15.13 15.10 15.03 14.99 14.92 14.78 14.86 14.86 14.80 14.78 14.78 14.76 14.67 14.57 14.46 14.46 14.48 14.43 14.37 14.27 14.13 13.98 13.91 13.86 13.83 13.82 13.83 13.84 13.83 13.82 13.82 13.83 13.77 13.72 13.69 13.70 13.70 13.67 13.68 13.70 13.72 13.74 13.72 13.71 13.69 13.67 13.65 13.64 13.62 13.63 13.64 13.65 13.69 13.72 13.75 13.79 13.80 13.79 13.72 13.62 13.57 13.56 13.56 13.56 13.55 13.53 13.51 13.49 13.47 13.47 13.46 13.46 13.42 13.35 13.32 13.31 13.29 13.26 13.22 13.27 13.28 13.29 13.31
15.15 15.14 15.11 14.90 14.99 15.00 14.96 14.91 14.87 14.79 14.73 14.75 14.75 14.68 14.57 14.40 14.41 14.45 14.39 14.32 14.23 14.15 14.01 13.89 13.81 13.80 13.79 13.78 13.81 13.81 13.82 13.81 13.84 13.81 13.75 13.74 13.73 13.71 13.66 13.65 13.68 13.71 13.72 13.69 13.66 13.66 13.65 13.63 13.62 13.58 13.56 13.58 13.61 13.65 13.69 13.73 13.76 13.79 13.77 13.68 13.58 13.55 13.55 13.57 13.57 13.58 13.56 13.54 13.50 13.49 13.49 13.48 13.46 13.43 13.38 13.33 13.31 13.28 13.26 13.23 13.24 13.26 13.26 13.27
15.15 15.15 15.11 14.92 15.04 15.03 14.98 14.96 14.90 14.81 14.76 14.75 14.74 14.68 14.58 14.44 14.35 14.33 14.30 14.22 14.16 14.10 14.00 13.87 13.77 13.75 13.74 13.75 13.78 13.78 13.78 13.77 13.80 13.79 13.78 13.78 13.74 13.72 13.70 13.68 13.68 13.68 13.70 13.68 13.66 13.65 13.63 13.62 13.60 13.52 13.49 13.54 13.60 13.65 13.69 13.73 13.76 13.77 13.73 13.66 13.60 13.59 13.59 13.59 13.61 13.61 13.60 13.57 13.53 13.50 13.49 13.47 13.44 13.42 13.39 13.36 13.33 13.29 13.27 13.24 13.24 13.25 13.24 13.21
15.16 15.16 15.15 15.07 15.08 15.04 15.00 14.96 14.91 14.85 14.82 14.77 14.73 14.67 14.57 14.48 14.40 14.35 14.29 14.21 14.18 14.08 13.99 13.87 13.76 13.71 13.75 13.75 13.75 13.75 13.75 13.76 13.78 13.73 13.73 13.75 13.74 13.72 13.71 13.70 13.68 13.67 13.67 13.67 13.66 13.64 13.62 13.60 13.57 13.50 13.48 13.51 13.57 13.64 13.68 13.69 13.73 13.76 13.69 13.65 13.61 13.61 13.61 13.63 13.63 13.62 13.57 13.58 13.53 13.50 13.47 13.45 13.43 13.40 13.39 13.35 13.32 13.29 13.28 13.26 13.24 13.24 13.21 13.16
15.21 15.20 15.16 15.12 15.09 15.04 14.99 14.95 14.89 14.84 14.81 14.78 14.73 14.65 14.58 14.53 14.46 14.40 14.34 14.28 14.18 14.03 13.92 13.86 13.79 13.75 13.75 13.76 13.75 13.75 13.74 13.74 13.74 13.67 13.69 13.72 13.71 13.71 13.70 13.68 13.66 13.65 13.65 13.64 13.63 13.63 13.60 13.57 13.52 13.46 13.44 13.46 13.52 13.57 13.61 13.64 13.72 13.75 13.72 13.69 13.65 13.64 13.63 13.64 13.63 13.59 13.53 13.49 13.48 13.49 13.47 13.44 13.41 13.39 13.33 13.27 13.26 13.25 13.26 13.25 13.24 13.22 13.18 13.14
15.23 15.19 15.14 15.12 15.04 15.03 14.96 14.93 14.89 14.84 14.81 14.77 14.71 14.66 14.61 14.56 14.49 14.43 14.37 14.29 14.17 13.96 13.92 13.88 13.82 13.77 13.74 13.76 13.74 13.73 13.72 13.71 13.69 13.65 13.67 13.67 13.68 13.68 13.68 13.66 13.64 13.64 13.62 13.61 13.61 13.60 13.59 13.53 13.46 13.39 13.40 13.43 13.47 13.51 13.53 13.61 13.71 13.71 13.64 13.64 13.65 13.66 13.66 13.63 13.59 13.58 13.52 13.47 13.45 13.46 13.44 13.39 13.39 13.37 13.29 13.23 13.20 13.22 13.24 13.24 13.23 13.20 13.15 13.09
15.19 15.12 15.09 15.06 15.01 15.02 14.97 14.91 14.88 14.84 14.80 14.76 14.69 14.62 14.55 14.52 14.44 14.32 14.30 14.27 14.16 14.02 13.95 13.90 13.84 13.76 13.70 13.67 13.66 13.67 13.66 13.66 13.62 13.59 13.58 13.62 13.66 13.66 13.65 13.63 13.63 13.61 13.59 13.59 13.57 13.58 13.57 13.53 13.46 13.40 13.39 13.43 13.51 13.53 13.57 13.62 13.70 13.69 13.60 13.59 13.63 13.66 13.63 13.59 13.56 13.54 13.50 13.44 13.40 13.44 13.41 13.33 13.33 13.35 13.30 13.23 13.19 13.18 13.20 13.21 13.21 13.18 13.12 13.05
15.14 15.03 15.03 15.02 15.00 14.99 14.97 14.85 14.88 14.84 14.78 14.73 14.68 14.59 14.50 14.46 14.37 14.14 14.24 14.23 14.18 14.07 13.97 13.93 13.85 13.73 13.65 13.63 13.63 13.63 13.62 13.62 13.61 13.58 13.58 13.61 13.64 13.64 13.62 13.60 13.60 13.58 13.57 13.56 13.54 13.53 13.50 13.51 13.49 13.44 13.38 13.43 13.53 13.60 13.61 13.63 13.67 13.70 13.62 13.62 13.64 13.66 13.59 13.55 13.51 13.49 13.46 13.42 13.40 13.44 13.39 13.32 13.29 13.32 13.32 13.26 13.21 13.18 13.14 13.17 13.19 13.16 13.12 13.08
15.11 14.98 14.97 14.98 14.96 14.92 14.88 14.81 14.79 14.76 14.74 14.70 14.65 14.57 14.44 14.39 14.35 14.19 14.17 14.18 14.16 14.09 14.02 13.94 13.85 13.73 13.66 13.62 13.61 13.62 13.62 13.61 13.59 13.58 13.60 13.61 13.62 13.61 13.60 13.58 13.56 13.56 13.55 13.55 13.53 13.50 13.41 13.44 13.43 13.41 13.39 13.46 13.56 13.61 13.60 13.61 13.63 13.66 13.67 13.68 13.66 13.66 13.61 13.54 13.50 13.46 13.43 13.39 13.38 13.39 13.40 13.35 13.31 13.32 13.30 13.25 13.20 13.15 13.12 13.13 13.16 13.14 13.10 13.02
15.13 15.01 14.95 14.94 14.93 14.86 14.80 14.76 14.72 14.72 14.68 14.66 14.62 14.56 14.49 14.42 14.36 14.09 14.16 14.15 14.13 14.04 13.97 13.90 13.84 13.77 13.71 13.63 13.57 13.56 13.58 13.60 13.59 13.55 13.59 13.60 13.60 13.58 13.57 13.56 13.55 13.55 13.53 13.53 13.51 13.50 13.48 13.45 13.42 13.42 13.43 13.51 13.58 13.58 13.55 13.57 13.58 13.59 13.61 13.63 13.62 13.63 13.59 13.54 13.50 13.45 13.40 13.37 13.34 13.34 13.37 13.35 13.32 13.31 13.26 13.21 13.17 13.13 13.10 13.11 13.13 13.13 13.09 13.04
15.10 15.00 14.92 14.91 14.89 14.77 14.77 14.72 14.65 14.65 14.63 14.63 14.58 14.48 14.43 14.36 14.25 14.13 14.14 14.12 14.05 13.96 13.93 13.84 13.79 13.76 13.67 13.60 13.58 13.57 13.57 13.59 13.59 13.58 13.52 13.53 13.56 13.57 13.56 13.54 13.54 13.53 13.52 13.50 13.47 13.46 13.48 13.47 13.48 13.48 13.50 13.55 13.58 13.56 13.53 13.55 13.56 13.57 13.59 13.60 13.61 13.60 13.57 13.54 13.50 13.45 13.41 13.37 13.32 13.32 13.32 13.32 13.31 13.28 13.22 13.17 13.15 13.13 13.11 13.12 13.13 13.10 13.07 13.04
15.06 14.95 14.87 14.86 14.82 14.70 14.79 14.74 14.65 14.65 14.65 14.60 14.57 14.40 14.38 14.31 14.20 14.17 14.17 14.10 13.99 13.90 13.91 13.76 13.74 13.71 13.63 13.53 13.60 13.60 13.58 13.58 13.57 13.52 13.49 13.50 13.52 13.53 13.53 13.52 13.52 13.51 13.49 13.47 13.43 13.43 13.46 13.49 13.51 13.53 13.54 13.57 13.57 13.52 13.52 13.54 13.56 13.56 13.56 13.59 13.60 13.58 13.55 13.52 13.49 13.46 13.43 13.37 13.32 13.30 13.29 13.29 13.29 13.26 13.20 13.15 13.14 13.14 13.12 13.13 13.12 13.08 13.06 12.99
15.00 14.93 14.85 14.83 14.83 14.63 14.71 14.73 14.69 14.66 14.59 14.48 14.50 14.50 14.42 14.34 14.28 14.24 14.19 14.09 13.94 13.88 13.83 13.74 13.68 13.64 13.59 13.58 13.59 13.57 13.58 13.41 13.48 13.49 13.48 13.48 13.49 13.53 13.52 13.49 13.49 13.47 13.47 13.44 13.42 13.42 13.45 13.48 13.51 13.54 13.55 13.57 13.56 13.52 13.50 13.53 13.54 13.53 13.53 13.57 13.57 13.54 13.51 13.48 13.47 13.46 13.42 13.37 13.33 13.30 13.28 13.29 13.28 13.24 13.18 13.14 13.12 13.13 13.13 13.12 13.07 13.07 13.05 12.98
14.99 14.92 14.83 14.76 14.79 14.70 14.69 14.67 14.67 14.59 14.54 14.46 14.46 14.46 14.43 14.37 14.32 14.26 14.17 14.05 13.96 13.88 13.81 13.73 13.65 13.60 13.60 13.61 13.59 13.50 13.48 13.43 13.45 13.44 13.44 13.46 13.46 13.50 13.49 13.46 13.45 13.44 13.43 13.41 13.40 13.41 13.44 13.49 13.52 13.53 13.54 13.54 13.54 13.49 13.47 13.51 13.52 13.48 13.50 13.53 13.53 13.49 13.44 13.44 13.44 13.44 13.42 13.38 13.36 13.33 13.29 13.27 13.27 13.22 13.17 13.12 13.11 13.13 13.12 13.09 13.04 13.04 13.03 12.97
15.00 14.93 14.85 14.76 14.76 14.71 14.65 14.62 14.61 14.56 14.49 14.45 14.44 14.42 14.39 14.36 14.29 14.15 13.89 13.97 13.96 13.88 13.80 13.70 13.62 13.58 13.63 13.61 13.57 13.50 13.37 13.44 13.40 13.39 13.42 13.46 13.47 13.47 13.46 13.44 13.42 13.41 13.39 13.38 13.37 13.39 13.44 13.49 13.52 13.51 13.51 13.52 13.52 13.49 13.47 13.47 13.47 13.46 13.47 13.49 13.48 13.45 13.41 13.40 13.40 13.42 13.40 13.37 13.35 13.33 13.30 13.26 13.22 13.15 13.10 13.08 13.11 13.10 13.04 13.02 13.01 13.03 13.02 12.98
14.97 14.85 14.79 14.76 14.72 14.66 14.60 14.51 14.55 14.50 14.45 14.40 14.40 14.35 14.36 14.30 14.29 14.20 14.11 14.06 13.97 13.91 13.77 13.59 13.56 13.59 13.61 13.55 13.54 13.53 13.47 13.45 13.42 13.45 13.45 13.44 13.44 13.44 13.44 13.42 13.41 13.40 13.38 13.34 13.33 13.36 13.45 13.50 13.51 13.49 13.47 13.50 13.50 13.48 13.46 13.41 13.41 13.43 13.45 13.45 13.43 13.40 13.37 13.38 13.39 13.40 13.36 13.35 13.32 13.32 13.29 13.24 13.19 13.11 13.01 13.01 13.10 13.06 12.98 12.96 12.98 13.04 13.01 12.98
15.00 14.90 14.72 14.63 14.65 14.61 14.51 14.44 14.42 14.42 14.37 14.34 14.30 14.27 14.29 14.25 14.20 14.16 14.12 14.06 13.99 13.90 13.76 13.62 13.57 13.50 13.66 13.60 13.54 13.51 13.51 13.50 13.49 13.47 13.39 13.41 13.44 13.44 13.42 13.41 13.40 13.37 13.35 13.30 13.27 13.37 13.45 13.48 13.47 13.45 13.45 13.48 13.48 13.46 13.44 13.40 13.38 13.41 13.41 13.41 13.39 13.39 13.38 13.38 13.38 13.37 13.34 13.33 13.31 13.30 13.28 13.23 13.16 13.09 13.03 13.03 13.05 12.98 12.96 12.98 12.99 13.00 12.99 12.96
14.95 14.89 14.76 14.62 14.64 14.62 14.55 14.49 14.44 14.39 14.31 14.27 14.25 14.24 14.23 14.20 14.14 14.09 14.05 14.01 13.95 13.90 13.79 13.70 13.64 13.61 13.65 13.62 13.56 13.50 13.49 13.50 13.45 13.43 13.39 13.41 13.45 13.45 13.41 13.41 13.39 13.36 13.35 13.33 13.35 13.43 13.46 13.46 13.41 13.39 13.43 13.47 13.46 13.41 13.38 13.36 13.37 13.38 13.38 13.38 13.37 13.37 13.38 13.36 13.36 13.36 13.33 13.32 13.29 13.29 13.27 13.23 13.14 13.08 13.05 13.01 12.99 12.97 12.99 13.03 13.03 13.00 12.98 12.94
14.84 14.83 14.78 14.69 14.59 14.60 14.58 14.51 14.46 14.38 14.29 14.24 14.23 14.21 14.16 14.12 14.07 14.02 13.95 13.88 13.85 13.82 13.78 13.73 13.71 13.71 13.69 13.64 13.59 13.53 13.50 13.49 13.44 13.43 13.42 13.44 13.48 13.47 13.46 13.45 13.41 13.38 13.37 13.40 13.40 13.43 13.42 13.40 13.36 13.33 13.40 13.46 13.45 13.39 13.36 13.33 13.34 13.36 13.38 13.38 13.38 13.36 13.32 13.33 13.34 13.33 13.32 13.31 13.29 13.27 13.24 13.20 13.13 13.05 13.01 12.97 12.97 12.99 13.02 13.04 13.02 12.99 12.95 12.89
14.70 14.70 14.68 14.67 14.55 14.56 14.57 14.52 14.46 14.37 14.27 14.20 14.18 14.15 14.07 14.04 14.02 13.97 13.87 13.73 13.74 13.75 13.73 13.73 13.71 13.70 13.66 13.66 13.62 13.56 13.53 13.52 13.49 13.47 13.46 13.44 13.41 13.43 13.47 13.49 13.47 13.45 13.45 13.45 13.42 13.41 13.37 13.33 13.30 13.32 13.38 13.44 13.42 13.38 13.35 13.31 13.31 13.35 13.36 13.38 13.38 13.35 13.31 13.32 13.32 13.32 13.30 13.28 13.26 13.23 13.22 13.17 13.10 13.02 12.98 12.95 12.95 12.99 13.03 13.02 13.00 12.96 12.91 12.85
14.73 14.66 14.55 14.34 14.50 14.54 14.51 14.47 14.43 14.35 14.26 14.17 14.08 14.03 14.02 14.00 13.99 13.94 13.84 13.74 13.69 13.67 13.67 13.67 13.65 13.59 13.63 13.64 13.64 13.59 13.56 13.54 13.52 13.50 13.49 13.46 13.43 13.42 13.47 13.51 13.50 13.50 13.49 13.45 13.43 13.38 13.31 13.25 13.28 13.36 13.39 13.41 13.38 13.35 13.34 13.32 13.34 13.34 13.34 13.36 13.36 13.35 13.33 13.31 13.31 13.30 13.27 13.25 13.21 13.18 13.16 13.14 13.07 12.98 12.97 12.95 12.93 12.99 13.02 13.01 12.98 12.93 12.87 12.80
