main/data/pressure/30.06.2023.grid
ncols 886
nrows 691
xllcenter 112.0000
yllcenter -44.5000
cellsize 0.0500
nodata_value 99999.90
[rows 333 to 369 of 691, columns 84 to 167 of 886]
7.71 7.74 7.76 7.77 7.74 7.67 7.63 7.61 7.55 7.40 7.14 7.19 7.10 6.99 6.90 6.81 6.72 6.64 6.57 6.50 6.41 6.33 6.34 6.37 6.35 6.34 6.32 6.27 6.23 6.21 6.19 6.21 6.27 6.27 6.29 6.31 6.33 6.34 6.37 6.40 6.40 6.39 6.37 6.33 6.30 6.29 6.25 6.25 6.26 6.28 6.35 6.36 6.31 6.27 6.31 6.34 6.37 6.38 6.39 6.39 6.40 6.35 6.32 6.30 6.31 6.33 6.39 6.44 6.43 6.39 6.45 6.48 6.56 6.63 6.70 6.73 6.78 6.84 6.90 6.94 6.98 7.00 7.00 7.00
7.75 7.77 7.78 7.77 7.65 7.50 7.55 7.60 7.58 7.46 7.32 7.25 7.14 7.04 6.93 6.84 6.76 6.66 6.57 6.48 6.43 6.36 6.33 6.31 6.31 6.31 6.31 6.26 6.21 6.18 6.17 6.17 6.19 6.23 6.26 6.28 6.29 6.32 6.36 6.39 6.40 6.41 6.41 6.37 6.34 6.31 6.27 6.28 6.32 6.36 6.39 6.37 6.34 6.32 6.34 6.37 6.40 6.41 6.42 6.42 6.41 6.37 6.34 6.32 6.32 6.35 6.39 6.44 6.44 6.44 6.47 6.50 6.52 6.59 6.66 6.71 6.74 6.79 6.84 6.87 6.95 6.98 6.99 6.99
7.80 7.80 7.80 7.77 7.64 7.30 7.50 7.60 7.59 7.52 7.41 7.30 7.18 7.07 6.96 6.86 6.76 6.66 6.57 6.45 6.35 6.34 6.31 6.28 6.27 6.27 6.28 6.23 6.18 6.14 6.12 6.14 6.12 6.18 6.23 6.25 6.27 6.30 6.35 6.39 6.39 6.38 6.40 6.41 6.40 6.33 6.23 6.33 6.37 6.41 6.41 6.40 6.38 6.36 6.37 6.41 6.43 6.44 6.44 6.43 6.42 6.39 6.36 6.32 6.32 6.37 6.41 6.45 6.47 6.49 6.51 6.55 6.50 6.57 6.64 6.67 6.71 6.75 6.78 6.80 6.86 6.96 6.97 6.98
7.81 7.81 7.80 7.73 7.60 7.46 7.52 7.59 7.60 7.56 7.46 7.33 7.20 7.06 6.95 6.85 6.75 6.65 6.54 6.36 6.29 6.34 6.31 6.27 6.24 6.22 6.24 6.25 6.19 6.15 6.13 6.14 6.18 6.20 6.21 6.24 6.27 6.31 6.35 6.39 6.40 6.40 6.40 6.42 6.42 6.38 6.43 6.43 6.44 6.42 6.40 6.42 6.42 6.41 6.42 6.45 6.46 6.47 6.46 6.45 6.44 6.42 6.39 6.37 6.36 6.38 6.43 6.47 6.49 6.51 6.55 6.60 6.59 6.60 6.62 6.66 6.69 6.74 6.76 6.72 6.65 6.92 6.91 6.97
7.82 7.83 7.77 7.73 7.67 7.60 7.59 7.60 7.61 7.59 7.48 7.35 7.22 7.08 6.94 6.83 6.73 6.65 6.57 6.44 6.38 6.40 6.33 6.26 6.22 6.18 6.23 6.24 6.21 6.13 6.14 6.05 6.18 6.22 6.20 6.23 6.28 6.32 6.36 6.40 6.41 6.43 6.42 6.42 6.44 6.40 6.42 6.46 6.47 6.39 6.35 6.43 6.46 6.47 6.48 6.49 6.49 6.48 6.48 6.47 6.46 6.45 6.43 6.41 6.43 6.43 6.47 6.50 6.50 6.51 6.57 6.63 6.64 6.62 6.62 6.66 6.71 6.76 6.80 6.79 6.83 6.92 6.93 6.94
7.83 7.82 7.77 7.73 7.70 7.67 7.64 7.64 7.64 7.60 7.48 7.35 7.22 7.10 6.97 6.84 6.71 6.67 6.61 6.52 6.46 6.40 6.32 6.27 6.23 6.21 6.22 6.25 6.21 6.01 5.64 5.82 6.14 6.23 6.25 6.26 6.29 6.32 6.37 6.41 6.44 6.46 6.38 6.45 6.49 6.49 6.50 6.50 6.46 6.26 6.26 6.41 6.48 6.51 6.51 6.50 6.50 6.49 6.47 6.47 6.46 6.48 6.51 6.46 6.48 6.48 6.50 6.52 6.53 6.54 6.58 6.65 6.67 6.62 6.63 6.66 6.70 6.77 6.82 6.85 6.87 6.87 6.89 6.91
7.84 7.80 7.73 7.73 7.72 7.69 7.67 7.67 7.63 7.55 7.46 7.33 7.22 7.11 7.00 6.88 6.81 6.72 6.64 6.54 6.47 6.36 6.31 6.26 6.24 6.23 6.18 6.22 6.26 6.17 6.01 6.01 6.22 6.24 6.27 6.30 6.32 6.32 6.35 6.40 6.43 6.45 6.48 6.49 6.50 6.51 6.52 6.53 6.53 6.43 6.41 6.47 6.51 6.53 6.53 6.51 6.49 6.47 6.47 6.46 6.46 6.48 6.54 6.53 6.52 6.51 6.53 6.56 6.60 6.63 6.62 6.67 6.68 6.60 6.62 6.66 6.70 6.76 6.80 6.81 6.80 6.79 6.82 6.86
7.82 7.79 7.75 7.73 7.72 7.69 7.68 7.64 7.61 7.55 7.43 7.29 7.17 7.08 6.97 6.89 6.81 6.72 6.62 6.58 6.48 6.32 6.31 6.28 6.25 6.18 6.03 6.15 6.26 6.29 6.19 6.12 6.09 6.16 6.09 6.33 6.33 6.32 6.27 6.15 6.37 6.44 6.46 6.46 6.38 6.47 6.53 6.54 6.54 6.46 6.49 6.54 6.56 6.57 6.55 6.53 6.48 6.46 6.52 6.52 6.53 6.55 6.57 6.55 6.54 6.53 6.59 6.62 6.65 6.68 6.69 6.71 6.69 6.66 6.64 6.65 6.67 6.70 6.73 6.73 6.73 6.73 6.76 6.78
7.83 7.79 7.75 7.75 7.72 7.69 7.64 7.60 7.57 7.50 7.40 7.26 7.14 7.06 6.95 6.86 6.80 6.73 6.58 6.52 6.52 6.32 6.33 6.30 6.20 6.26 6.14 6.18 6.27 6.30 6.18 6.20 6.26 6.25 6.25 6.34 6.33 6.32 6.29 6.30 6.36 6.41 6.44 6.45 6.36 6.42 6.48 6.52 6.54 6.36 6.52 6.60 6.59 6.58 6.59 6.58 6.51 6.42 6.60 6.60 6.61 6.61 6.59 6.58 6.53 6.51 6.55 6.61 6.64 6.64 6.71 6.73 6.72 6.70 6.68 6.64 6.61 6.64 6.65 6.66 6.69 6.68 6.70 6.72
7.81 7.80 7.76 7.74 7.67 7.65 7.62 7.58 7.53 7.43 7.34 7.24 7.15 7.04 6.93 6.84 6.76 6.66 6.58 6.55 6.52 6.40 6.38 6.37 6.32 6.24 6.18 6.22 6.26 6.29 6.31 6.29 6.29 6.23 6.27 6.34 6.29 6.32 6.30 6.29 6.31 6.34 6.40 6.40 6.36 6.39 6.44 6.50 6.55 6.58 6.59 6.61 6.62 6.62 6.62 6.60 6.57 6.56 6.63 6.64 6.64 6.61 6.60 6.57 6.53 6.48 6.46 6.58 6.64 6.67 6.71 6.73 6.75 6.74 6.74 6.69 6.61 6.63 6.67 6.69 6.70 6.71 6.71 6.71
7.79 7.77 7.72 7.66 7.59 7.61 7.59 7.55 7.49 7.37 7.26 7.17 7.00 6.93 6.88 6.79 6.70 6.61 6.59 6.58 6.51 6.42 6.40 6.40 6.33 6.18 6.17 6.25 6.23 6.26 6.30 6.33 6.28 6.25 6.30 6.35 6.35 6.35 6.31 6.34 6.30 6.24 6.37 6.37 6.37 6.40 6.44 6.49 6.55 6.58 6.60 6.61 6.63 6.64 6.64 6.64 6.64 6.65 6.67 6.66 6.62 6.58 6.57 6.58 6.58 6.48 6.34 6.62 6.67 6.70 6.69 6.70 6.75 6.77 6.78 6.75 6.67 6.69 6.73 6.74 6.76 6.76 6.76 6.75
7.76 7.72 7.61 7.63 7.62 7.61 7.58 7.54 7.45 7.32 7.20 7.03 6.74 6.80 6.81 6.75 6.64 6.56 6.58 6.58 6.51 6.43 6.40 6.42 6.34 6.27 6.28 6.21 6.23 6.25 6.27 6.32 6.32 6.27 6.32 6.30 6.33 6.30 6.31 6.36 6.34 6.32 6.31 6.37 6.40 6.39 6.40 6.47 6.53 6.58 6.58 6.59 6.63 6.65 6.67 6.68 6.69 6.69 6.70 6.69 6.65 6.60 6.58 6.59 6.62 6.58 6.53 6.61 6.67 6.68 6.68 6.71 6.73 6.75 6.77 6.80 6.79 6.78 6.78 6.79 6.80 6.81 6.81 6.80
7.74 7.72 7.68 7.67 7.65 7.62 7.58 7.51 7.40 7.27 7.18 7.10 6.94 6.84 6.81 6.76 6.68 6.59 6.61 6.60 6.52 6.45 6.43 6.42 6.31 6.31 6.26 6.20 6.21 6.26 6.29 6.32 6.34 6.29 6.31 6.32 6.38 6.35 6.37 6.42 6.41 6.43 6.43 6.43 6.45 6.39 6.37 6.44 6.52 6.56 6.55 6.56 6.60 6.63 6.68 6.70 6.71 6.72 6.72 6.72 6.70 6.65 6.59 6.61 6.69 6.69 6.65 6.66 6.68 6.69 6.69 6.72 6.72 6.72 6.75 6.79 6.82 6.83 6.82 6.83 6.85 6.86 6.86 6.85
7.75 7.72 7.70 7.66 7.63 7.60 7.56 7.48 7.36 7.24 7.17 7.10 6.98 6.88 6.82 6.77 6.71 6.60 6.64 6.61 6.55 6.50 6.48 6.44 6.41 6.36 6.30 6.18 6.16 6.25 6.29 6.31 6.33 6.32 6.32 6.35 6.37 6.38 6.40 6.41 6.41 6.42 6.42 6.43 6.43 6.36 6.36 6.42 6.49 6.53 6.53 6.55 6.59 6.63 6.69 6.70 6.70 6.68 6.71 6.73 6.72 6.70 6.66 6.67 6.73 6.75 6.75 6.73 6.70 6.69 6.69 6.69 6.68 6.70 6.72 6.75 6.78 6.82 6.85 6.87 6.89 6.90 6.90 6.88
7.75 7.72 7.68 7.63 7.60 7.56 7.51 7.43 7.32 7.19 7.15 7.08 6.98 6.87 6.82 6.79 6.75 6.65 6.63 6.61 6.56 6.53 6.50 6.46 6.37 6.37 6.34 6.31 6.27 6.24 6.32 6.31 6.31 6.30 6.29 6.30 6.33 6.36 6.37 6.36 6.33 6.36 6.36 6.39 6.42 6.38 6.36 6.41 6.47 6.50 6.52 6.54 6.59 6.64 6.71 6.71 6.69 6.68 6.69 6.69 6.70 6.71 6.71 6.71 6.75 6.79 6.81 6.78 6.74 6.69 6.70 6.68 6.67 6.69 6.72 6.74 6.76 6.81 6.86 6.87 6.87 6.89 6.91 6.90
7.71 7.66 7.62 7.59 7.56 7.50 7.44 7.37 7.28 7.21 7.15 7.06 6.99 6.91 6.85 6.80 6.75 6.70 6.67 6.62 6.58 6.53 6.49 6.30 6.23 6.30 6.33 6.33 6.30 6.29 6.32 6.31 6.31 6.27 6.19 6.25 6.28 6.31 6.33 6.29 6.28 6.32 6.31 6.35 6.42 6.41 6.38 6.40 6.45 6.48 6.51 6.54 6.59 6.66 6.72 6.71 6.67 6.65 6.65 6.67 6.68 6.70 6.71 6.72 6.72 6.76 6.86 6.86 6.82 6.78 6.77 6.75 6.74 6.75 6.75 6.77 6.78 6.81 6.84 6.85 6.85 6.88 6.91 6.93
7.65 7.59 7.53 7.50 7.47 7.42 7.35 7.29 7.24 7.17 7.10 7.04 6.98 6.92 6.87 6.81 6.76 6.71 6.65 6.58 6.56 6.52 6.48 6.34 6.26 6.30 6.31 6.32 6.31 6.32 6.32 6.31 6.29 6.29 6.23 6.28 6.22 6.21 6.28 6.32 6.28 6.32 6.36 6.43 6.46 6.42 6.38 6.41 6.44 6.48 6.51 6.53 6.60 6.68 6.73 6.74 6.72 6.73 6.72 6.68 6.67 6.70 6.72 6.76 6.84 6.87 6.91 6.92 6.90 6.87 6.85 6.86 6.85 6.83 6.81 6.82 6.81 6.83 6.83 6.83 6.84 6.86 6.89 6.94
7.58 7.52 7.42 7.37 7.36 7.32 7.25 7.19 7.15 7.10 7.04 6.98 6.92 6.84 6.75 6.72 6.70 6.68 6.62 6.49 6.52 6.49 6.44 6.34 6.24 6.23 6.28 6.29 6.31 6.33 6.35 6.33 6.25 6.31 6.33 6.31 6.28 6.25 6.26 6.21 6.33 6.36 6.41 6.47 6.46 6.36 6.43 6.46 6.48 6.50 6.52 6.54 6.59 6.66 6.73 6.76 6.78 6.79 6.79 6.73 6.69 6.74 6.78 6.81 6.88 6.92 6.95 6.97 6.98 6.97 6.94 6.95 6.94 6.93 6.92 6.90 6.88 6.87 6.84 6.83 6.84 6.86 6.88 6.92
7.53 7.44 7.35 7.27 7.26 7.22 7.16 7.09 7.07 7.04 6.98 6.92 6.86 6.79 6.60 6.62 6.67 6.65 6.58 6.46 6.45 6.45 6.38 6.31 6.15 6.06 6.24 6.27 6.30 6.34 6.37 6.38 6.37 6.38 6.36 6.35 6.38 6.30 6.34 6.42 6.45 6.42 6.45 6.51 6.53 6.54 6.55 6.53 6.55 6.56 6.55 6.55 6.59 6.64 6.73 6.79 6.80 6.80 6.75 6.74 6.79 6.82 6.85 6.85 6.85 6.91 6.98 7.03 7.04 7.04 7.02 7.02 7.01 7.01 7.00 6.99 6.96 6.92 6.87 6.84 6.84 6.84 6.88 6.90
7.47 7.38 7.30 7.23 7.18 7.13 7.07 7.01 6.99 6.96 6.92 6.88 6.80 6.68 6.57 6.55 6.59 6.60 6.52 6.40 6.40 6.34 6.27 6.18 6.07 6.08 6.21 6.26 6.31 6.37 6.39 6.41 6.42 6.42 6.39 6.39 6.43 6.41 6.43 6.48 6.50 6.49 6.50 6.54 6.57 6.57 6.57 6.57 6.59 6.61 6.60 6.60 6.64 6.69 6.76 6.80 6.80 6.81 6.77 6.77 6.82 6.88 6.92 6.90 6.84 6.94 7.04 7.09 7.07 7.05 7.04 7.04 7.03 7.03 7.04 7.04 7.03 6.99 6.93 6.88 6.87 6.87 6.89 6.92
7.40 7.32 7.22 7.18 7.12 7.05 6.99 6.94 6.91 6.87 6.85 6.81 6.74 6.59 6.51 6.53 6.53 6.51 6.57 6.45 6.40 6.33 6.24 6.10 5.96 6.07 6.26 6.28 6.32 6.39 6.44 6.44 6.44 6.44 6.46 6.47 6.48 6.47 6.49 6.54 6.54 6.54 6.56 6.58 6.60 6.57 6.53 6.58 6.63 6.67 6.65 6.64 6.68 6.74 6.78 6.79 6.78 6.77 6.77 6.80 6.86 6.93 7.02 7.03 7.00 7.05 7.12 7.12 7.08 7.03 7.05 7.06 7.05 7.02 7.01 7.05 7.08 7.06 6.99 6.94 6.91 6.90 6.91 6.93
7.29 7.26 7.20 7.14 7.06 6.99 6.93 6.87 6.83 6.79 6.77 6.76 6.70 6.59 6.52 6.51 6.46 6.37 6.50 6.39 6.34 6.32 6.27 6.19 5.93 6.03 6.29 6.34 6.38 6.44 6.46 6.46 6.47 6.37 6.50 6.50 6.53 6.51 6.53 6.56 6.58 6.58 6.59 6.60 6.61 6.59 6.58 6.62 6.66 6.68 6.67 6.67 6.70 6.75 6.78 6.81 6.83 6.82 6.80 6.84 6.90 6.97 7.03 7.09 7.13 7.16 7.19 7.17 7.12 7.06 7.06 7.08 7.07 7.03 7.00 7.01 7.08 7.11 7.06 7.00 6.95 6.92 6.94 6.97
7.16 7.10 7.10 7.04 6.97 6.91 6.85 6.81 6.78 6.72 6.68 6.69 6.67 6.59 6.52 6.51 6.46 6.32 6.32 6.50 6.32 6.33 6.33 6.32 6.15 6.19 6.33 6.38 6.43 6.46 6.48 6.47 6.45 6.49 6.46 6.52 6.55 6.57 6.58 6.59 6.61 6.62 6.62 6.62 6.63 6.62 6.63 6.66 6.70 6.70 6.68 6.68 6.71 6.76 6.78 6.80 6.84 6.83 6.82 6.89 6.93 7.02 7.06 7.10 7.20 7.23 7.24 7.23 7.15 7.06 7.08 7.11 7.11 7.07 6.97 6.95 7.08 7.16 7.13 7.06 6.98 6.93 6.96 7.00
7.04 6.94 6.94 6.98 6.92 6.90 6.85 6.80 6.74 6.69 6.61 6.60 6.62 6.60 6.56 6.52 6.44 6.20 6.11 6.47 6.43 6.39 6.35 6.31 6.26 6.28 6.35 6.42 6.46 6.49 6.49 6.48 6.45 6.53 6.55 6.57 6.59 6.61 6.62 6.61 6.63 6.65 6.65 6.67 6.67 6.66 6.65 6.70 6.70 6.70 6.70 6.71 6.72 6.75 6.76 6.76 6.80 6.87 6.93 6.98 7.04 7.12 7.18 7.21 7.26 7.28 7.28 7.26 7.18 7.10 7.13 7.15 7.15 7.12 7.02 7.00 7.12 7.18 7.16 7.09 7.02 6.98 6.98 6.99
7.01 6.97 6.97 6.97 6.90 6.85 6.80 6.76 6.71 6.62 6.60 6.61 6.62 6.63 6.60 6.53 6.44 6.19 5.94 6.46 6.46 6.43 6.36 6.32 6.32 6.30 6.34 6.44 6.50 6.52 6.52 6.46 6.36 6.53 6.59 6.57 6.60 6.65 6.63 6.62 6.63 6.65 6.66 6.67 6.69 6.70 6.72 6.74 6.72 6.72 6.73 6.73 6.75 6.74 6.77 6.77 6.81 6.95 7.04 7.10 7.18 7.21 7.26 7.29 7.30 7.31 7.29 7.27 7.22 7.17 7.18 7.20 7.22 7.23 7.19 7.16 7.20 7.23 7.19 7.11 7.05 7.00 6.99 6.99
7.01 7.02 6.97 6.92 6.86 6.80 6.75 6.72 6.70 6.67 6.68 6.65 6.65 6.65 6.60 6.54 6.44 6.35 6.24 6.40 6.45 6.43 6.36 6.43 6.39 6.34 6.35 6.42 6.49 6.53 6.54 6.48 6.46 6.59 6.60 6.63 6.63 6.68 6.65 6.59 6.61 6.64 6.64 6.61 6.64 6.65 6.74 6.77 6.78 6.77 6.77 6.79 6.81 6.84 6.85 6.78 6.86 6.99 7.09 7.15 7.21 7.23 7.24 7.28 7.30 7.31 7.29 7.28 7.25 7.23 7.23 7.25 7.27 7.29 7.27 7.26 7.28 7.27 7.25 7.18 7.12 7.06 7.02 6.99
7.02 6.99 6.97 6.91 6.86 6.80 6.73 6.72 6.72 6.72 6.71 6.66 6.68 6.65 6.60 6.53 6.48 6.41 6.35 6.42 6.46 6.49 6.47 6.49 6.48 6.43 6.42 6.39 6.49 6.56 6.57 6.53 6.48 6.55 6.66 6.70 6.71 6.72 6.65 6.54 6.59 6.63 6.64 6.61 6.64 6.64 6.65 6.76 6.82 6.82 6.83 6.84 6.87 6.92 6.91 6.85 6.91 7.02 7.12 7.20 7.24 7.23 7.22 7.27 7.29 7.31 7.30 7.29 7.28 7.26 7.28 7.31 7.32 7.34 7.32 7.32 7.34 7.31 7.30 7.25 7.18 7.11 7.05 6.99
6.98 6.97 6.95 6.90 6.86 6.80 6.70 6.71 6.74 6.75 6.71 6.69 6.71 6.66 6.60 6.52 6.42 6.42 6.42 6.42 6.47 6.52 6.56 6.58 6.57 6.56 6.57 6.53 6.58 6.63 6.66 6.61 6.53 6.68 6.74 6.73 6.76 6.74 6.70 6.65 6.61 6.58 6.59 6.65 6.73 6.74 6.79 6.80 6.84 6.86 6.89 6.91 6.94 6.99 7.01 6.94 6.98 7.04 7.12 7.21 7.24 7.25 7.28 7.29 7.30 7.30 7.34 7.34 7.33 7.33 7.35 7.39 7.40 7.40 7.37 7.28 7.36 7.37 7.35 7.28 7.20 7.05 6.98 7.01
6.90 6.90 6.91 6.87 6.83 6.79 6.72 6.70 6.76 6.79 6.77 6.75 6.71 6.64 6.59 6.54 6.47 6.41 6.35 6.37 6.47 6.52 6.61 6.67 6.66 6.63 6.59 6.61 6.68 6.72 6.74 6.71 6.74 6.83 6.78 6.69 6.77 6.76 6.73 6.69 6.63 6.62 6.65 6.71 6.77 6.74 6.76 6.83 6.85 6.85 6.91 6.96 6.99 6.99 7.03 7.04 7.06 7.08 7.12 7.22 7.29 7.37 7.35 7.36 7.35 7.34 7.41 7.40 7.40 7.38 7.42 7.44 7.45 7.45 7.44 7.40 7.38 7.40 7.38 7.31 7.23 7.13 7.08 7.13
6.84 6.82 6.80 6.80 6.80 6.77 6.76 6.75 6.78 6.80 6.78 6.75 6.70 6.64 6.61 6.59 6.55 6.41 6.37 6.42 6.51 6.57 6.62 6.71 6.72 6.70 6.66 6.66 6.69 6.79 6.82 6.82 6.83 6.88 6.87 6.87 6.77 6.76 6.74 6.68 6.64 6.65 6.70 6.79 6.67 6.52 6.63 6.87 6.85 6.85 6.89 6.95 7.00 7.02 7.07 7.12 7.14 7.17 7.22 7.27 7.37 7.44 7.38 7.44 7.44 7.39 7.42 7.47 7.44 7.34 7.41 7.43 7.44 7.45 7.47 7.46 7.41 7.43 7.41 7.34 7.27 7.21 7.17 7.18
6.79 6.76 6.72 6.74 6.76 6.77 6.77 6.78 6.81 6.81 6.77 6.73 6.70 6.66 6.66 6.62 6.48 6.41 6.43 6.49 6.58 6.64 6.62 6.77 6.78 6.79 6.79 6.79 6.78 6.84 6.87 6.87 6.90 6.91 6.92 6.89 6.84 6.80 6.76 6.70 6.63 6.69 6.72 6.83 6.68 6.52 6.66 6.83 6.85 6.87 6.91 6.92 7.00 7.01 7.11 7.20 7.19 7.26 7.32 7.26 7.38 7.49 7.52 7.51 7.51 7.48 7.43 7.57 7.50 7.43 7.43 7.43 7.43 7.45 7.47 7.49 7.49 7.47 7.45 7.39 7.32 7.26 7.24 7.22
6.78 6.75 6.72 6.72 6.75 6.77 6.79 6.81 6.82 6.82 6.76 6.75 6.73 6.72 6.73 6.68 6.61 6.56 6.58 6.61 6.67 6.71 6.74 6.82 6.84 6.84 6.86 6.87 6.89 6.90 6.92 6.86 6.83 6.92 6.93 6.90 6.85 6.81 6.75 6.71 6.73 6.76 6.79 6.85 6.79 6.75 6.83 6.88 6.91 6.93 6.98 7.05 7.08 7.12 7.18 7.23 7.26 7.34 7.39 7.34 7.39 7.52 7.57 7.57 7.59 7.61 7.60 7.63 7.60 7.55 7.52 7.49 7.49 7.50 7.50 7.50 7.52 7.51 7.48 7.44 7.40 7.35 7.32 7.28
6.78 6.75 6.73 6.73 6.74 6.77 6.81 6.82 6.84 6.85 6.76 6.75 6.74 6.74 6.78 6.77 6.74 6.72 6.74 6.71 6.77 6.84 6.87 6.89 6.90 6.90 6.90 6.92 6.93 6.93 6.87 6.85 6.89 6.94 6.91 6.90 6.88 6.84 6.76 6.68 6.76 6.82 6.86 6.88 6.88 6.89 6.92 6.95 6.97 7.01 7.06 7.10 7.16 7.22 7.26 7.30 7.35 7.42 7.48 7.51 7.56 7.60 7.62 7.64 7.67 7.68 7.68 7.68 7.66 7.62 7.60 7.56 7.56 7.57 7.55 7.49 7.52 7.53 7.52 7.49 7.46 7.42 7.38 7.34
6.77 6.74 6.74 6.76 6.76 6.78 6.81 6.83 6.85 6.86 6.84 6.83 6.72 6.73 6.84 6.85 6.84 6.83 6.85 6.87 6.88 6.91 6.94 6.94 6.91 6.89 6.90 6.91 6.90 6.89 6.85 6.86 6.84 6.93 6.99 6.93 6.89 6.85 6.79 6.77 6.81 6.88 6.90 6.91 6.91 6.92 6.92 6.97 7.02 7.05 7.10 7.15 7.18 7.24 7.31 7.39 7.44 7.49 7.53 7.58 7.62 7.66 7.68 7.70 7.72 7.73 7.73 7.73 7.72 7.69 7.67 7.65 7.63 7.63 7.61 7.58 7.57 7.55 7.51 7.49 7.46 7.44 7.41 7.37
6.75 6.73 6.73 6.75 6.79 6.81 6.82 6.83 6.84 6.86 6.88 6.88 6.89 6.88 6.89 6.89 6.89 6.89 6.92 6.94 6.96 6.97 6.98 6.98 6.91 6.86 6.89 6.90 6.89 6.91 6.98 6.98 7.00 7.01 7.00 6.94 6.90 6.86 6.83 6.82 6.87 6.92 6.94 6.92 6.92 6.93 6.93 6.98 7.05 7.08 7.12 7.18 7.19 7.23 7.33 7.44 7.50 7.54 7.56 7.59 7.61 7.67 7.72 7.73 7.75 7.76 7.77 7.77 7.77 7.76 7.74 7.71 7.69 7.69 7.67 7.65 7.63 7.56 7.50 7.46 7.44 7.42 7.38 7.35
6.73 6.74 6.69 6.72 6.80 6.83 6.82 6.80 6.80 6.82 6.84 6.89 6.85 6.86 6.93 6.92 6.90 6.90 6.96 7.00 7.00 7.01 6.98 6.96 6.92 6.91 6.94 6.95 6.91 6.88 6.99 7.06 7.05 7.04 7.01 6.96 6.92 6.88 6.87 6.89 6.91 6.94 6.98 6.97 6.97 6.98 6.98 7.01 7.05 7.09 7.14 7.20 7.23 7.27 7.34 7.40 7.52 7.61 7.63 7.64 7.64 7.66 7.69 7.71 7.74 7.76 7.78 7.80 7.81 7.79 7.77 7.76 7.74 7.72 7.70 7.67 7.62 7.55 7.48 7.43 7.39 7.37 7.35 7.33
6.72 6.73 6.75 6.78 6.82 6.83 6.81 6.76 6.76 6.73 6.62 6.77 6.79 6.79 6.97 6.94 6.88 6.89 6.98 7.04 7.05 7.04 7.00 6.97 6.98 7.00 7.03 7.06 7.02 6.95 7.04 7.08 7.00 7.03 7.03 7.00 6.94 6.90 6.90 6.92 6.94 6.96 7.00 7.03 7.03 7.02 7.02 7.04 7.05 7.09 7.15 7.20 7.26 7.30 7.37 7.48 7.57 7.65 7.68 7.68 7.67 7.67 7.65 7.71 7.74 7.76 7.80 7.82 7.82 7.81 7.80 7.78 7.76 7.74 7.71 7.66 7.61 7.54 7.45 7.40 7.35 7.32 7.33 7.32
