main/data/pressure/30.10.2023.grid
ncols 886
nrows 691
xllcenter 112.0000
yllcenter -44.5000
cellsize 0.0500
nodata_value 99999.90
[rows 432 to 467 of 691, columns 162 to 242 of 886]
8.22 8.30 8.28 8.26 8.25 8.25 8.28 8.32 8.41 8.38 8.41 8.43 8.43 8.43 8.40 8.37 8.33 8.35 8.38 8.31 8.27 8.24 8.26 8.27 8.26 8.26 8.28 8.31 8.35 8.34 8.32 8.35 8.37 8.24 8.13 8.15 8.12 8.18 8.24 8.20 8.26 8.26 8.21 8.19 8.20 8.26 8.30 8.28 8.22 8.15 8.17 8.22 8.29 8.41 8.51 8.60 8.66 8.63 8.55 8.56 8.60 8.65 8.67 8.69 8.69 8.70 8.77 8.87 8.96 9.02 9.06 9.09 9.12 9.15 9.17 9.15 9.12 9.13 9.13 9.12 9.11
8.30 8.39 8.36 8.33 8.33 8.32 8.32 8.35 8.34 8.30 8.24 8.30 8.32 8.29 8.24 8.28 8.32 8.34 8.31 8.26 8.19 8.10 8.14 8.17 8.16 8.14 8.13 8.13 8.14 8.25 8.25 8.30 8.23 8.14 7.96 8.13 8.13 8.15 8.18 8.18 8.17 8.10 8.02 7.97 7.95 8.07 8.17 8.16 8.03 7.86 7.97 8.05 8.17 8.39 8.52 8.56 8.59 8.56 8.53 8.54 8.60 8.62 8.62 8.64 8.68 8.72 8.84 8.97 9.01 9.03 9.05 9.05 9.04 9.10 9.15 9.14 9.10 9.14 9.13 9.12 9.11
8.47 8.50 8.44 8.38 8.32 8.31 8.35 8.36 8.32 8.26 8.22 8.23 8.23 8.23 8.23 8.25 8.25 8.26 8.23 8.14 8.11 8.09 8.10 8.09 8.06 8.06 8.05 8.01 8.00 8.14 8.16 8.04 7.82 8.01 7.98 8.00 8.07 8.10 8.11 8.09 8.02 7.92 7.83 7.80 7.81 7.90 8.00 8.02 7.98 7.92 7.94 7.99 8.11 8.31 8.45 8.48 8.48 8.47 8.46 8.46 8.51 8.59 8.64 8.68 8.72 8.77 8.86 8.98 9.02 9.04 9.05 9.03 9.03 9.09 9.13 9.15 9.09 9.12 9.13 9.12 9.10
8.62 8.60 8.52 8.40 8.30 8.29 8.36 8.38 8.33 8.25 8.19 8.19 8.18 8.24 8.35 8.28 8.19 8.17 8.16 8.02 8.06 8.11 8.09 8.05 7.99 8.03 8.03 7.97 7.93 7.96 7.97 7.95 7.98 7.97 8.02 8.10 8.05 8.05 8.02 8.00 7.91 7.77 7.64 7.66 7.72 7.75 7.81 7.90 7.97 7.97 7.95 7.98 8.03 8.25 8.38 8.40 8.40 8.40 8.38 8.36 8.42 8.55 8.64 8.71 8.77 8.83 8.86 8.93 9.00 9.04 9.06 9.06 9.09 9.10 9.09 9.15 9.10 9.12 9.12 9.10 9.09
8.69 8.71 8.62 8.48 8.37 8.35 8.37 8.40 8.38 8.29 8.22 8.19 8.20 8.26 8.32 8.30 8.23 8.17 8.10 8.08 8.10 8.15 8.11 8.06 8.01 8.01 8.00 7.93 7.87 7.80 7.73 7.86 7.97 7.89 7.88 8.02 8.01 7.97 7.96 7.90 7.79 7.65 7.54 7.58 7.63 7.66 7.71 7.82 7.92 7.96 7.95 7.97 8.04 8.18 8.27 8.32 8.35 8.34 8.34 8.36 8.44 8.56 8.65 8.72 8.78 8.84 8.88 8.91 8.97 9.02 9.05 9.06 9.10 9.14 9.12 9.16 9.15 9.14 9.12 9.10 9.08
8.68 8.77 8.75 8.56 8.46 8.39 8.37 8.39 8.42 8.35 8.26 8.20 8.20 8.26 8.31 8.29 8.25 8.16 8.06 8.08 8.06 7.99 8.00 8.03 8.01 7.98 7.97 7.92 7.86 7.78 7.73 7.86 7.79 7.97 7.99 7.97 7.95 7.92 7.88 7.81 7.72 7.62 7.55 7.56 7.56 7.57 7.64 7.75 7.82 7.86 7.90 7.95 8.02 8.09 8.17 8.25 8.28 8.29 8.33 8.40 8.47 8.57 8.68 8.72 8.74 8.79 8.87 8.91 8.95 8.99 9.02 9.03 9.05 9.09 9.14 9.16 9.15 9.14 9.13 9.09 9.08
8.90 8.89 8.81 8.64 8.52 8.43 8.36 8.31 8.39 8.42 8.36 8.28 8.25 8.28 8.29 8.26 8.17 8.03 7.93 7.91 7.91 7.89 7.93 7.94 7.90 7.93 7.91 7.86 7.83 7.78 7.76 7.86 7.90 7.93 7.95 7.91 7.88 7.87 7.82 7.77 7.73 7.68 7.62 7.57 7.54 7.55 7.58 7.67 7.72 7.77 7.83 7.90 7.94 7.99 8.05 8.10 8.14 8.22 8.30 8.38 8.47 8.57 8.65 8.73 8.78 8.83 8.90 8.93 8.96 8.99 9.00 9.00 9.02 9.04 9.05 9.10 9.14 9.15 9.11 9.08 9.06
9.04 9.02 8.88 8.73 8.58 8.46 8.39 8.35 8.33 8.33 8.40 8.37 8.34 8.31 8.27 8.20 8.06 7.87 7.75 7.73 7.78 7.89 7.88 7.76 7.78 7.86 7.84 7.76 7.69 7.67 7.74 7.86 7.91 7.91 7.91 7.83 7.76 7.80 7.74 7.75 7.75 7.75 7.67 7.56 7.52 7.49 7.52 7.60 7.63 7.67 7.74 7.82 7.84 7.88 7.89 7.96 7.99 8.15 8.20 8.32 8.45 8.56 8.63 8.73 8.82 8.89 8.95 8.98 8.99 8.99 8.97 9.00 9.03 9.05 9.00 9.10 9.12 9.12 9.11 9.05 9.06
9.22 9.09 8.93 8.76 8.59 8.49 8.45 8.40 8.26 8.22 8.28 8.32 8.27 8.28 8.23 8.10 7.92 7.77 7.69 7.68 7.76 7.84 7.72 7.57 7.76 7.83 7.77 7.66 7.55 7.56 7.70 7.83 7.87 7.90 7.88 7.75 7.64 7.69 7.52 7.68 7.73 7.71 7.61 7.48 7.45 7.38 7.40 7.54 7.57 7.63 7.69 7.70 7.74 7.76 7.61 7.84 8.00 8.07 8.08 8.30 8.49 8.61 8.71 8.81 8.87 8.93 8.97 9.00 9.02 9.02 8.99 9.01 9.04 9.08 9.11 9.11 9.09 9.11 9.12 9.07 9.06
9.33 9.11 8.96 8.77 8.60 8.52 8.51 8.43 8.24 8.24 8.27 8.25 8.18 8.21 8.15 7.97 7.79 7.70 7.69 7.73 7.78 7.75 7.62 7.61 7.75 7.76 7.70 7.61 7.53 7.52 7.61 7.79 7.89 7.86 7.88 7.83 7.73 7.52 7.16 7.57 7.73 7.68 7.57 7.36 7.45 7.38 7.38 7.50 7.53 7.58 7.66 7.65 7.70 7.65 7.01 7.77 7.77 8.05 8.26 8.39 8.53 8.64 8.81 8.88 8.91 8.93 8.95 8.96 8.97 9.02 9.06 9.06 9.05 9.04 9.03 9.04 9.05 9.08 9.12 9.08 9.07
9.36 9.16 8.97 8.81 8.69 8.64 8.59 8.40 8.19 8.26 8.31 8.27 8.22 8.16 8.08 7.85 7.64 7.57 7.64 7.72 7.74 7.69 7.61 7.58 7.64 7.67 7.65 7.60 7.51 7.48 7.50 7.44 7.81 7.87 7.82 7.81 7.71 7.67 7.53 7.51 7.61 7.63 7.59 7.55 7.47 7.32 7.35 7.47 7.48 7.54 7.65 7.68 7.72 7.65 7.25 7.55 7.86 8.17 8.34 8.41 8.47 8.57 8.82 8.83 8.84 8.88 8.87 8.87 8.89 8.95 9.03 9.06 9.09 9.09 9.07 9.08 9.06 9.09 9.12 9.09 9.08
9.42 9.26 9.07 8.91 8.79 8.73 8.66 8.45 8.02 8.36 8.38 8.31 8.27 8.12 8.00 7.77 7.55 7.50 7.61 7.70 7.69 7.65 7.56 7.47 7.53 7.58 7.60 7.56 7.48 7.42 7.53 7.09 7.76 7.85 7.71 7.52 7.68 7.68 7.63 7.60 7.70 7.58 7.46 7.47 7.42 7.21 7.38 7.45 7.43 7.50 7.61 7.73 7.61 7.70 7.58 7.60 8.01 8.27 8.41 8.47 8.51 8.64 8.80 8.70 8.73 8.81 8.75 8.74 8.83 8.92 8.99 9.02 9.02 9.09 9.12 9.12 9.10 9.10 9.12 9.09 9.10
9.47 9.48 9.22 9.05 8.89 8.78 8.71 8.62 8.42 8.46 8.42 8.30 8.20 8.06 7.92 7.75 7.60 7.54 7.59 7.65 7.65 7.58 7.49 7.38 7.39 7.47 7.51 7.49 7.47 7.53 7.53 7.33 7.59 7.86 7.73 7.65 7.70 7.67 7.54 7.60 7.65 7.55 7.31 7.33 7.34 7.31 7.35 7.31 7.31 7.43 7.55 7.54 7.46 7.65 7.67 7.66 8.04 8.31 8.45 8.54 8.64 8.72 8.76 8.67 8.73 8.68 8.75 8.75 8.82 8.91 8.97 9.00 9.00 9.01 9.09 9.13 9.11 9.09 9.10 9.10 9.10
9.44 9.39 9.37 9.19 8.98 8.82 8.75 8.66 8.54 8.48 8.41 8.27 8.14 7.99 7.90 7.76 7.64 7.57 7.57 7.60 7.59 7.54 7.46 7.40 7.37 7.42 7.46 7.47 7.48 7.66 7.60 7.55 7.62 7.57 7.49 7.80 7.73 7.68 7.58 7.58 7.66 7.68 7.51 7.33 7.19 7.27 7.29 7.23 7.30 7.42 7.51 7.45 7.54 7.70 7.78 7.82 8.16 8.37 8.50 8.58 8.65 8.68 8.67 8.67 8.69 8.72 8.77 8.78 8.85 8.93 8.98 9.01 9.01 9.02 9.07 9.13 9.10 9.07 9.08 9.06 9.07
9.38 9.42 9.39 9.28 9.13 8.97 8.82 8.70 8.58 8.46 8.35 8.20 8.06 7.94 7.86 7.77 7.68 7.60 7.55 7.52 7.53 7.53 7.51 7.47 7.45 7.47 7.49 7.56 7.68 7.75 7.71 7.73 7.77 7.71 7.50 7.80 7.67 7.69 7.54 7.55 7.68 7.68 7.56 7.45 7.34 7.31 7.24 7.30 7.40 7.46 7.44 7.48 7.63 7.80 7.93 8.07 8.25 8.41 8.53 8.58 8.58 8.58 8.62 8.66 8.72 8.80 8.84 8.87 8.92 8.99 9.02 9.05 9.05 9.06 9.10 9.14 9.11 9.09 9.09 9.09 9.09
9.60 9.51 9.44 9.35 9.18 9.03 8.86 8.73 8.57 8.43 8.28 8.13 7.99 7.91 7.87 7.79 7.70 7.62 7.52 7.44 7.49 7.55 7.55 7.55 7.56 7.52 7.52 7.63 7.82 7.82 7.86 7.84 7.85 7.82 7.78 7.79 7.70 7.77 7.63 7.61 7.63 7.65 7.63 7.60 7.53 7.45 7.39 7.39 7.42 7.45 7.39 7.48 7.68 7.88 8.06 8.25 8.28 8.41 8.53 8.56 8.52 8.51 8.57 8.66 8.75 8.84 8.90 8.96 9.01 9.04 9.01 8.98 9.08 9.10 9.11 9.14 9.13 9.11 9.12 9.13 9.12
9.69 9.55 9.44 9.30 9.14 8.99 8.83 8.67 8.51 8.36 8.21 8.03 7.89 7.80 7.85 7.81 7.73 7.66 7.56 7.46 7.48 7.54 7.58 7.63 7.65 7.59 7.55 7.60 7.68 7.78 7.81 7.83 7.84 7.85 7.86 7.73 7.68 7.79 7.68 7.57 7.51 7.56 7.62 7.63 7.63 7.58 7.52 7.42 7.45 7.48 7.47 7.54 7.68 7.88 8.13 8.30 8.38 8.46 8.53 8.59 8.58 8.56 8.58 8.67 8.79 8.87 8.93 8.97 9.01 9.04 9.02 9.01 9.09 9.10 9.12 9.14 9.15 9.15 9.13 9.12 9.14
9.60 9.48 9.39 9.22 9.01 8.93 8.77 8.60 8.45 8.29 8.12 7.89 7.63 7.60 7.86 7.80 7.70 7.67 7.62 7.56 7.52 7.55 7.61 7.69 7.76 7.69 7.61 7.60 7.59 7.67 7.71 7.77 7.78 7.88 7.88 7.84 7.83 7.78 7.68 7.55 7.46 7.53 7.63 7.59 7.60 7.56 7.53 7.46 7.48 7.55 7.58 7.62 7.63 7.83 8.08 8.27 8.38 8.46 8.53 8.59 8.65 8.62 8.63 8.71 8.84 8.92 8.95 8.93 9.00 9.04 9.05 9.05 9.09 9.10 9.07 9.12 9.12 9.15 9.11 9.10 9.09
9.36 9.33 9.28 9.10 8.80 8.79 8.69 8.53 8.36 8.24 8.09 7.87 7.55 7.52 7.74 7.79 7.70 7.63 7.58 7.54 7.53 7.56 7.62 7.70 7.77 7.76 7.74 7.71 7.66 7.66 7.74 7.89 7.90 7.78 7.60 7.90 7.87 7.81 7.69 7.57 7.53 7.60 7.69 7.61 7.52 7.49 7.52 7.48 7.48 7.51 7.59 7.72 7.72 7.80 8.01 8.20 8.25 8.40 8.53 8.58 8.60 8.63 8.71 8.79 8.89 8.96 8.99 9.01 9.03 9.05 9.05 9.06 9.08 9.10 9.11 9.12 9.12 9.14 9.14 9.11 9.11
9.27 9.24 9.25 9.10 8.89 8.80 8.64 8.48 8.34 8.22 8.11 7.98 7.72 7.66 7.76 7.77 7.67 7.58 7.53 7.49 7.53 7.58 7.64 7.70 7.75 7.79 7.86 7.87 7.81 7.76 7.86 7.91 7.94 7.89 7.83 7.90 7.86 7.78 7.68 7.60 7.62 7.69 7.73 7.68 7.63 7.60 7.59 7.52 7.48 7.51 7.50 7.72 7.78 7.78 8.02 8.23 8.26 8.38 8.54 8.57 8.54 8.62 8.82 8.87 8.92 8.97 9.01 9.07 9.06 9.06 9.06 9.06 9.08 9.10 9.12 9.12 9.11 9.13 9.15 9.10 9.09
9.32 9.23 9.18 9.06 8.89 8.74 8.58 8.45 8.32 8.21 8.09 7.93 7.75 7.72 7.78 7.73 7.61 7.55 7.55 7.56 7.60 7.66 7.70 7.69 7.70 7.77 7.89 7.97 7.92 7.92 7.96 7.96 7.91 7.84 7.91 7.92 7.89 7.80 7.69 7.60 7.68 7.72 7.72 7.71 7.70 7.69 7.67 7.63 7.56 7.56 7.59 7.72 7.90 7.93 8.13 8.25 8.27 8.35 8.50 8.58 8.59 8.65 8.74 8.82 8.89 8.94 8.98 9.04 9.07 9.07 9.08 9.09 9.09 9.09 9.11 9.12 9.12 9.14 9.15 9.15 9.12
9.30 9.19 9.10 8.99 8.83 8.69 8.54 8.41 8.29 8.21 8.08 7.90 7.73 7.73 7.77 7.68 7.64 7.62 7.62 7.63 7.72 7.78 7.79 7.72 7.64 7.75 7.87 7.97 7.97 8.00 7.99 7.99 7.90 7.95 7.95 7.94 7.94 7.84 7.78 7.76 7.77 7.73 7.70 7.65 7.69 7.70 7.73 7.73 7.69 7.66 7.65 7.70 7.89 8.06 8.19 8.22 8.21 8.27 8.49 8.62 8.66 8.69 8.70 8.76 8.88 8.95 8.98 9.01 9.05 9.07 9.07 9.09 9.10 9.09 9.13 9.14 9.13 9.14 9.14 9.15 9.12
9.25 9.12 8.99 8.86 8.74 8.62 8.47 8.33 8.23 8.15 8.03 7.94 7.94 7.83 7.71 7.64 7.78 7.83 7.72 7.76 7.85 7.90 7.88 7.81 7.77 7.85 7.94 7.99 8.00 7.96 7.86 7.95 7.92 7.93 7.96 7.98 7.94 7.72 7.89 7.86 7.71 7.70 7.67 7.64 7.69 7.74 7.75 7.78 7.81 7.75 7.74 7.78 7.94 8.10 8.19 8.19 8.31 8.39 8.52 8.65 8.74 8.78 8.81 8.85 8.92 8.97 8.99 9.00 9.03 9.04 9.02 9.05 9.10 9.11 9.12 9.13 9.13 9.14 9.14 9.12 9.14
9.23 9.07 8.89 8.75 8.67 8.58 8.43 8.27 8.19 8.08 7.98 7.97 8.08 8.01 7.96 7.87 7.93 7.96 7.82 7.75 7.90 7.97 7.96 7.91 7.76 7.85 8.03 8.03 7.96 7.91 7.91 7.88 7.92 7.92 7.98 8.02 8.02 8.00 7.99 7.85 7.76 7.78 7.70 7.66 7.68 7.77 7.71 7.76 7.86 7.90 7.84 7.86 8.02 8.13 8.30 8.39 8.47 8.46 8.54 8.64 8.72 8.83 8.91 8.97 8.98 9.01 9.01 9.03 9.04 9.06 8.94 9.04 9.10 9.11 9.12 9.13 9.11 9.12 9.12 9.12 9.13
9.18 9.08 8.91 8.76 8.65 8.51 8.45 8.39 8.23 8.09 8.02 8.04 8.08 8.08 8.07 8.02 8.02 8.02 7.93 7.86 7.91 7.99 8.05 8.02 7.93 7.96 8.05 8.06 8.01 7.96 7.93 7.87 7.84 7.94 8.03 8.05 8.07 8.07 8.07 7.99 7.95 7.93 7.87 7.84 7.80 7.83 7.80 7.85 7.94 7.97 7.96 7.97 8.02 8.09 8.25 8.35 8.51 8.46 8.48 8.62 8.69 8.84 8.94 8.99 9.01 9.04 9.04 9.05 9.05 9.08 9.05 9.08 9.11 9.11 9.11 9.11 9.10 9.11 9.11 9.12 9.11
9.11 9.07 9.01 8.90 8.68 8.47 8.50 8.50 8.32 8.17 8.11 8.10 8.11 8.12 8.14 8.11 8.09 8.08 8.01 7.98 7.95 7.99 8.08 8.09 8.05 8.06 8.09 8.07 8.04 7.98 7.92 7.84 7.85 7.99 8.09 8.10 8.09 8.11 8.14 8.15 8.11 8.10 8.05 8.02 7.99 7.95 7.94 8.03 8.03 8.04 8.04 8.06 8.11 8.19 8.29 8.39 8.56 8.60 8.65 8.74 8.81 8.90 8.98 9.02 9.04 9.07 9.06 9.08 9.06 9.07 9.10 9.10 9.11 9.11 9.11 9.11 9.10 9.09 9.09 9.11 9.11
9.03 9.02 9.00 8.93 8.79 8.66 8.59 8.55 8.43 8.33 8.26 8.19 8.16 8.16 8.17 8.15 8.14 8.12 8.07 8.05 8.02 7.90 8.11 8.10 8.11 8.10 8.10 8.08 8.05 7.99 7.89 7.85 7.96 8.08 8.14 8.17 8.18 8.20 8.20 8.21 8.22 8.23 8.19 8.15 8.11 8.07 8.00 7.99 8.07 8.11 8.09 8.07 8.13 8.26 8.41 8.48 8.51 8.60 8.69 8.76 8.81 8.90 9.00 9.04 9.07 9.04 9.01 9.07 9.06 9.07 9.09 9.11 9.12 9.12 9.12 9.12 9.09 9.06 9.08 9.11 9.11
8.95 8.94 8.92 8.91 8.85 8.77 8.66 8.61 8.53 8.48 8.40 8.28 8.20 8.21 8.22 8.15 8.15 8.13 8.07 8.09 8.14 7.08 7.99 8.18 8.14 8.12 8.11 8.07 8.00 7.98 7.96 7.95 8.10 8.17 8.19 8.24 8.25 8.27 8.25 8.27 8.26 8.26 8.27 8.27 8.25 8.21 8.12 8.07 8.12 8.23 8.21 8.22 8.25 8.39 8.50 8.57 8.52 8.58 8.62 8.69 8.68 8.87 9.00 9.06 9.05 9.05 8.86 9.06 9.04 9.06 9.09 9.11 9.11 9.08 9.11 9.14 9.07 9.03 9.06 9.11 9.12
8.70 8.86 8.80 8.84 8.82 8.79 8.72 8.65 8.59 8.52 8.44 8.36 8.31 8.24 8.14 8.08 8.10 8.13 8.17 8.13 8.18 8.16 8.18 8.22 8.22 8.17 8.11 8.05 8.00 8.03 8.11 8.18 8.22 8.26 8.26 8.32 8.30 8.35 8.36 8.32 8.28 8.27 8.32 8.33 8.37 8.37 8.32 8.21 8.26 8.36 8.38 8.40 8.42 8.47 8.57 8.57 8.57 8.73 8.74 8.80 8.80 8.95 9.01 9.08 8.93 8.80 8.89 9.10 9.10 9.08 9.09 9.10 9.07 9.02 9.09 9.14 9.13 9.04 9.08 9.16 9.15
8.66 8.74 8.78 8.70 8.69 8.72 8.61 8.63 8.59 8.54 8.45 8.37 8.37 8.22 8.13 8.11 8.06 8.13 8.19 8.19 8.21 8.23 8.26 8.28 8.28 8.21 8.12 8.07 8.09 8.12 8.17 8.26 8.30 8.36 8.34 8.41 8.41 8.41 8.46 8.40 8.32 8.30 8.39 8.43 8.45 8.51 8.51 8.45 8.48 8.51 8.54 8.60 8.58 8.61 8.61 8.61 8.68 8.67 8.79 8.91 8.92 9.03 9.06 9.05 8.89 8.92 9.06 9.15 9.14 9.10 9.07 9.10 9.09 9.07 9.08 9.10 9.18 9.15 9.12 9.26 9.10
8.73 8.72 8.71 8.59 8.56 8.62 8.60 8.64 8.60 8.53 8.46 8.33 8.25 8.20 8.23 8.22 8.18 8.19 8.21 8.22 8.23 8.18 8.22 8.33 8.35 8.23 8.17 8.20 8.22 8.21 8.23 8.32 8.42 8.46 8.41 8.44 8.53 8.56 8.56 8.56 8.50 8.49 8.55 8.58 8.62 8.63 8.54 8.54 8.61 8.62 8.68 8.69 8.70 8.72 8.72 8.73 8.75 8.72 8.80 8.92 9.01 9.03 9.06 9.06 9.00 9.04 8.96 9.12 9.16 9.13 9.11 9.12 9.12 9.08 9.08 9.10 9.19 9.20 9.14 9.27 9.50
8.88 8.77 8.71 8.66 8.59 8.55 8.66 8.59 8.49 8.51 8.47 8.32 8.18 8.16 8.19 8.25 8.28 8.26 8.25 8.26 8.28 8.29 8.35 8.40 8.43 8.37 8.38 8.40 8.38 8.34 8.27 8.38 8.44 8.53 8.58 8.57 8.61 8.67 8.68 8.69 8.68 8.68 8.69 8.72 8.76 8.76 8.73 8.72 8.73 8.75 8.77 8.77 8.78 8.80 8.82 8.86 8.89 8.87 8.89 8.94 9.07 9.10 9.04 8.95 9.06 9.12 9.13 9.16 9.17 9.14 9.12 9.12 9.13 9.12 9.10 9.08 9.15 9.19 9.41 9.54 9.58
8.91 8.79 8.72 8.72 8.72 8.70 8.72 8.56 8.40 8.43 8.46 8.34 8.10 8.12 8.20 8.27 8.31 8.31 8.28 8.27 8.31 8.36 8.41 8.43 8.52 8.50 8.53 8.55 8.54 8.53 8.50 8.53 8.57 8.63 8.71 8.72 8.68 8.77 8.77 8.80 8.85 8.85 8.83 8.83 8.87 8.89 8.91 8.89 8.85 8.85 8.83 8.83 8.84 8.86 8.88 8.92 8.96 8.98 8.99 9.03 9.03 9.14 9.14 9.16 9.18 9.21 9.21 9.17 9.18 9.14 9.08 9.09 9.13 9.14 9.16 9.19 9.18 9.16 9.44 9.58 9.61
8.77 8.74 8.75 8.71 8.67 8.68 8.70 8.70 8.52 8.41 8.45 8.47 8.33 8.22 8.28 8.32 8.35 8.34 8.26 8.26 8.35 8.38 8.49 8.55 8.61 8.60 8.60 8.67 8.67 8.70 8.68 8.69 8.70 8.72 8.79 8.85 8.85 8.85 8.87 8.90 8.94 8.91 8.99 8.98 9.00 9.02 8.99 8.99 8.99 8.99 8.96 8.98 8.97 8.96 8.91 8.96 9.01 9.04 9.08 9.10 9.07 9.20 9.22 9.23 9.25 9.25 9.23 9.19 9.14 9.16 9.03 9.02 9.09 9.14 9.18 9.28 9.38 9.52 9.59 9.59 9.61
8.84 8.84 8.86 8.58 8.60 8.66 8.73 8.75 8.70 8.54 8.47 8.55 8.54 8.50 8.44 8.37 8.36 8.34 8.27 8.31 8.41 8.47 8.53 8.59 8.65 8.74 8.76 8.76 8.77 8.81 8.80 8.81 8.83 8.84 8.87 8.94 8.97 8.98 8.99 8.97 8.89 8.80 9.05 9.11 9.11 9.10 9.07 9.04 8.96 8.96 9.08 9.01 8.97 8.99 8.97 9.02 9.09 9.12 9.21 9.24 9.24 9.26 9.27 9.28 9.28 9.26 9.24 9.20 9.10 9.16 8.99 8.74 8.97 9.12 9.12 9.10 9.23 9.49 9.61 9.62 9.62
9.03 9.01 8.84 8.66 8.71 8.83 8.87 8.84 8.63 8.59 8.63 8.62 8.58 8.60 8.53 8.42 8.39 8.36 8.36 8.51 8.51 8.47 8.58 8.62 8.63 8.74 8.88 8.86 8.87 8.90 8.90 8.90 8.93 8.97 9.00 9.02 9.03 9.09 9.12 9.14 9.14 9.16 9.17 9.20 9.19 9.21 9.18 8.92 8.85 8.97 9.19 9.02 8.96 9.06 9.07 9.14 9.21 9.17 9.02 9.44 9.34 9.27 9.29 9.32 9.27 9.22 9.16 8.98 8.64 8.93 9.14 8.14 8.86 9.19 9.14 9.14 9.45 9.56 9.62 9.62 9.62
