main/data/pressure/30.10.2023.grid
ncols 886
nrows 691
xllcenter 112.0000
yllcenter -44.5000
cellsize 0.0500
nodata_value 99999.90
[rows 180 to 215 of 691, columns 0 to 80 of 886]
21.25 21.18 21.11 21.05 21.01 21.01 21.07 21.13 21.19 21.25 21.33 21.39 21.46 21.53 21.60 21.67 21.75 21.82 21.89 21.96 22.05 22.12 22.20 22.28 22.37 22.45 22.53 22.61 22.70 22.79 22.87 22.96 23.05 23.14 23.23 23.33 23.42 23.51 23.61 23.70 23.80 23.90 24.00 24.09 24.20 24.30 24.40 24.50 24.60 24.70 24.81 24.92 25.02 25.13 25.24 25.34 25.45 25.55 25.65 25.77 25.87 25.98 26.08 26.19 26.30 26.40 26.51 26.61 26.72 26.83 26.93 27.03 27.15 27.25 27.36 27.47 27.58 27.69 27.80 27.90 28.01
21.04 20.97 20.89 20.84 20.83 20.89 20.95 21.01 21.07 21.13 21.20 21.26 21.34 21.40 21.47 21.54 21.61 21.68 21.76 21.84 21.91 21.99 22.07 22.15 22.23 22.32 22.40 22.48 22.56 22.65 22.74 22.82 22.91 23.00 23.10 23.19 23.28 23.38 23.47 23.57 23.66 23.76 23.86 23.96 24.06 24.16 24.26 24.36 24.46 24.57 24.67 24.78 24.88 24.99 25.09 25.19 25.30 25.40 25.52 25.62 25.73 25.84 25.95 26.05 26.15 26.26 26.36 26.47 26.58 26.67 26.78 26.89 26.99 27.10 27.20 27.31 27.41 27.52 27.64 27.75 27.85
20.83 20.75 20.68 20.66 20.70 20.76 20.82 20.88 20.95 21.01 21.07 21.14 21.20 21.27 21.34 21.42 21.49 21.56 21.63 21.71 21.78 21.86 21.93 22.02 22.10 22.18 22.27 22.35 22.43 22.51 22.61 22.69 22.78 22.87 22.95 23.05 23.15 23.24 23.33 23.43 23.53 23.62 23.72 23.81 23.92 24.02 24.12 24.22 24.33 24.43 24.53 24.63 24.74 24.84 24.95 25.06 25.16 25.27 25.38 25.48 25.59 25.70 25.80 25.91 26.01 26.12 26.22 26.33 26.43 26.53 26.64 26.74 26.85 26.95 27.05 27.16 27.27 27.38 27.48 27.59 27.70
20.61 20.53 20.49 20.52 20.58 20.64 20.70 20.76 20.82 20.88 20.94 21.01 21.08 21.15 21.22 21.28 21.36 21.43 21.50 21.57 21.66 21.73 21.81 21.88 21.97 22.05 22.12 22.21 22.30 22.38 22.46 22.55 22.64 22.73 22.82 22.91 23.01 23.10 23.20 23.29 23.39 23.48 23.58 23.67 23.78 23.88 23.98 24.08 24.19 24.29 24.39 24.50 24.61 24.70 24.81 24.92 25.02 25.13 25.24 25.34 25.45 25.56 25.67 25.77 25.87 25.99 26.09 26.19 26.29 26.40 26.50 26.60 26.70 26.81 26.91 27.02 27.13 27.23 27.34 27.45 27.56
20.38 20.32 20.34 20.39 20.45 20.51 20.58 20.64 20.70 20.76 20.82 20.89 20.95 21.02 21.09 21.16 21.23 21.30 21.38 21.45 21.52 21.59 21.68 21.75 21.83 21.91 22.00 22.07 22.16 22.25 22.33 22.41 22.51 22.60 22.68 22.77 22.86 22.96 23.06 23.15 23.25 23.35 23.44 23.55 23.64 23.74 23.84 23.94 24.05 24.15 24.26 24.36 24.47 24.57 24.68 24.78 24.89 25.00 25.10 25.21 25.33 25.43 25.54 25.64 25.75 25.86 25.96 26.06 26.17 26.26 26.37 26.48 26.58 26.67 26.78 26.89 26.99 27.10 27.21 27.32 27.43
20.17 20.17 20.22 20.28 20.33 20.39 20.45 20.51 20.57 20.63 20.70 20.77 20.83 20.89 20.96 21.03 21.09 21.17 21.24 21.31 21.38 21.47 21.54 21.61 21.70 21.78 21.86 21.94 22.02 22.11 22.20 22.28 22.37 22.45 22.55 22.64 22.73 22.82 22.92 23.02 23.11 23.21 23.31 23.41 23.50 23.60 23.71 23.80 23.91 24.01 24.12 24.22 24.33 24.44 24.55 24.66 24.76 24.88 24.98 25.09 25.20 25.30 25.41 25.51 25.63 25.73 25.83 25.94 26.05 26.15 26.25 26.35 26.45 26.56 26.66 26.77 26.87 26.97 27.08 27.19 27.31
20.00 20.05 20.10 20.16 20.22 20.27 20.33 20.39 20.45 20.51 20.57 20.63 20.70 20.76 20.84 20.90 20.97 21.04 21.11 21.19 21.26 21.33 21.40 21.49 21.56 21.64 21.73 21.80 21.88 21.98 22.06 22.14 22.23 22.32 22.41 22.50 22.59 22.68 22.78 22.87 22.96 23.07 23.17 23.27 23.36 23.46 23.57 23.67 23.77 23.88 23.98 24.09 24.20 24.30 24.41 24.53 24.64 24.75 24.86 24.97 25.08 25.19 25.29 25.41 25.51 25.62 25.73 25.83 25.93 26.04 26.14 26.24 26.34 26.45 26.55 26.65 26.76 26.87 26.98 27.10 27.21
19.88 19.93 19.98 20.03 20.09 20.15 20.20 20.26 20.32 20.38 20.45 20.52 20.58 20.64 20.71 20.77 20.84 20.92 20.98 21.05 21.12 21.20 21.28 21.35 21.44 21.51 21.59 21.68 21.75 21.83 21.93 22.01 22.09 22.19 22.27 22.36 22.46 22.55 22.64 22.73 22.83 22.93 23.03 23.13 23.23 23.33 23.43 23.54 23.64 23.75 23.85 23.97 24.07 24.18 24.30 24.40 24.52 24.63 24.75 24.86 24.96 25.08 25.19 25.30 25.41 25.52 25.63 25.73 25.83 25.93 26.04 26.14 26.25 26.35 26.45 26.55 26.66 26.77 26.89 27.01 27.12
19.76 19.81 19.87 19.92 19.98 20.03 20.09 20.15 20.20 20.26 20.32 20.39 20.45 20.51 20.57 20.65 20.72 20.78 20.85 20.93 21.00 21.07 21.14 21.22 21.30 21.37 21.46 21.54 21.61 21.70 21.78 21.88 21.96 22.04 22.14 22.23 22.31 22.40 22.51 22.60 22.69 22.79 22.89 22.99 23.10 23.19 23.29 23.40 23.51 23.61 23.73 23.84 23.95 24.06 24.17 24.29 24.40 24.52 24.63 24.75 24.87 24.99 25.09 25.20 25.32 25.43 25.54 25.64 25.75 25.85 25.96 26.06 26.16 26.26 26.37 26.47 26.58 26.70 26.81 26.94 27.06
19.65 19.70 19.75 19.80 19.85 19.91 19.96 20.02 20.08 20.14 20.20 20.27 20.33 20.39 20.45 20.52 20.58 20.65 20.73 20.80 20.86 20.93 21.02 21.09 21.16 21.25 21.32 21.40 21.49 21.56 21.65 21.74 21.82 21.91 22.00 22.09 22.18 22.27 22.36 22.46 22.56 22.65 22.75 22.86 22.96 23.05 23.16 23.27 23.38 23.49 23.60 23.71 23.83 23.95 24.07 24.18 24.30 24.41 24.54 24.66 24.78 24.89 25.02 25.13 25.25 25.36 25.47 25.57 25.68 25.78 25.89 25.99 26.10 26.21 26.30 26.41 26.53 26.64 26.77 26.89 27.02
19.52 19.58 19.63 19.68 19.74 19.79 19.85 19.90 19.96 20.02 20.08 20.14 20.20 20.26 20.32 20.39 20.45 20.53 20.59 20.66 20.73 20.81 20.88 20.95 21.04 21.11 21.18 21.27 21.35 21.42 21.51 21.59 21.69 21.77 21.86 21.95 22.04 22.14 22.23 22.33 22.42 22.52 22.62 22.72 22.82 22.92 23.03 23.14 23.25 23.37 23.48 23.60 23.71 23.83 23.95 24.08 24.21 24.33 24.45 24.57 24.70 24.83 24.94 25.06 25.18 25.30 25.41 25.52 25.63 25.74 25.85 25.95 26.05 26.16 26.27 26.37 26.49 26.61 26.73 26.87 27.01
19.41 19.47 19.52 19.56 19.61 19.67 19.72 19.78 19.84 19.89 19.95 20.01 20.07 20.13 20.20 20.27 20.33 20.40 20.46 20.53 20.61 20.68 20.75 20.82 20.90 20.97 21.06 21.13 21.21 21.30 21.37 21.46 21.55 21.64 21.72 21.81 21.90 21.99 22.09 22.18 22.28 22.38 22.48 22.58 22.69 22.80 22.90 23.01 23.13 23.24 23.37 23.48 23.60 23.73 23.86 23.99 24.11 24.25 24.38 24.51 24.64 24.76 24.90 25.02 25.15 25.26 25.38 25.49 25.61 25.71 25.82 25.93 26.03 26.13 26.25 26.36 26.47 26.61 26.74 26.87 27.02
19.29 19.34 19.40 19.45 19.50 19.56 19.61 19.67 19.71 19.77 19.83 19.89 19.95 20.02 20.08 20.14 20.20 20.27 20.33 20.41 20.48 20.54 20.61 20.69 20.76 20.84 20.92 20.99 21.08 21.16 21.25 21.32 21.42 21.50 21.58 21.68 21.76 21.86 21.95 22.05 22.14 22.24 22.35 22.45 22.55 22.66 22.77 22.89 23.00 23.13 23.25 23.37 23.51 23.63 23.77 23.90 24.04 24.18 24.32 24.46 24.60 24.73 24.86 25.00 25.12 25.25 25.37 25.48 25.60 25.70 25.82 25.92 26.03 26.14 26.25 26.36 26.48 26.62 26.76 26.90 27.07
19.18 19.24 19.29 19.33 19.38 19.43 19.49 19.54 19.60 19.65 19.71 19.77 19.83 19.89 19.95 20.01 20.07 20.14 20.20 20.28 20.34 20.41 20.49 20.56 20.63 20.70 20.78 20.86 20.94 21.02 21.11 21.19 21.28 21.36 21.45 21.53 21.63 21.72 21.82 21.91 22.01 22.11 22.21 22.32 22.43 22.54 22.66 22.76 22.89 23.01 23.14 23.28 23.41 23.55 23.69 23.83 23.97 24.12 24.27 24.41 24.56 24.71 24.85 24.99 25.12 25.25 25.38 25.50 25.61 25.73 25.83 25.94 26.05 26.16 26.27 26.39 26.52 26.66 26.80 26.97 27.14
19.07 19.12 19.17 19.22 19.27 19.31 19.36 19.42 19.47 19.53 19.59 19.64 19.70 19.76 19.82 19.88 19.94 20.01 20.07 20.15 20.21 20.28 20.36 20.43 20.50 20.58 20.65 20.72 20.81 20.88 20.97 21.05 21.14 21.22 21.31 21.39 21.49 21.59 21.68 21.78 21.87 21.98 22.08 22.18 22.30 22.41 22.53 22.66 22.78 22.91 23.04 23.18 23.33 23.47 23.62 23.77 23.93 24.09 24.24 24.40 24.55 24.71 24.86 25.00 25.15 25.28 25.41 25.53 25.66 25.77 25.88 25.98 26.10 26.21 26.32 26.44 26.58 26.72 26.88 27.06 27.25
18.96 19.01 19.05 19.10 19.15 19.20 19.25 19.30 19.35 19.41 19.46 19.52 19.58 19.64 19.69 19.76 19.82 19.88 19.95 20.02 20.08 20.15 20.21 20.29 20.36 20.44 20.51 20.59 20.67 20.74 20.83 20.91 21.00 21.09 21.17 21.26 21.35 21.45 21.54 21.64 21.74 21.84 21.95 22.06 22.18 22.29 22.41 22.54 22.67 22.81 22.95 23.09 23.24 23.40 23.56 23.72 23.89 24.06 24.23 24.40 24.56 24.73 24.89 25.04 25.20 25.33 25.47 25.60 25.72 25.83 25.95 26.05 26.16 26.27 26.39 26.51 26.65 26.81 26.98 27.16 27.34
18.84 18.89 18.94 18.98 19.03 19.08 19.13 19.19 19.24 19.28 19.34 19.40 19.45 19.51 19.57 19.63 19.69 19.75 19.82 19.89 19.95 20.02 20.08 20.16 20.23 20.30 20.38 20.45 20.53 20.61 20.69 20.77 20.86 20.95 21.03 21.12 21.21 21.31 21.40 21.50 21.60 21.71 21.81 21.93 22.04 22.17 22.29 22.42 22.57 22.71 22.86 23.02 23.18 23.34 23.51 23.69 23.87 24.05 24.23 24.41 24.59 24.77 24.94 25.10 25.26 25.41 25.55 25.68 25.81 25.91 26.03 26.13 26.23 26.34 26.45 26.57 26.70 26.85 27.01 27.15 27.31
18.74 18.77 18.82 18.87 18.91 18.96 19.01 19.07 19.12 19.17 19.22 19.27 19.33 19.39 19.44 19.50 19.56 19.62 19.70 19.76 19.82 19.89 19.95 20.03 20.10 20.17 20.25 20.32 20.40 20.47 20.56 20.63 20.72 20.81 20.89 20.98 21.08 21.17 21.27 21.37 21.47 21.58 21.69 21.80 21.92 22.04 22.18 22.32 22.47 22.62 22.77 22.94 23.11 23.29 23.48 23.66 23.86 24.05 24.25 24.45 24.64 24.83 25.01 25.18 25.35 25.50 25.65 25.76 25.87 25.98 26.07 26.15 26.22 26.28 26.36 26.46 26.56 26.67 26.81 26.94 27.08
18.62 18.67 18.71 18.76 18.80 18.84 18.90 18.95 19.00 19.05 19.10 19.15 19.21 19.26 19.32 19.38 19.44 19.50 19.56 19.62 19.69 19.76 19.82 19.89 19.97 20.03 20.11 20.18 20.26 20.34 20.42 20.50 20.58 20.67 20.75 20.85 20.93 21.03 21.13 21.23 21.33 21.44 21.56 21.68 21.80 21.93 22.06 22.21 22.36 22.53 22.70 22.87 23.06 23.25 23.45 23.65 23.86 24.07 24.29 24.50 24.70 24.91 25.10 25.28 25.44 25.57 25.69 25.75 25.80 25.86 25.91 25.95 26.01 26.07 26.14 26.21 26.31 26.41 26.53 26.67 26.81
18.52 18.56 18.60 18.64 18.69 18.74 18.78 18.83 18.88 18.93 18.98 19.03 19.08 19.14 19.20 19.25 19.31 19.37 19.43 19.49 19.56 19.63 19.69 19.76 19.82 19.90 19.97 20.05 20.12 20.20 20.28 20.36 20.45 20.53 20.62 20.71 20.79 20.89 20.99 21.09 21.20 21.31 21.42 21.55 21.68 21.81 21.96 22.11 22.27 22.45 22.62 22.81 23.01 23.21 23.43 23.66 23.88 24.11 24.34 24.56 24.79 24.99 25.18 25.33 25.41 25.47 25.52 25.56 25.60 25.63 25.67 25.70 25.76 25.80 25.87 25.94 26.02 26.13 26.25 26.38 26.53
18.41 18.44 18.49 18.54 18.57 18.62 18.67 18.71 18.76 18.81 18.86 18.91 18.96 19.02 19.07 19.13 19.19 19.25 19.31 19.37 19.43 19.49 19.55 19.63 19.69 19.76 19.84 19.91 19.99 20.06 20.14 20.23 20.30 20.39 20.48 20.56 20.65 20.75 20.85 20.96 21.07 21.17 21.29 21.42 21.56 21.70 21.85 22.01 22.18 22.36 22.55 22.75 22.97 23.19 23.43 23.66 23.90 24.15 24.39 24.63 24.85 25.02 25.11 25.17 25.23 25.27 25.30 25.33 25.36 25.39 25.42 25.46 25.49 25.53 25.59 25.65 25.74 25.83 25.95 26.08 26.22
18.29 18.34 18.38 18.42 18.46 18.51 18.55 18.59 18.64 18.70 18.74 18.79 18.84 18.90 18.95 19.00 19.07 19.11 19.17 19.24 19.30 19.36 19.43 19.49 19.57 19.63 19.70 19.78 19.84 19.93 20.00 20.08 20.17 20.25 20.33 20.42 20.52 20.62 20.72 20.82 20.92 21.04 21.16 21.29 21.43 21.58 21.74 21.91 22.09 22.28 22.49 22.70 22.93 23.17 23.41 23.67 23.92 24.19 24.44 24.66 24.77 24.86 24.91 24.96 25.00 25.04 25.08 25.09 25.12 25.15 25.16 25.19 25.21 25.26 25.29 25.36 25.43 25.52 25.63 25.76 25.91
18.19 18.23 18.26 18.31 18.36 18.39 18.44 18.48 18.53 18.58 18.62 18.67 18.72 18.78 18.82 18.88 18.93 18.99 19.05 19.11 19.17 19.23 19.30 19.36 19.43 19.49 19.57 19.63 19.71 19.78 19.86 19.95 20.02 20.11 20.20 20.29 20.37 20.47 20.57 20.68 20.79 20.91 21.03 21.17 21.31 21.46 21.63 21.81 22.00 22.20 22.42 22.64 22.89 23.14 23.40 23.68 23.95 24.21 24.40 24.51 24.58 24.64 24.69 24.74 24.78 24.81 24.84 24.86 24.87 24.89 24.90 24.91 24.93 24.96 24.99 25.05 25.11 25.20 25.30 25.42 25.58
18.09 18.12 18.16 18.20 18.24 18.28 18.33 18.36 18.41 18.45 18.50 18.55 18.60 18.65 18.70 18.76 18.81 18.87 18.93 18.98 19.04 19.10 19.16 19.23 19.29 19.36 19.43 19.50 19.57 19.65 19.72 19.80 19.89 19.96 20.05 20.14 20.23 20.33 20.43 20.54 20.65 20.77 20.90 21.04 21.19 21.34 21.52 21.70 21.90 22.11 22.34 22.59 22.84 23.11 23.39 23.68 23.94 24.11 24.22 24.30 24.36 24.42 24.46 24.52 24.54 24.57 24.60 24.61 24.62 24.63 24.63 24.64 24.64 24.66 24.69 24.72 24.77 24.86 24.96 25.08 25.22
17.98 18.01 18.05 18.09 18.13 18.17 18.21 18.25 18.30 18.34 18.39 18.43 18.48 18.53 18.58 18.63 18.68 18.74 18.79 18.85 18.91 18.97 19.03 19.10 19.16 19.22 19.29 19.36 19.43 19.51 19.58 19.66 19.74 19.82 19.90 19.99 20.09 20.19 20.29 20.39 20.51 20.63 20.76 20.90 21.06 21.22 21.40 21.59 21.80 22.02 22.26 22.52 22.79 23.08 23.38 23.64 23.80 23.91 23.99 24.06 24.13 24.18 24.24 24.27 24.31 24.33 24.34 24.36 24.36 24.36 24.35 24.34 24.34 24.34 24.36 24.39 24.43 24.50 24.59 24.70 24.85
17.87 17.91 17.94 17.98 18.02 18.06 18.09 18.14 18.18 18.22 18.27 18.31 18.36 18.40 18.46 18.51 18.56 18.62 18.66 18.72 18.78 18.83 18.89 18.96 19.03 19.09 19.16 19.23 19.29 19.37 19.44 19.52 19.60 19.67 19.76 19.85 19.94 20.04 20.14 20.25 20.36 20.49 20.63 20.77 20.92 21.09 21.28 21.48 21.69 21.92 22.18 22.45 22.73 23.03 23.30 23.47 23.58 23.67 23.75 23.82 23.89 23.95 24.00 24.03 24.06 24.08 24.09 24.10 24.08 24.07 24.06 24.05 24.02 24.02 24.02 24.04 24.07 24.13 24.21 24.32 24.46
17.77 17.81 17.84 17.87 17.91 17.95 17.98 18.03 18.06 18.11 18.15 18.20 18.24 18.29 18.34 18.38 18.43 18.49 18.54 18.60 18.65 18.71 18.77 18.83 18.89 18.95 19.01 19.09 19.15 19.23 19.30 19.37 19.45 19.53 19.61 19.70 19.79 19.89 19.99 20.10 20.21 20.35 20.48 20.62 20.79 20.96 21.14 21.35 21.57 21.81 22.08 22.36 22.65 22.92 23.11 23.23 23.33 23.42 23.50 23.58 23.64 23.70 23.74 23.78 23.81 23.83 23.83 23.83 23.81 23.79 23.76 23.73 23.70 23.68 23.67 23.67 23.70 23.74 23.81 23.91 24.04
17.67 17.70 17.73 17.76 17.81 17.84 17.87 17.92 17.95 17.99 18.04 18.08 18.12 18.16 18.21 18.27 18.32 18.36 18.41 18.47 18.52 18.58 18.64 18.70 18.76 18.82 18.88 18.95 19.01 19.09 19.15 19.23 19.30 19.38 19.47 19.55 19.64 19.74 19.84 19.95 20.06 20.19 20.33 20.47 20.64 20.81 21.01 21.21 21.45 21.69 21.95 22.24 22.52 22.73 22.86 22.96 23.07 23.15 23.24 23.32 23.38 23.44 23.49 23.53 23.55 23.56 23.57 23.55 23.52 23.49 23.46 23.41 23.36 23.33 23.31 23.29 23.30 23.33 23.40 23.49 23.61
17.57 17.60 17.63 17.66 17.70 17.73 17.77 17.80 17.84 17.88 17.93 17.96 18.01 18.05 18.09 18.14 18.19 18.23 18.29 18.34 18.39 18.45 18.51 18.56 18.62 18.68 18.74 18.80 18.87 18.94 19.01 19.08 19.16 19.24 19.32 19.41 19.48 19.59 19.69 19.79 19.90 20.03 20.17 20.31 20.48 20.65 20.85 21.06 21.29 21.54 21.81 22.09 22.31 22.45 22.57 22.68 22.78 22.88 22.97 23.05 23.12 23.18 23.23 23.26 23.28 23.29 23.28 23.26 23.23 23.19 23.14 23.05 23.02 22.96 22.92 22.89 22.88 22.91 22.95 23.04 23.15
17.47 17.49 17.52 17.55 17.60 17.63 17.66 17.69 17.74 17.77 17.81 17.85 17.89 17.93 17.98 18.02 18.07 18.12 18.16 18.21 18.27 18.32 18.38 18.43 18.49 18.55 18.61 18.67 18.74 18.80 18.86 18.94 19.01 19.08 19.16 19.25 19.33 19.42 19.52 19.62 19.74 19.86 19.99 20.14 20.30 20.48 20.67 20.88 21.12 21.38 21.63 21.88 22.04 22.16 22.28 22.39 22.50 22.60 22.69 22.76 22.84 22.90 22.95 22.99 23.00 23.01 23.00 22.98 22.94 22.88 22.81 22.69 22.66 22.59 22.53 22.48 22.46 22.46 22.50 22.57 22.68
17.37 17.39 17.42 17.45 17.49 17.52 17.55 17.59 17.62 17.65 17.70 17.73 17.77 17.82 17.85 17.90 17.94 17.99 18.03 18.09 18.14 18.18 18.24 18.29 18.35 18.40 18.46 18.53 18.59 18.65 18.72 18.78 18.86 18.93 19.00 19.08 19.17 19.26 19.35 19.46 19.57 19.68 19.82 19.96 20.12 20.29 20.48 20.69 20.93 21.17 21.41 21.59 21.73 21.86 21.97 22.09 22.20 22.30 22.39 22.47 22.55 22.60 22.66 22.69 22.71 22.73 22.71 22.68 22.62 22.56 22.47 22.38 22.28 22.19 22.11 22.05 22.00 21.99 22.01 22.07 22.18
17.27 17.29 17.32 17.35 17.38 17.41 17.45 17.48 17.51 17.55 17.58 17.62 17.66 17.70 17.73 17.78 17.82 17.87 17.91 17.96 18.01 18.05 18.11 18.16 18.22 18.27 18.33 18.38 18.44 18.51 18.57 18.64 18.70 18.78 18.85 18.92 19.00 19.09 19.18 19.28 19.38 19.50 19.63 19.76 19.91 20.09 20.26 20.47 20.69 20.93 21.12 21.27 21.41 21.54 21.67 21.77 21.89 21.99 22.08 22.17 22.24 22.31 22.36 22.40 22.42 22.42 22.41 22.38 22.31 22.23 22.12 22.01 21.90 21.78 21.68 21.59 21.53 21.50 21.51 21.56 21.65
17.18 17.20 17.22 17.25 17.28 17.31 17.34 17.37 17.40 17.43 17.48 17.51 17.54 17.58 17.62 17.66 17.70 17.75 17.79 17.83 17.88 17.93 17.98 18.02 18.07 18.13 18.18 18.25 18.30 18.36 18.42 18.49 18.55 18.62 18.69 18.75 18.83 18.91 19.00 19.10 19.19 19.30 19.42 19.55 19.70 19.86 20.03 20.22 20.43 20.63 20.79 20.94 21.08 21.21 21.33 21.45 21.56 21.67 21.76 21.85 21.92 21.99 22.04 22.09 22.11 22.11 22.10 22.05 21.99 21.89 21.77 21.63 21.50 21.36 21.23 21.12 21.04 20.99 20.99 21.02 21.10
17.08 17.11 17.13 17.15 17.18 17.21 17.24 17.27 17.30 17.33 17.36 17.39 17.43 17.46 17.51 17.54 17.58 17.63 17.66 17.70 17.75 17.80 17.84 17.89 17.94 18.00 18.05 18.10 18.16 18.21 18.27 18.33 18.39 18.46 18.51 18.59 18.66 18.73 18.81 18.90 18.99 19.09 19.20 19.32 19.45 19.60 19.77 19.95 20.14 20.31 20.46 20.60 20.73 20.87 20.99 21.11 21.23 21.33 21.43 21.52 21.60 21.66 21.72 21.76 21.79 21.80 21.79 21.74 21.66 21.54 21.40 21.24 21.07 20.92 20.76 20.64 20.53 20.47 20.44 20.46 20.53
16.99 17.01 17.03 17.06 17.08 17.11 17.14 17.17 17.20 17.23 17.26 17.29 17.32 17.36 17.39 17.42 17.46 17.49 17.54 17.58 17.63 17.67 17.71 17.75 17.80 17.86 17.91 17.96 18.01 18.06 18.11 18.17 18.23 18.28 18.35 18.41 18.48 18.55 18.61 18.70 18.78 18.86 18.97 19.07 19.20 19.32 19.47 19.64 19.80 19.96 20.10 20.24 20.39 20.52 20.65 20.76 20.88 20.99 21.08 21.17 21.24 21.31 21.37 21.42 21.45 21.46 21.45 21.42 21.33 21.19 21.01 20.82 20.64 20.45 20.27 20.12 20.00 19.92 19.87 19.87 19.93
16.90 16.92 16.93 16.96 16.99 17.01 17.03 17.06 17.09 17.12 17.15 17.18 17.21 17.24 17.27 17.31 17.34 17.38 17.42 17.46 17.49 17.54 17.58 17.63 17.67 17.71 17.76 17.81 17.86 17.91 17.96 18.01 18.07 18.12 18.18 18.23 18.29 18.35 18.41 18.48 18.55 18.62 18.71 18.80 18.91 19.03 19.15 19.30 19.45 19.60 19.75 19.89 20.03 20.16 20.29 20.40 20.52 20.62 20.72 20.81 20.88 20.95 21.00 21.05 21.09 21.10 21.10 21.06 20.95 20.78 20.60 20.39 20.18 19.96 19.76 19.59 19.45 19.34 19.28 19.28 19.31
