main/data/pressure/30.10.2023.grid
ncols 886
nrows 691
xllcenter 112.0000
yllcenter -44.5000
cellsize 0.0500
nodata_value 99999.90
[rows 288 to 323 of 691, columns 324 to 404 of 886]
3.64 3.51 3.34 3.25 3.34 3.45 3.51 3.52 3.49 3.45 3.49 3.45 3.41 3.38 3.35 3.32 3.30 3.31 3.30 3.27 3.26 3.26 3.28 3.28 3.29 3.29 3.28 3.28 3.30 3.30 3.32 3.32 3.34 3.35 3.38 3.41 3.45 3.48 3.48 3.49 3.49 3.47 3.45 3.43 3.41 3.39 3.36 3.35 3.31 3.27 3.25 3.16 3.01 3.24 3.28 3.23 3.21 3.21 3.26 3.33 3.38 3.40 3.39 3.38 3.36 3.34 3.40 3.30 3.26 3.23 3.22 3.22 3.18 3.05 3.02 3.03 2.98 3.13 3.25 3.30 3.31
3.68 3.58 3.41 3.29 3.39 3.48 3.53 3.54 3.52 3.50 3.50 3.43 3.39 3.38 3.35 3.31 3.26 3.30 3.28 3.24 3.25 3.25 3.25 3.26 3.26 3.27 3.27 3.27 3.31 3.28 3.30 3.31 3.33 3.33 3.36 3.38 3.42 3.41 3.46 3.48 3.50 3.51 3.51 3.49 3.46 3.44 3.43 3.45 3.40 3.35 3.35 3.35 3.23 3.25 3.33 3.38 3.29 3.20 3.35 3.49 3.48 3.48 3.46 3.50 3.47 3.47 3.46 3.35 3.37 3.37 3.32 3.36 3.29 3.20 3.17 3.12 2.84 2.94 3.24 3.27 3.26
3.66 3.54 3.46 3.42 3.49 3.54 3.56 3.54 3.52 3.52 3.50 3.42 3.37 3.35 3.33 3.30 3.28 3.27 3.25 3.22 3.22 3.22 3.21 3.23 3.24 3.25 3.20 3.30 3.31 3.29 3.28 3.30 3.33 3.33 3.35 3.38 3.40 3.42 3.44 3.47 3.49 3.50 3.50 3.49 3.49 3.48 3.47 3.46 3.45 3.44 3.44 3.43 3.39 3.39 3.42 3.46 3.43 3.42 3.46 3.52 3.53 3.52 3.52 3.54 3.54 3.55 3.54 3.47 3.42 3.37 3.39 3.43 3.38 3.33 3.29 3.26 3.23 3.12 3.16 3.17 3.12
3.64 3.47 3.52 3.58 3.58 3.58 3.54 3.44 3.31 3.27 3.42 3.39 3.36 3.32 3.30 3.27 3.26 3.25 3.22 3.18 3.18 3.15 3.16 3.19 3.20 3.21 2.87 3.22 3.23 3.26 3.24 3.26 3.33 3.30 3.32 3.37 3.40 3.42 3.43 3.45 3.47 3.48 3.50 3.50 3.51 3.51 3.50 3.47 3.49 3.50 3.51 3.51 3.52 3.53 3.51 3.60 3.59 3.62 3.58 3.56 3.56 3.55 3.57 3.58 3.59 3.59 3.58 3.54 3.45 3.34 3.44 3.50 3.47 3.41 3.40 3.39 3.36 3.30 3.26 3.23 3.17
3.67 3.58 3.58 3.61 3.58 3.56 3.52 3.38 3.00 2.28 2.72 3.36 3.34 3.32 3.28 3.24 3.22 3.21 3.17 3.12 3.13 3.13 3.09 3.10 3.16 2.82 1.87 2.20 2.93 3.09 3.16 3.23 3.32 3.29 3.30 3.33 3.37 3.40 3.42 3.43 3.44 3.46 3.47 3.49 3.50 3.51 3.52 3.52 3.53 3.54 3.56 3.57 3.58 3.59 3.58 3.63 3.66 3.65 3.64 3.62 3.62 3.61 3.62 3.62 3.63 3.64 3.63 3.60 3.55 3.49 3.54 3.57 3.55 3.54 3.51 3.48 3.45 3.42 3.40 3.36 3.34
3.70 3.64 3.59 3.57 3.53 3.49 3.48 3.42 3.20 2.91 2.93 3.30 3.31 3.30 3.27 3.20 3.20 3.18 3.12 3.05 3.08 3.10 3.04 2.95 3.12 3.05 2.15 3.10 3.08 3.01 3.12 3.18 3.32 3.24 3.26 3.30 3.34 3.38 3.39 3.40 3.41 3.43 3.45 3.46 3.47 3.50 3.51 3.53 3.55 3.57 3.60 3.61 3.63 3.64 3.64 3.68 3.70 3.68 3.68 3.67 3.67 3.67 3.67 3.67 3.67 3.67 3.67 3.66 3.66 3.62 3.62 3.62 3.63 3.62 3.58 3.54 3.50 3.49 3.47 3.45 3.44
3.68 3.60 3.55 3.51 3.48 3.44 3.43 3.41 3.37 3.29 3.20 3.26 3.27 3.26 3.23 3.17 3.17 3.11 3.08 3.06 3.06 3.07 3.08 3.05 3.09 3.05 2.87 3.12 3.18 3.18 3.24 3.30 3.26 3.21 3.23 3.27 3.31 3.34 3.36 3.37 3.39 3.41 3.42 3.43 3.45 3.47 3.48 3.51 3.54 3.57 3.58 3.63 3.66 3.68 3.69 3.71 3.73 3.72 3.72 3.72 3.73 3.71 3.66 3.64 3.72 3.72 3.71 3.71 3.68 3.65 3.67 3.66 3.67 3.66 3.61 3.55 3.53 3.54 3.53 3.51 3.52
3.66 3.57 3.51 3.44 3.43 3.37 3.34 3.30 3.26 3.18 3.15 3.17 3.23 3.21 3.18 3.05 2.88 3.07 3.07 3.06 3.05 3.05 3.08 3.07 3.09 3.05 3.05 3.11 3.14 3.18 3.22 3.15 3.15 3.13 3.18 3.26 3.29 3.31 3.32 3.34 3.36 3.37 3.40 3.42 3.43 3.45 3.47 3.50 3.53 3.58 3.60 3.65 3.68 3.71 3.73 3.75 3.77 3.77 3.76 3.78 3.78 3.76 3.67 3.54 3.76 3.77 3.76 3.76 3.72 3.59 3.68 3.71 3.70 3.68 3.66 3.64 3.62 3.59 3.55 3.57 3.56
3.65 3.57 3.50 3.44 3.40 3.34 3.29 3.22 3.12 3.03 3.03 3.07 3.20 3.17 3.10 2.55 2.04 3.10 3.08 3.05 3.06 3.05 2.99 2.95 3.01 3.04 3.06 3.08 3.10 3.13 3.13 3.11 3.11 3.11 3.16 3.22 3.25 3.28 3.29 3.32 3.33 3.35 3.37 3.39 3.41 3.44 3.47 3.50 3.53 3.57 3.60 3.64 3.69 3.72 3.75 3.77 3.79 3.80 3.79 3.81 3.82 3.82 3.78 3.66 3.82 3.82 3.81 3.81 3.79 3.73 3.74 3.73 3.69 3.67 3.71 3.71 3.71 3.68 3.66 3.67 3.65
3.66 3.58 3.52 3.44 3.37 3.32 3.26 3.17 3.05 2.87 2.93 2.97 3.09 3.13 2.89 2.16 1.42 2.98 3.03 3.01 3.01 2.98 2.91 2.80 2.90 2.98 3.02 3.07 3.07 3.08 3.08 3.08 3.07 3.10 3.14 3.18 3.22 3.24 3.27 3.30 3.30 3.32 3.34 3.37 3.40 3.42 3.46 3.49 3.53 3.57 3.60 3.64 3.69 3.74 3.76 3.78 3.81 3.83 3.83 3.86 3.86 3.85 3.86 3.85 3.86 3.86 3.86 3.86 3.84 3.80 3.76 3.69 3.70 3.72 3.73 3.71 3.74 3.71 3.69 3.67 3.66
3.64 3.59 3.51 3.37 3.31 3.29 3.26 3.20 3.10 3.01 2.97 2.99 3.06 3.09 2.77 2.28 2.20 2.85 2.95 2.97 2.97 2.93 2.93 2.89 2.87 2.89 2.95 3.02 3.02 3.02 3.03 3.03 3.02 3.04 3.09 3.15 3.18 3.20 3.23 3.25 3.26 3.29 3.31 3.34 3.37 3.41 3.45 3.49 3.53 3.57 3.60 3.64 3.68 3.72 3.76 3.79 3.81 3.85 3.87 3.88 3.89 3.88 3.90 3.90 3.90 3.90 3.90 3.88 3.85 3.83 3.78 3.72 3.75 3.74 3.65 3.56 3.65 3.63 3.59 3.58 3.60
3.45 3.46 3.32 3.16 3.18 3.22 3.23 3.21 3.17 3.13 3.03 3.01 3.05 3.06 2.71 2.28 2.21 2.84 2.84 2.87 2.76 2.67 2.77 2.84 2.84 2.80 2.88 2.97 2.97 2.97 2.97 2.98 2.97 2.97 3.05 3.12 3.15 3.18 3.19 3.20 3.22 3.25 3.28 3.33 3.35 3.38 3.42 3.36 3.43 3.53 3.60 3.64 3.67 3.69 3.76 3.80 3.82 3.85 3.87 3.90 3.89 3.91 3.92 3.94 3.93 3.90 3.92 3.87 3.81 3.84 3.81 3.79 3.75 3.70 3.55 3.29 3.32 3.52 3.60 3.62 3.62
3.08 3.14 2.40 2.88 3.08 3.17 3.19 3.16 3.14 3.10 3.01 2.97 3.01 3.01 2.62 2.02 2.43 2.70 2.68 2.64 2.60 2.54 2.68 2.80 2.83 2.80 2.80 2.86 2.90 2.91 2.91 2.93 2.95 2.97 3.03 3.07 3.09 3.12 3.15 3.17 3.19 3.23 3.25 3.30 3.34 3.36 3.30 3.04 3.25 3.48 3.58 3.63 3.65 3.71 3.77 3.80 3.83 3.84 3.87 3.88 3.88 3.89 3.90 3.92 3.91 3.90 3.91 3.82 3.68 3.79 3.82 3.76 3.68 3.58 3.57 3.56 3.55 3.57 3.61 3.58 3.65
3.30 3.40 3.33 3.13 3.11 3.14 3.15 3.10 3.08 3.07 3.02 2.93 2.98 2.94 2.73 2.48 2.57 2.61 2.56 2.51 2.57 2.63 2.71 2.78 2.78 2.76 2.73 2.77 2.85 2.86 2.85 2.88 2.92 2.97 3.02 3.05 3.08 3.09 3.10 3.12 3.15 3.20 3.23 3.27 3.31 3.34 3.32 3.11 3.29 3.54 3.58 3.61 3.63 3.73 3.79 3.83 3.84 3.84 3.87 3.88 3.88 3.88 3.89 3.90 3.89 3.91 3.90 3.86 3.69 3.83 3.80 3.74 3.69 3.69 3.70 3.71 3.72 3.62 3.41 3.17 3.58
3.51 3.46 3.34 3.21 3.16 3.16 3.14 3.11 3.07 3.04 3.03 3.02 2.98 2.92 2.80 2.69 2.68 2.66 2.64 2.62 2.61 2.66 2.66 2.71 2.72 2.69 2.67 2.69 2.77 2.80 2.80 2.83 2.87 2.92 2.95 2.99 3.03 3.05 3.07 3.10 3.14 3.18 3.20 3.26 3.30 3.34 3.37 3.35 3.44 3.54 3.56 3.57 3.63 3.72 3.76 3.81 3.84 3.85 3.88 3.88 3.88 3.89 3.89 3.89 3.88 3.86 3.86 3.88 3.80 3.79 3.76 3.71 3.71 3.74 3.77 3.80 3.80 3.72 3.49 3.26 3.59
3.57 3.46 3.36 3.24 3.20 3.18 3.17 3.15 3.08 3.03 2.99 2.95 2.95 2.92 2.86 2.82 2.76 2.71 2.63 2.57 2.56 2.53 2.60 2.67 2.66 2.63 2.61 2.60 2.67 2.73 2.72 2.75 2.77 2.81 2.83 2.89 2.97 3.02 3.05 3.08 3.13 3.16 3.20 3.25 3.28 3.34 3.38 3.38 3.40 3.48 3.55 3.60 3.68 3.74 3.77 3.82 3.85 3.86 3.89 3.88 3.88 3.89 3.89 3.90 3.88 3.87 3.86 3.88 3.82 3.84 3.78 3.68 3.73 3.74 3.75 3.70 3.82 3.81 3.76 3.77 3.78
3.60 3.51 3.41 3.31 3.27 3.24 3.21 3.18 3.12 3.03 2.97 2.93 2.90 2.86 2.82 2.78 2.72 2.66 2.60 2.55 2.56 2.57 2.60 2.62 2.63 2.61 2.58 2.57 2.58 2.59 2.60 2.61 2.64 2.65 2.68 2.84 2.96 3.01 3.04 3.07 3.10 3.14 3.18 3.23 3.27 3.33 3.36 3.38 3.40 3.49 3.55 3.47 3.53 3.65 3.67 3.80 3.86 3.88 3.90 3.89 3.88 3.88 3.88 3.88 3.86 3.87 3.87 3.85 3.81 3.85 3.82 3.78 3.80 3.80 3.80 3.77 3.81 3.83 3.83 3.84 3.82
3.65 3.57 3.49 3.44 3.35 3.30 3.25 3.21 3.15 3.08 2.99 2.92 2.87 2.82 2.79 2.73 2.68 2.63 2.59 2.54 2.58 2.62 2.63 2.61 2.62 2.63 2.59 2.55 2.52 2.47 2.47 2.49 2.53 2.52 2.52 2.88 2.95 2.98 3.01 3.04 3.09 3.13 3.16 3.21 3.26 3.30 3.34 3.36 3.35 3.46 3.26 2.67 3.14 3.67 3.70 3.81 3.88 3.88 3.90 3.89 3.89 3.87 3.87 3.86 3.86 3.86 3.85 3.85 3.83 3.82 3.84 3.84 3.84 3.85 3.84 3.83 3.83 3.83 3.83 3.84 3.84
3.67 3.58 3.51 3.46 3.40 3.35 3.29 3.24 3.18 3.11 3.04 2.95 2.90 2.86 2.80 2.74 2.70 2.67 2.62 2.58 2.59 2.62 2.66 2.67 2.67 2.66 2.62 2.58 2.53 2.50 2.48 2.49 2.53 2.56 2.62 2.78 2.90 2.92 2.97 3.03 3.07 3.11 3.14 3.19 3.24 3.29 3.33 3.36 3.38 3.40 3.35 1.51 3.10 3.67 3.79 3.85 3.90 3.92 3.90 3.89 3.87 3.86 3.85 3.85 3.85 3.83 3.84 3.82 3.82 3.80 3.81 3.80 3.81 3.82 3.82 3.82 3.82 3.81 3.80 3.81 3.82
3.70 3.61 3.54 3.47 3.43 3.39 3.33 3.26 3.20 3.15 3.10 2.97 2.93 2.91 2.84 2.77 2.75 2.73 2.68 2.62 2.62 2.61 2.68 2.72 2.72 2.70 2.65 2.61 2.58 2.55 2.53 2.52 2.59 2.63 2.72 2.83 2.83 2.83 2.94 3.02 3.06 3.10 3.13 3.17 3.22 3.27 3.29 3.36 3.38 3.40 3.45 3.48 3.66 3.66 3.79 3.68 3.10 3.31 3.94 3.88 3.85 3.84 3.84 3.85 3.84 3.82 3.81 3.80 3.81 3.80 3.79 3.80 3.80 3.80 3.80 3.81 3.80 3.78 3.76 3.76 3.77
3.75 3.67 3.60 3.54 3.47 3.42 3.36 3.31 3.24 3.17 3.11 3.01 2.95 2.90 2.87 2.84 2.82 2.79 2.75 2.71 2.69 2.68 2.73 2.77 2.74 2.69 2.67 2.64 2.64 2.62 2.61 2.62 2.65 2.70 2.77 2.75 2.78 2.85 2.96 3.02 2.98 3.10 3.14 3.16 3.23 3.24 3.19 3.27 3.34 3.40 3.48 3.54 3.61 3.64 3.76 3.65 3.25 3.44 3.87 3.91 3.83 3.83 3.83 3.82 3.82 3.80 3.79 3.79 3.80 3.80 3.80 3.79 3.74 3.75 3.71 3.78 3.78 3.77 3.73 3.69 3.75
3.80 3.74 3.66 3.60 3.52 3.43 3.38 3.34 3.28 3.20 3.12 3.05 2.98 2.90 2.92 2.92 2.90 2.86 2.83 2.80 2.77 2.76 2.80 2.82 2.75 2.68 2.69 2.68 2.70 2.70 2.68 2.67 2.67 2.70 2.70 2.65 2.75 2.84 2.95 3.00 2.51 3.05 3.13 3.11 3.22 3.24 2.95 3.18 3.30 3.34 3.39 3.37 3.49 3.50 3.65 3.68 3.63 3.86 3.88 3.83 3.81 3.81 3.82 3.80 3.79 3.79 3.78 3.79 3.80 3.78 3.79 3.76 3.65 3.61 3.37 3.71 3.76 3.73 3.70 3.69 3.72
3.80 3.75 3.69 3.63 3.55 3.47 3.41 3.35 3.29 3.23 3.17 3.10 3.04 3.00 2.98 2.98 2.96 2.94 2.90 2.87 2.85 2.85 2.86 2.83 2.77 2.72 2.73 2.75 2.75 2.72 2.69 2.67 2.65 2.66 2.69 2.70 2.76 2.88 2.70 1.75 1.49 2.72 3.07 3.15 3.21 3.10 2.99 3.22 3.24 3.32 3.38 3.44 3.51 3.55 3.60 3.63 3.67 3.79 3.83 3.82 3.81 3.79 3.79 3.79 3.78 3.77 3.77 3.78 3.77 3.77 3.77 3.74 3.58 3.49 2.37 3.73 3.72 3.62 3.63 3.65 3.67
3.77 3.76 3.71 3.65 3.59 3.48 3.43 3.37 3.31 3.27 3.21 3.15 3.11 3.10 3.06 3.05 3.02 3.00 2.95 2.91 2.91 2.92 2.90 2.85 2.80 2.74 2.76 2.81 2.79 2.73 2.72 2.68 2.67 2.69 2.72 2.77 2.84 2.90 2.91 2.89 2.29 2.97 2.95 3.09 3.20 3.09 3.08 3.18 3.11 3.30 3.31 3.43 3.48 3.51 3.59 3.62 3.64 3.70 3.77 3.79 3.79 3.77 3.77 3.77 3.76 3.76 3.75 3.73 3.74 3.73 3.72 3.73 3.68 3.52 3.26 3.63 3.69 3.63 3.60 3.60 3.62
3.64 3.68 3.68 3.66 3.63 3.53 3.48 3.42 3.38 3.30 3.24 3.19 3.14 3.13 3.12 3.10 3.08 3.04 3.00 2.99 2.98 2.96 2.93 2.90 2.86 2.83 2.83 2.86 2.83 2.80 2.78 2.77 2.76 2.77 2.80 2.83 2.86 2.90 2.99 2.82 2.20 1.81 2.39 2.96 3.20 3.07 2.98 2.92 2.91 3.01 3.16 3.38 3.43 3.52 3.56 3.59 3.63 3.69 3.72 3.76 3.78 3.74 3.73 3.72 3.74 3.74 3.73 3.70 3.70 3.68 3.68 3.68 3.66 3.60 3.55 3.64 3.63 3.58 3.57 3.57 3.56
3.49 3.66 3.66 3.60 3.66 3.56 3.55 3.50 3.42 3.34 3.26 3.19 3.12 3.15 3.18 3.15 3.14 3.11 3.07 3.05 3.02 2.99 2.97 2.96 2.94 2.92 2.93 2.91 2.90 2.87 2.87 2.87 2.86 2.85 2.88 2.90 2.86 2.81 3.05 2.85 2.23 1.22 2.35 3.02 3.19 2.99 2.89 3.07 3.07 3.12 3.27 3.29 3.28 3.42 3.47 3.55 3.61 3.64 3.57 3.69 3.75 3.71 3.68 3.67 3.70 3.71 3.69 3.67 3.66 3.62 3.63 3.63 3.62 3.61 3.62 3.61 3.50 3.50 3.52 3.52 3.52
3.61 3.71 3.72 3.68 3.65 3.64 3.58 3.57 3.51 3.40 3.32 3.20 2.97 3.13 3.25 3.25 3.22 3.18 3.14 3.11 3.08 3.03 3.00 3.00 3.03 3.04 3.01 2.96 2.95 2.95 2.95 2.96 2.95 2.95 2.95 2.95 2.93 2.91 3.06 3.07 2.99 3.02 3.08 3.20 3.10 2.96 2.95 3.06 3.10 3.20 2.99 3.04 2.96 2.62 3.24 3.53 3.55 3.46 3.23 3.38 3.67 3.69 3.66 3.60 3.61 3.65 3.63 3.62 3.61 3.60 3.60 3.58 3.56 3.54 3.54 3.50 3.30 3.41 3.49 3.48 3.46
3.80 3.76 3.78 3.69 3.42 3.66 3.27 3.07 3.54 3.47 3.39 3.32 2.76 3.27 3.24 3.22 3.20 3.21 3.20 3.16 3.12 3.08 3.06 3.03 3.07 2.97 3.02 3.03 3.01 3.01 3.01 3.00 3.01 3.01 2.98 2.97 2.98 2.96 2.99 2.98 3.15 2.99 3.09 2.94 2.93 2.87 2.92 2.88 2.62 3.03 3.01 3.24 3.19 3.20 3.35 3.42 3.50 3.51 3.25 3.56 3.67 3.63 3.61 3.61 3.46 3.53 3.53 3.54 3.56 3.56 3.54 3.51 3.49 3.48 3.45 3.28 3.18 3.35 3.43 3.44 3.40
3.93 3.90 3.81 3.59 3.27 3.41 3.06 2.49 3.21 3.50 3.45 3.32 3.08 3.12 2.85 2.60 3.02 3.16 3.19 3.18 3.16 3.15 3.13 3.11 3.08 3.01 2.95 3.00 3.03 3.00 2.96 2.95 2.98 2.96 2.94 2.95 2.97 2.97 2.96 2.95 3.02 2.98 2.99 2.97 2.96 2.94 2.86 2.57 2.47 2.79 2.62 2.85 3.26 3.34 3.29 3.37 3.33 3.38 3.35 3.60 3.60 3.59 3.43 3.32 3.06 3.09 3.39 3.52 3.50 3.48 3.47 3.46 3.45 3.44 3.43 3.35 3.29 3.36 3.39 3.38 3.33
4.01 3.95 3.90 3.75 3.68 3.73 3.46 3.62 3.62 3.54 3.48 3.40 3.34 3.32 2.70 2.22 3.10 3.18 3.18 3.16 3.13 3.10 3.08 3.01 2.95 2.77 2.70 2.90 3.03 2.96 2.91 2.87 2.94 2.91 2.90 2.90 2.93 2.95 2.95 2.96 2.97 2.99 3.03 3.06 3.07 3.09 3.03 2.96 2.98 3.05 2.67 2.83 3.22 3.24 2.88 3.32 3.26 3.29 3.55 3.42 3.46 3.57 3.33 3.38 3.27 3.38 3.42 3.43 3.39 3.41 3.38 3.39 3.38 3.37 3.39 3.36 3.32 3.33 3.33 3.32 3.27
4.06 4.00 3.93 3.85 3.81 3.71 3.70 3.69 3.55 3.47 3.45 3.43 3.38 3.29 3.00 2.89 3.13 3.17 3.15 3.12 3.10 3.08 3.02 2.78 2.10 1.66 2.23 2.82 3.03 3.00 2.83 2.90 2.94 2.91 2.87 2.86 2.85 2.85 2.90 2.99 3.02 3.06 3.08 3.11 3.14 3.17 3.15 3.12 3.13 2.95 2.71 3.12 3.03 2.74 2.76 3.03 3.12 2.82 3.16 3.35 3.30 3.53 3.48 3.45 3.37 2.82 3.35 3.35 3.29 3.21 3.34 3.32 3.29 3.32 3.34 3.32 3.29 3.28 3.26 3.24 3.20
4.10 4.03 3.93 3.86 3.85 3.79 3.67 3.44 3.47 3.35 3.44 3.41 3.37 3.33 3.24 3.22 3.19 3.17 3.15 3.08 3.09 3.05 3.02 2.95 2.19 1.21 2.27 2.90 2.91 2.47 2.33 2.91 2.92 2.89 2.79 2.78 2.74 2.69 2.71 2.91 2.83 3.06 3.13 3.15 3.18 3.22 3.22 3.23 3.21 3.11 2.72 3.07 2.98 2.92 2.92 3.11 3.00 2.15 2.74 3.31 3.31 3.43 3.43 3.44 3.34 3.33 3.37 3.19 3.02 2.67 3.16 3.13 3.22 3.21 3.25 3.26 3.25 3.21 3.19 3.15 3.09
4.13 4.02 3.91 3.85 3.91 3.88 3.24 2.39 2.06 3.11 3.52 3.45 3.30 3.29 3.29 3.24 3.20 3.19 3.17 3.17 3.16 2.96 2.95 2.95 2.96 2.85 2.95 3.03 2.72 1.76 1.66 2.61 2.82 2.81 2.55 2.51 2.66 2.52 2.26 2.20 2.14 2.84 3.13 3.15 3.18 3.20 3.27 3.26 3.25 3.25 3.26 3.27 3.28 3.29 3.30 3.30 2.93 2.44 2.73 2.93 3.32 3.38 3.30 3.30 3.28 3.27 3.23 2.95 2.86 2.76 2.58 2.56 2.69 2.82 2.96 3.14 3.21 3.18 3.16 3.13 3.11
4.17 4.05 3.94 3.89 3.96 4.01 3.86 2.53 3.00 3.61 3.62 3.44 3.20 3.22 3.25 3.27 3.23 3.12 3.15 3.06 2.91 2.86 2.89 2.94 2.97 3.01 3.02 3.03 2.98 3.00 2.69 2.93 2.83 2.87 2.10 2.14 2.76 2.56 2.01 1.92 1.32 2.93 3.01 3.13 3.19 3.26 3.31 3.30 3.28 3.27 3.29 3.23 3.20 3.15 3.12 3.03 2.74 3.01 1.01 3.25 3.32 3.31 3.28 3.20 3.18 3.18 3.08 3.04 2.98 1.63 2.39 2.94 3.03 3.11 3.18 3.14 3.16 2.80 3.10 2.94 2.88
4.19 4.06 3.97 3.95 3.98 4.06 3.93 3.48 3.57 3.75 3.68 3.50 3.36 3.22 2.83 3.22 3.22 3.24 3.21 3.15 3.04 2.62 2.79 2.85 2.82 2.91 2.96 3.02 3.06 3.07 3.00 3.02 3.00 2.95 2.33 2.93 3.01 2.95 2.77 2.76 2.19 1.88 2.73 2.98 3.19 3.28 3.33 3.36 3.31 3.27 3.29 3.17 3.10 3.08 3.04 3.02 2.86 2.68 2.99 3.20 3.24 3.28 3.23 3.15 3.08 3.08 3.09 3.05 2.95 2.56 2.86 2.99 2.99 3.09 3.14 3.12 3.10 1.48 3.00 2.90 2.86
4.17 4.06 3.98 3.96 3.98 4.07 3.99 3.87 3.84 3.83 3.71 3.58 3.50 3.43 3.31 2.89 3.33 3.34 3.30 3.28 3.18 2.98 3.11 3.09 3.04 3.12 3.09 3.10 3.12 3.14 3.10 2.97 3.04 3.05 3.01 3.02 3.07 3.10 3.11 3.13 3.09 3.17 3.25 2.81 3.32 3.33 3.38 3.37 3.33 3.31 3.22 3.10 3.09 3.01 2.91 2.95 2.60 0.75 2.03 3.12 3.05 3.07 3.10 3.04 2.94 3.01 3.01 2.98 2.92 2.79 2.75 2.89 2.98 3.08 3.07 3.05 3.01 2.54 2.73 2.71 2.82
