main/data/pressure/31.05.2023.grid
ncols 886
nrows 691
xllcenter 112.0000
yllcenter -44.5000
cellsize 0.0500
nodata_value 99999.90
[rows 37 to 73 of 691, columns 83 to 165 of 886]
25.86 25.86 25.85 25.85 25.84 25.83 25.82 25.82 25.80 25.80 25.79 25.78 25.77 25.77 25.76 25.75 25.74 25.73 25.72 25.72 25.70 25.70 25.68 25.68 25.67 25.65 25.64 25.64 25.62 25.61 25.60 25.58 25.57 25.56 25.55 25.53 25.51 25.50 25.48 25.46 25.45 25.43 25.41 25.39 25.37 25.35 25.33 25.30 25.28 25.25 25.23 25.21 25.17 25.14 25.11 25.08 25.05 25.02 24.97 24.93 24.89 24.85 24.81 24.77 24.71 24.67 24.62 24.56 24.51 24.45 24.39 24.32 24.26 24.19 24.12 24.04 23.96 23.88 23.80 23.71 23.62 23.52 23.42
25.81 25.81 25.80 25.79 25.78 25.78 25.77 25.76 25.75 25.75 25.73 25.73 25.72 25.71 25.70 25.69 25.69 25.67 25.67 25.65 25.65 25.64 25.62 25.62 25.61 25.59 25.59 25.57 25.56 25.55 25.53 25.52 25.51 25.50 25.48 25.46 25.45 25.43 25.41 25.40 25.38 25.36 25.34 25.32 25.30 25.27 25.25 25.23 25.21 25.18 25.15 25.12 25.09 25.06 25.03 24.99 24.96 24.92 24.89 24.85 24.81 24.77 24.71 24.67 24.62 24.57 24.52 24.47 24.41 24.34 24.28 24.22 24.15 24.08 24.01 23.92 23.84 23.76 23.68 23.59 23.48 23.39 23.29
25.76 25.76 25.74 25.74 25.73 25.71 25.71 25.70 25.70 25.69 25.68 25.67 25.66 25.66 25.64 25.64 25.62 25.62 25.61 25.60 25.59 25.57 25.57 25.56 25.54 25.53 25.52 25.51 25.50 25.48 25.47 25.46 25.45 25.43 25.41 25.40 25.38 25.36 25.35 25.33 25.31 25.29 25.27 25.25 25.22 25.20 25.18 25.16 25.12 25.10 25.07 25.05 25.02 24.99 24.95 24.91 24.88 24.84 24.80 24.76 24.71 24.67 24.63 24.58 24.53 24.48 24.41 24.36 24.30 24.24 24.18 24.11 24.04 23.96 23.88 23.81 23.73 23.64 23.55 23.45 23.36 23.26 23.15
25.70 25.70 25.69 25.69 25.67 25.66 25.66 25.64 25.64 25.63 25.62 25.61 25.60 25.60 25.59 25.58 25.57 25.56 25.54 25.54 25.53 25.52 25.51 25.49 25.48 25.48 25.46 25.45 25.44 25.42 25.41 25.40 25.38 25.36 25.35 25.33 25.31 25.30 25.27 25.26 25.24 25.22 25.20 25.17 25.15 25.13 25.11 25.08 25.05 25.02 25.00 24.97 24.93 24.90 24.87 24.83 24.80 24.76 24.71 24.67 24.63 24.58 24.53 24.49 24.43 24.37 24.32 24.26 24.20 24.14 24.07 24.00 23.92 23.85 23.77 23.69 23.61 23.51 23.42 23.32 23.23 23.12 23.01
25.65 25.64 25.63 25.62 25.62 25.61 25.60 25.59 25.59 25.57 25.57 25.55 25.55 25.53 25.53 25.51 25.51 25.50 25.49 25.48 25.46 25.46 25.45 25.43 25.42 25.41 25.40 25.39 25.37 25.36 25.35 25.32 25.31 25.30 25.28 25.26 25.25 25.22 25.21 25.19 25.17 25.14 25.12 25.10 25.08 25.05 25.03 25.00 24.98 24.95 24.91 24.88 24.85 24.82 24.78 24.74 24.70 24.66 24.62 24.58 24.54 24.49 24.43 24.38 24.33 24.27 24.22 24.16 24.10 24.03 23.95 23.88 23.81 23.73 23.65 23.57 23.47 23.38 23.29 23.19 23.09 22.99 22.87
25.60 25.58 25.58 25.57 25.56 25.55 25.55 25.53 25.53 25.52 25.51 25.50 25.49 25.48 25.47 25.46 25.45 25.44 25.43 25.42 25.41 25.40 25.38 25.37 25.35 25.35 25.34 25.32 25.31 25.29 25.27 25.26 25.25 25.23 25.21 25.20 25.17 25.16 25.14 25.12 25.09 25.07 25.05 25.03 25.00 24.98 24.95 24.93 24.89 24.86 24.83 24.80 24.77 24.74 24.69 24.66 24.62 24.58 24.54 24.49 24.44 24.39 24.34 24.29 24.23 24.18 24.12 24.04 23.98 23.91 23.84 23.77 23.70 23.62 23.52 23.44 23.35 23.26 23.16 23.06 22.95 22.84 22.73
25.54 25.53 25.53 25.51 25.51 25.50 25.49 25.48 25.46 25.46 25.45 25.44 25.43 25.42 25.41 25.40 25.39 25.38 25.37 25.35 25.35 25.33 25.32 25.30 25.29 25.28 25.26 25.25 25.24 25.22 25.21 25.20 25.17 25.16 25.15 25.12 25.11 25.09 25.06 25.04 25.02 25.00 24.97 24.95 24.93 24.90 24.88 24.84 24.81 24.78 24.75 24.71 24.68 24.64 24.61 24.57 24.53 24.49 24.44 24.39 24.34 24.29 24.24 24.19 24.12 24.06 24.00 23.94 23.87 23.80 23.73 23.66 23.57 23.49 23.40 23.31 23.22 23.13 23.02 22.91 22.81 22.70 22.58
25.49 25.47 25.47 25.46 25.45 25.44 25.43 25.42 25.41 25.40 25.39 25.38 25.37 25.36 25.35 25.34 25.33 25.32 25.30 25.29 25.29 25.27 25.26 25.24 25.23 25.21 25.20 25.19 25.17 25.16 25.15 25.12 25.11 25.10 25.07 25.05 25.04 25.01 24.99 24.97 24.95 24.92 24.90 24.88 24.84 24.82 24.79 24.76 24.74 24.70 24.66 24.63 24.60 24.56 24.51 24.47 24.43 24.39 24.35 24.30 24.25 24.20 24.13 24.08 24.02 23.96 23.90 23.83 23.76 23.68 23.61 23.53 23.45 23.37 23.28 23.19 23.09 22.99 22.88 22.78 22.67 22.55 22.43
25.43 25.42 25.42 25.40 25.39 25.38 25.37 25.37 25.35 25.35 25.33 25.32 25.31 25.30 25.29 25.27 25.27 25.26 25.24 25.24 25.22 25.21 25.19 25.18 25.17 25.15 25.14 25.12 25.11 25.09 25.07 25.06 25.04 25.02 25.00 24.98 24.96 24.94 24.92 24.89 24.87 24.85 24.83 24.79 24.77 24.74 24.72 24.68 24.65 24.62 24.58 24.55 24.51 24.47 24.43 24.39 24.34 24.30 24.25 24.19 24.14 24.09 24.04 23.98 23.92 23.86 23.79 23.71 23.64 23.57 23.49 23.41 23.33 23.24 23.14 23.05 22.95 22.85 22.75 22.64 22.52 22.40 22.27
25.38 25.36 25.35 25.35 25.33 25.33 25.31 25.30 25.29 25.28 25.27 25.26 25.25 25.24 25.23 25.21 25.21 25.19 25.18 25.17 25.16 25.14 25.13 25.12 25.10 25.09 25.07 25.06 25.04 25.02 25.01 24.99 24.97 24.95 24.93 24.91 24.89 24.86 24.84 24.82 24.80 24.77 24.74 24.72 24.69 24.66 24.63 24.60 24.57 24.53 24.49 24.46 24.42 24.38 24.34 24.30 24.24 24.20 24.15 24.10 24.05 23.99 23.93 23.87 23.80 23.74 23.67 23.60 23.53 23.45 23.37 23.29 23.20 23.11 23.01 22.92 22.82 22.71 22.61 22.49 22.37 22.25 22.12
25.31 25.31 25.29 25.29 25.28 25.26 25.26 25.24 25.24 25.22 25.22 25.20 25.20 25.18 25.17 25.16 25.14 25.13 25.11 25.10 25.10 25.08 25.07 25.05 25.04 25.02 25.00 24.99 24.97 24.95 24.93 24.92 24.90 24.87 24.86 24.84 24.81 24.79 24.77 24.75 24.72 24.69 24.67 24.63 24.61 24.58 24.55 24.51 24.48 24.44 24.41 24.37 24.33 24.28 24.24 24.20 24.15 24.10 24.05 23.99 23.94 23.88 23.82 23.76 23.70 23.63 23.56 23.48 23.40 23.33 23.24 23.16 23.07 22.98 22.88 22.78 22.68 22.56 22.45 22.34 22.22 22.09 21.96
25.26 25.25 25.24 25.22 25.22 25.20 25.20 25.19 25.18 25.16 25.15 25.14 25.13 25.12 25.10 25.10 25.08 25.07 25.05 25.04 25.02 25.01 24.99 24.98 24.96 24.95 24.94 24.92 24.90 24.88 24.86 24.85 24.82 24.81 24.79 24.76 24.74 24.72 24.69 24.67 24.64 24.62 24.58 24.56 24.53 24.50 24.46 24.43 24.39 24.36 24.31 24.27 24.23 24.19 24.15 24.10 24.05 24.00 23.95 23.89 23.84 23.78 23.72 23.64 23.58 23.51 23.44 23.36 23.29 23.21 23.12 23.03 22.94 22.84 22.74 22.64 22.53 22.42 22.31 22.19 22.06 21.94 21.79
25.20 25.18 25.18 25.17 25.16 25.15 25.13 25.13 25.11 25.11 25.09 25.08 25.07 25.05 25.04 25.03 25.02 25.00 24.99 24.97 24.96 24.94 24.93 24.91 24.90 24.89 24.86 24.85 24.83 24.81 24.80 24.77 24.75 24.74 24.71 24.69 24.67 24.64 24.61 24.59 24.56 24.53 24.51 24.48 24.44 24.41 24.38 24.33 24.30 24.26 24.23 24.19 24.14 24.09 24.05 24.00 23.95 23.90 23.85 23.79 23.72 23.66 23.60 23.54 23.47 23.40 23.32 23.25 23.17 23.08 22.99 22.90 22.80 22.70 22.60 22.50 22.39 22.28 22.16 22.04 21.90 21.77 21.63
25.14 25.13 25.12 25.11 25.09 25.09 25.07 25.07 25.05 25.04 25.03 25.01 25.01 24.99 24.98 24.96 24.95 24.94 24.93 24.91 24.89 24.88 24.86 24.85 24.83 24.81 24.80 24.77 24.76 24.73 24.72 24.70 24.67 24.66 24.64 24.61 24.59 24.56 24.53 24.51 24.48 24.45 24.42 24.39 24.36 24.33 24.28 24.25 24.21 24.18 24.13 24.09 24.04 24.00 23.95 23.90 23.84 23.79 23.74 23.68 23.62 23.56 23.49 23.42 23.34 23.27 23.20 23.12 23.03 22.95 22.86 22.77 22.67 22.57 22.46 22.36 22.23 22.12 22.00 21.87 21.74 21.61 21.46
25.09 25.07 25.06 25.05 25.04 25.03 25.02 25.00 24.99 24.98 24.96 24.95 24.94 24.93 24.91 24.90 24.88 24.88 24.86 24.85 24.83 24.81 24.79 24.78 24.76 24.74 24.72 24.71 24.68 24.67 24.65 24.62 24.60 24.57 24.55 24.53 24.50 24.48 24.45 24.42 24.39 24.37 24.34 24.30 24.27 24.23 24.20 24.16 24.12 24.08 24.04 24.00 23.95 23.89 23.85 23.80 23.74 23.69 23.63 23.57 23.50 23.44 23.37 23.30 23.23 23.15 23.08 22.99 22.91 22.82 22.73 22.62 22.52 22.42 22.31 22.20 22.09 21.97 21.84 21.71 21.58 21.43 21.29
25.03 25.01 25.00 24.99 24.98 24.96 24.96 24.94 24.92 24.92 24.90 24.89 24.88 24.86 24.85 24.83 24.82 24.80 24.79 24.77 24.76 24.74 24.73 24.71 24.69 24.67 24.65 24.63 24.61 24.60 24.57 24.55 24.52 24.50 24.48 24.45 24.43 24.40 24.37 24.34 24.31 24.28 24.25 24.22 24.18 24.14 24.10 24.07 24.03 23.98 23.94 23.89 23.85 23.80 23.75 23.70 23.63 23.58 23.52 23.46 23.39 23.33 23.26 23.19 23.11 23.02 22.94 22.86 22.77 22.68 22.59 22.49 22.39 22.28 22.17 22.05 21.94 21.80 21.67 21.54 21.40 21.26 21.11
24.96 24.95 24.94 24.92 24.92 24.90 24.89 24.88 24.86 24.86 24.84 24.82 24.81 24.80 24.79 24.77 24.75 24.74 24.72 24.71 24.69 24.67 24.65 24.64 24.61 24.60 24.58 24.56 24.54 24.52 24.50 24.47 24.45 24.43 24.40 24.37 24.34 24.32 24.29 24.25 24.22 24.19 24.16 24.12 24.09 24.05 24.02 23.97 23.93 23.89 23.84 23.80 23.74 23.69 23.64 23.59 23.53 23.47 23.40 23.34 23.27 23.20 23.13 23.06 22.98 22.90 22.82 22.73 22.64 22.55 22.45 22.34 22.23 22.12 22.01 21.89 21.77 21.64 21.51 21.38 21.24 21.09 20.94
24.90 24.89 24.88 24.87 24.85 24.84 24.83 24.82 24.80 24.79 24.78 24.76 24.74 24.73 24.71 24.70 24.68 24.66 24.65 24.63 24.62 24.60 24.58 24.56 24.55 24.52 24.51 24.48 24.46 24.43 24.42 24.40 24.37 24.34 24.32 24.29 24.26 24.23 24.20 24.17 24.14 24.10 24.07 24.04 24.00 23.96 23.92 23.88 23.84 23.78 23.74 23.69 23.64 23.59 23.54 23.47 23.42 23.36 23.29 23.23 23.16 23.09 23.01 22.93 22.85 22.77 22.68 22.59 22.50 22.40 22.30 22.20 22.09 21.98 21.86 21.74 21.61 21.48 21.35 21.20 21.05 20.90 20.75
24.84 24.83 24.82 24.81 24.79 24.77 24.77 24.75 24.73 24.72 24.71 24.70 24.68 24.66 24.65 24.63 24.62 24.60 24.58 24.57 24.54 24.53 24.51 24.49 24.47 24.45 24.43 24.41 24.38 24.36 24.34 24.31 24.29 24.26 24.23 24.21 24.17 24.15 24.12 24.08 24.05 24.02 23.98 23.94 23.90 23.87 23.82 23.78 23.73 23.69 23.63 23.58 23.53 23.48 23.43 23.37 23.30 23.24 23.17 23.10 23.03 22.96 22.89 22.81 22.73 22.64 22.55 22.46 22.36 22.26 22.15 22.04 21.93 21.82 21.70 21.57 21.44 21.31 21.17 21.03 20.88 20.73 20.57
24.78 24.77 24.75 24.74 24.73 24.71 24.70 24.69 24.67 24.66 24.64 24.62 24.62 24.60 24.58 24.57 24.54 24.53 24.51 24.49 24.48 24.45 24.44 24.41 24.40 24.37 24.35 24.33 24.31 24.28 24.26 24.24 24.20 24.18 24.15 24.12 24.09 24.06 24.03 24.00 23.96 23.92 23.89 23.84 23.81 23.77 23.73 23.67 23.63 23.58 23.53 23.48 23.42 23.37 23.31 23.25 23.19 23.13 23.06 22.99 22.91 22.83 22.75 22.67 22.59 22.50 22.41 22.31 22.22 22.11 22.01 21.90 21.78 21.66 21.54 21.41 21.28 21.14 21.00 20.85 20.70 20.54 20.38
24.71 24.71 24.69 24.67 24.67 24.65 24.63 24.61 24.61 24.59 24.58 24.56 24.54 24.52 24.51 24.49 24.48 24.46 24.43 24.42 24.40 24.38 24.36 24.34 24.32 24.30 24.27 24.25 24.22 24.20 24.17 24.15 24.13 24.09 24.07 24.03 24.00 23.97 23.93 23.90 23.87 23.83 23.79 23.75 23.70 23.66 23.62 23.58 23.53 23.47 23.42 23.37 23.32 23.26 23.20 23.13 23.07 23.00 22.93 22.86 22.79 22.71 22.63 22.55 22.45 22.36 22.26 22.17 22.07 21.96 21.85 21.74 21.62 21.50 21.37 21.24 21.10 20.96 20.82 20.67 20.51 20.35 20.18
24.65 24.64 24.63 24.61 24.59 24.59 24.57 24.55 24.53 24.52 24.50 24.49 24.48 24.45 24.44 24.42 24.40 24.39 24.37 24.34 24.33 24.30 24.29 24.26 24.24 24.22 24.20 24.17 24.15 24.12 24.10 24.06 24.04 24.01 23.98 23.95 23.91 23.88 23.85 23.81 23.77 23.74 23.69 23.65 23.61 23.57 23.52 23.47 23.42 23.37 23.31 23.26 23.20 23.14 23.08 23.02 22.96 22.88 22.81 22.73 22.66 22.58 22.49 22.41 22.32 22.22 22.13 22.03 21.92 21.81 21.70 21.58 21.46 21.34 21.21 21.07 20.93 20.79 20.64 20.48 20.32 20.16 19.98
24.59 24.57 24.56 24.55 24.53 24.51 24.51 24.49 24.47 24.45 24.44 24.42 24.40 24.39 24.37 24.34 24.33 24.31 24.30 24.27 24.25 24.23 24.21 24.19 24.16 24.14 24.11 24.09 24.06 24.04 24.01 23.98 23.95 23.92 23.89 23.86 23.83 23.79 23.75 23.72 23.67 23.64 23.60 23.55 23.51 23.46 23.42 23.36 23.31 23.26 23.21 23.15 23.09 23.03 22.96 22.90 22.83 22.76 22.69 22.61 22.52 22.44 22.35 22.26 22.17 22.08 21.98 21.87 21.77 21.65 21.54 21.42 21.29 21.17 21.03 20.89 20.75 20.60 20.45 20.29 20.12 19.95 19.78
24.53 24.51 24.49 24.48 24.47 24.45 24.43 24.41 24.40 24.38 24.36 24.35 24.33 24.31 24.30 24.28 24.25 24.24 24.22 24.19 24.18 24.15 24.13 24.10 24.09 24.06 24.04 24.01 23.98 23.95 23.92 23.89 23.87 23.83 23.80 23.76 23.73 23.70 23.65 23.62 23.58 23.54 23.50 23.45 23.40 23.36 23.31 23.26 23.20 23.15 23.09 23.03 22.98 22.91 22.84 22.77 22.70 22.63 22.55 22.47 22.39 22.31 22.22 22.12 22.02 21.93 21.82 21.72 21.61 21.49 21.37 21.25 21.12 20.99 20.86 20.71 20.57 20.42 20.26 20.10 19.93 19.76 19.58
24.45 24.45 24.43 24.41 24.39 24.38 24.37 24.35 24.33 24.31 24.30 24.28 24.25 24.24 24.22 24.20 24.18 24.16 24.14 24.12 24.09 24.08 24.05 24.02 24.00 23.97 23.95 23.92 23.89 23.86 23.84 23.80 23.77 23.75 23.71 23.68 23.63 23.60 23.57 23.52 23.48 23.43 23.39 23.35 23.30 23.25 23.20 23.15 23.10 23.03 22.97 22.91 22.85 22.79 22.72 22.64 22.57 22.50 22.42 22.34 22.25 22.17 22.07 21.98 21.88 21.78 21.68 21.57 21.45 21.34 21.21 21.09 20.96 20.82 20.68 20.53 20.38 20.23 20.06 19.90 19.72 19.55 19.36
24.39 24.37 24.36 24.35 24.33 24.31 24.29 24.28 24.26 24.24 24.22 24.21 24.18 24.16 24.14 24.13 24.10 24.09 24.06 24.04 24.02 23.99 23.96 23.94 23.91 23.89 23.86 23.84 23.80 23.78 23.74 23.72 23.68 23.65 23.61 23.58 23.54 23.50 23.46 23.42 23.38 23.34 23.28 23.24 23.19 23.15 23.09 23.03 22.98 22.92 22.86 22.79 22.73 22.66 22.59 22.52 22.45 22.36 22.28 22.20 22.11 22.02 21.93 21.83 21.73 21.62 21.52 21.40 21.29 21.17 21.04 20.91 20.78 20.64 20.49 20.34 20.19 20.03 19.86 19.69 19.51 19.33 19.15
24.33 24.31 24.29 24.27 24.25 24.24 24.22 24.20 24.18 24.17 24.15 24.13 24.10 24.09 24.07 24.04 24.03 24.00 23.98 23.96 23.93 23.90 23.89 23.86 23.84 23.80 23.77 23.75 23.71 23.69 23.66 23.62 23.58 23.55 23.52 23.48 23.44 23.40 23.36 23.32 23.27 23.23 23.18 23.13 23.08 23.03 22.98 22.92 22.86 22.80 22.74 22.67 22.60 22.53 22.46 22.39 22.31 22.23 22.14 22.05 21.96 21.87 21.78 21.68 21.57 21.47 21.35 21.24 21.12 20.99 20.87 20.73 20.59 20.45 20.30 20.15 20.00 19.84 19.67 19.49 19.31 19.12 18.93
24.25 24.24 24.22 24.20 24.18 24.16 24.14 24.13 24.11 24.09 24.07 24.06 24.03 24.01 24.00 23.97 23.95 23.92 23.90 23.87 23.85 23.83 23.80 23.78 23.75 23.71 23.69 23.65 23.63 23.59 23.56 23.53 23.50 23.45 23.42 23.38 23.34 23.30 23.26 23.22 23.16 23.12 23.07 23.02 22.97 22.92 22.86 22.80 22.74 22.68 22.62 22.55 22.47 22.40 22.33 22.25 22.17 22.09 22.01 21.92 21.83 21.73 21.62 21.52 21.41 21.30 21.19 21.07 20.95 20.83 20.70 20.56 20.42 20.27 20.12 19.96 19.80 19.63 19.46 19.28 19.09 18.90 18.70
24.18 24.17 24.15 24.14 24.12 24.10 24.08 24.05 24.04 24.02 24.00 23.97 23.95 23.94 23.91 23.89 23.86 23.84 23.82 23.79 23.77 23.74 23.71 23.69 23.65 23.63 23.60 23.57 23.53 23.50 23.47 23.44 23.40 23.36 23.32 23.28 23.24 23.20 23.15 23.11 23.06 23.01 22.96 22.91 22.85 22.80 22.74 22.68 22.61 22.55 22.49 22.42 22.34 22.27 22.19 22.11 22.03 21.95 21.86 21.77 21.67 21.58 21.47 21.37 21.26 21.15 21.03 20.91 20.78 20.65 20.51 20.37 20.23 20.08 19.92 19.76 19.59 19.42 19.24 19.06 18.88 18.68 18.48
24.12 24.10 24.08 24.06 24.04 24.02 24.01 23.98 23.96 23.94 23.92 23.90 23.88 23.85 23.83 23.81 23.78 23.76 23.73 23.71 23.68 23.66 23.63 23.60 23.57 23.54 23.50 23.48 23.44 23.41 23.37 23.34 23.30 23.26 23.22 23.18 23.13 23.09 23.05 23.00 22.95 22.89 22.85 22.80 22.74 22.68 22.62 22.56 22.49 22.42 22.36 22.29 22.22 22.14 22.05 21.97 21.89 21.80 21.71 21.62 21.52 21.42 21.31 21.21 21.09 20.98 20.86 20.73 20.60 20.47 20.33 20.18 20.03 19.88 19.72 19.55 19.39 19.22 19.03 18.84 18.65 18.45 18.24
24.04 24.02 24.01 23.99 23.97 23.95 23.92 23.90 23.89 23.87 23.84 23.82 23.79 23.78 23.75 23.72 23.70 23.67 23.65 23.62 23.59 23.57 23.54 23.50 23.48 23.44 23.42 23.38 23.35 23.31 23.27 23.24 23.19 23.16 23.11 23.07 23.02 22.98 22.94 22.88 22.84 22.79 22.73 22.68 22.62 22.55 22.50 22.43 22.36 22.29 22.23 22.15 22.08 22.00 21.91 21.83 21.74 21.65 21.56 21.46 21.36 21.26 21.15 21.04 20.92 20.80 20.68 20.55 20.42 20.28 20.14 19.99 19.84 19.68 19.51 19.35 19.18 19.00 18.81 18.62 18.42 18.21 18.01
23.97 23.95 23.93 23.91 23.89 23.86 23.85 23.83 23.81 23.78 23.76 23.74 23.72 23.69 23.66 23.64 23.62 23.59 23.56 23.53 23.51 23.47 23.44 23.42 23.38 23.35 23.32 23.28 23.25 23.21 23.18 23.13 23.10 23.05 23.01 22.96 22.92 22.87 22.83 22.77 22.72 22.67 22.61 22.55 22.50 22.43 22.37 22.31 22.23 22.16 22.09 22.02 21.94 21.86 21.77 21.68 21.59 21.50 21.40 21.31 21.20 21.10 20.98 20.87 20.75 20.63 20.50 20.37 20.23 20.09 19.94 19.79 19.63 19.48 19.31 19.14 18.96 18.78 18.58 18.39 18.18 17.99 17.81
23.90 23.88 23.86 23.83 23.81 23.79 23.77 23.74 23.72 23.71 23.68 23.66 23.63 23.60 23.58 23.56 23.53 23.50 23.47 23.45 23.41 23.38 23.36 23.32 23.28 23.26 23.22 23.18 23.15 23.11 23.07 23.03 22.99 22.94 22.90 22.85 22.81 22.76 22.71 22.65 22.60 22.55 22.49 22.43 22.37 22.30 22.24 22.17 22.11 22.03 21.95 21.88 21.80 21.71 21.62 21.53 21.44 21.34 21.25 21.14 21.04 20.93 20.81 20.70 20.57 20.45 20.32 20.18 20.04 19.90 19.75 19.59 19.43 19.27 19.10 18.92 18.74 18.55 18.35 18.16 17.96 17.79 17.71
23.82 23.80 23.77 23.75 23.73 23.71 23.69 23.67 23.64 23.62 23.59 23.57 23.54 23.52 23.49 23.46 23.44 23.41 23.38 23.35 23.32 23.29 23.26 23.22 23.19 23.16 23.12 23.09 23.04 23.00 22.97 22.92 22.88 22.83 22.79 22.74 22.70 22.64 22.59 22.53 22.48 22.43 22.36 22.30 22.24 22.17 22.11 22.04 21.96 21.89 21.81 21.73 21.65 21.57 21.47 21.38 21.28 21.19 21.08 20.98 20.87 20.76 20.64 20.52 20.39 20.26 20.13 19.99 19.85 19.70 19.54 19.39 19.23 19.06 18.88 18.70 18.51 18.32 18.13 17.93 17.77 17.70 17.66
23.74 23.72 23.70 23.68 23.65 23.63 23.61 23.58 23.56 23.53 23.50 23.49 23.46 23.43 23.40 23.37 23.35 23.32 23.29 23.25 23.23 23.19 23.16 23.12 23.09 23.05 23.01 22.98 22.94 22.89 22.86 22.81 22.77 22.72 22.68 22.62 22.58 22.52 22.47 22.41 22.36 22.30 22.24 22.18 22.11 22.04 21.97 21.90 21.83 21.75 21.67 21.59 21.50 21.42 21.32 21.22 21.12 21.02 20.92 20.81 20.70 20.58 20.46 20.34 20.21 20.08 19.94 19.80 19.65 19.50 19.34 19.19 19.02 18.84 18.66 18.48 18.28 18.10 17.90 17.76 17.69 17.66 17.64
23.66 23.64 23.61 23.59 23.57 23.55 23.53 23.50 23.48 23.45 23.42 23.40 23.37 23.34 23.32 23.29 23.26 23.22 23.19 23.17 23.13 23.09 23.06 23.02 22.99 22.95 22.91 22.87 22.83 22.79 22.75 22.70 22.66 22.61 22.56 22.51 22.46 22.40 22.35 22.29 22.23 22.18 22.11 22.04 21.98 21.90 21.83 21.76 21.68 21.60 21.52 21.44 21.34 21.25 21.16 21.06 20.96 20.86 20.75 20.64 20.53 20.41 20.28 20.16 20.02 19.89 19.75 19.60 19.45 19.29 19.13 18.96 18.80 18.62 18.44 18.24 18.05 17.88 17.74 17.68 17.65 17.62 17.61
23.58 23.56 23.54 23.51 23.49 23.46 23.44 23.41 23.39 23.36 23.33 23.30 23.28 23.25 23.22 23.19 23.16 23.13 23.09 23.07 23.03 22.99 22.95 22.92 22.88 22.84 22.81 22.77 22.72 22.68 22.63 22.58 22.54 22.49 22.44 22.39 22.34 22.28 22.22 22.16 22.10 22.04 21.97 21.91 21.83 21.76 21.69 21.61 21.53 21.45 21.37 21.28 21.19 21.09 21.00 20.90 20.80 20.69 20.58 20.47 20.35 20.23 20.10 19.97 19.83 19.69 19.55 19.40 19.24 19.08 18.92 18.74 18.58 18.39 18.20 18.01 17.84 17.73 17.68 17.65 17.62 17.60 17.57
