main/data/pressure/31.05.2023.grid
ncols 886
nrows 691
xllcenter 112.0000
yllcenter -44.5000
cellsize 0.0500
nodata_value 99999.90
[rows 333 to 369 of 691, columns 415 to 497 of 886]
8.50 8.55 8.63 8.68 8.74 8.78 8.81 8.86 8.90 8.97 9.03 9.05 9.12 9.15 9.18 9.15 9.18 9.22 9.24 9.24 9.25 9.26 9.26 9.28 9.29 9.28 9.23 9.26 9.25 9.26 9.25 9.24 9.25 9.24 9.23 9.25 9.16 8.99 9.02 9.22 9.18 9.12 9.20 9.27 9.21 9.23 9.28 9.31 9.32 9.34 9.33 9.37 9.22 9.27 9.29 9.31 9.28 9.26 9.26 9.35 9.34 9.32 9.40 9.25 9.47 9.46 9.45 9.45 9.45 9.45 9.44 9.44 9.47 9.43 9.45 9.46 9.43 9.43 9.43 9.45 9.45 9.44 9.45
8.49 8.56 8.62 8.68 8.70 8.71 8.74 8.81 8.88 8.95 9.02 9.05 9.09 9.14 9.17 9.19 9.22 9.23 9.23 9.23 9.26 9.27 9.25 9.27 9.28 9.27 9.27 9.25 9.24 9.27 9.26 9.25 9.25 9.27 9.27 9.19 9.18 9.16 9.19 9.25 9.25 9.26 9.31 9.33 9.32 9.30 9.31 9.35 9.36 9.38 9.38 9.39 9.39 9.37 9.34 9.33 9.33 9.24 9.28 9.33 9.43 9.31 9.36 9.44 9.50 9.49 9.48 9.46 9.47 9.46 9.47 9.47 9.49 9.45 9.46 9.43 9.48 9.45 9.45 9.47 9.46 9.46 9.47
8.48 8.55 8.62 8.62 8.68 8.71 8.73 8.74 8.80 8.89 8.97 9.04 9.09 9.12 9.15 9.18 9.21 9.22 9.23 9.24 9.25 9.25 9.25 9.26 9.27 9.26 9.25 9.25 9.25 9.26 9.27 9.26 9.27 9.27 9.29 9.28 9.26 9.26 9.29 9.34 9.34 9.36 9.36 9.33 9.35 9.36 9.36 9.37 9.37 9.38 9.39 9.39 9.41 9.42 9.39 9.40 9.35 9.03 9.29 9.47 9.28 9.40 9.30 9.51 9.53 9.49 9.50 9.50 9.50 9.48 9.48 9.49 9.48 9.46 9.47 9.45 9.49 9.47 9.47 9.48 9.47 9.50 9.51
8.51 8.53 8.60 8.66 8.69 8.75 8.80 8.84 8.86 8.91 8.98 9.04 9.06 9.10 9.12 9.15 9.19 9.20 9.23 9.23 9.24 9.25 9.24 9.24 9.26 9.25 9.24 9.24 9.24 9.24 9.25 9.25 9.25 9.26 9.27 9.28 9.27 9.27 9.32 9.31 9.34 9.35 9.36 9.34 9.35 9.36 9.37 9.40 9.40 9.41 9.41 9.37 9.43 9.42 9.44 9.43 9.37 9.33 9.35 9.46 9.42 9.47 9.50 9.56 9.55 9.53 9.51 9.50 9.52 9.52 9.50 9.50 9.49 9.48 9.49 9.47 9.50 9.48 9.49 9.50 9.50 9.51 9.49
8.57 8.57 8.61 8.64 8.69 8.71 8.75 8.83 8.89 8.94 8.98 8.99 8.97 9.05 9.08 9.11 9.12 9.17 9.23 9.24 9.24 9.25 9.24 9.24 9.26 9.25 9.24 9.24 9.24 9.24 9.24 9.24 9.24 9.25 9.26 9.27 9.27 9.28 9.30 9.30 9.33 9.34 9.34 9.35 9.36 9.38 9.39 9.41 9.43 9.43 9.41 9.15 9.43 9.46 9.45 9.46 9.40 9.35 9.46 9.45 9.50 9.53 9.56 9.55 9.55 9.56 9.53 9.53 9.53 9.49 9.51 9.52 9.51 9.51 9.50 9.49 9.50 9.52 9.51 9.50 9.50 9.53 9.54
8.60 8.63 8.64 8.61 8.65 8.71 8.76 8.79 8.82 8.87 8.93 8.96 9.00 9.02 9.02 9.10 9.12 9.17 9.20 9.22 9.24 9.25 9.25 9.25 9.25 9.25 9.24 9.23 9.23 9.23 9.24 9.24 9.24 9.25 9.26 9.26 9.28 9.30 9.31 9.32 9.33 9.34 9.35 9.37 9.39 9.40 9.42 9.44 9.45 9.43 9.41 9.41 9.45 9.48 9.47 9.49 9.45 9.39 9.44 9.44 9.53 9.56 9.57 9.57 9.57 9.56 9.57 9.56 9.55 9.51 9.51 9.55 9.55 9.53 9.52 9.48 9.50 9.51 9.53 9.52 9.52 9.52 9.51
8.69 8.71 8.70 8.72 8.68 8.77 8.82 8.81 8.81 8.82 8.88 8.97 9.01 9.01 9.03 9.11 9.15 9.18 9.17 9.19 9.21 9.22 9.23 9.25 9.25 9.21 9.20 9.23 9.21 9.21 9.25 9.26 9.26 9.28 9.28 9.29 9.30 9.31 9.31 9.33 9.34 9.37 9.39 9.40 9.40 9.41 9.44 9.46 9.47 9.45 9.37 9.32 9.48 9.52 9.51 9.51 9.48 9.29 9.44 9.51 9.52 9.50 9.59 9.57 9.57 9.58 9.58 9.57 9.57 9.56 9.52 9.57 9.58 9.56 9.56 9.54 9.53 9.53 9.53 9.55 9.55 9.54 9.53
8.66 8.76 8.77 8.74 8.76 8.81 8.86 8.88 8.82 8.52 8.59 8.59 8.98 9.06 9.10 9.04 9.08 9.10 9.10 9.11 9.13 9.16 9.12 9.08 9.14 9.17 9.22 9.27 9.10 9.15 9.19 8.73 9.29 9.30 9.31 9.32 9.32 9.33 9.34 9.34 9.36 9.40 9.42 9.43 9.43 9.45 9.46 9.47 9.47 9.42 9.43 9.43 9.50 9.53 9.51 9.51 9.50 9.40 9.39 9.52 9.49 9.55 9.59 9.58 9.58 9.59 9.57 9.57 9.57 9.57 9.58 9.55 9.53 9.56 9.57 9.53 9.57 9.56 9.56 9.56 9.56 9.56 9.55
8.70 8.79 8.82 8.81 8.79 8.86 8.89 8.93 8.90 8.76 8.92 8.97 8.99 9.05 9.07 9.04 9.03 9.04 9.05 9.07 9.09 9.12 9.09 9.06 9.09 9.13 9.16 9.15 9.08 9.14 9.25 9.02 8.94 9.32 9.33 9.34 9.34 9.35 9.36 9.37 9.38 9.41 9.43 9.45 9.45 9.46 9.47 9.48 9.46 9.46 9.47 9.44 9.50 9.50 9.52 9.51 9.49 9.43 9.31 9.39 9.55 9.58 9.60 9.59 9.59 9.58 9.59 9.58 9.58 9.58 9.58 9.58 9.56 9.58 9.56 9.55 9.57 9.59 9.59 9.58 9.58 9.58 9.59
8.73 8.81 8.85 8.84 8.76 8.87 8.92 8.95 8.98 8.99 9.04 9.03 9.02 9.03 9.03 8.94 8.99 9.02 9.04 9.07 9.09 9.11 9.10 9.09 9.11 9.13 9.14 9.13 9.07 9.08 9.20 9.30 9.10 8.71 9.20 9.35 9.35 9.36 9.39 9.38 9.40 9.42 9.43 9.43 9.46 9.47 9.47 9.48 9.46 9.44 9.43 9.42 9.48 9.49 9.50 9.50 9.50 9.36 9.24 9.12 9.56 9.59 9.61 9.61 9.61 9.61 9.60 9.60 9.60 9.60 9.59 9.59 9.59 9.58 9.57 9.58 9.56 9.59 9.59 9.60 9.61 9.61 9.61
8.77 8.81 8.86 8.87 8.88 8.90 8.92 8.96 8.99 9.02 9.05 9.06 9.01 8.95 9.03 9.05 9.03 9.05 9.06 9.08 9.10 9.12 9.12 9.13 9.13 9.14 9.15 9.15 9.14 9.13 9.19 9.24 9.32 9.34 9.34 9.35 9.36 9.37 9.39 9.41 9.42 9.44 9.46 9.48 9.48 9.47 9.46 9.43 9.46 9.44 9.43 9.46 9.48 9.47 9.49 9.49 9.51 9.51 9.43 9.48 9.56 9.57 9.55 9.61 9.62 9.63 9.62 9.63 9.61 9.62 9.62 9.62 9.61 9.61 9.62 9.62 9.62 9.62 9.62 9.63 9.64 9.64 9.65
8.81 8.83 8.86 8.91 8.95 8.96 8.95 8.98 9.01 9.03 9.05 9.07 9.05 8.95 9.04 9.10 9.07 9.07 9.07 9.08 9.11 9.11 9.12 9.12 9.12 9.14 9.16 9.17 9.19 9.16 9.17 9.25 9.30 9.22 9.20 9.28 9.34 9.34 9.34 9.41 9.43 9.45 9.47 9.48 9.47 9.45 9.39 9.31 9.40 9.44 9.45 9.45 9.42 9.46 9.48 9.51 9.50 9.46 9.54 9.55 9.56 9.57 9.57 9.55 9.59 9.60 9.61 9.62 9.62 9.61 9.59 9.62 9.63 9.63 9.62 9.62 9.61 9.64 9.65 9.65 9.64 9.65 9.66
8.85 8.87 8.88 8.93 8.95 8.97 8.98 8.98 8.99 9.01 9.02 9.04 9.09 9.02 9.13 9.13 9.10 9.10 9.09 9.09 9.10 9.11 9.11 9.08 9.05 9.01 9.07 9.10 9.09 8.29 8.95 9.15 9.21 9.17 9.22 9.30 9.30 9.22 9.25 9.30 9.38 9.44 9.48 9.49 9.48 9.46 9.44 9.41 9.43 9.45 9.46 9.39 9.38 9.40 9.46 9.51 9.48 9.35 9.53 9.48 9.45 9.39 9.53 9.47 9.51 9.56 9.54 9.58 9.59 9.56 9.56 9.63 9.64 9.65 9.65 9.65 9.65 9.66 9.64 9.65 9.66 9.65 9.66
8.83 8.85 8.94 8.95 8.96 8.98 8.98 8.95 8.96 8.98 8.98 8.97 8.96 9.11 8.98 9.14 9.14 9.12 9.10 9.08 9.10 9.13 9.11 9.06 9.00 8.99 8.99 9.02 9.04 9.12 9.07 9.10 9.15 9.20 9.27 9.32 9.26 9.24 9.32 9.29 9.38 9.44 9.47 9.47 9.49 9.48 9.47 9.47 9.46 9.45 9.40 9.36 9.31 9.35 9.40 9.45 9.45 9.45 9.48 9.43 9.36 9.38 9.49 9.43 9.42 9.43 9.47 9.55 9.56 9.53 9.59 9.65 9.65 9.66 9.67 9.68 9.68 9.67 9.70 9.70 9.69 9.68 9.68
8.85 8.84 8.84 8.94 9.00 9.01 8.95 8.95 9.01 9.03 8.99 8.96 8.93 8.92 9.01 9.14 9.15 9.14 9.11 9.09 9.12 9.14 9.12 9.06 9.03 9.02 9.04 9.08 9.03 9.06 9.14 9.19 9.22 9.25 9.28 9.30 9.29 9.27 9.30 9.37 9.41 9.34 9.44 9.47 9.46 9.44 9.45 9.47 9.46 9.45 9.42 9.40 9.36 9.37 9.35 9.39 9.38 9.42 9.45 9.43 9.32 9.34 9.44 9.42 9.27 9.37 9.44 9.46 9.48 9.53 9.63 9.63 9.63 9.67 9.63 9.68 9.71 9.71 9.69 9.71 9.73 9.71 9.70
8.90 8.88 8.88 8.97 9.00 8.94 8.94 8.98 9.03 9.04 9.01 9.00 9.02 9.05 9.10 9.13 9.15 9.15 9.13 9.13 9.15 9.16 9.12 9.09 9.07 9.11 9.06 9.05 9.09 9.02 9.06 9.10 9.15 9.17 9.21 9.20 9.23 9.24 9.27 9.37 9.39 9.39 9.42 9.43 9.44 9.46 9.45 9.44 9.44 9.46 9.46 9.47 9.40 9.38 9.34 9.29 9.38 9.36 9.38 9.44 9.35 9.25 9.45 9.46 9.39 9.48 9.35 9.37 9.47 9.55 9.64 9.59 9.66 9.63 9.64 9.66 9.73 9.75 9.74 9.73 9.74 9.76 9.77
8.93 8.91 8.93 9.00 9.00 8.94 8.95 9.01 9.05 9.03 9.05 9.07 9.10 9.14 9.16 9.13 9.16 9.16 9.15 9.16 9.17 9.14 9.11 9.08 9.09 9.11 9.01 8.80 8.87 9.10 9.06 9.07 9.13 9.15 9.16 9.17 9.23 9.26 9.28 9.38 9.43 9.45 9.45 9.45 9.44 9.45 9.30 9.49 9.46 9.44 9.55 9.57 9.45 9.43 9.35 9.25 9.28 9.31 9.23 9.41 9.34 9.30 9.26 9.54 9.56 9.60 9.57 9.33 9.63 9.59 9.60 9.72 9.72 9.65 9.72 9.72 9.76 9.78 9.77 9.78 9.77 9.77 9.76
8.94 8.94 8.97 9.03 9.02 9.02 8.99 9.03 9.08 9.05 9.08 9.12 9.14 9.16 9.17 9.15 9.17 9.17 9.18 9.18 9.16 9.11 9.09 9.07 9.07 9.11 9.04 9.02 9.07 9.13 8.98 9.10 9.15 9.18 9.21 9.19 9.24 9.31 9.35 9.38 9.41 9.40 9.39 9.37 9.39 9.41 9.44 9.61 9.72 9.38 9.46 9.46 9.65 9.54 9.30 9.36 9.35 9.32 9.24 9.39 9.32 9.28 9.29 9.51 9.64 9.60 9.71 9.49 9.63 9.73 9.71 9.72 9.71 9.76 9.76 9.81 9.78 9.80 9.80 9.80 9.80 9.78 9.76
8.97 8.98 9.01 9.06 9.00 9.02 9.03 9.03 9.05 9.10 9.08 9.07 9.10 9.07 9.14 9.15 9.17 9.17 9.19 9.20 9.14 9.09 9.08 9.08 9.06 9.11 9.07 9.06 9.08 9.12 9.15 9.14 9.13 9.17 9.23 9.26 9.27 9.32 9.35 9.37 9.40 9.42 9.42 9.42 9.45 9.47 9.48 9.64 9.45 9.40 9.37 9.33 9.47 9.61 9.45 9.45 9.42 9.35 9.25 9.34 9.27 9.12 9.28 9.48 9.65 9.72 9.72 9.68 9.67 9.65 9.73 9.78 9.78 9.76 9.81 9.76 9.64 9.76 9.83 9.83 9.83 9.84 9.83
8.99 9.00 9.03 9.07 9.08 9.10 9.11 9.08 9.05 9.10 9.11 9.10 9.08 9.04 9.15 9.19 9.20 9.20 9.20 9.20 9.16 9.08 9.06 9.15 9.18 9.11 9.09 9.05 9.02 9.08 9.18 9.18 9.15 9.19 9.22 9.25 9.30 9.33 9.37 9.39 9.46 9.44 9.45 9.45 9.46 9.46 9.60 9.44 9.40 9.40 9.41 9.41 9.28 9.55 9.56 9.49 9.48 9.46 9.35 9.33 9.22 9.32 9.48 9.59 9.68 9.68 9.78 9.80 9.78 9.75 9.80 9.81 9.84 9.84 9.84 9.83 9.78 9.80 9.85 9.86 9.87 9.87 9.85
8.98 8.93 8.95 9.01 9.04 9.00 9.08 9.13 9.06 9.11 9.11 9.12 9.13 9.16 9.20 9.20 9.22 9.22 9.23 9.21 9.18 9.12 9.06 9.08 9.09 9.32 9.11 9.06 9.06 9.14 9.23 9.26 9.18 9.25 9.23 9.24 9.29 9.27 9.33 9.35 9.35 9.37 9.41 9.46 9.52 9.54 9.56 9.47 9.38 9.41 9.55 9.51 9.47 9.54 9.56 9.47 9.45 9.47 9.48 9.46 9.56 9.49 9.61 9.71 9.71 9.68 9.77 9.81 9.86 9.85 9.85 9.86 9.84 9.83 9.85 9.84 9.86 9.85 9.87 9.88 9.88 9.90 9.89
8.97 8.85 8.87 8.93 8.97 9.01 9.05 9.11 9.10 9.12 9.10 9.13 9.16 9.19 9.22 9.22 9.23 9.23 9.23 9.23 9.20 9.15 9.08 9.03 9.03 9.03 9.14 9.16 9.14 9.10 9.06 9.23 9.31 9.26 9.37 9.41 9.40 9.26 9.32 9.32 9.37 9.41 9.39 9.36 9.50 9.57 9.61 9.61 9.59 9.58 9.62 9.61 9.65 9.60 9.45 9.51 9.45 9.60 9.57 9.50 9.63 9.69 9.69 9.76 9.71 9.74 9.76 9.72 9.76 9.80 9.83 9.85 9.85 9.81 9.81 9.79 9.78 9.83 9.88 9.89 9.90 9.93 9.93
8.98 8.98 8.88 8.89 8.96 9.05 9.09 9.13 9.11 9.12 9.13 9.16 9.18 9.19 9.20 9.23 9.24 9.24 9.24 9.23 9.21 9.18 9.13 8.99 9.02 9.01 9.09 9.15 9.18 9.24 9.29 9.27 9.27 9.37 9.39 9.34 9.44 9.49 9.43 9.41 9.33 9.37 9.31 9.35 9.52 9.56 9.61 9.65 9.65 9.67 9.67 9.71 9.67 9.66 9.65 9.64 9.63 9.68 9.66 9.68 9.73 9.72 9.72 9.81 9.78 9.78 9.72 9.75 9.79 9.63 9.61 9.75 9.79 9.75 9.79 9.73 9.74 9.85 9.91 9.93 9.94 9.94 9.96
8.97 8.99 8.95 8.95 9.00 9.10 9.12 9.15 9.13 9.14 9.14 9.16 9.16 9.16 9.17 9.23 9.25 9.26 9.25 9.24 9.22 9.20 9.16 9.13 9.10 9.03 9.07 9.10 9.15 9.23 9.25 9.30 9.35 9.33 9.23 9.36 9.38 9.44 9.55 9.51 9.42 9.39 9.29 9.32 9.48 9.59 9.63 9.65 9.67 9.69 9.70 9.70 9.79 9.75 9.70 9.75 9.74 9.75 9.64 9.76 9.80 9.78 9.81 9.80 9.87 9.86 9.78 9.82 9.85 9.77 9.77 9.74 9.64 9.60 9.71 9.70 9.83 9.90 9.96 9.97 9.96 9.96 9.97
8.97 8.97 9.02 9.04 9.06 9.09 9.09 9.13 9.16 9.16 9.16 9.16 9.17 9.19 9.21 9.23 9.25 9.26 9.26 9.26 9.24 9.22 9.20 9.19 9.13 9.08 9.10 9.13 9.18 9.18 9.19 9.26 9.30 9.26 9.18 9.27 9.34 9.45 9.57 9.61 9.57 9.47 9.50 9.49 9.55 9.61 9.63 9.66 9.70 9.68 9.70 9.73 9.77 9.78 9.77 9.78 9.83 9.81 9.73 9.72 9.81 9.76 9.90 9.93 9.94 9.93 9.93 9.92 9.88 9.88 9.91 9.86 9.70 9.66 9.73 9.72 9.79 9.93 10.02 10.03 10.03 10.00 9.98
8.96 9.00 9.02 9.03 9.05 9.06 9.10 9.15 9.16 9.18 9.18 9.19 9.20 9.21 9.21 9.21 9.23 9.25 9.26 9.27 9.26 9.24 9.22 9.20 9.13 9.10 9.12 9.13 9.17 9.20 9.21 9.26 9.28 9.21 9.27 9.14 9.39 9.52 9.54 9.61 9.64 9.36 9.58 9.61 9.61 9.61 9.69 9.71 9.68 9.68 9.70 9.73 9.74 9.74 9.77 9.82 9.81 9.85 9.86 9.86 9.89 9.91 9.95 9.96 9.99 10.00 9.99 9.98 9.99 9.95 9.97 9.92 9.87 9.85 9.88 9.91 9.93 10.00 10.02 10.01 10.06 10.07 10.07
8.98 8.97 8.98 8.96 8.96 9.01 9.10 9.14 9.18 9.20 9.20 9.16 9.19 9.18 9.17 9.19 9.24 9.26 9.27 9.28 9.28 9.26 9.23 9.20 9.15 9.14 9.13 9.17 9.19 9.23 9.26 9.30 9.33 9.36 9.36 9.23 9.42 9.48 9.54 9.61 9.67 9.65 9.69 9.69 9.71 9.95 9.74 9.69 9.70 9.72 9.76 9.76 9.73 9.76 9.78 9.78 9.81 9.87 9.90 9.88 9.92 9.83 9.89 9.98 10.01 9.99 10.02 10.01 10.03 9.99 10.00 9.99 9.98 9.93 9.95 9.94 9.96 10.00 10.01 10.00 10.06 10.10 10.12
8.97 8.98 8.98 8.95 8.95 9.02 9.06 9.11 9.14 9.16 9.16 9.13 9.14 9.14 9.14 9.21 9.17 9.26 9.29 9.29 9.29 9.26 9.22 9.20 9.18 9.18 9.14 9.15 9.09 9.18 9.19 9.20 9.31 9.39 9.42 9.27 9.36 9.44 9.54 9.60 9.63 9.72 9.75 9.76 9.74 9.73 9.96 9.79 9.77 9.79 9.78 9.77 9.80 9.84 9.83 9.85 9.86 9.91 9.94 9.97 9.99 9.88 9.83 9.99 10.04 10.05 10.03 10.05 10.04 10.00 10.01 10.01 10.01 10.02 9.97 9.94 9.95 9.96 9.99 10.05 10.10 10.13 10.13
8.93 8.95 9.00 8.97 8.98 8.99 9.00 9.01 9.05 9.09 9.14 9.12 9.14 9.16 9.18 9.24 9.24 9.29 9.31 9.30 9.28 9.26 9.24 9.24 9.22 9.20 9.18 9.15 9.11 9.16 9.15 9.24 9.33 9.37 9.41 9.40 9.48 9.44 9.48 9.55 9.65 9.72 9.75 9.77 9.78 9.78 9.86 9.83 9.82 9.84 9.85 9.84 9.86 9.88 9.82 9.90 9.93 9.97 9.99 10.00 10.03 10.03 10.05 10.06 10.06 10.05 10.07 10.06 10.08 10.08 10.08 10.03 10.05 10.04 10.04 10.03 9.98 9.99 10.03 10.09 10.13 10.15 10.15
8.89 8.93 8.98 9.03 9.04 9.07 9.09 9.08 9.07 9.11 9.15 9.15 9.15 9.17 9.21 9.26 9.30 9.32 9.32 9.32 9.30 9.28 9.27 9.26 9.25 9.22 9.20 9.18 9.13 9.18 9.18 9.24 9.31 9.35 9.47 9.50 9.53 9.50 9.49 9.50 9.62 9.64 9.67 9.72 9.77 9.81 9.83 9.85 9.85 9.87 9.89 9.88 9.91 9.94 9.95 9.98 9.99 10.00 10.01 10.02 10.02 10.02 9.99 9.95 9.94 10.04 10.06 10.07 10.09 10.08 10.10 10.10 10.03 10.04 10.07 10.09 10.08 10.10 10.08 10.11 10.15 10.17 10.19
8.90 8.92 8.96 9.05 9.10 9.15 9.18 9.12 9.08 9.10 9.16 9.12 9.19 9.25 9.29 9.28 9.32 9.32 9.30 9.29 9.29 9.30 9.29 9.27 9.24 9.23 9.24 9.21 9.17 9.22 9.23 9.22 9.29 9.38 9.47 9.49 9.48 9.56 9.54 9.56 9.57 9.60 9.65 9.72 9.78 9.82 9.84 9.85 9.86 9.86 9.91 9.93 9.94 9.97 9.97 10.00 9.97 9.99 10.03 10.00 10.02 10.00 9.94 9.79 9.49 9.97 10.04 10.05 10.09 10.09 10.11 10.14 10.12 10.10 10.10 10.12 10.14 10.14 10.14 10.16 10.19 10.20 10.19
8.93 8.94 8.99 9.06 9.13 9.10 9.16 9.19 9.12 9.13 9.18 9.15 9.18 9.23 9.29 9.34 9.33 9.28 9.24 9.24 9.25 9.26 9.27 9.27 9.24 9.22 9.21 9.22 9.19 9.24 9.26 9.26 9.35 9.41 9.47 9.51 9.51 9.57 9.61 9.61 9.60 9.60 9.66 9.74 9.77 9.80 9.82 9.84 9.87 9.89 9.94 9.96 9.94 9.97 9.98 9.98 10.01 10.05 10.04 10.02 9.99 9.97 9.96 9.94 9.99 10.02 10.05 10.08 10.11 10.12 10.14 10.16 10.16 10.16 10.15 10.15 10.19 10.19 10.20 10.21 10.22 10.22 10.22
8.96 8.97 8.99 9.07 9.11 9.11 9.10 9.13 9.19 9.17 9.19 9.19 9.22 9.26 9.30 9.34 9.32 9.24 9.21 9.24 9.25 9.26 9.28 9.27 9.24 9.22 9.20 9.20 9.19 9.22 9.26 9.27 9.32 9.37 9.44 9.52 9.59 9.61 9.63 9.65 9.66 9.68 9.71 9.74 9.76 9.80 9.82 9.86 9.89 9.93 9.94 9.93 9.94 9.98 9.97 9.99 10.02 10.04 10.02 10.00 9.99 9.96 9.93 9.96 9.97 10.03 10.05 10.09 10.12 10.14 10.17 10.18 10.18 10.18 10.21 10.20 10.22 10.24 10.25 10.25 10.26 10.26 10.27
8.96 8.96 8.97 9.01 9.04 9.02 9.00 9.04 9.13 9.21 9.22 9.24 9.26 9.27 9.29 9.32 9.36 9.31 9.31 9.32 9.31 9.30 9.33 9.30 9.27 9.25 9.22 9.20 9.19 9.20 9.20 9.21 9.27 9.33 9.41 9.50 9.58 9.58 9.64 9.67 9.68 9.70 9.75 9.77 9.80 9.83 9.85 9.87 9.89 9.92 9.93 9.93 9.95 9.95 9.98 10.01 10.05 10.05 10.02 10.00 9.98 9.94 9.92 9.91 9.90 9.96 10.00 10.05 10.09 10.15 10.18 10.18 10.20 10.22 10.24 10.25 10.27 10.27 10.26 10.28 10.29 10.31 10.31
8.93 8.93 8.95 8.97 8.99 9.01 9.00 9.05 9.12 9.19 9.17 9.20 9.22 9.26 9.31 9.34 9.37 9.38 9.36 9.36 9.36 9.35 9.34 9.32 9.31 9.28 9.24 9.22 9.20 9.22 9.24 9.26 9.30 9.35 9.42 9.44 9.53 9.59 9.63 9.62 9.61 9.65 9.73 9.80 9.82 9.84 9.86 9.87 9.90 9.91 9.90 9.90 9.95 9.96 10.02 9.99 10.03 10.07 10.04 10.00 9.98 9.92 9.91 9.87 9.79 9.83 9.94 10.06 10.09 10.15 10.20 10.19 10.21 10.22 10.24 10.26 10.28 10.30 10.31 10.31 10.33 10.34 10.36
8.90 8.91 8.94 8.96 9.00 9.03 9.06 9.08 9.13 9.17 9.17 9.19 9.21 9.26 9.31 9.31 9.37 9.39 9.39 9.39 9.39 9.37 9.36 9.35 9.32 9.29 9.25 9.22 9.22 9.24 9.28 9.33 9.36 9.37 9.44 9.51 9.56 9.58 9.60 9.59 9.61 9.68 9.73 9.81 9.81 9.82 9.82 9.85 9.88 9.88 9.89 9.93 9.94 9.96 9.99 9.98 10.03 10.07 10.05 10.02 9.95 9.89 9.87 9.89 9.75 9.73 9.80 10.09 10.12 10.14 10.18 10.19 10.22 10.24 10.27 10.29 10.27 10.26 10.30 10.37 10.37 10.38 10.40
8.88 8.90 8.93 8.95 8.99 9.04 9.08 9.09 9.12 9.15 9.17 9.19 9.21 9.24 9.28 9.32 9.38 9.40 9.39 9.39 9.39 9.36 9.37 9.35 9.33 9.29 9.26 9.19 9.20 9.26 9.32 9.30 9.37 9.43 9.46 9.49 9.47 9.51 9.56 9.62 9.64 9.66 9.69 9.76 9.80 9.79 9.79 9.85 9.87 9.87 9.89 9.90 9.93 9.97 9.97 10.01 10.05 10.08 10.04 9.99 9.97 9.88 9.83 9.85 9.79 9.62 9.12 9.89 10.11 10.10 10.18 10.18 10.23 10.26 10.29 10.26 10.26 10.33 10.36 10.37 10.39 10.41 10.42
