main/data/pressure/31.05.2023.grid
ncols 886
nrows 691
xllcenter 112.0000
yllcenter -44.5000
cellsize 0.0500
nodata_value 99999.90
[rows 185 to 221 of 691, columns 415 to 497 of 886]
7.92 7.89 7.81 7.72 7.62 7.55 7.46 7.39 7.34 7.27 7.19 7.15 7.11 7.04 6.93 6.75 6.60 6.53 6.47 6.42 6.31 6.19 6.14 6.12 6.06 5.99 5.80 5.79 5.94 6.01 6.06 5.97 5.95 5.95 5.93 5.98 6.01 5.99 5.98 6.00 6.02 6.05 6.05 6.06 6.12 6.11 6.10 6.14 6.17 6.19 6.21 6.21 6.21 6.22 6.22 6.21 6.21 6.18 6.19 6.18 6.15 6.12 6.12 6.10 6.08 6.10 6.07 6.07 6.05 6.05 6.00 6.01 6.02 6.03 6.02 6.04 6.05 6.04 6.03 6.04 6.04 6.03 6.04
7.91 7.89 7.83 7.75 7.65 7.54 7.43 7.35 7.28 7.21 7.15 7.12 7.07 7.00 6.89 6.73 6.63 6.54 6.45 6.38 6.32 6.25 6.16 6.10 6.03 5.94 5.78 5.86 5.95 6.06 5.98 5.83 5.89 5.91 5.94 5.96 5.98 5.98 5.96 5.93 5.93 6.00 6.02 6.05 6.07 6.10 6.11 6.12 6.16 6.18 6.20 6.21 6.21 6.21 6.21 6.20 6.21 6.19 6.18 6.16 6.13 6.11 6.11 6.08 6.06 6.10 6.05 6.03 6.00 6.03 6.00 6.03 6.03 6.02 5.98 6.02 6.03 6.03 6.03 6.02 6.01 6.01 6.03
7.90 7.88 7.84 7.76 7.67 7.56 7.44 7.36 7.27 7.19 7.16 7.13 7.05 6.99 6.89 6.76 6.67 6.55 6.45 6.33 6.26 6.20 6.14 6.11 6.03 6.02 6.05 6.06 6.02 6.02 5.96 5.86 5.87 5.85 5.95 5.94 5.93 5.94 5.93 5.91 5.87 5.94 5.97 5.99 6.06 6.05 6.09 6.12 6.12 6.18 6.21 6.22 6.21 6.20 6.21 6.21 6.20 6.19 6.16 6.15 6.12 6.10 6.09 6.09 6.09 6.09 6.04 6.02 6.02 6.01 6.02 6.01 6.01 5.99 5.99 6.01 6.03 6.03 6.02 6.01 6.01 6.01 6.03
7.90 7.89 7.85 7.79 7.71 7.61 7.54 7.44 7.35 7.30 7.21 7.14 7.09 7.02 6.93 6.83 6.71 6.58 6.48 6.39 6.32 6.26 6.23 6.19 6.14 6.10 5.96 5.88 6.00 5.96 5.96 5.90 5.85 5.82 5.86 5.88 5.91 5.91 5.90 5.88 5.86 5.89 5.93 5.99 6.02 6.01 6.06 6.11 6.13 6.17 6.21 6.22 6.20 6.22 6.22 6.20 6.18 6.19 6.16 6.15 6.12 6.10 6.10 6.10 6.10 6.07 6.02 6.01 6.00 5.98 5.97 6.00 5.99 5.98 5.97 5.99 6.01 6.02 6.02 6.01 6.01 6.01 6.03
7.91 7.93 7.88 7.82 7.75 7.67 7.60 7.53 7.43 7.36 7.27 7.19 7.11 7.04 6.96 6.86 6.72 6.62 6.53 6.45 6.39 6.33 6.28 6.16 6.05 5.91 5.90 5.83 5.90 5.91 5.88 5.86 5.82 5.85 5.88 5.89 5.90 5.90 5.88 5.86 5.85 5.86 5.92 5.97 5.98 5.96 6.05 6.11 6.14 6.15 6.18 6.22 6.22 6.21 6.19 6.19 6.20 6.17 6.16 6.14 6.13 6.12 6.11 6.10 6.09 6.08 6.07 6.01 5.98 5.97 5.95 5.97 5.98 5.96 5.95 5.97 5.99 6.00 6.02 6.01 6.01 6.02 6.03
8.00 7.95 7.91 7.85 7.79 7.71 7.64 7.57 7.49 7.41 7.32 7.24 7.14 7.05 6.96 6.84 6.72 6.64 6.56 6.49 6.41 6.34 6.25 6.08 5.97 5.91 5.87 5.76 5.79 5.81 5.85 5.76 5.69 5.83 5.88 5.89 5.89 5.87 5.87 5.85 5.85 5.85 5.89 5.94 5.96 5.99 6.05 6.10 6.13 6.14 6.17 6.20 6.21 6.20 6.20 6.20 6.19 6.17 6.16 6.15 6.14 6.13 6.12 6.12 6.08 6.07 6.06 6.03 6.02 5.99 5.97 5.97 5.95 5.93 5.94 5.97 5.98 5.99 6.00 6.01 6.01 6.02 6.02
7.97 7.95 7.91 7.86 7.81 7.74 7.67 7.59 7.51 7.44 7.35 7.26 7.16 7.06 6.96 6.83 6.73 6.67 6.59 6.51 6.44 6.36 6.28 6.19 6.12 5.97 5.94 5.79 5.78 5.81 5.84 5.87 5.84 5.86 5.86 5.87 5.88 5.89 5.87 5.84 5.85 5.85 5.87 5.91 5.95 5.99 6.05 6.10 6.13 6.15 6.18 6.19 6.20 6.20 6.19 6.19 6.19 6.17 6.16 6.16 6.15 6.13 6.13 6.11 6.09 6.06 6.06 6.03 6.00 5.98 5.97 5.96 5.95 5.93 5.93 5.95 5.96 5.97 5.99 5.99 5.99 6.01 6.00
7.97 7.95 7.91 7.84 7.78 7.74 7.68 7.61 7.53 7.44 7.35 7.26 7.16 7.06 6.95 6.82 6.72 6.66 6.61 6.55 6.49 6.40 6.32 6.26 6.16 6.06 5.98 5.84 5.75 5.72 5.77 5.70 5.84 5.82 5.82 5.86 5.86 5.90 5.88 5.85 5.85 5.85 5.86 5.90 5.94 5.99 6.05 6.09 6.12 6.15 6.18 6.18 6.19 6.18 6.17 6.17 6.18 6.17 6.15 6.16 6.14 6.13 6.11 6.10 6.09 6.06 6.05 6.04 6.00 5.98 5.97 5.95 5.94 5.94 5.93 5.94 5.95 5.97 5.99 5.99 5.98 6.00 6.01
8.01 7.96 7.92 7.84 7.77 7.72 7.66 7.60 7.53 7.44 7.36 7.27 7.16 7.05 6.94 6.82 6.73 6.67 6.62 6.56 6.51 6.44 6.36 6.27 6.18 6.12 6.05 5.94 5.73 5.75 5.79 5.86 5.84 5.83 5.82 5.81 5.81 5.90 5.88 5.85 5.85 5.85 5.86 5.89 5.95 6.00 6.05 6.09 6.12 6.16 6.17 6.18 6.19 6.17 6.16 6.17 6.18 6.15 6.15 6.14 6.13 6.11 6.10 6.09 6.07 6.06 6.04 6.03 6.02 5.99 5.97 5.96 5.95 5.94 5.92 5.92 5.94 5.97 5.98 5.98 5.97 5.98 6.01
7.98 7.95 7.93 7.86 7.79 7.72 7.64 7.56 7.50 7.45 7.36 7.27 7.15 7.05 6.93 6.81 6.72 6.67 6.62 6.57 6.51 6.45 6.39 6.32 6.22 6.17 6.08 5.97 5.61 5.81 5.84 5.77 5.68 5.78 5.69 5.67 5.84 5.89 5.87 5.84 5.83 5.83 5.85 5.89 5.96 6.00 6.05 6.09 6.13 6.16 6.17 6.17 6.18 6.18 6.16 6.17 6.17 6.16 6.15 6.14 6.13 6.12 6.10 6.08 6.06 6.06 6.04 6.03 6.02 6.00 5.99 5.96 5.95 5.95 5.94 5.93 5.93 5.94 5.97 5.97 5.97 5.99 6.02
7.98 7.96 7.93 7.88 7.81 7.74 7.66 7.56 7.49 7.44 7.37 7.27 7.16 7.05 6.94 6.82 6.72 6.67 6.61 6.56 6.52 6.46 6.39 6.33 6.27 6.20 6.13 6.04 5.95 5.88 5.84 5.79 5.76 5.78 5.78 5.76 5.84 5.86 5.84 5.82 5.82 5.82 5.85 5.90 5.96 6.01 6.05 6.10 6.14 6.16 6.17 6.16 6.16 6.15 6.13 6.16 6.17 6.16 6.15 6.14 6.13 6.12 6.10 6.07 6.06 6.05 6.05 6.02 6.00 5.98 5.99 5.97 5.96 5.96 5.95 5.95 5.93 5.93 5.96 5.96 5.97 5.99 6.00
8.00 7.97 7.94 7.87 7.81 7.74 7.69 7.58 7.48 7.42 7.38 7.29 7.18 7.06 6.94 6.83 6.73 6.67 6.62 6.56 6.52 6.47 6.41 6.31 6.28 6.20 6.13 6.08 6.02 5.96 5.85 5.78 5.76 5.78 5.81 5.81 5.79 5.82 5.79 5.80 5.79 5.81 5.86 5.91 5.96 6.01 6.06 6.11 6.15 6.17 6.16 6.16 6.14 6.14 6.14 6.15 6.16 6.15 6.14 6.13 6.12 6.11 6.09 6.07 6.07 6.06 6.04 6.00 5.98 5.97 5.98 5.97 5.96 5.94 5.93 5.91 5.91 5.94 5.95 5.96 5.96 5.97 6.00
8.02 7.98 7.93 7.87 7.79 7.73 7.68 7.56 7.45 7.40 7.37 7.31 7.19 7.08 6.96 6.85 6.75 6.68 6.63 6.57 6.52 6.48 6.43 6.37 6.28 6.19 6.10 6.08 6.02 5.98 5.85 5.82 5.77 5.81 5.81 5.80 5.78 5.80 5.76 5.78 5.78 5.81 5.87 5.93 5.96 6.00 6.06 6.13 6.15 6.17 6.17 6.15 6.14 6.14 6.15 6.16 6.15 6.14 6.14 6.13 6.11 6.10 6.09 6.07 6.06 6.06 6.03 5.99 5.94 5.95 5.98 5.97 5.95 5.94 5.89 5.86 5.85 5.93 5.94 5.94 5.94 5.95 5.98
8.03 8.00 7.95 7.88 7.81 7.75 7.66 7.55 7.44 7.40 7.37 7.30 7.20 7.08 6.97 6.87 6.77 6.68 6.62 6.57 6.52 6.47 6.43 6.36 6.26 6.19 6.09 6.06 6.02 5.97 5.93 5.86 5.79 5.80 5.81 5.80 5.79 5.79 5.78 5.77 5.77 5.82 5.89 5.95 5.99 6.01 6.07 6.13 6.15 6.17 6.16 6.15 6.15 6.15 6.15 6.15 6.16 6.14 6.14 6.12 6.10 6.10 6.09 6.07 6.07 6.06 6.02 5.99 5.96 5.95 5.95 5.94 5.94 5.91 5.86 5.84 5.81 5.88 5.90 5.89 5.90 5.92 5.95
8.07 8.01 7.97 7.89 7.83 7.76 7.69 7.58 7.45 7.41 7.36 7.30 7.20 7.08 6.99 6.90 6.80 6.71 6.62 6.57 6.52 6.48 6.43 6.35 6.26 6.20 6.10 6.06 6.04 5.99 5.93 5.84 5.76 5.78 5.81 5.78 5.78 5.79 5.77 5.76 5.77 5.82 5.89 5.98 6.02 6.06 6.09 6.14 6.16 6.17 6.17 6.17 6.16 6.15 6.15 6.15 6.15 6.14 6.14 6.12 6.12 6.10 6.09 6.07 6.08 6.05 6.03 5.98 5.97 5.95 5.93 5.89 5.87 5.82 5.78 5.83 5.83 5.85 5.84 5.82 5.84 5.87 5.92
8.07 8.02 7.97 7.91 7.85 7.78 7.70 7.61 7.51 7.44 7.38 7.30 7.21 7.09 7.01 6.93 6.84 6.74 6.64 6.58 6.53 6.48 6.43 6.36 6.28 6.20 6.10 6.03 6.01 5.98 5.95 5.81 5.76 5.77 5.79 5.76 5.75 5.76 5.75 5.75 5.76 5.81 5.89 5.97 6.03 6.07 6.11 6.13 6.16 6.16 6.17 6.17 6.17 6.16 6.15 6.15 6.15 6.14 6.13 6.12 6.10 6.10 6.09 6.08 6.08 6.05 6.03 6.01 5.97 5.94 5.90 5.86 5.80 5.76 5.76 5.77 5.80 5.82 5.73 5.73 5.78 5.84 5.90
8.06 8.01 7.96 7.91 7.85 7.79 7.72 7.64 7.54 7.46 7.39 7.32 7.23 7.13 7.05 6.96 6.88 6.78 6.69 6.60 6.55 6.49 6.45 6.38 6.31 6.22 6.11 6.03 5.99 5.96 5.90 5.63 5.67 5.77 5.76 5.77 5.74 5.74 5.75 5.76 5.78 5.78 5.88 5.98 6.04 6.10 6.13 6.15 6.17 6.17 6.17 6.18 6.17 6.17 6.17 6.16 6.15 6.15 6.13 6.11 6.10 6.10 6.10 6.09 6.07 6.05 6.01 5.98 5.96 5.92 5.89 5.85 5.78 5.76 5.77 5.77 5.78 5.80 5.76 5.68 5.77 5.86 5.91
8.06 8.02 7.97 7.92 7.87 7.80 7.73 7.65 7.56 7.48 7.41 7.33 7.25 7.16 7.08 7.00 6.92 6.84 6.74 6.65 6.57 6.50 6.46 6.40 6.33 6.23 6.13 6.05 5.99 5.98 5.72 5.53 5.61 5.71 5.75 5.75 5.74 5.75 5.79 5.80 5.81 5.83 5.88 5.95 6.02 6.05 6.12 6.17 6.18 6.18 6.18 6.19 6.18 6.17 6.17 6.17 6.15 6.15 6.13 6.12 6.10 6.11 6.10 6.10 6.07 6.04 6.00 5.96 5.92 5.90 5.87 5.84 5.82 5.81 5.80 5.77 5.75 5.73 5.73 5.74 5.78 5.82 5.83
8.05 8.02 7.97 7.92 7.87 7.81 7.73 7.66 7.59 7.51 7.42 7.35 7.27 7.18 7.11 7.03 6.96 6.89 6.79 6.71 6.62 6.54 6.48 6.43 6.36 6.27 6.16 6.07 5.98 6.03 5.88 5.80 5.68 5.72 5.76 5.74 5.74 5.77 5.83 5.85 5.86 5.88 5.91 5.95 6.00 6.04 6.10 6.14 6.17 6.18 6.19 6.18 6.18 6.17 6.17 6.17 6.15 6.15 6.13 6.12 6.11 6.10 6.11 6.10 6.08 6.03 5.99 5.96 5.91 5.88 5.86 5.85 5.86 5.87 5.83 5.79 5.73 5.65 5.65 5.73 5.77 5.76 5.81
8.05 8.01 7.97 7.92 7.87 7.80 7.75 7.68 7.61 7.53 7.45 7.37 7.29 7.22 7.14 7.07 7.00 6.91 6.83 6.76 6.68 6.60 6.53 6.46 6.39 6.32 6.25 6.16 6.11 6.08 5.91 5.67 5.69 5.74 5.81 5.75 5.76 5.79 5.84 5.88 5.93 5.95 5.98 6.00 6.03 6.04 6.09 6.15 6.17 6.19 6.20 6.20 6.19 6.19 6.18 6.17 6.15 6.15 6.14 6.13 6.12 6.11 6.11 6.11 6.07 6.03 6.00 5.96 5.93 5.90 5.88 5.87 5.88 5.88 5.84 5.79 5.75 5.72 5.67 5.69 5.72 5.75 5.81
7.99 7.97 7.97 7.91 7.86 7.81 7.76 7.69 7.62 7.54 7.46 7.39 7.31 7.24 7.17 7.11 7.03 6.95 6.87 6.81 6.74 6.68 6.61 6.53 6.47 6.40 6.35 6.27 6.20 6.14 6.03 5.93 5.81 5.82 5.89 5.75 5.79 5.83 5.87 5.93 5.98 6.02 6.05 6.09 6.09 6.10 6.14 6.17 6.20 6.20 6.20 6.21 6.20 6.19 6.20 6.18 6.16 6.15 6.14 6.13 6.13 6.12 6.11 6.10 6.06 6.03 6.01 5.98 5.96 5.94 5.90 5.89 5.89 5.86 5.82 5.78 5.74 5.71 5.66 5.66 5.69 5.73 5.79
7.85 7.90 7.93 7.89 7.85 7.80 7.75 7.70 7.63 7.56 7.47 7.39 7.33 7.27 7.21 7.14 7.07 7.00 6.94 6.86 6.80 6.74 6.69 6.62 6.56 6.49 6.42 6.36 6.29 6.24 6.16 6.09 6.03 5.99 5.99 5.92 5.84 5.91 5.92 5.98 6.04 6.08 6.13 6.15 6.18 6.19 6.20 6.20 6.22 6.23 6.23 6.22 6.21 6.20 6.19 6.18 6.17 6.16 6.15 6.14 6.14 6.13 6.12 6.11 6.08 6.05 6.03 6.01 5.98 5.95 5.92 5.90 5.90 5.86 5.80 5.74 5.72 5.67 5.64 5.66 5.70 5.74 5.81
7.89 7.90 7.92 7.88 7.84 7.79 7.76 7.70 7.62 7.55 7.46 7.39 7.34 7.30 7.23 7.17 7.11 7.04 6.99 6.92 6.86 6.81 6.75 6.69 6.63 6.57 6.51 6.45 6.38 6.33 6.27 6.22 6.17 6.11 6.00 5.92 5.89 5.96 6.04 6.07 6.12 6.17 6.18 6.19 6.21 6.22 6.23 6.24 6.24 6.24 6.25 6.23 6.22 6.22 6.19 6.18 6.18 6.17 6.16 6.15 6.14 6.13 6.13 6.11 6.10 6.07 6.04 6.02 6.00 5.97 5.94 5.92 5.89 5.86 5.80 5.74 5.71 5.69 5.68 5.69 5.71 5.76 5.82
7.97 7.94 7.92 7.88 7.81 7.77 7.74 7.68 7.60 7.54 7.45 7.38 7.35 7.32 7.27 7.21 7.14 7.09 7.03 6.97 6.92 6.86 6.80 6.75 6.72 6.66 6.60 6.53 6.47 6.42 6.36 6.31 6.24 6.13 5.97 5.89 5.94 5.99 6.10 6.15 6.19 6.20 6.21 6.23 6.25 6.25 6.25 6.27 6.25 6.26 6.25 6.24 6.24 6.20 6.18 6.18 6.18 6.17 6.16 6.16 6.15 6.15 6.14 6.12 6.10 6.07 6.04 6.02 6.00 5.98 5.95 5.93 5.91 5.87 5.83 5.78 5.74 5.73 5.72 5.73 5.74 5.78 5.83
7.97 7.95 7.91 7.86 7.79 7.77 7.74 7.68 7.61 7.54 7.45 7.36 7.36 7.34 7.29 7.24 7.18 7.13 7.08 7.02 6.97 6.92 6.86 6.83 6.79 6.74 6.66 6.61 6.55 6.48 6.43 6.40 6.34 6.27 6.16 6.08 6.05 6.04 6.15 6.22 6.22 6.20 6.23 6.25 6.27 6.28 6.27 6.22 6.25 6.26 6.26 6.25 6.20 6.18 6.20 6.19 6.17 6.15 6.15 6.16 6.17 6.16 6.14 6.12 6.10 6.08 6.04 6.01 6.00 5.98 5.95 5.93 5.91 5.89 5.86 5.83 5.79 5.78 5.75 5.75 5.76 5.80 5.81
7.98 7.95 7.90 7.85 7.82 7.80 7.74 7.69 7.63 7.56 7.48 7.41 7.39 7.37 7.32 7.27 7.22 7.16 7.11 7.07 7.02 6.95 6.93 6.89 6.86 6.82 6.76 6.68 6.62 6.53 6.47 6.29 6.30 6.35 6.29 6.20 6.10 6.11 6.19 6.21 6.21 6.23 6.26 6.26 6.28 6.30 6.27 6.26 6.27 6.29 6.28 6.20 6.16 6.19 6.22 6.10 6.07 6.10 6.13 6.15 6.16 6.15 6.14 6.12 6.10 6.06 6.02 6.00 6.00 5.99 5.96 5.94 5.92 5.88 5.86 5.84 5.82 5.79 5.76 5.75 5.76 5.77 5.78
8.01 7.96 7.89 7.85 7.81 7.78 7.75 7.69 7.65 7.59 7.52 7.46 7.43 7.40 7.35 7.30 7.23 7.19 7.15 7.11 7.07 7.02 6.99 6.96 6.92 6.88 6.85 6.74 6.68 6.59 6.21 6.42 6.24 6.33 6.34 6.26 6.16 6.09 6.03 5.90 6.10 6.27 6.27 6.28 6.32 6.24 6.25 6.28 6.29 6.31 6.28 6.15 6.14 6.21 6.20 6.04 5.99 6.08 6.12 6.15 6.16 6.15 6.14 6.13 6.11 6.06 6.01 6.01 6.00 5.98 5.97 5.94 5.92 5.89 5.87 5.86 5.83 5.78 5.76 5.75 5.75 5.76 5.77
8.00 7.95 7.90 7.85 7.81 7.78 7.73 7.69 7.65 7.59 7.53 7.48 7.46 7.43 7.38 7.32 7.27 7.21 7.16 7.13 7.10 7.07 7.04 7.01 6.98 6.94 6.90 6.84 6.77 6.70 6.61 6.51 6.41 6.41 6.39 6.31 6.20 6.07 5.89 5.75 6.05 6.26 6.28 6.32 6.35 6.30 6.26 6.30 6.31 6.31 6.27 6.22 6.23 6.22 6.18 6.12 6.10 6.11 6.12 6.13 6.15 6.15 6.14 6.13 6.12 6.09 6.05 6.03 6.01 5.98 5.96 5.95 5.93 5.91 5.89 5.86 5.83 5.81 5.76 5.74 5.73 5.74 5.75
8.01 7.95 7.87 7.84 7.82 7.77 7.73 7.68 7.65 7.59 7.55 7.50 7.48 7.44 7.40 7.35 7.30 7.25 7.20 7.15 7.13 7.11 7.08 7.05 7.02 6.99 6.96 6.92 6.88 6.80 6.73 6.62 6.57 6.54 6.47 6.38 6.27 6.14 6.00 5.97 6.17 6.30 6.30 6.34 6.34 6.30 6.29 6.31 6.34 6.33 6.25 6.18 6.24 6.20 6.14 6.06 6.04 6.09 6.12 6.14 6.13 6.14 6.15 6.13 6.11 6.09 6.08 6.05 6.02 5.98 5.95 5.93 5.91 5.91 5.88 5.87 5.84 5.82 5.76 5.72 5.71 5.73 5.75
8.00 7.95 7.89 7.85 7.82 7.76 7.72 7.68 7.64 7.60 7.55 7.50 7.45 7.42 7.40 7.37 7.33 7.28 7.24 7.20 7.19 7.16 7.12 7.07 7.03 7.02 7.00 6.97 6.94 6.88 6.82 6.74 6.68 6.64 6.54 6.43 6.36 6.27 6.17 6.11 6.14 6.22 6.28 6.33 6.32 6.33 6.35 6.35 6.29 6.27 6.22 6.22 6.23 6.20 6.10 5.97 5.94 6.06 6.15 6.16 6.15 6.15 6.14 6.13 6.10 6.08 6.07 6.05 6.03 5.99 5.95 5.91 5.89 5.87 5.86 5.86 5.84 5.81 5.77 5.73 5.72 5.73 5.73
7.95 7.93 7.89 7.85 7.80 7.75 7.71 7.67 7.64 7.60 7.50 7.47 7.44 7.40 7.44 7.41 7.35 7.31 7.27 7.25 7.23 7.19 7.15 7.08 7.02 7.03 7.03 7.00 6.98 6.94 6.87 6.82 6.77 6.72 6.61 6.46 6.31 6.31 6.24 6.21 6.25 6.29 6.33 6.23 6.29 6.32 6.35 6.07 6.23 6.25 6.18 6.24 6.20 6.17 6.05 5.87 5.78 5.98 6.16 6.18 6.15 6.15 6.15 6.13 6.11 6.08 6.05 6.04 6.03 5.99 5.93 5.88 5.87 5.84 5.85 5.85 5.84 5.81 5.78 5.75 5.74 5.73 5.73
7.93 7.90 7.87 7.83 7.78 7.73 7.68 7.66 7.64 7.59 7.51 7.49 7.49 7.48 7.48 7.43 7.39 7.33 7.30 7.26 7.22 7.20 7.16 7.14 7.05 7.01 7.04 7.03 7.01 6.99 6.96 6.91 6.85 6.80 6.71 6.58 6.48 6.42 6.38 6.40 6.37 6.30 6.31 6.33 6.29 6.29 6.34 6.14 6.26 6.26 6.23 6.17 6.11 5.99 5.86 5.79 5.78 5.97 6.14 6.17 6.17 6.16 6.16 6.14 6.11 6.08 6.06 6.05 6.03 5.99 5.93 5.88 5.87 5.87 5.87 5.86 5.83 5.81 5.78 5.77 5.75 5.74 5.72
7.93 7.90 7.86 7.81 7.78 7.74 7.68 7.65 7.63 7.59 7.57 7.55 7.53 7.52 7.49 7.44 7.40 7.35 7.32 7.26 7.21 7.19 7.16 7.12 7.12 7.08 7.08 7.06 7.03 7.01 6.99 6.98 6.93 6.88 6.83 6.72 6.63 6.57 6.52 6.48 6.34 6.21 6.27 6.29 6.28 6.28 6.32 6.06 6.31 6.25 6.16 6.00 6.08 5.98 5.75 5.77 5.76 6.01 6.15 6.15 6.16 6.16 6.17 6.15 6.12 6.09 6.08 6.06 6.03 5.99 5.94 5.91 5.91 5.92 5.88 5.85 5.84 5.82 5.79 5.79 5.77 5.76 5.74
7.97 7.91 7.85 7.79 7.77 7.74 7.70 7.67 7.63 7.59 7.55 7.52 7.52 7.51 7.49 7.46 7.42 7.35 7.31 7.26 7.22 7.22 7.20 7.17 7.13 7.12 7.11 7.08 7.06 7.03 7.02 7.01 7.00 6.95 6.89 6.81 6.74 6.67 6.63 6.54 6.41 6.30 6.30 6.30 6.27 6.24 6.32 6.33 6.28 6.24 6.16 6.09 6.11 6.05 5.94 5.94 5.97 6.07 6.10 6.11 6.12 6.15 6.16 6.16 6.14 6.12 6.09 6.07 6.04 6.01 5.97 5.95 5.94 5.92 5.92 5.93 5.88 5.85 5.84 5.82 5.80 5.78 5.77
7.91 7.88 7.82 7.78 7.75 7.73 7.71 7.67 7.62 7.57 7.53 7.51 7.51 7.51 7.50 7.47 7.44 7.35 7.31 7.25 7.19 7.19 7.16 7.11 7.10 7.12 7.12 7.10 7.08 7.04 7.04 7.04 7.03 7.00 6.94 6.88 6.82 6.75 6.69 6.57 6.49 6.41 6.39 6.34 6.28 6.24 6.32 5.95 6.10 6.21 6.16 6.08 6.11 6.14 6.11 6.17 6.18 6.14 6.08 6.08 6.09 6.15 6.17 6.17 6.15 6.12 6.09 6.07 6.06 6.05 5.99 6.00 5.96 5.92 5.94 5.94 5.91 5.88 5.87 5.87 5.85 5.81 5.80
7.88 7.85 7.80 7.76 7.74 7.72 7.69 7.65 7.60 7.57 7.55 7.53 7.53 7.52 7.51 7.49 7.44 7.38 7.32 7.25 7.17 7.11 7.10 7.11 7.13 7.13 7.13 7.11 7.08 7.06 7.05 7.04 7.04 7.04 6.99 6.93 6.86 6.80 6.74 6.68 6.57 6.49 6.43 6.34 6.29 6.29 6.21 6.00 6.07 6.20 6.12 6.11 6.16 6.20 6.17 6.21 6.22 6.21 6.19 6.16 6.17 6.20 6.20 6.17 6.14 6.12 6.12 6.09 6.08 6.07 6.01 6.01 6.00 5.97 5.97 5.96 5.94 5.92 5.91 5.90 5.88 5.85 5.83
7.97 7.85 7.76 7.74 7.72 7.70 7.67 7.63 7.58 7.55 7.56 7.55 7.54 7.53 7.51 7.49 7.46 7.40 7.33 7.27 7.18 7.10 7.04 7.09 7.15 7.13 7.13 7.11 7.09 7.07 7.06 7.05 7.05 7.04 7.02 6.96 6.91 6.84 6.76 6.69 6.62 6.55 6.45 6.33 6.28 6.11 6.04 5.94 6.12 6.22 6.18 6.19 6.24 6.20 6.12 6.17 6.22 6.24 6.24 6.24 6.24 6.22 6.21 6.19 6.16 6.14 6.14 6.11 6.10 6.09 6.06 6.04 6.03 6.00 5.98 5.97 5.95 5.94 5.92 5.91 5.89 5.88 5.86
