main/data/rainfall/02.01.2023.grid
ncols 886
nrows 691
xllcenter 112.0000
yllcenter -44.5000
cellsize 0.0500
nodata_value 99999.90
[rows 210 to 251 of 691, columns 282 to 375 of 886]
9.4 9.8 10.3 10.9 11.7 12.6 13.6 14.8 16.0 17.3 18.6 19.2 19.7 20.0 20.3 20.5 20.7 20.9 21.1 21.3 21.5 21.7 21.9 22.1 22.3 22.4 22.8 22.8 22.8 22.9 23.0 23.1 23.1 23.2 23.3 23.3 23.4 23.4 23.5 23.6 23.7 23.7 23.7 23.8 23.8 23.8 23.7 23.6 23.4 23.2 23.0 22.7 22.4 22.2 21.8 21.6 21.3 20.9 20.4 19.8 19.1 18.4 17.5 16.6 15.5 14.3 13.3 13.2 13.9 14.6 15.4 16.2 17.0 17.9 19.0 20.2 21.3 22.6 23.7 24.9 26.0 27.2 28.4 29.5 30.6 31.6 32.6 33.6 34.5 35.3 36.1 36.9 37.6 38.4
7.6 8.0 8.5 9.0 9.6 10.4 11.3 12.3 13.5 14.9 16.3 17.8 19.1 19.8 20.2 20.5 20.7 21.0 21.1 21.3 21.5 21.7 21.8 21.9 22.1 22.3 22.4 22.5 22.6 22.7 22.9 22.9 22.9 23.0 23.1 23.2 23.2 23.2 23.3 23.5 23.6 23.7 23.6 23.6 23.7 23.8 23.5 23.4 23.3 23.2 22.9 22.6 22.4 22.1 21.9 21.7 21.4 21.1 20.7 20.2 19.6 19.0 18.3 17.5 16.7 15.8 14.9 14.6 15.1 15.9 16.7 17.5 18.3 19.2 20.4 21.6 22.8 24.0 25.1 26.2 27.4 28.5 29.6 30.7 31.8 32.8 33.7 34.6 35.5 36.2 36.9 37.6 38.2 39.0
6.1 6.5 6.9 7.3 7.9 8.6 9.4 10.3 11.3 12.4 13.7 15.1 16.7 18.1 19.4 20.2 20.6 21.0 21.1 21.2 21.4 21.5 21.7 21.8 22.0 22.3 22.3 22.4 22.4 22.5 22.6 22.7 22.8 22.8 22.8 23.1 23.0 23.1 23.2 23.3 23.4 23.5 23.5 23.5 23.5 23.5 23.4 23.3 23.1 23.0 22.8 22.5 22.2 22.0 21.8 21.6 21.5 21.2 20.9 20.5 20.0 19.6 19.0 18.4 17.8 17.1 16.5 16.1 16.5 17.2 18.0 18.8 19.7 20.6 21.7 22.9 24.1 25.3 26.5 27.6 28.7 29.8 30.8 31.9 32.8 33.7 34.6 35.4 36.3 37.0 37.6 38.2 38.8 39.4
4.9 5.2 5.5 6.0 6.5 7.0 7.7 8.5 9.4 10.3 11.4 12.7 13.9 15.3 16.8 18.2 19.5 20.5 20.9 21.2 21.3 21.5 21.6 21.7 21.9 22.1 22.2 22.2 22.4 22.4 22.4 22.5 22.5 22.7 22.7 22.9 22.9 23.0 23.0 23.1 23.3 23.3 23.3 23.4 23.4 23.3 23.2 23.1 23.0 22.8 22.5 22.3 22.1 21.9 21.7 21.5 21.4 21.2 21.0 20.7 20.4 20.0 19.6 19.2 18.7 18.3 17.9 17.7 17.9 18.6 19.4 20.2 21.1 22.1 23.1 24.3 25.5 26.7 27.8 28.9 29.9 31.0 31.9 32.8 33.7 34.6 35.3 36.1 36.9 37.6 38.3 38.8 39.3 39.9
3.9 4.2 4.5 4.8 5.3 5.8 6.4 7.0 7.8 8.6 9.5 10.5 11.6 12.8 14.0 15.4 16.7 18.0 19.2 20.3 20.9 21.2 21.5 21.7 21.8 22.0 22.1 22.0 22.2 22.3 22.3 22.3 22.4 22.5 22.6 22.7 22.8 22.9 23.0 23.0 23.1 23.2 23.2 23.2 23.2 23.2 23.0 22.8 22.6 22.5 22.3 22.1 21.9 21.7 21.5 21.4 21.3 21.2 21.1 20.9 20.6 20.4 20.1 19.8 19.5 19.3 19.1 19.1 19.4 20.0 20.8 21.7 22.6 23.5 24.5 25.6 26.8 27.9 29.0 30.0 31.0 32.0 33.0 33.8 34.5 35.3 36.0 36.7 37.4 38.1 38.8 39.2 39.7 40.2
3.1 3.3 3.6 3.9 4.3 4.7 5.2 5.8 6.4 7.1 7.9 8.7 9.6 10.6 11.7 12.7 13.9 15.1 16.3 17.5 18.6 19.5 20.4 21.1 21.3 21.5 21.7 21.9 22.1 22.2 22.2 22.2 22.3 22.4 22.5 22.6 22.7 22.8 22.8 22.8 22.8 22.8 22.7 22.6 22.5 22.3 21.9 21.7 21.6 21.7 21.7 21.7 21.6 21.5 21.4 21.3 21.2 21.2 21.1 21.0 20.9 20.7 20.5 20.4 20.2 20.1 20.1 20.3 20.6 21.3 22.2 23.1 24.0 24.9 25.9 26.9 28.0 29.0 30.1 31.0 31.9 32.9 33.8 34.5 35.2 35.9 36.5 37.2 37.8 38.5 39.0 39.5 40.0 40.4
2.5 2.7 2.9 3.1 3.4 3.8 4.2 4.7 5.2 5.8 6.5 7.1 7.9 8.7 9.6 10.5 11.5 12.5 13.6 14.6 15.6 16.6 17.5 18.3 19.1 19.8 20.4 21.0 21.4 21.6 21.7 21.8 21.8 21.9 22.0 22.0 22.1 22.1 22.0 21.6 21.2 20.8 20.4 20.0 19.6 19.3 19.0 18.9 18.9 19.2 19.6 20.3 21.0 21.2 21.2 21.2 21.1 21.1 21.1 21.1 21.0 21.0 20.9 20.8 20.7 20.8 20.9 21.1 21.6 22.4 23.4 24.4 25.3 26.3 27.2 28.2 29.1 30.1 31.1 31.9 32.8 33.7 34.6 35.2 35.9 36.5 37.1 37.6 38.2 38.7 39.2 39.7 40.1 40.4
2.0 2.1 2.3 2.5 2.8 3.1 3.4 3.8 4.2 4.7 5.3 5.8 6.5 7.1 7.9 8.7 9.5 10.3 11.2 12.0 12.9 13.7 14.5 15.3 16.0 16.7 17.4 17.9 18.5 18.8 19.1 19.3 19.3 19.4 19.4 19.3 19.2 19.0 18.8 18.4 18.0 17.6 17.2 16.9 16.5 16.2 16.1 16.0 16.2 16.5 17.1 17.9 19.0 20.2 20.8 21.0 21.1 21.1 21.1 21.2 21.2 21.2 21.2 21.2 21.2 21.3 21.5 21.8 22.3 23.1 24.2 25.5 26.6 27.5 28.4 29.3 30.2 31.1 32.0 32.8 33.6 34.4 35.2 35.8 36.4 37.0 37.5 38.0 38.5 39.0 39.4 39.8 40.2 40.5
1.5 1.7 1.8 2.0 2.2 2.5 2.8 3.1 3.4 3.8 4.3 4.7 5.3 5.8 6.4 7.1 7.7 8.4 9.1 9.8 10.6 11.3 11.9 12.6 13.2 13.8 14.3 14.7 15.1 15.5 15.8 16.1 16.1 16.2 16.1 16.1 15.9 15.7 15.5 15.2 14.9 14.6 14.3 14.0 13.8 13.6 13.5 13.6 13.8 14.2 14.8 15.6 16.8 18.2 19.7 20.7 21.0 21.0 21.1 21.2 21.3 21.4 21.4 21.5 21.5 21.6 21.9 22.2 22.8 23.5 24.6 25.9 27.4 28.6 29.6 30.4 31.2 32.0 32.8 33.6 34.3 35.0 35.7 36.3 36.8 37.3 37.8 38.3 38.8 39.2 39.6 39.9 40.2 40.4
1.2 1.3 1.4 1.6 1.8 2.0 2.2 2.5 2.8 3.1 3.4 3.8 4.3 4.7 5.2 5.7 6.3 6.8 7.4 8.0 8.7 9.2 9.8 10.3 10.8 11.3 11.7 12.0 12.4 12.7 12.9 13.1 13.3 13.3 13.3 13.2 13.0 12.9 12.7 12.5 12.2 12.0 11.8 11.6 11.4 11.4 11.4 11.5 11.7 12.2 12.8 13.6 14.8 16.2 17.9 19.6 20.7 21.0 21.1 21.2 21.3 21.4 21.5 21.6 21.7 21.9 22.2 22.5 23.1 23.8 24.7 26.0 27.5 29.1 30.4 31.4 32.1 32.8 33.5 34.2 34.9 35.5 36.1 36.7 37.2 37.6 38.1 38.6 39.0 39.3 39.7 40.0 40.2 40.3
0.9 1.0 1.1 1.3 1.4 1.6 1.8 2.0 2.2 2.5 2.8 3.1 3.4 3.8 4.2 4.6 5.1 5.5 6.0 6.5 7.0 7.5 7.9 8.3 8.7 9.1 9.4 9.7 10.0 10.3 10.5 10.6 10.7 10.8 10.8 10.7 10.6 10.5 10.3 10.1 10.0 9.8 9.6 9.5 9.4 9.4 9.5 9.6 9.9 10.4 11.0 11.8 12.9 14.3 15.9 17.9 19.7 20.7 21.1 21.2 21.4 21.4 21.6 21.7 21.8 22.1 22.4 22.7 23.2 23.9 24.7 25.9 27.2 28.8 30.4 31.9 32.9 33.6 34.3 34.9 35.4 36.0 36.5 37.0 37.5 37.9 38.4 38.9 39.2 39.4 39.7 39.9 39.9 39.3
0.7 0.8 0.9 1.0 1.1 1.2 1.4 1.6 1.8 2.0 2.2 2.5 2.8 3.1 3.4 3.7 4.1 4.4 4.8 5.2 5.6 6.0 6.3 6.7 7.0 7.3 7.6 7.8 8.1 8.3 8.4 8.6 8.7 8.7 8.7 8.7 8.6 8.5 8.3 8.2 8.1 8.0 7.9 7.8 7.8 7.8 7.9 8.1 8.4 8.9 9.5 10.3 11.3 12.6 14.1 16.0 18.0 20.0 20.9 21.2 21.3 21.4 21.6 21.7 21.9 22.2 22.5 22.9 23.3 23.8 24.6 25.6 26.7 28.0 29.6 31.2 32.8 34.0 34.7 35.3 35.9 36.4 36.8 37.3 37.7 38.1 38.5 38.9 39.3 39.4 39.5 39.3 38.4 36.8
0.6 0.6 0.7 0.8 0.9 1.0 1.1 1.2 1.4 1.6 1.8 2.0 2.2 2.5 2.7 3.0 3.3 3.6 3.9 4.2 4.5 4.8 5.1 5.4 5.6 5.8 6.1 6.3 6.4 6.6 6.8 6.9 6.9 7.0 7.0 7.0 6.9 6.8 6.7 6.6 6.5 6.4 6.4 6.4 6.4 6.4 6.5 6.7 7.1 7.5 8.2 8.9 9.9 11.1 12.5 14.2 16.1 18.3 20.3 21.0 21.3 21.4 21.6 21.8 22.0 22.3 22.6 22.9 23.3 23.7 24.4 25.2 26.2 27.2 28.5 29.9 31.4 32.9 34.3 35.3 36.0 36.5 37.0 37.5 37.8 38.2 38.5 38.7 38.8 38.8 38.2 37.1 35.6 34.0
0.4 0.5 0.5 0.6 0.7 0.8 0.9 1.0 1.1 1.2 1.4 1.6 1.8 2.0 2.2 2.4 2.6 2.8 3.1 3.3 3.5 3.8 4.0 4.3 4.5 4.6 4.8 5.0 5.1 5.3 5.4 5.5 5.5 5.5 5.5 5.5 5.5 5.5 5.4 5.3 5.3 5.2 5.2 5.2 5.2 5.3 5.4 5.6 6.0 6.4 7.0 7.7 8.6 9.7 11.0 12.5 14.3 16.3 18.6 20.5 21.2 21.4 21.6 21.8 22.0 22.2 22.5 22.8 23.2 23.6 24.1 24.8 25.6 26.5 27.5 28.6 29.8 31.0 32.3 33.6 34.6 35.6 36.4 37.0 37.4 37.6 37.6 37.5 36.9 36.3 35.2 34.1 32.8 31.5
0.3 0.4 0.4 0.5 0.5 0.6 0.7 0.8 0.9 1.0 1.1 1.2 1.4 1.5 1.7 1.9 2.1 2.2 2.4 2.6 2.8 3.0 3.2 3.4 3.5 3.7 3.8 3.9 4.1 4.2 4.2 4.3 4.4 4.4 4.4 4.4 4.4 4.4 4.3 4.3 4.2 4.2 4.2 4.2 4.2 4.3 4.5 4.7 5.0 5.4 6.0 6.6 7.5 8.5 9.7 11.1 12.7 14.5 16.6 18.8 20.6 21.3 21.6 21.7 22.0 22.2 22.4 22.7 23.1 23.5 23.8 24.4 25.0 25.8 26.6 27.4 28.3 29.3 30.3 31.3 32.3 33.1 33.7 34.2 34.6 34.7 34.7 34.4 33.9 33.2 32.3 31.3 30.2 29.1
0.3 0.3 0.3 0.4 0.4 0.5 0.5 0.6 0.7 0.8 0.9 1.0 1.1 1.2 1.3 1.5 1.6 1.7 1.9 2.0 2.2 2.3 2.5 2.6 2.8 2.9 3.0 3.1 3.2 3.3 3.3 3.4 3.4 3.5 3.5 3.5 3.5 3.4 3.4 3.4 3.3 3.3 3.3 3.3 3.4 3.5 3.7 3.9 4.2 4.6 5.1 5.7 6.5 7.4 8.5 9.7 11.2 12.8 14.7 16.8 19.0 20.8 21.4 21.7 21.9 22.1 22.3 22.5 22.8 23.2 23.6 24.0 24.5 25.0 25.7 26.4 27.1 27.8 28.6 29.3 30.0 30.6 31.1 31.5 31.7 31.8 31.7 31.4 30.9 30.4 29.7 28.9 28.0 27.0
0.2 0.2 0.2 0.3 0.3 0.4 0.4 0.5 0.5 0.6 0.7 0.8 0.9 0.9 1.0 1.1 1.3 1.4 1.5 1.6 1.7 1.8 1.9 2.1 2.2 2.3 2.3 2.4 2.5 2.5 2.6 2.6 2.7 2.7 2.7 2.7 2.7 2.7 2.7 2.7 2.6 2.6 2.6 2.7 2.7 2.9 3.0 3.2 3.5 3.9 4.3 4.9 5.6 6.4 7.4 8.5 9.8 11.3 13.0 14.9 16.9 19.0 20.8 21.5 21.8 22.0 22.1 22.3 22.6 22.9 23.3 23.6 24.1 24.5 24.9 25.5 26.0 26.6 27.1 27.7 28.1 28.6 28.9 29.2 29.3 29.4 29.2 28.9 28.5 28.0 27.4 26.7 25.9 25.1
0.1 0.2 0.2 0.2 0.2 0.3 0.3 0.4 0.4 0.5 0.5 0.6 0.7 0.7 0.8 0.9 1.0 1.1 1.2 1.2 1.3 1.4 1.5 1.6 1.7 1.8 1.8 1.9 1.9 2.0 2.0 2.0 2.1 2.1 2.1 2.1 2.1 2.1 2.1 2.1 2.1 2.1 2.1 2.1 2.2 2.3 2.5 2.7 2.9 3.3 3.7 4.2 4.8 5.6 6.4 7.4 8.5 9.9 11.3 13.0 14.9 16.9 19.1 20.8 21.5 21.8 21.9 22.2 22.3 22.6 22.8 23.1 23.5 23.9 24.3 24.7 25.1 25.5 25.9 26.3 26.6 26.9 27.2 27.3 27.3 27.3 27.0 26.8 26.4 25.9 25.3 24.7 23.9 23.2
0.1 0.1 0.1 0.2 0.2 0.2 0.2 0.3 0.3 0.4 0.4 0.4 0.5 0.6 0.6 0.7 0.8 0.8 0.9 1.0 1.0 1.1 1.2 1.2 1.3 1.3 1.4 1.5 1.5 1.5 1.6 1.6 1.6 1.6 1.6 1.6 1.6 1.6 1.6 1.6 1.6 1.6 1.7 1.7 1.8 1.9 2.0 2.2 2.4 2.7 3.1 3.6 4.1 4.8 5.5 6.4 7.4 8.6 9.9 11.3 13.0 14.8 16.8 18.8 20.6 21.3 21.6 21.9 22.0 22.2 22.4 22.7 23.0 23.2 23.6 23.9 24.3 24.6 24.9 25.1 25.3 25.5 25.6 25.6 25.6 25.4 25.1 24.9 24.4 24.0 23.4 22.7 22.0 21.2
0.1 0.1 0.1 0.1 0.1 0.2 0.2 0.2 0.2 0.3 0.3 0.3 0.4 0.4 0.5 0.5 0.6 0.6 0.7 0.7 0.8 0.8 0.9 0.9 1.0 1.0 1.1 1.1 1.1 1.2 1.2 1.2 1.2 1.2 1.2 1.2 1.3 1.3 1.3 1.3 1.3 1.3 1.3 1.4 1.4 1.5 1.7 1.8 2.0 2.3 2.6 3.0 3.5 4.1 4.7 5.5 6.4 7.4 8.5 9.8 11.3 12.9 14.6 16.4 18.4 20.1 21.0 21.4 21.6 21.8 22.0 22.2 22.5 22.7 22.9 23.1 23.4 23.5 23.7 23.9 24.0 24.1 24.1 24.0 23.9 23.7 23.4 23.0 22.6 22.1 21.5 20.8 20.1 19.3
0.1 0.1 0.1 0.1 0.1 0.1 0.1 0.2 0.2 0.2 0.2 0.3 0.3 0.3 0.4 0.4 0.4 0.5 0.5 0.6 0.6 0.6 0.7 0.7 0.7 0.8 0.8 0.8 0.9 0.9 0.9 0.9 0.9 0.9 0.9 1.0 1.0 1.0 1.0 1.0 1.0 1.0 1.0 1.1 1.1 1.2 1.4 1.5 1.7 1.9 2.2 2.6 3.0 3.5 4.1 4.7 5.5 6.4 7.4 8.5 9.7 11.1 12.6 14.2 15.9 17.7 19.4 20.5 20.9 21.2 21.4 21.6 21.8 21.9 22.1 22.2 22.4 22.5 22.6 22.7 22.7 22.8 22.7 22.5 22.4 22.1 21.7 21.3 20.8 20.3 19.6 18.9 18.2 17.4
0.0 0.1 0.1 0.1 0.1 0.1 0.1 0.1 0.1 0.2 0.2 0.2 0.2 0.2 0.3 0.3 0.3 0.4 0.4 0.4 0.4 0.5 0.5 0.5 0.6 0.6 0.6 0.6 0.7 0.7 0.7 0.7 0.7 0.7 0.7 0.7 0.7 0.7 0.7 0.7 0.8 0.8 0.8 0.9 0.9 1.0 1.1 1.2 1.4 1.6 1.9 2.2 2.5 2.9 3.5 4.0 4.7 5.4 6.3 7.3 8.3 9.5 10.8 12.2 13.7 15.3 17.0 18.6 19.8 20.3 20.5 20.7 20.9 21.0 21.1 21.2 21.4 21.4 21.5 21.5 21.5 21.4 21.3 21.0 20.8 20.4 20.0 19.5 19.0 18.4 17.7 17.0 16.3 15.5
0.0 0.0 0.0 0.1 0.1 0.1 0.1 0.1 0.1 0.1 0.1 0.1 0.2 0.2 0.2 0.2 0.2 0.3 0.3 0.3 0.3 0.4 0.4 0.4 0.4 0.4 0.5 0.5 0.5 0.5 0.5 0.5 0.5 0.5 0.5 0.5 0.6 0.6 0.6 0.6 0.6 0.6 0.6 0.7 0.7 0.8 0.9 1.0 1.2 1.3 1.5 1.8 2.1 2.5 2.9 3.4 4.0 4.6 5.4 6.2 7.1 8.1 9.3 10.4 11.7 13.1 14.5 16.0 17.5 18.7 19.4 19.6 19.8 20.0 20.1 20.2 20.2 20.3 20.2 20.2 20.1 20.0 19.7 19.4 19.1 18.7 18.2 17.7 17.1 16.5 15.8 15.1 14.3 13.6
0.0 0.0 0.0 0.0 0.0 0.0 0.1 0.1 0.1 0.1 0.1 0.1 0.1 0.1 0.2 0.2 0.2 0.2 0.2 0.2 0.3 0.3 0.3 0.3 0.3 0.3 0.3 0.4 0.4 0.4 0.4 0.4 0.4 0.4 0.4 0.4 0.4 0.4 0.4 0.4 0.4 0.5 0.5 0.5 0.6 0.6 0.7 0.8 0.9 1.1 1.3 1.5 1.8 2.1 2.5 2.9 3.4 3.9 4.5 5.2 6.0 6.9 7.8 8.9 10.0 11.1 12.4 13.6 14.9 16.2 17.4 18.1 18.5 18.7 18.8 18.9 19.0 19.0 18.9 18.8 18.6 18.3 18.0 17.7 17.3 16.9 16.4 15.8 15.2 14.5 13.9 13.2 12.4 11.7
0.0 0.0 0.0 0.0 0.0 0.0 0.0 0.0 0.1 0.1 0.1 0.1 0.1 0.1 0.1 0.1 0.1 0.1 0.2 0.2 0.2 0.2 0.2 0.2 0.2 0.2 0.3 0.3 0.3 0.3 0.3 0.3 0.3 0.3 0.3 0.3 0.3 0.3 0.3 0.3 0.3 0.4 0.4 0.4 0.5 0.5 0.6 0.7 0.8 0.9 1.1 1.3 1.5 1.7 2.1 2.4 2.8 3.3 3.8 4.4 5.1 5.8 6.6 7.5 8.4 9.4 10.4 11.5 12.6 13.7 14.8 15.9 16.8 17.1 17.3 17.4 17.4 17.4 17.3 17.1 16.9 16.6 16.3 15.9 15.5 15.0 14.4 13.9 13.3 12.6 12.0 11.3 10.6 10.0
0.0 0.0 0.0 0.0 0.0 0.0 0.0 0.0 0.0 0.0 0.1 0.1 0.1 0.1 0.1 0.1 0.1 0.1 0.1 0.1 0.1 0.1 0.2 0.2 0.2 0.2 0.2 0.2 0.2 0.2 0.2 0.2 0.2 0.2 0.2 0.2 0.2 0.2 0.2 0.3 0.3 0.3 0.3 0.3 0.4 0.4 0.5 0.5 0.6 0.7 0.9 1.0 1.2 1.5 1.7 2.0 2.4 2.8 3.2 3.7 4.2 4.9 5.5 6.2 7.0 7.8 8.7 9.6 10.5 11.5 12.4 13.4 14.4 15.2 15.5 15.6 15.6 15.6 15.4 15.3 15.0 14.7 14.4 14.0 13.5 13.0 12.5 11.9 11.4 10.8 10.2 9.6 9.0 8.4
0.0 0.0 0.0 0.0 0.0 0.0 0.0 0.0 0.0 0.0 0.0 0.0 0.0 0.1 0.1 0.1 0.1 0.1 0.1 0.1 0.1 0.1 0.1 0.1 0.1 0.1 0.1 0.1 0.1 0.2 0.2 0.2 0.2 0.2 0.2 0.2 0.2 0.2 0.2 0.2 0.2 0.2 0.2 0.3 0.3 0.3 0.4 0.4 0.5 0.6 0.7 0.9 1.0 1.2 1.4 1.7 2.0 2.3 2.6 3.1 3.5 4.0 4.6 5.2 5.8 6.5 7.3 8.0 8.8 9.6 10.4 11.2 12.1 12.9 13.5 13.7 13.7 13.6 13.5 13.3 13.1 12.8 12.4 12.0 11.6 11.1 10.6 10.1 9.6 9.0 8.5 8.0 7.5 7.0
0.0 0.0 0.0 0.0 0.0 0.0 0.0 0.0 0.0 0.0 0.0 0.0 0.0 0.0 0.0 0.0 0.1 0.1 0.1 0.1 0.1 0.1 0.1 0.1 0.1 0.1 0.1 0.1 0.1 0.1 0.1 0.1 0.1 0.1 0.1 0.1 0.1 0.1 0.1 0.1 0.2 0.2 0.2 0.2 0.2 0.3 0.3 0.4 0.4 0.5 0.6 0.7 0.8 1.0 1.2 1.4 1.6 1.9 2.2 2.5 2.9 3.3 3.8 4.3 4.8 5.4 6.0 6.6 7.3 7.9 8.6 9.3 10.0 10.7 11.3 11.7 11.7 11.7 11.6 11.4 11.2 10.9 10.5 10.2 9.7 9.3 8.9 8.4 7.9 7.4 7.0 6.5 6.1 5.7
0.0 0.0 0.0 0.0 0.0 0.0 0.0 0.0 0.0 0.0 0.0 0.0 0.0 0.0 0.0 0.0 0.0 0.0 0.0 0.0 0.1 0.1 0.1 0.1 0.1 0.1 0.1 0.1 0.1 0.1 0.1 0.1 0.1 0.1 0.1 0.1 0.1 0.1 0.1 0.1 0.1 0.1 0.1 0.2 0.2 0.2 0.2 0.3 0.3 0.4 0.5 0.6 0.7 0.8 1.0 1.1 1.3 1.5 1.8 2.1 2.4 2.7 3.1 3.5 4.0 4.4 4.9 5.4 6.0 6.5 7.1 7.7 8.3 8.9 9.4 9.7 9.7 9.7 9.6 9.5 9.3 9.0 8.7 8.4 8.0 7.6 7.3 6.8 6.4 6.0 5.7 5.3 5.0 4.7
0.0 0.0 0.0 0.0 0.0 0.0 0.0 0.0 0.0 0.0 0.0 0.0 0.0 0.0 0.0 0.0 0.0 0.0 0.0 0.0 0.0 0.0 0.0 0.0 0.0 0.0 0.1 0.1 0.1 0.1 0.1 0.1 0.1 0.1 0.1 0.1 0.1 0.1 0.1 0.1 0.1 0.1 0.1 0.1 0.1 0.2 0.2 0.2 0.3 0.3 0.4 0.5 0.6 0.7 0.8 0.9 1.1 1.3 1.5 1.7 1.9 2.2 2.5 2.9 3.2 3.6 4.0 4.4 4.9 5.3 5.8 6.3 6.8 7.3 7.6 7.8 7.9 7.9 7.8 7.7 7.5 7.3 7.1 6.8 6.5 6.2 5.8 5.5 5.2 4.8 4.5 4.2 4.0 3.7
0.0 0.0 0.0 0.0 0.0 0.0 0.0 0.0 0.0 0.0 0.0 0.0 0.0 0.0 0.0 0.0 0.0 0.0 0.0 0.0 0.0 0.0 0.0 0.0 0.0 0.0 0.0 0.0 0.0 0.0 0.0 0.0 0.0 0.0 0.0 0.0 0.1 0.1 0.1 0.1 0.1 0.1 0.1 0.1 0.1 0.1 0.2 0.2 0.2 0.3 0.3 0.4 0.4 0.5 0.6 0.7 0.9 1.0 1.2 1.4 1.6 1.8 2.1 2.3 2.6 2.9 3.3 3.6 4.0 4.3 4.7 5.1 5.5 5.8 6.0 6.2 6.2 6.2 6.2 6.1 6.0 5.8 5.6 5.4 5.1 4.9 4.6 4.4 4.1 3.8 3.6 3.4 3.2 3.0
0.0 0.0 0.0 0.0 0.0 0.0 0.0 0.0 0.0 0.0 0.0 0.0 0.0 0.0 0.0 0.0 0.0 0.0 0.0 0.0 0.0 0.0 0.0 0.0 0.0 0.0 0.0 0.0 0.0 0.0 0.0 0.0 0.0 0.0 0.0 0.0 0.0 0.0 0.0 0.0 0.0 0.1 0.1 0.1 0.1 0.1 0.1 0.1 0.2 0.2 0.2 0.3 0.4 0.4 0.5 0.6 0.7 0.8 1.0 1.1 1.3 1.5 1.7 1.9 2.1 2.4 2.6 2.9 3.2 3.5 3.8 4.1 4.3 4.5 4.6 4.7 4.8 4.8 4.8 4.8 4.7 4.6 4.4 4.2 4.0 3.8 3.6 3.4 3.2 3.0 2.8 2.6 2.4 2.3
0.0 0.0 0.0 0.0 0.0 0.0 0.0 0.0 0.0 0.0 0.0 0.0 0.0 0.0 0.0 0.0 0.0 0.0 0.0 0.0 0.0 0.0 0.0 0.0 0.0 0.0 0.0 0.0 0.0 0.0 0.0 0.0 0.0 0.0 0.0 0.0 0.0 0.0 0.0 0.0 0.0 0.0 0.0 0.1 0.1 0.1 0.1 0.1 0.1 0.2 0.2 0.2 0.3 0.3 0.4 0.5 0.6 0.7 0.8 0.9 1.0 1.2 1.3 1.5 1.7 1.9 2.1 2.3 2.5 2.7 2.9 3.0 3.2 3.3 3.5 3.6 3.6 3.7 3.7 3.6 3.6 3.5 3.4 3.2 3.1 2.9 2.8 2.6 2.5 2.3 2.1 2.0 1.9 1.7
0.0 0.0 0.0 0.0 0.0 0.0 0.0 0.0 0.0 0.0 0.0 0.0 0.0 0.0 0.0 0.0 0.0 0.0 0.0 0.0 0.0 0.0 0.0 0.0 0.0 0.0 0.0 0.0 0.0 0.0 0.0 0.0 0.0 0.0 0.0 0.0 0.0 0.0 0.0 0.0 0.0 0.0 0.0 0.0 0.1 0.1 0.1 0.1 0.1 0.1 0.2 0.2 0.2 0.3 0.3 0.4 0.4 0.5 0.6 0.7 0.8 0.9 1.0 1.2 1.3 1.4 1.5 1.7 1.8 2.0 2.1 2.2 2.3 2.4 2.6 2.6 2.7 2.7 2.7 2.7 2.7 2.6 2.6 2.5 2.4 2.2 2.1 2.0 1.9 1.7 1.6 1.5 1.3 1.2
0.0 0.0 0.0 0.0 0.0 0.0 0.0 0.0 0.0 0.0 0.0 0.0 0.0 0.0 0.0 0.0 0.0 0.0 0.0 0.0 0.0 0.0 0.0 0.0 0.0 0.0 0.0 0.0 0.0 0.0 0.0 0.0 0.0 0.0 0.0 0.0 0.0 0.0 0.0 0.0 0.0 0.0 0.0 0.0 0.0 0.0 0.1 0.1 0.1 0.1 0.1 0.1 0.2 0.2 0.3 0.3 0.3 0.4 0.5 0.5 0.6 0.7 0.8 0.8 0.9 1.0 1.1 1.2 1.3 1.4 1.5 1.6 1.7 1.8 1.9 1.9 2.0 2.0 2.0 2.0 2.0 2.0 1.9 1.9 1.8 1.7 1.6 1.5 1.4 1.3 1.1 1.0 0.9 0.8
0.0 0.0 0.0 0.0 0.0 0.0 0.0 0.0 0.0 0.0 0.0 0.0 0.0 0.0 0.0 0.0 0.0 0.0 0.0 0.0 0.0 0.0 0.0 0.0 0.0 0.0 0.0 0.0 0.0 0.0 0.0 0.0 0.0 0.0 0.0 0.0 0.0 0.0 0.0 0.0 0.0 0.0 0.0 0.0 0.0 0.0 0.0 0.1 0.1 0.1 0.1 0.1 0.1 0.2 0.2 0.2 0.3 0.3 0.3 0.4 0.4 0.5 0.5 0.6 0.6 0.7 0.8 0.8 0.9 1.0 1.1 1.1 1.2 1.3 1.3 1.4 1.4 1.5 1.5 1.5 1.5 1.5 1.4 1.4 1.3 1.3 1.2 1.1 1.0 0.9 0.8 0.6 0.5 0.4
0.0 0.0 0.0 0.0 0.0 0.0 0.0 0.0 0.0 0.0 0.0 0.0 0.0 0.0 0.0 0.0 0.0 0.0 0.0 0.0 0.0 0.0 0.0 0.0 0.0 0.0 0.0 0.0 0.0 0.0 0.0 0.0 0.0 0.0 0.0 0.0 0.0 0.0 0.0 0.0 0.0 0.0 0.0 0.0 0.0 0.0 0.0 0.0 0.1 0.1 0.1 0.1 0.1 0.1 0.1 0.2 0.2 0.2 0.2 0.3 0.3 0.3 0.4 0.4 0.4 0.5 0.5 0.6 0.6 0.7 0.7 0.8 0.9 0.9 1.0 1.0 1.0 1.1 1.1 1.1 1.1 1.1 1.1 1.0 1.0 0.9 0.8 0.8 0.7 0.5 0.4 0.3 0.2 0.2
0.0 0.0 0.0 0.0 0.0 0.0 0.0 0.0 0.0 0.0 0.0 0.0 0.0 0.0 0.0 0.0 0.0 0.0 0.0 0.0 0.0 0.0 0.0 0.0 0.0 0.0 0.0 0.0 0.0 0.0 0.0 0.0 0.0 0.0 0.0 0.0 0.0 0.0 0.0 0.0 0.0 0.0 0.0 0.0 0.0 0.0 0.0 0.0 0.0 0.0 0.1 0.1 0.1 0.1 0.1 0.1 0.1 0.1 0.2 0.2 0.2 0.2 0.2 0.3 0.3 0.3 0.4 0.4 0.4 0.5 0.5 0.6 0.6 0.6 0.7 0.7 0.7 0.8 0.8 0.8 0.8 0.8 0.8 0.7 0.7 0.6 0.6 0.5 0.4 0.3 0.1 0.0 0.0 0.0
0.0 0.0 0.0 0.0 0.0 0.0 0.0 0.0 0.0 0.0 0.0 0.0 0.0 0.0 0.0 0.0 0.0 0.0 0.0 0.0 0.0 0.0 0.0 0.0 0.0 0.0 0.0 0.0 0.0 0.0 0.0 0.0 0.0 0.0 0.0 0.0 0.0 0.0 0.0 0.0 0.0 0.0 0.0 0.0 0.0 0.0 0.0 0.0 0.0 0.0 0.0 0.1 0.1 0.1 0.1 0.1 0.1 0.1 0.1 0.1 0.1 0.2 0.2 0.2 0.2 0.2 0.3 0.3 0.3 0.3 0.4 0.4 0.4 0.5 0.5 0.5 0.5 0.6 0.6 0.6 0.6 0.6 0.6 0.5 0.5 0.4 0.4 0.3 0.2 0.0 0.0 0.0 0.0 0.0
0.0 0.0 0.0 0.0 0.0 0.0 0.0 0.0 0.0 0.0 0.0 0.0 0.0 0.0 0.0 0.0 0.0 0.0 0.0 0.0 0.0 0.0 0.0 0.0 0.0 0.0 0.0 0.0 0.0 0.0 0.0 0.0 0.0 0.0 0.0 0.0 0.0 0.0 0.0 0.0 0.0 0.0 0.0 0.0 0.0 0.0 0.0 0.0 0.0 0.0 0.0 0.0 0.0 0.0 0.1 0.1 0.1 0.1 0.1 0.1 0.1 0.1 0.1 0.1 0.1 0.2 0.2 0.2 0.2 0.2 0.3 0.3 0.3 0.3 0.3 0.4 0.4 0.4 0.4 0.4 0.4 0.4 0.4 0.4 0.3 0.3 0.2 0.1 0.0 0.0 0.0 0.0 0.0 0.0
0.0 0.0 0.0 0.0 0.0 0.0 0.0 0.0 0.0 0.0 0.0 0.0 0.0 0.0 0.0 0.0 0.0 0.0 0.0 0.0 0.0 0.0 0.0 0.0 0.0 0.0 0.0 0.0 0.0 0.0 0.0 0.0 0.0 0.0 0.0 0.0 0.0 0.0 0.0 0.0 0.0 0.0 0.0 0.0 0.0 0.0 0.0 0.0 0.0 0.0 0.0 0.0 0.0 0.0 0.0 0.0 0.0 0.0 0.1 0.1 0.1 0.1 0.1 0.1 0.1 0.1 0.1 0.1 0.1 0.2 0.2 0.2 0.2 0.2 0.2 0.3 0.3 0.3 0.3 0.3 0.3 0.3 0.3 0.2 0.2 0.1 0.1 0.0 0.0 0.0 0.0 0.0 0.0 0.0
0.0 0.0 0.0 0.0 0.0 0.0 0.0 0.0 0.0 0.0 0.0 0.0 0.0 0.0 0.0 0.0 0.0 0.0 0.0 0.0 0.0 0.0 0.0 0.0 0.0 0.0 0.0 0.0 0.0 0.0 0.0 0.0 0.0 0.0 0.0 0.0 0.0 0.0 0.0 0.0 0.0 0.0 0.0 0.0 0.0 0.0 0.0 0.0 0.0 0.0 0.0 0.0 0.0 0.0 0.0 0.0 0.0 0.0 0.0 0.0 0.0 0.0 0.1 0.1 0.1 0.1 0.1 0.1 0.1 0.1 0.1 0.1 0.1 0.2 0.2 0.2 0.2 0.2 0.2 0.2 0.2 0.2 0.2 0.1 0.1 0.0 0.0 0.0 0.0 0.0 0.0 0.0 0.0 0.0
