main/data/rainfall/02.01.2023.grid
ncols 886
nrows 691
xllcenter 112.0000
yllcenter -44.5000
cellsize 0.0500
nodata_value 99999.90
[rows 126 to 167 of 691, columns 188 to 281 of 886]
19.2 22.6 26.5 30.6 33.5 34.2 34.4 34.4 34.5 34.4 34.3 34.0 33.6 33.0 32.0 30.7 28.9 26.5 23.4 19.7 16.7 16.4 16.9 17.5 18.2 18.9 19.7 20.6 21.6 22.7 23.9 25.2 26.6 28.2 30.0 32.0 34.1 36.4 38.9 41.5 44.2 47.1 50.1 53.2 56.2 59.3 62.5 66.4 70.4 74.5 78.9 83.1 88.5 93.8 99.7 106.3 113.4 121.2 130.0 139.6 150.2 161.9 174.2 186.7 199.5 211.8 224.5 236.6 248.4 259.8 270.1 280.2 289.7 298.6 306.3 312.1 316.1 317.7 316.3 313.1 307.8 299.7 289.8 278.4 265.6 252.0 239.4 227.2 215.1 204.9 195.3 188.8 182.5 176.8
21.4 25.2 29.3 33.0 34.2 34.4 34.5 34.5 34.5 34.5 34.3 34.0 33.6 32.8 31.8 30.3 28.4 25.8 22.5 18.8 16.8 16.9 17.4 18.0 18.7 19.4 20.2 21.1 22.1 23.2 24.4 25.8 27.2 28.8 30.6 32.6 34.7 37.0 39.5 42.1 44.8 47.6 50.6 53.6 56.8 60.1 63.5 66.9 70.2 74.7 78.6 83.4 88.0 93.3 98.9 105.2 112.0 119.6 128.0 137.3 147.5 158.7 170.3 182.3 194.5 206.6 218.4 230.7 242.4 252.8 263.5 273.6 283.8 293.0 300.3 306.6 310.8 312.7 312.7 310.4 305.5 298.6 289.7 279.1 266.9 254.7 242.1 231.5 220.3 209.9 201.4 194.2 188.4 183.6
23.9 27.9 31.9 33.9 34.4 34.5 34.6 34.6 34.6 34.5 34.3 34.0 33.4 32.6 31.5 29.9 27.8 25.1 21.6 18.1 17.1 17.4 18.0 18.6 19.2 20.0 20.8 21.7 22.7 23.8 25.0 26.3 27.7 29.3 31.1 33.1 35.4 37.6 40.1 42.6 45.3 48.1 51.0 54.1 57.2 60.5 63.8 67.3 70.7 75.0 78.5 83.0 87.8 92.8 98.0 104.1 110.7 117.9 126.0 135.0 144.9 155.6 166.7 178.3 190.0 201.7 213.1 224.4 235.5 246.3 256.9 267.2 277.5 285.9 294.5 300.2 305.2 307.6 308.5 307.1 302.7 296.8 288.5 278.6 267.2 255.7 244.5 233.1 223.5 213.2 205.0 198.7 193.5 189.5
26.5 30.6 33.5 34.2 34.4 34.5 34.6 34.6 34.6 34.5 34.3 33.9 33.3 32.4 31.1 29.4 27.2 24.3 20.8 17.8 17.5 18.0 18.6 19.2 19.8 20.6 21.4 22.3 23.2 24.3 25.5 26.9 28.2 29.8 31.6 33.7 35.9 38.2 40.7 43.2 45.9 48.6 51.5 54.5 57.7 60.9 64.3 67.6 71.4 75.1 78.8 82.9 87.1 92.1 97.2 102.9 109.3 116.3 124.1 132.6 142.1 152.7 163.6 174.8 186.2 197.3 208.1 218.9 229.7 240.2 250.5 261.2 271.0 279.8 288.1 294.7 299.2 302.3 304.0 303.2 299.6 294.3 286.7 277.2 266.5 256.1 245.2 234.4 224.3 215.8 207.7 202.1 197.4 193.8
29.2 33.0 34.1 34.3 34.5 34.6 34.6 34.7 34.6 34.4 34.1 33.7 33.0 32.0 30.6 28.8 26.4 23.5 20.1 18.1 18.1 18.6 19.2 19.8 20.5 21.2 22.0 22.9 23.9 24.9 26.0 27.4 28.9 30.5 32.4 34.4 36.6 38.9 41.2 43.7 46.3 49.1 52.0 54.9 58.1 61.3 64.7 68.1 71.3 75.1 79.1 83.0 87.0 91.5 96.3 101.8 107.9 114.6 122.1 130.5 139.4 149.2 159.6 170.4 181.5 192.4 203.2 213.7 224.0 234.5 244.9 254.9 264.7 273.4 281.4 288.4 293.5 297.8 299.1 298.6 296.2 290.9 284.2 275.5 265.8 256.1 245.2 234.4 225.4 217.6 209.4 204.1 199.8 196.9
31.7 33.7 34.2 34.3 34.5 34.6 34.6 34.6 34.5 34.3 33.9 33.4 32.5 31.4 29.9 28.0 25.5 22.4 19.4 18.5 18.8 19.3 19.9 20.5 21.2 21.9 22.7 23.6 24.6 25.6 26.8 28.2 29.7 31.3 33.1 35.1 37.2 39.5 41.8 44.2 46.8 49.5 52.4 55.3 58.4 61.7 65.0 68.6 72.1 75.1 78.9 82.8 86.7 90.9 95.5 100.7 106.5 112.9 120.1 128.0 136.7 146.1 156.3 166.5 176.9 187.5 197.7 207.9 218.4 228.2 237.5 247.6 257.5 266.5 274.6 281.9 287.8 292.1 294.0 293.8 291.5 287.2 280.8 273.1 264.4 255.0 245.2 236.1 226.2 218.0 210.7 205.3 201.2 197.6
33.1 33.9 34.1 34.3 34.4 34.5 34.6 34.5 34.4 34.1 33.6 32.9 31.9 30.7 29.0 26.9 24.3 21.3 19.1 19.0 19.5 20.0 20.6 21.2 21.9 22.7 23.5 24.4 25.4 26.5 27.7 29.0 30.5 32.2 33.9 35.9 37.9 40.1 42.3 44.7 47.2 49.9 52.7 55.7 58.8 62.1 65.1 68.7 72.0 75.9 79.3 82.6 86.2 90.1 94.5 99.5 105.0 111.3 118.1 125.7 134.2 143.1 152.8 162.5 172.4 182.4 192.3 202.5 211.9 222.2 231.7 240.6 250.0 259.0 267.6 275.7 281.6 285.9 288.3 288.6 286.5 282.8 277.5 270.3 262.7 253.4 244.5 234.7 225.9 219.1 211.8 206.2 201.3 200.5
33.6 33.9 34.1 34.3 34.4 34.4 34.4 34.3 34.1 33.7 33.1 32.3 31.1 29.7 27.8 25.5 22.7 20.1 19.4 19.8 20.2 20.8 21.4 22.0 22.7 23.5 24.4 25.3 26.3 27.4 28.6 30.0 31.4 33.0 34.7 36.6 38.6 40.6 42.8 45.2 47.6 50.3 53.0 56.1 59.2 62.4 65.6 68.8 72.4 76.3 79.3 82.3 85.5 89.3 93.6 98.3 103.5 109.5 116.0 123.4 131.4 140.0 149.1 158.4 168.3 177.7 187.4 196.9 206.0 216.1 225.3 234.1 243.1 252.3 261.2 268.7 275.2 279.6 282.8 283.3 281.8 278.5 273.7 268.0 260.0 251.3 242.4 234.2 225.2 218.4 211.7 206.1 204.5 201.8
33.6 33.8 34.0 34.2 34.3 34.3 34.3 34.1 33.8 33.2 32.5 31.4 30.1 28.3 26.2 23.7 21.1 19.9 20.1 20.5 21.0 21.6 22.2 22.9 23.6 24.4 25.3 26.2 27.2 28.4 29.6 31.0 32.5 33.9 35.5 37.3 39.2 41.2 43.3 45.6 48.0 50.6 53.4 56.3 59.4 62.7 66.1 69.6 73.3 76.4 79.3 81.8 84.8 88.5 92.6 97.1 102.1 107.7 114.0 121.0 128.7 137.0 145.7 154.7 163.5 172.7 182.3 191.3 200.2 209.3 218.9 228.3 236.3 244.9 254.0 261.7 267.9 273.2 276.5 277.6 276.7 274.0 269.9 264.1 256.9 249.3 240.7 233.0 224.6 218.0 211.8 209.1 205.5 204.8
33.4 33.7 33.9 34.0 34.1 34.1 34.0 33.7 33.3 32.6 31.7 30.4 28.8 26.7 24.3 21.8 20.3 20.3 20.8 21.3 21.9 22.5 23.2 23.9 24.6 25.4 26.3 27.2 28.3 29.4 30.6 32.0 33.4 34.9 36.3 38.0 39.8 41.8 43.8 46.1 48.5 51.0 53.8 56.6 59.7 62.8 66.1 69.5 72.9 76.2 78.8 81.2 84.3 87.8 91.7 96.0 100.8 106.1 112.1 118.8 126.1 133.9 142.3 150.7 159.3 168.0 176.8 185.8 194.3 203.0 212.1 221.2 229.4 238.0 246.9 254.7 261.0 266.4 270.3 272.2 272.1 270.0 266.2 260.3 254.1 246.0 238.4 231.6 224.2 217.6 212.3 210.0 208.2 207.1
33.3 33.5 33.7 33.8 33.9 33.9 33.7 33.3 32.7 31.9 30.7 29.1 27.2 24.8 22.3 20.6 20.6 21.0 21.6 22.2 22.8 23.4 24.1 24.9 25.7 26.5 27.4 28.4 29.5 30.5 31.7 33.0 34.4 35.7 37.2 38.8 40.5 42.4 44.4 46.6 48.9 51.5 54.2 57.0 59.9 63.0 66.1 69.3 72.5 75.5 78.3 81.0 83.9 87.2 90.9 94.9 99.4 104.5 110.1 116.4 123.4 130.7 138.6 146.8 155.1 163.6 172.0 180.3 188.8 196.8 205.3 214.3 223.4 231.2 239.9 247.4 254.4 260.0 264.2 266.6 266.8 265.4 262.0 257.2 251.0 243.7 236.4 229.5 223.1 218.4 213.3 210.1 209.3 209.2
33.1 33.3 33.5 33.6 33.6 33.5 33.3 32.8 32.0 31.0 29.5 27.7 25.3 22.7 20.9 20.7 21.2 21.8 22.4 23.0 23.7 24.4 25.2 26.0 26.8 27.8 28.7 29.8 30.9 31.8 32.9 34.1 35.4 36.8 38.1 39.6 41.2 43.0 45.0 47.2 49.5 52.0 54.7 57.4 60.3 63.2 66.2 69.2 72.2 75.1 77.8 80.6 83.5 86.6 90.1 94.0 98.2 102.9 108.3 114.2 120.7 127.7 135.2 143.1 151.1 159.1 167.2 175.5 183.4 191.3 199.3 208.4 217.0 224.8 232.9 241.6 247.7 253.7 258.1 261.1 262.0 261.1 258.5 253.9 248.3 241.8 235.1 229.8 223.8 219.7 215.8 213.0 210.6 210.1
32.8 33.1 33.2 33.3 33.3 33.2 32.8 32.2 31.2 29.9 28.2 26.0 23.4 21.1 20.8 21.3 21.9 22.5 23.2 23.9 24.7 25.4 26.2 27.1 28.0 29.0 30.1 31.1 32.1 33.4 34.4 35.5 36.6 37.8 39.1 40.5 42.1 43.8 45.8 47.9 50.2 52.7 55.3 57.9 60.7 63.5 66.3 69.2 72.0 74.8 77.5 80.3 83.1 86.2 89.5 93.1 97.1 101.5 106.4 112.1 118.2 124.9 131.9 139.5 147.2 155.0 162.9 170.8 178.4 186.2 194.1 202.2 211.3 219.1 226.8 234.7 241.6 247.5 252.3 255.5 257.4 257.2 255.1 251.3 246.3 240.5 234.1 228.6 224.1 220.7 217.9 215.7 213.9 213.0
32.6 32.8 33.0 33.0 33.0 32.7 32.2 31.5 30.3 28.8 26.8 24.2 21.8 20.9 21.3 21.9 22.6 23.3 24.0 24.8 25.6 26.5 27.4 28.3 29.2 30.2 31.2 32.3 33.5 34.7 35.9 36.9 37.9 39.0 40.2 41.5 43.1 44.8 46.7 48.8 51.1 53.5 56.0 58.5 61.2 63.9 66.6 69.3 72.0 74.7 77.3 80.0 82.8 85.7 88.8 92.2 95.9 100.0 104.7 109.9 115.7 122.0 128.7 135.9 143.3 150.8 158.4 166.1 173.9 181.5 189.2 197.1 205.3 213.3 221.3 229.3 236.0 241.9 246.7 250.6 253.1 253.2 251.9 249.0 244.9 239.9 234.6 229.3 224.7 221.2 218.7 216.3 215.4 216.2
32.2 32.5 32.6 32.7 32.5 32.2 31.6 30.7 29.4 27.6 25.2 22.6 21.1 21.3 21.9 22.6 23.3 24.1 24.9 25.7 26.7 27.6 28.6 29.6 30.6 31.6 32.6 33.8 35.0 36.3 37.3 38.3 39.4 40.4 41.5 42.8 44.3 45.9 47.8 49.8 52.0 54.3 56.8 59.2 61.8 64.3 66.9 69.5 72.0 74.5 77.1 79.8 82.5 85.2 88.1 91.3 94.7 98.6 102.8 107.8 113.2 119.2 125.7 132.7 139.7 147.1 154.6 162.1 169.6 177.1 184.7 192.3 200.1 207.8 215.5 223.2 230.1 236.8 242.2 245.9 248.9 249.8 249.2 247.2 244.0 240.0 235.7 230.8 226.4 222.8 220.0 218.5 217.5 217.5
31.9 32.1 32.2 32.2 32.0 31.6 30.9 29.8 28.3 26.3 23.7 21.4 21.2 21.8 22.5 23.2 24.0 24.9 25.8 26.8 27.8 28.9 30.0 31.1 32.3 33.3 34.4 35.5 36.6 37.7 38.9 40.1 41.0 42.0 43.1 44.2 45.6 47.2 49.0 51.0 53.1 55.3 57.6 60.0 62.5 64.9 67.4 69.7 71.3 73.6 76.4 79.4 82.2 84.8 87.5 90.4 93.5 97.1 101.0 105.5 110.7 116.5 122.7 129.3 136.3 143.5 150.9 158.4 165.7 173.2 180.6 188.1 195.6 203.1 210.6 218.0 225.3 231.5 237.5 242.8 245.4 247.0 247.2 246.0 243.7 240.7 237.6 233.0 228.7 225.1 222.6 221.2 220.3 219.7
31.5 31.7 31.8 31.8 31.5 31.0 30.2 28.9 27.2 24.9 22.4 21.3 21.7 22.4 23.1 23.9 24.8 25.7 26.7 27.8 29.0 30.2 31.5 32.8 33.8 35.0 36.2 37.4 38.5 39.5 40.6 41.7 42.7 43.7 44.7 45.8 47.0 48.6 50.3 52.2 54.3 56.4 58.6 60.9 63.2 65.6 67.9 70.0 71.0 73.1 75.5 78.5 81.7 84.4 86.9 89.5 92.3 95.6 99.4 103.6 108.5 113.8 119.7 126.3 133.3 140.4 147.5 154.9 162.4 169.7 177.0 184.3 191.6 198.9 206.3 213.7 220.7 227.7 233.3 238.5 242.6 245.2 245.8 245.4 243.8 241.5 238.4 234.5 231.1 227.8 225.4 223.7 222.8 221.7
31.1 31.3 31.3 31.2 30.9 30.3 29.3 27.9 26.0 23.6 21.5 21.5 22.2 22.9 23.7 24.6 25.5 26.5 27.6 28.7 30.0 31.5 33.0 34.4 35.7 36.9 38.1 39.3 40.4 41.3 42.4 43.4 44.4 45.3 46.3 47.4 48.6 50.1 51.8 53.6 55.6 57.6 59.7 61.8 63.9 66.0 68.1 69.9 71.9 73.9 75.1 78.0 80.9 83.9 86.3 88.7 91.3 94.2 97.7 101.6 106.2 111.3 116.9 123.3 130.3 137.3 144.5 151.9 159.4 166.7 173.9 181.1 188.2 195.4 202.6 209.8 217.0 223.8 230.2 235.7 240.2 243.5 245.1 245.6 244.5 242.5 239.9 236.9 233.6 230.6 228.1 226.0 224.2 222.8
30.6 30.8 30.8 30.6 30.2 29.5 28.4 26.9 24.8 22.4 21.4 21.9 22.6 23.4 24.3 25.2 26.2 27.3 28.5 29.8 31.1 32.7 34.4 35.9 37.4 38.6 39.9 41.1 42.1 43.2 44.2 45.2 46.2 47.0 48.0 49.1 50.4 51.9 53.4 55.1 57.0 58.9 60.8 62.8 64.5 64.9 65.8 66.0 68.2 71.0 74.0 78.3 80.0 83.1 85.8 87.9 90.2 92.8 95.9 99.5 103.7 108.6 114.2 120.4 127.2 134.4 141.6 149.2 156.8 164.2 171.3 178.4 185.2 192.5 199.6 206.8 213.8 221.0 227.7 234.2 238.7 243.1 245.2 246.2 245.9 244.4 242.3 239.8 236.1 233.1 230.4 227.8 225.3 222.8
30.1 30.2 30.1 29.9 29.4 28.6 27.4 25.7 23.5 21.5 21.6 22.3 23.1 24.0 24.9 25.9 27.0 28.2 29.5 30.8 32.3 34.0 35.8 37.5 39.0 40.3 41.5 42.7 43.8 45.0 46.1 47.0 47.9 48.9 49.8 50.8 52.1 53.6 55.2 56.8 58.5 60.3 62.0 63.4 63.7 61.1 61.6 63.4 66.3 69.6 72.8 76.0 77.6 80.3 84.7 87.0 89.0 91.3 94.0 97.3 101.3 106.1 111.5 117.7 124.4 131.4 139.0 146.7 154.6 162.1 169.2 176.1 183.0 190.1 197.2 204.5 211.9 219.6 225.9 232.3 238.3 242.7 245.9 247.5 247.8 246.3 244.3 242.2 238.9 235.3 232.3 231.9 229.6 222.2
29.5 29.6 29.5 29.1 28.5 27.6 26.2 24.4 22.3 21.4 21.8 22.6 23.5 24.4 25.4 26.5 27.7 29.0 30.3 31.8 33.5 35.3 36.9 38.8 40.4 41.8 43.0 44.4 45.5 46.7 47.7 48.8 49.6 50.6 51.6 52.7 53.9 55.3 56.8 58.5 60.1 61.8 63.1 62.7 60.2 58.9 59.9 62.5 66.0 69.6 72.8 75.4 77.1 79.3 84.0 86.1 87.8 89.7 92.1 95.0 98.8 103.4 108.8 114.8 121.5 128.5 136.0 144.3 152.8 160.3 167.2 174.0 181.0 188.1 195.4 202.8 210.2 217.4 225.6 231.9 237.3 243.4 249.0 249.9 249.5 248.3 246.8 243.5 240.2 236.7 237.2 231.1 226.7 220.5
28.9 28.9 28.7 28.3 27.6 26.5 25.0 23.0 21.2 21.4 22.1 22.9 23.9 24.8 25.9 27.0 28.3 29.7 31.2 32.8 34.5 36.3 38.0 39.8 41.5 42.9 44.4 45.8 47.1 48.2 49.3 50.4 51.4 52.4 53.5 54.6 55.8 57.2 58.7 60.2 61.8 63.4 64.3 63.2 60.4 59.6 60.6 63.6 67.6 71.4 74.3 76.2 77.4 79.0 83.0 85.0 86.5 88.1 90.2 92.8 96.3 100.8 106.0 111.9 118.5 125.4 133.1 141.6 150.4 158.0 165.0 172.0 179.1 186.4 193.9 201.3 208.9 216.3 223.8 232.2 238.8 244.1 246.2 249.5 251.1 250.1 247.9 246.2 243.7 237.0 232.7 230.9 226.4 217.8
28.2 28.1 27.9 27.3 26.5 25.3 23.6 21.7 20.9 21.4 22.3 23.1 24.1 25.2 26.3 27.5 28.9 30.4 31.9 33.6 35.3 37.1 38.9 40.7 42.4 44.1 45.6 47.1 48.5 49.8 51.0 52.2 53.2 54.3 55.4 56.5 57.8 59.3 60.7 62.2 63.7 65.2 65.8 65.1 63.2 62.9 64.3 67.7 71.6 74.9 76.8 77.9 78.3 78.9 81.4 82.9 84.6 86.5 88.4 90.7 94.0 98.3 103.3 109.1 115.6 122.6 130.3 138.7 147.1 155.1 162.6 169.9 177.4 184.9 192.5 200.4 207.9 215.5 222.9 229.6 237.0 242.0 246.3 248.6 248.7 249.2 248.1 245.7 243.2 236.3 231.2 227.3 223.9 214.7
27.5 27.3 27.0 26.3 25.3 23.9 22.1 20.6 20.8 21.5 22.3 23.3 24.3 25.4 26.5 27.8 29.4 30.9 32.6 34.3 36.1 37.9 39.7 41.5 43.3 45.0 46.6 48.2 49.8 51.2 52.5 53.7 55.1 56.1 57.3 58.6 60.0 61.4 62.7 64.2 65.8 67.2 68.0 68.0 67.5 68.2 70.2 73.5 76.8 79.0 79.7 79.6 79.2 78.6 78.9 79.2 80.6 84.5 86.6 88.8 91.9 95.9 100.7 106.4 112.8 119.9 127.6 135.8 144.0 152.2 160.1 167.9 175.6 183.4 191.2 199.0 206.8 214.4 221.4 227.9 233.6 238.4 242.9 246.7 248.0 246.3 245.9 242.1 238.7 235.7 231.9 223.1 217.4 211.4
26.7 26.5 26.0 25.2 24.0 22.5 20.8 20.2 20.7 21.5 22.3 23.3 24.3 25.5 26.7 28.1 29.6 31.3 33.0 34.8 36.6 38.5 40.3 42.2 44.0 45.8 47.5 49.2 50.8 52.4 53.8 55.1 56.4 57.9 59.1 60.6 62.0 63.4 64.9 66.4 68.0 69.1 70.1 71.0 71.9 73.4 75.9 78.8 81.2 82.3 82.1 80.9 79.6 78.4 77.7 77.4 78.6 82.8 84.9 87.0 89.8 93.5 98.1 103.5 109.8 117.0 124.7 133.0 141.3 149.6 157.8 165.9 173.9 181.8 190.0 197.7 205.3 212.6 219.3 225.5 230.6 235.1 238.2 240.1 241.7 240.8 240.1 239.4 233.2 229.9 226.0 221.1 218.6 207.3
25.9 25.6 25.0 24.1 22.7 21.0 19.8 20.0 20.6 21.4 22.2 23.2 24.3 25.4 26.7 28.1 29.7 31.4 33.2 35.0 36.9 38.8 40.8 42.7 44.6 46.4 48.1 49.9 51.6 53.4 54.9 56.4 57.9 59.4 61.0 62.5 64.0 65.5 67.1 68.6 69.8 71.0 72.1 73.4 75.0 77.3 79.9 82.4 84.1 84.5 83.5 81.6 79.6 78.0 76.7 76.0 76.8 80.7 82.7 85.0 87.7 91.1 95.4 100.8 106.9 114.0 121.8 130.1 138.7 147.2 155.7 164.0 172.1 179.9 188.2 195.9 203.3 210.1 216.4 221.6 226.1 229.9 232.4 234.0 235.1 234.2 232.9 230.5 227.0 223.2 220.1 213.6 211.2 204.7
25.1 24.7 24.0 22.9 21.4 19.8 19.5 19.9 20.5 21.2 22.1 23.0 24.1 25.3 26.6 28.0 29.6 31.3 33.1 35.1 37.0 39.0 41.0 43.0 44.9 46.8 48.7 50.5 52.3 54.1 55.8 57.5 59.2 61.0 62.7 64.4 66.0 67.6 69.1 70.6 71.8 72.9 74.1 76.0 77.9 80.0 83.0 85.3 86.4 86.0 84.2 81.6 79.1 77.1 75.0 73.3 73.1 75.9 78.5 82.3 85.4 88.6 92.7 97.8 104.0 111.0 118.9 127.3 136.1 145.0 153.6 162.1 170.2 178.0 185.8 193.4 200.6 206.5 211.8 216.4 220.9 223.4 225.6 226.9 226.9 226.3 224.9 222.6 219.6 216.1 212.0 207.8 202.3 196.5
24.4 23.9 23.0 21.8 20.3 19.3 19.4 19.9 20.4 21.1 21.9 22.8 23.8 25.0 26.3 27.7 29.3 31.1 33.0 34.9 37.0 39.0 41.0 43.1 45.0 47.1 49.0 50.9 52.7 54.6 56.4 58.3 60.2 62.2 64.2 66.0 67.9 69.6 71.1 72.4 73.6 74.7 76.1 78.1 80.0 82.1 85.0 87.2 87.7 86.5 84.3 81.3 78.4 75.5 72.9 70.9 70.1 71.8 74.7 78.0 82.5 86.0 89.9 94.8 101.0 108.0 115.9 124.4 133.4 142.5 151.4 160.0 168.3 175.8 183.2 190.1 196.2 201.7 205.9 209.5 212.5 215.1 216.9 218.1 218.3 217.6 216.2 214.2 211.7 208.3 204.4 200.1 195.2 190.0
23.7 23.1 22.1 20.8 19.5 19.3 19.5 19.8 20.3 20.9 21.7 22.5 23.5 24.7 26.0 27.4 29.0 30.7 32.6 34.6 36.7 38.7 40.9 42.9 45.0 47.1 49.1 51.0 53.0 54.9 56.9 58.9 61.0 63.3 65.3 67.4 69.4 71.2 72.8 74.1 75.3 76.3 77.4 79.2 81.0 83.0 86.5 87.9 87.7 86.0 83.5 80.7 77.3 73.7 70.8 68.5 67.6 69.4 71.4 74.1 78.1 82.4 86.9 91.7 97.8 105.0 113.0 121.5 130.5 139.7 148.7 157.1 165.2 172.8 179.6 185.6 190.8 195.2 198.5 201.1 203.4 205.8 207.5 208.5 208.7 208.2 207.2 205.2 202.9 199.9 196.4 192.4 188.0 183.1
23.0 22.4 21.4 20.2 19.5 19.4 19.6 19.9 20.3 20.8 21.4 22.2 23.2 24.3 25.5 27.0 28.5 30.2 32.1 34.2 36.3 38.4 40.5 42.6 44.7 46.9 48.9 50.9 53.0 55.0 57.1 59.3 61.6 64.0 66.2 68.4 70.6 72.5 74.1 75.5 76.7 77.7 78.5 79.3 80.2 81.4 84.9 86.0 84.5 84.0 83.4 80.2 75.8 71.4 68.1 66.0 64.9 66.1 68.2 71.2 75.2 79.6 83.9 88.6 94.7 101.8 109.8 118.4 127.3 136.4 145.1 153.3 160.9 167.9 174.1 179.5 184.0 187.6 190.1 191.7 193.6 195.8 197.5 198.5 198.8 198.4 197.4 196.1 193.8 191.2 188.2 184.4 180.3 175.8
22.5 21.8 20.9 20.0 19.7 19.7 19.8 20.0 20.3 20.7 21.3 22.0 22.9 23.9 25.1 26.4 28.0 29.7 31.5 33.5 35.7 37.8 40.0 42.1 44.3 46.5 48.5 50.7 52.8 54.9 57.0 59.4 61.8 64.3 66.6 69.0 71.4 73.4 75.0 76.3 77.4 78.2 79.0 80.0 80.7 81.3 82.4 83.5 84.1 85.4 83.7 79.4 74.0 68.7 64.3 61.5 61.0 62.7 66.2 70.7 75.2 78.4 81.9 86.3 92.0 98.8 106.5 115.0 123.8 132.5 140.6 148.3 155.2 161.4 166.9 171.7 175.4 178.5 180.6 182.3 183.9 185.7 187.2 188.2 188.7 188.5 187.8 186.6 184.8 182.4 179.6 176.3 172.6 168.4
22.1 21.5 20.7 20.3 20.1 20.0 20.0 20.1 20.3 20.7 21.1 21.8 22.5 23.5 24.6 25.9 27.4 29.1 30.9 32.9 35.0 37.2 39.4 41.5 43.6 45.8 48.0 50.2 52.4 54.6 56.7 59.1 61.5 64.1 66.6 69.1 71.5 73.5 75.1 76.4 77.4 78.2 79.2 80.2 81.1 81.7 82.2 83.1 84.5 85.9 83.6 78.4 72.2 66.0 60.5 56.1 54.2 56.3 60.9 66.9 72.5 76.4 79.7 83.9 89.2 95.7 103.1 111.3 119.7 127.5 134.8 141.6 147.7 153.2 157.9 161.9 165.4 168.1 170.3 172.1 173.7 175.4 177.1 179.2 179.8 178.9 178.4 177.4 175.8 173.7 171.3 168.2 164.8 160.9
21.9 21.4 21.0 20.8 20.6 20.4 20.4 20.4 20.5 20.7 21.1 21.6 22.3 23.1 24.1 25.3 26.7 28.3 30.2 32.1 34.2 36.4 38.6 40.6 42.8 45.0 47.2 49.4 51.5 53.8 56.0 58.3 60.8 63.3 66.0 68.5 70.8 72.8 74.5 75.8 76.7 77.4 78.5 79.9 81.0 81.8 82.4 83.2 86.2 85.8 83.0 77.6 70.9 64.0 57.8 52.7 49.5 51.4 56.5 63.1 69.5 74.1 77.4 81.3 86.2 92.0 98.9 106.4 114.4 121.3 127.5 133.1 138.4 143.1 147.3 151.0 154.1 156.8 159.1 161.2 163.2 165.9 169.0 175.1 175.8 171.7 170.2 168.6 167.1 165.3 162.9 160.2 157.0 153.5
21.9 21.6 21.4 21.2 21.0 20.8 20.7 20.7 20.7 20.8 21.1 21.5 22.1 22.8 23.7 24.8 26.1 27.6 29.3 31.1 33.1 35.3 37.5 39.6 41.8 44.0 46.2 48.4 50.6 52.8 54.9 57.2 59.6 62.1 64.6 67.1 69.3 71.4 73.2 74.6 75.6 76.3 77.5 79.0 80.3 81.3 81.9 82.8 84.8 84.2 82.1 76.9 70.1 63.0 56.6 51.6 48.2 49.7 54.7 61.1 67.5 71.9 75.1 78.5 82.8 87.8 93.6 100.1 107.2 113.1 118.0 122.8 127.3 131.5 135.4 138.8 142.0 144.8 147.4 150.4 154.2 161.0 165.1 168.8 170.3 169.4 167.1 161.0 158.7 157.1 154.9 152.2 149.1 145.7
22.0 21.9 21.7 21.6 21.4 21.2 21.1 21.0 21.0 21.0 21.2 21.5 21.9 22.5 23.3 24.3 25.5 26.8 28.4 30.1 32.0 34.1 36.3 38.4 40.6 42.8 45.0 47.3 49.4 51.5 53.6 55.8 57.8 60.2 62.5 64.9 67.2 69.3 71.1 72.6 74.0 75.1 76.3 77.7 79.0 80.0 80.5 80.8 80.9 80.5 80.2 75.8 69.4 62.9 56.6 52.2 49.8 51.1 55.3 61.0 66.4 70.0 72.7 75.5 79.0 83.0 87.7 92.8 98.1 102.7 106.8 110.9 114.9 118.8 122.6 126.2 129.5 132.7 136.1 141.6 147.9 153.3 156.3 159.8 162.4 163.1 161.3 154.4 151.3 150.2 148.4 145.3 141.6 138.1
22.1 22.0 22.0 21.8 21.7 21.6 21.4 21.3 21.3 21.3 21.4 21.6 21.9 22.4 23.0 23.9 24.9 26.1 27.5 29.1 30.9 32.9 35.0 37.2 39.4 41.6 43.7 45.8 47.9 49.8 51.8 53.8 55.7 57.7 59.9 62.1 64.3 66.3 68.2 70.0 71.4 72.9 74.3 75.7 77.0 77.9 78.4 78.5 78.3 78.0 78.0 74.6 68.2 62.4 57.4 54.2 52.9 54.2 57.6 61.8 65.6 67.9 69.9 72.3 75.0 78.1 81.3 84.7 88.1 91.4 94.8 98.3 102.0 105.7 109.5 113.2 116.9 120.4 124.5 129.3 135.0 140.4 145.4 150.2 153.6 154.3 153.9 150.6 147.7 148.2 147.2 141.4 134.5 130.6
22.0 22.0 22.0 22.0 21.9 21.8 21.7 21.6 21.6 21.5 21.6 21.7 21.9 22.3 22.8 23.5 24.4 25.4 26.7 28.1 29.8 31.7 33.8 35.9 38.1 40.2 42.2 44.2 46.1 47.9 49.6 51.4 53.1 54.8 56.7 58.7 60.8 62.8 64.7 66.5 68.3 69.9 71.5 73.0 74.3 75.2 75.7 75.8 75.5 75.0 74.0 70.9 66.2 61.3 58.3 57.2 56.6 57.7 59.9 62.4 64.1 65.6 67.2 68.9 70.8 72.5 74.3 76.0 77.8 80.0 82.5 85.5 88.9 92.6 96.6 100.6 104.5 108.0 111.8 115.8 120.2 125.7 132.0 138.7 145.1 149.7 150.8 148.7 147.2 144.4 142.0 136.9 127.5 123.1
21.8 21.9 22.0 22.0 22.0 22.0 21.9 21.9 21.8 21.8 21.8 21.9 22.0 22.3 22.7 23.3 24.0 24.9 26.0 27.2 28.8 30.7 32.6 34.6 36.7 38.7 40.6 42.4 44.2 45.7 47.1 48.6 50.1 51.7 53.3 55.2 57.1 59.1 61.0 62.8 64.7 66.5 68.1 69.7 71.0 71.9 72.5 72.6 72.3 71.5 70.0 67.4 63.9 60.9 59.8 59.2 58.9 59.6 60.5 61.3 62.2 63.2 64.3 65.3 66.2 66.7 67.0 67.3 67.8 68.8 70.5 73.1 76.3 80.1 84.2 88.5 92.9 97.1 100.9 103.6 105.8 111.0 118.3 126.8 135.9 143.3 146.8 144.7 142.6 138.1 133.6 129.4 120.2 116.0
21.5 21.6 21.8 21.9 22.0 22.0 22.0 22.0 22.0 22.0 22.0 22.0 22.2 22.4 22.7 23.2 23.8 24.5 25.4 26.5 28.0 29.7 31.5 33.3 35.2 37.1 38.8 40.5 42.0 43.2 44.4 45.7 47.0 48.4 49.9 51.6 53.4 55.2 57.0 59.0 60.9 62.6 64.3 65.9 67.2 68.2 68.9 69.1 68.8 68.1 66.7 64.7 62.4 60.3 59.3 58.7 58.5 58.7 59.2 59.7 60.2 60.8 61.3 61.6 61.4 60.8 59.8 58.7 58.0 58.0 59.1 61.3 64.5 68.3 72.7 77.3 82.1 86.4 88.9 90.1 90.8 96.5 105.0 115.1 126.0 134.6 139.0 137.6 134.7 130.1 125.3 120.8 112.8 108.6
21.0 21.2 21.5 21.6 21.8 21.9 21.9 22.0 22.0 22.1 22.1 22.2 22.3 22.5 22.8 23.2 23.6 24.3 25.1 26.1 27.4 28.8 30.5 32.1 33.8 35.5 37.0 38.4 39.6 40.7 41.7 42.7 43.9 45.1 46.5 48.1 49.7 51.4 53.3 55.2 56.9 58.7 60.5 61.9 63.2 64.3 65.1 65.4 65.3 64.8 63.7 62.2 60.6 59.2 58.2 57.6 57.4 57.4 57.7 57.9 58.2 58.4 58.3 57.8 56.6 54.8 52.6 50.2 48.5 47.8 48.5 50.6 53.7 57.7 62.3 67.1 72.2 76.4 77.2 77.0 77.3 83.1 92.9 104.2 115.4 123.3 126.8 126.8 124.6 120.8 116.1 111.4 106.0 100.6
20.4 20.7 21.0 21.2 21.4 21.6 21.7 21.8 21.9 22.0 22.1 22.3 22.4 22.6 22.9 23.2 23.6 24.2 24.9 25.8 27.0 28.2 29.6 31.0 32.5 33.9 35.1 36.2 37.2 38.0 38.9 39.9 40.9 42.0 43.4 44.8 46.4 48.0 49.7 51.5 53.3 54.9 56.5 58.0 59.3 60.4 61.2 61.7 61.9 61.6 60.9 59.9 58.8 57.8 56.9 56.4 56.1 56.1 56.2 56.2 56.2 56.0 55.2 53.9 51.8 49.0 45.4 42.1 39.6 38.5 39.0 41.0 44.2 48.4 53.1 58.1 63.2 67.6 67.6 67.1 68.4 72.9 82.2 93.5 104.1 110.8 113.8 114.6 113.3 110.4 106.4 101.6 96.4 92.5
19.8 20.1 20.4 20.7 21.0 21.2 21.4 21.5 21.7 21.9 22.0 22.2 22.4 22.7 23.0 23.3 23.7 24.2 24.8 25.7 26.6 27.6 28.8 30.0 31.1 32.3 33.2 34.0 34.8 35.5 36.3 37.1 38.1 39.2 40.5 41.9 43.3 44.9 46.5 48.2 49.9 51.4 52.9 54.3 55.5 56.6 57.4 58.0 58.4 58.4 58.1 57.6 56.9 56.2 55.5 55.1 54.8 54.7 54.6 54.5 54.1 53.4 52.0 49.9 46.8 42.9 38.6 34.5 31.4 30.1 30.6 32.7 36.0 40.3 45.0 50.1 55.3 59.9 61.3 61.2 62.8 66.5 74.3 83.9 92.5 98.5 101.4 102.5 102.0 100.0 96.6 91.8 88.3 85.1
