main/data/rainfall/02.01.2023.grid
ncols 886
nrows 691
xllcenter 112.0000
yllcenter -44.5000
cellsize 0.0500
nodata_value 99999.90
[rows 336 to 377 of 691, columns 470 to 563 of 886]
0.0 0.0 0.0 0.0 0.0 0.0 0.0 0.0 0.0 0.0 0.0 0.0 0.0 0.0 0.0 0.0 0.0 0.1 0.1 0.1 0.1 0.2 0.2 0.3 0.4 0.5 0.5 0.6 0.7 0.9 1.0 1.1 1.2 1.4 1.6 1.8 2.0 2.2 2.4 2.6 2.8 2.9 3.0 3.0 3.0 3.0 2.9 2.9 2.9 2.8 2.8 2.8 2.7 2.7 2.6 2.5 2.4 2.3 2.2 2.2 2.0 1.9 1.8 1.7 1.6 1.5 1.4 1.3 1.3 1.2 1.1 1.0 0.9 0.9 0.8 0.7 0.7 0.6 0.6 0.5 0.5 0.4 0.4 0.4 0.4 0.4 0.3 0.3 0.3 0.3 0.3 0.3 0.3 0.3
0.0 0.0 0.0 0.0 0.0 0.0 0.0 0.0 0.0 0.0 0.0 0.0 0.0 0.0 0.0 0.0 0.0 0.1 0.1 0.1 0.1 0.2 0.3 0.3 0.4 0.5 0.6 0.7 0.8 0.9 1.1 1.2 1.4 1.6 1.8 2.0 2.2 2.4 2.7 2.8 2.9 3.0 3.0 3.0 3.0 3.0 3.0 2.9 2.9 2.9 2.9 2.8 2.8 2.7 2.7 2.6 2.5 2.5 2.4 2.3 2.2 2.1 2.0 1.9 1.8 1.7 1.6 1.5 1.5 1.4 1.3 1.2 1.1 1.0 1.0 0.9 0.8 0.8 0.7 0.6 0.6 0.6 0.5 0.5 0.5 0.4 0.4 0.4 0.4 0.4 0.4 0.3 0.3 0.3
0.0 0.0 0.0 0.0 0.0 0.0 0.0 0.0 0.0 0.0 0.0 0.0 0.0 0.0 0.0 0.0 0.0 0.1 0.1 0.1 0.2 0.2 0.3 0.4 0.5 0.6 0.7 0.8 0.9 1.0 1.2 1.4 1.6 1.7 2.0 2.2 2.4 2.7 2.8 2.9 2.9 3.0 3.0 3.0 3.0 3.0 3.0 3.0 3.0 3.0 2.9 2.9 2.9 2.8 2.8 2.8 2.6 2.6 2.5 2.4 2.4 2.3 2.2 2.1 2.0 1.9 1.8 1.7 1.7 1.6 1.5 1.4 1.3 1.2 1.1 1.1 1.0 0.9 0.9 0.8 0.7 0.7 0.6 0.6 0.6 0.5 0.5 0.5 0.5 0.4 0.4 0.4 0.4 0.4
0.0 0.0 0.0 0.0 0.0 0.0 0.0 0.0 0.0 0.0 0.0 0.0 0.0 0.0 0.0 0.0 0.0 0.1 0.1 0.1 0.2 0.2 0.3 0.4 0.5 0.6 0.7 0.9 1.0 1.2 1.3 1.5 1.7 1.9 2.2 2.4 2.6 2.8 2.9 2.9 2.9 3.0 3.0 3.0 3.0 3.0 3.0 3.0 3.0 3.0 3.0 2.9 2.9 2.9 2.9 2.8 2.7 2.7 2.6 2.5 2.5 2.4 2.3 2.3 2.2 2.1 2.0 1.9 1.9 1.8 1.7 1.6 1.5 1.4 1.3 1.3 1.2 1.1 1.0 1.0 0.9 0.8 0.8 0.7 0.7 0.6 0.6 0.6 0.6 0.5 0.5 0.5 0.5 0.5
0.0 0.0 0.0 0.0 0.0 0.0 0.0 0.0 0.0 0.0 0.0 0.0 0.0 0.0 0.0 0.0 0.1 0.1 0.1 0.1 0.2 0.2 0.3 0.4 0.5 0.7 0.8 1.0 1.1 1.3 1.5 1.7 1.9 2.1 2.4 2.6 2.7 2.8 2.8 2.9 2.9 3.0 3.0 3.0 3.0 3.0 3.0 3.0 3.0 3.0 3.0 3.0 3.0 2.9 2.9 2.9 2.8 2.8 2.7 2.6 2.6 2.5 2.5 2.4 2.3 2.3 2.2 2.1 2.1 2.0 1.9 1.8 1.7 1.6 1.6 1.5 1.4 1.3 1.2 1.1 1.1 1.0 0.9 0.9 0.8 0.8 0.7 0.7 0.7 0.6 0.6 0.6 0.6 0.5
0.0 0.0 0.0 0.0 0.0 0.0 0.0 0.0 0.0 0.0 0.0 0.0 0.0 0.0 0.0 0.0 0.1 0.1 0.1 0.1 0.2 0.2 0.3 0.4 0.6 0.7 0.9 1.0 1.2 1.4 1.6 1.8 2.0 2.3 2.5 2.6 2.7 2.8 2.8 2.9 2.9 2.9 3.0 2.9 3.0 3.0 3.0 3.0 3.0 3.0 3.0 3.0 3.0 3.0 3.0 2.9 2.9 2.9 2.8 2.8 2.7 2.6 2.6 2.5 2.5 2.4 2.3 2.3 2.2 2.2 2.1 2.0 2.0 1.9 1.8 1.7 1.6 1.5 1.4 1.3 1.3 1.2 1.1 1.0 0.9 0.9 0.8 0.8 0.8 0.7 0.7 0.7 0.6 0.6
0.0 0.0 0.0 0.0 0.0 0.0 0.0 0.0 0.0 0.0 0.0 0.0 0.0 0.0 0.0 0.0 0.1 0.1 0.1 0.1 0.2 0.3 0.3 0.4 0.6 0.7 0.9 1.1 1.3 1.5 1.7 1.9 2.2 2.4 2.5 2.6 2.7 2.8 2.8 2.9 2.9 3.0 2.9 3.0 3.0 3.0 3.0 3.0 3.0 3.0 3.0 3.0 3.0 3.0 3.0 3.0 2.9 2.9 2.9 2.8 2.8 2.7 2.7 2.6 2.6 2.5 2.5 2.5 2.4 2.4 2.3 2.2 2.2 2.1 2.0 1.9 1.8 1.7 1.6 1.5 1.4 1.3 1.2 1.2 1.1 1.0 0.9 0.9 0.8 0.8 0.8 0.7 0.7 0.7
0.0 0.0 0.0 0.0 0.0 0.0 0.0 0.0 0.0 0.0 0.0 0.0 0.0 0.0 0.0 0.0 0.1 0.1 0.1 0.2 0.2 0.3 0.4 0.5 0.6 0.8 0.9 1.1 1.4 1.6 1.8 2.0 2.2 2.4 2.5 2.6 2.7 2.8 2.8 2.8 2.9 2.9 2.9 3.0 3.0 3.0 3.1 3.0 3.1 3.1 3.1 3.1 3.0 3.0 3.0 3.0 3.0 3.0 2.9 2.9 2.8 2.8 2.7 2.7 2.7 2.6 2.6 2.6 2.6 2.6 2.5 2.4 2.4 2.3 2.2 2.1 2.0 1.9 1.8 1.7 1.6 1.5 1.4 1.3 1.2 1.1 1.1 1.0 1.0 0.9 0.9 0.8 0.8 0.7
0.0 0.0 0.0 0.0 0.0 0.0 0.0 0.0 0.0 0.0 0.0 0.0 0.0 0.0 0.0 0.0 0.1 0.1 0.1 0.2 0.2 0.3 0.4 0.5 0.6 0.8 1.0 1.2 1.4 1.6 1.8 2.0 2.2 2.4 2.5 2.6 2.7 2.7 2.8 2.8 2.9 3.0 2.9 3.0 3.0 3.1 3.0 3.0 3.0 3.0 3.0 3.0 3.0 3.0 3.0 3.0 3.0 3.0 2.9 2.9 2.9 2.8 2.8 2.7 2.7 2.7 2.7 2.7 2.7 2.7 2.7 2.7 2.6 2.5 2.4 2.3 2.2 2.1 2.0 1.9 1.7 1.6 1.5 1.4 1.3 1.2 1.1 1.1 1.0 1.0 0.9 0.9 0.8 0.8
0.0 0.0 0.0 0.0 0.0 0.0 0.0 0.0 0.0 0.0 0.0 0.0 0.0 0.0 0.0 0.0 0.1 0.1 0.1 0.2 0.2 0.3 0.4 0.5 0.6 0.8 1.0 1.2 1.4 1.6 1.8 2.0 2.2 2.4 2.5 2.6 2.7 2.7 2.8 2.8 2.9 2.9 2.9 2.9 2.9 3.0 3.1 3.0 3.0 3.0 3.0 3.0 3.0 3.1 3.0 3.0 3.0 2.9 2.9 2.9 2.9 2.8 2.8 2.8 2.8 2.8 2.8 2.8 2.8 2.9 2.9 2.8 2.7 2.7 2.6 2.5 2.4 2.3 2.1 2.0 1.9 1.8 1.6 1.5 1.4 1.3 1.2 1.2 1.1 1.0 0.9 0.9 0.8 0.8
0.0 0.0 0.0 0.0 0.0 0.0 0.0 0.0 0.0 0.0 0.0 0.0 0.0 0.0 0.0 0.1 0.1 0.1 0.1 0.2 0.2 0.3 0.4 0.5 0.6 0.8 1.0 1.2 1.4 1.6 1.8 2.1 2.2 2.4 2.5 2.6 2.7 2.7 2.8 2.8 2.9 2.9 2.9 3.0 3.0 3.0 3.1 3.0 3.0 3.0 3.0 3.1 3.0 3.0 3.0 3.0 3.0 2.9 2.9 2.9 2.9 2.9 2.8 2.8 2.8 2.8 2.8 2.9 2.9 3.0 3.0 3.0 2.9 2.9 2.8 2.7 2.5 2.4 2.3 2.1 2.0 1.9 1.8 1.6 1.5 1.4 1.3 1.2 1.1 1.0 1.0 0.9 0.9 0.8
0.0 0.0 0.0 0.0 0.0 0.0 0.0 0.0 0.0 0.0 0.0 0.0 0.0 0.0 0.0 0.1 0.1 0.1 0.1 0.2 0.2 0.3 0.4 0.5 0.7 0.8 1.0 1.2 1.4 1.7 1.9 2.0 2.2 2.4 2.5 2.6 2.7 2.8 2.8 2.8 2.9 2.9 2.9 3.0 3.0 3.0 3.0 3.0 3.0 3.0 3.0 3.0 2.9 3.0 2.9 3.0 3.0 3.0 2.9 2.9 2.9 2.9 2.9 2.8 2.9 2.8 2.9 3.0 3.1 3.1 3.1 3.1 3.1 3.0 2.9 2.8 2.7 2.6 2.4 2.3 2.1 2.0 1.8 1.7 1.6 1.4 1.3 1.2 1.1 1.0 1.0 0.9 0.8 0.8
0.0 0.0 0.0 0.0 0.0 0.0 0.0 0.0 0.0 0.0 0.0 0.0 0.0 0.0 0.0 0.1 0.1 0.1 0.1 0.2 0.2 0.3 0.4 0.5 0.7 0.8 1.0 1.2 1.4 1.7 1.9 2.1 2.2 2.3 2.5 2.5 2.7 2.7 2.7 2.8 2.9 2.9 2.9 2.9 3.0 3.0 3.0 3.0 2.9 3.0 3.0 3.0 2.9 3.0 2.9 2.9 2.9 2.9 2.9 2.9 2.9 2.9 2.9 3.0 2.9 3.0 3.0 3.1 3.1 3.2 3.2 3.2 3.2 3.1 3.0 2.9 2.8 2.7 2.5 2.4 2.2 2.0 1.9 1.8 1.6 1.5 1.4 1.2 1.1 1.0 0.9 0.9 0.8 0.8
0.0 0.0 0.0 0.0 0.0 0.0 0.0 0.0 0.0 0.0 0.0 0.0 0.0 0.0 0.0 0.1 0.1 0.1 0.1 0.2 0.2 0.3 0.4 0.5 0.7 0.8 1.0 1.2 1.5 1.7 1.9 2.0 2.2 2.3 2.4 2.5 2.6 2.7 2.8 2.8 2.8 2.8 2.9 3.0 2.9 2.9 2.9 3.0 2.9 2.9 2.9 3.0 2.9 2.9 2.9 2.9 2.9 2.9 2.9 2.9 2.9 2.9 3.0 3.0 3.0 3.1 3.1 3.2 3.2 3.2 3.3 3.3 3.3 3.2 3.1 3.0 2.9 2.8 2.6 2.5 2.3 2.1 1.9 1.8 1.7 1.5 1.4 1.2 1.1 1.0 0.9 0.8 0.8 0.7
0.0 0.0 0.0 0.0 0.0 0.0 0.0 0.0 0.0 0.0 0.0 0.0 0.0 0.0 0.0 0.1 0.1 0.1 0.1 0.2 0.2 0.3 0.4 0.5 0.7 0.9 1.0 1.3 1.5 1.7 1.9 2.0 2.2 2.3 2.4 2.6 2.6 2.7 2.7 2.7 2.8 2.8 2.9 3.0 3.0 2.9 2.9 2.9 2.9 2.9 2.9 2.9 2.9 2.9 2.9 2.9 2.9 2.9 2.9 2.9 2.9 2.9 3.0 3.0 3.1 3.1 3.2 3.2 3.3 3.3 3.3 3.3 3.3 3.3 3.2 3.1 3.0 2.8 2.7 2.5 2.3 2.2 2.0 1.8 1.7 1.5 1.3 1.2 1.1 0.9 0.8 0.8 0.7 0.6
0.0 0.0 0.0 0.0 0.0 0.0 0.0 0.0 0.0 0.0 0.0 0.0 0.0 0.0 0.0 0.1 0.1 0.1 0.1 0.2 0.3 0.3 0.4 0.5 0.7 0.9 1.0 1.3 1.5 1.7 1.9 2.0 2.2 2.3 2.4 2.5 2.6 2.6 2.6 2.7 2.8 2.8 2.8 2.9 2.9 2.9 2.9 2.9 2.9 2.9 2.9 2.9 2.9 2.9 2.9 2.8 2.9 2.8 2.9 2.9 2.9 3.0 3.0 3.1 3.1 3.2 3.3 3.4 3.4 3.4 3.4 3.4 3.4 3.3 3.2 3.1 3.0 2.9 2.7 2.5 2.4 2.2 2.0 1.8 1.7 1.5 1.3 1.1 1.0 0.9 0.8 0.7 0.7 0.6
0.0 0.0 0.0 0.0 0.0 0.0 0.0 0.0 0.0 0.0 0.0 0.0 0.0 0.0 0.0 0.1 0.1 0.1 0.1 0.2 0.3 0.3 0.4 0.6 0.7 0.9 1.1 1.3 1.5 1.7 1.8 2.0 2.2 2.3 2.4 2.5 2.5 2.6 2.6 2.7 2.7 2.7 2.8 2.8 2.8 2.9 2.9 2.9 2.9 2.8 2.9 2.9 2.9 2.8 2.8 2.8 2.8 2.8 2.8 2.9 3.0 3.0 3.0 3.0 3.1 3.2 3.3 3.4 3.5 3.5 3.5 3.4 3.4 3.3 3.3 3.2 3.0 2.9 2.8 2.6 2.4 2.2 2.0 1.8 1.6 1.4 1.3 1.1 1.0 0.9 0.8 0.7 0.7 0.6
0.0 0.0 0.0 0.0 0.0 0.0 0.0 0.0 0.0 0.0 0.0 0.0 0.0 0.0 0.0 0.1 0.1 0.1 0.1 0.2 0.3 0.3 0.4 0.6 0.7 0.9 1.1 1.2 1.4 1.6 1.8 2.0 2.2 2.3 2.3 2.4 2.5 2.6 2.7 2.7 2.7 2.8 2.8 2.8 2.8 2.8 2.8 2.8 2.8 2.8 2.8 2.8 2.8 2.8 2.8 2.8 2.8 2.8 2.8 2.9 2.9 3.0 3.0 3.1 3.1 3.2 3.3 3.4 3.5 3.5 3.5 3.5 3.4 3.3 3.3 3.2 3.1 2.9 2.8 2.6 2.4 2.2 2.0 1.8 1.6 1.4 1.3 1.1 1.0 0.9 0.8 0.7 0.7 0.6
0.0 0.0 0.0 0.0 0.0 0.0 0.0 0.0 0.0 0.0 0.0 0.0 0.0 0.0 0.0 0.1 0.1 0.1 0.1 0.2 0.3 0.3 0.4 0.6 0.7 0.9 1.1 1.2 1.4 1.6 1.8 2.0 2.1 2.2 2.3 2.4 2.5 2.5 2.6 2.7 2.7 2.7 2.7 2.7 2.7 2.8 2.8 2.8 2.8 2.8 2.8 2.8 2.8 2.7 2.8 2.7 2.8 2.8 2.8 2.9 2.9 3.0 3.1 3.1 3.1 3.2 3.3 3.4 3.4 3.5 3.5 3.5 3.4 3.3 3.3 3.2 3.0 2.9 2.8 2.6 2.4 2.3 2.0 1.8 1.6 1.4 1.3 1.2 1.0 0.9 0.8 0.8 0.7 0.7
0.0 0.0 0.0 0.0 0.0 0.0 0.0 0.0 0.0 0.0 0.0 0.0 0.0 0.0 0.0 0.1 0.1 0.1 0.2 0.2 0.3 0.4 0.5 0.6 0.7 0.9 1.0 1.2 1.4 1.6 1.8 1.9 2.1 2.2 2.3 2.4 2.4 2.5 2.5 2.6 2.6 2.7 2.7 2.7 2.7 2.7 2.7 2.7 2.7 2.7 2.7 2.7 2.7 2.7 2.7 2.7 2.7 2.9 2.8 2.9 2.9 3.0 3.1 3.1 3.1 3.2 3.3 3.4 3.4 3.4 3.5 3.5 3.4 3.3 3.2 3.1 3.0 2.9 2.8 2.6 2.4 2.3 2.0 1.8 1.6 1.5 1.3 1.2 1.1 1.0 0.9 0.8 0.7 0.7
0.0 0.0 0.0 0.0 0.0 0.0 0.0 0.0 0.0 0.0 0.0 0.0 0.0 0.0 0.0 0.1 0.1 0.1 0.2 0.2 0.3 0.4 0.5 0.6 0.7 0.9 1.0 1.2 1.4 1.6 1.8 1.9 2.0 2.1 2.3 2.3 2.4 2.4 2.5 2.5 2.5 2.6 2.6 2.6 2.7 2.7 2.6 2.6 2.7 2.7 2.7 2.7 2.7 2.7 2.7 2.7 2.7 2.7 2.8 2.9 2.9 3.0 3.0 3.0 3.1 3.2 3.3 3.4 3.4 3.4 3.5 3.4 3.4 3.3 3.2 3.1 3.0 2.9 2.7 2.6 2.4 2.2 2.1 1.9 1.7 1.5 1.4 1.2 1.1 1.0 0.9 0.8 0.8 0.7
0.0 0.0 0.0 0.0 0.0 0.0 0.0 0.0 0.0 0.0 0.0 0.0 0.0 0.0 0.0 0.1 0.1 0.1 0.2 0.2 0.3 0.4 0.4 0.6 0.7 0.9 1.0 1.2 1.4 1.6 1.7 1.8 2.0 2.1 2.1 2.2 2.3 2.3 2.4 2.4 2.5 2.5 2.6 2.6 2.6 2.6 2.6 2.6 2.6 2.6 2.6 2.7 2.6 2.6 2.6 2.7 2.7 2.7 2.8 2.8 2.9 3.0 3.0 3.0 3.1 3.2 3.2 3.4 3.4 3.5 3.4 3.4 3.4 3.2 3.2 3.1 3.0 2.8 2.7 2.5 2.3 2.2 2.0 1.9 1.7 1.5 1.4 1.2 1.1 1.0 1.0 0.9 0.8 0.8
0.0 0.0 0.0 0.0 0.0 0.0 0.0 0.0 0.0 0.0 0.0 0.0 0.0 0.0 0.0 0.1 0.1 0.1 0.2 0.2 0.3 0.3 0.4 0.6 0.7 0.8 1.0 1.2 1.3 1.5 1.6 1.8 1.9 2.0 2.1 2.2 2.2 2.3 2.3 2.4 2.4 2.5 2.5 2.5 2.5 2.5 2.5 2.5 2.5 2.5 2.5 2.5 2.5 2.6 2.6 2.6 2.6 2.7 2.8 2.8 2.9 2.9 3.0 3.1 3.1 3.1 3.2 3.3 3.4 3.4 3.4 3.3 3.3 3.2 3.1 3.0 2.9 2.7 2.6 2.4 2.3 2.1 2.0 1.8 1.7 1.5 1.4 1.3 1.2 1.1 1.0 0.9 0.9 0.8
0.0 0.0 0.0 0.0 0.0 0.0 0.0 0.0 0.0 0.0 0.0 0.0 0.0 0.0 0.0 0.1 0.1 0.1 0.2 0.2 0.3 0.3 0.4 0.6 0.7 0.8 1.0 1.1 1.3 1.5 1.6 1.7 1.8 1.9 2.0 2.1 2.1 2.2 2.2 2.3 2.3 2.3 2.4 2.5 2.5 2.4 2.4 2.4 2.5 2.5 2.5 2.5 2.5 2.5 2.5 2.5 2.6 2.6 2.7 2.7 2.8 2.9 3.0 3.0 3.1 3.2 3.2 3.3 3.3 3.3 3.2 3.2 3.2 3.1 3.0 2.9 2.8 2.6 2.5 2.3 2.2 2.0 1.9 1.8 1.6 1.5 1.4 1.3 1.2 1.1 1.0 1.0 0.9 0.9
0.0 0.0 0.0 0.0 0.0 0.0 0.0 0.0 0.0 0.0 0.0 0.0 0.0 0.0 0.0 0.1 0.1 0.1 0.1 0.2 0.3 0.3 0.4 0.6 0.7 0.8 1.0 1.1 1.3 1.4 1.5 1.6 1.7 1.8 1.9 2.0 2.0 2.1 2.1 2.2 2.2 2.2 2.3 2.3 2.3 2.4 2.4 2.3 2.3 2.4 2.4 2.4 2.4 2.4 2.4 2.4 2.5 2.5 2.6 2.6 2.7 2.7 2.8 2.9 3.0 3.1 3.1 3.2 3.2 3.2 3.1 3.1 3.0 2.9 2.9 2.8 2.7 2.5 2.4 2.2 2.1 1.9 1.8 1.7 1.6 1.5 1.4 1.3 1.2 1.1 1.1 1.0 1.0 1.0
0.0 0.0 0.0 0.0 0.0 0.0 0.0 0.0 0.0 0.0 0.0 0.0 0.0 0.0 0.0 0.1 0.1 0.1 0.1 0.2 0.3 0.3 0.4 0.5 0.7 0.8 0.9 1.1 1.2 1.3 1.5 1.6 1.7 1.7 1.8 1.9 1.9 1.9 2.0 2.0 2.1 2.1 2.2 2.2 2.3 2.3 2.3 2.3 2.3 2.2 2.3 2.3 2.3 2.3 2.3 2.3 2.4 2.4 2.5 2.5 2.6 2.6 2.7 2.8 2.9 3.0 3.1 3.1 3.1 3.0 3.0 2.9 2.9 2.8 2.8 2.6 2.5 2.4 2.3 2.1 2.0 1.8 1.7 1.6 1.5 1.5 1.4 1.3 1.2 1.2 1.1 1.1 1.0 1.0
0.0 0.0 0.0 0.0 0.0 0.0 0.0 0.0 0.0 0.0 0.0 0.0 0.0 0.0 0.0 0.1 0.1 0.1 0.1 0.2 0.3 0.3 0.4 0.5 0.6 0.8 0.9 1.0 1.2 1.3 1.4 1.5 1.6 1.6 1.7 1.7 1.8 1.8 1.9 1.9 1.9 2.0 2.0 2.1 2.1 2.1 2.1 2.2 2.2 2.2 2.2 2.1 2.2 2.2 2.2 2.2 2.2 2.3 2.3 2.4 2.5 2.5 2.6 2.7 2.8 2.9 3.0 2.9 2.9 2.9 2.8 2.8 2.7 2.7 2.6 2.5 2.4 2.3 2.2 2.0 1.9 1.8 1.7 1.6 1.5 1.4 1.4 1.3 1.3 1.2 1.2 1.1 1.1 1.1
0.0 0.0 0.0 0.0 0.0 0.0 0.0 0.0 0.0 0.0 0.0 0.0 0.0 0.0 0.0 0.1 0.1 0.1 0.1 0.2 0.2 0.3 0.4 0.5 0.6 0.7 0.8 1.0 1.1 1.2 1.3 1.4 1.4 1.5 1.6 1.6 1.6 1.7 1.7 1.7 1.8 1.8 1.9 1.9 1.9 1.9 1.9 2.0 2.0 2.0 2.1 2.1 2.1 2.1 2.1 2.1 2.1 2.2 2.2 2.3 2.3 2.4 2.5 2.5 2.6 2.7 2.7 2.7 2.7 2.7 2.7 2.6 2.6 2.6 2.5 2.4 2.3 2.2 2.1 1.9 1.8 1.7 1.6 1.5 1.5 1.4 1.4 1.3 1.3 1.3 1.2 1.2 1.2 1.2
0.0 0.0 0.0 0.0 0.0 0.0 0.0 0.0 0.0 0.0 0.0 0.0 0.0 0.0 0.0 0.1 0.1 0.1 0.1 0.2 0.2 0.3 0.4 0.5 0.6 0.7 0.8 0.9 1.0 1.1 1.2 1.3 1.3 1.4 1.4 1.5 1.5 1.5 1.6 1.6 1.6 1.7 1.7 1.7 1.8 1.8 1.9 1.9 1.9 1.9 1.9 1.9 1.9 1.9 2.0 2.0 2.0 2.0 2.0 2.1 2.1 2.2 2.3 2.4 2.4 2.5 2.5 2.5 2.5 2.5 2.5 2.5 2.5 2.4 2.3 2.3 2.2 2.1 2.0 1.9 1.8 1.6 1.6 1.5 1.5 1.4 1.4 1.4 1.3 1.3 1.3 1.3 1.2 1.2
0.0 0.0 0.0 0.0 0.0 0.0 0.0 0.0 0.0 0.0 0.0 0.0 0.0 0.0 0.0 0.1 0.1 0.1 0.1 0.2 0.2 0.3 0.4 0.5 0.5 0.6 0.7 0.8 0.9 1.0 1.1 1.1 1.2 1.2 1.3 1.3 1.4 1.4 1.4 1.4 1.5 1.5 1.5 1.6 1.6 1.7 1.7 1.7 1.7 1.8 1.8 1.8 1.8 1.8 1.8 1.8 1.8 1.9 1.9 1.9 2.0 2.0 2.1 2.2 2.2 2.2 2.3 2.3 2.3 2.3 2.3 2.3 2.3 2.2 2.2 2.1 2.1 2.0 1.9 1.8 1.7 1.6 1.5 1.5 1.5 1.4 1.4 1.4 1.4 1.4 1.3 1.3 1.3 1.3
0.0 0.0 0.0 0.0 0.0 0.0 0.0 0.0 0.0 0.0 0.0 0.0 0.0 0.0 0.0 0.1 0.1 0.1 0.1 0.2 0.2 0.3 0.3 0.4 0.5 0.6 0.7 0.8 0.8 0.9 1.0 1.0 1.1 1.1 1.2 1.2 1.2 1.2 1.3 1.3 1.3 1.3 1.4 1.4 1.4 1.5 1.5 1.5 1.5 1.5 1.6 1.6 1.6 1.6 1.7 1.6 1.7 1.7 1.7 1.7 1.8 1.8 1.9 1.9 2.0 2.0 2.1 2.1 2.1 2.1 2.1 2.1 2.1 2.1 2.1 2.0 2.0 1.9 1.8 1.7 1.6 1.5 1.5 1.5 1.5 1.5 1.4 1.4 1.4 1.4 1.4 1.4 1.4 1.4
0.0 0.0 0.0 0.0 0.0 0.0 0.0 0.0 0.0 0.0 0.0 0.0 0.0 0.0 0.0 0.1 0.1 0.1 0.1 0.2 0.2 0.3 0.3 0.4 0.5 0.5 0.6 0.7 0.7 0.8 0.9 0.9 0.9 1.0 1.0 1.0 1.1 1.1 1.1 1.1 1.2 1.2 1.2 1.2 1.3 1.3 1.3 1.3 1.3 1.4 1.4 1.4 1.4 1.5 1.5 1.5 1.5 1.5 1.5 1.5 1.6 1.6 1.6 1.7 1.8 1.8 1.8 1.9 1.9 1.9 1.9 1.9 1.9 2.0 1.9 1.9 1.9 1.8 1.8 1.7 1.6 1.5 1.5 1.5 1.5 1.5 1.5 1.5 1.5 1.5 1.5 1.5 1.5 1.5
0.0 0.0 0.0 0.0 0.0 0.0 0.0 0.0 0.0 0.0 0.0 0.0 0.0 0.0 0.0 0.1 0.1 0.1 0.1 0.2 0.2 0.2 0.3 0.4 0.4 0.5 0.5 0.6 0.7 0.7 0.7 0.8 0.8 0.9 0.9 0.9 0.9 0.9 1.0 1.0 1.0 1.0 1.0 1.1 1.1 1.1 1.1 1.2 1.2 1.2 1.2 1.2 1.3 1.3 1.2 1.3 1.3 1.3 1.3 1.3 1.3 1.4 1.4 1.5 1.5 1.6 1.6 1.6 1.7 1.7 1.7 1.8 1.8 1.8 1.8 1.8 1.7 1.7 1.7 1.6 1.6 1.5 1.5 1.5 1.5 1.5 1.5 1.5 1.6 1.6 1.6 1.6 1.6 1.7
0.0 0.0 0.0 0.0 0.0 0.0 0.0 0.0 0.0 0.0 0.0 0.0 0.0 0.0 0.0 0.0 0.1 0.1 0.1 0.1 0.2 0.2 0.3 0.3 0.4 0.4 0.5 0.5 0.6 0.6 0.6 0.7 0.7 0.7 0.8 0.8 0.8 0.8 0.8 0.8 0.9 0.9 0.9 0.9 0.9 1.0 1.0 1.0 1.0 1.0 1.1 1.1 1.1 1.1 1.1 1.1 1.1 1.1 1.1 1.1 1.1 1.2 1.2 1.2 1.3 1.3 1.4 1.4 1.5 1.5 1.6 1.6 1.6 1.7 1.6 1.7 1.6 1.6 1.6 1.6 1.6 1.5 1.5 1.5 1.5 1.5 1.6 1.6 1.6 1.7 1.7 1.7 1.8 1.8
0.0 0.0 0.0 0.0 0.0 0.0 0.0 0.0 0.0 0.0 0.0 0.0 0.0 0.0 0.0 0.0 0.1 0.1 0.1 0.1 0.2 0.2 0.2 0.3 0.3 0.4 0.4 0.5 0.5 0.5 0.5 0.6 0.6 0.6 0.6 0.7 0.7 0.7 0.7 0.7 0.7 0.7 0.8 0.8 0.8 0.8 0.8 0.8 0.9 0.9 0.9 0.9 0.9 0.9 0.9 0.9 0.9 0.9 1.0 0.9 1.0 1.0 1.0 1.0 1.1 1.1 1.2 1.2 1.3 1.4 1.4 1.4 1.5 1.5 1.5 1.5 1.6 1.6 1.6 1.5 1.6 1.5 1.5 1.5 1.5 1.6 1.6 1.7 1.7 1.8 1.8 1.9 1.9 1.9
0.0 0.0 0.0 0.0 0.0 0.0 0.0 0.0 0.0 0.0 0.0 0.0 0.0 0.0 0.0 0.0 0.1 0.1 0.1 0.1 0.1 0.2 0.2 0.3 0.3 0.3 0.4 0.4 0.4 0.4 0.5 0.5 0.5 0.5 0.5 0.5 0.6 0.6 0.6 0.6 0.6 0.6 0.6 0.6 0.6 0.7 0.7 0.7 0.7 0.7 0.7 0.7 0.7 0.8 0.8 0.8 0.8 0.8 0.8 0.8 0.8 0.8 0.8 0.9 0.9 1.0 1.0 1.1 1.1 1.2 1.2 1.3 1.3 1.4 1.4 1.4 1.5 1.5 1.5 1.5 1.5 1.6 1.6 1.6 1.6 1.6 1.7 1.8 1.8 1.9 1.9 2.0 2.0 2.1
0.0 0.0 0.0 0.0 0.0 0.0 0.0 0.0 0.0 0.0 0.0 0.0 0.0 0.0 0.0 0.0 0.1 0.1 0.1 0.1 0.1 0.2 0.2 0.2 0.2 0.3 0.3 0.3 0.3 0.4 0.4 0.4 0.4 0.4 0.4 0.4 0.5 0.5 0.5 0.5 0.5 0.5 0.5 0.5 0.5 0.5 0.6 0.6 0.6 0.6 0.6 0.6 0.6 0.6 0.6 0.6 0.7 0.7 0.7 0.7 0.7 0.6 0.7 0.7 0.8 0.8 0.9 0.9 1.0 1.0 1.1 1.1 1.2 1.2 1.3 1.3 1.4 1.4 1.4 1.5 1.5 1.6 1.6 1.7 1.7 1.8 1.8 1.9 1.9 2.0 2.1 2.2 2.2 2.2
0.0 0.0 0.0 0.0 0.0 0.0 0.0 0.0 0.0 0.0 0.0 0.0 0.0 0.0 0.0 0.0 0.0 0.1 0.1 0.1 0.1 0.1 0.2 0.2 0.2 0.2 0.3 0.3 0.3 0.3 0.3 0.3 0.3 0.3 0.4 0.4 0.4 0.4 0.4 0.4 0.4 0.4 0.4 0.4 0.4 0.4 0.4 0.5 0.5 0.5 0.5 0.5 0.5 0.5 0.5 0.5 0.5 0.5 0.5 0.5 0.5 0.6 0.6 0.6 0.7 0.7 0.8 0.8 0.8 0.9 0.9 1.0 1.0 1.1 1.1 1.2 1.3 1.3 1.4 1.4 1.5 1.6 1.6 1.7 1.8 1.9 1.9 2.0 2.1 2.1 2.2 2.3 2.4 2.4
0.0 0.0 0.0 0.0 0.0 0.0 0.0 0.0 0.0 0.0 0.0 0.0 0.0 0.0 0.0 0.0 0.0 0.1 0.1 0.1 0.1 0.1 0.1 0.2 0.2 0.2 0.2 0.2 0.2 0.2 0.3 0.3 0.3 0.3 0.3 0.3 0.3 0.3 0.3 0.3 0.3 0.3 0.3 0.3 0.3 0.3 0.4 0.4 0.4 0.4 0.4 0.4 0.4 0.4 0.4 0.4 0.4 0.4 0.5 0.5 0.5 0.5 0.5 0.5 0.6 0.6 0.6 0.7 0.7 0.8 0.8 0.9 0.9 1.0 1.0 1.1 1.2 1.2 1.3 1.4 1.5 1.6 1.7 1.8 1.9 2.0 2.1 2.2 2.2 2.3 2.4 2.5 2.5 2.5
0.0 0.0 0.0 0.0 0.0 0.0 0.0 0.0 0.0 0.0 0.0 0.0 0.0 0.0 0.0 0.0 0.0 0.0 0.1 0.1 0.1 0.1 0.1 0.1 0.1 0.2 0.2 0.2 0.2 0.2 0.2 0.2 0.2 0.2 0.2 0.2 0.2 0.2 0.2 0.2 0.2 0.2 0.3 0.3 0.3 0.3 0.3 0.3 0.3 0.3 0.3 0.3 0.3 0.3 0.3 0.3 0.4 0.4 0.4 0.4 0.4 0.4 0.4 0.4 0.5 0.5 0.5 0.6 0.6 0.6 0.7 0.7 0.8 0.8 0.9 1.0 1.1 1.1 1.2 1.3 1.4 1.6 1.7 1.8 1.9 2.1 2.2 2.3 2.4 2.5 2.6 2.7 2.7 2.7
0.0 0.0 0.0 0.0 0.0 0.0 0.0 0.0 0.0 0.0 0.0 0.0 0.0 0.0 0.0 0.0 0.0 0.0 0.0 0.1 0.1 0.1 0.1 0.1 0.1 0.1 0.1 0.1 0.1 0.2 0.2 0.2 0.2 0.2 0.2 0.2 0.2 0.2 0.2 0.2 0.2 0.2 0.2 0.2 0.2 0.2 0.2 0.2 0.2 0.2 0.2 0.3 0.3 0.3 0.3 0.3 0.3 0.3 0.3 0.3 0.3 0.3 0.4 0.4 0.4 0.4 0.5 0.5 0.5 0.6 0.6 0.6 0.7 0.7 0.8 0.9 1.0 1.1 1.2 1.3 1.4 1.5 1.7 1.8 2.0 2.1 2.3 2.4 2.6 2.7 2.8 2.9 3.0 3.0
0.0 0.0 0.0 0.0 0.0 0.0 0.0 0.0 0.0 0.0 0.0 0.0 0.0 0.0 0.0 0.0 0.0 0.0 0.0 0.0 0.1 0.1 0.1 0.1 0.1 0.1 0.1 0.1 0.1 0.1 0.1 0.1 0.1 0.1 0.1 0.1 0.1 0.1 0.1 0.1 0.1 0.1 0.1 0.2 0.2 0.2 0.2 0.2 0.2 0.2 0.2 0.2 0.2 0.2 0.2 0.2 0.2 0.2 0.2 0.2 0.3 0.3 0.3 0.3 0.3 0.4 0.4 0.4 0.4 0.4 0.5 0.5 0.6 0.6 0.7 0.8 0.9 1.0 1.1 1.2 1.4 1.5 1.7 1.8 2.0 2.2 2.4 2.5 2.7 2.8 3.0 3.1 3.2 3.2
