main/data/rainfall/02.11.2023.grid
ncols 886
nrows 691
xllcenter 112.0000
yllcenter -44.5000
cellsize 0.0500
nodata_value 99999.90
[rows 42 to 83 of 691, columns 282 to 375 of 886]
10.2 10.4 10.4 10.4 10.4 10.3 10.1 9.9 9.6 9.2 8.8 8.4 8.0 7.5 7.0 6.5 6.0 5.5 5.0 4.5 4.1 3.7 3.3 2.9 2.5 2.2 1.9 1.6 1.4 1.2 1.0 0.8 0.7 0.6 0.5 0.4 0.3 0.3 0.2 0.2 0.2 0.2 0.2 0.2 0.2 0.2 0.2 0.3 0.3 0.4 0.5 0.6 0.7 0.7 0.7 0.7 0.7 0.7 0.7 0.7 0.7 0.8 0.8 0.9 1.1 1.3 1.6 1.9 2.2 2.2 2.1 2.0 1.9 1.8 1.7 1.6 1.4 1.3 1.1 1.0 0.8 0.7 0.5 0.4 0.3 0.3 0.2 0.2 0.1 0.1 0.1 0.0 0.0 0.0
12.6 12.8 12.9 12.9 12.8 12.7 12.4 12.1 11.8 11.4 10.9 10.4 9.8 9.2 8.6 8.0 7.4 6.8 6.2 5.6 5.1 4.5 4.0 3.6 3.1 2.7 2.4 2.0 1.7 1.5 1.2 1.0 0.9 0.7 0.6 0.5 0.4 0.3 0.3 0.2 0.2 0.2 0.2 0.2 0.2 0.2 0.2 0.3 0.3 0.4 0.5 0.6 0.7 0.7 0.6 0.6 0.6 0.6 0.6 0.6 0.6 0.7 0.7 0.8 1.0 1.1 1.4 1.6 1.9 2.0 2.0 1.9 1.8 1.7 1.5 1.4 1.2 1.1 0.9 0.8 0.7 0.5 0.4 0.3 0.3 0.2 0.2 0.1 0.1 0.1 0.0 0.0 0.0 0.0
15.4 15.6 15.7 15.8 15.7 15.5 15.2 14.9 14.4 13.9 13.3 12.7 12.0 11.3 10.6 9.8 9.1 8.3 7.6 6.9 6.2 5.6 4.9 4.4 3.8 3.3 2.9 2.5 2.1 1.8 1.5 1.3 1.1 0.9 0.7 0.6 0.5 0.4 0.3 0.3 0.2 0.2 0.2 0.2 0.2 0.2 0.2 0.3 0.3 0.4 0.5 0.5 0.6 0.6 0.6 0.6 0.6 0.6 0.6 0.6 0.6 0.6 0.7 0.7 0.8 1.0 1.2 1.4 1.6 1.8 1.8 1.7 1.6 1.5 1.3 1.2 1.1 0.9 0.8 0.6 0.5 0.4 0.3 0.3 0.2 0.2 0.1 0.1 0.1 0.0 0.0 0.0 0.0 0.0
18.7 19.0 19.1 19.1 19.1 18.8 18.5 18.1 17.6 16.9 16.2 15.5 14.7 13.8 12.9 12.0 11.1 10.2 9.3 8.4 7.6 6.8 6.0 5.3 4.7 4.1 3.5 3.0 2.6 2.2 1.9 1.6 1.3 1.1 0.9 0.7 0.6 0.5 0.4 0.3 0.3 0.2 0.2 0.2 0.2 0.2 0.2 0.3 0.3 0.4 0.4 0.5 0.6 0.6 0.6 0.5 0.5 0.5 0.5 0.5 0.5 0.5 0.6 0.6 0.7 0.8 1.0 1.2 1.4 1.6 1.6 1.5 1.4 1.3 1.1 1.0 0.9 0.7 0.6 0.5 0.4 0.3 0.3 0.2 0.2 0.1 0.1 0.1 0.1 0.0 0.0 0.0 0.0 0.0
22.6 22.9 23.1 23.1 23.0 22.7 22.4 21.8 21.2 20.5 19.6 18.7 17.7 16.7 15.6 14.5 13.4 12.3 11.2 10.2 9.2 8.2 7.3 6.4 5.7 4.9 4.3 3.7 3.2 2.7 2.3 1.9 1.6 1.3 1.1 0.9 0.7 0.6 0.5 0.4 0.3 0.3 0.2 0.2 0.2 0.2 0.2 0.3 0.3 0.3 0.4 0.5 0.5 0.5 0.5 0.5 0.5 0.5 0.5 0.5 0.5 0.5 0.5 0.5 0.6 0.7 0.8 0.9 1.1 1.3 1.3 1.3 1.2 1.0 0.9 0.8 0.7 0.6 0.5 0.4 0.3 0.3 0.2 0.2 0.1 0.1 0.1 0.1 0.0 0.0 0.0 0.0 0.0 0.0
27.1 27.5 27.7 27.7 27.6 27.3 26.8 26.2 25.4 24.5 23.5 22.4 21.3 20.0 18.7 17.4 16.1 14.8 13.5 12.2 11.0 9.8 8.8 7.7 6.8 5.9 5.1 4.4 3.8 3.2 2.7 2.3 1.9 1.6 1.3 1.1 0.9 0.7 0.6 0.5 0.4 0.3 0.3 0.2 0.2 0.2 0.2 0.3 0.3 0.3 0.4 0.4 0.5 0.5 0.5 0.5 0.4 0.4 0.4 0.4 0.4 0.4 0.4 0.5 0.5 0.6 0.7 0.8 0.9 1.0 1.1 1.0 0.9 0.8 0.7 0.6 0.5 0.5 0.4 0.3 0.3 0.2 0.2 0.1 0.1 0.1 0.1 0.0 0.0 0.0 0.0 0.0 0.0 0.0
32.3 32.7 33.0 33.0 32.8 32.5 31.9 31.2 30.3 29.3 28.1 26.8 25.3 23.9 22.3 20.8 19.2 17.6 16.1 14.6 13.1 11.8 10.5 9.3 8.1 7.1 6.2 5.3 4.5 3.9 3.3 2.7 2.3 1.9 1.6 1.3 1.1 0.9 0.7 0.6 0.5 0.4 0.3 0.3 0.2 0.2 0.2 0.2 0.3 0.3 0.4 0.4 0.5 0.4 0.4 0.4 0.4 0.4 0.4 0.4 0.4 0.4 0.4 0.4 0.4 0.5 0.5 0.6 0.7 0.8 0.9 0.8 0.7 0.6 0.6 0.5 0.4 0.3 0.3 0.2 0.2 0.2 0.1 0.1 0.1 0.1 0.1 0.0 0.0 0.0 0.0 0.0 0.0 0.0
38.2 38.7 39.0 39.0 38.8 38.4 37.8 36.9 35.9 34.6 33.2 31.7 30.0 28.3 26.5 24.6 22.7 20.9 19.1 17.3 15.6 14.0 12.4 11.0 9.6 8.4 7.3 6.3 5.4 4.6 3.9 3.3 2.7 2.3 1.9 1.5 1.2 1.0 0.8 0.7 0.5 0.4 0.4 0.3 0.3 0.2 0.2 0.2 0.3 0.3 0.3 0.4 0.4 0.4 0.4 0.4 0.4 0.3 0.3 0.3 0.3 0.3 0.3 0.3 0.4 0.4 0.4 0.5 0.6 0.6 0.7 0.6 0.5 0.5 0.4 0.4 0.3 0.3 0.2 0.2 0.2 0.1 0.1 0.1 0.1 0.1 0.0 0.0 0.0 0.0 0.0 0.0 0.0 0.0
44.8 45.4 45.8 45.8 45.6 45.1 44.4 43.4 42.1 40.7 39.1 37.2 35.3 33.3 31.1 29.0 26.8 24.6 22.5 20.4 18.4 16.4 14.6 12.9 11.4 9.9 8.6 7.4 6.4 5.4 4.6 3.8 3.2 2.7 2.2 1.8 1.5 1.2 1.0 0.8 0.6 0.5 0.4 0.3 0.3 0.3 0.2 0.2 0.3 0.3 0.3 0.4 0.4 0.4 0.3 0.3 0.3 0.3 0.3 0.3 0.3 0.3 0.3 0.3 0.3 0.3 0.4 0.4 0.4 0.5 0.5 0.5 0.4 0.4 0.3 0.3 0.2 0.2 0.2 0.1 0.1 0.1 0.1 0.1 0.1 0.0 0.0 0.0 0.0 0.0 0.0 0.0 0.0 0.0
52.3 53.0 53.4 53.5 53.2 52.7 51.8 50.6 49.2 47.5 45.6 43.5 41.2 38.9 36.4 33.8 31.3 28.8 26.3 23.8 21.5 19.2 17.1 15.1 13.3 11.6 10.1 8.7 7.4 6.3 5.4 4.5 3.8 3.1 2.6 2.1 1.7 1.4 1.1 0.9 0.7 0.6 0.5 0.4 0.3 0.3 0.3 0.2 0.3 0.3 0.3 0.3 0.3 0.3 0.3 0.3 0.3 0.3 0.3 0.3 0.2 0.2 0.2 0.2 0.3 0.3 0.3 0.3 0.3 0.4 0.4 0.3 0.3 0.3 0.2 0.2 0.2 0.1 0.1 0.1 0.1 0.1 0.1 0.1 0.0 0.0 0.0 0.0 0.0 0.0 0.0 0.0 0.0 0.0
60.6 61.5 61.9 62.0 61.7 61.1 60.1 58.7 57.1 55.1 52.9 50.5 47.9 45.1 42.2 39.3 36.3 33.4 30.5 27.7 25.0 22.4 19.9 17.6 15.5 13.5 11.7 10.1 8.7 7.4 6.2 5.2 4.4 3.6 3.0 2.5 2.0 1.6 1.3 1.1 0.8 0.7 0.5 0.4 0.4 0.3 0.3 0.3 0.2 0.3 0.3 0.3 0.3 0.3 0.3 0.3 0.3 0.2 0.2 0.2 0.2 0.2 0.2 0.2 0.2 0.2 0.2 0.2 0.3 0.3 0.3 0.2 0.2 0.2 0.2 0.1 0.1 0.1 0.1 0.1 0.1 0.1 0.1 0.0 0.0 0.0 0.0 0.0 0.0 0.0 0.0 0.0 0.0 0.0
68.3 69.1 69.7 69.9 69.7 69.2 68.4 67.3 65.7 63.5 61.0 58.2 55.2 52.0 48.7 45.3 41.9 38.5 35.2 32.0 28.8 25.8 23.0 20.3 17.9 15.6 13.6 11.7 10.0 8.5 7.2 6.1 5.1 4.2 3.5 2.8 2.3 1.9 1.5 1.2 1.0 0.8 0.6 0.5 0.4 0.3 0.3 0.3 0.2 0.2 0.3 0.3 0.3 0.3 0.2 0.2 0.2 0.2 0.2 0.2 0.2 0.2 0.2 0.2 0.2 0.2 0.2 0.2 0.2 0.2 0.2 0.2 0.2 0.1 0.1 0.1 0.1 0.1 0.1 0.1 0.1 0.0 0.0 0.0 0.0 0.0 0.0 0.0 0.0 0.0 0.0 0.0 0.0 0.0
69.3 70.1 70.7 71.4 72.0 72.6 73.1 73.6 73.4 71.7 69.4 66.5 63.2 59.5 55.8 51.9 48.0 44.2 40.4 36.6 33.0 29.6 26.4 23.3 20.5 17.9 15.6 13.4 11.5 9.8 8.3 7.0 5.8 4.8 4.0 3.3 2.7 2.2 1.7 1.4 1.1 0.9 0.7 0.6 0.5 0.4 0.3 0.3 0.2 0.2 0.2 0.3 0.2 0.2 0.2 0.2 0.2 0.2 0.2 0.2 0.2 0.2 0.2 0.2 0.1 0.1 0.1 0.1 0.2 0.1 0.1 0.1 0.1 0.1 0.1 0.1 0.1 0.1 0.1 0.0 0.0 0.0 0.0 0.0 0.0 0.0 0.0 0.0 0.0 0.0 0.0 0.0 0.0 0.0
68.8 69.5 70.2 70.9 71.6 72.4 73.2 74.1 74.8 75.3 75.4 74.2 71.3 67.7 63.5 59.1 54.7 50.3 46.0 41.7 37.6 33.8 30.1 26.6 23.4 20.4 17.8 15.3 13.1 11.2 9.5 7.9 6.6 5.5 4.5 3.7 3.0 2.5 2.0 1.6 1.3 1.0 0.8 0.6 0.5 0.4 0.3 0.3 0.3 0.2 0.2 0.2 0.2 0.2 0.2 0.2 0.2 0.2 0.2 0.1 0.1 0.1 0.1 0.1 0.1 0.1 0.1 0.1 0.1 0.1 0.1 0.1 0.1 0.1 0.1 0.1 0.1 0.0 0.0 0.0 0.0 0.0 0.0 0.0 0.0 0.0 0.0 0.0 0.0 0.0 0.0 0.0 0.0 0.0
68.3 68.9 69.6 70.3 71.1 71.8 72.6 73.4 74.3 75.1 76.0 76.6 76.6 75.1 71.4 66.8 61.8 56.9 52.0 47.2 42.6 38.2 34.0 30.1 26.5 23.2 20.1 17.3 14.9 12.7 10.7 9.0 7.5 6.2 5.2 4.2 3.4 2.8 2.2 1.8 1.4 1.1 0.9 0.7 0.6 0.4 0.4 0.3 0.3 0.2 0.2 0.2 0.2 0.2 0.2 0.2 0.1 0.1 0.1 0.1 0.1 0.1 0.1 0.1 0.1 0.1 0.1 0.1 0.1 0.1 0.1 0.1 0.1 0.1 0.1 0.0 0.0 0.0 0.0 0.0 0.0 0.0 0.0 0.0 0.0 0.0 0.0 0.0 0.0 0.0 0.0 0.0 0.0 0.0
67.9 68.5 69.2 69.9 70.6 71.3 72.1 72.8 73.6 74.5 75.3 76.2 77.1 77.7 77.3 74.2 69.4 63.9 58.4 53.1 47.9 42.9 38.3 33.9 29.8 26.1 22.6 19.5 16.7 14.3 12.1 10.1 8.5 7.0 5.8 4.8 3.9 3.1 2.5 2.0 1.6 1.3 1.0 0.8 0.6 0.5 0.4 0.3 0.3 0.2 0.2 0.2 0.2 0.2 0.1 0.1 0.1 0.1 0.1 0.1 0.1 0.1 0.1 0.1 0.1 0.1 0.1 0.1 0.1 0.1 0.1 0.1 0.0 0.0 0.0 0.0 0.0 0.0 0.0 0.0 0.0 0.0 0.0 0.0 0.0 0.0 0.0 0.0 0.0 0.0 0.0 0.0 0.0 0.0
67.7 68.3 69.0 69.6 70.3 71.0 71.7 72.4 73.1 73.9 74.7 75.5 76.4 77.3 78.1 78.1 76.1 71.2 65.2 59.3 53.5 48.0 42.8 37.9 33.3 29.1 25.3 21.8 18.7 15.9 13.5 11.3 9.5 7.9 6.5 5.3 4.3 3.5 2.8 2.3 1.8 1.4 1.1 0.9 0.7 0.5 0.4 0.3 0.3 0.2 0.2 0.2 0.2 0.1 0.1 0.1 0.1 0.1 0.1 0.1 0.1 0.1 0.1 0.1 0.1 0.1 0.1 0.1 0.1 0.0 0.0 0.0 0.0 0.0 0.0 0.0 0.0 0.0 0.0 0.0 0.0 0.0 0.0 0.0 0.0 0.0 0.0 0.0 0.0 0.0 0.0 0.0 0.0 0.0
67.7 68.4 69.0 69.6 70.2 70.9 71.5 72.1 72.8 73.4 74.1 74.9 75.7 76.5 77.4 78.3 78.6 77.2 72.2 65.7 59.3 53.2 47.4 42.0 37.0 32.3 28.1 24.2 20.8 17.7 15.0 12.6 10.5 8.7 7.2 5.9 4.8 3.9 3.1 2.5 2.0 1.6 1.2 1.0 0.8 0.6 0.5 0.4 0.3 0.3 0.2 0.2 0.2 0.1 0.1 0.1 0.1 0.1 0.1 0.1 0.1 0.1 0.1 0.1 0.1 0.1 0.1 0.0 0.0 0.0 0.0 0.0 0.0 0.0 0.0 0.0 0.0 0.0 0.0 0.0 0.0 0.0 0.0 0.0 0.0 0.0 0.0 0.0 0.0 0.0 0.0 0.0 0.0 0.0
68.0 68.7 69.3 69.9 70.4 71.0 71.5 72.0 72.6 73.1 73.7 74.4 75.1 75.8 76.6 77.5 78.3 78.9 77.7 72.3 65.4 58.7 52.3 46.3 40.8 35.7 31.0 26.7 22.9 19.5 16.5 13.9 11.6 9.6 8.0 6.5 5.3 4.3 3.5 2.8 2.2 1.7 1.4 1.1 0.8 0.6 0.5 0.4 0.3 0.3 0.2 0.2 0.1 0.1 0.1 0.1 0.1 0.1 0.1 0.1 0.1 0.1 0.1 0.1 0.1 0.0 0.0 0.0 0.0 0.0 0.0 0.0 0.0 0.0 0.0 0.0 0.0 0.0 0.0 0.0 0.0 0.0 0.0 0.0 0.0 0.0 0.0 0.0 0.0 0.0 0.0 0.0 0.0 0.0
68.7 69.3 69.9 70.5 71.0 71.4 71.8 72.2 72.6 73.0 73.5 74.0 74.5 75.2 75.9 76.6 77.4 78.3 78.8 77.3 71.5 64.3 57.3 50.8 44.7 39.1 33.9 29.3 25.1 21.4 18.1 15.2 12.7 10.6 8.7 7.1 5.8 4.7 3.8 3.0 2.4 1.9 1.5 1.2 0.9 0.7 0.5 0.4 0.3 0.3 0.2 0.2 0.1 0.1 0.1 0.1 0.1 0.1 0.1 0.1 0.1 0.1 0.0 0.0 0.0 0.0 0.0 0.0 0.0 0.0 0.0 0.0 0.0 0.0 0.0 0.0 0.0 0.0 0.0 0.0 0.0 0.0 0.0 0.0 0.0 0.0 0.0 0.0 0.0 0.0 0.0 0.0 0.0 0.0
69.7 70.4 71.0 71.4 71.8 72.2 72.4 72.7 72.9 73.1 73.4 73.7 74.1 74.6 75.2 75.8 76.5 77.3 78.1 78.4 76.2 69.8 62.4 55.3 48.6 42.5 36.9 31.9 27.4 23.3 19.7 16.6 13.9 11.5 9.5 7.8 6.3 5.1 4.1 3.3 2.6 2.1 1.6 1.3 1.0 0.8 0.6 0.5 0.4 0.3 0.2 0.2 0.1 0.1 0.1 0.1 0.1 0.1 0.1 0.0 0.0 0.0 0.0 0.0 0.0 0.0 0.0 0.0 0.0 0.0 0.0 0.0 0.0 0.0 0.0 0.0 0.0 0.0 0.0 0.0 0.0 0.0 0.0 0.0 0.0 0.0 0.0 0.0 0.0 0.0 0.0 0.0 0.0 0.0
70.7 71.3 71.9 72.4 72.8 73.1 73.4 73.4 73.4 73.5 73.5 73.6 73.8 74.1 74.5 75.0 75.6 76.2 77.0 77.7 77.7 74.4 67.4 59.7 52.6 46.0 40.0 34.5 29.6 25.2 21.3 17.9 15.0 12.5 10.3 8.4 6.9 5.5 4.5 3.6 2.8 2.2 1.8 1.4 1.1 0.8 0.6 0.5 0.4 0.3 0.2 0.2 0.1 0.1 0.1 0.1 0.1 0.0 0.0 0.0 0.0 0.0 0.0 0.0 0.0 0.0 0.0 0.0 0.0 0.0 0.0 0.0 0.0 0.0 0.0 0.0 0.0 0.0 0.0 0.0 0.0 0.0 0.0 0.0 0.0 0.0 0.0 0.0 0.0 0.0 0.0 0.0 0.0 0.0
69.9 70.5 71.1 71.8 72.6 73.4 74.2 74.3 74.3 74.0 73.8 73.7 73.7 73.8 74.0 74.3 74.7 75.2 75.8 76.5 77.1 76.5 71.8 64.2 56.5 49.4 42.9 37.1 31.8 27.1 22.9 19.3 16.1 13.4 11.0 9.0 7.4 6.0 4.8 3.8 3.0 2.4 1.9 1.5 1.1 0.9 0.7 0.5 0.4 0.3 0.2 0.2 0.1 0.1 0.1 0.1 0.0 0.0 0.0 0.0 0.0 0.0 0.0 0.0 0.0 0.0 0.0 0.0 0.0 0.0 0.0 0.0 0.0 0.0 0.0 0.0 0.0 0.0 0.0 0.0 0.0 0.0 0.0 0.0 0.0 0.0 0.0 0.0 0.0 0.0 0.0 0.0 0.0 0.0
68.6 69.2 69.8 70.5 71.4 72.3 73.3 74.2 74.9 74.8 74.4 74.0 73.6 73.5 73.4 73.6 73.8 74.2 74.6 75.2 75.7 76.2 74.9 68.3 60.3 52.7 45.8 39.6 33.9 28.9 24.5 20.6 17.2 14.3 11.8 9.7 7.9 6.4 5.1 4.1 3.2 2.6 2.0 1.6 1.2 0.9 0.7 0.6 0.4 0.3 0.2 0.2 0.1 0.1 0.1 0.0 0.0 0.0 0.0 0.0 0.0 0.0 0.0 0.0 0.0 0.0 0.0 0.0 0.0 0.0 0.0 0.0 0.0 0.0 0.0 0.0 0.0 0.0 0.0 0.0 0.0 0.0 0.0 0.0 0.0 0.0 0.0 0.0 0.0 0.0 0.0 0.0 0.0 0.0
67.3 67.8 68.4 69.1 70.0 70.9 72.0 73.1 74.2 75.0 74.9 74.3 73.7 73.3 73.0 72.9 72.9 73.1 73.4 73.8 74.3 74.7 74.7 71.4 63.9 55.9 48.6 42.0 36.0 30.7 26.0 21.8 18.2 15.1 12.5 10.2 8.3 6.7 5.4 4.3 3.4 2.7 2.1 1.7 1.3 1.0 0.8 0.6 0.4 0.3 0.2 0.2 0.1 0.1 0.1 0.0 0.0 0.0 0.0 0.0 0.0 0.0 0.0 0.0 0.0 0.0 0.0 0.0 0.0 0.0 0.0 0.0 0.0 0.0 0.0 0.0 0.0 0.0 0.0 0.0 0.0 0.0 0.0 0.0 0.0 0.0 0.0 0.0 0.0 0.0 0.0 0.0 0.0 0.0
66.0 66.4 66.9 67.7 68.5 69.5 70.6 71.7 72.9 74.1 74.9 74.7 73.9 73.1 72.5 72.2 72.0 72.0 72.1 72.4 72.7 73.0 73.3 72.4 66.9 59.0 51.2 44.2 37.9 32.3 27.3 23.0 19.2 16.0 13.2 10.8 8.8 7.1 5.7 4.6 3.6 2.9 2.2 1.7 1.4 1.0 0.8 0.6 0.5 0.3 0.2 0.2 0.1 0.1 0.1 0.0 0.0 0.0 0.0 0.0 0.0 0.0 0.0 0.0 0.0 0.0 0.0 0.0 0.0 0.0 0.0 0.0 0.0 0.0 0.0 0.0 0.0 0.0 0.0 0.0 0.0 0.0 0.0 0.0 0.0 0.0 0.0 0.0 0.0 0.0 0.0 0.0 0.0 0.0
64.5 64.9 65.5 66.2 67.1 68.1 69.2 70.3 71.5 72.8 73.9 74.6 74.0 72.9 72.1 71.4 71.0 70.8 70.8 70.9 71.0 71.2 71.5 71.4 68.9 61.6 53.6 46.3 39.7 33.8 28.6 24.1 20.1 16.7 13.8 11.3 9.2 7.4 6.0 4.8 3.8 3.0 2.3 1.8 1.4 1.1 0.8 0.6 0.5 0.4 0.2 0.2 0.1 0.1 0.0 0.0 0.0 0.0 0.0 0.0 0.0 0.0 0.0 0.0 0.0 0.0 0.0 0.0 0.0 0.0 0.0 0.0 0.0 0.0 0.0 0.0 0.0 0.0 0.0 0.0 0.0 0.0 0.0 0.0 0.0 0.0 0.0 0.0 0.0 0.0 0.0 0.0 0.0 0.0
63.1 63.4 63.9 64.6 65.6 66.6 67.7 68.9 70.2 71.4 72.6 73.7 73.8 72.7 71.6 70.7 70.0 69.6 69.3 69.2 69.2 69.3 69.4 69.4 68.5 63.6 55.8 48.1 41.3 35.2 29.8 25.0 20.9 17.4 14.3 11.7 9.6 7.7 6.2 5.0 3.9 3.1 2.4 1.9 1.5 1.1 0.9 0.7 0.5 0.3 0.2 0.1 0.1 0.1 0.0 0.0 0.0 0.0 0.0 0.0 0.0 0.0 0.0 0.0 0.0 0.0 0.0 0.0 0.0 0.0 0.0 0.0 0.0 0.0 0.0 0.0 0.0 0.0 0.0 0.0 0.0 0.0 0.0 0.0 0.0 0.0 0.0 0.0 0.0 0.0 0.0 0.0 0.0 0.0
61.6 61.8 62.3 63.1 64.0 65.1 66.3 67.6 68.8 70.0 71.2 72.3 73.1 72.3 71.0 69.8 68.9 68.2 67.8 67.5 67.3 67.3 67.2 67.1 66.8 64.6 57.6 49.7 42.6 36.3 30.7 25.8 21.6 17.9 14.8 12.1 9.9 8.0 6.4 5.1 4.1 3.2 2.5 2.0 1.5 1.2 0.9 0.7 0.5 0.3 0.2 0.1 0.1 0.1 0.0 0.0 0.0 0.0 0.0 0.0 0.0 0.0 0.0 0.0 0.0 0.0 0.0 0.0 0.0 0.0 0.0 0.0 0.0 0.0 0.0 0.0 0.0 0.0 0.0 0.0 0.0 0.0 0.0 0.0 0.0 0.0 0.0 0.0 0.0 0.0 0.0 0.0 0.0 0.0
60.0 60.1 60.6 61.5 62.5 63.7 64.9 66.2 67.4 68.7 69.8 70.9 71.8 71.7 70.2 68.7 67.6 66.7 66.1 65.6 65.3 65.1 64.9 64.6 64.3 63.2 58.5 51.1 43.8 37.3 31.5 26.5 22.2 18.4 15.2 12.4 10.1 8.2 6.6 5.2 4.2 3.3 2.6 2.0 1.6 1.2 0.9 0.7 0.5 0.3 0.2 0.1 0.1 0.1 0.0 0.0 0.0 0.0 0.0 0.0 0.0 0.0 0.0 0.0 0.0 0.0 0.0 0.0 0.0 0.0 0.0 0.0 0.0 0.0 0.0 0.0 0.0 0.0 0.0 0.0 0.0 0.0 0.0 0.0 0.0 0.0 0.0 0.0 0.0 0.0 0.0 0.0 0.0 0.0
58.4 58.4 58.9 59.9 61.0 62.3 63.6 64.9 66.1 67.3 68.4 69.5 70.4 70.8 69.3 67.5 66.1 65.1 64.2 63.6 63.1 62.7 62.3 61.9 61.5 60.8 58.6 52.0 44.6 38.0 32.2 27.0 22.6 18.7 15.4 12.7 10.3 8.3 6.7 5.3 4.2 3.3 2.6 2.0 1.6 1.2 0.9 0.7 0.5 0.3 0.2 0.1 0.1 0.1 0.0 0.0 0.0 0.0 0.0 0.0 0.0 0.0 0.0 0.0 0.0 0.0 0.0 0.0 0.0 0.0 0.0 0.0 0.0 0.0 0.0 0.0 0.0 0.0 0.0 0.0 0.0 0.0 0.0 0.0 0.0 0.0 0.0 0.0 0.0 0.0 0.0 0.0 0.0 0.0
56.8 56.6 57.2 58.3 59.7 61.0 62.4 63.7 64.9 66.0 67.0 68.0 68.8 69.3 68.0 66.1 64.5 63.2 62.2 61.4 60.8 60.2 59.7 59.1 58.5 57.7 56.3 52.0 45.2 38.5 32.6 27.4 22.9 19.0 15.6 12.8 10.4 8.4 6.8 5.4 4.3 3.4 2.6 2.1 1.6 1.2 0.9 0.7 0.4 0.3 0.2 0.1 0.1 0.1 0.0 0.0 0.0 0.0 0.0 0.0 0.0 0.0 0.0 0.0 0.0 0.0 0.0 0.0 0.0 0.0 0.0 0.0 0.0 0.0 0.0 0.0 0.0 0.0 0.0 0.0 0.0 0.0 0.0 0.0 0.0 0.0 0.0 0.0 0.0 0.0 0.0 0.0 0.0 0.0
55.3 54.8 55.6 57.0 58.5 59.9 61.3 62.5 63.6 64.7 65.6 66.4 67.2 67.5 66.4 64.4 62.6 61.2 60.0 59.0 58.2 57.5 56.9 56.1 55.4 54.4 53.2 50.9 45.3 38.8 32.8 27.5 23.0 19.1 15.7 12.9 10.5 8.5 6.8 5.4 4.3 3.4 2.7 2.1 1.6 1.2 0.9 0.6 0.4 0.3 0.2 0.1 0.1 0.1 0.0 0.0 0.0 0.0 0.0 0.0 0.0 0.0 0.0 0.0 0.0 0.0 0.0 0.0 0.0 0.0 0.0 0.0 0.0 0.0 0.0 0.0 0.0 0.0 0.0 0.0 0.0 0.0 0.0 0.0 0.0 0.0 0.0 0.0 0.0 0.0 0.0 0.0 0.0 0.0
54.4 53.0 54.6 56.2 57.7 59.1 60.3 61.4 62.5 63.3 64.1 64.8 65.4 65.6 64.5 62.4 60.5 58.9 57.6 56.5 55.6 54.7 53.9 53.0 52.1 51.0 49.7 48.0 44.5 38.7 32.8 27.5 23.0 19.1 15.7 12.9 10.5 8.5 6.8 5.4 4.3 3.4 2.7 2.1 1.6 1.2 0.8 0.6 0.4 0.3 0.2 0.1 0.1 0.0 0.0 0.0 0.0 0.0 0.0 0.0 0.0 0.0 0.0 0.0 0.0 0.0 0.0 0.0 0.0 0.0 0.0 0.0 0.0 0.0 0.0 0.0 0.0 0.0 0.0 0.0 0.0 0.0 0.0 0.0 0.0 0.0 0.0 0.0 0.0 0.0 0.0 0.0 0.0 0.0
54.8 54.2 54.8 56.0 57.3 58.4 59.5 60.4 61.3 62.0 62.6 63.1 63.5 63.5 62.8 60.2 58.3 56.6 55.3 53.7 52.7 51.7 50.8 49.8 48.7 47.5 46.0 44.4 42.0 37.9 32.5 27.3 22.8 18.9 15.6 12.8 10.4 8.4 6.7 5.4 4.3 3.4 2.6 2.0 1.5 1.1 0.8 0.5 0.3 0.2 0.2 0.1 0.1 0.0 0.0 0.0 0.0 0.0 0.0 0.0 0.0 0.0 0.0 0.0 0.0 0.0 0.0 0.0 0.0 0.0 0.0 0.0 0.0 0.0 0.0 0.0 0.0 0.0 0.0 0.0 0.0 0.0 0.0 0.0 0.0 0.0 0.0 0.0 0.0 0.0 0.0 0.0 0.0 0.0
55.6 55.2 55.5 56.2 57.0 57.9 58.7 59.4 60.0 60.5 60.9 61.1 61.3 61.1 60.4 58.0 56.1 54.2 52.7 51.1 49.7 48.6 47.5 46.4 45.2 43.9 42.3 40.5 38.5 35.7 31.7 26.9 22.5 18.6 15.4 12.6 10.2 8.3 6.6 5.3 4.2 3.3 2.6 2.0 1.4 1.0 0.7 0.5 0.3 0.2 0.1 0.1 0.1 0.0 0.0 0.0 0.0 0.0 0.0 0.0 0.0 0.0 0.0 0.0 0.0 0.0 0.0 0.0 0.0 0.0 0.0 0.0 0.0 0.0 0.0 0.0 0.0 0.0 0.0 0.0 0.0 0.0 0.0 0.0 0.0 0.0 0.0 0.0 0.0 0.0 0.0 0.0 0.0 0.0
56.4 56.0 56.0 56.3 56.8 57.3 57.8 58.3 58.6 58.8 59.5 58.9 58.8 58.4 56.8 55.3 53.7 51.2 49.9 48.5 46.6 45.3 44.2 43.0 41.7 40.2 38.6 36.7 34.7 32.3 29.5 25.9 21.9 18.2 15.0 12.3 10.0 8.1 6.5 5.2 4.1 3.2 2.4 1.7 1.2 0.9 0.6 0.4 0.3 0.2 0.1 0.1 0.1 0.0 0.0 0.0 0.0 0.0 0.0 0.0 0.0 0.0 0.0 0.0 0.0 0.0 0.0 0.0 0.0 0.0 0.0 0.0 0.0 0.0 0.0 0.0 0.0 0.0 0.0 0.0 0.0 0.0 0.0 0.0 0.0 0.0 0.0 0.0 0.0 0.0 0.0 0.0 0.0 0.0
58.0 56.4 56.2 56.2 56.4 56.6 56.8 56.9 56.9 56.9 56.7 56.4 55.9 55.2 53.4 51.1 50.2 47.5 46.7 45.5 44.3 42.0 40.8 40.5 38.3 36.8 35.0 33.0 30.9 28.6 26.1 23.4 20.5 17.4 14.4 11.8 9.6 7.8 6.2 4.9 3.8 2.8 2.1 1.5 1.1 0.8 0.5 0.4 0.2 0.2 0.1 0.1 0.1 0.0 0.0 0.0 0.0 0.0 0.0 0.0 0.0 0.0 0.0 0.0 0.0 0.0 0.0 0.0 0.0 0.0 0.0 0.0 0.0 0.0 0.0 0.0 0.0 0.0 0.0 0.0 0.0 0.0 0.0 0.0 0.0 0.0 0.0 0.0 0.0 0.0 0.0 0.0 0.0 0.0
59.1 58.6 56.0 55.8 55.6 55.5 55.4 55.2 55.0 54.5 53.9 53.3 52.9 51.6 49.7 48.0 45.8 43.9 43.5 41.8 41.4 39.8 38.6 37.4 35.7 33.4 32.3 29.7 27.3 25.0 22.7 20.3 17.8 15.3 12.9 10.6 8.7 6.9 5.5 4.2 3.2 2.4 1.8 1.3 0.9 0.7 0.5 0.3 0.2 0.2 0.1 0.1 0.0 0.0 0.0 0.0 0.0 0.0 0.0 0.0 0.0 0.0 0.0 0.0 0.0 0.0 0.0 0.0 0.0 0.0 0.0 0.0 0.0 0.0 0.0 0.0 0.0 0.0 0.0 0.0 0.0 0.0 0.0 0.0 0.0 0.0 0.0 0.0 0.0 0.0 0.0 0.0 0.0 0.0
57.0 59.0 55.3 54.8 54.4 54.1 53.6 53.5 52.3 51.6 50.7 49.7 48.6 47.3 46.0 44.4 42.4 40.7 39.4 38.4 37.7 36.5 35.1 33.9 32.1 30.6 28.7 25.9 23.8 21.7 19.5 17.3 15.0 12.9 10.8 9.0 7.3 5.8 4.5 3.5 2.7 2.0 1.5 1.1 0.8 0.6 0.4 0.3 0.2 0.1 0.1 0.1 0.0 0.0 0.0 0.0 0.0 0.0 0.0 0.0 0.0 0.0 0.0 0.0 0.0 0.0 0.0 0.0 0.0 0.0 0.0 0.0 0.0 0.0 0.0 0.0 0.0 0.0 0.0 0.0 0.0 0.0 0.0 0.0 0.0 0.0 0.0 0.0 0.0 0.0 0.0 0.0 0.0 0.0
55.6 57.7 56.2 53.3 52.5 51.9 51.9 50.2 49.1 48.0 46.8 45.5 44.1 42.8 41.5 40.1 38.5 36.5 35.6 34.8 33.7 32.6 31.7 30.6 28.4 26.9 25.3 23.3 20.9 18.7 16.6 14.6 12.6 10.7 9.0 7.4 6.0 4.8 3.7 2.9 2.2 1.7 1.2 0.9 0.7 0.5 0.3 0.2 0.2 0.1 0.1 0.1 0.0 0.0 0.0 0.0 0.0 0.0 0.0 0.0 0.0 0.0 0.0 0.0 0.0 0.0 0.0 0.0 0.0 0.0 0.0 0.0 0.0 0.0 0.0 0.0 0.0 0.0 0.0 0.0 0.0 0.0 0.0 0.0 0.0 0.0 0.0 0.0 0.0 0.0 0.0 0.0 0.0 0.0
53.9 52.9 51.9 50.9 49.9 49.3 48.9 47.3 45.6 44.0 42.5 40.9 39.2 37.9 36.8 35.2 34.3 32.7 31.5 31.1 30.0 29.1 28.4 26.8 25.1 23.5 22.0 20.3 18.5 16.2 14.1 12.2 10.5 8.9 7.4 6.0 4.9 3.9 3.0 2.4 1.8 1.4 1.0 0.8 0.5 0.4 0.3 0.2 0.1 0.1 0.1 0.0 0.0 0.0 0.0 0.0 0.0 0.0 0.0 0.0 0.0 0.0 0.0 0.0 0.0 0.0 0.0 0.0 0.0 0.0 0.0 0.0 0.0 0.0 0.0 0.0 0.0 0.0 0.0 0.0 0.0 0.0 0.0 0.0 0.0 0.0 0.0 0.0 0.0 0.0 0.0 0.0 0.0 0.0
