main/data/rainfall/03.04.2023.grid
ncols 886
nrows 691
xllcenter 112.0000
yllcenter -44.5000
cellsize 0.0500
nodata_value 99999.90
[rows 126 to 167 of 691, columns 282 to 375 of 886]
0.0 0.0 0.0 0.0 0.0 0.0 0.0 0.0 0.0 0.0 0.0 0.5 1.8 3.1 4.3 5.6 7.2 8.9 10.6 13.0 15.8 18.2 21.2 25.3 28.6 33.8 36.5 38.1 40.2 40.9 42.6 41.2 40.2 39.2 36.9 38.4 33.2 31.1 30.0 26.0 23.2 20.9 18.9 16.4 14.9 14.4 11.7 10.8 9.6 8.6 8.4 6.9 6.6 6.2 5.8 5.2 4.8 4.4 4.2 4.0 4.0 4.0 3.6 3.2 3.0 2.6 2.2 1.9 1.7 1.4 1.2 1.0 0.9 0.9 1.0 1.2 1.6 1.9 2.4 2.6 2.7 2.8 3.0 2.9 2.9 3.0 3.0 3.0 3.0 3.1 3.1 2.9 3.0 2.9
0.0 0.0 0.0 0.0 0.0 0.0 0.0 0.0 0.2 1.3 2.4 3.4 4.8 6.0 7.1 8.4 9.9 11.6 13.4 16.0 18.3 20.9 24.2 27.5 31.0 36.2 38.5 40.3 41.0 41.9 42.4 41.6 40.9 39.9 40.0 37.1 33.5 30.6 29.0 26.2 23.5 21.6 18.9 17.8 14.8 14.0 13.4 10.9 9.8 8.9 8.8 6.9 6.5 6.1 5.7 5.3 4.8 4.2 3.8 3.6 3.7 3.3 2.9 2.6 2.3 1.9 1.6 1.3 1.1 0.9 0.6 0.5 0.5 0.6 0.8 1.2 1.6 2.0 2.3 2.7 2.9 2.8 2.8 2.8 2.8 2.9 2.9 2.8 2.8 2.9 2.7 2.7 2.8 2.7
1.1 0.6 0.4 0.5 0.8 1.4 2.1 3.0 4.0 5.0 6.0 7.2 8.1 9.3 10.6 11.7 13.1 15.1 16.7 19.1 21.3 24.2 28.1 30.5 34.2 38.5 39.5 41.4 42.5 42.9 42.4 41.7 41.0 39.8 40.1 36.8 33.7 30.9 28.1 26.4 23.5 22.6 20.1 16.9 15.3 14.4 12.9 10.8 10.4 9.6 7.8 7.1 6.5 6.0 5.6 5.1 4.7 4.2 3.8 3.5 3.2 2.8 2.4 2.0 1.6 1.3 1.0 0.7 0.5 0.3 0.1 0.1 0.1 0.3 0.7 1.2 1.6 2.0 2.4 2.5 2.7 2.6 2.6 2.7 2.7 2.7 2.6 2.6 2.6 2.6 2.6 2.5 2.4 2.5
4.4 4.1 4.1 4.3 4.7 5.3 6.1 7.1 8.2 9.3 10.4 11.6 12.1 13.3 14.4 15.7 17.5 18.8 20.8 22.9 25.3 27.9 30.3 33.9 38.8 41.1 42.1 42.5 43.9 43.4 45.2 43.0 42.7 38.5 39.8 38.0 32.5 30.0 30.2 27.1 23.6 22.6 19.5 17.1 15.8 14.2 12.2 10.9 10.8 8.7 7.8 7.1 6.4 5.9 5.4 4.9 4.4 3.9 3.5 3.0 2.6 2.2 1.7 1.4 1.0 0.7 0.4 0.1 0.0 0.0 0.0 0.0 0.0 0.2 0.6 1.1 1.6 2.0 2.3 2.5 2.5 2.5 2.5 2.5 2.5 2.4 2.3 2.3 2.3 2.3 2.2 2.3 2.2 2.2
7.8 7.7 7.6 8.0 8.6 9.4 10.4 11.5 12.8 14.0 15.5 16.3 17.0 18.2 19.5 20.5 22.2 23.2 25.5 27.1 29.7 31.5 34.5 36.9 40.8 43.2 43.8 44.7 45.2 45.5 45.1 44.0 42.5 37.9 38.2 36.5 33.5 33.0 28.3 25.5 24.9 23.2 18.8 17.3 17.4 13.8 12.1 10.7 9.7 8.6 7.8 7.1 6.4 5.8 5.2 4.7 4.2 3.6 3.1 2.6 2.1 1.6 1.2 0.8 0.4 0.1 0.0 0.0 0.0 0.0 0.0 0.0 0.0 0.0 0.5 0.9 1.4 1.8 2.0 2.1 2.2 2.3 2.2 2.2 2.2 2.1 2.1 2.1 2.1 2.1 2.0 2.0 1.9 1.9
10.4 10.8 11.2 12.0 12.8 13.8 15.3 16.3 17.5 19.0 20.4 20.8 23.1 23.4 24.8 26.1 27.3 28.7 31.0 32.8 34.7 36.0 38.3 42.8 45.8 46.3 47.3 48.2 47.0 48.7 47.5 45.4 41.8 38.9 39.5 36.7 35.5 30.8 28.6 25.3 25.7 21.7 18.7 17.6 17.3 13.6 12.0 10.7 9.6 8.7 7.8 7.0 6.3 5.7 5.1 4.6 3.9 3.3 2.7 2.2 1.7 1.2 0.7 0.2 0.0 0.0 0.0 0.0 0.0 0.0 0.0 0.0 0.0 0.0 0.4 0.9 1.3 1.6 1.7 1.8 1.9 1.9 2.0 1.9 1.9 1.9 1.9 1.8 1.9 1.8 1.9 1.8 1.7 1.7
13.7 13.9 14.6 15.5 16.6 18.0 19.3 21.1 23.1 24.4 24.9 28.0 28.2 30.0 30.6 32.1 33.0 35.2 37.0 38.0 39.2 41.6 44.3 46.5 48.9 49.0 49.5 50.6 49.2 50.4 47.3 43.8 42.3 39.4 39.7 37.6 34.5 29.9 28.7 24.9 24.2 20.0 18.1 17.3 17.0 13.3 11.9 10.7 10.2 8.8 7.8 6.9 6.3 5.6 5.0 4.3 3.6 3.0 2.3 1.8 1.2 0.7 0.2 0.0 0.0 0.0 0.0 0.0 0.0 0.0 0.0 0.0 0.0 0.0 0.4 0.8 1.1 1.3 1.5 1.5 1.6 1.6 1.6 1.6 1.6 1.6 1.6 1.6 1.6 1.6 1.6 1.5 1.5 1.5
16.5 17.0 17.7 18.9 20.2 22.2 23.8 25.6 27.8 28.9 30.7 33.4 34.8 35.9 37.2 37.9 40.1 42.9 43.5 44.3 45.4 47.0 49.3 52.9 53.0 53.5 52.8 51.9 52.0 51.0 47.1 44.4 42.3 41.8 40.5 35.8 31.9 29.3 26.9 24.4 21.0 19.1 17.4 16.4 16.9 13.3 11.8 10.7 9.5 8.5 7.7 6.9 6.2 5.5 4.8 4.1 3.4 2.7 2.1 1.4 0.8 0.2 0.0 0.0 0.0 0.0 0.0 0.0 0.0 0.0 0.0 0.0 0.0 0.1 0.4 0.7 1.0 1.2 1.3 1.3 1.3 1.3 1.3 1.3 1.3 1.3 1.3 1.3 1.3 1.3 1.3 1.3 1.3 1.3
18.3 19.7 20.6 21.9 23.8 25.8 27.9 30.3 32.4 34.1 36.0 39.3 40.0 42.6 42.7 44.5 47.9 48.9 49.9 50.3 53.2 53.4 56.4 58.1 58.5 58.5 55.9 54.2 53.8 50.8 46.5 42.9 41.7 42.4 37.4 33.8 30.8 28.0 25.9 23.6 20.4 19.0 16.6 15.4 14.1 15.0 12.0 10.3 9.4 8.5 7.7 6.9 6.2 5.4 4.7 4.0 3.3 2.6 1.8 1.1 0.4 0.0 0.0 0.0 0.0 0.0 0.0 0.0 0.0 0.0 0.0 0.0 0.0 0.1 0.4 0.7 0.8 1.0 1.0 1.1 1.1 1.1 1.1 1.1 1.1 1.1 1.1 1.1 1.1 1.1 1.1 1.1 1.1 1.1
20.2 21.6 23.0 25.1 27.1 29.7 31.9 34.5 37.0 40.3 42.7 44.3 46.1 47.3 49.4 52.8 53.4 54.7 55.4 57.9 59.9 60.0 60.3 61.6 63.2 63.3 59.4 56.4 53.8 50.4 45.8 44.1 43.8 39.8 37.2 32.7 29.9 27.4 25.6 22.0 19.7 17.8 16.0 14.6 13.3 12.3 11.1 10.7 9.3 8.4 7.6 6.9 6.2 5.3 4.7 4.0 3.2 2.4 1.6 0.8 0.2 0.0 0.0 0.0 0.0 0.0 0.0 0.0 0.0 0.0 0.0 0.0 0.0 0.2 0.4 0.6 0.7 0.8 0.8 0.8 0.8 0.8 0.8 0.8 0.8 0.8 0.8 0.8 0.8 0.8 0.9 0.9 0.9 0.9
21.3 23.3 25.8 27.8 30.5 33.7 36.2 39.6 40.8 44.4 46.9 49.1 53.2 53.9 55.9 57.6 59.0 60.9 62.2 64.4 69.4 67.2 67.1 67.2 66.5 67.6 62.2 58.0 54.2 53.3 48.5 47.3 44.4 38.8 35.1 32.5 29.4 28.1 25.0 21.6 19.6 17.2 15.3 13.9 12.8 11.8 10.7 10.3 9.2 8.2 7.6 6.8 6.1 5.3 4.6 3.9 3.1 2.3 1.4 0.6 0.0 0.0 0.0 0.0 0.0 0.0 0.0 0.0 0.0 0.0 0.0 0.0 0.1 0.3 0.4 0.5 0.6 0.6 0.6 0.7 0.6 0.6 0.6 0.6 0.6 0.6 0.7 0.7 0.6 0.6 0.6 0.7 0.7 0.7
22.7 25.7 28.0 30.1 32.6 36.1 39.3 43.3 45.2 48.5 52.2 54.6 58.9 60.4 62.0 63.2 65.0 70.1 68.8 72.3 75.4 78.0 73.7 75.8 74.0 73.0 64.8 60.0 57.4 50.6 50.6 48.8 42.9 38.3 35.1 31.8 29.1 27.0 25.2 21.6 19.7 17.7 14.6 13.5 12.4 11.4 10.4 9.6 8.8 8.0 7.4 6.7 5.9 5.3 4.6 3.8 3.0 2.2 1.3 0.5 0.0 0.0 0.0 0.0 0.0 0.0 0.0 0.0 0.0 0.0 0.0 0.1 0.3 0.4 0.4 0.5 0.5 0.5 0.5 0.5 0.5 0.5 0.5 0.5 0.5 0.5 0.5 0.5 0.4 0.4 0.4 0.5 0.5 0.5
24.7 26.4 29.8 32.7 35.9 38.9 43.0 45.9 49.8 51.5 55.3 59.1 63.4 64.4 66.8 69.0 70.9 74.4 74.5 76.8 82.8 81.6 78.8 78.4 78.4 77.0 67.2 62.3 56.6 55.6 54.1 46.6 41.7 38.2 34.8 32.0 29.1 26.3 24.5 21.0 19.5 16.1 14.9 13.3 12.1 11.1 10.3 9.4 8.9 8.0 7.3 6.5 5.8 5.3 4.6 3.7 2.8 2.0 1.2 0.4 0.0 0.0 0.0 0.0 0.0 0.0 0.0 0.0 0.0 0.0 0.1 0.3 0.4 0.4 0.4 0.4 0.4 0.4 0.4 0.3 0.3 0.3 0.3 0.3 0.3 0.3 0.3 0.3 0.3 0.3 0.3 0.4 0.4 0.4
24.3 28.0 29.9 34.8 38.4 43.4 45.3 50.3 52.1 55.4 60.2 63.5 66.5 72.5 74.3 75.3 76.5 79.3 80.0 81.5 85.3 86.7 84.1 83.6 83.7 78.6 70.0 64.2 61.2 60.0 51.5 46.0 43.9 38.8 34.8 30.8 29.2 26.3 23.5 20.5 17.8 15.9 14.3 13.0 11.9 10.9 10.3 9.4 8.9 7.9 7.1 6.3 5.6 5.0 4.2 3.6 2.8 1.9 1.1 0.4 0.0 0.0 0.0 0.0 0.0 0.0 0.0 0.0 0.0 0.2 0.3 0.4 0.4 0.4 0.4 0.4 0.3 0.3 0.2 0.2 0.2 0.2 0.2 0.2 0.2 0.2 0.2 0.2 0.2 0.2 0.2 0.2 0.2 0.2
24.4 27.5 30.3 34.2 37.9 42.4 48.2 52.4 56.1 59.1 65.1 69.8 76.1 79.9 80.3 82.2 83.1 84.2 85.7 85.8 89.2 91.9 89.2 88.1 88.2 81.2 72.7 68.3 66.5 58.3 51.6 46.6 43.3 38.8 34.0 30.6 28.0 26.0 22.9 19.7 17.8 16.1 14.5 12.9 11.7 10.7 10.6 9.4 9.2 8.0 7.0 6.2 5.6 4.7 4.3 3.4 2.6 1.8 1.1 0.4 0.0 0.0 0.0 0.0 0.0 0.0 0.0 0.2 0.3 0.4 0.5 0.5 0.5 0.4 0.4 0.3 0.3 0.2 0.2 0.1 0.1 0.1 0.1 0.0 0.0 0.0 0.1 0.1 0.1 0.1 0.1 0.1 0.1 0.1
24.1 27.1 30.5 34.6 39.6 44.6 49.3 54.4 57.6 65.1 68.0 72.8 78.6 86.2 88.3 89.5 90.5 90.7 90.4 90.7 93.6 94.0 93.1 92.0 89.7 78.9 72.3 71.3 69.9 56.3 54.1 46.8 42.0 37.5 33.8 30.1 27.3 24.7 21.8 19.6 17.2 16.0 14.0 12.7 12.4 10.4 9.4 8.8 7.9 7.1 6.5 5.8 5.3 4.6 3.9 3.2 2.5 1.8 1.1 0.6 0.2 0.0 0.0 0.0 0.0 0.2 0.4 0.5 0.6 0.6 0.6 0.6 0.5 0.4 0.3 0.3 0.2 0.1 0.1 0.0 0.0 0.0 0.0 0.0 0.0 0.0 0.0 0.0 0.0 0.0 0.0 0.0 0.0 0.0
23.8 26.9 30.7 34.9 39.6 44.7 50.4 55.2 60.7 66.3 70.7 76.7 86.2 96.7 98.2 95.0 95.0 97.6 94.1 94.6 99.1 98.5 97.0 95.2 86.1 80.0 75.8 79.3 66.3 59.9 53.3 47.4 44.3 36.8 33.3 29.6 26.9 23.8 21.1 18.9 17.4 15.4 13.6 13.0 11.2 10.2 9.5 8.7 8.4 7.4 6.8 5.9 5.4 4.8 4.0 3.1 2.5 1.9 1.3 0.8 0.5 0.3 0.3 0.4 0.5 0.6 0.8 0.8 0.8 0.8 0.7 0.6 0.5 0.4 0.3 0.2 0.1 0.1 0.0 0.0 0.0 0.0 0.0 0.0 0.0 0.0 0.0 0.0 0.0 0.0 0.0 0.0 0.0 0.0
23.2 26.5 30.3 34.7 39.6 44.9 51.5 56.4 63.8 70.5 74.0 79.6 89.1 97.0 103.0 98.0 94.0 94.3 96.8 101.9 100.9 101.0 101.3 97.4 89.2 82.3 78.9 75.4 66.8 60.6 54.3 46.7 41.2 35.8 31.9 28.8 26.2 23.8 20.6 18.4 16.5 14.8 13.1 12.1 11.7 10.6 9.6 9.3 8.2 7.4 6.4 5.9 4.9 4.4 3.7 3.0 2.5 2.0 1.5 1.2 0.9 0.8 0.9 0.9 1.0 1.0 1.1 1.0 0.9 0.8 0.7 0.6 0.5 0.3 0.2 0.2 0.1 0.0 0.0 0.0 0.0 0.0 0.0 0.0 0.0 0.0 0.0 0.0 0.0 0.0 0.0 0.0 0.0 0.0
22.4 25.8 29.8 34.3 39.4 45.1 51.6 56.7 63.9 71.9 75.8 81.5 86.6 96.7 104.6 98.3 94.5 94.1 96.5 105.7 100.7 103.8 102.5 96.2 86.8 85.3 82.4 74.4 66.5 61.6 55.1 47.8 39.6 36.4 31.2 27.8 25.0 22.1 19.8 17.4 15.6 13.9 12.7 12.4 10.6 9.5 8.6 7.7 7.4 6.7 5.8 5.3 4.8 4.1 3.5 3.0 2.6 2.2 1.9 1.6 1.4 1.3 1.4 1.3 1.3 1.3 1.2 1.1 1.0 0.8 0.7 0.6 0.4 0.3 0.2 0.1 0.0 0.0 0.0 0.0 0.0 0.0 0.0 0.0 0.0 0.0 0.0 0.0 0.0 0.0 0.0 0.0 0.0 0.0
21.4 24.8 28.9 33.8 38.7 44.9 51.0 58.2 64.0 75.9 84.9 91.8 94.3 100.3 100.4 98.5 96.9 95.9 98.3 99.3 101.5 102.5 102.2 95.0 88.5 85.3 90.0 74.0 66.9 59.6 52.4 45.2 38.2 33.6 29.2 25.9 23.5 20.3 18.3 16.2 14.5 13.2 11.9 11.2 10.2 9.6 8.8 7.3 6.7 6.3 5.4 5.0 4.5 4.1 3.6 3.2 2.8 2.5 2.3 2.1 1.9 1.8 1.8 1.7 1.6 1.4 1.3 1.2 1.0 0.8 0.7 0.5 0.4 0.3 0.2 0.1 0.0 0.0 0.0 0.0 0.0 0.0 0.0 0.0 0.0 0.0 0.0 0.0 0.0 0.0 0.0 0.0 0.0 0.0
20.4 23.7 27.9 32.7 37.8 43.5 50.7 59.2 64.0 76.9 84.8 88.8 93.9 94.5 104.7 100.9 98.7 96.5 98.0 101.7 101.9 99.1 95.8 92.4 89.9 84.8 81.0 72.6 65.4 56.8 49.0 43.5 36.3 31.7 27.1 23.9 21.4 18.6 16.2 14.4 13.0 11.8 10.6 10.4 9.6 8.6 7.5 6.7 6.2 5.8 5.3 5.1 4.6 4.2 3.9 3.5 3.2 2.9 2.7 2.5 2.3 2.2 2.1 1.9 1.8 1.6 1.4 1.2 1.0 0.8 0.6 0.5 0.4 0.2 0.1 0.1 0.0 0.0 0.0 0.0 0.0 0.0 0.0 0.0 0.0 0.0 0.0 0.0 0.0 0.0 0.0 0.0 0.0 0.0
19.6 22.7 26.7 31.4 35.7 42.0 48.8 55.3 62.3 72.1 81.8 85.6 89.2 95.7 102.8 106.6 102.9 97.6 99.3 105.7 100.6 101.3 96.9 92.9 89.5 89.6 76.0 68.6 62.2 54.1 45.6 40.8 33.5 29.6 24.9 22.3 18.7 16.7 14.4 12.3 11.1 10.1 9.2 8.4 7.8 7.2 7.3 6.3 6.0 5.8 5.6 5.1 4.8 4.6 4.3 4.0 3.7 3.4 3.2 3.0 2.7 2.5 2.3 2.0 1.8 1.6 1.4 1.2 1.0 0.8 0.6 0.5 0.3 0.2 0.1 0.0 0.0 0.0 0.0 0.0 0.0 0.0 0.0 0.0 0.0 0.0 0.0 0.0 0.0 0.0 0.0 0.0 0.0 0.0
19.1 21.8 25.7 29.9 34.4 40.7 47.5 55.1 61.1 69.5 76.1 84.5 89.7 92.3 96.9 99.5 99.1 97.2 98.6 107.5 98.9 101.7 102.2 101.7 87.9 80.0 72.1 63.5 56.1 48.9 41.5 37.1 30.4 26.1 22.2 19.6 16.4 13.9 11.9 10.3 9.1 8.2 7.6 7.2 6.7 6.5 6.6 6.4 6.3 5.9 5.7 5.6 5.4 5.2 4.9 4.6 4.3 3.9 3.6 3.3 3.0 2.7 2.4 2.1 1.8 1.6 1.3 1.1 0.9 0.7 0.6 0.4 0.3 0.2 0.1 0.0 0.0 0.0 0.0 0.0 0.0 0.0 0.0 0.0 0.0 0.0 0.0 0.0 0.0 0.0 0.0 0.0 0.0 0.0
18.5 21.4 24.3 28.6 33.3 39.1 45.6 51.6 58.9 66.2 75.3 82.7 87.5 89.2 92.7 96.4 100.5 99.4 104.3 97.1 99.2 101.5 109.1 91.3 82.7 76.1 68.6 59.1 51.6 44.2 38.2 32.3 27.3 22.9 19.6 16.2 13.7 11.4 9.6 8.3 7.2 6.5 6.0 5.8 5.7 6.3 6.3 6.5 6.5 6.4 6.4 6.4 6.1 5.9 5.6 5.3 4.9 4.5 4.0 3.7 3.3 2.9 2.4 2.1 1.8 1.6 1.3 1.1 0.9 0.7 0.5 0.4 0.2 0.1 0.1 0.0 0.0 0.0 0.0 0.0 0.0 0.0 0.0 0.0 0.0 0.0 0.0 0.0 0.0 0.0 0.0 0.0 0.0 0.0
18.4 20.5 23.1 28.4 32.2 36.7 45.9 50.9 56.7 62.8 69.5 75.5 81.6 87.1 92.2 94.9 98.5 100.4 102.1 102.9 108.4 103.8 88.3 84.7 76.5 70.5 65.7 54.7 47.2 41.0 34.1 28.9 24.2 20.0 16.4 13.8 11.3 9.3 7.7 6.4 5.5 5.0 4.8 4.8 5.0 5.5 5.8 6.4 6.8 7.1 7.2 7.2 7.0 6.8 6.4 6.0 5.4 4.9 4.4 4.0 3.4 3.0 2.6 2.1 1.8 1.5 1.3 1.0 0.8 0.7 0.5 0.3 0.2 0.1 0.0 0.0 0.0 0.0 0.0 0.0 0.0 0.0 0.0 0.0 0.0 0.0 0.0 0.0 0.0 0.0 0.0 0.0 0.0 0.0
18.4 19.8 22.1 26.9 32.0 37.2 42.9 48.4 54.3 60.4 67.9 73.9 81.7 85.9 92.9 92.8 95.8 93.4 92.3 91.5 90.3 86.2 83.9 76.5 70.4 62.0 55.6 49.5 44.1 36.1 29.9 25.0 20.9 17.4 14.0 11.5 9.4 7.8 6.1 5.0 4.3 3.9 3.9 4.1 4.7 5.5 6.1 6.9 7.7 8.0 8.2 8.1 8.0 7.7 7.3 6.6 6.0 5.3 4.8 4.1 3.6 3.0 2.6 2.2 1.7 1.5 1.2 1.0 0.8 0.6 0.4 0.3 0.2 0.1 0.0 0.0 0.0 0.0 0.0 0.0 0.0 0.0 0.0 0.0 0.0 0.0 0.0 0.0 0.0 0.0 0.0 0.0 0.0 0.0
20.7 19.8 22.6 25.1 30.2 34.5 40.2 45.8 51.1 56.0 63.7 70.1 76.6 82.2 85.2 85.4 86.7 87.3 88.2 86.8 85.1 78.3 74.0 69.8 61.8 55.7 49.7 45.5 37.4 31.2 26.3 21.7 18.0 14.7 12.0 9.8 7.8 6.3 4.9 4.0 3.5 3.3 3.5 4.0 4.8 5.8 6.9 7.9 8.6 9.0 9.2 9.2 9.0 8.5 8.0 7.2 6.5 5.8 5.0 4.4 3.7 3.2 2.6 2.2 1.7 1.4 1.2 0.9 0.7 0.5 0.4 0.2 0.1 0.0 0.0 0.0 0.0 0.0 0.0 0.0 0.0 0.0 0.0 0.0 0.0 0.0 0.0 0.0 0.0 0.0 0.0 0.0 0.0 0.0
19.4 21.6 21.1 23.3 27.0 32.0 35.3 41.9 46.1 53.9 56.4 63.2 69.5 74.7 75.7 78.4 81.7 82.2 82.0 80.2 78.4 71.0 65.9 60.6 54.9 48.4 43.3 37.6 32.4 27.1 23.0 19.4 15.5 12.5 10.4 8.5 6.7 5.3 4.2 3.5 3.1 3.1 3.5 4.3 5.3 6.6 7.8 8.9 9.6 10.2 10.4 10.3 10.0 9.4 8.6 7.8 6.9 6.2 5.3 4.6 3.9 3.2 2.7 2.1 1.7 1.4 1.1 0.9 0.7 0.5 0.3 0.2 0.1 0.0 0.0 0.0 0.0 0.0 0.0 0.0 0.0 0.0 0.0 0.0 0.0 0.0 0.0 0.0 0.0 0.0 0.0 0.0 0.0 0.0
19.9 20.3 20.8 22.6 25.6 27.8 31.4 36.8 40.2 44.2 51.2 56.2 61.5 65.1 68.2 71.1 72.9 73.7 74.6 71.7 67.9 62.3 58.3 53.5 47.5 42.5 37.6 32.0 27.5 23.8 20.0 17.6 14.1 11.7 9.2 7.6 6.2 4.8 3.9 3.3 3.2 3.3 3.9 4.8 6.1 7.5 8.9 10.0 10.9 11.4 11.5 11.3 10.9 10.2 9.3 8.5 7.5 6.5 5.6 4.8 4.0 3.3 2.6 2.1 1.7 1.4 1.1 0.8 0.6 0.4 0.3 0.1 0.0 0.0 0.0 0.0 0.0 0.0 0.0 0.0 0.0 0.0 0.0 0.0 0.0 0.0 0.0 0.0 0.0 0.0 0.0 0.0 0.0 0.0
19.8 21.1 20.8 21.8 23.5 26.5 29.6 33.7 35.2 38.7 43.3 46.6 51.3 54.1 59.6 61.8 64.3 64.6 65.2 61.5 57.6 54.2 51.6 46.9 41.5 37.3 33.0 27.9 24.4 21.0 17.7 14.8 12.7 10.5 8.4 7.0 5.8 4.7 3.9 3.5 3.5 4.2 4.6 5.7 7.1 8.5 10.0 11.2 12.1 12.6 12.6 12.4 11.8 11.0 10.2 9.1 8.0 6.9 5.9 5.0 4.3 3.4 2.7 2.1 1.7 1.4 1.1 0.8 0.5 0.3 0.2 0.1 0.0 0.0 0.0 0.0 0.0 0.0 0.0 0.0 0.0 0.0 0.0 0.0 0.0 0.0 0.0 0.0 0.1 0.1 0.1 0.1 0.0 0.0
19.6 20.5 21.1 22.9 23.5 24.7 27.6 29.9 31.6 34.3 37.4 40.2 43.9 47.8 49.6 52.5 54.0 55.1 54.4 51.8 49.3 47.2 44.3 40.0 36.3 32.2 28.1 24.9 21.9 18.8 15.5 12.9 10.7 9.4 8.0 6.7 5.6 4.8 4.3 4.0 4.1 4.7 5.7 6.8 8.2 9.8 11.4 12.5 13.2 13.6 13.8 13.5 12.9 11.9 10.9 10.0 8.8 7.6 6.4 5.4 4.4 3.6 2.9 2.3 1.8 1.4 1.0 0.7 0.5 0.3 0.1 0.0 0.0 0.0 0.0 0.0 0.0 0.0 0.0 0.0 0.0 0.0 0.0 0.0 0.0 0.1 0.1 0.1 0.2 0.2 0.2 0.2 0.2 0.1
19.3 19.8 20.5 21.1 21.8 22.7 24.6 27.5 28.2 29.9 31.8 35.2 37.2 39.8 42.6 43.8 44.6 45.6 45.6 44.2 43.0 42.8 38.2 35.4 31.5 28.1 25.0 22.2 19.5 16.1 11.8 7.7 7.4 8.2 7.7 6.8 5.8 5.1 4.7 4.7 5.0 5.7 6.5 8.3 9.5 11.2 12.7 13.7 14.4 15.0 15.1 14.7 13.9 12.9 12.0 10.7 9.5 8.1 6.8 5.7 4.7 3.8 3.0 2.4 1.8 1.4 1.0 0.7 0.4 0.2 0.0 0.0 0.0 0.0 0.0 0.0 0.0 0.0 0.0 0.0 0.0 0.0 0.0 0.0 0.1 0.2 0.2 0.2 0.3 0.3 0.3 0.3 0.3 0.2
18.6 18.8 19.4 19.9 20.8 21.1 22.1 23.2 25.3 26.8 28.2 29.7 31.8 33.7 35.8 36.9 37.9 38.2 38.4 37.8 37.6 35.7 32.6 30.8 27.5 25.1 22.3 18.6 15.2 10.9 7.4 4.6 3.3 3.5 6.3 6.8 6.2 5.6 5.4 5.5 5.9 6.7 7.6 10.1 10.8 12.3 13.9 15.2 15.9 16.4 16.0 15.8 15.0 14.1 13.0 11.7 10.2 8.8 7.4 6.1 5.0 4.0 3.2 2.5 1.9 1.4 1.0 0.6 0.3 0.1 0.0 0.0 0.0 0.0 0.0 0.0 0.0 0.0 0.0 0.0 0.0 0.0 0.0 0.1 0.2 0.3 0.3 0.4 0.4 0.4 0.4 0.4 0.4 0.4
17.7 18.1 18.7 18.8 19.4 19.8 20.4 21.3 22.1 23.1 24.2 26.1 27.2 29.9 30.2 31.7 32.1 33.2 33.6 33.6 33.0 32.0 29.2 26.9 24.7 22.5 19.4 16.2 12.5 8.9 6.0 3.7 2.1 1.5 2.7 6.1 6.6 6.4 6.2 6.3 7.0 8.1 8.8 10.5 12.0 13.5 15.1 16.1 16.9 17.1 16.9 16.6 15.8 14.8 13.7 12.4 10.8 9.3 7.8 6.5 5.3 4.3 3.3 2.6 1.9 1.4 0.9 0.6 0.3 0.0 0.0 0.0 0.0 0.0 0.0 0.0 0.0 0.0 0.0 0.0 0.0 0.0 0.1 0.2 0.3 0.4 0.5 0.5 0.5 0.6 0.5 0.5 0.5 0.5
16.6 17.0 17.3 17.7 18.1 18.5 19.0 19.6 20.3 20.9 21.3 22.2 23.3 24.0 26.3 26.7 28.2 28.1 28.9 28.8 28.8 26.7 25.7 24.0 22.6 20.5 17.8 14.8 11.7 8.9 6.1 3.8 2.2 1.4 1.6 4.0 6.8 7.2 7.4 7.2 7.9 9.1 10.2 11.1 13.3 14.8 16.1 17.4 18.1 18.1 18.0 17.7 16.8 15.8 14.5 13.1 11.5 9.9 8.2 6.8 5.6 4.5 3.5 2.7 2.0 1.4 0.9 0.5 0.2 0.0 0.0 0.0 0.0 0.0 0.0 0.0 0.0 0.0 0.0 0.0 0.0 0.0 0.2 0.3 0.4 0.5 0.6 0.7 0.7 0.7 0.7 0.7 0.6 0.6
15.3 15.7 16.2 16.3 17.2 18.4 18.2 18.3 18.7 18.8 19.3 19.6 20.4 22.1 22.0 23.3 25.0 24.9 25.9 24.9 24.6 23.7 22.9 22.2 21.1 19.6 17.1 14.5 12.0 9.5 7.0 4.6 2.9 1.8 1.6 3.0 6.8 7.8 7.7 8.0 8.8 10.1 10.6 12.2 14.3 15.8 17.0 18.2 19.3 18.8 18.7 18.1 17.4 16.4 15.1 13.7 12.1 10.4 8.7 7.2 5.9 4.6 3.6 2.7 2.0 1.4 0.9 0.4 0.1 0.0 0.0 0.0 0.0 0.0 0.0 0.0 0.0 0.0 0.0 0.0 0.0 0.1 0.2 0.4 0.6 0.7 0.7 0.8 0.8 0.8 0.8 0.8 0.8 0.7
13.8 14.3 14.6 15.0 15.7 16.4 17.2 17.7 17.1 18.0 17.3 18.3 18.7 19.4 19.9 20.8 21.8 21.6 21.4 21.5 22.3 21.8 21.4 20.8 19.8 18.5 16.7 14.8 13.1 10.9 8.4 5.9 3.8 2.6 2.2 3.1 5.6 8.1 8.3 8.7 9.7 10.9 11.4 13.1 15.0 16.8 18.3 19.2 19.6 19.6 19.5 18.8 18.1 17.0 15.6 14.2 12.6 10.8 9.0 7.5 6.1 4.8 3.7 2.8 2.0 1.3 0.8 0.3 0.0 0.0 0.0 0.0 0.0 0.0 0.0 0.0 0.0 0.0 0.0 0.0 0.0 0.1 0.4 0.5 0.7 0.8 0.9 1.0 1.0 1.0 1.0 1.0 0.9 0.9
12.1 12.9 13.2 13.4 14.0 14.4 15.7 16.0 15.8 16.0 16.3 17.3 17.4 17.0 17.4 18.6 18.5 18.3 19.7 20.1 19.9 19.7 19.7 19.6 18.7 17.6 16.6 15.8 14.9 12.9 10.1 7.1 4.7 3.3 3.0 3.9 5.7 8.4 8.8 9.1 10.1 11.7 12.3 13.8 15.8 17.5 18.8 19.8 20.4 20.4 20.2 19.6 18.7 17.5 16.3 14.7 13.0 11.2 9.4 7.8 6.3 5.0 3.8 2.8 2.0 1.3 0.7 0.3 0.0 0.0 0.0 0.0 0.0 0.0 0.0 0.0 0.0 0.0 0.0 0.0 0.0 0.2 0.5 0.7 0.8 1.0 1.1 1.1 1.1 1.2 1.1 1.1 1.1 1.0
10.6 11.2 11.7 11.9 12.2 12.7 13.4 14.3 14.7 14.5 14.9 14.6 14.4 14.6 15.0 15.6 16.1 17.5 17.9 18.1 18.3 18.4 18.6 18.4 17.6 17.0 16.6 16.8 16.1 14.4 11.3 7.8 5.2 3.8 3.7 4.6 6.3 8.6 9.4 9.7 10.4 11.5 13.2 14.9 16.3 18.1 19.5 20.3 20.8 21.0 20.8 20.4 19.4 18.1 16.9 15.1 13.2 11.4 9.6 8.0 6.5 5.1 3.9 2.9 2.0 1.3 0.7 0.2 0.0 0.0 0.0 0.0 0.0 0.0 0.0 0.0 0.0 0.0 0.0 0.0 0.0 0.3 0.6 0.8 1.0 1.1 1.2 1.3 1.3 1.3 1.3 1.2 1.2 1.2
9.1 9.6 9.9 10.2 10.7 10.9 11.2 12.1 12.7 12.8 12.3 12.2 12.1 12.3 12.7 13.8 15.2 15.7 15.7 16.4 16.9 17.2 17.3 17.3 16.7 16.5 16.3 16.0 15.5 14.1 11.3 8.5 6.2 4.9 4.6 5.4 7.2 9.1 9.8 10.3 11.3 12.3 13.7 15.5 17.0 18.6 19.8 20.7 21.2 21.5 21.4 20.8 20.1 18.6 17.1 15.3 13.5 11.7 9.9 8.0 6.5 5.1 3.9 2.9 2.0 1.2 0.6 0.1 0.0 0.0 0.0 0.0 0.0 0.0 0.0 0.0 0.0 0.0 0.0 0.0 0.1 0.4 0.7 0.9 1.1 1.3 1.4 1.4 1.4 1.4 1.4 1.4 1.3 1.3
7.8 8.1 8.4 8.8 9.5 9.8 10.5 10.3 10.6 10.4 10.6 10.4 10.7 10.8 12.3 12.3 13.2 13.3 14.0 14.6 15.3 15.7 16.0 16.1 16.1 16.0 15.9 15.5 14.9 13.5 11.2 9.2 7.2 6.1 5.7 6.4 8.9 9.7 10.1 10.7 11.7 12.8 14.3 15.9 17.5 19.0 20.1 21.0 21.6 21.9 21.7 21.2 20.3 19.3 17.5 15.6 13.7 11.8 9.9 8.2 6.6 5.1 3.9 2.8 1.9 1.2 0.5 0.0 0.0 0.0 0.0 0.0 0.0 0.0 0.0 0.0 0.0 0.0 0.0 0.0 0.1 0.5 0.8 1.1 1.3 1.4 1.5 1.5 1.5 1.5 1.5 1.5 1.5 1.4
6.4 6.7 7.0 7.3 7.8 8.5 9.1 8.8 8.6 8.7 8.9 9.6 9.7 10.0 10.3 10.8 11.2 11.9 12.4 13.1 13.9 13.9 14.6 15.2 15.2 15.3 15.1 14.8 14.2 13.1 11.5 9.6 8.0 7.0 6.7 7.3 9.5 10.1 10.4 11.0 12.1 13.4 14.8 16.3 17.8 19.2 20.5 21.4 22.0 22.4 22.2 21.7 20.7 19.2 17.7 16.0 13.9 11.9 10.0 8.2 6.6 5.2 3.9 2.8 1.9 1.1 0.5 0.0 0.0 0.0 0.0 0.0 0.0 0.0 0.0 0.0 0.0 0.0 0.0 0.0 0.2 0.6 0.9 1.2 1.4 1.5 1.6 1.7 1.7 1.6 1.6 1.6 1.6 1.5
