main/data/rainfall/03.04.2023.grid
ncols 886
nrows 691
xllcenter 112.0000
yllcenter -44.5000
cellsize 0.0500
nodata_value 99999.90
[rows 168 to 209 of 691, columns 658 to 751 of 886]
0.0 0.0 0.0 0.0 0.0 0.0 0.0 0.1 0.1 0.1 0.1 0.1 0.1 0.1 0.1 0.1 0.1 0.1 0.1 0.2 0.3 0.3 0.4 0.4 0.5 0.4 0.4 0.4 0.3 0.3 0.3 0.3 0.4 0.6 0.9 1.1 1.2 1.3 1.4 1.6 1.7 1.9 2.1 2.4 2.7 3.0 3.5 4.0 4.5 5.0 5.5 6.1 6.7 7.4 8.1 8.9 9.7 10.6 11.5 12.4 13.4 14.3 15.3 16.3 17.3 18.3 19.3 20.2 21.2 22.1 22.9 23.8 24.6 25.3 26.0 26.7 27.3 27.6 27.3 25.3 22.9 20.5 18.3 16.2 14.4 12.7 11.2 9.9 8.7 7.7 6.7 5.9 5.1 4.5
0.0 0.0 0.0 0.0 0.0 0.0 0.0 0.1 0.2 0.2 0.1 0.1 0.1 0.1 0.1 0.1 0.1 0.0 0.1 0.1 0.1 0.2 0.3 0.3 0.3 0.3 0.2 0.2 0.3 0.3 0.3 0.3 0.3 0.4 0.7 1.0 1.2 1.3 1.5 1.6 1.8 2.0 2.2 2.5 2.9 3.3 3.7 4.3 5.0 5.5 6.1 6.7 7.4 8.1 8.9 9.7 10.5 11.3 12.2 13.1 14.0 15.0 15.9 16.8 17.8 18.7 19.7 20.6 21.5 22.3 23.2 23.9 24.7 25.4 26.1 26.7 27.3 27.9 28.4 28.3 27.1 24.9 22.4 19.9 17.7 15.7 13.9 12.3 10.9 9.6 8.4 7.4 6.4 5.6
0.2 0.1 0.0 0.0 0.0 0.0 0.1 0.1 0.2 0.2 0.2 0.2 0.2 0.1 0.1 0.0 0.0 0.0 0.0 0.0 0.1 0.1 0.1 0.1 0.1 0.1 0.1 0.2 0.2 0.2 0.2 0.3 0.3 0.4 0.6 0.9 1.2 1.4 1.5 1.7 1.9 2.1 2.4 2.7 3.1 3.5 4.0 4.7 5.4 6.2 6.8 7.5 8.2 8.9 9.7 10.5 11.3 12.1 13.0 13.8 14.7 15.6 16.5 17.3 18.2 19.1 20.0 20.9 21.7 22.5 23.3 24.1 24.8 25.5 26.1 26.8 27.3 27.9 28.4 28.9 29.1 28.7 26.8 24.3 21.7 19.3 17.2 15.2 13.5 11.9 10.5 9.2 8.1 7.0
0.6 0.4 0.2 0.1 0.1 0.1 0.1 0.2 0.2 0.3 0.3 0.3 0.2 0.1 0.1 0.0 0.0 0.0 0.0 0.0 0.0 0.0 0.0 0.0 0.0 0.0 0.1 0.2 0.3 0.3 0.3 0.3 0.3 0.4 0.6 0.9 1.3 1.5 1.6 1.8 2.0 2.2 2.5 2.9 3.2 3.7 4.3 5.0 5.8 6.8 7.6 8.3 9.1 9.9 10.6 11.4 12.2 13.0 13.8 14.6 15.4 16.2 17.0 17.8 18.7 19.5 20.3 21.1 21.9 22.7 23.4 24.1 24.8 25.5 26.1 26.7 27.3 27.8 28.4 28.8 29.3 29.7 29.5 28.6 26.3 23.6 21.0 18.7 16.6 14.7 12.9 11.4 10.0 8.8
1.1 0.8 0.6 0.4 0.3 0.2 0.2 0.2 0.3 0.3 0.3 0.3 0.2 0.1 0.1 0.0 0.0 0.0 0.0 0.0 0.0 0.0 0.0 0.0 0.0 0.0 0.1 0.2 0.3 0.3 0.3 0.3 0.4 0.4 0.6 1.0 1.3 1.5 1.7 1.9 2.1 2.4 2.7 3.0 3.4 3.9 4.5 5.3 6.2 7.2 8.3 9.2 10.1 10.9 11.7 12.5 13.3 14.0 14.7 15.5 16.2 16.9 17.6 18.3 19.1 19.8 20.6 21.3 22.0 22.8 23.5 24.2 24.8 25.5 26.1 26.7 27.2 27.8 28.3 28.7 29.2 29.6 30.0 30.2 29.8 28.1 25.6 22.9 20.3 18.0 15.9 14.1 12.4 10.9
1.6 1.3 0.9 0.7 0.5 0.4 0.3 0.3 0.3 0.3 0.3 0.3 0.3 0.2 0.1 0.0 0.0 0.0 0.0 0.0 0.0 0.0 0.0 0.0 0.0 0.0 0.1 0.3 0.4 0.4 0.4 0.3 0.4 0.5 0.7 1.1 1.4 1.6 1.8 2.0 2.2 2.5 2.8 3.1 3.6 4.1 4.7 5.5 6.4 7.5 8.7 9.9 11.1 12.1 13.0 13.8 14.5 15.2 15.8 16.4 17.0 17.7 18.3 18.9 19.5 20.2 20.8 21.5 22.2 22.8 23.5 24.2 24.8 25.4 26.0 26.6 27.1 27.6 28.1 28.6 29.0 29.5 29.9 30.2 30.5 30.5 29.8 27.4 24.7 22.0 19.5 17.3 15.2 13.4
2.3 1.8 1.4 1.0 0.8 0.6 0.5 0.4 0.4 0.4 0.4 0.4 0.3 0.2 0.1 0.0 0.0 0.0 0.0 0.0 0.0 0.0 0.0 0.0 0.0 0.1 0.2 0.3 0.4 0.4 0.4 0.4 0.4 0.5 0.8 1.3 1.5 1.7 1.9 2.1 2.3 2.6 2.9 3.3 3.7 4.2 4.9 5.7 6.6 7.6 8.8 10.1 11.5 12.8 14.1 15.1 15.9 16.5 17.1 17.6 18.1 18.5 19.0 19.5 20.0 20.5 21.1 21.7 22.3 22.9 23.5 24.1 24.7 25.3 25.9 26.4 27.0 27.5 28.0 28.4 28.9 29.3 29.7 30.0 30.4 30.7 30.9 30.6 29.1 26.6 23.8 21.1 18.6 16.4
3.1 2.4 1.9 1.5 1.2 0.9 0.7 0.5 0.5 0.4 0.4 0.4 0.3 0.2 0.1 0.0 0.0 0.0 0.0 0.0 0.0 0.0 0.0 0.0 0.1 0.1 0.2 0.3 0.3 0.3 0.3 0.4 0.4 0.6 0.9 1.3 1.6 1.8 2.0 2.2 2.4 2.6 3.0 3.3 3.8 4.3 5.0 5.8 6.7 7.7 8.9 10.1 11.5 12.8 14.2 15.6 16.8 17.8 18.4 18.9 19.2 19.5 19.8 20.2 20.5 20.9 21.4 21.9 22.4 22.9 23.5 24.1 24.6 25.2 25.7 26.3 26.8 27.3 27.8 28.2 28.7 29.1 29.5 29.8 30.2 30.5 30.8 31.1 31.1 30.5 28.3 25.5 22.6 20.0
3.8 3.2 2.6 2.1 1.6 1.2 0.9 0.7 0.6 0.5 0.4 0.4 0.3 0.2 0.1 0.0 0.0 0.0 0.0 0.0 0.0 0.0 0.0 0.1 0.1 0.2 0.2 0.3 0.3 0.3 0.3 0.4 0.5 0.7 1.1 1.5 1.7 1.9 2.0 2.2 2.4 2.7 3.0 3.4 3.8 4.4 5.0 5.8 6.7 7.7 8.9 10.1 11.4 12.7 14.0 15.4 16.8 18.0 19.2 20.1 20.5 20.7 20.8 21.0 21.2 21.4 21.7 22.1 22.5 23.0 23.5 24.0 24.5 25.1 25.6 26.1 26.6 27.1 27.6 28.0 28.4 28.9 29.2 29.6 30.0 30.3 30.6 30.9 31.2 31.4 31.1 29.8 27.2 24.2
4.8 4.1 3.4 2.7 2.2 1.6 1.1 0.9 0.7 0.5 0.5 0.4 0.4 0.2 0.1 0.0 0.0 0.0 0.0 0.0 0.0 0.0 0.1 0.1 0.2 0.2 0.2 0.3 0.3 0.3 0.3 0.4 0.6 0.9 1.4 1.6 1.8 1.9 2.1 2.3 2.5 2.7 3.0 3.4 3.8 4.3 5.0 5.8 6.7 7.7 8.8 10.0 11.2 12.5 13.8 15.1 16.4 17.7 19.0 20.2 21.3 21.8 21.9 21.9 21.9 21.9 22.1 22.3 22.6 23.0 23.4 23.9 24.4 24.9 25.4 25.9 26.4 26.9 27.3 27.8 28.2 28.6 29.0 29.4 29.7 30.0 30.3 30.6 30.9 31.2 31.4 31.4 30.8 28.6
6.1 5.2 4.3 3.5 2.7 2.0 1.5 1.1 0.8 0.6 0.5 0.4 0.4 0.3 0.2 0.1 0.0 0.0 0.0 0.0 0.0 0.1 0.1 0.1 0.2 0.2 0.3 0.3 0.3 0.3 0.4 0.5 0.7 1.0 1.3 1.7 1.8 2.0 2.1 2.3 2.5 2.7 3.0 3.3 3.7 4.3 4.9 5.7 6.6 7.6 8.6 9.8 11.0 12.2 13.5 14.8 16.1 17.4 18.6 19.8 21.0 22.1 22.8 22.9 22.7 22.6 22.5 22.6 22.8 23.0 23.4 23.8 24.2 24.7 25.2 25.7 26.2 26.6 27.1 27.5 27.9 28.3 28.7 29.1 29.4 29.8 30.1 30.4 30.6 30.9 31.2 31.4 31.6 31.2
7.5 6.5 5.3 4.3 3.3 2.5 1.8 1.3 1.0 0.7 0.6 0.5 0.4 0.3 0.2 0.1 0.1 0.0 0.0 0.0 0.1 0.1 0.2 0.2 0.2 0.4 0.4 0.4 0.4 0.4 0.5 0.6 0.8 1.1 1.4 1.7 1.9 2.0 2.1 2.2 2.4 2.6 2.9 3.2 3.6 4.2 4.8 5.6 6.4 7.4 8.5 9.6 10.8 12.0 13.2 14.5 15.7 17.0 18.2 19.4 20.6 21.7 22.7 23.4 23.5 23.2 23.0 22.9 22.9 23.1 23.3 23.7 24.1 24.5 25.0 25.4 25.9 26.4 26.8 27.3 27.7 28.1 28.5 28.8 29.2 29.5 29.8 30.1 30.4 30.6 30.9 31.1 31.3 31.5
8.8 7.8 6.5 5.2 4.0 3.1 2.1 1.5 1.1 0.8 0.6 0.5 0.4 0.3 0.3 0.2 0.1 0.1 0.1 0.1 0.1 0.1 0.1 0.2 0.4 0.4 0.4 0.4 0.4 0.4 0.5 0.8 1.0 1.2 1.5 1.7 1.9 2.0 2.1 2.2 2.3 2.5 2.8 3.1 3.5 4.0 4.7 5.4 6.3 7.3 8.3 9.4 10.5 11.7 12.9 14.1 15.3 16.6 17.7 18.9 20.0 21.1 22.2 23.1 23.8 23.9 23.6 23.3 23.1 23.1 23.3 23.5 23.9 24.3 24.7 25.2 25.6 26.1 26.5 27.0 27.4 27.8 28.2 28.5 28.9 29.2 29.5 29.8 30.1 30.3 30.6 30.8 31.0 31.2
9.9 9.0 7.6 6.1 4.7 3.5 2.5 1.8 1.3 0.9 0.7 0.5 0.4 0.4 0.3 0.2 0.2 0.2 0.1 0.1 0.1 0.1 0.2 0.3 0.6 0.4 0.5 0.5 0.5 0.6 0.8 1.0 1.1 1.3 1.5 1.6 1.8 1.9 2.0 2.1 2.2 2.4 2.6 2.9 3.4 3.9 4.5 5.3 6.1 7.1 8.1 9.2 10.3 11.4 12.6 13.8 15.0 16.1 17.3 18.4 19.5 20.6 21.6 22.5 23.3 23.9 24.0 23.6 23.3 23.2 23.2 23.4 23.7 24.0 24.5 24.9 25.4 25.8 26.3 26.7 27.1 27.5 27.9 28.3 28.6 28.9 29.2 29.5 29.8 30.0 30.3 30.5 30.7 30.9
10.6 9.6 8.5 6.7 5.3 4.0 2.8 2.0 1.4 1.0 0.7 0.5 0.4 0.3 0.3 0.3 0.2 0.2 0.2 0.2 0.2 0.2 0.2 0.4 0.5 0.4 0.5 0.6 1.0 0.8 1.0 1.2 1.3 1.4 1.5 1.6 1.7 1.8 1.9 2.0 2.1 2.3 2.5 2.8 3.2 3.8 4.4 5.2 6.0 6.9 7.9 9.0 10.0 11.2 12.3 13.4 14.6 15.7 16.9 18.0 19.0 20.0 21.0 21.9 22.7 23.3 23.8 23.8 23.5 23.3 23.2 23.3 23.5 23.8 24.2 24.6 25.1 25.5 26.0 26.5 26.9 27.3 27.7 28.0 28.4 28.7 29.0 29.3 29.5 29.7 30.0 30.2 30.4 30.5
11.1 10.2 8.9 7.1 5.7 4.2 3.0 2.1 1.5 1.0 0.7 0.5 0.4 0.3 0.3 0.3 0.2 0.2 0.2 0.2 0.2 0.3 0.4 0.4 0.4 0.5 0.6 0.7 1.0 1.6 1.7 1.4 1.5 1.5 1.6 1.6 1.7 1.7 1.8 2.0 2.0 2.2 2.4 2.7 3.1 3.6 4.3 5.0 5.9 6.8 7.7 8.7 9.8 10.9 12.0 13.1 14.2 15.3 16.4 17.5 18.5 19.5 20.4 21.3 22.0 22.6 23.1 23.4 23.5 23.3 23.1 23.1 23.3 23.6 23.9 24.4 24.8 25.3 25.8 26.3 26.7 27.1 27.5 27.9 28.2 28.5 28.8 29.0 29.3 29.5 29.7 29.9 30.0 30.2
11.2 10.5 9.0 7.3 5.9 4.3 3.0 2.1 1.5 1.0 0.7 0.5 0.4 0.3 0.3 0.3 0.2 0.2 0.2 0.2 0.3 0.3 0.4 0.5 0.5 0.6 0.7 0.8 1.1 1.6 1.9 1.5 1.6 1.7 1.7 1.7 1.7 1.7 1.7 1.8 2.0 2.1 2.3 2.6 3.0 3.6 4.2 5.0 5.8 6.6 7.6 8.6 9.6 10.6 11.7 12.8 13.9 14.9 16.0 17.0 18.0 19.0 19.8 20.6 21.3 21.9 22.3 22.7 22.9 23.0 22.9 22.9 23.0 23.3 23.7 24.1 24.6 25.1 25.6 26.1 26.6 27.0 27.4 27.8 28.1 28.4 28.7 28.9 29.1 29.3 29.5 29.6 29.8 29.9
11.2 10.1 8.7 7.4 5.9 4.3 3.0 2.1 1.4 0.9 0.7 0.5 0.4 0.3 0.2 0.2 0.2 0.2 0.2 0.2 0.3 0.3 0.4 0.5 0.5 0.6 0.7 0.9 1.1 1.4 2.0 1.7 1.7 1.8 1.8 1.8 1.8 1.7 1.8 1.7 1.8 2.0 2.2 2.6 3.0 3.5 4.2 4.9 5.7 6.6 7.6 8.6 9.5 10.5 11.5 12.5 13.5 14.6 15.6 16.6 17.5 18.4 19.3 20.0 20.6 21.1 21.5 21.9 22.1 22.3 22.4 22.6 22.8 23.1 23.5 24.0 24.5 25.0 25.6 26.1 26.6 27.1 27.5 27.9 28.2 28.4 28.7 28.9 29.0 29.2 29.3 29.4 29.5 29.6
10.8 9.5 8.3 7.0 5.4 3.9 2.8 1.9 1.3 0.9 0.6 0.4 0.3 0.2 0.2 0.2 0.2 0.2 0.2 0.2 0.3 0.3 0.4 0.4 0.5 0.6 0.7 0.9 1.0 1.2 1.9 1.9 1.7 1.8 1.9 1.9 1.8 1.7 1.9 1.6 1.6 1.8 2.0 2.4 2.8 3.3 4.0 4.8 5.7 6.6 7.7 8.7 9.8 10.7 11.4 12.3 13.2 14.2 15.2 16.2 17.1 17.9 18.7 19.4 19.9 20.4 20.8 21.0 21.3 21.5 21.7 22.0 22.4 22.8 23.3 23.9 24.5 25.1 25.7 26.3 26.9 27.4 27.8 28.2 28.5 28.7 28.9 29.0 29.1 29.2 29.3 29.3 29.3 29.4
9.8 8.5 7.5 6.3 4.5 3.6 2.4 1.6 1.1 0.7 0.5 0.3 0.2 0.2 0.1 0.1 0.1 0.1 0.2 0.2 0.2 0.3 0.3 0.4 0.5 0.6 0.7 0.9 1.1 1.1 1.6 1.5 1.5 1.7 1.8 1.7 1.6 1.5 1.4 1.4 1.4 1.5 1.8 2.2 2.6 3.1 3.8 4.6 5.5 6.6 7.7 8.8 9.8 10.7 11.6 12.4 13.0 13.8 14.8 15.7 16.6 17.4 18.1 18.8 19.3 19.7 20.0 20.3 20.5 20.7 21.0 21.4 21.8 22.4 23.0 23.8 24.6 25.4 26.1 26.8 27.5 28.0 28.5 28.8 29.1 29.3 29.4 29.5 29.5 29.5 29.4 29.4 29.3 29.2
8.0 7.5 6.1 4.8 4.1 2.8 2.0 1.4 0.9 0.6 0.4 0.2 0.1 0.1 0.0 0.0 0.1 0.1 0.1 0.2 0.2 0.2 0.3 0.4 0.5 0.6 0.7 0.9 0.9 1.1 1.2 1.4 1.9 1.5 1.6 1.5 1.3 1.2 1.1 1.0 1.0 1.1 1.5 1.9 2.2 2.8 3.5 4.3 5.3 6.5 7.6 8.8 9.8 10.6 11.4 12.3 13.0 13.6 14.4 15.3 16.2 16.9 17.6 18.2 18.6 19.0 19.3 19.5 19.7 20.0 20.3 20.7 21.2 21.9 22.6 23.6 24.7 25.8 26.8 27.7 28.5 29.1 29.6 30.0 30.2 30.4 30.4 30.3 30.2 30.0 29.8 29.6 29.4 29.2
6.3 5.9 4.9 3.8 3.2 2.2 1.5 1.0 0.7 0.4 0.2 0.1 0.0 0.0 0.0 0.0 0.0 0.0 0.1 0.1 0.1 0.2 0.3 0.3 0.4 0.5 0.6 0.7 0.8 0.9 1.0 1.2 1.5 1.8 1.3 1.2 1.0 0.8 0.7 0.6 0.6 0.8 1.6 1.4 1.9 2.4 3.1 4.0 5.0 6.3 7.5 8.7 9.6 10.4 11.2 12.0 12.9 13.6 14.1 15.0 15.8 16.5 17.1 17.6 17.9 18.3 18.5 18.8 19.0 19.3 19.7 20.1 20.7 21.4 22.3 23.3 24.5 25.9 27.5 28.9 30.0 30.9 31.4 31.8 32.0 32.0 31.9 31.7 31.4 31.0 30.6 30.2 29.8 29.4
4.6 4.2 3.7 3.0 2.2 1.5 1.0 0.7 0.4 0.2 0.1 0.0 0.0 0.0 0.0 0.0 0.0 0.0 0.0 0.0 0.1 0.2 0.2 0.3 0.4 0.5 0.5 0.6 0.7 0.8 1.0 1.0 1.2 1.3 1.0 0.8 0.7 0.5 0.3 0.2 0.2 0.4 0.7 1.0 1.5 2.0 2.7 3.5 4.6 6.0 7.3 8.5 9.3 10.0 10.8 11.7 12.6 13.4 13.8 14.6 15.3 16.0 16.5 17.0 17.3 17.6 17.8 18.0 18.3 18.6 19.0 19.5 20.2 20.9 21.9 23.0 24.3 25.8 27.6 29.5 31.5 33.0 34.0 34.5 34.7 34.6 34.3 33.8 33.2 32.5 31.8 31.2 30.5 29.9
3.3 3.1 2.6 2.1 1.5 1.1 0.7 0.4 0.2 0.1 0.0 0.0 0.0 0.0 0.0 0.0 0.0 0.0 0.0 0.0 0.1 0.1 0.2 0.3 0.3 0.4 0.4 0.5 0.6 0.6 0.8 0.8 0.9 1.0 1.1 0.6 0.4 0.2 0.1 0.0 0.0 0.0 0.4 0.6 1.1 1.6 2.2 3.1 4.2 5.5 6.9 8.0 8.8 9.5 10.4 11.4 12.3 13.1 13.6 14.3 15.0 15.6 16.0 16.4 16.6 16.9 17.1 17.3 17.6 18.0 18.4 19.0 19.7 20.5 21.5 22.7 24.1 25.7 27.5 29.5 31.8 34.1 36.2 37.6 38.1 38.1 37.6 36.8 35.9 34.8 33.7 32.6 31.6 30.7
2.4 2.1 1.8 1.4 1.0 0.7 0.4 0.2 0.1 0.0 0.0 0.0 0.0 0.0 0.0 0.0 0.0 0.0 0.0 0.0 0.1 0.1 0.2 0.2 0.3 0.4 0.4 0.4 0.5 0.5 0.5 0.5 0.7 0.6 0.4 0.4 0.2 0.0 0.0 0.0 0.0 0.0 0.0 0.3 0.7 1.2 1.8 2.6 3.7 4.9 6.3 7.5 8.2 9.0 9.9 11.0 12.1 12.9 13.3 14.0 14.6 15.1 15.5 15.8 16.0 16.2 16.4 16.6 16.9 17.3 17.8 18.4 19.2 20.1 21.1 22.4 23.8 25.5 27.4 29.5 31.8 34.2 36.7 39.0 41.0 42.1 41.8 40.9 39.6 38.0 36.4 34.8 33.3 31.9
1.5 1.4 1.2 0.9 0.6 0.4 0.2 0.1 0.0 0.0 0.0 0.0 0.0 0.0 0.0 0.0 0.0 0.0 0.0 0.0 0.1 0.2 0.2 0.3 0.3 0.3 0.4 0.4 0.4 0.5 0.5 0.3 0.3 0.3 0.2 0.0 0.0 0.0 0.0 0.0 0.0 0.0 0.0 0.2 0.5 0.9 1.5 2.3 3.3 4.5 5.9 6.7 7.4 8.5 9.5 10.8 11.9 12.8 13.1 13.7 14.3 14.7 15.0 15.2 15.3 15.5 15.7 15.9 16.2 16.6 17.2 17.9 18.7 19.7 20.8 22.1 23.6 25.3 27.3 29.4 31.7 34.1 36.6 39.1 41.5 43.5 45.1 45.4 44.2 42.3 40.0 37.8 35.6 33.7
0.9 0.9 0.7 0.5 0.4 0.2 0.1 0.0 0.0 0.0 0.0 0.0 0.0 0.0 0.0 0.0 0.0 0.0 0.1 0.1 0.2 0.2 0.3 0.3 0.4 0.4 0.4 0.4 0.3 0.3 0.2 0.1 0.1 0.0 0.0 0.0 0.0 0.0 0.0 0.0 0.0 0.0 0.0 0.2 0.4 0.9 1.4 2.1 3.0 3.9 4.6 5.8 6.6 7.8 9.2 10.7 11.8 12.6 13.0 13.6 14.0 14.3 14.5 14.6 14.7 14.8 14.9 15.2 15.5 16.0 16.6 17.4 18.3 19.3 20.5 21.9 23.5 25.2 27.2 29.3 31.6 34.0 36.5 38.9 41.3 43.5 45.5 47.1 47.9 47.0 44.7 41.7 38.7 36.0
0.5 0.5 0.4 0.3 0.2 0.1 0.0 0.0 0.0 0.0 0.0 0.0 0.0 0.0 0.0 0.1 0.1 0.2 0.3 0.3 0.4 0.4 0.4 0.4 0.5 0.5 0.5 0.5 0.4 0.2 0.1 0.0 0.0 0.0 0.0 0.0 0.0 0.0 0.0 0.0 0.0 0.0 0.0 0.3 0.6 1.0 1.6 2.2 3.0 3.8 4.4 5.3 6.6 7.6 9.2 10.7 11.8 12.6 17.2 13.9 13.8 13.9 14.0 14.0 14.0 14.1 14.2 14.4 14.8 15.3 16.0 16.8 17.8 19.0 20.2 21.7 23.3 25.1 27.1 29.2 31.5 33.9 36.3 38.7 41.0 43.2 45.2 46.9 48.4 49.3 49.1 46.3 42.6 39.1
0.2 0.2 0.2 0.1 0.0 0.0 0.0 0.0 0.0 0.0 0.0 0.0 0.1 0.1 0.2 0.3 0.4 0.4 0.5 0.6 0.6 0.7 0.7 0.7 0.6 0.6 0.6 0.6 0.5 0.3 0.1 0.0 0.0 0.0 0.0 0.0 0.0 0.0 0.0 0.0 0.0 0.0 0.1 0.4 0.8 1.3 1.9 2.5 3.3 4.3 5.0 5.7 6.6 8.0 9.6 10.9 11.8 12.5 14.2 13.5 13.5 13.5 13.5 13.4 13.3 13.3 13.4 13.7 14.1 14.6 15.4 16.4 17.4 18.7 20.0 21.6 23.2 25.0 27.0 29.1 31.3 33.7 36.1 38.5 40.8 42.9 44.8 46.5 48.0 49.3 50.2 49.9 47.0 42.9
0.0 0.0 0.0 0.0 0.0 0.0 0.0 0.0 0.0 0.0 0.1 0.2 0.3 0.3 0.4 0.5 0.7 0.8 0.9 0.9 1.0 1.0 1.0 1.0 0.9 0.9 0.8 0.7 0.6 0.3 0.1 0.0 0.0 0.0 0.0 0.0 0.0 0.0 0.0 0.0 0.0 0.0 0.2 0.7 1.1 1.7 2.4 3.1 3.9 5.2 6.3 8.1 7.7 9.1 10.2 11.2 11.9 12.2 13.2 13.7 13.3 13.1 13.1 12.9 12.6 12.5 12.6 12.8 13.3 14.0 14.8 15.9 17.1 18.5 19.9 21.5 23.2 25.0 26.9 28.9 31.1 33.5 35.9 38.2 40.5 42.6 44.5 46.1 47.5 48.7 49.7 50.4 50.0 46.9
0.0 0.0 0.0 0.0 0.0 0.0 0.0 0.1 0.1 0.2 0.3 0.4 0.5 0.6 0.7 0.9 1.1 1.2 1.3 1.4 1.5 1.5 1.4 1.4 1.3 1.2 1.1 1.0 0.8 0.4 0.1 0.0 0.0 0.0 0.0 0.0 0.0 0.0 0.0 0.0 0.0 0.0 0.5 1.0 1.6 2.2 3.0 5.0 5.5 6.2 7.1 8.6 10.3 13.3 11.2 11.6 11.6 12.0 13.1 13.7 13.5 13.1 12.7 12.2 11.8 11.5 11.5 11.8 12.4 13.2 14.3 15.5 16.9 18.4 19.9 21.6 23.3 25.0 26.9 28.8 30.9 33.2 35.6 38.0 40.2 42.3 44.1 45.7 47.0 48.1 49.0 49.8 50.3 49.6
0.0 0.0 0.0 0.0 0.0 0.0 0.1 0.1 0.2 0.4 0.5 0.6 0.8 1.0 1.2 1.4 1.6 1.7 1.9 2.0 2.0 2.0 2.0 1.9 1.8 1.7 1.6 1.4 1.2 0.8 0.4 0.1 0.0 0.0 0.0 0.0 0.0 0.0 0.0 0.0 0.1 0.4 0.9 1.5 2.1 3.0 3.9 4.6 5.9 8.1 8.3 10.6 11.0 12.3 12.2 11.8 11.7 12.3 13.5 13.9 15.1 12.9 12.0 11.5 10.9 10.6 10.5 10.6 11.2 12.4 13.8 15.2 16.8 18.4 20.1 21.8 23.5 25.3 26.9 28.7 30.7 33.0 35.4 37.8 40.0 42.0 43.7 45.2 46.4 47.4 48.3 48.9 49.4 49.7
0.0 0.0 0.0 0.0 0.0 0.1 0.2 0.3 0.4 0.6 0.8 1.0 1.2 1.5 1.7 2.0 2.2 2.4 2.5 2.6 2.7 2.7 2.8 2.6 2.4 2.3 2.2 2.1 1.8 1.4 1.0 0.6 0.1 0.0 0.0 0.0 0.0 0.0 0.2 0.6 1.1 1.4 1.3 2.0 2.7 3.5 4.5 5.7 7.0 8.2 9.3 10.8 15.9 17.3 12.8 11.9 12.3 13.6 14.0 14.1 13.3 12.4 11.7 20.0 10.6 9.7 9.7 9.5 10.2 11.7 13.3 19.6 16.8 18.6 20.5 22.3 24.0 25.7 27.2 28.6 30.4 32.8 35.3 37.7 39.9 41.7 43.3 44.6 45.8 46.7 47.4 48.0 48.4 48.7
0.0 0.0 0.0 0.0 0.0 0.1 0.3 0.4 0.6 0.8 1.1 1.4 1.7 2.0 2.3 2.6 2.9 3.1 3.3 3.4 3.5 3.5 3.4 3.3 3.2 3.0 3.0 3.0 2.7 2.3 1.8 1.3 0.6 0.3 0.2 0.2 0.8 1.0 0.8 1.2 2.0 2.1 2.0 2.8 4.1 4.3 5.2 6.6 8.0 9.2 10.4 11.9 15.0 15.4 15.3 13.2 13.9 15.2 14.9 14.1 16.4 12.3 11.9 10.3 9.5 9.0 9.1 8.9 9.7 11.2 12.9 14.9 17.0 19.0 21.0 23.0 24.8 26.4 27.8 28.9 30.1 32.9 35.5 37.8 39.8 41.4 42.9 44.0 45.0 45.7 46.3 46.8 47.1 47.3
0.0 0.0 0.0 0.0 0.1 0.2 0.4 0.6 0.8 1.1 1.5 1.8 2.3 2.7 3.0 3.4 3.7 4.0 4.2 4.3 4.4 4.4 4.3 4.1 3.9 3.7 3.6 3.7 3.6 3.1 2.6 2.0 1.3 0.9 0.7 0.7 1.2 1.5 1.5 1.7 2.2 2.4 3.5 3.2 4.0 5.1 5.8 7.4 8.8 10.7 11.4 16.5 13.7 14.6 15.5 16.1 27.0 51.1 18.2 14.8 15.4 22.4 10.6 8.8 8.1 8.1 8.8 8.7 9.5 10.8 12.7 17.3 18.2 19.8 21.9 26.0 26.0 27.5 28.9 30.1 31.6 35.9 36.1 38.0 39.7 41.1 42.3 43.2 44.0 44.6 45.1 45.4 45.7 45.8
0.0 0.0 0.0 0.0 0.2 0.3 0.5 0.8 1.1 1.6 2.0 2.6 3.0 3.4 3.9 4.4 4.8 5.0 5.3 5.3 5.3 5.2 5.0 4.8 4.6 4.3 4.2 4.5 4.5 3.9 3.3 2.7 2.0 1.6 1.3 1.5 1.5 1.6 1.7 1.8 2.2 2.9 3.9 5.2 5.7 5.7 6.4 8.3 9.4 10.9 14.1 13.4 14.6 15.4 16.1 16.4 17.6 17.2 24.7 17.2 12.9 10.8 8.7 8.0 7.2 7.4 8.2 9.0 9.4 10.5 12.6 17.6 18.3 21.8 23.5 26.1 28.5 29.6 30.8 31.9 34.2 35.1 36.8 38.3 39.6 40.6 41.5 42.2 42.8 43.3 43.6 43.8 43.9 43.9
0.0 0.0 0.0 0.1 0.2 0.5 0.8 1.2 1.6 2.3 3.0 4.1 4.0 4.4 5.1 5.3 5.6 5.9 6.2 6.3 6.4 6.2 5.9 5.5 5.2 4.9 4.9 5.1 5.2 4.6 3.9 3.3 2.7 2.3 1.9 1.7 1.6 1.6 1.6 1.8 2.4 3.3 5.0 4.8 6.1 6.7 6.9 8.3 9.6 11.2 13.8 14.6 16.2 16.4 17.2 17.2 16.8 16.3 16.1 19.9 13.8 10.1 8.5 6.5 6.4 6.6 8.0 9.4 9.9 10.7 12.8 15.8 19.6 23.1 25.4 28.3 31.3 33.8 34.9 34.6 35.2 36.2 37.3 38.3 39.1 39.8 40.4 40.9 41.3 41.6 41.7 41.8 41.8 41.7
0.0 0.0 0.0 0.1 0.4 0.7 1.0 1.5 2.2 3.0 3.7 4.6 4.8 5.5 5.6 6.5 6.5 6.8 7.1 7.4 7.3 7.0 6.7 6.1 5.7 5.4 5.2 5.3 5.3 5.0 4.4 3.8 3.2 2.7 2.3 1.9 1.7 1.6 1.6 1.8 2.3 3.2 3.9 4.4 5.7 7.2 7.1 8.5 10.0 11.7 13.5 15.1 17.4 17.3 18.9 19.1 19.8 16.8 16.1 15.8 19.7 9.7 7.1 5.4 5.6 6.7 9.3 11.3 15.6 12.1 14.0 16.6 19.7 29.5 28.4 30.8 33.9 37.2 39.9 40.8 39.8 38.2 40.1 37.9 38.3 38.6 38.9 39.2 39.4 39.5 39.6 39.5 39.4 39.2
0.0 0.0 0.0 0.2 0.5 0.9 1.3 2.0 2.8 3.3 3.7 4.7 5.3 7.7 6.4 6.9 7.5 7.7 7.9 8.1 8.0 7.7 7.5 6.6 6.0 5.8 5.4 5.3 5.4 5.2 4.7 4.1 3.6 3.0 2.5 2.2 1.8 1.7 1.7 1.7 2.3 3.0 3.3 3.7 5.5 7.1 7.3 8.2 9.8 11.6 13.2 14.6 16.2 23.4 20.7 26.1 20.1 18.9 16.5 15.1 13.5 10.6 8.2 5.6 5.8 7.3 9.4 12.1 13.1 14.8 14.9 17.2 20.1 23.7 27.8 32.0 34.4 38.3 42.7 45.2 46.7 44.4 39.5 37.3 36.8 36.8 36.9 37.0 37.1 37.1 37.0 36.9 36.6 36.3
0.0 0.0 0.1 0.3 0.6 0.9 1.5 2.2 3.1 3.9 4.4 5.5 6.3 7.2 7.5 7.7 8.2 8.6 8.8 8.8 8.7 8.5 8.4 7.2 6.4 6.1 5.0 5.5 5.5 5.3 4.9 4.4 3.9 3.4 2.8 2.4 2.0 1.8 1.6 1.6 1.7 2.0 2.5 3.0 4.5 5.7 7.6 8.0 9.0 10.8 12.9 14.2 15.9 21.3 27.4 21.0 18.7 18.9 18.0 19.8 15.4 12.0 10.0 7.5 7.3 10.9 12.9 12.7 12.6 14.2 15.4 17.2 19.5 22.6 26.7 30.6 32.9 39.4 41.9 46.7 49.3 49.4 42.8 36.4 34.7 34.5 34.5 34.4 34.4 34.3 34.1 33.9 33.5 33.1
0.0 0.0 0.2 0.5 0.7 1.1 1.6 2.3 3.1 4.0 5.1 6.3 7.4 8.4 8.8 9.0 9.2 9.5 9.6 9.6 9.3 9.1 8.5 7.8 7.0 6.3 5.8 5.7 5.7 5.5 5.1 4.7 4.2 3.6 3.0 2.5 2.0 1.7 1.5 1.6 1.4 1.4 1.7 2.4 3.7 4.9 7.8 7.9 8.7 9.4 11.2 12.9 13.7 16.2 16.5 17.7 17.3 18.6 20.3 22.8 22.3 21.0 14.0 9.7 10.7 9.3 11.3 14.1 13.1 14.1 16.1 17.1 18.2 20.4 23.6 28.7 34.0 36.5 40.3 43.7 46.5 46.1 40.7 35.3 32.3 31.7 31.6 31.5 31.4 31.2 31.0 30.6 30.2 29.8
0.0 0.1 0.3 0.5 0.9 1.6 1.9 2.6 3.5 4.6 5.9 7.4 8.8 9.9 10.4 10.8 10.6 10.6 10.4 10.2 9.9 9.5 9.0 8.3 7.6 6.9 6.4 6.1 5.9 5.7 5.3 4.9 4.4 3.8 3.1 2.5 2.0 1.6 1.4 1.4 1.5 1.1 1.4 2.0 3.6 4.7 6.6 8.5 7.0 8.6 9.7 11.7 12.6 14.1 14.9 16.6 18.4 18.9 22.5 22.4 30.1 23.5 17.6 17.7 14.2 13.2 13.5 13.9 14.2 14.1 16.4 15.7 16.4 17.7 19.8 22.9 27.5 30.7 34.7 37.7 39.8 39.2 34.6 32.9 29.0 28.7 28.6 28.4 28.3 28.0 27.7 27.3 26.8 26.3
