main/data/rainfall/04.03.2023.grid
ncols 886
nrows 691
xllcenter 112.0000
yllcenter -44.5000
cellsize 0.0500
nodata_value 99999.90
[rows 42 to 83 of 691, columns 376 to 469 of 886]
11.6 11.8 11.9 12.0 12.0 12.1 12.4 12.8 13.2 13.5 13.4 13.2 13.0 12.8 12.5 12.2 11.9 11.5 11.0 10.6 10.1 9.7 9.3 9.0 8.8 8.6 8.6 8.7 9.0 9.3 9.7 10.2 10.6 11.0 11.1 11.2 11.1 11.0 10.7 10.5 10.3 10.1 9.9 9.8 9.7 9.7 9.7 9.8 9.9 10.0 10.2 10.4 10.6 10.8 11.0 11.0 10.9 10.7 10.2 9.6 8.9 8.2 7.4 6.7 6.0 5.4 4.8 4.3 3.9 3.6 3.3 3.0 2.8 2.7 2.6 2.5 2.6 2.7 2.8 3.0 3.2 3.5 3.8 4.2 4.6 5.1 5.6 6.2 7.0 7.8 8.8 9.9 11.1 12.5
11.5 11.8 12.0 12.1 12.1 12.1 12.3 12.7 13.2 13.6 13.7 13.5 13.3 13.1 12.8 12.5 12.2 11.8 11.4 11.0 10.5 10.1 9.7 9.4 9.2 9.1 9.1 9.2 9.5 9.9 10.3 10.8 11.2 11.6 11.8 11.8 11.7 11.5 11.2 10.9 10.6 10.4 10.1 9.9 9.7 9.6 9.5 9.4 9.4 9.4 9.5 9.6 9.7 9.9 10.0 10.0 10.0 9.8 9.5 9.0 8.3 7.7 7.0 6.3 5.7 5.2 4.7 4.2 3.8 3.5 3.2 2.9 2.8 2.6 2.6 2.6 2.6 2.7 2.9 3.1 3.4 3.7 4.1 4.6 5.1 5.7 6.3 7.1 8.0 9.1 10.2 11.5 12.9 14.4
11.3 11.8 12.2 12.5 12.5 12.6 12.7 13.1 13.5 13.8 13.9 13.7 13.5 13.3 13.0 12.8 12.5 12.2 11.8 11.4 10.9 10.5 10.2 9.9 9.7 9.6 9.6 9.8 10.1 10.5 11.0 11.5 12.0 12.3 12.5 12.5 12.4 12.1 11.8 11.5 11.1 10.8 10.5 10.2 9.9 9.7 9.5 9.3 9.1 9.0 9.0 9.0 9.0 9.1 9.1 9.1 9.1 9.0 8.7 8.3 7.8 7.2 6.6 6.0 5.5 5.0 4.5 4.1 3.7 3.4 3.1 2.9 2.7 2.6 2.6 2.6 2.7 2.8 3.0 3.3 3.6 4.0 4.5 5.0 5.6 6.3 7.1 8.1 9.2 10.4 11.8 13.3 14.9 16.6
11.0 11.7 12.6 13.3 13.6 13.7 13.8 14.0 14.2 14.3 14.3 14.0 13.6 13.4 13.2 13.0 12.7 12.4 12.1 11.7 11.3 10.9 10.6 10.3 10.1 10.0 10.1 10.3 10.7 11.1 11.7 12.3 12.8 13.1 13.3 13.3 13.1 12.9 12.5 12.1 11.7 11.3 11.0 10.6 10.3 9.9 9.6 9.4 9.1 8.9 8.7 8.6 8.5 8.5 8.4 8.4 8.4 8.3 8.1 7.7 7.3 6.8 6.3 5.8 5.3 4.8 4.3 3.9 3.6 3.3 3.0 2.9 2.7 2.6 2.6 2.7 2.8 2.9 3.2 3.5 3.8 4.3 4.8 5.4 6.2 7.0 8.0 9.1 10.4 11.9 13.5 15.2 17.0 18.8
10.3 11.1 12.8 14.6 15.5 15.6 15.5 15.4 15.3 15.1 14.9 14.5 13.9 13.5 13.3 13.1 12.9 12.6 12.3 12.0 11.6 11.2 10.9 10.7 10.5 10.5 10.6 10.8 11.3 11.8 12.4 13.1 13.6 14.0 14.2 14.1 13.9 13.6 13.3 12.8 12.4 12.0 11.5 11.1 10.7 10.3 10.0 9.6 9.2 8.9 8.6 8.4 8.2 8.0 7.9 7.8 7.8 7.6 7.4 7.2 6.9 6.5 6.0 5.5 5.1 4.6 4.2 3.8 3.5 3.2 3.0 2.8 2.7 2.6 2.6 2.7 2.8 3.0 3.3 3.6 4.1 4.6 5.2 5.9 6.8 7.8 8.9 10.3 11.8 13.5 15.3 17.3 19.2 21.2
9.5 9.8 12.7 16.5 18.2 18.3 17.8 17.2 16.7 16.1 15.6 15.1 14.3 13.6 13.3 13.2 13.0 12.8 12.5 12.1 11.8 11.4 11.2 10.9 10.8 10.8 11.0 11.3 11.8 12.4 13.1 13.8 14.4 14.8 15.0 15.0 14.8 14.4 14.0 13.6 13.1 12.6 12.1 11.7 11.2 10.8 10.3 9.8 9.5 9.1 8.7 8.4 8.1 7.8 7.6 7.4 7.3 7.1 6.9 6.7 6.5 6.1 5.7 5.3 4.9 4.4 4.1 3.7 3.4 3.1 2.9 2.8 2.6 2.6 2.6 2.7 2.9 3.1 3.4 3.8 4.3 4.9 5.6 6.4 7.4 8.6 9.9 11.5 13.3 15.2 17.3 19.4 21.6 23.7
9.7 9.8 14.3 19.4 21.3 21.2 20.3 19.1 18.0 17.1 16.2 15.5 14.7 13.7 13.4 13.3 13.2 12.9 12.6 12.3 11.9 11.5 11.3 11.1 11.1 11.1 11.4 11.8 12.3 13.0 13.8 14.6 15.2 15.6 15.8 15.8 15.6 15.2 14.8 14.3 13.8 13.3 12.7 12.2 11.7 11.2 10.8 10.2 9.8 9.4 8.9 8.5 8.1 7.8 7.4 7.2 6.9 6.7 6.5 6.3 6.1 5.8 5.4 5.0 4.6 4.3 3.9 3.6 3.3 3.0 2.8 2.7 2.6 2.6 2.6 2.7 2.9 3.2 3.5 4.0 4.5 5.2 6.0 7.0 8.1 9.5 11.0 12.9 14.9 17.1 19.4 21.7 24.0 26.2
11.9 13.4 18.0 22.1 23.6 23.4 22.1 20.6 19.1 17.9 16.7 15.9 15.1 14.2 13.5 13.4 13.4 13.2 12.7 12.4 12.0 11.6 11.3 11.2 11.2 11.4 11.7 12.1 12.8 13.6 14.4 15.2 15.9 16.4 16.6 16.6 16.4 16.0 15.5 15.1 14.6 14.1 13.4 12.8 12.2 11.7 11.3 10.7 10.2 9.7 9.2 8.7 8.3 7.8 7.4 7.1 6.8 6.5 6.2 6.0 5.8 5.5 5.1 4.8 4.5 4.1 3.8 3.4 3.2 2.9 2.8 2.6 2.6 2.5 2.6 2.7 3.0 3.3 3.7 4.2 4.8 5.5 6.4 7.5 8.9 10.4 12.3 14.3 16.6 19.0 21.5 24.0 26.5 28.8
14.0 16.2 19.6 22.5 23.9 24.0 22.7 21.2 19.6 18.2 16.9 16.0 15.2 14.3 13.5 13.3 13.5 13.3 12.8 12.4 12.0 11.5 11.2 11.2 11.3 11.5 11.9 12.4 13.1 14.0 15.0 15.9 16.6 17.1 17.3 17.3 17.1 16.7 16.4 16.0 15.6 15.1 14.4 13.6 13.0 12.3 11.7 11.1 10.6 10.0 9.5 9.0 8.5 7.9 7.5 7.1 6.7 6.3 6.0 5.7 5.5 5.2 4.9 4.6 4.3 3.9 3.6 3.3 3.0 2.8 2.7 2.5 2.5 2.5 2.6 2.7 3.0 3.3 3.8 4.3 5.0 5.9 6.9 8.2 9.7 11.5 13.5 15.9 18.4 21.1 23.8 26.4 28.9 31.2
14.4 16.5 18.9 21.1 22.6 22.9 22.1 20.8 19.3 18.0 16.7 15.9 15.1 14.1 13.3 13.1 13.2 13.2 12.8 12.5 12.0 11.3 10.9 10.7 11.0 11.5 12.0 12.6 13.4 14.4 15.4 16.4 17.2 17.7 18.0 18.0 17.8 17.5 17.6 17.1 16.7 16.2 15.5 14.6 13.8 13.0 12.1 11.4 10.9 10.3 9.8 9.2 8.6 8.1 7.6 7.1 6.6 6.2 5.8 5.5 5.2 4.9 4.6 4.4 4.0 3.7 3.4 3.2 2.9 2.7 2.6 2.5 2.4 2.4 2.5 2.7 3.0 3.4 3.9 4.5 5.2 6.2 7.4 8.8 10.5 12.6 14.9 17.5 20.3 23.1 26.0 28.7 31.2 33.5
13.6 15.1 16.8 18.6 19.9 20.5 20.3 19.5 18.4 17.3 16.2 15.6 15.0 14.3 13.3 13.0 13.0 13.1 12.7 12.2 11.5 10.9 10.4 10.4 10.8 11.5 12.1 12.8 13.7 14.7 15.8 16.8 17.7 18.3 18.6 18.6 18.4 18.2 18.3 18.5 17.9 17.3 16.6 15.6 14.4 13.5 12.5 11.9 11.2 10.7 10.0 9.4 8.8 8.3 7.7 7.2 6.6 6.1 5.7 5.3 5.0 4.7 4.4 4.1 3.8 3.5 3.3 3.0 2.8 2.6 2.5 2.4 2.3 2.4 2.5 2.7 3.0 3.4 3.9 4.6 5.5 6.6 7.9 9.5 11.5 13.8 16.4 19.2 22.2 25.2 28.2 30.9 33.4 35.7
12.2 13.0 14.1 15.5 16.7 17.6 17.9 17.7 17.2 16.4 15.7 15.2 14.7 14.1 13.1 12.9 13.0 12.7 12.1 11.4 10.6 10.0 9.9 10.3 10.9 11.5 12.1 12.8 13.8 14.9 16.1 17.2 18.1 18.7 19.1 19.1 19.1 19.3 19.4 19.4 19.1 18.2 17.3 16.2 14.9 13.7 12.7 12.0 11.4 10.8 10.2 9.6 9.0 8.3 7.8 7.2 6.6 6.1 5.6 5.2 4.8 4.5 4.3 4.0 3.7 3.4 3.2 2.9 2.7 2.5 2.4 2.3 2.3 2.3 2.5 2.7 3.0 3.4 4.0 4.8 5.7 6.9 8.4 10.3 12.4 15.0 17.9 21.0 24.1 27.3 30.3 33.0 35.4 37.6
10.8 11.0 11.6 12.5 13.7 14.7 15.5 15.9 15.8 15.5 15.1 14.7 14.1 13.5 12.9 12.8 12.6 12.0 11.2 10.2 9.3 8.6 8.7 9.5 10.4 11.2 12.0 12.8 13.9 15.1 16.3 17.4 18.4 19.1 19.5 19.6 19.8 20.4 20.7 20.4 19.7 18.6 17.4 16.2 14.9 13.7 12.9 12.2 11.6 10.9 10.3 9.6 9.0 8.3 7.7 7.1 6.5 6.0 5.5 5.0 4.8 4.7 4.6 4.4 4.1 3.7 3.4 3.0 2.7 2.5 2.4 2.3 2.3 2.4 2.5 2.7 3.1 3.5 4.2 5.0 6.0 7.3 9.0 11.0 13.5 16.3 19.4 22.7 26.0 29.2 32.2 34.9 37.3 39.3
9.8 9.7 9.8 10.5 11.3 12.5 13.6 14.4 14.7 14.8 14.6 14.2 13.6 13.0 12.6 12.5 12.0 11.2 10.2 8.9 7.8 7.1 7.3 8.1 9.2 10.5 11.7 12.8 13.9 15.1 16.4 17.6 18.6 19.4 19.8 20.0 20.5 21.2 21.4 21.0 20.1 18.8 17.2 15.4 14.5 13.6 12.9 12.1 11.4 10.9 10.1 9.5 8.8 8.2 7.6 7.0 6.4 5.8 5.3 4.9 4.9 4.9 4.9 4.7 4.5 4.2 3.8 3.5 3.3 3.0 2.9 2.8 2.7 2.8 2.9 3.1 3.5 3.9 4.5 5.4 6.4 7.8 9.6 11.8 14.4 17.5 20.9 24.3 27.8 31.0 34.0 36.6 38.8 40.8
9.2 8.8 8.7 9.3 10.2 11.3 12.6 13.5 14.1 14.2 14.1 13.7 12.9 12.6 12.4 12.1 11.4 10.4 9.3 7.8 6.6 5.9 6.2 7.2 8.5 10.0 11.4 12.6 13.8 15.1 16.4 17.7 18.7 19.5 19.9 20.1 20.5 21.2 21.4 20.9 19.8 18.4 16.7 15.2 14.3 13.5 12.7 12.0 11.2 10.5 9.9 9.3 8.6 7.9 7.3 6.7 6.1 5.5 5.0 4.7 4.8 4.9 4.9 4.9 4.7 4.5 4.2 4.0 3.8 3.6 3.5 3.4 3.4 3.5 3.6 3.9 4.2 4.7 5.3 6.1 7.2 8.6 10.3 12.4 15.1 18.3 22.0 25.7 29.4 32.6 35.5 38.0 40.2 42.1
8.9 8.4 8.4 9.1 10.2 11.5 12.6 13.4 13.8 13.9 13.7 13.3 12.6 12.3 12.1 11.7 11.0 10.0 8.6 7.1 5.9 5.3 5.6 6.6 8.1 9.8 11.3 12.4 13.6 15.0 16.3 17.6 18.7 19.5 20.0 20.1 20.2 20.5 20.5 19.9 18.8 17.4 16.0 15.0 14.0 13.2 12.4 11.6 10.9 10.2 9.5 8.8 8.1 7.5 6.8 6.3 5.7 5.1 4.7 4.4 4.6 4.8 4.9 4.9 4.8 4.6 4.4 4.2 4.1 4.0 3.9 3.8 3.9 4.0 4.1 4.4 4.8 5.3 5.9 6.7 7.8 9.1 10.7 12.7 15.2 18.2 21.8 25.9 30.2 33.8 36.8 39.2 41.3 43.0
8.8 8.6 9.0 9.9 11.1 12.2 13.0 13.5 13.8 13.7 13.5 12.8 12.4 12.2 11.9 11.5 10.8 9.7 8.3 6.9 5.7 5.2 5.4 6.5 8.1 10.0 11.2 12.2 13.4 14.7 16.1 17.5 18.6 19.4 19.9 20.0 19.9 19.6 19.3 18.6 17.6 16.5 15.5 14.6 13.7 12.8 11.9 11.1 10.3 9.6 8.9 8.2 7.6 6.9 6.3 5.7 5.2 4.7 4.3 4.1 4.3 4.6 4.7 4.7 4.7 4.6 4.5 4.4 4.2 4.2 4.1 4.1 4.2 4.3 4.5 4.7 5.1 5.6 6.2 7.0 8.0 9.3 10.8 12.6 14.9 17.6 20.8 24.6 28.9 33.4 37.3 40.0 42.0 43.7
9.0 9.2 9.9 11.1 12.2 13.1 13.7 13.9 13.9 13.7 13.3 12.7 12.3 12.0 11.8 11.4 10.7 9.7 8.4 7.1 6.1 5.5 5.9 7.1 8.6 10.0 10.9 11.9 13.1 14.5 15.8 17.2 18.3 19.1 19.6 19.8 19.6 19.2 18.6 17.8 16.9 16.0 15.0 14.0 13.0 12.1 11.2 10.4 9.6 8.9 8.2 7.5 6.8 6.2 5.6 5.1 4.6 4.2 3.9 3.7 3.9 4.2 4.4 4.6 4.6 4.5 4.5 4.4 4.3 4.2 4.2 4.2 4.3 4.4 4.6 4.9 5.3 5.7 6.3 7.1 8.0 9.2 10.6 12.3 14.3 16.8 19.6 23.0 26.8 31.1 35.6 39.8 42.3 44.1
9.6 10.0 11.0 12.2 13.3 14.0 14.3 14.3 14.0 13.7 13.1 12.5 12.2 12.0 11.7 11.3 10.8 10.2 9.2 8.0 6.9 6.4 6.6 7.6 8.8 9.8 10.6 11.6 12.8 14.1 15.4 16.7 17.9 18.7 19.2 19.3 19.2 18.7 18.0 17.2 16.3 15.3 14.3 13.2 12.2 11.3 10.4 9.5 8.8 8.0 7.3 6.6 6.0 5.4 4.9 4.4 4.0 3.7 3.5 3.4 3.5 3.8 4.1 4.3 4.4 4.4 4.3 4.3 4.2 4.2 4.2 4.2 4.3 4.4 4.6 4.9 5.2 5.7 6.3 7.0 7.8 8.9 10.2 11.7 13.6 15.7 18.3 21.2 24.5 28.2 32.3 36.6 40.6 43.6
10.2 10.8 11.9 13.2 14.2 14.7 14.9 14.7 14.1 13.5 12.9 12.5 12.2 11.9 11.6 11.2 10.8 10.3 9.6 8.6 7.7 7.2 7.3 8.0 8.8 9.5 10.3 11.2 12.3 13.6 14.9 16.1 17.2 18.0 18.5 18.6 18.4 18.0 17.3 16.4 15.5 14.4 13.4 12.4 11.3 10.4 9.5 8.6 7.8 7.0 6.4 5.7 5.2 4.7 4.2 3.8 3.5 3.3 3.2 3.2 3.3 3.6 3.8 4.0 4.1 4.2 4.2 4.2 4.1 4.1 4.1 4.2 4.2 4.4 4.5 4.8 5.1 5.5 6.1 6.7 7.5 8.5 9.6 11.0 12.7 14.6 16.8 19.3 22.2 25.4 28.9 32.6 36.4 40.0
10.9 11.7 12.8 13.9 14.8 15.4 15.6 15.4 14.8 13.6 12.8 12.5 12.2 12.0 11.7 11.2 10.7 10.2 9.6 9.0 8.3 7.9 7.9 8.3 8.7 9.2 9.8 10.7 11.7 12.9 14.2 15.3 16.3 17.1 17.5 17.7 17.5 17.0 16.2 15.4 14.4 13.3 12.3 11.3 10.3 9.3 8.4 7.6 6.8 6.1 5.5 4.9 4.4 4.0 3.6 3.3 3.1 3.0 3.0 3.1 3.3 3.5 3.7 3.9 4.0 4.0 4.0 4.0 4.0 4.0 4.0 4.0 4.1 4.2 4.4 4.6 4.9 5.3 5.8 6.4 7.1 7.9 9.0 10.2 11.7 13.4 15.3 17.5 20.0 22.7 25.7 28.8 31.9 35.2
11.7 12.4 13.4 14.5 15.4 16.1 16.3 16.0 15.1 13.5 12.9 12.6 12.4 12.1 11.8 11.3 10.8 10.2 9.6 9.1 8.6 8.3 8.1 8.2 8.4 8.7 9.3 10.1 11.1 12.1 13.2 14.3 15.2 15.9 16.3 16.4 16.2 15.7 14.9 14.1 13.1 11.9 11.0 10.0 9.0 8.0 7.2 6.5 5.8 5.2 4.6 4.2 3.8 3.5 3.2 3.0 2.9 2.9 2.9 3.1 3.3 3.4 3.6 3.8 3.8 3.9 3.8 3.8 3.8 3.8 3.8 3.8 3.9 4.0 4.2 4.4 4.6 5.0 5.4 5.9 6.6 7.4 8.3 9.4 10.7 12.2 13.9 15.8 17.9 20.2 22.7 25.3 27.9 30.5
12.4 13.1 14.1 15.2 16.1 16.7 16.9 16.3 14.8 13.7 13.2 13.0 12.7 12.4 12.0 11.5 10.9 10.2 9.6 9.0 8.5 8.1 7.9 7.8 8.0 8.3 8.7 9.4 10.2 11.2 12.1 13.0 13.9 14.4 14.8 14.9 14.6 14.1 13.4 12.5 11.6 10.5 9.5 8.6 7.7 6.9 6.1 5.5 4.9 4.4 4.0 3.6 3.3 3.1 2.9 2.8 2.8 2.8 2.9 3.1 3.2 3.4 3.5 3.6 3.7 3.7 3.6 3.6 3.6 3.6 3.6 3.6 3.6 3.7 3.9 4.1 4.3 4.6 5.0 5.5 6.1 6.8 7.6 8.5 9.7 11.0 12.4 14.1 15.9 17.9 20.0 22.2 24.4 26.5
13.0 13.7 14.6 15.7 16.6 17.3 17.5 16.9 15.2 14.1 13.6 13.3 13.1 12.7 12.2 11.7 11.0 10.3 9.6 8.9 8.4 7.9 7.6 7.5 7.5 7.7 8.1 8.6 9.3 10.0 10.8 11.6 12.3 12.8 13.0 13.0 12.8 12.2 11.6 10.9 10.0 9.1 8.1 7.3 6.5 5.8 5.1 4.6 4.1 3.8 3.4 3.2 3.0 2.8 2.8 2.8 2.8 2.9 3.0 3.1 3.2 3.4 3.4 3.5 3.5 3.5 3.4 3.4 3.3 3.3 3.3 3.3 3.4 3.5 3.6 3.8 4.0 4.3 4.6 5.0 5.5 6.2 6.9 7.7 8.7 9.8 11.1 12.6 14.1 15.8 17.6 19.4 21.3 23.1
13.3 13.9 14.8 15.9 16.9 17.5 17.7 17.1 15.5 14.4 13.9 13.7 13.4 13.0 12.5 11.9 11.1 10.4 9.6 8.9 8.2 7.7 7.3 7.1 7.0 7.1 7.3 7.7 8.2 8.8 9.4 10.0 10.5 10.9 11.1 11.0 10.8 10.3 9.9 9.2 8.4 7.6 6.9 6.1 5.5 4.9 4.4 3.9 3.6 3.3 3.1 2.9 2.8 2.8 2.8 2.8 2.9 2.9 3.0 3.1 3.2 3.3 3.3 3.3 3.3 3.2 3.2 3.2 3.1 3.1 3.1 3.1 3.1 3.2 3.3 3.5 3.6 3.9 4.2 4.6 5.0 5.6 6.2 6.9 7.8 8.7 9.9 11.1 12.5 13.9 15.5 17.0 18.6 20.1
13.1 13.8 14.8 15.8 16.9 17.6 17.4 16.6 15.6 14.5 14.2 13.9 13.7 13.2 12.7 12.0 11.3 10.4 9.6 8.8 8.0 7.4 7.0 6.7 6.5 6.4 6.5 6.8 7.1 7.5 7.9 8.3 8.7 9.0 9.1 9.0 8.8 8.5 8.0 7.5 7.0 6.3 5.7 5.1 4.6 4.2 3.8 3.5 3.3 3.1 2.9 2.9 2.8 2.8 2.9 2.9 3.0 3.0 3.1 3.2 3.2 3.2 3.2 3.2 3.1 3.0 3.0 2.9 2.9 2.9 2.9 2.9 2.9 3.0 3.0 3.2 3.3 3.5 3.8 4.1 4.5 5.0 5.5 6.2 6.9 7.8 8.7 9.8 11.0 12.2 13.6 14.9 16.3 17.6
12.5 13.4 14.4 15.4 16.4 17.2 17.3 17.3 16.6 14.9 14.3 14.1 13.8 13.4 12.8 12.1 11.3 10.4 9.5 8.6 7.8 7.1 6.6 6.2 5.9 5.7 5.7 5.8 6.0 6.2 6.5 6.8 7.0 7.3 7.4 7.3 7.2 6.9 6.5 6.1 5.7 5.2 4.8 4.4 4.0 3.7 3.4 3.2 3.1 3.0 2.9 2.9 2.9 2.9 3.0 3.0 3.1 3.1 3.2 3.2 3.2 3.1 3.0 3.0 2.9 2.8 2.8 2.7 2.7 2.7 2.7 2.7 2.7 2.7 2.8 2.9 3.0 3.2 3.4 3.7 4.0 4.4 4.9 5.5 6.1 6.8 7.7 8.6 9.6 10.7 11.9 13.1 14.2 15.3
11.9 12.6 13.4 14.5 15.4 16.0 17.0 17.3 16.9 16.0 14.7 14.2 13.9 13.4 12.8 12.1 11.2 10.2 9.3 8.4 7.4 6.7 6.1 5.7 5.4 5.1 5.0 5.0 5.0 5.1 5.3 5.4 5.6 5.8 5.8 5.7 5.7 5.6 5.3 5.0 4.7 4.4 4.1 3.8 3.6 3.4 3.2 3.1 3.1 3.0 3.0 3.0 3.1 3.1 3.1 3.2 3.2 3.2 3.2 3.1 3.1 3.0 2.9 2.8 2.7 2.6 2.6 2.5 2.5 2.5 2.5 2.5 2.5 2.5 2.6 2.7 2.8 2.9 3.1 3.3 3.6 3.9 4.3 4.8 5.4 6.0 6.7 7.5 8.4 9.4 10.4 11.4 12.4 13.4
11.3 11.9 12.5 13.4 14.9 15.9 16.9 17.2 16.9 16.2 15.5 14.6 13.8 13.2 12.6 11.8 11.0 10.0 9.1 8.1 7.1 6.3 5.7 5.2 4.8 4.6 4.4 4.3 4.2 4.2 4.3 4.4 4.5 4.6 4.7 4.7 4.6 4.5 4.3 4.2 4.0 3.8 3.6 3.4 3.3 3.2 3.2 3.1 3.1 3.1 3.1 3.2 3.2 3.2 3.3 3.3 3.3 3.2 3.2 3.1 3.0 2.9 2.8 2.7 2.6 2.5 2.4 2.4 2.3 2.3 2.3 2.3 2.3 2.3 2.4 2.4 2.5 2.6 2.8 3.0 3.2 3.5 3.8 4.2 4.7 5.2 5.9 6.6 7.3 8.2 9.0 9.9 10.8 11.6
10.7 11.3 11.9 13.1 14.3 15.4 16.2 16.5 16.6 16.0 15.1 14.2 13.4 12.7 12.1 11.5 10.6 9.6 8.7 7.7 6.7 5.9 5.3 4.8 4.4 4.1 3.9 3.8 3.6 3.5 3.5 3.6 3.7 3.6 3.8 3.8 3.8 3.7 3.7 3.6 3.5 3.4 3.3 3.3 3.2 3.2 3.2 3.2 3.2 3.3 3.3 3.3 3.4 3.4 3.4 3.3 3.3 3.2 3.1 3.0 2.9 2.7 2.6 2.5 2.4 2.3 2.2 2.2 2.1 2.1 2.1 2.1 2.1 2.1 2.2 2.2 2.3 2.4 2.5 2.7 2.8 3.1 3.3 3.7 4.1 4.6 5.1 5.7 6.4 7.1 7.9 8.6 9.4 10.1
10.0 10.6 11.3 12.2 13.3 14.4 15.2 15.7 15.7 15.1 13.8 13.2 12.9 12.2 11.6 10.9 10.0 9.0 8.2 7.2 6.4 5.5 4.9 4.4 4.1 3.8 3.6 3.4 3.3 3.1 3.1 3.1 3.1 3.2 3.1 3.1 3.2 3.2 3.2 3.2 3.2 3.2 3.2 3.2 3.2 3.2 3.2 3.3 3.3 3.4 3.4 3.4 3.4 3.4 3.4 3.4 3.3 3.2 3.0 2.9 2.8 2.6 2.5 2.3 2.2 2.1 2.1 2.0 2.0 1.9 1.9 1.9 1.9 2.0 2.0 2.0 2.1 2.2 2.2 2.4 2.5 2.7 2.9 3.2 3.5 3.9 4.4 4.9 5.5 6.2 6.8 7.5 8.1 8.7
9.3 9.9 10.6 11.3 12.1 13.0 13.8 14.4 14.4 13.9 13.1 12.6 12.3 11.8 11.2 10.3 9.4 8.5 7.7 6.8 6.0 5.3 4.7 4.3 3.9 3.6 3.4 3.2 3.0 2.9 2.9 2.8 2.8 2.8 2.7 2.8 2.8 2.9 2.9 2.9 3.0 3.0 3.1 3.1 3.2 3.2 3.3 3.3 3.4 3.4 3.5 3.5 3.5 3.4 3.4 3.3 3.2 3.1 2.9 2.8 2.6 2.4 2.3 2.2 2.1 2.0 1.9 1.8 1.8 1.8 1.8 1.8 1.8 1.8 1.8 1.8 1.9 1.9 2.0 2.1 2.2 2.4 2.6 2.8 3.1 3.4 3.8 4.3 4.8 5.3 5.9 6.5 7.0 7.6
8.7 9.2 9.9 10.5 11.1 11.9 12.7 13.3 13.5 13.1 12.5 12.0 11.7 11.2 10.7 10.0 9.0 8.1 7.2 6.4 5.7 5.1 4.6 4.2 3.8 3.5 3.3 3.1 2.9 2.8 2.7 2.7 2.6 2.6 2.5 2.5 2.6 2.6 2.7 2.8 2.9 2.9 3.0 3.1 3.2 3.2 3.3 3.4 3.4 3.5 3.5 3.5 3.5 3.4 3.3 3.2 3.1 3.0 2.8 2.6 2.5 2.3 2.1 2.0 1.9 1.8 1.7 1.7 1.7 1.6 1.6 1.6 1.6 1.6 1.6 1.7 1.7 1.7 1.8 1.9 2.0 2.1 2.2 2.4 2.6 2.9 3.3 3.7 4.1 4.6 5.1 5.6 6.1 6.5
8.1 8.6 9.3 9.9 10.4 11.0 11.7 12.3 12.6 12.3 11.8 11.4 11.1 10.7 10.2 9.5 8.5 7.7 6.9 6.1 5.5 4.9 4.5 4.1 3.7 3.3 3.2 3.0 2.7 2.5 2.4 2.3 2.3 2.2 2.3 2.3 2.4 2.5 2.6 2.7 2.8 2.9 3.0 3.1 3.2 3.3 3.3 3.4 3.4 3.4 3.4 3.4 3.4 3.3 3.2 3.1 3.0 2.8 2.7 2.5 2.3 2.1 2.0 1.9 1.8 1.7 1.6 1.6 1.5 1.5 1.5 1.5 1.5 1.5 1.5 1.5 1.5 1.6 1.6 1.7 1.7 1.8 2.0 2.1 2.3 2.5 2.8 3.1 3.5 4.0 4.4 4.8 5.2 5.6
7.7 8.1 8.7 9.4 9.8 10.4 11.0 11.4 11.6 11.4 11.0 10.8 10.5 10.1 9.6 9.0 8.2 7.3 6.6 5.9 5.3 4.9 4.5 4.0 3.1 2.7 2.8 2.5 2.0 1.4 1.2 1.0 1.2 1.2 1.5 1.7 2.2 2.4 2.5 2.6 2.7 2.8 2.9 3.0 3.1 3.2 3.3 3.4 3.4 3.4 3.4 3.3 3.3 3.2 3.1 3.0 2.8 2.7 2.5 2.3 2.2 2.0 1.8 1.7 1.6 1.5 1.5 1.4 1.4 1.4 1.4 1.4 1.4 1.4 1.4 1.4 1.4 1.4 1.4 1.5 1.5 1.6 1.7 1.8 1.9 2.1 2.3 2.7 3.0 3.4 3.8 4.2 4.5 4.8
7.2 7.8 8.5 9.0 9.4 9.9 10.3 10.6 10.6 10.4 10.3 10.1 9.9 9.5 9.0 8.5 7.8 6.9 6.4 5.7 5.4 4.9 4.4 3.6 2.9 2.3 2.0 1.8 1.2 0.7 0.6 0.5 0.5 0.7 0.9 1.2 1.6 2.1 2.3 2.4 2.6 2.7 2.8 3.0 3.1 3.2 3.3 3.4 3.5 3.3 3.3 3.2 3.2 3.1 2.9 2.8 2.7 2.5 2.3 2.2 2.0 1.8 1.7 1.6 1.5 1.4 1.3 1.3 1.3 1.2 1.2 1.2 1.2 1.2 1.2 1.2 1.2 1.2 1.3 1.3 1.3 1.4 1.5 1.5 1.7 1.8 2.0 2.3 2.6 2.9 3.3 3.6 3.9 4.1
7.0 7.6 8.3 8.8 9.2 9.5 9.7 9.8 9.8 9.8 9.7 9.6 9.3 9.0 8.6 8.1 7.5 6.9 6.3 5.9 5.4 5.0 4.2 3.5 2.9 2.4 1.9 1.4 0.9 0.6 0.5 0.5 0.5 0.6 0.8 1.1 1.3 1.6 1.9 2.2 2.4 2.6 2.8 3.0 3.1 3.3 3.3 3.4 3.5 3.3 3.3 3.2 3.1 2.9 2.8 2.7 2.5 2.3 2.1 2.0 1.8 1.7 1.6 1.4 1.3 1.3 1.2 1.2 1.1 1.1 1.1 1.1 1.1 1.1 1.1 1.1 1.1 1.1 1.1 1.1 1.2 1.2 1.3 1.3 1.4 1.5 1.6 1.9 2.2 2.5 2.8 3.1 3.3 3.6
7.1 7.7 8.2 8.6 8.9 9.2 9.3 9.3 9.3 9.2 9.2 9.1 8.9 8.6 8.2 7.8 7.4 6.9 6.3 5.9 5.5 5.0 4.3 3.7 3.2 2.7 2.2 1.7 1.2 0.8 0.8 0.7 0.7 0.8 0.9 1.1 1.3 1.6 1.9 2.2 2.5 2.7 2.9 3.1 3.2 3.3 3.4 3.4 3.4 3.3 3.2 3.2 3.0 2.8 2.7 2.5 2.3 2.1 1.9 1.8 1.7 1.6 1.4 1.3 1.2 1.2 1.1 1.1 1.0 1.0 1.0 1.0 1.0 1.0 1.0 1.0 1.0 1.0 1.0 1.0 1.0 1.0 1.1 1.1 1.2 1.3 1.4 1.6 1.9 2.2 2.4 2.7 2.9 3.1
7.2 7.7 8.1 8.4 8.7 8.9 9.0 9.0 9.0 9.0 8.9 8.8 8.6 8.4 8.1 7.7 7.3 7.0 6.5 6.0 5.7 5.1 4.7 4.3 3.9 3.5 3.0 2.5 1.9 1.5 1.2 1.0 1.0 1.0 1.1 1.2 1.5 1.7 2.1 2.4 2.7 2.9 3.0 3.1 3.2 3.2 3.3 3.3 3.2 3.2 3.1 3.0 2.8 2.6 2.4 2.2 2.0 1.8 1.7 1.7 1.6 1.4 1.3 1.2 1.1 1.0 1.0 1.0 0.9 0.9 0.9 0.9 0.9 0.9 0.9 0.9 0.9 0.9 0.9 0.9 0.9 0.9 0.9 1.0 1.0 1.1 1.1 1.3 1.6 1.9 2.1 2.3 2.5 2.7
7.2 7.7 8.1 8.4 8.6 8.7 8.8 8.8 8.9 8.8 8.7 8.6 8.4 8.2 8.0 7.7 7.4 7.0 6.7 6.3 6.0 5.7 5.4 5.2 5.0 4.7 4.2 3.6 2.9 2.2 1.8 1.5 1.3 1.2 1.3 1.4 1.6 1.9 2.2 2.5 2.8 3.0 3.1 3.1 3.1 3.1 3.1 3.0 2.9 2.9 2.8 2.7 2.5 2.4 2.2 2.0 1.8 1.6 1.5 1.5 1.4 1.3 1.2 1.1 1.0 0.9 0.9 0.9 0.8 0.8 0.8 0.8 0.8 0.8 0.8 0.8 0.8 0.8 0.8 0.7 0.8 0.8 0.8 0.8 0.8 0.9 0.9 1.1 1.4 1.6 1.8 2.0 2.2 2.3
7.4 7.8 8.1 8.4 8.5 8.7 8.7 8.7 8.7 8.7 8.6 8.5 8.3 8.2 8.0 7.7 7.4 7.1 6.9 6.6 6.4 6.3 6.3 6.3 6.2 6.1 5.6 5.0 4.1 3.2 2.5 2.0 1.7 1.5 1.5 1.5 1.7 2.0 2.3 2.6 2.8 3.0 3.1 3.0 3.0 2.9 2.8 2.7 2.6 2.5 2.4 2.3 2.2 2.1 1.9 1.7 1.6 1.4 1.3 1.3 1.2 1.1 1.1 1.0 0.9 0.9 0.8 0.8 0.7 0.7 0.7 0.7 0.7 0.7 0.7 0.7 0.7 0.7 0.7 0.6 0.6 0.6 0.7 0.7 0.7 0.7 0.8 0.9 1.2 1.4 1.6 1.8 1.9 2.0
7.5 7.9 8.2 8.4 8.5 8.6 8.6 8.6 8.6 8.6 8.6 8.5 8.3 8.2 8.0 7.8 7.6 7.3 7.1 6.8 6.7 6.9 7.2 7.4 7.6 7.5 7.2 6.4 5.4 4.2 3.2 2.5 2.0 1.7 1.6 1.6 1.7 2.0 2.2 2.4 2.6 2.8 2.9 2.9 2.8 2.7 2.5 2.4 2.3 2.2 2.1 2.0 1.9 1.8 1.6 1.5 1.4 1.2 1.0 1.1 1.0 1.0 1.0 0.9 0.8 0.8 0.7 0.7 0.7 0.7 0.6 0.6 0.6 0.6 0.6 0.6 0.6 0.6 0.6 0.6 0.6 0.5 0.5 0.6 0.6 0.6 0.6 0.8 1.0 1.2 1.4 1.6 1.7 1.8
