main/data/rainfall/04.03.2023.grid
ncols 886
nrows 691
xllcenter 112.0000
yllcenter -44.5000
cellsize 0.0500
nodata_value 99999.90
[rows 84 to 125 of 691, columns 564 to 657 of 886]
0.7 0.9 1.1 1.4 1.7 2.1 2.6 3.1 3.8 4.5 5.4 6.5 7.5 8.0 8.1 8.2 8.3 8.4 8.4 8.4 8.3 8.2 8.0 7.7 7.2 6.7 6.2 6.1 6.3 6.5 6.8 7.0 7.3 7.6 7.9 8.1 8.4 8.6 8.9 9.1 9.2 9.3 9.4 9.3 9.1 8.7 8.3 7.7 7.0 6.4 6.1 6.0 6.0 6.3 6.9 7.8 8.3 9.2 10.3 11.7 13.1 14.8 16.6 18.3 20.2 22.2 24.2 26.1 27.7 29.1 30.0 30.8 31.1 31.2 31.0 30.4 29.7 28.7 27.5 26.1 24.5 22.9 21.2 19.8 18.5 17.4 16.9 15.6 14.8 14.1 13.4 12.6 11.8 10.9
0.6 0.8 1.0 1.2 1.5 1.8 2.3 2.8 3.3 4.0 4.8 5.7 6.6 6.8 6.9 7.0 7.1 7.1 7.2 7.1 7.0 6.8 6.5 6.1 5.6 5.0 4.6 4.7 5.0 5.2 5.5 5.8 6.1 6.3 6.6 6.9 7.2 7.5 7.8 8.0 8.3 8.6 8.7 8.8 8.7 8.7 8.4 8.0 7.5 7.0 6.7 6.6 6.8 7.2 7.7 8.5 9.6 10.8 12.2 13.8 15.6 17.6 19.8 22.1 23.5 25.4 27.2 28.8 30.3 31.0 31.6 31.9 31.9 31.7 31.1 30.3 29.3 28.2 26.8 25.4 23.8 22.1 20.4 18.7 17.3 16.1 17.0 15.3 13.6 13.0 12.3 11.6 10.9 10.0
0.6 0.7 0.9 1.1 1.3 1.7 2.0 2.5 3.0 3.6 4.3 5.1 5.7 5.9 6.0 6.0 6.1 6.1 6.1 6.0 5.9 5.6 5.3 4.8 4.2 3.6 3.4 3.6 3.9 4.1 4.4 4.6 4.9 5.2 5.5 5.8 6.1 6.5 6.8 7.1 7.4 7.7 8.0 8.2 8.4 8.5 8.4 8.3 7.9 7.7 7.5 7.5 7.7 8.1 8.9 9.9 11.3 12.7 14.5 16.4 18.6 20.9 23.2 25.6 26.7 28.2 29.9 31.2 32.1 32.7 32.7 32.6 32.3 31.8 31.0 30.0 28.8 27.5 26.1 24.5 22.9 22.7 19.5 17.8 17.6 14.8 15.1 12.9 12.2 11.6 11.0 10.4 9.8 9.0
0.5 0.6 0.8 1.0 1.2 1.5 1.8 2.2 2.7 3.2 3.8 4.5 4.9 5.1 5.1 5.2 5.2 5.2 5.2 5.1 4.9 4.6 4.2 3.6 3.0 2.4 2.5 2.7 2.9 3.1 3.4 3.7 3.9 4.2 4.5 4.8 5.2 5.5 5.9 6.3 6.6 7.0 7.4 7.7 8.0 8.2 8.3 8.4 8.4 8.3 8.3 8.5 8.8 9.4 10.5 11.7 13.3 15.2 17.3 19.5 22.0 24.2 26.4 28.7 30.0 31.2 32.8 32.9 33.4 33.6 33.4 33.0 32.4 31.6 30.6 29.4 28.1 26.7 25.2 23.6 22.0 21.4 19.1 17.0 16.3 13.7 12.3 11.3 10.4 10.0 9.5 9.1 8.5 7.8
0.5 0.6 0.7 0.9 1.1 1.4 1.6 2.0 2.4 2.9 3.5 4.0 4.3 4.4 4.4 4.5 4.5 4.5 4.4 4.3 4.0 3.7 3.3 2.7 2.0 1.6 1.6 1.8 2.1 2.3 2.5 2.8 3.1 3.3 3.6 4.0 4.3 4.7 5.1 5.5 5.9 6.3 6.7 7.1 7.5 7.9 8.3 8.5 8.8 8.9 9.2 9.5 10.1 11.0 12.5 14.1 16.1 18.3 20.5 23.0 25.2 27.4 29.5 31.3 33.0 34.4 33.8 34.3 34.3 34.6 33.8 33.1 32.2 31.2 30.0 28.7 27.3 25.9 24.3 22.7 21.1 19.9 18.1 16.3 14.8 13.0 11.7 10.2 8.9 8.3 7.9 7.5 7.0 6.4
0.5 0.6 0.7 0.8 1.0 1.2 1.5 1.8 2.2 2.6 3.1 3.6 3.7 3.8 3.9 3.9 3.9 3.8 3.8 3.6 3.4 3.0 2.5 1.9 1.1 0.9 1.0 1.2 1.3 1.6 1.8 2.0 2.3 2.6 2.9 3.2 3.6 3.9 4.3 4.7 5.2 5.6 6.1 6.6 7.2 7.6 8.1 8.6 9.0 9.4 9.9 10.6 11.6 13.0 14.6 16.7 19.5 21.4 23.9 26.2 28.3 30.2 32.2 33.8 35.2 34.9 34.8 34.9 34.7 34.4 33.8 32.9 31.8 30.6 29.3 27.9 26.5 24.9 23.3 21.7 20.1 18.8 17.0 15.5 14.2 12.4 11.0 9.5 8.2 7.3 6.5 5.9 5.5 5.0
0.5 0.5 0.6 0.8 1.0 1.2 1.4 1.7 2.0 2.4 2.9 3.2 3.3 3.3 3.4 3.4 3.4 3.3 3.2 3.1 2.8 2.4 1.9 1.2 0.5 0.3 0.4 0.6 0.8 1.0 1.2 1.4 1.7 1.9 2.2 2.5 2.9 3.3 3.7 4.1 4.6 5.1 5.6 6.2 6.8 7.4 8.0 8.7 9.3 10.0 10.9 11.9 13.4 15.0 17.0 19.4 22.7 25.1 27.3 29.1 31.0 33.0 34.5 35.9 36.7 37.8 35.8 35.8 34.9 34.7 33.5 32.4 31.2 29.9 28.5 27.0 25.5 23.9 22.4 20.7 19.1 17.9 16.1 14.6 13.2 12.5 11.2 9.0 7.9 6.9 6.1 5.5 5.1 4.6
0.4 0.5 0.6 0.8 0.9 1.1 1.3 1.6 1.9 2.3 2.6 2.8 2.9 2.9 3.0 3.0 3.0 2.9 2.8 2.6 2.3 1.9 1.4 0.7 0.0 0.0 0.0 0.1 0.3 0.4 0.6 0.9 1.1 1.4 1.7 2.0 2.3 2.7 3.1 3.6 4.1 4.6 5.2 5.8 6.4 7.1 7.9 8.6 9.5 10.4 11.6 13.2 15.0 16.9 19.2 21.7 24.6 27.5 29.7 31.5 33.3 35.0 36.3 37.5 38.2 38.4 37.5 35.7 35.0 34.3 32.9 31.7 30.4 29.1 27.6 26.1 24.5 22.9 21.3 19.7 18.2 16.7 15.3 13.8 12.5 11.3 10.0 8.6 8.0 7.7 5.9 5.4 4.9 4.6
0.5 0.5 0.6 0.7 0.9 1.0 1.2 1.5 1.8 2.1 2.4 2.5 2.6 2.6 2.6 2.6 2.6 2.5 2.4 2.2 1.9 1.5 1.0 0.3 0.0 0.0 0.0 0.0 0.0 0.0 0.2 0.4 0.7 0.9 1.2 1.5 1.9 2.2 2.6 3.1 3.6 4.2 4.8 5.5 6.2 7.0 7.8 8.7 9.7 10.8 12.3 14.2 16.3 18.5 20.8 23.8 27.0 29.6 31.9 34.2 35.5 37.1 37.9 38.6 38.8 39.1 38.0 35.4 34.6 33.2 32.1 30.9 29.6 28.3 26.7 25.1 23.5 21.9 20.3 18.7 17.2 15.8 14.4 13.0 11.8 10.8 9.4 8.4 7.5 6.5 5.8 5.3 4.9 4.5
0.5 0.5 0.6 0.7 0.8 1.0 1.2 1.4 1.7 2.0 2.2 2.3 2.3 2.3 2.4 2.3 2.3 2.2 2.1 1.9 1.6 1.2 0.7 0.0 0.0 0.0 0.0 0.0 0.0 0.0 0.0 0.1 0.3 0.5 0.8 1.1 1.4 1.8 2.3 2.7 3.3 3.8 4.5 5.2 6.0 6.8 7.7 8.8 9.9 11.2 13.1 15.2 17.4 19.7 22.3 25.2 28.2 31.5 34.6 35.8 37.2 38.1 39.1 39.4 39.8 38.9 36.9 35.3 33.7 32.7 31.3 30.1 28.8 27.4 25.7 24.1 22.5 20.8 19.3 17.7 16.3 14.9 13.6 12.4 11.2 10.1 9.4 8.2 7.3 6.3 5.7 5.3 4.9 4.6
0.5 0.6 0.6 0.7 0.8 1.0 1.1 1.4 1.6 1.9 2.0 2.1 2.1 2.1 2.1 2.1 2.1 2.0 1.8 1.7 1.4 1.0 0.5 0.0 0.0 0.0 0.0 0.0 0.0 0.0 0.0 0.0 0.0 0.2 0.5 0.8 1.1 1.5 1.9 2.4 3.0 3.6 4.3 5.0 5.8 6.7 7.8 8.9 10.1 11.8 13.8 16.0 18.3 20.8 23.8 26.4 29.7 33.1 36.0 37.1 38.4 39.2 40.2 40.4 40.4 40.1 37.4 35.1 33.0 31.9 30.7 29.4 28.0 26.5 24.9 23.2 21.5 19.9 18.3 16.8 15.4 14.2 12.9 11.8 10.7 9.7 8.7 8.2 7.1 6.6 5.8 5.8 5.0 4.5
0.6 0.6 0.7 0.7 0.8 1.0 1.1 1.3 1.5 1.8 1.9 1.9 1.9 1.9 1.9 1.9 1.8 1.8 1.6 1.4 1.1 0.8 0.3 0.0 0.0 0.0 0.0 0.0 0.0 0.0 0.0 0.0 0.0 0.0 0.3 0.6 0.9 1.3 1.7 2.2 2.8 3.4 4.1 4.9 5.8 6.8 7.9 9.1 10.5 12.3 14.5 16.9 19.4 21.9 24.9 27.6 31.0 34.7 37.4 38.5 39.5 40.2 40.8 40.8 40.7 39.6 38.4 35.4 32.9 31.5 30.2 28.8 27.3 25.7 24.0 22.3 20.6 18.9 17.3 15.9 14.6 13.4 12.3 11.3 10.3 9.4 8.5 7.7 7.1 6.4 6.0 5.5 5.5 4.6
0.7 0.7 0.7 0.8 0.9 1.0 1.1 1.3 1.5 1.7 1.7 1.7 1.7 1.7 1.7 1.7 1.6 1.5 1.4 1.2 0.9 0.6 0.1 0.0 0.0 0.0 0.0 0.0 0.0 0.0 0.0 0.0 0.0 0.0 0.1 0.4 0.7 1.1 1.6 2.1 2.6 3.3 4.0 4.8 5.8 6.8 8.0 9.3 10.9 13.0 15.3 17.7 20.3 22.8 25.6 28.6 32.2 35.9 38.8 39.8 40.8 41.0 41.5 41.3 41.2 40.0 39.1 36.0 33.5 31.7 29.9 28.3 26.7 25.0 23.3 21.5 19.8 18.1 16.5 15.0 13.7 12.6 11.7 10.9 9.9 9.1 8.3 7.6 7.0 6.5 6.4 5.9 5.2 4.7
0.8 0.8 0.8 0.8 0.9 1.0 1.1 1.3 1.5 1.6 1.6 1.6 1.6 1.6 1.6 1.5 1.5 1.4 1.2 1.0 0.7 0.4 0.0 0.0 0.0 0.0 0.0 0.0 0.0 0.0 0.0 0.0 0.0 0.0 0.0 0.3 0.6 1.0 1.5 2.0 2.6 3.2 4.0 4.9 5.9 7.0 8.2 9.6 11.5 13.7 16.1 18.5 21.1 23.7 26.8 29.7 33.1 37.0 39.8 41.2 41.6 42.1 42.3 42.0 41.4 40.8 39.0 36.3 33.9 31.7 29.9 28.0 26.3 24.5 22.6 20.9 19.1 17.3 15.7 14.2 12.9 12.1 11.3 10.7 9.7 9.0 8.2 7.6 7.1 6.7 6.3 6.0 5.3 5.1
0.9 0.9 0.9 0.9 1.0 1.1 1.2 1.3 1.4 1.5 1.5 1.5 1.5 1.4 1.4 1.4 1.3 1.2 1.0 0.8 0.5 0.2 0.0 0.0 0.0 0.0 0.0 0.0 0.0 0.0 0.0 0.0 0.0 0.0 0.0 0.3 0.6 1.0 1.4 2.0 2.6 3.3 4.1 5.0 6.0 7.2 8.5 10.1 12.3 14.6 16.9 19.5 21.9 24.6 27.5 30.6 34.2 38.0 42.0 42.6 42.9 43.0 43.0 42.2 41.8 40.9 39.0 36.3 34.0 32.2 30.3 28.0 26.0 24.1 22.2 20.3 18.5 16.8 15.1 13.6 12.3 11.5 10.8 10.2 9.5 8.9 8.3 7.7 7.2 6.8 6.6 6.2 5.7 5.3
1.1 1.0 1.0 1.0 1.1 1.1 1.2 1.3 1.4 1.4 1.4 1.4 1.4 1.3 1.3 1.2 1.1 1.0 0.8 0.6 0.3 0.0 0.0 0.0 0.0 0.0 0.0 0.0 0.0 0.0 0.0 0.0 0.0 0.0 0.1 0.4 0.7 1.1 1.5 2.0 2.6 3.3 4.2 5.1 6.2 7.4 8.9 10.8 13.1 15.4 17.8 20.4 23.0 25.8 28.8 32.1 35.8 39.9 43.5 44.5 44.7 44.2 43.9 43.0 42.5 40.6 39.0 36.5 34.3 32.3 30.3 27.9 25.8 23.8 21.9 20.0 18.2 16.4 14.8 13.3 12.1 11.3 10.6 10.0 9.4 8.9 8.4 7.9 7.5 7.1 6.8 6.4 5.9 5.5
1.3 1.2 1.2 1.2 1.2 1.2 1.3 1.4 1.4 1.4 1.4 1.3 1.3 1.2 1.2 1.1 1.0 0.8 0.6 0.4 0.1 0.0 0.0 0.0 0.0 0.0 0.0 0.0 0.0 0.0 0.0 0.0 0.0 0.0 0.2 0.5 0.8 1.2 1.6 2.1 2.8 3.5 4.4 5.3 6.5 7.8 9.5 11.6 13.9 16.3 18.7 21.4 24.1 27.2 30.1 33.4 37.3 41.5 45.0 46.2 45.9 45.6 45.2 44.3 42.3 40.9 39.1 37.3 34.7 32.4 30.3 28.4 25.9 23.8 21.9 19.9 18.1 16.3 14.6 13.2 12.1 11.3 10.6 10.0 9.5 9.1 8.7 8.2 7.9 7.5 7.1 6.9 6.4 5.8
1.6 1.5 1.4 1.4 1.3 1.4 1.4 1.5 1.5 1.4 1.3 1.3 1.2 1.1 1.1 1.0 0.8 0.7 0.5 0.2 0.0 0.0 0.0 0.0 0.0 0.0 0.0 0.0 0.0 0.0 0.0 0.0 0.0 0.1 0.3 0.6 0.9 1.3 1.8 2.3 2.9 3.7 4.6 5.6 6.8 8.3 10.2 12.3 14.7 17.1 19.6 22.3 25.2 28.2 31.4 34.9 39.1 43.4 47.3 48.3 48.1 47.3 46.5 45.3 43.4 41.5 39.8 37.9 35.4 33.0 31.5 28.6 26.4 24.1 22.1 20.0 18.1 16.2 14.6 13.3 12.3 11.4 10.7 10.2 9.7 9.3 9.0 8.6 8.3 7.9 7.6 7.2 6.7 6.1
1.9 1.8 1.7 1.6 1.6 1.5 1.5 1.6 1.5 1.4 1.3 1.2 1.1 1.1 1.0 0.8 0.7 0.5 0.3 0.0 0.0 0.0 0.0 0.0 0.0 0.0 0.0 0.0 0.0 0.0 0.0 0.0 0.0 0.2 0.4 0.7 1.1 1.5 1.9 2.5 3.2 3.9 4.8 5.9 7.2 8.8 10.9 13.1 15.4 17.8 20.5 23.2 26.2 29.6 33.0 36.9 41.2 46.1 50.2 51.1 50.5 49.3 48.1 46.4 44.8 42.9 40.8 38.9 36.4 34.3 32.3 29.6 27.1 24.8 22.5 20.3 18.2 16.4 14.7 13.5 12.4 11.6 10.9 10.4 10.0 9.6 9.3 9.1 8.8 8.5 8.1 7.6 7.1 6.4
2.3 2.1 2.0 1.9 1.8 1.8 1.7 1.7 1.6 1.5 1.3 1.2 1.1 1.0 0.9 0.8 0.6 0.4 0.1 0.0 0.0 0.0 0.0 0.0 0.0 0.0 0.0 0.0 0.0 0.0 0.0 0.0 0.1 0.3 0.5 0.8 1.2 1.6 2.1 2.7 3.4 4.2 5.1 6.2 7.6 9.4 11.4 13.7 16.0 18.6 21.3 24.4 27.5 30.9 34.9 39.2 44.1 49.0 53.3 53.8 53.0 51.8 50.9 48.3 46.4 44.7 42.4 40.2 37.8 36.3 33.6 30.6 28.1 25.8 23.1 20.7 18.6 16.7 15.0 13.8 12.7 11.8 11.1 10.6 10.3 10.0 9.8 9.6 9.2 9.0 8.6 8.1 7.5 6.7
2.8 2.6 2.4 2.2 2.1 2.0 2.0 1.9 1.7 1.5 1.4 1.2 1.1 1.0 0.8 0.7 0.5 0.2 0.0 0.0 0.0 0.0 0.0 0.0 0.0 0.0 0.0 0.0 0.0 0.0 0.0 0.0 0.2 0.4 0.6 0.9 1.3 1.7 2.3 2.9 3.6 4.4 5.4 6.6 8.0 9.9 12.0 14.2 16.7 19.3 22.3 25.3 28.9 32.6 37.0 41.9 47.3 52.7 56.0 55.9 55.1 54.1 52.9 50.4 48.5 46.3 44.1 41.9 39.6 37.5 34.7 32.0 29.3 26.9 23.9 21.4 18.9 17.0 15.3 14.0 12.9 12.1 11.4 10.9 10.6 10.3 10.1 9.9 9.7 9.4 9.1 8.5 7.9 7.1
3.4 3.1 2.9 2.7 2.5 2.4 2.3 2.2 1.9 1.7 1.5 1.3 1.1 1.0 0.8 0.6 0.4 0.1 0.0 0.0 0.0 0.0 0.0 0.0 0.0 0.0 0.0 0.0 0.0 0.0 0.0 0.0 0.2 0.4 0.7 1.0 1.4 1.8 2.4 3.0 3.8 4.6 5.7 6.9 8.4 10.4 12.5 14.8 17.3 20.1 23.1 26.4 30.1 34.4 39.3 44.4 50.3 56.1 57.6 57.4 56.2 55.3 54.1 52.8 50.6 48.0 45.8 43.6 42.6 39.8 36.3 33.3 30.4 27.5 24.8 21.9 19.3 17.2 15.6 14.3 13.2 12.4 11.7 11.2 10.9 10.7 10.5 10.4 10.2 10.0 9.6 9.0 8.4 7.6
4.1 3.8 3.5 3.2 3.0 2.8 2.7 2.4 2.1 1.8 1.6 1.4 1.2 1.0 0.8 0.6 0.4 0.1 0.0 0.0 0.0 0.0 0.0 0.0 0.0 0.0 0.0 0.0 0.0 0.0 0.0 0.1 0.2 0.5 0.8 1.1 1.5 1.9 2.5 3.1 3.9 4.8 5.9 7.1 8.7 10.7 12.9 15.2 17.8 20.6 23.9 27.4 31.4 36.1 41.3 47.2 53.9 58.2 58.7 58.0 57.1 56.1 54.9 53.3 51.5 49.7 47.2 44.8 42.7 41.7 37.7 34.3 31.5 28.1 25.1 22.5 19.5 17.6 15.9 14.5 13.3 12.5 11.9 11.4 11.1 10.9 10.9 10.8 10.7 10.5 10.2 9.8 8.9 8.1
5.0 4.6 4.2 3.9 3.6 3.4 3.1 2.8 2.4 2.0 1.8 1.5 1.3 1.1 0.9 0.6 0.4 0.0 0.0 0.0 0.0 0.0 0.0 0.0 0.0 0.0 0.0 0.0 0.0 0.0 0.0 0.1 0.3 0.5 0.8 1.1 1.5 2.0 2.6 3.3 4.0 5.0 6.0 7.3 8.9 10.9 13.2 15.6 18.3 21.2 24.6 28.3 32.7 37.8 43.7 50.2 56.7 59.0 59.0 58.1 57.3 56.3 55.3 53.5 51.9 50.1 48.5 45.9 43.6 43.1 38.6 35.3 32.0 28.7 25.6 22.4 19.9 17.9 16.2 14.6 13.5 12.6 11.9 11.5 11.3 11.1 11.1 11.2 11.3 11.0 10.7 10.4 9.6 8.7
6.1 5.6 5.1 4.7 4.3 4.0 3.7 3.2 2.7 2.3 2.0 1.7 1.4 1.2 1.0 0.7 0.4 0.1 0.0 0.0 0.0 0.0 0.0 0.0 0.0 0.0 0.0 0.0 0.0 0.0 0.0 0.1 0.3 0.6 0.8 1.2 1.6 2.1 2.7 3.3 4.1 5.1 6.2 7.5 9.1 11.2 13.4 15.9 18.6 21.7 25.2 29.1 33.8 39.3 45.7 52.4 57.4 58.4 58.5 58.0 57.7 56.5 55.6 54.1 52.2 50.4 48.7 46.6 44.6 44.0 39.0 35.8 32.4 29.0 26.1 23.0 20.1 18.2 16.2 14.6 13.5 12.6 12.0 11.5 11.3 11.2 11.3 11.4 11.6 11.7 11.3 11.0 10.3 9.5
7.3 6.7 6.1 5.6 5.2 4.8 4.4 3.7 3.1 2.7 2.3 1.9 1.6 1.4 1.1 0.8 0.5 0.1 0.0 0.0 0.0 0.0 0.0 0.0 0.0 0.0 0.0 0.0 0.0 0.0 0.0 0.2 0.4 0.6 0.9 1.2 1.7 2.1 2.7 3.4 4.2 5.2 6.3 7.6 9.3 11.3 13.5 16.0 18.8 22.0 25.5 29.7 34.7 40.5 47.4 54.0 57.2 57.9 58.0 57.7 57.1 55.9 54.9 53.7 52.2 50.2 48.4 47.0 45.2 43.0 39.3 36.2 32.7 29.3 26.1 23.1 20.2 18.9 16.1 14.5 13.3 12.5 12.0 11.4 11.2 11.3 11.4 11.7 12.0 12.4 12.1 11.8 11.6 10.4
8.8 8.0 7.3 6.7 6.2 5.7 5.1 4.3 3.6 3.1 2.6 2.2 1.9 1.6 1.3 1.0 0.7 0.3 0.0 0.0 0.0 0.0 0.0 0.0 0.0 0.0 0.0 0.0 0.0 0.0 0.1 0.2 0.4 0.7 0.9 1.3 1.7 2.2 2.8 3.5 4.3 5.3 6.4 7.7 9.3 11.4 13.6 16.0 18.8 22.0 25.7 30.2 35.5 41.7 48.5 54.0 56.1 56.7 56.7 56.4 55.7 55.6 54.3 52.7 51.6 50.2 48.4 47.5 47.3 43.6 39.6 36.2 32.9 29.3 26.2 22.8 20.1 18.2 15.8 14.1 13.1 12.3 11.7 11.2 11.1 11.2 11.6 12.0 12.7 12.7 12.8 12.7 12.5 11.5
10.5 9.6 8.8 8.0 7.4 6.7 5.9 5.0 4.2 3.6 3.0 2.6 2.2 1.9 1.6 1.2 0.9 0.5 0.1 0.0 0.0 0.0 0.0 0.0 0.0 0.0 0.0 0.0 0.0 0.0 0.2 0.3 0.5 0.7 1.0 1.4 1.8 2.3 2.9 3.6 4.4 5.3 6.4 7.7 9.4 11.3 13.5 15.9 18.7 21.9 25.7 30.1 35.4 41.9 48.3 52.2 53.9 54.4 54.7 54.9 55.0 54.0 53.1 52.2 51.0 49.3 48.1 47.6 46.9 43.6 39.5 36.9 32.5 28.9 25.6 22.6 19.8 17.2 15.2 13.8 12.8 12.1 11.4 11.1 11.0 11.1 11.7 12.4 13.4 13.6 14.5 13.9 13.8 13.1
12.5 11.4 10.5 9.6 8.8 7.9 6.8 5.7 4.9 4.2 3.6 3.1 2.6 2.2 1.9 1.5 1.2 0.8 0.4 0.0 0.0 0.0 0.0 0.0 0.0 0.0 0.0 0.0 0.1 0.1 0.3 0.4 0.6 0.8 1.1 1.5 1.9 2.4 2.9 3.6 4.4 5.4 6.4 7.7 9.3 11.2 13.3 15.6 18.3 21.4 25.2 29.6 34.9 41.2 47.1 49.8 51.1 51.9 52.5 52.9 52.7 52.4 51.7 51.1 50.3 48.9 48.1 47.6 45.3 42.2 39.1 36.4 31.9 28.2 24.9 21.6 18.9 16.7 15.7 13.6 12.3 11.6 11.2 11.0 11.1 11.4 12.2 13.4 14.1 14.8 15.9 15.6 15.4 14.7
14.8 13.6 12.4 11.4 10.3 9.0 7.7 6.6 5.6 4.8 4.1 3.6 3.1 2.7 2.3 1.9 1.5 1.1 0.7 0.3 0.2 0.1 0.1 0.1 0.1 0.1 0.1 0.1 0.2 0.3 0.4 0.5 0.7 0.9 1.2 1.6 2.0 2.5 3.0 3.7 4.5 5.4 6.4 7.6 9.2 11.0 12.9 15.1 17.7 20.6 24.2 28.5 33.7 39.7 44.1 46.4 47.8 49.0 49.7 50.1 50.5 50.2 50.1 49.3 49.4 49.0 47.1 45.4 43.1 40.2 37.1 34.2 30.9 27.1 23.6 20.7 18.2 16.6 15.0 13.7 11.9 11.3 11.1 11.1 11.4 12.0 13.0 13.7 14.6 16.1 16.6 17.8 16.7 17.2
17.2 15.8 14.5 13.0 11.5 10.1 8.7 7.5 6.5 5.6 4.8 4.2 3.7 3.2 2.8 2.4 2.0 1.6 1.1 0.7 0.5 0.4 0.3 0.3 0.3 0.3 0.3 0.3 0.4 0.5 0.6 0.7 0.9 1.1 1.4 1.7 2.1 2.6 3.1 3.8 4.5 5.4 6.3 7.5 9.0 10.7 12.4 14.5 16.8 19.5 22.8 26.9 31.8 37.0 40.2 42.4 44.2 45.7 46.5 47.2 47.7 47.9 47.6 47.9 47.4 46.5 45.7 43.6 40.9 38.0 35.0 32.0 29.2 26.1 22.6 19.9 17.4 15.6 13.8 12.7 11.5 11.1 11.0 11.3 11.8 13.5 13.7 14.8 15.8 16.9 17.7 18.2 19.4 20.4
18.6 17.2 15.8 14.2 12.7 11.2 9.8 8.5 7.4 6.4 5.6 4.9 4.3 3.8 3.3 2.9 2.5 2.1 1.6 1.2 0.8 0.7 0.6 0.6 0.6 0.6 0.6 0.6 0.6 0.7 0.8 0.9 1.1 1.3 1.5 1.8 2.2 2.7 3.2 3.8 4.5 5.3 6.2 7.4 8.7 10.2 11.8 13.5 15.6 18.0 21.0 24.7 29.1 33.0 35.8 38.1 40.1 41.6 42.9 43.8 44.5 44.9 45.5 45.4 44.6 44.2 42.8 41.3 38.5 36.2 33.4 30.4 27.3 24.7 20.7 18.1 16.4 13.8 12.7 12.4 11.2 10.9 11.1 12.1 12.6 13.3 14.6 16.4 17.1 18.3 19.4 20.0 20.2 20.7
19.5 18.2 16.8 15.3 13.8 12.3 10.9 9.6 8.4 7.3 6.4 5.7 5.0 4.4 3.9 3.5 3.0 2.6 2.2 1.8 1.3 1.1 1.0 0.9 0.9 0.9 0.9 0.9 0.9 1.0 1.0 1.1 1.3 1.5 1.7 2.0 2.4 2.8 3.3 3.9 4.5 5.2 6.1 7.2 8.4 9.6 10.9 12.4 14.1 16.2 18.7 21.9 25.5 28.5 31.1 33.4 35.5 37.4 38.9 40.2 41.2 41.8 42.2 42.4 41.9 41.5 39.9 38.2 36.1 34.2 32.1 28.3 25.5 22.2 19.2 17.0 14.9 12.8 12.0 11.4 10.8 11.1 11.2 12.1 14.6 14.7 15.5 17.8 19.1 19.8 21.1 21.8 21.8 21.7
20.3 19.2 17.8 16.4 14.9 13.5 12.0 10.7 9.4 8.3 7.4 6.5 5.8 5.2 4.6 4.1 3.7 3.2 2.8 2.4 1.9 1.6 1.4 1.3 1.3 1.2 1.2 1.2 1.2 1.3 1.3 1.4 1.6 1.7 1.9 2.2 2.6 3.0 3.4 3.9 4.5 5.2 6.0 6.9 7.9 8.8 9.9 11.0 12.3 13.9 16.0 18.5 21.3 23.9 26.4 28.7 30.9 32.9 34.5 36.0 37.3 37.9 38.6 38.9 38.5 37.9 36.6 35.3 33.5 31.6 29.2 26.1 23.3 20.1 17.6 15.7 13.7 12.3 11.1 11.4 10.9 11.0 12.1 13.1 15.2 17.3 18.1 21.9 22.2 24.3 22.7 23.5 23.4 23.0
21.1 20.0 18.8 17.5 16.0 14.6 13.1 11.8 10.5 9.3 8.3 7.4 6.6 6.0 5.4 4.8 4.3 3.9 3.4 3.0 2.6 2.2 1.9 1.7 1.6 1.6 1.6 1.6 1.6 1.6 1.6 1.7 1.8 2.0 2.2 2.5 2.8 3.1 3.5 4.0 4.5 5.2 5.9 6.7 7.3 8.0 8.7 9.4 10.3 11.4 12.9 14.9 17.2 19.5 21.8 24.0 26.1 28.1 30.0 31.5 32.8 34.0 34.6 34.9 34.7 34.5 33.7 32.2 30.6 29.4 26.5 23.5 20.7 18.0 15.7 13.6 11.9 10.9 10.1 10.0 10.3 11.2 11.6 13.1 15.3 18.4 20.6 21.1 23.8 25.9 27.7 26.8 25.3 24.9
21.8 20.9 19.7 18.5 17.1 15.7 14.3 12.9 11.6 10.4 9.3 8.4 7.5 6.8 6.2 5.6 5.0 4.6 4.1 3.7 3.3 2.9 2.5 2.2 2.0 2.0 1.9 1.9 1.9 1.9 2.0 2.1 2.2 2.3 2.5 2.7 3.0 3.3 3.6 4.1 4.6 5.2 5.8 6.3 6.7 7.1 7.4 7.7 8.0 8.5 9.6 11.4 13.4 15.5 17.5 19.6 21.5 23.5 25.3 26.9 28.5 29.6 30.4 31.0 31.4 31.0 30.5 29.2 27.4 25.5 23.4 20.8 18.3 15.9 13.9 12.0 10.5 9.6 9.3 9.1 9.6 10.4 12.1 13.7 15.2 17.9 21.4 23.2 25.4 26.4 26.2 27.3 26.5 26.5
22.5 21.6 20.6 19.4 18.1 16.7 15.4 14.0 12.7 11.5 10.3 9.3 8.4 7.7 7.0 6.3 5.8 5.2 4.8 4.3 3.9 3.5 3.1 2.8 2.5 2.3 2.3 2.3 2.3 2.3 2.3 2.4 2.5 2.6 2.8 3.0 3.2 3.5 3.9 4.3 4.7 5.2 5.6 5.9 6.0 6.0 5.9 5.7 5.6 5.7 6.8 8.4 10.1 11.9 13.7 15.5 17.3 19.1 20.9 22.5 23.9 25.1 26.0 26.9 27.4 27.4 26.9 26.0 24.6 22.9 20.5 18.3 16.2 14.0 12.2 10.7 9.4 8.6 8.4 8.6 9.3 10.8 12.0 13.8 16.4 18.5 23.6 25.4 24.9 25.6 26.7 27.9 28.6 27.5
23.1 22.3 21.4 20.3 19.1 17.8 16.4 15.0 13.7 12.5 11.3 10.3 9.3 8.5 7.7 7.0 6.4 5.9 5.3 4.9 4.4 4.0 3.6 3.3 3.0 2.8 2.6 2.5 2.5 2.6 2.6 2.7 2.8 2.9 3.1 3.3 3.5 3.9 4.2 4.6 4.9 5.1 5.3 5.4 5.3 4.9 4.4 3.7 3.1 3.4 4.5 5.8 7.3 8.8 10.3 11.9 13.5 15.0 16.6 18.1 19.6 21.0 22.0 22.9 23.6 23.6 23.4 22.6 21.8 19.9 18.0 16.0 13.9 12.1 10.5 9.1 8.4 7.7 7.8 8.3 9.1 10.5 12.3 14.4 16.9 18.5 20.8 22.8 24.8 26.4 27.3 28.4 28.0 28.5
23.5 22.9 22.1 21.1 19.9 18.7 17.4 16.0 14.7 13.5 12.3 11.2 10.2 9.3 8.5 7.7 7.0 6.4 5.8 5.3 4.9 4.4 4.0 3.7 3.4 3.2 3.0 2.9 2.9 2.9 2.9 3.0 3.1 3.3 3.5 3.8 4.0 4.3 4.5 4.8 5.0 5.1 5.0 4.8 4.4 3.7 2.8 1.7 0.9 1.5 2.6 3.7 4.9 6.2 7.5 8.9 10.3 11.7 13.1 14.4 15.7 17.1 18.0 19.0 19.6 19.9 19.8 19.4 18.5 17.2 15.4 13.6 11.9 10.3 8.9 7.8 7.1 6.9 7.2 8.1 9.1 10.7 12.6 14.8 17.3 19.6 21.6 23.4 25.8 27.7 26.9 27.1 27.3 27.5
23.9 23.4 22.7 21.8 20.7 19.6 18.3 17.0 15.7 14.4 13.2 12.0 11.0 10.0 9.1 8.3 7.5 6.8 6.2 5.6 5.1 4.6 4.2 3.9 3.6 3.4 3.3 3.2 3.2 3.2 3.3 3.5 3.6 3.8 4.0 4.2 4.4 4.7 4.9 5.0 5.0 5.0 4.7 4.3 3.6 2.6 1.3 0.0 0.0 0.1 1.0 2.0 3.0 4.1 5.2 6.3 7.5 8.7 9.9 11.1 12.2 13.4 14.4 15.3 15.9 16.3 16.3 16.0 15.4 14.4 13.0 11.5 10.0 8.4 7.6 6.4 6.0 6.1 6.8 8.0 9.5 11.1 13.2 15.6 18.5 20.2 22.9 23.8 25.6 26.5 26.3 26.2 25.9 25.6
24.2 23.8 23.2 22.4 21.5 20.3 19.1 17.8 16.5 15.2 14.0 12.8 11.7 10.6 9.6 8.7 7.8 7.1 6.3 5.7 5.1 4.6 4.2 3.8 3.6 3.4 3.3 3.3 3.3 3.4 3.6 3.8 4.0 4.2 4.4 4.6 4.8 5.0 5.1 5.1 5.1 4.9 4.4 3.8 2.8 1.5 0.0 0.0 0.0 0.0 0.0 0.6 1.4 2.3 3.2 4.2 5.2 6.2 7.2 8.2 9.2 10.2 11.2 12.0 12.6 13.0 13.1 13.0 12.4 11.7 10.6 9.3 8.0 6.7 5.8 5.3 5.2 5.4 6.4 8.2 9.4 11.4 13.8 16.5 18.9 20.5 24.7 25.3 24.7 25.0 25.3 24.8 24.3 24.5
24.3 24.1 23.6 23.0 22.1 21.0 19.9 18.6 17.3 16.0 14.7 13.4 12.2 11.1 10.0 8.9 8.0 7.0 6.2 5.4 4.8 4.2 3.7 3.4 3.1 3.0 3.0 3.0 3.1 3.3 3.6 3.8 4.1 4.4 4.7 4.9 5.1 5.3 5.3 5.3 5.1 4.8 4.2 3.3 2.1 0.6 0.0 0.0 0.0 0.0 0.0 0.0 0.1 0.9 1.7 2.5 3.3 4.1 5.0 5.8 6.7 7.5 8.3 9.0 9.6 10.0 10.2 10.1 9.7 9.1 8.2 7.2 6.2 5.3 4.6 4.3 4.4 4.9 6.1 7.8 9.8 11.8 14.2 17.2 19.7 21.8 22.6 34.7 24.3 23.9 23.7 26.7 23.1 22.7
