main/data/rainfall/04.03.2023.grid
ncols 886
nrows 691
xllcenter 112.0000
yllcenter -44.5000
cellsize 0.0500
nodata_value 99999.90
[rows 84 to 125 of 691, columns 188 to 281 of 886]
0.0 0.0 0.0 0.0 0.0 0.0 0.0 0.0 0.0 0.0 0.0 0.0 0.0 0.1 0.1 0.1 0.1 0.1 0.1 0.1 0.1 0.1 0.1 0.1 0.1 0.2 0.2 0.2 0.2 0.2 0.2 0.2 0.2 0.2 0.2 0.2 0.2 0.2 0.2 0.2 0.2 0.2 0.2 0.2 0.2 0.2 0.2 0.1 0.1 0.1 0.1 0.1 0.1 0.1 0.1 0.1 0.2 0.2 0.2 0.2 0.3 0.3 0.4 0.5 0.6 0.7 0.8 1.0 1.2 1.4 1.7 2.0 2.0 2.0 2.0 2.0 2.0 2.0 2.0 1.9 1.8 1.7 1.6 1.5 1.3 1.0 0.9 0.8 0.8 0.8 0.8 0.8 0.8 0.8
0.0 0.0 0.0 0.0 0.0 0.0 0.0 0.0 0.0 0.0 0.0 0.1 0.1 0.1 0.1 0.1 0.1 0.1 0.1 0.1 0.2 0.2 0.2 0.2 0.2 0.2 0.2 0.2 0.2 0.3 0.3 0.3 0.3 0.3 0.3 0.3 0.3 0.3 0.3 0.3 0.3 0.2 0.2 0.2 0.2 0.2 0.2 0.2 0.2 0.2 0.2 0.2 0.2 0.2 0.2 0.2 0.2 0.2 0.3 0.3 0.3 0.4 0.5 0.6 0.7 0.8 1.0 1.2 1.4 1.7 2.0 2.3 2.4 2.4 2.4 2.3 2.3 2.3 2.3 2.2 2.1 2.0 1.9 1.8 1.6 1.3 1.1 0.9 0.9 0.9 0.9 0.9 0.9 0.9
0.0 0.0 0.0 0.0 0.0 0.0 0.0 0.0 0.0 0.1 0.1 0.1 0.1 0.1 0.1 0.1 0.1 0.2 0.2 0.2 0.2 0.2 0.2 0.3 0.3 0.3 0.3 0.3 0.3 0.3 0.3 0.4 0.4 0.4 0.4 0.4 0.4 0.4 0.4 0.3 0.3 0.3 0.3 0.3 0.3 0.3 0.3 0.3 0.3 0.3 0.2 0.2 0.2 0.2 0.2 0.3 0.3 0.3 0.3 0.4 0.4 0.5 0.6 0.7 0.8 0.9 1.1 1.3 1.6 1.9 2.3 2.6 2.7 2.7 2.7 2.7 2.7 2.6 2.6 2.5 2.5 2.4 2.3 2.1 1.9 1.7 1.4 1.1 1.0 0.9 0.9 0.9 0.9 0.9
0.0 0.0 0.0 0.0 0.0 0.0 0.0 0.1 0.1 0.1 0.1 0.1 0.1 0.1 0.1 0.2 0.2 0.2 0.2 0.2 0.3 0.3 0.3 0.3 0.4 0.4 0.4 0.4 0.4 0.4 0.5 0.5 0.5 0.5 0.5 0.5 0.5 0.5 0.5 0.5 0.5 0.4 0.4 0.4 0.4 0.4 0.4 0.4 0.4 0.3 0.3 0.3 0.3 0.3 0.3 0.3 0.3 0.4 0.4 0.4 0.5 0.6 0.7 0.8 0.9 1.1 1.3 1.6 1.9 2.2 2.6 3.0 3.1 3.1 3.1 3.1 3.0 3.0 3.0 2.9 2.8 2.8 2.6 2.5 2.3 2.0 1.7 1.3 1.1 1.0 0.9 0.9 0.9 0.8
0.0 0.0 0.0 0.0 0.0 0.1 0.1 0.1 0.1 0.1 0.1 0.1 0.2 0.2 0.2 0.2 0.2 0.3 0.3 0.3 0.4 0.4 0.4 0.4 0.5 0.5 0.5 0.5 0.6 0.6 0.6 0.6 0.6 0.6 0.6 0.6 0.6 0.6 0.6 0.6 0.6 0.6 0.6 0.6 0.5 0.5 0.5 0.5 0.5 0.5 0.4 0.4 0.4 0.4 0.4 0.4 0.4 0.5 0.5 0.5 0.6 0.7 0.8 0.9 1.1 1.3 1.5 1.8 2.1 2.5 3.0 3.4 3.6 3.5 3.5 3.5 3.4 3.4 3.4 3.3 3.2 3.1 3.0 2.8 2.6 2.4 2.0 1.6 1.2 1.0 1.0 0.9 0.9 0.8
0.0 0.0 0.0 0.0 0.1 0.1 0.1 0.1 0.1 0.1 0.2 0.2 0.2 0.2 0.3 0.3 0.3 0.4 0.4 0.4 0.5 0.5 0.5 0.6 0.6 0.6 0.7 0.7 0.7 0.8 0.8 0.8 0.8 0.8 0.8 0.8 0.8 0.8 0.8 0.8 0.8 0.8 0.8 0.7 0.7 0.7 0.7 0.7 0.6 0.6 0.6 0.6 0.6 0.6 0.6 0.6 0.6 0.6 0.6 0.7 0.7 0.8 0.9 1.1 1.3 1.5 1.8 2.1 2.5 2.9 3.4 3.9 4.0 4.0 4.0 3.9 3.9 3.8 3.8 3.7 3.7 3.6 3.4 3.3 3.0 2.8 2.4 1.9 1.4 1.2 1.1 1.0 0.9 0.9
0.0 0.0 0.1 0.1 0.1 0.1 0.1 0.1 0.1 0.2 0.2 0.2 0.3 0.3 0.3 0.4 0.4 0.5 0.5 0.6 0.6 0.7 0.7 0.8 0.8 0.8 0.9 0.9 1.0 1.0 1.0 1.1 1.1 1.1 1.1 1.1 1.1 1.1 1.1 1.1 1.1 1.0 1.0 1.0 1.0 0.9 0.9 0.9 0.8 0.8 0.8 0.8 0.7 0.7 0.7 0.7 0.7 0.8 0.8 0.9 0.9 1.0 1.1 1.3 1.5 1.7 2.0 2.4 2.8 3.3 3.9 4.4 4.6 4.5 4.5 4.4 4.4 4.3 4.3 4.2 4.1 4.0 3.9 3.7 3.5 3.2 2.8 2.3 1.8 1.4 1.3 1.2 1.1 1.0
0.0 0.1 0.1 0.1 0.1 0.1 0.1 0.2 0.2 0.2 0.3 0.3 0.3 0.4 0.4 0.5 0.5 0.6 0.7 0.7 0.8 0.8 0.9 1.0 1.0 1.1 1.1 1.2 1.2 1.3 1.3 1.4 1.4 1.4 1.4 1.4 1.4 1.4 1.4 1.4 1.4 1.3 1.3 1.3 1.3 1.2 1.2 1.1 1.1 1.1 1.0 1.0 1.0 1.0 1.0 1.0 1.0 1.0 1.0 1.1 1.1 1.3 1.4 1.6 1.8 2.0 2.4 2.8 3.2 3.8 4.4 5.0 5.1 5.1 5.0 4.9 4.9 4.8 4.7 4.7 4.6 4.5 4.4 4.2 4.0 3.7 3.3 2.8 2.3 1.9 1.7 1.6 1.4 1.3
0.1 0.1 0.1 0.1 0.1 0.1 0.2 0.2 0.2 0.3 0.3 0.4 0.4 0.5 0.5 0.6 0.7 0.8 0.8 0.9 1.0 1.1 1.2 1.2 1.3 1.4 1.5 1.5 1.6 1.7 1.7 1.8 1.8 1.8 1.8 1.8 1.8 1.8 1.8 1.8 1.8 1.7 1.7 1.7 1.6 1.6 1.5 1.5 1.4 1.4 1.4 1.3 1.3 1.3 1.2 1.2 1.2 1.3 1.3 1.3 1.4 1.5 1.7 1.9 2.1 2.4 2.8 3.2 3.7 4.3 5.0 5.6 5.7 5.6 5.5 5.5 5.4 5.3 5.3 5.2 5.1 5.0 5.0 4.8 4.6 4.3 4.0 3.6 3.0 2.6 2.3 2.1 1.9 1.8
0.1 0.1 0.1 0.1 0.2 0.2 0.2 0.3 0.3 0.4 0.4 0.5 0.5 0.6 0.7 0.8 0.9 1.0 1.1 1.2 1.3 1.4 1.5 1.6 1.7 1.8 1.9 2.0 2.0 2.1 2.2 2.2 2.3 2.3 2.3 2.4 2.4 2.4 2.3 2.3 2.3 2.3 2.2 2.2 2.1 2.1 2.0 1.9 1.9 1.8 1.8 1.7 1.7 1.6 1.6 1.6 1.6 1.6 1.6 1.7 1.8 1.9 2.0 2.2 2.5 2.8 3.2 3.7 4.2 4.9 5.6 6.3 6.3 6.2 6.1 6.0 5.9 5.8 5.8 5.7 5.7 5.6 5.6 5.4 5.3 5.1 4.8 4.5 4.1 3.7 3.2 2.9 2.7 2.4
0.1 0.1 0.1 0.2 0.2 0.2 0.3 0.3 0.4 0.5 0.5 0.6 0.7 0.8 0.9 1.0 1.1 1.2 1.3 1.5 1.6 1.7 1.9 2.0 2.1 2.3 2.4 2.5 2.6 2.7 2.8 2.8 2.9 3.0 3.0 3.0 3.0 3.0 3.0 3.0 2.9 2.9 2.8 2.8 2.7 2.6 2.6 2.5 2.4 2.4 2.3 2.2 2.2 2.1 2.1 2.1 2.0 2.1 2.1 2.1 2.2 2.3 2.5 2.7 3.0 3.3 3.7 4.2 4.8 5.5 6.3 7.0 7.0 6.8 6.7 6.6 6.5 6.4 6.3 6.3 6.3 6.3 6.2 6.2 6.1 6.0 5.9 5.6 5.4 4.9 4.5 4.0 3.6 3.3
0.1 0.1 0.2 0.2 0.3 0.3 0.4 0.4 0.5 0.6 0.7 0.8 0.9 1.0 1.1 1.2 1.4 1.5 1.7 1.9 2.0 2.2 2.4 2.5 2.7 2.8 3.0 3.1 3.3 3.4 3.5 3.6 3.7 3.7 3.8 3.8 3.8 3.8 3.8 3.8 3.7 3.7 3.6 3.5 3.5 3.4 3.3 3.2 3.1 3.0 3.0 2.9 2.8 2.7 2.7 2.7 2.6 2.6 2.6 2.7 2.8 2.9 3.1 3.3 3.6 3.9 4.3 4.9 5.5 6.3 7.1 7.8 7.7 7.5 7.3 7.1 7.0 7.0 6.9 6.9 6.9 6.9 7.0 7.0 7.0 7.1 7.2 7.2 7.0 6.5 6.0 5.3 4.8 4.4
0.1 0.2 0.2 0.3 0.3 0.4 0.4 0.5 0.6 0.7 0.8 0.9 1.1 1.2 1.4 1.5 1.7 1.9 2.1 2.3 2.5 2.7 2.9 3.1 3.4 3.6 3.7 3.9 4.1 4.2 4.4 4.5 4.6 4.7 4.7 4.8 4.8 4.8 4.8 4.8 4.7 4.6 4.6 4.5 4.4 4.3 4.2 4.1 4.0 3.9 3.8 3.7 3.6 3.5 3.4 3.4 3.4 3.3 3.3 3.4 3.5 3.6 3.7 4.0 4.3 4.6 5.1 5.7 6.3 7.1 8.0 8.5 8.3 8.1 7.9 7.7 7.6 7.5 7.5 7.5 7.5 7.6 7.7 7.9 8.1 8.4 8.7 8.9 8.8 8.3 7.4 6.8 6.3 5.7
0.2 0.2 0.3 0.3 0.4 0.5 0.6 0.6 0.8 0.9 1.0 1.2 1.3 1.5 1.7 1.9 2.1 2.4 2.6 2.9 3.1 3.4 3.6 3.9 4.2 4.4 4.6 4.9 5.1 5.3 5.4 5.6 5.7 5.8 5.9 6.0 6.0 6.0 6.0 6.0 5.9 5.8 5.7 5.6 5.5 5.4 5.3 5.2 5.1 4.9 4.8 4.7 4.6 4.5 4.4 4.3 4.3 4.2 4.2 4.3 4.3 4.4 4.6 4.8 5.1 5.5 6.0 6.6 7.3 8.1 9.0 9.3 9.0 8.7 8.5 8.3 8.1 8.0 8.0 8.0 8.1 8.3 8.5 8.9 9.3 9.8 10.4 10.8 10.6 10.0 9.3 8.5 7.8 7.2
0.2 0.3 0.3 0.4 0.5 0.6 0.7 0.8 0.9 1.1 1.3 1.4 1.6 1.9 2.1 2.4 2.6 2.9 3.2 3.5 3.8 4.2 4.5 4.8 5.1 5.4 5.7 6.0 6.3 6.5 6.7 6.9 7.1 7.2 7.3 7.4 7.4 7.4 7.4 7.4 7.4 7.3 7.2 7.1 7.0 6.8 6.7 6.5 6.4 6.2 6.1 6.0 5.8 5.7 5.6 5.5 5.4 5.4 5.3 5.3 5.4 5.5 5.6 5.9 6.2 6.5 7.0 7.6 8.4 9.3 10.1 10.1 9.7 9.3 9.0 8.8 8.6 8.5 8.5 8.6 8.8 9.0 9.4 9.9 10.6 11.3 12.2 12.8 12.3 11.7 10.9 10.1 9.4 8.7
0.3 0.3 0.4 0.5 0.6 0.7 0.8 1.0 1.1 1.3 1.5 1.8 2.0 2.3 2.6 2.9 3.2 3.6 3.9 4.3 4.7 5.1 5.5 5.9 6.3 6.7 7.0 7.4 7.7 8.0 8.3 8.5 8.7 8.9 9.0 9.1 9.2 9.2 9.2 9.2 9.1 9.0 8.9 8.8 8.7 8.5 8.4 8.2 8.0 7.8 7.7 7.5 7.3 7.2 7.1 6.9 6.8 6.8 6.7 6.7 6.7 6.8 6.9 7.1 7.4 7.8 8.3 8.9 9.7 10.6 11.2 10.9 10.4 10.0 9.6 9.4 9.2 9.0 9.0 9.2 9.3 9.7 10.1 11.0 11.9 13.0 14.1 14.5 14.0 13.2 12.4 11.6 10.9 10.1
0.3 0.4 0.5 0.6 0.7 0.9 1.0 1.2 1.4 1.6 1.9 2.2 2.5 2.8 3.1 3.5 3.9 4.4 4.8 5.3 5.7 6.2 6.7 7.2 7.6 8.1 8.5 9.0 9.4 9.7 10.1 10.4 10.6 10.8 11.0 11.1 11.2 11.3 11.3 11.3 11.2 11.1 11.0 10.9 10.7 10.6 10.4 10.2 10.0 9.8 9.6 9.4 9.2 9.0 8.9 8.7 8.6 8.5 8.4 8.4 8.4 8.4 8.5 8.7 9.0 9.4 9.8 10.5 11.2 12.0 12.2 11.7 11.1 10.6 10.2 9.9 9.6 9.5 9.5 9.7 10.0 10.3 11.0 12.0 13.2 14.6 15.9 15.9 15.3 14.5 13.8 13.0 12.2 11.4
0.4 0.5 0.6 0.7 0.9 1.0 1.2 1.4 1.7 2.0 2.3 2.6 3.0 3.4 3.8 4.3 4.7 5.3 5.8 6.3 6.9 7.5 8.1 8.7 9.2 9.8 10.3 10.8 11.3 11.8 12.2 12.5 12.9 13.1 13.4 13.5 13.7 13.7 13.8 13.8 13.7 13.6 13.5 13.4 13.2 13.0 12.8 12.6 12.4 12.2 11.9 11.7 11.5 11.3 11.1 10.9 10.7 10.6 10.5 10.4 10.4 10.4 10.5 10.6 10.9 11.2 11.7 12.3 13.0 13.6 13.2 12.5 11.7 11.2 10.7 10.4 10.1 10.0 10.0 10.1 10.5 11.1 11.9 13.0 14.4 16.1 17.4 17.1 16.4 15.6 14.9 14.1 13.3 12.5
0.5 0.6 0.7 0.9 1.1 1.3 1.5 1.7 2.0 2.4 2.7 3.1 3.6 4.0 4.6 5.1 5.7 6.3 7.0 7.6 8.3 9.0 9.7 10.4 11.1 11.8 12.4 13.0 13.6 14.2 14.7 15.1 15.5 15.8 16.1 16.4 16.5 16.6 16.7 16.7 16.7 16.6 16.5 16.3 16.1 15.9 15.7 15.5 15.3 15.0 14.7 14.5 14.2 14.0 13.8 13.5 13.3 13.2 13.0 12.9 12.8 12.8 12.9 13.0 13.2 13.5 13.9 14.4 15.0 15.1 14.2 13.2 12.4 11.8 11.3 10.8 10.6 10.4 10.4 10.6 11.0 11.7 12.6 13.9 15.5 17.4 18.3 17.8 17.1 16.4 15.7 14.9 14.1 13.4
0.6 0.7 0.9 1.1 1.3 1.5 1.8 2.1 2.4 2.8 3.2 3.7 4.2 4.8 5.4 6.1 6.8 7.5 8.3 9.1 9.9 10.7 11.6 12.4 13.2 14.0 14.8 15.6 16.3 16.9 17.5 18.1 18.6 19.0 19.3 19.6 19.8 20.0 20.1 20.1 20.1 20.1 20.0 19.8 19.6 19.4 19.2 18.9 18.7 18.4 18.1 17.8 17.6 17.3 17.0 16.8 16.5 16.3 16.1 15.9 15.8 15.8 15.7 15.8 15.9 16.2 16.5 17.0 17.2 16.3 15.1 14.0 13.1 12.3 11.7 11.3 11.0 10.8 10.8 11.0 11.4 12.1 13.1 14.7 16.5 18.4 18.8 18.2 17.6 16.9 16.1 15.4 14.7 13.9
0.7 0.9 1.0 1.3 1.5 1.8 2.1 2.5 2.9 3.3 3.9 4.4 5.0 5.7 6.4 7.2 8.0 8.9 9.8 10.8 11.7 12.7 13.7 14.7 15.7 16.6 17.6 18.5 19.3 20.1 20.8 21.5 22.1 22.6 23.1 23.4 23.7 23.9 24.1 24.1 24.2 24.1 24.0 23.9 23.7 23.5 23.3 23.0 22.7 22.4 22.1 21.8 21.5 21.2 20.9 20.6 20.3 20.1 19.8 19.6 19.4 19.3 19.2 19.2 19.3 19.4 19.7 19.7 18.8 17.3 16.0 14.8 13.7 12.9 12.2 11.7 11.3 11.1 11.1 11.3 11.8 12.6 13.7 15.2 17.2 19.0 18.9 18.3 17.7 17.0 16.3 15.6 14.9 14.2
0.8 1.0 1.2 1.5 1.8 2.1 2.5 2.9 3.4 3.9 4.5 5.2 5.9 6.7 7.6 8.5 9.5 10.5 11.6 12.7 13.8 15.0 16.1 17.3 18.5 19.6 20.7 21.8 22.8 23.7 24.6 25.4 26.1 26.7 27.2 27.6 28.0 28.3 28.6 28.7 28.8 28.8 28.8 28.6 28.5 28.3 28.0 27.8 27.5 27.2 26.9 26.5 26.2 25.8 25.5 25.2 24.9 24.5 24.3 24.0 23.8 23.6 23.4 23.3 23.3 23.2 22.9 21.7 20.0 18.3 16.8 15.5 14.4 13.5 12.7 12.1 11.7 11.4 11.4 11.6 12.1 12.9 14.1 15.7 17.6 19.0 18.7 18.1 17.5 16.8 16.2 15.5 14.9 14.2
1.0 1.2 1.5 1.7 2.1 2.5 2.9 3.4 4.0 4.6 5.3 6.1 7.0 7.9 8.9 10.0 11.1 12.3 13.5 14.8 16.2 17.5 18.9 20.3 21.6 23.0 24.2 25.4 26.4 27.4 28.3 29.1 29.8 30.2 30.7 31.1 31.6 32.0 32.5 33.0 33.3 33.4 33.5 33.5 33.5 33.4 33.4 33.2 33.0 32.7 32.4 32.0 31.7 31.3 30.9 30.6 30.2 29.9 29.5 29.2 28.9 28.6 28.4 27.9 27.6 26.8 25.1 23.1 21.1 19.3 17.7 16.2 15.0 14.0 13.1 12.4 12.0 11.7 11.6 11.7 12.2 13.0 14.2 15.8 17.7 18.7 18.3 17.7 17.1 16.5 15.8 15.2 14.5 13.9
1.2 1.4 1.7 2.0 2.4 2.9 3.4 4.0 4.7 5.4 6.2 7.1 8.1 9.2 10.3 11.6 12.9 14.3 15.7 17.2 18.8 20.4 22.0 23.5 24.9 26.3 27.5 28.2 28.6 29.0 29.4 29.9 30.3 30.7 31.1 31.5 32.0 32.5 33.0 33.6 34.2 34.7 35.3 35.8 36.4 37.0 37.6 38.1 38.3 38.2 38.0 37.8 37.5 37.3 37.0 36.6 36.2 35.8 35.4 34.9 34.5 34.0 33.4 32.2 30.4 28.5 26.3 24.2 22.1 20.2 18.4 16.9 15.6 14.5 13.5 12.8 12.2 11.9 11.7 11.8 12.2 13.0 14.1 15.7 17.5 18.1 17.6 17.1 16.5 15.9 15.3 14.6 14.0 13.4
1.4 1.6 2.0 2.4 2.8 3.4 4.0 4.6 5.4 6.3 7.2 8.2 9.4 10.6 12.0 13.4 14.9 16.5 18.2 19.9 21.7 23.5 25.1 26.5 27.3 27.7 28.1 28.5 28.7 29.0 29.3 29.7 30.0 30.4 30.8 31.3 31.8 32.3 32.8 33.4 34.0 34.6 35.3 36.0 36.7 37.4 38.1 38.8 39.4 39.9 40.4 40.8 41.1 41.3 41.3 41.3 41.0 40.6 40.0 39.1 38.1 36.9 35.4 33.6 31.5 29.4 27.1 24.8 22.9 20.9 19.2 17.6 16.1 14.9 13.9 13.1 12.5 12.0 11.8 11.8 12.1 12.8 13.9 15.4 17.0 17.3 16.8 16.3 15.7 15.1 14.5 13.9 13.3 12.7
1.6 1.9 2.3 2.7 3.3 3.9 4.6 5.3 6.2 7.2 8.3 9.5 10.8 12.2 13.8 15.4 17.2 19.0 20.9 22.9 24.6 26.2 26.8 27.2 27.5 27.7 27.9 28.2 28.5 28.7 29.1 29.4 29.8 30.1 30.6 31.0 31.5 32.0 32.6 33.1 33.8 34.4 35.0 35.7 36.4 37.1 37.8 38.5 39.2 39.9 40.5 41.0 41.4 41.7 41.9 41.9 41.7 41.3 40.7 39.9 38.9 37.6 36.1 34.3 32.3 30.1 28.1 25.5 23.5 21.6 19.8 18.1 16.7 15.4 14.3 13.4 12.6 12.1 11.9 11.8 12.0 12.6 13.4 14.8 16.3 16.3 15.8 15.3 14.8 14.2 13.6 13.1 12.5 11.9
1.8 2.2 2.6 3.2 3.8 4.5 5.2 6.1 7.1 8.3 9.5 10.9 12.4 14.0 15.8 17.6 19.6 21.7 23.7 25.4 26.2 26.6 26.8 27.0 27.2 27.4 27.7 27.9 28.2 28.5 28.8 29.1 29.5 29.9 30.3 30.7 31.2 31.7 32.3 32.9 33.5 34.1 34.8 35.5 36.2 36.9 37.6 38.3 38.9 39.6 40.1 40.7 41.1 41.4 41.6 41.6 41.5 41.2 40.6 39.9 39.0 37.8 36.5 34.7 32.7 30.7 28.4 26.4 24.2 22.2 20.1 18.7 17.1 15.8 14.6 13.6 12.8 12.2 11.8 11.6 11.7 12.1 12.8 14.0 15.3 15.3 14.8 14.3 13.7 13.2 12.7 12.1 11.6 11.1
2.1 2.5 3.0 3.6 4.3 5.1 6.0 7.0 8.2 9.4 10.8 12.4 14.1 15.9 17.9 20.0 22.2 24.2 25.4 26.0 26.2 26.4 26.6 26.7 26.9 27.1 27.4 27.6 27.9 28.1 28.4 28.8 29.1 29.5 30.0 30.4 30.9 31.4 32.0 32.6 33.2 33.8 34.5 35.2 35.9 36.6 37.3 37.9 38.6 39.2 39.8 40.3 40.7 41.1 41.3 41.3 41.2 40.9 40.4 39.7 38.9 37.6 36.2 34.7 32.8 31.0 28.9 26.8 24.8 22.7 20.9 19.1 17.6 16.1 14.9 13.8 12.9 12.2 11.7 11.4 11.4 11.7 12.2 13.1 14.1 14.1 13.7 13.1 12.6 12.1 11.6 11.1 10.6 10.1
2.4 2.9 3.5 4.1 4.9 5.8 6.8 8.0 9.3 10.7 12.3 14.1 16.0 18.0 20.3 22.5 24.5 25.3 25.6 25.8 25.9 26.1 26.3 26.4 26.6 26.8 27.0 27.3 27.5 27.8 28.1 28.4 28.8 29.2 29.6 30.1 30.6 31.1 31.7 32.3 32.9 33.5 34.2 34.9 35.6 36.3 36.9 37.6 38.3 38.9 39.5 40.0 40.4 40.7 40.9 41.0 40.9 40.6 40.1 39.5 38.6 37.6 36.2 34.3 32.9 31.1 29.2 27.2 25.0 23.2 21.3 19.6 17.9 16.4 15.1 14.0 13.0 12.2 11.6 11.1 11.0 11.1 11.5 12.1 12.8 12.8 12.4 11.9 11.5 11.0 10.5 10.1 9.6 9.2
2.7 3.3 3.9 4.7 5.6 6.6 7.7 9.0 10.5 12.1 13.9 15.8 18.0 20.3 22.6 24.4 25.0 25.2 25.4 25.5 25.6 25.8 26.0 26.1 26.3 26.5 26.7 26.9 27.1 27.4 27.7 28.0 28.4 28.8 29.2 29.7 30.2 30.7 31.3 31.9 32.6 33.2 33.9 34.6 35.3 36.0 36.6 37.3 38.0 38.6 39.1 39.6 40.0 40.4 40.5 40.6 40.5 40.3 39.8 39.2 38.4 37.3 35.8 34.6 33.0 31.1 29.4 27.4 25.5 23.6 21.7 19.9 18.3 16.7 15.2 14.1 13.0 12.0 11.4 10.9 10.6 10.5 10.6 10.9 11.4 11.5 11.1 10.7 10.3 9.9 9.4 9.0 8.6 8.2
3.1 3.7 4.5 5.3 6.3 7.4 8.7 10.2 11.8 13.6 15.6 17.8 20.2 22.5 24.1 24.6 24.8 24.9 25.1 25.2 25.3 25.5 25.6 25.8 25.9 26.1 26.3 26.5 26.7 27.0 27.2 27.6 27.9 28.3 28.8 29.2 29.8 30.3 30.9 31.6 32.2 32.9 33.6 34.3 35.0 35.7 36.4 37.0 37.7 38.3 38.8 39.3 39.7 40.1 40.2 40.3 40.2 39.9 39.5 38.9 38.1 37.1 35.9 34.4 33.0 31.3 29.5 27.7 25.8 23.9 22.1 20.3 18.6 17.0 15.4 14.1 13.0 11.8 11.1 10.5 10.0 9.7 9.7 9.7 10.0 10.0 9.7 9.4 9.1 8.7 8.3 7.9 7.6 7.2
3.5 4.2 5.0 6.0 7.1 8.3 9.8 11.4 13.2 15.2 17.4 19.8 22.2 23.7 24.2 24.4 24.5 24.7 24.8 24.9 25.0 25.1 25.3 25.4 25.5 25.7 25.8 26.0 26.2 26.5 26.8 27.1 27.4 27.8 28.3 28.8 29.3 29.9 30.5 31.2 31.9 32.6 33.3 34.0 34.7 35.5 36.2 36.8 37.5 38.1 38.7 39.1 39.6 39.9 40.0 40.1 40.0 39.7 39.3 38.7 37.9 36.9 35.6 34.4 33.0 31.4 29.8 28.0 26.2 24.3 22.4 20.4 18.9 17.2 15.6 14.2 12.9 11.7 10.7 9.9 9.3 8.9 8.6 8.5 8.6 8.5 8.3 8.1 7.8 7.6 7.2 6.9 6.6 6.3
3.9 4.7 5.6 6.7 7.9 9.3 10.9 12.7 14.7 16.9 19.4 21.8 23.3 23.9 24.0 24.1 24.2 24.4 24.5 24.6 24.7 24.8 24.9 25.0 25.1 25.2 25.4 25.5 25.7 25.9 26.2 26.5 26.9 27.3 27.7 28.2 28.8 29.4 30.1 30.8 31.5 32.3 33.0 33.8 34.6 35.3 36.1 36.8 37.4 38.0 38.6 39.1 39.5 39.8 40.0 40.0 39.9 39.6 39.2 38.6 37.8 36.9 35.5 34.5 33.1 31.7 30.1 28.4 26.6 24.7 22.9 21.0 19.3 17.6 15.9 14.3 12.7 11.3 10.2 9.3 8.5 7.8 7.4 7.1 7.0 7.0 6.9 6.8 6.7 6.4 6.2 6.0 5.7 5.4
4.4 5.3 6.3 7.5 8.9 10.4 12.2 14.1 16.4 18.8 21.2 22.9 23.5 23.6 23.7 23.8 23.9 24.1 24.2 24.2 24.3 24.4 24.5 24.6 24.7 24.8 24.9 25.0 25.2 25.4 25.6 25.9 26.3 26.7 27.2 27.7 28.3 28.9 29.6 30.4 31.2 32.0 32.9 33.7 34.5 35.3 36.1 36.8 37.5 38.2 38.8 39.3 39.7 40.0 40.2 40.2 40.1 39.8 39.3 38.7 38.0 37.1 35.9 34.8 33.6 32.2 30.6 28.9 27.2 25.2 23.3 21.5 19.6 17.9 16.0 14.2 12.5 11.1 9.7 8.5 7.5 6.6 6.0 5.6 5.3 5.4 5.4 5.5 5.5 5.4 5.3 5.1 4.9 4.6
4.9 5.9 7.1 8.4 9.9 11.6 13.5 15.7 18.1 20.6 22.5 23.1 23.2 23.3 23.4 23.5 23.6 23.7 23.8 23.9 24.0 24.0 24.1 24.1 24.2 24.2 24.3 24.5 24.7 24.9 25.2 25.6 25.9 26.3 26.8 27.3 27.9 28.5 29.2 30.0 30.9 31.9 32.8 33.7 34.7 35.5 36.4 37.1 37.9 38.6 39.3 39.8 40.3 40.6 40.7 40.7 40.5 40.2 39.7 39.1 38.4 37.5 36.4 35.4 34.2 32.8 31.4 29.9 28.2 26.3 24.2 22.4 20.3 18.4 16.3 14.3 12.4 10.6 9.0 7.5 6.3 5.2 4.4 3.8 3.6 3.8 4.1 4.3 4.4 4.4 4.4 4.3 4.1 4.0
5.5 6.6 7.9 9.3 10.9 12.8 14.9 17.3 19.9 22.0 22.7 22.8 22.9 23.0 23.2 23.2 23.3 23.4 23.5 23.5 23.6 23.6 23.6 23.6 23.7 23.7 23.9 24.1 24.3 24.6 24.9 25.2 25.6 26.0 26.5 27.0 27.5 28.2 28.9 29.7 30.7 31.8 32.9 34.0 35.0 36.0 36.9 37.8 38.6 39.4 40.1 40.8 41.2 41.6 41.7 41.7 41.4 41.1 40.6 39.9 39.2 38.3 37.4 36.3 35.3 33.9 32.7 31.2 29.5 27.7 25.6 23.6 21.4 19.2 16.8 14.5 12.2 10.0 8.1 6.3 4.8 3.5 2.5 2.0 2.0 2.4 2.8 3.1 3.4 3.5 3.6 3.6 3.5 3.5
6.1 7.3 8.7 10.3 12.1 14.2 16.5 19.0 21.3 22.2 22.4 22.5 22.7 22.8 22.9 22.9 23.0 23.1 23.1 23.2 23.2 23.2 23.2 23.1 23.2 23.3 23.5 23.8 24.0 24.3 24.6 24.9 25.3 25.7 26.1 26.6 27.2 27.9 28.6 29.5 30.5 31.8 33.1 34.4 35.6 36.8 37.8 38.8 39.8 40.7 41.5 42.2 42.8 43.1 43.2 43.1 42.9 42.5 41.9 41.2 40.5 39.7 38.8 37.9 36.7 35.6 34.2 33.0 31.3 29.4 27.4 25.2 22.8 20.1 17.4 14.6 12.0 9.4 7.0 4.9 3.1 1.7 0.8 0.6 0.8 1.2 1.6 2.1 2.4 2.7 2.9 3.0 3.1 3.0
6.8 8.2 9.7 11.4 13.4 15.6 18.1 20.5 21.7 22.0 22.2 22.3 22.4 22.5 22.6 22.6 22.7 22.8 22.8 22.8 22.8 22.7 22.7 22.7 22.8 23.0 23.2 23.4 23.7 23.9 24.2 24.6 24.9 25.3 25.8 26.3 26.9 27.6 28.4 29.3 30.4 31.7 33.3 35.0 36.6 37.9 39.1 40.3 41.4 42.5 43.5 44.3 45.0 45.3 45.4 45.3 45.0 44.5 43.8 43.1 42.3 41.6 40.7 39.9 38.9 37.9 36.7 35.2 33.8 31.9 29.8 27.3 24.5 21.4 18.2 14.9 11.8 8.7 6.0 3.7 2.0 0.8 0.1 0.0 0.0 0.3 0.7 1.2 1.6 2.0 2.3 2.5 2.7 2.8
7.6 9.0 10.7 12.6 14.7 17.2 19.6 21.2 21.6 21.8 21.9 22.0 22.1 22.2 22.3 22.3 22.4 22.4 22.4 22.4 22.3 22.3 22.2 22.3 22.5 22.7 22.9 23.1 23.3 23.6 23.9 24.2 24.6 25.0 25.5 26.0 26.6 27.3 28.1 29.0 30.2 31.6 33.3 35.2 37.3 39.1 40.6 42.1 43.5 44.9 46.1 47.2 47.9 48.3 48.2 48.2 47.8 47.2 46.5 45.7 44.9 44.1 43.4 42.7 41.9 41.0 39.9 38.5 37.0 35.1 32.6 29.7 26.4 22.8 19.2 15.5 12.0 8.8 6.0 3.7 2.0 0.7 0.0 0.0 0.0 0.0 0.0 0.5 1.0 1.4 1.8 2.2 2.4 2.6
8.4 10.0 11.8 13.9 16.2 18.7 20.7 21.3 21.4 21.5 21.6 21.7 21.8 21.9 22.0 22.0 22.0 22.0 22.0 22.0 21.9 21.8 21.9 22.0 22.2 22.4 22.6 22.8 23.0 23.2 23.5 23.8 24.2 24.6 25.1 25.6 26.3 27.0 27.8 28.8 30.0 31.3 33.2 35.2 37.3 39.4 41.4 43.3 45.2 46.9 48.4 49.8 50.8 51.4 51.6 51.4 51.1 50.5 49.8 49.0 48.2 47.4 46.7 46.2 45.5 44.8 43.4 42.2 40.5 38.2 35.1 31.4 27.4 23.4 19.6 15.9 12.4 9.2 6.4 4.1 2.2 0.8 0.0 0.0 0.0 0.0 0.0 0.0 0.5 1.0 1.4 1.8 2.1 2.4
9.3 11.0 13.0 15.2 17.7 20.0 20.8 21.0 21.2 21.3 21.4 21.5 21.5 21.6 21.6 21.7 21.7 21.7 21.6 21.5 21.4 21.4 21.5 21.7 21.9 22.0 22.2 22.4 22.6 22.9 23.2 23.5 23.8 24.3 24.7 25.3 25.9 26.7 27.5 28.6 29.8 31.3 33.0 35.0 37.1 38.7 40.2 42.3 45.0 46.9 48.4 49.7 50.8 51.6 52.2 52.6 52.9 53.1 53.0 52.3 51.6 50.9 50.2 49.8 49.3 48.5 46.7 44.4 41.7 38.5 35.1 31.4 27.6 23.7 20.0 16.3 12.8 9.6 6.8 4.4 2.5 1.1 0.0 0.0 0.0 0.0 0.0 0.0 0.1 0.6 1.1 1.5 1.9 2.2
10.3 12.1 14.3 16.7 19.1 20.4 20.7 20.8 20.9 21.0 21.1 21.2 21.2 21.3 21.3 21.3 21.3 21.2 21.1 21.0 20.9 21.0 21.2 21.3 21.5 21.7 21.9 22.1 22.3 22.5 22.8 23.1 23.5 23.9 24.4 24.9 25.6 26.4 27.3 28.3 29.6 31.1 32.8 34.9 37.1 38.8 40.6 42.5 44.8 46.5 47.7 49.0 50.1 50.9 51.5 52.0 52.4 52.6 52.8 52.7 52.5 52.1 51.6 50.9 49.6 48.4 46.6 44.2 41.4 38.1 34.7 31.3 27.6 24.1 20.3 16.7 13.2 10.0 7.2 4.8 2.9 1.3 0.2 0.0 0.0 0.0 0.0 0.0 0.0 0.3 0.8 1.3 1.7 2.0
