main/data/rainfall/08.03.2023.grid
ncols 886
nrows 691
xllcenter 112.0000
yllcenter -44.5000
cellsize 0.0500
nodata_value 99999.90
[rows 630 to 671 of 691, columns 658 to 751 of 886]
24.4 25.0 26.9 28.0 26.2 27.1 25.4 24.5 26.0 25.4 34.3 38.0 34.7 34.3 33.5 32.5 31.3 30.9 30.0 33.4 40.5 30.8 26.6 25.7 19.9 17.6 16.7 13.9 9.7 9.3 7.5 5.8 4.8 4.9 4.8 4.4 4.4 4.4 4.5 4.5 4.7 4.7 4.3 4.7 3.9 3.8 3.5 4.2 5.9 7.7 9.5 11.1 11.6 15.3 17.9 18.9 18.3 15.3 12.8 13.2 11.2 9.5 8.0 6.3 4.5 3.7 2.6 1.9 1.9 2.4 2.9 3.3 3.7 4.1 4.6 5.2 6.0 6.1 5.9 5.7 5.6 5.4 5.2 5.1 4.9 4.8 4.7 4.6 4.4 4.3 4.2 4.2 4.6 5.3
24.5 26.2 26.5 26.1 31.4 24.4 28.0 34.6 39.0 39.3 36.3 35.7 35.8 33.9 28.4 33.4 35.7 34.1 33.9 39.9 37.3 32.6 30.5 26.9 20.2 17.6 16.7 13.5 11.2 9.1 7.9 6.9 5.8 5.7 5.0 5.1 4.9 4.2 4.3 4.4 4.3 4.2 3.9 3.7 3.1 3.0 2.8 2.9 3.8 5.2 8.5 8.1 11.3 13.5 15.4 16.6 16.1 12.7 11.7 14.1 10.6 8.2 5.8 5.0 3.1 1.7 1.1 1.1 1.1 1.6 2.2 2.7 3.1 3.5 4.0 4.6 5.5 5.8 5.7 5.5 5.3 5.2 5.0 4.9 4.7 4.6 4.5 4.4 4.2 4.1 4.0 4.0 4.3 5.0
24.3 26.4 26.8 25.0 27.4 29.7 26.9 35.0 44.8 42.6 33.8 40.8 33.0 35.2 33.6 36.3 34.9 26.8 26.7 37.7 38.6 34.0 28.9 28.1 22.0 17.6 20.1 15.2 17.0 11.4 9.0 7.6 6.9 6.4 6.1 5.7 5.5 5.4 5.6 4.5 4.4 4.2 3.9 3.5 3.0 2.6 2.1 2.2 2.7 3.5 4.7 5.8 8.2 10.5 11.5 13.6 14.3 14.0 11.0 9.3 8.2 5.9 4.3 3.2 1.8 0.9 0.4 0.5 1.0 1.2 1.7 2.3 2.7 3.1 3.5 4.1 5.3 5.6 5.4 5.3 5.1 4.9 4.8 4.7 4.5 4.4 4.3 4.2 4.1 4.0 3.8 3.8 4.0 4.7
24.0 24.3 26.5 26.8 27.0 30.4 32.2 35.7 44.2 39.3 39.4 29.8 35.9 41.4 34.0 40.9 25.8 29.8 40.5 43.9 43.8 39.0 36.9 29.3 24.8 21.6 21.6 16.8 21.4 17.5 16.0 10.1 8.2 8.0 7.3 7.3 8.9 6.9 6.8 6.3 4.7 4.3 3.9 3.4 2.9 2.4 2.0 1.7 1.9 2.3 3.0 4.3 5.8 7.3 7.1 9.4 10.0 9.6 8.6 6.3 5.2 4.3 4.4 3.5 2.1 1.1 0.7 0.6 0.7 1.1 1.5 1.9 2.4 2.8 3.2 3.8 4.9 5.3 5.2 5.0 4.9 4.8 4.6 4.5 4.4 4.2 4.1 4.0 3.9 3.8 3.7 3.6 3.8 4.5
24.4 26.0 27.0 27.8 29.6 28.8 35.5 42.4 39.6 41.8 34.0 31.5 37.2 38.2 29.5 30.5 33.0 43.3 37.0 36.6 47.2 46.7 37.1 29.8 24.5 26.0 21.0 17.2 16.0 21.3 17.2 15.7 13.1 8.9 8.3 8.0 8.0 7.3 7.1 6.3 5.0 4.5 4.0 3.5 2.9 2.3 1.9 1.6 1.5 1.6 2.1 2.6 3.1 4.0 4.9 6.5 7.3 7.2 5.3 4.5 5.3 4.9 4.4 3.2 2.1 1.4 1.0 0.8 0.7 0.9 1.3 1.7 2.1 2.5 3.0 3.8 5.0 5.1 5.0 4.9 4.7 4.6 4.5 4.3 4.2 4.1 4.0 3.9 3.8 3.7 3.6 3.5 3.6 4.3
24.5 24.6 25.1 27.1 31.9 30.6 35.8 37.4 39.8 40.1 34.4 32.4 35.0 39.2 29.8 34.6 40.1 42.8 43.1 43.1 42.9 43.3 39.2 26.9 35.2 23.0 21.9 29.4 24.7 25.0 20.3 18.8 16.4 14.7 10.0 11.4 12.6 10.6 9.6 7.8 5.5 4.6 4.0 3.4 2.8 2.3 1.8 1.5 1.1 1.1 1.3 1.6 2.0 3.2 3.7 3.5 3.8 3.8 4.0 4.7 5.9 4.6 3.7 2.3 1.9 1.4 0.9 0.6 0.6 0.8 1.1 1.4 1.9 2.2 2.7 3.6 4.8 5.0 4.8 4.7 4.6 4.4 4.3 4.2 4.1 4.0 3.9 3.8 3.7 3.6 3.5 3.4 3.5 4.1
24.5 24.5 24.8 27.7 30.7 35.1 36.8 33.6 42.9 44.6 50.5 34.6 47.1 34.4 41.1 32.3 43.2 38.1 42.3 32.2 39.5 38.3 33.8 39.7 34.1 30.0 21.5 28.9 26.2 26.2 22.5 19.7 17.6 17.8 14.3 14.3 10.6 10.9 9.6 8.5 6.3 4.9 3.9 3.3 2.7 2.2 1.6 1.1 0.8 0.7 0.8 0.9 1.2 1.6 2.0 2.3 2.5 2.7 3.3 3.7 3.0 2.6 2.2 2.5 1.6 1.1 0.8 0.6 0.5 0.6 0.9 1.2 1.6 2.0 2.6 3.5 4.6 4.8 4.7 4.5 4.4 4.3 4.2 4.1 4.0 3.9 3.8 3.7 3.6 3.5 3.4 3.3 3.4 4.0
24.5 24.5 25.3 26.7 32.1 37.5 47.4 40.6 41.7 42.1 43.7 53.1 50.3 56.3 52.2 41.2 32.5 41.9 42.6 34.5 37.0 42.9 38.0 36.1 30.4 33.8 31.1 29.5 29.4 27.9 24.6 22.5 18.8 16.9 15.6 16.1 10.5 10.3 9.6 9.1 9.1 7.4 5.0 3.4 2.9 2.1 1.4 0.9 0.6 0.4 0.4 0.4 0.6 1.1 1.5 2.2 2.5 2.3 2.6 2.6 2.8 2.7 2.2 1.7 1.1 0.8 0.5 0.4 0.3 0.4 0.7 1.0 1.4 1.8 2.4 3.1 4.3 4.6 4.5 4.4 4.3 4.2 4.1 4.0 3.9 3.8 3.7 3.6 3.5 3.4 3.3 3.2 3.3 3.9
24.4 24.5 25.1 26.6 27.8 32.1 49.4 39.9 45.4 40.6 41.8 54.2 60.4 49.2 49.3 57.5 51.0 49.9 48.0 46.4 33.8 37.7 36.2 39.2 31.9 39.2 34.5 35.1 30.6 26.0 24.2 23.7 20.5 19.0 15.9 12.7 11.6 10.8 11.1 10.2 8.2 7.2 6.1 5.0 2.6 2.3 1.4 0.8 0.5 0.3 0.2 0.2 0.3 0.5 1.0 1.6 2.3 2.6 3.2 3.4 2.9 2.2 1.6 1.4 0.8 0.6 0.3 0.1 0.1 0.2 0.5 0.8 1.2 1.6 2.2 2.9 3.6 4.4 4.4 4.3 4.2 4.1 4.0 3.9 3.8 3.7 3.6 3.5 3.4 3.3 3.2 3.1 3.3 3.8
24.3 24.5 25.0 26.1 27.1 28.1 29.3 32.4 33.4 40.3 40.7 41.4 52.4 51.0 55.8 53.0 40.2 45.8 53.4 50.1 45.8 37.9 46.7 38.1 35.2 39.6 38.6 33.2 30.5 31.4 26.2 19.0 24.4 18.9 16.3 13.7 13.0 11.8 11.6 12.1 8.5 7.6 6.6 4.4 3.2 2.7 1.8 0.9 0.7 0.4 0.2 0.1 0.2 0.4 0.8 1.4 1.9 2.2 2.7 2.8 2.4 1.9 1.5 1.0 0.6 0.3 0.1 0.0 0.0 0.0 0.3 0.6 1.0 1.5 2.1 2.8 3.4 4.2 4.3 4.2 4.1 4.0 3.9 3.8 3.7 3.6 3.5 3.4 3.3 3.2 3.2 3.1 3.3 3.8
24.2 24.4 24.7 25.3 25.9 26.7 27.5 29.9 34.0 36.9 43.4 41.1 40.6 50.5 55.7 51.4 38.9 48.7 57.6 53.4 53.5 49.7 44.7 40.6 32.7 38.8 39.5 35.5 31.3 28.0 24.9 23.1 26.7 21.1 17.8 17.3 15.8 13.6 12.0 10.3 9.2 8.4 7.4 4.6 4.4 3.5 2.8 1.2 0.8 0.6 0.4 0.2 0.3 0.5 0.8 1.3 1.7 2.1 2.4 2.6 1.9 1.6 1.2 0.8 0.5 0.2 0.0 0.0 0.0 0.0 0.2 0.4 0.8 1.3 2.0 2.7 3.4 4.2 4.2 4.1 4.0 4.0 3.9 3.8 3.7 3.6 3.5 3.4 3.3 3.2 3.1 3.1 3.3 3.8
24.0 24.0 24.1 24.2 24.4 24.8 25.4 26.1 30.8 28.5 30.4 33.5 41.2 42.6 54.3 43.1 44.6 48.1 51.3 54.6 50.0 53.1 54.1 44.7 43.4 30.9 43.0 36.9 36.7 33.4 25.2 22.8 19.7 19.5 23.7 20.0 13.7 12.8 11.2 10.6 10.6 9.7 8.3 6.2 5.2 4.3 3.3 2.1 1.2 0.8 0.6 0.4 0.4 0.6 0.9 1.2 1.5 2.2 2.1 2.5 1.9 1.5 1.2 0.8 0.6 0.2 0.1 0.0 0.0 0.1 0.2 0.5 0.9 1.4 2.2 3.0 4.0 4.2 4.2 4.1 4.0 3.9 3.8 3.7 3.6 3.5 3.4 3.3 3.2 3.1 3.1 3.0 3.3 3.8
23.7 23.6 23.4 23.0 22.7 22.7 22.9 23.5 28.1 30.8 34.8 36.4 40.3 38.9 58.1 40.8 42.9 47.9 50.0 50.6 49.8 51.7 43.8 52.2 43.6 35.2 33.0 34.4 37.6 34.6 35.3 24.1 22.5 22.9 22.4 20.4 16.0 13.7 13.2 11.7 10.6 9.4 7.8 8.0 5.9 4.7 3.7 2.8 1.6 1.1 0.8 0.6 0.6 0.7 0.9 1.3 1.5 2.1 2.2 2.4 2.0 1.5 1.3 1.0 0.7 0.5 0.3 0.2 0.2 0.3 0.5 0.8 1.2 1.7 2.6 3.6 4.1 4.2 4.1 4.0 3.9 3.9 3.8 3.7 3.6 3.5 3.4 3.3 3.2 3.1 3.0 3.0 3.4 3.8
23.6 23.4 22.8 22.0 21.3 20.7 20.6 21.2 22.5 25.7 31.0 35.7 40.8 33.4 47.2 41.6 50.0 49.7 61.7 53.4 49.6 44.5 48.1 48.5 39.1 39.8 40.3 44.2 37.5 32.3 28.4 25.0 22.4 22.6 21.5 19.5 17.9 15.2 14.5 12.7 11.4 10.5 9.7 8.7 6.7 5.5 4.4 3.3 1.9 1.4 1.0 0.8 0.7 0.7 1.0 1.3 1.4 1.7 1.8 2.0 2.1 1.7 1.4 1.1 0.8 0.7 0.5 0.5 0.7 0.6 0.9 1.1 1.5 2.2 3.0 4.0 4.2 4.1 4.1 4.0 3.9 3.8 3.7 3.7 3.6 3.5 3.4 3.3 3.2 3.1 3.0 3.0 3.4 3.9
23.6 23.4 22.8 21.6 20.5 19.6 19.6 20.7 21.2 22.9 28.8 26.9 32.9 38.1 51.5 43.7 44.0 51.7 55.5 50.1 54.5 45.1 43.4 51.2 43.5 42.9 42.2 41.2 57.3 38.7 30.9 27.8 24.9 23.9 24.1 22.2 19.8 16.8 13.9 13.3 11.5 10.3 10.9 8.6 7.1 6.3 5.2 3.9 2.6 1.8 1.1 0.9 0.7 0.8 1.0 1.2 1.4 1.6 2.1 2.1 1.9 1.7 1.4 1.1 0.9 0.8 0.8 0.8 0.9 1.2 1.2 1.6 2.1 2.9 3.9 4.2 4.1 4.1 4.0 4.0 3.9 3.8 3.7 3.6 3.5 3.5 3.4 3.3 3.2 3.1 3.0 3.1 3.6 4.0
23.6 23.5 23.1 22.2 20.9 20.1 20.6 20.9 21.9 23.3 28.5 36.3 40.0 45.7 51.4 40.2 44.6 48.9 55.7 56.2 56.9 46.6 45.0 45.9 45.6 51.1 45.5 44.9 41.2 47.5 34.7 30.1 27.3 26.0 25.5 23.1 21.1 17.0 14.2 13.2 12.2 10.6 10.5 9.1 7.9 7.1 5.8 4.2 2.9 2.2 1.5 1.0 0.9 0.8 1.0 1.3 1.4 1.6 1.7 1.9 1.8 1.5 1.2 1.1 1.0 0.9 1.0 1.1 1.4 1.4 1.7 2.2 2.9 3.8 4.1 4.1 4.1 4.0 4.0 3.9 3.8 3.8 3.7 3.6 3.5 3.4 3.4 3.3 3.2 3.1 3.0 3.3 3.7 4.1
23.6 23.6 23.5 23.0 22.1 21.5 21.6 24.5 23.8 24.5 26.1 30.0 31.4 49.3 47.3 44.0 50.2 46.0 56.3 54.7 52.9 45.5 46.8 46.4 43.5 63.2 47.1 58.6 45.3 39.3 36.4 31.8 30.5 27.0 25.3 24.3 21.6 19.5 14.6 15.9 14.5 11.4 10.6 8.7 8.8 6.9 4.9 4.1 3.1 2.3 1.7 1.3 1.1 1.0 1.0 1.1 1.2 1.2 1.5 1.5 1.3 1.2 1.0 1.0 1.0 1.0 1.1 1.3 1.6 1.7 2.0 2.6 3.5 4.1 4.1 4.1 4.0 4.0 3.9 3.9 3.8 3.7 3.7 3.6 3.5 3.4 3.3 3.2 3.2 3.1 3.1 3.4 3.8 4.2
23.7 23.8 23.8 23.8 23.7 23.3 23.5 27.4 30.6 27.0 27.4 28.9 30.3 32.0 36.9 46.0 44.6 38.5 51.4 45.8 45.8 46.4 43.8 43.5 41.8 52.7 45.5 44.8 49.4 40.8 37.9 33.5 29.9 29.9 26.9 24.5 21.4 18.4 15.9 17.2 15.7 13.2 10.3 8.9 7.7 7.1 5.2 4.4 3.8 3.1 2.2 1.6 1.4 1.1 1.0 1.0 1.0 1.1 1.0 1.1 1.0 0.9 0.9 0.9 0.9 1.0 1.2 1.5 1.7 2.0 2.4 3.0 3.8 4.1 4.1 4.0 4.0 3.9 3.9 3.8 3.8 3.7 3.6 3.6 3.5 3.4 3.3 3.2 3.1 3.1 3.2 3.6 4.0 4.3
23.7 23.8 24.0 24.2 24.5 24.8 25.2 27.1 29.3 33.8 31.7 29.8 30.9 33.9 40.7 41.6 50.0 41.2 46.6 50.1 43.4 44.7 44.2 54.7 42.6 42.1 46.8 45.4 43.6 42.5 39.8 35.9 30.0 29.7 26.7 24.9 20.1 18.0 16.9 15.0 14.0 12.2 10.9 10.0 9.4 6.4 5.7 6.0 4.5 3.8 2.8 2.2 1.7 1.4 1.1 1.0 0.9 1.0 1.0 0.9 0.7 0.7 0.7 0.7 0.8 1.0 1.3 1.5 1.8 2.1 2.6 3.6 4.0 4.0 4.0 4.0 3.9 3.9 3.8 3.8 3.7 3.7 3.6 3.5 3.4 3.4 3.3 3.2 3.1 3.1 3.4 3.8 4.2 4.4
23.6 23.8 24.0 24.3 24.7 25.2 25.7 26.4 30.9 32.6 36.5 30.6 32.3 36.1 33.2 36.4 40.2 41.4 37.6 40.7 48.6 40.9 43.7 55.5 45.1 48.5 48.1 45.6 43.2 41.9 47.1 36.8 31.6 30.5 26.2 24.2 21.6 18.5 19.1 15.5 13.2 13.0 11.7 12.9 12.1 7.0 6.4 5.6 6.0 4.7 3.2 2.6 2.1 1.7 1.3 1.1 0.9 0.9 0.9 0.7 0.6 0.5 0.5 0.6 0.8 1.0 1.3 1.6 1.9 2.2 2.8 3.8 4.0 4.0 3.9 3.9 3.9 3.8 3.8 3.7 3.7 3.6 3.5 3.5 3.4 3.3 3.2 3.2 3.1 3.1 3.5 4.0 4.4 4.6
23.3 23.5 23.8 24.2 24.6 25.1 25.7 26.3 29.7 32.5 34.6 31.1 31.2 34.2 37.0 42.5 44.9 45.9 41.5 44.3 43.1 40.8 42.6 43.9 46.6 54.7 50.0 49.2 44.4 43.8 40.1 36.4 38.1 35.9 30.2 26.5 21.8 19.4 17.9 14.6 13.0 15.2 14.4 14.3 9.6 8.7 7.2 7.4 6.3 4.6 3.5 2.9 2.7 2.1 1.6 1.2 1.0 0.8 0.8 0.6 0.4 0.4 0.4 0.5 0.7 1.0 1.3 1.6 2.0 2.4 3.0 3.8 4.0 3.9 3.9 3.8 3.8 3.8 3.7 3.6 3.6 3.5 3.5 3.4 3.3 3.3 3.2 3.1 3.1 3.2 3.8 4.2 4.5 4.8
22.8 23.1 23.4 23.8 24.2 24.7 25.2 25.9 29.0 27.9 33.6 30.2 31.0 32.0 44.3 33.8 39.1 35.5 41.9 41.2 40.6 42.6 48.1 40.8 47.9 55.5 55.8 50.0 48.3 41.7 42.0 37.7 52.9 38.5 38.2 29.5 25.4 20.3 17.8 15.5 14.1 16.9 14.7 13.0 10.2 9.8 9.1 9.8 8.3 5.0 3.9 3.4 2.6 2.2 1.7 1.2 0.9 0.7 0.6 0.5 0.3 0.3 0.3 0.4 0.6 0.9 1.3 1.7 2.1 2.7 3.3 3.9 3.9 3.9 3.8 3.8 3.7 3.7 3.6 3.6 3.5 3.5 3.4 3.3 3.3 3.2 3.1 3.0 3.0 3.4 4.0 4.4 4.7 4.9
22.0 22.3 22.6 23.0 23.4 23.9 24.5 25.1 25.8 28.8 30.5 31.2 30.8 32.9 45.0 38.8 39.1 34.9 38.6 42.7 39.1 41.5 39.8 49.6 43.7 51.0 43.7 44.6 47.7 42.6 42.3 38.6 38.7 57.6 45.3 37.0 26.4 25.8 19.5 16.9 16.3 14.4 19.3 12.4 11.9 10.9 10.8 8.7 8.5 6.6 4.6 3.7 3.1 2.5 1.8 1.3 0.9 0.7 0.5 0.5 0.2 0.1 0.2 0.3 0.7 1.0 1.3 1.7 2.4 3.2 3.7 3.9 3.9 3.8 3.8 3.7 3.7 3.6 3.6 3.5 3.4 3.4 3.3 3.2 3.2 3.1 3.0 3.0 3.0 3.6 4.2 4.6 4.9 5.1
20.9 21.2 21.6 21.9 22.4 22.8 23.4 24.0 24.7 25.6 29.1 30.3 31.6 35.7 37.5 38.3 38.7 38.6 36.8 40.2 39.1 47.9 49.5 46.9 43.6 48.8 43.9 43.6 48.0 44.5 41.9 39.6 42.3 77.9 57.9 60.9 31.4 24.9 21.5 18.5 16.5 16.0 19.9 20.5 13.2 12.6 10.8 8.8 8.8 7.9 5.1 3.7 3.5 2.5 2.0 1.4 1.0 0.7 0.5 0.3 0.2 0.1 0.2 0.4 0.7 1.1 1.4 1.8 2.4 3.5 3.9 4.0 3.9 3.8 3.8 3.7 3.6 3.6 3.5 3.4 3.4 3.3 3.2 3.1 3.1 3.0 2.9 2.9 3.1 3.8 4.4 4.8 5.1 5.3
19.5 19.8 20.1 20.5 20.9 21.4 22.0 22.6 23.3 24.1 27.2 29.9 28.5 31.4 34.8 37.9 42.9 36.7 38.6 42.5 40.8 52.6 43.5 46.3 42.9 43.4 44.0 44.0 44.2 48.5 42.4 40.7 45.2 72.7 60.7 40.3 29.2 34.2 23.8 20.3 17.3 17.2 16.8 26.3 23.6 14.1 11.6 9.6 8.3 7.0 6.4 4.0 3.2 3.0 2.3 1.6 1.1 0.8 0.5 0.3 0.2 0.2 0.3 0.6 0.8 1.1 1.5 1.9 2.7 3.7 4.0 4.0 3.9 3.8 3.7 3.7 3.6 3.5 3.4 3.4 3.3 3.2 3.1 3.1 3.0 2.9 2.8 2.8 3.3 4.0 4.6 5.0 5.3 5.5
17.8 18.1 18.4 18.8 19.2 19.7 20.3 21.0 21.7 22.6 25.2 27.5 28.9 28.9 30.5 34.1 41.2 36.3 38.0 36.2 37.5 44.0 44.7 43.6 45.9 43.5 44.4 44.6 45.4 46.0 43.0 42.4 40.7 36.9 35.0 33.9 39.9 38.8 25.0 23.2 25.6 18.4 17.4 16.3 21.7 13.8 13.0 10.2 9.0 8.1 5.6 4.2 3.3 2.5 2.1 1.4 1.1 0.9 0.6 0.4 0.3 0.4 0.5 0.6 0.9 1.2 1.6 2.0 2.8 3.9 4.1 4.0 3.9 3.8 3.7 3.6 3.6 3.5 3.4 3.3 3.2 3.2 3.1 3.0 2.9 2.8 2.7 2.8 3.5 4.3 4.8 5.2 5.5 5.7
15.8 16.1 16.5 16.9 17.4 17.9 18.5 19.3 20.1 21.0 22.1 25.7 27.4 28.7 30.8 33.2 35.7 36.4 35.0 38.4 41.5 46.9 44.4 44.0 44.6 44.9 44.9 45.6 45.4 45.4 45.6 43.4 42.2 40.1 43.5 37.5 32.8 29.6 36.5 33.3 30.1 22.8 21.3 18.9 17.5 15.8 21.6 11.2 10.8 8.1 6.3 4.4 3.3 2.5 1.9 1.5 1.4 1.2 0.9 0.6 0.5 0.5 0.6 0.8 1.0 1.4 1.7 2.2 3.0 4.1 4.2 4.1 4.0 3.9 3.8 3.7 3.6 3.5 3.4 3.3 3.2 3.1 3.0 2.9 2.9 2.8 2.7 2.8 3.7 4.5 5.0 5.4 5.7 5.9
13.7 14.1 14.5 14.9 15.5 16.1 16.7 17.5 18.4 19.5 20.6 23.2 24.5 28.4 29.0 31.5 34.6 37.5 36.7 36.6 40.8 43.6 43.3 44.1 44.6 44.7 45.0 46.6 53.2 46.6 47.7 42.6 41.9 43.7 38.9 54.6 45.6 45.7 42.0 33.0 28.9 32.2 31.6 22.0 24.8 25.8 20.7 12.6 9.8 7.9 7.3 5.1 3.5 2.7 2.0 2.0 1.7 1.3 1.1 0.7 0.6 0.6 0.7 0.9 1.2 1.5 1.9 2.3 2.9 4.1 4.3 4.1 4.0 3.9 3.8 3.7 3.6 3.5 3.4 3.3 3.2 3.1 3.0 2.9 2.8 2.7 2.7 3.0 3.9 4.7 5.3 5.7 5.9 6.1
11.7 12.1 12.5 13.1 13.6 14.3 15.1 15.9 16.9 18.1 19.3 20.7 22.9 25.5 27.7 32.2 33.8 34.1 36.2 36.4 39.8 42.7 47.4 44.2 44.7 45.4 45.9 45.8 45.9 45.6 44.9 44.1 40.2 46.3 45.3 48.3 39.8 35.4 43.2 36.7 34.4 37.5 37.2 33.4 31.7 27.2 26.6 20.2 11.0 7.7 6.0 4.7 3.6 2.8 2.3 1.8 1.6 1.3 1.1 1.0 0.7 0.7 0.7 0.9 1.2 1.6 2.0 2.4 2.9 3.8 4.3 4.2 4.1 4.0 3.9 3.7 3.6 3.5 3.4 3.3 3.2 3.1 3.0 2.9 2.8 2.7 2.7 3.2 4.2 5.0 5.5 5.9 6.1 6.3
9.8 10.3 10.8 11.4 12.0 12.8 13.6 14.5 15.6 16.8 18.2 19.7 21.3 23.4 25.5 29.2 35.5 31.7 34.7 39.2 37.2 42.1 45.2 50.5 44.7 44.9 45.7 47.0 45.6 45.6 50.2 59.8 42.9 39.6 40.1 51.2 44.9 34.5 29.6 31.7 37.7 27.0 30.0 24.2 20.4 20.3 20.4 15.3 11.0 7.5 5.9 4.7 3.8 3.0 2.5 2.1 1.8 1.5 1.1 0.9 0.7 0.6 0.7 0.9 1.3 1.7 2.1 2.4 2.9 3.9 4.4 4.3 4.2 4.1 3.9 3.8 3.7 3.6 3.5 3.4 3.3 3.2 3.1 3.0 2.9 2.8 2.8 3.5 4.5 5.2 5.8 6.1 6.3 6.5
8.2 8.7 9.3 10.0 10.7 11.5 12.4 13.4 14.5 15.8 17.3 18.8 20.6 22.5 24.5 27.6 29.9 31.3 33.7 38.4 40.5 38.4 41.2 41.4 43.9 47.3 47.9 45.9 45.6 45.3 46.4 48.0 43.0 45.5 48.4 38.9 42.9 38.9 31.1 27.9 27.9 27.3 25.0 19.9 20.3 23.2 15.7 12.6 9.4 7.1 5.8 4.9 4.1 3.3 2.8 2.4 2.0 1.6 1.2 0.7 0.5 0.4 0.5 0.9 1.3 1.8 2.2 2.5 3.2 4.2 4.5 4.4 4.3 4.2 4.0 3.9 3.8 3.7 3.6 3.5 3.4 3.3 3.2 3.1 2.9 2.8 2.9 3.8 4.8 5.5 6.0 6.3 6.6 6.7
6.9 7.5 8.1 8.8 9.6 10.5 11.4 12.5 13.7 15.1 16.6 18.2 20.0 22.0 24.1 26.3 29.2 31.7 34.8 39.7 40.2 42.3 40.6 43.6 47.3 45.9 44.9 46.0 44.8 45.1 47.5 45.2 46.5 42.2 45.8 49.7 41.2 33.1 30.3 30.1 34.1 33.1 30.3 19.7 22.1 22.9 18.7 12.4 9.2 7.5 6.2 5.2 4.4 3.8 3.2 3.4 2.8 1.8 1.2 0.8 0.3 0.2 0.4 0.8 1.4 1.9 2.3 2.7 3.5 4.3 4.6 4.6 4.4 4.3 4.2 4.0 3.9 3.8 3.7 3.6 3.5 3.4 3.3 3.2 3.1 3.0 3.1 4.2 5.1 5.8 6.3 6.6 6.8 6.9
5.9 6.5 7.2 7.9 8.8 9.7 10.7 11.9 13.1 14.5 16.1 17.8 19.7 21.8 23.9 26.2 28.6 31.7 34.5 36.9 42.1 41.2 40.2 46.5 43.6 43.2 45.1 43.7 42.1 44.2 46.9 44.8 41.7 39.5 38.8 36.3 34.7 37.9 32.3 32.5 32.6 33.3 22.1 22.7 26.5 23.1 19.2 13.3 9.9 9.7 6.9 5.8 5.0 4.3 3.7 3.2 2.8 2.3 1.9 1.0 0.2 0.0 0.4 1.0 1.6 2.1 2.5 3.0 3.6 4.4 4.7 4.7 4.6 4.4 4.3 4.2 4.1 3.9 3.8 3.7 3.6 3.5 3.4 3.3 3.2 3.1 3.5 4.6 5.5 6.1 6.6 6.9 7.0 7.2
5.1 5.8 6.5 7.3 8.2 9.2 10.3 11.5 12.8 14.3 15.9 17.7 19.6 21.7 23.9 26.2 28.6 31.0 36.0 36.5 40.3 39.4 41.9 41.9 44.1 43.7 44.5 45.9 44.9 43.9 42.9 42.5 43.7 43.8 55.4 51.3 36.4 45.6 32.1 32.4 27.4 26.3 21.3 24.4 19.7 17.4 20.3 12.5 11.4 9.2 7.7 6.6 5.7 4.9 4.3 3.8 3.3 3.3 2.5 1.3 0.9 0.6 0.9 1.4 1.9 2.4 2.8 3.3 3.9 4.6 4.9 4.9 4.7 4.6 4.5 4.3 4.2 4.1 4.0 3.9 3.8 3.7 3.6 3.5 3.4 3.4 4.0 5.0 5.8 6.4 6.8 7.1 7.3 7.4
4.6 5.3 6.1 7.0 7.9 8.9 10.1 11.3 12.7 14.2 15.9 17.7 19.7 21.9 24.1 26.5 28.9 31.2 33.7 40.5 40.4 39.7 42.7 42.5 43.9 44.0 44.5 42.4 44.6 41.4 46.5 42.4 41.1 42.8 47.2 41.4 37.2 49.6 38.4 35.2 29.1 26.8 20.6 23.0 18.0 22.7 18.7 13.7 11.3 9.8 9.2 7.5 6.6 5.8 5.1 4.5 4.0 3.7 3.6 2.5 2.0 1.7 1.6 2.0 2.5 2.9 3.3 3.8 4.3 4.9 5.2 5.1 4.9 4.8 4.6 4.5 4.4 4.3 4.2 4.1 4.0 3.9 3.8 3.7 3.6 3.6 4.5 5.5 6.2 6.8 7.1 7.4 7.5 7.6
4.3 5.1 5.9 6.8 7.8 8.9 10.1 11.4 12.8 14.4 16.1 18.0 20.1 22.2 24.5 26.9 29.3 31.6 33.9 36.6 38.3 39.7 41.5 42.4 44.6 43.0 43.2 46.2 43.7 39.9 41.2 47.5 49.6 40.5 42.7 41.7 36.2 46.3 40.9 33.5 33.2 26.1 24.4 19.6 17.8 17.2 20.6 13.3 11.8 10.5 9.4 8.4 7.5 6.7 6.0 5.4 4.9 4.5 4.1 3.7 3.2 2.9 2.9 3.0 3.3 3.6 4.0 4.4 5.0 5.4 5.4 5.2 5.1 5.0 4.8 4.7 4.6 4.5 4.4 4.3 4.2 4.1 4.0 3.9 3.8 4.1 5.0 6.0 6.6 7.1 7.5 7.7 7.8 7.8
4.2 5.0 5.9 6.8 7.9 9.0 10.3 11.6 13.2 14.8 16.6 18.6 20.6 22.8 25.1 27.5 29.8 32.2 34.4 36.5 38.4 40.1 42.4 43.0 44.8 43.2 43.2 42.1 42.1 40.4 42.7 41.2 46.9 42.1 50.8 43.0 38.5 37.9 40.7 31.7 23.7 26.6 21.7 19.8 17.3 16.1 14.8 13.6 12.8 11.2 10.1 9.1 8.3 7.6 7.0 6.5 6.1 5.7 5.3 4.8 4.4 4.2 4.1 4.1 4.2 4.4 4.8 5.3 5.8 5.8 5.6 5.4 5.3 5.2 5.0 4.9 4.8 4.7 4.6 4.5 4.4 4.3 4.2 4.1 4.1 4.7 5.6 6.5 7.1 7.5 7.8 7.9 8.0 8.1
4.3 5.1 6.0 7.1 8.2 9.4 10.7 12.2 13.8 15.5 17.4 19.3 21.5 23.7 25.9 28.2 30.5 32.7 34.9 36.9 38.7 40.3 42.3 43.1 43.7 43.8 43.0 41.9 40.9 38.6 39.9 37.6 40.3 35.4 39.1 37.4 34.0 38.1 41.7 35.4 26.3 21.3 22.2 18.0 16.9 15.8 14.8 15.9 14.1 11.8 10.8 9.9 9.2 8.6 8.0 7.6 7.2 6.9 6.4 6.0 5.6 5.3 5.2 5.1 5.3 5.5 5.9 6.2 6.2 6.0 5.8 5.7 5.5 5.4 5.2 5.1 5.0 4.9 4.8 4.7 4.6 4.5 4.4 4.3 4.5 5.3 6.3 7.0 7.5 7.8 8.1 8.2 8.3 8.3
5.1 5.4 6.4 7.5 8.7 10.0 11.4 13.0 14.7 16.5 18.4 20.4 22.5 24.7 26.9 29.1 31.3 33.4 35.4 37.2 38.9 40.4 42.2 43.7 43.7 44.6 42.3 41.1 39.8 37.9 36.4 38.1 35.9 33.1 34.4 36.8 34.3 36.6 32.1 23.7 22.1 22.5 20.4 17.6 16.7 15.7 15.7 14.3 16.2 13.0 11.5 10.7 10.1 9.5 9.1 8.7 8.3 7.9 7.5 7.1 6.9 6.6 6.3 6.3 6.9 6.9 6.7 6.6 6.4 6.2 6.0 5.9 5.7 5.6 5.5 5.4 5.3 5.1 5.0 5.0 4.9 4.8 4.7 4.7 5.1 6.1 6.9 7.5 7.9 8.2 8.4 8.5 8.5 8.5
8.2 6.7 7.1 8.2 9.5 10.9 12.4 14.1 15.9 17.7 19.7 21.7 23.8 26.0 28.1 30.2 32.2 34.1 35.9 37.5 39.0 40.3 41.4 42.9 43.1 43.5 42.1 40.9 38.4 36.7 41.3 37.9 35.1 31.0 41.6 37.3 33.1 36.1 32.1 25.2 21.8 19.6 18.5 17.5 16.6 15.8 15.1 14.3 16.1 12.8 12.1 11.4 10.9 10.4 10.0 9.5 9.3 8.9 8.6 8.4 8.3 8.1 7.9 7.7 7.6 7.3 7.1 6.8 6.6 6.4 6.3 6.1 6.0 5.8 5.7 5.6 5.5 5.4 5.3 5.2 5.1 5.0 4.9 5.1 5.9 6.8 7.5 8.0 8.3 8.5 8.7 8.8 8.8 8.8
13.5 10.7 9.0 9.4 10.6 12.1 13.8 15.5 17.4 19.3 21.3 23.3 25.4 27.4 29.4 31.3 33.1 34.8 36.3 37.7 38.9 39.9 40.7 43.1 41.9 41.7 40.2 38.6 36.9 34.9 33.4 37.0 37.3 29.3 29.2 35.8 40.1 40.1 26.4 22.5 21.9 19.5 18.5 17.6 16.8 16.0 15.3 14.7 15.8 13.3 12.7 12.1 11.6 11.1 10.7 10.4 10.5 10.3 9.9 9.5 9.2 8.8 8.5 8.2 7.9 7.6 7.3 7.1 6.9 6.7 6.5 6.4 6.2 6.1 6.0 5.9 5.8 5.7 5.6 5.5 5.4 5.3 5.3 5.9 6.7 7.5 8.0 8.4 8.7 8.9 9.0 9.0 9.0 9.0
18.7 16.3 14.0 12.3 12.4 13.7 15.4 17.2 19.2 21.1 23.1 25.1 27.1 29.0 30.8 32.5 34.0 35.4 36.7 37.8 38.7 39.4 39.9 40.6 40.3 39.4 38.3 36.7 35.1 33.5 31.9 30.5 29.2 28.1 27.1 27.3 33.5 28.7 24.0 22.1 20.6 19.6 18.6 17.8 17.0 16.3 15.7 15.0 14.4 13.8 13.2 12.6 12.2 11.8 11.5 11.2 11.1 10.7 10.3 9.9 9.5 9.1 8.8 8.4 8.1 7.8 7.6 7.3 7.1 6.9 6.8 6.6 6.5 6.3 6.2 6.1 6.0 5.9 5.8 5.7 5.6 5.6 6.0 6.8 7.5 8.1 8.6 8.9 9.1 9.2 9.3 9.3 9.3 9.2
