main/data/rainfall/08.03.2023.grid
ncols 886
nrows 691
xllcenter 112.0000
yllcenter -44.5000
cellsize 0.0500
nodata_value 99999.90
[rows 168 to 209 of 691, columns 564 to 657 of 886]
28.1 30.9 32.0 31.9 31.0 28.8 26.7 25.4 24.0 22.8 21.4 20.3 19.0 17.8 16.7 15.6 14.5 13.5 12.6 11.7 11.0 10.2 9.5 8.9 8.4 7.8 7.3 6.8 6.4 5.9 5.5 5.1 4.6 4.2 3.8 3.3 2.8 2.3 1.8 1.3 0.8 0.4 0.0 0.0 0.0 0.0 0.0 0.0 0.0 0.0 0.0 0.0 0.0 0.0 0.1 0.5 0.8 1.1 1.4 1.5 1.6 1.8 1.8 2.0 2.2 2.4 2.5 2.6 2.8 2.8 3.0 3.3 3.5 3.7 4.1 4.7 4.7 4.6 4.7 4.9 5.1 5.3 5.4 5.1 5.1 5.0 5.1 5.1 5.2 5.3 5.3 4.9 4.5 4.3
26.9 30.1 31.5 31.3 30.3 28.3 26.7 25.8 24.4 23.4 22.1 20.8 19.5 18.4 17.2 16.1 15.0 14.0 13.0 12.2 11.4 10.7 9.9 9.3 8.7 8.2 7.7 7.2 6.7 6.2 5.8 5.4 4.9 4.5 4.1 3.6 3.1 2.6 2.1 1.6 1.0 0.5 0.1 0.0 0.0 0.0 0.0 0.0 0.0 0.0 0.0 0.0 0.0 0.0 0.0 0.3 0.6 0.9 1.2 1.3 1.4 1.5 1.5 1.7 1.9 2.1 2.2 2.3 2.4 2.5 2.6 2.9 3.1 3.5 3.9 4.2 4.4 4.2 4.4 4.6 4.9 5.4 5.1 5.0 5.1 5.1 5.0 4.9 5.0 5.2 5.1 4.8 4.7 4.4
24.8 27.7 29.4 29.6 28.8 27.4 25.9 25.6 25.2 24.1 22.8 21.4 20.1 19.0 17.7 16.7 15.6 14.5 13.6 12.7 11.9 11.1 10.4 9.7 9.1 8.6 8.0 7.5 7.1 6.6 6.1 5.7 5.3 4.9 4.4 3.9 3.4 2.9 2.4 1.8 1.3 0.7 0.2 0.0 0.0 0.0 0.0 0.0 0.0 0.0 0.0 0.0 0.0 0.0 0.0 0.1 0.4 0.7 0.9 1.1 1.2 1.3 1.3 1.5 1.6 1.7 1.9 1.9 2.0 2.1 2.2 2.4 2.7 3.1 3.3 3.4 3.6 3.9 4.5 4.4 4.8 5.3 5.2 5.1 4.9 4.9 4.8 4.7 4.7 4.7 4.8 4.5 4.4 4.3
21.6 24.6 26.2 26.7 26.3 25.3 24.7 25.3 25.3 24.5 23.4 22.0 20.8 19.7 18.4 17.2 16.2 15.1 14.1 13.2 12.4 11.6 10.9 10.2 9.6 9.0 8.5 8.0 7.4 7.0 6.5 6.1 5.6 5.2 4.8 4.3 3.8 3.2 2.7 2.1 1.5 1.0 0.4 0.0 0.0 0.0 0.0 0.0 0.0 0.0 0.0 0.0 0.0 0.0 0.0 0.0 0.2 0.5 0.7 0.8 1.0 1.1 1.1 1.2 1.3 1.4 1.4 1.5 1.5 1.7 1.8 2.0 2.3 2.7 2.8 3.0 3.4 3.6 3.9 4.2 4.5 4.7 5.0 4.8 4.8 4.7 4.6 4.6 4.5 4.5 4.4 4.3 4.1 4.0
16.8 20.1 22.2 23.0 23.4 23.1 23.7 24.8 24.9 24.5 23.7 22.7 21.6 20.4 19.2 18.0 16.9 15.8 14.8 13.9 13.0 12.2 11.5 10.8 10.2 9.5 9.0 8.4 7.9 7.4 6.9 6.5 6.1 5.6 5.2 4.7 4.2 3.6 3.0 2.4 1.8 1.2 0.7 0.2 0.0 0.0 0.0 0.0 0.0 0.0 0.0 0.0 0.0 0.0 0.0 0.0 0.0 0.2 0.4 0.6 0.7 0.7 0.8 0.8 0.9 0.9 1.0 1.0 1.1 1.2 1.3 1.6 1.9 2.3 2.6 2.9 3.2 3.5 3.8 4.1 4.3 4.7 4.7 4.7 4.7 4.6 4.5 4.4 4.3 4.1 4.0 4.0 4.0 3.9
10.4 13.7 16.2 18.0 18.8 19.8 22.2 23.9 24.5 24.6 24.3 23.5 22.4 21.3 20.0 18.8 17.6 16.6 15.6 14.6 13.8 12.9 12.2 11.4 10.8 10.2 9.6 9.0 8.5 7.9 7.4 7.0 6.5 6.1 5.7 5.2 4.7 4.1 3.5 2.8 2.2 1.6 1.0 0.5 0.0 0.0 0.0 0.0 0.0 0.0 0.0 0.0 0.0 0.0 0.0 0.0 0.0 0.0 0.1 0.3 0.4 0.4 0.5 0.5 0.5 0.5 0.6 0.6 0.7 0.8 1.0 1.3 1.6 1.9 2.3 2.9 3.2 3.4 3.8 4.1 4.3 4.5 4.6 4.7 4.6 4.6 4.5 4.3 4.1 3.9 3.7 3.7 3.7 3.7
4.4 6.4 9.0 11.4 13.7 17.1 20.6 22.5 24.1 24.9 24.8 24.2 23.3 22.2 21.0 19.8 18.6 17.5 16.5 15.5 14.6 13.7 12.9 12.2 11.5 10.9 10.3 9.7 9.1 8.6 8.0 7.5 7.1 6.7 6.2 5.7 5.2 4.6 4.0 3.3 2.6 2.0 1.4 0.8 0.3 0.0 0.0 0.0 0.0 0.0 0.0 0.0 0.0 0.0 0.0 0.0 0.0 0.0 0.0 0.0 0.1 0.1 0.1 0.1 0.1 0.1 0.2 0.3 0.4 0.5 0.7 1.0 1.4 1.8 2.3 3.0 3.1 3.5 3.8 4.1 4.4 4.6 4.7 4.7 4.7 4.6 4.5 4.3 4.0 3.8 3.5 3.4 3.2 3.5
3.3 3.0 4.2 6.8 10.5 14.8 18.7 21.9 23.9 25.1 25.4 25.1 24.3 23.3 22.1 20.9 19.6 18.5 17.5 16.4 15.5 14.6 13.9 13.1 12.4 11.8 11.1 10.5 9.9 9.3 8.8 8.3 7.8 7.3 6.9 6.4 5.9 5.3 4.6 3.9 3.2 2.5 1.8 1.2 0.6 0.2 0.0 0.0 0.0 0.0 0.0 0.0 0.0 0.0 0.0 0.0 0.0 0.0 0.0 0.0 0.0 0.0 0.0 0.0 0.0 0.0 0.0 0.0 0.1 0.3 0.6 0.9 1.4 1.9 2.5 3.0 3.3 3.6 4.0 4.3 4.6 4.9 4.9 4.8 4.8 4.7 4.7 4.3 4.0 3.7 3.4 3.1 2.9 3.1
4.2 3.1 3.5 5.4 8.9 13.3 17.5 21.0 23.8 25.4 26.1 26.0 25.4 24.4 23.3 22.1 20.9 19.7 18.6 17.6 16.6 15.7 14.9 14.1 13.5 12.8 12.1 11.5 10.8 10.2 9.6 9.1 8.6 8.1 7.7 7.2 6.6 6.0 5.3 4.6 3.8 3.1 2.4 1.7 1.1 0.6 0.1 0.0 0.0 0.0 0.0 0.0 0.0 0.0 0.0 0.0 0.0 0.0 0.0 0.0 0.0 0.0 0.0 0.0 0.0 0.0 0.0 0.0 0.1 0.3 0.7 1.1 1.6 2.2 2.8 3.3 3.5 3.9 4.3 4.5 4.8 5.1 5.1 5.0 4.9 4.9 4.7 4.4 4.1 3.6 3.3 3.1 2.9 3.0
5.7 4.2 4.0 5.2 8.0 11.9 16.3 20.3 23.6 25.8 26.8 27.0 26.6 25.7 24.6 23.5 22.3 21.1 19.9 18.8 17.8 17.0 16.1 15.4 14.7 14.0 13.3 12.6 11.9 11.3 10.6 10.1 9.6 9.1 8.6 8.1 7.6 6.9 6.2 5.4 4.6 3.8 3.0 2.3 1.6 1.1 0.6 0.2 0.0 0.0 0.0 0.0 0.0 0.0 0.0 0.0 0.0 0.0 0.0 0.0 0.0 0.0 0.0 0.0 0.0 0.0 0.0 0.0 0.2 0.5 0.9 1.5 2.2 2.8 3.2 3.5 3.9 4.3 4.6 4.9 5.1 5.4 5.6 5.2 5.2 5.1 4.9 4.5 4.1 3.8 3.4 3.2 3.0 3.1
7.7 5.9 5.1 5.7 7.7 11.1 15.4 19.7 23.4 26.0 27.4 28.0 27.9 27.1 26.1 25.0 23.8 22.6 21.4 20.3 19.2 18.4 17.6 16.8 16.1 15.3 14.6 13.9 13.2 12.5 11.9 11.3 10.7 10.2 9.8 9.2 8.7 8.0 7.2 6.3 5.5 4.6 3.8 3.0 2.3 1.7 1.1 0.6 0.3 0.0 0.0 0.0 0.0 0.0 0.0 0.0 0.0 0.0 0.0 0.0 0.0 0.0 0.0 0.0 0.0 0.0 0.0 0.1 0.5 0.9 1.3 1.9 2.6 3.4 3.9 4.1 4.5 4.9 5.2 5.5 5.5 5.8 5.7 5.8 5.5 5.3 5.1 4.7 4.2 3.9 3.6 3.4 3.3 3.3
10.0 7.9 6.7 6.7 8.1 10.9 15.0 19.2 23.2 26.1 28.1 28.9 29.0 28.7 27.8 26.7 25.5 24.3 23.1 22.0 20.9 20.0 19.2 18.4 17.6 16.9 16.2 15.4 14.7 14.0 13.3 12.7 12.1 11.6 11.1 10.6 9.9 9.2 8.4 7.5 6.5 5.6 4.7 3.8 3.1 2.4 1.7 1.2 0.8 0.4 0.2 0.0 0.0 0.0 0.0 0.0 0.0 0.0 0.0 0.0 0.0 0.0 0.0 0.0 0.0 0.0 0.1 0.5 0.9 1.4 1.9 2.6 3.3 4.0 4.5 5.1 5.4 5.7 5.7 6.0 6.2 6.2 6.3 6.4 6.2 5.7 5.3 4.8 4.3 3.8 3.7 3.6 3.6 3.6
12.6 10.2 8.7 8.2 9.1 11.3 14.8 18.9 22.9 26.1 28.5 30.0 30.4 30.1 29.5 28.5 27.4 26.3 25.0 23.9 22.8 21.9 21.1 20.2 19.4 18.7 17.9 17.2 16.4 15.6 14.9 14.3 13.7 13.1 12.6 12.1 11.4 10.7 9.8 8.8 7.8 6.8 5.8 4.9 4.0 3.2 2.5 1.9 1.4 1.0 0.7 0.4 0.2 0.1 0.0 0.0 0.0 0.0 0.0 0.0 0.0 0.0 0.0 0.0 0.0 0.2 0.6 1.0 1.5 2.1 2.8 3.4 4.0 4.7 5.5 6.0 6.5 6.8 6.5 7.7 7.5 6.9 7.0 6.5 6.1 5.8 5.5 5.0 4.4 3.9 3.8 3.8 3.8 3.8
15.3 12.9 11.1 10.3 10.6 12.2 15.2 19.1 22.8 26.3 29.1 30.9 31.8 31.7 31.3 30.4 29.4 28.4 27.1 25.9 24.9 23.9 23.1 22.1 21.3 20.7 19.8 19.0 18.3 17.5 16.8 16.1 15.5 14.9 14.4 13.8 13.1 12.3 11.3 10.3 9.2 8.1 7.1 6.0 5.1 4.2 3.4 2.7 2.2 1.7 1.3 1.0 0.7 0.5 0.4 0.2 0.1 0.0 0.0 0.0 0.0 0.0 0.0 0.0 0.3 0.7 1.2 1.7 2.2 2.9 3.4 4.1 4.8 5.5 6.5 6.8 6.8 7.2 7.7 8.1 9.2 8.1 7.9 7.1 6.5 6.1 5.7 5.2 4.7 4.3 4.0 3.9 3.8 3.8
18.4 15.8 13.8 12.7 12.6 13.8 16.2 19.5 23.1 27.0 29.9 31.9 33.2 33.6 33.3 32.7 31.7 30.6 29.5 28.2 27.2 26.1 25.3 24.4 23.5 22.8 22.0 21.2 20.3 19.6 18.8 18.1 17.5 16.9 16.3 15.7 15.0 14.1 13.1 12.0 10.9 9.7 8.5 7.4 6.4 5.4 4.5 3.7 3.1 2.5 2.0 1.7 1.4 1.1 0.9 0.7 0.5 0.3 0.1 0.0 0.0 0.1 0.3 0.6 1.0 1.5 2.0 2.6 3.2 3.8 4.5 5.1 5.7 6.5 7.3 7.9 8.1 9.3 9.1 9.2 9.5 9.4 9.1 8.2 7.4 6.5 5.9 5.5 4.9 4.8 4.3 4.2 4.1 3.8
21.7 19.1 16.8 15.5 15.0 15.8 18.1 20.9 24.3 27.9 31.1 33.6 35.0 35.8 35.8 35.1 34.3 33.2 32.1 30.7 29.7 28.7 27.6 26.7 25.9 25.0 24.3 23.5 22.7 21.8 21.1 20.4 19.7 19.1 18.4 17.8 17.1 16.2 15.1 14.0 12.8 11.5 10.2 9.0 7.8 6.7 5.8 4.9 4.1 3.5 2.9 2.5 2.1 1.8 1.5 1.3 1.0 0.8 0.6 0.5 0.6 0.7 1.1 1.5 1.9 2.3 2.9 3.6 4.1 4.8 5.4 6.0 6.9 7.4 8.2 8.6 9.2 10.4 10.2 11.2 10.9 10.8 10.1 9.2 8.2 6.9 6.2 5.7 5.2 4.9 4.7 4.3 4.1 3.9
25.3 22.4 20.2 18.8 17.9 18.7 20.4 23.0 26.1 29.3 32.8 35.6 37.3 38.3 38.5 37.9 37.2 36.0 34.9 33.6 32.5 31.2 30.2 29.3 28.5 27.6 26.6 25.9 25.1 24.3 23.5 22.8 22.1 21.4 20.8 20.1 19.4 18.5 17.4 16.1 14.8 13.5 12.1 10.8 9.5 8.3 7.2 6.2 5.4 4.6 4.0 3.5 3.0 2.6 2.3 2.0 1.7 1.5 1.3 1.3 1.4 1.6 2.0 2.4 3.0 3.4 4.0 4.5 5.2 5.9 6.3 6.9 8.1 8.5 9.0 9.4 10.5 12.4 12.7 12.9 12.4 12.0 11.2 10.0 8.8 7.2 6.5 5.9 5.4 5.1 5.0 4.4 4.1 3.9
29.3 26.4 23.8 22.0 21.5 21.9 23.8 26.2 29.0 31.8 35.0 38.1 40.2 41.1 41.4 41.1 40.2 39.2 37.9 36.6 35.3 34.1 33.0 32.0 31.0 30.1 29.4 28.6 27.7 27.0 26.1 25.4 24.6 24.0 23.4 22.8 22.0 20.9 19.8 18.5 17.1 15.6 14.2 12.8 11.4 10.1 8.9 7.8 6.8 5.9 5.2 4.6 4.0 3.6 3.2 2.8 2.5 2.3 2.2 2.1 2.2 2.6 3.0 3.5 4.2 4.6 5.1 5.6 6.3 6.9 7.3 8.4 8.9 9.4 9.7 10.1 11.6 13.6 14.3 13.9 13.8 13.0 11.9 10.5 9.2 7.6 6.7 6.2 5.7 5.2 5.0 4.4 4.1 3.9
33.8 30.7 27.9 26.1 25.9 26.2 28.1 30.6 33.3 35.7 38.9 41.3 43.4 44.5 44.7 44.5 43.6 42.6 41.1 39.6 38.3 37.1 36.1 34.9 33.8 32.7 31.9 31.2 30.4 29.6 28.7 28.0 27.3 26.9 26.5 25.9 25.0 23.8 22.3 20.9 19.5 18.0 16.5 14.9 13.5 12.0 10.7 9.5 8.4 7.4 6.6 5.8 5.2 4.7 4.2 3.8 3.5 3.3 3.2 3.2 3.4 3.8 4.2 5.0 5.5 5.9 6.6 7.0 7.3 8.0 8.4 9.2 9.9 10.0 10.7 11.0 12.4 14.1 14.9 15.1 14.4 13.4 11.9 10.6 9.2 8.0 7.2 6.4 6.2 6.1 5.2 4.5 4.2 4.0
38.9 35.6 32.9 30.8 30.4 30.9 32.6 35.5 37.8 40.2 43.1 45.4 47.0 48.0 48.2 48.0 47.0 45.9 44.4 42.9 41.2 40.0 38.6 37.8 36.6 35.7 34.7 33.9 33.2 32.3 31.4 30.7 30.1 29.9 29.5 28.8 28.0 26.9 25.4 23.8 22.1 20.5 18.9 17.4 15.8 14.2 12.8 11.4 10.2 9.1 8.2 7.3 6.6 6.0 5.4 5.1 4.7 4.5 4.4 4.4 4.8 5.0 5.6 6.2 7.2 7.7 7.9 8.7 8.7 9.2 9.8 10.0 10.5 10.8 11.2 11.9 12.9 14.4 15.8 15.8 15.6 14.8 13.4 10.9 9.1 7.7 7.0 6.5 6.4 6.2 4.9 4.4 4.2 3.9
44.4 41.4 38.4 36.4 35.5 36.5 37.9 40.5 44.1 45.7 48.6 49.7 50.8 51.6 51.9 51.3 50.2 49.0 47.6 45.9 44.1 42.7 41.1 40.4 39.2 38.3 37.5 36.6 35.8 35.1 34.2 33.4 32.9 32.7 32.3 31.8 30.9 29.8 28.5 27.0 25.3 23.5 21.6 20.0 18.3 16.7 15.1 13.6 12.3 11.1 10.0 9.1 8.2 7.5 7.0 6.7 6.5 6.1 5.9 6.0 6.2 6.7 7.3 8.1 8.4 9.6 9.6 10.0 10.0 10.6 11.1 10.9 11.1 11.7 12.3 12.6 13.0 14.5 14.9 16.2 16.3 15.3 14.2 10.9 9.5 8.3 7.2 8.1 6.6 5.2 4.9 4.2 3.8 3.6
50.6 48.1 44.8 42.4 41.4 42.8 44.3 46.6 49.4 52.0 53.1 54.0 54.8 55.2 55.2 54.4 53.2 51.7 50.0 48.3 46.4 44.9 43.3 42.5 41.4 40.6 39.9 39.2 38.5 37.8 36.8 36.0 35.2 35.0 34.7 34.1 33.4 32.5 31.4 30.1 28.5 26.7 24.9 23.0 21.2 19.5 17.8 16.2 14.8 13.5 12.4 11.4 10.6 9.9 9.4 9.1 8.8 8.4 8.1 8.0 8.2 8.5 9.1 10.1 10.7 11.5 11.5 11.8 11.7 12.0 12.1 12.1 12.4 12.6 12.7 13.2 13.6 15.2 16.6 16.4 15.5 14.2 12.2 10.6 8.7 8.4 7.5 6.7 5.4 4.8 4.4 3.8 3.5 3.2
57.2 54.5 51.0 49.2 47.8 48.7 51.2 52.1 54.2 56.6 57.7 58.4 58.8 59.1 58.5 56.9 55.2 53.7 51.9 50.2 48.6 46.7 45.0 43.7 42.8 42.3 41.9 41.2 40.6 40.0 38.9 38.1 37.4 37.0 36.4 36.1 35.5 34.8 33.9 32.7 31.3 29.8 28.1 26.4 24.6 22.8 21.1 19.4 17.9 16.5 15.4 14.3 13.4 12.7 12.0 11.5 11.0 10.6 10.3 10.2 10.2 10.5 11.2 11.9 11.8 12.7 13.4 13.7 13.9 13.6 14.1 13.8 14.0 13.2 14.3 15.0 13.4 13.9 15.3 15.0 14.8 13.3 11.3 10.1 9.3 8.0 6.8 5.9 5.0 4.5 4.0 3.8 3.2 2.9
64.5 61.8 58.6 56.2 54.7 55.2 56.7 57.9 59.9 60.5 61.2 62.0 62.2 61.1 60.2 58.8 57.1 55.1 53.5 51.6 50.0 48.3 46.5 45.1 44.6 43.9 43.5 43.0 42.4 42.0 41.1 40.1 39.2 38.4 38.0 37.7 37.3 36.8 36.1 35.3 34.1 32.7 31.2 29.6 27.9 26.2 24.5 22.8 21.2 19.7 18.4 17.3 16.2 15.4 14.5 13.8 13.4 12.9 12.5 12.2 12.0 12.3 12.5 12.8 13.3 13.8 14.8 15.4 15.9 16.1 15.5 15.4 14.8 14.6 14.9 15.2 14.6 14.7 13.6 14.3 12.3 11.7 10.8 10.0 8.8 7.7 6.1 5.6 4.7 4.2 3.6 3.2 2.8 2.4
72.9 70.3 66.4 64.0 62.0 62.0 63.6 65.4 65.1 64.9 65.3 64.9 64.1 63.1 61.8 60.1 58.3 56.2 54.2 52.9 51.1 49.4 47.8 46.7 45.9 45.4 45.0 44.5 44.2 43.4 42.7 42.0 41.2 40.2 39.5 39.0 38.9 38.5 37.9 37.3 36.4 35.3 33.9 32.5 30.9 29.2 27.7 26.1 24.5 23.0 21.6 20.4 19.2 18.1 17.2 16.3 15.5 14.9 14.4 14.1 14.0 14.4 15.0 15.2 15.0 15.3 16.3 16.8 17.1 17.5 17.1 16.9 16.5 16.2 15.4 14.8 14.7 15.2 12.6 12.3 11.4 11.1 10.4 9.3 8.6 6.9 5.9 5.8 4.4 3.7 3.0 2.6 2.3 2.1
81.0 78.5 73.9 72.0 69.1 69.5 70.1 70.1 69.6 69.0 68.6 67.4 66.0 64.6 62.6 60.9 58.9 56.7 54.8 53.2 51.9 50.5 49.1 47.8 47.1 46.6 46.2 45.9 45.4 44.7 44.2 43.5 42.8 42.1 41.1 40.3 39.9 39.7 39.5 39.0 38.4 37.4 36.4 35.1 33.8 32.2 30.6 29.2 27.6 26.0 24.6 23.3 22.1 20.9 19.8 18.7 17.9 17.3 16.9 16.3 16.0 16.1 16.6 16.2 16.2 16.6 16.6 16.6 16.6 17.2 17.3 17.0 16.7 16.7 15.8 14.2 13.7 12.0 11.4 10.8 10.6 10.2 9.2 8.0 7.0 5.9 4.6 3.9 3.4 3.1 2.5 2.2 2.0 1.7
88.8 86.3 82.6 79.6 76.5 76.5 76.4 75.3 74.0 72.7 71.1 69.7 67.7 65.7 63.4 61.4 59.3 57.0 55.2 53.6 52.1 51.1 50.1 48.7 48.1 47.6 47.2 47.0 46.5 46.0 45.6 44.9 44.3 43.4 42.6 41.6 40.8 40.5 40.5 40.3 39.9 39.1 38.3 37.3 36.0 34.7 33.4 32.0 30.5 29.1 27.7 26.3 25.0 23.7 22.5 21.4 20.5 19.4 18.8 18.4 17.9 17.9 17.9 17.3 18.6 17.2 17.0 16.7 16.9 17.5 17.4 16.7 16.6 16.1 14.0 12.9 11.9 11.1 10.4 9.9 9.5 9.1 8.2 7.1 5.8 5.0 4.0 3.4 2.9 2.4 2.0 1.8 1.6 1.4
96.6 94.1 89.5 85.9 83.8 83.7 81.9 80.4 77.8 76.1 73.7 71.7 69.2 66.4 63.8 61.4 59.6 57.5 55.3 53.8 52.6 51.2 50.2 49.4 48.7 48.3 48.1 47.8 47.4 47.1 46.7 46.1 45.6 44.9 44.0 43.0 42.0 41.2 41.1 41.1 40.8 40.3 39.7 38.9 38.0 37.0 35.8 34.6 33.3 32.1 30.7 29.5 28.0 26.9 25.5 24.3 23.1 22.2 21.4 20.6 19.8 19.2 18.9 18.5 19.7 20.7 19.7 18.7 18.8 18.7 17.4 16.8 16.5 14.4 13.3 12.1 11.2 10.5 9.8 9.4 8.7 8.1 7.3 5.8 5.3 4.1 3.5 2.8 2.4 1.9 1.8 1.4 1.3 1.2
105.1 100.8 96.3 93.2 90.7 89.3 87.1 83.9 81.6 79.1 76.2 73.7 70.5 67.0 63.8 61.4 59.6 57.5 55.8 54.0 52.8 51.8 50.8 49.9 49.3 48.9 48.9 48.6 48.3 48.1 47.7 47.2 46.7 46.0 45.3 44.4 43.4 42.4 41.4 41.5 41.4 41.2 40.7 40.3 39.7 38.8 38.0 37.0 36.0 34.8 33.4 32.3 31.1 30.0 28.8 27.7 26.5 25.2 24.0 23.1 22.1 21.0 20.6 20.2 20.1 23.0 21.1 20.8 19.5 18.6 17.6 16.7 15.7 14.2 12.5 11.7 10.5 10.0 9.2 8.6 8.0 7.3 6.3 4.9 4.1 3.6 2.8 2.1 1.8 1.6 1.3 1.1 1.0 1.0
109.9 107.0 103.0 99.1 96.9 94.0 90.7 87.5 84.9 81.7 78.7 75.5 71.9 68.2 64.3 61.8 59.6 57.9 56.0 54.4 52.9 51.9 51.3 50.6 49.9 49.6 49.3 49.4 49.1 48.9 48.5 48.1 47.6 47.1 46.3 45.5 44.3 43.3 42.1 41.5 41.6 41.6 41.5 41.3 40.9 40.5 39.8 39.1 38.2 37.2 36.1 35.2 34.1 33.4 32.0 30.6 29.4 28.2 27.0 26.0 24.3 23.5 22.9 22.1 21.8 21.2 20.6 19.4 17.9 16.7 17.2 16.1 15.0 13.6 12.1 10.6 10.5 9.0 8.2 7.6 7.0 6.0 5.1 4.1 3.4 2.8 2.0 1.6 1.3 1.1 0.8 0.8 0.8 1.0
114.6 111.5 107.2 104.3 101.7 97.2 94.3 91.2 87.6 84.2 80.8 77.4 73.6 69.7 65.9 62.8 60.3 58.2 56.5 54.6 52.8 52.1 51.4 50.9 50.7 50.2 50.1 50.1 49.7 49.4 49.0 48.7 48.3 47.9 47.1 46.3 45.1 44.0 42.7 41.6 41.2 41.6 41.8 41.9 41.9 41.6 41.3 40.9 40.3 39.5 38.8 38.2 37.6 36.5 35.5 34.3 33.0 31.7 30.6 29.1 27.8 26.6 25.0 23.8 23.1 22.0 21.5 20.0 18.4 17.1 17.4 14.9 14.0 13.2 10.8 10.1 9.3 8.2 7.5 6.6 5.6 5.0 4.3 3.3 2.6 1.9 1.5 1.1 0.8 0.6 0.5 0.5 0.6 0.8
118.0 114.7 111.2 108.2 104.1 100.6 97.5 93.9 90.0 86.5 82.8 79.1 75.1 70.7 67.3 64.1 61.0 58.7 56.7 54.8 52.8 52.1 51.4 51.3 51.2 51.0 50.6 50.5 50.4 50.0 49.5 49.2 48.8 48.4 48.0 46.9 45.7 44.3 43.0 41.7 40.9 41.2 41.6 42.0 42.4 42.5 42.5 42.5 42.3 42.0 41.6 41.4 40.3 39.8 39.1 38.6 37.1 35.7 34.8 32.7 31.1 29.6 27.7 26.6 24.8 23.5 22.3 20.9 19.1 17.3 15.5 13.2 12.5 11.5 10.3 8.9 8.0 7.4 6.2 5.6 4.7 3.8 3.2 2.6 1.9 1.3 0.9 0.6 0.4 0.2 0.2 0.3 0.5 0.7
117.7 116.2 112.9 109.9 105.8 103.0 99.4 95.7 91.9 88.6 84.1 80.6 76.8 72.0 68.5 65.0 61.8 59.3 56.6 54.4 52.7 51.8 51.5 51.2 51.6 51.8 51.6 51.3 50.8 50.4 49.8 49.2 48.7 48.3 48.0 47.2 45.6 44.2 42.8 41.5 40.5 40.6 41.3 42.1 42.9 43.5 43.7 44.1 44.3 44.4 44.2 44.1 43.7 44.0 43.6 42.6 42.2 41.0 39.3 37.6 35.4 33.4 31.8 29.4 27.3 25.4 23.7 21.9 19.9 17.2 14.6 13.1 11.4 10.5 9.8 8.2 7.0 6.0 5.3 4.5 3.7 2.8 2.2 1.6 1.1 0.6 0.3 0.1 0.0 0.0 0.1 0.2 0.4 0.6
117.5 116.8 114.2 110.4 107.3 104.0 100.4 96.7 93.1 90.1 86.1 81.8 77.3 72.8 68.9 65.4 62.5 59.1 56.8 54.2 52.5 51.4 50.8 51.1 51.9 52.4 52.4 52.1 51.5 50.5 49.8 48.9 48.2 47.6 47.3 46.3 45.0 43.5 42.3 41.1 40.1 39.8 40.7 41.8 43.0 44.2 44.8 45.6 45.8 46.3 46.9 47.5 48.1 48.3 47.8 48.1 47.4 46.4 44.6 42.4 40.4 38.7 35.7 33.2 30.6 27.8 25.4 23.0 20.7 17.3 15.2 13.2 11.4 10.1 8.8 7.5 5.6 5.1 4.4 3.3 2.6 2.0 1.5 0.9 0.4 0.1 0.0 0.0 0.0 0.0 0.0 0.1 0.4 0.6
116.7 116.8 113.2 110.3 107.7 104.2 100.6 97.3 94.1 90.8 86.9 82.8 78.1 73.6 69.4 65.9 62.4 59.2 57.2 54.0 52.3 51.0 50.0 50.7 52.4 53.4 53.4 52.8 51.9 50.9 49.4 48.4 47.2 46.2 45.8 45.1 44.2 43.1 42.0 41.0 40.3 40.0 40.4 41.8 43.2 44.4 45.8 46.8 48.2 49.6 50.2 51.2 52.1 53.1 53.5 53.3 52.8 51.3 49.2 47.6 45.3 42.9 40.3 37.1 33.4 30.6 27.4 24.6 21.4 18.1 15.2 12.8 10.6 8.6 7.9 6.0 5.4 4.4 3.4 2.6 2.0 1.4 0.8 0.3 0.0 0.0 0.0 0.0 0.0 0.0 0.0 0.1 0.3 0.5
117.6 114.9 111.3 109.2 106.3 103.5 100.1 97.4 93.7 90.6 87.4 82.5 77.9 73.8 69.9 66.4 62.1 59.2 57.0 53.8 52.1 51.0 50.4 50.7 52.6 54.3 53.9 52.9 51.9 50.8 49.9 47.8 46.1 44.7 44.2 43.8 43.1 42.3 41.2 40.6 40.2 40.1 40.8 42.2 43.7 45.2 46.8 48.5 50.2 51.7 53.3 55.1 56.9 57.3 56.7 55.8 54.2 52.5 51.2 49.4 47.9 44.9 42.2 38.8 35.7 32.9 29.2 25.9 22.5 18.8 15.5 12.5 10.5 8.6 6.8 5.2 4.2 3.4 2.4 1.8 1.3 0.7 0.3 0.0 0.0 0.0 0.0 0.0 0.0 0.0 0.0 0.1 0.3 0.5
113.2 111.1 109.9 107.4 104.5 101.3 98.5 95.7 92.6 89.4 85.9 81.4 77.7 73.2 69.7 66.0 61.7 58.7 55.8 53.6 52.0 51.1 50.6 51.2 52.1 53.7 53.0 52.0 51.3 50.4 49.4 47.9 45.7 43.9 43.1 42.7 42.0 41.4 40.7 40.2 39.8 39.7 40.6 42.3 44.6 46.3 48.5 50.4 52.4 54.4 56.3 57.9 58.5 58.1 57.3 56.1 54.3 53.2 51.2 49.8 47.6 44.8 42.1 39.5 36.9 33.5 30.3 26.8 23.1 19.7 16.4 13.1 10.4 8.0 6.1 4.7 3.6 2.7 1.9 1.3 0.8 0.3 0.0 0.0 0.0 0.0 0.0 0.0 0.0 0.0 0.0 0.1 0.2 0.4
116.8 110.1 106.6 104.0 101.9 98.7 96.2 93.6 90.6 87.6 83.4 80.2 76.2 72.6 69.0 65.0 61.7 58.1 55.9 53.2 51.7 50.6 50.1 50.5 51.2 51.5 51.1 50.5 50.2 49.6 48.6 48.0 45.9 43.9 42.7 41.9 41.2 40.6 40.1 39.5 39.4 39.6 40.4 42.2 44.7 47.9 50.0 52.7 54.7 56.8 57.7 58.6 58.4 58.0 56.8 55.6 54.1 53.1 51.9 49.8 47.6 45.6 43.3 40.2 37.3 34.3 31.1 28.0 24.2 20.4 16.5 13.0 10.1 7.6 5.8 4.4 3.2 2.3 1.5 0.9 0.4 0.1 0.0 0.0 0.0 0.0 0.0 0.0 0.0 0.0 0.0 0.0 0.2 0.4
109.2 106.4 103.5 100.4 97.9 95.7 93.3 90.6 88.1 85.1 81.6 78.5 74.4 71.3 67.6 64.2 60.7 57.2 54.5 52.6 51.1 49.9 49.3 49.4 49.9 49.6 49.0 48.4 48.1 47.5 46.9 46.4 45.3 43.4 42.4 41.5 40.7 40.2 39.6 39.2 39.0 39.3 40.1 42.0 44.6 48.0 51.6 54.2 56.1 56.9 57.6 58.0 57.7 57.3 56.3 55.0 54.2 53.4 51.9 50.5 48.8 45.8 43.2 40.8 38.2 34.7 31.7 27.8 24.0 20.2 16.3 13.0 9.9 7.5 5.7 4.3 3.0 2.1 1.4 0.8 0.3 0.0 0.0 0.0 0.0 0.0 0.0 0.0 0.0 0.0 0.0 0.0 0.1 0.3
106.1 102.6 99.2 96.3 93.8 91.7 89.8 87.2 84.8 82.1 79.1 75.7 72.4 69.1 65.5 62.3 58.9 55.8 53.5 51.7 50.3 48.9 48.3 48.2 48.4 48.0 47.0 45.9 45.4 45.1 44.9 44.5 43.8 42.8 41.8 41.0 40.2 39.7 39.1 38.8 38.7 39.0 39.9 41.8 44.5 48.0 51.8 54.7 55.9 56.6 56.8 57.1 57.0 56.6 55.6 54.4 53.9 53.6 51.8 50.0 48.5 45.3 43.2 40.2 36.9 33.9 30.5 27.2 23.5 19.7 16.4 12.5 9.7 7.5 5.6 4.1 2.9 1.9 1.2 0.6 0.2 0.0 0.0 0.0 0.0 0.0 0.0 0.0 0.0 0.0 0.0 0.0 0.0 0.2
104.4 99.2 95.7 91.8 89.8 87.8 86.0 83.8 81.7 78.7 76.0 72.9 69.5 66.3 63.0 60.1 57.3 54.4 52.5 50.6 49.4 48.0 47.0 46.8 46.6 47.0 45.1 43.2 42.7 42.8 42.9 42.9 42.7 42.0 41.2 40.6 39.7 39.2 38.6 38.3 38.3 38.7 39.7 41.7 44.6 48.0 51.4 53.6 54.5 55.9 55.9 56.3 56.4 55.9 54.9 53.7 53.1 52.5 51.5 49.9 48.2 46.1 43.2 39.9 36.8 34.1 30.2 26.7 23.1 19.1 15.6 12.4 9.6 7.4 5.5 4.0 2.7 1.8 1.0 0.5 0.1 0.0 0.0 0.0 0.0 0.0 0.0 0.0 0.0 0.0 0.0 0.0 0.0 0.1
99.8 95.1 91.1 87.6 85.0 82.5 80.0 78.5 76.8 74.8 72.4 69.7 66.5 63.3 60.3 57.7 54.8 52.8 51.1 49.6 48.5 47.3 46.5 45.9 45.7 46.2 44.1 41.2 41.2 41.4 41.7 41.6 41.3 41.1 40.6 40.2 39.2 38.6 38.0 37.7 37.8 38.3 39.5 41.6 44.4 47.9 50.8 52.7 53.4 53.8 55.1 55.6 56.0 55.4 54.6 53.4 53.2 52.8 51.4 50.5 48.9 46.7 44.0 40.4 36.3 32.8 29.5 26.3 22.6 18.6 15.3 11.8 9.2 7.0 5.4 3.7 2.6 1.7 0.9 0.4 0.0 0.0 0.0 0.0 0.0 0.0 0.0 0.0 0.0 0.0 0.0 0.0 0.0 0.0
