main/data/rainfall/15.01.2023.grid
ncols 886
nrows 691
xllcenter 112.0000
yllcenter -44.5000
cellsize 0.0500
nodata_value 99999.90
[rows 42 to 83 of 691, columns 282 to 375 of 886]
0.6 0.7 0.8 0.9 0.9 1.1 1.2 1.3 1.4 1.5 1.6 1.7 1.9 2.0 2.1 2.2 2.3 2.3 2.4 2.5 2.5 2.5 2.5 2.5 2.5 2.5 2.4 2.4 2.3 2.2 2.1 2.0 1.9 1.8 1.7 1.6 1.5 1.5 1.4 1.4 1.4 1.4 1.5 1.6 1.8 2.1 2.5 3.0 3.6 4.4 5.4 6.7 8.1 9.1 9.3 9.3 9.3 9.3 9.3 9.3 9.3 9.2 9.1 9.0 8.8 8.7 8.4 8.2 8.1 8.1 8.1 8.2 8.3 8.5 8.6 8.7 8.9 9.0 9.0 9.0 8.9 8.8 8.6 8.4 8.1 7.8 7.5 7.2 7.0 6.6 5.7 4.0 2.8 2.1
0.8 0.9 1.0 1.1 1.2 1.3 1.5 1.6 1.8 1.9 2.1 2.2 2.4 2.5 2.7 2.8 2.9 3.0 3.1 3.1 3.2 3.2 3.2 3.2 3.2 3.2 3.1 3.0 2.9 2.8 2.7 2.6 2.4 2.3 2.2 2.0 1.9 1.8 1.8 1.7 1.7 1.7 1.8 1.9 2.1 2.4 2.8 3.4 4.0 4.9 6.0 7.4 8.9 10.0 10.1 10.2 10.2 10.2 10.2 10.1 10.1 10.0 9.9 9.8 9.7 9.6 9.4 9.3 9.2 9.3 9.4 9.6 9.8 10.0 10.2 10.4 10.6 10.7 10.8 10.7 10.5 10.3 10.0 9.7 9.3 8.9 8.5 8.2 7.8 6.6 4.5 3.0 2.1 1.5
1.0 1.1 1.2 1.4 1.5 1.7 1.9 2.1 2.3 2.4 2.6 2.8 3.0 3.2 3.4 3.5 3.7 3.8 3.9 4.0 4.0 4.1 4.1 4.1 4.1 4.0 3.9 3.8 3.7 3.6 3.4 3.2 3.1 2.9 2.7 2.6 2.4 2.3 2.2 2.1 2.1 2.1 2.1 2.2 2.5 2.8 3.2 3.8 4.5 5.5 6.7 8.1 9.8 10.9 11.1 11.1 11.1 11.0 11.0 11.0 11.0 10.9 10.8 10.7 10.6 10.5 10.4 10.4 10.5 10.7 11.0 11.3 11.6 12.0 12.3 12.5 12.7 12.8 12.8 12.6 12.4 12.0 11.5 11.1 10.6 10.1 9.7 9.2 8.2 5.8 3.8 2.5 1.6 1.1
1.2 1.4 1.5 1.7 1.9 2.1 2.4 2.6 2.8 3.1 3.3 3.6 3.8 4.0 4.2 4.4 4.6 4.8 4.9 5.0 5.1 5.1 5.2 5.1 5.1 5.0 4.9 4.8 4.6 4.5 4.3 4.1 3.9 3.6 3.4 3.2 3.0 2.9 2.7 2.6 2.5 2.5 2.5 2.6 2.9 3.2 3.6 4.2 5.1 6.1 7.4 9.0 10.8 11.9 12.0 12.0 12.0 12.0 11.9 11.9 11.8 11.8 11.7 11.6 11.5 11.5 11.5 11.6 11.8 12.2 12.9 13.4 13.9 14.3 14.7 15.0 15.2 15.2 15.1 14.8 14.3 13.8 13.2 12.6 12.0 11.4 10.9 10.1 7.9 5.3 3.5 2.1 1.2 0.7
1.5 1.7 1.9 2.2 2.4 2.7 3.0 3.2 3.5 3.8 4.1 4.4 4.7 5.0 5.3 5.5 5.7 5.9 6.1 6.2 6.3 6.4 6.4 6.4 6.4 6.3 6.1 6.0 5.8 5.6 5.3 5.1 4.8 4.5 4.3 4.0 3.8 3.5 3.3 3.2 3.1 3.0 3.0 3.1 3.3 3.7 4.1 4.8 5.7 6.8 8.2 9.9 11.9 13.0 13.1 13.0 13.0 12.9 12.9 12.8 12.8 12.7 12.6 12.5 12.5 12.5 12.5 12.8 13.2 13.9 14.9 15.9 16.6 17.1 17.6 17.9 18.0 17.9 17.6 17.1 16.5 15.8 15.1 14.3 13.6 12.9 12.2 11.1 8.0 5.4 3.4 1.8 0.9 0.4
1.9 2.1 2.4 2.7 3.0 3.3 3.7 4.0 4.4 4.8 5.1 5.5 5.9 6.2 6.5 6.9 7.1 7.4 7.6 7.7 7.9 7.9 8.0 8.0 7.9 7.8 7.6 7.4 7.2 6.9 6.6 6.3 6.0 5.6 5.3 5.0 4.6 4.4 4.1 3.9 3.7 3.6 3.6 3.7 3.9 4.2 4.7 5.4 6.3 7.5 9.1 11.0 13.0 14.1 14.2 14.1 14.0 14.0 13.9 13.8 13.7 13.6 13.6 13.5 13.5 13.5 13.6 13.9 14.5 15.5 16.9 18.7 19.6 20.2 20.7 20.9 20.9 20.7 20.2 19.6 18.8 17.9 17.0 16.1 15.2 14.4 13.6 12.0 8.9 6.2 3.7 1.8 0.7 0.2
2.3 2.6 3.0 3.3 3.7 4.1 4.5 5.0 5.4 5.9 6.3 6.8 7.2 7.7 8.1 8.4 8.8 9.1 9.3 9.5 9.7 9.8 9.8 9.8 9.7 9.6 9.4 9.1 8.9 8.5 8.2 7.8 7.4 6.9 6.5 6.1 5.7 5.3 5.0 4.7 4.5 4.4 4.3 4.3 4.5 4.9 5.4 6.1 7.1 8.4 10.0 12.1 14.3 15.3 15.3 15.2 15.1 15.0 14.9 14.8 14.7 14.6 14.5 14.5 14.4 14.5 14.7 15.1 15.9 17.1 19.0 21.3 22.6 23.3 23.8 24.0 23.9 23.5 22.9 22.1 21.2 20.1 19.1 18.0 17.0 16.1 15.1 13.5 10.5 7.6 4.7 2.4 1.0 0.4
2.8 3.2 3.6 4.1 4.5 5.0 5.6 6.1 6.6 7.2 7.8 8.3 8.9 9.4 9.9 10.3 10.8 11.1 11.4 11.7 11.9 12.0 12.0 12.0 11.9 11.7 11.5 11.2 10.8 10.4 10.0 9.5 9.0 8.5 8.0 7.5 7.0 6.5 6.1 5.7 5.4 5.2 5.1 5.1 5.3 5.6 6.1 6.9 7.9 9.3 11.1 13.3 15.6 16.5 16.5 16.3 16.2 16.1 16.0 15.8 15.7 15.6 15.5 15.4 15.4 15.5 15.7 16.3 17.2 18.7 21.0 23.8 25.4 26.2 26.6 26.8 26.6 26.2 25.5 24.6 23.5 22.4 21.2 20.1 18.9 17.9 16.8 15.2 12.6 9.7 6.5 3.9 2.2 1.1
3.4 3.9 4.3 4.9 5.4 6.0 6.6 7.3 7.9 8.6 9.3 10.0 10.7 11.4 12.0 12.6 13.1 13.5 13.9 14.2 14.4 14.6 14.6 14.6 14.5 14.2 14.0 13.6 13.2 12.7 12.1 11.5 10.9 10.3 9.7 9.0 8.4 7.9 7.3 6.9 6.5 6.2 6.1 6.0 6.1 6.5 7.0 7.8 8.9 10.3 12.2 14.6 17.0 17.8 17.7 17.5 17.3 17.2 17.0 16.9 16.7 16.6 16.5 16.4 16.3 16.4 16.7 17.3 18.4 20.1 22.8 26.0 27.6 28.5 29.0 29.2 29.0 28.6 27.9 26.9 25.8 24.6 23.4 22.1 20.9 19.7 18.6 17.4 15.4 12.6 9.3 6.3 4.1 2.5
3.9 4.3 4.8 5.3 5.9 6.5 7.2 7.9 8.7 9.5 10.4 11.4 12.4 13.3 14.1 14.9 15.6 16.2 16.8 17.1 17.4 17.6 17.6 17.6 17.5 17.2 16.9 16.4 15.9 15.3 14.6 13.9 13.2 12.4 11.7 10.9 10.2 9.5 8.8 8.3 7.8 7.4 7.2 7.1 7.2 7.4 8.0 8.8 10.0 11.5 13.5 16.0 18.6 19.1 18.9 18.7 18.5 18.3 18.1 17.9 17.7 17.6 17.4 17.3 17.2 17.3 17.6 18.3 19.5 21.4 24.3 27.6 29.1 30.0 30.6 30.9 30.9 30.6 30.0 29.1 28.0 26.8 25.5 24.2 22.9 21.7 20.5 19.4 18.5 16.2 13.0 9.6 6.8 4.7
4.0 4.4 4.9 5.4 6.0 6.6 7.3 8.0 8.9 9.7 10.7 11.6 12.7 13.8 14.9 16.1 17.2 18.4 19.5 20.1 20.6 21.0 21.1 21.1 20.9 20.6 20.2 19.7 19.1 18.3 17.6 16.7 15.8 14.9 14.0 13.1 12.2 11.3 10.5 9.8 9.2 8.8 8.4 8.3 8.3 8.6 9.1 10.0 11.2 12.8 14.9 17.5 20.2 20.5 20.2 19.9 19.7 19.4 19.2 19.0 18.8 18.6 18.4 18.2 18.1 18.2 18.4 19.1 20.3 22.4 25.3 28.2 29.7 30.8 31.6 32.1 32.3 32.1 31.7 31.0 30.0 28.9 27.6 26.3 25.0 23.6 22.4 21.5 21.5 19.9 17.1 13.7 10.5 7.8
4.0 4.4 4.9 5.4 6.0 6.6 7.3 8.1 8.9 9.7 10.7 11.7 12.7 13.8 15.0 16.2 17.5 18.8 20.1 21.4 22.6 23.8 24.5 24.8 24.8 24.6 24.1 23.5 22.7 21.9 20.9 19.9 18.8 17.8 16.6 15.6 14.5 13.5 12.5 11.7 10.9 10.3 9.9 9.7 9.6 9.9 10.4 11.2 12.5 14.2 16.4 19.2 21.8 21.9 21.5 21.2 20.9 20.6 20.3 20.1 19.8 19.5 19.3 19.1 18.9 18.9 19.1 19.8 21.0 23.1 25.9 28.2 29.7 30.9 31.9 32.7 33.1 33.2 33.0 32.5 31.7 30.7 29.5 28.3 26.9 25.6 24.3 23.5 24.2 23.3 21.1 18.2 14.9 11.9
4.0 4.4 4.9 5.4 6.0 6.6 7.3 8.1 8.9 9.7 10.7 11.7 12.7 13.9 15.0 16.2 17.5 18.8 20.2 21.5 22.9 24.3 25.6 26.8 27.8 28.3 28.2 27.7 26.9 25.9 24.8 23.6 22.3 21.0 19.7 18.4 17.1 15.9 14.8 13.8 12.9 12.1 11.6 11.2 11.1 11.3 11.8 12.7 14.0 15.8 18.1 20.9 23.4 23.3 22.9 22.5 22.1 21.8 21.5 21.1 20.8 20.5 20.2 19.9 19.7 19.6 19.7 20.3 21.4 23.3 25.9 27.7 29.2 30.5 31.7 32.7 33.4 33.7 33.8 33.6 33.0 32.2 31.2 30.1 28.8 27.5 26.2 25.3 26.0 26.2 24.9 22.6 19.6 16.8
3.9 4.3 4.8 5.3 5.9 6.6 7.3 8.0 8.8 9.7 10.7 11.7 12.7 13.9 15.0 16.3 17.5 18.8 20.2 21.5 22.9 24.3 25.7 27.0 28.4 29.6 30.6 31.4 31.1 30.3 29.1 27.7 26.2 24.7 23.2 21.6 20.1 18.7 17.4 16.1 15.1 14.2 13.5 13.0 12.8 13.0 13.4 14.3 15.6 17.5 19.9 22.8 24.9 24.8 24.2 23.8 23.3 23.0 22.6 22.2 21.9 21.5 21.1 20.7 20.4 20.2 20.2 20.6 21.5 23.2 25.2 26.8 28.3 29.8 31.1 32.3 33.2 33.9 34.2 34.3 34.0 33.5 32.7 31.7 30.5 29.3 28.1 27.9 29.5 29.5 28.7 26.8 24.3 21.8
3.8 4.2 4.7 5.2 5.8 6.4 7.2 7.9 8.8 9.7 10.6 11.7 12.7 13.9 15.1 16.3 17.6 18.9 20.2 21.6 22.9 24.3 25.7 27.0 28.4 29.7 31.0 32.2 33.1 33.8 33.4 32.2 30.6 28.9 27.1 25.3 23.5 21.8 20.3 18.8 17.5 16.5 15.6 15.0 14.8 14.8 15.2 16.1 17.5 19.4 22.0 24.9 26.5 26.2 25.6 25.1 24.6 24.2 23.7 23.3 22.9 22.5 22.0 21.5 21.1 20.7 20.5 20.7 21.4 22.8 24.3 25.8 27.3 28.8 30.3 31.6 32.7 33.6 34.2 34.6 34.6 34.3 33.8 33.0 32.1 30.9 30.3 31.8 33.0 32.5 32.5 31.0 28.9 26.6
3.5 4.0 4.4 5.0 5.6 6.3 7.0 7.8 8.7 9.6 10.6 11.6 12.7 13.9 15.1 16.4 17.7 19.0 20.3 21.7 23.1 24.4 25.8 27.1 28.4 29.7 31.0 32.2 33.4 34.5 35.3 35.8 35.0 33.4 31.4 29.3 27.3 25.3 23.5 21.8 20.3 19.0 18.0 17.3 16.9 16.9 17.3 18.1 19.5 21.5 24.2 27.1 28.1 27.6 27.0 26.4 25.9 25.4 24.9 24.4 23.9 23.4 22.9 22.3 21.7 21.2 20.8 20.7 21.1 22.2 23.5 24.9 26.3 27.8 29.3 30.7 32.0 33.1 33.9 34.5 34.8 34.9 34.6 34.1 33.5 33.2 32.7 33.7 38.4 38.7 37.7 35.8 33.6 31.5
3.2 3.6 4.1 4.7 5.3 6.0 6.8 7.6 8.5 9.5 10.5 11.6 12.7 14.0 15.2 16.5 17.8 19.2 20.5 21.9 23.3 24.7 26.0 27.3 28.6 29.9 31.1 32.3 33.4 34.5 35.6 36.5 37.2 37.4 35.9 33.8 31.4 29.2 27.1 25.1 23.4 21.9 20.7 19.8 19.3 19.2 19.5 20.4 21.8 23.9 26.6 29.5 29.8 29.1 28.4 27.7 27.2 26.6 26.1 25.6 25.0 24.4 23.8 23.1 22.4 21.7 21.0 20.6 20.7 21.5 22.7 24.0 25.4 26.8 28.3 29.7 31.1 32.3 33.4 34.2 34.8 35.1 35.1 34.8 35.2 38.6 39.2 38.5 43.2 43.9 42.7 40.7 38.5 36.4
2.8 3.2 3.7 4.2 4.9 5.6 6.4 7.3 8.3 9.3 10.4 11.6 12.8 14.0 15.4 16.7 18.1 19.5 20.9 22.3 23.7 25.1 26.5 27.7 29.0 30.2 31.4 32.5 33.6 34.6 35.6 36.6 37.5 38.3 38.7 37.9 35.9 33.4 31.0 28.7 26.7 25.0 23.6 22.5 21.9 21.7 22.0 22.8 24.3 26.4 29.2 31.7 31.4 30.5 29.8 29.1 28.5 27.9 27.3 26.7 26.1 25.4 24.7 23.9 23.0 22.1 21.2 20.5 20.3 21.0 22.1 23.3 24.6 25.9 27.4 28.8 30.2 31.5 32.7 33.8 34.5 35.1 35.3 35.5 37.0 41.2 43.1 44.8 46.7 47.3 46.5 44.8 42.6 40.6
2.1 2.5 3.0 3.6 4.3 5.1 5.9 6.9 7.9 9.1 10.2 11.5 12.8 14.2 15.6 17.1 18.6 20.1 21.5 23.0 24.4 25.8 27.2 28.5 29.7 30.8 31.9 32.9 33.9 34.9 35.8 36.7 37.5 38.4 39.2 39.8 39.7 37.8 35.2 32.7 30.4 28.4 26.8 25.5 24.8 24.5 24.7 25.5 27.0 29.2 31.9 33.5 32.9 32.0 31.2 30.5 29.8 29.1 28.5 27.9 27.2 26.5 25.6 24.7 23.7 22.6 21.5 20.5 20.1 20.7 21.7 22.7 23.9 25.2 26.5 27.9 29.3 30.7 32.0 33.2 34.1 34.9 35.4 36.4 39.6 42.2 44.1 46.4 47.7 48.8 48.8 47.7 46.0 43.7
1.3 1.6 2.1 2.8 3.5 4.3 5.3 6.3 7.5 8.7 10.1 11.5 12.9 14.5 16.0 17.6 19.3 20.9 22.5 24.0 25.5 27.0 28.3 29.6 30.7 31.8 32.8 33.7 34.6 35.4 36.2 36.9 37.7 38.5 39.2 40.0 40.6 40.6 39.3 36.9 34.4 32.1 30.3 28.8 27.9 27.5 27.6 28.5 30.0 32.3 34.7 35.2 34.4 33.5 32.6 31.9 31.1 30.4 29.8 29.1 28.3 27.5 26.6 25.6 24.5 23.2 21.9 20.6 20.1 20.6 21.4 22.3 23.4 24.6 25.8 27.2 28.6 30.0 31.3 32.5 33.6 34.6 35.3 36.5 39.6 41.7 43.7 45.9 47.4 48.8 49.6 49.0 47.8 45.5
0.2 0.6 1.1 1.7 2.5 3.4 4.5 5.6 6.9 8.4 9.9 11.4 13.1 14.8 16.6 18.4 20.3 22.1 23.8 25.5 27.1 28.6 30.0 31.2 32.3 33.3 34.1 34.9 35.6 36.2 36.8 37.4 38.1 38.7 39.3 40.0 40.7 41.3 41.5 40.7 38.6 36.1 34.0 32.4 31.3 30.8 30.9 31.7 33.2 35.5 37.3 36.9 35.9 34.9 34.1 33.3 32.5 31.8 31.1 30.3 29.5 28.7 27.7 26.6 25.4 23.9 22.4 20.9 20.4 20.7 21.4 22.2 23.1 24.2 25.3 26.6 27.9 29.3 30.7 32.0 33.1 34.2 35.1 36.1 38.7 40.7 42.8 44.7 46.2 47.9 49.3 49.2 48.2 46.5
0.0 0.0 0.3 0.8 1.5 2.4 3.5 4.8 6.3 7.9 9.6 11.5 13.4 15.4 17.5 19.6 21.7 23.7 25.7 27.6 29.3 30.9 32.3 33.5 34.5 35.4 36.1 36.6 37.1 37.5 37.9 38.3 38.7 39.1 39.6 40.1 40.7 41.3 41.9 42.3 42.1 40.1 38.0 36.2 34.9 34.3 34.3 35.1 36.7 38.6 39.1 38.3 37.3 36.4 35.5 34.7 33.9 33.1 32.4 31.6 30.8 29.9 28.9 27.7 26.4 24.8 23.1 21.5 20.8 21.0 21.6 22.2 23.0 24.0 25.0 26.2 27.5 28.8 30.1 31.5 32.7 33.9 34.8 35.8 37.6 39.2 41.2 43.2 44.7 45.8 47.2 47.6 47.0 45.7
0.0 0.0 0.2 0.7 1.4 2.1 3.1 4.2 5.6 7.4 9.3 11.5 13.8 16.2 18.6 21.1 23.6 26.0 28.3 30.4 32.4 34.1 35.5 36.7 37.6 38.3 38.7 39.0 39.2 39.3 39.4 39.4 39.6 39.8 40.0 40.4 40.8 41.3 41.9 42.5 43.0 42.9 41.7 40.2 38.8 38.1 38.1 38.9 40.2 41.1 40.6 39.6 38.7 37.8 36.9 36.1 35.3 34.5 33.8 33.0 32.1 31.2 30.1 28.9 27.5 25.9 24.1 22.3 21.5 21.6 22.0 22.5 23.2 24.0 25.0 26.1 27.2 28.5 29.8 31.1 32.4 33.5 34.6 35.5 36.3 37.0 38.2 41.4 42.7 42.0 43.1 43.8 44.0 42.9
0.0 0.0 0.2 0.8 1.4 2.1 3.0 4.1 5.4 7.1 9.2 11.6 14.4 17.2 20.2 23.2 26.1 29.0 31.7 34.1 36.3 38.2 39.7 40.9 41.7 42.1 42.3 42.2 42.0 41.7 41.4 41.1 40.8 40.7 40.7 40.9 41.1 41.5 42.0 42.5 43.0 43.5 43.7 43.6 42.6 41.9 41.9 42.4 42.9 42.6 41.8 40.9 40.0 39.2 38.3 37.5 36.7 36.0 35.2 34.4 33.5 32.6 31.5 30.3 28.9 27.2 25.4 23.5 22.5 22.4 22.6 23.0 23.6 24.3 25.1 26.1 27.2 28.4 29.7 31.0 32.2 33.4 34.5 35.4 36.1 36.6 37.3 39.7 40.3 38.9 39.1 39.4 40.3 39.5
0.0 0.0 0.2 0.8 1.4 2.2 3.0 4.1 5.4 7.1 9.2 11.7 14.8 18.3 21.9 25.5 29.1 32.5 35.7 38.7 41.2 43.3 45.0 46.2 46.9 47.0 46.9 46.4 45.7 44.9 44.0 43.2 42.6 42.0 41.7 41.5 41.5 41.7 42.1 42.5 43.0 43.6 44.1 44.5 44.6 44.6 44.6 44.5 44.2 43.6 42.9 42.1 41.3 40.5 39.7 38.9 38.2 37.4 36.6 35.8 35.0 34.1 33.0 31.8 30.4 28.8 26.9 25.0 23.8 23.5 23.6 23.8 24.2 24.8 25.6 26.5 27.5 28.6 29.8 31.0 32.2 33.4 34.5 35.4 36.1 36.7 37.2 38.6 38.7 36.7 36.0 35.7 36.6 36.2
0.0 0.0 0.3 0.8 1.4 2.2 3.1 4.1 5.4 7.1 9.2 11.8 14.9 18.6 22.6 26.9 31.2 35.3 39.0 42.3 45.2 47.7 49.9 51.5 52.3 52.5 52.2 51.5 50.2 48.8 47.3 46.0 44.7 43.7 42.9 42.4 42.2 42.1 42.3 42.6 43.1 43.6 44.1 44.6 45.0 45.3 45.4 45.3 45.0 44.5 43.9 43.3 42.5 41.8 41.1 40.3 39.6 38.9 38.1 37.4 36.6 35.7 34.7 33.5 32.2 30.6 28.8 26.9 25.6 25.1 24.9 25.0 25.2 25.7 26.3 27.1 28.0 29.1 30.2 31.3 32.5 33.6 34.6 35.5 36.3 36.8 37.3 37.9 37.7 36.2 35.0 33.7 33.0 33.8
0.0 0.0 0.3 0.8 1.4 2.2 3.0 4.1 5.4 7.1 9.1 11.7 14.8 18.5 22.6 26.9 31.2 35.3 39.1 42.5 45.4 47.9 50.2 52.1 53.7 55.1 56.3 56.5 55.3 53.5 51.4 49.3 47.4 45.8 44.5 43.6 43.0 42.6 42.6 42.8 43.2 43.7 44.2 44.7 45.2 45.6 45.8 45.8 45.7 45.3 44.9 44.3 43.7 43.1 42.4 41.7 41.0 40.4 39.7 39.0 38.3 37.4 36.5 35.4 34.2 32.7 31.1 29.3 27.8 27.1 26.7 26.5 26.6 26.9 27.4 28.1 28.9 29.8 30.9 31.9 33.0 34.0 35.0 35.8 36.5 37.0 37.3 37.4 37.1 36.3 35.0 33.3 31.6 31.3
0.0 0.0 0.3 0.8 1.4 2.1 3.0 4.1 5.4 7.0 9.1 11.6 14.7 18.3 22.3 26.5 30.7 34.7 38.4 41.7 44.7 47.2 49.4 51.4 53.3 54.9 56.5 57.7 58.5 58.1 56.0 53.2 50.6 48.3 46.4 45.0 43.9 43.3 43.0 43.1 43.3 43.8 44.3 44.9 45.4 45.8 46.2 46.3 46.3 46.1 45.8 45.3 44.8 44.2 43.7 43.1 42.5 41.9 41.3 40.7 40.1 39.3 38.5 37.6 36.5 35.2 33.7 32.0 30.6 29.6 28.9 28.5 28.4 28.5 28.8 29.4 30.1 30.9 31.9 32.8 33.8 34.7 35.6 36.3 36.8 37.1 37.3 37.2 36.7 35.4 33.9 32.2 30.4 29.0
0.0 0.0 0.3 0.8 1.4 2.1 3.0 4.0 5.3 6.9 8.9 11.4 14.4 17.9 21.8 25.9 30.1 34.0 37.7 41.0 43.9 46.4 48.6 50.7 52.5 54.2 55.7 57.2 58.6 59.7 59.9 57.5 54.2 51.1 48.6 46.6 45.1 44.1 43.6 43.4 43.5 43.9 44.4 45.0 45.6 46.1 46.5 46.7 46.8 46.8 46.6 46.2 45.8 45.4 44.9 44.4 43.9 43.5 43.0 42.5 42.0 41.4 40.8 40.0 39.1 38.0 36.7 35.2 33.7 32.5 31.5 30.9 30.5 30.5 30.6 31.1 31.6 32.4 33.2 34.0 34.9 35.7 36.3 36.8 37.2 37.3 37.2 36.8 35.9 34.6 33.0 31.2 29.4 27.6
0.0 0.0 0.3 0.8 1.4 2.1 2.9 3.9 5.2 6.8 8.8 11.2 14.1 17.5 21.3 25.3 29.4 33.2 36.8 40.1 43.0 45.5 47.8 49.8 51.7 53.4 54.9 56.4 57.9 59.3 60.5 60.6 57.9 54.2 50.9 48.3 46.4 45.0 44.1 43.8 43.8 44.0 44.5 45.1 45.7 46.3 46.8 47.1 47.3 47.4 47.3 47.1 46.8 46.5 46.1 45.8 45.4 45.1 44.7 44.4 44.0 43.7 43.2 42.6 41.9 41.1 40.0 38.7 37.1 35.7 34.6 33.7 33.1 32.8 32.8 33.1 33.5 34.1 34.8 35.5 36.2 36.8 37.3 37.6 37.7 37.6 37.1 36.4 35.3 33.8 32.1 30.2 28.3 26.5
0.0 0.0 0.2 0.7 1.3 2.0 2.8 3.8 5.0 6.6 8.5 10.9 13.7 17.0 20.7 24.6 28.5 32.4 35.9 39.2 42.1 44.6 46.9 49.0 50.8 52.5 54.1 55.7 57.1 58.5 59.9 61.1 60.8 57.4 53.5 50.2 47.7 46.0 44.8 44.2 44.0 44.2 44.7 45.2 45.9 46.5 47.1 47.5 47.8 47.9 48.0 47.9 47.7 47.5 47.3 47.1 46.9 46.7 46.5 46.4 46.3 46.1 45.9 45.6 45.2 44.5 43.5 42.1 40.6 39.1 37.8 36.8 36.0 35.5 35.3 35.4 35.7 36.1 36.6 37.2 37.7 38.1 38.4 38.5 38.3 37.9 37.1 36.1 34.8 33.1 31.3 29.3 27.4 25.5
0.0 0.0 0.2 0.7 1.2 1.9 2.7 3.6 4.8 6.3 8.2 10.5 13.3 16.5 20.0 23.8 27.6 31.4 34.9 38.1 41.0 43.6 46.0 48.0 49.9 51.7 53.3 54.8 56.3 57.7 59.1 60.5 61.4 59.9 56.0 52.1 49.1 46.9 45.5 44.7 44.4 44.4 44.8 45.4 46.0 46.7 47.3 47.8 48.2 48.4 48.6 48.6 48.6 48.5 48.4 48.3 48.3 48.3 48.4 48.5 48.6 48.8 48.9 48.8 48.5 47.8 46.6 45.2 43.7 42.3 41.0 39.9 38.9 38.3 37.9 37.9 38.0 38.3 38.6 39.0 39.3 39.5 39.6 39.4 39.0 38.3 37.3 36.0 34.4 32.6 30.7 28.6 26.6 24.6
0.0 0.0 0.1 0.6 1.1 1.7 2.5 3.4 4.6 6.1 7.9 10.1 12.7 15.8 19.2 22.9 26.6 30.3 33.8 37.0 40.0 42.6 45.0 47.1 49.0 50.8 52.4 54.0 55.5 56.9 58.4 59.7 61.1 61.4 58.2 53.9 50.5 47.9 46.2 45.1 44.7 44.7 45.0 45.6 46.2 46.9 47.6 48.1 48.6 48.9 49.1 49.2 49.3 49.4 49.5 49.6 49.8 50.0 50.3 50.7 51.2 51.6 51.9 51.9 51.2 50.2 49.0 47.8 46.5 45.2 43.9 42.8 41.8 41.1 40.6 40.4 40.4 40.5 40.7 40.9 41.0 41.0 40.9 40.4 39.7 38.8 37.5 36.0 34.2 32.3 30.2 28.1 26.0 24.1
0.0 0.0 0.1 0.5 1.0 1.6 2.3 3.2 4.3 5.7 7.5 9.6 12.1 15.0 18.3 21.9 25.5 29.2 32.6 35.9 38.8 41.5 43.9 46.1 48.1 49.9 51.6 53.2 54.7 56.1 57.6 59.0 60.4 61.4 59.9 55.6 51.7 48.8 46.8 45.6 45.0 44.9 45.2 45.7 46.4 47.1 47.8 48.4 48.9 49.3 49.6 49.8 50.0 50.2 50.5 50.8 51.2 51.7 52.3 53.0 53.8 54.4 54.4 53.9 53.0 52.1 51.1 50.0 48.8 47.6 46.4 45.3 44.4 43.6 43.0 42.7 42.6 42.6 42.7 42.7 42.7 42.5 42.1 41.4 40.5 39.3 37.8 36.1 34.2 32.2 30.0 27.8 25.7 23.9
0.0 0.0 0.0 0.4 0.9 1.4 2.1 3.0 4.0 5.4 7.0 9.0 11.4 14.2 17.4 20.8 24.4 27.9 31.4 34.6 37.6 40.3 42.8 45.0 47.0 48.9 50.6 52.3 53.8 55.3 56.8 58.3 59.7 61.0 61.0 56.9 52.7 49.5 47.3 46.0 45.3 45.2 45.4 45.9 46.6 47.3 48.0 48.7 49.2 49.7 50.0 50.4 50.7 51.0 51.4 52.0 52.6 53.4 54.3 55.3 56.2 56.3 55.9 55.3 54.5 53.7 52.8 51.8 50.7 49.6 48.5 47.5 46.6 45.8 45.2 44.8 44.6 44.5 44.4 44.4 44.2 43.8 43.2 42.3 41.2 39.9 38.2 36.4 34.4 32.2 30.0 27.8 25.7 23.7
0.0 0.0 0.0 0.3 0.7 1.3 1.9 2.7 3.7 5.0 6.5 8.4 10.7 13.4 16.4 19.7 23.2 26.7 30.1 33.3 36.3 39.1 41.6 43.9 46.0 47.9 49.7 51.4 53.0 54.5 56.1 57.5 59.0 60.5 61.1 57.7 53.4 50.1 47.8 46.3 45.6 45.4 45.6 46.1 46.8 47.5 48.2 48.9 49.5 50.0 50.4 50.8 51.2 51.7 52.3 53.0 53.9 55.0 56.3 57.4 57.8 57.5 57.0 56.4 55.8 55.0 54.2 53.3 52.3 51.3 50.3 49.3 48.3 47.6 47.0 46.5 46.2 46.0 45.9 45.8 45.5 45.0 44.2 43.2 41.9 40.4 38.6 36.7 34.6 32.5 30.2 28.1 26.0 24.0
0.0 0.0 0.0 0.2 0.6 1.1 1.7 2.5 3.4 4.6 6.0 7.8 10.0 12.5 15.3 18.5 21.9 25.3 28.7 32.0 35.0 37.8 40.4 42.8 44.9 46.9 48.8 50.5 52.2 53.7 55.3 56.8 58.4 59.9 60.7 58.0 53.8 50.4 48.0 46.6 45.8 45.6 45.9 46.4 47.0 47.7 48.4 49.1 49.7 50.2 50.7 51.2 51.7 52.4 53.1 54.0 55.2 56.6 58.0 58.7 58.7 58.3 57.9 57.4 56.9 56.2 55.5 54.6 53.7 52.7 51.7 50.7 49.8 49.0 48.4 47.8 47.4 47.2 47.1 46.9 46.5 45.9 45.0 44.0 42.6 40.8 39.0 37.0 34.9 32.8 30.6 28.6 26.7 24.5
0.0 0.0 0.0 0.0 0.4 0.9 1.5 2.2 3.1 4.2 5.5 7.2 9.2 11.6 14.3 17.3 20.6 23.9 27.3 30.6 33.7 36.4 39.1 41.8 43.8 45.9 47.8 49.6 51.3 53.0 54.6 56.2 57.8 59.3 60.3 58.0 53.9 50.5 48.2 46.7 46.0 45.8 46.1 46.6 47.2 47.9 48.6 49.3 49.8 50.4 50.9 51.5 52.1 52.9 53.8 54.9 56.3 57.9 59.2 59.5 59.3 59.0 58.7 58.3 57.8 57.2 56.6 55.8 54.9 54.0 52.9 51.9 50.9 50.0 49.3 48.8 48.3 48.1 47.8 47.6 47.1 46.5 45.6 44.5 42.9 41.2 39.3 37.3 35.3 33.1 31.0 28.9 27.0 25.1
0.0 0.0 0.0 0.0 0.3 0.7 1.2 1.9 2.7 3.7 5.0 6.6 8.4 10.7 13.2 16.1 19.2 22.4 25.8 29.1 32.3 35.3 38.0 40.6 42.9 44.9 47.1 48.8 50.5 52.2 53.9 55.5 57.2 58.8 59.8 57.6 53.6 50.4 48.1 46.8 46.1 46.0 46.2 46.7 47.4 48.1 48.7 49.4 50.0 50.5 51.1 51.7 52.4 53.3 54.3 55.7 57.3 59.0 59.8 59.9 59.7 59.6 59.3 59.0 58.6 58.1 57.5 56.8 56.0 55.0 54.0 52.9 51.9 50.9 50.1 49.5 48.9 48.6 48.3 48.0 47.6 46.9 46.0 44.7 43.2 41.5 39.6 37.6 35.5 33.4 31.3 29.3 27.7 25.7
0.0 0.0 0.0 0.0 0.1 0.5 1.0 1.7 2.4 3.4 4.5 6.0 7.7 9.7 12.2 14.9 17.9 21.0 24.3 27.5 30.8 33.9 36.7 39.4 41.7 44.0 46.1 47.8 49.6 51.4 53.2 54.9 56.6 58.4 59.4 56.8 53.0 50.0 48.0 46.8 46.2 46.1 46.4 46.9 47.5 48.2 48.8 49.4 50.0 50.5 51.1 51.8 52.6 53.5 54.7 56.2 58.0 59.7 60.0 60.1 60.0 59.9 59.8 59.6 59.3 58.9 58.4 57.7 56.9 56.0 54.9 53.8 52.7 51.6 50.6 49.8 49.2 48.8 48.4 48.1 47.6 47.0 46.1 44.8 43.3 41.6 39.7 37.8 35.8 33.7 31.7 29.8 27.9 26.2
0.0 0.0 0.0 0.0 0.0 0.4 0.9 1.4 2.1 3.0 4.1 5.4 7.0 8.9 11.2 13.7 16.6 19.6 22.8 26.0 29.2 32.3 35.3 38.1 40.4 42.8 45.1 47.1 48.9 50.7 52.5 54.4 56.2 57.9 58.8 55.7 52.1 49.5 47.7 46.7 46.2 46.2 46.5 47.0 47.6 48.2 48.8 49.4 49.9 50.5 51.1 51.7 52.6 53.6 54.9 56.6 58.4 59.8 60.1 60.1 60.2 60.2 60.1 60.0 59.8 59.5 59.0 58.5 57.8 56.8 55.7 54.6 53.4 52.1 51.0 50.1 49.3 48.7 48.3 47.9 47.4 46.8 45.9 44.6 43.2 41.5 39.7 37.8 35.8 33.9 32.0 30.3 28.3 26.9
0.0 0.0 0.0 0.0 0.0 0.3 0.8 1.3 1.9 2.7 3.7 4.9 6.4 8.1 10.2 12.6 15.3 18.2 21.2 24.5 27.6 30.8 33.9 36.7 39.2 41.7 44.1 46.3 48.4 50.2 52.0 53.8 55.7 57.4 57.5 54.3 51.1 48.8 47.3 46.5 46.2 46.3 46.6 47.1 47.7 48.2 48.8 49.3 49.8 50.3 50.9 51.6 52.4 53.5 54.9 56.7 58.6 59.6 59.9 60.0 60.1 60.2 60.2 60.2 60.1 59.9 59.6 59.1 58.5 57.6 56.4 55.1 53.8 52.5 51.3 50.2 49.3 48.6 48.0 47.6 47.0 46.4 45.5 44.3 42.8 41.2 39.4 37.6 35.7 33.9 32.3 30.3 28.6 27.0
