main/data/rainfall/15.01.2023.grid
ncols 886
nrows 691
xllcenter 112.0000
yllcenter -44.5000
cellsize 0.0500
nodata_value 99999.90
[rows 168 to 209 of 691, columns 470 to 563 of 886]
0.0 0.0 0.0 0.0 0.0 0.0 0.0 0.0 0.0 0.0 0.0 0.0 0.0 0.0 0.0 0.1 0.3 0.5 0.7 1.0 1.3 1.7 2.1 2.6 3.2 3.8 4.5 5.2 5.9 6.5 7.1 7.6 8.0 8.2 8.3 8.2 7.9 7.3 6.5 5.4 4.1 2.5 0.8 0.0 0.0 0.0 0.0 1.6 4.7 8.3 12.4 16.9 21.6 26.4 30.4 36.0 38.3 42.9 44.3 46.0 46.7 46.8 45.9 44.0 41.7 38.9 35.2 31.2 27.2 23.5 20.0 16.8 14.0 11.6 9.5 7.9 6.6 5.6 5.0 4.6 4.3 4.3 4.6 5.0 5.4 5.9 6.4 6.9 7.4 7.9 8.4 8.9 9.4 9.8
0.0 0.0 0.0 0.0 0.0 0.0 0.0 0.0 0.0 0.0 0.0 0.0 0.0 0.0 0.0 0.1 0.3 0.5 0.7 1.0 1.3 1.7 2.1 2.7 3.2 3.9 4.5 5.2 5.8 6.4 7.0 7.4 7.7 7.8 7.8 7.5 7.0 6.1 4.8 3.3 1.4 0.0 0.0 0.0 0.0 0.0 0.0 1.1 4.1 7.6 11.8 16.4 20.7 25.2 29.1 33.9 38.5 43.0 45.7 46.8 47.7 48.3 47.9 46.6 45.2 41.5 38.0 33.9 29.9 26.0 22.3 18.8 15.6 12.7 10.3 8.3 6.7 5.5 4.6 3.9 2.7 2.6 3.1 4.0 4.5 4.9 5.4 5.9 6.5 7.0 7.6 8.1 8.7 9.2
0.0 0.0 0.0 0.0 0.0 0.0 0.0 0.0 0.0 0.0 0.0 0.0 0.0 0.0 0.0 0.2 0.3 0.5 0.7 1.0 1.3 1.7 2.2 2.7 3.3 3.9 4.5 5.1 5.8 6.3 6.8 7.2 7.4 7.4 7.1 6.6 5.8 4.6 2.9 0.9 0.0 0.0 0.0 0.0 0.0 0.0 0.0 0.6 3.6 7.0 10.9 15.2 19.4 24.0 28.2 32.7 38.1 43.2 45.9 46.3 48.3 49.5 49.6 50.3 46.9 44.6 40.5 36.5 32.6 28.7 24.7 20.9 17.4 14.2 11.4 9.0 7.1 5.6 4.5 3.5 1.6 1.4 2.0 3.2 3.7 4.2 4.6 5.2 5.7 6.3 6.9 7.5 8.1 8.7
0.0 0.0 0.0 0.0 0.0 0.0 0.0 0.0 0.0 0.0 0.0 0.0 0.0 0.0 0.1 0.2 0.4 0.6 0.8 1.0 1.4 1.7 2.2 2.7 3.3 3.9 4.5 5.1 5.7 6.2 6.6 6.9 7.0 6.8 6.4 5.7 4.5 2.9 0.8 0.0 0.0 0.0 0.0 0.0 0.0 0.0 0.0 0.1 2.9 6.1 9.8 14.0 18.0 22.4 27.1 32.1 35.9 40.5 44.5 46.5 48.5 50.3 51.1 50.3 49.4 46.1 42.8 39.2 35.6 31.6 27.4 23.4 19.5 15.9 12.7 10.0 7.8 6.0 4.7 3.4 1.1 0.9 1.4 2.7 3.2 3.6 4.1 4.6 5.2 5.8 6.5 7.1 7.8 8.5
0.0 0.0 0.0 0.0 0.0 0.0 0.0 0.0 0.0 0.0 0.0 0.0 0.0 0.1 0.2 0.3 0.4 0.6 0.8 1.1 1.4 1.8 2.2 2.7 3.3 3.9 4.5 5.1 5.6 6.0 6.4 6.6 6.6 6.3 5.7 4.6 3.1 1.1 0.0 0.0 0.0 0.0 0.0 0.0 0.0 0.0 0.0 0.0 2.2 5.3 8.8 13.0 16.9 21.5 26.4 30.8 35.5 39.6 43.7 46.1 47.7 50.1 51.4 51.4 50.1 47.9 45.0 42.1 38.4 34.7 30.1 25.8 21.7 17.9 14.4 11.3 8.7 6.6 5.0 3.5 1.5 2.1 2.3 2.6 2.9 3.2 3.7 4.2 4.8 5.5 6.2 6.9 7.6 8.4
0.0 0.0 0.0 0.0 0.0 0.0 0.0 0.0 0.0 0.0 0.0 0.0 0.0 0.1 0.2 0.3 0.5 0.6 0.8 1.1 1.4 1.8 2.3 2.8 3.3 3.9 4.5 5.0 5.5 5.8 6.1 6.2 6.0 5.6 4.8 3.5 1.7 0.0 0.0 0.0 0.0 0.0 0.0 0.0 0.0 0.0 0.0 0.0 1.6 4.5 7.9 11.7 15.9 20.5 25.3 29.8 34.1 38.3 42.8 45.5 46.3 49.2 51.2 51.9 51.6 49.6 47.3 44.9 40.9 37.3 32.9 28.3 24.1 19.9 16.1 12.7 9.8 7.4 5.6 4.1 3.0 2.6 2.5 2.5 2.7 3.0 3.5 4.0 4.7 5.4 6.1 6.8 7.6 8.5
0.1 0.0 0.0 0.0 0.0 0.0 0.0 0.0 0.0 0.0 0.0 0.0 0.1 0.2 0.3 0.4 0.5 0.7 0.9 1.2 1.5 1.9 2.3 2.8 3.3 3.9 4.4 4.9 5.3 5.6 5.8 5.8 5.5 4.9 3.9 2.4 0.3 0.0 0.0 0.0 0.0 0.0 0.0 0.0 0.0 0.0 0.0 0.0 0.9 3.7 7.0 10.8 14.9 19.3 24.0 28.5 33.0 36.9 39.8 43.4 46.8 48.4 50.9 52.2 52.2 50.9 49.7 47.0 44.3 40.1 35.3 31.0 26.3 21.9 17.8 14.3 11.0 8.4 6.2 4.7 3.6 2.9 2.5 2.5 2.6 3.0 3.4 4.0 4.7 5.4 6.2 7.0 7.9 8.9
0.2 0.2 0.1 0.1 0.0 0.0 0.0 0.0 0.0 0.0 0.1 0.1 0.2 0.2 0.3 0.4 0.5 0.7 0.9 1.2 1.5 1.9 2.3 2.8 3.3 3.8 4.3 4.8 5.1 5.4 5.5 5.4 5.0 4.3 3.1 1.3 0.0 0.0 0.0 0.0 0.0 0.0 0.0 0.0 0.0 0.0 0.0 0.0 0.2 3.0 6.1 9.7 13.7 18.1 22.6 27.1 32.3 36.1 39.9 42.3 46.6 49.5 50.9 52.9 52.7 52.0 51.3 49.2 45.9 41.9 37.7 33.4 28.7 24.0 19.7 15.8 12.4 9.4 7.0 5.2 4.0 3.2 2.7 2.6 2.8 3.1 3.6 4.2 4.9 5.7 6.6 7.5 8.5 9.5
0.3 0.3 0.2 0.2 0.1 0.1 0.1 0.1 0.1 0.1 0.1 0.1 0.2 0.2 0.3 0.4 0.6 0.7 1.0 1.2 1.6 2.0 2.4 2.8 3.3 3.8 4.2 4.6 4.9 5.1 5.2 5.0 4.5 3.7 2.3 0.4 0.0 0.0 0.0 0.0 0.0 0.0 0.0 0.0 0.0 0.0 0.0 0.0 0.0 2.2 5.2 8.7 12.7 16.9 21.4 26.0 30.3 34.5 38.4 42.6 45.6 48.7 51.2 53.3 53.8 53.4 52.7 51.3 47.9 44.2 39.9 35.6 30.9 25.9 21.5 17.4 13.7 10.6 7.9 6.0 4.5 3.6 3.1 3.0 3.1 3.4 4.0 4.6 5.4 6.3 7.3 8.3 9.3 10.5
0.4 0.3 0.3 0.2 0.2 0.2 0.1 0.1 0.1 0.1 0.2 0.2 0.2 0.3 0.4 0.5 0.6 0.8 1.0 1.3 1.6 2.0 2.4 2.8 3.3 3.7 4.1 4.5 4.8 4.9 4.9 4.6 4.1 3.1 1.7 0.0 0.0 0.0 0.0 0.0 0.0 0.0 0.0 0.0 0.0 0.0 0.0 0.0 0.0 1.4 4.4 7.8 11.7 15.9 20.3 24.8 29.5 33.8 38.1 42.0 45.9 48.7 51.7 53.8 54.9 54.9 54.5 51.8 49.4 45.5 42.2 37.1 32.4 27.9 23.4 19.1 15.3 11.8 9.1 6.8 5.2 4.2 3.7 3.5 3.7 4.0 4.6 5.3 6.2 7.2 8.2 9.3 10.5 11.8
0.4 0.3 0.3 0.3 0.2 0.2 0.2 0.2 0.2 0.2 0.2 0.2 0.2 0.3 0.4 0.5 0.6 0.8 1.0 1.3 1.7 2.0 2.4 2.8 3.2 3.6 4.0 4.3 4.5 4.6 4.5 4.2 3.6 2.6 1.1 0.0 0.0 0.0 0.0 0.0 0.0 0.0 0.0 0.0 0.0 0.0 0.0 0.0 0.0 0.7 3.6 6.9 10.6 14.8 19.2 23.9 28.6 33.0 37.6 41.8 45.3 48.7 51.8 53.4 55.1 56.1 55.2 52.9 49.9 46.9 42.9 39.0 35.1 29.8 25.3 20.9 16.7 13.1 10.1 7.8 6.2 5.0 4.4 4.3 4.5 4.9 5.5 6.4 7.3 8.4 9.5 10.7 12.0 13.4
0.4 0.4 0.3 0.3 0.2 0.2 0.2 0.2 0.2 0.2 0.2 0.2 0.3 0.3 0.4 0.5 0.6 0.8 1.0 1.3 1.6 2.0 2.4 2.8 3.2 3.5 3.8 4.1 4.2 4.3 4.2 3.9 3.2 2.2 0.7 0.0 0.0 0.0 0.0 0.0 0.0 0.0 0.0 0.0 0.0 0.0 0.0 0.0 0.0 0.0 2.7 5.9 9.6 13.5 17.9 22.5 27.3 31.7 36.3 40.6 44.3 47.8 50.8 53.0 54.5 55.6 54.6 52.8 50.9 47.9 44.9 40.5 36.4 32.1 27.1 22.5 18.1 14.6 11.4 8.8 7.2 6.0 5.4 5.3 5.5 6.0 6.8 7.7 8.8 10.0 11.2 12.5 13.8 15.3
0.4 0.3 0.3 0.3 0.2 0.2 0.2 0.2 0.2 0.2 0.2 0.2 0.3 0.3 0.4 0.5 0.6 0.8 1.0 1.3 1.6 2.0 2.4 2.7 3.1 3.4 3.6 3.9 4.0 4.0 3.9 3.6 2.9 1.9 0.5 0.0 0.0 0.0 0.0 0.0 0.0 0.0 0.0 0.0 0.0 0.0 0.0 0.0 0.0 0.0 2.0 5.0 8.5 12.4 16.5 21.1 25.8 30.4 34.9 39.2 43.1 46.6 49.5 52.3 54.1 54.9 56.1 53.8 52.0 49.6 46.1 42.9 38.8 33.5 28.7 24.0 19.8 16.3 12.7 10.2 8.5 7.2 6.6 6.6 6.9 7.5 8.4 9.4 10.6 11.8 13.1 14.5 15.9 17.4
0.4 0.3 0.3 0.3 0.2 0.2 0.2 0.2 0.2 0.2 0.2 0.2 0.3 0.3 0.4 0.5 0.6 0.8 1.0 1.2 1.5 1.9 2.4 2.7 3.0 3.2 3.5 3.7 3.8 3.8 3.7 3.3 2.7 1.7 0.3 0.0 0.0 0.0 0.0 0.0 0.0 0.0 0.0 0.0 0.0 0.0 0.0 0.0 0.0 0.0 1.3 4.2 7.5 11.3 15.2 19.4 24.2 28.6 33.2 37.1 41.0 44.7 48.0 51.2 53.1 54.2 53.8 52.8 51.6 48.9 46.2 42.9 39.5 34.8 30.1 25.3 21.7 17.9 14.4 11.5 9.9 8.6 8.1 8.1 8.5 9.2 10.2 11.3 12.6 13.9 15.2 16.6 18.0 19.5
0.3 0.3 0.3 0.3 0.2 0.2 0.2 0.2 0.2 0.2 0.2 0.2 0.2 0.3 0.4 0.5 0.6 0.7 0.9 1.2 1.5 1.9 2.3 2.6 2.9 3.1 3.4 3.5 3.6 3.6 3.5 3.1 2.5 1.6 0.3 0.0 0.0 0.0 0.0 0.0 0.0 0.0 0.0 0.0 0.0 0.0 0.0 0.0 0.0 0.0 0.8 3.5 6.6 10.1 13.9 17.8 22.2 26.3 30.4 35.1 38.9 42.5 45.2 48.0 50.4 51.2 52.3 51.7 50.4 49.0 45.9 44.0 40.2 36.6 31.3 27.8 23.1 19.1 15.4 12.9 11.7 10.1 9.7 9.9 10.3 11.1 12.2 13.4 14.7 16.0 17.3 18.7 20.1 21.5
0.3 0.3 0.3 0.2 0.2 0.2 0.2 0.2 0.2 0.2 0.2 0.2 0.2 0.3 0.3 0.4 0.6 0.7 0.9 1.2 1.5 1.9 2.3 2.6 2.8 3.0 3.2 3.4 3.5 3.4 3.3 3.0 2.4 1.6 0.4 0.0 0.0 0.0 0.0 0.0 0.0 0.0 0.0 0.0 0.0 0.0 0.0 0.0 0.0 0.0 0.4 2.9 5.7 9.0 12.5 16.1 20.0 24.1 28.2 32.5 35.6 39.3 42.5 45.2 47.6 48.8 49.5 50.1 48.9 47.7 45.3 43.4 41.6 36.9 32.3 28.8 24.1 20.1 16.8 14.9 13.3 11.9 11.6 11.9 12.3 13.2 14.2 15.5 16.7 17.9 19.3 20.6 21.9 23.2
0.3 0.3 0.2 0.2 0.2 0.2 0.2 0.1 0.1 0.1 0.2 0.2 0.2 0.3 0.3 0.4 0.5 0.7 0.9 1.1 1.4 1.8 2.2 2.5 2.8 2.9 3.1 3.2 3.3 3.3 3.1 2.8 2.3 1.6 0.5 0.0 0.0 0.0 0.0 0.0 0.0 0.0 0.0 0.0 0.0 0.0 0.0 0.0 0.0 0.0 0.2 2.5 5.1 8.1 11.2 14.7 18.0 22.0 25.7 29.3 32.6 36.2 39.1 41.9 44.1 45.1 46.4 46.5 46.4 45.8 44.4 42.8 40.7 37.0 32.4 29.0 24.8 21.5 18.5 16.2 14.7 13.8 13.7 13.6 14.2 15.1 16.2 17.4 18.6 19.7 20.9 22.1 23.4 24.5
0.2 0.2 0.2 0.2 0.2 0.1 0.1 0.1 0.1 0.1 0.1 0.2 0.2 0.3 0.3 0.4 0.5 0.7 0.9 1.1 1.4 1.8 2.2 2.5 2.7 2.8 3.0 3.1 3.2 3.1 3.0 2.7 2.3 1.6 0.6 0.0 0.0 0.0 0.0 0.0 0.0 0.0 0.0 0.0 0.0 0.0 0.0 0.0 0.0 0.0 0.3 2.3 4.6 7.2 10.0 13.0 16.2 19.6 22.7 25.9 29.3 32.3 35.2 37.8 39.6 41.0 42.8 43.3 43.2 43.1 41.8 40.3 38.8 35.9 32.9 29.2 25.4 22.1 19.3 17.7 16.0 15.7 15.6 15.7 16.1 16.9 18.0 18.9 20.1 21.0 22.1 23.2 24.3 25.3
0.2 0.2 0.2 0.2 0.1 0.1 0.1 0.1 0.1 0.1 0.1 0.2 0.2 0.2 0.3 0.4 0.5 0.6 0.8 1.1 1.3 1.7 2.1 2.4 2.6 2.7 2.9 3.0 3.0 3.0 2.9 2.6 2.2 1.6 0.8 0.0 0.0 0.0 0.0 0.0 0.0 0.0 0.0 0.0 0.0 0.0 0.0 0.0 0.0 0.0 0.5 2.2 4.2 6.4 8.8 11.4 14.1 17.0 19.9 22.6 25.7 28.4 30.8 33.1 35.0 36.2 37.6 38.5 39.0 39.1 39.2 38.4 37.6 35.3 32.5 28.8 25.6 22.5 20.3 18.5 17.7 16.9 17.0 17.2 17.6 18.3 19.2 20.0 20.9 21.8 22.9 23.8 24.7 25.6
0.2 0.2 0.1 0.1 0.1 0.1 0.1 0.1 0.1 0.1 0.1 0.1 0.2 0.2 0.3 0.4 0.5 0.6 0.8 1.0 1.3 1.7 2.0 2.3 2.5 2.6 2.8 2.9 2.9 2.9 2.8 2.6 2.2 1.7 0.9 0.0 0.0 0.0 0.0 0.0 0.0 0.0 0.0 0.0 0.0 0.0 0.0 0.0 0.0 0.0 0.8 2.2 3.9 5.7 7.7 9.8 12.2 14.6 16.9 19.3 21.8 24.1 26.2 28.3 29.9 31.5 32.8 33.9 34.7 35.0 34.7 34.8 33.3 32.3 29.9 27.1 24.6 22.3 20.6 19.2 18.5 17.9 17.8 17.9 18.4 19.0 19.8 20.6 21.4 22.2 23.0 23.8 24.6 25.4
0.1 0.1 0.1 0.1 0.1 0.1 0.1 0.1 0.1 0.1 0.1 0.1 0.2 0.2 0.3 0.4 0.5 0.6 0.8 1.0 1.3 1.6 2.0 2.2 2.4 2.5 2.7 2.7 2.8 2.8 2.7 2.5 2.2 1.7 1.1 0.1 0.0 0.0 0.0 0.0 0.0 0.0 0.0 0.0 0.0 0.0 0.0 0.0 0.0 0.0 1.1 2.3 3.6 5.1 6.7 8.4 10.3 12.3 14.3 16.2 18.2 20.1 22.1 23.9 25.4 26.9 28.2 29.1 29.8 30.2 30.5 30.6 29.7 28.5 27.4 25.2 23.1 22.0 20.0 18.7 18.5 18.6 18.2 17.9 18.5 19.1 19.8 20.5 21.2 22.0 22.7 23.3 24.1 24.7
0.1 0.1 0.1 0.1 0.1 0.1 0.1 0.1 0.1 0.1 0.1 0.1 0.2 0.2 0.3 0.3 0.4 0.6 0.7 1.0 1.2 1.5 1.9 2.1 2.3 2.4 2.5 2.6 2.7 2.7 2.6 2.4 2.2 1.7 1.1 0.3 0.0 0.0 0.0 0.0 0.0 0.0 0.0 0.0 0.0 0.0 0.0 0.0 0.0 0.5 1.4 2.3 3.4 4.6 5.8 7.2 8.6 10.2 11.7 13.4 14.9 16.6 18.3 19.7 21.1 22.4 23.6 24.5 25.3 25.7 26.2 26.1 26.0 25.4 24.3 22.7 21.7 20.3 19.1 17.9 17.6 17.6 18.1 17.9 18.0 18.6 19.3 19.9 20.5 21.2 21.8 22.3 23.0 23.5
0.1 0.1 0.1 0.1 0.1 0.1 0.1 0.1 0.1 0.1 0.1 0.1 0.2 0.2 0.3 0.3 0.4 0.6 0.7 0.9 1.2 1.5 1.8 2.1 2.2 2.3 2.4 2.5 2.6 2.6 2.5 2.4 2.1 1.7 1.2 0.4 0.0 0.0 0.0 0.0 0.0 0.0 0.0 0.0 0.0 0.0 0.0 0.0 0.2 0.8 1.5 2.3 3.1 4.1 5.0 6.1 7.2 8.4 9.6 10.8 12.2 13.5 14.8 16.1 17.2 18.3 19.3 20.2 20.9 21.4 22.1 22.1 21.8 21.9 21.2 20.3 19.3 18.0 17.0 17.0 16.4 16.6 16.8 16.9 17.1 17.4 18.1 18.8 19.2 19.9 20.3 20.8 21.5 21.9
0.1 0.1 0.1 0.1 0.0 0.0 0.1 0.1 0.1 0.1 0.1 0.1 0.1 0.2 0.2 0.3 0.4 0.5 0.7 0.9 1.1 1.4 1.8 2.0 2.1 2.2 2.3 2.4 2.5 2.5 2.4 2.3 2.0 1.7 1.2 0.5 0.0 0.0 0.0 0.0 0.0 0.0 0.0 0.0 0.0 0.0 0.0 0.0 0.5 1.0 1.6 2.2 2.8 3.5 4.3 5.1 5.9 6.8 7.7 8.7 9.8 10.9 11.9 12.9 13.9 14.8 15.7 16.4 17.1 17.5 18.2 18.6 18.5 18.2 18.3 17.7 16.7 16.1 15.6 14.9 15.7 15.1 15.3 15.3 15.7 16.0 16.6 17.0 17.7 18.1 18.7 19.0 19.5 19.9
0.1 0.1 0.0 0.0 0.0 0.0 0.0 0.0 0.1 0.1 0.1 0.1 0.1 0.2 0.2 0.3 0.4 0.5 0.7 0.8 1.1 1.4 1.7 1.9 2.0 2.1 2.2 2.3 2.4 2.4 2.3 2.1 1.9 1.6 1.1 0.4 0.0 0.0 0.0 0.0 0.0 0.0 0.0 0.0 0.0 0.0 0.0 0.2 0.6 1.0 1.5 2.0 2.5 3.0 3.6 4.2 4.9 5.5 6.2 7.0 7.8 8.7 9.5 10.3 11.0 11.7 12.4 13.2 13.7 14.2 14.7 15.1 15.4 15.4 15.4 15.0 14.6 14.0 13.8 13.6 13.7 13.5 13.7 13.8 13.9 14.1 14.6 15.1 15.9 16.1 16.6 16.9 17.4 17.7
0.0 0.0 0.0 0.0 0.0 0.0 0.0 0.0 0.1 0.1 0.1 0.1 0.1 0.2 0.2 0.3 0.4 0.5 0.6 0.8 1.0 1.3 1.6 1.8 1.9 2.0 2.1 2.1 2.2 2.2 2.1 2.0 1.8 1.5 1.0 0.4 0.0 0.0 0.0 0.0 0.0 0.0 0.0 0.0 0.0 0.0 0.0 0.3 0.6 1.0 1.3 1.7 2.1 2.6 3.0 3.5 4.0 4.5 5.0 5.6 6.2 6.8 7.4 8.0 8.6 9.2 9.8 10.4 10.9 11.4 12.0 12.4 12.7 13.0 12.9 12.9 12.9 12.4 12.2 12.3 12.1 11.8 11.8 12.1 12.2 12.3 12.7 13.2 13.6 13.9 14.3 14.6 15.1 15.4
0.0 0.0 0.0 0.0 0.0 0.0 0.0 0.0 0.0 0.1 0.1 0.1 0.1 0.2 0.2 0.3 0.4 0.5 0.6 0.8 1.0 1.2 1.5 1.7 1.8 1.9 1.9 2.0 2.0 2.0 2.0 1.9 1.7 1.3 0.9 0.2 0.0 0.0 0.0 0.0 0.0 0.0 0.0 0.0 0.0 0.0 0.0 0.2 0.5 0.8 1.1 1.4 1.7 2.1 2.4 2.8 3.2 3.6 3.9 4.4 4.8 5.3 5.8 6.2 6.7 7.2 7.7 8.2 8.7 9.3 9.8 10.3 10.7 10.8 11.0 10.9 11.0 10.7 10.5 10.6 10.6 10.3 10.3 10.5 10.3 10.6 10.7 11.3 11.6 11.7 12.1 12.4 12.8 13.0
0.0 0.0 0.0 0.0 0.0 0.0 0.0 0.0 0.0 0.1 0.1 0.1 0.1 0.2 0.2 0.3 0.3 0.4 0.6 0.7 0.9 1.2 1.4 1.6 1.7 1.7 1.8 1.9 1.9 1.9 1.8 1.7 1.5 1.2 0.7 0.1 0.0 0.0 0.0 0.0 0.0 0.0 0.0 0.0 0.0 0.0 0.0 0.1 0.3 0.6 0.8 1.1 1.4 1.6 1.9 2.2 2.5 2.8 3.1 3.4 3.7 4.1 4.5 4.8 5.2 5.6 6.1 6.5 7.0 7.5 8.2 8.7 9.0 9.2 9.5 9.4 9.4 9.4 9.3 9.2 9.1 9.0 8.8 8.8 8.7 9.0 9.0 9.6 9.8 9.6 10.1 10.2 10.5 10.7
0.0 0.0 0.0 0.0 0.0 0.0 0.0 0.0 0.0 0.1 0.1 0.1 0.1 0.2 0.2 0.3 0.3 0.4 0.5 0.7 0.9 1.1 1.3 1.5 1.6 1.6 1.7 1.7 1.7 1.7 1.7 1.6 1.4 1.1 0.6 0.0 0.0 0.0 0.0 0.0 0.0 0.0 0.0 0.0 0.0 0.0 0.0 0.0 0.1 0.3 0.5 0.8 1.0 1.2 1.4 1.7 1.9 2.1 2.3 2.6 2.8 3.1 3.4 3.7 4.0 4.4 4.8 5.3 5.7 6.3 6.9 7.3 7.7 8.3 8.2 8.2 8.3 8.3 8.2 8.1 8.0 7.8 7.5 7.4 7.3 7.2 7.6 7.7 7.8 7.8 8.0 8.3 8.5 8.6
0.0 0.0 0.0 0.0 0.0 0.0 0.0 0.0 0.0 0.1 0.1 0.1 0.1 0.1 0.2 0.2 0.3 0.4 0.5 0.6 0.8 1.0 1.2 1.4 1.5 1.5 1.6 1.6 1.6 1.6 1.5 1.4 1.2 0.9 0.5 0.0 0.0 0.0 0.0 0.0 0.0 0.0 0.0 0.0 0.0 0.0 0.0 0.0 0.0 0.1 0.3 0.5 0.6 0.8 1.0 1.2 1.4 1.6 1.7 1.9 2.1 2.3 2.5 2.8 3.1 3.4 3.8 4.3 4.8 5.3 6.0 6.5 6.9 7.3 7.3 7.3 7.4 7.3 7.1 6.9 6.8 6.6 6.4 6.3 6.0 5.9 6.1 6.2 6.2 6.4 6.4 6.8 6.7 6.7
0.0 0.0 0.0 0.0 0.0 0.0 0.0 0.0 0.0 0.0 0.1 0.1 0.1 0.1 0.2 0.2 0.3 0.4 0.5 0.6 0.8 1.0 1.2 1.3 1.4 1.4 1.5 1.5 1.5 1.5 1.4 1.3 1.1 0.8 0.4 0.0 0.0 0.0 0.0 0.0 0.0 0.0 0.0 0.0 0.0 0.0 0.0 0.0 0.0 0.0 0.0 0.2 0.3 0.5 0.6 0.8 0.9 1.1 1.2 1.4 1.5 1.7 1.9 2.1 2.4 2.7 3.1 3.5 4.1 4.6 5.2 5.8 6.2 6.3 6.5 6.4 6.5 6.3 6.2 6.1 5.9 5.5 5.5 5.2 5.1 4.8 4.9 4.9 4.9 4.9 5.0 5.2 5.1 5.1
0.0 0.0 0.0 0.0 0.0 0.0 0.0 0.0 0.0 0.0 0.1 0.1 0.1 0.1 0.2 0.2 0.3 0.4 0.4 0.6 0.7 0.9 1.1 1.3 1.3 1.4 1.4 1.4 1.4 1.4 1.3 1.2 1.0 0.7 0.3 0.0 0.0 0.0 0.0 0.0 0.0 0.0 0.0 0.0 0.0 0.0 0.0 0.0 0.0 0.0 0.0 0.0 0.0 0.2 0.3 0.5 0.6 0.7 0.8 1.0 1.1 1.2 1.4 1.6 1.8 2.2 2.5 3.0 3.6 4.1 4.7 5.2 5.5 5.8 5.8 5.7 5.8 5.6 5.5 5.4 5.2 4.7 4.3 4.0 3.6 3.5 3.8 3.9 3.9 3.9 3.9 3.9 3.9 3.9
0.0 0.0 0.0 0.0 0.0 0.0 0.0 0.0 0.0 0.0 0.1 0.1 0.1 0.1 0.2 0.2 0.3 0.3 0.4 0.5 0.7 0.8 1.0 1.2 1.2 1.3 1.3 1.3 1.3 1.3 1.2 1.1 0.9 0.7 0.3 0.0 0.0 0.0 0.0 0.0 0.0 0.0 0.0 0.0 0.0 0.0 0.0 0.0 0.0 0.0 0.0 0.0 0.0 0.0 0.0 0.2 0.3 0.4 0.5 0.6 0.7 0.9 1.1 1.2 1.5 1.8 2.2 2.7 3.2 3.7 4.2 4.7 5.0 5.2 5.2 5.2 5.3 5.0 4.8 4.7 4.3 3.8 3.3 2.9 2.5 2.3 2.5 2.9 3.1 3.0 3.0 3.0 2.9 2.9
0.0 0.0 0.0 0.0 0.0 0.0 0.0 0.0 0.0 0.0 0.1 0.1 0.1 0.1 0.1 0.2 0.2 0.3 0.4 0.5 0.6 0.8 0.9 1.1 1.2 1.2 1.2 1.2 1.2 1.2 1.1 1.0 0.9 0.6 0.3 0.0 0.0 0.0 0.0 0.0 0.0 0.0 0.0 0.0 0.0 0.0 0.0 0.0 0.0 0.0 0.0 0.0 0.0 0.0 0.0 0.0 0.0 0.2 0.3 0.4 0.5 0.6 0.8 1.0 1.2 1.5 1.9 2.4 2.9 3.4 3.9 4.2 4.5 4.6 4.7 4.6 4.6 4.4 4.4 4.1 3.8 3.1 2.6 2.2 1.7 1.5 1.6 2.2 2.3 2.3 2.2 2.2 2.2 2.1
0.0 0.0 0.0 0.0 0.0 0.0 0.0 0.0 0.0 0.0 0.0 0.1 0.1 0.1 0.1 0.2 0.2 0.3 0.4 0.5 0.6 0.7 0.9 1.1 1.1 1.1 1.2 1.2 1.2 1.1 1.1 1.0 0.8 0.6 0.3 0.0 0.0 0.0 0.0 0.0 0.0 0.0 0.0 0.0 0.0 0.0 0.0 0.0 0.0 0.0 0.0 0.0 0.0 0.0 0.0 0.0 0.0 0.0 0.1 0.2 0.3 0.4 0.6 0.8 1.1 1.4 1.7 2.2 2.6 3.1 3.5 3.8 4.0 4.2 4.3 4.2 4.1 4.0 3.9 3.6 3.2 2.7 2.3 1.7 1.3 1.1 1.2 1.8 1.8 1.8 1.7 1.6 1.6 1.5
0.0 0.0 0.0 0.0 0.0 0.0 0.0 0.0 0.0 0.0 0.0 0.1 0.1 0.1 0.1 0.2 0.2 0.3 0.3 0.4 0.5 0.7 0.8 1.0 1.1 1.1 1.1 1.1 1.1 1.1 1.0 0.9 0.8 0.6 0.3 0.0 0.0 0.0 0.0 0.0 0.0 0.0 0.0 0.0 0.0 0.0 0.0 0.0 0.0 0.0 0.0 0.0 0.0 0.0 0.0 0.0 0.0 0.0 0.0 0.1 0.2 0.3 0.5 0.7 1.0 1.2 1.6 2.0 2.4 2.8 3.1 3.4 3.6 3.7 3.9 3.7 3.7 3.5 3.4 3.2 2.9 2.4 2.0 1.5 1.2 1.0 1.1 1.5 1.5 1.3 1.3 1.2 1.2 1.1
0.0 0.0 0.0 0.0 0.0 0.0 0.0 0.0 0.0 0.0 0.0 0.1 0.1 0.1 0.1 0.2 0.2 0.3 0.3 0.4 0.5 0.6 0.8 0.9 1.0 1.0 1.1 1.1 1.1 1.0 1.0 0.9 0.8 0.6 0.4 0.0 0.0 0.0 0.0 0.0 0.0 0.0 0.0 0.0 0.0 0.0 0.0 0.0 0.0 0.0 0.0 0.0 0.0 0.0 0.0 0.0 0.0 0.0 0.0 0.0 0.1 0.2 0.4 0.6 0.9 1.1 1.5 1.8 2.2 2.5 2.8 3.0 3.2 3.3 3.4 3.3 3.3 3.2 3.0 2.8 2.6 2.2 1.8 1.5 1.2 1.0 1.1 1.2 1.2 1.1 1.0 0.9 0.9 0.8
0.0 0.0 0.0 0.0 0.0 0.0 0.0 0.0 0.0 0.0 0.0 0.1 0.1 0.1 0.1 0.2 0.2 0.2 0.3 0.4 0.5 0.6 0.7 0.9 1.0 1.0 1.0 1.0 1.0 1.0 1.0 0.9 0.8 0.7 0.4 0.1 0.0 0.0 0.0 0.0 0.0 0.0 0.0 0.0 0.0 0.0 0.0 0.0 0.0 0.0 0.0 0.0 0.0 0.0 0.0 0.0 0.0 0.0 0.0 0.0 0.1 0.2 0.4 0.6 0.8 1.1 1.4 1.7 2.0 2.3 2.5 2.7 2.8 2.9 2.9 2.9 2.9 2.9 2.7 2.5 2.2 1.9 1.5 1.3 1.0 0.8 0.8 1.0 1.0 0.9 0.8 0.7 0.7 0.6
0.0 0.0 0.0 0.0 0.0 0.0 0.0 0.0 0.0 0.0 0.0 0.1 0.1 0.1 0.1 0.1 0.2 0.2 0.3 0.4 0.4 0.5 0.7 0.8 0.9 1.0 1.0 1.0 1.0 1.0 0.9 0.9 0.8 0.7 0.5 0.3 0.0 0.0 0.0 0.0 0.0 0.0 0.0 0.0 0.0 0.0 0.0 0.0 0.0 0.0 0.0 0.0 0.0 0.0 0.0 0.0 0.0 0.0 0.0 0.0 0.0 0.2 0.3 0.5 0.7 1.0 1.2 1.5 1.8 2.0 2.2 2.3 2.4 2.5 2.6 2.6 2.5 2.5 2.2 2.1 1.9 1.6 1.3 1.1 0.9 0.7 0.9 0.9 0.8 0.7 0.6 0.5 0.5 0.5
0.0 0.0 0.0 0.0 0.0 0.0 0.0 0.0 0.0 0.0 0.0 0.0 0.1 0.1 0.1 0.1 0.2 0.2 0.3 0.3 0.4 0.5 0.6 0.8 0.9 0.9 1.0 1.0 1.0 0.9 0.9 0.9 0.8 0.7 0.6 0.4 0.1 0.0 0.0 0.0 0.0 0.0 0.0 0.0 0.0 0.0 0.0 0.0 0.0 0.0 0.0 0.0 0.0 0.0 0.0 0.0 0.0 0.0 0.0 0.0 0.0 0.1 0.3 0.5 0.6 0.9 1.1 1.3 1.6 1.7 1.9 2.0 2.1 2.2 2.2 2.2 2.1 2.1 1.9 1.8 1.5 1.3 1.1 0.9 0.7 0.7 0.8 0.8 0.7 0.6 0.5 0.5 0.4 0.4
0.0 0.0 0.0 0.0 0.0 0.0 0.0 0.0 0.0 0.0 0.0 0.0 0.1 0.1 0.1 0.1 0.2 0.2 0.3 0.3 0.4 0.5 0.6 0.7 0.9 0.9 0.9 0.9 0.9 0.9 0.9 0.9 0.8 0.8 0.6 0.5 0.3 0.0 0.0 0.0 0.0 0.0 0.0 0.0 0.0 0.0 0.0 0.0 0.0 0.0 0.0 0.0 0.0 0.0 0.0 0.0 0.0 0.0 0.0 0.0 0.0 0.1 0.2 0.4 0.6 0.8 1.0 1.2 1.3 1.5 1.6 1.7 1.8 1.8 1.8 1.8 1.7 1.6 1.5 1.4 1.3 1.1 0.9 0.7 0.6 0.6 0.7 0.7 0.6 0.5 0.4 0.4 0.4 0.4
0.0 0.0 0.0 0.0 0.0 0.0 0.0 0.0 0.0 0.0 0.0 0.1 0.1 0.1 0.1 0.1 0.2 0.2 0.3 0.3 0.4 0.5 0.6 0.7 0.8 0.9 0.9 1.0 1.0 0.9 0.9 0.9 0.9 0.8 0.7 0.6 0.4 0.2 0.0 0.0 0.0 0.0 0.0 0.0 0.0 0.0 0.0 0.0 0.0 0.0 0.0 0.0 0.0 0.0 0.0 0.0 0.0 0.0 0.0 0.0 0.0 0.1 0.2 0.3 0.5 0.7 0.8 1.0 1.1 1.3 1.4 1.5 1.5 1.5 1.5 1.4 1.3 1.2 1.2 1.1 1.0 0.8 0.7 0.5 0.5 0.5 0.6 0.6 0.5 0.4 0.4 0.3 0.3 0.3
