main/data/rainfall/15.12.2023.grid
ncols 886
nrows 691
xllcenter 112.0000
yllcenter -44.5000
cellsize 0.0500
nodata_value 99999.90
[rows 123 to 163 of 691, columns 564 to 657 of 886]
0.1 0.1 0.2 0.2 0.2 0.2 0.3 0.3 0.4 0.5 0.5 0.6 0.7 0.8 1.0 1.2 1.5 1.8 2.1 2.6 3.2 3.8 4.6 5.6 6.7 7.8 9.0 10.3 11.7 13.3 15.0 16.9 18.9 21.0 23.2 25.4 27.6 29.8 31.9 33.8 35.4 36.6 37.3 37.3 36.6 35.0 32.4 29.0 26.7 28.1 30.7 33.3 36.0 38.9 41.9 45.1 48.5 52.1 55.9 60.0 64.6 69.8 75.9 82.8 90.8 99.9 110.2 121.3 133.8 145.1 155.3 163.4 171.4 173.9 183.8 179.6 181.7 182.8 187.5 190.0 187.4 182.1 181.0 179.6 179.4 175.3 176.1 172.1 173.5 173.6 172.1 173.3 175.6 181.1
0.1 0.1 0.2 0.2 0.2 0.2 0.3 0.3 0.4 0.4 0.5 0.6 0.7 0.8 1.0 1.2 1.4 1.7 2.1 2.5 3.0 3.7 4.3 5.1 6.0 6.9 8.0 9.2 10.5 12.0 13.7 15.5 17.4 19.4 21.5 23.7 25.8 28.0 30.0 31.8 33.3 34.4 34.9 34.7 33.6 31.6 28.4 24.9 24.5 26.7 29.3 31.9 34.7 37.5 40.3 43.6 46.9 50.4 54.2 58.3 62.8 67.8 73.6 80.3 87.6 96.8 106.6 117.8 129.3 141.5 152.2 160.9 168.2 172.2 176.0 178.4 182.8 180.5 185.8 193.4 182.2 180.4 179.0 178.7 176.0 171.2 178.0 173.5 167.1 165.8 167.0 167.1 169.3 178.4
0.1 0.1 0.2 0.2 0.2 0.2 0.2 0.3 0.3 0.4 0.5 0.5 0.6 0.8 0.9 1.1 1.3 1.6 1.9 2.3 2.7 3.2 3.8 4.5 5.2 6.1 7.1 8.2 9.4 10.8 12.3 14.0 15.8 17.8 19.8 21.9 24.0 26.0 28.0 29.7 31.1 32.1 32.4 32.0 30.7 28.3 24.8 21.5 22.7 25.2 27.8 30.4 33.1 36.0 39.0 42.1 45.3 48.8 52.6 56.7 61.0 65.8 71.2 77.6 84.7 93.0 102.6 113.4 125.0 137.0 147.4 157.1 165.1 170.4 173.9 177.4 179.0 178.3 179.7 184.3 182.6 178.3 175.3 176.3 174.2 172.2 167.0 200.4 163.9 161.1 161.3 177.3 167.1 173.5
0.1 0.1 0.2 0.2 0.2 0.2 0.2 0.3 0.3 0.4 0.4 0.5 0.6 0.7 0.8 1.0 1.2 1.4 1.7 2.0 2.4 2.8 3.3 3.9 4.6 5.3 6.2 7.2 8.4 9.6 11.1 12.6 14.3 16.1 18.0 20.0 22.1 24.0 25.9 27.6 28.9 29.7 30.0 29.4 27.9 25.2 21.6 19.4 21.0 23.6 26.2 28.8 31.6 34.4 37.4 40.5 43.8 47.2 51.0 54.9 59.1 63.8 69.0 74.7 81.6 89.4 98.5 108.8 120.8 131.9 143.2 152.6 161.2 167.7 171.5 174.6 177.1 176.2 176.7 180.3 178.9 175.6 174.5 169.0 166.9 165.8 168.9 178.4 161.8 159.6 156.1 196.5 183.7 167.1
0.1 0.2 0.2 0.2 0.2 0.2 0.2 0.3 0.3 0.3 0.4 0.5 0.5 0.6 0.7 0.9 1.0 1.2 1.4 1.7 2.0 2.4 2.9 3.4 4.0 4.7 5.5 6.4 7.4 8.5 9.8 11.3 12.8 14.5 16.3 18.2 20.1 22.0 23.8 25.4 26.7 27.5 27.6 26.9 25.3 22.4 18.9 17.5 19.4 21.9 24.5 27.2 29.9 32.8 35.8 38.9 42.2 45.5 49.3 53.2 57.2 61.6 66.5 72.0 78.7 85.7 94.8 104.6 116.2 127.0 138.4 148.9 158.3 163.7 168.2 171.8 173.6 173.8 174.2 177.2 176.0 170.0 172.0 164.1 166.9 160.6 164.1 170.4 159.2 150.7 157.8 174.0 196.5 172.0
0.2 0.2 0.2 0.2 0.2 0.2 0.2 0.3 0.3 0.3 0.4 0.4 0.5 0.6 0.7 0.8 0.9 1.1 1.3 1.5 1.8 2.1 2.5 2.9 3.5 4.1 4.8 5.6 6.5 7.5 8.7 10.0 11.4 13.0 14.7 16.4 18.2 20.1 21.8 23.3 24.5 25.2 25.4 24.6 23.0 20.1 16.6 15.7 17.7 20.2 22.8 25.5 28.2 31.1 34.0 37.1 40.4 43.9 47.5 51.3 55.2 59.4 64.1 69.1 75.2 82.1 90.4 99.9 111.1 122.2 133.4 143.8 152.0 159.8 165.9 170.4 171.2 170.8 171.2 170.6 167.1 163.9 161.9 159.2 154.4 160.7 154.6 151.1 146.8 146.0 149.8 144.7 174.2 179.4
0.2 0.2 0.2 0.2 0.2 0.2 0.2 0.3 0.3 0.3 0.4 0.4 0.5 0.5 0.6 0.7 0.8 0.9 1.1 1.3 1.5 1.8 2.1 2.5 3.0 3.5 4.1 4.8 5.6 6.5 7.6 8.8 10.1 11.5 13.1 14.7 16.4 18.1 19.7 21.2 22.4 23.1 23.2 22.6 20.9 18.1 14.7 14.0 16.0 18.5 21.0 23.7 26.4 29.2 32.1 35.2 38.5 41.9 45.6 49.3 53.1 56.8 61.2 66.3 72.0 78.6 86.5 95.6 105.8 116.5 127.8 138.6 147.1 155.5 161.9 166.5 169.1 167.9 168.0 166.6 168.5 159.1 155.8 154.5 149.5 147.6 147.3 144.9 143.9 143.6 141.2 140.1 140.0 139.6
0.2 0.2 0.2 0.2 0.2 0.2 0.2 0.3 0.3 0.3 0.3 0.4 0.4 0.5 0.6 0.6 0.7 0.8 1.0 1.1 1.3 1.6 1.9 2.2 2.6 3.0 3.6 4.2 4.9 5.7 6.6 7.6 8.8 10.1 11.6 13.1 14.7 16.3 17.8 19.2 20.4 21.1 21.2 20.7 19.1 16.5 13.3 12.4 14.2 16.6 19.2 21.8 24.6 27.4 30.2 33.3 36.4 39.8 43.2 46.9 50.7 54.6 58.9 63.5 68.7 74.8 82.2 90.8 100.6 111.8 122.1 132.7 141.8 150.4 157.7 162.1 165.7 166.6 163.8 161.3 158.9 156.6 153.2 148.8 147.3 144.7 143.7 142.4 142.4 144.3 142.6 145.5 152.6 136.4
0.2 0.2 0.2 0.2 0.2 0.2 0.2 0.3 0.3 0.3 0.3 0.4 0.4 0.5 0.5 0.6 0.7 0.8 0.9 1.0 1.2 1.4 1.6 1.9 2.2 2.6 3.0 3.5 4.1 4.8 5.7 6.6 7.6 8.8 10.1 11.5 13.0 14.5 15.9 17.3 18.4 19.2 19.4 18.9 17.6 15.2 12.2 10.9 12.5 14.8 17.3 19.9 22.6 25.4 28.2 31.2 34.4 37.6 41.0 44.5 48.2 52.0 56.1 60.6 66.0 71.7 78.5 86.3 95.5 106.6 116.3 126.1 135.3 144.0 151.4 157.5 161.7 163.7 165.3 161.3 155.7 152.2 150.3 146.7 144.1 142.1 140.9 140.2 140.1 137.5 135.6 133.5 132.4 127.5
0.2 0.2 0.2 0.2 0.2 0.2 0.2 0.3 0.3 0.3 0.3 0.4 0.4 0.4 0.5 0.5 0.6 0.7 0.8 0.9 1.0 1.2 1.3 1.6 1.8 2.1 2.5 2.9 3.4 4.0 4.7 5.6 6.5 7.5 8.7 10.0 11.4 12.8 14.2 15.5 16.6 17.4 17.7 17.4 16.4 14.4 11.5 9.6 10.9 13.0 15.4 17.9 20.6 23.3 26.2 29.1 32.2 35.4 38.7 42.1 45.6 49.5 53.5 57.5 62.6 68.1 74.6 82.2 90.7 99.9 110.1 119.3 128.6 137.2 145.0 151.9 157.0 158.7 158.0 157.1 153.2 149.6 146.8 147.3 143.3 140.8 138.3 137.6 136.7 135.7 134.4 131.9 129.2 125.9
0.2 0.2 0.2 0.2 0.2 0.2 0.2 0.3 0.3 0.3 0.3 0.4 0.4 0.4 0.5 0.5 0.6 0.6 0.7 0.8 0.9 1.0 1.1 1.3 1.5 1.7 2.0 2.4 2.8 3.3 3.9 4.6 5.4 6.3 7.4 8.6 9.8 11.1 12.5 13.8 14.9 15.7 16.2 16.1 15.3 13.7 11.2 8.7 9.4 11.3 13.5 16.0 18.6 21.3 24.1 27.0 30.1 33.1 36.3 39.7 43.1 46.8 50.7 54.7 59.0 64.5 70.7 77.8 85.3 94.0 102.9 112.5 121.5 129.7 137.3 145.6 152.4 153.6 152.9 153.2 149.5 146.5 149.0 144.0 140.9 138.3 137.2 136.7 135.2 135.0 132.7 130.8 131.7 127.3
0.2 0.2 0.2 0.2 0.2 0.2 0.3 0.3 0.3 0.3 0.3 0.4 0.4 0.4 0.4 0.5 0.5 0.6 0.6 0.7 0.7 0.8 0.9 1.0 1.1 1.3 1.5 1.8 2.1 2.5 3.0 3.6 4.3 5.2 6.1 7.2 8.4 9.6 10.9 12.1 13.2 14.1 14.7 14.8 14.4 13.2 11.2 8.8 8.3 9.6 11.7 14.0 16.5 19.1 21.9 24.8 27.7 30.8 33.9 37.2 40.7 44.1 47.9 51.9 55.8 60.9 66.6 73.2 80.3 88.6 97.1 105.8 115.0 122.9 130.0 138.7 145.1 147.5 147.8 148.7 146.3 145.6 141.2 140.3 137.8 137.6 136.5 136.8 134.8 133.1 132.4 129.6 127.3 124.7
0.3 0.2 0.2 0.2 0.2 0.3 0.3 0.3 0.3 0.3 0.3 0.4 0.4 0.4 0.4 0.5 0.5 0.5 0.5 0.6 0.6 0.6 0.7 0.7 0.8 0.9 1.1 1.2 1.5 1.8 2.3 2.8 3.5 4.2 5.1 6.0 7.1 8.2 9.4 10.6 11.7 12.6 13.3 13.7 13.5 12.8 11.3 9.2 7.6 8.2 9.9 12.0 14.4 17.0 19.7 22.5 25.4 28.4 31.5 34.7 38.0 41.6 45.1 48.9 52.7 57.0 62.5 68.6 76.2 83.1 91.6 99.9 108.6 116.1 123.3 130.0 135.0 138.8 141.1 142.8 142.1 142.0 138.2 138.6 140.8 137.3 135.8 136.9 133.1 133.8 135.8 131.4 127.1 124.0
0.3 0.3 0.3 0.3 0.3 0.3 0.3 0.3 0.3 0.3 0.4 0.4 0.4 0.4 0.4 0.4 0.5 0.5 0.5 0.5 0.5 0.5 0.5 0.5 0.5 0.5 0.6 0.8 1.0 1.3 1.8 2.3 2.8 3.5 4.3 5.2 6.1 7.1 8.2 9.3 10.3 11.2 12.0 12.6 12.7 12.4 11.5 9.9 8.1 7.4 8.4 10.2 12.4 14.8 17.4 20.2 23.1 26.0 29.1 32.2 35.5 38.8 42.4 46.0 49.7 53.5 58.4 64.4 70.7 78.7 87.3 95.4 103.4 110.1 116.5 121.0 126.0 130.5 132.9 134.1 134.3 134.0 135.4 136.0 135.6 134.9 133.5 136.4 132.3 134.0 132.3 133.2 151.9 126.6
0.3 0.3 0.3 0.3 0.3 0.3 0.3 0.3 0.3 0.3 0.4 0.4 0.4 0.4 0.4 0.4 0.4 0.4 0.4 0.4 0.4 0.3 0.3 0.2 0.2 0.2 0.3 0.5 0.7 1.0 1.4 1.8 2.3 2.9 3.6 4.4 5.3 6.2 7.3 8.3 9.3 10.2 10.9 11.5 11.9 11.9 11.5 10.6 9.2 7.7 7.4 8.5 10.4 12.6 15.2 17.8 20.6 23.6 26.6 29.7 32.9 36.3 39.6 43.1 46.9 50.0 54.8 60.7 67.4 75.6 84.3 92.3 99.4 105.6 111.1 114.7 118.9 122.6 125.6 126.1 126.8 127.7 129.4 129.8 130.6 131.0 132.5 139.4 132.4 144.9 155.5 134.5 145.7 158.8
0.3 0.3 0.3 0.3 0.3 0.3 0.3 0.3 0.3 0.4 0.4 0.4 0.4 0.4 0.5 0.5 0.4 0.4 0.4 0.3 0.3 0.2 0.1 0.0 0.0 0.0 0.1 0.3 0.5 0.7 1.0 1.4 1.9 2.4 3.0 3.7 4.5 5.4 6.3 7.3 8.3 9.3 10.0 10.6 11.1 11.4 11.4 11.1 10.3 9.2 8.0 7.6 8.7 10.5 12.9 15.4 18.1 21.0 24.0 27.2 30.2 33.5 37.0 40.4 44.0 47.3 52.1 58.6 66.5 74.6 82.7 89.9 96.0 101.5 105.9 109.4 112.7 115.5 117.5 119.5 120.8 119.8 121.2 123.4 124.5 130.2 131.4 130.2 137.9 139.4 154.8 155.0 140.3 131.1
0.3 0.3 0.3 0.3 0.3 0.3 0.3 0.3 0.4 0.4 0.4 0.4 0.5 0.5 0.5 0.5 0.5 0.4 0.4 0.3 0.2 0.1 0.0 0.0 0.0 0.0 0.0 0.1 0.3 0.5 0.8 1.1 1.4 1.9 2.4 3.1 3.8 4.6 5.5 6.4 7.4 8.4 9.2 9.9 10.3 10.8 11.2 11.3 11.1 10.6 9.8 9.1 8.7 9.3 11.0 13.1 15.6 18.4 21.3 24.4 27.6 30.9 34.2 37.9 41.9 46.1 52.0 59.4 66.9 74.4 81.0 87.7 92.9 98.0 101.7 105.5 106.8 110.5 110.8 112.2 113.3 112.6 113.5 114.8 118.6 122.2 122.3 124.2 127.1 138.0 137.1 146.1 125.6 122.9
0.3 0.3 0.3 0.3 0.3 0.3 0.3 0.4 0.4 0.4 0.4 0.5 0.5 0.5 0.5 0.5 0.5 0.4 0.4 0.3 0.2 0.1 0.0 0.0 0.0 0.0 0.0 0.0 0.1 0.3 0.5 0.8 1.1 1.5 2.0 2.5 3.1 3.9 4.7 5.5 6.5 7.4 8.3 9.1 9.7 10.1 10.7 11.2 11.5 11.5 11.4 11.2 10.9 10.9 11.3 12.2 14.0 16.5 19.2 22.2 25.4 28.8 32.6 37.0 42.4 48.3 54.1 60.2 67.2 73.6 79.8 85.1 90.2 94.3 97.6 100.9 102.9 103.5 105.5 104.3 105.3 104.6 109.2 109.3 108.7 109.1 109.5 113.6 122.7 121.9 121.3 125.7 136.0 125.3
0.3 0.3 0.3 0.3 0.3 0.3 0.4 0.4 0.4 0.5 0.5 0.5 0.6 0.6 0.6 0.6 0.5 0.5 0.4 0.3 0.2 0.1 0.0 0.0 0.0 0.0 0.0 0.0 0.0 0.1 0.3 0.5 0.8 1.1 1.5 2.0 2.6 3.2 3.9 4.7 5.6 6.5 7.4 8.3 9.0 9.5 10.1 10.8 11.5 11.9 12.3 12.6 12.9 13.3 13.8 14.7 16.1 17.9 20.3 23.1 26.4 30.2 34.4 39.3 44.5 50.2 55.4 60.9 66.6 72.3 78.0 83.0 87.2 91.1 94.0 96.1 98.8 99.1 99.6 99.0 98.3 98.0 98.7 103.0 102.9 103.7 102.5 103.2 104.5 119.8 110.9 119.9 129.5 129.6
0.3 0.3 0.3 0.3 0.3 0.4 0.4 0.4 0.5 0.5 0.5 0.6 0.6 0.6 0.6 0.6 0.6 0.5 0.4 0.3 0.2 0.1 0.0 0.0 0.0 0.0 0.0 0.0 0.0 0.0 0.1 0.3 0.5 0.8 1.2 1.6 2.1 2.6 3.3 4.0 4.8 5.6 6.5 7.3 8.1 8.8 9.4 10.3 11.2 11.9 12.7 13.3 14.1 14.9 15.8 17.0 18.5 20.4 22.7 25.5 28.8 32.4 36.5 41.1 45.9 51.3 55.5 60.7 65.9 71.0 76.3 80.5 84.4 87.6 90.5 92.2 93.4 95.0 93.9 93.6 91.7 90.0 90.7 93.5 96.2 96.2 95.8 96.3 96.9 102.0 105.2 106.6 118.8 117.5
0.3 0.3 0.3 0.3 0.4 0.4 0.4 0.5 0.5 0.6 0.6 0.6 0.7 0.7 0.6 0.6 0.6 0.5 0.4 0.4 0.3 0.2 0.0 0.0 0.0 0.0 0.0 0.0 0.0 0.0 0.0 0.2 0.3 0.6 0.9 1.2 1.6 2.1 2.7 3.3 4.0 4.8 5.6 6.4 7.2 7.9 8.6 9.5 10.6 11.5 12.5 13.4 14.4 15.5 16.7 18.1 19.8 21.9 24.2 26.9 30.1 33.7 37.5 41.6 46.2 51.0 55.1 59.3 64.8 69.3 73.6 77.3 80.7 84.4 86.6 88.4 89.4 90.4 88.9 88.9 85.1 82.9 84.7 84.3 86.7 87.7 90.1 90.6 90.5 92.3 100.5 98.9 96.2 101.6
0.3 0.3 0.3 0.3 0.4 0.4 0.5 0.5 0.6 0.6 0.7 0.7 0.7 0.7 0.7 0.6 0.6 0.5 0.5 0.4 0.3 0.2 0.1 0.0 0.0 0.0 0.0 0.0 0.0 0.0 0.0 0.0 0.2 0.4 0.6 0.9 1.3 1.7 2.2 2.7 3.3 4.0 4.7 5.5 6.3 7.1 7.8 8.7 9.8 10.8 11.9 13.0 14.2 15.5 16.9 18.4 20.2 22.2 24.5 27.2 30.2 33.6 37.2 41.3 45.4 49.8 54.2 57.8 62.4 66.7 70.9 74.6 77.4 80.8 83.0 84.4 84.9 84.2 83.9 83.0 78.6 75.5 76.0 77.7 79.0 80.5 82.8 84.8 85.6 88.7 98.1 95.5 95.3 93.5
0.3 0.3 0.3 0.4 0.4 0.4 0.5 0.6 0.6 0.6 0.7 0.7 0.7 0.7 0.7 0.6 0.6 0.6 0.5 0.4 0.3 0.2 0.1 0.0 0.0 0.0 0.0 0.0 0.0 0.0 0.0 0.0 0.0 0.2 0.4 0.6 0.9 1.3 1.7 2.2 2.7 3.3 4.0 4.7 5.4 6.1 6.9 7.8 8.8 10.0 11.1 12.3 13.5 14.8 16.2 17.9 19.7 21.6 23.9 26.5 29.3 32.4 35.9 39.6 43.6 47.7 52.1 55.7 59.5 63.9 67.4 70.9 74.2 76.3 78.7 80.1 80.9 79.6 78.2 76.3 72.4 69.3 70.4 72.5 73.2 74.7 75.9 78.5 79.6 80.7 87.1 92.5 98.3 109.7
0.2 0.3 0.3 0.4 0.4 0.5 0.5 0.6 0.6 0.6 0.7 0.7 0.7 0.7 0.7 0.6 0.6 0.6 0.5 0.4 0.4 0.3 0.2 0.0 0.0 0.0 0.0 0.0 0.0 0.0 0.0 0.0 0.0 0.0 0.2 0.4 0.7 0.9 1.3 1.7 2.2 2.7 3.3 3.9 4.6 5.3 6.0 6.8 7.8 8.9 10.1 11.2 12.5 13.8 15.2 16.7 18.5 20.4 22.6 25.0 27.7 30.6 33.8 37.4 41.1 45.1 49.2 53.1 56.8 60.1 64.1 67.5 70.1 72.5 73.9 74.6 75.0 74.0 71.8 69.3 64.6 62.3 63.3 64.8 66.9 68.4 71.8 74.0 76.4 75.6 79.3 83.5 87.1 91.0
0.2 0.3 0.3 0.4 0.4 0.5 0.5 0.6 0.6 0.6 0.7 0.7 0.7 0.7 0.7 0.6 0.6 0.6 0.5 0.5 0.4 0.3 0.2 0.1 0.0 0.0 0.0 0.0 0.0 0.0 0.0 0.0 0.0 0.0 0.0 0.2 0.4 0.7 1.0 1.3 1.7 2.1 2.6 3.2 3.8 4.4 5.1 5.8 6.8 7.9 9.0 10.1 11.2 12.5 13.8 15.3 16.9 18.8 20.8 23.1 25.6 28.3 31.3 34.8 38.3 41.9 46.0 49.5 53.7 56.4 59.8 62.8 65.8 68.2 70.2 70.7 70.9 69.0 67.0 62.6 57.7 55.8 57.1 58.8 60.5 62.6 64.2 66.7 69.4 70.7 72.0 74.9 77.5 81.8
0.2 0.3 0.3 0.4 0.4 0.5 0.5 0.6 0.6 0.6 0.6 0.7 0.7 0.7 0.7 0.6 0.6 0.6 0.6 0.5 0.4 0.3 0.2 0.1 0.0 0.0 0.0 0.0 0.0 0.0 0.0 0.0 0.0 0.0 0.0 0.0 0.2 0.4 0.7 1.0 1.3 1.7 2.1 2.6 3.1 3.7 4.3 5.0 5.9 6.8 7.8 8.8 9.9 11.0 12.3 13.6 15.1 16.9 18.8 20.8 23.2 25.7 28.5 31.6 34.8 38.3 41.9 45.6 49.6 53.5 56.0 59.0 61.2 63.8 65.4 65.7 65.8 64.4 61.8 57.0 51.1 49.6 51.3 54.8 55.3 55.9 57.7 59.8 61.3 64.3 66.1 68.3 71.8 76.9
0.2 0.2 0.3 0.3 0.4 0.5 0.5 0.6 0.6 0.6 0.6 0.6 0.6 0.6 0.6 0.6 0.6 0.6 0.6 0.5 0.4 0.4 0.3 0.2 0.1 0.0 0.0 0.0 0.0 0.0 0.0 0.0 0.0 0.0 0.0 0.0 0.0 0.2 0.4 0.7 1.0 1.3 1.7 2.1 2.5 3.0 3.6 4.2 4.9 5.8 6.7 7.6 8.6 9.6 10.7 11.9 13.2 14.8 16.6 18.4 20.5 22.9 25.6 28.4 31.3 34.7 38.1 41.7 45.5 49.0 52.3 55.2 58.1 58.9 60.7 61.5 60.9 59.2 55.9 51.1 45.6 43.8 44.9 46.7 48.2 49.9 51.9 53.0 54.8 56.4 59.3 60.0 62.5 65.1
0.2 0.2 0.3 0.3 0.4 0.5 0.5 0.6 0.6 0.6 0.6 0.6 0.6 0.6 0.6 0.6 0.6 0.6 0.6 0.5 0.5 0.4 0.3 0.2 0.1 0.0 0.0 0.0 0.0 0.0 0.0 0.0 0.0 0.0 0.0 0.0 0.0 0.0 0.2 0.4 0.7 1.0 1.3 1.6 2.0 2.5 3.0 3.5 4.1 4.9 5.6 6.4 7.3 8.2 9.1 10.2 11.4 12.8 14.2 16.0 18.0 20.1 22.5 25.2 28.0 31.1 34.4 38.0 41.4 44.7 48.2 51.5 54.4 55.7 56.6 57.1 55.9 54.2 51.0 45.2 39.3 39.3 40.2 40.9 43.5 45.7 46.3 47.7 49.1 50.7 52.6 54.4 56.8 61.8
0.2 0.2 0.3 0.3 0.4 0.5 0.5 0.6 0.6 0.6 0.6 0.6 0.6 0.6 0.6 0.6 0.6 0.6 0.6 0.5 0.5 0.4 0.3 0.2 0.1 0.0 0.0 0.0 0.0 0.0 0.0 0.0 0.0 0.0 0.0 0.0 0.0 0.0 0.1 0.3 0.5 0.7 1.0 1.3 1.6 2.0 2.4 2.9 3.4 4.0 4.7 5.4 6.1 6.9 7.7 8.6 9.6 10.8 12.1 13.7 15.4 17.2 19.5 22.0 24.6 27.4 30.6 34.0 37.3 40.6 44.1 46.8 49.7 52.2 53.0 52.8 51.9 49.2 45.6 39.6 34.5 33.8 35.5 36.5 37.4 39.5 41.0 42.7 45.3 45.7 47.5 49.1 51.6 54.1
0.2 0.2 0.3 0.3 0.4 0.5 0.5 0.5 0.6 0.6 0.6 0.6 0.6 0.6 0.6 0.6 0.6 0.6 0.6 0.5 0.5 0.4 0.4 0.3 0.2 0.1 0.0 0.0 0.0 0.0 0.0 0.0 0.0 0.0 0.0 0.0 0.0 0.0 0.0 0.1 0.3 0.5 0.8 1.0 1.3 1.6 2.0 2.4 2.8 3.3 3.8 4.4 5.0 5.6 6.3 7.1 8.0 9.0 10.1 11.4 12.9 14.6 16.6 18.8 21.3 24.1 27.0 30.3 33.9 36.9 40.0 43.4 46.0 47.4 49.0 49.3 47.3 45.2 40.6 35.1 27.9 28.4 30.0 31.6 32.6 34.1 36.1 37.7 39.5 41.7 42.6 44.3 46.0 47.8
0.2 0.2 0.3 0.3 0.4 0.5 0.5 0.5 0.6 0.6 0.6 0.6 0.6 0.6 0.6 0.6 0.6 0.6 0.6 0.5 0.5 0.4 0.4 0.3 0.2 0.1 0.0 0.0 0.0 0.0 0.0 0.0 0.0 0.0 0.0 0.0 0.0 0.0 0.0 0.1 0.2 0.4 0.6 0.8 1.1 1.3 1.6 1.9 2.3 2.6 3.1 3.5 4.0 4.5 5.1 5.8 6.5 7.3 8.3 9.4 10.8 12.3 14.0 16.1 18.3 20.8 23.7 26.7 29.7 32.8 36.4 39.5 42.7 43.6 45.0 45.0 43.4 41.0 37.0 29.6 23.1 23.0 24.9 26.5 28.1 29.6 31.3 32.9 34.4 36.7 38.8 39.8 41.6 42.7
0.1 0.2 0.2 0.3 0.4 0.4 0.5 0.5 0.5 0.6 0.6 0.6 0.6 0.6 0.6 0.6 0.6 0.6 0.6 0.5 0.5 0.4 0.4 0.3 0.2 0.1 0.0 0.0 0.0 0.0 0.0 0.0 0.0 0.0 0.0 0.0 0.0 0.0 0.0 0.0 0.1 0.3 0.5 0.7 0.9 1.1 1.3 1.6 1.8 2.1 2.4 2.8 3.2 3.6 4.1 4.6 5.2 5.9 6.7 7.7 8.8 10.2 11.7 13.5 15.6 17.9 20.4 23.2 26.1 29.2 32.1 35.1 37.7 40.2 41.1 40.6 39.5 36.8 31.7 24.0 18.4 18.5 20.1 21.9 23.4 25.1 26.8 29.0 30.7 32.0 34.2 36.1 37.9 39.4
0.1 0.2 0.2 0.3 0.4 0.4 0.5 0.5 0.5 0.5 0.6 0.6 0.6 0.6 0.6 0.6 0.6 0.6 0.5 0.5 0.5 0.4 0.4 0.3 0.2 0.2 0.1 0.0 0.0 0.0 0.0 0.0 0.0 0.0 0.0 0.0 0.0 0.0 0.0 0.0 0.1 0.2 0.4 0.5 0.7 0.9 1.1 1.3 1.5 1.7 1.9 2.2 2.4 2.8 3.1 3.5 4.0 4.6 5.3 6.1 7.2 8.3 9.6 11.3 13.2 15.4 17.7 20.1 23.0 25.9 28.5 31.0 33.2 35.0 36.6 36.8 34.6 31.5 26.3 19.0 14.1 14.6 16.1 17.8 19.4 21.7 23.5 24.7 26.5 28.3 30.1 32.8 34.0 37.1
0.1 0.2 0.2 0.3 0.4 0.4 0.5 0.5 0.5 0.5 0.5 0.5 0.6 0.6 0.6 0.6 0.6 0.5 0.5 0.5 0.5 0.4 0.4 0.3 0.3 0.2 0.1 0.0 0.0 0.0 0.0 0.0 0.0 0.0 0.0 0.0 0.0 0.0 0.0 0.0 0.1 0.2 0.3 0.4 0.6 0.7 0.9 1.0 1.2 1.3 1.5 1.6 1.8 2.0 2.3 2.6 3.0 3.5 4.0 4.7 5.6 6.6 7.8 9.3 11.0 12.9 15.1 17.4 19.9 22.4 25.0 27.4 29.5 30.9 32.2 32.4 30.4 26.8 20.8 13.7 10.3 11.2 12.7 14.2 15.9 17.5 19.5 21.8 23.2 25.3 27.7 29.1 31.2 33.0
0.1 0.2 0.2 0.3 0.3 0.4 0.4 0.5 0.5 0.5 0.5 0.5 0.5 0.5 0.5 0.5 0.5 0.5 0.5 0.5 0.4 0.4 0.4 0.3 0.3 0.2 0.1 0.0 0.0 0.0 0.0 0.0 0.0 0.0 0.0 0.0 0.0 0.0 0.0 0.0 0.1 0.2 0.3 0.4 0.5 0.6 0.7 0.8 0.9 1.0 1.1 1.2 1.4 1.5 1.6 1.8 2.1 2.5 2.9 3.5 4.3 5.2 6.2 7.6 9.1 10.9 12.8 14.8 17.2 19.6 21.9 24.0 25.8 27.1 27.9 27.8 26.1 22.7 16.0 9.1 7.3 8.2 9.6 11.1 12.7 14.3 16.1 18.1 20.4 22.1 24.6 26.3 28.6 30.4
0.1 0.2 0.2 0.3 0.3 0.4 0.4 0.4 0.5 0.5 0.5 0.5 0.5 0.5 0.5 0.5 0.5 0.5 0.4 0.4 0.4 0.4 0.3 0.3 0.2 0.2 0.1 0.1 0.0 0.0 0.0 0.0 0.0 0.0 0.0 0.0 0.0 0.0 0.0 0.0 0.1 0.1 0.2 0.3 0.4 0.4 0.5 0.6 0.7 0.8 0.8 0.9 1.0 1.1 1.1 1.3 1.5 1.8 2.2 2.7 3.3 4.1 5.1 6.2 7.6 9.2 10.9 12.6 14.8 16.8 18.9 21.0 22.8 23.6 23.9 23.3 22.0 18.1 11.9 6.0 5.2 5.9 7.4 8.9 10.2 11.8 13.4 15.2 17.5 19.7 21.8 23.8 25.7 28.2
0.1 0.2 0.2 0.3 0.3 0.4 0.4 0.4 0.4 0.4 0.4 0.5 0.5 0.5 0.5 0.4 0.4 0.4 0.4 0.4 0.4 0.3 0.3 0.3 0.2 0.2 0.1 0.1 0.0 0.0 0.0 0.0 0.0 0.0 0.0 0.0 0.0 0.0 0.0 0.0 0.1 0.1 0.2 0.2 0.3 0.3 0.4 0.5 0.5 0.6 0.6 0.6 0.7 0.7 0.8 0.9 1.0 1.3 1.6 2.1 2.6 3.3 4.1 5.1 6.3 7.7 9.3 10.9 12.7 14.4 16.5 18.0 19.6 20.7 20.6 19.6 17.8 13.9 8.0 4.4 3.8 4.4 5.5 6.9 8.2 9.8 11.4 13.0 14.9 16.9 19.3 21.0 23.2 25.6
0.1 0.2 0.2 0.3 0.3 0.3 0.4 0.4 0.4 0.4 0.4 0.4 0.4 0.4 0.4 0.4 0.4 0.4 0.4 0.3 0.3 0.3 0.3 0.2 0.2 0.2 0.1 0.1 0.0 0.0 0.0 0.0 0.0 0.0 0.0 0.0 0.0 0.0 0.0 0.0 0.0 0.1 0.1 0.2 0.2 0.3 0.3 0.3 0.4 0.4 0.4 0.4 0.4 0.4 0.5 0.5 0.7 0.9 1.1 1.5 2.0 2.6 3.3 4.2 5.2 6.3 7.7 9.3 11.0 12.6 14.4 15.8 17.4 17.9 18.0 16.6 13.7 10.0 5.9 3.6 3.0 3.2 4.0 5.2 6.6 8.1 9.7 11.6 13.1 15.4 17.4 19.5 21.4 23.7
0.1 0.1 0.2 0.2 0.3 0.3 0.4 0.4 0.4 0.4 0.4 0.4 0.4 0.4 0.4 0.3 0.3 0.3 0.3 0.3 0.3 0.2 0.2 0.2 0.2 0.1 0.1 0.1 0.0 0.0 0.0 0.0 0.0 0.0 0.0 0.0 0.0 0.0 0.0 0.0 0.0 0.1 0.1 0.1 0.2 0.2 0.2 0.2 0.2 0.3 0.2 0.2 0.2 0.2 0.2 0.3 0.4 0.5 0.8 1.1 1.5 2.0 2.7 3.4 4.3 5.3 6.5 7.8 9.4 11.0 12.8 14.4 15.4 15.3 14.8 13.6 11.6 8.1 5.3 3.5 2.7 2.7 3.3 4.3 5.5 6.9 8.5 10.1 12.0 13.7 15.5 17.5 19.7 22.0
0.1 0.1 0.2 0.2 0.3 0.3 0.3 0.3 0.3 0.3 0.3 0.3 0.3 0.3 0.3 0.3 0.3 0.3 0.3 0.2 0.2 0.2 0.2 0.2 0.1 0.1 0.1 0.1 0.0 0.0 0.0 0.0 0.0 0.0 0.0 0.0 0.0 0.0 0.0 0.0 0.0 0.0 0.1 0.1 0.1 0.1 0.1 0.1 0.2 0.1 0.1 0.1 0.1 0.0 0.0 0.1 0.2 0.3 0.5 0.8 1.1 1.6 2.1 2.8 3.5 4.5 5.5 6.7 8.0 9.4 11.2 12.6 13.7 13.7 13.5 12.3 10.5 8.0 5.7 3.9 2.9 2.7 3.0 3.8 4.8 6.1 7.5 9.1 10.8 12.6 14.4 16.3 18.3 20.5
0.1 0.1 0.2 0.2 0.2 0.3 0.3 0.3 0.3 0.3 0.3 0.3 0.3 0.3 0.3 0.2 0.2 0.2 0.2 0.2 0.2 0.2 0.1 0.1 0.1 0.1 0.1 0.1 0.0 0.0 0.0 0.0 0.0 0.0 0.0 0.0 0.0 0.0 0.0 0.0 0.0 0.0 0.0 0.1 0.1 0.1 0.1 0.1 0.1 0.1 0.0 0.0 0.0 0.0 0.0 0.0 0.0 0.1 0.3 0.5 0.8 1.2 1.6 2.2 2.9 3.7 4.6 5.7 6.9 8.4 9.9 11.2 12.0 12.3 12.4 11.6 10.1 8.2 6.1 4.4 3.3 2.9 3.0 3.6 4.4 5.5 6.9 8.3 9.9 11.6 13.5 15.3 17.3 20.0
