main/data/rainfall/17.12.2023.grid
ncols 886
nrows 691
xllcenter 112.0000
yllcenter -44.5000
cellsize 0.0500
nodata_value 99999.90
[rows 126 to 167 of 691, columns 658 to 751 of 886]
168.4 202.3 227.2 208.4 192.2 189.9 239.0 258.8 300.6 297.4 340.2 349.2 358.8 362.8 366.9 372.6 378.7 384.6 390.1 395.1 399.7 403.7 407.1 410.0 412.3 414.0 415.0 415.4 415.2 414.1 409.9 398.7 386.8 377.7 371.1 366.4 362.9 360.3 358.1 356.2 354.4 352.6 350.7 348.6 346.4 344.1 341.6 338.9 336.1 333.2 330.1 326.5 317.1 282.6 230.0 182.3 143.5 112.4 87.4 67.6 52.0 39.7 30.2 22.8 17.1 12.8 9.4 6.9 5.1 3.7 2.6 1.8 1.3 0.9 0.6 0.4 0.2 0.1 0.0 0.0 0.0 0.0 0.0 0.0 0.0 0.0 0.0 0.0 0.0 0.0 0.0 0.0 0.0 0.0
166.5 170.9 175.9 191.8 166.9 197.9 237.6 197.7 266.4 268.9 315.1 335.4 348.7 351.9 357.2 365.3 373.2 380.3 386.5 391.9 396.6 400.5 403.9 406.6 408.8 410.3 411.2 411.5 411.2 410.3 408.4 402.8 391.0 380.1 372.1 366.4 362.4 359.3 356.9 354.9 352.9 351.0 349.1 347.0 344.8 342.4 339.9 337.2 334.4 331.4 328.3 325.0 320.7 306.0 259.1 206.9 163.1 127.8 99.5 77.1 59.3 45.4 34.5 26.1 19.6 14.6 10.8 8.0 5.8 4.2 3.0 2.1 1.5 1.1 0.7 0.5 0.3 0.1 0.1 0.0 0.0 0.0 0.0 0.0 0.0 0.0 0.0 0.0 0.0 0.0 0.0 0.0 0.0 0.0
150.7 151.9 134.2 142.3 154.9 199.2 225.9 237.7 201.9 264.7 299.8 324.5 341.4 346.4 352.3 360.4 368.1 374.8 381.1 386.8 391.6 395.7 399.0 401.7 403.9 405.4 406.3 406.7 406.4 405.5 404.1 401.3 393.9 382.7 373.3 366.5 361.7 358.2 355.6 353.3 351.3 349.3 347.3 345.2 342.9 340.5 338.0 335.3 332.4 329.5 326.3 323.0 319.6 312.5 285.1 233.4 184.5 144.6 112.8 87.4 67.3 51.5 39.2 29.7 22.3 16.7 12.4 9.1 6.7 4.9 3.5 2.5 1.7 1.2 0.8 0.6 0.3 0.2 0.1 0.0 0.0 0.0 0.0 0.0 0.0 0.0 0.0 0.0 0.0 0.0 0.0 0.0 0.0 0.0
121.6 142.3 127.6 152.0 146.7 177.0 244.7 240.8 182.6 258.2 291.0 317.9 339.8 353.4 362.3 369.0 371.8 371.4 375.0 380.4 385.4 389.5 392.9 395.7 397.9 399.6 400.7 401.2 401.1 400.4 399.2 397.3 393.6 385.0 374.8 366.8 361.1 357.1 354.0 351.6 349.4 347.3 345.3 343.1 340.9 338.4 335.9 333.2 330.3 327.4 324.2 321.0 317.5 313.4 301.1 259.8 207.7 163.0 127.2 98.6 76.1 58.3 44.4 33.6 25.3 18.9 14.1 10.4 7.6 5.5 4.0 2.8 2.0 1.4 1.0 0.7 0.4 0.3 0.1 0.0 0.0 0.0 0.0 0.0 0.0 0.0 0.0 0.0 0.0 0.0 0.0 0.0 0.0 0.0
117.0 118.6 122.7 132.5 148.0 170.8 192.5 237.1 234.5 227.6 293.2 319.6 343.7 360.1 370.7 380.3 381.6 372.3 368.8 373.1 378.1 382.3 385.8 388.8 391.3 393.3 394.7 395.5 395.6 395.1 394.1 392.5 390.2 385.8 376.3 367.2 360.6 355.9 352.5 349.7 347.4 345.3 343.1 340.9 338.6 336.2 333.6 330.9 328.1 325.1 322.0 318.7 315.3 311.7 305.6 283.0 232.3 182.9 142.8 110.9 85.5 65.6 50.0 37.9 28.6 21.4 15.9 11.8 8.6 6.3 4.5 3.2 2.3 1.6 1.1 0.7 0.5 0.3 0.1 0.1 0.0 0.0 0.0 0.0 0.0 0.0 0.0 0.0 0.0 0.0 0.0 0.0 0.0 0.0
116.0 117.8 123.1 129.5 138.2 138.4 145.5 187.2 242.8 224.8 262.3 301.9 351.7 369.4 381.9 389.0 388.6 377.6 366.6 368.1 371.5 374.7 378.2 381.5 384.4 386.8 388.5 389.6 390.1 389.9 389.0 387.6 385.7 382.9 376.9 367.8 360.1 354.7 350.8 347.8 345.3 343.0 340.8 338.6 336.2 333.8 331.2 328.5 325.7 322.7 319.6 316.4 313.0 309.4 305.3 294.3 255.8 204.2 159.6 124.0 95.8 73.5 56.1 42.6 32.1 24.1 17.9 13.3 9.8 7.1 5.2 3.7 2.6 1.8 1.3 0.9 0.6 0.4 0.2 0.1 0.0 0.0 0.0 0.0 0.0 0.0 0.0 0.0 0.0 0.0 0.0 0.0 0.0 0.0
115.8 119.1 134.0 148.7 134.5 139.6 148.9 197.8 226.0 230.4 263.9 321.9 333.7 376.7 392.1 400.6 401.2 395.7 381.9 375.7 370.7 368.3 370.6 374.1 377.5 380.3 382.5 384.0 384.7 384.8 384.1 382.9 381.1 378.8 375.1 368.0 359.8 353.5 349.1 345.7 343.0 340.6 338.4 336.1 333.7 331.3 328.7 326.0 323.1 320.2 317.1 313.9 310.5 306.9 303.2 297.4 276.7 226.5 177.6 138.1 106.8 82.0 62.7 47.6 35.9 26.9 20.1 14.9 11.0 8.0 5.8 4.2 2.9 2.1 1.4 1.0 0.6 0.4 0.3 0.1 0.0 0.0 0.0 0.0 0.0 0.0 0.0 0.0 0.0 0.0 0.0 0.0 0.0 0.0
127.6 135.9 146.7 138.2 172.6 151.7 154.6 175.2 235.8 219.8 257.4 295.8 382.4 375.8 398.7 408.9 410.8 405.4 396.5 387.0 374.1 366.5 363.9 367.1 371.0 374.4 377.0 378.8 379.7 379.9 379.4 378.3 376.6 374.3 371.6 367.2 359.2 352.2 347.2 343.5 340.6 338.1 335.8 333.5 331.1 328.6 326.0 323.3 320.5 317.5 314.4 311.2 307.9 304.4 300.7 296.6 285.8 247.5 196.7 153.1 118.5 91.1 69.7 52.9 40.0 30.0 22.4 16.6 12.2 9.0 6.5 4.7 3.3 2.3 1.6 1.1 0.7 0.5 0.3 0.1 0.1 0.0 0.0 0.0 0.0 0.0 0.0 0.0 0.0 0.0 0.0 0.0 0.0 0.0
118.7 130.6 159.9 135.5 157.1 182.2 157.6 172.9 194.0 216.9 270.8 295.6 326.3 368.0 391.9 413.9 416.4 410.4 401.4 391.2 380.8 370.9 359.7 361.1 365.6 369.4 372.2 374.2 375.2 375.4 374.9 373.8 372.0 369.8 367.1 363.6 357.7 350.6 345.1 341.0 337.9 335.3 332.9 330.6 328.3 325.8 323.2 320.5 317.7 314.7 311.7 308.5 305.2 301.7 298.0 294.2 288.0 266.2 216.5 169.0 130.8 100.7 77.1 58.6 44.3 33.3 24.9 18.5 13.6 10.0 7.3 5.3 3.7 2.6 1.8 1.3 0.8 0.6 0.4 0.2 0.1 0.0 0.0 0.0 0.0 0.0 0.0 0.0 0.0 0.0 0.0 0.0 0.0 0.0
128.4 130.9 130.2 159.8 166.3 168.0 173.7 176.1 192.0 214.9 257.6 286.9 326.6 360.2 397.2 393.2 412.3 407.2 399.2 391.5 383.6 373.4 360.8 358.2 361.7 365.5 368.4 370.3 371.2 371.3 370.7 369.4 367.5 365.1 362.3 359.0 354.8 348.4 342.5 338.2 334.9 332.3 329.9 327.6 325.2 322.8 320.3 317.6 314.7 311.8 308.7 305.6 302.3 298.8 295.3 291.5 287.2 275.5 235.1 185.6 143.9 110.8 84.9 64.6 48.9 36.8 27.5 20.4 15.1 11.1 8.1 5.8 4.2 2.9 2.1 1.4 1.0 0.6 0.4 0.2 0.1 0.0 0.0 0.0 0.0 0.0 0.0 0.0 0.0 0.0 0.0 0.0 0.0 0.0
122.6 130.7 136.3 147.2 178.4 168.5 164.5 178.6 195.3 217.2 244.2 269.0 300.2 337.2 371.2 388.2 392.8 394.2 391.9 390.0 386.1 379.5 371.5 361.8 360.3 363.1 365.6 367.2 367.8 367.6 366.7 365.1 362.9 360.3 357.3 353.9 350.0 345.0 339.3 334.8 331.5 328.9 326.5 324.3 322.0 319.6 317.1 314.4 311.6 308.7 305.7 302.5 299.3 295.9 292.3 288.6 284.7 277.5 252.1 202.9 157.5 121.4 93.1 70.9 53.7 40.5 30.3 22.5 16.7 12.2 8.9 6.5 4.6 3.3 2.3 1.6 1.1 0.7 0.5 0.3 0.1 0.1 0.0 0.0 0.0 0.0 0.0 0.0 0.0 0.0 0.0 0.0 0.0 0.0
124.1 139.1 147.7 149.7 156.3 167.7 200.8 181.0 207.8 217.0 237.3 259.9 288.4 316.8 347.7 362.6 382.1 380.2 386.8 391.6 391.9 386.8 380.4 372.4 362.3 362.1 363.9 364.9 364.9 364.2 362.8 360.7 358.2 355.3 352.0 348.3 344.4 340.0 334.9 330.6 327.4 325.0 322.8 320.7 318.5 316.3 313.8 311.2 308.4 305.5 302.5 299.4 296.1 292.8 289.3 285.6 281.7 277.1 263.7 219.5 171.6 132.4 101.6 77.5 58.8 44.3 33.2 24.7 18.3 13.4 9.8 7.1 5.1 3.6 2.6 1.8 1.2 0.8 0.5 0.3 0.2 0.1 0.0 0.0 0.0 0.0 0.0 0.0 0.0 0.0 0.0 0.0 0.0 0.0
119.3 126.1 149.7 150.4 162.8 169.7 194.8 205.7 206.1 219.0 234.8 253.5 277.0 302.2 322.6 330.3 369.3 374.3 390.4 381.9 397.3 349.6 386.7 377.4 365.8 362.6 363.1 363.2 362.5 361.0 358.9 356.4 353.4 350.0 346.4 342.5 338.3 333.9 329.4 325.4 322.6 320.4 318.6 316.7 314.8 312.6 310.3 307.7 305.0 302.1 299.1 296.1 292.8 289.5 286.0 282.4 278.6 274.5 265.9 234.6 186.2 143.8 110.4 84.3 64.0 48.3 36.2 27.0 20.0 14.7 10.8 7.8 5.6 4.0 2.8 2.0 1.4 0.9 0.6 0.4 0.2 0.1 0.0 0.0 0.0 0.0 0.0 0.0 0.0 0.0 0.0 0.0 0.0 0.0
130.3 123.7 130.2 142.8 157.2 183.9 167.7 204.2 214.0 221.4 233.3 248.3 269.4 287.9 303.3 312.0 355.3 375.6 398.5 369.6 401.3 399.8 393.0 383.3 371.0 364.3 363.1 362.0 360.2 357.8 355.0 351.8 348.3 344.5 340.6 336.4 332.0 327.4 322.8 318.9 316.7 315.2 313.8 312.3 310.6 308.7 306.5 304.0 301.4 298.6 295.6 292.6 289.3 286.0 282.6 279.0 275.3 271.3 265.7 247.8 200.8 155.5 119.5 91.3 69.4 52.4 39.3 29.3 21.7 16.0 11.7 8.5 6.1 4.4 3.1 2.2 1.5 1.0 0.7 0.4 0.2 0.1 0.0 0.0 0.0 0.0 0.0 0.0 0.0 0.0 0.0 0.0 0.0 0.0
127.1 129.5 130.4 137.9 145.8 154.5 168.9 187.2 208.6 220.8 227.5 240.5 258.8 274.9 287.3 298.3 313.6 369.7 383.2 391.6 405.3 405.4 400.9 392.5 380.1 367.4 363.5 361.0 358.0 354.5 350.9 347.0 342.9 338.7 334.4 330.0 325.4 320.6 315.8 311.4 309.7 309.0 308.3 307.3 306.1 304.4 302.4 300.1 297.6 294.8 291.9 288.9 285.7 282.4 279.0 275.4 271.7 267.8 263.5 252.4 213.8 167.4 128.8 98.5 74.9 56.6 42.5 31.8 23.6 17.4 12.8 9.3 6.7 4.8 3.4 2.4 1.6 1.1 0.8 0.5 0.3 0.1 0.1 0.0 0.0 0.0 0.0 0.0 0.0 0.0 0.0 0.0 0.0 0.0
117.6 125.1 139.9 132.3 140.4 149.6 167.0 180.2 196.1 210.0 221.5 234.6 248.8 257.6 321.5 285.7 301.6 355.8 362.9 388.7 408.2 413.7 410.2 400.7 386.0 370.0 364.1 359.9 355.4 350.9 346.3 341.8 337.2 332.6 328.0 323.3 318.5 313.6 308.6 304.0 301.6 301.7 302.0 301.8 301.0 299.8 298.0 295.9 293.5 290.8 288.0 285.0 281.8 278.5 275.1 271.6 267.9 264.1 260.0 252.4 225.9 179.5 138.2 105.8 80.5 60.9 45.8 34.2 25.4 18.8 13.8 10.1 7.2 5.2 3.7 2.6 1.8 1.2 0.8 0.5 0.3 0.2 0.1 0.0 0.0 0.0 0.0 0.0 0.0 0.0 0.0 0.0 0.0 0.0
124.9 113.1 121.2 124.9 129.5 141.1 153.8 167.8 181.8 195.8 207.6 222.9 233.9 271.5 295.1 278.5 329.9 345.2 348.3 381.1 347.8 425.5 421.6 408.5 389.5 372.6 364.2 358.1 352.2 346.6 341.3 336.1 331.1 326.2 321.3 316.4 311.5 306.5 301.4 296.4 292.7 293.4 294.9 295.6 295.5 294.7 293.3 291.5 289.2 286.6 283.8 280.8 277.7 274.4 271.0 267.5 263.9 260.1 256.0 251.0 236.1 191.3 147.7 113.2 86.2 65.3 49.1 36.8 27.4 20.2 14.9 10.9 7.8 5.6 4.0 2.8 2.0 1.4 0.9 0.6 0.4 0.2 0.1 0.0 0.0 0.0 0.0 0.0 0.0 0.0 0.0 0.0 0.0 0.0
102.8 101.9 107.9 110.0 117.4 131.7 139.5 152.6 165.8 187.6 191.5 197.1 208.6 209.5 223.6 251.5 342.4 358.9 382.4 406.1 432.4 442.2 434.7 418.3 399.2 378.3 363.7 355.1 347.9 341.5 335.5 329.9 324.6 319.4 314.3 309.3 304.3 299.2 294.1 288.9 284.6 284.4 286.9 288.7 289.5 289.3 288.3 286.7 284.6 282.2 279.4 276.5 273.3 270.1 266.7 263.2 259.6 255.8 251.8 247.4 237.3 201.2 157.3 120.6 92.0 69.7 52.5 39.4 29.3 21.7 16.0 11.7 8.4 6.1 4.3 3.1 2.1 1.5 1.0 0.7 0.4 0.2 0.1 0.0 0.0 0.0 0.0 0.0 0.0 0.0 0.0 0.0 0.0 0.0
94.8 99.7 100.9 100.1 111.1 121.2 128.2 137.6 148.9 161.8 193.2 183.3 185.3 189.8 205.8 228.6 282.7 366.6 308.1 387.2 461.6 466.5 448.7 426.6 404.6 382.7 362.1 350.4 342.2 335.2 328.9 323.0 317.5 312.3 307.1 302.0 296.9 291.9 286.7 281.6 276.7 274.8 278.0 281.2 282.9 283.4 282.9 281.6 279.7 277.4 274.8 271.8 268.7 265.5 262.1 258.6 255.0 251.2 247.2 242.9 235.5 210.4 166.8 128.0 97.7 74.2 55.9 42.0 31.3 23.2 17.1 12.5 9.1 6.5 4.7 3.3 2.3 1.6 1.1 0.7 0.5 0.3 0.1 0.1 0.0 0.0 0.0 0.0 0.0 0.0 0.0 0.0 0.0 0.0
82.6 86.1 86.3 92.2 104.0 109.7 126.6 123.5 132.0 155.6 157.9 196.1 184.0 178.4 194.3 219.1 296.4 363.1 361.3 347.3 452.3 482.8 453.4 425.2 400.1 378.8 359.6 344.6 334.9 327.7 321.3 315.5 310.0 304.8 299.6 294.5 289.5 284.4 279.3 274.1 269.0 265.5 268.7 273.0 275.9 277.1 277.1 276.2 274.6 272.4 269.8 266.9 263.9 260.6 257.2 253.7 250.0 246.2 242.2 238.0 232.8 217.9 175.9 135.4 103.5 78.6 59.4 44.6 33.3 24.7 18.2 13.4 9.7 7.0 5.0 3.6 2.5 1.7 1.2 0.8 0.5 0.3 0.1 0.1 0.0 0.0 0.0 0.0 0.0 0.0 0.0 0.0 0.0 0.0
70.4 73.6 74.8 79.6 83.9 98.7 108.9 120.3 122.5 150.1 189.0 164.0 172.3 169.2 186.4 212.3 241.7 320.7 386.2 309.7 406.6 462.9 437.0 408.0 383.9 364.9 349.8 337.2 326.4 319.0 312.9 307.4 302.1 297.0 291.9 286.9 281.9 276.9 271.8 266.7 261.5 257.4 259.0 264.3 268.3 270.4 271.0 270.5 269.1 267.1 264.6 261.8 258.7 255.4 252.0 248.5 244.8 240.9 236.9 232.6 228.1 217.8 183.3 142.8 109.2 83.1 62.8 47.2 35.3 26.2 19.4 14.2 10.3 7.5 5.4 3.8 2.7 1.9 1.3 0.9 0.6 0.3 0.2 0.1 0.0 0.0 0.0 0.0 0.0 0.0 0.0 0.0 0.0 0.0
57.8 61.2 61.8 71.0 76.5 81.2 91.8 112.5 110.0 120.2 152.6 186.5 146.3 162.1 180.1 208.4 243.5 259.2 286.5 362.5 431.4 425.9 404.6 378.8 358.3 343.0 332.0 323.8 316.3 309.4 303.9 298.8 293.8 288.9 284.0 279.1 274.2 269.3 264.2 259.2 254.0 249.5 249.0 255.2 260.4 263.4 264.6 264.4 263.3 261.4 259.0 256.3 253.2 249.9 246.5 242.9 239.1 235.2 231.2 226.9 222.3 214.5 190.0 150.0 114.9 87.5 66.2 49.8 37.3 27.7 20.5 15.1 11.0 8.0 5.7 4.1 2.9 2.0 1.4 1.0 0.6 0.4 0.2 0.1 0.0 0.0 0.0 0.0 0.0 0.0 0.0 0.0 0.0 0.0
46.8 46.1 47.7 59.3 63.1 71.2 79.1 91.8 97.5 104.6 112.6 140.5 135.0 150.9 173.4 200.7 230.0 256.7 305.7 330.6 398.6 391.2 372.5 351.3 328.3 317.6 311.1 306.9 302.9 298.8 294.4 289.9 285.3 280.7 276.0 271.3 266.5 261.6 256.6 251.6 246.5 241.5 239.1 245.8 252.2 256.1 257.9 258.1 257.2 255.5 253.2 250.4 247.4 244.1 240.6 237.0 233.2 229.2 225.0 220.7 216.0 210.3 195.2 156.9 120.5 91.8 69.6 52.5 39.3 29.3 21.7 16.0 11.7 8.5 6.1 4.4 3.1 2.2 1.5 1.0 0.7 0.4 0.2 0.1 0.1 0.0 0.0 0.0 0.0 0.0 0.0 0.0 0.0 0.0
37.8 40.3 42.8 48.6 56.8 64.5 71.6 87.9 82.1 88.1 96.1 113.6 124.1 137.2 158.6 179.9 209.9 253.3 328.5 365.9 379.3 369.0 342.8 316.1 298.3 292.7 290.4 289.5 288.7 287.6 284.8 280.9 276.7 272.4 267.9 263.3 258.7 253.9 249.0 244.0 239.0 233.9 230.8 236.6 243.8 248.5 250.8 251.5 250.8 249.3 247.0 244.3 241.3 237.9 234.4 230.7 226.8 222.7 218.5 214.0 209.3 204.2 193.9 162.2 126.0 96.2 73.0 55.1 41.3 30.9 22.9 16.9 12.4 9.0 6.5 4.7 3.3 2.3 1.6 1.1 0.8 0.5 0.3 0.2 0.1 0.0 0.0 0.0 0.0 0.0 0.0 0.0 0.0 0.0
36.1 37.8 41.5 42.3 47.3 58.3 63.4 68.1 71.2 78.1 87.3 98.2 119.0 123.1 148.4 182.2 201.2 240.3 294.6 354.4 367.1 355.6 324.0 289.8 273.5 271.6 272.2 273.5 275.3 276.2 275.3 272.1 268.3 264.2 259.9 255.4 250.8 246.1 241.3 236.4 231.5 226.4 222.9 227.5 235.2 240.7 243.6 244.6 244.2 242.8 240.6 237.9 234.8 231.4 227.9 224.1 220.1 215.9 211.5 206.9 202.1 196.9 189.0 166.8 131.4 100.5 76.4 57.7 43.4 32.4 24.1 17.8 13.1 9.5 6.9 5.0 3.5 2.5 1.8 1.2 0.8 0.6 0.3 0.2 0.1 0.0 0.0 0.0 0.0 0.0 0.0 0.0 0.0 0.0
33.6 35.5 40.9 41.5 44.3 49.2 55.9 68.0 64.3 70.4 77.8 90.2 105.9 126.1 138.1 171.2 200.2 265.0 301.9 351.1 353.6 337.6 307.0 275.5 259.7 256.3 257.8 260.3 263.1 264.5 265.8 263.5 259.9 256.0 251.9 247.5 243.0 238.4 233.7 228.8 223.9 218.9 215.2 218.4 226.6 232.8 236.1 237.5 237.3 235.9 233.8 231.1 228.0 224.6 220.9 217.0 213.0 208.7 204.1 199.4 194.4 189.1 182.9 169.6 136.4 104.7 79.7 60.3 45.4 34.0 25.3 18.7 13.8 10.1 7.3 5.3 3.8 2.7 1.9 1.3 0.9 0.6 0.4 0.2 0.1 0.1 0.0 0.0 0.0 0.0 0.0 0.0 0.0 0.0
34.0 35.4 39.9 39.9 40.6 44.5 50.5 55.1 60.0 66.7 73.1 80.8 93.1 110.6 137.2 173.2 218.4 240.6 321.2 330.4 340.8 321.5 294.0 261.8 249.4 245.6 247.1 249.8 252.7 254.4 256.3 255.2 251.9 248.1 244.0 239.7 235.3 230.7 226.1 221.3 216.4 211.5 207.5 209.5 218.0 224.7 228.5 230.1 230.1 228.8 226.7 224.0 220.9 217.4 213.7 209.7 205.5 201.0 196.4 191.5 186.3 180.8 175.0 165.4 139.9 108.8 83.0 62.9 47.5 35.6 26.6 19.7 14.5 10.6 7.7 5.6 4.0 2.9 2.0 1.4 1.0 0.7 0.4 0.2 0.1 0.1 0.0 0.0 0.0 0.0 0.0 0.0 0.0 0.0
33.4 37.2 38.8 38.9 39.2 42.0 47.2 52.0 56.7 64.6 74.0 82.7 119.5 129.4 143.2 176.3 202.9 246.3 283.9 332.0 343.4 325.4 290.5 261.4 244.7 239.3 239.7 241.8 243.9 245.7 248.3 247.4 244.1 240.3 236.3 232.0 227.7 223.2 218.5 213.8 209.0 204.1 199.9 200.7 209.4 216.6 220.7 222.5 222.6 221.4 219.4 216.7 213.5 209.9 206.1 202.0 197.6 193.1 188.2 183.1 177.8 172.1 166.1 158.5 142.0 112.8 86.3 65.5 49.5 37.2 27.8 20.6 15.3 11.2 8.2 5.9 4.3 3.1 2.2 1.5 1.1 0.7 0.5 0.3 0.2 0.1 0.0 0.0 0.0 0.0 0.0 0.0 0.0 0.0
36.0 37.5 37.7 38.3 37.3 39.9 43.3 49.5 56.9 65.1 74.9 85.6 101.8 122.2 144.9 178.5 219.4 250.5 272.0 319.0 336.3 322.9 292.1 262.5 243.9 236.4 235.2 235.9 237.3 238.5 242.0 240.2 236.6 232.7 228.7 224.5 220.2 215.7 211.1 206.5 201.7 196.9 192.4 192.1 200.9 208.3 212.7 214.7 214.9 213.8 211.7 209.0 205.8 202.1 198.2 194.0 189.5 184.7 179.7 174.5 168.9 163.1 156.9 150.3 139.8 115.8 89.6 68.2 51.6 38.8 29.1 21.6 16.0 11.8 8.6 6.3 4.5 3.3 2.3 1.7 1.2 0.8 0.5 0.3 0.2 0.1 0.1 0.0 0.0 0.0 0.0 0.0 0.0 0.0
41.9 40.9 38.4 38.3 38.5 39.6 42.3 49.0 56.7 66.2 77.6 91.8 110.0 132.8 169.6 187.6 213.4 237.4 258.7 283.9 293.0 314.0 288.2 262.1 244.0 235.5 232.1 231.4 232.1 233.1 235.6 233.1 229.3 225.4 221.3 217.1 212.8 208.4 203.9 199.3 194.6 189.9 185.2 183.7 192.2 199.9 204.5 206.6 206.9 205.8 203.8 201.1 197.8 194.1 190.0 185.6 181.0 176.1 171.0 165.5 159.8 153.8 147.5 140.9 132.8 117.1 92.7 70.8 53.7 40.5 30.4 22.7 16.8 12.4 9.1 6.7 4.8 3.5 2.5 1.8 1.2 0.9 0.6 0.4 0.2 0.1 0.1 0.0 0.0 0.0 0.0 0.0 0.0 0.0
42.1 40.8 39.3 39.5 40.0 42.5 45.9 53.0 59.4 68.8 80.8 96.1 116.7 138.6 167.9 178.4 242.3 228.2 289.7 273.8 271.3 304.6 283.7 262.3 245.3 235.7 230.6 228.4 228.0 231.3 229.8 226.2 222.2 218.2 214.1 209.9 205.7 201.3 196.9 192.4 187.8 183.1 178.4 176.0 183.6 191.3 196.0 198.2 198.6 197.7 195.6 192.9 189.5 185.7 181.6 177.1 172.3 167.3 161.9 156.3 150.5 144.3 137.9 131.2 124.0 114.1 94.9 73.4 55.8 42.2 31.7 23.7 17.7 13.1 9.6 7.1 5.1 3.7 2.7 1.9 1.4 0.9 0.6 0.4 0.3 0.2 0.1 0.1 0.0 0.0 0.0 0.0 0.0 0.0
46.9 39.6 39.0 39.9 41.8 44.6 48.9 54.2 62.7 70.6 83.1 101.9 122.9 145.2 174.1 196.1 249.0 282.3 303.1 275.2 277.9 263.1 280.9 264.6 247.4 236.6 230.2 226.2 224.8 226.4 223.4 219.3 215.2 211.2 207.1 202.9 198.7 194.4 190.1 185.7 181.2 176.6 172.0 169.1 174.8 182.3 187.2 189.6 190.1 189.2 187.2 184.5 181.1 177.2 172.9 168.3 163.4 158.2 152.8 147.0 141.0 134.7 128.2 121.4 114.5 106.8 95.1 75.8 58.0 43.9 33.1 24.8 18.5 13.8 10.2 7.5 5.5 4.0 2.9 2.1 1.5 1.0 0.7 0.5 0.3 0.2 0.1 0.1 0.1 0.0 0.0 0.0 0.0 0.0
45.6 37.1 36.0 37.6 40.3 44.4 49.2 55.1 62.2 71.3 82.3 97.3 120.8 143.5 172.2 194.1 204.7 288.5 307.2 317.7 277.1 311.3 290.3 259.0 250.0 237.6 229.5 224.5 223.0 220.7 216.6 212.4 208.3 204.2 200.1 196.0 191.9 187.7 183.5 179.2 174.8 170.3 165.7 162.4 165.6 172.8 178.0 180.6 181.3 180.5 178.6 175.8 172.4 168.5 164.1 159.4 154.4 149.1 143.5 137.6 131.5 125.2 118.6 111.8 104.9 97.9 89.7 76.5 60.0 45.7 34.5 26.0 19.4 14.5 10.8 7.9 5.8 4.3 3.1 2.3 1.6 1.1 0.8 0.5 0.4 0.2 0.2 0.1 0.1 0.0 0.0 0.0 0.0 0.0
43.9 39.7 36.5 36.4 39.8 44.2 49.2 55.0 62.1 70.9 81.1 95.2 114.0 145.5 173.6 190.5 194.3 292.5 309.4 318.8 321.1 301.6 289.1 268.0 250.3 236.8 227.7 221.9 218.1 214.0 209.7 205.4 201.2 197.2 193.2 189.2 185.2 181.1 177.0 172.8 168.5 164.1 159.6 155.7 156.0 162.8 168.3 171.3 172.2 171.6 169.8 167.0 163.6 159.6 155.2 150.4 145.3 139.9 134.2 128.3 122.1 115.7 109.2 102.5 95.7 88.8 81.9 73.5 61.1 47.4 36.0 27.2 20.4 15.3 11.4 8.4 6.2 4.6 3.4 2.4 1.8 1.3 0.9 0.6 0.4 0.3 0.2 0.1 0.1 0.1 0.0 0.0 0.0 0.0
44.7 45.6 39.6 37.2 39.8 44.4 51.1 55.0 61.4 70.3 79.0 95.2 122.1 139.7 170.8 185.1 243.7 288.3 304.9 313.3 313.2 302.2 283.8 264.6 247.4 233.7 223.7 216.6 211.1 206.7 202.3 198.1 194.0 190.0 186.1 182.2 178.4 174.4 170.4 166.4 162.2 157.9 153.5 149.0 146.7 152.3 158.1 161.5 162.8 162.4 160.7 158.1 154.7 150.7 146.3 141.4 136.2 130.7 125.0 119.0 112.8 106.5 100.0 93.4 86.8 80.2 73.7 67.1 59.4 48.5 37.5 28.4 21.4 16.1 12.0 8.9 6.6 4.9 3.6 2.7 1.9 1.4 1.0 0.7 0.5 0.3 0.2 0.2 0.1 0.1 0.1 0.0 0.0 0.0
44.3 45.6 40.8 40.8 42.0 44.9 50.9 55.3 60.8 67.8 74.6 87.4 113.6 131.3 158.8 181.0 248.4 273.2 295.8 303.6 303.1 291.1 274.6 258.2 241.4 227.8 217.5 209.7 203.7 198.9 194.5 190.3 186.4 182.6 178.8 175.2 171.5 167.7 163.8 159.9 155.8 151.5 147.2 142.7 139.2 141.6 147.3 151.3 153.1 153.0 151.6 149.1 145.7 141.7 137.3 132.4 127.2 121.7 115.9 109.9 103.8 97.6 91.2 84.8 78.4 72.1 66.0 59.9 54.0 47.2 38.4 29.6 22.5 16.9 12.7 9.5 7.1 5.3 3.9 2.9 2.1 1.5 1.1 0.8 0.6 0.4 0.3 0.2 0.1 0.1 0.1 0.1 0.0 0.0
43.6 45.4 44.8 45.4 43.8 46.5 51.2 55.6 60.0 65.7 74.4 86.9 103.0 127.4 136.7 162.6 188.0 261.0 280.8 284.7 282.7 274.4 261.1 246.8 231.4 218.6 208.7 201.0 195.2 190.4 186.2 182.2 178.4 174.8 171.3 167.9 164.4 160.8 157.0 153.2 149.2 145.0 140.7 136.2 132.0 130.8 136.1 140.7 143.1 143.4 142.3 140.0 136.7 132.8 128.4 123.5 118.3 112.8 107.1 101.1 95.1 89.0 82.8 76.7 70.6 64.6 58.8 53.2 47.9 42.7 37.1 30.3 23.5 17.8 13.4 10.1 7.6 5.7 4.2 3.1 2.3 1.7 1.2 0.9 0.6 0.5 0.3 0.2 0.2 0.1 0.1 0.1 0.1 0.0
43.4 43.3 43.1 43.9 43.3 45.4 50.7 54.4 58.0 64.1 72.9 89.4 100.9 120.1 129.1 149.7 173.3 197.9 260.9 219.6 248.2 253.4 242.4 230.1 217.8 207.0 198.4 191.5 185.8 181.2 177.3 173.6 170.1 166.8 163.6 160.4 157.1 153.7 150.1 146.4 142.4 138.3 134.0 129.6 125.0 121.8 124.8 129.7 132.8 133.7 132.9 130.8 127.8 124.0 119.6 114.8 109.6 104.1 98.5 92.7 86.8 80.9 74.9 69.1 63.3 57.7 52.3 47.1 42.3 37.7 33.4 29.0 24.0 18.7 14.2 10.8 8.1 6.1 4.6 3.4 2.5 1.9 1.4 1.0 0.7 0.5 0.4 0.3 0.2 0.1 0.1 0.1 0.1 0.1
42.4 36.3 36.3 38.5 40.2 44.8 49.2 54.8 56.9 63.1 71.6 91.5 105.3 118.1 124.3 141.5 161.4 179.8 200.1 220.4 226.0 230.9 222.0 212.6 203.6 195.3 187.8 181.1 175.3 170.7 167.4 164.4 161.5 158.5 155.7 152.8 149.7 146.5 143.1 139.4 135.6 131.5 127.2 122.8 118.1 114.0 113.6 118.4 122.3 123.8 123.5 121.7 118.9 115.2 110.9 106.2 101.1 95.8 90.2 84.6 78.9 73.2 67.5 62.0 56.6 51.4 46.4 41.7 37.3 33.1 29.4 25.9 22.5 19.0 14.9 11.4 8.7 6.6 5.0 3.7 2.8 2.1 1.5 1.1 0.9 0.6 0.5 0.3 0.2 0.2 0.1 0.1 0.1 0.1
41.4 35.0 34.9 37.4 39.9 44.0 50.0 53.8 57.4 64.1 71.7 82.6 91.2 130.5 155.9 137.7 147.6 171.5 204.5 183.2 212.4 208.1 201.3 196.0 189.2 182.7 175.8 169.2 163.2 158.3 154.8 153.3 151.9 150.1 147.7 145.2 142.4 139.3 136.0 132.4 128.6 124.6 120.3 115.9 111.3 106.6 103.7 107.2 111.6 113.8 114.0 112.7 110.1 106.6 102.5 97.9 92.9 87.7 82.4 76.9 71.5 66.1 60.7 55.5 50.5 45.7 41.1 36.8 32.8 29.1 25.8 22.7 19.9 17.4 14.8 11.9 9.3 7.1 5.4 4.1 3.1 2.3 1.7 1.3 1.0 0.7 0.5 0.4 0.3 0.2 0.2 0.1 0.1 0.1
39.7 35.4 35.6 38.0 40.7 44.7 50.3 55.1 60.5 67.1 72.0 80.1 87.0 96.8 107.7 152.2 134.9 148.1 159.9 168.9 175.6 181.8 172.8 179.5 175.1 169.1 163.1 156.0 149.4 144.2 141.2 140.0 139.6 140.8 139.8 137.7 135.1 132.3 129.0 125.5 121.7 117.6 113.4 109.0 104.4 99.8 95.8 96.2 100.7 103.8 104.6 103.7 101.4 98.2 94.3 89.9 85.1 80.1 75.0 69.7 64.6 59.4 54.4 49.6 44.9 40.5 36.4 32.5 28.9 25.6 22.6 19.9 17.5 15.3 13.3 11.5 9.6 7.5 5.8 4.4 3.4 2.5 1.9 1.5 1.1 0.8 0.6 0.5 0.4 0.3 0.2 0.2 0.1 0.1
33.7 34.6 36.4 39.3 43.2 47.2 51.0 56.0 61.0 65.1 69.3 76.5 83.1 91.2 108.1 112.3 138.4 128.4 136.9 144.5 155.4 153.7 158.2 163.9 162.2 157.8 151.8 164.9 136.1 130.0 126.6 125.8 126.7 129.7 131.8 130.5 128.2 125.4 122.2 118.7 114.8 110.8 106.5 102.1 97.6 93.0 88.6 86.1 90.0 93.7 95.2 94.8 93.0 90.1 86.4 82.2 77.7 72.9 68.0 63.0 58.1 53.3 48.7 44.2 39.9 35.9 32.1 28.7 25.4 22.5 19.9 17.5 15.3 13.4 11.8 10.3 8.9 7.6 6.2 4.8 3.7 2.8 2.1 1.6 1.3 1.0 0.7 0.6 0.4 0.3 0.2 0.2 0.1 0.1
