main/data/rainfall/18.12.2023.grid
ncols 886
nrows 691
xllcenter 112.0000
yllcenter -44.5000
cellsize 0.0500
nodata_value 99999.90
[rows 168 to 209 of 691, columns 658 to 751 of 886]
0.0 0.0 0.0 0.1 2.0 2.6 2.2 2.6 3.1 3.6 4.2 4.7 5.4 6.2 7.3 9.7 9.2 12.1 11.2 12.6 12.3 13.2 12.9 13.4 13.6 13.3 12.6 11.9 11.4 10.6 10.6 11.0 11.8 13.2 15.7 16.5 16.3 15.9 15.5 15.0 14.5 14.0 13.4 12.9 12.3 11.7 11.1 10.5 10.2 10.1 10.0 9.7 9.4 9.0 8.6 8.2 7.8 7.3 6.9 6.5 6.0 5.6 5.3 4.9 4.5 4.2 3.9 3.6 3.4 3.1 2.9 2.7 2.5 2.3 2.1 2.0 1.8 1.7 1.5 1.4 1.1 0.9 0.8 0.6 0.5 0.4 0.3 0.2 0.2 0.2 0.1 0.1 0.1 0.1
1.2 1.3 1.3 1.0 2.6 3.8 4.2 3.9 4.4 4.6 4.8 5.0 5.7 6.4 7.1 8.1 9.0 10.2 11.5 11.2 11.0 11.1 11.2 11.4 11.2 11.4 10.9 10.5 10.3 9.0 8.8 9.2 9.9 11.0 12.8 14.7 15.0 14.6 14.2 13.7 13.2 12.7 12.1 11.6 11.0 10.4 9.8 9.2 8.8 8.7 8.7 8.5 8.3 8.0 7.6 7.3 6.9 6.5 6.1 5.8 5.4 5.1 4.7 4.4 4.1 3.8 3.6 3.3 3.1 2.9 2.7 2.5 2.3 2.2 2.0 1.9 1.7 1.6 1.5 1.4 1.2 1.1 0.9 0.7 0.6 0.5 0.4 0.3 0.2 0.2 0.1 0.1 0.1 0.1
1.2 1.3 1.8 2.2 2.3 4.0 4.9 5.2 5.3 5.3 5.2 5.5 6.0 6.4 7.0 8.0 8.6 8.9 9.0 9.7 9.4 9.3 9.3 9.7 9.5 10.1 10.1 9.5 8.8 8.1 7.6 8.1 8.8 9.6 11.0 12.6 13.6 13.4 13.0 12.5 12.0 11.4 10.9 10.3 9.8 9.2 8.7 8.1 7.6 7.4 7.4 7.3 7.2 7.0 6.7 6.4 6.1 5.8 5.5 5.2 4.9 4.6 4.3 4.0 3.8 3.5 3.3 3.1 2.9 2.7 2.5 2.3 2.2 2.0 1.9 1.8 1.6 1.5 1.4 1.3 1.2 1.1 1.0 0.8 0.7 0.5 0.4 0.3 0.3 0.2 0.2 0.1 0.1 0.1
1.2 1.3 1.9 2.7 3.2 4.0 4.7 5.3 5.8 6.2 6.1 6.4 6.7 6.4 6.7 7.5 8.2 8.1 8.8 8.6 8.0 8.0 8.1 8.6 8.5 9.1 9.9 9.5 8.8 8.0 7.5 7.8 8.2 8.8 9.8 11.3 12.4 12.3 11.8 11.3 10.8 10.2 9.7 9.2 8.6 8.1 7.6 7.1 6.6 6.2 6.1 6.1 6.1 6.0 5.8 5.6 5.3 5.1 4.9 4.6 4.4 4.1 3.9 3.7 3.4 3.2 3.0 2.9 2.7 2.5 2.3 2.2 2.0 1.9 1.8 1.7 1.5 1.4 1.3 1.2 1.1 1.0 0.9 0.9 0.7 0.6 0.5 0.4 0.3 0.2 0.2 0.1 0.1 0.1
1.6 1.6 2.1 2.7 3.2 3.8 4.4 5.0 5.6 6.2 6.6 6.9 6.8 6.5 6.7 7.0 7.6 7.3 7.1 6.8 7.3 7.2 7.5 8.1 8.9 9.5 9.7 9.6 8.9 8.2 7.8 7.8 8.1 8.4 9.0 10.3 11.4 11.2 10.7 10.2 9.6 9.1 8.6 8.1 7.6 7.1 6.6 6.2 5.7 5.3 5.1 5.0 5.0 4.9 4.9 4.8 4.6 4.4 4.3 4.1 3.9 3.7 3.5 3.3 3.1 3.0 2.8 2.6 2.5 2.3 2.2 2.1 1.9 1.8 1.7 1.6 1.5 1.3 1.2 1.2 1.1 1.0 0.9 0.8 0.7 0.7 0.6 0.5 0.4 0.3 0.2 0.2 0.1 0.1
1.6 1.8 2.1 2.5 2.9 3.5 4.1 4.6 5.3 5.9 6.4 6.8 6.9 6.6 6.6 6.9 6.9 6.7 6.3 6.2 6.0 6.6 7.0 7.8 8.7 9.6 9.8 9.5 8.9 8.3 7.9 7.8 7.8 7.9 8.4 9.6 10.5 10.2 9.6 9.1 8.6 8.1 7.6 7.1 6.6 6.2 5.7 5.3 5.0 4.6 4.4 4.1 4.0 4.0 4.0 3.9 3.9 3.8 3.7 3.5 3.4 3.3 3.2 3.0 2.9 2.7 2.6 2.5 2.3 2.2 2.1 1.9 1.8 1.7 1.6 1.5 1.4 1.3 1.2 1.1 1.0 0.9 0.8 0.8 0.7 0.6 0.6 0.5 0.4 0.3 0.3 0.2 0.2 0.1
1.5 1.7 2.0 2.3 2.7 3.3 3.8 4.3 5.0 5.7 6.0 6.5 6.6 6.1 5.9 5.8 6.4 6.2 5.6 5.5 5.8 6.2 6.7 7.5 8.6 9.4 9.6 9.2 8.6 8.1 7.7 7.5 7.3 7.3 7.9 9.4 9.6 9.2 8.6 8.1 7.6 7.1 6.6 6.2 5.8 5.4 5.0 4.6 4.3 4.1 3.8 3.6 3.4 3.3 3.2 3.1 3.1 3.1 3.0 3.0 2.9 2.9 2.8 2.7 2.6 2.5 2.4 2.3 2.2 2.1 1.9 1.8 1.7 1.6 1.5 1.4 1.3 1.2 1.1 1.0 0.9 0.9 0.8 0.7 0.7 0.6 0.5 0.5 0.4 0.4 0.3 0.2 0.2 0.1
1.4 1.5 1.8 2.1 2.6 3.1 3.5 4.2 4.7 5.2 5.7 6.2 6.4 6.1 5.6 5.4 5.4 5.4 5.5 5.0 5.5 5.7 6.1 6.9 7.7 8.7 8.8 8.5 8.0 7.5 7.2 6.9 6.7 6.7 7.2 8.4 8.7 8.2 7.7 7.2 6.7 6.3 5.8 5.4 5.0 4.6 4.3 4.1 3.8 3.6 3.4 3.2 3.1 2.9 2.8 2.6 2.5 2.4 2.4 2.4 2.5 2.5 2.4 2.4 2.3 2.3 2.2 2.1 2.0 1.9 1.8 1.7 1.6 1.5 1.4 1.3 1.2 1.1 1.1 1.0 0.9 0.8 0.8 0.7 0.6 0.6 0.5 0.5 0.4 0.4 0.3 0.3 0.2 0.2
1.2 1.4 1.6 2.0 2.4 2.8 3.3 3.8 4.3 4.9 5.4 5.8 6.1 6.0 5.7 5.1 4.8 4.7 4.7 4.5 4.6 5.2 5.7 6.5 7.3 7.8 7.9 7.6 7.2 6.8 6.4 6.2 6.0 6.1 6.7 7.9 7.9 7.4 6.9 6.4 5.9 5.5 5.1 4.7 4.3 4.1 3.8 3.6 3.4 3.2 3.1 2.9 2.8 2.7 2.5 2.4 2.2 2.1 2.0 1.9 2.0 2.0 2.1 2.1 2.1 2.0 2.0 1.9 1.9 1.8 1.7 1.6 1.5 1.4 1.3 1.3 1.2 1.1 1.0 0.9 0.8 0.8 0.7 0.6 0.6 0.5 0.5 0.4 0.4 0.4 0.3 0.3 0.2 0.2
1.1 1.3 1.5 1.8 2.2 2.5 3.0 3.5 4.1 4.5 5.0 5.4 5.7 5.8 5.8 5.2 4.7 4.6 4.4 4.5 4.7 4.4 4.7 5.7 6.3 7.0 7.0 6.7 6.3 6.0 5.6 5.4 5.3 5.6 6.5 7.0 7.0 6.6 6.1 5.6 5.2 4.8 4.4 4.1 3.8 3.6 3.4 3.2 3.0 2.9 2.8 2.7 2.6 2.4 2.3 2.2 2.1 1.9 1.8 1.7 1.6 1.6 1.7 1.7 1.8 1.8 1.8 1.8 1.7 1.7 1.6 1.5 1.4 1.4 1.3 1.2 1.1 1.0 0.9 0.9 0.8 0.7 0.7 0.6 0.6 0.5 0.5 0.4 0.4 0.3 0.3 0.3 0.2 0.2
1.1 1.2 1.3 1.7 2.0 2.3 2.8 3.4 3.7 4.2 4.6 4.9 5.2 5.4 5.5 5.3 4.6 4.2 4.1 4.2 4.5 4.6 5.1 4.7 5.1 5.3 6.0 6.0 5.6 5.2 4.9 4.8 4.8 4.9 5.1 5.5 5.8 5.8 5.4 4.9 4.5 4.2 3.8 3.6 3.3 3.2 3.0 2.9 2.8 2.7 2.6 2.5 2.4 2.3 2.2 2.0 1.9 1.8 1.7 1.6 1.4 1.3 1.3 1.4 1.5 1.6 1.6 1.6 1.6 1.5 1.5 1.4 1.3 1.3 1.2 1.1 1.0 1.0 0.9 0.8 0.7 0.7 0.6 0.6 0.5 0.5 0.4 0.4 0.3 0.3 0.3 0.2 0.2 0.2
1.0 1.1 1.2 1.4 1.7 2.1 2.5 3.0 3.5 3.8 4.2 4.5 4.8 4.9 5.0 5.0 4.6 4.3 4.0 3.9 4.1 4.6 5.1 4.7 5.3 7.2 6.2 5.4 5.0 4.6 4.4 4.2 4.1 4.0 4.1 4.5 4.8 5.0 4.7 4.3 4.0 3.6 3.4 3.2 3.0 2.8 2.7 2.6 2.6 2.5 2.4 2.3 2.2 2.1 2.0 1.9 1.8 1.7 1.6 1.5 1.4 1.3 1.2 1.1 1.2 1.3 1.4 1.4 1.4 1.4 1.4 1.3 1.3 1.2 1.1 1.0 1.0 0.9 0.8 0.8 0.7 0.6 0.6 0.5 0.5 0.4 0.4 0.4 0.3 0.3 0.3 0.2 0.2 0.2
0.9 1.0 1.1 1.3 1.6 2.1 2.3 2.7 3.2 3.5 3.9 4.2 4.4 4.5 4.5 4.6 4.6 4.6 4.1 4.0 4.0 4.5 4.2 5.2 6.3 6.4 5.4 4.5 4.6 4.2 3.8 3.6 3.4 3.3 3.3 3.5 3.7 4.2 4.0 3.8 3.5 3.2 3.0 2.8 2.7 2.6 2.5 2.5 2.4 2.3 2.3 2.2 2.1 2.0 1.9 1.8 1.7 1.6 1.5 1.4 1.3 1.2 1.1 1.0 1.0 1.0 1.1 1.2 1.3 1.3 1.3 1.2 1.2 1.1 1.0 1.0 0.9 0.8 0.8 0.7 0.7 0.6 0.6 0.5 0.5 0.4 0.4 0.3 0.3 0.3 0.2 0.2 0.2 0.2
0.8 0.9 1.0 1.2 1.4 1.8 2.1 2.5 2.9 3.2 3.6 3.8 4.0 4.4 4.1 4.2 4.2 4.5 4.4 3.8 3.9 3.9 4.3 5.9 7.4 5.7 5.2 5.3 4.5 3.8 3.5 3.2 2.9 2.6 2.4 2.3 2.5 2.7 2.8 3.2 3.1 2.9 2.7 2.6 2.5 2.4 2.4 2.3 2.3 2.2 2.2 2.1 2.1 2.0 1.9 1.8 1.7 1.6 1.5 1.4 1.3 1.2 1.1 1.0 1.0 0.9 0.9 1.0 1.1 1.1 1.1 1.1 1.1 1.0 1.0 0.9 0.9 0.8 0.7 0.7 0.6 0.6 0.5 0.5 0.4 0.4 0.3 0.3 0.3 0.3 0.2 0.2 0.2 0.2
0.8 0.8 1.0 1.1 1.4 1.7 2.0 2.3 2.7 2.9 3.3 3.5 3.7 3.8 3.7 3.8 3.8 3.9 3.9 3.9 3.8 3.8 4.6 5.5 6.7 5.0 5.0 4.8 5.8 4.0 3.5 3.0 2.5 2.1 1.7 1.5 1.4 1.5 1.9 2.7 2.8 2.6 2.5 2.4 2.3 2.3 2.3 2.2 2.2 2.2 2.1 2.1 2.0 1.9 1.8 1.7 1.6 1.5 1.4 1.3 1.3 1.2 1.1 1.0 1.0 0.9 0.9 0.9 0.9 1.0 1.0 1.0 1.0 0.9 0.9 0.8 0.8 0.7 0.7 0.6 0.6 0.5 0.5 0.4 0.4 0.4 0.3 0.3 0.3 0.2 0.2 0.2 0.2 0.2
0.7 0.8 0.9 1.0 1.3 1.5 1.8 2.1 2.5 2.7 2.9 3.1 3.3 3.4 3.4 3.5 3.5 3.5 3.6 3.7 3.8 4.3 5.3 5.2 5.1 5.2 5.3 5.2 5.4 5.6 4.4 3.1 2.4 1.8 1.3 0.9 0.7 0.7 1.1 2.0 2.4 2.4 2.3 2.2 2.2 2.2 2.2 2.2 2.2 2.1 2.1 2.0 2.0 1.9 1.8 1.7 1.6 1.5 1.4 1.3 1.2 1.2 1.1 1.0 1.0 0.9 0.9 0.8 0.8 0.9 0.9 0.9 0.9 0.9 0.8 0.8 0.7 0.7 0.6 0.6 0.5 0.5 0.4 0.4 0.4 0.3 0.3 0.3 0.2 0.2 0.2 0.2 0.2 0.1
0.7 0.8 0.9 1.0 1.2 1.4 1.6 1.9 2.2 2.4 2.7 2.8 2.9 3.0 3.2 3.3 3.2 3.2 3.3 3.4 3.9 4.0 4.3 4.8 5.2 4.9 5.3 5.3 5.4 5.3 4.6 3.1 2.3 1.6 0.9 0.3 0.1 0.2 0.5 1.0 1.8 2.1 2.1 2.1 2.1 2.2 2.2 2.2 2.2 2.1 2.1 2.0 2.0 1.9 1.8 1.7 1.6 1.5 1.4 1.3 1.2 1.2 1.1 1.0 1.0 0.9 0.9 0.8 0.8 0.8 0.8 0.8 0.8 0.8 0.7 0.7 0.7 0.6 0.6 0.5 0.5 0.5 0.4 0.4 0.3 0.3 0.3 0.3 0.2 0.2 0.2 0.2 0.1 0.1
0.8 0.8 0.9 1.0 1.1 1.3 1.5 1.7 1.9 2.1 2.3 2.5 2.6 2.7 2.9 3.0 2.9 3.0 3.0 3.2 3.3 3.5 3.9 4.3 4.3 4.7 5.1 5.2 5.1 5.0 4.7 3.2 2.4 1.5 0.7 0.1 0.0 0.0 0.1 0.4 0.9 1.3 1.5 1.9 2.1 2.1 2.1 2.1 2.1 2.0 1.9 1.9 1.9 1.8 1.8 1.7 1.6 1.5 1.4 1.3 1.2 1.2 1.1 1.0 1.0 0.9 0.9 0.8 0.8 0.8 0.8 0.7 0.7 0.7 0.7 0.6 0.6 0.6 0.5 0.5 0.5 0.4 0.4 0.3 0.3 0.3 0.3 0.2 0.2 0.2 0.2 0.2 0.1 0.1
0.8 0.9 0.9 1.0 1.1 1.2 1.3 1.5 1.7 1.9 2.0 2.2 2.3 2.5 2.6 2.8 2.8 3.1 2.8 2.9 3.0 3.3 3.3 3.5 3.7 4.1 4.5 4.8 4.8 4.5 4.5 3.4 2.3 1.4 0.7 0.1 0.0 0.0 0.0 0.2 0.5 0.9 1.3 1.7 1.8 1.7 1.8 1.8 1.7 1.7 1.7 1.6 1.6 1.6 1.7 1.7 1.6 1.5 1.4 1.3 1.2 1.2 1.1 1.0 1.0 0.9 0.9 0.8 0.8 0.8 0.7 0.7 0.7 0.6 0.6 0.6 0.5 0.5 0.5 0.4 0.4 0.4 0.3 0.3 0.3 0.3 0.2 0.2 0.2 0.2 0.2 0.1 0.1 0.1
0.9 0.9 1.0 1.0 1.0 1.1 1.2 1.3 1.4 1.6 1.7 1.9 2.1 2.6 2.3 2.3 2.4 2.5 2.5 2.6 2.7 2.8 2.9 3.1 3.3 3.5 3.9 4.4 4.5 4.1 4.0 3.1 2.3 1.5 0.8 0.3 0.0 0.0 0.0 0.1 0.4 0.8 1.2 1.5 1.6 1.6 1.6 1.7 1.6 1.6 1.6 1.5 1.5 1.5 1.6 1.6 1.6 1.5 1.4 1.3 1.3 1.2 1.1 1.0 1.0 0.9 0.9 0.8 0.8 0.8 0.7 0.7 0.6 0.6 0.5 0.5 0.5 0.4 0.4 0.4 0.4 0.3 0.3 0.3 0.3 0.2 0.2 0.2 0.2 0.2 0.1 0.1 0.1 0.1
0.9 1.0 1.0 1.0 1.1 1.0 1.1 1.1 1.2 1.3 1.5 1.6 1.8 1.9 1.9 2.0 2.1 2.2 2.3 2.4 2.5 2.5 2.7 2.9 3.0 3.2 3.3 3.7 3.6 3.6 3.4 2.8 2.4 1.5 0.9 0.3 0.0 0.0 0.0 0.2 0.5 0.8 1.2 1.5 1.6 1.7 1.7 1.7 1.6 1.6 1.6 1.5 1.5 1.6 1.6 1.5 1.5 1.5 1.4 1.4 1.3 1.2 1.1 1.0 1.0 0.9 0.9 0.8 0.8 0.7 0.7 0.7 0.6 0.6 0.5 0.5 0.4 0.4 0.4 0.3 0.3 0.3 0.3 0.3 0.2 0.2 0.2 0.2 0.2 0.2 0.1 0.1 0.1 0.1
1.0 1.0 1.0 1.0 1.0 1.0 1.0 1.0 1.0 1.1 1.2 1.3 1.4 1.5 1.6 1.7 1.8 1.9 2.0 2.1 2.2 2.3 2.4 2.6 2.8 2.9 3.0 3.1 3.0 3.0 2.9 2.6 2.1 1.6 0.9 0.5 0.2 0.2 0.2 0.4 0.6 1.0 1.5 1.6 1.8 1.9 1.9 1.9 1.8 1.6 1.6 1.6 1.6 1.6 1.6 1.6 1.5 1.5 1.4 1.4 1.3 1.2 1.1 1.0 1.0 0.9 0.9 0.8 0.8 0.7 0.7 0.6 0.6 0.5 0.5 0.4 0.4 0.4 0.3 0.3 0.3 0.3 0.2 0.2 0.2 0.2 0.2 0.2 0.2 0.1 0.1 0.1 0.1 0.1
1.0 1.0 1.1 1.1 1.0 0.9 0.9 0.8 0.9 0.9 1.0 1.0 1.1 1.2 1.3 1.4 1.5 1.6 1.8 1.9 2.0 2.1 2.2 2.3 2.5 2.7 2.7 2.7 2.6 2.6 2.6 2.2 1.9 1.4 0.9 0.6 0.5 0.4 0.5 0.6 1.0 1.4 1.7 1.9 2.1 2.2 2.3 2.2 2.0 1.8 1.5 1.5 1.7 1.8 1.8 1.7 1.6 1.5 1.4 1.4 1.3 1.2 1.1 1.0 1.0 0.9 0.8 0.8 0.7 0.7 0.6 0.6 0.5 0.5 0.5 0.4 0.4 0.3 0.3 0.3 0.2 0.2 0.2 0.2 0.2 0.2 0.2 0.1 0.1 0.1 0.1 0.1 0.1 0.1
1.0 1.1 1.1 1.1 1.0 0.9 0.8 0.7 0.7 0.7 0.7 0.7 0.8 0.9 1.0 1.1 1.2 1.3 1.5 1.6 1.7 1.9 2.0 2.1 2.2 2.3 2.2 2.3 2.3 2.2 2.1 1.8 1.5 1.2 1.0 0.6 0.6 0.6 0.8 1.0 1.3 1.6 2.2 2.4 2.6 2.8 2.8 2.6 2.4 1.9 1.6 1.6 1.8 2.0 1.9 1.8 1.6 1.5 1.4 1.3 1.2 1.1 1.1 1.0 0.9 0.9 0.8 0.8 0.7 0.7 0.6 0.6 0.5 0.5 0.4 0.4 0.3 0.3 0.3 0.2 0.2 0.2 0.2 0.2 0.1 0.1 0.1 0.1 0.1 0.1 0.1 0.1 0.1 0.1
1.1 1.1 1.1 1.1 1.0 0.9 0.8 0.7 0.6 0.6 0.6 0.6 0.6 0.6 0.7 0.8 0.9 1.1 1.2 1.3 1.4 1.6 1.7 1.8 1.9 1.9 1.9 1.9 1.9 1.8 1.7 1.4 1.3 1.0 0.7 0.7 0.7 0.8 1.0 1.4 1.8 2.2 2.7 3.1 3.4 3.5 3.5 3.3 3.0 2.4 2.0 2.1 2.2 2.3 2.1 1.9 1.7 1.5 1.4 1.3 1.2 1.1 1.0 1.0 0.9 0.8 0.8 0.7 0.7 0.6 0.6 0.5 0.5 0.4 0.4 0.4 0.3 0.3 0.3 0.2 0.2 0.2 0.2 0.1 0.1 0.1 0.1 0.1 0.1 0.1 0.1 0.1 0.1 0.1
1.1 1.2 1.2 1.1 1.0 0.9 0.8 0.7 0.6 0.5 0.4 0.4 0.4 0.4 0.5 0.6 0.7 0.8 0.9 1.0 1.2 1.3 1.4 1.5 1.6 1.6 1.6 1.6 1.6 1.6 1.5 1.2 0.9 0.8 0.6 0.6 0.8 1.0 1.3 1.7 2.2 2.8 3.3 3.8 4.2 4.4 4.4 4.3 3.9 3.4 3.0 2.9 2.8 2.6 2.3 2.0 1.7 1.5 1.4 1.3 1.2 1.1 1.0 0.9 0.9 0.8 0.7 0.7 0.6 0.6 0.5 0.5 0.5 0.4 0.4 0.3 0.3 0.3 0.2 0.2 0.2 0.2 0.1 0.1 0.1 0.1 0.1 0.1 0.1 0.1 0.1 0.1 0.1 0.1
1.1 1.2 1.2 1.1 1.0 0.9 0.7 0.6 0.5 0.4 0.3 0.3 0.2 0.3 0.3 0.4 0.4 0.5 0.7 0.8 0.9 1.0 1.1 1.2 1.3 1.3 1.4 1.4 1.4 1.4 1.3 1.0 0.7 0.5 0.5 0.6 0.8 1.1 1.6 2.1 2.7 3.3 3.9 4.5 5.0 5.3 5.4 5.3 4.9 4.4 3.9 3.5 3.2 2.8 2.4 2.0 1.7 1.5 1.3 1.2 1.1 1.0 1.0 0.9 0.8 0.8 0.7 0.6 0.6 0.6 0.5 0.5 0.4 0.4 0.3 0.3 0.3 0.2 0.2 0.2 0.2 0.2 0.1 0.1 0.1 0.1 0.1 0.1 0.1 0.1 0.1 0.1 0.1 0.1
1.1 1.2 1.2 1.1 1.0 0.9 0.7 0.6 0.4 0.3 0.2 0.2 0.1 0.1 0.1 0.2 0.2 0.3 0.4 0.5 0.6 0.8 0.9 1.0 1.0 1.1 1.1 1.2 1.2 1.2 1.1 0.8 0.5 0.4 0.4 0.5 0.8 1.2 1.7 2.3 3.0 3.7 4.3 5.0 5.7 6.1 6.1 6.0 5.6 5.0 4.4 3.8 3.3 2.8 2.3 1.9 1.6 1.4 1.4 1.2 1.1 1.0 0.9 0.8 0.8 0.7 0.7 0.6 0.6 0.5 0.5 0.4 0.4 0.4 0.3 0.3 0.3 0.2 0.2 0.2 0.2 0.1 0.1 0.1 0.1 0.1 0.1 0.1 0.0 0.0 0.0 0.0 0.0 0.0
1.1 1.2 1.2 1.1 1.0 0.9 0.7 0.5 0.4 0.3 0.1 0.1 0.0 0.0 0.0 0.0 0.1 0.1 0.2 0.3 0.4 0.5 0.6 0.7 0.8 0.9 0.9 0.9 1.0 1.0 1.0 0.7 0.5 0.3 0.3 0.5 0.8 1.3 1.8 2.4 3.1 3.9 4.6 5.2 5.8 6.3 6.4 6.2 5.7 5.1 4.4 3.8 3.2 2.7 2.2 1.8 1.5 1.3 1.2 1.1 1.0 0.9 0.8 0.8 0.7 0.6 0.6 0.5 0.5 0.5 0.4 0.4 0.4 0.3 0.3 0.3 0.2 0.2 0.2 0.2 0.1 0.1 0.1 0.1 0.1 0.1 0.1 0.0 0.0 0.0 0.0 0.0 0.0 0.0
1.2 1.2 1.2 1.1 1.0 0.9 0.7 0.5 0.4 0.2 0.1 0.0 0.0 0.0 0.0 0.0 0.0 0.0 0.0 0.1 0.2 0.3 0.4 0.5 0.6 0.7 0.7 0.8 0.8 0.8 0.9 0.8 0.6 0.4 0.3 0.5 0.8 1.2 1.8 2.4 3.1 3.8 4.5 5.0 5.6 5.9 6.0 5.9 5.4 4.9 4.2 3.6 2.9 2.4 2.0 1.6 1.4 1.2 1.1 1.0 0.9 0.8 0.7 0.6 0.5 0.5 0.4 0.4 0.4 0.4 0.4 0.4 0.3 0.3 0.3 0.3 0.2 0.2 0.2 0.2 0.1 0.1 0.1 0.1 0.1 0.1 0.1 0.0 0.0 0.0 0.0 0.0 0.0 0.0
1.2 1.2 1.2 1.1 1.0 0.9 0.7 0.5 0.3 0.2 0.1 0.0 0.0 0.0 0.0 0.0 0.0 0.0 0.0 0.0 0.1 0.2 0.3 0.3 0.4 0.5 0.5 0.6 0.6 0.7 0.7 0.7 0.6 0.3 0.3 0.5 0.8 1.1 1.6 2.2 2.8 3.5 4.2 4.7 5.0 5.3 5.3 5.4 4.9 4.3 3.7 3.1 2.6 2.2 1.8 1.5 1.2 1.1 1.0 0.9 0.7 0.6 0.5 0.5 0.4 0.3 0.2 0.2 0.2 0.3 0.3 0.3 0.3 0.3 0.3 0.2 0.2 0.2 0.2 0.1 0.1 0.1 0.1 0.1 0.1 0.1 0.0 0.0 0.0 0.0 0.0 0.0 0.0 0.0
1.2 1.2 1.1 1.1 1.0 0.8 0.7 0.5 0.3 0.2 0.0 0.0 0.0 0.0 0.0 0.0 0.0 0.0 0.0 0.0 0.0 0.0 0.1 0.2 0.3 0.3 0.4 0.4 0.5 0.5 0.6 0.6 0.6 0.4 0.4 0.5 0.7 1.1 1.5 2.0 2.5 3.2 3.6 4.1 4.4 4.6 4.6 4.3 4.0 3.7 3.1 2.7 2.2 1.8 1.5 1.3 1.1 1.0 0.8 0.7 0.6 0.5 0.4 0.3 0.2 0.2 0.1 0.1 0.1 0.1 0.2 0.3 0.3 0.3 0.2 0.2 0.2 0.2 0.1 0.1 0.1 0.1 0.1 0.1 0.1 0.1 0.0 0.0 0.0 0.0 0.0 0.0 0.0 0.0
1.1 1.2 1.1 1.1 1.0 0.8 0.7 0.5 0.3 0.2 0.0 0.0 0.0 0.0 0.0 0.0 0.0 0.0 0.0 0.0 0.0 0.0 0.0 0.1 0.1 0.2 0.3 0.3 0.4 0.4 0.4 0.5 0.6 0.6 0.6 0.6 0.7 1.0 1.3 1.7 2.2 2.7 3.0 3.3 3.7 3.8 3.8 3.6 3.3 2.9 2.5 2.1 1.9 1.6 1.3 1.1 0.9 0.8 0.6 0.5 0.4 0.4 0.3 0.2 0.1 0.1 0.0 0.0 0.1 0.1 0.1 0.2 0.2 0.2 0.2 0.2 0.2 0.2 0.1 0.1 0.1 0.1 0.1 0.1 0.1 0.0 0.0 0.0 0.0 0.0 0.0 0.0 0.0 0.0
1.1 1.2 1.1 1.0 0.9 0.8 0.7 0.5 0.3 0.2 0.0 0.0 0.0 0.0 0.0 0.0 0.0 0.0 0.0 0.0 0.0 0.0 0.0 0.0 0.0 0.1 0.1 0.2 0.3 0.3 0.3 0.4 0.5 0.6 0.6 0.7 0.9 1.0 1.2 1.4 1.7 2.0 2.4 2.7 3.1 3.1 3.1 2.9 2.6 2.3 2.0 1.7 1.4 1.2 1.0 0.9 0.7 0.6 0.4 0.4 0.3 0.2 0.2 0.1 0.1 0.0 0.0 0.0 0.0 0.1 0.1 0.1 0.2 0.2 0.2 0.2 0.2 0.1 0.1 0.1 0.1 0.1 0.1 0.1 0.1 0.0 0.0 0.0 0.0 0.0 0.0 0.0 0.0 0.0
1.1 1.1 1.1 1.0 0.9 0.8 0.7 0.5 0.3 0.2 0.0 0.0 0.0 0.0 0.0 0.0 0.0 0.0 0.0 0.0 0.0 0.0 0.0 0.0 0.0 0.0 0.0 0.1 0.2 0.2 0.3 0.3 0.4 0.5 0.6 0.7 0.8 1.0 1.1 1.2 1.4 1.6 1.9 2.1 2.3 2.4 2.4 2.2 2.0 1.8 1.5 1.3 1.0 0.8 0.7 0.6 0.6 0.5 0.3 0.2 0.2 0.1 0.1 0.1 0.1 0.0 0.0 0.0 0.0 0.0 0.1 0.1 0.1 0.1 0.2 0.2 0.2 0.1 0.1 0.1 0.1 0.1 0.1 0.1 0.0 0.0 0.0 0.0 0.0 0.0 0.0 0.0 0.0 0.0
1.1 1.1 1.0 1.0 0.9 0.8 0.7 0.5 0.3 0.2 0.0 0.0 0.0 0.0 0.0 0.0 0.0 0.0 0.0 0.0 0.0 0.0 0.0 0.0 0.0 0.0 0.0 0.0 0.1 0.1 0.2 0.2 0.3 0.4 0.5 0.6 0.7 0.8 0.9 1.0 1.2 1.3 1.5 1.8 1.8 1.8 1.7 1.7 1.5 1.3 1.1 0.8 0.7 0.5 0.4 0.3 0.2 0.2 0.2 0.1 0.1 0.1 0.1 0.1 0.1 0.1 0.1 0.1 0.0 0.0 0.0 0.1 0.1 0.1 0.1 0.1 0.1 0.1 0.1 0.1 0.1 0.1 0.1 0.1 0.0 0.0 0.0 0.0 0.0 0.0 0.0 0.0 0.0 0.0
1.0 1.0 1.0 1.0 0.9 0.8 0.7 0.5 0.4 0.2 0.0 0.0 0.0 0.0 0.0 0.0 0.0 0.0 0.0 0.0 0.0 0.0 0.0 0.0 0.0 0.0 0.0 0.0 0.0 0.0 0.1 0.1 0.2 0.3 0.4 0.5 0.6 0.7 0.8 0.9 1.0 1.2 1.4 1.3 1.4 1.4 1.3 1.2 1.1 1.0 0.7 0.5 0.3 0.2 0.2 0.1 0.1 0.1 0.0 0.0 0.0 0.0 0.1 0.1 0.2 0.2 0.1 0.1 0.1 0.0 0.0 0.0 0.0 0.1 0.1 0.1 0.1 0.1 0.1 0.1 0.1 0.1 0.1 0.1 0.0 0.0 0.0 0.0 0.0 0.0 0.0 0.0 0.0 0.0
1.0 1.0 1.0 1.0 0.9 0.8 0.7 0.5 0.4 0.2 0.1 0.0 0.0 0.0 0.0 0.0 0.0 0.0 0.0 0.0 0.0 0.0 0.0 0.0 0.0 0.0 0.0 0.0 0.0 0.0 0.0 0.1 0.1 0.2 0.3 0.4 0.5 0.5 0.6 0.7 0.8 0.9 1.0 1.0 1.1 1.1 0.9 0.9 0.8 0.6 0.4 0.2 0.1 0.1 0.0 0.0 0.0 0.0 0.0 0.0 0.0 0.1 0.1 0.2 0.2 0.2 0.2 0.1 0.1 0.1 0.0 0.0 0.0 0.1 0.1 0.1 0.0 0.0 0.0 0.1 0.1 0.1 0.1 0.0 0.0 0.0 0.0 0.0 0.0 0.0 0.0 0.0 0.0 0.0
1.0 1.0 1.0 0.9 0.9 0.8 0.7 0.6 0.4 0.2 0.1 0.0 0.0 0.0 0.0 0.0 0.0 0.0 0.0 0.0 0.0 0.0 0.0 0.0 0.0 0.0 0.0 0.0 0.0 0.0 0.0 0.0 0.1 0.1 0.2 0.3 0.4 0.4 0.5 0.6 0.7 0.8 0.8 0.7 0.8 0.8 0.6 0.6 0.5 0.3 0.2 0.1 0.0 0.0 0.0 0.0 0.0 0.0 0.0 0.0 0.0 0.1 0.1 0.2 0.2 0.2 0.2 0.1 0.1 0.1 0.0 0.0 0.0 0.0 0.0 0.0 0.0 0.0 0.0 0.0 0.0 0.1 0.1 0.0 0.0 0.0 0.0 0.0 0.0 0.0 0.0 0.0 0.0 0.0
0.9 0.9 0.9 0.9 0.8 0.7 0.7 0.5 0.4 0.2 0.1 0.0 0.0 0.0 0.0 0.0 0.0 0.0 0.0 0.0 0.0 0.0 0.0 0.0 0.0 0.0 0.0 0.0 0.0 0.0 0.0 0.0 0.0 0.1 0.1 0.2 0.3 0.3 0.4 0.4 0.5 0.5 0.5 0.5 0.5 0.5 0.4 0.3 0.2 0.1 0.0 0.0 0.0 0.0 0.0 0.0 0.0 0.0 0.0 0.0 0.0 0.1 0.1 0.2 0.2 0.2 0.2 0.1 0.1 0.1 0.0 0.0 0.0 0.0 0.0 0.0 0.0 0.0 0.0 0.0 0.0 0.0 0.0 0.1 0.0 0.0 0.0 0.0 0.0 0.0 0.0 0.0 0.0 0.0
0.9 0.9 0.9 0.9 0.8 0.7 0.6 0.5 0.4 0.2 0.1 0.0 0.0 0.0 0.0 0.0 0.0 0.0 0.0 0.0 0.0 0.0 0.0 0.0 0.0 0.0 0.0 0.0 0.0 0.0 0.0 0.0 0.0 0.0 0.1 0.1 0.2 0.2 0.3 0.3 0.3 0.3 0.3 0.3 0.3 0.3 0.4 0.2 0.1 0.0 0.0 0.0 0.0 0.0 0.0 0.0 0.0 0.0 0.0 0.0 0.0 0.1 0.1 0.1 0.2 0.1 0.1 0.1 0.1 0.0 0.0 0.0 0.0 0.0 0.0 0.0 0.0 0.0 0.0 0.0 0.0 0.0 0.0 0.1 0.0 0.0 0.0 0.0 0.0 0.0 0.0 0.0 0.0 0.0
0.8 0.8 0.8 0.8 0.8 0.7 0.6 0.5 0.4 0.2 0.1 0.0 0.0 0.0 0.0 0.0 0.0 0.0 0.0 0.0 0.0 0.0 0.0 0.0 0.0 0.0 0.0 0.0 0.0 0.0 0.0 0.0 0.0 0.0 0.1 0.1 0.1 0.2 0.2 0.2 0.2 0.2 0.2 0.1 0.2 0.2 0.2 0.0 0.0 0.0 0.0 0.0 0.0 0.0 0.0 0.0 0.0 0.0 0.0 0.0 0.0 0.1 0.1 0.1 0.1 0.1 0.1 0.1 0.1 0.0 0.0 0.0 0.0 0.0 0.0 0.0 0.0 0.0 0.0 0.0 0.0 0.0 0.1 0.1 0.1 0.0 0.0 0.0 0.0 0.0 0.0 0.0 0.0 0.0
