main/data/rainfall/18.12.2023.grid
ncols 886
nrows 691
xllcenter 112.0000
yllcenter -44.5000
cellsize 0.0500
nodata_value 99999.90
[rows 126 to 167 of 691, columns 658 to 751 of 886]
209.2 265.8 318.3 307.5 294.3 302.8 412.5 477.5 567.1 547.2 595.2 602.3 540.6 518.6 512.8 510.6 508.9 506.8 504.1 500.9 497.3 493.2 488.8 484.0 478.9 473.4 467.6 461.3 454.1 440.4 408.3 369.4 337.3 313.0 294.7 280.8 270.0 261.5 254.4 248.3 242.7 237.6 232.7 227.8 223.1 218.3 213.6 208.8 204.0 199.3 194.5 188.6 174.0 143.0 112.6 87.8 68.1 52.5 40.3 30.7 23.2 17.5 13.1 9.7 7.2 5.3 3.9 2.8 2.0 1.4 1.0 0.7 0.5 0.3 0.2 0.1 0.1 0.0 0.0 0.0 0.0 0.0 0.0 0.0 0.0 0.0 0.0 0.0 0.0 0.0 0.0 0.0 0.0 0.0
217.9 234.4 257.5 293.5 264.5 348.5 472.5 429.7 598.4 599.2 653.7 628.1 549.8 500.1 481.7 480.0 480.7 480.4 479.1 476.9 474.0 470.5 466.5 462.2 457.4 452.3 446.8 440.8 434.3 426.7 411.5 376.7 340.6 312.3 291.1 275.2 263.1 253.7 246.1 239.6 234.0 228.8 223.8 219.1 214.4 209.7 205.1 200.5 195.9 191.2 186.6 181.9 174.2 153.7 123.5 96.5 74.9 57.8 44.4 33.8 25.7 19.3 14.5 10.8 8.0 5.9 4.3 3.1 2.3 1.6 1.1 0.7 0.5 0.4 0.2 0.2 0.1 0.0 0.0 0.0 0.0 0.0 0.0 0.0 0.0 0.0 0.0 0.0 0.0 0.0 0.0 0.0 0.0 0.0
203.3 212.7 199.7 220.4 257.3 380.8 500.6 585.7 513.3 650.7 666.4 631.7 575.9 504.5 469.6 459.5 456.6 454.0 452.7 451.3 449.2 446.4 443.0 439.2 434.9 430.2 425.1 419.4 413.3 406.6 398.1 379.2 344.5 312.5 288.2 270.1 256.5 246.1 237.9 231.1 225.3 220.0 215.1 210.4 205.8 201.3 196.8 192.3 187.8 183.3 178.9 174.4 169.5 159.6 133.9 105.6 82.0 63.4 48.6 37.1 28.2 21.3 15.9 11.9 8.8 6.5 4.7 3.5 2.5 1.8 1.3 0.8 0.6 0.4 0.3 0.2 0.1 0.0 0.0 0.0 0.0 0.0 0.0 0.0 0.0 0.0 0.0 0.0 0.0 0.0 0.0 0.0 0.0 0.0
165.6 198.9 185.8 225.8 244.4 344.8 555.4 602.0 471.5 636.2 637.1 605.9 571.6 529.4 499.4 475.7 453.0 431.9 426.1 425.1 423.7 421.5 418.7 415.5 411.8 407.6 402.9 397.6 391.9 385.5 378.5 368.2 345.2 313.2 285.8 265.4 250.2 238.8 229.9 222.8 216.7 211.4 206.5 201.9 197.4 193.0 188.6 184.3 179.9 175.6 171.3 167.0 162.7 156.9 141.8 114.7 89.4 69.1 53.1 40.6 30.8 23.3 17.5 13.0 9.7 7.1 5.2 3.8 2.8 2.0 1.4 0.9 0.6 0.5 0.3 0.2 0.1 0.1 0.0 0.0 0.0 0.0 0.0 0.0 0.0 0.0 0.0 0.0 0.0 0.0 0.0 0.0 0.0 0.0
157.7 161.7 169.2 187.5 234.1 311.5 405.7 541.5 545.9 502.1 576.3 561.7 545.5 520.2 495.4 469.2 439.6 405.0 398.9 398.9 398.1 396.4 394.2 391.6 388.4 384.8 380.6 375.8 370.3 364.3 357.7 350.2 338.1 312.8 283.9 261.1 244.2 231.7 222.2 214.6 208.4 203.0 198.1 193.5 189.1 184.9 180.6 176.4 172.2 168.1 164.0 159.8 155.7 151.4 143.5 122.8 96.9 75.0 57.7 44.1 33.5 25.4 19.1 14.2 10.6 7.8 5.7 4.2 3.0 2.2 1.5 1.0 0.7 0.5 0.3 0.2 0.1 0.1 0.0 0.0 0.0 0.0 0.0 0.0 0.0 0.0 0.0 0.0 0.0 0.0 0.0 0.0 0.0 0.0
152.3 155.2 161.9 172.1 197.8 221.0 265.3 361.8 470.3 414.1 449.2 477.3 513.1 497.3 479.4 456.6 426.9 388.4 374.5 373.3 372.9 371.7 369.9 367.8 365.3 362.2 358.5 354.1 349.0 343.3 337.0 330.0 322.2 308.7 281.7 256.9 238.5 224.8 214.6 206.7 200.2 194.8 189.9 185.4 181.1 176.9 172.8 168.8 164.8 160.8 156.8 152.8 148.9 144.9 140.1 128.7 104.4 81.0 62.4 47.8 36.3 27.5 20.7 15.5 11.5 8.5 6.2 4.6 3.3 2.4 1.7 1.2 0.8 0.6 0.4 0.2 0.1 0.1 0.0 0.0 0.0 0.0 0.0 0.0 0.0 0.0 0.0 0.0 0.0 0.0 0.0 0.0 0.0 0.0
146.1 150.0 167.7 185.3 171.4 190.6 228.7 317.1 362.6 359.4 393.2 453.9 443.1 470.1 468.2 457.2 434.6 405.9 364.2 353.5 349.3 347.6 346.3 344.7 342.8 340.2 337.0 333.0 328.2 322.7 316.6 309.9 302.7 293.7 276.4 252.7 232.8 218.1 207.2 198.9 192.2 186.7 181.9 177.4 173.2 169.2 165.3 161.4 157.5 153.7 149.8 146.1 142.3 138.5 134.6 128.1 110.5 87.2 67.2 51.5 39.2 29.7 22.3 16.7 12.4 9.2 6.8 4.9 3.6 2.6 1.9 1.3 0.9 0.6 0.4 0.3 0.2 0.1 0.1 0.0 0.0 0.0 0.0 0.0 0.0 0.0 0.0 0.0 0.0 0.0 0.0 0.0 0.0 0.0
153.0 162.1 173.3 161.6 200.5 180.6 203.9 241.2 326.3 298.6 339.1 375.0 465.5 439.3 450.3 445.6 429.6 404.1 377.9 355.5 333.0 325.7 323.7 322.6 321.2 319.2 316.3 312.6 308.0 302.7 296.8 290.3 283.4 275.9 265.6 247.2 227.0 211.4 199.9 191.2 184.4 178.9 174.1 169.7 165.6 161.7 157.9 154.2 150.5 146.8 143.1 139.5 135.9 132.3 128.7 124.5 114.9 93.1 72.0 55.2 42.1 31.9 24.0 18.0 13.4 9.9 7.3 5.3 3.9 2.8 2.0 1.4 1.0 0.7 0.5 0.3 0.2 0.1 0.1 0.0 0.0 0.0 0.0 0.0 0.0 0.0 0.0 0.0 0.0 0.0 0.0 0.0 0.0 0.0
134.2 146.4 177.5 148.6 170.2 199.4 187.4 211.9 238.3 262.9 321.2 341.7 367.2 403.2 419.0 432.3 424.1 408.6 387.9 357.8 332.1 313.4 303.6 301.9 301.1 299.4 296.7 293.1 288.7 283.6 277.8 271.4 264.7 257.6 250.0 239.2 220.8 204.6 192.6 183.7 176.8 171.2 166.4 162.2 158.2 154.5 150.8 147.2 143.6 140.1 136.6 133.1 129.7 126.2 122.8 119.3 113.6 97.7 76.8 58.9 45.0 34.1 25.7 19.3 14.4 10.7 7.8 5.7 4.2 3.0 2.2 1.5 1.0 0.7 0.5 0.3 0.2 0.1 0.1 0.0 0.0 0.0 0.0 0.0 0.0 0.0 0.0 0.0 0.0 0.0 0.0 0.0 0.0 0.0
136.0 137.4 135.3 164.2 168.9 171.6 189.0 195.5 212.6 236.2 279.0 305.7 342.6 372.6 407.2 400.8 417.9 407.1 388.4 364.5 340.5 315.6 290.8 284.1 282.8 281.1 278.4 274.8 270.4 265.3 259.6 253.4 246.9 240.1 233.1 225.1 212.6 197.4 185.2 176.2 169.2 163.7 159.0 154.9 151.0 147.4 143.9 140.4 137.0 133.6 130.3 127.0 123.7 120.4 117.2 113.9 110.0 101.0 81.3 62.6 47.8 36.3 27.4 20.6 15.4 11.4 8.4 6.2 4.5 3.2 2.3 1.6 1.1 0.8 0.5 0.4 0.2 0.1 0.1 0.0 0.0 0.0 0.0 0.0 0.0 0.0 0.0 0.0 0.0 0.0 0.0 0.0 0.0 0.0
121.3 128.3 132.5 141.6 170.1 161.4 162.9 180.6 197.5 218.3 243.8 266.8 296.7 333.2 369.8 390.0 397.6 395.6 383.1 364.8 342.7 318.6 292.8 273.3 267.0 264.5 261.6 257.8 253.3 248.1 242.4 236.3 230.0 223.4 216.7 209.9 201.7 189.5 177.7 168.6 161.7 156.3 151.7 147.7 144.1 140.6 137.2 133.9 130.6 127.4 124.2 121.1 117.9 114.8 111.7 108.6 105.4 99.9 84.9 66.2 50.6 38.5 29.1 21.9 16.3 12.1 8.9 6.6 4.8 3.5 2.5 1.8 1.2 0.9 0.6 0.4 0.3 0.2 0.1 0.1 0.0 0.0 0.0 0.0 0.0 0.0 0.0 0.0 0.0 0.0 0.0 0.0 0.0 0.0
114.7 127.6 134.3 134.9 139.9 150.4 182.5 168.0 193.6 201.5 220.1 241.6 270.4 301.9 337.9 357.1 380.2 376.8 372.7 359.4 337.6 311.4 288.8 269.1 254.2 249.4 246.1 242.0 237.3 232.0 226.3 220.3 214.1 207.8 201.4 195.1 188.5 180.3 169.7 160.9 154.2 149.0 144.6 140.8 137.3 134.0 130.7 127.6 124.5 121.4 118.3 115.3 112.3 109.4 106.4 103.5 100.5 96.7 87.4 69.7 53.4 40.6 30.7 23.1 17.3 12.8 9.5 7.0 5.1 3.7 2.6 1.9 1.3 0.9 0.6 0.4 0.3 0.2 0.1 0.1 0.0 0.0 0.0 0.0 0.0 0.0 0.0 0.0 0.0 0.0 0.0 0.0 0.0 0.0
103.0 108.3 127.6 127.2 136.9 143.1 165.4 177.3 178.0 189.1 203.4 220.9 245.0 273.6 300.2 315.1 355.9 355.7 358.7 334.9 325.4 267.5 278.4 255.1 240.7 235.8 231.9 227.4 222.4 216.9 211.2 205.3 199.3 193.2 187.2 181.2 175.3 169.0 161.0 153.0 146.6 141.7 137.6 134.0 130.7 127.5 124.5 121.5 118.5 115.5 112.7 109.8 106.9 104.1 101.3 98.5 95.7 92.8 87.3 72.4 56.0 42.7 32.3 24.3 18.2 13.5 10.0 7.4 5.4 3.9 2.8 2.0 1.4 1.0 0.7 0.5 0.3 0.2 0.1 0.1 0.0 0.0 0.0 0.0 0.0 0.0 0.0 0.0 0.0 0.0 0.0 0.0 0.0 0.0
105.3 99.6 104.2 113.6 124.4 144.8 132.5 164.0 172.1 178.4 188.8 202.4 224.0 245.9 266.6 279.7 318.5 329.8 337.9 300.9 305.6 285.4 265.1 243.9 229.0 223.4 219.0 214.0 208.6 203.0 197.2 191.4 185.5 179.7 174.0 168.4 162.9 157.4 151.6 144.8 139.0 134.4 130.6 127.3 124.2 121.2 118.4 115.5 112.7 109.9 107.2 104.4 101.7 99.0 96.4 93.7 91.1 88.4 84.6 74.5 58.5 44.6 33.8 25.5 19.1 14.2 10.5 7.7 5.7 4.1 2.9 2.1 1.5 1.0 0.7 0.5 0.3 0.2 0.1 0.1 0.0 0.0 0.0 0.0 0.0 0.0 0.0 0.0 0.0 0.0 0.0 0.0 0.0 0.0
96.3 97.8 98.2 103.5 109.4 115.4 127.2 141.4 156.9 165.8 171.4 183.1 201.0 218.5 232.8 243.3 252.3 288.7 289.3 284.7 278.6 264.4 249.6 232.9 218.5 212.2 207.1 201.6 195.8 190.0 184.2 178.4 172.7 167.2 161.8 156.5 151.3 146.3 141.4 136.0 131.1 127.0 123.6 120.6 117.8 115.1 112.4 109.8 107.1 104.5 101.8 99.2 96.7 94.1 91.6 89.0 86.5 84.0 81.3 75.6 60.7 46.4 35.2 26.6 19.9 14.9 11.0 8.1 5.9 4.3 3.1 2.2 1.6 1.1 0.8 0.5 0.3 0.2 0.1 0.1 0.0 0.0 0.0 0.0 0.0 0.0 0.0 0.0 0.0 0.0 0.0 0.0 0.0 0.0
83.5 88.8 99.2 94.0 100.5 107.2 119.4 128.1 138.4 147.6 156.0 166.7 179.4 188.5 237.2 209.8 216.1 245.0 239.3 247.7 249.7 243.8 233.7 221.5 208.8 202.0 196.1 190.0 183.8 177.8 172.0 166.3 160.9 155.6 150.5 145.5 140.7 136.0 131.5 127.1 122.9 119.5 116.7 114.1 111.6 109.1 106.6 104.2 101.7 99.2 96.7 94.2 91.8 89.3 86.9 84.5 82.1 79.8 77.4 73.4 62.1 48.1 36.6 27.6 20.7 15.5 11.5 8.5 6.2 4.5 3.2 2.3 1.6 1.2 0.8 0.6 0.4 0.2 0.2 0.1 0.1 0.0 0.0 0.0 0.0 0.0 0.0 0.0 0.0 0.0 0.0 0.0 0.0 0.0
83.1 75.5 81.2 84.5 88.2 95.9 104.0 112.7 121.1 129.6 137.2 148.1 156.8 182.9 198.2 183.9 210.9 211.7 204.7 216.6 191.6 228.1 221.7 211.4 200.1 192.4 185.6 178.9 172.5 166.3 160.5 155.0 149.8 144.8 139.9 135.3 130.8 126.5 122.3 118.2 114.6 111.9 109.7 107.6 105.4 103.3 101.0 98.7 96.4 94.0 91.7 89.3 87.0 84.7 82.4 80.1 77.9 75.6 73.3 70.4 63.0 49.7 37.8 28.5 21.4 16.0 11.9 8.8 6.5 4.7 3.4 2.4 1.7 1.2 0.8 0.6 0.4 0.3 0.2 0.1 0.1 0.0 0.0 0.0 0.0 0.0 0.0 0.0 0.0 0.0 0.0 0.0 0.0 0.0
64.0 63.9 68.1 70.4 75.6 84.8 89.5 97.3 104.8 117.7 119.8 123.3 130.8 130.9 137.8 151.1 198.4 199.6 203.9 209.1 217.4 218.3 211.9 202.4 192.3 183.0 175.2 168.1 161.4 155.3 149.7 144.4 139.4 134.6 130.1 125.8 121.6 117.6 113.6 109.8 106.4 104.2 102.7 101.1 99.4 97.5 95.5 93.4 91.2 89.0 86.8 84.6 82.4 80.2 78.0 75.9 73.7 71.6 69.4 67.1 62.7 50.8 38.8 29.4 22.1 16.5 12.3 9.1 6.7 4.8 3.5 2.5 1.8 1.3 0.9 0.6 0.4 0.3 0.2 0.1 0.1 0.0 0.0 0.0 0.0 0.0 0.0 0.0 0.0 0.0 0.0 0.0 0.0 0.0
55.2 58.7 60.0 60.3 67.4 73.9 78.1 83.6 89.9 97.1 115.6 109.4 110.0 111.3 118.1 127.2 151.4 188.2 151.7 183.7 212.9 211.2 201.1 189.9 179.8 171.4 164.3 157.2 150.6 144.7 139.3 134.3 129.6 125.1 120.9 116.8 112.9 109.2 105.5 102.0 98.7 96.5 95.6 94.6 93.3 91.8 90.1 88.2 86.2 84.2 82.1 80.0 77.9 75.8 73.8 71.7 69.6 67.6 65.6 63.5 60.3 51.3 39.8 30.1 22.7 17.0 12.7 9.4 6.9 5.0 3.6 2.6 1.9 1.3 0.9 0.6 0.4 0.3 0.2 0.1 0.1 0.0 0.0 0.0 0.0 0.0 0.0 0.0 0.0 0.0 0.0 0.0 0.0 0.0
44.4 47.2 47.9 51.8 59.1 63.0 73.1 71.5 76.4 89.9 91.1 112.6 104.6 99.6 105.7 115.1 149.5 175.1 166.5 153.4 192.8 200.6 185.6 172.7 162.4 155.2 151.0 145.6 139.9 134.3 129.3 124.6 120.2 116.1 112.2 108.4 104.8 101.2 97.8 94.5 91.3 88.8 88.4 88.1 87.4 86.2 84.8 83.2 81.4 79.5 77.5 75.6 73.6 71.6 69.6 67.6 65.7 63.7 61.8 59.8 57.4 51.5 40.6 30.8 23.2 17.4 13.0 9.6 7.1 5.2 3.8 2.7 1.9 1.4 1.0 0.7 0.5 0.3 0.2 0.1 0.1 0.0 0.0 0.0 0.0 0.0 0.0 0.0 0.0 0.0 0.0 0.0 0.0 0.0
34.1 36.8 37.9 41.3 44.2 52.9 59.3 66.2 67.8 83.5 105.4 91.1 94.8 91.3 97.8 107.4 116.9 147.5 168.5 128.5 161.4 177.5 163.9 151.3 141.8 135.8 132.2 131.0 128.7 124.2 119.6 115.4 111.3 107.5 103.9 100.4 97.0 93.7 90.5 87.4 84.4 81.8 81.4 81.6 81.5 80.7 79.6 78.2 76.6 74.9 73.1 71.2 69.3 67.4 65.6 63.7 61.8 60.0 58.1 56.2 54.3 50.7 41.0 31.3 23.6 17.7 13.2 9.8 7.2 5.3 3.9 2.8 2.0 1.4 1.0 0.7 0.5 0.3 0.2 0.1 0.1 0.0 0.0 0.0 0.0 0.0 0.0 0.0 0.0 0.0 0.0 0.0 0.0 0.0
24.2 26.9 27.1 32.7 36.6 40.1 46.5 58.2 57.8 63.9 81.8 100.0 78.0 85.3 92.6 103.3 114.6 114.9 119.0 141.3 158.6 149.6 138.0 127.3 120.0 115.8 113.3 113.6 116.0 114.1 110.3 106.5 102.9 99.4 96.0 92.8 89.6 86.5 83.5 80.6 77.8 75.3 74.4 75.2 75.6 75.3 74.6 73.4 72.0 70.4 68.7 67.0 65.2 63.4 61.6 59.8 58.0 56.3 54.5 52.7 50.9 48.2 41.0 31.7 24.0 18.0 13.5 10.0 7.4 5.4 4.0 2.9 2.1 1.5 1.0 0.7 0.5 0.3 0.2 0.1 0.1 0.1 0.0 0.0 0.0 0.0 0.0 0.0 0.0 0.0 0.0 0.0 0.0 0.0
14.6 15.2 16.9 23.1 26.5 31.6 36.5 43.8 47.9 52.5 57.5 72.6 70.0 78.0 88.4 98.5 106.5 110.2 120.2 118.9 132.0 121.8 111.9 104.3 98.1 96.3 96.3 97.4 99.7 102.8 101.3 98.0 94.8 91.6 88.5 85.5 82.5 79.7 76.9 74.1 71.4 68.9 67.6 68.9 69.9 70.1 69.6 68.7 67.5 66.0 64.5 62.8 61.2 59.5 57.8 56.1 54.3 52.6 50.9 49.2 47.5 45.4 40.7 32.0 24.3 18.3 13.7 10.2 7.5 5.5 4.0 2.9 2.1 1.5 1.1 0.7 0.5 0.3 0.2 0.2 0.1 0.1 0.0 0.0 0.0 0.0 0.0 0.0 0.0 0.0 0.0 0.0 0.0 0.0
7.5 9.0 11.5 15.2 19.8 24.6 29.0 37.4 36.6 41.0 46.4 56.6 63.3 70.9 81.7 88.9 96.5 105.2 120.5 117.5 107.8 96.6 86.6 80.5 77.9 78.7 80.8 83.3 86.0 89.8 92.1 90.0 87.0 84.1 81.3 78.5 75.8 73.1 70.5 67.9 65.4 62.9 61.3 62.7 64.3 64.9 64.8 64.1 63.1 61.8 60.4 58.8 57.2 55.6 54.0 52.4 50.7 49.1 47.5 45.9 44.2 42.5 39.5 32.0 24.4 18.4 13.8 10.3 7.6 5.6 4.1 3.0 2.2 1.5 1.1 0.8 0.5 0.4 0.2 0.2 0.1 0.1 0.0 0.0 0.0 0.0 0.0 0.0 0.0 0.0 0.0 0.0 0.0 0.0
4.9 5.7 8.0 9.8 12.6 18.1 21.5 24.8 27.9 33.0 39.6 47.5 60.8 64.9 78.5 92.3 92.6 96.4 100.0 99.8 87.3 76.9 69.3 63.4 62.0 64.2 67.4 70.9 74.7 79.2 83.7 82.4 79.7 77.1 74.5 71.9 69.3 66.8 64.4 62.0 59.6 57.3 55.6 56.9 58.8 59.9 60.1 59.6 58.8 57.7 56.4 54.9 53.4 51.9 50.4 48.8 47.2 45.7 44.1 42.5 41.0 39.4 37.1 31.7 24.6 18.5 13.9 10.4 7.7 5.7 4.2 3.1 2.2 1.6 1.1 0.8 0.5 0.4 0.3 0.2 0.1 0.1 0.0 0.0 0.0 0.0 0.0 0.0 0.0 0.0 0.0 0.0 0.0 0.0
2.6 3.6 5.5 6.5 8.0 11.1 14.8 20.1 21.3 26.4 32.7 42.1 54.0 68.2 74.4 87.4 91.1 101.9 94.4 87.0 71.1 61.5 57.4 53.5 52.1 53.6 56.9 60.7 64.8 69.0 75.3 75.1 72.8 70.4 67.9 65.5 63.2 60.8 58.6 56.3 54.1 51.9 50.3 51.3 53.6 55.1 55.5 55.3 54.7 53.7 52.5 51.1 49.7 48.3 46.8 45.3 43.8 42.3 40.8 39.3 37.8 36.3 34.5 31.1 24.6 18.6 14.0 10.4 7.8 5.8 4.2 3.1 2.2 1.6 1.2 0.8 0.6 0.4 0.3 0.2 0.1 0.1 0.1 0.0 0.0 0.0 0.0 0.0 0.0 0.0 0.0 0.0 0.0 0.0
1.9 2.8 3.9 4.0 4.3 6.5 9.8 12.6 16.4 21.8 28.1 35.7 45.7 58.2 71.9 84.8 94.3 86.2 91.8 72.9 59.0 50.0 48.2 45.3 44.7 45.8 48.8 52.5 56.5 60.4 66.0 68.0 66.3 64.0 61.8 59.6 57.4 55.2 53.1 51.0 48.9 46.9 45.3 46.1 48.7 50.5 51.2 51.2 50.7 49.8 48.7 47.5 46.2 44.8 43.4 42.0 40.5 39.1 37.7 36.2 34.7 33.3 31.7 29.5 24.3 18.6 14.0 10.5 7.8 5.8 4.3 3.2 2.3 1.7 1.2 0.9 0.6 0.4 0.3 0.2 0.1 0.1 0.1 0.0 0.0 0.0 0.0 0.0 0.0 0.0 0.0 0.0 0.0 0.0
1.5 2.8 2.9 2.3 1.9 3.0 5.9 9.2 12.8 18.4 25.7 33.5 53.9 62.0 68.3 78.1 79.6 80.8 75.1 68.6 55.8 46.7 42.5 40.0 38.8 39.7 42.4 45.7 49.3 53.2 59.3 61.7 60.2 58.1 56.0 53.9 51.9 49.9 47.9 46.0 44.1 42.2 40.7 41.2 44.0 46.1 47.1 47.2 46.9 46.1 45.1 44.0 42.7 41.4 40.1 38.7 37.4 36.0 34.6 33.2 31.8 30.4 28.9 27.2 23.8 18.6 14.0 10.6 7.9 5.9 4.4 3.2 2.3 1.7 1.2 0.9 0.6 0.4 0.3 0.2 0.2 0.1 0.1 0.0 0.0 0.0 0.0 0.0 0.0 0.0 0.0 0.0 0.0 0.0
2.6 2.1 1.8 1.3 0.1 0.7 2.7 7.2 11.3 16.5 23.2 30.8 40.5 51.0 59.9 69.5 76.6 74.9 67.3 63.8 55.0 46.0 39.5 35.6 34.0 34.7 37.0 40.0 43.5 47.7 55.9 56.4 54.5 52.6 50.6 48.7 46.9 45.0 43.2 41.4 39.7 38.0 36.6 36.8 39.7 42.0 43.2 43.5 43.2 42.6 41.6 40.6 39.4 38.2 36.9 35.6 34.3 33.0 31.6 30.3 28.9 27.6 26.2 24.8 22.7 18.4 14.1 10.6 8.0 5.9 4.4 3.2 2.4 1.8 1.3 0.9 0.7 0.5 0.3 0.2 0.2 0.1 0.1 0.1 0.0 0.0 0.0 0.0 0.0 0.0 0.0 0.0 0.0 0.0
5.2 3.9 2.1 1.3 0.6 0.5 1.7 6.2 10.6 15.4 21.4 28.8 37.5 47.0 59.4 62.5 65.0 63.5 58.9 53.9 46.5 42.8 35.5 31.1 29.3 30.0 32.0 34.9 38.9 44.0 51.3 51.2 49.3 47.5 45.7 44.0 42.3 40.6 39.0 37.4 35.9 34.4 33.0 32.8 35.8 38.3 39.5 39.9 39.7 39.2 38.3 37.3 36.2 35.1 33.9 32.6 31.4 30.1 28.8 27.5 26.2 24.9 23.6 22.3 20.8 18.0 14.0 10.6 8.0 6.0 4.5 3.3 2.5 1.8 1.3 1.0 0.7 0.5 0.4 0.3 0.2 0.1 0.1 0.1 0.0 0.0 0.0 0.0 0.0 0.0 0.0 0.0 0.0 0.0
5.0 3.7 2.7 2.1 1.8 2.3 4.0 7.0 10.6 14.8 19.7 25.8 33.3 40.7 49.0 49.9 62.7 52.8 58.2 46.6 38.7 36.7 30.2 26.4 24.8 25.8 27.9 31.0 35.7 45.8 47.7 46.3 44.6 42.9 41.3 39.7 38.2 36.7 35.3 33.9 32.6 31.3 30.0 29.6 32.4 34.8 36.1 36.6 36.5 35.9 35.2 34.2 33.2 32.1 30.9 29.8 28.6 27.4 26.2 24.9 23.7 22.5 21.2 20.0 18.7 17.0 13.9 10.7 8.1 6.1 4.5 3.4 2.5 1.9 1.4 1.0 0.7 0.5 0.4 0.3 0.2 0.1 0.1 0.1 0.1 0.0 0.0 0.0 0.0 0.0 0.0 0.0 0.0 0.0
6.3 3.2 2.4 2.3 2.7 3.5 5.2 7.4 10.4 13.5 17.7 23.3 29.4 35.2 41.8 45.2 53.4 54.6 51.3 39.6 33.4 26.2 24.5 21.9 21.2 22.4 25.0 28.1 33.5 43.0 43.5 41.9 40.4 38.9 37.4 36.1 34.7 33.5 32.2 31.0 29.9 28.8 27.7 27.2 29.3 31.6 32.9 33.4 33.4 32.9 32.2 31.3 30.3 29.3 28.2 27.1 26.0 24.8 23.6 22.5 21.3 20.1 19.0 17.8 16.6 15.4 13.5 10.7 8.2 6.2 4.6 3.5 2.6 1.9 1.4 1.1 0.8 0.6 0.4 0.3 0.2 0.2 0.1 0.1 0.1 0.0 0.0 0.0 0.0 0.0 0.0 0.0 0.0 0.0
5.6 1.9 0.9 0.9 1.7 2.9 4.6 6.7 9.1 11.9 15.0 18.9 24.3 28.9 34.0 36.7 35.9 45.6 42.5 37.3 27.0 25.3 20.9 18.1 18.7 20.4 23.2 27.2 34.8 39.9 39.5 38.1 36.7 35.4 34.2 33.0 31.9 30.8 29.7 28.7 27.8 26.8 25.9 25.4 26.7 28.7 30.0 30.5 30.5 30.0 29.4 28.6 27.6 26.6 25.6 24.6 23.5 22.4 21.3 20.2 19.1 18.0 16.9 15.8 14.7 13.6 12.4 10.5 8.3 6.3 4.8 3.6 2.7 2.0 1.5 1.1 0.9 0.6 0.5 0.4 0.3 0.2 0.1 0.1 0.1 0.1 0.0 0.0 0.0 0.0 0.0 0.0 0.0 0.0
4.9 2.8 0.9 0.3 1.0 2.1 3.7 5.5 7.7 10.1 12.6 15.5 19.1 24.3 28.2 29.5 28.0 37.7 34.5 30.0 25.1 20.1 17.6 16.5 17.4 19.4 22.4 27.1 33.1 36.6 36.1 34.8 33.6 32.5 31.5 30.5 29.5 28.6 27.8 26.9 26.1 25.3 24.6 24.0 24.4 26.1 27.3 27.8 27.8 27.4 26.7 26.0 25.1 24.2 23.2 22.2 21.2 20.2 19.1 18.1 17.1 16.0 15.0 14.0 13.0 12.0 11.1 9.9 8.3 6.4 4.9 3.7 2.8 2.2 1.6 1.2 0.9 0.7 0.5 0.4 0.3 0.2 0.2 0.1 0.1 0.1 0.1 0.0 0.0 0.0 0.0 0.0 0.0 0.0
4.8 4.8 1.8 0.2 0.5 1.5 3.0 4.4 6.1 8.1 10.0 12.7 16.6 18.8 22.1 22.7 27.9 29.9 27.6 24.2 20.5 17.7 16.0 15.3 16.2 18.4 21.6 25.7 29.6 33.4 33.1 32.0 31.0 30.1 29.2 28.4 27.7 26.9 26.2 25.5 24.8 24.1 23.4 22.8 22.6 23.8 24.9 25.3 25.2 24.9 24.3 23.5 22.7 21.9 20.9 20.0 19.1 18.1 17.1 16.2 15.2 14.2 13.3 12.4 11.5 10.6 9.7 8.9 7.9 6.5 5.1 3.9 3.0 2.3 1.7 1.3 1.0 0.8 0.6 0.5 0.4 0.3 0.2 0.2 0.1 0.1 0.1 0.1 0.0 0.0 0.0 0.0 0.0 0.0
4.3 4.5 1.8 1.2 0.8 1.2 2.2 3.3 4.6 6.1 7.2 8.7 11.5 13.3 15.7 17.1 22.2 22.5 21.9 19.4 16.8 15.8 15.1 14.4 16.1 18.7 21.6 25.6 29.6 31.2 30.6 29.7 28.9 28.1 27.4 26.7 26.1 25.5 24.8 24.2 23.6 23.0 22.4 21.8 21.3 21.8 22.6 22.9 22.9 22.5 22.0 21.3 20.5 19.7 18.9 18.0 17.1 16.2 15.3 14.4 13.5 12.6 11.8 10.9 10.1 9.3 8.6 7.8 7.1 6.3 5.2 4.1 3.2 2.4 1.9 1.5 1.1 0.9 0.7 0.5 0.4 0.3 0.2 0.2 0.1 0.1 0.1 0.1 0.1 0.0 0.0 0.0 0.0 0.0
3.7 3.8 2.9 2.3 0.9 1.0 1.6 2.3 3.1 3.7 4.6 5.7 7.1 9.2 10.3 12.3 13.6 17.6 18.0 17.3 16.5 16.1 15.9 15.8 17.6 20.0 22.7 26.2 28.7 29.1 28.4 27.7 27.0 26.4 25.8 25.2 24.7 24.1 23.6 23.0 22.5 21.9 21.3 20.7 20.2 20.0 20.5 20.8 20.7 20.4 19.9 19.2 18.5 17.8 17.0 16.1 15.3 14.5 13.7 12.8 12.0 11.2 10.4 9.7 8.9 8.2 7.6 6.9 6.3 5.7 5.1 4.2 3.4 2.6 2.1 1.6 1.3 1.0 0.8 0.6 0.5 0.4 0.3 0.2 0.2 0.1 0.1 0.1 0.1 0.0 0.0 0.0 0.0 0.0
3.2 2.6 1.9 1.3 0.0 0.0 0.5 0.9 1.2 1.5 2.4 3.7 5.1 6.5 7.9 9.5 10.9 12.2 15.9 13.6 15.9 17.1 17.4 17.9 19.1 20.7 22.3 24.0 26.3 26.6 26.4 25.9 25.3 24.8 24.3 23.8 23.3 22.8 22.3 21.8 21.3 20.7 20.1 19.6 18.9 18.5 18.6 18.8 18.7 18.4 17.9 17.3 16.7 16.0 15.2 14.5 13.7 12.9 12.2 11.4 10.7 9.9 9.2 8.6 7.9 7.3 6.7 6.1 5.6 5.1 4.6 4.1 3.5 2.9 2.3 1.8 1.4 1.1 0.9 0.7 0.5 0.4 0.3 0.3 0.2 0.2 0.1 0.1 0.1 0.1 0.0 0.0 0.0 0.0
2.5 0.0 0.0 0.0 0.0 0.0 0.0 0.1 0.1 0.4 1.3 3.2 4.6 5.6 6.7 8.3 9.8 11.1 12.8 14.8 16.1 17.7 18.3 18.7 19.2 19.6 19.8 20.3 21.2 22.0 23.6 23.8 23.6 23.2 22.8 22.4 21.9 21.5 21.0 20.5 20.0 19.5 18.9 18.3 17.7 17.1 16.8 16.9 16.8 16.5 16.1 15.5 14.9 14.3 13.6 12.9 12.2 11.5 10.8 10.2 9.5 8.8 8.2 7.6 7.0 6.5 5.9 5.4 5.0 4.6 4.2 3.8 3.4 3.0 2.5 2.0 1.6 1.3 1.0 0.8 0.6 0.5 0.4 0.3 0.2 0.2 0.2 0.1 0.1 0.1 0.1 0.0 0.0 0.0
2.1 0.0 0.0 0.0 0.0 0.0 0.0 0.1 0.3 0.8 1.9 3.1 4.1 6.3 8.3 8.3 9.4 11.4 14.4 13.7 17.0 17.7 18.1 18.4 18.5 18.4 18.3 18.2 18.2 18.4 19.0 20.3 21.3 21.6 21.3 20.9 20.5 20.1 19.7 19.2 18.7 18.1 17.5 16.9 16.3 15.7 15.2 15.1 15.0 14.8 14.4 13.9 13.4 12.8 12.2 11.6 10.9 10.3 9.7 9.0 8.4 7.9 7.3 6.8 6.2 5.8 5.3 4.9 4.5 4.1 3.8 3.5 3.2 2.9 2.6 2.2 1.8 1.4 1.2 0.9 0.7 0.6 0.5 0.4 0.3 0.2 0.2 0.1 0.1 0.1 0.1 0.1 0.0 0.0
1.6 0.0 0.0 0.0 0.0 0.0 0.0 0.5 1.1 2.0 2.7 3.6 4.4 5.3 6.5 10.1 9.5 11.0 12.5 14.0 15.3 16.6 16.4 17.5 17.5 17.1 16.7 16.2 15.8 15.6 15.9 16.6 17.6 19.3 19.7 19.5 19.1 18.7 18.3 17.8 17.3 16.7 16.2 15.6 15.0 14.3 13.8 13.4 13.3 13.2 12.8 12.4 12.0 11.4 10.9 10.3 9.8 9.2 8.6 8.1 7.5 7.0 6.5 6.0 5.6 5.2 4.8 4.4 4.0 3.7 3.4 3.2 2.9 2.7 2.5 2.2 2.0 1.6 1.3 1.1 0.9 0.7 0.6 0.4 0.4 0.3 0.2 0.2 0.1 0.1 0.1 0.1 0.1 0.0
0.0 0.0 0.0 0.0 0.0 0.4 0.8 1.6 2.1 2.9 3.5 4.2 5.0 5.9 7.6 8.4 11.0 10.7 11.8 12.9 14.2 14.4 15.1 15.9 15.8 15.4 14.8 16.1 13.3 13.0 13.1 13.5 14.4 16.2 17.9 18.0 17.7 17.3 16.9 16.4 15.9 15.3 14.8 14.2 13.6 13.0 12.4 11.9 11.7 11.6 11.4 11.0 10.6 10.2 9.7 9.2 8.7 8.2 7.7 7.2 6.7 6.3 5.8 5.4 5.0 4.7 4.3 4.0 3.7 3.4 3.1 2.9 2.7 2.5 2.3 2.1 1.9 1.7 1.5 1.2 1.0 0.8 0.6 0.5 0.4 0.3 0.3 0.2 0.2 0.1 0.1 0.1 0.1 0.0
