main/data/rainfall/23.11.2023.grid
ncols 886
nrows 691
xllcenter 112.0000
yllcenter -44.5000
cellsize 0.0500
nodata_value 99999.90
[rows 205 to 245 of 691, columns 651 to 743 of 886]
13.7 13.3 13.0 12.5 12.2 12.1 12.2 11.8 11.6 11.3 10.9 10.5 9.8 9.1 8.4 7.7 6.9 5.9 5.1 4.1 3.4 2.7 2.2 1.7 1.3 0.9 0.7 0.4 0.3 0.1 0.0 0.0 0.0 0.0 0.0 0.0 0.0 0.0 0.0 0.0 0.0 0.0 0.0 0.0 0.0 0.0 0.0 0.0 0.1 0.1 0.1 0.2 0.2 0.2 0.3 0.4 0.4 0.5 0.6 0.7 0.6 0.6 0.6 0.5 0.4 0.4 0.3 0.4 0.4 0.4 0.4 0.4 0.4 0.4 0.4 0.4 0.4 0.4 0.4 0.4 0.5 0.4 0.4 0.4 0.3 0.3 0.4 0.5 0.5 0.6 0.6 0.6 0.5
11.3 11.4 11.1 11.0 10.8 10.6 10.6 10.9 10.7 10.3 10.3 10.2 9.5 8.9 8.4 7.6 6.5 5.5 4.8 4.0 3.5 2.7 2.1 1.7 1.3 0.9 0.7 0.4 0.2 0.1 0.0 0.0 0.0 0.0 0.0 0.0 0.0 0.0 0.0 0.0 0.0 0.0 0.0 0.0 0.0 0.0 0.0 0.0 0.0 0.1 0.1 0.1 0.2 0.2 0.3 0.3 0.4 0.5 0.5 0.5 0.6 0.5 0.5 0.4 0.4 0.3 0.2 0.2 0.3 0.3 0.3 0.3 0.2 0.2 0.2 0.2 0.2 0.2 0.3 0.3 0.3 0.3 0.3 0.3 0.3 0.2 0.3 0.3 0.4 0.6 0.6 0.6 0.6
9.3 9.5 9.4 9.3 9.3 9.3 9.4 9.7 9.7 9.5 9.1 8.8 8.4 8.4 7.8 7.3 6.3 5.4 4.7 4.0 3.3 2.6 2.1 1.6 1.3 0.9 0.6 0.4 0.2 0.0 0.0 0.0 0.0 0.0 0.0 0.0 0.0 0.0 0.0 0.0 0.0 0.0 0.0 0.0 0.0 0.0 0.0 0.0 0.0 0.0 0.0 0.1 0.1 0.2 0.2 0.3 0.3 0.4 0.4 0.4 0.5 0.5 0.4 0.3 0.2 0.2 0.2 0.2 0.2 0.2 0.2 0.2 0.1 0.1 0.1 0.1 0.1 0.1 0.1 0.2 0.2 0.2 0.2 0.2 0.2 0.2 0.2 0.3 0.3 0.5 0.7 0.7 0.7
7.9 7.8 7.8 7.8 8.3 8.1 8.6 8.7 8.7 8.6 8.9 8.2 7.9 7.4 7.0 6.5 5.9 5.3 4.6 3.9 3.3 2.6 2.1 1.6 1.3 0.9 0.6 0.4 0.2 0.0 0.0 0.0 0.0 0.0 0.0 0.0 0.0 0.0 0.0 0.0 0.0 0.0 0.0 0.0 0.0 0.0 0.0 0.0 0.0 0.0 0.0 0.0 0.1 0.2 0.2 0.2 0.2 0.3 0.3 0.3 0.3 0.3 0.2 0.2 0.2 0.1 0.1 0.1 0.1 0.1 0.1 0.1 0.1 0.0 0.0 0.0 0.0 0.0 0.1 0.1 0.1 0.1 0.1 0.1 0.2 0.2 0.2 0.3 0.4 0.5 0.7 0.8 0.8
6.5 6.5 6.4 6.7 6.9 7.2 7.5 7.7 7.6 7.4 7.5 7.6 7.8 6.9 6.5 6.1 5.6 5.1 4.5 3.9 3.2 2.7 2.1 1.7 1.3 0.9 0.6 0.4 0.2 0.0 0.0 0.0 0.0 0.0 0.0 0.0 0.0 0.0 0.0 0.0 0.0 0.0 0.0 0.0 0.0 0.0 0.0 0.0 0.0 0.0 0.0 0.0 0.1 0.1 0.1 0.1 0.2 0.2 0.2 0.2 0.2 0.2 0.1 0.1 0.1 0.1 0.1 0.1 0.1 0.1 0.1 0.0 0.0 0.0 0.0 0.0 0.0 0.0 0.0 0.0 0.0 0.1 0.1 0.2 0.2 0.3 0.4 0.4 0.5 0.7 0.8 0.8 0.8
5.4 5.5 5.6 5.6 5.7 6.1 6.3 6.6 6.3 6.6 6.5 6.7 6.9 6.4 6.0 5.7 5.3 4.8 4.3 3.8 3.2 2.6 2.1 1.7 1.3 0.9 0.6 0.4 0.1 0.0 0.0 0.0 0.0 0.0 0.0 0.0 0.0 0.0 0.0 0.0 0.0 0.0 0.0 0.0 0.0 0.0 0.0 0.0 0.0 0.0 0.0 0.0 0.0 0.0 0.1 0.1 0.1 0.1 0.1 0.1 0.1 0.1 0.0 0.0 0.0 0.0 0.0 0.0 0.0 0.0 0.0 0.0 0.0 0.0 0.0 0.0 0.0 0.0 0.0 0.0 0.0 0.1 0.2 0.3 0.4 0.5 0.6 0.7 0.8 0.9 0.9 1.0 0.9
4.5 4.6 4.7 4.8 4.9 5.1 5.3 5.4 5.5 5.5 5.6 5.9 5.9 5.6 5.4 5.1 4.9 4.5 4.1 3.7 3.2 2.6 2.1 1.7 1.3 0.9 0.6 0.3 0.1 0.0 0.0 0.0 0.0 0.0 0.0 0.0 0.0 0.0 0.0 0.0 0.0 0.0 0.0 0.0 0.0 0.0 0.0 0.0 0.0 0.0 0.0 0.0 0.0 0.0 0.0 0.0 0.1 0.1 0.1 0.1 0.1 0.0 0.0 0.0 0.0 0.0 0.0 0.0 0.0 0.0 0.1 0.1 0.1 0.1 0.1 0.1 0.1 0.1 0.1 0.1 0.2 0.3 0.4 0.5 0.6 0.7 0.8 0.9 1.0 1.1 1.1 1.1 1.0
3.9 4.0 4.0 4.1 4.2 4.3 4.4 4.5 4.6 4.7 4.9 5.0 4.9 4.8 4.7 4.5 4.5 4.2 3.9 3.5 3.0 2.5 2.1 1.7 1.3 1.0 0.6 0.4 0.1 0.0 0.0 0.0 0.0 0.0 0.0 0.0 0.0 0.0 0.0 0.0 0.0 0.0 0.0 0.0 0.0 0.0 0.0 0.0 0.0 0.0 0.0 0.0 0.0 0.0 0.0 0.0 0.0 0.0 0.0 0.0 0.0 0.0 0.0 0.0 0.0 0.0 0.0 0.0 0.1 0.1 0.1 0.1 0.1 0.2 0.2 0.2 0.2 0.2 0.3 0.3 0.4 0.6 0.7 0.8 1.0 1.1 1.2 1.2 1.2 1.3 1.2 1.2 1.2
3.4 3.4 3.4 3.5 3.6 3.6 3.7 3.8 3.9 3.9 4.0 4.3 4.2 4.1 4.0 3.9 3.9 3.8 3.5 3.2 2.9 2.5 2.1 1.7 1.4 1.0 0.7 0.4 0.1 0.0 0.0 0.0 0.0 0.0 0.0 0.0 0.0 0.0 0.0 0.0 0.0 0.0 0.0 0.0 0.0 0.0 0.0 0.0 0.0 0.0 0.0 0.0 0.0 0.0 0.0 0.0 0.0 0.0 0.1 0.0 0.0 0.0 0.0 0.0 0.0 0.0 0.1 0.1 0.1 0.2 0.2 0.3 0.3 0.3 0.3 0.4 0.4 0.4 0.5 0.6 0.8 1.0 1.1 1.2 1.3 1.4 1.4 1.5 1.5 1.4 1.4 1.3 1.2
2.9 3.0 3.1 3.1 3.1 3.1 3.2 3.2 3.3 3.4 3.4 3.5 3.6 3.5 3.5 3.4 3.4 3.3 3.2 3.0 2.7 2.4 2.1 1.8 1.4 1.1 0.8 0.4 0.2 0.0 0.0 0.0 0.0 0.0 0.0 0.0 0.0 0.0 0.0 0.0 0.0 0.0 0.0 0.0 0.0 0.0 0.0 0.0 0.0 0.0 0.0 0.0 0.0 0.0 0.0 0.0 0.0 0.1 0.2 0.1 0.1 0.2 0.1 0.1 0.2 0.2 0.2 0.2 0.2 0.3 0.5 0.5 0.5 0.5 0.6 0.6 0.6 0.8 1.0 1.0 1.1 1.2 1.4 1.5 1.6 1.7 1.7 1.7 1.7 1.6 1.5 1.4 1.3
2.2 2.6 2.8 2.8 2.8 2.8 2.8 2.8 2.8 2.8 2.9 2.9 2.9 2.9 2.9 2.8 2.8 2.8 2.7 2.6 2.5 2.3 2.1 1.8 1.5 1.2 0.9 0.6 0.3 0.0 0.0 0.0 0.0 0.0 0.0 0.0 0.0 0.0 0.0 0.0 0.0 0.0 0.0 0.0 0.0 0.0 0.0 0.0 0.0 0.0 0.0 0.0 0.1 0.1 0.2 0.2 0.1 0.2 0.3 0.2 0.3 0.3 0.3 0.3 0.3 0.4 0.4 0.3 0.4 0.5 0.5 0.6 0.6 0.7 0.8 0.8 0.9 1.1 1.3 1.2 1.4 1.4 1.6 1.7 1.8 1.9 2.0 1.9 1.9 1.8 1.7 1.6 1.4
1.6 2.1 2.5 2.6 2.5 2.5 2.4 2.4 2.4 2.4 2.3 2.3 2.3 2.2 2.2 2.1 2.1 2.1 2.2 2.2 2.2 2.2 2.0 1.8 1.6 1.3 1.0 0.7 0.4 0.1 0.0 0.0 0.0 0.0 0.0 0.0 0.0 0.0 0.0 0.0 0.0 0.0 0.0 0.0 0.0 0.0 0.0 0.0 0.0 0.0 0.0 0.0 0.1 0.2 0.3 0.3 0.3 0.3 0.4 0.4 0.4 0.4 0.4 0.4 0.4 0.4 0.5 0.5 0.5 0.6 0.6 0.6 0.7 0.9 0.9 1.0 1.3 1.4 1.6 1.6 1.5 1.7 1.9 2.1 2.3 2.3 2.4 2.3 2.2 2.1 1.9 1.7 1.5
1.4 1.8 2.3 2.3 2.3 2.2 2.2 2.1 2.1 2.0 1.9 1.8 1.7 1.6 1.4 1.4 1.3 1.4 1.5 1.7 1.8 1.9 2.0 1.9 1.7 1.5 1.3 1.0 0.7 0.4 0.1 0.0 0.0 0.0 0.0 0.0 0.0 0.0 0.0 0.0 0.0 0.0 0.0 0.0 0.0 0.0 0.0 0.0 0.0 0.0 0.0 0.1 0.2 0.3 0.3 0.4 0.4 0.4 0.5 0.5 0.5 0.5 0.5 0.5 0.5 0.5 0.5 0.6 0.6 0.7 0.7 0.8 0.9 0.9 1.0 1.1 1.2 1.4 1.6 1.9 2.1 2.1 2.3 2.5 2.7 2.8 2.8 2.8 2.7 2.4 2.1 1.8 1.6
1.3 1.7 2.1 2.2 2.1 2.0 1.9 1.8 1.7 1.6 1.5 1.3 1.1 0.9 0.7 0.5 0.5 0.5 0.6 0.9 1.3 1.6 1.8 1.9 1.9 1.8 1.6 1.4 1.1 0.8 0.5 0.2 0.0 0.0 0.0 0.0 0.0 0.0 0.0 0.0 0.0 0.0 0.0 0.0 0.0 0.0 0.0 0.0 0.0 0.0 0.0 0.1 0.2 0.3 0.4 0.5 0.5 0.5 0.6 0.6 0.6 0.6 0.6 0.6 0.6 0.6 0.6 0.7 0.7 0.8 0.8 0.9 0.9 1.2 1.2 1.2 1.5 1.4 1.7 1.8 2.1 2.6 2.7 2.9 3.1 3.3 3.3 3.3 3.1 2.7 2.3 1.9 1.5
1.4 1.8 2.0 2.0 1.9 1.8 1.7 1.6 1.4 1.2 1.0 0.8 0.5 0.2 0.0 0.0 0.0 0.0 0.0 0.1 0.6 1.2 1.7 2.0 2.1 2.1 2.0 1.8 1.6 1.3 1.0 0.7 0.5 0.2 0.0 0.0 0.0 0.0 0.0 0.0 0.0 0.0 0.0 0.0 0.0 0.0 0.0 0.0 0.0 0.0 0.1 0.2 0.3 0.4 0.5 0.6 0.7 0.6 0.7 0.7 0.7 0.7 0.7 0.7 0.7 0.7 0.8 0.8 0.8 0.9 1.0 1.0 1.1 1.3 1.6 1.7 1.4 1.7 2.1 2.2 2.5 3.0 3.0 3.3 3.5 3.7 3.8 3.6 3.4 2.9 2.3 1.8 1.4
1.6 1.9 1.8 1.8 1.7 1.6 1.4 1.3 1.1 0.9 0.6 0.3 0.0 0.0 0.0 0.0 0.0 0.0 0.0 0.0 0.0 0.7 1.5 2.0 2.4 2.6 2.6 2.5 2.3 2.0 1.8 1.5 1.2 0.9 0.6 0.3 0.0 0.0 0.0 0.0 0.0 0.0 0.0 0.0 0.0 0.0 0.0 0.0 0.0 0.1 0.3 0.4 0.5 0.6 0.6 0.7 0.8 0.8 0.8 0.8 0.9 0.8 0.8 0.8 0.8 0.9 0.9 1.0 1.0 1.1 1.2 1.3 1.3 1.4 1.9 1.9 1.7 2.2 2.6 2.7 3.1 3.6 3.7 3.6 4.0 4.1 4.0 3.9 3.1 2.8 2.1 1.5 1.1
1.7 1.8 1.7 1.6 1.5 1.3 1.2 1.0 0.7 0.5 0.1 0.0 0.0 0.0 0.0 0.0 0.0 0.0 0.0 0.0 0.0 0.3 1.3 2.1 2.7 3.1 3.2 3.2 3.1 2.9 2.7 2.4 2.1 1.8 1.4 1.1 0.8 0.6 0.3 0.1 0.0 0.0 0.0 0.0 0.0 0.0 0.0 0.0 0.2 0.3 0.5 0.6 0.7 0.8 0.9 0.9 0.9 1.0 1.0 1.0 1.0 1.0 1.0 1.0 1.0 1.0 1.0 1.1 1.2 1.3 1.4 1.5 1.5 1.5 1.8 2.3 2.2 2.3 2.3 2.8 3.6 3.7 3.9 3.8 4.2 4.2 4.0 3.6 3.1 2.4 1.6 1.0 0.6
1.6 1.6 1.5 1.4 1.2 1.1 0.9 0.6 0.4 0.1 0.0 0.0 0.0 0.0 0.0 0.0 0.0 0.0 0.0 0.0 0.0 0.0 1.2 2.3 3.2 3.8 4.1 4.2 4.2 4.0 3.8 3.5 3.2 2.9 2.5 2.2 1.8 1.5 1.2 0.9 0.7 0.5 0.4 0.3 0.3 0.3 0.3 0.4 0.5 0.6 0.8 0.9 1.0 1.1 1.1 1.1 1.2 1.2 1.2 1.2 1.1 1.1 1.1 1.1 1.1 1.1 1.2 1.3 1.4 1.5 1.6 1.7 1.8 1.7 1.9 2.2 2.5 2.4 2.9 3.5 3.1 3.7 3.7 4.1 4.2 4.0 3.6 3.1 2.5 1.8 1.1 0.5 0.1
1.6 1.5 1.3 1.2 1.0 0.8 0.6 0.3 0.0 0.0 0.0 0.0 0.0 0.0 0.0 0.0 0.0 0.0 0.0 0.0 0.0 0.0 1.3 2.7 3.9 4.6 5.1 5.4 5.4 5.3 5.2 4.9 4.6 4.2 3.9 3.5 3.0 2.6 2.3 2.0 1.7 1.4 1.3 1.1 1.0 0.9 0.9 0.9 1.0 1.1 1.2 1.2 1.3 1.4 1.4 1.4 1.4 1.4 1.3 1.3 1.2 1.2 1.1 1.1 1.1 1.2 1.2 1.3 1.5 1.6 1.9 2.0 2.0 2.0 2.1 2.2 2.5 2.7 3.3 3.3 3.0 3.4 3.7 4.0 4.1 3.8 3.2 2.6 2.0 1.4 0.8 0.2 0.0
1.4 1.3 1.1 1.0 0.8 0.6 0.3 0.0 0.0 0.0 0.0 0.0 0.0 0.0 0.0 0.0 0.0 0.0 0.0 0.0 0.0 0.1 1.7 3.3 4.7 5.7 6.4 6.8 6.9 6.9 6.8 6.5 6.2 5.9 5.5 5.0 4.5 4.0 3.6 3.2 2.9 2.6 2.3 2.1 1.9 1.8 1.7 1.6 1.6 1.6 1.7 1.7 1.7 1.7 1.7 1.7 1.6 1.5 1.5 1.3 1.2 1.1 1.0 1.0 1.0 1.1 1.2 1.4 1.6 1.8 1.9 2.3 2.4 2.2 2.3 2.3 2.5 2.9 3.1 3.7 4.0 3.4 3.5 3.8 3.8 3.6 3.0 2.4 1.8 1.3 0.8 0.4 0.1
1.3 1.1 1.0 0.8 0.6 0.3 0.1 0.0 0.0 0.0 0.0 0.0 0.0 0.0 0.0 0.0 0.0 0.0 0.0 0.0 0.0 0.8 2.5 4.2 5.8 7.1 8.0 8.5 8.7 8.8 8.7 8.5 8.2 7.8 7.4 6.9 6.3 5.7 5.2 4.7 4.3 4.0 3.7 3.3 3.1 2.8 2.6 2.5 2.4 2.3 2.3 2.3 2.3 2.2 2.1 2.0 1.8 1.6 1.4 1.2 0.9 0.8 0.7 0.6 0.6 0.7 1.0 1.2 1.5 1.8 2.1 2.3 2.6 2.4 2.5 2.5 2.6 2.6 3.0 3.4 3.9 3.2 3.2 3.4 3.5 3.2 2.8 2.2 1.8 1.3 0.9 0.6 0.3
1.1 0.9 0.8 0.6 0.4 0.1 0.0 0.0 0.0 0.0 0.0 0.0 0.0 0.0 0.0 0.0 0.0 0.0 0.0 0.0 0.3 2.0 3.8 5.6 7.3 8.7 10.0 10.6 10.9 11.0 10.9 10.7 10.4 10.1 9.6 9.0 8.4 7.7 7.1 6.5 6.0 5.6 5.2 4.8 4.4 4.1 3.8 3.6 3.4 3.3 3.2 3.0 2.9 2.7 2.5 2.2 1.9 1.5 1.1 0.7 0.4 0.1 0.0 0.0 0.0 0.2 0.5 0.9 1.3 1.8 2.1 2.4 2.7 2.6 2.8 2.6 2.6 2.7 2.8 3.4 3.8 3.1 3.0 3.0 3.0 2.8 2.5 2.1 1.7 1.4 1.0 0.7 0.5
0.9 0.8 0.6 0.4 0.2 0.0 0.0 0.0 0.0 0.0 0.0 0.0 0.0 0.0 0.0 0.0 0.0 0.0 0.0 0.5 1.9 3.7 5.6 7.5 9.3 10.8 12.1 13.3 13.6 13.6 13.6 13.4 13.1 12.6 12.1 11.4 10.8 10.0 9.4 8.7 8.1 7.6 7.1 6.5 6.1 5.6 5.3 4.9 4.7 4.5 4.2 4.0 3.7 3.4 3.0 2.5 1.9 1.3 0.6 0.0 0.0 0.0 0.0 0.0 0.0 0.0 0.0 0.4 1.0 1.5 2.0 2.4 2.6 2.7 2.8 2.8 2.7 2.7 2.7 2.7 3.5 3.4 2.8 3.1 2.6 2.4 2.2 2.0 1.6 1.3 1.0 0.7 0.5
0.8 0.6 0.5 0.3 0.1 0.0 0.0 0.0 0.0 0.0 0.0 0.0 0.0 0.0 0.0 0.0 0.0 0.0 1.0 2.3 4.0 5.9 8.0 10.1 11.8 13.3 14.6 15.8 16.9 17.3 16.8 16.5 16.3 15.7 15.1 14.4 13.6 12.8 12.1 11.2 10.5 9.9 9.2 8.5 7.9 7.5 7.0 6.7 6.3 5.9 5.6 5.2 4.8 4.2 3.6 2.8 1.9 1.0 0.1 0.0 0.0 0.0 0.0 0.0 0.0 0.0 0.0 0.0 0.5 1.2 1.8 2.3 2.6 2.8 2.9 2.9 2.8 2.7 2.5 2.5 2.5 3.0 2.8 2.8 2.3 2.1 2.0 1.8 1.5 1.3 1.0 0.8 0.6
0.6 0.5 0.4 0.3 0.2 0.0 0.0 0.0 0.0 0.0 0.0 0.0 0.0 0.0 0.0 0.1 0.8 1.7 2.9 4.5 6.4 8.7 10.9 13.0 14.9 16.5 17.6 18.8 19.9 20.7 20.9 20.3 20.2 19.5 18.6 17.8 16.9 15.9 15.1 14.2 13.4 12.7 11.6 11.0 10.3 9.9 9.2 8.8 8.4 8.0 7.5 6.9 6.2 5.4 4.4 3.3 2.1 0.8 0.0 0.0 0.0 0.0 0.0 0.0 0.0 0.0 0.0 0.0 0.0 0.8 1.6 2.2 3.1 2.7 2.9 3.0 2.7 2.7 2.6 2.4 2.3 2.4 2.3 2.5 2.5 1.9 1.8 1.6 1.5 1.2 1.0 0.8 0.7
0.5 0.5 0.4 0.4 0.3 0.2 0.2 0.1 0.0 0.0 0.0 0.1 0.3 0.6 1.1 1.7 2.6 3.8 5.3 7.1 9.4 11.8 14.1 16.5 18.5 20.2 21.6 22.9 23.9 24.6 25.2 25.0 24.6 23.8 22.9 21.8 20.5 19.5 18.5 17.5 16.9 16.5 14.7 13.9 13.3 12.6 11.9 11.5 11.0 10.5 9.9 9.2 8.2 7.0 5.7 4.2 2.7 1.2 0.0 0.0 0.0 0.0 0.0 0.0 0.0 0.0 0.0 0.0 0.0 0.5 1.3 2.1 2.4 2.8 2.8 2.9 2.9 2.8 2.7 2.5 2.4 2.4 2.3 2.2 2.3 1.9 1.7 1.6 1.5 1.3 1.2 1.0 0.9
0.5 0.5 0.5 0.5 0.6 0.6 0.6 0.7 0.8 0.9 1.0 1.3 1.6 2.1 2.8 3.7 4.7 6.2 7.9 10.1 12.6 15.1 17.7 20.3 22.6 24.6 26.2 27.5 28.5 29.4 30.5 30.8 30.2 28.9 27.7 26.6 25.0 23.8 22.5 21.5 20.5 19.5 18.4 17.3 16.8 15.9 15.3 14.9 14.3 13.6 12.8 11.8 10.5 9.1 7.5 5.7 3.9 2.2 0.7 0.0 0.0 0.0 0.0 0.0 0.0 0.0 0.0 0.0 0.0 0.3 1.1 1.8 2.3 2.7 3.1 3.1 3.0 2.9 2.8 2.7 2.6 2.5 2.5 2.2 2.1 2.0 1.8 1.7 1.7 1.6 1.4 1.3 1.2
0.6 0.6 0.7 0.8 1.0 1.1 1.3 1.5 1.7 2.0 2.3 2.7 3.2 3.9 4.8 5.9 7.2 8.8 10.9 13.3 16.0 18.7 21.6 24.6 27.1 29.3 31.1 32.4 33.5 34.4 35.4 36.7 36.3 35.2 33.2 31.8 30.3 28.8 27.4 26.0 24.8 23.7 22.6 21.6 20.6 19.9 19.3 18.8 18.2 17.3 16.4 15.2 13.4 11.6 9.7 7.7 5.7 3.8 2.2 0.8 0.0 0.0 0.0 0.0 0.0 0.0 0.0 0.0 0.0 0.2 1.0 1.8 2.3 2.9 3.3 3.2 3.2 3.2 3.1 3.0 2.8 2.7 2.6 2.5 2.3 2.3 2.2 2.1 2.0 1.8 1.7 1.7 1.7
0.7 0.8 1.0 1.2 1.5 1.8 2.1 2.5 2.9 3.3 3.8 4.4 5.1 6.0 7.2 8.5 9.9 11.8 14.1 16.8 19.5 23.1 26.2 29.4 32.1 34.4 36.1 37.5 38.5 39.7 40.7 41.3 40.8 40.3 38.8 38.1 36.0 34.8 32.8 31.3 29.9 28.6 27.4 26.3 25.3 24.5 23.9 23.3 22.5 21.6 20.3 18.8 16.6 14.5 12.3 10.1 7.9 5.9 4.1 2.5 1.2 0.2 0.0 0.0 0.0 0.0 0.0 0.0 0.0 0.4 1.1 1.8 2.4 2.8 3.2 3.4 3.4 3.4 3.4 3.3 3.1 3.0 2.8 2.6 2.5 2.5 2.4 2.4 2.4 2.2 2.1 2.3 2.1
1.0 1.1 1.4 1.7 2.1 2.6 3.1 3.6 4.2 4.8 5.5 6.2 7.2 8.3 9.7 11.2 12.9 14.9 17.4 20.3 23.7 27.4 31.0 34.4 37.2 39.5 41.1 42.3 43.4 44.7 46.1 47.4 46.8 45.7 44.6 43.8 42.4 40.8 38.7 37.0 35.4 34.0 32.7 31.4 30.5 29.5 28.6 28.1 27.2 25.7 24.2 22.6 20.0 17.6 15.1 12.7 10.4 8.3 6.3 4.6 3.2 2.0 1.1 0.4 0.0 0.0 0.0 0.0 0.3 0.8 1.4 2.0 2.6 3.0 3.5 3.7 3.7 3.8 3.7 3.6 3.5 3.3 3.1 2.9 2.7 2.6 2.6 2.5 2.5 2.7 2.6 2.6 2.5
1.3 1.5 1.8 2.4 2.9 3.6 4.2 4.9 5.7 6.4 7.3 8.3 9.4 10.6 12.2 13.9 15.9 18.3 20.9 24.3 28.0 31.8 35.2 39.0 42.0 44.3 45.7 46.6 47.9 49.8 51.9 53.4 52.3 51.2 50.2 49.3 47.8 47.4 44.9 42.9 41.4 39.6 38.2 36.7 35.4 34.4 33.1 32.2 31.2 29.4 27.9 25.9 23.4 20.5 17.9 15.4 13.0 10.7 8.7 6.9 5.3 4.0 2.9 2.1 1.5 1.1 0.9 0.9 1.1 1.4 1.9 2.4 2.9 3.4 3.8 4.1 4.1 4.1 4.1 4.0 3.8 3.6 3.4 3.2 3.0 2.9 2.8 2.7 2.8 2.9 2.8 2.9 2.9
1.8 2.1 2.6 3.2 3.9 4.7 5.5 6.4 7.2 8.2 9.2 10.3 11.6 13.0 14.7 16.7 18.8 21.5 24.5 27.9 31.9 35.7 39.4 43.2 46.6 48.9 50.1 50.6 52.0 54.9 56.6 57.8 57.8 56.7 55.3 54.2 53.0 51.5 49.9 48.3 46.6 44.8 43.1 41.6 40.0 38.8 37.2 35.7 34.4 32.5 30.8 29.2 26.3 23.4 20.6 18.0 15.6 13.3 11.2 9.3 7.8 6.1 4.9 4.0 3.2 2.7 2.3 2.1 2.1 2.3 2.6 2.9 3.3 3.8 4.1 4.3 4.5 4.6 4.5 4.4 4.2 4.0 3.8 3.6 3.3 3.2 3.0 3.0 3.0 3.0 3.1 3.3 3.5
2.3 2.8 3.4 4.1 5.0 5.9 6.8 7.8 8.9 9.9 11.1 12.3 13.8 15.3 17.2 19.3 21.8 24.6 27.9 31.7 35.9 40.2 43.5 47.4 51.2 53.2 55.2 55.5 57.3 60.3 61.0 61.6 62.6 61.1 59.9 58.8 57.7 56.4 54.7 53.0 51.1 49.3 47.5 45.7 43.9 42.5 40.7 38.8 36.9 35.3 33.4 31.4 28.8 25.9 23.2 20.7 18.2 15.8 13.7 11.7 9.9 8.4 7.0 5.9 5.0 4.3 3.8 3.5 3.3 3.3 3.5 3.7 4.0 4.3 4.6 4.9 5.0 5.0 5.0 4.9 4.7 4.5 4.2 4.0 3.7 3.5 3.4 3.3 3.3 3.4 3.6 3.7 4.1
3.0 3.6 4.4 5.2 6.2 7.2 8.2 9.3 10.4 11.6 12.9 14.3 15.9 17.6 19.5 21.8 24.4 27.7 31.1 35.4 39.7 44.0 47.7 50.8 54.1 56.8 59.2 59.9 61.7 63.3 64.2 64.6 65.3 65.9 64.4 62.9 61.6 60.2 58.7 57.0 55.1 53.0 51.1 49.0 47.1 45.4 43.7 41.4 39.3 37.9 36.2 33.7 31.2 28.5 25.8 23.2 20.7 18.3 16.1 14.1 12.3 10.6 9.2 8.0 7.0 6.1 5.5 5.0 4.7 4.5 4.5 4.6 4.8 4.9 5.1 5.4 5.5 5.5 5.5 5.4 5.2 4.9 4.6 4.4 4.1 4.0 3.8 3.8 3.8 4.1 3.9 4.2 4.6
3.7 4.4 5.3 6.3 7.3 8.4 9.5 10.7 11.8 13.1 14.5 15.9 17.5 19.5 21.6 24.1 26.9 30.2 34.0 38.7 43.3 47.8 51.9 54.5 56.8 59.1 61.7 63.0 64.7 65.7 66.7 67.2 67.8 68.7 68.1 66.6 65.5 63.3 61.6 59.7 57.8 55.7 53.8 51.4 49.4 47.9 46.1 43.9 41.3 40.2 38.4 36.2 34.0 31.1 28.4 25.7 23.2 20.8 18.5 16.5 14.7 13.0 11.6 10.2 9.0 8.0 7.2 6.6 6.2 5.9 5.7 5.6 5.6 5.7 5.8 5.9 6.0 6.0 6.0 5.9 5.7 5.4 5.1 4.9 4.6 4.4 4.3 4.3 4.3 4.3 4.5 4.9 5.2
4.5 5.2 6.2 7.2 8.4 9.5 10.7 11.8 13.1 14.3 15.8 17.3 19.1 21.1 23.4 26.2 29.5 32.7 36.8 41.7 46.5 51.1 55.6 59.1 60.7 62.3 63.8 65.2 67.6 67.4 69.4 70.0 70.0 71.5 70.7 69.3 67.5 65.8 64.0 61.9 59.5 57.3 55.0 52.8 50.7 49.2 47.6 46.2 43.9 42.0 40.2 38.0 36.0 33.6 31.1 28.0 25.6 23.1 20.9 18.9 17.1 15.3 13.7 12.3 11.2 10.1 9.1 8.4 7.8 7.3 7.0 6.6 6.5 6.6 6.5 6.5 6.5 6.5 6.5 6.4 6.2 5.9 5.6 5.4 5.1 5.0 4.9 4.8 4.8 4.9 5.1 5.4 5.8
5.2 6.0 7.0 8.1 9.3 10.5 11.7 12.8 14.1 15.3 16.7 18.4 20.3 22.5 25.0 28.0 31.3 35.0 39.3 44.3 49.6 54.3 59.1 63.3 64.8 66.1 67.2 68.7 68.7 70.5 71.2 71.8 72.5 72.0 72.1 72.5 70.2 67.7 65.4 62.9 60.4 57.8 55.6 53.9 51.8 49.8 48.3 46.8 45.2 43.3 41.5 39.7 37.8 35.8 33.4 30.2 27.7 25.4 23.3 21.3 19.5 17.8 16.2 14.6 13.3 12.2 11.1 10.3 9.5 8.8 8.2 7.8 7.5 7.3 7.2 7.2 7.1 7.0 6.9 6.8 6.6 6.3 6.1 5.9 5.7 5.5 5.4 5.4 5.4 5.5 5.7 6.0 6.3
5.6 6.5 7.6 8.7 10.0 11.3 12.5 13.6 14.9 16.1 17.2 19.1 21.2 23.7 26.5 29.5 33.0 37.1 41.5 46.8 52.3 57.3 62.0 66.5 68.1 70.0 70.3 71.7 72.4 73.6 73.8 74.5 74.7 74.0 73.8 72.2 70.8 68.4 65.9 63.1 60.4 57.8 55.6 54.7 52.4 50.3 48.5 47.1 45.8 44.5 42.7 41.1 39.6 37.5 34.6 32.1 29.8 27.7 25.7 23.8 22.0 20.4 18.6 17.0 15.5 14.3 13.2 12.1 11.2 10.3 9.6 9.0 8.5 8.1 7.9 7.7 7.6 7.5 7.3 7.1 6.9 6.7 6.5 6.3 6.1 6.0 5.9 5.9 5.9 6.1 6.3 6.6 7.1
6.0 6.9 8.0 9.2 10.5 11.8 13.1 14.3 15.5 16.7 17.7 19.7 22.1 24.8 27.7 31.0 34.7 38.8 44.4 49.3 54.8 60.4 65.2 68.9 70.7 71.5 72.6 73.6 74.6 76.0 76.5 76.6 76.2 76.0 75.7 74.1 73.0 69.2 65.8 62.7 59.7 57.1 55.1 53.7 53.3 50.0 48.2 47.0 45.9 44.8 43.3 42.5 40.2 38.4 36.0 33.6 31.6 29.6 27.8 25.9 24.3 22.7 21.1 19.4 17.8 16.3 15.1 13.9 13.1 11.7 10.8 10.0 9.4 9.0 8.6 8.2 8.0 7.8 7.5 7.3 7.1 6.9 6.7 6.6 6.4 6.3 6.3 6.3 6.4 6.6 6.8 7.2 7.7
6.3 7.1 8.2 9.5 10.9 12.2 13.5 14.8 15.9 17.4 18.7 20.6 23.0 25.8 28.9 32.3 36.1 40.6 45.7 51.6 57.5 62.3 66.7 69.9 72.1 73.5 74.6 75.6 76.5 77.7 78.4 78.5 77.9 77.2 77.0 77.3 73.8 69.7 65.3 61.8 58.5 55.9 53.8 53.0 51.2 48.9 47.5 46.5 45.7 44.5 43.4 42.2 40.6 38.8 36.8 35.0 33.0 31.4 29.7 28.0 26.4 24.9 23.6 21.6 20.1 18.4 17.2 15.7 14.3 13.0 11.9 11.1 10.3 9.7 9.2 8.7 8.3 7.9 7.7 7.3 7.1 6.9 6.8 6.7 6.6 6.6 6.6 6.6 6.8 7.0 7.3 7.8 8.1
6.4 7.4 8.6 9.6 11.0 12.4 13.8 15.1 16.3 17.9 19.5 21.5 23.9 26.7 29.9 33.4 37.5 42.1 47.6 53.7 59.6 64.4 67.8 71.3 73.2 74.7 76.0 77.3 78.4 79.2 80.0 80.5 79.4 79.1 78.5 78.2 73.5 68.8 64.1 60.4 57.2 54.5 52.1 50.3 48.7 47.4 46.5 45.7 45.0 44.1 43.4 42.2 40.5 38.9 37.2 35.6 34.3 33.0 32.0 30.1 28.6 27.4 25.6 23.9 21.9 20.3 18.8 17.5 15.6 14.5 13.0 12.1 11.3 10.2 9.5 8.9 8.3 7.9 7.4 7.1 6.9 6.7 6.7 6.6 6.5 6.6 6.6 6.8 7.0 7.3 7.6 8.0 8.4
