main/data/rainfall/24.04.2023.grid
ncols 886
nrows 691
xllcenter 112.0000
yllcenter -44.5000
cellsize 0.0500
nodata_value 99999.90
[rows 462 to 503 of 691, columns 752 to 845 of 886]
0.1 0.1 0.1 0.2 0.3 0.5 0.6 0.8 1.0 1.4 1.5 1.6 1.7 2.0 2.3 2.3 2.6 2.6 2.3 2.3 1.9 1.9 1.9 1.8 1.9 1.8 2.0 2.3 2.5 2.9 3.3 3.9 4.6 5.3 6.0 6.6 6.7 6.6 6.3 5.7 5.0 4.2 3.5 2.9 2.5 2.3 2.1 2.0 2.2 2.4 2.4 2.3 2.2 2.1 2.0 1.9 1.8 1.7 1.6 1.5 1.4 1.4 1.4 1.4 1.4 1.4 1.5 1.7 2.1 2.6 3.0 3.3 3.5 3.7 3.8 3.9 4.0 4.1 4.1 4.2 4.2 4.3 4.3 4.4 4.4 4.5 4.5 4.6 4.6 4.7 4.7 4.8 4.8 4.6
0.1 0.2 0.3 0.3 0.4 0.5 0.7 0.9 1.1 1.3 1.5 1.7 2.0 2.4 2.6 2.2 2.5 2.7 2.7 2.6 2.3 2.2 2.2 2.1 2.0 2.0 2.5 2.5 2.7 3.1 3.6 4.2 5.0 5.8 6.3 6.7 6.8 6.6 6.0 5.5 4.8 4.0 3.4 3.0 2.6 2.4 2.2 2.2 2.3 2.6 2.5 2.4 2.3 2.1 2.0 1.9 1.7 1.6 1.5 1.4 1.4 1.3 1.3 1.2 1.2 1.3 1.4 1.7 2.3 2.7 3.1 3.4 3.6 3.7 3.9 3.9 4.0 4.1 4.1 4.2 4.2 4.3 4.3 4.3 4.4 4.4 4.5 4.5 4.6 4.6 4.7 4.7 4.6 4.1
0.2 0.3 0.4 0.4 0.6 0.6 0.9 0.9 1.2 1.4 1.7 2.1 2.5 2.5 2.7 2.8 3.3 3.1 2.5 3.1 3.0 2.9 2.7 2.5 2.4 2.4 2.6 2.9 3.0 3.3 3.8 4.3 5.1 5.7 6.0 6.1 5.9 5.5 5.1 4.6 4.0 3.5 3.2 2.9 2.6 2.5 2.3 2.4 2.6 2.7 2.6 2.4 2.3 2.2 2.0 1.9 1.8 1.6 1.5 1.4 1.3 1.2 1.1 1.1 1.1 1.1 1.4 2.0 2.5 2.9 3.3 3.5 3.7 3.8 3.9 4.0 4.0 4.1 4.1 4.2 4.2 4.2 4.3 4.3 4.3 4.4 4.4 4.5 4.5 4.6 4.6 4.6 4.2 3.6
0.3 0.4 0.4 0.5 0.7 0.7 0.9 1.1 1.3 1.6 2.1 2.1 2.5 3.1 3.4 3.6 3.9 3.9 3.9 3.5 3.4 3.4 2.7 2.9 3.0 2.9 3.1 3.4 3.5 3.7 4.0 4.4 4.8 5.2 5.2 5.0 4.6 4.2 3.8 3.4 3.2 2.9 2.8 2.6 2.5 2.5 2.4 2.6 2.8 2.8 2.6 2.5 2.4 2.2 2.1 1.9 1.8 1.6 1.5 1.4 1.2 1.1 1.0 1.0 1.0 1.1 1.7 2.3 2.8 3.1 3.4 3.6 3.8 3.9 4.0 4.0 4.1 4.1 4.1 4.2 4.2 4.2 4.3 4.3 4.3 4.4 4.4 4.4 4.5 4.5 4.5 4.4 3.8 3.1
0.4 0.4 0.5 0.5 0.7 0.8 1.0 1.1 1.3 1.8 2.2 2.8 3.2 3.8 4.1 4.4 4.6 4.5 4.2 4.1 3.8 3.6 3.4 3.2 3.1 3.2 3.7 3.9 4.1 4.3 4.4 4.4 4.7 4.5 4.2 3.8 3.3 2.9 2.6 2.5 2.4 2.4 2.4 2.4 2.4 2.5 2.6 2.9 2.9 2.8 2.7 2.6 2.4 2.3 2.1 1.9 1.8 1.6 1.5 1.3 1.2 1.1 1.0 0.9 1.0 1.5 2.1 2.6 3.0 3.3 3.6 3.7 3.9 4.0 4.0 4.1 4.1 4.1 4.2 4.2 4.2 4.2 4.3 4.3 4.3 4.3 4.4 4.4 4.4 4.5 4.4 4.0 3.3 2.7
0.4 0.4 0.5 0.7 0.8 0.8 1.0 1.2 1.4 1.7 2.2 3.3 3.9 4.4 5.0 5.4 5.6 5.4 5.3 4.3 4.1 3.9 3.7 3.4 3.7 3.7 3.8 4.4 4.8 5.0 4.9 4.6 4.5 3.8 3.3 2.7 2.4 2.0 1.8 1.8 1.8 1.9 2.1 2.2 2.4 2.6 3.0 3.1 3.0 2.9 2.7 2.6 2.5 2.3 2.1 2.0 1.8 1.6 1.5 1.3 1.2 1.0 0.9 0.9 1.3 1.9 2.5 3.0 3.3 3.5 3.7 3.9 4.0 4.0 4.1 4.1 4.1 4.2 4.2 4.2 4.2 4.2 4.3 4.3 4.3 4.3 4.3 4.4 4.4 4.4 4.1 3.5 2.9 2.4
0.4 0.5 0.5 0.5 0.7 0.8 1.1 1.4 1.4 1.8 2.4 3.2 4.7 5.2 5.7 6.0 5.9 6.4 6.3 5.5 5.0 4.3 3.2 3.5 3.4 3.8 4.2 4.6 4.6 5.0 5.4 4.6 4.2 3.6 2.9 2.1 1.8 1.5 1.4 1.4 1.5 1.7 1.9 2.2 2.5 2.9 3.2 3.2 3.1 2.9 2.8 2.7 2.5 2.3 2.2 2.0 1.8 1.7 1.5 1.3 1.2 1.0 0.9 1.1 1.8 2.4 2.9 3.2 3.5 3.7 3.9 4.0 4.1 4.1 4.1 4.2 4.2 4.2 4.2 4.2 4.2 4.3 4.3 4.3 4.3 4.3 4.3 4.3 4.4 4.2 3.7 3.1 2.5 2.1
0.4 0.4 0.4 0.5 0.6 0.8 0.8 1.3 1.6 1.9 2.6 4.2 5.3 6.3 7.2 7.4 7.9 7.6 7.1 6.2 5.4 5.1 3.4 3.5 3.3 3.6 3.9 4.3 4.9 5.3 5.1 4.7 4.6 3.4 2.6 1.8 1.5 1.2 1.1 1.2 1.4 1.7 2.0 2.4 2.9 3.3 3.4 3.2 3.1 3.0 2.9 2.7 2.6 2.4 2.2 2.1 1.9 1.7 1.5 1.4 1.2 1.0 1.1 1.6 2.3 2.8 3.2 3.5 3.7 3.9 4.0 4.1 4.2 4.2 4.2 4.2 4.2 4.3 4.3 4.3 4.3 4.3 4.3 4.3 4.3 4.3 4.3 4.3 4.3 3.9 3.3 2.7 2.2 1.8
0.3 0.3 0.3 0.3 0.4 0.5 0.7 1.0 1.6 2.1 3.0 4.8 5.7 7.3 8.5 8.6 9.5 8.6 8.1 6.9 4.8 4.2 3.2 2.9 2.9 3.3 3.5 4.1 4.6 5.1 5.0 4.5 3.9 3.2 2.5 1.7 1.3 1.1 1.0 1.2 1.5 1.9 2.2 2.7 3.3 3.5 3.4 3.3 3.2 3.1 2.9 2.8 2.6 2.5 2.3 2.1 1.9 1.8 1.6 1.4 1.2 1.1 1.4 2.1 2.7 3.2 3.5 3.7 3.9 4.1 4.1 4.2 4.2 4.3 4.3 4.3 4.3 4.3 4.3 4.3 4.3 4.3 4.3 4.3 4.3 4.3 4.3 4.3 4.1 3.5 2.9 2.4 1.9 1.6
0.2 0.2 0.2 0.2 0.3 0.4 0.6 1.1 1.8 2.7 3.2 4.3 6.4 8.6 8.7 10.1 10.5 9.4 7.9 5.6 4.6 3.5 2.7 2.4 2.4 2.7 3.0 3.4 3.9 4.2 4.1 3.9 3.4 2.9 2.4 1.7 1.4 1.2 1.1 1.3 1.6 2.0 2.4 2.9 3.6 3.6 3.5 3.4 3.3 3.1 3.0 2.8 2.7 2.5 2.4 2.2 2.0 1.8 1.6 1.5 1.3 1.3 1.9 2.6 3.1 3.5 3.8 4.0 4.1 4.2 4.3 4.3 4.3 4.4 4.4 4.4 4.4 4.4 4.3 4.3 4.3 4.3 4.3 4.3 4.3 4.3 4.3 4.2 3.7 3.1 2.5 2.1 1.7 1.4
0.0 0.1 0.1 0.1 0.2 0.4 0.6 1.0 2.1 3.1 3.8 4.9 6.7 9.8 11.0 9.2 10.0 8.1 8.2 5.0 4.4 3.1 2.2 1.9 1.9 2.1 2.4 2.8 3.2 3.6 3.5 3.3 3.2 2.4 1.9 1.6 1.4 1.3 1.3 1.5 1.8 2.2 2.6 3.1 3.7 3.7 3.6 3.5 3.3 3.2 3.1 2.9 2.8 2.6 2.4 2.3 2.1 1.9 1.7 1.5 1.4 1.8 2.4 3.0 3.4 3.8 4.0 4.2 4.3 4.3 4.4 4.4 4.4 4.4 4.4 4.4 4.4 4.4 4.4 4.4 4.4 4.4 4.4 4.4 4.3 4.3 4.3 4.0 3.4 2.8 2.3 1.8 1.5 1.2
0.0 0.0 0.0 0.1 0.2 0.5 0.8 1.3 2.0 3.2 3.4 4.5 6.1 10.4 11.5 9.2 10.8 7.6 8.1 5.7 4.6 2.6 2.1 1.7 1.6 1.7 1.9 2.1 2.4 2.7 2.6 2.7 2.6 2.0 1.6 1.4 1.3 1.3 1.4 1.6 1.9 2.4 2.9 3.5 3.9 3.8 3.7 3.6 3.5 3.3 3.2 3.0 2.9 2.7 2.5 2.4 2.2 2.0 1.8 1.6 1.6 2.2 2.9 3.4 3.7 4.0 4.2 4.3 4.4 4.5 4.5 4.5 4.5 4.5 4.5 4.5 4.5 4.5 4.5 4.4 4.4 4.4 4.4 4.4 4.4 4.4 4.2 3.7 3.0 2.5 2.0 1.6 1.3 1.0
0.0 0.0 0.0 0.1 0.3 0.5 0.9 1.3 2.0 3.3 4.1 4.4 5.2 6.8 10.8 10.6 10.5 9.4 7.0 6.2 4.2 3.4 2.3 1.9 1.7 1.6 1.6 1.6 1.8 1.9 2.0 2.1 2.0 1.6 1.3 1.2 1.2 1.3 1.4 1.7 2.1 2.6 3.3 3.9 4.0 3.9 3.8 3.7 3.6 3.4 3.3 3.2 3.0 2.8 2.7 2.5 2.3 2.1 1.9 1.8 2.1 2.7 3.3 3.7 4.0 4.2 4.4 4.5 4.5 4.6 4.6 4.6 4.6 4.6 4.6 4.6 4.6 4.5 4.5 4.5 4.5 4.5 4.4 4.4 4.4 4.4 4.0 3.3 2.7 2.2 1.8 1.4 1.1 0.9
0.0 0.0 0.1 0.2 0.3 0.6 0.9 1.4 2.1 3.2 4.4 4.3 4.5 5.7 5.8 5.9 9.5 7.5 7.5 5.5 4.0 3.2 2.7 2.3 2.0 1.8 1.6 1.5 1.4 1.5 1.6 1.7 1.6 1.5 1.2 1.1 1.2 1.3 1.5 1.8 2.2 2.7 3.7 4.2 4.2 4.1 4.0 3.9 3.7 3.6 3.5 3.3 3.2 3.0 2.8 2.7 2.5 2.3 2.1 2.1 2.6 3.2 3.7 4.0 4.3 4.4 4.6 4.6 4.7 4.7 4.7 4.7 4.7 4.7 4.7 4.6 4.6 4.6 4.6 4.6 4.5 4.5 4.5 4.5 4.5 4.3 3.7 3.0 2.4 2.0 1.6 1.3 1.0 0.8
0.0 0.1 0.1 0.2 0.4 0.6 1.0 1.4 2.1 2.3 2.6 4.3 4.5 5.9 5.2 5.1 8.2 7.6 6.6 4.9 4.0 3.6 3.3 2.8 2.5 2.1 1.8 1.5 1.4 1.4 1.5 1.4 1.3 1.1 1.0 1.1 1.2 1.4 1.6 1.9 2.3 3.0 4.1 4.4 4.3 4.2 4.1 4.0 3.9 3.8 3.6 3.5 3.3 3.2 3.0 2.8 2.7 2.5 2.3 2.4 3.0 3.6 4.0 4.3 4.5 4.6 4.7 4.8 4.8 4.8 4.8 4.8 4.8 4.8 4.8 4.7 4.7 4.7 4.7 4.6 4.6 4.6 4.6 4.5 4.5 4.0 3.3 2.7 2.2 1.7 1.4 1.1 0.9 0.7
0.1 0.1 0.2 0.4 0.5 0.7 1.1 1.6 2.2 3.0 3.8 5.0 4.2 5.0 3.9 4.1 7.1 5.9 5.9 5.1 4.0 3.7 3.6 3.3 3.0 2.6 2.1 1.8 1.7 1.6 1.6 1.4 1.1 1.0 1.0 1.1 1.3 1.5 1.7 2.1 2.6 3.2 4.2 4.5 4.5 4.4 4.3 4.2 4.1 4.0 3.8 3.7 3.5 3.4 3.2 3.0 2.9 2.7 2.6 2.9 3.5 4.0 4.3 4.5 4.7 4.8 4.9 4.9 4.9 4.9 4.9 4.9 4.9 4.9 4.8 4.8 4.8 4.8 4.7 4.7 4.7 4.7 4.6 4.6 4.4 3.8 3.0 2.4 2.0 1.6 1.2 1.0 0.8 0.6
0.2 0.3 0.4 0.5 0.8 1.0 1.3 1.8 2.3 3.2 3.9 2.5 4.0 4.0 4.0 3.6 3.9 5.6 4.8 4.0 4.0 3.7 3.7 3.4 3.1 2.8 2.5 2.3 2.2 2.1 1.9 1.7 1.3 1.2 1.2 1.3 1.5 1.7 2.0 2.3 2.9 3.6 4.4 4.7 4.7 4.6 4.5 4.4 4.3 4.2 4.0 3.9 3.7 3.6 3.4 3.3 3.1 2.9 2.9 3.4 3.9 4.3 4.6 4.8 4.9 5.0 5.0 5.1 5.1 5.1 5.0 5.0 5.0 5.0 4.9 4.9 4.9 4.9 4.8 4.8 4.8 4.7 4.7 4.6 4.2 3.5 2.8 2.2 1.8 1.4 1.1 0.9 0.7 0.5
0.3 0.4 0.5 0.7 0.9 1.3 1.6 2.0 2.6 3.3 3.9 3.4 4.6 3.1 3.6 3.9 3.5 3.5 3.6 3.8 3.7 3.4 3.6 3.3 3.2 3.0 2.8 2.7 2.7 2.6 2.4 2.1 1.7 1.6 1.5 1.6 1.8 2.0 2.3 2.8 3.4 4.1 4.9 5.0 4.9 4.8 4.7 4.6 4.5 4.4 4.3 4.1 4.0 3.8 3.7 3.5 3.3 3.2 3.3 3.8 4.3 4.6 4.9 5.0 5.1 5.2 5.2 5.2 5.2 5.2 5.2 5.1 5.1 5.1 5.0 5.0 5.0 4.9 4.9 4.9 4.8 4.8 4.8 4.6 3.9 3.2 2.5 2.0 1.6 1.3 1.0 0.8 0.6 0.5
0.4 0.5 0.7 0.9 1.1 1.5 1.9 2.2 2.6 3.3 3.8 2.7 2.6 3.3 4.7 3.1 3.5 3.4 4.1 3.6 3.3 3.0 3.1 3.1 3.2 3.0 3.0 3.1 3.1 3.0 2.8 2.5 2.3 2.1 2.1 2.1 2.2 2.5 2.8 3.4 4.0 4.8 5.2 5.2 5.1 5.1 5.0 4.9 4.8 4.6 4.5 4.4 4.2 4.1 3.9 3.8 3.6 3.5 3.8 4.3 4.7 4.9 5.1 5.3 5.3 5.4 5.4 5.4 5.4 5.3 5.3 5.3 5.2 5.2 5.2 5.1 5.1 5.1 5.0 5.0 4.9 4.9 4.8 4.4 3.6 2.9 2.3 1.8 1.5 1.1 0.9 0.7 0.5 0.4
0.5 0.6 0.8 1.1 1.3 1.7 1.9 2.0 1.8 2.5 2.5 2.3 2.9 3.1 4.5 3.3 3.3 4.4 3.9 3.2 3.1 2.6 2.6 2.8 2.9 3.1 3.1 3.3 3.3 3.4 3.2 3.0 2.8 2.7 2.7 2.7 2.8 3.1 3.5 4.1 4.7 5.4 5.5 5.5 5.4 5.3 5.2 5.1 5.0 4.9 4.8 4.6 4.5 4.4 4.2 4.1 3.9 3.9 4.3 4.7 5.0 5.3 5.4 5.5 5.5 5.6 5.5 5.5 5.5 5.5 5.4 5.4 5.4 5.3 5.3 5.3 5.2 5.2 5.1 5.1 5.1 5.0 4.8 4.1 3.3 2.7 2.1 1.7 1.3 1.0 0.8 0.6 0.5 0.4
0.6 0.7 0.9 1.1 1.4 1.6 2.0 2.3 2.8 2.5 2.4 3.0 3.2 2.8 3.3 2.9 3.1 3.1 3.8 3.1 2.7 2.5 2.3 2.4 2.7 3.1 3.3 3.5 3.8 3.5 3.8 3.6 3.4 3.3 3.3 3.4 3.6 3.9 4.3 4.8 5.4 5.8 5.8 5.7 5.7 5.6 5.5 5.4 5.3 5.2 5.1 4.9 4.8 4.7 4.5 4.4 4.2 4.4 4.8 5.2 5.4 5.6 5.7 5.7 5.8 5.8 5.7 5.7 5.7 5.7 5.6 5.6 5.5 5.5 5.4 5.4 5.4 5.3 5.3 5.2 5.2 5.1 4.7 3.9 3.1 2.5 2.0 1.5 1.2 0.9 0.7 0.6 0.4 0.3
0.6 0.8 0.9 1.2 1.3 1.7 1.9 2.3 2.4 2.3 3.1 3.3 2.7 2.8 2.7 2.9 3.1 3.0 3.6 3.4 2.9 2.7 2.3 2.3 2.6 3.0 3.9 3.9 4.5 4.4 4.0 3.9 3.9 3.9 4.0 4.2 4.4 4.8 5.1 5.6 6.0 6.1 6.1 6.0 6.0 5.9 5.8 5.7 5.6 5.5 5.4 5.2 5.1 5.0 4.8 4.7 4.6 4.9 5.3 5.6 5.8 5.9 5.9 6.0 6.0 6.0 6.0 5.9 5.9 5.8 5.8 5.7 5.7 5.7 5.6 5.6 5.5 5.5 5.4 5.4 5.3 5.1 4.5 3.6 2.9 2.3 1.8 1.4 1.1 0.9 0.7 0.5 0.4 0.3
0.6 0.8 0.9 1.2 1.3 1.5 1.8 2.2 2.6 2.0 2.8 3.3 2.7 2.6 2.8 3.4 3.9 3.8 4.2 3.7 3.3 3.0 2.8 2.7 2.9 3.5 4.3 4.7 4.4 4.0 4.2 4.3 4.5 4.6 4.7 5.0 5.3 5.7 6.0 6.3 6.4 6.4 6.4 6.3 6.3 6.2 6.1 6.0 5.9 5.8 5.7 5.6 5.4 5.3 5.2 5.0 5.1 5.5 5.8 6.0 6.1 6.2 6.2 6.3 6.2 6.2 6.2 6.1 6.1 6.0 6.0 5.9 5.9 5.8 5.8 5.7 5.7 5.6 5.6 5.5 5.4 5.1 4.2 3.4 2.7 2.1 1.7 1.3 1.0 0.8 0.6 0.5 0.4 0.3
0.6 0.8 0.9 1.2 1.4 1.7 2.0 2.1 1.9 1.8 2.7 2.9 2.8 2.8 3.3 3.3 4.6 4.8 4.5 4.3 4.1 4.0 3.9 3.7 3.9 4.9 5.0 5.4 4.0 4.3 4.6 4.8 5.1 5.3 5.6 5.9 6.2 6.6 6.8 6.8 6.8 6.8 6.7 6.7 6.6 6.5 6.4 6.4 6.3 6.1 6.0 5.9 5.8 5.6 5.5 5.5 5.7 6.0 6.2 6.4 6.5 6.5 6.5 6.5 6.5 6.5 6.4 6.4 6.3 6.3 6.2 6.2 6.1 6.1 6.0 5.9 5.9 5.8 5.8 5.7 5.5 4.9 4.0 3.1 2.5 2.0 1.5 1.2 0.9 0.7 0.6 0.4 0.3 0.2
0.6 0.7 0.9 1.2 1.4 1.7 1.8 1.8 1.8 1.9 2.8 2.3 2.6 3.2 4.0 4.0 4.9 5.2 5.5 5.7 5.7 5.6 5.3 5.2 5.5 6.1 5.8 4.2 4.4 4.7 5.1 5.5 5.8 6.1 6.5 6.8 7.1 7.2 7.2 7.2 7.2 7.2 7.1 7.1 7.0 6.9 6.8 6.7 6.6 6.5 6.4 6.3 6.1 6.0 5.9 6.0 6.3 6.5 6.7 6.8 6.9 6.9 6.9 6.9 6.8 6.8 6.7 6.7 6.6 6.5 6.5 6.4 6.4 6.3 6.2 6.2 6.1 6.0 6.0 5.9 5.6 4.7 3.7 2.9 2.3 1.8 1.4 1.1 0.9 0.7 0.5 0.4 0.3 0.2
0.5 0.7 0.8 1.1 1.3 1.5 1.7 1.8 1.7 1.9 2.1 2.4 3.3 4.2 4.3 5.1 5.4 6.3 7.1 7.5 7.6 7.4 7.4 7.2 8.1 7.1 5.3 5.0 5.2 5.5 5.9 6.3 6.7 7.1 7.3 7.5 7.6 7.6 7.6 7.6 7.6 7.6 7.5 7.5 7.4 7.3 7.2 7.1 7.0 6.9 6.8 6.7 6.5 6.4 6.4 6.6 6.8 7.0 7.2 7.2 7.2 7.2 7.2 7.2 7.1 7.1 7.0 7.0 6.9 6.8 6.8 6.7 6.6 6.6 6.5 6.4 6.3 6.3 6.2 6.1 5.4 4.4 3.5 2.8 2.2 1.7 1.3 1.0 0.8 0.6 0.5 0.4 0.3 0.2
0.4 0.6 0.7 1.0 1.1 1.3 1.7 1.7 1.8 1.9 2.0 2.7 2.9 4.1 4.9 6.0 6.6 7.8 9.2 9.6 10.2 10.7 10.6 10.7 10.7 9.8 6.5 6.4 6.5 6.7 7.0 7.3 7.6 7.9 8.0 8.1 8.1 8.1 8.1 8.1 8.1 8.0 8.0 7.9 7.9 7.8 7.7 7.6 7.5 7.4 7.2 7.1 7.0 6.9 7.0 7.2 7.4 7.6 7.6 7.7 7.7 7.6 7.6 7.6 7.5 7.4 7.4 7.3 7.2 7.1 7.1 7.0 6.9 6.8 6.8 6.7 6.6 6.5 6.5 6.2 5.2 4.1 3.3 2.6 2.0 1.6 1.2 1.0 0.7 0.6 0.4 0.3 0.2 0.2
0.4 0.5 0.6 0.8 0.9 1.1 1.2 1.4 1.5 1.7 2.0 2.5 3.3 3.7 4.8 7.3 9.2 10.5 11.3 13.4 13.9 14.9 14.2 14.5 12.4 9.5 8.7 8.4 8.3 8.2 8.3 8.4 8.6 8.7 8.6 8.7 8.7 8.7 8.7 8.7 8.6 8.6 8.5 8.5 8.4 8.3 8.2 8.1 8.0 7.9 7.7 7.6 7.5 7.5 7.7 7.9 8.0 8.1 8.1 8.1 8.1 8.1 8.0 8.0 7.9 7.8 7.7 7.7 7.6 7.5 7.4 7.3 7.3 7.2 7.1 7.0 6.9 6.9 6.7 6.1 4.9 3.9 3.1 2.4 1.9 1.5 1.2 0.9 0.7 0.5 0.4 0.3 0.2 0.2
0.3 0.3 0.4 0.5 0.7 0.8 0.9 1.1 1.2 1.5 1.7 2.3 2.8 3.5 4.9 6.5 8.5 12.9 17.3 17.7 18.8 21.1 20.4 14.8 13.4 12.3 11.7 11.2 10.7 10.3 10.0 9.8 9.7 9.6 9.3 9.3 9.3 9.3 9.3 9.3 9.3 9.2 9.2 9.1 9.0 8.9 8.8 8.7 8.6 8.4 8.3 8.2 8.1 8.2 8.4 8.5 8.6 8.6 8.6 8.6 8.6 8.5 8.5 8.4 8.3 8.2 8.1 8.1 8.0 7.9 7.8 7.7 7.6 7.5 7.4 7.4 7.3 7.2 6.9 5.8 4.7 3.7 2.9 2.3 1.8 1.4 1.1 0.8 0.6 0.5 0.4 0.3 0.2 0.1
0.1 0.2 0.2 0.3 0.4 0.5 0.6 0.8 1.0 1.1 1.5 2.1 2.5 3.9 5.2 7.5 10.6 14.5 19.2 24.1 25.9 26.8 19.9 17.3 16.3 16.4 15.0 14.4 13.6 12.8 12.0 11.5 11.1 10.8 10.3 10.1 10.0 10.1 10.1 10.0 10.0 9.9 9.9 9.8 9.7 9.6 9.5 9.4 9.2 9.1 9.0 8.8 8.8 9.0 9.1 9.1 9.2 9.2 9.2 9.1 9.1 9.0 8.9 8.8 8.8 8.7 8.6 8.5 8.4 8.3 8.2 8.1 8.0 7.9 7.8 7.7 7.7 7.5 6.8 5.6 4.4 3.5 2.7 2.2 1.7 1.3 1.0 0.8 0.6 0.5 0.3 0.3 0.2 0.1
0.1 0.1 0.1 0.1 0.1 0.2 0.3 0.4 0.6 0.9 1.3 1.8 2.8 3.8 5.7 7.6 10.5 16.1 23.8 26.9 28.4 28.7 25.9 24.2 21.0 19.6 18.2 17.2 16.3 15.2 14.1 13.3 12.7 12.0 11.2 10.9 10.8 10.9 10.9 10.9 10.8 10.8 10.7 10.6 10.5 10.4 10.3 10.2 10.0 9.9 9.7 9.6 9.7 9.7 9.8 9.8 9.8 9.8 9.7 9.7 9.6 9.5 9.4 9.3 9.3 9.2 9.1 9.0 8.9 8.8 8.7 8.6 8.5 8.4 8.3 8.2 8.1 7.7 6.6 5.3 4.2 3.3 2.6 2.0 1.6 1.2 0.9 0.7 0.6 0.4 0.3 0.2 0.2 0.1
0.0 0.0 0.0 0.0 0.0 0.0 0.0 0.1 0.4 0.7 1.1 1.6 2.5 3.5 5.2 7.0 10.5 16.1 20.8 21.8 24.5 28.0 30.0 22.4 21.3 21.3 20.2 19.3 18.3 17.3 16.0 15.1 14.1 12.8 11.8 11.6 11.7 11.8 11.8 11.8 11.7 11.7 11.6 11.6 11.5 11.3 11.2 11.1 10.9 10.8 10.6 10.5 10.5 10.5 10.5 10.4 10.4 10.4 10.3 10.2 10.1 10.1 10.0 9.9 9.8 9.7 9.6 9.5 9.4 9.3 9.2 9.1 9.0 8.9 8.8 8.6 8.5 7.7 6.4 5.1 4.0 3.1 2.5 1.9 1.5 1.2 0.9 0.7 0.5 0.4 0.3 0.2 0.2 0.1
0.0 0.0 0.0 0.0 0.0 0.0 0.0 0.0 0.2 0.5 0.9 1.5 2.0 3.0 4.5 6.5 8.8 12.7 17.0 20.2 21.9 25.2 25.6 27.3 25.1 21.2 21.1 20.7 19.9 18.9 17.7 16.6 15.2 13.0 12.4 12.5 12.6 12.7 12.8 12.8 12.8 12.7 12.7 12.6 12.5 12.4 12.3 12.2 12.0 11.9 11.7 11.5 11.4 11.3 11.2 11.1 11.0 11.0 10.9 10.8 10.7 10.6 10.5 10.4 10.4 10.2 10.1 10.0 9.9 9.8 9.7 9.6 9.5 9.4 9.3 9.1 8.8 7.5 6.1 4.8 3.8 3.0 2.3 1.8 1.4 1.1 0.8 0.6 0.5 0.4 0.3 0.2 0.1 0.1
0.0 0.0 0.0 0.0 0.0 0.0 0.0 0.1 0.2 0.4 0.8 1.3 1.8 2.7 4.0 5.1 7.0 10.5 13.7 17.3 20.5 22.1 21.0 21.8 21.3 21.5 21.8 21.7 21.2 20.2 19.0 17.8 16.2 13.6 13.2 13.4 13.6 13.7 13.8 13.8 13.9 13.9 13.8 13.8 13.7 13.6 13.5 13.4 13.3 13.1 12.7 12.4 12.2 12.0 11.9 11.8 11.7 11.6 11.5 11.4 11.3 11.3 11.2 11.1 11.0 10.8 10.7 10.6 10.5 10.4 10.3 10.2 10.1 9.9 9.8 9.6 8.8 7.2 5.8 4.6 3.6 2.8 2.2 1.7 1.3 1.0 0.8 0.6 0.5 0.3 0.3 0.2 0.1 0.1
0.0 0.0 0.0 0.0 0.0 0.0 0.0 0.0 0.1 0.3 0.6 1.1 1.6 2.3 3.2 4.9 6.2 8.2 12.6 14.9 16.1 16.4 18.4 20.2 21.1 22.1 22.6 22.7 22.3 21.2 20.0 18.6 16.4 14.3 14.1 14.3 14.5 14.7 14.8 15.0 15.0 15.1 15.1 15.1 15.0 15.0 14.9 14.8 14.6 14.2 13.7 13.3 13.0 12.8 12.6 12.5 12.4 12.3 12.2 12.1 12.0 11.9 11.8 11.7 11.6 11.5 11.4 11.3 11.1 11.0 10.9 10.8 10.7 10.6 10.4 10.0 8.6 6.9 5.5 4.3 3.4 2.7 2.1 1.6 1.3 1.0 0.7 0.6 0.4 0.3 0.2 0.2 0.1 0.1
0.1 0.1 0.0 0.0 0.0 0.0 0.0 0.1 0.1 0.3 0.6 0.9 1.3 2.0 2.7 4.0 5.5 6.3 9.2 10.0 12.5 15.0 20.8 20.1 21.9 23.0 23.6 23.7 23.1 21.9 20.7 19.1 16.6 14.9 14.9 15.2 15.5 15.7 15.9 16.1 16.2 16.3 16.4 16.4 16.4 16.4 16.3 16.3 16.0 15.3 14.6 14.1 13.8 13.5 13.3 13.2 13.0 12.9 12.8 12.7 12.6 12.5 12.4 12.3 12.2 12.1 12.0 11.9 11.8 11.7 11.6 11.4 11.3 11.2 11.0 10.0 8.2 6.5 5.2 4.1 3.2 2.5 2.0 1.5 1.2 0.9 0.7 0.5 0.4 0.3 0.2 0.2 0.1 0.1
0.2 0.1 0.1 0.0 0.0 0.0 0.0 0.1 0.1 0.3 0.5 0.8 1.2 1.7 2.5 3.3 4.8 6.1 7.0 9.3 11.6 14.8 18.1 20.8 22.8 24.0 24.6 24.5 23.8 22.4 20.9 19.0 17.2 15.7 15.7 16.1 16.4 16.7 17.0 17.2 17.4 17.6 17.7 17.8 17.8 17.9 17.9 17.8 17.3 16.3 15.5 14.9 14.5 14.2 14.0 13.8 13.7 13.6 13.5 13.4 13.3 13.2 13.1 13.0 12.9 12.8 12.7 12.6 12.5 12.4 12.3 12.1 12.0 11.9 11.4 9.7 7.8 6.2 4.9 3.9 3.0 2.4 1.9 1.4 1.1 0.9 0.7 0.5 0.4 0.3 0.2 0.1 0.1 0.1
0.2 0.2 0.1 0.1 0.0 0.0 0.0 0.1 0.2 0.3 0.5 0.8 1.1 1.5 2.2 2.8 4.3 5.6 7.5 9.6 12.0 15.4 19.1 21.7 23.8 25.0 25.4 25.1 24.0 22.8 21.0 18.6 16.4 16.1 16.5 16.9 17.3 17.7 18.0 18.3 18.6 18.8 19.0 19.1 19.3 19.4 19.4 19.3 18.3 17.2 16.3 15.7 15.2 14.9 14.7 14.5 14.4 14.3 14.2 14.1 14.0 13.9 13.8 13.7 13.7 13.6 13.4 13.3 13.2 13.1 13.0 12.9 12.7 12.5 11.2 9.2 7.4 5.9 4.6 3.7 2.9 2.2 1.8 1.4 1.0 0.8 0.6 0.5 0.3 0.3 0.2 0.1 0.1 0.1
0.2 0.2 0.1 0.1 0.1 0.0 0.0 0.1 0.1 0.3 0.5 0.7 1.0 1.5 2.1 3.0 4.0 5.5 7.2 8.9 12.3 15.6 19.5 22.7 24.8 25.8 25.9 25.3 24.2 22.8 20.1 17.0 16.2 16.6 17.1 17.7 18.1 18.6 19.0 19.3 19.7 20.0 20.2 20.5 20.7 20.8 20.9 20.5 19.1 17.9 17.0 16.3 15.9 15.6 15.3 15.2 15.0 14.9 14.9 14.8 14.7 14.6 14.6 14.5 14.4 14.3 14.2 14.1 14.0 13.9 13.8 13.6 13.5 12.9 10.8 8.7 7.0 5.5 4.4 3.5 2.7 2.1 1.6 1.3 1.0 0.8 0.6 0.4 0.3 0.2 0.2 0.1 0.1 0.1
0.2 0.1 0.1 0.1 0.1 0.0 0.0 0.0 0.0 0.1 0.4 0.8 1.1 1.5 2.1 2.8 3.9 5.3 7.2 9.4 12.4 15.7 19.5 22.8 25.5 26.0 25.9 25.1 24.0 21.9 18.6 16.6 16.5 17.1 17.7 18.3 18.9 19.4 19.9 20.3 20.7 21.1 21.4 21.7 22.0 22.3 22.3 21.3 19.8 18.5 17.6 16.9 16.5 16.2 16.0 15.8 15.7 15.6 15.5 15.5 15.4 15.3 15.3 15.2 15.1 15.0 14.9 14.8 14.7 14.6 14.5 14.4 14.0 12.5 10.3 8.2 6.6 5.2 4.1 3.2 2.5 2.0 1.5 1.2 0.9 0.7 0.5 0.4 0.3 0.2 0.2 0.1 0.1 0.1
0.1 0.1 0.1 0.1 0.0 0.0 0.0 0.0 0.0 0.0 0.3 0.8 1.1 1.5 2.0 2.8 3.7 4.7 6.5 8.8 11.8 15.4 19.0 22.1 24.1 25.4 25.3 24.5 23.1 21.1 18.9 16.8 16.8 17.5 18.2 18.9 19.5 20.1 20.7 21.2 21.7 22.1 22.6 22.9 23.3 23.6 23.4 21.8 20.2 19.0 18.1 17.5 17.0 16.7 16.5 16.4 16.3 16.3 16.2 16.1 16.1 16.0 16.0 15.9 15.9 15.8 15.7 15.6 15.5 15.4 15.3 15.1 14.3 12.0 9.6 7.7 6.2 4.9 3.9 3.0 2.4 1.9 1.4 1.1 0.9 0.7 0.5 0.4 0.3 0.2 0.1 0.1 0.1 0.1
0.1 0.1 0.1 0.0 0.0 0.0 0.0 0.0 0.0 0.0 0.3 0.8 1.1 1.5 2.0 2.6 3.6 4.6 6.3 8.5 11.1 14.4 18.3 21.5 22.6 23.5 23.7 22.9 21.6 20.0 17.4 16.5 17.1 17.9 18.6 19.4 20.1 20.7 21.4 22.0 22.5 23.1 23.6 24.0 24.5 24.7 23.9 22.0 20.5 19.3 18.5 17.9 17.5 17.3 17.1 17.0 16.9 16.9 16.8 16.8 16.8 16.7 16.7 16.6 16.6 16.5 16.5 16.4 16.3 16.2 16.1 15.6 13.7 11.2 9.0 7.2 5.8 4.6 3.6 2.8 2.2 1.7 1.3 1.0 0.8 0.6 0.5 0.3 0.3 0.2 0.1 0.1 0.1 0.0
