main/data/rainfall/27.01.2023.grid
ncols 886
nrows 691
xllcenter 112.0000
yllcenter -44.5000
cellsize 0.0500
nodata_value 99999.90
[rows 168 to 209 of 691, columns 188 to 281 of 886]
147.8 149.9 151.4 152.3 152.6 152.2 151.2 149.5 147.3 144.7 141.6 137.9 133.3 128.4 122.2 115.4 108.1 100.1 91.7 83.2 74.6 66.0 57.7 49.8 42.6 36.1 30.6 26.1 22.5 19.6 17.3 15.3 13.6 12.2 10.9 9.8 8.8 8.0 7.3 6.7 6.2 5.8 5.5 5.2 4.9 4.8 4.7 4.6 4.5 4.5 4.5 4.6 4.6 4.7 4.8 4.9 5.1 5.3 5.5 5.7 6.0 6.3 6.7 7.1 7.6 8.2 8.9 9.5 10.2 10.9 11.5 12.0 12.5 12.9 13.3 13.6 13.9 14.1 14.1 13.6 13.0 12.3 11.3 10.9 11.1 11.5 11.9 12.0 12.0 12.1 12.6 13.5 13.7 13.8
138.5 141.3 143.6 145.3 146.4 146.9 146.6 145.8 144.5 143.0 141.2 139.0 136.0 131.6 127.0 121.2 114.6 107.3 99.4 90.9 82.1 73.1 64.0 55.2 46.8 39.2 32.7 27.4 23.2 19.9 17.3 15.2 13.4 11.9 10.6 9.5 8.5 7.6 6.9 6.3 5.8 5.4 5.1 4.8 4.5 4.4 4.2 4.1 4.1 4.1 4.1 4.2 4.3 4.4 4.5 4.6 4.8 5.0 5.3 5.5 5.8 6.2 6.6 7.1 7.6 8.3 9.0 9.7 10.3 11.0 11.7 12.3 12.8 13.3 13.7 14.0 14.3 14.6 14.8 14.8 14.5 14.3 13.9 13.2 13.1 13.2 13.4 13.3 13.1 13.2 13.6 13.7 13.7 13.7
127.7 131.1 134.1 136.6 138.6 139.8 140.3 140.1 139.4 139.3 139.1 137.9 135.7 132.9 129.3 124.9 119.5 113.1 106.0 97.8 89.1 80.0 70.5 60.6 51.0 42.3 34.8 28.6 23.9 20.2 17.4 15.1 13.3 11.7 10.3 9.2 8.2 7.3 6.6 6.0 5.5 5.1 4.7 4.4 4.2 4.0 3.8 3.8 3.7 3.7 3.8 3.8 3.9 4.1 4.2 4.4 4.6 4.8 5.1 5.4 5.7 6.1 6.6 7.1 7.8 8.5 9.3 10.0 10.7 11.5 12.2 12.8 13.4 13.9 14.4 14.7 15.1 15.3 15.6 15.7 15.8 15.8 15.7 15.5 15.3 15.0 15.0 14.7 14.4 14.3 14.2 14.0 13.8 13.8
115.6 119.6 123.3 126.5 129.1 131.1 132.4 133.0 133.3 133.9 134.4 134.1 133.3 132.1 129.4 125.9 121.7 116.5 110.6 103.2 95.1 86.1 76.3 65.7 55.1 45.2 36.6 29.7 24.4 20.5 17.4 15.0 13.1 11.5 10.1 8.9 7.9 7.0 6.3 5.7 5.1 4.7 4.4 4.1 3.8 3.6 3.5 3.4 3.4 3.4 3.4 3.5 3.6 3.8 3.9 4.1 4.4 4.6 4.9 5.3 5.7 6.1 6.7 7.3 8.1 8.9 9.8 10.6 11.5 12.3 13.0 13.7 14.3 14.9 15.4 15.8 16.1 16.4 16.7 16.9 16.9 16.9 16.8 16.7 16.6 16.4 16.1 15.8 15.4 15.1 14.8 14.5 14.2 14.1
102.6 107.0 111.2 115.0 118.3 121.1 123.1 124.5 125.6 126.8 127.9 128.7 128.5 128.1 126.8 124.7 121.7 117.6 112.6 106.6 99.3 90.7 80.9 70.0 58.6 47.8 38.3 30.7 24.9 20.6 17.4 14.9 12.9 11.3 9.8 8.6 7.6 6.7 6.0 5.4 4.8 4.4 4.0 3.7 3.5 3.3 3.2 3.1 3.1 3.1 3.1 3.2 3.3 3.5 3.7 3.9 4.2 4.5 4.8 5.2 5.7 6.2 6.9 7.7 8.6 9.6 10.6 11.6 12.5 13.4 14.2 15.1 15.7 16.2 16.8 17.2 17.6 17.9 18.2 18.3 18.4 18.4 18.4 18.2 18.0 17.7 17.4 17.0 16.5 16.1 15.7 15.2 14.9 14.6
89.1 93.8 98.3 102.6 106.5 110.0 112.7 114.5 116.2 118.2 119.9 121.2 122.0 122.0 121.4 120.4 118.6 115.9 112.2 107.2 101.0 93.3 84.0 73.1 61.3 49.7 39.5 31.4 25.3 20.7 17.4 14.8 12.8 11.0 9.6 8.4 7.3 6.4 5.7 5.1 4.5 4.1 3.7 3.4 3.2 3.0 2.9 2.8 2.8 2.8 2.9 3.0 3.1 3.2 3.5 3.7 4.0 4.3 4.7 5.2 5.7 6.4 7.2 8.2 9.3 10.5 11.7 12.8 13.9 14.9 15.8 16.6 17.4 17.9 18.5 19.0 19.4 19.7 19.9 20.1 20.2 20.2 20.1 20.0 19.7 19.4 18.9 18.4 17.9 17.3 16.7 16.2 15.7 15.3
75.7 80.3 84.9 89.5 94.0 98.1 101.4 103.8 106.0 108.1 109.9 111.7 113.0 113.9 114.3 114.0 113.2 111.6 109.1 105.3 100.4 93.8 85.2 74.6 62.8 50.8 40.2 31.7 25.3 20.7 17.3 14.7 12.6 10.8 9.4 8.1 7.1 6.2 5.4 4.8 4.3 3.8 3.5 3.2 3.0 2.8 2.7 2.6 2.6 2.6 2.6 2.7 2.9 3.0 3.3 3.5 3.9 4.2 4.7 5.2 5.9 6.7 7.7 8.9 10.3 11.7 13.1 14.4 15.5 16.6 17.6 18.5 19.4 20.1 20.6 21.0 21.4 21.7 22.0 22.2 22.3 22.3 22.1 22.0 21.6 21.2 20.8 20.2 19.5 18.8 18.1 17.4 16.8 16.2
62.6 67.1 71.7 76.3 81.0 85.6 89.9 92.7 94.7 96.9 98.9 100.7 102.4 103.8 104.8 105.4 105.5 104.9 103.3 100.9 97.2 91.7 84.2 74.4 62.8 51.0 40.4 31.7 25.3 20.6 17.1 14.5 12.4 10.6 9.1 7.9 6.8 5.9 5.2 4.5 4.0 3.6 3.2 2.9 2.7 2.5 2.4 2.4 2.3 2.4 2.4 2.5 2.7 2.9 3.1 3.4 3.7 4.2 4.7 5.4 6.2 7.3 8.5 9.9 11.5 13.2 14.8 16.2 17.5 18.6 19.6 20.7 21.5 22.3 22.8 23.3 23.7 24.0 24.3 24.5 24.5 24.5 24.3 24.1 23.8 23.3 22.8 22.1 21.3 20.5 19.6 18.7 17.9 17.1
50.5 54.6 58.9 63.3 67.9 72.6 77.6 80.2 82.2 84.4 86.6 88.7 90.7 92.5 94.0 95.1 95.9 96.0 95.4 94.2 91.5 87.5 81.1 71.4 59.9 49.1 39.6 31.5 25.1 20.4 17.0 14.3 12.2 10.4 8.9 7.7 6.6 5.7 4.9 4.3 3.8 3.3 3.0 2.7 2.5 2.3 2.2 2.2 2.2 2.2 2.2 2.4 2.5 2.7 3.0 3.3 3.7 4.2 4.9 5.9 7.0 8.2 9.6 11.1 12.8 14.8 16.7 18.3 19.7 20.8 21.9 22.8 23.7 24.5 25.1 25.5 26.0 26.5 26.7 26.8 26.8 26.8 26.6 26.4 26.0 25.5 24.9 24.2 23.3 22.3 21.3 20.2 19.1 18.1
39.6 43.2 47.0 50.9 55.1 59.3 63.4 66.5 69.0 71.4 73.8 76.1 78.3 80.3 82.2 83.7 84.9 85.6 85.9 85.5 84.1 81.1 75.5 65.6 55.2 45.9 37.8 30.7 24.7 20.2 16.7 14.1 11.9 10.2 8.7 7.4 6.4 5.5 4.7 4.1 3.6 3.1 2.8 2.5 2.3 2.1 2.0 2.0 2.0 2.0 2.1 2.2 2.4 2.6 2.8 3.2 3.7 4.6 5.7 6.8 7.9 9.2 10.5 12.0 13.9 16.0 18.5 20.6 22.0 23.2 24.2 25.2 26.0 26.8 27.4 27.9 28.4 28.7 29.0 29.2 29.1 29.0 28.9 28.6 28.3 27.7 27.0 26.2 25.3 24.1 23.0 21.7 20.3 19.1
30.0 33.1 36.3 39.7 43.3 46.9 50.4 53.5 56.2 58.7 61.2 63.5 65.9 68.1 70.0 71.8 73.3 74.6 75.4 75.6 75.0 73.0 67.3 58.6 50.0 42.4 35.7 29.7 24.2 19.8 16.4 13.8 11.7 10.0 8.5 7.2 6.2 5.3 4.5 3.9 3.4 2.9 2.6 2.3 2.1 2.0 1.9 1.8 1.8 1.9 1.9 2.1 2.2 2.5 2.8 3.3 4.2 5.4 6.5 7.6 8.7 9.9 11.2 12.8 14.7 17.0 19.8 22.7 24.5 25.7 26.7 27.6 28.4 29.1 29.7 30.2 30.6 31.0 31.3 31.3 31.3 31.2 31.0 30.7 30.3 29.8 29.1 28.2 27.2 25.9 24.5 23.0 21.5 20.0
21.9 24.4 27.1 29.9 32.9 35.9 38.9 41.8 44.4 46.9 49.3 51.6 53.9 56.1 58.1 59.9 61.7 63.2 64.3 65.0 65.1 63.6 58.3 51.5 44.9 38.9 33.5 28.4 23.7 19.5 16.1 13.5 11.4 9.7 8.3 7.1 6.0 5.1 4.3 3.7 3.2 2.8 2.4 2.2 2.0 1.8 1.7 1.7 1.7 1.7 1.8 2.0 2.1 2.4 2.9 3.9 5.1 6.2 7.2 8.2 9.3 10.5 11.8 13.4 15.3 17.6 20.5 23.9 26.7 28.1 29.1 30.0 30.8 31.4 31.9 32.4 32.8 33.1 33.3 33.4 33.3 33.2 33.0 32.7 32.3 31.7 30.9 29.9 28.8 27.4 25.9 24.2 22.5 20.9
15.2 17.2 19.3 21.6 24.1 26.6 29.1 31.6 34.0 36.3 38.6 40.8 42.9 44.9 46.9 48.8 50.5 52.1 53.4 54.4 54.8 53.8 49.7 44.9 40.2 35.6 31.3 27.2 23.2 19.3 15.9 13.2 11.2 9.5 8.1 6.9 5.8 4.9 4.2 3.5 3.0 2.6 2.3 2.0 1.8 1.7 1.6 1.5 1.6 1.6 1.7 1.9 2.1 2.6 3.6 4.7 5.8 6.8 7.8 8.8 9.8 10.9 12.2 13.8 15.7 18.1 20.9 24.6 28.3 30.5 31.4 32.2 33.0 33.6 34.0 34.4 34.7 35.0 35.3 35.3 35.2 35.1 34.8 34.5 33.9 33.3 32.5 31.5 30.2 28.8 27.1 25.3 23.5 21.8
9.8 11.3 12.9 14.8 16.8 18.8 20.9 23.0 25.1 27.1 29.1 31.1 33.1 34.9 36.8 38.5 40.2 41.7 43.0 44.1 44.7 44.2 41.9 39.0 35.8 32.5 29.2 25.9 22.6 19.3 16.1 13.2 11.0 9.3 7.9 6.7 5.6 4.7 4.0 3.4 2.9 2.4 2.1 1.9 1.7 1.5 1.5 1.4 1.4 1.5 1.6 1.9 2.5 3.4 4.5 5.5 6.4 7.3 8.2 9.2 10.2 11.3 12.6 14.1 16.0 18.3 21.1 24.6 28.6 32.1 33.5 34.3 35.0 35.4 35.8 36.1 36.4 36.6 36.7 36.8 36.7 36.6 36.5 35.9 35.4 34.8 33.9 32.8 31.5 29.9 28.1 26.2 24.3 22.6
5.5 6.5 7.8 9.2 10.7 12.4 14.1 15.8 17.6 19.3 21.1 22.8 24.5 26.2 27.8 29.4 30.9 32.3 33.5 34.6 35.4 35.7 35.1 33.9 32.1 29.8 27.3 24.7 22.0 19.2 16.4 13.7 11.3 9.3 7.7 6.5 5.4 4.6 3.8 3.2 2.7 2.3 2.0 1.7 1.5 1.4 1.3 1.3 1.4 1.5 1.8 2.5 3.4 4.3 5.2 6.0 6.9 7.7 8.6 9.5 10.5 11.6 12.9 14.4 16.1 18.4 21.1 24.3 28.3 32.6 35.1 36.1 36.7 37.1 37.4 37.7 38.0 38.0 38.0 38.1 38.0 37.9 37.6 37.2 36.7 36.0 35.1 33.9 32.5 30.9 29.1 27.1 25.1 23.3
2.1 2.8 3.7 4.8 5.9 7.2 8.5 9.9 11.4 12.8 14.3 15.8 17.2 18.7 20.1 21.5 22.8 24.0 25.2 26.1 27.2 28.7 29.6 29.6 28.8 27.4 25.6 23.6 21.4 19.0 16.6 14.2 12.0 9.8 7.9 6.5 5.3 4.4 3.7 3.1 2.6 2.2 1.9 1.6 1.4 1.3 1.3 1.3 1.5 2.0 2.6 3.4 4.2 5.0 5.8 6.5 7.3 8.1 8.9 9.8 10.7 11.8 13.0 14.5 16.2 18.3 20.8 23.9 27.6 32.0 36.1 37.6 38.2 38.5 38.8 39.0 39.2 39.2 39.2 39.2 39.0 39.0 38.8 38.2 37.6 37.0 36.0 34.8 33.4 31.8 29.9 27.8 25.8 23.9
0.0 0.0 0.6 1.3 2.1 3.0 4.1 5.2 6.3 7.5 8.7 10.0 11.2 12.4 13.6 14.8 15.9 16.9 17.9 18.9 20.5 23.3 25.2 26.0 26.0 25.3 24.1 22.5 20.7 18.7 16.6 14.6 12.6 10.6 8.8 7.2 5.8 4.6 3.7 3.1 2.6 2.2 1.9 1.6 1.5 1.4 1.6 1.9 2.4 2.9 3.6 4.2 4.9 5.5 6.2 6.9 7.6 8.3 9.1 10.0 10.9 11.9 13.1 14.5 16.2 18.1 20.4 23.2 26.7 30.6 35.0 38.2 39.3 39.7 39.9 40.0 40.2 40.2 40.1 40.1 40.1 39.7 39.3 39.1 38.5 37.8 36.8 35.6 34.1 32.5 30.6 28.5 26.4 24.4
0.0 0.0 0.0 0.0 0.0 0.0 0.5 1.4 2.3 3.2 4.2 5.2 6.2 7.2 8.2 9.2 10.1 11.0 11.8 12.9 15.6 19.2 21.8 23.3 23.8 23.6 22.8 21.6 20.1 18.4 16.6 14.7 13.0 11.2 9.6 8.1 6.8 5.6 4.6 3.8 3.2 2.8 2.5 2.3 2.3 2.4 2.6 2.9 3.3 3.8 4.3 4.8 5.4 6.0 6.6 7.2 7.8 8.6 9.3 10.2 11.1 12.1 13.2 14.6 16.1 17.9 20.0 22.5 25.6 29.1 33.1 37.3 39.8 40.5 40.7 40.8 40.8 40.8 40.9 40.9 40.5 40.4 40.1 39.6 39.0 38.3 37.3 36.2 34.7 33.1 31.2 29.1 26.9 24.9
0.0 0.0 0.0 0.0 0.0 0.0 0.0 0.0 0.0 0.0 0.5 1.3 2.1 2.9 3.8 4.6 5.3 6.0 6.7 8.1 12.2 16.4 19.4 21.2 22.1 22.1 21.6 20.7 19.4 18.0 16.4 14.8 13.2 11.6 10.1 8.8 7.6 6.5 5.6 4.9 4.3 3.8 3.5 3.4 3.3 3.4 3.5 3.8 4.1 4.4 4.8 5.3 5.7 6.3 6.8 7.4 8.0 8.7 9.5 10.4 11.3 12.2 13.4 14.6 16.0 17.6 19.5 21.7 24.4 27.5 31.0 35.0 38.8 40.8 41.3 41.4 41.4 41.3 41.3 41.2 41.1 40.8 40.4 39.9 39.3 38.6 37.7 36.6 35.2 33.5 31.6 29.5 27.4 25.4
0.0 0.0 0.0 0.0 0.0 0.0 0.0 0.0 0.0 0.0 0.0 0.0 0.0 0.0 0.1 0.7 1.4 2.0 2.7 5.1 10.2 14.6 17.7 19.7 20.7 20.9 20.6 19.9 18.8 17.5 16.1 14.7 13.2 11.8 10.5 9.3 8.2 7.2 6.4 5.7 5.1 4.7 4.4 4.2 4.1 4.1 4.2 4.4 4.6 4.9 5.2 5.6 6.0 6.5 7.0 7.6 8.2 8.9 9.7 10.5 11.4 12.4 13.4 14.6 15.9 17.4 19.0 21.0 23.3 25.9 28.9 32.2 36.0 39.5 41.3 41.8 41.8 41.7 41.6 41.5 41.3 41.1 40.6 40.2 39.6 38.8 37.9 36.8 35.4 33.8 31.9 29.8 27.7 25.7
0.0 0.0 0.0 0.0 0.0 0.0 0.0 0.0 0.0 0.0 0.0 0.0 0.0 0.0 0.0 0.0 0.0 0.0 0.0 4.0 9.3 13.6 16.6 18.5 19.5 19.9 19.7 19.1 18.2 17.1 15.8 14.5 13.1 11.8 10.6 9.5 8.5 7.6 6.9 6.2 5.7 5.3 5.0 4.8 4.7 4.6 4.7 4.8 4.9 5.2 5.5 5.8 6.2 6.6 7.2 7.7 8.4 9.1 9.9 10.7 11.6 12.5 13.6 14.7 15.9 17.2 18.7 20.4 22.3 24.5 26.9 29.7 32.8 36.2 39.3 41.3 41.9 41.9 41.8 41.7 41.4 41.2 40.9 40.4 39.7 39.0 38.1 37.0 35.6 34.0 32.1 30.1 27.9 25.9
0.0 0.0 0.0 0.0 0.0 0.0 0.0 0.0 0.0 0.0 0.0 0.0 0.0 0.0 0.0 0.0 0.0 0.0 0.0 4.0 9.1 13.1 15.8 17.7 18.7 19.0 18.9 18.4 17.6 16.6 15.4 14.2 13.0 11.8 10.7 9.6 8.7 7.9 7.2 6.6 6.0 5.6 5.3 5.1 5.0 5.0 5.0 5.0 5.2 5.4 5.6 6.0 6.3 6.8 7.3 7.9 8.5 9.3 10.0 10.9 11.8 12.7 13.7 14.7 15.8 17.0 18.3 19.8 21.4 23.2 25.2 27.4 29.9 32.6 35.5 38.3 40.5 41.4 41.7 41.7 41.5 41.2 40.9 40.4 39.9 39.1 38.2 37.1 35.8 34.1 32.2 30.1 28.0 26.0
0.0 0.0 0.0 0.0 0.0 0.0 0.0 0.0 0.0 0.0 0.0 0.0 0.0 0.0 0.0 0.0 0.0 0.0 0.0 4.8 9.4 12.9 15.4 17.0 17.9 18.3 18.2 17.7 17.0 16.0 15.0 13.9 12.8 11.7 10.6 9.6 8.8 8.0 7.3 6.7 6.2 5.9 5.6 5.4 5.2 5.1 5.1 5.2 5.3 5.5 5.8 6.1 6.5 6.9 7.4 8.0 8.7 9.4 10.2 11.1 12.0 12.9 13.9 14.9 15.9 17.0 18.1 19.3 20.6 22.1 23.7 25.5 27.4 29.6 31.8 34.1 36.3 38.1 39.7 40.8 40.9 40.7 40.3 39.9 39.3 38.6 37.7 36.5 35.1 33.4 31.3 29.2 27.3 25.5
0.0 0.0 0.0 0.0 0.0 0.0 0.0 0.0 0.0 0.0 0.0 0.0 0.0 0.0 0.0 0.0 0.0 0.0 0.9 6.0 9.9 12.9 15.0 16.4 17.2 17.5 17.4 17.0 16.4 15.5 14.6 13.6 12.5 11.5 10.5 9.6 8.7 8.0 7.3 6.8 6.3 6.0 5.7 5.5 5.3 5.2 5.2 5.3 5.4 5.6 5.8 6.2 6.5 7.0 7.5 8.1 8.8 9.6 10.4 11.3 12.2 13.1 14.1 15.0 16.0 17.0 18.0 19.0 20.1 21.3 22.5 23.9 25.4 27.0 28.7 30.4 32.1 33.7 35.1 36.3 37.1 37.5 37.5 37.2 36.6 35.7 34.5 33.0 31.4 29.7 27.9 26.2 24.6 23.1
0.0 0.0 0.0 0.0 0.0 0.0 0.0 0.0 0.0 0.0 0.0 0.0 0.0 0.0 0.0 0.0 0.0 0.0 2.9 7.2 10.5 13.0 14.8 15.9 16.6 16.8 16.7 16.4 15.7 15.0 14.1 13.2 12.2 11.3 10.3 9.4 8.6 7.9 7.3 6.8 6.3 6.0 5.7 5.5 5.4 5.3 5.3 5.3 5.4 5.6 5.9 6.2 6.6 7.1 7.6 8.3 9.0 9.8 10.6 11.5 12.5 13.4 14.3 15.2 16.1 17.0 17.9 18.8 19.7 20.6 21.6 22.7 23.8 25.0 26.3 27.6 28.7 29.8 30.9 31.8 32.4 32.8 32.8 32.5 32.0 31.2 30.1 28.9 27.5 26.1 24.6 23.2 22.0 20.8
0.0 0.0 0.0 0.0 0.0 0.0 0.0 0.0 0.0 0.0 0.0 0.0 0.0 0.0 0.0 0.0 0.0 0.6 4.8 8.3 11.0 13.0 14.5 15.4 16.0 16.2 16.1 15.7 15.2 14.5 13.7 12.8 11.9 11.0 10.1 9.3 8.5 7.8 7.2 6.7 6.3 6.0 5.7 5.5 5.3 5.3 5.3 5.3 5.4 5.7 5.9 6.3 6.7 7.2 7.8 8.4 9.2 10.0 10.9 11.8 12.7 13.6 14.6 15.4 16.3 17.1 17.9 18.7 19.4 20.2 21.0 21.8 22.6 23.5 24.4 25.2 26.1 26.9 27.6 28.2 28.6 28.7 28.7 28.5 28.0 27.3 26.4 25.4 24.3 23.2 22.1 20.9 19.9 19.0
0.2 0.0 0.0 0.0 0.0 0.0 0.0 0.0 0.0 0.0 0.0 0.0 0.0 0.0 0.0 0.0 0.0 3.1 6.5 9.2 11.3 13.0 14.1 14.9 15.3 15.5 15.4 15.1 14.6 13.9 13.2 12.4 11.6 10.7 9.9 9.1 8.4 7.7 7.2 6.7 6.3 5.9 5.7 5.5 5.3 5.3 5.3 5.3 5.4 5.6 5.9 6.3 6.7 7.3 7.9 8.6 9.3 10.2 11.1 12.0 13.0 13.9 14.8 15.7 16.5 17.2 18.0 18.6 19.3 19.9 20.5 21.1 21.7 22.3 22.9 23.5 24.1 24.6 25.1 25.4 25.7 25.7 25.6 25.3 24.9 24.3 23.6 22.8 21.9 21.0 20.1 19.2 18.3 17.6
1.8 0.0 0.0 0.0 0.0 0.0 0.0 0.0 0.0 0.0 0.0 0.0 0.0 0.0 0.0 0.0 2.0 5.1 7.7 9.9 11.5 12.9 13.8 14.3 14.7 14.7 14.7 14.4 13.9 13.4 12.7 12.0 11.2 10.4 9.6 8.9 8.2 7.6 7.1 6.6 6.2 5.9 5.6 5.4 5.3 5.2 5.2 5.3 5.4 5.6 5.9 6.3 6.8 7.3 8.0 8.7 9.5 10.4 11.3 12.3 13.3 14.2 15.1 15.9 16.7 17.4 18.1 18.7 19.2 19.7 20.2 20.6 21.1 21.5 21.9 22.3 22.7 23.0 23.2 23.4 23.5 23.5 23.3 23.0 22.6 22.1 21.5 20.8 20.1 19.4 18.6 17.9 17.2 16.5
3.5 1.1 0.0 0.0 0.0 0.0 0.0 0.0 0.0 0.0 0.0 0.0 0.0 0.0 0.0 1.5 4.3 6.7 8.7 10.3 11.6 12.6 13.3 13.8 14.0 14.1 14.0 13.7 13.3 12.8 12.2 11.6 10.8 10.1 9.4 8.7 8.1 7.5 7.0 6.5 6.1 5.8 5.6 5.4 5.3 5.2 5.2 5.3 5.4 5.7 5.9 6.3 6.8 7.3 8.0 8.7 9.5 10.4 11.4 12.5 13.5 14.5 15.4 16.2 17.0 17.7 18.2 18.8 19.2 19.7 20.0 20.4 20.7 21.0 21.2 21.5 21.7 21.8 21.9 22.0 21.9 21.8 21.6 21.3 21.0 20.5 20.0 19.4 18.8 18.2 17.5 16.9 16.3 15.7
5.2 2.8 0.5 0.0 0.0 0.0 0.0 0.0 0.0 0.0 0.0 0.0 0.0 0.0 1.6 3.9 6.0 7.8 9.3 10.6 11.5 12.3 12.8 13.2 13.4 13.4 13.3 13.1 12.8 12.3 11.8 11.2 10.5 9.9 9.2 8.6 8.0 7.4 6.9 6.5 6.1 5.7 5.5 5.3 5.2 5.1 5.1 5.2 5.3 5.5 5.7 6.0 6.4 6.9 7.5 8.2 9.0 9.8 10.9 12.0 13.2 14.4 15.4 16.3 17.1 17.8 18.4 18.9 19.3 19.6 19.9 20.2 20.4 20.6 20.8 20.9 21.0 21.0 21.0 21.0 20.9 20.7 20.5 20.2 19.8 19.4 18.9 18.4 17.9 17.3 16.8 16.2 15.7 15.1
6.8 4.5 2.2 0.0 0.0 0.0 0.0 0.0 0.0 0.0 0.0 0.0 0.1 2.1 3.9 5.7 7.2 8.6 9.7 10.6 11.4 12.0 12.4 12.6 12.8 12.8 12.7 12.5 12.2 11.8 11.4 10.8 10.3 9.6 9.0 8.3 7.7 7.2 6.7 6.2 5.8 5.4 5.1 4.9 4.7 4.6 4.5 4.5 4.6 4.7 4.9 5.2 5.5 5.9 6.4 7.0 7.7 8.5 9.4 10.5 11.6 12.9 14.1 15.5 16.8 17.7 18.4 19.0 19.4 19.7 19.9 20.1 20.3 20.4 20.4 20.5 20.5 20.4 20.4 20.3 20.1 19.9 19.7 19.4 19.0 18.6 18.2 17.7 17.2 16.7 16.2 15.7 15.2 14.7
8.2 6.1 3.9 1.6 0.0 0.0 0.0 0.0 0.0 0.0 0.0 1.3 2.8 4.2 5.6 6.9 8.0 9.0 9.9 10.6 11.1 11.6 11.9 12.1 12.2 12.3 12.2 12.0 11.8 11.5 11.0 10.5 9.9 9.3 8.4 7.7 7.0 6.4 5.8 5.4 5.0 4.6 4.4 4.1 4.0 3.9 3.8 3.8 3.8 3.9 4.1 4.3 4.6 4.9 5.3 5.9 6.5 7.2 8.0 8.9 9.9 11.0 12.2 13.4 14.8 16.1 17.5 18.7 19.2 19.7 19.9 20.1 20.2 20.2 20.3 20.3 20.2 20.1 20.0 19.8 19.6 19.4 19.2 18.9 18.5 18.1 17.7 17.3 16.8 16.3 15.8 15.3 14.8 14.4
9.5 7.6 5.5 3.4 1.8 0.8 0.5 0.6 1.1 1.8 2.7 3.7 4.7 5.8 6.8 7.7 8.5 9.3 9.9 10.4 10.9 11.2 11.5 11.7 11.8 11.8 11.8 11.6 11.4 11.2 10.7 10.0 9.1 8.2 7.4 6.7 6.0 5.4 5.0 4.5 4.2 3.9 3.7 3.5 3.3 3.2 3.2 3.1 3.2 3.3 3.4 3.6 3.8 4.1 4.5 4.9 5.4 6.0 6.7 7.5 8.3 9.3 10.3 11.4 12.6 13.8 15.2 16.5 17.8 19.0 19.6 19.9 20.1 20.2 20.2 20.1 20.0 19.9 19.8 19.5 19.3 19.1 18.9 18.5 18.2 17.9 17.4 16.9 16.5 16.0 15.5 15.1 14.6 14.1
10.5 8.9 7.1 5.4 4.3 3.5 3.2 3.2 3.5 3.9 4.5 5.3 6.0 6.8 7.5 8.2 8.8 9.4 9.8 10.3 10.6 10.9 11.1 11.3 11.4 11.5 11.5 11.4 11.2 10.7 9.9 8.9 8.0 7.2 6.4 5.8 5.2 4.7 4.3 3.9 3.6 3.3 3.1 2.9 2.8 2.7 2.6 2.6 2.6 2.7 2.8 3.0 3.2 3.4 3.7 4.1 4.5 5.0 5.6 6.3 7.0 7.8 8.7 9.6 10.6 11.7 12.8 14.0 15.2 16.5 17.7 18.8 19.6 19.9 20.0 20.0 19.9 19.8 19.6 19.4 19.1 18.9 18.6 18.3 18.0 17.7 17.2 16.7 16.2 15.8 15.3 14.9 14.4 13.9
11.2 9.7 8.1 6.8 5.8 5.2 4.9 4.9 5.0 5.3 5.8 6.3 6.8 7.4 7.9 8.4 8.9 9.4 9.8 10.1 10.4 10.7 10.9 11.0 11.2 11.3 11.3 11.2 10.7 9.8 8.9 8.0 7.1 6.4 5.8 5.2 4.7 4.2 3.8 3.4 3.2 2.9 2.7 2.5 2.4 2.3 2.2 2.2 2.2 2.2 2.3 2.5 2.6 2.8 3.1 3.4 3.8 4.2 4.7 5.2 5.9 6.5 7.2 8.0 8.9 9.8 10.8 11.7 12.8 13.9 15.0 16.1 17.1 18.1 18.9 19.4 19.5 19.5 19.4 19.2 19.0 18.7 18.5 18.2 17.9 17.5 17.0 16.5 16.1 15.6 15.2 14.7 14.2 13.7
11.3 9.8 8.5 7.4 6.7 6.2 5.9 5.8 6.0 6.2 6.5 6.9 7.3 7.7 8.2 8.6 9.0 9.4 9.7 10.0 10.3 10.5 10.8 10.9 11.1 11.2 11.3 10.8 10.0 9.0 8.1 7.3 6.6 5.9 5.3 4.7 4.3 3.8 3.4 3.1 2.8 2.6 2.4 2.2 2.1 2.0 1.9 1.9 1.9 1.9 1.9 2.0 2.2 2.3 2.6 2.8 3.1 3.5 3.9 4.3 4.9 5.4 6.0 6.7 7.4 8.2 9.0 9.8 10.7 11.6 12.5 13.4 14.4 15.3 16.1 16.9 17.6 18.3 18.8 18.8 18.7 18.5 18.3 18.1 17.8 17.3 16.9 16.4 16.0 15.5 15.1 14.6 14.1 13.6
10.6 9.4 8.3 7.5 7.0 6.6 6.4 6.3 6.5 6.6 6.9 7.2 7.6 7.9 8.3 8.7 9.1 9.4 9.7 10.0 10.3 10.5 10.8 11.0 11.2 11.3 11.1 10.3 9.4 8.5 7.7 6.9 6.2 5.6 5.0 4.5 4.0 3.6 3.2 2.9 2.6 2.4 2.2 2.0 1.8 1.7 1.7 1.6 1.6 1.6 1.6 1.7 1.8 1.9 2.1 2.3 2.6 2.9 3.2 3.6 4.0 4.5 5.0 5.5 6.1 6.8 7.4 8.1 8.9 9.6 10.4 11.1 11.9 12.7 13.4 14.1 14.8 15.5 16.1 16.6 17.0 17.4 17.7 17.6 17.3 17.0 16.7 16.2 15.8 15.4 15.0 14.4 13.9 13.4
9.5 8.6 7.8 7.3 6.9 6.7 6.5 6.6 6.7 6.9 7.1 7.4 7.7 8.1 8.4 8.8 9.1 9.5 9.8 10.1 10.4 10.7 11.0 11.2 11.4 11.5 10.9 10.0 9.1 8.3 7.5 6.8 6.1 5.5 4.9 4.4 3.9 3.5 3.1 2.8 2.5 2.3 2.0 1.9 1.7 1.6 1.5 1.4 1.4 1.4 1.4 1.4 1.5 1.6 1.7 1.9 2.1 2.4 2.6 2.9 3.3 3.7 4.1 4.6 5.1 5.6 6.1 6.7 7.3 7.9 8.6 9.2 9.8 10.5 11.1 11.7 12.2 12.8 13.3 13.8 14.2 14.7 15.1 15.3 15.4 15.6 15.7 15.6 15.4 15.0 14.7 14.3 13.8 13.3
8.3 7.7 7.2 6.8 6.6 6.5 6.5 6.6 6.7 6.9 7.2 7.5 7.8 8.2 8.5 8.9 9.3 9.6 10.0 10.3 10.7 11.0 11.3 11.6 11.9 11.6 10.9 10.0 9.1 8.3 7.6 6.9 6.2 5.6 5.0 4.5 4.0 3.6 3.2 2.8 2.5 2.2 2.0 1.8 1.6 1.5 1.4 1.3 1.2 1.2 1.2 1.2 1.3 1.3 1.4 1.6 1.7 1.9 2.2 2.4 2.7 3.0 3.4 3.7 4.1 4.6 5.0 5.5 6.0 6.5 7.0 7.6 8.1 8.6 9.1 9.6 10.0 10.5 10.9 11.3 11.7 12.0 12.3 12.6 12.8 13.0 13.2 13.3 13.3 13.4 13.4 13.5 13.3 12.9
7.3 6.9 6.6 6.4 6.3 6.2 6.3 6.5 6.7 6.9 7.2 7.6 7.9 8.3 8.7 9.1 9.5 9.9 10.3 10.7 11.1 11.5 11.8 12.2 12.4 12.0 11.1 10.3 9.4 8.6 7.9 7.2 6.5 5.9 5.3 4.7 4.2 3.7 3.3 3.0 2.6 2.3 2.1 1.8 1.6 1.5 1.3 1.2 1.1 1.1 1.1 1.1 1.1 1.1 1.2 1.3 1.4 1.6 1.7 2.0 2.2 2.4 2.7 3.0 3.4 3.7 4.1 4.5 4.9 5.3 5.7 6.2 6.6 7.0 7.4 7.8 8.2 8.5 8.9 9.2 9.5 9.8 10.0 10.2 10.4 10.6 10.7 10.9 10.9 11.0 11.1 11.2 11.3 11.3
6.3 6.1 5.9 5.9 5.9 6.0 6.1 6.3 6.6 6.9 7.2 7.6 8.0 8.4 8.9 9.3 9.8 10.3 10.7 11.2 11.6 12.0 12.5 12.8 13.1 12.6 11.7 10.9 10.0 9.2 8.4 7.7 7.0 6.3 5.7 5.1 4.5 4.0 3.6 3.2 2.8 2.4 2.2 1.9 1.7 1.5 1.3 1.2 1.1 1.0 1.0 1.0 1.0 1.0 1.0 1.1 1.2 1.3 1.4 1.6 1.8 2.0 2.2 2.4 2.7 3.0 3.3 3.6 3.9 4.3 4.6 5.0 5.3 5.7 6.0 6.3 6.6 6.9 7.2 7.5 7.7 7.9 8.1 8.3 8.4 8.6 8.7 8.8 8.9 8.9 9.0 9.1 9.2 9.3
5.4 5.3 5.3 5.4 5.5 5.7 5.9 6.2 6.5 6.9 7.3 7.7 8.1 8.7 9.2 9.7 10.2 10.7 11.2 11.7 12.2 12.7 13.1 13.6 13.9 13.4 12.6 11.7 10.8 10.0 9.2 8.4 7.6 6.9 6.2 5.6 5.0 4.4 3.9 3.5 3.0 2.7 2.3 2.0 1.8 1.6 1.4 1.2 1.1 1.0 0.9 0.9 0.9 0.9 0.9 0.9 1.0 1.1 1.2 1.3 1.4 1.6 1.8 2.0 2.2 2.4 2.6 2.9 3.2 3.4 3.7 4.0 4.3 4.6 4.8 5.1 5.4 5.6 5.8 6.0 6.2 6.4 6.5 6.7 6.8 6.9 7.0 7.1 7.1 7.2 7.3 7.3 7.4 7.5
