main/data/rainfall/27.01.2023.grid
ncols 886
nrows 691
xllcenter 112.0000
yllcenter -44.5000
cellsize 0.0500
nodata_value 99999.90
[rows 84 to 125 of 691, columns 282 to 375 of 886]
3.8 3.8 3.9 3.9 4.0 4.0 4.1 4.3 4.4 4.5 4.7 4.8 4.9 5.1 5.3 5.4 5.6 5.7 5.9 6.0 6.2 6.3 6.5 6.5 6.5 6.0 5.4 5.0 4.6 4.2 3.9 3.7 3.6 3.4 3.3 3.3 3.3 3.3 3.4 3.5 3.7 4.0 4.3 4.7 5.1 5.5 5.9 6.3 6.6 6.9 7.1 7.1 6.9 6.4 5.7 4.6 3.3 3.0 3.2 3.4 3.6 3.8 4.0 4.1 4.3 4.4 4.5 4.5 4.6 4.6 4.6 4.5 4.5 4.5 4.4 4.5 4.5 4.6 4.7 4.9 5.0 5.2 5.4 5.6 5.7 5.9 6.2 6.4 6.8 7.2 7.6 8.1 8.5 9.0
3.7 3.7 3.8 3.8 3.9 4.0 4.1 4.3 4.4 4.5 4.7 4.8 5.0 5.1 5.3 5.4 5.5 5.7 5.8 5.9 6.1 6.2 6.3 6.4 6.4 6.0 5.4 4.9 4.4 4.1 3.8 3.6 3.4 3.3 3.2 3.1 3.1 3.1 3.2 3.4 3.6 3.8 4.1 4.5 4.9 5.3 5.7 6.1 6.5 6.8 7.0 7.1 7.0 6.6 5.9 4.8 3.7 3.6 3.8 4.1 4.3 4.5 4.7 4.9 5.1 5.2 5.3 5.4 5.5 5.5 5.5 5.4 5.4 5.4 5.4 5.4 5.5 5.6 5.7 5.9 6.0 6.2 6.3 6.4 6.4 6.5 6.7 6.8 7.1 7.3 7.6 8.0 8.4 8.9
3.6 3.7 3.7 3.8 3.9 4.0 4.1 4.3 4.4 4.5 4.7 4.8 5.0 5.1 5.2 5.4 5.5 5.6 5.8 5.9 6.0 6.1 6.2 6.3 6.3 5.8 5.3 4.7 4.3 3.9 3.6 3.4 3.2 3.1 3.0 2.9 2.9 3.0 3.1 3.2 3.4 3.7 4.0 4.3 4.7 5.1 5.6 6.0 6.4 6.8 7.0 7.1 7.1 6.8 6.2 5.3 4.2 4.2 4.5 4.8 5.1 5.3 5.6 5.8 6.0 6.1 6.3 6.4 6.5 6.5 6.5 6.5 6.5 6.5 6.6 6.6 6.8 6.9 7.1 7.3 7.4 7.5 7.5 7.4 7.3 7.2 7.2 7.2 7.3 7.4 7.6 7.9 8.2 8.5
3.5 3.6 3.6 3.7 3.8 4.0 4.1 4.2 4.4 4.5 4.6 4.8 4.9 5.1 5.2 5.3 5.4 5.5 5.6 5.8 5.9 5.9 6.0 6.1 6.1 5.7 5.1 4.6 4.1 3.8 3.5 3.2 3.1 2.9 2.8 2.8 2.8 2.8 2.9 3.0 3.2 3.5 3.8 4.2 4.5 5.0 5.4 5.9 6.3 6.7 7.0 7.2 7.2 7.0 6.6 5.8 5.0 5.0 5.3 5.6 6.0 6.2 6.5 6.8 7.0 7.2 7.4 7.5 7.6 7.7 7.7 7.8 7.8 7.9 8.0 8.2 8.4 8.6 8.8 9.1 9.2 9.2 9.0 8.7 8.4 8.1 7.8 7.6 7.5 7.4 7.5 7.6 7.8 7.9
3.4 3.5 3.6 3.7 3.8 3.9 4.0 4.2 4.3 4.4 4.5 4.6 4.8 4.9 5.0 5.1 5.2 5.3 5.5 5.6 5.7 5.8 5.8 5.9 5.9 5.5 4.9 4.4 3.9 3.6 3.3 3.1 2.9 2.7 2.7 2.6 2.6 2.7 2.7 2.9 3.1 3.3 3.6 4.0 4.4 4.8 5.3 5.7 6.2 6.6 7.0 7.2 7.4 7.4 7.1 6.6 5.9 5.9 6.2 6.6 7.0 7.3 7.6 7.9 8.2 8.4 8.6 8.8 8.9 9.1 9.2 9.3 9.4 9.6 9.8 10.1 10.4 10.8 11.1 11.4 11.5 11.3 10.9 10.4 9.7 9.1 8.5 8.0 7.6 7.4 7.2 7.2 7.2 7.3
3.3 3.4 3.5 3.6 3.7 3.8 3.9 4.0 4.1 4.3 4.4 4.5 4.6 4.7 4.8 4.9 5.0 5.2 5.3 5.4 5.5 5.5 5.6 5.7 5.6 5.2 4.6 4.1 3.7 3.4 3.1 2.9 2.7 2.6 2.5 2.5 2.5 2.5 2.6 2.7 2.9 3.2 3.5 3.8 4.2 4.6 5.1 5.6 6.0 6.5 7.0 7.3 7.6 7.7 7.7 7.4 7.0 7.0 7.4 7.8 8.2 8.6 8.9 9.3 9.6 9.8 10.1 10.3 10.5 10.7 10.9 11.1 11.3 11.6 12.0 12.4 12.9 13.4 13.9 14.2 14.2 13.9 13.3 12.3 11.3 10.3 9.3 8.5 7.8 7.3 6.9 6.7 6.6 6.6
3.1 3.2 3.3 3.4 3.5 3.6 3.7 3.9 4.0 4.1 4.2 4.3 4.4 4.5 4.6 4.7 4.8 5.0 5.1 5.2 5.2 5.3 5.4 5.4 5.3 4.9 4.3 3.9 3.5 3.2 2.9 2.7 2.6 2.5 2.4 2.3 2.3 2.4 2.5 2.6 2.8 3.0 3.3 3.6 4.0 4.4 4.9 5.4 5.9 6.4 6.9 7.4 7.8 8.2 8.4 8.4 8.3 8.4 8.8 9.3 9.7 10.1 10.5 10.9 11.2 11.5 11.8 12.1 12.4 12.7 12.9 13.3 13.6 14.1 14.6 15.2 15.9 16.5 17.1 17.4 17.3 16.8 15.8 14.5 13.1 11.6 10.2 9.0 8.0 7.2 6.6 6.2 5.9 5.7
2.9 3.1 3.1 3.2 3.3 3.5 3.6 3.7 3.8 3.9 4.0 4.1 4.2 4.3 4.4 4.5 4.6 4.7 4.8 4.9 4.9 5.0 5.1 5.1 5.0 4.5 4.1 3.6 3.3 3.0 2.7 2.5 2.4 2.3 2.2 2.2 2.2 2.2 2.3 2.5 2.6 2.9 3.2 3.5 3.8 4.3 4.7 5.2 5.8 6.4 6.9 7.5 8.1 8.6 9.1 9.5 9.7 10.1 10.6 11.1 11.5 12.0 12.4 12.8 13.2 13.6 13.9 14.2 14.6 15.0 15.4 15.8 16.3 16.9 17.6 18.4 19.2 19.9 20.5 20.7 20.5 19.7 18.5 16.8 14.9 13.0 11.2 9.7 8.3 7.2 6.3 5.6 5.1 4.8
2.7 2.9 2.9 3.0 3.1 3.2 3.3 3.4 3.5 3.6 3.7 3.9 4.0 4.0 4.1 4.2 4.3 4.4 4.5 4.6 4.6 4.7 4.7 4.7 4.6 4.2 3.7 3.3 3.1 2.8 2.5 2.4 2.3 2.2 2.1 2.1 2.1 2.1 2.2 2.3 2.5 2.7 3.0 3.3 3.7 4.1 4.5 5.1 5.6 6.3 6.9 7.6 8.4 9.1 9.9 10.6 11.3 12.0 12.5 13.1 13.6 14.1 14.6 15.0 15.5 15.9 16.3 16.7 17.1 17.6 18.1 18.7 19.3 20.1 20.9 21.8 22.6 23.3 23.8 23.9 23.4 22.4 20.9 18.9 16.7 14.4 12.3 10.4 8.6 7.2 6.1 5.2 4.5 4.0
2.5 2.6 2.7 2.8 2.9 3.0 3.1 3.2 3.3 3.4 3.5 3.6 3.6 3.7 3.8 3.9 4.0 4.1 4.1 4.2 4.3 4.3 4.4 4.4 4.2 3.8 3.5 3.1 2.8 2.6 2.4 2.2 2.1 2.0 2.0 1.9 2.0 2.0 2.1 2.2 2.3 2.6 2.8 3.1 3.5 3.9 4.3 4.9 5.5 6.2 6.9 7.8 8.7 9.7 10.7 11.9 13.0 14.0 14.7 15.3 15.9 16.4 16.9 17.4 17.9 18.4 18.9 19.3 19.8 20.4 21.0 21.7 22.4 23.3 24.2 25.1 25.8 26.5 26.8 26.6 26.0 24.8 23.0 20.7 18.2 15.7 13.3 11.1 9.1 7.4 6.0 4.9 4.0 3.3
2.2 2.3 2.4 2.5 2.6 2.7 2.8 2.9 3.0 3.1 3.2 3.2 3.3 3.4 3.5 3.6 3.7 3.7 3.8 3.9 4.0 4.0 4.0 4.0 3.8 3.5 3.2 2.9 2.6 2.4 2.2 2.1 2.0 1.9 1.8 1.8 1.8 1.9 1.9 2.0 2.2 2.4 2.6 2.9 3.2 3.6 4.1 4.7 5.3 6.0 6.9 7.9 9.0 10.2 11.6 13.1 14.7 15.9 16.7 17.4 18.1 18.7 19.3 19.8 20.4 20.9 21.4 22.0 22.5 23.1 23.8 24.5 25.3 26.3 27.1 27.9 28.6 29.1 29.1 28.8 27.9 26.6 24.5 22.1 19.6 16.9 14.3 11.8 9.6 7.7 6.1 4.8 3.7 2.8
1.9 2.0 2.1 2.2 2.3 2.4 2.5 2.6 2.6 2.7 2.8 2.9 3.0 3.1 3.2 3.3 3.4 3.4 3.5 3.5 3.6 3.7 3.7 3.7 3.4 3.2 2.9 2.7 2.5 2.3 2.1 2.0 1.9 1.8 1.7 1.7 1.7 1.7 1.8 1.9 2.0 2.2 2.4 2.7 3.0 3.4 3.8 4.4 5.1 5.9 6.8 7.9 9.2 10.7 12.5 14.4 16.2 17.4 18.4 19.2 20.0 20.7 21.4 22.0 22.6 23.2 23.8 24.3 24.9 25.6 26.2 27.0 27.8 28.6 29.3 30.1 30.7 31.0 30.9 30.4 29.2 27.8 25.6 23.3 20.5 17.8 15.1 12.5 10.1 8.0 6.3 4.8 3.5 2.5
1.6 1.7 1.7 1.8 1.9 2.0 2.1 2.2 2.3 2.4 2.5 2.6 2.7 2.7 2.8 2.9 3.0 3.1 3.2 3.2 3.3 3.3 3.4 3.3 3.1 2.9 2.7 2.5 2.3 2.1 2.0 1.8 1.8 1.6 1.6 1.5 1.5 1.6 1.6 1.7 1.8 2.0 2.2 2.4 2.7 3.1 3.5 4.1 4.8 5.7 6.7 7.9 9.4 11.2 13.2 15.4 17.1 18.4 19.6 20.6 21.5 22.3 23.0 23.7 24.4 25.0 25.6 26.2 26.8 27.5 28.1 28.8 29.5 30.3 30.9 31.5 31.9 32.0 31.8 31.0 29.9 28.3 26.3 23.9 21.2 18.4 15.7 13.0 10.6 8.4 6.5 4.9 3.5 2.3
1.2 1.3 1.4 1.5 1.6 1.7 1.8 1.9 2.0 2.1 2.2 2.2 2.3 2.4 2.5 2.6 2.7 2.8 2.9 2.9 3.0 3.0 3.0 3.0 2.9 2.7 2.5 2.3 2.2 2.0 1.9 1.7 1.6 1.5 1.4 1.4 1.4 1.4 1.5 1.6 1.7 1.8 2.0 2.3 2.5 2.9 3.3 3.8 4.5 5.4 6.4 7.8 9.4 11.4 13.5 15.5 17.3 18.8 20.2 21.4 22.4 23.3 24.1 24.9 25.6 26.3 26.9 27.5 28.1 28.7 29.3 30.0 30.6 31.2 31.8 32.2 32.4 32.4 32.2 31.3 30.2 28.4 26.4 24.1 21.5 18.8 16.1 13.5 11.0 8.8 6.8 5.0 3.5 2.3
0.9 1.0 1.1 1.2 1.3 1.4 1.5 1.6 1.7 1.7 1.8 1.9 2.0 2.1 2.2 2.3 2.4 2.5 2.6 2.6 2.7 2.8 2.8 2.8 2.6 2.5 2.4 2.2 2.1 1.9 1.7 1.6 1.5 1.4 1.3 1.3 1.3 1.4 1.4 1.5 1.6 1.7 1.9 2.1 2.4 2.7 3.1 3.5 4.1 5.0 6.0 7.3 9.0 10.9 12.9 15.0 17.0 18.7 20.3 21.6 22.7 23.8 24.7 25.5 26.2 26.9 27.6 28.2 28.7 29.3 29.9 30.5 31.1 31.6 32.0 32.3 32.4 32.3 32.1 31.2 29.8 28.3 26.3 24.0 21.6 19.0 16.3 13.7 11.3 9.1 7.0 5.2 3.7 2.4
0.5 0.6 0.7 0.8 0.9 1.0 1.1 1.2 1.3 1.5 1.5 1.6 1.8 1.8 1.9 2.0 2.1 2.2 2.3 2.4 2.5 2.6 2.6 2.6 2.5 2.4 2.3 2.1 1.9 1.8 1.6 1.5 1.4 1.3 1.3 1.3 1.3 1.3 1.4 1.4 1.5 1.6 1.8 2.0 2.2 2.5 2.9 3.3 3.8 4.5 5.5 6.7 8.2 10.0 12.1 14.2 16.2 18.2 19.8 21.3 22.6 23.7 24.7 25.6 26.3 27.1 27.7 28.3 28.9 29.4 29.9 30.4 30.9 31.3 31.7 31.9 32.0 31.8 31.3 30.5 29.2 27.8 26.0 23.7 21.4 18.9 16.3 13.9 11.5 9.3 7.2 5.4 3.8 2.5
0.2 0.3 0.4 0.5 0.6 0.7 0.8 1.0 1.1 1.2 1.3 1.4 1.5 1.6 1.7 1.8 1.9 2.0 2.1 2.2 2.3 2.5 2.5 2.5 2.5 2.4 2.3 2.1 1.9 1.7 1.5 1.4 1.3 1.3 1.2 1.2 1.2 1.3 1.3 1.3 1.4 1.6 1.7 1.9 2.1 2.4 2.7 3.0 3.5 4.2 5.0 6.1 7.5 9.2 11.1 13.2 15.3 17.3 19.1 20.6 22.0 23.2 24.3 25.2 26.0 26.8 27.4 28.0 28.6 29.0 29.5 29.9 30.4 30.9 31.0 31.1 31.3 30.9 30.4 29.6 28.7 27.2 25.4 23.4 21.0 18.7 16.2 13.8 11.6 9.4 7.3 5.6 4.0 2.6
0.0 0.1 0.2 0.3 0.4 0.5 0.6 0.7 0.8 0.9 1.0 1.1 1.2 1.4 1.5 1.6 1.7 1.9 2.0 2.1 2.3 2.4 2.5 2.6 2.5 2.4 2.3 2.1 1.9 1.7 1.5 1.4 1.3 1.2 1.2 1.1 1.1 1.2 1.2 1.3 1.4 1.5 1.6 1.8 2.0 2.2 2.5 2.8 3.3 3.8 4.6 5.5 6.8 8.3 10.1 12.0 14.1 16.1 18.0 19.7 21.2 22.5 23.6 24.6 25.4 26.2 26.9 27.4 27.9 28.4 28.8 29.1 29.6 30.2 30.0 30.4 30.4 29.9 29.4 28.5 27.6 26.3 24.5 22.8 20.4 18.3 15.9 13.7 11.5 9.4 7.5 5.7 4.1 2.8
0.0 0.0 0.0 0.0 0.1 0.2 0.4 0.5 0.6 0.7 0.8 0.9 1.1 1.2 1.3 1.5 1.6 1.8 2.0 2.2 2.4 2.5 2.7 2.7 2.7 2.5 2.4 2.1 1.8 1.6 1.5 1.3 1.2 1.2 1.1 1.1 1.1 1.1 1.2 1.2 1.3 1.4 1.5 1.7 1.9 2.1 2.3 2.6 3.0 3.5 4.2 5.0 6.1 7.5 9.1 10.9 12.9 14.9 16.8 18.5 20.1 21.4 22.6 23.7 24.6 25.4 26.0 26.6 27.1 27.5 27.8 28.1 28.5 29.0 29.3 29.2 29.3 28.6 28.0 27.2 26.2 25.0 23.3 21.7 19.6 17.7 15.6 13.4 11.3 9.3 7.4 5.7 4.2 2.9
0.0 0.0 0.0 0.0 0.0 0.1 0.2 0.3 0.4 0.5 0.6 0.8 0.9 1.1 1.2 1.4 1.6 1.8 2.1 2.3 2.6 2.8 3.0 3.0 2.9 2.7 2.5 2.2 1.9 1.6 1.4 1.3 1.2 1.1 1.1 1.0 1.0 1.1 1.2 1.2 1.3 1.4 1.5 1.6 1.8 2.0 2.2 2.5 2.8 3.2 3.8 4.5 5.5 6.7 8.1 9.8 11.7 13.6 15.5 17.2 18.8 20.3 21.5 22.6 23.5 24.3 25.1 25.7 26.1 26.4 26.7 27.0 27.1 27.6 27.7 27.8 27.4 27.1 26.6 26.1 24.9 23.7 22.3 20.6 18.9 16.9 14.9 12.9 10.8 9.0 7.2 5.6 4.2 3.0
0.0 0.0 0.0 0.0 0.0 0.0 0.0 0.1 0.3 0.4 0.5 0.7 0.8 1.0 1.2 1.4 1.7 2.0 2.3 2.6 2.9 3.2 3.3 3.4 3.2 3.0 2.6 2.2 1.9 1.6 1.4 1.3 1.2 1.1 1.0 1.0 1.0 1.1 1.1 1.2 1.2 1.3 1.4 1.5 1.7 1.9 2.1 2.3 2.6 3.0 3.5 4.1 4.9 6.0 7.3 8.8 10.5 12.3 14.1 15.8 17.5 18.9 20.2 21.4 22.3 23.2 23.9 24.6 25.0 25.2 25.4 25.8 25.8 25.9 26.0 26.1 26.2 25.9 25.6 25.2 23.5 22.4 21.2 19.6 17.9 16.1 14.2 12.3 10.4 8.6 7.0 5.5 4.2 3.0
0.0 0.0 0.0 0.0 0.0 0.0 0.0 0.1 0.2 0.3 0.5 0.6 0.8 1.0 1.3 1.6 1.9 2.2 2.5 2.9 3.3 3.6 3.7 3.7 3.5 3.2 2.8 2.3 2.0 1.6 1.4 1.3 1.1 1.1 1.0 1.0 1.0 1.0 1.1 1.1 1.2 1.3 1.3 1.5 1.6 1.8 2.0 2.2 2.5 2.8 3.2 3.8 4.5 5.4 6.5 7.9 9.4 11.0 12.8 14.4 16.0 17.5 18.8 20.0 21.1 21.9 22.7 23.3 23.8 24.1 24.1 24.6 24.9 24.7 24.7 24.6 24.4 24.3 24.2 23.1 22.1 21.0 19.8 18.4 16.9 15.1 13.4 11.7 9.8 8.2 6.7 5.4 4.1 3.0
0.0 0.0 0.0 0.0 0.0 0.0 0.0 0.0 0.2 0.3 0.5 0.7 0.9 1.2 1.4 1.8 2.1 2.5 2.9 3.3 3.7 4.1 4.2 4.1 3.8 3.4 2.9 2.4 2.0 1.7 1.4 1.3 1.1 1.1 1.1 1.0 1.0 1.0 1.0 1.1 1.1 1.2 1.3 1.4 1.5 1.7 1.9 2.1 2.3 2.6 3.0 3.5 4.1 4.9 5.9 7.0 8.4 9.9 11.4 13.1 14.6 16.1 17.4 18.6 19.7 20.5 21.2 21.9 22.5 22.5 23.1 23.0 23.6 23.5 23.2 23.0 23.4 22.7 22.6 21.9 20.7 19.7 18.6 17.4 15.7 13.9 12.3 10.8 9.2 7.8 6.4 5.1 4.0 3.0
0.0 0.0 0.0 0.0 0.0 0.0 0.0 0.1 0.2 0.4 0.6 0.8 1.0 1.3 1.7 2.0 2.5 2.9 3.4 3.8 4.2 4.5 4.6 4.5 4.1 3.7 3.1 2.5 2.1 1.8 1.5 1.3 1.1 1.1 1.0 1.0 1.0 1.0 1.0 1.0 1.0 1.1 1.2 1.3 1.4 1.6 1.8 2.0 2.2 2.5 2.8 3.3 3.8 4.5 5.3 6.3 7.5 8.8 10.3 11.8 13.2 14.6 16.0 17.2 18.2 19.1 19.8 20.4 21.0 21.6 21.8 22.2 21.8 21.8 21.6 21.5 21.7 21.3 20.8 20.3 19.3 18.6 17.2 16.1 14.3 12.8 11.4 10.0 8.6 7.3 6.0 4.9 3.8 2.9
0.0 0.0 0.0 0.0 0.0 0.0 0.0 0.1 0.3 0.5 0.7 0.9 1.2 1.6 2.0 2.4 2.9 3.4 3.9 4.3 4.7 4.9 5.0 4.8 4.5 3.9 3.3 2.7 2.2 1.8 1.5 1.3 1.2 1.1 1.0 1.0 1.0 0.9 0.9 0.8 0.7 0.7 0.8 1.0 1.2 1.5 1.7 1.9 2.1 2.4 2.7 3.1 3.5 4.1 4.8 5.7 6.8 7.9 9.2 10.5 11.9 13.3 14.5 15.7 16.8 17.8 18.5 19.3 19.7 20.3 20.3 20.3 20.0 20.0 20.0 20.0 19.9 19.8 19.5 18.7 17.9 17.1 15.7 14.5 13.2 11.9 10.6 9.2 7.9 6.7 5.6 4.6 3.7 2.8
0.0 0.0 0.0 0.0 0.0 0.0 0.1 0.2 0.4 0.6 0.9 1.2 1.5 1.9 2.3 2.8 3.3 3.9 4.4 4.9 5.2 5.4 5.4 5.1 4.7 4.1 3.4 2.8 2.3 1.9 1.6 1.3 1.2 1.0 1.0 1.0 1.0 0.9 0.7 0.5 0.4 0.4 0.4 0.6 0.9 1.3 1.6 1.8 2.0 2.3 2.6 2.9 3.3 3.9 4.5 5.3 6.1 7.2 8.3 9.5 10.7 12.0 13.2 14.3 15.4 16.5 17.2 17.8 18.3 18.9 19.1 18.8 18.7 18.5 18.5 18.6 18.8 18.4 18.0 17.7 16.9 15.6 14.5 13.4 12.1 10.9 9.7 8.5 7.3 6.2 5.2 4.3 3.5 2.8
0.0 0.0 0.0 0.0 0.0 0.1 0.2 0.4 0.6 0.8 1.1 1.4 1.8 2.2 2.7 3.2 3.8 4.3 4.9 5.4 5.6 5.8 5.7 5.5 4.9 4.3 3.7 3.0 2.4 1.9 1.6 1.4 1.2 1.1 1.0 0.9 0.9 0.8 0.5 0.3 0.1 0.1 0.1 0.3 0.6 1.0 1.4 1.5 1.9 2.2 2.5 2.8 3.2 3.7 4.2 4.9 5.6 6.5 7.5 8.6 9.7 10.8 11.9 13.0 14.0 14.9 15.7 16.6 17.1 17.3 17.7 17.5 17.4 17.3 17.4 17.7 17.4 17.1 16.8 16.6 15.3 14.4 13.4 12.3 11.1 10.0 8.8 7.7 6.7 5.7 4.8 4.0 3.3 2.7
0.0 0.0 0.0 0.0 0.2 0.3 0.4 0.6 0.8 1.1 1.4 1.8 2.2 2.6 3.2 3.7 4.3 4.9 5.4 5.8 6.0 6.1 6.1 5.7 5.2 4.5 3.8 3.1 2.5 2.0 1.6 1.4 1.2 1.1 1.0 0.9 0.8 0.6 0.3 0.1 0.0 0.0 0.0 0.1 0.4 0.7 1.0 1.3 1.9 2.2 2.4 2.7 3.1 3.5 4.0 4.6 5.3 6.0 6.9 7.8 8.7 9.9 10.7 11.7 12.8 13.8 14.4 15.3 15.7 15.9 16.2 16.3 16.4 16.5 16.9 16.5 16.3 16.1 15.7 15.3 14.1 13.2 12.2 11.2 10.1 9.0 8.0 7.0 6.1 5.2 4.5 3.8 3.2 2.6
0.0 0.1 0.1 0.3 0.4 0.5 0.7 0.9 1.1 1.4 1.7 2.1 2.6 3.1 3.6 4.2 4.8 5.4 5.9 6.2 6.4 6.4 6.3 6.0 5.4 4.7 4.0 3.3 2.7 2.1 1.7 1.5 1.2 1.1 1.0 0.9 0.6 0.3 0.1 0.0 0.0 0.0 0.0 0.0 0.2 0.5 0.8 1.2 1.9 2.2 2.4 2.7 3.0 3.4 3.9 4.4 5.0 5.6 6.3 7.1 8.0 8.8 9.8 10.7 11.7 12.4 13.3 14.1 14.7 14.8 15.1 15.4 15.7 16.2 16.0 15.6 15.4 15.4 14.9 13.7 12.9 12.1 11.1 10.2 9.2 8.2 7.2 6.4 5.5 4.8 4.1 3.5 3.0 2.6
0.2 0.3 0.4 0.5 0.6 0.8 1.0 1.2 1.5 1.8 2.1 2.5 3.0 3.6 4.1 4.7 5.3 5.8 6.3 6.5 6.7 6.7 6.5 6.2 5.6 4.9 4.2 3.4 2.8 2.3 1.8 1.5 1.3 1.2 1.0 0.7 0.3 0.1 0.0 0.0 0.0 0.0 0.0 0.0 0.2 0.4 0.6 1.0 1.8 2.2 2.5 2.8 3.0 3.4 3.8 4.3 4.8 5.3 5.9 6.6 7.4 8.1 9.0 9.7 10.6 11.4 12.3 13.0 13.4 13.8 14.2 14.4 14.6 14.9 14.9 15.1 14.9 13.7 13.2 12.6 11.8 11.0 10.1 9.2 8.2 7.4 6.5 5.7 5.0 4.4 3.8 3.3 2.9 2.6
0.6 0.6 0.7 0.8 1.0 1.1 1.3 1.5 1.8 2.2 2.5 3.0 3.5 4.0 4.6 5.2 5.8 6.2 6.6 6.9 7.0 7.0 6.8 6.4 5.8 5.1 4.4 3.6 2.9 2.4 2.0 1.6 1.4 1.2 1.0 0.6 0.2 0.0 0.0 0.0 0.0 0.0 0.0 0.0 0.1 0.3 0.5 0.9 1.6 2.3 2.5 2.7 3.0 3.3 3.7 4.1 4.6 5.1 5.7 6.2 6.8 7.4 8.2 8.9 9.7 10.5 11.1 11.8 12.3 12.9 13.0 13.3 13.6 13.9 14.1 14.1 13.1 12.7 12.2 11.5 10.8 10.0 9.1 8.2 7.4 6.6 5.8 5.1 4.5 4.0 3.5 3.2 2.9 2.7
0.9 1.0 1.1 1.2 1.4 1.5 1.7 2.0 2.3 2.6 3.0 3.5 4.0 4.5 5.1 5.7 6.2 6.6 7.0 7.3 7.3 7.2 7.0 6.6 6.0 5.3 4.6 3.8 3.1 2.5 2.1 1.7 1.5 1.3 1.1 0.7 0.3 0.0 0.0 0.0 0.0 0.0 0.0 0.0 0.2 0.4 0.6 1.0 1.6 2.2 2.2 2.5 2.9 3.0 3.2 3.6 4.1 4.8 5.4 5.9 6.4 6.9 7.6 8.2 8.7 9.4 10.1 10.7 11.2 11.7 12.2 12.4 12.7 12.7 12.6 12.4 12.1 11.7 11.2 10.5 9.8 9.0 8.1 7.4 6.6 5.8 5.1 4.6 4.1 3.6 3.3 3.1 2.9 2.8
1.4 1.5 1.6 1.7 1.8 2.0 2.2 2.4 2.8 3.1 3.5 4.0 4.5 5.0 5.6 6.1 6.6 7.0 7.3 7.5 7.6 7.5 7.3 6.8 6.2 5.5 4.8 4.0 3.3 2.7 2.2 1.9 1.6 1.4 1.2 1.0 0.4 0.0 0.0 0.0 0.0 0.0 0.0 0.0 0.2 0.5 0.8 1.1 1.5 2.0 2.2 2.5 2.6 2.9 3.1 3.4 3.8 4.4 5.0 5.6 6.0 6.6 7.0 7.4 7.9 8.6 9.1 9.7 10.2 10.7 11.1 11.6 11.8 11.9 11.7 11.5 11.2 10.8 10.2 9.5 8.8 8.0 7.3 6.5 5.8 5.2 4.6 4.1 3.7 3.4 3.2 3.0 2.9 2.9
2.0 2.0 2.1 2.2 2.4 2.5 2.7 3.0 3.3 3.6 4.0 4.5 5.0 5.5 6.0 6.6 7.0 7.4 7.6 7.8 7.8 7.7 7.4 7.0 6.4 5.7 5.0 4.2 3.5 2.9 2.4 2.0 1.7 1.5 1.4 1.2 0.7 0.0 0.0 0.0 0.0 0.0 0.0 0.0 0.3 0.6 1.0 1.3 1.6 2.2 2.5 2.6 2.7 3.0 3.3 3.5 3.8 4.2 4.7 5.3 5.7 6.1 6.5 6.9 7.3 7.8 8.2 8.8 9.3 9.8 10.2 10.7 10.7 10.8 10.8 10.6 10.3 9.8 9.2 8.5 7.8 7.1 6.4 5.7 5.0 4.5 4.0 3.7 3.4 3.1 3.0 3.0 3.0 3.0
2.7 2.7 2.8 2.9 3.0 3.1 3.3 3.6 3.8 4.2 4.6 5.0 5.5 6.0 6.4 6.9 7.3 7.7 7.9 8.0 8.0 7.9 7.6 7.2 6.6 5.9 5.2 4.4 3.8 3.2 2.7 2.3 2.0 1.7 1.5 1.4 1.0 0.5 0.0 0.0 0.0 0.0 0.0 0.2 0.5 0.9 1.3 1.6 2.0 2.5 2.7 2.9 3.1 3.4 3.6 3.9 4.1 4.3 4.6 5.0 5.4 5.8 6.1 6.4 6.7 7.1 7.5 8.0 8.5 8.8 9.2 9.7 9.8 9.9 9.9 9.7 9.3 8.8 8.2 7.6 6.9 6.2 5.5 4.9 4.3 3.9 3.5 3.3 3.1 2.9 2.9 2.9 3.0 3.2
3.5 3.5 3.5 3.6 3.7 3.8 4.0 4.2 4.4 4.8 5.1 5.5 5.9 6.4 6.9 7.3 7.6 7.9 8.2 8.3 8.2 8.1 7.8 7.4 6.8 6.1 5.4 4.7 4.0 3.4 2.9 2.5 2.2 1.9 1.8 1.6 1.3 0.9 0.4 0.0 0.0 0.0 0.1 0.5 0.9 1.3 1.6 1.9 2.3 2.8 3.1 3.3 3.7 3.9 4.1 4.3 4.4 4.5 4.6 4.9 5.2 5.5 5.7 6.0 6.2 6.5 6.9 7.2 7.6 8.0 8.3 8.6 8.9 9.0 9.0 8.8 8.4 7.9 7.3 6.7 6.0 5.3 4.7 4.2 3.7 3.4 3.1 2.9 2.8 2.8 2.8 2.9 3.1 3.2
4.3 4.3 4.3 4.3 4.4 4.5 4.6 4.8 5.0 5.3 5.6 6.0 6.4 6.8 7.2 7.5 7.9 8.1 8.3 8.4 8.4 8.2 7.9 7.5 7.0 6.3 5.6 5.0 4.3 3.7 3.2 2.8 2.5 2.2 2.0 1.9 1.8 1.4 1.0 0.4 0.2 0.4 0.7 1.3 1.7 2.0 2.2 2.4 2.7 3.1 3.5 3.8 4.1 4.4 4.6 4.7 4.7 4.7 4.7 4.8 5.0 5.3 5.4 5.5 5.7 6.0 6.3 6.5 6.9 7.2 7.5 7.8 8.0 8.1 8.1 7.8 7.5 7.0 6.4 5.7 5.1 4.5 4.0 3.5 3.1 2.9 2.7 2.6 2.6 2.6 2.7 2.8 3.0 3.2
5.2 5.2 5.1 5.1 5.1 5.2 5.3 5.4 5.6 5.8 6.1 6.4 6.7 7.1 7.4 7.7 8.0 8.2 8.4 8.5 8.5 8.3 8.0 7.6 7.1 6.6 6.0 5.3 4.6 4.0 3.5 3.1 2.8 2.5 2.3 2.2 2.2 2.1 1.9 1.5 1.3 1.3 1.5 2.0 2.4 2.4 2.9 3.0 3.2 3.6 3.8 4.2 4.6 4.8 4.9 4.9 4.9 4.8 4.7 4.7 4.8 5.0 5.0 5.1 5.3 5.5 5.7 5.9 6.2 6.5 6.8 7.0 7.1 7.2 7.2 6.9 6.5 6.0 5.5 4.8 4.2 3.7 3.2 2.8 2.6 2.4 2.3 2.3 2.3 2.4 2.5 2.7 2.9 3.2
6.1 6.0 6.0 5.9 5.8 5.8 5.8 5.9 6.0 6.2 6.4 6.7 6.9 7.3 7.5 7.8 8.1 8.3 8.5 8.5 8.5 8.3 8.1 7.7 7.3 6.7 6.2 5.5 4.9 4.4 3.9 3.5 3.2 2.9 2.7 2.6 2.5 2.5 2.5 2.2 2.2 2.2 2.4 2.7 3.0 3.1 3.5 3.7 4.0 4.1 4.3 4.6 4.8 5.0 5.0 5.0 4.9 4.7 4.6 4.5 4.5 4.6 4.8 4.8 4.9 5.0 5.2 5.4 5.6 5.8 6.0 6.2 6.3 6.3 6.2 6.0 5.6 5.1 4.5 3.9 3.4 2.9 2.6 2.3 2.1 2.0 1.9 2.0 2.0 2.2 2.3 2.5 2.8 3.0
6.9 6.7 6.6 6.5 6.4 6.3 6.3 6.3 6.4 6.5 6.6 6.8 7.1 7.3 7.6 7.8 8.1 8.3 8.4 8.5 8.5 8.3 8.1 7.8 7.4 6.9 6.4 5.8 5.3 4.7 4.3 3.9 3.6 3.3 3.2 3.0 3.0 2.9 2.9 2.6 2.9 3.1 3.3 3.5 3.7 3.7 4.0 4.2 4.5 4.6 4.6 4.8 5.0 5.1 5.1 5.0 4.8 4.6 4.4 4.2 4.3 4.5 4.5 4.5 4.6 4.6 4.7 4.8 4.9 5.1 5.2 5.4 5.5 5.5 5.3 5.1 4.7 4.1 3.6 3.1 2.6 2.2 2.0 1.8 1.6 1.6 1.6 1.6 1.8 1.9 2.1 2.3 2.6 2.9
7.4 7.3 7.2 7.1 6.8 6.7 6.6 6.6 6.6 6.6 6.7 6.9 7.1 7.3 7.5 7.7 7.9 8.1 8.2 8.3 8.3 8.3 8.1 7.8 7.5 7.1 6.6 6.1 5.6 5.1 4.7 4.3 4.0 3.8 3.7 3.6 3.5 3.5 3.4 3.2 3.4 3.7 3.9 4.1 4.3 4.4 4.6 4.7 5.0 5.0 5.0 5.1 5.0 5.1 5.0 4.8 4.6 4.4 4.1 4.0 4.0 4.2 4.2 4.2 4.2 4.2 4.2 4.3 4.4 4.5 4.5 4.6 4.6 4.6 4.4 4.1 3.7 3.3 2.8 2.3 1.9 1.6 1.4 1.3 1.2 1.2 1.2 1.3 1.4 1.6 1.8 2.1 2.4 2.6
7.9 7.7 7.5 7.4 7.2 6.9 6.8 6.6 6.6 6.6 6.6 6.8 6.9 7.1 7.2 7.4 7.6 7.8 8.0 8.1 8.2 8.1 8.0 7.8 7.5 7.2 6.8 6.3 5.9 5.5 5.1 4.8 4.5 4.3 4.2 4.1 4.1 4.0 4.1 4.1 4.2 4.4 4.6 4.8 5.0 5.1 5.2 5.4 5.5 5.4 5.5 5.3 5.3 5.2 5.0 4.8 4.5 4.2 4.0 3.8 3.8 4.0 4.0 3.9 3.8 3.8 3.8 3.8 3.8 3.8 3.8 3.8 3.8 3.7 3.6 3.3 2.9 2.5 2.0 1.6 1.3 1.1 1.0 0.9 0.8 0.9 0.9 1.0 1.2 1.3 1.6 1.8 2.1 2.4
