main/data/rainfall/27.01.2023.grid
ncols 886
nrows 691
xllcenter 112.0000
yllcenter -44.5000
cellsize 0.0500
nodata_value 99999.90
[rows 126 to 167 of 691, columns 470 to 563 of 886]
0.0 0.0 0.0 0.0 0.0 0.0 0.0 0.0 0.0 0.0 0.0 0.1 0.1 0.2 0.2 0.3 0.3 0.4 0.4 0.5 0.5 0.6 0.6 0.6 0.6 0.6 0.6 0.6 0.6 0.6 0.6 0.6 0.5 0.5 0.5 0.4 0.4 0.4 0.4 0.3 0.3 0.3 0.3 0.2 0.2 0.2 0.1 0.1 0.1 0.1 0.1 0.1 0.1 0.0 0.0 0.0 0.0 0.0 0.0 0.0 0.0 0.0 0.0 0.0 0.0 0.0 0.0 0.0 0.0 0.0 0.0 0.0 0.0 0.0 0.0 0.0 0.0 0.0 0.0 0.0 0.0 0.0 0.0 0.0 0.0 0.0 0.0 0.0 0.0 0.0 0.2 0.4 0.5 0.6
0.0 0.0 0.0 0.0 0.0 0.0 0.0 0.0 0.0 0.1 0.1 0.2 0.3 0.3 0.4 0.4 0.5 0.6 0.6 0.7 0.7 0.7 0.8 0.8 0.8 0.8 0.9 0.9 0.8 0.8 0.8 0.8 0.7 0.7 0.6 0.5 0.5 0.4 0.4 0.4 0.3 0.3 0.3 0.2 0.2 0.2 0.1 0.1 0.1 0.1 0.0 0.0 0.0 0.0 0.0 0.0 0.0 0.0 0.0 0.0 0.0 0.0 0.0 0.0 0.0 0.0 0.0 0.0 0.0 0.0 0.0 0.0 0.0 0.0 0.0 0.0 0.0 0.0 0.0 0.0 0.0 0.0 0.0 0.0 0.0 0.0 0.0 0.0 0.0 0.0 0.0 0.2 0.4 0.6
0.0 0.0 0.0 0.0 0.0 0.0 0.0 0.1 0.1 0.2 0.3 0.3 0.4 0.5 0.6 0.6 0.7 0.7 0.8 0.9 0.9 1.0 1.0 1.0 1.1 1.1 1.1 1.1 1.1 1.1 1.0 1.0 0.9 0.8 0.7 0.6 0.6 0.5 0.4 0.4 0.3 0.3 0.2 0.2 0.2 0.1 0.1 0.1 0.0 0.0 0.0 0.0 0.0 0.0 0.0 0.0 0.0 0.0 0.0 0.0 0.0 0.0 0.0 0.0 0.0 0.0 0.0 0.0 0.0 0.0 0.0 0.0 0.0 0.0 0.0 0.0 0.0 0.0 0.0 0.0 0.0 0.0 0.0 0.0 0.0 0.0 0.0 0.0 0.0 0.0 0.0 0.0 0.3 0.5
0.0 0.0 0.0 0.0 0.0 0.1 0.2 0.2 0.3 0.4 0.4 0.5 0.6 0.7 0.7 0.8 0.9 1.0 1.0 1.1 1.2 1.2 1.3 1.3 1.3 1.4 1.4 1.4 1.4 1.3 1.3 1.2 1.1 1.0 0.8 0.7 0.6 0.5 0.5 0.4 0.3 0.3 0.2 0.2 0.1 0.1 0.0 0.0 0.0 0.0 0.0 0.0 0.0 0.0 0.0 0.0 0.0 0.0 0.0 0.0 0.0 0.0 0.0 0.0 0.0 0.0 0.0 0.0 0.0 0.0 0.0 0.0 0.0 0.0 0.0 0.0 0.0 0.0 0.0 0.0 0.0 0.0 0.0 0.0 0.0 0.0 0.0 0.0 0.0 0.0 0.0 0.0 0.1 0.3
0.1 0.1 0.1 0.1 0.2 0.2 0.3 0.4 0.5 0.5 0.6 0.7 0.8 0.9 1.0 1.0 1.1 1.2 1.3 1.4 1.4 1.5 1.5 1.6 1.6 1.7 1.7 1.7 1.7 1.6 1.6 1.5 1.3 1.1 0.9 0.8 0.7 0.6 0.5 0.4 0.3 0.2 0.2 0.1 0.1 0.0 0.0 0.0 0.0 0.0 0.0 0.0 0.0 0.0 0.0 0.0 0.0 0.0 0.0 0.0 0.0 0.0 0.0 0.0 0.0 0.0 0.0 0.0 0.0 0.0 0.0 0.0 0.0 0.0 0.0 0.0 0.0 0.0 0.0 0.0 0.0 0.0 0.0 0.0 0.0 0.0 0.0 0.0 0.0 0.0 0.0 0.0 0.0 0.1
0.2 0.2 0.2 0.2 0.3 0.4 0.5 0.5 0.6 0.7 0.8 0.9 1.0 1.1 1.2 1.3 1.4 1.5 1.5 1.6 1.7 1.8 1.8 1.9 1.9 2.0 2.0 2.0 2.0 1.9 1.9 1.8 1.5 1.3 1.1 0.9 0.7 0.6 0.5 0.4 0.3 0.2 0.1 0.1 0.0 0.0 0.0 0.0 0.0 0.0 0.0 0.0 0.0 0.0 0.0 0.0 0.0 0.0 0.0 0.0 0.0 0.0 0.0 0.0 0.0 0.0 0.0 0.0 0.0 0.0 0.0 0.0 0.0 0.0 0.0 0.0 0.0 0.0 0.0 0.0 0.0 0.0 0.0 0.0 0.0 0.0 0.0 0.0 0.0 0.0 0.0 0.0 0.0 0.0
0.3 0.3 0.3 0.4 0.5 0.5 0.6 0.7 0.8 0.9 1.0 1.1 1.2 1.3 1.4 1.5 1.6 1.7 1.8 1.9 2.0 2.0 2.1 2.2 2.2 2.3 2.3 2.3 2.3 2.2 2.1 2.0 1.7 1.4 1.1 0.9 0.7 0.6 0.4 0.3 0.2 0.1 0.1 0.0 0.0 0.0 0.0 0.0 0.0 0.0 0.0 0.0 0.0 0.0 0.0 0.0 0.0 0.0 0.0 0.0 0.0 0.0 0.0 0.0 0.0 0.0 0.0 0.0 0.0 0.0 0.0 0.0 0.0 0.0 0.0 0.0 0.0 0.0 0.0 0.0 0.0 0.0 0.0 0.0 0.0 0.0 0.0 0.0 0.0 0.0 0.0 0.0 0.0 0.0
0.4 0.4 0.5 0.5 0.6 0.7 0.8 0.9 1.0 1.1 1.2 1.4 1.5 1.6 1.7 1.8 1.9 2.0 2.1 2.1 2.2 2.3 2.4 2.4 2.5 2.5 2.6 2.6 2.5 2.5 2.4 2.2 1.8 1.5 1.2 1.0 0.7 0.6 0.4 0.3 0.2 0.1 0.1 0.0 0.0 0.0 0.0 0.0 0.0 0.0 0.0 0.0 0.0 0.0 0.0 0.0 0.0 0.0 0.0 0.0 0.0 0.0 0.0 0.0 0.0 0.0 0.0 0.0 0.0 0.0 0.0 0.0 0.0 0.0 0.0 0.0 0.0 0.0 0.0 0.0 0.0 0.0 0.0 0.0 0.0 0.0 0.0 0.0 0.0 0.0 0.0 0.0 0.0 0.0
0.5 0.5 0.6 0.7 0.8 0.9 1.0 1.1 1.2 1.4 1.5 1.6 1.7 1.8 1.9 2.0 2.1 2.2 2.3 2.4 2.5 2.6 2.6 2.7 2.7 2.8 2.8 2.8 2.8 2.7 2.5 2.3 1.9 1.6 1.2 1.0 0.7 0.6 0.4 0.3 0.2 0.1 0.1 0.0 0.0 0.0 0.0 0.0 0.0 0.0 0.0 0.0 0.0 0.0 0.0 0.0 0.0 0.0 0.0 0.0 0.0 0.0 0.0 0.0 0.0 0.0 0.0 0.0 0.0 0.0 0.0 0.0 0.0 0.0 0.0 0.0 0.0 0.0 0.0 0.0 0.0 0.0 0.0 0.0 0.0 0.0 0.0 0.0 0.0 0.0 0.0 0.0 0.0 0.0
0.6 0.7 0.8 0.9 1.0 1.1 1.2 1.3 1.5 1.6 1.7 1.8 1.9 2.0 2.1 2.2 2.3 2.4 2.5 2.6 2.7 2.8 2.8 2.9 2.9 3.0 3.0 3.0 2.9 2.8 2.6 2.4 2.0 1.6 1.3 1.0 0.7 0.5 0.4 0.3 0.2 0.1 0.1 0.0 0.0 0.0 0.0 0.0 0.0 0.0 0.0 0.0 0.0 0.0 0.0 0.0 0.0 0.0 0.0 0.0 0.0 0.0 0.0 0.0 0.0 0.0 0.0 0.0 0.0 0.0 0.0 0.0 0.0 0.0 0.0 0.0 0.0 0.0 0.0 0.0 0.0 0.0 0.0 0.0 0.0 0.0 0.0 0.0 0.0 0.0 0.0 0.0 0.0 0.0
0.8 0.8 0.9 1.0 1.2 1.3 1.4 1.5 1.7 1.8 1.9 2.0 2.1 2.3 2.4 2.5 2.6 2.7 2.8 2.8 2.9 3.0 3.0 3.1 3.2 3.2 3.2 3.1 3.1 2.9 2.7 2.4 2.0 1.6 1.2 0.9 0.7 0.5 0.4 0.3 0.2 0.1 0.0 0.0 0.0 0.0 0.0 0.0 0.0 0.0 0.0 0.0 0.0 0.0 0.0 0.0 0.0 0.0 0.0 0.0 0.0 0.0 0.0 0.0 0.0 0.0 0.0 0.0 0.0 0.0 0.0 0.0 0.0 0.0 0.0 0.0 0.0 0.0 0.0 0.0 0.0 0.0 0.0 0.0 0.0 0.0 0.0 0.0 0.0 0.0 0.0 0.0 0.0 0.0
0.9 1.0 1.1 1.2 1.3 1.5 1.6 1.7 1.9 2.0 2.1 2.2 2.3 2.5 2.6 2.7 2.8 2.9 2.9 3.0 3.1 3.2 3.2 3.3 3.3 3.3 3.3 3.3 3.1 3.0 2.7 2.4 2.0 1.5 1.2 0.9 0.6 0.5 0.4 0.3 0.2 0.1 0.0 0.0 0.0 0.0 0.0 0.0 0.0 0.0 0.0 0.0 0.0 0.0 0.0 0.0 0.0 0.0 0.0 0.0 0.0 0.0 0.0 0.0 0.0 0.0 0.0 0.0 0.0 0.0 0.0 0.0 0.0 0.0 0.0 0.0 0.0 0.0 0.0 0.0 0.0 0.0 0.0 0.0 0.0 0.0 0.0 0.0 0.0 0.0 0.0 0.0 0.0 0.0
1.0 1.1 1.3 1.4 1.5 1.7 1.8 1.9 2.1 2.2 2.3 2.4 2.5 2.6 2.7 2.8 2.9 3.0 3.1 3.2 3.3 3.3 3.4 3.4 3.4 3.4 3.4 3.3 3.2 3.0 2.7 2.3 1.9 1.5 1.1 0.8 0.6 0.5 0.3 0.2 0.2 0.1 0.0 0.0 0.0 0.0 0.0 0.0 0.0 0.0 0.0 0.0 0.0 0.0 0.0 0.0 0.0 0.0 0.0 0.0 0.0 0.0 0.0 0.0 0.0 0.0 0.0 0.0 0.0 0.0 0.0 0.0 0.0 0.0 0.0 0.0 0.0 0.0 0.0 0.0 0.0 0.0 0.0 0.0 0.0 0.0 0.0 0.0 0.0 0.0 0.0 0.0 0.0 0.0
1.1 1.2 1.4 1.5 1.7 1.8 2.0 2.1 2.2 2.4 2.5 2.6 2.7 2.8 2.9 3.0 3.1 3.2 3.3 3.3 3.4 3.4 3.5 3.5 3.5 3.6 3.5 3.4 3.3 3.0 2.6 2.2 1.8 1.4 1.0 0.8 0.6 0.4 0.3 0.2 0.2 0.1 0.0 0.0 0.0 0.0 0.0 0.0 0.0 0.0 0.0 0.0 0.0 0.0 0.0 0.0 0.0 0.0 0.0 0.0 0.0 0.0 0.0 0.0 0.0 0.0 0.0 0.0 0.0 0.1 0.1 0.0 0.0 0.0 0.0 0.0 0.0 0.0 0.0 0.0 0.0 0.0 0.0 0.0 0.0 0.0 0.0 0.0 0.0 0.0 0.0 0.0 0.0 0.0
1.1 1.3 1.5 1.7 1.8 2.0 2.1 2.3 2.4 2.5 2.6 2.7 2.8 2.9 3.0 3.1 3.2 3.3 3.4 3.5 3.5 3.5 3.6 3.6 3.6 3.6 3.5 3.4 3.2 3.0 2.6 2.1 1.7 1.3 1.0 0.7 0.5 0.4 0.3 0.2 0.2 0.1 0.0 0.0 0.0 0.0 0.0 0.0 0.0 0.0 0.0 0.0 0.0 0.0 0.0 0.0 0.0 0.0 0.0 0.0 0.0 0.0 0.0 0.0 0.0 0.0 0.1 0.1 0.1 0.1 0.1 0.1 0.1 0.1 0.1 0.0 0.0 0.0 0.0 0.0 0.0 0.0 0.0 0.0 0.0 0.0 0.0 0.0 0.0 0.0 0.0 0.0 0.0 0.0
1.1 1.3 1.5 1.7 1.9 2.1 2.2 2.4 2.5 2.6 2.7 2.9 3.0 3.1 3.2 3.2 3.3 3.4 3.5 3.5 3.6 3.6 3.7 3.7 3.7 3.7 3.6 3.4 3.2 2.9 2.5 2.0 1.6 1.2 0.9 0.7 0.5 0.4 0.3 0.2 0.2 0.1 0.0 0.0 0.0 0.0 0.0 0.0 0.0 0.0 0.0 0.0 0.0 0.0 0.0 0.0 0.0 0.0 0.0 0.0 0.0 0.0 0.0 0.0 0.1 0.1 0.1 0.1 0.1 0.1 0.1 0.1 0.1 0.2 0.2 0.2 0.2 0.2 0.2 0.2 0.2 0.2 0.2 0.3 0.3 0.3 0.3 0.3 0.3 0.3 0.3 0.3 0.2 0.2
1.1 1.2 1.5 1.8 2.0 2.1 2.3 2.4 2.6 2.7 2.8 2.9 3.0 3.1 3.2 3.3 3.4 3.5 3.6 3.6 3.7 3.7 3.7 3.7 3.7 3.7 3.6 3.4 3.2 2.8 2.4 1.9 1.5 1.1 0.9 0.7 0.5 0.4 0.3 0.2 0.2 0.1 0.0 0.0 0.0 0.0 0.0 0.0 0.0 0.0 0.0 0.0 0.0 0.0 0.0 0.0 0.0 0.0 0.0 0.0 0.0 0.0 0.0 0.1 0.1 0.1 0.1 0.1 0.2 0.2 0.2 0.2 0.2 0.3 0.3 0.3 0.4 0.4 0.4 0.5 0.5 0.5 0.6 0.6 0.6 0.7 0.7 0.7 0.7 0.7 0.7 0.7 0.7 0.7
1.0 1.2 1.4 1.7 1.9 2.1 2.3 2.5 2.6 2.8 2.9 3.0 3.1 3.2 3.3 3.4 3.5 3.5 3.6 3.7 3.7 3.8 3.8 3.8 3.8 3.7 3.6 3.4 3.1 2.7 2.3 1.8 1.4 1.1 0.8 0.6 0.5 0.4 0.3 0.2 0.2 0.1 0.1 0.0 0.0 0.0 0.0 0.0 0.0 0.0 0.0 0.0 0.0 0.0 0.0 0.0 0.0 0.0 0.0 0.0 0.0 0.1 0.1 0.1 0.2 0.2 0.2 0.2 0.2 0.2 0.2 0.3 0.3 0.4 0.4 0.5 0.6 0.6 0.7 0.8 0.8 0.9 1.0 1.0 1.1 1.1 1.1 1.2 1.2 1.2 1.2 1.2 1.2 1.2
0.9 1.0 1.2 1.5 1.8 2.0 2.2 2.4 2.6 2.7 2.9 3.0 3.1 3.2 3.3 3.4 3.5 3.6 3.7 3.7 3.8 3.8 3.8 3.8 3.8 3.7 3.6 3.3 3.0 2.6 2.1 1.7 1.3 1.0 0.8 0.6 0.5 0.4 0.3 0.2 0.2 0.1 0.1 0.0 0.0 0.0 0.0 0.0 0.0 0.0 0.0 0.0 0.0 0.0 0.0 0.0 0.0 0.0 0.0 0.0 0.1 0.1 0.2 0.2 0.2 0.2 0.2 0.2 0.2 0.3 0.3 0.4 0.5 0.5 0.6 0.7 0.8 0.9 1.0 1.1 1.2 1.3 1.4 1.5 1.5 1.6 1.6 1.7 1.7 1.7 1.8 1.8 1.7 1.7
0.7 0.9 1.1 1.3 1.6 1.8 2.0 2.3 2.5 2.7 2.8 3.0 3.1 3.2 3.3 3.4 3.5 3.6 3.7 3.8 3.8 3.8 3.8 3.8 3.8 3.7 3.5 3.2 2.8 2.4 2.0 1.6 1.3 1.0 0.8 0.6 0.5 0.4 0.3 0.2 0.2 0.1 0.1 0.0 0.0 0.0 0.0 0.0 0.0 0.0 0.0 0.0 0.0 0.0 0.0 0.0 0.0 0.0 0.1 0.1 0.2 0.2 0.2 0.3 0.3 0.3 0.3 0.3 0.3 0.3 0.4 0.5 0.6 0.7 0.8 1.0 1.1 1.2 1.4 1.5 1.6 1.7 1.8 1.9 2.0 2.1 2.2 2.2 2.3 2.3 2.3 2.3 2.3 2.3
0.5 0.7 0.8 1.0 1.3 1.5 1.8 2.0 2.3 2.5 2.7 2.9 3.0 3.2 3.3 3.4 3.5 3.6 3.7 3.8 3.8 3.8 3.9 3.8 3.8 3.6 3.2 2.9 2.5 2.1 1.8 1.5 1.2 1.0 0.8 0.6 0.5 0.4 0.3 0.3 0.2 0.2 0.1 0.1 0.0 0.0 0.0 0.0 0.0 0.0 0.0 0.0 0.0 0.0 0.0 0.0 0.0 0.1 0.1 0.2 0.2 0.3 0.3 0.3 0.3 0.3 0.3 0.3 0.3 0.4 0.5 0.6 0.7 0.9 1.1 1.2 1.4 1.5 1.7 1.8 2.0 2.1 2.3 2.4 2.5 2.6 2.7 2.8 2.8 2.9 2.9 2.9 2.9 2.9
0.4 0.5 0.6 0.8 1.0 1.2 1.5 1.7 2.0 2.3 2.5 2.7 2.9 3.1 3.2 3.4 3.5 3.6 3.7 3.8 3.8 3.9 3.8 3.7 3.5 3.2 2.9 2.6 2.3 1.9 1.7 1.4 1.2 0.9 0.8 0.6 0.5 0.4 0.4 0.3 0.3 0.2 0.2 0.1 0.1 0.1 0.0 0.0 0.0 0.0 0.0 0.0 0.0 0.0 0.0 0.1 0.1 0.2 0.2 0.3 0.3 0.3 0.4 0.4 0.4 0.3 0.3 0.3 0.4 0.5 0.6 0.7 0.9 1.1 1.3 1.5 1.6 1.8 2.0 2.2 2.4 2.5 2.7 2.8 3.0 3.1 3.2 3.3 3.4 3.5 3.5 3.5 3.5 3.5
0.2 0.3 0.4 0.6 0.7 0.9 1.2 1.4 1.7 1.9 2.2 2.5 2.7 2.9 3.1 3.3 3.4 3.6 3.6 3.7 3.7 3.7 3.6 3.4 3.1 2.9 2.6 2.3 2.1 1.8 1.6 1.4 1.1 1.0 0.8 0.7 0.6 0.5 0.4 0.4 0.3 0.3 0.2 0.2 0.1 0.1 0.1 0.1 0.1 0.0 0.0 0.0 0.1 0.1 0.1 0.1 0.2 0.2 0.3 0.3 0.4 0.4 0.4 0.4 0.4 0.4 0.3 0.4 0.4 0.5 0.7 0.9 1.0 1.3 1.5 1.7 1.9 2.1 2.3 2.5 2.7 2.9 3.1 3.3 3.5 3.6 3.8 3.9 4.0 4.1 4.1 4.2 4.2 4.2
0.1 0.2 0.3 0.4 0.5 0.7 0.9 1.1 1.3 1.6 1.9 2.1 2.4 2.7 2.9 3.1 3.3 3.4 3.4 3.4 3.4 3.3 3.2 3.0 2.8 2.6 2.4 2.1 1.9 1.7 1.5 1.3 1.2 1.0 0.8 0.7 0.6 0.5 0.5 0.4 0.4 0.3 0.3 0.2 0.2 0.2 0.2 0.1 0.1 0.1 0.1 0.1 0.1 0.2 0.2 0.2 0.3 0.3 0.4 0.4 0.4 0.5 0.5 0.4 0.4 0.4 0.4 0.4 0.5 0.6 0.8 1.0 1.2 1.4 1.7 1.9 2.1 2.4 2.6 2.8 3.0 3.3 3.5 3.7 3.9 4.1 4.3 4.4 4.5 4.6 4.7 4.8 4.8 4.8
0.1 0.1 0.2 0.3 0.4 0.5 0.6 0.8 1.0 1.2 1.5 1.8 2.1 2.3 2.5 2.7 2.8 2.9 3.0 3.0 2.9 2.9 2.8 2.7 2.5 2.4 2.2 2.0 1.9 1.7 1.5 1.4 1.2 1.0 0.9 0.8 0.7 0.6 0.6 0.5 0.5 0.4 0.4 0.3 0.3 0.3 0.2 0.2 0.2 0.2 0.2 0.2 0.2 0.3 0.3 0.3 0.4 0.4 0.5 0.5 0.5 0.5 0.5 0.5 0.4 0.4 0.4 0.4 0.5 0.7 0.9 1.1 1.3 1.6 1.8 2.1 2.3 2.6 2.9 3.1 3.4 3.6 3.8 4.1 4.3 4.6 4.8 4.9 5.1 5.2 5.3 5.4 5.4 5.4
0.0 0.1 0.1 0.2 0.3 0.4 0.5 0.6 0.8 1.0 1.2 1.4 1.7 1.9 2.1 2.3 2.4 2.5 2.6 2.6 2.6 2.6 2.5 2.4 2.3 2.2 2.1 2.0 1.8 1.7 1.6 1.4 1.3 1.1 1.0 0.9 0.8 0.7 0.7 0.6 0.6 0.5 0.5 0.4 0.4 0.4 0.4 0.3 0.3 0.3 0.3 0.3 0.3 0.4 0.4 0.4 0.5 0.5 0.5 0.6 0.6 0.6 0.5 0.5 0.4 0.4 0.4 0.5 0.6 0.7 0.9 1.2 1.4 1.7 2.0 2.2 2.5 2.8 3.0 3.3 3.6 3.9 4.2 4.5 4.8 5.0 5.2 5.5 5.6 5.8 5.9 6.0 6.1 6.1
0.0 0.0 0.1 0.1 0.2 0.3 0.4 0.5 0.6 0.8 0.9 1.2 1.4 1.6 1.8 2.0 2.1 2.2 2.3 2.3 2.4 2.4 2.4 2.3 2.2 2.2 2.1 2.0 1.9 1.8 1.6 1.5 1.4 1.3 1.2 1.0 1.0 0.9 0.8 0.7 0.7 0.6 0.6 0.6 0.5 0.5 0.5 0.5 0.5 0.4 0.4 0.4 0.5 0.5 0.5 0.5 0.6 0.6 0.6 0.6 0.6 0.6 0.5 0.5 0.4 0.4 0.4 0.5 0.6 0.8 1.0 1.3 1.5 1.8 2.1 2.4 2.7 2.9 3.1 3.4 3.8 4.2 4.5 4.9 5.2 5.5 5.7 6.0 6.2 6.4 6.6 6.7 6.8 6.8
0.0 0.0 0.0 0.1 0.1 0.2 0.3 0.4 0.5 0.6 0.8 0.9 1.1 1.4 1.6 1.7 1.9 2.0 2.1 2.2 2.2 2.3 2.3 2.3 2.2 2.2 2.1 2.0 2.0 1.9 1.8 1.7 1.6 1.5 1.3 1.2 1.1 1.0 1.0 0.9 0.9 0.8 0.8 0.7 0.7 0.7 0.6 0.6 0.6 0.6 0.6 0.6 0.6 0.6 0.6 0.6 0.7 0.7 0.7 0.7 0.7 0.6 0.5 0.5 0.4 0.4 0.4 0.5 0.7 0.8 1.1 1.3 1.6 1.9 2.2 2.5 2.7 2.8 3.1 3.5 3.9 4.4 4.8 5.2 5.6 5.9 6.3 6.5 6.8 7.0 7.2 7.4 7.5 7.6
0.0 0.0 0.0 0.0 0.1 0.2 0.2 0.3 0.4 0.5 0.7 0.8 1.0 1.2 1.4 1.6 1.7 1.9 2.0 2.1 2.2 2.2 2.3 2.3 2.3 2.3 2.2 2.2 2.1 2.0 2.0 1.9 1.8 1.7 1.6 1.5 1.4 1.3 1.2 1.1 1.1 1.0 1.0 0.9 0.9 0.8 0.8 0.8 0.8 0.7 0.7 0.7 0.7 0.7 0.8 0.8 0.8 0.8 0.8 0.7 0.7 0.6 0.5 0.4 0.4 0.4 0.4 0.5 0.7 0.9 1.1 1.4 1.7 2.0 2.3 2.5 2.6 2.7 2.9 3.4 4.1 4.6 5.1 5.5 6.0 6.4 6.8 7.2 7.5 7.8 8.0 8.2 8.4 8.5
0.0 0.0 0.0 0.0 0.1 0.1 0.2 0.3 0.4 0.5 0.6 0.7 0.9 1.1 1.3 1.5 1.7 1.8 2.0 2.1 2.2 2.3 2.3 2.4 2.4 2.4 2.4 2.4 2.3 2.3 2.2 2.1 2.0 1.9 1.9 1.8 1.7 1.5 1.4 1.4 1.3 1.2 1.2 1.1 1.1 1.1 1.0 1.0 0.9 0.9 0.9 0.9 0.9 0.9 0.9 0.9 0.9 0.8 0.8 0.8 0.7 0.6 0.5 0.4 0.3 0.3 0.4 0.5 0.7 0.9 1.2 1.5 1.8 2.1 2.4 2.6 2.6 2.6 2.8 3.3 4.2 4.8 5.3 5.9 6.5 7.0 7.5 7.9 8.2 8.6 8.9 9.1 9.3 9.5
0.0 0.0 0.0 0.0 0.1 0.1 0.2 0.3 0.4 0.5 0.6 0.7 0.9 1.0 1.3 1.5 1.7 1.9 2.0 2.2 2.3 2.4 2.5 2.6 2.6 2.6 2.6 2.6 2.6 2.6 2.5 2.4 2.3 2.2 2.2 2.1 2.0 1.9 1.8 1.7 1.6 1.5 1.5 1.4 1.3 1.3 1.2 1.2 1.1 1.1 1.1 1.1 1.1 1.0 1.0 1.0 0.9 0.9 0.8 0.7 0.6 0.5 0.4 0.3 0.3 0.3 0.4 0.5 0.7 1.0 1.2 1.5 1.8 2.1 2.5 2.7 2.7 2.7 2.8 3.2 4.0 4.8 5.5 6.3 7.1 7.7 8.2 8.7 9.2 9.5 9.9 10.2 10.5 10.7
0.0 0.0 0.0 0.0 0.1 0.2 0.2 0.3 0.4 0.5 0.6 0.8 0.9 1.1 1.3 1.5 1.7 2.0 2.1 2.3 2.5 2.6 2.7 2.8 2.9 2.9 2.9 2.9 2.9 2.9 2.9 2.8 2.7 2.6 2.5 2.5 2.3 2.2 2.2 2.1 1.9 1.9 1.8 1.7 1.6 1.6 1.5 1.4 1.4 1.4 1.3 1.3 1.2 1.2 1.1 1.1 1.0 0.9 0.8 0.7 0.5 0.4 0.3 0.2 0.2 0.2 0.3 0.5 0.7 1.0 1.2 1.5 1.8 2.2 2.5 2.8 3.0 3.0 3.2 3.6 4.2 5.1 6.0 6.9 7.8 8.5 9.1 9.7 10.2 10.7 11.1 11.5 11.8 12.1
0.0 0.0 0.0 0.1 0.1 0.2 0.3 0.4 0.5 0.6 0.7 0.8 1.0 1.1 1.4 1.6 1.9 2.1 2.3 2.5 2.7 2.8 3.0 3.1 3.2 3.3 3.3 3.3 3.3 3.3 3.2 3.2 3.1 3.0 2.9 2.8 2.7 2.6 2.6 2.5 2.4 2.3 2.2 2.1 2.0 1.9 1.9 1.8 1.7 1.7 1.6 1.5 1.4 1.3 1.2 1.1 1.0 0.9 0.7 0.6 0.4 0.2 0.1 0.1 0.1 0.2 0.3 0.5 0.7 0.9 1.2 1.5 1.9 2.2 2.6 2.9 3.2 3.4 3.7 4.2 4.9 5.7 6.7 7.7 8.6 9.5 10.2 10.8 11.4 12.0 12.5 13.0 13.4 13.6
0.0 0.0 0.0 0.1 0.2 0.2 0.3 0.4 0.5 0.7 0.8 0.9 1.1 1.2 1.5 1.8 2.0 2.3 2.5 2.7 2.9 3.1 3.3 3.4 3.5 3.6 3.7 3.7 3.7 3.7 3.7 3.6 3.5 3.5 3.4 3.3 3.2 3.1 3.0 2.9 2.8 2.7 2.6 2.6 2.5 2.4 2.3 2.2 2.1 2.0 1.9 1.8 1.6 1.5 1.4 1.2 1.0 0.8 0.6 0.4 0.2 0.1 0.0 0.0 0.0 0.1 0.2 0.4 0.7 0.9 1.2 1.5 1.9 2.2 2.5 2.8 3.1 3.5 4.0 4.6 5.5 6.5 7.5 8.5 9.6 10.7 11.4 12.1 12.8 13.5 14.1 14.7 15.1 15.3
0.0 0.0 0.1 0.1 0.2 0.3 0.4 0.5 0.6 0.7 0.9 1.0 1.2 1.4 1.7 2.0 2.2 2.5 2.8 3.0 3.2 3.4 3.6 3.8 3.9 4.0 4.1 4.2 4.2 4.2 4.2 4.1 4.0 4.0 3.8 3.7 3.6 3.5 3.5 3.3 3.3 3.2 3.1 3.0 2.9 2.9 2.8 2.7 2.5 2.4 2.3 2.1 1.9 1.7 1.5 1.2 1.0 0.7 0.4 0.2 0.0 0.0 0.0 0.0 0.0 0.0 0.1 0.3 0.6 0.9 1.2 1.5 1.8 2.2 2.6 2.9 3.3 3.7 4.3 5.0 6.0 7.1 8.2 9.3 10.4 11.6 12.6 13.4 14.3 15.0 15.8 16.5 16.9 17.1
0.0 0.1 0.1 0.2 0.3 0.4 0.5 0.6 0.7 0.9 1.0 1.2 1.4 1.6 1.9 2.2 2.5 2.8 3.1 3.3 3.6 3.8 4.0 4.2 4.4 4.5 4.6 4.7 4.7 4.7 4.7 4.6 4.5 4.5 4.4 4.3 4.2 4.1 4.0 3.9 3.8 3.7 3.7 3.6 3.5 3.4 3.3 3.3 3.1 3.0 2.8 2.6 2.3 2.0 1.6 1.2 0.9 0.5 0.2 0.0 0.0 0.0 0.0 0.0 0.0 0.0 0.0 0.2 0.5 0.8 1.1 1.4 1.8 2.2 2.6 3.1 3.5 4.0 4.7 5.5 6.5 7.6 8.8 10.0 11.3 12.6 13.7 14.8 15.8 16.7 17.5 18.4 18.9 18.9
0.1 0.2 0.2 0.3 0.4 0.5 0.6 0.7 0.8 1.0 1.2 1.4 1.6 1.8 2.1 2.4 2.8 3.1 3.4 3.6 3.9 4.2 4.4 4.6 4.8 4.9 5.1 5.2 5.2 5.2 5.2 5.1 5.1 5.0 4.9 4.8 4.7 4.6 4.5 4.4 4.3 4.3 4.2 4.1 4.1 4.0 3.9 3.9 3.7 3.5 3.3 3.0 2.7 2.3 1.8 1.3 0.8 0.5 0.1 0.0 0.0 0.0 0.0 0.0 0.0 0.0 0.0 0.1 0.4 0.7 1.0 1.3 1.7 2.1 2.6 3.2 3.8 4.4 5.1 6.0 7.1 8.2 9.5 10.8 12.2 13.6 14.9 16.1 17.3 18.4 19.3 20.0 20.4 20.3
0.2 0.2 0.3 0.4 0.5 0.6 0.7 0.8 1.0 1.2 1.4 1.6 1.8 2.0 2.4 2.7 3.1 3.4 3.7 4.0 4.3 4.5 4.8 5.0 5.2 5.4 5.5 5.6 5.7 5.7 5.6 5.6 5.6 5.5 5.4 5.4 5.3 5.2 5.1 5.0 4.9 4.9 4.8 4.8 4.7 4.6 4.7 4.5 4.4 4.2 3.9 3.6 3.1 2.6 2.0 1.4 0.9 0.4 0.1 0.0 0.0 0.0 0.0 0.0 0.0 0.0 0.0 0.0 0.2 0.5 0.9 1.2 1.6 2.1 2.6 3.2 3.9 4.6 5.5 6.5 7.6 8.8 10.1 11.6 13.1 14.6 16.1 17.4 18.7 19.9 20.8 21.5 21.9 21.6
0.3 0.3 0.4 0.5 0.6 0.7 0.8 1.0 1.2 1.3 1.6 1.8 2.0 2.3 2.7 3.0 3.4 3.7 4.0 4.4 4.6 4.9 5.2 5.4 5.6 5.8 6.0 6.1 6.1 6.1 6.1 6.1 6.1 6.0 5.9 5.9 5.8 5.8 5.7 5.6 5.6 5.5 5.5 5.5 5.4 5.4 5.4 5.3 5.2 4.9 4.6 4.2 3.6 2.9 2.3 1.7 1.1 0.5 0.1 0.0 0.0 0.0 0.0 0.0 0.0 0.0 0.0 0.0 0.1 0.4 0.7 1.1 1.5 2.0 2.6 3.2 3.9 4.8 5.7 6.8 8.0 9.4 10.8 12.4 14.0 15.6 17.2 18.6 19.9 21.2 22.1 22.8 22.9 22.5
0.4 0.4 0.5 0.6 0.7 0.8 1.0 1.2 1.3 1.5 1.8 2.0 2.3 2.6 3.0 3.4 3.7 4.1 4.4 4.7 5.0 5.3 5.6 5.8 6.0 6.2 6.4 6.5 6.5 6.6 6.6 6.6 6.5 6.5 6.4 6.3 6.3 6.3 6.3 6.2 6.2 6.2 6.3 6.2 6.2 6.3 6.2 6.1 6.0 5.7 5.3 4.8 4.0 3.3 2.6 1.9 1.3 0.7 0.2 0.0 0.0 0.0 0.0 0.0 0.0 0.0 0.0 0.0 0.0 0.2 0.6 1.0 1.4 1.9 2.5 3.2 4.0 4.9 5.9 7.1 8.4 9.9 11.4 13.1 14.9 16.6 18.2 19.7 21.0 22.3 23.1 23.7 23.5 22.8
0.5 0.6 0.6 0.7 0.9 1.0 1.2 1.3 1.5 1.8 2.0 2.3 2.6 3.0 3.3 3.7 4.1 4.4 4.7 5.1 5.4 5.7 5.9 6.2 6.4 6.6 6.7 6.9 7.0 7.0 7.0 7.0 7.0 7.0 6.9 6.9 6.9 6.8 6.8 6.8 6.9 6.9 7.0 7.1 7.2 7.2 7.1 7.1 6.9 6.5 5.9 5.3 4.6 3.8 3.0 2.2 1.6 1.0 0.4 0.0 0.0 0.0 0.0 0.0 0.0 0.0 0.0 0.0 0.0 0.1 0.4 0.8 1.3 1.8 2.4 3.1 4.0 4.9 6.0 7.3 8.7 10.3 12.0 13.8 15.6 17.4 19.1 20.6 22.0 23.1 23.8 24.1 23.8 22.8
0.6 0.7 0.8 0.9 1.0 1.2 1.4 1.5 1.8 2.0 2.3 2.6 2.9 3.3 3.7 4.0 4.4 4.7 5.1 5.4 5.7 6.0 6.3 6.5 6.7 6.9 7.1 7.2 7.3 7.4 7.4 7.4 7.4 7.4 7.3 7.3 7.4 7.4 7.4 7.5 7.5 7.7 7.9 7.9 8.1 8.2 8.1 8.0 7.6 7.0 6.5 5.8 5.1 4.3 3.4 2.6 1.8 1.2 0.7 0.2 0.0 0.0 0.0 0.0 0.0 0.0 0.0 0.0 0.0 0.0 0.3 0.7 1.1 1.7 2.3 3.0 3.9 4.9 6.1 7.5 9.0 10.7 12.5 14.3 16.2 18.1 19.8 21.3 22.7 23.6 24.2 24.2 23.7 22.5
