main/data/rainfall/28.01.2023.grid
ncols 886
nrows 691
xllcenter 112.0000
yllcenter -44.5000
cellsize 0.0500
nodata_value 99999.90
[rows 369 to 409 of 691, columns 282 to 375 of 886]
27.8 32.0 36.9 41.8 44.1 44.6 44.7 44.9 44.9 45.1 45.2 45.2 45.2 45.2 45.5 45.4 45.4 45.4 45.7 45.7 45.8 45.6 45.6 45.4 44.6 44.6 44.0 44.0 44.8 45.6 45.9 45.5 46.3 46.5 46.1 45.6 45.5 44.7 45.2 44.6 45.5 46.3 46.5 46.0 45.0 45.0 45.0 46.0 45.9 47.0 46.3 46.5 46.7 46.4 43.7 38.1 33.0 28.0 24.2 21.0 18.2 15.5 13.2 11.0 9.2 7.8 6.6 5.5 4.6 3.7 3.1 2.6 2.2 1.8 1.6 1.3 1.1 1.0 0.9 0.8 0.7 0.7 0.6 0.6 0.6 0.5 0.5 0.5 0.5 0.5 0.5 0.5 0.5 0.5
26.7 31.3 35.9 40.7 43.6 44.3 44.3 44.4 44.6 44.7 44.8 44.7 44.7 44.7 44.8 44.8 44.8 44.9 45.2 44.8 45.3 44.9 44.8 44.6 43.8 43.9 43.5 43.6 43.9 44.2 44.1 44.4 44.3 44.5 44.4 44.6 44.6 44.2 43.5 44.3 45.1 45.5 46.0 45.2 44.9 45.1 44.7 44.4 44.7 45.2 44.8 45.4 45.4 44.9 41.1 36.3 31.4 27.1 23.5 20.2 17.3 14.7 12.5 10.7 9.1 7.7 6.5 5.4 4.4 3.7 3.1 2.6 2.2 1.9 1.6 1.4 1.2 1.1 1.0 0.9 0.8 0.8 0.7 0.7 0.7 0.7 0.7 0.7 0.6 0.6 0.6 0.6 0.6 0.6
25.7 29.8 34.7 39.6 43.2 43.8 44.0 43.9 44.0 43.7 43.9 44.1 44.0 44.1 43.7 44.1 43.9 44.3 44.3 43.6 44.2 44.0 43.3 43.3 43.3 42.9 43.1 43.2 43.0 43.0 42.9 43.5 43.6 43.9 43.9 44.0 43.7 43.2 42.8 42.8 43.6 43.8 44.2 43.6 43.5 43.6 43.6 44.1 44.3 44.3 44.8 44.7 44.5 43.9 39.2 34.4 30.0 26.4 22.7 19.4 16.6 14.2 12.2 10.3 8.8 7.4 6.2 5.1 4.3 3.6 3.0 2.6 2.2 1.9 1.7 1.5 1.3 1.2 1.1 1.0 1.0 1.0 0.9 0.9 0.9 0.9 0.9 0.8 0.8 0.8 0.8 0.8 0.8 0.8
25.0 28.8 33.2 37.8 42.1 43.0 43.2 43.3 43.2 43.2 43.2 43.5 43.3 43.3 43.0 43.2 43.6 43.6 43.2 42.8 42.7 42.6 42.8 42.7 42.3 42.2 42.1 41.9 42.0 42.1 41.9 42.0 41.9 42.4 42.4 42.7 42.9 42.7 42.7 42.8 42.4 42.6 43.1 42.7 42.5 42.4 42.5 42.8 43.9 44.8 43.8 43.5 43.5 42.1 37.5 32.8 28.7 25.2 21.8 18.5 16.0 13.8 11.6 9.8 8.3 7.0 5.9 4.9 4.2 3.6 3.1 2.6 2.3 2.0 1.8 1.6 1.4 1.3 1.2 1.2 1.2 1.2 1.1 1.1 1.1 1.1 1.1 1.1 1.1 1.0 1.0 1.0 1.0 1.0
23.6 27.2 31.4 36.1 40.5 42.6 42.7 42.9 43.0 42.8 42.8 42.8 42.8 42.8 43.0 42.5 42.5 42.4 42.2 42.4 42.4 42.2 42.2 41.9 41.7 41.7 41.6 41.2 41.1 41.3 41.3 41.1 41.3 41.5 42.0 41.9 41.7 41.5 41.6 41.8 41.8 41.9 41.9 41.5 42.0 41.7 41.7 42.0 42.3 43.4 43.5 42.8 43.0 40.4 35.7 31.1 27.3 23.7 20.7 17.7 15.4 13.0 11.1 9.5 8.0 6.8 5.8 4.9 4.1 3.6 3.1 2.7 2.4 2.1 1.9 1.7 1.6 1.5 1.5 1.4 1.4 1.4 1.4 1.4 1.4 1.4 1.4 1.4 1.3 1.3 1.3 1.3 1.3 1.3
21.8 25.2 29.0 33.1 38.0 41.5 42.1 42.4 42.3 42.7 42.3 42.3 42.3 42.2 42.3 42.2 42.0 41.9 42.0 41.7 41.8 41.8 41.9 41.0 40.5 41.1 41.0 40.7 40.6 40.4 40.4 40.7 40.7 40.8 40.8 41.4 40.8 40.9 40.8 41.0 40.5 40.7 41.0 40.9 40.8 40.9 41.2 41.4 41.5 41.6 41.9 43.0 42.6 38.3 33.8 29.4 26.0 22.6 19.4 16.8 14.5 12.3 10.7 8.9 7.6 6.5 5.6 4.8 4.2 3.6 3.2 2.8 2.5 2.3 2.1 1.9 1.8 1.8 1.7 1.7 1.7 1.8 1.7 1.7 1.7 1.7 1.7 1.7 1.7 1.7 1.7 1.7 1.6 1.6
20.4 23.8 27.1 31.2 35.2 39.1 40.5 40.4 40.6 41.1 41.6 41.7 41.8 41.8 41.8 41.9 41.8 41.4 41.3 41.0 41.1 40.6 40.5 40.5 40.4 39.9 40.3 40.2 40.0 40.0 39.7 39.7 39.8 40.1 40.2 40.3 40.1 40.2 40.2 39.9 40.0 39.9 40.0 40.3 40.0 40.4 40.5 40.6 40.9 40.7 41.0 40.9 40.6 36.5 32.1 28.1 24.4 21.1 18.0 15.7 13.5 11.5 10.0 8.6 7.3 6.2 5.4 4.7 4.2 3.6 3.2 2.9 2.6 2.4 2.3 2.2 2.1 2.1 2.1 2.1 2.1 2.1 2.2 2.1 2.2 2.2 2.1 2.1 2.1 2.1 2.1 2.1 2.0 2.0
19.0 21.7 25.3 29.1 33.1 36.6 39.3 39.9 39.9 39.6 40.0 39.7 39.9 39.9 40.3 41.2 41.0 40.8 41.0 40.9 40.1 39.9 40.0 39.9 39.4 39.7 39.6 39.8 39.6 39.4 38.9 38.8 39.1 39.4 39.4 39.5 39.4 39.3 39.1 39.2 39.2 39.2 39.2 39.2 39.1 39.9 39.9 40.0 39.9 39.9 40.0 39.5 37.4 34.0 30.2 26.7 22.7 19.6 17.0 14.8 12.8 10.8 9.4 8.1 7.1 6.1 5.3 4.7 4.2 3.6 3.3 3.0 2.8 2.6 2.5 2.5 2.5 2.5 2.5 2.6 2.6 2.6 2.7 2.7 2.7 2.7 2.7 2.7 2.7 2.6 2.6 2.6 2.5 2.5
17.9 20.5 23.1 26.3 30.0 34.3 38.3 38.9 39.1 39.0 38.9 38.9 38.6 39.3 38.7 38.9 39.0 39.0 39.1 39.0 38.2 38.6 38.9 38.9 38.4 38.9 38.8 39.1 38.9 38.6 38.0 38.3 38.2 38.8 38.7 38.6 38.7 38.6 38.4 38.5 38.6 38.6 38.5 38.4 38.3 38.8 39.1 39.4 39.5 39.4 39.1 37.8 34.4 31.5 28.1 24.9 21.3 18.1 15.7 13.5 11.7 10.1 8.8 7.6 6.8 5.9 5.2 4.7 4.1 3.8 3.4 3.2 3.1 3.0 2.9 2.9 2.9 2.9 2.9 3.0 3.1 3.2 3.3 3.3 3.3 3.3 3.3 3.3 3.3 3.2 3.2 3.2 3.1 3.1
16.6 19.0 21.7 24.7 27.5 31.5 35.1 37.4 38.0 37.9 37.7 37.7 37.6 37.3 37.5 37.4 37.4 37.5 37.5 37.4 37.4 37.3 37.5 37.4 38.3 38.7 37.5 38.6 37.9 37.9 37.1 37.1 37.7 38.3 37.9 37.7 37.8 37.6 37.8 37.6 37.8 37.8 37.6 37.7 37.5 38.0 38.2 38.3 38.5 38.4 37.5 35.3 31.8 28.7 25.6 22.6 19.4 16.9 15.0 12.9 11.1 9.6 8.3 7.2 6.4 5.7 5.1 4.6 4.3 3.9 3.7 3.6 3.5 3.4 3.4 3.3 3.4 3.4 3.5 3.6 3.7 3.8 3.9 4.0 4.1 4.1 4.1 4.1 4.1 4.0 4.0 3.9 3.8 3.8
14.8 16.9 19.4 22.1 25.0 28.1 31.6 34.7 36.6 36.9 36.7 36.8 36.7 36.5 36.5 36.5 36.4 36.4 36.3 36.3 36.4 36.2 36.2 36.2 36.2 36.3 36.3 36.6 37.0 37.3 37.0 37.4 37.5 37.4 37.1 37.1 37.1 37.1 37.0 36.7 36.6 36.8 36.8 36.6 36.6 36.8 36.9 37.4 37.5 36.7 35.6 32.4 29.0 25.9 22.9 20.2 17.7 15.4 13.6 11.8 10.3 8.9 7.9 6.9 6.0 5.5 5.1 4.7 4.4 4.2 4.0 3.9 3.8 3.8 3.9 3.9 4.0 4.1 4.2 4.3 4.5 4.6 4.7 4.8 4.9 5.0 5.0 5.1 5.0 4.9 4.9 4.8 4.7 4.5
13.2 15.2 17.5 20.0 22.7 25.5 28.8 32.0 34.9 36.1 36.0 36.0 36.1 35.9 35.7 35.9 35.7 35.5 35.5 35.7 35.4 35.4 35.4 35.0 35.3 35.5 35.3 35.3 35.5 35.3 35.4 35.5 35.4 35.7 36.2 36.1 36.7 36.5 35.8 35.6 35.8 35.9 35.9 36.4 36.0 36.3 35.9 36.3 35.8 34.7 32.5 28.8 25.9 23.3 20.6 18.2 16.2 14.1 12.4 10.9 9.5 8.3 7.5 6.6 5.8 5.4 5.0 4.7 4.5 4.4 4.3 4.3 4.3 4.4 4.5 4.6 4.8 4.9 5.1 5.2 5.4 5.6 5.7 5.8 5.9 6.0 6.1 6.1 6.0 6.0 6.0 5.9 5.7 5.6
11.9 13.8 15.8 18.0 20.5 23.1 26.0 28.8 31.9 34.5 35.4 35.4 35.6 35.1 35.0 35.0 35.3 34.8 34.8 34.8 34.6 34.7 34.8 34.5 34.3 34.3 34.3 34.2 34.1 34.3 34.3 34.4 34.3 34.3 34.6 34.6 34.5 34.6 34.5 34.5 34.6 34.9 35.1 35.4 35.4 35.4 35.2 35.2 34.3 32.0 28.6 25.7 23.6 20.8 18.4 16.3 14.5 12.8 11.3 10.1 8.8 7.7 7.0 6.3 5.8 5.4 5.1 4.9 4.8 4.8 4.8 4.9 5.0 5.1 5.3 5.5 5.7 5.9 6.1 6.3 6.5 6.7 6.9 7.0 7.1 7.3 7.3 7.4 7.3 7.3 7.2 7.1 6.9 6.8
10.7 12.4 14.2 16.1 18.4 20.8 23.3 25.8 28.6 31.6 34.0 34.7 34.9 34.7 34.6 34.4 34.4 34.2 34.1 33.9 34.0 33.9 33.9 33.7 33.6 33.7 33.6 33.4 33.4 33.4 33.3 33.6 33.3 33.2 33.4 33.4 33.3 33.3 33.3 33.3 33.3 33.5 34.0 33.8 33.8 33.7 33.5 33.2 31.7 28.9 25.6 23.4 21.0 18.7 16.7 14.8 13.2 11.7 10.4 9.2 8.1 7.3 6.6 6.1 5.8 5.5 5.3 5.2 5.2 5.2 5.4 5.5 5.7 5.9 6.2 6.4 6.7 7.0 7.3 7.6 7.8 8.0 8.3 8.4 8.5 8.6 8.7 8.8 8.8 8.8 8.7 8.5 8.3 8.1
9.5 11.0 12.4 14.4 16.4 18.4 20.6 23.0 25.5 28.2 30.8 33.2 33.9 34.0 33.9 33.8 33.7 33.8 33.6 33.3 33.3 33.0 33.0 32.9 32.7 33.0 32.6 32.8 32.6 32.5 32.4 32.3 32.2 32.3 32.4 32.4 32.3 32.2 32.1 32.1 32.0 31.8 32.1 32.1 32.4 32.3 31.9 30.7 28.4 25.4 22.6 20.4 18.3 16.6 15.0 13.4 11.9 10.7 9.6 8.7 7.8 7.1 6.5 6.1 5.9 5.7 5.6 5.6 5.7 5.8 6.0 6.2 6.6 6.9 7.2 7.6 7.9 8.3 8.7 9.0 9.3 9.6 9.8 10.0 10.2 10.3 10.4 10.5 10.5 10.5 10.4 10.2 10.0 9.6
8.4 9.5 10.9 12.6 14.4 16.3 18.2 20.4 22.5 25.0 27.5 30.0 32.0 33.1 33.2 33.2 33.0 33.0 32.9 32.7 32.2 32.5 32.0 32.1 31.9 32.1 31.9 31.8 31.6 31.5 31.4 31.5 31.1 31.2 31.1 31.2 31.1 31.0 30.8 30.7 30.6 30.3 30.3 30.3 30.2 30.0 29.0 27.0 25.2 22.2 19.8 17.9 16.1 14.5 13.1 11.7 10.7 9.7 8.9 8.1 7.4 6.9 6.5 6.2 6.1 6.0 6.1 6.1 6.2 6.6 6.9 7.3 7.7 8.0 8.5 9.0 9.4 9.8 10.3 10.7 11.0 11.4 11.7 11.9 12.1 12.2 12.4 12.5 12.4 12.4 12.3 12.1 11.9 11.5
7.3 8.4 9.6 11.1 12.7 14.3 16.1 17.9 19.9 22.0 24.1 26.5 28.7 30.7 32.1 32.4 32.4 32.3 32.2 31.6 31.4 31.5 31.5 31.6 31.2 31.1 30.8 30.7 30.6 30.5 30.4 30.2 30.0 29.8 29.6 29.8 29.8 29.7 29.5 29.3 29.1 28.9 28.7 28.4 28.1 27.5 25.7 23.3 21.4 19.3 17.5 15.8 14.1 12.7 11.5 10.4 9.5 8.7 8.0 7.6 7.2 6.8 6.6 6.4 6.3 6.3 6.4 6.7 7.0 7.4 7.9 8.3 8.8 9.3 9.9 10.4 11.0 11.6 12.1 12.6 13.1 13.5 13.8 14.0 14.3 14.5 14.6 14.7 14.6 14.6 14.6 14.3 14.0 13.5
6.5 7.5 8.6 9.8 11.1 12.5 14.1 15.7 17.4 19.2 21.1 23.1 25.0 27.1 28.8 30.7 31.2 31.2 30.9 31.0 30.9 30.8 30.3 30.0 29.7 29.5 29.7 29.6 29.5 29.4 29.2 28.9 28.8 28.6 28.5 28.3 28.1 28.0 27.9 27.6 27.3 26.9 26.8 26.6 25.8 24.2 22.3 20.4 18.5 16.9 15.3 13.7 12.6 11.3 10.2 9.4 8.5 7.9 7.4 7.0 6.8 6.7 6.7 6.7 6.8 7.0 7.1 7.4 7.9 8.4 8.9 9.5 10.1 10.9 11.4 12.2 12.9 13.6 14.3 14.8 15.3 15.9 16.3 16.5 16.8 17.0 17.2 17.3 17.2 17.2 17.1 16.8 16.5 16.0
5.6 6.5 7.4 8.4 9.7 10.9 12.2 13.7 15.1 16.7 18.4 20.0 21.7 23.5 24.9 27.1 28.7 29.3 30.1 30.0 29.9 29.1 29.0 29.3 29.0 28.9 28.6 28.4 28.0 27.9 27.7 27.3 27.2 27.0 26.8 26.8 26.4 26.1 25.9 25.5 25.4 24.9 24.6 24.1 22.8 21.1 19.5 17.9 16.2 14.9 13.5 12.3 11.1 10.2 9.3 8.5 8.0 7.5 7.1 6.8 6.6 6.6 6.7 6.8 7.0 7.4 7.8 8.3 8.8 9.4 10.0 10.7 11.4 12.2 13.0 13.9 14.8 15.6 16.5 17.3 17.9 18.6 19.1 19.3 19.6 19.9 20.0 20.2 20.1 20.2 20.1 19.7 19.3 18.6
4.8 5.6 6.3 7.4 8.3 9.4 10.6 11.8 13.1 14.4 15.9 17.3 18.9 20.4 21.8 23.5 25.0 26.5 27.7 28.4 28.4 28.4 28.2 28.1 27.9 27.4 27.1 26.9 26.5 26.3 25.9 25.7 25.3 25.2 25.0 24.8 24.4 24.1 23.7 23.5 23.2 22.8 22.3 21.3 19.9 18.5 17.0 15.7 14.4 13.1 12.0 11.0 10.1 9.3 8.6 8.0 7.5 7.1 6.9 6.7 6.7 6.7 6.9 7.2 7.6 8.1 8.6 9.2 9.9 10.6 11.4 12.3 13.1 13.9 15.0 15.9 16.9 17.9 18.7 19.6 20.6 21.3 22.1 22.4 22.7 23.0 23.2 23.3 23.5 23.4 23.1 22.9 22.2 21.6
4.2 4.8 5.5 6.4 7.2 8.1 9.1 10.1 11.2 12.4 13.7 14.8 16.2 17.5 18.9 20.2 21.6 22.8 24.0 24.9 26.0 26.6 26.5 26.5 26.3 26.0 25.5 25.1 24.9 24.5 24.2 23.8 23.5 23.3 23.0 22.6 22.3 22.0 21.5 21.3 20.8 20.3 19.7 18.5 17.4 16.1 14.8 13.7 12.6 11.6 10.7 9.8 9.1 8.5 7.9 7.5 7.2 6.9 6.8 6.8 6.9 7.1 7.4 7.8 8.3 8.9 9.6 10.3 11.1 12.0 12.9 13.9 14.9 15.9 16.9 17.8 18.9 20.0 21.3 22.3 23.2 24.0 25.0 26.1 26.4 26.6 27.0 27.1 27.0 26.9 26.6 26.2 25.7 24.9
3.6 4.1 4.7 5.3 6.1 7.0 7.7 8.6 9.6 10.6 11.7 12.6 13.7 15.0 16.1 17.3 18.4 19.5 20.4 21.6 22.5 23.3 24.0 24.3 24.3 24.2 23.7 23.4 22.8 22.5 22.2 21.7 21.4 21.1 20.6 20.4 20.1 19.6 19.3 18.8 18.3 18.0 17.2 16.1 15.1 14.1 13.1 12.1 11.2 10.4 9.6 9.0 8.4 7.9 7.4 7.2 7.0 6.9 6.8 7.0 7.2 7.5 7.9 8.4 9.1 9.8 10.6 11.6 12.5 13.5 14.6 15.8 16.9 18.0 19.3 20.3 21.6 22.8 24.0 24.9 25.8 26.6 27.5 28.4 29.3 30.0 30.6 30.6 30.5 30.4 30.1 29.8 29.1 28.5
3.1 3.5 4.0 4.5 5.2 5.9 6.6 7.4 8.2 9.0 9.9 10.8 11.8 12.7 13.7 14.5 15.5 16.5 17.4 18.3 19.2 19.9 20.5 21.2 21.6 21.7 21.5 21.1 20.7 20.2 20.0 19.5 19.0 18.7 18.2 17.8 17.5 17.2 16.8 16.3 15.9 15.5 14.9 14.1 13.2 12.3 11.5 10.8 10.0 9.3 8.8 8.2 7.8 7.4 7.1 6.9 6.9 6.9 7.0 7.2 7.6 8.0 8.6 9.2 10.0 10.9 11.8 12.9 14.1 15.2 16.4 17.7 19.1 20.5 21.8 23.0 24.5 25.6 26.5 27.4 27.7 28.1 28.5 28.8 29.2 29.5 30.0 30.5 31.1 31.1 31.2 31.2 31.1 31.0
2.6 3.1 3.5 3.9 4.5 5.0 5.6 6.3 6.9 7.6 8.4 9.2 10.0 10.8 11.6 12.4 13.2 14.0 14.8 15.5 16.2 16.9 17.5 18.0 18.5 18.8 18.9 18.8 18.2 17.8 17.6 17.0 16.7 16.2 15.9 15.4 15.0 14.7 14.3 13.9 13.5 13.2 12.8 12.3 11.6 10.9 10.3 9.6 9.0 8.5 8.0 7.6 7.3 7.1 6.9 6.9 6.9 7.0 7.2 7.6 8.1 8.6 9.3 10.1 11.0 12.0 13.2 14.4 15.7 17.1 18.4 19.9 21.4 22.8 24.2 25.5 26.2 26.7 27.1 27.3 27.5 27.8 28.0 27.9 28.4 28.8 28.8 29.1 29.6 30.1 30.7 30.8 30.8 30.9
2.2 2.6 2.9 3.4 3.8 4.3 4.8 5.3 5.9 6.5 7.1 7.8 8.4 9.1 9.8 10.5 11.2 11.9 12.6 13.3 13.8 14.4 14.8 15.4 15.8 16.1 16.3 16.3 15.9 15.4 15.1 14.6 14.3 13.9 13.4 13.1 12.7 12.4 12.1 11.7 11.3 11.0 10.7 10.4 10.1 9.7 9.2 8.7 8.3 7.9 7.5 7.3 7.0 6.9 6.8 6.9 7.0 7.3 7.6 8.1 8.6 9.3 10.1 11.0 12.1 13.3 14.6 16.0 17.4 19.0 20.5 22.2 23.6 24.6 25.2 25.7 26.1 26.3 26.4 26.8 27.0 27.3 27.5 27.5 27.8 27.8 28.0 28.1 28.3 28.8 29.3 29.8 30.5 30.6
1.9 2.2 2.5 2.9 3.2 3.6 4.0 4.5 5.0 5.5 6.0 6.6 7.1 7.7 8.3 8.9 9.5 10.1 10.6 11.3 11.7 12.2 12.7 13.1 13.5 13.8 14.0 14.0 13.6 13.2 12.8 12.3 12.1 11.7 11.3 11.0 10.7 10.3 10.1 9.7 9.5 9.2 9.0 8.7 8.5 8.3 8.1 7.9 7.6 7.4 7.2 7.0 6.9 6.8 6.9 7.0 7.2 7.6 8.0 8.6 9.3 10.1 11.0 12.1 13.3 14.6 16.1 17.6 19.2 20.8 22.3 23.2 24.0 24.6 25.0 25.3 25.6 25.7 26.0 26.3 26.4 26.7 26.9 27.1 27.3 27.4 27.5 27.7 27.7 28.0 28.6 28.8 29.3 30.0
1.7 1.9 2.1 2.4 2.8 3.1 3.4 3.8 4.2 4.7 5.1 5.6 6.1 6.6 7.1 7.6 8.1 8.5 9.1 9.6 10.1 10.5 10.9 11.2 11.6 11.8 12.0 11.8 11.5 11.2 10.7 10.4 10.1 9.8 9.5 9.2 8.9 8.6 8.4 8.1 7.9 7.7 7.5 7.3 7.2 7.1 7.0 6.9 6.9 6.8 6.8 6.8 6.8 6.9 7.0 7.3 7.6 8.0 8.6 9.2 10.0 10.9 12.0 13.2 14.5 16.0 17.5 19.2 20.7 21.6 22.3 23.0 23.4 23.8 24.4 24.7 25.0 25.3 25.6 25.8 25.9 26.1 26.3 26.6 26.7 27.1 26.8 27.3 27.2 27.5 27.7 27.8 28.2 28.5
1.4 1.6 1.9 2.1 2.4 2.6 3.0 3.3 3.6 4.0 4.4 4.8 5.2 5.6 6.1 6.5 7.0 7.4 7.9 8.2 8.7 9.0 9.5 9.8 10.0 10.2 10.2 9.9 9.6 9.3 9.0 8.6 8.4 8.1 7.8 7.7 7.4 7.2 7.0 6.8 6.6 6.5 6.3 6.2 6.1 6.0 6.0 5.9 6.0 6.1 6.2 6.3 6.6 6.9 7.1 7.5 7.9 8.5 9.1 9.9 10.8 11.8 13.0 14.3 15.6 17.1 18.4 19.5 20.5 21.2 21.8 22.3 22.9 23.4 23.8 24.1 24.6 24.8 25.1 25.4 25.5 25.8 26.0 26.1 26.4 26.6 26.7 26.8 26.9 27.0 27.3 27.4 27.5 27.8
1.3 1.4 1.6 1.8 2.1 2.3 2.6 2.8 3.1 3.5 3.8 4.1 4.5 4.9 5.3 5.7 6.1 6.4 6.8 7.2 7.5 7.9 8.2 8.5 8.7 8.7 8.5 8.2 8.0 7.7 7.5 7.3 7.0 6.8 6.6 6.4 6.2 6.1 5.9 5.8 5.6 5.5 5.4 5.3 5.2 5.2 5.2 5.2 5.3 5.4 5.6 5.8 6.1 6.5 6.9 7.4 8.0 8.7 9.5 10.4 11.4 12.5 13.7 14.8 15.9 17.1 18.1 19.0 19.9 20.7 21.3 21.8 22.4 22.9 23.3 23.7 24.1 24.3 24.6 24.9 25.2 25.5 25.6 25.8 26.1 26.3 26.5 26.6 26.6 26.9 26.8 27.0 27.0 27.3
1.1 1.3 1.5 1.6 1.8 2.1 2.3 2.5 2.8 3.1 3.3 3.7 4.0 4.3 4.6 5.0 5.3 5.7 6.0 6.4 6.7 7.0 7.3 7.5 7.5 7.3 7.1 6.9 6.7 6.4 6.3 6.0 5.9 5.8 5.6 5.4 5.3 5.2 5.1 4.9 4.8 4.8 4.7 4.6 4.6 4.6 4.6 4.7 4.8 4.9 5.1 5.3 5.6 6.0 6.5 7.0 7.6 8.4 9.2 10.1 11.1 12.2 13.3 14.4 15.5 16.6 17.6 18.4 19.3 20.0 20.7 21.4 21.8 22.3 22.8 23.2 23.6 23.9 24.2 24.6 24.9 25.1 25.3 25.6 26.0 26.1 26.2 26.2 26.3 26.5 26.7 26.8 26.8 26.8
1.1 1.2 1.4 1.5 1.7 1.9 2.1 2.3 2.5 2.8 3.0 3.3 3.6 3.8 4.2 4.5 4.8 5.1 5.4 5.7 6.0 6.3 6.6 6.5 6.4 6.2 6.0 5.9 5.6 5.5 5.4 5.2 5.0 4.9 4.8 4.7 4.6 4.4 4.4 4.3 4.2 4.2 4.1 4.1 4.1 4.1 4.1 4.2 4.4 4.5 4.7 4.9 5.2 5.6 6.1 6.6 7.3 8.0 8.7 9.6 10.6 11.6 12.7 13.8 14.9 16.0 16.9 17.9 18.7 19.5 20.2 20.7 21.4 21.9 22.4 22.9 23.2 23.6 24.0 24.4 24.6 25.0 25.2 25.5 25.8 26.1 26.0 26.1 26.2 26.5 26.7 26.7 26.6 26.6
1.1 1.2 1.3 1.4 1.6 1.8 2.0 2.1 2.3 2.6 2.8 3.0 3.3 3.6 3.8 4.1 4.4 4.7 4.9 5.2 5.6 5.8 5.7 5.6 5.4 5.3 5.1 5.0 4.9 4.8 4.6 4.5 4.4 4.3 4.2 4.1 4.0 3.9 3.9 3.8 3.8 3.7 3.7 3.7 3.7 3.7 3.8 3.9 4.0 4.2 4.4 4.6 4.9 5.3 5.7 6.2 6.8 7.6 8.3 9.2 10.2 11.2 12.2 13.3 14.4 15.4 16.4 17.3 18.2 19.0 19.7 20.4 21.0 21.5 22.0 22.5 23.0 23.4 23.8 24.1 24.5 24.9 25.1 25.5 25.7 25.9 25.9 26.0 25.8 26.5 26.5 26.6 26.3 26.2
1.1 1.2 1.3 1.4 1.6 1.7 1.9 2.1 2.3 2.5 2.7 2.9 3.1 3.4 3.6 3.9 4.2 4.4 4.7 4.9 5.1 5.1 5.0 4.9 4.7 4.6 4.5 4.4 4.3 4.2 4.1 4.0 3.9 3.8 3.7 3.6 3.6 3.5 3.5 3.4 3.4 3.4 3.4 3.4 3.4 3.4 3.5 3.6 3.7 3.9 4.1 4.3 4.6 5.0 5.4 5.9 6.5 7.2 8.0 8.8 9.7 10.7 11.7 12.8 13.8 14.9 15.9 16.8 17.7 18.3 19.2 19.9 20.5 21.1 21.6 22.2 22.7 23.2 23.6 24.0 24.3 24.6 24.9 25.2 25.5 25.6 25.7 25.7 25.7 26.3 26.2 26.5 26.4 26.2
1.1 1.2 1.3 1.5 1.6 1.8 1.9 2.1 2.2 2.4 2.6 2.8 3.1 3.3 3.5 3.8 4.0 4.3 4.5 4.6 4.6 4.5 4.4 4.3 4.2 4.1 4.0 3.9 3.8 3.7 3.6 3.5 3.5 3.4 3.4 3.3 3.2 3.2 3.1 3.1 3.1 3.1 3.1 3.1 3.1 3.2 3.2 3.3 3.5 3.7 3.9 4.1 4.4 4.7 5.1 5.6 6.2 6.8 7.5 8.4 9.3 10.3 11.2 12.3 13.3 14.4 15.3 16.3 17.2 17.9 18.7 19.3 20.0 20.7 21.3 21.9 22.3 22.9 23.4 23.8 24.0 24.2 24.6 24.8 25.1 25.3 25.4 25.4 25.5 25.7 25.7 25.8 25.9 26.0
1.2 1.3 1.4 1.6 1.7 1.8 2.0 2.1 2.3 2.5 2.7 2.9 3.1 3.3 3.5 3.8 4.0 4.2 4.3 4.2 4.1 4.0 3.9 3.9 3.8 3.7 3.6 3.5 3.4 3.4 3.3 3.3 3.2 3.1 3.1 3.0 2.9 2.9 2.9 2.9 2.8 2.8 2.8 2.9 2.9 3.0 3.1 3.2 3.3 3.4 3.6 3.9 4.2 4.5 4.9 5.4 5.9 6.5 7.2 8.0 8.9 9.8 10.8 11.8 12.8 13.8 14.8 15.8 16.7 17.3 18.2 18.9 19.6 20.3 21.0 21.6 22.2 22.8 23.2 23.4 23.7 23.9 24.2 24.4 24.7 24.8 25.0 25.1 25.3 25.4 25.4 25.4 25.3 25.4
1.4 1.5 1.6 1.7 1.8 2.0 2.1 2.3 2.4 2.6 2.8 3.0 3.2 3.4 3.7 3.9 4.0 4.0 4.0 3.9 3.8 3.7 3.7 3.6 3.5 3.4 3.3 3.3 3.2 3.1 3.1 3.0 2.9 2.9 2.8 2.8 2.7 2.7 2.6 2.6 2.6 2.6 2.6 2.7 2.7 2.8 2.9 3.0 3.1 3.3 3.4 3.7 4.0 4.3 4.7 5.2 5.6 6.2 6.9 7.7 8.5 9.4 10.3 11.3 12.3 13.3 14.3 15.3 16.2 17.1 17.8 18.6 19.4 20.1 20.8 21.5 22.1 22.5 22.7 23.0 23.1 23.5 23.8 24.1 24.1 24.4 24.5 24.8 24.9 25.0 25.0 24.9 24.8 24.9
1.5 1.7 1.8 1.9 2.0 2.2 2.3 2.5 2.6 2.8 3.0 3.2 3.4 3.6 3.8 3.9 3.9 3.8 3.7 3.7 3.6 3.5 3.4 3.3 3.3 3.2 3.1 3.1 3.0 2.9 2.8 2.8 2.7 2.7 2.6 2.6 2.5 2.5 2.5 2.4 2.4 2.4 2.5 2.5 2.6 2.6 2.7 2.8 2.9 3.1 3.3 3.5 3.8 4.1 4.5 4.9 5.4 5.9 6.6 7.3 8.1 8.9 9.9 10.8 11.8 12.8 13.8 14.9 15.8 16.6 17.5 18.3 19.1 19.9 20.6 21.3 21.8 22.1 22.4 22.6 22.8 23.0 23.4 23.5 23.7 24.0 24.2 24.4 24.5 24.5 24.5 24.4 24.5 24.4
1.8 1.9 2.0 2.2 2.3 2.5 2.6 2.8 2.9 3.1 3.3 3.5 3.7 3.8 3.9 3.8 3.7 3.7 3.6 3.5 3.4 3.3 3.3 3.2 3.1 3.0 3.0 2.9 2.8 2.8 2.7 2.6 2.5 2.5 2.4 2.4 2.4 2.4 2.3 2.3 2.3 2.3 2.4 2.4 2.4 2.5 2.5 2.6 2.8 2.9 3.1 3.3 3.6 3.9 4.3 4.7 5.1 5.7 6.3 7.0 7.8 8.6 9.5 10.4 11.4 12.4 13.4 14.4 15.3 16.2 17.2 18.0 18.9 19.6 20.3 20.9 21.3 21.7 22.1 22.4 22.6 22.8 23.1 23.3 23.3 23.8 23.9 24.0 24.3 24.1 24.1 24.1 24.1 24.1
2.1 2.2 2.3 2.5 2.6 2.8 2.9 3.1 3.3 3.5 3.6 3.8 3.8 3.8 3.8 3.7 3.6 3.5 3.4 3.4 3.3 3.2 3.1 3.1 3.0 2.9 2.8 2.8 2.7 2.6 2.5 2.5 2.4 2.3 2.3 2.3 2.3 2.3 2.3 2.3 2.3 2.3 2.3 2.4 2.4 2.4 2.5 2.5 2.6 2.8 3.0 3.2 3.4 3.7 4.1 4.5 4.9 5.4 6.0 6.7 7.4 8.2 9.1 10.0 10.9 11.9 12.9 13.9 14.9 15.8 16.7 17.7 18.6 19.4 20.0 20.6 21.0 21.4 21.7 21.6 22.3 22.5 22.9 23.1 23.2 23.5 23.6 23.9 23.8 23.8 23.8 23.8 23.8 23.5
2.4 2.6 2.7 2.9 3.0 3.2 3.3 3.5 3.7 3.8 3.9 3.9 3.8 3.7 3.6 3.6 3.5 3.4 3.3 3.2 3.2 3.1 3.0 3.0 2.9 2.8 2.8 2.7 2.6 2.5 2.4 2.3 2.3 2.3 2.3 2.3 2.2 2.3 2.3 2.3 2.3 2.3 2.3 2.3 2.3 2.4 2.4 2.5 2.5 2.7 2.8 3.0 3.3 3.6 3.9 4.3 4.7 5.2 5.8 6.4 7.1 7.8 8.7 9.6 10.5 11.5 12.5 13.5 14.5 15.4 16.4 17.3 18.3 19.1 19.8 20.3 20.7 21.1 21.5 21.5 21.7 22.2 22.5 22.9 22.9 23.2 23.4 23.7 23.8 23.6 23.6 23.6 23.6 23.5
2.8 3.0 3.1 3.3 3.5 3.6 3.8 3.9 3.9 3.9 3.9 3.8 3.7 3.7 3.6 3.5 3.4 3.4 3.3 3.2 3.1 3.1 3.0 2.9 2.8 2.8 2.7 2.6 2.5 2.4 2.3 2.3 2.3 2.2 2.2 2.2 2.2 2.2 2.2 2.2 2.2 2.3 2.3 2.3 2.3 2.3 2.4 2.4 2.5 2.6 2.7 2.9 3.1 3.4 3.7 4.1 4.5 5.0 5.5 6.1 6.7 7.5 8.3 9.2 10.1 11.1 12.0 13.1 14.1 15.1 16.1 17.0 18.0 18.8 19.5 20.0 20.4 20.8 20.9 21.5 21.6 22.1 22.3 22.6 22.9 23.0 23.2 23.4 23.5 23.5 23.4 23.5 23.4 23.3
