main/data/rainfall/28.01.2023.grid
ncols 886
nrows 691
xllcenter 112.0000
yllcenter -44.5000
cellsize 0.0500
nodata_value 99999.90
[rows 451 to 491 of 691, columns 282 to 375 of 886]
2.5 2.6 2.6 2.7 2.7 2.7 2.8 2.9 2.9 3.0 3.0 3.1 3.2 3.3 3.4 3.5 3.6 3.7 3.7 3.8 3.9 4.0 4.0 4.1 4.1 4.2 4.2 4.2 4.3 4.3 4.4 4.4 4.4 4.5 4.5 4.5 4.6 4.6 4.6 4.7 4.7 4.8 4.8 4.9 4.9 5.0 5.0 5.1 5.1 5.1 5.1 5.1 5.2 5.2 5.2 5.2 5.3 5.3 5.3 5.4 5.5 5.5 5.6 5.7 5.8 6.0 6.1 6.3 6.6 6.8 7.1 7.5 7.9 8.3 8.8 9.4 9.9 10.5 11.1 11.7 12.3 12.8 13.4 13.9 14.4 14.8 15.2 15.5 15.8 16.0 16.1 16.2 16.3 16.3
2.5 2.5 2.5 2.6 2.6 2.7 2.7 2.8 2.8 2.9 3.0 3.0 3.1 3.2 3.3 3.4 3.5 3.6 3.7 3.8 3.9 3.9 4.0 4.0 4.1 4.1 4.2 4.2 4.2 4.3 4.3 4.4 4.4 4.4 4.5 4.5 4.5 4.6 4.6 4.6 4.7 4.7 4.8 4.9 4.9 5.0 5.0 5.1 5.1 5.1 5.1 5.2 5.2 5.2 5.2 5.3 5.3 5.3 5.4 5.4 5.5 5.5 5.6 5.7 5.8 6.0 6.1 6.3 6.5 6.8 7.1 7.5 7.8 8.3 8.7 9.2 9.7 10.2 10.5 10.9 11.2 11.6 12.1 12.5 12.9 13.3 13.7 14.1 14.4 14.7 14.9 15.1 15.3 15.4
2.4 2.5 2.5 2.5 2.6 2.6 2.7 2.7 2.8 2.8 2.9 3.0 3.0 3.1 3.2 3.3 3.4 3.5 3.6 3.7 3.8 3.9 4.0 4.0 4.1 4.1 4.1 4.2 4.2 4.3 4.3 4.3 4.4 4.4 4.4 4.4 4.5 4.5 4.5 4.6 4.7 4.8 4.8 4.9 5.0 5.0 5.1 5.1 5.1 5.1 5.2 5.2 5.2 5.2 5.2 5.3 5.3 5.3 5.4 5.4 5.5 5.6 5.6 5.7 5.8 6.0 6.1 6.3 6.5 6.8 7.1 7.4 7.8 8.1 8.4 8.6 8.8 9.0 9.2 9.5 9.8 10.1 10.4 10.7 11.1 11.4 11.8 12.1 12.4 12.7 12.9 13.1 13.2 13.3
2.4 2.4 2.4 2.5 2.5 2.6 2.6 2.7 2.7 2.8 2.8 2.9 3.0 3.1 3.2 3.3 3.4 3.5 3.6 3.7 3.8 3.9 3.9 4.0 4.0 4.1 4.1 4.2 4.2 4.2 4.3 4.3 4.3 4.4 4.4 4.4 4.4 4.5 4.5 4.6 4.7 4.8 4.9 5.0 5.0 5.1 5.1 5.1 5.1 5.2 5.2 5.2 5.2 5.2 5.3 5.3 5.3 5.4 5.4 5.5 5.5 5.6 5.7 5.8 5.9 6.0 6.1 6.3 6.5 6.8 7.0 7.2 7.3 7.4 7.4 7.5 7.6 7.7 7.9 8.1 8.3 8.6 8.9 9.2 9.5 9.7 10.0 10.3 10.5 10.8 11.0 11.1 11.2 11.3
2.3 2.4 2.4 2.4 2.5 2.5 2.6 2.6 2.7 2.7 2.8 2.8 2.9 3.0 3.2 3.3 3.5 3.6 3.7 3.8 3.8 3.9 3.9 4.0 4.0 4.1 4.1 4.1 4.2 4.2 4.2 4.3 4.3 4.3 4.4 4.4 4.5 4.6 4.6 4.7 4.8 4.9 5.0 5.0 5.1 5.1 5.1 5.1 5.2 5.2 5.2 5.2 5.2 5.3 5.3 5.3 5.4 5.4 5.4 5.5 5.5 5.6 5.7 5.8 5.9 6.0 6.1 6.3 6.5 6.6 6.5 6.5 6.4 6.4 6.4 6.4 6.5 6.6 6.7 6.9 7.1 7.3 7.5 7.8 8.0 8.2 8.5 8.7 8.9 9.1 9.3 9.4 9.5 9.6
2.3 2.3 2.4 2.4 2.4 2.5 2.5 2.6 2.6 2.7 2.8 2.9 3.1 3.3 3.4 3.6 3.8 3.9 4.0 4.0 4.1 4.1 4.1 4.1 4.1 4.1 4.1 4.2 4.2 4.2 4.3 4.3 4.3 4.4 4.5 4.5 4.6 4.7 4.8 4.8 4.9 5.0 5.0 5.1 5.1 5.1 5.1 5.2 5.2 5.2 5.2 5.2 5.3 5.3 5.3 5.3 5.4 5.4 5.4 5.5 5.6 5.6 5.7 5.8 5.9 6.0 6.1 6.1 6.0 5.8 5.7 5.6 5.5 5.5 5.5 5.5 5.5 5.6 5.7 5.9 6.0 6.2 6.4 6.5 6.7 6.9 7.1 7.3 7.5 7.6 7.8 7.9 8.0 8.0
2.6 2.5 2.5 2.4 2.5 2.5 2.6 2.7 2.8 2.9 3.1 3.3 3.4 3.6 3.8 3.9 4.0 4.1 4.2 4.3 4.3 4.3 4.3 4.3 4.3 4.3 4.3 4.3 4.4 4.4 4.4 4.5 4.5 4.6 4.6 4.7 4.8 4.8 4.9 4.9 5.0 5.0 5.1 5.1 5.1 5.2 5.2 5.2 5.2 5.2 5.2 5.3 5.3 5.3 5.3 5.4 5.4 5.4 5.5 5.5 5.6 5.6 5.7 5.8 5.8 5.7 5.6 5.4 5.2 5.0 4.9 4.8 4.7 4.7 4.6 4.6 4.7 4.7 4.8 4.9 5.0 5.2 5.3 5.5 5.6 5.8 6.0 6.1 6.2 6.4 6.5 6.6 6.6 6.7
3.0 3.0 2.9 2.9 2.9 2.9 3.0 3.1 3.2 3.3 3.5 3.6 3.8 3.9 4.0 4.2 4.3 4.4 4.4 4.5 4.5 4.5 4.5 4.6 4.6 4.6 4.6 4.6 4.6 4.6 4.6 4.7 4.7 4.7 4.8 4.8 4.9 4.9 5.0 5.0 5.1 5.1 5.1 5.1 5.2 5.2 5.2 5.2 5.2 5.2 5.3 5.3 5.3 5.3 5.4 5.4 5.4 5.4 5.5 5.5 5.6 5.6 5.6 5.5 5.3 5.1 4.9 4.6 4.5 4.3 4.2 4.1 4.0 3.9 3.9 3.9 3.9 4.0 4.0 4.1 4.2 4.3 4.4 4.6 4.7 4.8 4.9 5.1 5.2 5.3 5.4 5.5 5.5 5.6
3.5 3.4 3.4 3.4 3.4 3.4 3.5 3.5 3.6 3.7 3.8 4.0 4.1 4.2 4.3 4.4 4.5 4.5 4.6 4.6 4.7 4.7 4.7 4.7 4.7 4.7 4.7 4.8 4.8 4.8 4.8 4.8 4.9 4.9 4.9 5.0 5.0 5.0 5.1 5.1 5.1 5.1 5.2 5.2 5.2 5.2 5.2 5.2 5.3 5.3 5.3 5.3 5.3 5.3 5.4 5.4 5.4 5.5 5.5 5.5 5.5 5.3 5.1 4.8 4.6 4.4 4.2 4.0 3.8 3.7 3.5 3.4 3.4 3.3 3.3 3.3 3.3 3.3 3.4 3.4 3.5 3.6 3.7 3.8 3.9 4.0 4.1 4.2 4.3 4.4 4.4 4.5 4.5 4.6
3.8 3.8 3.7 3.7 3.7 3.8 3.8 3.9 3.9 4.0 4.1 4.2 4.3 4.4 4.5 4.6 4.6 4.7 4.7 4.8 4.8 4.8 4.8 4.9 4.9 4.9 4.9 4.9 4.9 4.9 4.9 5.0 5.0 5.0 5.0 5.1 5.1 5.1 5.1 5.1 5.2 5.2 5.2 5.2 5.2 5.2 5.2 5.3 5.3 5.3 5.3 5.3 5.3 5.4 5.4 5.4 5.4 5.4 5.4 5.2 4.9 4.7 4.4 4.1 3.9 3.7 3.5 3.4 3.2 3.1 3.0 2.9 2.8 2.8 2.8 2.7 2.7 2.8 2.8 2.8 2.9 3.0 3.0 3.1 3.2 3.3 3.3 3.4 3.5 3.6 3.6 3.7 3.7 3.7
4.1 4.0 4.0 4.0 4.0 4.1 4.1 4.1 4.2 4.3 4.3 4.4 4.5 4.6 4.6 4.7 4.7 4.8 4.8 4.9 4.9 4.9 5.0 5.0 5.0 5.0 5.0 5.0 5.0 5.0 5.0 5.1 5.1 5.1 5.1 5.1 5.1 5.2 5.2 5.2 5.2 5.2 5.2 5.2 5.2 5.3 5.3 5.3 5.3 5.3 5.3 5.3 5.3 5.4 5.4 5.3 5.3 5.0 4.8 4.5 4.2 4.0 3.7 3.5 3.3 3.1 3.0 2.8 2.7 2.6 2.5 2.4 2.4 2.3 2.3 2.3 2.3 2.3 2.3 2.3 2.4 2.4 2.5 2.5 2.6 2.7 2.7 2.8 2.9 2.9 3.0 3.0 3.0 3.1
4.3 4.2 4.2 4.2 4.3 4.3 4.3 4.3 4.4 4.4 4.5 4.6 4.6 4.7 4.7 4.8 4.8 4.9 4.9 5.0 5.0 5.0 5.0 5.0 5.1 5.1 5.1 5.1 5.1 5.1 5.1 5.1 5.2 5.2 5.2 5.2 5.2 5.2 5.2 5.2 5.2 5.2 5.2 5.3 5.3 5.3 5.3 5.3 5.3 5.3 5.3 5.3 5.3 5.3 5.1 4.9 4.6 4.3 4.1 3.8 3.6 3.4 3.2 3.0 2.8 2.6 2.5 2.4 2.3 2.2 2.1 2.0 2.0 1.9 1.9 1.9 1.9 1.9 1.9 1.9 1.9 2.0 2.0 2.1 2.1 2.2 2.2 2.3 2.3 2.4 2.4 2.4 2.5 2.5
4.4 4.4 4.4 4.4 4.4 4.4 4.5 4.5 4.5 4.6 4.6 4.7 4.7 4.8 4.8 4.9 4.9 4.9 5.0 5.0 5.0 5.1 5.1 5.1 5.1 5.1 5.2 5.2 5.2 5.2 5.2 5.2 5.2 5.2 5.2 5.2 5.2 5.2 5.3 5.3 5.3 5.3 5.3 5.3 5.3 5.3 5.3 5.3 5.3 5.3 5.3 5.2 5.0 4.8 4.5 4.2 3.9 3.7 3.5 3.2 3.0 2.8 2.7 2.5 2.4 2.2 2.1 2.0 1.9 1.8 1.7 1.7 1.6 1.6 1.5 1.5 1.5 1.5 1.5 1.5 1.6 1.6 1.6 1.7 1.7 1.7 1.8 1.8 1.9 1.9 1.9 1.9 2.0 2.0
4.5 4.5 4.5 4.5 4.5 4.6 4.6 4.6 4.6 4.7 4.7 4.8 4.8 4.8 4.9 4.9 5.0 5.0 5.0 5.1 5.1 5.1 5.1 5.2 5.2 5.2 5.2 5.2 5.2 5.2 5.2 5.2 5.3 5.3 5.3 5.3 5.3 5.3 5.3 5.3 5.3 5.3 5.3 5.3 5.3 5.3 5.3 5.3 5.2 5.1 4.9 4.6 4.3 4.1 3.8 3.6 3.3 3.1 2.9 2.7 2.5 2.4 2.2 2.1 2.0 1.8 1.7 1.6 1.6 1.5 1.4 1.4 1.3 1.3 1.3 1.2 1.2 1.2 1.2 1.2 1.3 1.3 1.3 1.3 1.4 1.4 1.4 1.5 1.5 1.5 1.5 1.6 1.6 1.6
4.6 4.6 4.6 4.6 4.6 4.6 4.7 4.7 4.7 4.7 4.8 4.8 4.8 4.9 4.9 5.0 5.0 5.0 5.1 5.1 5.1 5.1 5.2 5.2 5.2 5.2 5.2 5.2 5.3 5.3 5.3 5.3 5.3 5.3 5.3 5.3 5.3 5.3 5.3 5.3 5.3 5.3 5.3 5.3 5.3 5.2 5.2 4.9 4.7 4.4 4.2 3.9 3.7 3.4 3.2 3.0 2.8 2.6 2.4 2.3 2.1 2.0 1.9 1.7 1.6 1.5 1.4 1.4 1.3 1.2 1.2 1.1 1.1 1.0 1.0 1.0 1.0 1.0 1.0 1.0 1.0 1.0 1.0 1.1 1.1 1.1 1.1 1.2 1.2 1.2 1.2 1.2 1.3 1.3
4.6 4.6 4.7 4.7 4.7 4.7 4.7 4.7 4.8 4.8 4.8 4.9 4.9 4.9 5.0 5.0 5.0 5.1 5.1 5.1 5.1 5.2 5.2 5.2 5.2 5.2 5.3 5.3 5.3 5.3 5.3 5.3 5.3 5.3 5.3 5.3 5.3 5.3 5.3 5.3 5.3 5.3 5.2 5.2 5.0 4.7 4.5 4.3 4.0 3.8 3.5 3.3 3.1 2.9 2.7 2.5 2.3 2.2 2.0 1.9 1.8 1.6 1.5 1.4 1.3 1.3 1.2 1.1 1.0 1.0 0.9 0.9 0.9 0.8 0.8 0.8 0.8 0.8 0.8 0.8 0.8 0.8 0.8 0.8 0.9 0.9 0.9 0.9 0.9 0.9 1.0 1.0 1.0 1.0
4.7 4.7 4.7 4.7 4.7 4.7 4.8 4.8 4.8 4.8 4.8 4.9 4.9 4.9 5.0 5.0 5.0 5.1 5.1 5.1 5.2 5.2 5.2 5.2 5.2 5.3 5.3 5.3 5.3 5.3 5.3 5.3 5.3 5.3 5.3 5.3 5.3 5.3 5.2 5.2 5.1 4.9 4.7 4.5 4.3 4.0 3.8 3.6 3.4 3.2 3.0 2.8 2.6 2.4 2.2 2.1 1.9 1.8 1.7 1.6 1.5 1.4 1.3 1.2 1.1 1.0 1.0 0.9 0.8 0.8 0.8 0.7 0.7 0.7 0.7 0.6 0.6 0.6 0.6 0.6 0.6 0.6 0.7 0.7 0.7 0.7 0.7 0.7 0.7 0.7 0.8 0.8 0.8 0.8
4.6 4.6 4.7 4.7 4.7 4.8 4.8 4.8 4.8 4.8 4.9 4.9 4.9 5.0 5.0 5.0 5.1 5.1 5.1 5.1 5.2 5.2 5.2 5.2 5.3 5.3 5.3 5.3 5.3 5.3 5.3 5.3 5.3 5.3 5.2 5.2 5.1 4.9 4.8 4.6 4.4 4.2 4.0 3.8 3.6 3.4 3.2 3.0 2.8 2.6 2.5 2.3 2.1 2.0 1.9 1.7 1.6 1.5 1.4 1.3 1.2 1.1 1.0 1.0 0.9 0.8 0.8 0.7 0.7 0.6 0.6 0.6 0.6 0.5 0.5 0.5 0.5 0.5 0.5 0.5 0.5 0.5 0.5 0.5 0.5 0.5 0.5 0.6 0.6 0.6 0.6 0.6 0.6 0.6
4.1 4.2 4.3 4.4 4.5 4.6 4.7 4.7 4.7 4.8 4.8 4.8 4.9 4.9 4.9 5.0 5.0 5.0 5.1 5.1 5.1 5.1 5.1 5.2 5.2 5.2 5.2 5.2 5.2 5.1 5.0 4.9 4.8 4.7 4.6 4.5 4.4 4.2 4.0 3.9 3.7 3.5 3.3 3.2 3.0 2.8 2.7 2.5 2.3 2.2 2.0 1.9 1.8 1.6 1.5 1.4 1.3 1.2 1.1 1.0 1.0 0.9 0.8 0.8 0.7 0.7 0.6 0.6 0.5 0.5 0.5 0.5 0.4 0.4 0.4 0.4 0.4 0.4 0.4 0.4 0.4 0.4 0.4 0.4 0.4 0.4 0.4 0.4 0.4 0.4 0.5 0.5 0.5 0.5
3.5 3.6 3.7 3.8 3.9 4.0 4.1 4.2 4.2 4.3 4.4 4.4 4.4 4.5 4.5 4.6 4.6 4.6 4.6 4.6 4.7 4.7 4.6 4.6 4.6 4.6 4.6 4.5 4.5 4.4 4.3 4.2 4.1 4.0 3.9 3.8 3.6 3.5 3.4 3.2 3.1 2.9 2.8 2.6 2.5 2.3 2.2 2.1 1.9 1.8 1.7 1.6 1.5 1.4 1.3 1.2 1.1 1.0 0.9 0.9 0.8 0.7 0.7 0.6 0.6 0.5 0.5 0.5 0.4 0.4 0.4 0.4 0.4 0.3 0.3 0.3 0.3 0.3 0.3 0.3 0.3 0.3 0.3 0.3 0.3 0.3 0.3 0.3 0.3 0.3 0.4 0.4 0.4 0.4
2.9 3.0 3.1 3.2 3.3 3.4 3.4 3.5 3.6 3.6 3.7 3.7 3.8 3.8 3.8 3.9 3.9 3.9 3.9 3.9 3.9 3.9 3.9 3.9 3.9 3.8 3.8 3.8 3.7 3.6 3.6 3.5 3.4 3.3 3.2 3.1 3.0 2.9 2.8 2.7 2.5 2.4 2.3 2.2 2.0 1.9 1.8 1.7 1.6 1.5 1.4 1.3 1.2 1.1 1.0 0.9 0.9 0.8 0.7 0.7 0.6 0.6 0.5 0.5 0.5 0.4 0.4 0.4 0.3 0.3 0.3 0.3 0.3 0.3 0.3 0.2 0.2 0.2 0.2 0.2 0.2 0.2 0.2 0.2 0.2 0.2 0.3 0.3 0.3 0.3 0.3 0.3 0.3 0.3
2.4 2.5 2.6 2.7 2.7 2.8 2.9 2.9 3.0 3.0 3.1 3.1 3.1 3.2 3.2 3.2 3.2 3.2 3.3 3.3 3.3 3.3 3.2 3.2 3.2 3.2 3.2 3.1 3.1 3.0 3.0 2.9 2.8 2.7 2.7 2.6 2.5 2.4 2.3 2.2 2.1 2.0 1.9 1.8 1.7 1.6 1.5 1.4 1.3 1.2 1.1 1.0 1.0 0.9 0.8 0.8 0.7 0.6 0.6 0.6 0.5 0.5 0.4 0.4 0.4 0.3 0.3 0.3 0.3 0.3 0.2 0.2 0.2 0.2 0.2 0.2 0.2 0.2 0.2 0.2 0.2 0.2 0.2 0.2 0.2 0.2 0.2 0.2 0.2 0.2 0.2 0.2 0.2 0.2
2.0 2.1 2.2 2.2 2.3 2.3 2.4 2.4 2.5 2.5 2.5 2.6 2.6 2.6 2.6 2.7 2.7 2.7 2.7 2.7 2.7 2.7 2.7 2.7 2.6 2.6 2.6 2.6 2.5 2.5 2.4 2.4 2.3 2.3 2.2 2.1 2.0 2.0 1.9 1.8 1.7 1.6 1.5 1.5 1.4 1.3 1.2 1.1 1.0 1.0 0.9 0.8 0.8 0.7 0.7 0.6 0.6 0.5 0.5 0.4 0.4 0.4 0.3 0.3 0.3 0.3 0.2 0.2 0.2 0.2 0.2 0.2 0.2 0.2 0.2 0.1 0.1 0.1 0.1 0.1 0.1 0.1 0.1 0.1 0.1 0.1 0.1 0.1 0.1 0.2 0.2 0.2 0.2 0.2
1.7 1.7 1.8 1.8 1.9 1.9 2.0 2.0 2.0 2.1 2.1 2.1 2.1 2.1 2.2 2.2 2.2 2.2 2.2 2.2 2.2 2.2 2.2 2.2 2.2 2.1 2.1 2.1 2.1 2.0 2.0 1.9 1.9 1.8 1.8 1.7 1.7 1.6 1.5 1.5 1.4 1.3 1.2 1.2 1.1 1.0 1.0 0.9 0.8 0.8 0.7 0.7 0.6 0.6 0.5 0.5 0.5 0.4 0.4 0.3 0.3 0.3 0.3 0.2 0.2 0.2 0.2 0.2 0.2 0.2 0.1 0.1 0.1 0.1 0.1 0.1 0.1 0.1 0.1 0.1 0.1 0.1 0.1 0.1 0.1 0.1 0.1 0.1 0.1 0.1 0.1 0.1 0.1 0.1
1.4 1.4 1.5 1.5 1.5 1.6 1.6 1.6 1.6 1.7 1.7 1.7 1.7 1.7 1.8 1.8 1.8 1.8 1.8 1.8 1.8 1.8 1.8 1.8 1.8 1.7 1.7 1.7 1.7 1.6 1.6 1.6 1.5 1.5 1.4 1.4 1.3 1.3 1.2 1.2 1.1 1.1 1.0 0.9 0.9 0.8 0.8 0.7 0.7 0.6 0.6 0.5 0.5 0.5 0.4 0.4 0.4 0.3 0.3 0.3 0.3 0.2 0.2 0.2 0.2 0.2 0.2 0.1 0.1 0.1 0.1 0.1 0.1 0.1 0.1 0.1 0.1 0.1 0.1 0.1 0.1 0.1 0.1 0.1 0.1 0.1 0.1 0.1 0.1 0.1 0.1 0.1 0.1 0.1
1.1 1.1 1.2 1.2 1.2 1.3 1.3 1.3 1.3 1.4 1.4 1.4 1.4 1.4 1.4 1.4 1.4 1.4 1.4 1.4 1.4 1.4 1.4 1.4 1.4 1.4 1.4 1.4 1.3 1.3 1.3 1.3 1.2 1.2 1.2 1.1 1.1 1.0 1.0 0.9 0.9 0.9 0.8 0.8 0.7 0.7 0.6 0.6 0.5 0.5 0.5 0.4 0.4 0.4 0.3 0.3 0.3 0.3 0.2 0.2 0.2 0.2 0.2 0.2 0.1 0.1 0.1 0.1 0.1 0.1 0.1 0.1 0.1 0.1 0.1 0.1 0.1 0.1 0.1 0.1 0.1 0.1 0.1 0.1 0.1 0.1 0.1 0.1 0.1 0.1 0.1 0.1 0.1 0.1
0.9 0.9 1.0 1.0 1.0 1.0 1.0 1.1 1.1 1.1 1.1 1.1 1.1 1.1 1.1 1.2 1.2 1.2 1.2 1.2 1.2 1.2 1.2 1.1 1.1 1.1 1.1 1.1 1.1 1.1 1.0 1.0 1.0 1.0 0.9 0.9 0.9 0.8 0.8 0.8 0.7 0.7 0.6 0.6 0.6 0.5 0.5 0.5 0.4 0.4 0.4 0.3 0.3 0.3 0.3 0.2 0.2 0.2 0.2 0.2 0.2 0.1 0.1 0.1 0.1 0.1 0.1 0.1 0.1 0.1 0.1 0.1 0.1 0.1 0.1 0.0 0.0 0.0 0.0 0.0 0.0 0.0 0.0 0.0 0.0 0.0 0.0 0.0 0.0 0.0 0.0 0.0 0.0 0.0
0.7 0.7 0.8 0.8 0.8 0.8 0.8 0.9 0.9 0.9 0.9 0.9 0.9 0.9 0.9 0.9 0.9 0.9 0.9 0.9 0.9 0.9 0.9 0.9 0.9 0.9 0.9 0.9 0.9 0.8 0.8 0.8 0.8 0.8 0.7 0.7 0.7 0.7 0.6 0.6 0.6 0.5 0.5 0.5 0.4 0.4 0.4 0.4 0.3 0.3 0.3 0.3 0.2 0.2 0.2 0.2 0.2 0.2 0.1 0.1 0.1 0.1 0.1 0.1 0.1 0.1 0.1 0.1 0.1 0.1 0.0 0.0 0.0 0.0 0.0 0.0 0.0 0.0 0.0 0.0 0.0 0.0 0.0 0.0 0.0 0.0 0.0 0.0 0.0 0.0 0.0 0.0 0.0 0.0
0.6 0.6 0.6 0.6 0.6 0.7 0.7 0.7 0.7 0.7 0.7 0.7 0.7 0.7 0.7 0.7 0.7 0.7 0.7 0.7 0.7 0.7 0.7 0.7 0.7 0.7 0.7 0.7 0.7 0.7 0.7 0.6 0.6 0.6 0.6 0.6 0.5 0.5 0.5 0.5 0.4 0.4 0.4 0.4 0.4 0.3 0.3 0.3 0.3 0.2 0.2 0.2 0.2 0.2 0.2 0.1 0.1 0.1 0.1 0.1 0.1 0.1 0.1 0.1 0.1 0.1 0.1 0.0 0.0 0.0 0.0 0.0 0.0 0.0 0.0 0.0 0.0 0.0 0.0 0.0 0.0 0.0 0.0 0.0 0.0 0.0 0.0 0.0 0.0 0.0 0.0 0.0 0.0 0.0
0.5 0.5 0.5 0.5 0.5 0.5 0.5 0.5 0.5 0.6 0.6 0.6 0.6 0.6 0.6 0.6 0.6 0.6 0.6 0.6 0.6 0.6 0.6 0.6 0.6 0.6 0.6 0.5 0.5 0.5 0.5 0.5 0.5 0.5 0.5 0.4 0.4 0.4 0.4 0.4 0.3 0.3 0.3 0.3 0.3 0.3 0.2 0.2 0.2 0.2 0.2 0.2 0.1 0.1 0.1 0.1 0.1 0.1 0.1 0.1 0.1 0.1 0.1 0.1 0.0 0.0 0.0 0.0 0.0 0.0 0.0 0.0 0.0 0.0 0.0 0.0 0.0 0.0 0.0 0.0 0.0 0.0 0.0 0.0 0.0 0.0 0.0 0.0 0.0 0.0 0.0 0.0 0.0 0.0
0.4 0.4 0.4 0.4 0.4 0.4 0.4 0.4 0.4 0.4 0.4 0.4 0.4 0.4 0.5 0.5 0.5 0.5 0.5 0.5 0.5 0.5 0.5 0.4 0.4 0.4 0.4 0.4 0.4 0.4 0.4 0.4 0.4 0.4 0.4 0.3 0.3 0.3 0.3 0.3 0.3 0.3 0.2 0.2 0.2 0.2 0.2 0.2 0.2 0.1 0.1 0.1 0.1 0.1 0.1 0.1 0.1 0.1 0.1 0.1 0.1 0.0 0.0 0.0 0.0 0.0 0.0 0.0 0.0 0.0 0.0 0.0 0.0 0.0 0.0 0.0 0.0 0.0 0.0 0.0 0.0 0.0 0.0 0.0 0.0 0.0 0.0 0.0 0.0 0.0 0.0 0.0 0.0 0.0
0.3 0.3 0.3 0.3 0.3 0.3 0.3 0.3 0.3 0.3 0.3 0.3 0.3 0.3 0.4 0.4 0.4 0.4 0.4 0.4 0.4 0.4 0.4 0.3 0.3 0.3 0.3 0.3 0.3 0.3 0.3 0.3 0.3 0.3 0.3 0.3 0.3 0.2 0.2 0.2 0.2 0.2 0.2 0.2 0.2 0.2 0.1 0.1 0.1 0.1 0.1 0.1 0.1 0.1 0.1 0.1 0.1 0.1 0.0 0.0 0.0 0.0 0.0 0.0 0.0 0.0 0.0 0.0 0.0 0.0 0.0 0.0 0.0 0.0 0.0 0.0 0.0 0.0 0.0 0.0 0.0 0.0 0.0 0.0 0.0 0.0 0.0 0.0 0.0 0.0 0.0 0.0 0.0 0.0
0.2 0.2 0.2 0.2 0.2 0.2 0.3 0.3 0.3 0.3 0.3 0.3 0.3 0.3 0.3 0.3 0.3 0.3 0.3 0.3 0.3 0.3 0.3 0.3 0.3 0.3 0.3 0.3 0.3 0.2 0.2 0.2 0.2 0.2 0.2 0.2 0.2 0.2 0.2 0.2 0.2 0.2 0.1 0.1 0.1 0.1 0.1 0.1 0.1 0.1 0.1 0.1 0.1 0.1 0.1 0.0 0.0 0.0 0.0 0.0 0.0 0.0 0.0 0.0 0.0 0.0 0.0 0.0 0.0 0.0 0.0 0.0 0.0 0.0 0.0 0.0 0.0 0.0 0.0 0.0 0.0 0.0 0.0 0.0 0.0 0.0 0.0 0.0 0.0 0.0 0.0 0.0 0.0 0.0
0.2 0.2 0.2 0.2 0.2 0.2 0.2 0.2 0.2 0.2 0.2 0.2 0.2 0.2 0.2 0.2 0.2 0.2 0.2 0.2 0.2 0.2 0.2 0.2 0.2 0.2 0.2 0.2 0.2 0.2 0.2 0.2 0.2 0.2 0.2 0.2 0.2 0.1 0.1 0.1 0.1 0.1 0.1 0.1 0.1 0.1 0.1 0.1 0.1 0.1 0.1 0.1 0.0 0.0 0.0 0.0 0.0 0.0 0.0 0.0 0.0 0.0 0.0 0.0 0.0 0.0 0.0 0.0 0.0 0.0 0.0 0.0 0.0 0.0 0.0 0.0 0.0 0.0 0.0 0.0 0.0 0.0 0.0 0.0 0.0 0.0 0.0 0.0 0.0 0.0 0.0 0.0 0.0 0.0
0.1 0.1 0.1 0.1 0.1 0.1 0.1 0.2 0.2 0.2 0.2 0.2 0.2 0.2 0.2 0.2 0.2 0.2 0.2 0.2 0.2 0.2 0.2 0.2 0.2 0.2 0.2 0.1 0.1 0.1 0.1 0.1 0.1 0.1 0.1 0.1 0.1 0.1 0.1 0.1 0.1 0.1 0.1 0.1 0.1 0.1 0.1 0.1 0.1 0.0 0.0 0.0 0.0 0.0 0.0 0.0 0.0 0.0 0.0 0.0 0.0 0.0 0.0 0.0 0.0 0.0 0.0 0.0 0.0 0.0 0.0 0.0 0.0 0.0 0.0 0.0 0.0 0.0 0.0 0.0 0.0 0.0 0.0 0.0 0.0 0.0 0.0 0.0 0.0 0.0 0.0 0.0 0.0 0.0
0.1 0.1 0.1 0.1 0.1 0.1 0.1 0.1 0.1 0.1 0.1 0.1 0.1 0.1 0.1 0.1 0.1 0.1 0.1 0.1 0.1 0.1 0.1 0.1 0.1 0.1 0.1 0.1 0.1 0.1 0.1 0.1 0.1 0.1 0.1 0.1 0.1 0.1 0.1 0.1 0.1 0.1 0.1 0.1 0.1 0.1 0.0 0.0 0.0 0.0 0.0 0.0 0.0 0.0 0.0 0.0 0.0 0.0 0.0 0.0 0.0 0.0 0.0 0.0 0.0 0.0 0.0 0.0 0.0 0.0 0.0 0.0 0.0 0.0 0.0 0.0 0.0 0.0 0.0 0.0 0.0 0.0 0.0 0.0 0.0 0.0 0.0 0.0 0.0 0.0 0.0 0.0 0.0 0.0
0.1 0.1 0.1 0.1 0.1 0.1 0.1 0.1 0.1 0.1 0.1 0.1 0.1 0.1 0.1 0.1 0.1 0.1 0.1 0.1 0.1 0.1 0.1 0.1 0.1 0.1 0.1 0.1 0.1 0.1 0.1 0.1 0.1 0.1 0.1 0.1 0.1 0.1 0.1 0.1 0.1 0.0 0.0 0.0 0.0 0.0 0.0 0.0 0.0 0.0 0.0 0.0 0.0 0.0 0.0 0.0 0.0 0.0 0.0 0.0 0.0 0.0 0.0 0.0 0.0 0.0 0.0 0.0 0.0 0.0 0.0 0.0 0.0 0.0 0.0 0.0 0.0 0.0 0.0 0.0 0.0 0.0 0.0 0.0 0.0 0.0 0.0 0.0 0.0 0.0 0.0 0.0 0.0 0.0
0.1 0.1 0.1 0.1 0.1 0.1 0.1 0.1 0.1 0.1 0.1 0.1 0.1 0.1 0.1 0.1 0.1 0.1 0.1 0.1 0.1 0.1 0.1 0.1 0.1 0.1 0.1 0.1 0.1 0.1 0.1 0.1 0.1 0.1 0.1 0.1 0.0 0.0 0.0 0.0 0.0 0.0 0.0 0.0 0.0 0.0 0.0 0.0 0.0 0.0 0.0 0.0 0.0 0.0 0.0 0.0 0.0 0.0 0.0 0.0 0.0 0.0 0.0 0.0 0.0 0.0 0.0 0.0 0.0 0.0 0.0 0.0 0.0 0.0 0.0 0.0 0.0 0.0 0.0 0.0 0.0 0.0 0.0 0.0 0.0 0.0 0.0 0.0 0.0 0.0 0.0 0.0 0.0 0.0
0.0 0.0 0.0 0.0 0.0 0.0 0.0 0.0 0.0 0.0 0.1 0.1 0.1 0.1 0.1 0.1 0.1 0.1 0.1 0.1 0.1 0.1 0.1 0.0 0.0 0.0 0.0 0.0 0.0 0.0 0.0 0.0 0.0 0.0 0.0 0.0 0.0 0.0 0.0 0.0 0.0 0.0 0.0 0.0 0.0 0.0 0.0 0.0 0.0 0.0 0.0 0.0 0.0 0.0 0.0 0.0 0.0 0.0 0.0 0.0 0.0 0.0 0.0 0.0 0.0 0.0 0.0 0.0 0.0 0.0 0.0 0.0 0.0 0.0 0.0 0.0 0.0 0.0 0.0 0.0 0.0 0.0 0.0 0.0 0.0 0.0 0.0 0.0 0.0 0.0 0.0 0.0 0.0 0.0
0.0 0.0 0.0 0.0 0.0 0.0 0.0 0.0 0.0 0.0 0.0 0.0 0.0 0.0 0.0 0.0 0.0 0.0 0.0 0.0 0.0 0.0 0.0 0.0 0.0 0.0 0.0 0.0 0.0 0.0 0.0 0.0 0.0 0.0 0.0 0.0 0.0 0.0 0.0 0.0 0.0 0.0 0.0 0.0 0.0 0.0 0.0 0.0 0.0 0.0 0.0 0.0 0.0 0.0 0.0 0.0 0.0 0.0 0.0 0.0 0.0 0.0 0.0 0.0 0.0 0.0 0.0 0.0 0.0 0.0 0.0 0.0 0.0 0.0 0.0 0.0 0.0 0.0 0.0 0.0 0.0 0.0 0.0 0.0 0.0 0.0 0.0 0.0 0.0 0.0 0.0 0.0 0.0 0.0
0.0 0.0 0.0 0.0 0.0 0.0 0.0 0.0 0.0 0.0 0.0 0.0 0.0 0.0 0.0 0.0 0.0 0.0 0.0 0.0 0.0 0.0 0.0 0.0 0.0 0.0 0.0 0.0 0.0 0.0 0.0 0.0 0.0 0.0 0.0 0.0 0.0 0.0 0.0 0.0 0.0 0.0 0.0 0.0 0.0 0.0 0.0 0.0 0.0 0.0 0.0 0.0 0.0 0.0 0.0 0.0 0.0 0.0 0.0 0.0 0.0 0.0 0.0 0.0 0.0 0.0 0.0 0.0 0.0 0.0 0.0 0.0 0.0 0.0 0.0 0.0 0.0 0.0 0.0 0.0 0.0 0.0 0.0 0.0 0.0 0.0 0.0 0.0 0.0 0.0 0.0 0.0 0.0 0.0
