main/data/rainfall/30.04.2023.grid
ncols 886
nrows 691
xllcenter 112.0000
yllcenter -44.5000
cellsize 0.0500
nodata_value 99999.90
[rows 41 to 81 of 691, columns 465 to 557 of 886]
13.1 11.0 8.9 6.9 5.1 3.5 2.1 0.9 0.0 0.0 0.0 0.0 0.0 0.0 0.0 0.0 0.0 0.0 0.0 0.0 0.0 0.0 0.0 0.0 0.4 0.8 1.1 1.3 1.4 1.4 1.5 1.5 1.5 1.5 1.5 1.5 1.5 1.5 1.5 1.5 1.5 1.5 1.5 1.5 1.5 1.5 1.4 1.4 1.4 1.4 1.4 1.4 1.3 1.3 1.3 1.2 1.1 0.9 0.8 0.6 0.5 0.4 0.4 0.3 0.2 0.2 0.1 0.1 0.1 0.1 0.1 0.0 0.0 0.0 0.0 0.0 0.0 0.0 0.0 0.0 0.0 0.0 0.0 0.0 0.0 0.0 0.0 0.0 0.0 0.0 0.0 0.0 0.0
13.1 11.0 8.9 6.9 5.1 3.6 2.2 1.0 0.0 0.0 0.0 0.0 0.0 0.0 0.0 0.0 0.0 0.0 0.0 0.0 0.0 0.0 0.0 0.0 0.4 0.8 1.1 1.3 1.4 1.5 1.5 1.6 1.6 1.6 1.6 1.6 1.6 1.6 1.6 1.6 1.6 1.6 1.6 1.6 1.6 1.5 1.5 1.5 1.4 1.4 1.4 1.4 1.4 1.4 1.4 1.3 1.1 0.9 0.8 0.7 0.5 0.4 0.4 0.3 0.2 0.2 0.2 0.1 0.1 0.1 0.1 0.0 0.0 0.0 0.0 0.0 0.0 0.0 0.0 0.0 0.0 0.0 0.0 0.0 0.0 0.0 0.0 0.0 0.0 0.0 0.0 0.0 0.0
13.0 10.9 8.9 6.9 5.2 3.6 2.3 1.1 0.1 0.0 0.0 0.0 0.0 0.0 0.0 0.0 0.0 0.0 0.0 0.0 0.0 0.0 0.0 0.0 0.5 0.9 1.1 1.3 1.5 1.5 1.6 1.6 1.6 1.7 1.7 1.7 1.7 1.7 1.7 1.6 1.6 1.6 1.6 1.6 1.6 1.6 1.5 1.5 1.5 1.5 1.5 1.4 1.4 1.4 1.4 1.3 1.1 1.0 0.8 0.7 0.6 0.5 0.4 0.3 0.2 0.2 0.2 0.1 0.1 0.1 0.1 0.0 0.0 0.0 0.0 0.0 0.0 0.0 0.0 0.0 0.0 0.0 0.0 0.0 0.0 0.0 0.0 0.0 0.0 0.0 0.0 0.0 0.0
12.9 10.9 8.8 6.9 5.2 3.7 2.3 1.2 0.3 0.0 0.0 0.0 0.0 0.0 0.0 0.0 0.0 0.0 0.0 0.0 0.0 0.0 0.0 0.0 0.5 0.9 1.2 1.4 1.5 1.6 1.6 1.7 1.7 1.7 1.7 1.7 1.7 1.7 1.7 1.7 1.7 1.7 1.7 1.7 1.7 1.6 1.6 1.6 1.5 1.5 1.5 1.5 1.5 1.4 1.4 1.3 1.2 1.0 0.8 0.7 0.6 0.5 0.4 0.3 0.2 0.2 0.2 0.1 0.1 0.1 0.1 0.0 0.0 0.0 0.0 0.0 0.0 0.0 0.0 0.0 0.0 0.0 0.0 0.0 0.0 0.0 0.0 0.0 0.0 0.0 0.0 0.0 0.0
12.8 10.7 8.7 6.8 5.2 3.7 2.4 1.3 0.4 0.0 0.0 0.0 0.0 0.0 0.0 0.0 0.0 0.0 0.0 0.0 0.0 0.0 0.0 0.0 0.5 0.9 1.2 1.4 1.5 1.6 1.7 1.8 1.8 1.8 1.8 1.8 1.8 1.8 1.8 1.8 1.7 1.7 1.7 1.7 1.7 1.7 1.6 1.6 1.6 1.6 1.5 1.5 1.5 1.5 1.5 1.4 1.2 1.0 0.8 0.7 0.6 0.5 0.4 0.3 0.2 0.2 0.2 0.1 0.1 0.1 0.1 0.0 0.0 0.0 0.0 0.0 0.0 0.0 0.0 0.0 0.0 0.0 0.0 0.0 0.0 0.0 0.0 0.0 0.0 0.0 0.0 0.0 0.0
12.6 10.6 8.6 6.8 5.1 3.7 2.4 1.4 0.6 0.0 0.0 0.0 0.0 0.0 0.0 0.0 0.0 0.0 0.0 0.0 0.0 0.0 0.0 0.0 0.5 0.9 1.2 1.4 1.6 1.7 1.7 1.8 1.8 1.8 1.8 1.8 1.8 1.8 1.8 1.8 1.8 1.8 1.8 1.8 1.8 1.7 1.7 1.6 1.6 1.6 1.6 1.6 1.5 1.5 1.5 1.4 1.2 1.0 0.8 0.7 0.6 0.5 0.4 0.3 0.3 0.2 0.2 0.1 0.1 0.1 0.1 0.0 0.0 0.0 0.0 0.0 0.0 0.0 0.0 0.0 0.0 0.0 0.0 0.0 0.0 0.0 0.0 0.0 0.0 0.0 0.0 0.0 0.0
12.5 10.4 8.4 6.6 5.0 3.6 2.5 1.5 0.7 0.0 0.0 0.0 0.0 0.0 0.0 0.0 0.0 0.0 0.0 0.0 0.0 0.0 0.0 0.0 0.5 0.9 1.2 1.4 1.6 1.7 1.8 1.8 1.9 1.9 1.9 1.9 1.9 1.9 1.9 1.9 1.9 1.9 1.8 1.8 1.8 1.8 1.7 1.7 1.7 1.6 1.6 1.6 1.6 1.6 1.5 1.4 1.2 1.0 0.8 0.7 0.6 0.5 0.4 0.3 0.3 0.2 0.2 0.1 0.1 0.1 0.1 0.0 0.0 0.0 0.0 0.0 0.0 0.0 0.0 0.0 0.0 0.0 0.0 0.0 0.0 0.0 0.0 0.0 0.0 0.0 0.0 0.0 0.0
12.2 10.1 8.2 6.4 4.9 3.6 2.5 1.5 0.8 0.1 0.0 0.0 0.0 0.0 0.0 0.0 0.0 0.0 0.0 0.0 0.0 0.0 0.0 0.1 0.5 0.9 1.3 1.5 1.6 1.8 1.8 1.9 1.9 1.9 2.0 2.0 2.0 2.0 1.9 1.9 1.9 1.9 1.9 1.9 1.9 1.8 1.8 1.7 1.7 1.7 1.7 1.6 1.6 1.6 1.6 1.4 1.2 1.0 0.8 0.7 0.6 0.5 0.4 0.3 0.3 0.2 0.2 0.1 0.1 0.1 0.1 0.0 0.0 0.0 0.0 0.0 0.0 0.0 0.0 0.0 0.0 0.0 0.0 0.0 0.0 0.0 0.0 0.0 0.0 0.0 0.0 0.0 0.0
11.9 9.8 7.9 6.2 4.7 3.5 2.4 1.6 0.8 0.2 0.0 0.0 0.0 0.0 0.0 0.0 0.0 0.0 0.0 0.0 0.0 0.0 0.0 0.1 0.5 1.0 1.3 1.5 1.7 1.8 1.9 2.0 2.0 2.0 2.0 2.0 2.0 2.0 2.0 2.0 2.0 2.0 2.0 2.0 1.9 1.9 1.8 1.8 1.8 1.7 1.7 1.7 1.7 1.7 1.6 1.4 1.2 1.0 0.8 0.7 0.6 0.5 0.4 0.3 0.2 0.2 0.2 0.1 0.1 0.1 0.1 0.0 0.0 0.0 0.0 0.0 0.0 0.0 0.0 0.0 0.0 0.0 0.0 0.0 0.0 0.0 0.0 0.0 0.0 0.0 0.0 0.0 0.0
11.4 9.4 7.6 6.0 4.6 3.4 2.4 1.6 0.9 0.3 0.0 0.0 0.0 0.0 0.0 0.0 0.0 0.0 0.0 0.0 0.0 0.0 0.0 0.1 0.6 1.0 1.3 1.6 1.7 1.9 2.0 2.0 2.1 2.1 2.1 2.1 2.1 2.1 2.1 2.1 2.1 2.1 2.1 2.0 2.0 2.0 1.9 1.9 1.8 1.8 1.8 1.8 1.7 1.7 1.6 1.4 1.2 1.0 0.8 0.7 0.6 0.5 0.4 0.3 0.2 0.2 0.2 0.1 0.1 0.1 0.1 0.0 0.0 0.0 0.0 0.0 0.0 0.0 0.0 0.0 0.0 0.0 0.0 0.0 0.0 0.0 0.0 0.0 0.0 0.0 0.0 0.0 0.0
11.0 9.0 7.2 5.7 4.4 3.3 2.3 1.6 0.9 0.4 0.0 0.0 0.0 0.0 0.0 0.0 0.0 0.0 0.0 0.0 0.0 0.0 0.0 0.1 0.6 1.0 1.4 1.6 1.8 2.0 2.1 2.1 2.2 2.2 2.2 2.2 2.3 2.2 2.2 2.2 2.2 2.2 2.2 2.1 2.1 2.0 2.0 2.0 1.9 1.9 1.9 1.8 1.8 1.8 1.6 1.4 1.2 1.0 0.8 0.7 0.6 0.5 0.4 0.3 0.2 0.2 0.2 0.1 0.1 0.1 0.1 0.0 0.0 0.0 0.0 0.0 0.0 0.0 0.0 0.0 0.0 0.0 0.0 0.0 0.0 0.0 0.0 0.0 0.0 0.0 0.0 0.0 0.0
10.4 8.5 6.8 5.4 4.1 3.1 2.3 1.5 0.9 0.4 0.0 0.0 0.0 0.0 0.0 0.0 0.0 0.0 0.0 0.0 0.0 0.0 0.0 0.1 0.6 1.1 1.4 1.7 1.9 2.1 2.2 2.3 2.3 2.4 2.4 2.4 2.4 2.4 2.4 2.4 2.4 2.3 2.3 2.2 2.2 2.1 2.1 2.1 2.0 2.0 2.0 1.9 1.9 1.8 1.7 1.4 1.2 1.0 0.8 0.7 0.6 0.5 0.4 0.3 0.2 0.2 0.2 0.1 0.1 0.1 0.1 0.0 0.0 0.0 0.0 0.0 0.0 0.0 0.0 0.0 0.0 0.0 0.0 0.0 0.0 0.0 0.0 0.0 0.0 0.0 0.0 0.0 0.0
9.7 8.0 6.4 5.0 3.9 3.0 2.2 1.5 0.9 0.4 0.0 0.0 0.0 0.0 0.0 0.0 0.0 0.0 0.0 0.0 0.0 0.0 0.0 0.2 0.7 1.1 1.5 1.8 2.1 2.2 2.4 2.4 2.5 2.5 2.6 2.6 2.6 2.6 2.6 2.5 2.5 2.5 2.4 2.4 2.3 2.3 2.2 2.2 2.2 2.1 2.1 2.0 2.0 1.9 1.7 1.4 1.2 1.0 0.8 0.7 0.6 0.5 0.4 0.3 0.2 0.2 0.2 0.1 0.1 0.1 0.1 0.0 0.0 0.0 0.0 0.0 0.0 0.0 0.0 0.0 0.0 0.0 0.0 0.0 0.0 0.0 0.0 0.0 0.0 0.0 0.0 0.0 0.0
9.1 7.4 6.0 4.7 3.7 2.8 2.1 1.4 0.9 0.5 0.1 0.0 0.0 0.0 0.0 0.0 0.0 0.0 0.0 0.0 0.0 0.0 0.0 0.2 0.8 1.2 1.7 2.0 2.2 2.4 2.6 2.6 2.7 2.8 2.8 2.8 2.8 2.8 2.8 2.7 2.7 2.7 2.6 2.5 2.5 2.4 2.4 2.3 2.3 2.3 2.2 2.2 2.1 2.0 1.7 1.4 1.2 1.0 0.8 0.7 0.6 0.5 0.4 0.3 0.2 0.2 0.1 0.1 0.1 0.1 0.1 0.0 0.0 0.0 0.0 0.0 0.0 0.0 0.0 0.0 0.0 0.0 0.0 0.0 0.0 0.0 0.0 0.0 0.0 0.0 0.0 0.0 0.0
8.5 6.9 5.5 4.4 3.4 2.6 1.9 1.4 0.9 0.5 0.1 0.0 0.0 0.0 0.0 0.0 0.0 0.0 0.0 0.0 0.0 0.0 0.0 0.4 0.9 1.4 1.8 2.2 2.4 2.7 2.8 2.9 3.0 3.0 3.0 3.0 3.0 3.0 3.0 3.0 2.9 2.9 2.8 2.8 2.7 2.6 2.6 2.5 2.5 2.4 2.4 2.3 2.3 2.0 1.7 1.5 1.2 1.0 0.8 0.7 0.6 0.5 0.4 0.3 0.2 0.2 0.1 0.1 0.1 0.1 0.1 0.0 0.0 0.0 0.0 0.0 0.0 0.0 0.0 0.0 0.0 0.0 0.0 0.0 0.0 0.0 0.0 0.0 0.0 0.0 0.0 0.0 0.0
7.8 6.3 5.1 4.0 3.2 2.4 1.8 1.3 0.9 0.5 0.1 0.0 0.0 0.0 0.0 0.0 0.0 0.0 0.0 0.0 0.0 0.0 0.0 0.5 1.1 1.6 2.0 2.4 2.7 2.9 3.1 3.2 3.3 3.3 3.3 3.4 3.3 3.3 3.3 3.2 3.2 3.1 3.1 3.0 2.9 2.9 2.8 2.8 2.7 2.6 2.6 2.5 2.4 2.1 1.8 1.5 1.2 1.0 0.9 0.7 0.6 0.5 0.4 0.3 0.2 0.2 0.1 0.1 0.1 0.1 0.1 0.0 0.0 0.0 0.0 0.0 0.0 0.0 0.0 0.0 0.0 0.0 0.0 0.0 0.0 0.0 0.0 0.0 0.0 0.0 0.0 0.0 0.0
7.1 5.8 4.7 3.7 2.9 2.3 1.7 1.2 0.8 0.5 0.2 0.0 0.0 0.0 0.0 0.0 0.0 0.0 0.0 0.0 0.0 0.0 0.2 0.8 1.3 1.9 2.3 2.7 3.0 3.3 3.4 3.6 3.6 3.7 3.7 3.7 3.7 3.7 3.6 3.6 3.5 3.5 3.4 3.3 3.2 3.2 3.1 3.0 3.0 2.9 2.8 2.7 2.5 2.2 1.8 1.5 1.3 1.1 0.9 0.7 0.6 0.5 0.4 0.3 0.2 0.2 0.1 0.1 0.1 0.1 0.1 0.0 0.0 0.0 0.0 0.0 0.0 0.0 0.0 0.0 0.0 0.0 0.0 0.0 0.0 0.0 0.0 0.0 0.0 0.0 0.0 0.0 0.0
6.4 5.2 4.2 3.4 2.7 2.1 1.6 1.2 0.8 0.5 0.2 0.0 0.0 0.0 0.0 0.0 0.0 0.0 0.0 0.0 0.0 0.2 0.6 1.2 1.8 2.4 2.8 3.2 3.5 3.7 3.9 4.0 4.1 4.1 4.1 4.1 4.1 4.1 4.0 4.0 3.9 3.8 3.8 3.7 3.6 3.5 3.4 3.4 3.3 3.2 3.1 3.0 2.6 2.2 1.9 1.6 1.3 1.1 0.9 0.7 0.6 0.5 0.4 0.3 0.2 0.2 0.1 0.1 0.1 0.1 0.1 0.0 0.0 0.0 0.0 0.0 0.0 0.0 0.0 0.0 0.0 0.0 0.0 0.0 0.0 0.0 0.0 0.0 0.0 0.0 0.0 0.0 0.0
5.8 4.8 3.9 3.1 2.4 1.9 1.5 1.1 0.8 0.5 0.3 0.1 0.0 0.0 0.0 0.0 0.0 0.0 0.0 0.0 0.3 0.8 1.4 2.0 2.6 3.1 3.5 3.8 4.1 4.3 4.4 4.5 4.6 4.6 4.6 4.6 4.6 4.5 4.5 4.4 4.4 4.3 4.2 4.1 4.0 3.9 3.8 3.8 3.7 3.6 3.5 3.2 2.8 2.3 2.0 1.6 1.3 1.1 0.9 0.7 0.6 0.5 0.4 0.3 0.2 0.2 0.1 0.1 0.1 0.1 0.1 0.0 0.0 0.0 0.0 0.0 0.0 0.0 0.0 0.0 0.0 0.0 0.0 0.0 0.0 0.0 0.0 0.0 0.0 0.0 0.0 0.0 0.0
5.3 4.6 3.8 3.0 2.3 1.8 1.4 1.1 0.8 0.6 0.4 0.2 0.1 0.0 0.0 0.0 0.0 0.1 0.3 0.6 1.2 1.8 2.4 2.9 3.4 3.8 4.2 4.5 4.7 4.9 5.0 5.1 5.2 5.2 5.2 5.2 5.1 5.1 5.0 5.0 4.9 4.8 4.7 4.6 4.5 4.4 4.3 4.2 4.1 4.0 3.8 3.4 2.9 2.4 2.0 1.7 1.4 1.2 0.9 0.8 0.6 0.5 0.4 0.3 0.2 0.2 0.2 0.1 0.1 0.1 0.1 0.0 0.0 0.0 0.0 0.0 0.0 0.0 0.0 0.0 0.0 0.0 0.0 0.0 0.0 0.0 0.0 0.0 0.0 0.0 0.0 0.0 0.0
4.9 4.4 3.8 3.2 2.5 1.9 1.5 1.1 0.9 0.7 0.5 0.4 0.4 0.3 0.3 0.4 0.5 0.7 1.2 1.7 2.3 2.8 3.4 3.9 4.3 4.7 5.0 5.2 5.4 5.6 5.7 5.8 5.8 5.8 5.8 5.8 5.7 5.7 5.6 5.5 5.5 5.4 5.3 5.2 5.1 4.9 4.8 4.7 4.6 4.5 4.1 3.6 3.0 2.6 2.1 1.8 1.5 1.2 1.0 0.8 0.6 0.5 0.4 0.3 0.3 0.2 0.2 0.1 0.1 0.1 0.1 0.0 0.0 0.0 0.0 0.0 0.0 0.0 0.0 0.0 0.0 0.0 0.0 0.0 0.0 0.0 0.0 0.0 0.0 0.0 0.0 0.0 0.0
4.6 4.2 3.8 3.4 2.9 2.4 1.9 1.5 1.2 1.0 0.8 0.8 0.8 0.8 0.9 1.2 1.5 1.9 2.4 2.9 3.4 3.9 4.4 4.8 5.2 5.5 5.8 6.0 6.2 6.3 6.4 6.5 6.5 6.5 6.5 6.5 6.4 6.4 6.3 6.2 6.1 6.0 5.9 5.8 5.7 5.5 5.4 5.3 5.2 5.0 4.5 3.8 3.2 2.7 2.3 1.9 1.5 1.3 1.0 0.8 0.7 0.5 0.4 0.3 0.3 0.2 0.2 0.1 0.1 0.1 0.1 0.0 0.0 0.0 0.0 0.0 0.0 0.0 0.0 0.0 0.0 0.0 0.0 0.0 0.0 0.0 0.0 0.0 0.0 0.0 0.0 0.0 0.0
4.3 4.1 3.8 3.5 3.2 2.9 2.5 2.2 2.0 1.8 1.7 1.7 1.7 1.8 2.1 2.4 2.7 3.1 3.6 4.1 4.5 5.0 5.4 5.8 6.1 6.4 6.7 6.9 7.0 7.2 7.2 7.3 7.3 7.3 7.3 7.2 7.2 7.1 7.0 6.9 6.8 6.7 6.6 6.5 6.3 6.2 6.1 5.9 5.8 5.5 4.8 4.0 3.4 2.9 2.4 2.0 1.6 1.3 1.1 0.9 0.7 0.6 0.4 0.3 0.3 0.2 0.2 0.1 0.1 0.1 0.1 0.0 0.0 0.0 0.0 0.0 0.0 0.0 0.0 0.0 0.0 0.0 0.0 0.0 0.0 0.0 0.0 0.0 0.0 0.0 0.0 0.0 0.0
4.1 4.0 3.8 3.7 3.5 3.3 3.0 2.9 2.7 2.6 2.6 2.7 2.8 3.0 3.2 3.5 3.9 4.3 4.7 5.2 5.6 6.0 6.4 6.8 7.1 7.4 7.6 7.8 7.9 8.0 8.1 8.1 8.1 8.1 8.1 8.0 7.9 7.9 7.8 7.7 7.6 7.4 7.3 7.2 7.0 6.9 6.8 6.6 6.4 5.9 5.1 4.3 3.6 3.0 2.5 2.1 1.7 1.4 1.1 0.9 0.7 0.6 0.5 0.4 0.3 0.2 0.2 0.1 0.1 0.1 0.1 0.0 0.0 0.0 0.0 0.0 0.0 0.0 0.0 0.0 0.0 0.0 0.0 0.0 0.0 0.0 0.0 0.0 0.0 0.0 0.0 0.0 0.0
3.8 3.8 3.8 3.7 3.7 3.6 3.5 3.4 3.4 3.4 3.4 3.5 3.7 3.9 4.2 4.6 4.9 5.3 5.8 6.2 6.6 7.1 7.4 7.8 8.1 8.4 8.6 8.7 8.9 9.0 9.0 9.0 9.0 8.9 8.9 8.8 8.7 8.6 8.5 8.4 8.3 8.2 8.1 7.9 7.8 7.6 7.5 7.3 7.1 6.3 5.4 4.6 3.8 3.2 2.7 2.2 1.8 1.5 1.2 1.0 0.8 0.6 0.5 0.4 0.3 0.2 0.2 0.1 0.1 0.1 0.1 0.0 0.0 0.0 0.0 0.0 0.0 0.0 0.0 0.0 0.0 0.0 0.0 0.0 0.0 0.0 0.0 0.0 0.0 0.0 0.0 0.0 0.0
3.6 3.7 3.7 3.8 3.8 3.8 3.8 3.8 3.9 4.0 4.1 4.3 4.6 4.8 5.2 5.5 5.9 6.4 6.8 7.2 7.7 8.1 8.5 8.8 9.1 9.4 9.6 9.7 9.8 9.9 9.9 9.9 9.9 9.8 9.7 9.6 9.5 9.4 9.3 9.2 9.1 8.9 8.8 8.7 8.5 8.4 8.2 8.0 7.7 6.7 5.7 4.8 4.1 3.4 2.8 2.3 1.9 1.5 1.3 1.0 0.8 0.6 0.5 0.4 0.3 0.2 0.2 0.1 0.1 0.1 0.1 0.0 0.0 0.0 0.0 0.0 0.0 0.0 0.0 0.0 0.0 0.0 0.0 0.0 0.0 0.0 0.0 0.0 0.0 0.0 0.0 0.0 0.0
3.4 3.5 3.6 3.7 3.8 3.9 4.1 4.2 4.4 4.5 4.8 5.0 5.3 5.6 6.0 6.4 6.9 7.3 7.8 8.2 8.7 9.1 9.5 9.8 10.1 10.4 10.6 10.7 10.8 10.9 10.9 10.8 10.7 10.6 10.5 10.4 10.3 10.2 10.1 9.9 9.8 9.7 9.5 9.4 9.3 9.1 9.0 8.7 8.2 7.1 6.1 5.1 4.3 3.6 3.0 2.5 2.0 1.6 1.3 1.1 0.8 0.7 0.5 0.4 0.3 0.2 0.2 0.1 0.1 0.1 0.1 0.0 0.0 0.0 0.0 0.0 0.0 0.0 0.0 0.0 0.0 0.0 0.0 0.0 0.0 0.0 0.0 0.0 0.0 0.0 0.0 0.0 0.0
3.2 3.4 3.5 3.7 3.9 4.1 4.3 4.5 4.7 5.0 5.3 5.6 6.0 6.4 6.8 7.2 7.7 8.2 8.7 9.2 9.6 10.0 10.3 10.7 10.9 11.2 11.4 11.6 11.7 11.8 11.8 11.7 11.6 11.5 11.3 11.2 11.1 10.9 10.8 10.7 10.5 10.4 10.2 10.1 10.0 9.8 9.7 9.4 8.7 7.5 6.4 5.4 4.5 3.8 3.1 2.6 2.1 1.7 1.4 1.1 0.9 0.7 0.6 0.4 0.3 0.3 0.2 0.2 0.1 0.1 0.1 0.0 0.0 0.0 0.0 0.0 0.0 0.0 0.0 0.0 0.0 0.0 0.0 0.0 0.0 0.0 0.0 0.0 0.0 0.0 0.0 0.0 0.0
3.0 3.2 3.4 3.7 3.9 4.2 4.4 4.7 5.1 5.4 5.8 6.2 6.6 7.0 7.5 8.0 8.5 9.1 9.6 9.9 10.3 10.7 11.0 11.3 11.6 11.8 12.0 12.2 12.4 12.5 12.6 12.6 12.4 12.3 12.1 11.9 11.8 11.6 11.5 11.3 11.2 11.0 10.9 10.8 10.6 10.5 10.3 10.0 9.2 7.9 6.7 5.7 4.8 4.0 3.3 2.7 2.2 1.8 1.5 1.2 0.9 0.7 0.6 0.5 0.4 0.3 0.2 0.2 0.1 0.1 0.1 0.1 0.0 0.0 0.0 0.0 0.0 0.0 0.0 0.0 0.0 0.0 0.0 0.0 0.0 0.0 0.0 0.0 0.0 0.0 0.0 0.0 0.0
2.8 3.0 3.3 3.6 3.9 4.2 4.6 5.0 5.3 5.7 6.2 6.7 7.1 7.6 8.2 8.7 9.3 9.7 10.2 10.5 10.9 11.2 11.5 11.8 12.1 12.3 12.6 12.7 12.9 13.1 13.2 13.2 13.2 13.0 12.8 12.6 12.4 12.2 12.1 11.9 11.8 11.6 11.5 11.3 11.2 11.0 10.9 10.6 9.7 8.3 7.1 6.0 5.0 4.2 3.5 2.8 2.3 1.9 1.5 1.2 1.0 0.8 0.6 0.5 0.4 0.3 0.2 0.2 0.1 0.1 0.1 0.1 0.0 0.0 0.0 0.0 0.0 0.0 0.0 0.0 0.0 0.0 0.0 0.0 0.0 0.0 0.0 0.0 0.0 0.0 0.0 0.0 0.0
2.6 2.9 3.2 3.5 3.9 4.3 4.7 5.1 5.6 6.0 6.5 7.1 7.6 8.2 8.8 9.3 9.8 10.2 10.6 11.0 11.3 11.7 12.0 12.3 12.5 12.8 13.0 13.2 13.4 13.5 13.6 13.7 13.7 13.6 13.4 13.2 13.0 12.8 12.6 12.4 12.3 12.1 12.0 11.8 11.7 11.6 11.4 11.1 10.1 8.7 7.4 6.2 5.2 4.3 3.6 3.0 2.4 2.0 1.6 1.3 1.0 0.8 0.6 0.5 0.4 0.3 0.2 0.2 0.1 0.1 0.1 0.1 0.0 0.0 0.0 0.0 0.0 0.0 0.0 0.0 0.0 0.0 0.0 0.0 0.0 0.0 0.0 0.0 0.0 0.0 0.0 0.0 0.0
2.4 2.7 3.1 3.5 3.9 4.3 4.8 5.3 5.8 6.3 6.9 7.4 8.0 8.6 9.3 9.8 10.2 10.6 11.0 11.4 11.7 12.0 12.3 12.6 12.9 13.1 13.4 13.6 13.8 13.9 14.0 14.1 14.1 14.0 13.9 13.7 13.5 13.3 13.1 12.9 12.7 12.6 12.4 12.3 12.1 12.0 11.8 11.6 10.5 9.0 7.7 6.5 5.4 4.5 3.7 3.1 2.5 2.0 1.6 1.3 1.0 0.8 0.6 0.5 0.4 0.3 0.2 0.2 0.1 0.1 0.1 0.1 0.0 0.0 0.0 0.0 0.0 0.0 0.0 0.0 0.0 0.0 0.0 0.0 0.0 0.0 0.0 0.0 0.0 0.0 0.0 0.0 0.0
2.3 2.6 3.0 3.4 3.9 4.4 4.8 5.4 5.9 6.5 7.1 7.7 8.4 9.0 9.6 10.1 10.5 10.9 11.3 11.7 12.0 12.3 12.6 12.9 13.2 13.4 13.7 13.9 14.1 14.2 14.4 14.4 14.4 14.4 14.3 14.2 14.0 13.7 13.5 13.3 13.1 12.9 12.7 12.6 12.5 12.3 12.2 11.9 10.8 9.3 7.9 6.7 5.6 4.7 3.8 3.2 2.6 2.1 1.7 1.3 1.1 0.8 0.7 0.5 0.4 0.3 0.2 0.2 0.1 0.1 0.1 0.1 0.0 0.0 0.0 0.0 0.0 0.0 0.0 0.0 0.0 0.0 0.0 0.0 0.0 0.0 0.0 0.0 0.0 0.0 0.0 0.0 0.0
2.1 2.5 2.9 3.3 3.8 4.3 4.9 5.5 6.1 6.7 7.3 8.0 8.7 9.3 9.9 10.3 10.7 11.1 11.5 11.9 12.2 12.5 12.8 13.1 13.4 13.6 13.9 14.1 14.3 14.6 14.7 14.8 14.8 14.7 14.7 14.6 14.4 14.1 13.8 13.6 13.4 13.2 13.0 12.9 12.7 12.6 12.5 12.2 11.1 9.6 8.1 6.8 5.7 4.8 3.9 3.2 2.6 2.1 1.7 1.4 1.1 0.9 0.7 0.5 0.4 0.3 0.2 0.2 0.1 0.1 0.1 0.1 0.0 0.0 0.0 0.0 0.0 0.0 0.0 0.0 0.0 0.0 0.0 0.0 0.0 0.0 0.0 0.0 0.0 0.0 0.0 0.0 0.0
2.0 2.4 2.8 3.3 3.8 4.3 4.9 5.5 6.1 6.8 7.5 8.2 8.9 9.5 10.0 10.5 10.9 11.3 11.6 12.0 12.3 12.6 12.9 13.2 13.5 13.8 14.0 14.2 14.5 14.7 14.9 15.0 15.1 15.1 15.0 14.9 14.7 14.4 14.1 13.8 13.6 13.4 13.2 13.0 12.9 12.8 12.6 12.4 11.3 9.8 8.3 7.0 5.8 4.9 4.0 3.3 2.7 2.2 1.8 1.4 1.1 0.9 0.7 0.5 0.4 0.3 0.2 0.2 0.1 0.1 0.1 0.1 0.0 0.0 0.0 0.0 0.0 0.0 0.0 0.0 0.0 0.0 0.0 0.0 0.0 0.0 0.0 0.0 0.0 0.0 0.0 0.0 0.0
1.9 2.3 2.7 3.2 3.7 4.2 4.9 5.5 6.1 6.8 7.5 8.3 9.0 9.6 10.1 10.5 11.0 11.3 11.7 12.1 12.4 12.7 13.0 13.3 13.5 13.8 14.0 14.3 14.6 14.8 15.0 15.3 15.4 15.3 15.2 15.1 14.9 14.6 14.2 13.9 13.7 13.5 13.3 13.2 13.0 12.9 12.8 12.5 11.5 9.9 8.4 7.1 5.9 4.9 4.1 3.3 2.7 2.2 1.8 1.4 1.1 0.9 0.7 0.5 0.4 0.3 0.2 0.2 0.1 0.1 0.1 0.1 0.0 0.0 0.0 0.0 0.0 0.0 0.0 0.0 0.0 0.0 0.0 0.0 0.0 0.0 0.0 0.0 0.0 0.0 0.0 0.0 0.0
1.8 2.1 2.6 3.1 3.6 4.2 4.8 5.4 6.1 6.8 7.6 8.3 9.1 9.6 10.1 10.5 11.0 11.3 11.7 12.0 12.4 12.7 12.9 13.2 13.5 13.8 14.0 14.3 14.6 14.8 15.1 15.3 15.5 15.3 15.2 15.1 15.0 14.7 14.3 14.0 13.7 13.5 13.3 13.2 13.0 12.9 12.8 12.5 11.6 10.0 8.5 7.1 6.0 5.0 4.1 3.4 2.8 2.2 1.8 1.4 1.1 0.9 0.7 0.6 0.4 0.3 0.3 0.2 0.1 0.1 0.1 0.1 0.0 0.0 0.0 0.0 0.0 0.0 0.0 0.0 0.0 0.0 0.0 0.0 0.0 0.0 0.0 0.0 0.0 0.0 0.0 0.0 0.0
1.7 2.0 2.5 3.0 3.5 4.1 4.7 5.4 6.0 6.8 7.5 8.3 9.0 9.6 10.1 10.5 10.9 11.3 11.6 12.0 12.3 12.6 12.8 13.1 13.4 13.7 13.9 14.2 14.5 14.7 15.0 15.2 15.2 15.2 15.1 15.0 14.9 14.7 14.3 14.0 13.7 13.5 13.3 13.1 13.0 12.9 12.7 12.5 11.6 10.0 8.5 7.1 6.0 5.0 4.1 3.4 2.8 2.2 1.8 1.4 1.1 0.9 0.7 0.6 0.4 0.3 0.3 0.2 0.1 0.1 0.1 0.1 0.0 0.0 0.0 0.0 0.0 0.0 0.0 0.0 0.0 0.0 0.0 0.0 0.0 0.0 0.0 0.0 0.0 0.0 0.0 0.0 0.0
1.6 1.9 2.3 2.8 3.3 3.9 4.5 5.2 5.9 6.7 7.4 8.2 8.9 9.4 9.9 10.4 10.8 11.2 11.5 11.8 12.1 12.4 12.6 12.9 13.2 13.5 13.8 14.1 14.2 14.5 14.7 14.8 14.9 14.9 14.9 14.9 14.8 14.5 14.2 13.9 13.6 13.4 13.2 13.0 12.9 12.8 12.6 12.4 11.5 9.9 8.4 7.1 5.9 4.9 4.1 3.4 2.7 2.2 1.8 1.4 1.1 0.9 0.7 0.5 0.4 0.3 0.3 0.2 0.1 0.1 0.1 0.1 0.0 0.0 0.0 0.0 0.0 0.0 0.0 0.0 0.0 0.0 0.0 0.0 0.0 0.0 0.0 0.0 0.0 0.0 0.0 0.0 0.0
1.5 1.8 2.2 2.7 3.2 3.8 4.4 5.0 5.7 6.5 7.2 8.0 8.7 9.3 9.7 10.2 10.6 11.0 11.3 11.6 11.9 12.2 12.4 12.7 12.9 13.2 13.6 13.8 14.0 14.3 14.4 14.5 14.6 14.6 14.6 14.6 14.5 14.3 14.0 13.7 13.4 13.2 13.0 12.8 12.7 12.6 12.5 12.2 11.3 9.8 8.3 7.0 5.9 4.9 4.0 3.3 2.7 2.2 1.8 1.4 1.1 0.9 0.7 0.5 0.4 0.3 0.2 0.2 0.1 0.1 0.1 0.1 0.0 0.0 0.0 0.0 0.0 0.0 0.0 0.0 0.0 0.0 0.0 0.0 0.0 0.0 0.0 0.0 0.0 0.0 0.0 0.0 0.0
1.4 1.7 2.1 2.5 3.0 3.6 4.2 4.8 5.5 6.2 7.0 7.8 8.5 9.1 9.5 10.0 10.4 10.7 11.1 11.4 11.7 11.9 12.2 12.4 12.7 12.9 13.3 13.6 13.7 14.0 14.0 14.1 14.2 14.3 14.3 14.3 14.2 14.0 13.7 13.4 13.1 12.9 12.7 12.6 12.4 12.3 12.2 12.0 11.1 9.6 8.2 6.9 5.8 4.8 4.0 3.2 2.7 2.1 1.7 1.4 1.1 0.9 0.7 0.5 0.4 0.3 0.2 0.2 0.1 0.1 0.1 0.1 0.0 0.0 0.0 0.0 0.0 0.0 0.0 0.0 0.0 0.0 0.0 0.0 0.0 0.0 0.0 0.0 0.0 0.0 0.0 0.0 0.0
